All_lidar/sz5592_DSM_2M.asc
ncols 500
nrows 500
xllcorner    455000
yllcorner    92000
cellsize     2
NODATA_value -9999
[rows 416 to 447 of 500, columns 216 to 287 of 500]
20.768 20.868 27.048 25.938 24.196 23.538 23.846 23.956 24.513 24.393 24.491 31.641 30.363 32.691 25.501 25.186 30.926 28.518 28.266 26.388 28.228 29.736 26.683 26.326 27.568 26.411 27.363 36.623 32.283 26.973 27.143 27.506 27.826 29.421 31.498 30.171 32.868 39.053 34.088 29.198 29.628 29.588 29.158 30.348 29.441 29.493 29.696 30.471 31.898 31.071 30.213 31.198 30.523 30.621 30.733 30.868 30.941 31.048 31.218 31.321 31.373 31.536 31.636 31.756 31.821 31.953 32.091 32.141 32.238 32.303 32.361 32.476
22.816 22.998 23.151 25.188 29.173 26.751 28.931 28.618 29.456 24.686 24.361 23.793 24.151 25.526 24.278 26.841 29.143 26.231 33.038 32.761 28.863 27.951 25.831 26.111 26.993 30.086 27.988 27.453 27.011 27.838 27.321 27.721 29.573 27.851 28.378 28.048 28.336 36.706 30.841 28.453 28.623 28.803 28.966 29.131 29.278 29.508 29.678 29.846 30.018 30.086 30.253 30.421 30.553 30.671 30.783 30.923 31.008 31.148 31.278 31.353 31.438 31.573 31.638 31.773 31.831 31.908 31.996 32.103 32.226 32.316 32.473 32.848
26.131 21.516 23.188 25.698 30.998 31.336 29.091 29.176 27.268 23.333 23.563 23.881 23.841 24.076 24.416 24.478 26.273 25.061 26.206 26.168 25.558 25.741 26.308 25.708 27.893 27.023 27.228 27.686 26.826 26.943 26.973 27.003 27.136 27.291 27.543 27.826 30.483 28.548 28.181 28.448 28.636 28.841 29.026 29.233 29.398 29.566 29.703 29.908 30.036 30.156 30.321 30.488 30.621 30.728 30.858 30.986 31.061 31.183 31.358 31.428 31.498 31.571 31.713 31.911 31.973 32.013 32.083 32.183 32.381 32.703 32.996 33.398
27.478 24.523 21.758 21.741 24.283 25.173 24.391 23.776 24.853 22.848 22.988 23.131 23.323 23.508 23.663 23.903 24.076 24.218 24.483 24.681 24.796 24.983 25.201 25.336 26.276 25.718 25.881 26.161 26.323 26.501 26.728 26.943 27.128 27.298 27.521 27.713 27.891 28.086 28.286 28.446 28.711 28.891 29.108 29.296 29.456 29.608 29.776 29.953 30.111 30.251 30.411 30.533 30.688 30.783 30.893 31.021 31.083 31.193 31.328 31.428 31.491 31.666 31.796 32.008 32.088 32.168 32.141 32.201 32.418 32.836 32.858 32.918
30.931 29.906 24.341 21.576 21.748 22.356 25.243 26.641 25.631 22.786 22.971 23.103 23.283 23.468 23.696 23.878 24.061 24.246 24.471 24.656 24.838 25.031 25.208 25.383 25.586 25.806 26.021 26.201 26.473 26.641 26.811 26.973 27.203 27.391 27.611 27.746 27.993 28.171 28.371 28.596 28.788 28.983 29.161 29.323 29.523 29.666 29.836 30.003 30.161 30.301 30.458 30.548 30.703 30.811 30.888 30.983 31.078 31.156 31.316 31.466 31.611 31.771 31.938 32.318 32.231 32.343 32.158 32.166 32.308 32.643 32.783 32.991
28.433 26.808 21.413 21.643 21.788 22.018 22.168 22.401 22.603 22.798 23.006 23.183 23.361 23.561 23.768 23.931 24.151 24.396 24.558 24.751 24.918 25.093 25.283 25.523 25.688 25.908 26.101 26.298 26.481 26.663 26.866 27.081 27.278 27.493 27.698 27.851 28.091 28.291 28.491 28.633 28.821 29.066 29.173 29.381 29.566 29.721 29.896 30.033 30.171 30.296 30.433 30.563 30.671 30.781 30.903 30.996 31.128 31.348 31.723 31.568 31.878 32.116 32.736 32.348 32.961 32.811 32.156 32.106 32.276 32.553 33.501 33.783
21.183 21.346 21.551 21.741 21.898 22.106 22.266 22.498 22.696 22.888 23.101 23.268 23.473 23.648 23.816 24.036 24.221 24.423 24.588 24.803 24.988 25.163 25.368 25.588 25.763 25.948 26.121 26.333 26.541 26.728 26.948 27.131 27.331 27.553 27.731 27.913 28.128 28.283 28.516 28.728 28.931 29.106 29.286 29.481 29.618 29.811 29.971 30.101 30.276 30.378 30.533 30.678 30.773 31.001 31.023 31.153 31.393 32.943 32.551 31.793 31.861 32.011 31.871 32.008 33.228 32.896 32.163 32.166 34.638 32.593 34.716 34.546
21.243 21.436 21.623 21.858 21.998 22.158 22.373 22.573 22.741 22.953 23.156 23.351 23.538 23.738 23.893 24.113 24.301 24.476 24.643 24.878 25.028 25.246 25.441 25.661 25.831 26.023 26.196 26.423 26.626 26.836 27.006 27.233 27.418 27.626 27.833 28.041 28.231 28.368 28.586 28.791 28.948 29.013 29.068 29.193 29.396 29.683 29.958 30.141 30.286 30.456 30.903 31.388 31.513 32.233 31.798 31.443 31.663 31.703 31.611 31.518 31.456 31.526 31.531 31.701 32.161 32.483 32.333 32.878 33.911 32.983 33.411 33.616
21.328 21.473 21.673 21.891 22.031 22.251 22.436 22.588 22.791 23.056 23.221 23.481 23.636 23.811 24.043 24.218 24.438 24.573 24.736 24.966 25.188 25.423 25.541 25.778 25.978 26.188 26.351 26.561 26.738 26.931 27.061 27.228 27.361 27.566 27.748 27.896 28.128 28.271 28.826 29.283 29.103 29.108 29.308 29.288 30.208 29.736 30.266 30.781 30.506 30.753 31.643 32.803 33.221 31.553 31.321 31.263 31.351 31.406 31.348 31.333 31.198 31.403 31.628 31.491 32.208 32.503 32.346 32.473 35.931 35.286 33.328 32.771
21.396 21.618 21.806 21.971 22.123 22.351 22.553 22.806 22.966 23.171 23.371 23.561 23.746 23.913 24.083 24.291 24.471 24.628 24.798 25.001 25.218 25.376 25.531 25.736 26.133 26.346 28.178 26.493 27.206 27.833 27.173 27.243 27.608 27.823 28.016 28.366 28.968 28.818 30.181 30.098 29.841 29.523 29.543 29.641 30.261 32.513 30.023 30.446 30.121 30.351 30.598 30.778 30.871 30.848 31.031 31.098 32.168 31.523 31.108 31.171 31.066 31.328 31.376 31.493 33.148 33.571 33.181 34.228 33.351 33.926 35.603 33.396
22.338 23.271 23.336 22.616 23.623 24.263 23.981 23.976 23.981 24.258 23.666 24.431 24.023 24.533 25.196 24.946 25.311 25.691 27.388 26.416 26.988 26.441 27.678 26.586 26.616 26.888 28.583 28.281 28.641 28.441 27.381 27.561 27.726 28.418 30.483 29.918 31.321 28.726 28.833 28.883 29.113 29.273 30.218 29.556 29.473 33.903 31.363 30.088 30.048 30.293 30.353 30.488 30.628 30.778 30.901 30.928 31.423 31.161 31.273 31.086 31.091 31.193 31.613 35.813 35.141 36.923 34.838 35.766 34.056 35.336 36.301 34.071
22.363 22.521 23.513 23.396 25.303 23.686 24.058 23.766 24.011 24.298 24.151 24.488 24.023 24.741 24.348 24.743 25.798 26.798 27.313 25.276 25.418 25.936 26.393 26.931 26.426 26.431 26.556 27.271 27.023 27.281 27.263 27.366 27.876 28.076 29.611 32.878 28.586 28.283 28.443 28.746 28.793 28.911 29.073 29.256 29.313 29.938 31.063 30.748 29.968 30.163 30.473 30.666 30.706 30.791 30.896 31.126 31.116 31.166 32.031 33.081 33.366 36.271 34.773 41.398 43.646 34.001 34.286 36.616 34.416 33.211 34.546 33.158
24.196 21.321 21.551 21.666 21.858 21.983 22.306 22.356 22.663 22.636 22.711 23.043 23.241 23.401 23.628 23.833 24.208 28.536 30.881 24.703 24.958 25.476 25.701 26.918 26.091 26.353 26.463 26.533 26.823 26.953 26.946 27.621 27.896 30.018 27.611 27.823 29.168 28.353 28.556 28.928 28.823 28.938 29.088 29.166 29.253 29.511 29.728 29.808 29.943 30.121 30.341 30.546 30.806 30.911 30.966 32.978 31.871 31.253 31.341 31.246 36.698 37.433 32.203 33.666 32.633 32.311 36.588 38.558 37.518 33.893 34.098 33.256
21.593 20.611 20.676 20.893 21.076 21.208 21.473 21.648 21.886 22.113 22.366 22.506 22.676 22.908 23.076 23.296 23.761 28.411 33.101 25.456 24.501 24.918 25.093 25.371 25.558 25.843 26.053 26.226 26.433 26.998 27.088 28.098 28.041 28.168 27.706 27.813 28.331 28.311 28.441 28.598 28.861 29.006 29.088 29.248 29.328 29.591 29.811 29.871 29.976 30.366 30.828 31.798 31.086 30.808 31.461 33.726 32.246 32.321 31.146 34.076 39.696 34.581 31.188 31.293 31.331 31.666 33.273 34.558 34.493 32.993 32.731 33.461
20.841 20.388 20.576 20.881 20.971 21.001 21.313 21.548 21.778 22.023 22.223 22.338 22.603 22.738 22.963 23.276 23.523 30.506 32.656 25.486 24.808 24.643 25.006 25.111 25.308 25.486 25.678 26.006 26.241 26.781 27.511 27.418 27.668 27.856 27.593 27.736 28.098 28.456 28.461 28.716 29.028 29.123 29.278 29.288 29.371 29.633 29.793 29.888 30.861 31.571 30.886 30.678 32.611 32.061 30.868 31.641 31.368 31.311 31.351 31.226 32.961 31.071 31.351 31.593 31.496 31.528 33.888 33.148 32.678 32.548 32.743 34.538
19.918 20.043 20.371 20.543 20.716 20.898 21.201 21.343 21.448 21.736 21.873 22.113 22.486 22.768 23.066 23.353 23.506 23.623 23.941 24.341 24.798 24.873 25.063 25.181 25.481 25.611 25.773 26.048 26.528 30.431 27.073 27.673 27.543 27.516 27.543 27.786 28.118 28.961 28.636 28.803 29.091 29.116 29.291 29.326 29.443 29.761 29.806 29.983 36.623 34.391 31.236 30.276 32.593 31.853 31.136 32.123 32.101 31.268 31.366 32.098 31.056 31.091 31.343 31.751 31.406 31.453 32.331 32.471 32.978 32.511 32.116 33.038
19.598 19.788 20.023 20.313 20.483 20.726 20.948 21.103 21.396 21.448 21.746 22.106 22.403 22.771 23.043 23.188 23.448 23.621 23.963 24.158 24.513 24.836 24.936 25.138 25.593 25.848 25.753 26.101 30.278 30.128 26.906 27.156 27.443 27.311 27.516 27.871 28.043 28.283 28.476 28.718 29.288 29.196 29.273 29.313 29.518 29.828 29.818 30.168 37.506 38.826 33.533 30.088 30.023 30.166 30.501 31.241 31.546 31.271 31.311 31.421 31.006 30.983 31.123 31.163 31.311 31.418 31.728 32.186 32.311 32.848 32.126 32.466
19.191 19.406 19.688 19.881 20.171 20.468 20.923 21.068 21.218 21.491 21.731 21.986 22.338 22.686 22.933 23.203 23.493 23.826 23.913 24.166 24.421 24.676 25.023 25.088 25.468 25.593 25.773 26.093 26.333 28.233 27.096 27.338 27.136 27.316 27.601 27.803 27.998 28.208 28.376 28.596 29.021 29.026 29.138 29.488 29.708 29.748 29.776 30.828 36.486 39.466 32.538 29.978 29.888 30.036 30.051 30.128 30.691 31.251 31.453 31.448 31.148 31.101 31.166 31.173 31.276 31.701 31.476 31.713 31.941 32.121 32.551 32.173
19.051 19.241 19.546 19.878 20.356 20.521 20.798 21.101 21.251 21.448 21.793 22.073 22.271 22.593 22.958 23.166 23.598 23.886 23.976 24.133 24.383 24.701 24.886 25.128 25.446 25.623 26.776 26.411 26.318 26.648 27.036 27.111 27.196 27.378 27.586 27.818 27.998 28.181 28.388 28.661 28.853 29.126 29.256 29.598 29.741 29.788 29.813 30.026 32.186 31.756 30.083 29.836 29.836 29.936 29.976 30.023 30.271 31.011 31.423 31.441 31.266 31.253 34.566 35.171 31.318 32.103 31.588 31.746 32.068 32.383 32.828 32.148
19.061 19.378 19.661 19.956 20.373 20.618 20.908 21.071 21.608 21.531 21.961 22.103 22.238 22.531 22.848 23.066 23.448 23.578 23.838 24.176 24.461 24.758 24.968 25.171 25.428 25.628 25.936 26.396 26.438 26.693 26.843 27.053 27.216 27.366 27.601 27.836 28.071 28.293 28.988 28.796 29.313 29.273 29.418 29.951 30.038 29.851 29.893 29.958 30.191 30.983 30.103 29.738 29.741 29.786 29.873 29.916 30.046 30.573 30.943 31.253 31.228 31.361 31.238 32.971 31.278 31.383 31.541 32.398 32.231 31.943 32.181 32.431
19.026 19.426 19.696 20.078 20.586 20.681 20.963 21.171 21.533 21.566 21.808 22.473 22.616 23.098 22.848 23.176 23.681 23.773 24.261 24.166 24.521 24.673 25.016 25.103 25.398 25.671 26.093 26.396 26.346 26.541 26.778 27.003 27.163 27.356 27.666 27.978 28.206 28.363 28.566 29.193 29.073 29.203 29.393 31.173 30.928 30.078 30.268 30.053 30.256 30.363 30.021 29.723 29.666 29.741 29.801 29.833 29.951 30.353 30.613 31.238 31.656 31.663 31.193 30.943 31.201 31.423 31.733 31.786 31.526 31.821 32.196 32.578
18.901 19.291 19.786 20.256 20.306 20.608 20.878 21.238 21.326 21.593 21.856 23.423 22.598 23.166 22.913 23.166 23.336 23.866 24.661 24.058 24.328 24.793 25.026 25.238 26.253 25.651 25.896 26.298 26.343 26.568 26.816 27.006 27.323 27.461 27.691 27.986 28.123 28.421 28.688 28.873 28.986 29.176 29.613 30.248 30.078 30.216 30.196 30.191 30.531 30.778 30.026 29.748 29.676 29.683 29.738 29.798 29.906 30.506 30.543 31.281 31.703 31.666 30.966 30.981 31.086 31.671 31.306 31.236 31.521 31.888 32.293 32.481
18.928 19.436 20.441 20.293 20.348 20.596 20.986 21.716 21.603 21.611 21.951 22.696 22.608 22.653 22.913 23.098 23.536 23.756 23.963 24.051 24.243 25.031 25.188 25.916 25.941 25.946 25.891 26.138 26.391 26.796 26.801 27.001 27.391 27.703 27.671 27.913 28.058 28.406 28.886 28.936 29.116 29.271 29.751 30.061 30.108 31.383 32.361 30.293 30.486 30.661 30.186 29.753 29.683 29.641 29.736 29.791 29.996 30.673 30.593 30.608 31.508 31.596 31.073 30.976 31.006 31.116 31.156 31.503 31.748 31.993 32.228 32.386
18.953 19.581 19.936 20.358 20.346 20.588 20.891 21.198 21.878 22.048 22.706 22.403 22.883 22.708 22.841 23.138 23.851 24.321 24.531 24.258 24.331 24.566 24.961 25.303 25.461 25.793 25.873 26.198 26.528 27.783 26.831 26.948 27.163 27.483 27.783 27.873 28.126 28.251 28.506 28.876 29.103 29.298 30.223 30.331 30.161 34.876 36.428 30.413 30.423 30.693 30.728 29.946 29.696 29.671 29.771 29.923 30.168 30.626 30.841 30.648 31.243 31.648 31.118 30.961 30.993 31.063 31.436 32.486 31.958 32.063 32.391 32.586
19.003 20.283 20.708 20.748 20.701 20.721 20.938 21.233 22.068 23.158 21.993 22.078 22.278 22.916 23.173 23.058 23.346 24.831 25.021 24.403 24.346 24.568 24.951 25.121 25.441 25.851 25.886 26.113 26.293 26.516 26.798 27.018 27.226 27.468 27.683 27.926 28.031 28.438 28.526 28.926 29.221 29.543 30.036 30.761 33.583 30.731 30.513 30.448 30.433 30.508 30.963 32.621 29.928 29.713 29.856 30.046 30.271 30.551 30.716 30.808 30.913 31.026 30.921 31.098 31.211 31.248 31.873 33.088 32.116 32.106 32.476 32.663
19.596 19.413 20.163 20.096 21.128 21.423 21.273 21.351 22.618 22.123 21.876 22.101 22.321 23.483 23.978 23.441 23.518 23.493 24.046 24.188 24.218 24.693 24.951 25.191 25.348 25.951 26.293 26.118 26.323 26.593 26.838 27.071 27.228 27.446 27.641 28.321 28.168 28.528 28.626 28.731 28.991 29.418 35.723 44.241 38.836 30.976 30.693 30.601 30.413 30.476 30.971 33.533 32.928 29.828 29.938 30.071 30.398 30.448 30.563 30.621 30.638 30.713 30.943 31.186 31.406 31.646 31.826 31.901 31.951 32.678 34.193 32.708
20.373 19.598 19.611 20.566 20.321 21.443 21.433 21.548 23.281 22.093 21.841 22.186 22.633 23.041 24.676 27.023 24.183 24.381 23.961 24.006 24.226 24.488 25.991 26.806 25.336 25.666 27.343 26.181 26.438 26.683 26.993 27.753 27.196 27.391 27.593 27.841 28.216 28.493 28.776 30.241 29.346 30.121 36.813 43.726 37.273 37.708 34.411 30.673 30.506 30.343 30.371 30.148 30.026 29.961 30.018 30.038 30.201 30.336 31.046 31.481 30.783 30.873 31.063 31.273 31.451 31.681 31.776 31.928 32.088 32.921 32.693 32.683
20.966 19.706 19.558 19.921 20.161 22.191 21.783 21.393 22.268 22.043 21.943 22.913 22.666 22.616 25.246 26.713 24.768 25.481 23.776 23.956 24.231 24.611 29.391 31.736 25.281 25.881 26.023 25.968 26.231 26.433 26.688 27.136 27.048 27.283 27.541 27.746 28.011 28.393 28.933 29.308 29.808 29.961 34.153 31.891 34.363 38.066 31.073 30.523 30.556 30.303 30.206 30.061 29.958 29.926 30.021 29.976 30.101 30.808 31.618 32.233 31.368 31.208 32.136 31.561 31.626 31.696 31.903 32.106 32.236 32.478 32.551 32.718
20.473 20.193 19.798 20.153 20.071 20.648 21.698 21.056 21.281 21.428 21.898 23.088 22.561 22.503 23.198 23.501 23.186 24.036 24.021 24.241 24.151 29.646 28.288 27.838 26.913 26.306 25.788 26.081 26.211 26.498 26.658 26.863 27.031 27.186 27.518 27.718 28.033 28.311 28.853 29.183 29.526 29.726 29.881 31.451 34.153 30.073 30.076 30.213 30.291 30.248 30.236 30.083 29.936 29.911 29.941 29.973 30.556 31.283 31.763 32.083 31.846 31.398 34.743 34.941 32.063 31.913 32.016 32.118 32.216 32.423 32.446 34.656
20.628 20.673 20.311 19.773 20.353 20.513 20.798 20.896 21.291 21.473 21.726 21.966 22.586 22.646 22.753 22.953 23.861 23.568 23.616 23.731 24.083 24.893 24.568 25.051 26.048 25.501 25.771 25.998 26.206 26.523 26.936 26.761 27.031 27.166 27.398 27.643 28.013 28.556 28.966 29.116 29.446 29.508 29.563 29.871 29.733 29.741 29.921 30.128 30.321 32.038 30.278 30.181 29.853 29.823 29.978 30.561 31.361 31.686 31.803 32.113 32.026 31.396 33.258 34.851 31.721 31.863 32.073 32.211 32.261 32.426 35.946 32.621
20.861 20.938 20.591 20.326 21.058 20.271 20.713 20.883 21.311 21.488 21.638 21.923 22.133 22.426 22.691 22.863 23.286 23.136 23.478 23.738 23.938 24.211 25.163 24.773 25.013 25.448 25.681 25.883 26.241 26.311 26.681 26.663 26.796 27.181 27.501 27.723 28.373 28.683 28.958 29.026 29.318 29.316 29.428 29.533 29.638 29.771 29.948 30.176 30.596 32.628 32.828 30.876 30.218 30.296 30.621 31.368 32.178 32.798 33.223 37.788 33.546 31.653 31.331 33.408 34.443 32.993 32.251 32.223 32.251 32.383 32.793 32.813
21.023 21.056 21.533 20.408 19.906 20.198 20.443 20.773 21.191 21.303 21.533 24.823 26.168 22.476 22.548 23.023 22.911 23.098 23.473 23.698 23.878 24.151 24.553 24.721 24.898 25.318 25.548 25.691 25.958 26.171 26.738 26.673 26.833 27.121 27.528 27.918 29.331 28.941 28.833 28.773 29.136 29.483 29.531 29.513 29.628 29.801 29.948 30.233 31.123 36.201 33.556 30.481 30.771 31.136 31.138 32.788 32.453 32.103 32.891 32.636 32.196 31.983 31.893 36.413 37.253 32.336 32.116 32.163 32.588 32.846 32.581 32.736
