All_lidar/sz5588_DSM_2M.asc
ncols 500
nrows 500
xllcorner    455000
yllcorner    88000
cellsize     2
NODATA_value -9999
[rows 224 to 255 of 500, columns 360 to 431 of 500]
30.554 27.425 25.973 26.073 26.266 26.443 26.641 26.832 26.998 27.17 27.328 27.503 27.73 27.945 28.193 28.455 28.683 28.898 29.078 29.323 29.455 29.643 29.805 29.943 30.073 30.193 30.278 30.34 30.418 30.473 30.513 30.58 30.59 30.62 30.695 30.68 30.683 30.655 30.61 30.598 30.555 30.543 30.49 30.475 30.46 30.425 30.418 30.435 30.453 30.585 30.678 30.9 33.388 35.488 31.595 30.445 30.325 30.308 30.29 30.258 30.28 30.253 30.228 30.195 30.12 30.078 30.07 30.028 29.988 29.96 29.945 29.91
30.65 29.327 26.056 26.138 26.332 26.538 26.679 26.898 27.09 27.245 27.385 27.575 27.793 28.03 28.268 28.513 28.748 29.008 29.23 29.408 29.563 29.765 29.923 30.06 30.185 30.285 30.395 30.483 30.53 30.59 30.648 30.685 30.713 30.735 30.805 30.825 30.815 30.788 30.733 30.7 30.683 30.625 30.603 30.578 30.563 30.538 30.548 30.49 30.528 30.618 30.82 31.233 35.083 33.265 33.3 30.49 30.435 30.393 30.348 30.32 30.37 30.345 30.335 30.295 30.245 30.205 30.175 30.123 30.088 30.06 30.035 30.018
32.182 30.672 26.207 26.19 26.383 26.611 26.757 26.943 27.14 27.298 27.5 27.688 27.863 28.09 28.323 28.588 28.84 29.073 29.318 29.52 29.68 29.848 30.035 30.168 30.29 30.38 30.52 30.6 30.665 30.725 30.763 30.795 30.815 30.853 30.92 30.955 30.938 30.893 30.865 30.818 30.833 30.77 30.718 30.703 30.67 30.633 30.653 30.635 30.65 30.715 30.84 31.44 33.518 35.023 34.033 30.758 30.565 30.478 30.478 30.44 30.465 30.425 30.395 30.393 30.37 30.31 30.25 30.23 30.2 30.138 30.125 30.103
30.57 29.511 26.993 26.278 26.389 26.613 26.794 27.005 27.188 27.375 27.578 27.785 27.975 28.18 28.408 28.703 28.958 29.153 29.418 29.593 29.793 29.94 30.155 30.263 30.405 30.528 30.615 30.693 30.778 30.845 30.885 30.905 30.965 30.993 31.028 31.058 31.068 31.038 30.99 30.97 30.953 30.898 30.85 30.825 30.775 30.743 30.745 30.748 30.745 30.823 30.918 30.985 31.183 31.45 31.353 30.75 30.66 30.56 30.518 30.515 30.575 30.543 30.475 30.475 30.448 30.393 30.355 30.313 30.308 30.245 30.193 30.178
25.934 26.595 26.966 26.544 26.465 26.604 26.886 27.125 27.25 27.433 27.648 27.873 28.068 28.243 28.48 28.778 29.053 29.253 29.488 29.73 29.875 30.045 30.225 30.375 30.52 30.628 30.725 30.785 30.86 30.938 30.978 31.015 31.06 31.113 31.133 31.158 31.168 31.123 31.105 31.078 31.04 30.985 30.975 30.963 30.9 30.848 30.848 30.845 30.848 30.95 30.955 31.088 31.33 31.748 31.075 30.778 30.698 30.678 30.645 30.623 30.66 30.643 30.598 30.578 30.535 30.475 30.428 30.395 30.388 30.328 30.275 30.24
26.187 26.295 26.839 26.802 26.569 26.707 26.909 27.168 27.363 27.568 27.755 27.94 28.143 28.353 28.58 28.87 29.125 29.363 29.575 29.818 29.97 30.173 30.36 30.488 30.63 30.753 30.818 30.905 30.963 31.065 31.113 31.13 31.183 31.213 31.26 31.288 31.25 31.218 31.21 31.193 31.16 31.118 31.075 31.058 31.013 30.968 30.97 30.91 30.9 31.033 31.103 31.16 31.633 32.528 32.508 30.785 30.78 30.775 30.745 30.72 30.738 30.728 30.705 30.678 30.623 30.575 30.52 30.493 30.468 30.428 30.365 30.328
28.445 26.242 26.401 29.013 26.806 26.773 27.015 27.2 27.375 27.608 27.818 28.013 28.26 28.453 28.675 28.94 29.208 29.445 29.678 29.91 30.06 30.255 30.408 30.583 30.725 30.863 30.935 31.033 31.1 31.195 31.213 31.243 31.265 31.318 31.355 31.373 31.378 31.343 31.325 31.308 31.268 31.24 31.213 31.145 31.103 31.103 31.05 31.045 31.045 31.128 31.153 31.29 32.805 33.96 33.203 31.265 30.888 30.905 30.863 30.848 30.85 30.8 30.783 30.75 30.703 30.67 30.623 30.56 30.548 30.48 30.46 30.42
26.06 26.129 26.761 31.136 29.058 26.818 27.065 27.275 27.478 27.668 27.9 28.063 28.31 28.513 28.763 29.02 29.288 29.523 29.765 29.998 30.165 30.37 30.565 30.73 30.835 30.943 31.03 31.13 31.23 31.313 31.34 31.383 31.403 31.395 31.48 31.495 31.475 31.478 31.408 31.39 31.385 31.355 31.31 31.298 31.21 31.203 31.17 31.135 31.173 31.265 31.328 31.385 31.918 33.04 32.613 31.223 30.948 30.975 30.988 30.98 30.925 30.9 30.878 30.87 30.808 30.775 30.72 30.678 30.635 30.613 30.6 30.548
25.883 26.51 28.293 32.294 28.361 27.21 27.09 27.32 27.543 27.725 27.948 28.145 28.403 28.62 28.858 29.078 29.358 29.61 29.865 30.103 30.273 30.458 30.668 30.825 30.935 31.053 31.163 31.283 31.358 31.433 31.478 31.498 31.51 31.533 31.593 31.61 31.608 31.568 31.533 31.51 31.498 31.45 31.428 31.395 31.365 31.32 31.255 31.228 31.263 31.413 31.418 31.385 31.775 31.863 31.345 31.103 31.035 31.058 31.103 31.09 31.043 31.025 30.983 30.96 30.94 30.878 30.833 30.803 30.733 30.73 30.698 30.643
26.009 26.287 26.743 27.15 31.074 32.775 27.295 27.43 27.658 27.82 28.033 28.258 28.503 28.71 28.933 29.15 29.453 29.675 29.955 30.193 30.368 30.558 30.778 30.913 31.075 31.193 31.308 31.4 31.465 31.52 31.578 31.628 31.643 31.655 31.69 31.718 31.705 31.7 31.668 31.638 31.625 31.593 31.55 31.5 31.433 31.418 31.393 31.34 31.375 31.52 31.513 32.323 31.808 35.003 32.353 31.233 31.175 31.195 31.163 31.163 31.14 31.11 31.09 31.048 31 30.978 30.948 30.898 30.82 30.803 30.778 30.725
26.127 26.302 29.436 30.956 27.23 30.873 31.405 27.493 27.773 27.935 28.153 28.328 28.588 28.835 29.06 29.238 29.523 29.793 30.045 30.278 30.48 30.668 30.888 31.01 31.155 31.32 31.4 31.533 31.578 31.63 31.698 31.728 31.748 31.773 31.82 31.84 31.833 31.825 31.783 31.763 31.748 31.708 31.663 31.598 31.548 31.52 31.523 31.498 31.538 31.65 31.708 32.72 32.208 31.77 33.398 31.908 31.34 31.31 31.33 31.28 31.263 31.213 31.19 31.135 31.108 31.083 31.048 30.98 30.918 30.928 30.863 30.812
26.377 26.355 27.021 29.059 27.765 28.518 27.948 27.608 27.783 28.02 28.213 28.455 28.693 28.908 29.158 29.365 29.62 29.885 30.15 30.383 30.578 30.77 30.99 31.135 31.28 31.418 31.538 31.643 31.688 31.76 31.808 31.84 31.84 31.888 31.925 31.958 31.945 31.958 31.905 31.86 31.848 31.848 31.798 31.75 31.675 31.635 31.613 31.603 31.648 31.733 31.855 32.748 33.32 31.958 32.223 32.523 31.405 31.33 31.365 31.36 31.348 31.263 31.225 31.22 31.213 31.168 31.11 31.06 31.028 31.006 30.94 30.905
28.764 26.384 27.425 28.29 27.14 27.923 27.785 27.735 27.913 28.108 28.343 28.54 28.765 28.993 29.24 29.483 29.71 29.963 30.223 30.503 30.7 30.873 31.075 31.248 31.398 31.528 31.635 31.735 31.808 31.87 31.925 31.965 31.988 32.008 32.043 32.063 32.065 32.078 32.035 31.998 31.953 31.928 31.893 31.875 31.788 31.763 31.755 31.72 31.74 31.82 32.078 32.315 32.175 32.993 35.903 33.388 31.505 31.445 31.465 31.515 31.455 31.433 31.375 31.33 31.31 31.243 31.221 31.162 31.129 31.076 31.052 31.039
36.166 30.065 27.01 28.63 27.545 28.24 27.983 27.883 27.99 28.21 28.513 28.65 28.858 29.05 29.338 29.598 29.82 30.02 30.298 30.57 30.778 30.983 31.18 31.358 31.518 31.64 31.733 31.823 31.903 32.003 32.04 32.068 32.125 32.153 32.15 32.183 32.175 32.16 32.145 32.115 32.075 32.05 32.013 31.97 31.923 31.878 31.873 31.838 31.838 31.93 32.08 32.193 32.315 32.793 38.878 35.525 31.65 31.59 31.583 31.545 31.573 31.485 31.445 31.425 31.367 31.325 31.285 31.263 31.209 31.192 31.163 31.131
29.588 28.783 27.375 27.178 27.318 27.818 28.165 27.92 28.098 28.325 28.618 28.765 28.933 29.173 29.415 29.698 29.89 30.125 30.358 30.658 30.868 31.078 31.26 31.41 31.588 31.715 31.82 31.938 32.055 32.105 32.148 32.17 32.195 32.233 32.29 32.323 32.308 32.283 32.248 32.245 32.175 32.145 32.133 32.07 32.023 32.003 31.963 31.955 31.96 32.108 32.165 32.123 32.218 32.33 34.81 36.41 31.778 31.723 31.723 31.768 31.655 31.566 31.547 31.532 31.474 31.438 31.414 31.381 31.321 31.275 31.246 31.202
26.693 27.105 27.285 27.845 27.72 27.703 28.36 28.143 28.205 28.38 28.633 28.87 29.04 29.275 29.54 29.785 30.01 30.208 30.435 30.745 30.943 31.145 31.335 31.498 31.655 31.795 31.94 32.03 32.13 32.2 32.243 32.265 32.303 32.338 32.385 32.418 32.428 32.41 32.375 32.328 32.28 32.278 32.235 32.2 32.143 32.105 32.065 32.043 32.078 32.163 32.205 32.333 32.295 32.595 32.455 31.942 31.868 31.752 31.792 31.677 31.674 31.652 31.6 31.595 31.547 31.524 31.463 31.432 31.392 31.374 31.335 31.282
26.813 27.46 28.38 27.58 27.81 27.693 28.135 28.228 28.303 28.505 28.733 28.948 29.153 29.375 29.625 29.878 30.113 30.32 30.553 30.795 31.028 31.205 31.398 31.555 31.748 31.905 31.995 32.095 32.198 32.283 32.323 32.368 32.393 32.42 32.475 32.5 32.515 32.513 32.49 32.425 32.388 32.393 32.343 32.29 32.255 32.205 32.168 32.153 32.203 32.245 32.353 33.568 36.322 33.657 34.131 32.492 31.997 31.95 31.862 31.797 31.766 31.728 31.69 31.663 31.661 31.629 31.577 31.547 31.501 31.451 31.441 31.397
26.928 28.525 29.82 28.088 28.173 27.94 28.058 29.085 28.65 28.62 28.835 29.095 29.3 29.515 29.74 29.983 30.22 30.428 30.648 30.868 31.085 31.293 31.48 31.64 31.813 31.968 32.078 32.173 32.25 32.333 32.4 32.438 32.508 32.513 32.555 32.593 32.598 32.59 32.573 32.518 32.493 32.463 32.448 32.395 32.348 32.308 32.27 32.243 32.323 32.37 32.482 32.658 33.19 33.95 34.799 32.08 34.039 32.013 31.895 31.876 31.861 31.848 31.792 31.761 31.753 31.728 31.7 31.664 31.622 31.576 31.54 31.506
26.935 27.598 27.558 28.02 28.245 28.253 28.14 28.465 29.123 28.805 28.933 29.135 29.415 29.64 29.853 30.04 30.278 30.473 30.703 30.928 31.13 31.355 31.565 31.733 31.89 32 32.125 32.24 32.323 32.405 32.443 32.53 32.575 32.608 32.65 32.67 32.693 32.68 32.668 32.63 32.595 32.548 32.528 32.48 32.44 32.408 32.363 32.336 32.394 32.486 32.619 33.057 37.424 35.449 35.17 33.688 32.477 32.135 32.041 31.986 31.978 31.945 31.875 31.847 31.832 31.807 31.747 31.723 31.689 31.662 31.633 31.611
29.058 28.275 27.68 27.865 28.185 29.345 29.575 28.508 29.358 29.185 29.155 29.268 29.498 29.793 29.94 30.13 30.34 30.583 30.793 31.023 31.208 31.413 31.613 31.765 31.93 32.075 32.205 32.313 32.413 32.508 32.543 32.603 32.645 32.703 32.735 32.775 32.83 32.805 32.77 32.71 32.7 32.675 32.633 32.59 32.552 32.511 32.456 32.447 32.504 32.571 32.734 33.161 35.017 39.402 34.479 32.518 32.602 32.448 32.144 32.101 32.068 32.055 32.004 31.952 31.91 31.883 31.848 31.833 31.771 31.754 31.698 31.658
29.588 30.123 29.945 27.925 28.203 28.883 31.775 28.988 31.683 29.385 34.153 29.345 29.568 29.87 30.03 30.235 30.435 30.643 30.835 31.073 31.25 31.455 31.663 31.853 32 32.118 32.258 32.385 32.46 32.548 32.633 32.665 32.73 32.753 32.805 32.85 32.893 32.903 32.868 32.801 32.804 32.794 32.746 32.687 32.644 32.587 32.575 32.579 32.601 32.664 33.451 37.128 33.395 36.038 34.666 34.048 33.136 32.821 32.475 32.498 32.622 32.271 32.101 32.029 31.985 31.951 31.912 31.896 31.861 31.844 31.808 31.763
27.165 28.953 28.648 29.753 27.988 28.103 28.45 28.683 28.99 33.863 30.833 29.495 29.693 29.908 30.12 30.323 30.51 30.718 30.933 31.153 31.348 31.5 31.703 31.913 32.06 32.168 32.323 32.443 32.53 32.598 32.693 32.725 32.788 32.82 32.885 32.958 32.985 32.974 32.948 32.938 32.91 32.892 32.83 32.795 32.748 32.682 32.654 32.642 32.69 32.769 32.826 34.154 37.181 36.352 35.086 32.967 32.859 32.643 32.453 32.474 33.035 32.979 32.287 32.122 32.068 32.04 31.992 31.954 31.913 31.884 31.84 31.808
27.298 28.4 31.595 28.958 28.738 28.205 28.483 28.708 29.008 29.933 30.64 29.745 29.745 29.99 30.195 30.398 30.61 30.815 31.008 31.205 31.393 31.558 31.753 31.96 32.12 32.255 32.37 32.488 32.575 32.66 32.763 32.818 32.863 32.918 32.969 33.021 33.072 33.066 33.045 33.047 32.994 32.949 32.93 32.914 32.857 32.805 32.768 32.742 32.78 32.858 32.961 33.187 37.118 35.001 37.372 34.495 32.75 32.481 32.549 32.825 33.299 33.361 32.423 32.23 32.168 32.113 32.063 32.031 31.96 31.922 31.873 31.849
27.283 27.74 29.858 28.87 29.28 28.28 28.603 28.975 29.333 29.63 30.955 30.1 29.865 30.063 30.27 30.463 30.67 30.868 31.023 31.243 31.465 31.648 31.78 31.99 32.155 32.305 32.433 32.548 32.648 32.762 32.832 32.899 32.927 32.986 33.058 33.084 33.144 33.167 33.129 33.151 33.093 33.054 33.042 32.997 32.966 32.921 32.869 32.851 32.872 32.976 33.048 34.149 35.024 34.493 33.957 32.875 32.813 32.663 32.954 33.275 33.361 33.176 32.432 32.235 32.215 32.165 32.132 32.101 32.026 32.069 31.974 31.905
27.37 27.553 27.803 28.035 28.083 28.445 28.615 28.913 29.283 29.895 30.698 30.465 30.063 30.145 30.293 30.583 30.78 30.943 31.088 31.27 31.53 31.7 31.85 32.018 32.223 32.388 32.488 32.602 32.737 32.837 32.913 32.961 33.035 33.083 33.132 33.178 33.24 33.264 33.237 33.226 33.193 33.159 33.154 33.111 33.081 33.012 32.989 32.947 32.961 33.048 33.165 33.529 35.157 33.328 32.918 32.754 32.743 32.888 33.211 33.533 33.396 32.679 32.36 32.277 32.24 32.624 32.638 32.593 32.317 32.523 33.427 32.171
27.288 27.505 27.738 27.94 28.563 29.53 28.845 28.925 29.158 31.303 34.01 30.765 30.075 30.248 30.39 30.663 30.853 31.008 31.178 31.328 31.585 31.75 31.925 32.074 32.276 32.415 32.551 32.67 32.818 32.912 32.982 33.059 33.098 33.139 33.211 33.277 33.337 33.36 33.345 33.322 33.306 33.276 33.262 33.22 33.194 33.151 33.095 33.087 33.087 33.153 33.312 33.446 33.6 34.459 32.83 32.773 32.74 32.79 32.844 32.941 33.114 32.559 32.525 32.677 33.185 33.295 35.504 34.557 32.213 35.385 34.713 33.626
27.623 28.073 27.865 28.035 28.218 29.48 28.663 28.948 29.175 31.023 34.553 31.39 31.15 30.658 30.43 30.65 30.905 31.088 31.24 31.415 31.622 31.821 31.983 32.163 32.316 32.48 32.594 32.737 32.858 32.962 33.064 33.145 33.19 33.248 33.28 33.334 33.423 33.456 33.455 33.422 33.405 33.389 33.377 33.338 33.309 33.236 33.213 33.206 33.193 33.258 33.382 33.508 33.764 33.223 32.954 32.82 32.735 32.667 32.86 33.066 33.087 32.78 33.681 33.713 36.6 34.461 33.793 33.329 33.012 34.46 34.455 34.683
27.925 28.325 28.793 28.965 29.06 32.625 28.708 28.985 29.203 29.485 31.02 32.733 31.515 34.875 31.058 30.743 31.042 31.144 31.282 31.504 31.665 31.858 32.035 32.199 32.363 32.526 32.671 32.8 32.946 33.059 33.145 33.209 33.252 33.303 33.359 33.431 33.51 33.527 33.543 33.533 33.5 33.472 33.453 33.441 33.421 33.356 33.336 33.309 33.307 33.353 33.459 34.1 38.582 35.54 33.53 32.993 33.002 33.064 33.739 33.346 33.484 34.758 35.091 34.656 35.582 36.928 36.404 33.263 32.923 33.075 32.938 32.893
27.98 28.32 28.49 28.45 35.458 32.998 28.86 28.983 29.328 29.55 29.79 30.083 32.514 38.535 37.439 33.381 31.28 31.25 31.386 31.559 31.728 31.943 32.106 32.267 32.44 32.58 32.725 32.857 33.025 33.133 33.204 33.265 33.312 33.378 33.402 33.483 33.572 33.623 33.621 33.625 33.599 33.586 33.56 33.54 33.523 33.484 33.434 33.43 33.422 33.449 33.559 35.023 36.744 37.162 33.543 33.349 33.921 35.777 35.284 33.98 37.122 35.12 35.29 35.446 35.045 34.583 33.775 33.065 32.94 32.885 32.885 32.735
28.113 27.868 28.23 28.073 34.255 30.78 28.803 29.143 29.477 29.624 29.891 30.121 30.509 32.37 34.619 34.264 31.224 31.314 31.453 31.612 31.794 31.983 32.167 32.319 32.488 32.643 32.789 32.934 33.075 33.172 33.253 33.334 33.389 33.442 33.494 33.565 33.67 33.717 33.714 33.714 33.682 33.673 33.65 33.638 33.629 33.599 33.554 33.53 33.51 33.518 33.61 33.703 37.472 35.529 34.191 34.062 34.402 33.631 33.861 33.75 33.825 33.76 33.805 33.513 33.305 33.22 33.088 33.01 33.4 32.928 32.86 32.833
29.94 27.803 28.878 28.95 28.308 28.998 28.829 28.976 29.274 29.367 29.65 29.965 30.14 30.404 32.939 34.151 31.318 31.413 31.537 31.687 31.898 32.071 32.23 32.374 32.533 32.694 32.834 32.967 33.124 33.233 33.311 33.409 33.465 33.517 33.57 33.638 33.712 33.768 33.781 33.808 33.786 33.772 33.748 33.729 33.72 33.691 33.67 33.63 33.628 33.618 33.663 33.776 36.558 34.822 35.848 35.378 33.983 33.87 34.028 33.805 33.505 33.578 33.69 33.92 33.323 33.185 33.14 33.105 33.078 32.995 32.945 32.888
28.578 28.294 31.584 32.133 33.531 31.483 29.03 29.467 30.218 30.703 30.149 30.909 31.178 31.456 31.759 31.8 31.512 31.524 31.599 31.778 31.99 32.168 32.309 32.446 32.571 32.759 32.884 33.043 33.158 33.284 33.382 33.485 33.563 33.581 33.639 33.706 33.784 33.81 33.868 33.884 33.862 33.844 33.806 33.835 33.811 33.792 33.746 33.734 33.704 33.686 33.715 33.788 36.093 37.169 34.97 35.943 34.415 33.935 33.713 34.37 33.568 33.578 33.468 33.525 33.29 33.263 33.233 33.128 33.075 33.08 33.078 32.935
