All_lidar/sz5585_DSM_2M.asc
ncols 500
nrows 500
xllcorner    455000
yllcorner    85000
cellsize     2
NODATA_value -9999
[rows 32 to 63 of 500, columns 288 to 359 of 500]
7.559 7.522 7.564 7.472 7.482 7.479 7.531 7.517 7.417 7.417 7.354 7.382 7.636 7.392 7.219 7.206 7.753 7.126 7.841 7.149 7.031 7.129 6.999 7.237 7.585 8.012 6.807 6.716 7.044 7.594 7.918 7.946 8.089 8.459 8.719 10.952 13.861 15.311 13.787 12.634 11.889 12.173 11.468 10.944 10.884 10.931 10.959 10.994 11.061 11.082 11.094 11.119 11.134 11.142 11.144 11.156 11.159 11.179 11.221 11.254 11.284 11.302 11.339 11.351 11.344 11.354 11.339 11.319 11.438 13.877 12.499 11.312
7.421 7.516 7.471 7.414 7.541 7.546 7.442 7.504 7.431 7.409 7.351 7.446 7.802 7.616 7.294 7.247 7.121 7.636 7.304 7.362 7.497 7.998 7.995 7.616 7.218 7.351 6.754 6.741 6.809 7.469 7.579 7.794 7.939 8.217 8.764 9.328 9.883 11.731 11.526 11.769 10.999 11.498 11.404 10.962 11.22 10.826 10.861 10.926 10.941 11.001 11.011 11.034 11.034 11.064 11.067 11.076 11.084 11.134 11.182 11.219 11.229 11.261 11.284 11.282 11.292 11.299 11.287 11.264 11.336 12.919 11.778 11.249
7.539 7.626 7.409 7.272 7.319 7.456 7.514 7.394 7.379 7.381 7.307 7.352 7.374 7.242 7.237 7.197 7.079 7.187 7.134 7.387 7.61 9.734 9.886 8.228 7.611 6.959 7.032 6.766 6.641 7.042 7.376 7.612 7.689 7.986 8.279 8.613 9.09 8.946 9.679 12.531 11.211 10.686 10.726 11.104 11.078 10.761 10.779 10.834 10.886 10.924 10.954 10.971 10.981 10.997 10.989 11.009 11.279 11.144 11.156 11.164 11.191 11.191 11.224 11.212 11.224 11.209 11.241 11.224 11.204 11.336 11.769 11.326
7.514 7.431 7.404 7.344 7.334 7.274 7.334 7.259 7.314 7.254 7.271 7.266 7.326 7.229 7.192 7.192 7.082 7.299 7.359 7.276 7.184 7.547 7.887 7.831 7.269 6.914 6.959 6.847 6.642 6.846 7.164 7.424 7.549 7.616 7.866 9.773 9.286 9.209 9.797 11.361 10.564 10.561 11.114 10.632 10.764 10.756 10.721 10.749 10.792 10.839 10.886 10.904 10.924 10.954 10.996 11.009 11.206 11.12 11.109 11.122 11.126 11.139 11.139 11.154 11.137 11.152 11.157 11.194 11.132 11.129 11.209 11.097
8.273 7.382 7.334 7.331 7.364 7.459 7.486 7.364 7.214 7.209 7.211 7.252 7.337 7.727 7.522 7.554 7.324 7.401 7.264 7.152 7.261 7.136 7.032 7.116 7.074 6.879 6.889 6.837 6.499 6.474 7.136 7.314 7.336 7.326 7.607 8.502 9.209 9.526 10.866 14.068 12.527 10.818 10.673 10.603 10.661 10.684 10.686 10.669 10.712 10.759 10.771 10.799 10.839 10.879 10.997 11.169 11.204 11.286 11.054 11.169 11.044 11.047 11.069 11.101 11.091 11.099 11.104 11.137 11.089 11.064 11.067 11.034
9.103 8.734 9.762 7.264 7.246 7.271 7.366 7.319 7.182 7.174 7.289 7.354 7.354 7.439 7.621 7.579 7.836 7.716 7.219 7.124 7.119 7.187 7.197 6.964 7.132 6.862 6.924 6.819 7.023 6.924 7.095 7.219 7.306 7.194 7.264 7.421 7.781 9.237 9.447 12.868 13.732 12.037 10.369 10.449 11.273 10.98 10.714 10.577 10.614 10.659 10.686 10.736 10.764 10.869 11.064 11.139 11.249 11.052 11.209 11.642 10.986 10.969 10.976 10.989 10.981 11.012 11.009 11.039 11.051 11.019 11.004 10.976
8.707 7.997 11.389 8.353 11.13 8.456 7.819 7.221 7.259 7.147 7.182 7.249 7.227 7.316 7.329 7.399 7.642 7.294 7.234 7.167 7.141 7.134 7.069 6.961 6.979 6.861 6.897 6.877 6.923 7.655 8.912 7.229 7.187 7.127 7.139 7.239 7.537 7.959 8.309 9.5 10.355 13.865 11.742 10.536 10.736 10.539 10.639 10.527 10.529 10.566 10.584 10.656 10.799 10.966 11.021 11.269 11.612 11.339 11.266 11.121 10.912 10.909 10.922 10.879 10.907 10.954 10.949 10.929 10.966 10.942 10.914 10.919
8.214 7.967 7.746 9.043 12.447 13.672 9.496 7.169 7.196 7.114 7.134 7.174 7.269 7.251 7.226 7.257 7.454 7.284 7.361 7.147 7.009 6.984 7.044 7.066 6.924 6.854 6.94 6.961 8.079 6.711 7.157 7.748 7.231 7.136 7.107 7.187 7.384 7.924 8.535 8.526 10.69 13.263 13.248 10.557 10.397 10.474 10.496 10.617 10.464 10.484 10.492 10.609 10.749 10.899 11.149 11.339 11.399 11.284 10.971 10.861 10.839 10.832 10.804 10.834 10.829 10.849 10.854 10.859 10.866 10.859 10.862 10.839
8.481 9.307 8.637 7.651 9.512 13.465 12.716 8.549 7.187 7.154 7.191 7.266 7.191 7.194 7.194 7.199 7.327 7.319 7.301 7.064 6.986 7.011 7.144 6.999 6.931 6.961 6.967 8.219 6.859 7.649 6.662 7.206 7.157 7.109 7.059 7.192 7.307 7.474 8.827 8.494 9.596 13.53 14.471 11.815 10.232 10.372 10.394 10.776 10.648 10.417 10.444 10.501 10.637 10.891 11.041 11.034 10.966 10.902 10.841 10.819 10.784 10.784 10.761 10.769 10.769 11.185 11.086 10.782 10.781 10.781 10.826 11.194
9.149 9.019 8.822 8.52 8.602 13.384 12.646 9.313 7.236 7.264 7.257 7.249 7.216 7.209 7.147 7.402 7.284 7.166 7.079 6.989 7.039 6.999 7.084 6.979 6.962 6.912 6.839 7.681 7.032 8.022 6.651 7.194 7.396 7.144 7.059 7.122 7.505 7.261 7.481 7.819 8.588 10.296 14.033 13.335 10.164 10.211 10.339 10.404 10.452 10.314 10.344 10.404 10.484 10.671 10.744 10.681 10.601 10.674 10.714 10.814 11.391 11.124 10.691 10.914 10.791 11.164 11.093 10.692 10.697 10.686 11.049 11.884
9.364 9.007 9.79 8.156 10.546 11.195 11.01 8.951 8.74 7.239 7.326 7.204 7.332 7.249 7.236 7.291 7.229 7.051 7.016 7.062 7.009 7.044 7.017 7.017 7.182 6.916 7.039 7.031 6.952 6.621 6.752 7.304 7.414 7.226 7.137 7.059 6.984 7.047 7.204 7.611 10.766 11.976 11.897 11.848 12.399 11.119 11.029 10.53 10.324 10.314 10.269 10.306 10.349 10.424 10.439 10.434 10.462 10.554 10.659 10.759 10.739 10.966 11.377 11.534 11.066 10.649 10.627 10.622 10.619 10.636 10.911 11.176
9.822 9.462 9.406 9.2 8.204 10.027 9.81 8.902 9.015 7.102 7.166 7.154 7.151 7.269 7.257 7.214 7.229 7.079 7.039 7.154 7.131 7.086 6.927 7.147 7.106 6.854 6.957 6.951 6.947 6.664 6.731 7.059 7.234 7.277 7.194 7.114 7.037 6.992 7.041 7.261 8.324 10.665 11.156 10.187 10.514 11.268 10.575 10.575 10.494 10.491 10.204 10.224 10.249 10.297 10.334 10.384 10.419 10.462 10.521 10.617 10.744 11.389 12.479 12.526 11.363 10.574 10.634 10.609 10.544 10.547 10.552 10.779
11.923 13.207 12.01 10.429 8.912 8.628 9.751 8.587 9.044 7.499 7.114 7.139 7.164 7.204 7.217 7.119 7.237 7.114 7.127 6.997 7.029 6.977 6.922 6.959 6.961 6.954 6.834 6.929 7.035 7.104 7.302 7.081 7.131 7.132 7.164 7.214 7.119 7.014 7.014 7.094 8.062 8.068 9.71 9.442 9.81 10.169 10.181 10.507 11.158 11.206 10.29 10.139 10.157 10.184 10.234 10.297 10.362 10.364 10.431 10.486 10.636 11.023 13.507 12.85 11.219 10.582 10.504 10.519 10.479 10.815 10.514 10.497
11.173 11.869 10.541 10.394 9.114 8.761 8.876 8.647 8.472 7.763 7.545 7.111 7.132 7.289 7.149 7.085 7.089 7.131 7.049 7.056 6.971 6.976 6.989 6.857 6.894 6.909 7.074 6.924 7.704 7.068 9.114 7.045 7.302 7.531 7.124 7.124 7.059 7.001 6.961 6.967 7.264 7.684 9.421 12.422 11.542 10.713 10.141 10.101 10.296 10.279 10.428 10.167 10.044 10.124 10.131 10.161 10.231 10.281 10.354 10.414 10.504 10.679 13.323 12.024 11.711 11.997 10.787 10.459 10.873 12.857 11.635 10.414
10.676 10.688 10.544 12.094 9.696 9.001 8.846 8.737 8.348 8.317 9.189 7.853 7.086 7.121 7.064 7.281 7.076 7.148 6.986 6.996 6.994 6.901 6.937 6.882 6.921 6.941 7.029 6.904 7.133 6.999 6.634 6.772 6.852 7.039 7.233 7.115 7.059 7.024 6.936 6.929 7.034 7.537 8.537 9.851 9.477 10.858 9.994 10.037 10.164 10.169 10.782 11.162 10.049 10.054 10.054 10.067 10.159 10.207 10.279 10.302 10.386 10.537 11.934 13.858 13.744 13.25 13.148 11.981 11.115 11.891 12.461 10.675
10.754 10.644 10.571 11.674 12.933 9.529 8.982 9.267 8.769 8.387 9.496 9.272 7.167 7.076 7.041 7.121 6.964 6.917 6.907 6.901 6.999 6.922 6.969 7.009 6.962 6.917 6.979 6.874 6.987 6.986 6.902 6.774 7.449 6.49 6.716 6.939 7.004 7.041 6.957 6.881 6.999 7.301 8.94 11.034 9.013 9.143 10.412 10.66 10.406 10.042 10.17 10.421 10.158 9.996 10.022 10.057 10.117 10.186 10.237 10.272 10.324 10.416 10.606 13.172 13.173 12.824 12.776 11.362 10.826 11.814 12.234 11.155
10.822 10.722 10.622 10.802 11.727 10.326 9.559 9.324 9.834 8.853 9.117 8.946 7.292 7.161 6.997 6.984 6.949 6.902 6.874 6.847 6.884 6.874 6.889 6.949 6.909 6.869 7.094 6.839 6.869 6.889 6.999 7.997 6.799 6.58 6.569 6.657 6.893 7.046 6.994 6.846 6.96 7.156 7.925 11.089 8.292 9.115 9.575 10.762 10.101 9.979 9.934 10.191 10.64 9.969 9.954 10.014 10.086 10.116 10.177 10.212 10.247 10.299 10.436 11.258 13.012 11.953 11.023 11.657 10.408 12.734 10.593 10.289
10.884 10.809 10.646 10.574 10.531 11.002 11.211 9.696 9.509 9.804 9.072 8 7.509 7.316 7.057 6.941 6.884 6.854 6.837 6.824 6.894 6.932 6.864 6.937 6.887 6.944 7.057 7.009 6.936 6.802 7.873 8.486 7.082 6.865 6.652 6.998 6.93 7.017 6.983 6.979 6.824 6.94 7.171 7.618 7.918 9.774 10.488 9.616 9.779 9.891 9.887 10.139 10.563 9.996 9.941 9.987 10.049 10.082 10.127 10.192 10.216 10.234 10.312 10.642 11.052 10.585 10.33 11.319 10.59 10.795 10.911 10.231
10.874 10.867 10.744 10.639 10.544 10.532 12.877 11.147 10.514 11.152 9.783 9.27 8.145 10.075 9.359 6.981 6.907 6.852 6.902 6.904 6.914 6.889 6.974 6.952 6.969 6.991 6.957 6.919 7.024 6.839 7.602 7.402 7.253 7.042 6.776 6.633 7.124 7.004 7.478 8.127 7.064 6.886 7.116 7.201 7.616 8.079 8.574 9.297 9.982 9.866 9.876 9.897 9.937 10.468 9.914 9.957 9.979 10.044 10.089 10.152 10.209 10.219 10.217 10.334 10.446 10.523 11.714 12.352 12.561 13.21 12.133 10.187
10.839 10.814 10.797 10.679 10.602 10.617 11.495 10.939 10.531 9.377 9.292 10.461 9.846 9.46 8.731 6.994 6.914 6.834 6.862 6.984 7.037 6.965 6.979 6.939 6.942 6.922 6.924 6.952 6.919 6.841 6.899 6.988 8.315 9.341 7.76 6.474 6.494 7.089 7.356 10.067 7.652 6.842 6.894 6.959 7.296 7.747 9.21 10.722 12.993 11.268 10.909 9.822 9.986 10.08 9.977 9.899 9.952 9.977 10.039 10.084 10.164 10.167 10.182 10.229 10.339 10.363 11.88 13.338 13.625 13.188 12.168 10.165
10.794 10.812 10.762 10.767 10.587 10.567 10.556 10.372 10.104 10.899 11.763 10.723 9.772 9.21 7.998 7.107 6.932 6.884 6.917 7.039 7.049 7.002 7.064 6.857 6.919 6.899 6.929 6.874 6.812 6.849 6.869 6.892 8.035 8.954 8.574 8.032 6.754 7.485 8.746 8.629 7.077 6.812 6.929 6.999 7.112 7.517 9.321 11.451 12.889 12.287 13.378 10.671 9.884 10.004 10.037 9.912 9.932 9.949 9.994 10.022 10.057 10.107 10.129 10.139 10.224 10.376 12.464 13.34 11.788 10.948 12.713 10.35
10.834 10.809 10.757 10.762 10.639 10.524 10.534 10.482 11.506 10.872 9.958 9.318 9.542 9.079 7.806 7.247 7.019 6.917 6.989 7.156 7.082 7.022 7.022 6.854 6.847 6.807 7.089 6.759 6.757 6.872 6.907 6.989 8.176 9.708 7.717 6.991 7.084 7.691 8.313 7.216 6.819 6.777 6.816 7.007 7.111 7.446 8.52 8.622 11.853 12.656 12.414 11.803 10.499 10.014 10.007 10.029 9.896 9.922 9.967 9.987 10.004 10.037 10.067 10.119 10.139 10.261 11.061 11.018 10.574 10.29 11.702 11.741
10.852 10.792 10.747 10.662 10.746 10.604 10.462 10.481 11.972 10.246 10.921 11.927 9.781 9.636 7.967 7.351 7.179 7.027 7.042 7.119 7.039 6.95 6.959 6.824 6.79 7.005 6.862 6.824 6.732 6.717 6.752 6.892 7.509 8.392 7.597 6.689 7.017 7.697 7.901 6.976 6.852 6.839 6.809 6.782 6.929 7.239 7.639 8.912 11.327 10.517 12.77 13.138 11.124 9.959 10.089 10.151 9.909 9.882 9.931 9.954 9.992 10.029 10.052 10.074 10.096 10.142 10.291 10.272 10.804 11.019 11.445 11.015
10.789 10.742 10.729 10.734 10.747 10.679 10.502 10.404 11.165 10.166 9.945 9.821 9.459 10.109 8.679 7.524 7.284 7.144 7.017 7.057 6.889 6.899 6.877 6.894 6.895 7.109 6.95 6.924 7.89 7.027 6.727 6.757 6.736 6.961 7.004 6.849 6.904 7.729 7.789 7.204 6.884 6.764 6.792 6.804 6.817 7.062 7.494 8.833 10.528 10.197 12.777 11.959 11.46 10.484 10.136 10.636 9.922 9.837 9.882 9.917 9.954 9.987 10.024 10.042 10.049 10.064 10.164 10.597 11.221 10.977 10.991 10.264
10.829 10.702 10.682 10.692 10.752 10.724 10.592 10.457 12.045 10.631 9.634 9.092 10.337 9.782 8.89 7.539 7.369 7.194 7.067 6.962 6.874 6.969 6.92 6.834 6.849 6.836 6.767 7.067 6.882 6.924 6.754 6.912 6.619 7 7.372 6.897 6.817 7.529 7.872 7.647 7.034 6.757 6.732 6.806 6.811 7.012 7.475 8.372 8.974 8.964 12.212 12.008 12.836 10.725 10.311 10.776 9.927 9.857 9.832 9.887 9.914 9.919 9.972 9.964 10.016 10.041 10.074 10.247 10.813 11.037 10.939 11.889
10.862 10.664 10.657 10.649 10.687 10.664 10.629 10.567 10.781 10.471 9.331 8.851 8.723 8.89 8.542 7.522 7.431 7.254 7.137 6.972 6.884 6.902 6.755 6.829 6.856 7.018 6.879 6.744 6.656 7.265 6.892 7.24 7.062 7.595 7.704 6.997 6.729 7.059 7.679 7.722 7.142 6.832 6.699 6.739 6.742 6.926 7.294 8.17 9.002 9.475 11.292 12.239 11.639 10.957 10.596 9.906 9.862 9.889 9.807 9.849 9.879 9.919 9.922 9.944 9.947 9.977 10.011 10.081 10.439 11.524 13.118 13.747
10.812 10.772 10.711 10.672 10.819 10.764 10.587 10.597 11.368 10.425 9.833 9.898 9.587 8.685 7.859 7.487 7.407 7.256 7.142 7.082 6.929 6.864 6.789 6.984 6.916 7.031 7.019 6.669 6.609 6.923 8.166 7.607 6.934 7.462 7.717 7.142 6.636 6.544 7.226 7.714 7.634 6.969 6.739 6.736 6.732 6.804 7.182 8.037 8.895 9.477 9.832 10.775 10.616 11.145 10.827 9.956 9.851 9.999 9.893 9.819 9.864 9.867 9.902 9.907 9.929 9.922 9.947 9.984 10.099 12.422 13.261 12.641
10.889 10.879 10.747 10.762 10.804 10.734 10.662 10.729 10.874 10.855 11.009 9.716 9.372 8.853 7.744 7.624 7.342 7.234 7.162 7.172 7.06 7.053 6.872 6.857 6.841 7.106 7.088 7.074 7.452 7.076 7.689 7.257 6.861 7.051 7.328 7.16 7.1 6.587 6.583 7.366 7.659 7.301 6.879 6.709 6.697 6.764 7.152 7.743 8.511 9.231 9.293 9.517 10.26 11.962 11.253 9.959 9.871 9.872 9.839 9.814 9.839 9.837 9.862 9.884 9.862 9.892 9.902 9.912 9.961 10.565 10.863 12.452
10.869 10.819 10.777 10.762 10.807 10.744 10.699 10.809 11.981 11.664 11.354 10.304 9.591 8.383 7.647 7.47 7.269 7.147 7.097 7.438 7.365 6.999 6.807 6.733 6.779 7.11 6.711 6.689 6.662 6.866 6.852 6.842 6.912 6.812 6.889 7.192 7.38 6.797 6.271 6.809 7.602 7.307 6.951 6.749 6.687 6.679 6.999 7.486 8.464 8.824 9.415 9.945 11.235 12.153 11.972 10.694 9.936 9.842 9.809 9.886 9.782 9.814 9.837 9.852 9.824 9.832 9.852 9.862 9.859 9.954 10.275 10.899
10.849 10.879 10.812 10.836 10.802 10.661 10.707 11.554 11.376 11.642 11.124 9.73 9.293 8.567 7.515 7.485 7.247 7.188 7.17 7.29 6.919 6.897 6.849 6.739 6.734 8.376 7.217 6.749 6.967 6.899 6.797 6.897 6.909 6.822 6.851 6.94 6.949 6.937 6.322 6.381 7.257 7.205 6.947 6.976 6.657 6.654 6.861 7.281 7.972 8.683 9.328 9.829 10.558 10.326 12.437 11.246 9.76 9.857 9.847 9.982 9.774 9.739 9.769 9.797 9.797 9.819 9.794 9.819 9.812 9.852 9.964 12.314
10.907 10.917 10.887 10.822 10.797 10.744 10.811 13.402 13.686 13.071 10.686 8.872 8.494 7.825 7.586 7.352 7.272 7.367 8.031 7.829 7.385 6.836 6.834 6.918 6.744 6.685 6.98 6.892 6.824 6.898 6.887 6.892 6.822 6.852 6.724 6.739 6.775 6.837 6.542 6.181 6.633 7.281 7.037 7.323 6.784 6.672 6.734 7.099 7.952 8.622 9.089 9.481 9.714 11.379 11.52 14.614 11.061 9.837 9.862 9.864 9.921 9.701 9.717 9.734 9.747 9.747 9.764 9.759 9.767 9.767 9.802 9.947
10.912 10.877 10.83 10.812 10.707 11.895 13.553 13.73 11.52 11.869 9.146 8.376 8.184 7.652 7.452 7.369 7.194 7.3 7.567 6.901 6.762 6.883 6.946 6.952 6.794 6.762 6.882 7.018 6.846 6.907 6.877 6.867 6.833 6.784 6.734 6.817 6.732 6.709 6.657 6.462 6.536 6.981 7.045 7.197 6.87 6.677 6.727 7.149 7.579 8.025 8.884 9.309 9.648 10.071 12.005 14.673 12.738 10.08 9.83 9.799 9.932 9.865 9.644 9.679 9.699 9.687 9.689 9.692 9.684 9.704 9.702 9.779
