All_lidar/sz5586_DSM_2M.asc
ncols 500
nrows 500
xllcorner    455000
yllcorner    86000
cellsize     2
NODATA_value -9999
[rows 0 to 31 of 500, columns 355 to 425 of 500]
66.726 67.021 67.289 67.589 67.833 68.126 68.353 68.49 68.6 68.804 69.015 69.751 71.178 72.12 73.478 73.585 73.94 74.215 74.581 74.959 75.354 75.756 76.18 76.626 77.066 77.449 77.869 78.261 78.643 79.025 79.403 79.773 80.191 80.6 80.904 81.078 81.463 82.005 82.319 82.614 82.958 83.295 83.62 83.988 84.336 84.659 84.993 85.31 85.578 85.893 86.186 86.463 86.661 86.851 87.064 87.195 87.273 87.309 87.29 87.345 87.409 87.435 87.474 87.428 87.305 87.215 87.075 87.061 86.961 86.881 86.788
66.4 66.693 66.95 67.253 67.518 67.794 68.022 68.132 68.245 68.458 68.664 70.292 70.778 71.915 73.001 73.264 73.553 73.912 74.209 74.574 74.98 75.41 75.865 76.313 76.712 77.124 77.55 77.938 78.314 78.69 79.076 79.418 79.804 80.291 80.633 80.909 81.246 81.715 82.048 82.34 82.672 83.038 83.393 83.693 84.037 84.367 84.697 85.036 85.353 85.66 85.987 86.289 86.553 86.763 86.975 87.156 87.288 87.443 87.489 87.554 87.598 87.625 87.686 87.753 87.641 87.53 87.47 87.386 87.329 87.219 87.278
66.045 66.35 66.619 66.922 67.202 67.453 67.684 67.795 67.913 68.112 68.299 68.97 70.31 71.722 72.893 73.033 73.219 73.572 73.885 74.248 74.676 75.072 75.523 75.95 76.365 76.808 77.25 77.629 78.036 78.377 78.748 79.125 79.467 79.928 80.279 80.611 80.953 81.33 81.679 82.05 82.375 82.68 83.074 83.409 83.71 84.045 84.338 84.668 85.034 85.344 85.682 86.018 86.33 86.549 86.788 87.022 87.191 87.333 87.473 87.613 87.683 87.71 87.764 87.795 87.786 87.724 87.686 87.628 87.63 87.568 87.528
65.713 66.003 66.282 66.579 66.863 67.119 67.323 67.463 67.572 67.773 67.928 68.691 69.861 71.307 72.28 72.577 72.878 73.198 73.573 73.929 74.319 74.743 75.172 75.614 76.004 76.435 76.869 77.269 77.693 78.094 78.47 78.816 79.17 79.61 79.94 80.293 80.658 81 81.328 81.679 82.073 82.363 82.707 83.035 83.375 83.677 84.05 84.349 84.653 84.985 85.307 85.648 85.983 86.248 86.474 86.73 86.953 87.122 87.267 87.423 87.536 87.614 87.695 87.708 87.743 87.776 87.843 87.839 87.823 87.789 87.815
65.383 65.662 65.931 66.255 66.518 66.785 66.992 67.122 67.254 67.478 67.644 68.399 69.618 72.195 73.183 72.273 72.532 72.864 73.252 73.617 73.996 74.434 74.889 75.297 75.688 76.115 76.53 76.929 77.328 77.722 78.094 78.482 78.867 79.3 79.619 80.002 80.344 80.69 81.034 81.354 81.672 82.036 82.362 82.688 83.014 83.318 83.64 83.995 84.277 84.584 84.897 85.223 85.538 85.893 86.105 86.374 86.588 86.774 86.917 87.054 87.223 87.354 87.426 87.515 87.624 87.654 87.748 87.729 87.784 87.871 87.852
65.037 65.37 65.632 65.915 66.183 66.449 66.654 66.804 66.933 67.148 67.333 67.943 69.45 70.808 71.686 71.881 72.176 72.523 72.874 73.257 73.687 74.102 74.552 74.957 75.364 75.762 76.182 76.603 77.003 77.377 77.723 78.088 78.467 78.93 79.315 79.675 80.047 80.414 80.725 81.067 81.384 81.7 82.033 82.354 82.652 82.962 83.293 83.613 83.88 84.144 84.524 84.845 85.175 85.419 85.697 85.963 86.172 86.403 86.563 86.687 86.84 86.988 87.097 87.199 87.289 87.402 87.495 87.571 87.594 87.634 87.66
64.716 65.024 65.324 65.603 65.869 66.143 66.33 66.469 66.61 66.807 67.125 67.696 69.313 70.892 71.786 71.565 71.857 72.178 72.532 72.909 73.354 73.772 74.198 74.636 75.054 75.447 75.872 76.278 76.694 77.064 77.429 77.763 78.147 78.578 78.945 79.305 79.681 80.097 80.372 80.722 81.034 81.39 81.699 82.015 82.347 82.626 82.971 83.228 83.509 83.779 84.111 84.399 84.701 85.027 85.274 85.504 85.728 85.911 86.104 86.297 86.428 86.558 86.689 86.809 86.952 87.054 87.137 87.215 87.248 87.288 87.363
64.383 64.712 64.983 65.275 65.559 65.82 66.026 66.163 66.304 66.443 66.798 67.488 69.05 71.459 71.556 71.292 71.544 71.868 72.209 72.561 72.968 73.382 73.83 74.239 74.646 75.07 75.491 75.902 76.318 76.717 77.084 77.446 77.83 78.269 78.589 78.95 79.334 79.624 79.972 80.329 80.661 80.979 81.322 81.711 81.997 82.283 82.549 82.875 83.152 83.429 83.725 83.987 84.314 84.574 84.794 85.024 85.224 85.478 85.648 85.806 85.962 86.108 86.281 86.327 86.472 86.64 86.733 86.853 86.927 86.963 87.039
64.062 64.373 64.663 64.943 65.221 65.501 65.703 65.852 65.976 66.076 66.627 68.263 68.738 69.705 70.558 70.887 71.226 71.536 71.854 72.249 72.658 73.064 73.504 73.902 74.293 74.692 75.111 75.489 75.918 76.334 76.706 77.064 77.497 77.948 78.258 78.643 78.97 79.284 79.643 79.922 80.262 80.606 80.912 81.23 81.567 81.872 82.158 82.433 82.771 83.066 83.34 83.613 83.879 84.118 84.34 84.562 84.744 84.953 85.149 85.349 85.499 85.624 85.771 85.912 86.023 86.148 86.274 86.382 86.557 86.636 86.69
63.736 64.036 64.324 64.599 64.893 65.193 65.361 65.523 65.655 65.773 66.288 67.036 68.262 69.766 70.352 70.574 70.881 71.192 71.492 71.888 72.282 72.72 73.148 73.559 73.966 74.34 74.769 75.148 75.508 75.846 76.259 76.649 77.082 77.487 77.874 78.258 78.586 78.943 79.273 79.602 79.897 80.24 80.538 80.849 81.152 81.441 81.726 82.023 82.308 82.587 82.889 83.181 83.434 83.708 83.919 84.128 84.358 84.513 84.697 84.866 85.022 85.145 85.278 85.402 85.535 85.682 85.815 85.931 86.055 86.201 86.347
63.425 63.704 64.01 64.295 64.583 64.868 65.024 65.193 65.328 65.468 66.045 66.894 67.975 69.242 69.793 70.132 70.427 70.776 71.137 71.552 71.941 72.373 72.783 73.173 73.557 73.996 74.418 74.809 75.157 75.391 75.781 76.275 76.656 77.102 77.437 77.782 78.158 78.535 78.852 79.191 79.561 79.863 80.185 80.453 80.732 81.059 81.298 81.573 81.834 82.098 82.386 82.648 82.9 83.194 83.434 83.663 83.877 84.107 84.274 84.444 84.598 84.723 84.865 84.988 85.112 85.208 85.353 85.458 85.586 86.527 87.697
63.122 63.417 63.702 63.984 64.245 64.53 64.702 64.859 65.012 65.149 65.676 66.666 67.692 69.162 69.451 69.829 70.07 70.397 70.705 71.128 71.567 72.002 72.421 72.781 73.173 73.602 73.987 74.41 74.783 75.097 75.353 75.776 76.271 76.722 77.046 77.379 77.743 78.108 78.448 78.751 79.105 79.485 79.764 80.033 80.333 80.616 80.902 81.196 81.429 81.683 81.926 82.212 82.469 82.714 82.951 83.189 83.412 83.602 83.805 83.998 84.18 84.319 84.467 84.575 84.684 84.83 84.927 85.085 85.304 86.059 87.418
62.818 63.101 63.402 63.678 63.947 64.232 64.386 64.552 64.697 64.837 65.655 66.762 67.942 68.419 69.135 69.504 69.771 70.114 70.365 70.67 71.084 71.55 72.011 72.401 72.801 73.21 73.593 74.018 74.398 74.766 75.057 75.308 75.831 76.312 76.648 77 77.352 77.677 77.999 78.329 78.627 78.948 79.267 79.55 79.871 80.15 80.422 80.694 80.998 81.278 81.525 81.766 82.017 82.227 82.477 82.697 82.902 83.089 83.291 83.473 83.626 83.79 83.967 84.26 84.385 84.381 84.801 84.693 84.891 85.067 85.46
62.543 62.816 63.124 63.384 63.67 63.925 64.092 64.261 64.385 64.561 65.367 66.423 67.311 68.374 68.786 69.188 69.436 69.77 70.067 70.385 70.717 71.077 71.474 71.938 72.403 72.816 73.231 73.625 73.997 74.374 74.757 74.983 75.295 75.856 76.223 76.604 76.914 77.25 77.592 77.896 78.171 78.507 78.826 79.105 79.369 79.677 79.964 80.213 80.51 80.801 81.043 81.348 81.672 81.831 82.085 82.27 82.442 82.698 82.927 83.433 83.217 83.334 83.512 84.67 85.881 85.047 85.199 84.76 84.343 84.928 86.107
62.257 62.543 62.83 63.107 63.393 63.623 63.809 63.968 64.107 64.304 64.935 65.864 67.379 68.31 68.59 68.874 69.096 69.433 69.747 70.082 70.422 70.794 71.168 71.53 71.908 72.328 72.814 73.273 73.632 73.995 74.344 74.679 74.94 75.314 75.785 76.186 76.52 76.835 77.15 77.47 77.765 78.11 78.426 78.695 78.918 79.204 79.496 79.765 80.077 80.333 80.596 80.879 81.184 81.48 82.269 82.434 82.348 82.306 82.543 82.869 82.763 82.903 83.381 84.818 86.022 84.5 84.31 85.298 83.807 85.603 85.612
61.991 62.263 62.549 62.826 63.114 63.336 63.52 63.684 63.789 63.987 65.658 65.496 66.691 67.765 68.276 68.57 68.78 69.077 69.39 69.702 70.093 70.466 70.846 71.216 71.568 71.921 72.3 72.717 73.162 73.575 73.968 74.3 74.658 74.859 75.219 75.752 76.11 76.437 76.728 77.057 77.368 77.691 77.981 78.274 78.494 78.767 79.032 79.315 79.639 79.935 80.162 80.478 81.428 81.921 82.507 82.719 82.904 82.646 82.1 82.049 83.331 83.011 83.349 83.687 84.443 83.657 84.37 85.478 83.813 85.484 85.1
61.708 61.987 62.263 62.55 62.837 63.044 63.22 63.372 63.543 64.1 66.213 66.078 66.296 67.314 67.936 68.225 68.427 68.746 69.037 69.349 69.737 70.117 70.463 70.876 71.243 71.605 71.953 72.307 72.663 73.077 73.517 73.894 74.364 74.675 74.819 75.188 75.651 76.001 76.311 76.627 76.937 77.3 77.526 77.789 78.058 78.305 78.58 78.913 79.294 79.58 79.709 80.071 81.764 82.238 82.385 82.573 83.027 82.863 81.895 81.626 83.71 83.953 84.446 83.759 84.849 84.025 83.277 83.493 83.315 83.429 83.139
61.449 61.708 61.977 62.276 62.543 62.747 62.949 63.1 63.236 63.478 64.532 65.279 66.248 67.004 67.62 67.86 68.102 68.376 68.68 69.011 69.38 69.751 70.151 70.528 70.879 71.253 71.646 72.036 72.353 72.685 73.031 73.397 73.871 74.275 74.542 74.687 75.079 75.557 75.919 76.176 76.46 76.794 77.065 77.342 77.861 78.163 78.223 78.704 78.621 79.067 79.183 79.492 80.231 80.486 80.879 81.407 82.211 82.175 81.647 81.37 81.838 81.765 82.582 82.427 83.001 82.177 82.03 82.177 82.407 82.885 82.579
61.177 61.458 61.703 61.979 62.26 62.476 62.688 62.826 62.967 63.182 63.781 64.948 65.857 66.63 67.265 67.567 67.774 68.027 68.316 68.65 69.017 69.386 69.782 70.161 70.521 70.9 71.303 71.693 72.066 72.403 72.723 73.045 73.386 73.748 74.153 74.443 74.594 74.978 75.423 75.721 76.028 76.337 76.593 76.922 77.273 77.373 77.734 78.031 78.192 79.137 81.4 79.493 79.319 79.534 79.803 80.089 82.389 81.249 80.741 80.848 80.797 80.959 81.121 81.799 86.474 86.708 82.73 81.658 81.881 82.419 82.037
60.95 61.217 61.478 61.719 62.001 62.211 62.376 62.547 62.709 62.973 63.714 64.41 66.657 66.542 66.875 67.23 67.46 67.718 67.986 68.311 68.675 69.052 69.451 69.804 70.205 70.571 70.933 71.323 71.695 72.057 72.396 72.721 73.062 73.377 73.677 73.983 74.305 74.48 74.789 75.399 76.43 76.514 76.305 76.463 76.685 77.022 77.333 77.408 79.101 80.795 82.177 79.051 78.959 81.016 81.602 80.576 80.478 80.457 80.163 80.274 80.965 80.862 80.559 81.421 86.735 87.833 82.083 81.257 81.346 81.425 81.538
60.702 60.974 61.241 61.5 61.754 61.974 62.119 62.297 62.463 62.751 63.597 64.399 65.893 65.999 66.535 66.911 67.165 67.437 67.663 67.988 68.34 68.7 69.088 69.458 69.851 70.201 70.578 70.971 71.349 71.712 72.057 72.415 72.761 73.068 73.347 73.606 73.971 74.351 74.538 75.479 75.673 75.853 75.787 76.086 76.36 76.703 76.759 77.008 80.643 80.866 78.679 78.087 81.513 85.861 85.936 82.112 79.334 79.604 79.646 82.849 83.164 84.385 84.117 82.162 81.059 84.748 82.131 80.764 80.905 81.259 81.331
60.492 60.752 61.022 61.265 61.513 61.723 61.897 62.06 62.257 62.661 64.64 64.026 64.844 65.59 66.203 66.54 66.819 67.069 67.359 67.665 68.032 68.4 68.754 69.121 69.522 69.854 70.223 70.626 71 71.391 71.756 72.087 72.417 72.72 73.041 73.375 73.707 74.461 74.295 74.514 74.561 75.129 75.353 75.615 75.836 76.98 76.418 76.672 77.35 77.322 77.476 77.971 81.281 86.763 87.47 83.093 79.14 79.149 79.188 82.911 87.911 87.969 85.192 87.647 84.236 85.453 83.007 84.207 84.87 82.176 80.676
60.225 60.507 60.786 61.04 61.28 61.497 61.653 61.836 62.044 62.379 63.129 63.761 64.523 65.288 65.714 66.024 66.404 66.7 67.009 67.377 67.774 68.163 68.514 68.829 69.22 69.57 69.937 70.301 70.672 71.055 71.421 71.796 72.168 72.494 72.921 73.134 73.613 73.957 74.122 74.168 74.408 74.547 74.932 75.154 75.856 76.699 76.014 76.463 77.281 77.512 77.362 77.59 78.589 82.548 83.194 79.909 78.393 78.407 78.811 82.99 87.448 87.197 87.47 88.554 86.49 89.135 89.272 87.291 85.352 84.634 80.651
59.961 60.256 60.501 60.773 61.021 61.268 61.493 61.682 61.925 62.344 62.854 63.535 64.031 65.108 65.615 65.686 66.076 66.353 66.614 67.006 67.388 67.774 68.146 68.492 68.88 69.294 69.643 70.042 70.396 70.782 71.123 71.496 71.881 72.222 72.581 72.947 74.428 73.699 73.969 74.431 76.913 77.068 76.263 77.958 76.68 75.513 75.679 76.422 78.318 78.959 78.197 78.286 78.267 78.679 79.269 79.236 78.949 78.017 79.874 79.951 83.428 84.929 85.187 85.53 83.896 86.262 85.735 86.607 85.599 83.072 80.505
59.751 60.003 60.28 60.545 60.801 61.051 61.295 61.505 61.805 62.174 62.728 63.229 63.712 64.368 65.391 65.404 65.765 65.947 66.221 66.723 66.949 67.577 67.908 68.038 68.369 68.848 69.263 69.643 70.025 70.431 70.735 71.26 71.86 73 72.314 73.034 72.824 73.418 73.285 75.449 77.318 79.371 77.874 77.989 75.304 74.594 74.962 75.46 75.945 76.75 76.978 76.681 77.158 77.826 78.145 78.929 77.817 77.657 78.63 78.883 79.657 79.614 79.992 81.248 80.388 82.033 82.331 81.715 81.921 81.218 80.238
59.519 59.794 60.061 60.328 60.58 60.805 61.053 61.295 61.585 61.981 62.691 63.199 63.808 64.293 64.619 64.963 65.26 65.509 65.876 66.267 66.45 67.031 67.436 67.493 67.849 68.779 68.827 69.782 70.464 70.679 70.181 70.669 71.135 71.769 71.725 72.545 72.953 73.695 73.609 73.765 74.166 74.047 73.962 74.076 74.142 74.053 74.217 75.012 76.535 76.632 75.312 76.215 76.937 76.504 76.875 76.401 76.524 76.741 76.9 77.471 77.761 78.082 77.764 78.31 79.166 80.02 79.486 79.627 79.759 79.924 80.229
59.257 59.525 59.8 60.064 60.332 60.559 60.796 61.043 61.304 62.195 62.463 63.07 63.412 63.993 64.198 64.368 64.792 65.067 65.412 65.724 66.014 66.331 66.839 66.805 68.652 69.297 68.224 68.8 68.952 69.281 69.485 69.928 70.534 71.167 70.867 71.289 72.29 72.852 74.077 72.534 72.958 72.713 72.936 72.99 73.288 73.44 73.45 73.736 74.221 75.858 74.438 74.823 75.277 75.364 75.676 75.533 75.607 76.6 77.032 76.483 76.577 76.767 76.97 76.772 77.054 77.351 77.678 78.141 78.048 78.06 78.583
59.05 59.342 59.588 59.816 60.117 60.315 60.555 60.802 61.042 61.959 62.381 62.809 63.15 63.584 63.839 64.054 64.343 64.687 64.948 65.125 65.455 65.754 66.029 66.385 66.69 67.047 67.532 68.185 68.655 68.771 68.902 69.162 69.638 69.978 70.319 70.399 70.76 71.072 73.478 71.899 71.593 72.521 72.755 72.162 72.402 72.458 72.67 73.019 73.321 74.852 73.747 73.436 74.069 74.606 76.236 76.248 74.759 75.021 76.228 75.395 75.447 75.394 75.713 76.443 75.806 77.621 78.284 77.247 76.546 77.446 77.831
58.862 59.109 59.368 59.607 59.91 60.086 60.303 60.529 61.063 65.42 62.624 62.807 63.078 63.365 63.629 63.882 64.152 64.419 64.688 64.957 65.224 65.532 65.835 66.143 66.438 66.749 67.053 67.671 67.993 68.151 68.293 68.585 69.679 69.905 69.817 70.457 71.451 71.383 72.3 71.433 71.713 71.968 72.234 71.591 72.183 71.812 72.595 72.257 72.469 72.694 72.374 72.761 72.503 74.19 74.43 73.71 74.201 74.05 73.813 74.024 74.378 74.248 74.638 74.996 75.02 75.732 75.567 75.123 75.867 78.146 78.518
58.683 58.91 59.172 59.393 59.677 59.871 60.093 60.311 60.916 62.44 62.04 62.694 62.999 63.238 63.466 63.701 63.971 64.228 64.492 64.79 65.089 65.405 65.701 65.985 66.258 66.553 66.88 67.16 67.452 67.713 67.956 68.203 68.502 68.822 68.969 69.2 69.487 69.644 69.887 70.057 70.516 70.608 70.566 70.699 70.875 70.992 71.21 71.324 71.488 72.086 71.75 72.602 72.217 71.965 72.14 73.406 73.259 74.292 73.341 74.692 74.21 73.444 73.637 73.654 74.226 74.477 74.124 74.187 75.118 76.999 76.435
58.471 58.717 58.952 59.178 59.439 59.635 59.878 60.044 60.947 63.035 62.182 62.643 62.89 63.073 63.291 63.547 63.811 64.084 64.35 64.633 64.9 65.202 65.494 65.776 66.042 66.349 66.627 66.944 67.214 67.484 67.791 68.036 68.286 68.514 68.752 68.969 69.161 69.351 69.539 69.734 69.897 70.038 70.154 70.277 70.371 70.453 70.554 70.646 70.733 70.902 70.942 71.238 72.162 71.243 71.242 71.458 71.869 72.347 72.107 72.487 73.302 73.672 72.783 74.019 73.488 73.48 73.166 73.64 75.104 75.214 74.315
58.259 58.515 58.769 58.976 59.23 59.449 59.643 59.85 60.525 62.588 64 62.547 62.735 62.902 63.131 63.413 63.692 63.951 64.202 64.492 64.763 65.05 65.326 65.61 65.889 66.172 66.431 66.723 67.023 67.283 67.56 67.827 68.071 68.293 68.541 68.738 68.932 69.108 69.308 69.466 69.665 69.789 69.917 70.034 70.156 70.255 70.301 70.363 70.418 70.477 70.522 70.567 70.601 70.641 70.664 70.763 70.829 70.903 71.059 71.133 71.315 71.532 71.623 72.233 72.467 72.273 72.331 72.634 73.588 73.174 73.106
