All_lidar/sz5587_DSM_2M.asc
ncols 500
nrows 500
xllcorner    455000
yllcorner    87000
cellsize     2
NODATA_value -9999
[rows 372 to 402 of 500, columns 340 to 407 of 500]
115.524 115.704 115.737 116.049 116.322 116.384 115.292 115.222 115.299 115.379 115.429 115.499 116.004 116.984 117.529 119.072 117.739 116.759 116.474 116.217 116.369 118.579 117.187 118.279 116.659 116.454 116.514 117.319 117.149 116.614 116.722 116.55 116.636 116.762 117.371 116.864 117.345 118.163 117.751 117.11 116.883 116.823 116.821 118.225 117.774 116.683 116.644 116.632 116.658 116.552 116.551 116.472 116.38 116.336 116.208 116.138 116.109 116.103 116.025 115.955 115.879 115.783 115.705 115.604 115.467 115.396 115.279 115.162
115.467 115.269 115.027 115.382 115.532 115.177 114.667 114.744 114.842 115.049 114.992 115.249 115.757 117.062 118.617 118.272 117.889 117.062 116.984 118.667 117.744 116.499 115.799 115.879 116.034 116.097 116.072 116.342 116.682 116.119 117.419 116.076 116.122 116.224 116.235 116.378 116.907 116.498 116.454 116.441 116.442 116.451 116.573 116.916 117.391 116.321 116.265 116.226 116.233 116.173 116.144 116.069 115.969 115.95 115.855 115.772 115.739 115.7 115.641 115.62 115.517 115.377 115.313 115.235 115.119 115.046 114.929 114.853
113.949 114.332 114.482 114.739 114.537 114.182 114.114 114.254 114.344 116.507 115.827 114.984 115.527 116.469 118.332 117.649 115.434 116.059 116.002 116.755 116.877 115.327 115.347 116.334 115.487 115.517 115.864 117.137 116.984 115.944 115.729 115.649 115.744 116.468 115.837 115.777 116.179 115.935 115.943 115.951 116.262 115.999 116.002 115.938 115.913 115.858 115.815 115.764 115.789 115.719 115.677 115.614 115.513 115.488 115.431 115.372 115.28 115.216 115.182 115.135 115.064 114.949 114.905 114.814 114.728 114.592 114.5 114.39
113.252 113.474 113.389 113.399 113.422 113.479 113.557 113.687 113.899 114.522 114.302 116.499 116.072 115.169 115.392 115.444 116.857 116.592 115.044 114.632 114.692 114.867 114.839 117.512 115.142 114.979 115.262 116.819 116.457 118.077 116.374 115.181 115.46 116.891 115.688 115.399 115.417 115.393 115.41 115.444 115.417 115.392 115.415 115.404 115.47 115.711 115.326 115.291 115.285 115.272 115.21 115.13 115.087 115.078 115.036 114.977 114.915 114.866 114.818 114.782 114.675 114.558 114.495 114.387 114.273 114.135 114.023 113.938
112.847 112.954 113.022 113.134 113.069 113.129 113.157 113.994 114.197 113.754 113.637 114.669 116.387 116.142 115.782 114.832 115.892 114.364 114.074 114.327 114.342 115.847 115.992 117.302 115.152 114.767 116.599 115.679 115.417 115.519 114.872 114.645 114.65 114.989 114.787 114.787 115.599 114.809 114.803 114.81 114.871 114.884 114.913 114.919 115.397 115.039 114.79 114.796 114.71 114.714 114.642 114.6 114.578 114.503 114.495 114.457 114.386 114.374 114.364 114.325 114.215 114.129 113.995 113.901 113.792 113.665 113.567 113.46
112.627 113.042 113.042 113.647 113.817 113.237 113.079 114.357 115.119 113.909 115.697 114.777 115.667 115.089 114.217 113.487 114.349 113.462 113.474 113.582 113.927 115.879 117.894 116.162 113.802 113.929 116.329 115.117 115.124 114.674 114.295 114.155 114.095 114.172 114.314 114.384 116.897 115.235 114.544 114.28 114.277 114.315 114.395 114.324 114.342 114.307 114.25 114.228 114.163 114.145 114.126 114.087 114.051 113.976 113.951 113.905 113.905 113.881 113.847 113.8 113.728 113.629 113.545 113.445 113.367 113.256 113.162 113.051
112.244 112.534 112.572 112.627 113.734 112.622 112.644 112.737 113.342 114.709 113.897 112.874 113.659 112.862 113.164 112.654 112.729 114.204 112.949 113.634 113.454 115.964 116.887 113.742 113.334 113.389 113.692 114.309 114.424 113.633 115.087 113.506 113.575 113.654 113.718 114.08 116.912 115.035 113.753 113.813 113.792 113.799 113.863 113.843 113.794 113.827 113.759 113.728 113.685 113.633 113.642 113.586 113.513 113.498 113.476 113.459 113.438 113.445 113.423 113.397 113.319 113.215 113.125 113.04 112.915 112.804 112.728 112.625
110.997 111.527 111.654 112.372 112.517 111.907 111.944 113.029 113.054 111.889 111.939 111.864 111.859 111.897 112.004 113.354 113.394 112.494 112.587 113.062 112.557 114.629 115.452 112.814 112.752 112.857 112.879 113.324 113.147 112.984 113.679 113.314 113.128 113.153 113.206 113.231 115.95 113.982 113.264 113.304 113.353 113.315 113.347 113.302 113.365 113.374 113.303 113.321 113.313 113.462 113.329 113.153 113.093 113.076 113.041 113.03 113.024 113.003 112.986 112.982 112.9 112.786 112.673 112.563 112.446 112.355 112.259 112.162
110.125 111.497 111.522 110.932 110.499 111.042 112.714 113.152 114.317 111.824 111.057 111.879 111.319 111.299 111.704 111.814 111.654 111.627 112.512 113.607 112.377 112.427 112.337 112.097 112.212 112.324 112.359 112.404 112.821 112.543 116.275 114.747 114.711 113.063 112.76 112.886 113.132 113.749 113.164 114.378 114.344 112.954 112.894 112.838 112.842 112.822 112.872 112.858 112.819 112.773 112.717 112.692 112.677 112.66 112.607 112.572 112.59 112.563 112.552 112.497 112.397 112.3 112.186 112.086 111.992 111.879 111.79 111.686
109.129 109.947 110.862 111.034 111.382 109.742 111.747 111.302 111.367 111.052 110.702 110.667 110.832 110.682 112.219 111.259 110.862 111.182 111.549 111.277 111.317 113.027 111.337 112.667 112.184 111.647 111.827 112.219 112.322 112.15 114.565 115.31 112.857 112.354 112.337 112.918 113.602 114.186 113.853 115.272 113.569 112.829 112.838 112.427 112.415 112.394 112.396 112.378 112.371 112.334 112.282 112.269 112.241 112.201 112.161 112.121 112.108 112.081 112.075 112.007 111.897 111.836 111.739 111.636 111.553 111.415 111.352 111.267
108.277 108.767 109.704 110.029 109.629 110.537 109.712 110.304 112.529 111.432 110.982 109.987 110.697 110.102 110.747 110.459 111.194 110.647 110.699 111.404 110.647 111.029 111.184 112.704 112.127 111.047 111.337 111.664 111.714 111.748 112.504 114.129 112.696 111.789 111.8 112.714 114.956 114.873 113.185 113.557 112.4 114.328 112.676 111.975 111.971 111.976 111.898 111.865 111.831 111.847 111.833 111.791 111.78 111.722 111.71 111.72 111.663 111.686 111.68 111.592 111.532 111.451 111.337 111.219 111.143 111.038 110.917 110.836
107.509 107.747 108.389 108.602 108.914 109.459 109.252 110.004 109.569 109.994 110.084 110.264 109.369 109.534 110.362 110.772 110.389 109.869 110.434 110.664 111.414 111.282 110.352 110.252 111.077 110.862 110.764 110.849 111.1 111.464 112.172 111.939 111.984 112.351 112.358 112.493 112.712 113.222 112.494 112.653 114.644 113.275 111.829 111.583 111.952 112.073 111.428 111.412 111.383 111.387 111.36 111.307 111.272 111.263 111.227 111.234 111.212 111.227 111.217 111.155 111.071 111.022 110.921 110.808 110.711 110.572 110.459 110.343
106.722 106.874 107.089 107.584 108.608 108.259 108.419 109.797 109.102 109.204 109.452 109.007 108.719 109.122 108.934 109.532 109.252 109.532 109.307 109.407 109.407 109.409 109.539 110.812 110.199 109.962 110.179 110.092 110.524 110.734 111.159 110.521 112.422 112.862 112.174 111.669 111.336 111.038 110.848 112.574 114.589 113.184 111.043 110.948 112.335 111.466 110.882 110.916 110.939 110.939 110.923 111.208 110.813 110.823 110.781 110.763 110.764 110.758 110.697 110.637 110.573 110.485 110.411 110.336 110.226 110.122 110.018 109.864
105.382 105.702 106.137 106.499 107.564 107.214 108.122 108.062 107.842 108.999 108.952 107.954 109.059 109.702 108.864 109.389 108.237 110.064 109.152 108.959 108.997 108.879 108.889 109.767 109.019 109.162 110.922 109.269 111.002 111.244 110.876 109.754 110.529 112.053 110.604 111.687 111.864 111.485 111.45 110.814 111.7 111.802 110.431 110.322 110.373 110.323 110.31 110.32 110.348 110.397 110.378 110.853 110.422 110.331 110.293 110.286 110.24 110.244 110.208 110.153 110.096 110.021 109.932 109.827 109.717 109.578 109.44 109.3
103.507 103.917 104.662 105.664 105.737 106.029 106.699 106.688 106.384 107.339 107.989 107.299 108.432 108.209 108.589 108.714 108.184 107.814 108.459 107.919 108.039 108.077 108.117 108.234 108.409 108.282 109.154 108.632 110.221 110.672 109.927 112.308 111.318 110.615 111.113 111.239 111.781 111.562 110.461 110.587 110.104 110.129 109.813 109.651 109.628 109.675 109.68 109.733 109.818 109.786 109.841 109.8 110.458 109.839 109.76 109.752 109.736 109.701 109.675 109.636 109.576 109.492 109.415 109.259 109.158 108.982 108.854 108.705
102.122 102.362 103.159 104.354 104.994 105.127 105.332 105.414 105.477 105.969 106.237 105.984 106.872 107.207 107.089 106.684 106.754 106.857 107.169 107.244 108.134 107.217 107.599 107.487 107.454 107.537 107.664 107.702 108.033 108.559 109.566 109.774 109.576 108.932 110.025 109.628 108.657 109.091 109.053 110.496 109.875 109.489 109.132 109.07 109.149 109.158 109.187 109.163 109.153 109.254 109.188 109.653 109.876 109.598 109.349 109.409 109.223 109.175 109.12 109.071 109.008 108.858 108.784 108.637 108.506 108.351 108.199 108.078
100.749 100.952 101.832 103.047 104.207 104.469 104.589 104.769 104.832 105.019 105.229 105.337 105.652 105.882 106.834 107.182 109.752 106.262 107.172 107.402 108.092 107.019 108.174 106.982 106.827 106.869 106.987 107.098 107.506 107.287 107.47 107.946 107.491 108.046 109.822 108.438 108.348 108.718 108.367 108.24 109.632 108.631 108.315 108.528 108.645 109.805 109.191 108.987 108.901 108.66 108.806 109.415 109.343 109.428 109.375 109.372 109.079 109.101 108.768 108.445 108.308 108.141 108.07 107.97 107.858 107.697 107.478 107.36
98.629 99.454 100.454 101.434 102.982 103.782 103.929 104.072 104.167 104.337 104.544 104.724 105.194 105.874 107.024 106.922 106.542 106.524 106.847 107.457 106.992 107.339 107.129 106.374 106.768 106.554 106.562 106.436 106.698 106.936 108.124 108.319 107.984 107.366 108.624 108.519 108.687 108.826 109.06 107.983 107.707 107.531 108.18 108.943 109.253 109.096 109.509 108.945 109.238 108.687 108.311 108.705 108.674 108.828 108.689 108.306 108.72 108.208 107.524 107.529 107.47 107.414 107.368 107.303 107.252 107.127 106.952 106.742
97.052 97.809 98.837 99.959 101.632 103.122 103.279 103.387 103.644 103.717 103.839 104.032 104.479 105.057 105.099 105.537 105.039 105.144 106.547 106.564 107.212 106.544 105.909 106.227 105.932 106.102 105.466 106.215 106.425 106.892 107.107 106.352 106.472 107.027 106.604 108.017 108.154 108.368 108.94 107.412 107.424 107.892 108.45 108.126 109.581 108.394 109.024 109.67 108.619 108.86 107.298 107.809 107.661 107.84 107.254 106.55 106.687 106.746 106.829 106.699 106.751 106.768 106.687 106.634 106.548 106.449 106.349 106.116
95.127 96.064 97.184 98.174 100.717 102.374 102.537 102.709 104.242 103.242 103.182 103.382 104.297 104.072 104.669 106.129 104.319 104.237 105.574 106.042 106.662 106.444 106.327 105.977 105.499 104.768 104.904 105.509 107.007 105.647 105.763 105.72 105.387 105.565 106.126 106.938 106.842 107.089 107.014 106.591 106.628 106.567 106.79 106.537 107.592 107.976 107.349 107.289 107.451 106.758 106.128 106.369 105.812 105.988 106.101 106.023 105.416 105.581 105.499 105.703 105.999 106.002 105.969 105.89 105.825 105.735 105.635 105.534
93.554 94.504 95.717 96.887 100.192 101.627 101.757 102.039 102.482 102.332 102.559 102.872 102.817 103.208 103.734 103.689 103.812 103.684 105.257 105.802 105.479 105.239 106.014 105.109 104.127 104.218 104.284 104.804 106.049 106.076 106.45 107.695 105.169 104.856 104.972 105.457 106.33 106.977 106.294 104.961 104.63 106.126 105.654 105.699 106.174 105.785 107.084 107.275 106.725 106.672 105.792 105.763 105.016 104.977 104.975 104.901 105.019 104.897 104.859 104.835 105.247 105.303 105.277 105.196 105.119 105.019 104.924 104.799
92.129 92.747 93.902 95.634 99.522 100.989 101.134 101.339 101.532 101.694 102.069 102.492 103.079 103.374 103.807 104.004 104.662 104.269 104.377 104.529 104.512 104.234 104.382 104.047 103.614 103.869 103.861 105.008 104.986 105.083 106.294 105.446 104.315 105.098 104.06 103.868 107.231 105.534 103.39 103.392 103.595 104.469 104.276 105.799 105.774 106.204 106.541 106.55 105.686 104.497 104.26 103.709 104.077 103.771 103.728 103.326 103.828 104.341 104.078 103.735 104.225 104.428 104.387 104.321 104.181 104.12 104.097 104.064
90.679 91.444 92.697 94.314 98.337 100.292 100.479 100.659 100.874 101.032 101.464 101.887 102.017 102.667 103.407 104.467 104.197 104.169 104.122 104.259 103.724 104.524 104.737 102.857 103.757 103.609 103.257 103.388 103.385 104.264 105.414 105.426 104.593 103.923 103.397 102.532 102.265 102.736 102.826 102.008 102.207 102.597 102.425 103.746 104.185 104.364 104.968 104.855 104.84 104.236 103.149 101.906 101.731 101.802 102.063 101.578 101.8 102.593 102.472 102.562 102.923 103.17 103.121 102.991 102.855 102.808 102.933 103.062
88.657 89.727 91.514 93.354 96.857 99.217 99.789 99.929 100.154 100.292 100.532 101.707 102.719 103.002 102.374 103.467 103.719 103.859 103.769 102.799 102.822 102.702 102.262 102.399 103.234 103.105 103.177 102.856 102.691 103.43 104.101 104.437 103.978 103.291 102.973 101.833 101.907 102.339 101.367 100.635 100.512 100.834 100.931 101.86 102.731 102.598 103.218 103.745 103.223 103.23 102.548 101.731 100.383 100.165 100.021 100.074 100.287 101.37 101.866 101.736 101.786 102.074 101.767 101.503 101.393 101.411 101.595 101.774
86.937 88.844 90.487 92.174 94.847 97.572 99.017 99.212 99.412 99.602 100.179 101.829 101.259 101.967 101.582 102.009 101.267 101.787 103.044 101.547 102.262 102.224 101.432 102.387 102.309 102.598 102.666 102.246 101.918 102.949 102.543 102.303 102.958 102.838 102.807 101.833 100.596 99.91 99.372 99.252 99.162 99.354 99.622 100.176 100.704 102.721 101.754 101.338 102.809 102.253 100.934 99.882 99.495 99.677 99.189 99.16 99.23 101.055 101.17 101.499 101.441 101.344 100.374 100.032 99.992 100.476 100.651 100.514
85.444 88.112 89.654 91.264 93.419 95.594 97.837 98.589 98.782 98.917 99.119 100.184 100.484 101.345 100.499 100.707 101.167 100.829 102.737 102.252 101.967 101.182 100.829 102.599 101.67 101.706 101.98 101.483 101.338 101.49 101.653 103.106 103.878 101.311 102.36 103.356 100.578 100.411 98.608 98.136 98.124 98.219 98.591 99.057 99.373 101.69 100.329 100.749 101.268 99.566 99.326 100.856 98.759 98.596 99.353 98.943 98.631 99.26 100.005 100.306 99.671 99.384 99.241 98.915 99.395 100.161 100.159 99.446
85.049 86.479 89.007 90.712 92.654 94.527 96.357 97.852 98.092 98.609 99.374 100.664 100.917 99.587 99.737 99.804 100.639 101.727 101.132 101.234 101.084 100.749 100.262 100.661 100.824 100.491 100.551 100.71 100.671 100.863 102.614 103.184 102.632 100.362 99.72 99.644 98.951 99.436 98.162 97.555 97.658 97.725 98.104 98.404 98.578 98.938 99.415 98.448 98.659 98.485 98.711 99.635 98.186 98.513 99.025 98.338 97.965 98.187 98.81 98.718 98.515 98.505 98.476 98.322 98.96 98.99 99.117 98.691
84.597 85.912 88.509 90.214 91.864 93.827 95.629 97.249 97.519 98.877 99.532 99.004 99.259 99.814 99.054 99.272 99.634 100.342 101.792 101.227 99.659 99.537 99.737 99.824 99.832 99.951 100.345 101.187 100.675 100.775 100.906 100.01 102.06 100.005 98.799 98.703 98.455 98.137 97.649 97.807 98.302 98.101 98.265 98.742 99.498 98.758 99.825 98.372 98.738 99.334 99 99.528 98.942 98.84 97.772 97.09 97.191 97.585 98.305 98.348 97.956 97.59 97.124 96.629 96.38 97.621 97.968 97.076
84.629 86.174 88.114 89.832 91.737 93.579 95.469 96.782 97.517 97.639 97.817 98.189 98.059 99.194 99.159 98.794 98.899 99.149 100.077 99.074 98.609 98.817 99.022 99.186 99.21 99.158 99.524 99.536 98.832 100.425 99.006 98.398 99.211 98.918 98.625 97.815 97.69 97.609 97.448 98.159 98.877 98.972 99.446 99.888 99.863 99.495 99.573 98.308 97.477 97.231 97.769 98.432 98.626 96.865 96.246 96.878 96.945 97.366 97.25 97.362 97.059 96.723 96.447 96.171 95.717 95.614 95.72 95.889
84.929 86.369 88.202 90.439 92.349 93.907 95.474 96.279 97.779 98.114 98.004 99.192 97.354 97.704 99.104 99.039 98.489 97.827 97.752 97.892 98.009 98.379 98.389 98.692 99.161 98.898 97.965 97.809 97.053 97.279 97.99 97.459 99.474 97.998 97.485 97.216 96.83 96.901 97.09 97.948 99.658 98.717 98.64 98.952 98.211 98.268 97.641 97.687 97.059 95.951 96.241 97.246 95.833 94.747 95.411 95.996 96.901 96.846 96.038 96.233 95.912 95.741 96.25 95.046 95.253 95.976 95.609 94.838
85.604 86.727 88.477 90.512 92.509 94.064 95.102 95.372 96.039 97.197 98.482 98.564 97.725 98.712 98.687 98.347 97.204 96.929 97.164 97.584 98.397 98.914 98.604 97.825 98.813 97.025 95.91 96.149 95.666 96.141 97.223 97.205 98.731 97.434 96.353 96.237 96.288 96.558 96.481 97.407 98.948 97.783 97.654 96.839 95.936 96.622 96.131 96.996 95.639 94.856 94.359 94.181 95.246 94.688 94.993 95.037 96.047 95.917 95.434 95.127 95.341 95.601 95.199 94.83 94.739 94.507 93.691 93.24
