All_lidar/sz5591_DSM_2M.asc
ncols 500
nrows 500
xllcorner    455000
yllcorner    91000
cellsize     2
NODATA_value -9999
[rows 288 to 319 of 500, columns 73 to 145 of 500]
13.268 22.395 19.945 10.793 6.833 10.585 17.758 16.123 15.945 17.478 9.593 8.8 8.773 12.63 9.98 9.393 13.628 20.753 16.358 12.15 15.503 14.57 18.143 10.243 6.665 5.24 7.288 18.468 16.635 10.413 7.185 14.515 15.698 8.323 15.99 12.34 7.203 22.618 30.05 19.738 12.385 9.5 9.863 10.085 9.313 10.398 26.7 28.293 25.245 22.64 10.398 10.323 10.34 12.59 26.92 22.053 18.2 13.113 10.995 12.835 11.34 11.43 11.678 11.743 12.08 12.325 12.515 12.705 12.965 13.723 14.53 13.285 13.448
11.64 19.168 20.178 12.175 6.543 7.083 12.05 21.485 21.995 10.373 6.66 10.538 9.653 20.718 22.675 13.723 16.27 13.788 9.133 14.875 13.698 9.93 16.355 17.44 7.368 4.825 15.083 16.758 8.103 6.398 6.93 8.49 8.115 9.078 18.01 18.67 14.725 24.64 24.838 16.295 13.513 14.478 9.125 9.235 11.398 20.093 27.568 29.075 26.598 16.145 12.683 10.698 11.148 11.078 13.003 11.068 10.925 11.233 11.25 11.888 11.52 11.73 16.87 12.155 12.398 12.623 13.055 13.16 13.263 13.225 13.77 14.418 14.898
8.03 12.293 14.638 8.783 6.698 6.33 8.265 9.703 19.598 19.908 7.883 10.375 11.5 19.45 16.723 8.655 17.52 16.825 10.903 12.528 5.578 5.235 7.76 7.613 10.7 8.785 13.075 22.565 22.4 8.505 8.27 9.47 12.668 9.315 9.94 18.24 16.92 16.638 12.453 14.035 19.918 15.328 10.61 13.768 17.35 19.458 12.453 18.02 13.923 14.293 18.198 10.603 11.395 11.243 11.065 11.095 11.265 11.485 11.698 13.523 11.873 16.86 20.138 12.485 13.313 13.295 13.223 13.318 13.41 13.508 13.713 13.888 13.898
6.288 8.98 10.97 12.538 8.208 6.473 6.84 20.358 15.578 16.485 7.255 17.16 19.068 14.758 13.6 5.23 11.328 17.483 15.023 6.063 4.698 6.475 8.62 5.383 7.615 11.55 10.183 21.31 23.188 9.888 7.685 8.013 12.538 11.35 9.445 15.223 11.423 8.965 8.91 8.945 11.338 11.428 13.473 15.238 12.38 10.138 10.16 10.228 10.345 11.05 10.663 10.833 11.025 11.215 11.42 11.453 11.513 11.638 12.76 17.228 12.4 12.348 12.51 12.805 13.593 13.158 13.753 13.55 13.673 13.763 13.943 13.96 14.123
6.26 16.09 11.103 10.935 6.03 14.125 11.898 15.03 14.975 16.14 7.85 11.458 18.633 5.445 8.273 4.35 7.338 17.675 14.983 8.993 5.483 5.805 6.873 6.038 9.76 14.475 13.205 17.105 14.01 7.825 8.083 8.195 8.43 9.16 14.135 8.793 8.92 9.113 9.145 9.18 10.53 16.973 18.258 12.9 10.143 10.275 10.365 10.498 10.703 10.805 10.943 11.168 11.49 11.61 11.668 11.773 11.848 11.89 11.975 12.668 12.478 14.22 15.545 13.77 13.268 19.465 17.9 14.295 13.92 14.07 14.17 14.208 14.323
4.963 6.618 8 5.565 4.823 6.215 4.758 4.935 7.698 7.878 6.71 7.138 13.248 4.983 6.343 4.575 5.218 14.688 14.4 12.523 9.918 6.118 6.365 6.52 6.93 19.523 25.72 24.788 19.04 10.105 8.26 8.385 8.633 10.82 16.895 8.955 9.018 9.483 9.348 9.54 11.523 18.563 18.59 13.918 10.503 10.585 10.713 10.893 11.073 11.088 11.22 11.418 11.588 11.735 11.858 11.878 12.105 12.225 12.293 12.465 12.778 16.72 17.305 14.585 13.493 13.948 18.79 14.81 14.293 14.303 14.345 14.478 14.518
4.555 13.98 17.525 7.593 4.345 4.228 4.25 4.423 9.44 4.508 4.395 11.158 5.628 8.02 8.353 5.483 5.413 8.588 13.89 18.288 16.765 12.655 14.448 7.03 7.313 17.823 27.438 29.66 27.573 20.94 9.288 8.593 8.835 10.395 14.97 10.038 11.785 9.463 9.728 9.793 9.97 10.48 11.28 11.013 10.723 10.803 10.885 11.14 11.31 11.355 11.503 11.615 11.673 11.903 12.078 12.485 12.335 12.578 12.515 16.298 15.363 14.798 13.733 13.625 13.833 14.075 14.283 14.338 14.41 14.57 14.495 14.59 14.645
4.905 11.738 15.908 4.233 3.97 3.84 3.713 3.975 8.88 5.903 4.473 12.06 10.273 12.053 15.008 15.423 13.198 7.333 6.913 14.763 20.043 19.063 13.37 7.375 7.465 14.01 25.293 29.245 16.815 13.248 9.688 9.598 10.148 9.23 11.31 9.395 10.36 9.62 9.788 10.05 10.105 10.183 10.405 11.658 10.92 11.058 11.27 11.445 11.585 11.698 11.713 11.84 14.14 15.268 13.695 13.208 13.605 12.71 17.845 28.513 22.14 15.388 13.755 13.995 14.188 14.308 14.33 14.453 14.575 15.198 15.538 15.265 15.108
7.003 5.808 7.993 4.035 5.555 5.463 3.693 5.213 8.625 9.283 4.938 9.07 16.643 18.348 16.845 22.54 11.583 7.358 6.505 11.435 10.143 17.105 12.118 7.43 7.685 11.54 16.608 22.328 8.47 8.73 8.958 14.715 9.108 9.24 9.403 9.528 9.745 9.798 10.058 10.305 10.278 10.468 10.703 10.945 11.22 11.345 12.213 12.235 11.853 11.953 14.11 12.79 15.71 21.54 12.478 13.105 13.363 14.728 25.325 31.948 30.773 26.885 14.178 14.253 14.47 14.615 14.543 14.633 14.788 15.198 20.245 26.108 27.185
10.448 5.75 4.71 8.808 12.903 6.655 4.363 12.54 6.628 10.588 6.87 6.625 11.288 15.673 16.68 19.475 17.923 9.638 6.75 12.103 15.018 12.218 7.528 7.678 7.945 8.078 8.2 10.315 8.7 8.873 9.105 9.355 9.42 12.253 9.518 9.765 9.768 9.958 10.158 10.35 10.555 11.15 12.795 11.455 11.333 11.483 11.695 12.115 11.988 12.105 18.618 15.253 12.31 18.213 12.953 12.895 13.13 14.315 26.718 28.055 31.32 16.44 14.383 14.468 16.408 14.728 14.735 14.795 14.953 15.53 24.255 33.028 33.74
4.868 7.325 9.288 15.333 16.953 12.96 6.963 16.4 15.48 16.918 16.18 6.095 5.67 13.38 16.873 17.47 13.795 8.72 6.965 13.323 18.863 7.37 7.633 7.795 8.015 8.188 8.415 8.728 8.853 10.638 11.45 9.25 9.435 11.3 9.733 9.87 10.043 10.205 10.313 10.58 10.763 12.503 18.07 12.778 11.608 11.803 11.913 12.015 13.155 12.378 13.758 12.465 12.915 17.685 13.083 13.278 13.65 13.805 15.218 20.428 19.728 14.37 14.488 14.578 14.773 14.825 16.683 15.205 16.123 17.248 21.978 29.438 30.218
3.458 4.57 5.998 17.825 17.078 13.04 8.445 15.253 17.673 17.63 15.81 7.818 5.865 11.758 13.353 18.22 14.075 7.01 7.193 11.143 10.483 7.61 8.638 8.428 8.133 8.323 8.665 8.89 9.128 18.57 21.94 9.375 9.618 13.6 10.108 10.19 10.418 10.54 10.533 10.755 11.105 11.52 11.39 14.935 14.208 11.935 12.183 12.405 13.348 12.653 12.685 13.338 14.645 21.578 13.468 13.73 13.87 14.003 14.143 14.283 14.473 14.535 14.825 14.743 19.855 16.653 25.35 16.433 15.985 15.73 15.5 18.6 16.123
5.138 7.615 4.538 6.78 5.983 12.915 11.688 6.323 8.455 11.855 8.228 9.558 12.67 14.018 12.12 9.188 14.995 7.188 7.675 18.663 14.013 7.838 8.143 8.275 8.433 8.638 8.95 9.145 9.408 10.438 13.52 9.755 10.568 21.705 10.328 10.393 10.518 10.74 11.933 11.015 11.213 11.365 12.788 16.788 22.45 12.103 12.465 12.858 12.695 12.863 13.048 17.54 19.673 20.76 13.908 14.058 14.163 14.238 14.408 14.73 17.845 14.805 15.035 17.908 22.69 15.055 21.788 18.925 15.623 15.588 15.883 16.033 15.905
3.878 4.235 5.18 6.958 13.325 11.448 6.638 5.398 18.05 20.173 8.138 7.495 13.845 17.45 12.333 7.77 12.16 9.76 8.23 10.885 9.355 8.073 8.38 8.713 15.89 12.183 11.16 9.59 9.545 9.78 9.898 10.143 14.073 22.483 11.113 13.323 10.785 11.11 11.06 11.19 11.393 14.333 14.568 12.358 17.758 12.438 12.68 12.985 13.073 13.143 13.438 17.98 15.763 14.7 13.993 14.2 14.56 14.528 14.71 14.808 14.833 14.88 15.03 15.11 16.79 16.728 20.553 17.275 15.598 15.685 16.603 16.685 16.3
4.283 7.375 4.785 5.795 17.093 7.275 5.488 6.128 6.488 10.958 9.61 13.645 17.77 20.598 16.768 7.605 7.563 7.625 7.83 7.905 8.163 8.375 8.748 16.635 25.095 24.338 17.038 9.8 9.755 10.035 10.173 10.383 10.588 18.595 15.985 19.665 11.178 11.263 11.398 11.5 15.66 24.043 16.738 13.408 12.405 13.213 13.285 13.228 13.41 13.41 13.648 13.998 14.718 17.113 14.298 15.348 14.533 14.585 14.793 14.855 14.83 14.928 15.06 16.283 19.33 17.36 16.705 15.535 15.59 15.6 15.633 15.71 15.895
4.698 4.953 5.31 5.208 5.383 5.535 5.748 5.93 6.135 6.428 6.855 10.443 15.293 16.563 11.458 7.62 9.023 12.563 8.193 8.405 8.538 9.648 11.485 14.098 22.803 18.22 11.52 9.91 10.015 12.908 11.97 10.535 10.673 17.268 22.528 20.925 18.84 12.615 11.743 11.915 20.395 26.105 22.14 13.905 12.745 17.498 18.953 13.725 13.785 13.908 14.053 15.145 14.388 14.335 16.025 17.09 14.56 14.698 14.738 14.933 15.185 15.178 15.198 15.285 15.308 15.343 15.365 15.395 15.413 15.478 15.503 15.54 15.61
5.148 5.343 8.47 7.5 8.213 5.855 8.128 6.38 6.505 6.688 6.83 7.045 7.23 7.515 9.558 8.678 15.625 12.368 8.62 8.893 8.995 9.285 9.538 9.623 13.783 11.75 10.038 10.053 10.14 15.765 19.803 10.818 10.923 20.27 20.598 13.845 21.735 11.81 11.905 12.033 12.705 12.37 17.675 14.268 13.088 13.488 15.958 15.84 14.458 14.135 14.42 14.53 14.518 14.485 14.393 17.703 15.138 14.978 15.18 15.633 15.188 15.173 15.175 15.215 15.24 15.318 15.388 15.59 15.828 15.763 16.098 15.97 15.843
6.99 5.985 12.115 14.245 11.568 6.21 7.85 10.063 6.963 7.37 7.068 7.168 7.515 7.81 9.488 8.768 8.6 8.99 9.045 9.343 9.46 9.558 9.938 10.103 10.14 10.128 10.13 10.225 10.4 10.715 12.82 10.928 11.213 12.155 18.555 23.883 14.068 12.3 17.818 12.223 12.385 12.625 12.833 13.098 13.318 13.713 14.313 14.27 14.345 14.233 14.245 14.41 14.575 14.52 14.823 15.12 15.015 15.213 15.173 15.09 15.108 15.183 15.238 15.29 15.383 15.495 16.138 15.798 15.9 16.878 16.975 16.355 16.203
15.495 8.47 14.34 15.96 10.945 6.898 8.873 10.79 13.008 8.53 7.683 7.43 7.743 8.035 9.355 9.473 9.628 9.198 9.445 9.748 9.73 9.86 10.113 10.265 10.14 10.26 10.305 10.53 10.648 10.788 11.01 11.368 13.945 18.86 21.673 21.313 12.053 14.745 18.44 12.515 12.848 12.983 13.3 14.31 14.325 14.1 14.36 14.425 14.84 14.648 14.288 14.593 15.41 15.418 15.158 14.983 15.02 14.983 15.01 15.095 15.145 15.26 15.428 15.675 16.625 16.223 16.103 16.16 16.333 16.463 16.328 16.565 16.593
14.213 7.078 7.145 8.515 6.655 10.893 19.2 18.263 13.238 9.383 13.255 7.853 8.103 8.56 10.003 10.545 14.15 10.403 9.698 9.965 10.05 10.248 10.295 10.385 10.405 12.175 11.1 10.8 10.963 11.115 11.315 11.503 12.225 16.233 16.15 12.338 12.498 13.828 15.195 12.898 13.188 13.54 13.66 13.655 14.015 14.273 15.075 14.665 15.203 14.875 15.368 15.088 15.355 15.295 14.965 14.905 14.948 15.128 15.083 15.158 15.24 15.503 16.388 19.345 16.29 16.13 16.138 16.138 16.198 16.338 16.298 16.495 16.58
9.005 6.5 6.475 6.723 7.288 9.523 13.413 12.383 8.51 7.788 8.883 8.255 8.495 8.868 9.078 13.498 20.71 19.678 10.14 10.183 10.388 10.33 10.34 10.468 16.3 21.758 15.473 11.108 11.293 11.47 11.673 11.818 12.028 12.245 12.43 12.475 12.848 14.533 19.038 15.015 13.608 13.748 13.848 13.85 14.09 14.975 14.973 15.005 15.223 14.875 14.823 14.783 14.793 14.815 14.873 14.918 16.41 23.363 20.848 19.59 16.353 16.13 20.465 25.625 18.5 16.065 16.163 16.235 16.23 16.358 16.388 16.535 16.553
8.075 10.47 7.513 10.81 7.543 9.663 7.108 7.688 7.683 8.195 8.458 8.435 8.703 9.013 9.185 9.43 23.34 21.153 13.625 11.358 10.34 10.43 10.583 10.7 10.903 11.735 11.805 12.033 11.735 11.78 11.978 14.478 13.338 12.548 12.873 13.023 13.103 13.61 17.503 17.243 13.685 14 13.885 14.683 14.76 15.393 15.065 14.79 14.57 14.625 14.685 14.728 15.033 14.853 14.923 15.073 23.263 31.043 30.445 26.163 15.863 15.985 18.035 26.27 17.255 16.61 16.255 16.365 16.353 16.378 16.538 16.603 16.643
12.273 14.703 10.558 13.295 6.983 7.448 7.57 8.605 8.125 8.63 8.605 8.705 8.89 9.335 9.515 9.743 14.323 20.31 19.568 10.323 10.565 10.698 10.865 10.96 11.145 11.33 11.503 11.94 12.063 12.08 12.263 13.35 12.65 12.915 13.203 13.9 13.43 14.01 14.588 14.558 14.313 15.245 15.74 15.493 14.808 14.605 14.523 14.535 14.563 14.613 14.715 18.02 20 19.415 15.975 17.778 21.658 33.995 33.308 27.27 16.945 16.025 16.12 16.138 18.15 20.01 16.488 16.358 16.455 16.56 16.76 16.713 16.745
13.373 14.093 15.405 8.773 7.245 7.42 7.683 8.05 8.355 8.595 8.713 8.948 9.19 9.53 9.963 14.16 15.463 10.638 10.475 10.633 10.76 10.908 11.053 11.278 11.48 14.375 12.79 12.035 12.238 12.303 12.46 12.695 13.03 13.223 13.218 13.22 13.443 14.77 13.893 15.29 15.11 14.913 14.73 14.403 14.383 14.455 14.498 14.573 14.62 14.69 16.063 21.855 26.363 25.028 20.355 24.333 23.55 27.665 31.008 23.488 21.795 21.08 16.185 18.54 24.925 24.48 16.418 16.5 16.585 16.64 16.735 16.788 16.765
10.533 7.35 8.525 7.325 7.413 7.713 8 8.365 8.775 8.835 9.03 9.26 9.525 9.86 10.145 21.398 27.005 15.765 10.918 10.853 11.008 11.068 11.283 11.548 11.845 14.41 12.07 12.26 12.463 12.578 12.723 12.913 14.11 13.45 13.33 13.445 14.51 14.65 15.073 14.685 14.27 14.353 14.268 14.333 14.373 14.505 14.588 14.963 14.643 14.808 18.953 19.178 25.748 19.44 21.108 26.705 21.965 15.793 16.195 16.058 19.855 23.793 19.598 23.938 26.52 25.633 23.733 18.3 16.923 16.73 16.86 17.105 16.81
7.17 7.453 7.6 7.605 7.918 8.095 8.41 8.628 8.928 12.795 9.248 9.625 13.285 10.675 10.338 21.195 27.73 14.223 10.94 11.208 11.313 11.458 11.66 11.965 12.195 12.393 12.45 12.608 12.633 12.735 12.89 13.01 13.678 13.838 15.253 15.053 14.833 14.473 14.205 14.058 14.148 14.185 14.24 14.448 14.793 14.57 15.36 21.355 19.148 19.113 16.268 16.373 20.09 16.898 16.485 19.673 16.453 18.19 19.79 19.768 19.188 23.563 25.68 26.618 20.745 25.89 27.613 20.07 16.775 16.858 16.885 17 19.073
7.658 7.843 8.01 8.12 8.393 8.53 8.8 9.463 9.105 10.048 9.665 10.065 14.37 10.603 10.99 13.548 17.833 11.878 18.08 16.308 11.63 11.788 11.963 12.333 12.533 12.768 12.785 12.923 12.898 12.998 13.088 13.465 15.443 13.768 14.013 13.968 13.92 13.98 14.05 14.08 14.445 14.29 14.65 14.623 14.503 15.323 21.698 27.928 26.245 19.563 16.368 15.398 15.48 15.575 16.133 15.995 17.605 22.965 23.203 26.045 24.063 22.835 24.098 24.613 20.09 27.38 26.86 17.44 16.945 17.063 17.025 17.183 17.098
8.04 8.265 8.288 8.455 8.723 8.925 9.098 16.38 21.665 18.628 10.413 10.97 10.345 11.29 12.56 11.908 16.16 19.86 26.875 18.485 11.988 12.275 12.948 12.66 12.8 12.808 12.9 13.75 13.938 13.248 13.758 14.953 15.043 13.863 13.873 13.943 14.008 14.1 14.243 16.598 20.28 19.058 18.33 15.01 15.063 15.625 21.163 27.27 26.805 17.965 16.133 15.528 15.593 17.318 24.673 22.575 19.318 22.85 26.475 26.44 24.363 18.583 18.355 17.098 18.398 23.688 23.16 17.225 17.183 18.513 17.103 18.828 20.183
8.25 8.755 8.52 8.785 9.47 9.095 12.273 20.798 27.39 27.15 12.548 10.908 10.438 16.92 23.938 23.083 27.515 28.735 29.458 22.528 14.003 13.363 12.97 12.708 12.915 12.865 13.64 14.18 15.263 14.543 14.13 13.755 13.87 13.803 13.885 14.173 14.305 14.775 14.305 14.59 22.468 26.158 25.968 18.323 15.518 16.958 16.34 17.968 15.453 16.688 19.975 19.713 18.125 20.025 24.503 23.193 20.58 26.705 26.31 25.645 23.853 16.58 16.623 16.768 16.733 16.758 17.205 16.985 17.033 17.168 17.393 22.99 25.153
8.545 8.79 8.88 9.028 10.633 9.48 15.058 25.343 29.255 27.958 11.678 10.54 16.815 22.375 29.125 27.503 28.103 31.015 26.765 20.973 12.518 13.05 12.63 14.093 13.398 13.525 14.045 14.43 14.168 13.663 13.64 13.718 13.863 14.348 14.808 14.45 14.4 14.24 14.413 14.525 22.268 26.825 23.578 16.358 22.635 23.618 17.42 15.328 15.463 16.97 25.845 26.078 25.178 16.79 18.533 18.803 21.555 22.565 21.173 17.885 20.148 16.578 16.653 16.723 16.813 19.805 20.348 17.188 17.083 21.598 25.973 29.423 20.685
13.768 12.08 9.17 9.338 9.46 9.67 10.66 13.248 19.843 19.455 11.075 11.773 11.39 19.768 24.385 23.615 25.358 27.153 24.49 15.685 13.1 13 13.333 13.99 14.078 13.688 13.43 13.458 13.545 13.64 13.965 13.87 14.248 15.365 15.283 14.195 14.373 14.418 14.63 15.015 17.945 20.733 16.59 15.308 16.603 19.03 20.26 15.548 15.578 15.67 20.633 25.758 18.323 16.02 22.368 25.325 21.643 19.835 25.138 20.328 16.51 16.625 16.738 17.015 17.62 24.478 25.258 18.705 17.2 26.735 36.468 32.968 20.438
18.663 17.685 10.858 9.6 9.82 10.035 9.963 10.175 10.323 10.498 10.695 10.878 11.158 13.793 12.528 22.418 19.758 22.62 21.015 13.445 12.848 13.5 13.4 13.455 13.285 13.323 13.39 13.563 13.675 13.855 14.2 13.813 13.903 14.103 14.883 14.915 15.92 14.845 14.765 14.91 14.93 15.22 15.65 15.27 15.34 15.375 23.41 21.325 15.663 15.773 15.94 16.683 16.475 16.038 18.888 21.538 17.58 16.545 21.938 17.785 16.625 16.75 21.265 25.673 20.23 17.035 18.848 17.595 18.478 34.155 38.16 34.113 21.56
