All_lidar/sz5594_DSM_2M.asc
ncols 500
nrows 500
xllcorner    455000
yllcorner    94000
cellsize     2
NODATA_value -9999
[rows 384 to 415 of 500, columns 74 to 147 of 500]
2.258 2.283 2.271 2.293 2.281 2.273 2.253 2.266 2.236 2.233 2.236 2.256 2.281 2.298 2.288 2.278 2.261 2.251 2.236 2.248 2.258 2.286 2.318 2.293 2.286 2.271 2.276 2.281 2.228 2.236 2.248 2.226 2.218 2.223 2.236 2.228 2.303 2.223 2.216 2.216 2.243 2.223 2.243 2.196 2.208 2.158 2.233 2.213 2.206 2.201 2.208 2.198 2.151 2.241 2.223 2.236 2.271 2.251 2.296 2.311 2.223 2.211 2.206 2.243 2.213 2.246 2.241 2.373 2.258 2.268 2.208 2.178 2.241 2.246
2.213 2.268 2.271 2.283 2.248 2.256 2.283 2.243 2.263 2.211 2.248 2.253 2.286 2.261 2.316 2.283 2.246 2.251 2.213 2.271 2.273 2.283 2.303 2.291 2.266 2.266 2.263 2.233 2.273 2.236 2.221 2.246 2.261 2.221 2.206 2.206 2.236 2.236 2.216 2.211 2.228 2.211 2.193 2.221 2.203 2.216 2.228 2.226 2.231 2.246 2.223 2.213 2.211 2.236 2.261 2.263 2.241 2.253 2.133 2.221 2.218 2.248 2.246 2.236 2.226 2.231 2.291 2.236 2.248 2.261 2.213 2.221 2.343 2.206
2.263 2.238 2.263 2.278 2.251 2.243 2.248 2.253 2.266 2.268 2.281 2.261 2.273 2.271 2.268 2.283 2.271 2.236 2.226 2.256 2.261 2.266 2.306 2.303 2.281 2.281 2.256 2.243 2.228 2.243 2.226 2.213 2.233 2.221 2.261 2.221 2.246 2.221 2.201 2.216 2.238 2.228 2.196 2.221 2.221 2.191 2.191 2.211 2.203 2.231 2.186 2.203 2.191 2.226 2.258 2.256 2.223 2.238 2.213 2.288 2.216 2.238 2.241 2.188 2.181 2.246 2.266 2.291 2.233 2.166 2.283 2.248 2.253 2.281
2.286 2.251 2.241 2.241 2.218 2.241 2.218 2.261 2.233 2.256 2.271 2.228 2.266 2.276 2.296 2.283 2.253 2.226 2.216 2.273 2.281 2.286 2.266 2.288 2.293 2.293 2.251 2.268 2.253 2.231 2.271 2.241 2.216 2.208 2.218 2.201 2.236 2.241 2.176 2.191 2.206 2.203 2.241 2.266 2.173 2.291 2.233 2.223 2.236 2.221 2.248 2.206 2.191 2.198 2.136 2.186 2.241 2.261 2.221 2.228 2.238 2.221 2.273 2.251 2.221 2.246 2.296 2.278 2.236 2.176 2.168 2.206 2.251 2.238
2.268 2.286 2.268 2.243 2.248 2.246 2.231 2.251 2.231 2.258 2.266 2.233 2.266 2.251 2.281 2.273 2.266 2.238 2.238 2.281 2.256 2.251 2.286 2.286 2.318 2.251 2.261 2.261 2.266 2.241 2.233 2.223 2.228 2.216 2.226 2.226 2.231 2.228 2.231 2.211 2.193 2.196 2.176 2.266 2.196 2.198 2.163 2.206 2.251 2.273 2.263 2.223 2.201 2.211 2.238 2.208 2.263 2.268 2.203 2.226 2.223 2.213 2.231 2.293 2.246 2.218 2.273 2.236 2.208 2.186 2.271 2.213 2.198 2.213
2.273 2.278 2.258 2.218 2.251 2.256 2.228 2.231 2.251 2.253 2.246 2.251 2.243 2.238 2.246 2.266 2.261 2.266 2.263 2.266 2.256 2.271 2.273 2.283 2.273 2.286 2.266 2.238 2.273 2.263 2.258 2.253 2.251 2.226 2.218 2.251 2.231 2.233 2.213 2.228 2.236 2.181 2.211 2.178 2.248 2.161 2.206 2.198 2.248 2.226 2.248 2.248 2.181 2.173 2.226 2.248 2.241 2.246 2.258 2.256 2.221 2.268 2.231 2.228 2.256 2.273 2.333 2.223 2.271 2.266 2.223 2.223 2.218 2.246
2.261 2.273 2.283 2.268 2.231 2.266 2.263 2.243 2.261 2.263 2.276 2.253 2.293 2.233 2.256 2.258 2.313 2.286 2.273 2.263 2.261 2.253 2.248 2.251 2.296 2.266 2.243 2.256 2.288 2.261 2.226 2.241 2.238 2.206 2.216 2.226 2.233 2.223 2.218 2.201 2.208 2.213 2.233 2.206 2.218 2.201 2.203 2.206 2.211 2.238 2.213 2.206 2.198 2.153 2.166 2.211 2.208 2.266 2.271 2.248 2.213 2.248 2.248 2.251 2.271 2.278 2.236 2.236 2.228 2.223 2.248 2.231 2.193 2.311
2.311 2.318 2.298 2.278 2.248 2.241 2.258 2.271 2.298 2.261 2.273 2.256 2.268 2.271 2.263 2.323 2.273 2.288 2.281 2.248 2.233 2.251 2.256 2.253 2.266 2.253 2.273 2.288 2.276 2.273 2.273 2.306 2.251 2.223 2.231 2.201 2.231 2.256 2.213 2.208 2.221 2.213 2.211 2.213 2.186 2.201 2.196 2.211 2.231 2.233 2.231 2.186 2.158 2.186 2.193 2.206 2.211 2.253 2.278 2.273 2.273 2.308 2.233 2.226 2.198 2.241 2.288 2.306 2.266 2.228 2.233 2.246 2.151 2.226
2.271 2.278 2.261 2.271 2.238 2.231 2.273 2.253 2.261 2.238 2.266 2.258 2.273 2.256 2.286 2.258 2.251 2.271 2.291 2.261 2.238 2.253 2.248 2.278 2.278 2.258 2.281 2.268 2.288 2.281 2.273 2.273 2.233 2.233 2.228 2.233 2.218 2.193 2.241 2.228 2.243 2.266 2.223 2.223 2.228 2.176 2.208 2.231 2.246 2.226 2.188 2.226 2.243 2.218 2.211 2.243 2.241 2.231 2.213 2.281 2.218 2.283 2.221 2.251 2.261 2.223 2.253 2.253 2.223 2.243 2.283 2.228 2.203 2.226
2.213 2.273 2.298 2.253 2.251 2.243 2.251 2.313 2.251 2.296 2.288 2.251 2.271 2.266 2.263 2.248 2.241 2.241 2.246 2.281 2.241 2.261 2.228 2.246 2.281 2.268 2.306 2.298 2.263 2.253 2.271 2.238 2.226 2.243 2.253 2.258 2.261 2.223 2.241 2.251 2.226 2.256 2.203 2.238 2.208 2.216 2.253 2.278 2.216 2.211 2.241 2.253 2.238 2.181 2.238 2.216 2.248 2.263 2.213 2.251 2.246 2.223 2.198 2.241 2.283 2.208 2.208 2.278 2.236 2.283 2.288 2.253 2.228 2.201
2.238 2.283 2.236 2.238 2.228 2.276 2.243 2.221 2.193 2.283 2.248 2.263 2.243 2.261 2.273 2.278 2.246 2.251 2.243 2.261 2.268 2.263 2.241 2.213 2.281 2.273 2.278 2.266 2.268 2.273 2.278 2.261 2.263 2.253 2.221 2.226 2.253 2.203 2.251 2.256 2.261 2.318 2.231 2.203 2.228 2.221 2.241 2.231 2.223 2.211 2.231 2.198 2.206 2.206 2.213 2.218 2.241 2.203 2.243 2.263 2.223 2.143 2.198 2.231 2.241 2.231 2.218 2.271 2.373 2.278 2.276 2.228 2.193 2.253
2.216 2.216 2.241 2.228 2.248 2.221 2.218 2.201 2.223 2.223 2.241 2.216 2.246 2.231 2.273 2.256 2.223 2.226 2.236 2.243 2.283 2.261 2.233 2.241 2.256 2.256 2.273 2.268 2.243 2.236 2.251 2.266 2.256 2.246 2.233 2.251 2.241 2.228 2.251 2.243 2.213 2.241 2.198 2.221 2.238 2.236 2.253 2.241 2.203 2.241 2.243 2.211 2.248 2.283 2.198 2.283 2.248 2.256 2.233 2.228 2.193 2.176 2.191 2.246 2.188 2.131 2.236 2.253 2.293 2.288 2.311 2.283 2.231 2.218
2.231 2.213 2.226 2.246 2.248 2.246 2.198 2.193 2.191 2.216 2.218 2.236 2.231 2.228 2.243 2.221 2.273 2.216 2.221 2.216 2.221 2.233 2.223 2.251 2.231 2.253 2.256 2.271 2.261 2.261 2.253 2.243 2.233 2.238 2.203 2.246 2.216 2.216 2.166 2.241 2.236 2.221 2.208 2.216 2.203 2.226 2.238 2.243 2.266 2.231 2.218 2.208 2.196 2.263 2.203 2.231 2.251 2.253 2.251 2.281 2.211 2.191 2.208 2.203 2.416 2.233 2.238 2.238 2.246 2.301 2.386 2.233 2.251 2.251
2.261 2.241 2.241 2.231 2.226 2.243 2.241 2.213 2.211 2.206 2.218 2.231 2.228 2.228 2.261 2.271 2.248 2.206 2.211 2.231 2.228 2.196 2.248 2.246 2.246 2.268 2.266 2.233 2.231 2.253 2.261 2.261 2.261 2.231 2.251 2.251 2.238 2.243 2.211 2.266 2.241 2.216 2.256 2.216 2.228 2.261 2.258 2.268 2.221 2.241 2.223 2.218 2.193 2.223 2.253 2.213 2.228 2.186 2.186 2.268 2.233 2.226 2.216 2.213 2.233 2.253 2.258 2.236 2.296 2.296 2.283 2.216 2.213 2.271
2.258 2.241 2.198 2.236 2.251 2.268 2.266 2.243 2.221 2.201 2.203 2.258 2.263 2.263 2.263 2.263 2.233 2.218 2.203 2.211 2.218 2.213 2.213 2.261 2.283 2.261 2.281 2.233 2.228 2.228 2.233 2.241 2.198 2.181 2.218 2.236 2.188 2.211 2.216 2.211 2.191 2.218 2.211 2.228 2.218 2.236 2.226 2.246 2.208 2.213 2.241 2.216 2.201 2.173 2.201 2.178 2.238 2.198 2.216 2.296 2.161 2.221 2.223 2.208 2.211 2.273 2.206 2.261 2.271 2.281 2.246 2.223 2.231 2.336
2.246 2.261 2.236 2.241 2.268 2.246 2.253 2.238 2.226 2.243 2.231 2.216 2.253 2.236 2.263 2.263 2.238 2.243 2.238 2.211 2.211 2.228 2.231 2.271 2.251 2.268 2.273 2.253 2.241 2.243 2.251 2.238 2.268 2.273 2.236 2.226 2.223 2.241 2.241 2.238 2.193 2.256 2.226 2.228 2.248 2.231 2.261 2.213 2.193 2.231 2.251 2.263 2.246 2.211 2.233 2.231 2.256 2.226 2.241 2.251 2.176 2.233 2.248 2.203 2.271 2.248 2.226 2.263 2.261 2.316 2.223 2.261 2.228 2.231
2.246 2.248 2.236 2.243 2.258 2.253 2.266 2.238 2.226 2.251 2.258 2.276 2.258 2.258 2.273 2.263 2.226 2.243 2.238 2.226 2.216 2.246 2.248 2.263 2.288 2.271 2.261 2.258 2.268 2.253 2.263 2.271 2.246 2.238 2.241 2.256 2.213 2.196 2.246 2.218 2.201 2.228 2.196 2.218 2.216 2.221 2.203 2.206 2.211 2.248 2.261 2.223 2.243 2.233 2.251 2.256 2.316 2.258 2.248 2.258 2.196 2.261 2.166 2.173 2.218 2.293 2.251 2.256 2.218 2.216 2.258 2.243 2.256 2.246
2.271 2.228 2.241 2.276 2.266 2.241 2.281 2.266 2.251 2.236 2.221 2.238 2.253 2.258 2.241 2.253 2.226 2.221 2.208 2.228 2.223 2.231 2.256 2.263 2.286 2.246 2.253 2.266 2.251 2.258 2.241 2.233 2.263 2.228 2.231 2.238 2.236 2.216 2.241 2.213 2.221 2.216 2.218 2.266 2.226 2.221 2.211 2.218 2.213 2.246 2.248 2.241 2.291 2.248 2.293 2.276 2.251 2.248 2.296 2.221 2.221 2.213 2.188 2.216 2.183 2.243 2.248 2.273 2.253 2.276 2.281 2.256 2.246 2.238
2.276 2.243 2.231 2.236 2.273 2.231 2.248 2.256 2.253 2.231 2.206 2.236 2.236 2.231 2.243 2.236 2.253 2.208 2.221 2.233 2.238 2.231 2.231 2.228 2.238 2.246 2.271 2.241 2.246 2.258 2.258 2.243 2.203 2.168 2.241 2.233 2.233 2.251 2.203 2.208 2.236 2.231 2.236 2.256 2.246 2.236 2.216 2.236 2.221 2.286 2.273 2.233 2.268 2.311 2.251 2.256 2.241 2.233 2.236 2.251 2.316 2.253 2.193 2.201 2.191 2.226 2.261 2.281 2.323 2.273 2.223 2.258 2.178 2.261
2.236 2.258 2.233 2.238 2.236 2.228 2.231 2.256 2.266 2.248 2.241 2.261 2.243 2.228 2.238 2.243 2.241 2.206 2.253 2.226 2.221 2.261 2.221 2.263 2.268 2.253 2.243 2.243 2.241 2.236 2.258 2.213 2.231 2.216 2.243 2.251 2.221 2.228 2.241 2.211 2.236 2.231 2.213 2.223 2.238 2.228 2.241 2.251 2.243 2.291 2.301 2.211 2.286 2.238 2.211 2.231 2.226 2.223 2.228 2.246 2.268 2.261 2.218 2.193 2.233 2.196 2.231 2.358 2.318 2.298 2.248 2.273 2.278 2.241
2.246 2.236 2.206 2.218 2.226 2.243 2.226 2.263 2.251 2.281 2.263 2.261 2.251 2.263 2.231 2.236 2.253 2.253 2.236 2.243 2.248 2.203 2.198 2.241 2.243 2.238 2.236 2.248 2.241 2.276 2.253 2.301 2.303 2.211 2.231 2.203 2.201 2.208 2.223 2.261 2.263 2.243 2.251 2.253 2.241 2.251 2.238 2.216 2.246 2.196 2.241 2.226 2.283 2.233 2.228 2.228 2.241 2.236 2.258 2.253 2.266 2.238 2.258 2.198 2.176 2.168 2.251 2.328 2.248 2.271 2.266 2.216 2.286 2.253
2.233 2.226 2.213 2.216 2.223 2.251 2.253 2.246 2.241 2.236 2.253 2.271 2.241 2.241 2.231 2.231 2.231 2.213 2.216 2.228 2.228 2.208 2.203 2.216 2.231 2.253 2.236 2.226 2.248 2.231 2.258 2.256 2.276 2.236 2.288 2.243 2.216 2.231 2.253 2.243 2.238 2.261 2.218 2.236 2.226 2.248 2.233 2.218 2.236 2.193 2.216 2.171 2.246 2.231 2.238 2.258 2.258 2.208 2.238 2.253 2.266 2.241 2.193 2.151 2.181 2.196 2.248 2.251 2.261 2.238 2.258 2.241 2.263 2.193
2.218 2.228 2.238 2.243 2.228 2.256 2.261 2.256 2.276 2.256 2.243 2.241 2.228 2.246 2.231 2.233 2.248 2.218 2.206 2.218 2.198 2.188 2.226 2.248 2.241 2.253 2.251 2.208 2.228 2.258 2.258 2.263 2.288 2.246 2.236 2.221 2.238 2.288 2.273 2.238 2.221 2.238 2.216 2.248 2.256 2.253 2.208 2.213 2.238 2.258 2.216 2.228 2.233 2.258 2.306 2.303 2.248 2.303 2.211 2.238 2.246 2.236 2.193 2.226 2.218 2.213 2.208 2.316 2.283 2.291 2.231 2.251 2.231 2.228
2.226 2.231 2.268 2.253 2.256 2.246 2.246 2.251 2.263 2.248 2.256 2.223 2.238 2.238 2.218 2.233 2.213 2.226 2.203 2.223 2.191 2.203 2.223 2.223 2.263 2.261 2.241 2.241 2.183 2.196 2.208 2.258 2.248 2.251 2.191 2.203 2.188 2.236 2.251 2.246 2.258 2.266 2.223 2.246 2.221 2.211 2.193 2.213 2.273 2.221 2.268 2.258 2.253 2.223 2.263 2.251 2.268 2.231 2.236 2.261 2.233 2.223 2.221 2.233 2.213 2.208 2.193 2.231 2.186 2.218 2.273 2.261 2.263 2.221
2.238 2.223 2.266 2.238 2.243 2.246 2.258 2.263 2.276 2.273 2.248 2.231 2.246 2.241 2.231 2.213 2.201 2.231 2.241 2.211 2.196 2.196 2.208 2.233 2.228 2.243 2.216 2.216 2.223 2.228 2.233 2.251 2.218 2.211 2.223 2.218 2.216 2.213 2.198 2.256 2.233 2.263 2.238 2.231 2.233 2.248 2.211 2.243 2.218 2.221 2.213 2.213 2.203 2.256 2.258 2.246 2.283 2.258 2.198 2.243 2.238 2.226 2.226 2.181 2.203 2.141 2.168 2.213 2.208 2.213 2.251 2.246 2.293 2.268
2.236 2.246 2.233 2.238 2.238 2.231 2.231 2.253 2.253 2.256 2.248 2.258 2.236 2.193 2.196 2.198 2.201 2.208 2.226 2.213 2.206 2.211 2.236 2.246 2.221 2.238 2.233 2.266 2.236 2.236 2.221 2.211 2.228 2.201 2.233 2.231 2.228 2.221 2.206 2.216 2.238 2.256 2.233 2.201 2.231 2.201 2.181 2.186 2.201 2.203 2.201 2.216 2.201 2.223 2.251 2.276 2.271 2.293 2.253 2.288 2.251 2.248 2.228 2.193 2.186 2.193 2.168 2.176 2.206 2.206 2.231 2.233 2.271 2.263
2.208 2.208 2.226 2.233 2.233 2.258 2.258 2.256 2.273 2.273 2.263 2.213 2.223 2.218 2.216 2.213 2.203 2.226 2.221 2.228 2.193 2.183 2.188 2.208 2.203 2.233 2.231 2.243 2.243 2.253 2.208 2.193 2.203 2.216 2.263 2.246 2.218 2.238 2.228 2.216 2.233 2.248 2.246 2.241 2.196 2.201 2.201 2.196 2.226 2.226 2.241 2.213 2.233 2.293 2.276 2.263 2.298 2.323 2.271 2.253 2.271 2.246 2.218 2.158 2.213 2.248 2.193 2.206 2.291 2.273 2.248 2.253 2.238 2.193
2.178 2.206 2.213 2.256 2.226 2.228 2.256 2.256 2.251 2.266 2.268 2.231 2.238 2.241 2.236 2.216 2.198 2.206 2.216 2.166 2.223 2.196 2.213 2.233 2.226 2.238 2.226 2.226 2.241 2.208 2.173 2.223 2.251 2.251 2.271 2.266 2.248 2.213 2.256 2.226 2.223 2.221 2.226 2.253 2.193 2.191 2.191 2.228 2.178 2.221 2.216 2.236 2.223 2.213 2.258 2.273 2.291 2.296 2.283 2.243 2.296 2.258 2.256 2.221 2.213 2.183 2.253 2.168 2.231 2.201 2.218 2.256 2.241 2.286
2.213 2.216 2.223 2.253 2.253 2.228 2.241 2.246 2.251 2.236 2.243 2.253 2.243 2.241 2.246 2.248 2.206 2.203 2.216 2.223 2.208 2.198 2.218 2.211 2.226 2.213 2.223 2.246 2.206 2.228 2.226 2.216 2.241 2.238 2.246 2.238 2.256 2.258 2.238 2.198 2.213 2.218 2.233 2.243 2.233 2.231 2.218 2.211 2.208 2.226 2.236 2.241 2.176 2.198 2.251 2.243 2.201 2.276 2.336 2.263 2.236 2.268 2.241 2.261 2.263 2.171 2.221 2.233 2.218 2.253 2.251 2.199 2.228 2.236
2.218 2.191 2.231 2.231 2.223 2.248 2.258 2.246 2.248 2.248 2.253 2.261 2.263 2.266 2.278 2.251 2.238 2.226 2.213 2.231 2.193 2.241 2.218 2.236 2.208 2.198 2.326 2.246 2.213 2.246 2.223 2.231 2.216 2.236 2.223 2.226 2.236 2.266 2.226 2.226 2.191 2.198 2.238 2.281 2.273 2.233 2.233 2.226 2.208 2.218 2.233 2.261 2.196 2.203 2.203 2.241 2.191 2.236 2.278 2.246 2.268 2.243 2.196 2.153 2.226 2.186 2.281 2.216 2.173 2.173 2.093 1.93 1.847 1.684
2.188 2.193 2.231 2.228 2.253 2.231 2.236 2.256 2.246 2.253 2.256 2.263 2.263 2.296 2.288 2.276 2.251 2.238 2.248 2.228 2.206 2.233 2.226 2.236 2.196 2.186 2.211 2.263 2.223 2.208 2.243 2.236 2.241 2.251 2.223 2.236 2.241 2.271 2.206 2.251 2.201 2.228 2.251 2.278 2.256 2.258 2.256 2.246 2.198 2.208 2.211 2.221 2.253 2.301 2.241 2.276 2.176 2.233 2.223 2.256 2.328 2.256 2.223 2.211 2.188 2.223 2.176 2.248 2.218 2.243 2.208 1.707 1.586 1.531
2.238 2.236 2.228 2.231 2.246 2.236 2.236 2.271 2.253 2.253 2.266 2.273 2.273 2.273 2.258 2.236 2.251 2.258 2.258 2.238 2.216 2.251 2.196 2.216 2.226 2.243 2.176 2.193 2.196 2.223 2.261 2.243 2.221 2.188 2.203 2.233 2.228 2.223 2.246 2.283 2.226 2.216 2.203 2.236 2.243 2.263 2.253 2.228 2.211 2.223 2.241 2.191 2.251 2.261 2.183 2.216 2.171 2.223 2.276 2.288 2.316 2.298 2.281 2.211 2.211 2.203 2.175 2.132 1.988 2.191 1.582 1.371 1.288 1.173
