All_lidar/sz5587_DSM_2M.asc
ncols 500
nrows 500
xllcorner    455000
yllcorner    87000
cellsize     2
NODATA_value -9999
[rows 434 to 464 of 500, columns 136 to 203 of 500]
94.224 94.077 93.994 93.874 93.752 93.632 93.509 93.417 93.287 93.192 93.109 92.974 92.877 92.762 92.612 92.542 92.447 92.324 92.197 92.084 91.972 91.807 91.687 91.567 91.434 91.317 91.119 90.997 90.869 90.687 90.527 90.372 90.162 90.014 89.854 89.659 89.492 89.279 89.102 88.894 88.707 88.589 88.459 88.894 88.589 87.624 86.782 85.094 84.934 84.619 80.282 79.274 78.867 78.167 77.922 77.322 77.589 77.28 78.232 78.277 77.039 76.727 76.664 76.692 77.134 77.329 77.372 77.924
93.807 93.699 93.614 93.489 93.354 93.242 93.169 93.039 92.924 92.774 92.682 92.574 92.459 92.372 92.229 92.129 92.009 91.932 91.807 91.669 91.572 91.439 91.294 91.157 91.067 90.877 90.739 90.592 90.459 90.279 90.152 89.982 89.762 89.597 89.462 89.249 89.037 88.869 88.669 88.459 88.264 88.139 87.952 88.499 88.369 87.287 86.732 84.877 83.267 83.642 82.612 79.454 78.122 77.512 77.747 77.109 76.827 76.564 76.497 76.559 76.584 76.707 76.344 76.314 77.067 79.324 79.284 77.514
93.417 93.299 93.179 93.062 92.954 92.859 92.744 92.637 92.509 92.397 92.299 92.152 92.082 91.959 91.844 91.739 91.612 91.524 91.389 91.247 91.144 91.037 90.882 90.767 90.622 90.457 90.307 90.184 90.052 89.882 89.714 89.544 89.367 89.189 89.034 88.837 88.669 88.464 88.224 88.022 87.842 87.702 87.542 88.032 88.069 86.737 86.172 84.284 84.749 81.684 79.834 78.869 77.482 77.554 78.369 76.767 76.492 76.369 76.182 76.379 76.572 76.489 76.149 76.167 77.217 80.862 81.184 79.174
93.017 92.887 92.779 92.652 92.549 92.432 92.324 92.207 92.114 91.992 91.897 91.794 91.674 91.549 91.417 91.319 91.204 91.117 90.969 90.834 90.737 90.604 90.462 90.329 90.207 90.044 89.902 89.769 89.612 89.454 89.287 89.127 88.949 88.757 88.607 88.397 88.212 88.047 87.852 87.594 87.417 87.244 87.089 87.514 88.132 86.162 84.924 83.682 82.239 80.704 79.677 78.169 77.034 77.679 78.289 76.844 76.602 76.367 76.389 76.264 76.169 76.322 76.382 76.262 77.074 78.857 79.644 80.397
92.612 92.477 92.369 92.269 92.134 92.012 91.904 91.829 91.709 91.577 91.479 91.377 91.247 91.154 91.047 90.909 90.782 90.689 90.559 90.439 90.324 90.189 90.032 89.899 89.772 89.612 89.474 89.324 89.154 89.014 88.852 88.684 88.527 88.352 88.182 87.959 87.794 87.617 87.402 87.147 86.962 86.794 86.582 87.372 88.069 85.907 84.544 84.014 81.687 80.054 79.024 80.052 76.517 76.784 76.979 76.737 76.637 76.194 75.919 75.902 75.882 75.804 75.859 76.004 76.207 76.427 77.734 78.417
92.164 92.057 91.944 91.812 91.669 91.587 91.482 91.422 91.304 91.137 91.067 90.942 90.799 90.709 90.604 90.447 90.344 90.244 90.117 89.982 89.859 89.749 89.599 89.464 89.339 89.192 89.037 88.914 88.757 88.572 88.407 88.267 88.082 87.924 87.752 87.559 87.382 87.184 86.974 86.724 86.509 86.332 86.132 86.564 87.204 84.939 85.207 83.982 80.592 79.302 78.182 78.562 76.399 75.859 75.842 76.129 76.044 75.634 75.569 75.454 75.369 75.504 75.924 76.254 76.414 76.552 76.789 77.212
91.732 91.627 91.547 91.424 91.269 91.134 91.059 90.934 90.849 90.722 90.649 90.514 90.382 90.282 90.169 90.054 89.924 89.829 89.699 89.559 89.434 89.304 89.157 89.012 88.924 88.772 88.617 88.477 88.329 88.144 87.992 87.837 87.672 87.507 87.352 87.134 86.919 86.757 86.534 86.297 86.099 85.889 85.687 85.767 86.104 84.594 84.779 82.817 79.797 78.629 77.724 76.677 75.879 75.547 75.424 75.447 75.342 75.177 75.107 75.127 75.177 75.654 76.149 76.169 76.402 76.557 77.272 77.754
91.314 91.194 91.107 90.997 90.864 90.739 90.634 90.567 90.409 90.284 90.214 90.117 89.954 89.849 89.724 89.624 89.497 89.384 89.267 89.129 89.007 88.899 88.739 88.597 88.449 88.329 88.212 88.064 87.877 87.694 87.522 87.444 87.262 87.074 86.932 86.699 86.507 86.344 86.109 85.859 85.669 85.464 85.249 85.217 86.367 84.637 82.737 80.707 79.257 78.917 80.942 75.944 75.527 75.254 75.164 75.067 75.039 74.972 74.939 75.004 75.134 75.562 75.907 76.067 76.237 76.557 77.137 77.884
90.914 90.794 90.667 90.567 90.424 90.337 90.204 90.109 90.014 89.869 89.757 89.639 89.509 89.419 89.279 89.197 89.077 88.967 88.827 88.672 88.557 88.457 88.294 88.159 88.062 87.882 87.772 87.627 87.462 87.302 87.139 87.004 86.812 86.639 86.439 86.294 86.109 85.894 85.682 85.472 85.282 85.029 84.817 84.712 85.417 84.224 82.367 81.394 81.129 79.959 77.769 75.822 75.374 75.087 74.937 74.932 74.847 74.812 74.837 74.834 75.034 75.377 75.722 75.924 76.062 76.499 78.399 79.099
90.444 90.342 90.257 90.167 90.024 89.897 89.812 89.659 89.547 89.442 89.322 89.237 89.094 88.994 88.869 88.759 88.632 88.534 88.417 88.262 88.104 88.004 87.872 87.729 87.609 87.452 87.314 87.169 87.012 86.857 86.694 86.529 86.384 86.204 86.019 85.834 85.677 85.472 85.259 85.044 84.784 84.579 84.394 84.152 84.477 84.019 82.024 80.717 79.413 77.852 77.047 76.167 75.254 74.994 74.799 74.724 74.712 74.722 74.722 74.732 75.177 75.657 76.009 75.932 75.882 76.247 77.449 78.219
90.057 89.967 89.832 89.759 89.607 89.459 89.344 89.272 89.162 89.034 88.919 88.789 88.674 88.549 88.427 88.337 88.189 88.092 87.972 87.824 87.687 87.567 87.422 87.292 87.144 87.009 86.892 86.734 86.569 86.412 86.264 86.097 85.919 85.752 85.602 85.432 85.232 85.044 84.839 84.569 84.377 84.179 83.927 83.709 84.107 84.544 83.012 80.829 80.814 78.917 77.264 76.927 75.974 74.839 74.719 74.647 74.594 74.567 74.617 74.729 75.139 75.851 76.137 76.879 76.869 76.357 76.249 76.372
89.624 89.522 89.432 89.332 89.209 89.042 88.962 88.842 88.729 88.614 88.487 88.367 88.232 88.097 88.017 87.919 87.744 87.647 87.499 87.354 87.254 87.147 86.984 86.839 86.687 86.587 86.454 86.319 86.157 85.972 85.824 85.647 85.469 85.362 85.162 84.942 84.787 84.629 84.392 84.159 83.974 83.747 83.517 83.322 83.414 84.227 83.969 81.074 81.522 78.947 77.467 78.529 76.722 74.989 74.642 74.544 74.522 74.499 74.477 74.667 75.219 75.932 76.404 77.979 80.194 77.117 75.637 77.109
89.214 89.114 88.992 88.914 88.767 88.659 88.514 88.399 88.314 88.194 88.054 87.939 87.822 87.677 87.602 87.489 87.332 87.202 87.069 86.942 86.839 86.714 86.544 86.412 86.247 86.169 86.022 85.874 85.712 85.547 85.407 85.232 85.017 84.907 84.714 84.539 84.387 84.184 83.967 83.714 83.557 83.347 83.129 82.952 82.749 83.642 83.067 81.352 81.654 78.929 77.632 76.959 75.554 75.287 74.529 74.502 74.372 74.387 74.327 74.469 74.844 75.759 77.027 78.112 79.367 75.879 74.439 74.724
88.807 88.694 88.537 88.447 88.352 88.219 88.114 87.972 87.879 87.784 87.624 87.512 87.392 87.292 87.154 87.032 86.907 86.787 86.687 86.537 86.394 86.259 86.097 86.002 85.852 85.742 85.612 85.454 85.294 85.112 84.969 84.797 84.602 84.469 84.292 84.094 83.964 83.794 83.554 83.329 83.172 82.914 82.759 82.572 82.424 83.292 82.567 81.179 80.364 79.354 77.857 76.519 75.842 74.799 74.734 74.387 74.287 74.257 74.169 74.192 74.857 75.674 76.047 77.672 75.647 74.969 73.822 74.709
88.374 88.282 88.169 88.049 87.937 87.809 87.652 87.554 87.462 87.354 87.219 87.124 86.964 86.859 86.739 86.604 86.494 86.379 86.252 86.114 85.982 85.852 85.722 85.577 85.447 85.294 85.189 85.034 84.854 84.682 84.564 84.387 84.207 84.072 83.904 83.722 83.557 83.382 83.154 82.927 82.779 82.587 82.417 82.234 82.017 82.523 82.437 81.294 80.737 80.147 78.434 76.757 75.879 75.697 74.934 74.179 74.099 74.164 74.129 74.182 74.834 75.697 77.142 77.252 75.047 74.667 73.607 73.089
87.984 87.889 87.759 87.637 87.547 87.417 87.262 87.142 87.064 86.957 86.849 86.712 86.557 86.429 86.327 86.219 86.154 86.024 85.867 85.699 85.547 85.414 85.282 85.152 85.062 84.904 84.757 84.674 84.454 84.282 84.152 83.982 83.824 83.647 83.492 83.324 83.139 82.974 82.792 82.579 82.412 82.237 82.074 81.952 81.802 81.994 83.264 82.284 80.294 79.322 78.329 79.624 77.127 75.954 75.112 74.297 74.152 74.177 74.257 74.167 74.517 76.207 77.847 76.897 74.502 73.637 74.044 73.257
87.574 87.494 87.359 87.239 87.144 86.982 86.859 86.777 86.644 86.534 86.424 86.249 86.159 86.047 85.909 85.827 85.702 85.554 85.442 85.302 85.152 85.044 84.884 84.757 84.654 84.497 84.349 84.259 84.062 83.854 83.759 83.629 83.454 83.292 83.134 82.942 82.769 82.617 82.429 82.282 82.129 81.947 81.799 81.692 81.797 82.094 82.807 82.222 81.604 79.994 78.572 78.739 77.149 75.959 75.182 74.267 74.182 74.089 74.267 74.182 74.132 74.549 76.647 75.397 75.034 73.667 73.704 73.574
87.232 87.139 86.989 86.882 86.797 86.649 86.544 86.407 86.264 86.199 86.057 85.897 85.754 85.667 85.524 85.394 85.302 85.167 85.032 84.882 84.779 84.644 84.489 84.364 84.267 84.094 83.962 83.894 83.697 83.544 83.402 83.234 83.089 82.954 82.777 82.574 82.424 82.272 82.112 81.964 81.842 81.672 81.492 81.484 81.842 81.814 81.327 81.069 81.162 80.559 78.402 77.557 77.674 75.949 74.872 74.307 74.242 74.049 74.074 74.104 74.419 75.199 75.382 76.264 76.057 73.787 73.682 74.387
86.897 86.794 86.647 86.502 86.464 86.327 86.169 86.019 85.912 85.822 85.642 85.542 85.387 85.319 85.154 85.009 84.927 84.834 84.692 84.537 84.414 84.292 84.127 84.012 83.909 83.774 83.607 83.494 83.352 83.199 83.087 82.909 82.764 82.644 82.489 82.319 82.147 81.969 81.842 81.679 81.544 81.392 81.242 81.372 81.624 81.572 81.672 81.524 80.719 81.019 79.114 77.544 76.997 75.767 74.532 74.357 74.329 74.142 74.069 74.049 74.029 76.652 75.814 75.072 74.744 73.909 74.602 77.447
86.637 86.484 86.372 86.217 86.129 86.022 85.849 85.702 85.579 85.477 85.324 85.249 85.109 84.982 84.819 84.707 84.624 84.514 84.359 84.217 84.087 83.954 83.817 83.672 83.584 83.464 83.287 83.167 83.087 82.904 82.779 82.637 82.512 82.357 82.149 81.979 81.804 81.689 81.527 81.447 81.302 81.162 81.002 81.072 81.204 81.074 80.607 81.394 80.402 79.359 78.319 77.389 77.299 76.509 75.024 74.537 74.432 74.184 74.042 74.002 73.989 74.039 74.137 74.322 74.664 73.717 75.929 73.729
86.377 86.209 86.127 86.007 85.892 85.774 85.634 85.424 85.322 85.199 85.052 84.954 84.802 84.724 84.554 84.429 84.332 84.227 84.072 83.952 83.794 83.647 83.554 83.442 83.299 83.167 83.004 82.862 82.807 82.644 82.482 82.349 82.177 82.064 81.879 81.702 81.512 81.394 81.262 81.172 81.069 80.914 80.839 80.752 81.229 82.394 83.212 81.502 81.439 79.644 79.637 78.379 78.459 77.067 75.437 74.682 74.414 74.222 74.479 74.017 74.067 74.032 74.639 74.382 74.039 73.722 75.002 76.639
86.139 85.989 85.882 85.732 85.632 85.519 85.359 85.192 85.092 84.959 84.822 84.712 84.577 84.479 84.314 84.174 84.064 83.974 83.804 83.697 83.539 83.389 83.282 83.139 82.999 82.889 82.779 82.639 82.504 82.327 82.214 82.084 81.952 81.772 81.642 81.474 81.327 81.199 81.109 81.029 80.909 80.774 80.634 80.434 80.077 79.904 80.157 81.664 79.597 79.487 78.089 77.294 76.742 76.217 76.352 76.269 76.647 74.297 74.484 75.159 74.387 74.024 75.654 74.189 76.554 75.869 76.124 77.069
85.862 85.772 85.637 85.519 85.402 85.279 85.107 84.972 84.817 84.689 84.594 84.459 84.334 84.252 84.102 83.972 83.849 83.747 83.564 83.442 83.269 83.152 83.029 82.894 82.734 82.622 82.509 82.409 82.274 82.124 81.967 81.887 81.734 81.594 81.507 81.377 81.192 81.027 80.919 80.964 80.394 80.199 79.817 79.784 80.594 78.462 78.999 77.412 76.857 77.617 76.917 76.339 75.699 75.782 74.612 74.634 73.869 73.659 73.424 73.187 73.049 72.812 72.597 72.422 73.017 74.914 73.314 71.992
85.682 85.587 85.477 85.307 85.167 85.034 84.907 84.752 84.682 84.507 84.377 84.217 84.107 83.984 83.817 83.717 83.574 83.477 83.319 83.192 83.032 82.922 82.829 82.672 82.567 82.472 82.349 82.262 82.157 81.974 81.857 81.712 81.539 81.467 81.822 80.942 80.587 80.337 79.997 79.869 79.259 79.719 78.342 78.144 79.017 77.827 76.712 75.562 75.272 75.162 74.744 74.664 74.362 74.179 74.002 73.799 73.674 73.479 73.284 73.087 72.917 72.752 72.577 72.394 72.184 71.929 72.334 71.574
85.732 85.582 85.629 85.132 85.059 84.899 84.732 84.744 84.644 84.304 84.164 84.024 83.929 83.797 83.647 83.519 83.409 83.294 84.094 83.844 82.927 82.797 83.549 82.584 82.629 82.622 82.257 82.017 81.827 82.632 81.409 81.737 80.827 81.289 80.279 79.624 79.094 79.194 78.452 77.864 77.242 76.809 76.454 76.114 75.787 75.614 75.379 75.199 75.012 74.849 74.679 74.477 74.292 74.049 73.839 73.772 73.609 73.562 73.479 73.404 73.389 73.267 73.369 73.317 73.124 73.164 72.909 73.269
87.352 86.962 87.064 86.954 86.642 86.137 85.332 86.057 85.629 85.132 85.344 85.147 84.762 84.419 84.204 84.537 84.294 84.869 84.452 83.244 82.652 83.477 84.137 85.144 82.782 82.312 81.682 80.999 80.652 81.194 80.209 79.907 79.547 78.677 78.764 77.929 77.639 77.389 77.149 76.922 76.672 76.467 76.257 76.232 75.957 76.806 76.377 78.472 75.662 75.732 75.702 75.189 74.827 74.262 73.864 73.592 73.522 74.174 74.029 73.387 73.429 74.804 72.569 72.259 72.472 72.534 72.404 72.624
85.514 86.389 86.779 87.129 86.489 85.479 84.629 86.249 85.817 85.614 84.587 85.432 85.319 85.504 85.009 85.502 85.394 84.019 83.147 82.492 81.722 83.507 84.227 84.362 80.487 80.254 79.834 79.392 79.182 78.847 78.672 78.559 78.389 78.202 77.974 77.872 77.877 77.754 77.899 78.629 77.774 77.654 77.317 77.024 78.427 78.769 76.454 76.892 76.134 76.222 76.482 76.602 75.699 73.447 73.354 72.934 73.137 72.812 74.214 72.439 73.709 72.137 74.094 71.817 71.684 71.564 71.514 71.307
83.077 82.922 82.949 82.752 82.689 82.697 82.587 82.494 82.604 82.279 82.437 83.462 82.204 81.954 82.029 81.724 81.832 81.442 80.607 80.362 80.119 80.432 80.804 79.527 79.419 79.267 79.164 79.032 78.869 79.504 79.009 80.354 80.467 79.159 78.497 80.081 78.919 79.454 77.967 79.329 76.912 77.559 78.312 76.064 76.777 75.874 75.694 75.519 75.292 75.099 75.929 74.857 74.884 73.649 73.874 73.204 74.187 75.922 78.054 76.269 71.954 74.192 74.689 72.279 71.479 71.397 71.322 71.144
84.854 84.269 84.314 83.044 83.319 84.024 82.399 82.024 82.484 81.929 81.487 81.269 81.124 80.999 80.814 80.689 80.487 80.369 80.237 80.102 79.912 79.742 79.639 79.544 80.169 79.937 80.017 81.992 80.922 79.749 79.139 79.894 78.324 78.179 79.799 77.349 76.969 76.849 76.594 76.364 76.114 75.922 75.789 75.792 75.802 75.707 75.517 75.289 74.979 74.699 74.297 74.097 74.059 74.329 72.354 75.474 75.489 80.242 77.834 71.927 71.589 73.919 77.369 72.062 71.189 71.124 71.519 70.837
86.227 86.414 85.579 85.302 84.897 86.009 86.189 85.102 83.472 85.832 86.099 81.969 81.664 83.624 82.484 83.634 84.422 80.514 80.247 82.814 81.824 80.622 81.017 81.094 81.057 81.929 80.477 78.664 78.457 78.122 77.794 77.532 77.379 77.169 76.932 76.832 76.642 76.384 76.162 75.947 75.687 75.517 75.349 75.207 75.089 74.972 74.769 74.622 74.434 74.137 73.959 73.702 73.569 73.282 72.119 72.502 73.347 76.157 74.222 72.529 71.479 71.259 72.199 71.007 70.834 70.752 70.552 70.477
82.987 82.894 82.659 82.544 82.372 82.202 82.962 82.494 82.457 82.702 84.092 82.667 82.989 86.117 84.697 83.387 82.717 82.289 81.194 81.027 80.959 80.809 80.097 80.094 79.157 78.337 78.342 77.919 77.752 77.594 77.407 77.132 76.952 76.777 76.544 76.392 76.199 75.922 75.737 75.494 75.294 75.107 74.879 74.669 74.519 74.332 74.212 73.972 73.817 73.699 73.497 73.284 73.207 73.137 72.952 72.674 71.719 75.369 75.457 78.004 71.999 70.937 70.967 70.789 70.622 70.387 70.219 70.059
