All_lidar/sz5585_DSM_2M.asc
ncols 500
nrows 500
xllcorner    455000
yllcorner    85000
cellsize     2
NODATA_value -9999
[rows 288 to 319 of 500, columns 144 to 215 of 500]
8.669 8.734 9.082 8.857 8.672 8.629 8.537 8.614 8.833 9.195 9.741 10.151 10.879 11.785 12.245 12.961 14.817 15.28 16.313 15.983 16.635 17.634 18.463 20.052 20.308 20.61 21.322 22.058 23.119 23.58 24.759 25.59 25.758 26.097 26.473 26.344 26.105 26.158 26.223 26.331 26.437 26.588 26.704 26.821 26.903 26.987 27.008 27.042 27.075 27.138 27.212 27.228 27.294 27.292 27.298 27.289 27.358 27.4 27.41 27.401 27.382 27.42 27.421 27.397 27.43 27.435 27.4 27.326 27.249 27.231 27.181 27.14
8.782 8.867 8.997 8.872 8.969 9.109 8.919 8.805 8.993 9.412 9.647 10.176 11.059 11.942 12.356 13.508 14.492 15.667 15.87 16.204 16.848 17.589 19.002 19.398 20.847 20.684 21.524 22.482 23.283 23.959 25.201 25.788 25.818 26.441 26.891 26.171 26.219 26.359 26.428 26.494 26.639 26.783 26.904 26.996 27.049 27.134 27.161 27.185 27.252 27.317 27.359 27.408 27.489 27.493 27.476 27.453 27.499 27.555 27.579 27.561 27.531 27.546 27.542 27.538 27.531 27.519 27.504 27.454 27.391 27.324 27.273 27.228
8.754 8.972 9.099 8.909 8.889 9.254 8.909 8.853 8.965 9.252 9.826 10.341 11.007 11.865 12.854 13.843 14.448 15.882 15.749 16.417 17.018 17.77 19.131 19.763 20.619 21.03 22.23 22.427 23.525 24.256 25.459 25.953 26.291 26.652 26.604 26.382 26.401 26.541 26.588 26.679 26.822 26.957 27.081 27.14 27.22 27.252 27.258 27.318 27.407 27.469 27.515 27.585 27.636 27.678 27.672 27.633 27.645 27.725 27.713 27.738 27.699 27.688 27.655 27.656 27.652 27.619 27.643 27.566 27.505 27.454 27.353 27.341
9.104 9.819 8.994 9.557 8.847 8.852 8.939 8.926 8.982 9.315 9.944 10.514 11.146 11.967 12.57 13.321 13.917 14.55 15.352 16.315 18.066 18.555 18.546 19.44 20.7 20.993 21.969 23.12 23.822 24.844 25.409 25.443 26.882 27.077 26.717 26.556 26.568 26.661 26.748 26.842 27.015 27.116 27.191 27.281 27.332 27.376 27.43 27.454 27.552 27.605 27.655 27.722 27.775 27.81 27.839 27.817 27.787 27.801 27.853 27.858 27.845 27.809 27.783 27.779 27.772 27.757 27.708 27.679 27.596 27.544 27.45 27.431
9.014 9.352 9.057 9.364 9.119 8.967 9.12 9.091 9.247 9.39 9.962 11.756 11.899 12.066 12.487 13.057 13.873 14.735 15.7 16.162 17.483 18.717 18.876 19.38 20.161 20.976 22.311 23.319 24.038 24.735 25.392 25.917 26.869 27.207 26.868 26.667 26.725 26.775 26.833 26.971 27.128 27.241 27.334 27.356 27.423 27.476 27.538 27.619 27.677 27.747 27.807 27.848 27.906 27.948 27.953 27.977 27.953 27.923 27.972 27.987 27.987 27.939 27.895 27.851 27.88 27.863 27.8 27.802 27.669 27.606 27.533 27.519
9.184 9.627 9.477 9.589 9.067 9.057 9.075 9.511 9.105 9.523 9.927 11.844 11.341 12.111 12.498 13.085 13.879 14.979 15.64 16.205 16.719 17.691 18.833 20.023 20.656 21.311 22.054 22.934 24.212 24.891 25.35 25.746 26.322 26.874 26.91 26.721 26.77 26.902 26.965 27.096 27.253 27.344 27.446 27.494 27.532 27.591 27.66 27.752 27.813 27.873 27.929 27.971 28.022 28.051 28.085 28.093 28.079 28.043 28.052 28.098 28.083 28.067 28.038 27.98 27.949 27.932 27.895 27.887 27.767 27.657 27.624 27.595
9.474 9.162 9.749 9.392 9.169 9.099 8.965 9.268 9.867 9.588 10.064 10.717 11.367 12.143 12.528 13.288 13.988 14.899 15.599 16.314 16.718 17.604 18.767 20.055 20.706 21.111 21.927 23.083 24.312 25.24 25.69 26.22 26.705 26.928 27.196 26.916 26.822 26.92 27.063 27.218 27.339 27.424 27.501 27.564 27.572 27.664 27.736 27.819 27.897 27.985 28.042 28.08 28.11 28.156 28.191 28.183 28.19 28.161 28.128 28.127 28.169 28.175 28.14 28.084 28.047 28.026 27.986 27.98 27.86 27.76 27.703 27.676
9.217 9.194 9.454 9.562 9.242 8.996 8.942 9.274 9.272 9.54 10.268 10.846 11.646 12.079 12.49 13.427 14.287 15.202 15.573 16.093 16.828 17.809 19.377 19.77 20.937 21.722 22.87 23.469 24.18 24.787 25.494 26.494 26.645 27.142 26.948 26.983 26.979 26.97 27.124 27.296 27.414 27.492 27.551 27.621 27.674 27.76 27.836 27.932 27.998 28.06 28.122 28.157 28.216 28.243 28.265 28.234 28.273 28.243 28.199 28.175 28.251 28.242 28.237 28.167 28.124 28.111 28.074 28.018 27.965 27.862 27.79 27.752
9.322 9.214 9.069 9.254 9.087 9.032 8.94 9.218 9.854 10.006 10.355 10.94 11.594 12.129 12.518 13.04 14.094 15.842 15.801 15.912 16.869 18.347 20.045 20.576 20.881 21.602 22.602 23.115 23.799 24.884 24.928 25.758 27.017 27.052 26.964 27.047 27.111 26.993 27.137 27.333 27.445 27.536 27.584 27.666 27.749 27.828 27.907 28.006 28.085 28.135 28.206 28.261 28.291 28.321 28.345 28.32 28.329 28.338 28.335 28.278 28.295 28.313 28.302 28.233 28.19 28.156 28.131 28.096 28.052 27.951 27.854 27.822
9.349 9.372 9.034 9.324 9.142 9.162 9.211 9.556 10.124 10.841 10.589 11.277 11.791 12.34 12.618 12.828 14.059 15.908 15.387 15.784 16.938 18.362 18.856 20.384 20.834 21.464 22.847 23.848 24.105 23.994 24.985 25.623 27.133 27.258 27.444 27.177 26.898 26.943 27.083 27.261 27.408 27.529 27.628 27.699 27.789 27.893 27.976 28.072 28.137 28.194 28.253 28.3 28.349 28.372 28.417 28.392 28.398 28.393 28.393 28.347 28.305 28.348 28.35 28.301 28.235 28.199 28.191 28.141 28.125 28.042 27.924 27.908
9.232 9.104 9.064 9.422 9.119 9.089 9.195 9.406 11.142 10.568 10.776 11.334 11.771 12.405 12.775 12.745 13.428 14.059 15.065 15.734 17.066 18.495 18.726 18.718 20.071 21.043 22.233 23.13 23.885 24.089 24.951 25.786 26.81 26.842 27.044 26.705 26.48 26.789 26.983 27.168 27.342 27.472 27.589 27.718 27.814 27.917 28.017 28.11 28.191 28.261 28.317 28.377 28.392 28.445 28.462 28.456 28.443 28.442 28.432 28.402 28.373 28.378 28.359 28.336 28.277 28.256 28.216 28.17 28.151 28.137 28.003 27.954
9.207 9.264 9.094 9.227 9.099 9.227 9.376 9.466 10.659 11.339 11.492 11.328 11.767 12.167 12.549 12.738 13.178 13.746 14.891 15.704 16.624 17.466 17.978 18.794 20.048 20.432 21.618 22.524 23.746 24.052 24.587 25.898 25.982 25.849 25.968 26.062 26.375 26.575 26.832 27.046 27.241 27.393 27.515 27.65 27.782 27.91 28.018 28.125 28.225 28.297 28.355 28.42 28.429 28.47 28.506 28.509 28.483 28.478 28.442 28.439 28.427 28.386 28.362 28.345 28.302 28.25 28.246 28.207 28.178 28.154 28.072 27.98
9.302 9.292 9.159 9.314 9.272 9.662 9.744 9.69 10.016 10.904 11.141 11.344 11.899 12.6 12.828 12.898 12.951 13.35 14.34 15.304 16.215 17.8 17.955 18.59 19.232 20.323 21.149 22.698 23.251 23.302 23.881 24.651 24.869 25.052 25.276 25.637 25.963 26.313 26.625 26.888 27.09 27.248 27.402 27.587 27.711 27.873 27.999 28.109 28.215 28.296 28.352 28.423 28.488 28.517 28.521 28.523 28.517 28.511 28.5 28.478 28.439 28.393 28.363 28.359 28.3 28.295 28.26 28.233 28.174 28.152 28.12 28.036
9.359 9.337 9.234 9.324 9.372 9.364 9.374 9.558 9.712 10.358 11.113 11.389 11.949 12.657 12.753 12.831 12.809 13.248 13.789 14.855 15.767 17.425 17.788 18.558 19.085 19.6 20.927 22.101 22.326 23.029 23.354 23.71 24.033 24.399 24.826 25.224 25.641 26.051 26.403 26.682 26.954 27.137 27.317 27.49 27.653 27.81 27.96 28.087 28.201 28.283 28.366 28.452 28.529 28.54 28.549 28.561 28.533 28.527 28.548 28.477 28.462 28.404 28.356 28.333 28.305 28.307 28.244 28.21 28.182 28.175 28.148 28.038
10.024 9.422 9.324 9.322 9.349 9.461 9.377 9.594 10.477 10.702 11.153 11.472 12.037 12.486 12.507 12.683 12.753 13.134 13.963 14.323 14.897 16.35 17.767 18.026 18.606 19.368 21.164 22.303 21.868 22.339 22.834 23.02 23.544 23.915 24.422 24.907 25.384 25.824 26.235 26.506 26.772 26.992 27.215 27.413 27.591 27.783 27.928 28.055 28.191 28.295 28.351 28.457 28.526 28.552 28.581 28.596 28.589 28.588 28.567 28.517 28.48 28.432 28.362 28.336 28.292 28.257 28.248 28.204 28.177 28.17 28.132 28.087
10.007 9.504 9.362 9.564 9.552 9.601 9.498 9.8 10.128 10.737 11.137 11.39 11.989 12.202 12.369 12.564 12.732 12.884 14.143 15.027 15.417 15.913 16.656 17.771 18.325 19.279 20.266 20.957 21.352 21.755 22.11 22.565 23.045 23.566 24.088 24.61 25.08 25.566 25.985 26.329 26.6 26.864 27.105 27.319 27.513 27.728 27.898 28.043 28.205 28.311 28.39 28.477 28.542 28.603 28.628 28.631 28.616 28.61 28.587 28.548 28.526 28.474 28.396 28.334 28.301 28.293 28.247 28.222 28.188 28.172 28.149 28.115
9.659 9.614 9.484 9.552 9.559 9.446 9.583 9.879 10.796 10.752 10.985 11.491 11.852 11.968 12.348 12.657 12.716 12.962 13.91 14.506 14.938 15.559 16.693 17.545 18.151 19.053 20.086 20.708 20.827 21.217 21.686 22.197 22.733 23.301 23.818 24.36 24.839 25.33 25.756 26.075 26.421 26.729 27.018 27.251 27.489 27.707 27.891 28.043 28.177 28.29 28.396 28.477 28.562 28.603 28.646 28.675 28.641 28.643 28.598 28.568 28.534 28.482 28.445 28.364 28.308 28.318 28.264 28.237 28.193 28.162 28.139 28.163
9.752 9.692 9.479 9.559 9.542 9.525 9.761 10.164 11.209 10.913 10.897 11.502 11.639 11.891 12.278 12.58 12.675 12.982 13.427 14.051 14.84 15.868 16.809 17.44 18.243 19.141 19.857 20.288 20.373 20.794 21.327 21.919 22.515 23.093 23.62 24.147 24.633 25.143 25.521 25.936 26.293 26.628 26.923 27.192 27.438 27.668 27.879 28.026 28.167 28.315 28.395 28.486 28.59 28.64 28.684 28.679 28.662 28.669 28.639 28.589 28.529 28.486 28.479 28.42 28.344 28.352 28.315 28.25 28.229 28.205 28.176 28.171
9.862 9.802 9.769 9.517 9.577 9.564 9.689 9.914 11.282 10.594 10.909 11.313 11.535 11.736 12.093 12.497 12.752 13.166 13.625 14.254 15.302 16.04 16.912 17.753 18.502 19.185 19.443 19.514 19.967 20.495 21.098 21.754 22.353 22.875 23.42 23.937 24.395 24.935 25.334 25.764 26.167 26.525 26.833 27.12 27.361 27.61 27.849 27.996 28.167 28.301 28.403 28.48 28.586 28.63 28.663 28.698 28.68 28.665 28.644 28.61 28.574 28.51 28.467 28.428 28.376 28.364 28.326 28.298 28.254 28.244 28.192 28.205
9.939 10.269 9.954 9.584 9.704 9.683 9.707 9.922 10.225 10.511 10.877 11.193 11.582 11.857 12.185 12.613 12.873 13.465 13.955 14.706 15.842 16.337 17.058 17.809 18.539 18.728 18.95 19.169 19.743 20.335 20.884 21.547 22.152 22.716 23.239 23.753 24.237 24.693 25.184 25.616 26.049 26.409 26.763 27.07 27.346 27.564 27.81 27.998 28.14 28.267 28.387 28.477 28.561 28.623 28.677 28.689 28.701 28.664 28.628 28.622 28.564 28.54 28.495 28.445 28.399 28.336 28.336 28.336 28.323 28.299 28.245 28.227
10.204 10.029 9.642 9.622 10.134 9.97 10.144 10.057 10.267 10.543 10.945 11.44 11.641 11.866 12.206 12.71 13.13 13.568 14.298 14.851 15.911 16.347 17.571 17.696 17.772 18.241 18.537 19.041 19.647 20.204 20.774 21.418 21.983 22.605 23.036 23.577 24.086 24.565 25.049 25.488 25.901 26.316 26.674 27.023 27.305 27.546 27.778 27.982 28.122 28.292 28.403 28.472 28.549 28.616 28.655 28.664 28.677 28.635 28.643 28.586 28.55 28.519 28.486 28.464 28.442 28.391 28.352 28.367 28.348 28.296 28.285 28.241
10.129 10.029 9.694 9.934 10.097 9.957 10.216 10.239 10.679 10.963 11.057 11.401 11.831 12.018 12.361 12.753 13.317 13.743 14.404 15.106 15.871 16.579 16.815 17.072 17.382 17.844 18.338 18.899 19.505 20.055 20.644 21.236 21.787 22.327 22.897 23.438 23.938 24.427 24.917 25.361 25.775 26.214 26.613 26.964 27.301 27.548 27.75 27.976 28.128 28.28 28.403 28.497 28.58 28.619 28.646 28.66 28.668 28.644 28.601 28.584 28.56 28.489 28.46 28.457 28.427 28.401 28.365 28.36 28.376 28.34 28.318 28.258
10.194 10.169 9.909 9.894 10.102 10.126 10.086 10.217 10.696 11.337 11.172 11.54 11.844 12.223 12.666 12.866 13.373 13.796 14.59 15.261 15.757 15.777 16.218 16.737 17.143 17.655 18.224 18.788 19.409 19.917 20.525 21.131 21.615 22.163 22.774 23.382 23.854 24.322 24.808 25.263 25.68 26.111 26.533 26.902 27.26 27.531 27.743 27.948 28.127 28.284 28.415 28.483 28.572 28.608 28.629 28.666 28.662 28.595 28.579 28.567 28.544 28.483 28.445 28.428 28.404 28.414 28.382 28.347 28.369 28.364 28.348 28.326
10.139 10.372 10.112 10.019 10.274 10.505 10.314 10.591 10.704 11.065 11.349 11.766 12.008 12.39 12.698 13.081 13.449 13.827 14.625 14.902 15.239 15.632 16.04 16.506 17.026 17.561 18.111 18.654 19.257 19.901 20.383 21.002 21.471 22.038 22.652 23.213 23.726 24.185 24.653 25.126 25.583 26.055 26.457 26.843 27.19 27.505 27.737 27.922 28.112 28.269 28.404 28.495 28.546 28.615 28.634 28.637 28.611 28.604 28.566 28.542 28.506 28.469 28.435 28.367 28.351 28.355 28.347 28.337 28.341 28.354 28.342 28.339
10.257 10.567 10.202 10.162 10.377 10.411 10.866 10.931 10.841 11.147 11.673 12.019 12.164 12.554 12.93 13.334 13.601 13.803 14.172 14.557 14.994 15.463 15.933 16.426 16.918 17.515 17.981 18.552 19.138 19.694 20.214 20.861 21.335 21.911 22.487 23.029 23.568 24.067 24.555 25.007 25.487 25.972 26.414 26.795 27.153 27.465 27.728 27.93 28.091 28.259 28.421 28.51 28.551 28.592 28.616 28.642 28.619 28.597 28.559 28.536 28.487 28.447 28.432 28.391 28.385 28.372 28.296 28.32 28.343 28.34 28.373 28.361
10.319 10.357 10.407 10.169 10.429 10.534 11.203 10.954 10.987 11.499 11.695 12.053 12.436 12.863 13.177 13.486 13.407 13.777 14.075 14.493 14.861 15.341 15.815 16.314 16.888 17.414 17.953 18.43 19.03 19.521 20.16 20.725 21.245 21.783 22.334 22.886 23.421 23.941 24.417 24.923 25.411 25.885 26.361 26.745 27.115 27.459 27.709 27.941 28.112 28.259 28.371 28.499 28.562 28.584 28.598 28.597 28.591 28.587 28.562 28.518 28.449 28.435 28.417 28.418 28.352 28.334 28.342 28.349 28.32 28.326 28.339 28.334
11.269 10.429 10.409 10.322 10.609 10.627 10.865 11.184 11.178 11.628 11.937 12.304 12.662 12.816 12.96 13.25 13.446 13.747 14.115 14.428 14.801 15.27 15.705 16.158 16.733 17.321 17.79 18.218 18.818 19.412 20.016 20.606 21.142 21.67 22.214 22.768 23.286 23.814 24.306 24.834 25.339 25.849 26.286 26.708 27.093 27.43 27.707 27.935 28.118 28.267 28.34 28.452 28.54 28.579 28.579 28.582 28.568 28.542 28.526 28.486 28.447 28.413 28.36 28.397 28.395 28.375 28.343 28.344 28.296 28.303 28.291 28.323
11.762 11.552 11.022 10.472 10.559 10.642 10.694 10.965 11.306 11.763 12.142 12.324 12.527 12.753 12.981 13.245 13.488 13.723 14.037 14.394 14.743 15.202 15.626 16.067 16.526 17.116 17.591 18.132 18.694 19.302 19.863 20.441 20.984 21.541 22.014 22.596 23.162 23.691 24.224 24.706 25.231 25.731 26.202 26.673 27.051 27.394 27.687 27.916 28.1 28.253 28.343 28.413 28.49 28.535 28.542 28.543 28.522 28.501 28.465 28.434 28.389 28.363 28.351 28.35 28.355 28.323 28.311 28.326 28.3 28.271 28.252 28.302
12.284 12.359 11.564 10.834 10.712 10.788 10.89 11.294 11.6 11.943 12.043 12.236 12.525 12.792 12.97 13.199 13.443 13.7 13.972 14.323 14.699 15.162 15.575 15.966 16.461 16.951 17.491 18.054 18.658 19.177 19.722 20.286 20.837 21.426 21.931 22.487 23.036 23.565 24.107 24.595 25.175 25.696 26.202 26.642 27.014 27.352 27.648 27.879 28.064 28.227 28.306 28.414 28.428 28.514 28.509 28.507 28.477 28.461 28.423 28.378 28.333 28.31 28.303 28.31 28.307 28.272 28.282 28.281 28.285 28.258 28.253 28.302
10.744 10.679 10.869 10.564 10.859 11.037 11.369 11.447 11.583 11.782 12.096 12.33 12.57 12.81 12.998 13.17 13.42 13.697 13.958 14.248 14.705 15.167 15.517 15.918 16.325 16.834 17.469 17.96 18.487 19.004 19.567 20.167 20.689 21.326 21.824 22.386 22.973 23.521 24.111 24.529 25.108 25.659 26.144 26.604 26.982 27.337 27.601 27.822 28.009 28.174 28.294 28.379 28.387 28.437 28.447 28.45 28.426 28.381 28.373 28.319 28.283 28.246 28.228 28.252 28.234 28.231 28.232 28.227 28.237 28.264 28.247 28.252
10.607 10.574 10.702 10.884 10.989 11.349 11.263 11.404 11.636 11.822 12.068 12.349 12.613 12.807 13.017 13.196 13.459 13.762 13.936 14.209 14.606 15.06 15.447 15.843 16.274 16.772 17.343 17.825 18.351 18.938 19.465 19.983 20.542 21.133 21.695 22.279 22.854 23.431 23.984 24.514 25.037 25.603 26.101 26.544 26.914 27.234 27.513 27.75 27.932 28.104 28.217 28.294 28.327 28.382 28.389 28.373 28.346 28.333 28.296 28.211 28.179 28.177 28.156 28.152 28.187 28.154 28.162 28.162 28.193 28.223 28.224 28.221
10.592 10.707 10.704 10.862 10.889 11.102 11.182 11.411 11.634 11.867 12.165 12.318 12.568 12.8 13.062 13.159 13.57 13.731 13.918 14.245 14.574 15.005 15.405 15.782 16.2 16.702 17.168 17.704 18.256 18.786 19.321 19.853 20.43 21.051 21.68 22.184 22.743 23.334 23.903 24.431 24.981 25.57 26.042 26.474 26.872 27.183 27.444 27.655 27.856 28.026 28.157 28.224 28.268 28.283 28.3 28.299 28.236 28.223 28.158 28.126 28.099 28.076 28.087 28.089 28.056 28.059 28.091 28.108 28.113 28.136 28.193 28.165
