All_lidar/sz5590_DSM_2M.asc
ncols 500
nrows 500
xllcorner    455000
yllcorner    90000
cellsize     2
NODATA_value -9999
[rows 132 to 164 of 500, columns 222 to 295 of 500]
27.94 29.28 24.487 28.972 28.145 30.98 32.657 33.862 26.177 24.567 22.937 28.73 27.795 30.945 32.772 31.407 29.912 23.665 22.042 24.567 22.165 24.567 22.092 30.342 29.122 25.48 29.222 30.237 28.18 25.332 21.912 22.05 22.14 20.932 20.912 20.925 20.885 20.867 20.625 20.602 20.7 20.645 20.712 20.705 23.58 26.532 20.56 20.427 20.35 20.357 20.222 20.917 20.992 22.65 22.075 20.077 19.755 19.717 19.7 19.635 19.557 19.447 19.39 19.385 19.352 19.365 19.285 19.185 19.102 23.91 20.127 19.39 19.125 19.26
28.26 28.455 27.12 25.78 27.277 33.14 31.175 30.9 23.96 23.427 30.207 33.825 31.855 32.977 31.697 32.942 28.655 24.637 21.64 22.592 21.535 21.305 23.362 26.737 27.727 26.052 28.512 27 21.3 21.43 21.627 21.027 22.195 20.8 20.73 20.73 20.79 20.707 20.485 20.375 20.442 20.557 20.627 20.515 22.865 26.337 21.697 20.34 21.205 20.207 20.04 19.867 19.875 19.81 19.745 20.187 19.737 19.545 19.502 19.487 19.452 19.397 19.36 19.402 19.34 19.412 19.19 19.127 19.092 22.752 18.98 19.137 19.552 19.062
30.607 25.882 29.357 27.725 28.21 29.36 31.837 28.207 23.777 23.772 27.515 28.45 33.205 33.187 28.557 25.73 24.16 22.625 25.965 21.387 21.43 21.08 23.14 24.045 24.817 26.612 28.835 27.437 21.047 21.23 21.272 21.705 25.89 30.827 27.307 25.385 20.575 20.39 20.342 20.237 20.182 20.327 20.415 21.347 20.957 24.337 20.12 20.105 20.192 20.005 19.895 19.912 19.705 19.64 19.56 19.48 19.455 19.277 19.337 19.31 19.407 19.242 19.377 19.285 19.282 19.172 19.05 19.062 19.06 22.695 18.937 18.93 19.097 18.97
28.647 28.887 25.815 24.17 21.02 25.16 30.59 32.61 32.45 28.85 30.227 25.802 26.245 30.067 25.032 20.915 25.867 26.937 26.112 21.31 21.43 20.855 20.765 20.745 21.107 23.862 28.445 26.657 22.792 20.947 20.945 21.1 25.857 33.81 27.16 26.375 20.55 20.187 20.487 20.202 19.975 20.15 20.192 20.105 20.135 20.06 20.035 19.957 19.85 19.73 19.71 19.605 19.532 19.58 19.502 19.325 20.657 26.965 20.46 19.16 19.152 19.112 19.122 19.235 19.182 19.047 18.99 19.13 19.035 18.972 18.985 19.05 19.13 18.955
27.482 24.255 22.202 20.932 20.867 25.795 29.345 28.16 28.02 24.495 29.172 29.087 30.487 26.68 26.692 22.062 26.637 29.922 27.96 21.16 21.162 20.67 20.742 21.02 21.297 20.882 26.845 25.792 27.947 21.945 20.42 20.382 25.922 30.665 28.325 24.757 21.652 21.11 20.842 21.057 20.5 21.072 22.357 19.96 20.512 20.017 19.78 19.817 19.645 19.532 19.652 19.457 19.407 19.372 19.472 19.195 21.355 24.745 20.395 21.492 19.01 18.967 19.017 19.06 18.952 18.972 18.917 18.892 18.92 18.85 18.835 19.08 18.887 18.76
30.257 27.52 23.955 26.865 28.932 23.017 21.87 20.98 25.635 27.557 26.052 25.42 26.392 28.65 27.447 23.875 25 23.417 22.105 21.07 21.662 20.572 20.72 21.637 20.975 24.947 25.687 29.01 29.767 21.547 20.22 20.152 21.022 23.495 21.182 21.977 23.765 20.825 21.577 20.275 21.645 23.935 23.502 27.622 21.697 19.842 19.732 19.475 19.48 19.435 19.852 19.347 19.28 19.257 19.272 19.027 20.55 20.16 18.915 18.885 18.89 18.835 18.945 18.987 18.942 18.965 18.787 18.76 18.805 18.667 18.7 18.787 18.68 18.595
24.08 24.897 23.202 24.192 25.307 22.1 20.61 20.59 30.465 30.722 26.605 26.915 28.59 27.712 21.947 20.512 20.525 20.925 20.617 20.877 21.315 20.525 21.007 21.432 22.645 25.912 27.597 26.547 23.072 20.5 20.205 23.652 25.05 24.862 23.77 20.157 19.987 19.74 19.685 19.857 20.442 23.615 23.865 25.02 23.807 22.37 20.39 19.312 19.342 19.817 19.155 19.12 19.092 19.042 19.022 18.965 18.8 20.117 18.877 18.827 18.792 18.76 18.797 18.762 18.815 18.73 18.692 18.655 18.6 18.737 18.685 18.477 18.772 18.807
25.577 27.575 28.047 21.927 21.325 20.732 20.72 29.92 29.125 33.002 28.832 23.557 26.837 25.605 20.945 20.475 20.24 20.242 20.222 20.517 21.23 20.53 21.695 21.292 20.84 23.465 21.592 20.032 20.647 20.477 20.225 20.052 23.745 24.22 21.275 21.542 19.507 19.507 19.452 19.557 19.645 21.18 21.57 19.315 19.342 23.022 19.285 20.077 20.662 18.98 18.982 19 19.212 18.872 18.805 18.802 18.76 18.735 18.767 18.767 18.807 18.772 18.692 18.692 18.64 18.605 18.575 18.48 18.535 18.597 18.565 18.43 18.58 18.637
24.762 27.82 22.732 20.745 20.45 21.882 28.342 27.165 29.6 26.647 23.325 22.157 27.402 24.702 20.267 21.035 20.1 20.1 20.007 20.852 21.122 20.505 22.302 20.905 20.387 20.31 20.06 20.63 20.24 20.365 22.06 21.16 24.51 19.715 20.832 19.56 19.407 19.482 19.495 19.467 19.442 19.457 19.152 19.065 19.16 19.077 19.155 19.535 19.415 18.855 18.872 19.14 19.09 18.747 18.69 18.582 18.537 18.592 18.655 18.715 18.737 18.672 18.67 18.677 18.642 18.47 18.42 18.392 18.352 18.377 18.282 18.432 18.967 18.62
20.057 22.995 20.357 20.12 20.172 26.327 33.63 28.447 27.41 21.287 20.647 24.692 29.317 28.445 21.507 20.032 20.03 19.935 19.87 19.965 21.13 19.992 20.387 20.322 20.035 20.285 19.842 21.32 24.017 21.577 20.04 21.152 19.927 19.412 19.417 19.41 19.182 19.237 19.527 19.327 19.172 19.39 19.072 18.762 18.825 19.03 18.937 18.93 18.965 18.842 18.907 18.905 18.715 18.557 18.482 18.425 18.472 18.527 18.65 18.94 18.86 18.727 18.605 18.555 18.495 18.505 18.38 18.332 18.297 18.292 18.14 18.255 18.337 18.3
19.92 19.94 20.06 19.88 19.912 24.447 29.067 27.257 27.655 22.145 20.037 21.137 27.645 30.047 22.995 19.905 19.942 19.832 19.78 21.71 22.2 19.83 19.74 20.122 20.777 19.837 19.475 19.72 20.177 22.47 19.512 19.555 19.405 19.3 19.195 19.235 19.145 19.492 19.145 19.152 19.265 18.887 19.217 18.725 18.522 18.68 18.6 18.73 18.767 18.675 18.55 18.635 18.542 18.437 18.41 18.395 18.435 18.502 18.517 18.49 18.537 18.572 18.392 18.435 18.62 18.485 18.295 18.315 18.162 18.12 18.08 18.062 18.165 18.137
19.787 20.19 20.327 19.895 19.885 19.78 19.74 20.792 22.802 20.01 19.795 20.642 24.46 29.702 26.02 19.682 23.415 24.14 27.72 24.985 22.57 19.537 19.68 19.58 19.44 19.357 19.385 19.432 19.775 19.682 22.405 19.71 19.117 19.05 19.282 19.17 18.995 18.91 18.795 18.745 18.697 18.75 19.077 19.02 18.367 18.417 18.752 18.407 18.502 18.48 18.81 18.377 18.317 18.297 18.29 18.375 18.537 18.445 18.38 18.317 18.622 18.755 18.305 18.365 18.665 18.32 18.147 18.067 18.067 18.052 18.055 18.037 18.082 18.097
20.017 20.23 19.852 19.837 19.667 19.61 20.085 19.645 19.987 20.415 19.667 19.512 19.787 25.232 25.27 19.482 25.865 26.235 23.207 26.32 22.235 19.655 20.547 19.95 21.042 22.61 21.22 19.36 19.507 23.437 19.267 20.73 19.157 18.792 18.837 19.777 20.557 18.602 18.522 18.512 18.62 22.592 22.43 23.717 19.035 18.222 18.437 18.327 18.34 18.35 18.592 18.272 18.292 18.217 18.22 18.37 18.427 18.505 18.265 18.605 18.622 18.542 18.405 18.025 18.17 18.105 18.015 17.967 17.98 18.065 18.005 18.01 18.077 18.015
19.98 20.06 23.185 19.9 19.59 19.625 19.405 19.392 21.177 27.115 21.807 19.565 19.465 20.455 19.717 19.46 21.192 20.637 20.01 21.967 21.617 19.335 19.362 19.237 20.72 24.822 24.937 26.152 22.015 21.532 22.147 23.25 24.882 21.895 21.325 18.522 18.502 18.44 18.475 25.522 25.387 20.237 27.912 27.807 20.272 18.05 18.195 18.395 18.422 18.33 18.307 18.357 18.175 18.155 18.155 18.417 18.417 18.275 18.257 18.3 18.335 18.205 19.412 20.372 17.982 17.965 17.922 17.91 17.825 17.845 18.077 17.937 17.907 17.872
19.54 20.05 21.15 26.447 24.907 26.687 19.797 22.137 23.805 25.417 22.302 19.482 19.355 19.647 19.587 19.692 24.835 24.625 22.382 20.99 20.155 19.225 19.157 20.002 19.207 20.967 24.547 24.36 22.835 18.595 18.795 22.587 23.69 26.325 24.035 21.717 18.357 19.515 23.42 22.115 18.637 22.842 19.935 18.462 18.282 17.975 17.982 18.715 18.535 18.202 18.455 18.185 18.162 18.045 18.062 18.257 18.515 18.275 18.495 18.537 18.715 17.94 18.375 17.85 17.84 17.955 17.872 17.765 17.742 17.732 17.77 17.722 17.767 19.225
19.3 19.287 19.737 20.672 28.805 27.67 21.402 21.812 27.127 25.575 22.697 19.527 19.115 19.79 19.267 19.052 19.397 22.115 21.755 22.15 18.995 18.905 18.847 23.345 19.732 18.705 21.657 24.287 23.77 19.237 19.025 23.737 26.03 24.332 23.382 19.882 18.3 18.147 18.1 18.737 18.042 21.59 21.117 18.07 18.66 18.93 17.812 18.187 18.36 18.107 18.577 17.957 17.912 17.945 18.097 18.15 18.442 18.612 18.41 18.102 18.242 17.802 17.782 17.775 17.75 17.735 17.785 17.68 17.607 17.657 17.76 17.615 17.63 18.962
19.027 18.97 19.02 20.117 26.42 20.6 25.472 23.66 25.627 28.622 22.995 27.197 20.437 18.912 23.165 21.532 19.047 19.175 22.27 19.032 23.285 18.762 19.135 19.81 18.645 18.522 18.47 20.922 23.645 19.86 21.617 18.27 23.072 25.692 20.487 20.032 19.737 18.205 18.067 17.97 17.95 18.355 20.35 18.65 18.96 18.475 18.032 17.695 18.67 17.997 17.867 17.777 17.815 17.8 17.937 18.132 18.23 18.78 18.417 18.092 17.845 17.68 17.73 17.795 17.557 17.59 17.575 17.442 17.51 17.527 17.495 17.505 17.53 19.332
18.962 18.807 20.177 19.477 20.012 25.745 20.062 21.14 22.322 25.012 27.765 28.137 25.297 21.102 18.587 18.58 21.597 18.837 18.875 21.822 28.007 24.222 18.65 20.787 24.242 20.612 18.377 18.457 19.082 19.387 18.067 18.112 18.112 18.23 18.122 21.165 22.132 18.17 18.57 17.872 17.875 18.067 19.385 21.057 20.282 18.36 19.055 17.547 17.875 17.795 17.767 17.68 17.692 17.917 17.665 17.875 18.19 18.347 17.887 17.79 17.702 17.652 17.707 17.542 17.367 17.45 17.495 17.54 17.405 17.447 17.487 17.537 17.42 17.397
19.162 22.32 22.297 20.05 22.655 20.172 21.672 20.912 18.572 21.03 18.55 21.927 22.372 21.94 18.462 18.422 19.685 18.622 18.477 24.955 24.475 22.522 18.322 21.507 20.775 25.32 22.225 18.005 17.917 18.59 18 17.935 18.097 18.13 18.03 18.165 18.115 17.947 17.902 17.707 17.707 17.762 21.667 23.042 20.052 18.55 18.787 17.602 17.395 17.642 17.715 17.737 17.57 17.93 17.567 17.542 17.537 17.915 17.65 17.485 17.605 17.567 17.495 17.327 17.242 17.32 17.302 17.352 17.33 17.422 17.412 17.407 17.247 17.247
19.472 19.14 19.11 23.805 20.502 19.102 18.357 18.495 18.42 18.385 18.487 18.387 20.482 20.205 18.5 18.177 18.125 18.33 18.295 18.132 18.005 18.245 18.122 17.825 17.922 20.64 18.065 17.807 17.82 19.697 18.35 17.68 17.687 17.9 18.595 17.89 17.765 17.83 17.675 17.575 17.605 17.577 17.475 24.247 22.417 21.455 18.207 17.612 17.282 17.345 17.732 17.505 17.505 17.602 17.527 17.757 17.322 17.417 17.457 17.33 17.387 17.292 17.357 17.21 17.212 17.25 17.207 17.16 17.195 17.185 17.165 17.257 17.127 17.115
18.255 18.412 18.36 18.317 18.23 18.68 18.18 18.217 18.127 18.135 18.075 19.757 18.192 18.077 18.035 18.042 18.055 18.18 18.047 19.08 19.722 18.322 18.635 17.572 17.682 17.672 17.762 17.652 17.645 17.635 17.525 17.527 17.455 17.48 18.752 17.45 17.54 17.972 17.602 17.95 17.45 17.442 17.365 17.322 18.425 17.652 17.582 17.32 17.34 17.077 17.19 17.747 17.495 17.507 17.492 17.277 17.772 20.66 18.792 17.105 17.025 17.05 17.152 17.137 17.125 17.172 17.03 17.057 17.187 17.027 17.012 17.007 16.947 17.135
18.217 18.572 18.21 18.415 20.115 19.312 18.017 17.88 17.827 17.857 17.93 20.302 18.087 18.677 18.172 17.882 17.952 17.867 20.267 21.32 18.195 17.967 17.357 17.252 17.377 17.472 17.42 17.437 17.372 17.405 17.452 17.437 17.327 17.375 17.367 17.37 17.427 17.315 18.29 21.045 25.34 24.642 18.085 17.222 17.065 17.102 17.082 17.072 17.375 17.04 17.247 21.025 17.405 17.327 17.242 17.16 24.502 20.245 16.967 19.685 17.007 17.065 16.972 17.075 17.062 17.182 16.957 16.957 16.99 16.942 17.007 16.872 16.81 16.945
17.665 17.755 18.047 17.832 17.867 18.105 18.1 17.962 17.857 17.7 17.61 17.675 17.712 17.71 20.112 17.642 17.572 17.545 19.905 18.21 17.317 17.182 17.03 17.255 17.207 17.282 17.33 17.222 17.39 17.54 17.397 17.365 17.252 17.247 17.415 17.222 17.265 17.8 21.755 19.897 18.25 16.972 16.992 16.98 16.875 16.985 17.025 17.117 17.045 17.03 16.762 23.502 24.445 19.21 17.075 19.6 19.16 22.18 20.155 17.065 16.842 16.94 16.957 16.935 16.967 16.81 16.857 16.925 16.865 16.847 16.785 16.685 16.707 16.762
17.807 17.505 17.76 17.707 17.727 18.007 17.725 17.597 17.517 17.535 17.477 17.512 19.472 19.41 22.845 21.557 17.76 18.75 19.967 18.317 17.345 17.06 16.947 17.14 19.392 17.295 17.137 17.215 17.19 17.35 17.252 17.262 17.132 17.177 17.102 17.057 17.227 17.217 20.827 17.895 16.992 20.3 16.832 16.85 16.777 16.79 16.81 17.495 18.757 17.175 16.705 20.987 22.92 22.732 19.04 16.942 17.362 16.827 18.872 16.735 16.88 16.752 16.922 16.89 16.757 16.867 16.847 16.837 16.852 16.692 16.572 16.552 16.542 16.575
18.54 18.555 17.637 17.577 17.49 17.545 17.512 17.287 18.12 18.667 17.325 18.59 19.06 22.18 21.475 20.29 17.99 17.247 18.612 17.122 16.982 16.942 16.877 17.01 21.4 19.785 17.245 17.045 17.037 17.24 17 17.015 16.982 16.955 16.89 16.922 16.935 16.962 16.932 16.872 16.777 16.757 16.66 16.65 16.692 16.765 17.975 19.375 19.552 20.212 18.432 21.187 23.465 23.14 18.14 16.732 16.652 16.712 16.55 16.637 16.66 16.682 16.71 16.79 16.687 16.657 16.635 16.665 16.64 16.637 16.472 16.405 16.397 16.46
21.477 22.932 17.53 17.67 17.472 17.215 17.167 18.317 22.737 27.365 22.732 18.58 17.14 20.595 17.337 17.682 17.325 17.387 17.16 16.992 16.865 16.815 16.992 16.97 18.975 23.52 21.62 19.95 18.03 16.852 16.892 17.127 16.862 16.745 16.717 16.822 16.897 16.797 16.697 16.69 16.785 16.582 16.457 16.512 16.802 16.552 16.56 19.472 18.985 19.74 16.815 16.492 18.692 16.575 16.605 18.265 18.052 16.555 16.48 16.55 16.555 16.545 16.442 16.605 16.582 16.412 16.462 16.435 16.447 16.502 16.407 16.28 16.402 16.357
22.84 22.33 21.012 16.957 17.107 17.11 16.995 20.772 24.63 29.02 27.037 21.847 18.547 17.187 17.24 18.247 23.517 19.082 17.045 17.11 16.822 16.765 16.822 17.335 17.915 18.735 21.64 19.642 16.692 17.82 16.937 17.412 16.675 16.622 16.56 16.585 16.725 16.682 16.59 16.547 16.577 16.47 16.357 16.435 16.372 16.365 16.405 16.737 23.32 18.177 16.952 16.677 16.295 16.3 16.66 18.282 16.295 16.332 16.307 17.137 17.062 16.475 16.387 16.697 16.395 16.372 16.51 16.297 16.215 16.155 16.385 16.177 16.14 16.105
26.685 28.695 17.525 16.832 17.735 16.947 16.917 19.057 22.197 25.742 22.975 23.407 19.365 16.905 16.927 16.842 23.89 24.05 16.72 16.842 16.832 16.695 16.812 16.622 17.047 18.652 16.85 16.715 16.55 18.072 16.485 16.582 16.932 16.605 16.452 16.392 16.472 16.515 16.565 16.442 16.402 16.342 16.347 16.387 16.317 16.365 16.412 16.42 16.437 16.522 16.582 16.917 16.2 16.047 16.277 16.285 16.207 16.19 16.175 16.247 16.25 16.392 16.27 16.262 16.17 16.172 16.427 16.045 16.132 16.02 16.012 16.07 16.195 16.157
29.11 20.75 18.302 18.08 16.507 17.097 16.615 16.62 16.732 20.407 18.57 16.747 16.622 16.672 16.71 16.657 19.362 22.135 17.505 16.762 17.262 16.532 16.71 16.687 16.697 16.465 16.672 16.71 16.477 16.43 16.397 16.442 16.352 16.34 16.375 16.43 16.3 16.38 16.422 16.307 16.3 16.29 16.175 16.377 16.4 16.332 17.745 16.95 16.397 22.172 19.665 16.577 16.2 15.937 16.092 16.095 16.445 16.51 16.16 16.04 16.157 16.267 16.077 16.09 15.897 15.917 15.947 15.952 16.02 16.015 15.942 16.025 15.997 15.962
16.537 17.592 17.235 17.347 16.46 16.737 17.565 17.405 18.575 18.227 17.727 16.507 17.44 16.57 16.5 16.52 17.402 18.575 18.845 16.687 16.41 16.357 16.357 16.357 16.412 16.445 16.395 16.622 16.505 16.34 16.282 16.362 16.237 16.147 16.482 16.375 16.997 16.155 16.235 16.257 16.167 16.217 16.032 16.06 16.137 16.107 16.72 19.69 16.83 20.445 16.397 16.302 16.117 15.937 15.795 16.087 16.402 16.545 16.105 15.945 15.89 15.952 15.95 16.015 16.897 16.925 15.997 15.857 15.83 15.925 16.177 16.392 16.222 15.805
16.192 16.745 16.815 19.56 22.937 18.792 16.637 18.262 23.737 22.155 18.6 16.37 16.455 16.44 16.417 16.45 18.697 17.727 21.887 16.307 16.23 16.212 16.185 16.537 16.34 16.197 16.247 16.352 16.335 16.377 16.135 16.22 16.252 16.06 16.252 16.19 16.117 16.137 16.125 16.105 16.002 16.07 16.01 15.942 15.93 16.255 17.097 21.167 23.15 15.967 16.237 17.925 15.98 16.012 15.575 15.765 16.652 16.225 16.187 15.857 15.872 15.845 15.89 15.917 15.985 18.147 15.735 15.722 15.702 15.79 16.255 17.082 16.56 16.125
16.237 17.212 16.087 16.342 22.607 25.717 16.292 18.352 24.07 20.397 19.097 16.215 16.135 16.165 16.252 18.15 19.835 22.452 25.3 19.75 16.107 16.025 16.04 16.412 16.237 16 16.037 16.14 21.365 20.232 16.125 15.992 15.997 15.992 16.057 16.05 16.07 16.045 15.932 15.93 15.89 15.867 15.935 15.805 15.847 19.72 18.737 22.632 25.617 19.107 16.055 16.607 16.045 16.172 15.745 15.46 16.057 16.34 16.045 15.68 15.627 15.625 15.685 15.737 15.632 15.627 15.63 15.575 15.477 15.68 16.122 16.582 16.182 15.992
18.76 26.095 20.027 15.877 22.302 23.575 16.69 16.377 16.52 20.687 20.697 16.387 15.93 15.97 16.107 16.157 21.897 20.107 23.15 21.095 16.017 15.905 15.87 16.08 16.395 15.77 15.865 15.835 15.837 15.832 15.875 15.972 15.917 15.872 15.827 15.78 15.89 15.912 15.8 15.767 15.827 15.747 15.81 15.747 15.79 15.785 20.68 20.12 23.292 21.695 16.695 16.102 16.062 16.895 17.012 15.27 15.892 16.32 15.827 15.847 15.617 15.542 15.552 15.555 15.507 15.455 15.51 15.595 15.44 15.74 16.277 16.305 16.045 15.882
