All_lidar/sz5586_DSM_2M.asc
ncols 500
nrows 500
xllcorner    455000
yllcorner    86000
cellsize     2
NODATA_value -9999
[rows 288 to 319 of 500, columns 71 to 141 of 500]
22.254 22.226 22.191 22.144 22.109 22.069 22.054 22.029 22.001 21.871 21.944 21.939 21.756 22.086 21.791 21.804 21.819 21.851 21.836 21.871 21.941 22.019 22.066 22.151 22.214 22.256 22.301 22.374 22.431 22.504 22.524 22.591 22.634 22.719 22.781 22.831 22.921 23.026 23.121 23.154 23.139 23.136 23.186 23.161 23.219 23.274 23.311 23.361 23.396 23.399 23.391 23.451 23.476 23.506 23.496 23.504 23.551 23.569 23.579 23.561 23.561 23.581 23.614 23.626 23.636 23.619 23.691 23.679 23.719 23.709 23.746
22.201 22.181 22.126 22.091 22.051 22.019 22.004 21.974 21.934 21.866 21.821 21.941 21.641 22.026 21.741 21.721 21.736 21.761 21.724 21.794 21.859 21.911 21.976 22.069 22.096 22.166 22.234 22.311 22.346 22.394 22.439 22.494 22.541 22.621 22.641 22.746 22.821 22.916 23.016 23.044 23.071 23.084 23.096 23.089 23.114 23.149 23.209 23.229 23.281 23.281 23.334 23.364 23.386 23.419 23.424 23.416 23.436 23.464 23.469 23.491 23.496 23.509 23.529 23.524 23.551 23.574 23.571 23.576 23.586 23.616 23.614
22.154 22.111 22.076 22.066 21.994 21.969 21.969 21.916 21.881 21.786 21.814 21.896 21.556 21.936 21.661 21.601 21.651 21.679 21.686 21.741 21.809 21.859 21.914 21.991 22.034 22.094 22.134 22.199 22.261 22.306 22.351 22.399 22.466 22.511 22.561 22.624 22.761 22.846 22.934 22.969 22.984 22.989 23.004 23.001 23.024 23.081 23.119 23.139 23.164 23.176 23.234 23.274 23.299 23.309 23.296 23.346 23.356 23.351 23.374 23.396 23.396 23.381 23.404 23.421 23.409 23.429 23.496 23.471 23.511 23.516 23.514
22.101 22.056 22.034 22.019 21.929 21.904 21.889 21.854 21.826 21.791 21.711 21.819 21.481 21.854 21.631 21.569 21.599 21.591 21.629 21.651 21.711 21.794 21.829 21.904 21.956 22.024 22.074 22.146 22.214 22.229 22.271 22.344 22.379 22.404 22.466 22.559 22.699 22.816 22.841 22.876 22.916 22.889 22.906 22.904 22.924 22.971 23.009 23.029 23.069 23.089 23.136 23.194 23.199 23.216 23.214 23.219 23.241 23.239 23.256 23.281 23.306 23.334 23.351 23.329 23.341 23.371 23.374 23.399 23.399 23.384 23.399
22.031 22.016 21.991 21.941 21.859 21.869 21.881 21.796 21.746 21.709 21.676 21.741 21.396 21.794 21.554 21.506 21.534 21.544 21.551 21.586 21.619 21.701 21.776 21.811 21.864 21.936 21.994 22.056 22.109 22.146 22.189 22.264 22.304 22.319 22.399 22.484 22.591 22.701 22.784 22.804 22.811 22.819 22.834 22.801 22.849 22.904 22.931 22.951 22.974 22.984 23.059 23.111 23.111 23.136 23.121 23.136 23.139 23.146 23.146 23.159 23.204 23.244 23.196 23.219 23.211 23.239 23.269 23.286 23.286 23.314 23.309
21.979 21.966 21.924 21.889 21.834 21.811 21.821 21.759 21.711 21.669 21.601 21.689 21.414 21.724 21.586 21.424 21.459 21.456 21.446 21.501 21.559 21.624 21.669 21.731 21.791 21.854 21.934 21.996 22.024 22.036 22.136 22.154 22.184 22.249 22.314 22.389 22.516 22.596 22.701 22.714 22.704 22.721 22.711 22.724 22.739 22.769 22.799 22.856 22.869 22.884 22.924 22.966 23.001 23.009 23.026 23.029 23.071 23.066 23.106 23.076 23.099 23.129 23.104 23.126 23.129 23.134 23.161 23.186 23.186 23.196 23.186
21.949 21.911 21.869 21.826 21.794 21.764 21.761 21.721 21.659 21.596 21.546 21.616 21.389 21.684 21.549 21.359 21.394 21.379 21.386 21.459 21.501 21.576 21.639 21.649 21.724 21.769 21.829 21.879 21.919 21.981 22.031 22.069 22.121 22.174 22.231 22.311 22.414 22.496 22.586 22.636 22.634 22.639 22.626 22.641 22.664 22.699 22.739 22.779 22.794 22.809 22.816 22.879 22.904 22.919 22.921 22.939 22.931 22.949 22.944 22.964 23.006 23.029 23.019 23.024 23.021 23.064 23.081 23.064 23.116 23.111 23.121
21.884 21.874 21.819 21.806 21.711 21.726 21.721 21.641 21.646 21.561 21.466 21.571 21.381 21.571 21.459 21.281 21.326 21.331 21.326 21.394 21.391 21.501 21.564 21.581 21.651 21.724 21.739 21.819 21.881 21.911 21.961 22.011 22.044 22.094 22.154 22.219 22.329 22.429 22.519 22.521 22.549 22.521 22.529 22.534 22.549 22.596 22.654 22.684 22.671 22.706 22.721 22.759 22.809 22.829 22.831 22.844 22.846 22.859 22.871 22.881 22.886 22.899 22.901 22.899 22.954 22.946 22.951 22.969 22.989 22.946 22.964
21.854 21.836 21.781 21.729 21.681 21.654 21.649 21.604 21.574 21.519 21.449 21.554 21.349 21.479 21.479 21.204 21.266 21.256 21.284 21.296 21.354 21.459 21.481 21.511 21.596 21.644 21.686 21.771 21.791 21.836 21.906 21.916 21.966 22.051 22.104 22.174 22.254 22.341 22.424 22.459 22.451 22.421 22.449 22.421 22.469 22.519 22.531 22.586 22.586 22.619 22.634 22.694 22.714 22.744 22.739 22.746 22.751 22.754 22.751 22.761 22.786 22.801 22.804 22.799 22.821 22.856 22.856 22.854 22.854 22.869 22.871
21.796 21.736 21.719 21.674 21.659 21.601 21.604 21.526 21.494 21.466 21.356 21.471 21.406 21.331 21.416 21.144 21.204 21.214 21.201 21.224 21.241 21.371 21.404 21.444 21.516 21.569 21.614 21.671 21.721 21.744 21.789 21.834 21.866 21.929 21.966 22.054 22.151 22.236 22.324 22.334 22.371 22.369 22.349 22.341 22.374 22.414 22.444 22.451 22.479 22.524 22.549 22.611 22.611 22.629 22.626 22.651 22.691 22.684 22.666 22.666 22.704 22.696 22.744 22.729 22.731 22.761 22.761 22.769 22.789 22.799 22.786
21.736 21.689 21.676 21.649 21.586 21.574 21.531 21.504 21.439 21.436 21.341 21.406 21.371 21.194 21.421 21.061 21.121 21.131 21.154 21.169 21.224 21.321 21.344 21.376 21.414 21.484 21.541 21.564 21.619 21.664 21.696 21.731 21.779 21.854 21.899 21.969 22.039 22.154 22.214 22.259 22.279 22.256 22.254 22.251 22.296 22.326 22.344 22.369 22.411 22.431 22.464 22.494 22.524 22.569 22.566 22.581 22.581 22.586 22.601 22.614 22.616 22.619 22.641 22.651 22.651 22.669 22.671 22.694 22.719 22.731 22.736
21.729 21.671 21.629 21.576 21.569 21.514 21.506 21.449 21.406 21.394 21.291 21.344 21.374 21.101 21.391 21.031 21.006 21.054 21.066 21.121 21.154 21.234 21.286 21.321 21.376 21.426 21.449 21.511 21.541 21.604 21.636 21.684 21.731 21.774 21.806 21.876 21.974 22.064 22.169 22.206 22.184 22.184 22.154 22.171 22.206 22.214 22.264 22.294 22.321 22.371 22.399 22.431 22.444 22.459 22.484 22.481 22.496 22.529 22.506 22.496 22.536 22.566 22.566 22.546 22.544 22.574 22.569 22.581 22.606 22.609 22.614
21.656 21.636 21.574 21.559 21.509 21.459 21.441 21.396 21.371 21.336 21.236 21.306 21.331 21.059 21.399 20.951 20.934 21.001 21.029 21.044 21.071 21.136 21.204 21.234 21.304 21.354 21.414 21.456 21.481 21.541 21.569 21.594 21.661 21.699 21.751 21.839 21.921 22.034 22.084 22.121 22.121 22.114 22.054 22.096 22.121 22.156 22.174 22.214 22.254 22.271 22.299 22.326 22.379 22.369 22.401 22.394 22.389 22.414 22.406 22.406 22.396 22.461 22.444 22.441 22.439 22.479 22.491 22.496 22.501 22.529 22.541
21.646 21.594 21.549 21.524 21.439 21.411 21.416 21.359 21.316 21.311 21.209 21.239 21.284 20.956 21.319 20.901 20.856 20.901 20.966 20.926 20.996 21.054 21.126 21.181 21.259 21.296 21.351 21.391 21.441 21.461 21.499 21.529 21.574 21.619 21.684 21.729 21.821 21.916 21.996 22.016 22.009 21.966 21.979 21.994 22.001 22.034 22.061 22.089 22.134 22.161 22.229 22.239 22.254 22.276 22.296 22.264 22.274 22.314 22.319 22.324 22.331 22.331 22.366 22.371 22.389 22.366 22.394 22.406 22.429 22.441 22.439
21.589 21.539 21.456 21.461 21.409 21.359 21.331 21.304 21.249 21.244 21.174 21.189 21.234 20.949 21.304 20.834 20.766 20.824 20.864 20.876 20.901 20.974 21.039 21.082 21.149 21.206 21.279 21.301 21.349 21.369 21.426 21.446 21.501 21.536 21.594 21.674 21.741 21.851 21.921 21.951 21.924 21.911 21.919 21.926 21.934 21.954 21.971 22.029 22.039 22.094 22.121 22.169 22.191 22.204 22.199 22.201 22.231 22.226 22.231 22.266 22.256 22.241 22.261 22.224 22.244 22.286 22.284 22.274 22.321 22.346 22.356
21.539 21.486 21.434 21.414 21.386 21.334 21.299 21.271 21.216 21.199 21.156 21.146 21.221 20.876 21.241 20.819 20.704 20.771 20.809 20.801 20.839 20.911 20.986 21.051 21.074 21.151 21.194 21.234 21.286 21.331 21.356 21.384 21.434 21.476 21.526 21.604 21.676 21.799 21.866 21.861 21.846 21.821 21.806 21.816 21.836 21.869 21.921 21.914 21.936 22.011 22.036 22.079 22.101 22.094 22.124 22.096 22.086 22.111 22.129 22.174 22.166 22.146 22.134 22.144 22.174 22.184 22.191 22.174 22.189 22.234 22.236
21.501 21.451 21.416 21.361 21.306 21.276 21.254 21.224 21.151 21.159 21.114 21.099 21.166 20.789 21.171 20.786 20.616 20.709 20.709 20.716 20.741 20.801 20.894 20.956 21.009 21.046 21.106 21.171 21.214 21.264 21.296 21.329 21.361 21.389 21.416 21.511 21.601 21.721 21.794 21.781 21.744 21.726 21.721 21.739 21.741 21.754 21.791 21.834 21.866 21.909 21.934 21.954 21.986 21.981 21.991 22.021 22.016 22.001 22.016 22.029 22.054 22.041 22.054 22.054 22.056 22.054 22.059 22.091 22.109 22.116 22.151
21.446 21.419 21.371 21.314 21.264 21.221 21.166 21.199 21.096 21.124 21.064 21.061 21.149 20.734 21.114 20.736 20.554 20.639 20.626 20.626 20.649 20.754 20.831 20.851 20.929 20.974 21.029 21.116 21.119 21.176 21.196 21.241 21.259 21.336 21.364 21.429 21.511 21.606 21.674 21.679 21.661 21.636 21.621 21.646 21.641 21.646 21.706 21.719 21.751 21.801 21.826 21.849 21.889 21.894 21.884 21.889 21.891 21.904 21.911 21.921 21.926 21.959 21.956 21.954 21.976 21.971 22.011 22.009 22.026 22.044 22.059
21.386 21.366 21.314 21.269 21.234 21.191 21.146 21.151 21.091 21.081 21.049 20.964 21.124 20.754 20.999 20.686 20.446 20.501 20.526 20.524 20.591 20.644 20.731 20.786 20.806 20.874 20.926 21.001 21.036 21.091 21.101 21.176 21.194 21.239 21.279 21.344 21.431 21.521 21.586 21.596 21.579 21.541 21.539 21.536 21.554 21.566 21.594 21.616 21.656 21.704 21.741 21.759 21.789 21.806 21.819 21.804 21.811 21.794 21.819 21.824 21.839 21.836 21.816 21.839 21.871 21.869 21.896 21.909 21.949 21.929 21.946
21.364 21.329 21.304 21.229 21.186 21.154 21.096 21.104 21.041 21.031 20.999 20.966 21.069 20.781 20.789 20.654 20.376 20.434 20.471 20.459 20.501 20.546 20.669 20.691 20.746 20.811 20.869 20.959 20.981 21.019 21.069 21.076 21.134 21.181 21.209 21.246 21.331 21.454 21.531 21.526 21.494 21.449 21.451 21.461 21.434 21.464 21.479 21.536 21.559 21.631 21.636 21.661 21.679 21.689 21.709 21.696 21.714 21.704 21.714 21.696 21.716 21.731 21.739 21.739 21.761 21.766 21.774 21.799 21.794 21.834 21.854
21.351 21.284 21.246 21.196 21.164 21.091 21.054 21.081 21.014 21.006 20.951 20.896 21.016 20.724 20.701 20.591 20.274 20.336 20.376 20.394 20.404 20.456 20.564 20.611 20.651 20.709 20.754 20.841 20.884 20.916 20.944 21.006 21.044 21.084 21.126 21.164 21.229 21.356 21.401 21.449 21.399 21.334 21.321 21.359 21.349 21.334 21.386 21.436 21.489 21.491 21.494 21.571 21.554 21.589 21.589 21.576 21.589 21.596 21.594 21.599 21.616 21.624 21.624 21.629 21.664 21.654 21.669 21.699 21.696 21.736 21.721
21.321 21.246 21.214 21.159 21.131 21.066 21.041 21.066 20.999 20.954 20.941 20.894 20.949 20.691 20.516 20.514 20.234 20.251 20.301 20.316 20.314 20.366 20.486 20.519 20.561 20.616 20.674 20.734 20.789 20.851 20.884 20.916 20.954 20.989 21.051 21.121 21.156 21.259 21.296 21.316 21.324 21.249 21.231 21.249 21.246 21.239 21.306 21.321 21.389 21.404 21.384 21.464 21.456 21.494 21.446 21.474 21.479 21.491 21.499 21.489 21.519 21.534 21.546 21.546 21.569 21.569 21.594 21.611 21.624 21.644 21.689
21.276 21.206 21.154 21.099 21.041 21.016 21.006 21.011 20.964 20.909 20.874 20.839 20.934 20.661 20.521 20.471 20.149 20.209 20.231 20.221 20.249 20.299 20.381 20.456 20.469 20.521 20.604 20.661 20.684 20.749 20.799 20.831 20.871 20.919 20.924 21.004 21.081 21.146 21.191 21.249 21.226 21.179 21.139 21.164 21.171 21.176 21.246 21.254 21.274 21.321 21.339 21.389 21.386 21.401 21.376 21.381 21.411 21.419 21.434 21.414 21.394 21.454 21.436 21.464 21.466 21.474 21.494 21.499 21.509 21.536 21.556
21.224 21.146 21.119 21.096 21.024 20.971 20.924 20.971 20.956 20.879 20.851 20.791 20.884 20.706 20.334 20.431 20.101 20.129 20.159 20.166 20.189 20.216 20.319 20.376 20.409 20.479 20.551 20.596 20.614 20.676 20.724 20.776 20.804 20.844 20.894 20.926 21.011 21.094 21.169 21.166 21.156 21.101 21.071 21.089 21.086 21.096 21.111 21.151 21.214 21.204 21.214 21.286 21.281 21.281 21.276 21.276 21.329 21.284 21.294 21.264 21.306 21.289 21.326 21.344 21.359 21.366 21.404 21.444 21.426 21.469 21.469
21.214 21.131 21.069 21.046 20.991 20.926 20.886 20.931 20.899 20.829 20.824 20.716 20.816 20.664 20.279 20.339 20.024 20.061 20.111 20.134 20.124 20.139 20.181 20.244 20.294 20.376 20.441 20.479 20.529 20.591 20.644 20.689 20.709 20.756 20.781 20.839 20.929 21.011 21.061 21.059 21.044 20.996 20.971 20.979 20.969 20.991 21.024 21.056 21.109 21.094 21.109 21.166 21.179 21.189 21.196 21.179 21.206 21.201 21.204 21.189 21.249 21.231 21.221 21.229 21.251 21.281 21.289 21.314 21.341 21.351 21.384
21.186 21.104 21.041 20.999 20.941 20.886 20.869 20.886 20.874 20.796 20.786 20.699 20.816 20.719 20.099 20.321 19.976 19.984 20.054 20.041 20.041 20.069 20.091 20.191 20.209 20.299 20.364 20.389 20.471 20.486 20.544 20.606 20.634 20.686 20.706 20.764 20.824 20.909 20.964 20.996 20.951 20.914 20.906 20.879 20.904 20.906 20.924 20.966 20.986 21.009 21.031 21.064 21.091 21.086 21.121 21.091 21.126 21.114 21.099 21.096 21.129 21.116 21.141 21.149 21.159 21.169 21.194 21.219 21.214 21.229 21.291
21.141 21.084 20.974 20.941 20.909 20.836 20.809 20.854 20.814 20.774 20.746 20.671 20.756 20.709 20.101 20.241 19.944 19.904 19.974 19.994 19.966 19.996 20.026 20.089 20.124 20.181 20.271 20.291 20.369 20.426 20.491 20.531 20.554 20.581 20.626 20.696 20.749 20.816 20.886 20.889 20.884 20.856 20.839 20.794 20.806 20.831 20.841 20.886 20.911 20.934 20.971 20.999 20.986 20.991 20.999 20.994 21.034 21.029 21.001 21.016 21.051 21.054 21.064 21.081 21.061 21.079 21.096 21.126 21.141 21.171 21.199
21.101 21.041 20.959 20.876 20.836 20.786 20.761 20.786 20.741 20.711 20.729 20.639 20.689 20.699 20.059 20.181 19.894 19.876 19.896 19.904 19.891 19.926 19.949 20.026 20.076 20.129 20.179 20.216 20.291 20.341 20.404 20.459 20.454 20.486 20.564 20.589 20.684 20.749 20.809 20.836 20.821 20.754 20.751 20.729 20.726 20.726 20.739 20.786 20.816 20.824 20.876 20.876 20.869 20.891 20.894 20.896 20.939 20.924 20.909 20.924 20.941 20.939 20.966 20.951 20.994 21.006 21.009 21.031 21.054 21.074 21.119
21.066 21.011 20.899 20.864 20.791 20.759 20.714 20.736 20.726 20.674 20.671 20.614 20.629 20.721 20.084 20.219 19.861 19.811 19.849 19.859 19.824 19.841 19.884 19.949 19.976 20.031 20.094 20.141 20.186 20.251 20.276 20.336 20.364 20.424 20.456 20.499 20.566 20.679 20.704 20.739 20.704 20.666 20.676 20.644 20.639 20.656 20.651 20.694 20.719 20.726 20.776 20.764 20.784 20.796 20.799 20.819 20.839 20.814 20.841 20.824 20.844 20.871 20.894 20.886 20.896 20.901 20.936 20.944 20.974 20.986 21.016
20.994 20.954 20.876 20.806 20.749 20.724 20.669 20.699 20.684 20.659 20.681 20.594 20.616 20.669 20.132 20.226 19.834 19.774 19.826 19.811 19.739 19.774 19.804 19.879 19.934 19.956 19.989 20.059 20.096 20.174 20.196 20.214 20.271 20.336 20.394 20.424 20.511 20.559 20.609 20.656 20.631 20.589 20.576 20.564 20.556 20.534 20.579 20.594 20.609 20.661 20.681 20.704 20.709 20.714 20.719 20.751 20.746 20.746 20.741 20.711 20.714 20.764 20.781 20.786 20.784 20.799 20.796 20.831 20.849 20.871 20.886
20.976 20.899 20.799 20.771 20.686 20.689 20.641 20.639 20.629 20.616 20.634 20.564 20.556 20.639 20.126 20.151 19.861 19.696 19.734 19.721 19.686 19.721 19.736 19.809 19.839 19.871 19.901 19.961 20.006 20.039 20.101 20.161 20.204 20.244 20.274 20.316 20.404 20.466 20.511 20.559 20.526 20.501 20.476 20.454 20.439 20.461 20.469 20.514 20.521 20.541 20.576 20.584 20.611 20.634 20.626 20.616 20.619 20.639 20.634 20.646 20.634 20.656 20.674 20.674 20.699 20.709 20.729 20.741 20.754 20.781 20.756
20.901 20.824 20.779 20.691 20.659 20.654 20.584 20.616 20.606 20.576 20.589 20.529 20.529 20.614 20.091 20.144 19.821 19.664 19.699 19.699 19.651 19.706 19.676 19.729 19.724 19.764 19.814 19.886 19.914 19.959 20.011 20.044 20.114 20.151 20.186 20.234 20.299 20.389 20.461 20.441 20.419 20.406 20.404 20.379 20.366 20.364 20.374 20.389 20.434 20.454 20.484 20.506 20.489 20.489 20.504 20.514 20.529 20.509 20.509 20.534 20.541 20.539 20.569 20.549 20.584 20.581 20.616 20.624 20.651 20.654 20.669
