All_lidar/sz5593_DSM_2M.asc
ncols 500
nrows 500
xllcorner    455000
yllcorner    93000
cellsize     2
NODATA_value -9999
[rows 330 to 362 of 500, columns 76 to 151 of 500]
24.339 22.024 21.539 21.399 21.274 21.214 21.112 21.204 20.649 20.489 22.864 22.977 23.312 21.087 20.264 20.174 20.114 19.972 19.929 19.847 20.574 20.024 19.599 20.099 20.519 23.557 21.587 19.587 19.522 20.372 20.737 23.127 24.694 21.222 19.439 19.577 18.904 19.724 22.852 26.972 27.029 19.479 19.102 18.297 17.487 17.644 21.657 19.412 21.714 20.177 22.539 20.619 19.729 16.807 19.617 22.979 17.034 16.712 16.609 16.684 16.609 16.209 16.357 17.159 16.049 15.959 16.079 16.117 16.332 15.877 15.932 19.369 24.869 17.082 15.65 16.28
24.604 22.039 21.529 21.937 21.277 21.217 21.212 20.969 20.887 20.789 20.972 20.742 21.634 22.142 20.349 20.222 20.134 20.122 19.989 19.879 24.004 20.862 19.509 20.614 21.827 22.832 22.499 20.444 21.524 19.952 19.879 20.227 20.882 19.982 21.567 26.164 19.472 28.872 29.819 25.284 29.684 28.884 21.674 20.327 20.984 17.409 20.107 18.152 23.282 22.364 26.924 22.432 18.472 16.827 18.297 19.527 23.654 18.752 17.924 17.287 19.209 18.384 20.214 18.412 16.199 16.447 15.949 16.057 21.669 17.357 16.144 16.112 19.852 16.237 15.757 15.64
24.052 22.389 21.539 22.914 28.519 22.839 21.277 20.982 20.974 20.864 20.729 20.722 22.329 23.027 21.224 20.214 20.247 20.154 20.039 19.854 19.774 19.604 19.504 20.159 20.659 20.597 18.979 20.414 22.234 19.869 20.547 18.752 18.612 19.209 23.232 23.917 26.554 29.984 27.154 25.829 32.587 29.419 25.724 21.462 20.824 18.432 17.327 24.404 22.192 21.039 23.189 23.604 21.772 22.194 17.079 18.457 17.839 18.157 16.769 17.064 18.297 19.452 17.259 18.107 16.122 15.947 15.822 17.384 19.272 17.582 15.659 15.574 15.579 15.489 15.445 15.285
24.674 22.234 21.574 23.142 28.194 24.044 21.734 21.057 21.137 21.009 20.862 21.249 23.149 22.287 20.274 20.257 20.239 20.182 19.979 19.789 19.684 19.587 19.504 19.882 26.207 23.867 19.002 18.984 21.614 20.422 19.672 18.874 18.749 19.522 20.572 20.119 21.682 23.052 20.362 27.197 28.974 26.322 22.554 19.752 18.442 17.547 19.187 22.272 25.939 20.414 23.854 23.002 23.322 20.634 16.699 16.539 16.464 16.807 16.274 16.209 16.092 17.532 18.619 15.927 15.872 15.824 15.732 16.027 15.682 19.514 15.707 15.634 15.554 15.472 15.407 15.31
24.144 22.722 21.782 25.019 24.987 26.739 24.702 26.839 22.387 22.384 21.644 22.467 21.964 20.392 20.364 20.339 20.394 20.544 19.904 19.814 19.692 19.532 19.454 20.702 23.807 26.099 19.609 20.922 23.222 21.649 18.999 18.779 18.377 18.344 18.119 18.012 17.932 18.257 17.787 17.662 19.099 24.364 18.299 19.012 17.264 17.157 17.127 21.294 17.782 19.407 23.212 26.784 27.692 29.862 23.869 19.824 16.389 16.352 16.214 16.147 16.082 15.969 18.362 15.882 18.667 27.832 18.949 15.659 18.544 19.867 17.764 15.727 15.689 15.954 15.99 16.152
22.987 23.914 22.384 23.217 24.134 23.737 23.394 23.162 23.042 22.589 21.809 21.642 20.627 20.399 20.299 20.304 20.342 20.057 19.882 19.692 19.522 19.419 19.297 19.219 19.099 19.437 18.912 20.884 23.524 24.554 19.309 18.437 18.314 18.222 18.082 17.979 19.777 19.697 25.644 24.279 26.412 25.779 26.684 25.542 19.582 17.222 17.149 17.049 16.974 17.534 16.772 20.712 23.222 23.322 28.444 24.684 18.604 19.214 16.544 17.389 18.199 17.804 16.154 15.829 21.502 27.862 27.637 26.562 20.904 17.364 17.994 17.342 17.062 17.432 17.407 17.375
22.004 22.297 21.694 22.067 21.544 21.644 21.099 21.079 20.919 20.877 20.587 20.504 20.474 20.362 20.277 20.149 20.032 19.879 19.689 19.589 19.502 19.344 19.204 19.167 19.169 19.572 18.924 18.854 22.569 20.579 18.642 18.614 18.707 18.309 18.037 18.154 23.679 24.502 28.519 30.487 29.522 25.189 24.424 24.822 26.092 19.854 24.874 23.697 20.444 22.387 25.082 22.924 21.924 22.942 24.562 24.359 21.634 21.692 24.124 27.852 26.227 27.887 17.142 16.437 23.197 34.419 33.982 30.004 27.479 19.249 15.539 15.957 16.007 15.834 15.51 15.337
21.649 21.534 21.364 21.262 21.174 21.107 21.049 20.917 20.772 20.692 20.644 20.559 20.544 20.414 20.287 20.559 20.279 22.522 22.767 20.087 19.514 19.294 22.707 21.744 21.667 23.017 22.107 23.222 25.432 21.294 23.019 20.914 19.962 25.257 25.087 24.064 23.012 22.947 27.762 31.594 29.602 30.609 23.547 21.662 26.192 26.429 27.177 31.264 26.839 28.182 19.102 19.444 25.129 24.589 24.684 21.699 24.777 17.949 24.324 27.459 27.192 25.262 20.624 15.732 21.894 29.354 24.747 26.029 23.899 19.382 17.097 16.937 16.484 16.447 17.33 17.03
21.659 21.502 21.437 21.479 21.482 21.209 20.997 21.047 22.032 22.474 21.352 21.817 21.987 24.257 25.527 23.597 25.517 26.482 26.547 22.579 21.842 19.487 26.577 27.147 26.429 26.704 26.177 21.929 22.712 23.632 24.854 29.459 27.307 22.607 23.647 23.864 24.929 26.262 28.869 27.724 22.319 27.794 28.767 25.269 23.507 29.477 25.169 27.749 28.467 24.447 20.942 21.997 22.277 23.534 23.347 22.729 23.727 19.934 25.422 29.144 26.979 19.402 16.807 20.557 24.027 21.254 18.909 24.164 18.832 16.574 17.064 17.179 15.247 16.427 17.615 17.612
22.004 23.107 23.004 25.149 22.642 23.717 21.552 24.492 24.032 26.547 28.342 24.014 24.509 26.577 30.417 29.359 24.422 25.744 25.162 23.064 22.352 19.274 20.029 23.634 22.469 25.422 24.122 23.922 23.697 24.837 29.254 24.827 28.069 26.744 26.759 22.989 25.662 26.392 31.189 26.639 26.457 21.932 25.067 23.772 22.857 25.557 26.337 26.037 26.427 23.809 25.779 22.462 23.424 24.929 22.209 24.907 21.087 19.482 20.722 24.637 24.139 19.402 15.669 15.609 26.397 28.522 31.714 20.149 15.444 15.207 15.642 16.092 15.264 17.689 17.815 17.732
23.382 24.107 26.964 29.882 32.159 30.899 27.009 26.442 23.662 30.872 32.979 25.709 20.999 24.824 26.034 24.807 23.272 28.049 27.384 27.772 25.497 19.169 19.072 19.097 19.369 19.254 18.674 21.579 27.497 28.502 29.647 28.589 28.839 26.559 23.557 21.192 20.774 22.794 23.582 28.262 25.062 21.027 24.292 22.004 19.579 23.954 22.822 23.159 21.822 20.107 27.262 24.417 21.092 22.229 25.659 24.824 25.862 19.139 20.729 16.549 17.289 17.544 15.629 15.734 16.999 15.957 22.617 19.339 15.259 15.164 15.169 15.187 15.204 17.312 17.857 17.747
25.009 26.559 29.039 32.324 31.949 31.957 28.429 32.032 31.487 29.369 32.349 28.877 21.354 21.782 25.229 24.099 25.869 27.642 22.302 28.837 22.572 19.064 19.002 19.082 18.874 21.954 23.544 22.197 24.709 24.202 23.377 25.737 25.772 25.694 27.447 22.737 28.189 33.572 30.287 29.402 29.372 28.694 25.107 25.854 21.952 21.162 27.972 22.997 20.689 20.857 21.957 20.652 19.569 23.539 19.232 20.029 25.312 22.392 18.702 16.972 15.627 15.642 15.599 15.777 15.522 15.529 19.594 16.669 15.457 15.249 15.212 15.169 15.172 15.767 15.702 15.442
26.852 24.292 24.569 26.892 33.102 34.449 28.472 31.094 38.217 32.902 30.212 27.987 25.062 26.117 24.304 23.172 24.972 23.899 25.007 20.832 19.059 18.904 19.669 21.652 21.512 22.904 22.707 25.032 26.422 26.697 24.502 25.512 23.202 23.197 23.587 22.212 35.714 36.729 32.869 27.774 35.142 32.042 30.919 26.292 23.037 22.177 27.777 23.752 20.949 18.542 21.119 24.514 24.934 22.087 18.657 19.207 19.797 18.134 18.089 18.417 16.042 15.627 15.579 16.117 15.732 15.432 15.794 15.432 15.432 15.337 15.214 15.114 16.094 16.129 14.945 14.905
27.842 24.577 22.344 25.654 32.214 26.664 28.392 34.657 33.452 29.857 27.329 24.234 23.209 24.794 24.064 20.314 21.084 25.377 23.139 19.097 18.904 18.862 19.517 22.027 21.607 21.417 21.239 21.512 25.514 25.302 26.022 23.969 24.402 26.719 24.602 34.982 36.077 37.362 35.002 28.769 27.894 32.184 34.339 30.722 26.449 24.137 23.629 22.407 20.682 20.567 22.647 24.262 20.994 19.492 19.869 17.119 19.507 24.589 24.509 20.889 17.072 15.604 15.617 16.349 16.662 16.219 15.407 15.364 15.357 15.279 15.214 15.077 15.157 15.354 14.907 14.852
24.824 23.344 23.122 26.677 25.072 25.652 25.779 26.634 25.554 23.319 22.699 20.744 19.944 21.467 20.464 19.664 19.599 19.449 19.232 18.987 18.852 18.892 18.819 21.789 21.687 21.389 22.934 24.094 27.849 28.042 26.764 25.419 28.109 23.229 28.902 32.412 34.684 31.804 34.442 30.904 28.314 30.087 32.142 31.224 30.159 26.504 20.589 21.504 22.879 22.397 21.742 21.247 22.344 21.282 22.954 20.034 26.674 23.737 21.957 19.772 18.164 15.639 15.569 15.797 17.234 16.254 15.334 15.297 15.292 15.257 15.199 15.142 14.937 14.882 14.795 14.735
22.717 23.989 22.652 23.754 25.412 25.944 24.974 23.224 22.517 20.344 20.049 19.997 19.894 19.799 19.674 19.627 19.524 19.402 19.297 19.037 18.864 18.819 18.817 20.757 21.777 27.172 28.009 29.312 29.039 29.352 25.467 23.932 27.749 28.304 28.142 30.607 37.419 34.524 27.502 25.677 23.584 28.784 29.744 27.894 25.082 26.124 20.259 20.742 21.654 27.654 25.007 20.677 20.284 22.639 24.304 22.357 22.317 23.309 22.699 19.052 19.129 15.797 15.562 15.634 16.174 15.332 15.254 15.224 15.177 15.132 15.144 14.957 14.819 14.744 14.702 14.615
23.224 23.877 23.089 20.954 24.297 22.042 21.729 23.167 22.202 20.112 20.037 19.919 19.824 19.784 19.719 19.549 19.487 19.432 19.389 19.124 18.887 18.834 19.099 22.304 27.967 33.947 32.687 36.382 35.212 28.579 24.042 26.112 20.367 22.067 22.274 33.137 33.917 33.352 26.184 21.372 19.604 21.022 22.479 21.722 23.037 19.789 17.152 20.172 20.079 25.717 22.497 21.549 20.447 20.949 24.669 24.197 22.022 23.624 21.579 19.327 17.092 15.547 15.539 15.557 15.704 15.312 15.184 15.119 15.102 15.057 15.002 14.912 14.762 14.672 14.597 14.537
24.497 24.692 22.142 22.394 24.372 21.379 24.452 24.719 21.509 20.032 19.979 19.909 19.834 19.732 19.957 19.639 19.407 19.372 19.279 19.159 18.962 18.834 19.397 19.834 33.979 36.317 37.399 37.219 34.792 30.757 24.827 26.804 23.297 21.087 17.652 27.432 27.402 24.009 23.654 19.297 17.487 17.359 17.559 18.174 17.512 18.042 17.309 20.907 17.307 19.634 21.047 18.394 19.867 19.994 24.669 23.374 22.522 19.634 18.484 17.332 15.799 15.524 15.497 15.517 15.682 15.424 15.162 15.097 15.032 15.129 15.297 14.867 14.659 14.594 14.532 14.452
27.584 24.442 27.902 30.504 25.127 22.889 24.354 25.152 20.394 19.987 19.904 19.799 19.749 19.737 19.709 19.487 19.384 19.262 19.214 19.124 18.959 18.837 18.887 18.842 29.299 36.104 37.452 37.299 35.757 33.989 28.809 25.234 19.087 17.099 16.937 17.439 18.834 23.457 18.969 16.924 17.114 16.969 17.067 17.097 17.219 17.354 17.157 17.284 17.562 16.744 18.649 19.489 18.162 20.307 24.512 24.384 18.404 16.849 17.444 16.714 16.494 15.534 15.524 15.429 15.914 15.747 15.107 15.077 15.014 15.019 15.137 14.794 14.634 14.544 14.497 14.425
28.839 27.647 29.554 34.074 30.142 27.177 22.937 22.664 22.117 20.289 19.974 19.847 19.679 19.637 19.494 19.417 19.354 19.259 19.217 19.132 19.019 18.824 18.792 18.807 19.697 32.734 33.254 33.879 32.894 30.389 27.234 25.677 18.842 16.977 16.952 16.922 16.859 16.834 17.079 16.989 16.937 17.012 16.884 18.647 17.464 17.142 17.099 18.582 17.284 16.567 16.809 16.759 18.394 19.219 19.504 18.857 16.072 16.312 16.064 15.647 15.559 15.599 15.674 15.287 17.677 15.694 15.069 15.024 14.947 14.887 14.809 14.772 14.694 14.549 14.552 14.447
29.724 28.712 25.302 26.849 28.709 29.079 25.402 21.872 23.697 22.962 20.999 19.734 20.082 20.344 21.512 19.359 19.344 20.527 19.274 19.114 18.999 18.777 18.814 19.249 19.794 24.524 32.344 32.569 30.494 27.049 25.874 24.969 18.389 16.999 17.247 16.939 16.927 16.889 17.177 17.357 16.962 17.027 16.847 17.344 16.919 17.252 18.144 17.719 16.857 16.972 17.194 18.227 18.854 16.867 17.049 16.697 17.697 18.629 16.124 15.722 15.539 15.589 15.744 15.382 16.259 15.564 14.997 14.952 14.862 14.769 15.194 14.999 15.337 15.432 15.574 14.744
22.649 23.159 22.597 23.462 29.342 29.907 27.032 23.067 23.069 23.582 20.602 20.084 21.062 22.549 22.544 19.942 19.437 19.204 19.727 18.957 18.942 20.242 20.837 21.152 21.152 21.427 21.124 25.374 23.342 21.967 21.789 21.912 18.059 21.359 20.869 16.979 16.909 16.897 17.029 16.952 16.984 17.519 17.057 16.839 16.842 18.924 18.674 17.434 16.772 16.649 17.609 18.514 20.679 20.609 18.014 23.632 22.012 18.469 17.647 16.817 15.519 16.164 16.117 15.332 15.372 15.762 14.957 14.879 14.809 14.694 15.772 17.699 17.697 17.887 17.982 17.844
20.872 20.699 20.634 25.739 24.959 24.472 25.234 24.249 24.869 25.842 24.404 22.874 23.007 23.049 23.344 20.929 19.802 20.839 20.669 19.172 19.002 20.714 21.089 20.964 19.402 20.272 23.019 22.214 20.719 23.079 22.709 19.357 16.967 17.737 19.139 17.047 16.824 16.932 17.009 16.847 16.937 16.932 16.907 16.859 16.847 17.032 17.107 16.782 16.962 16.854 17.032 20.604 23.569 22.089 20.397 23.974 22.339 20.937 17.552 16.024 15.529 16.367 16.654 15.282 16.429 16.239 14.892 14.839 14.769 14.622 15.572 18.862 18.969 19.052 19.132 18.549
27.827 24.317 22.019 23.262 24.182 26.632 25.502 23.664 26.334 26.172 25.952 21.787 23.277 23.064 23.752 24.314 22.417 21.707 23.407 22.724 20.617 20.509 20.077 21.567 20.469 22.327 27.162 22.592 23.339 23.144 24.484 19.142 17.539 16.912 16.844 16.844 16.867 16.889 16.919 16.849 16.839 16.852 16.872 16.839 16.857 16.834 16.807 16.757 16.769 16.787 16.477 17.384 19.399 23.449 20.802 20.922 18.397 18.097 16.899 15.437 15.622 16.147 16.229 15.774 15.244 15.889 14.862 14.819 14.707 14.597 15.002 19.952 20.057 20.117 20.117 19.379
28.639 26.057 23.129 20.479 21.237 23.352 25.077 22.074 24.392 25.339 25.112 23.349 25.427 22.672 23.152 24.154 23.412 23.067 23.517 23.094 22.189 21.919 21.392 21.537 20.374 18.652 19.282 20.684 22.427 23.827 25.412 22.202 18.654 17.149 16.894 16.867 16.829 16.847 16.894 16.869 16.779 16.809 16.854 16.859 16.937 16.814 16.777 16.824 16.767 16.729 16.497 16.664 18.667 19.879 20.717 19.532 17.477 18.569 16.152 15.407 15.574 15.649 16.044 15.912 15.244 15.637 14.812 14.777 14.644 14.522 14.402 19.229 19.882 19.754 19.712 19.229
28.329 29.229 24.987 22.687 20.847 25.097 23.739 20.252 21.727 24.649 23.744 23.247 25.709 29.007 24.029 25.934 25.909 23.797 23.947 23.297 23.457 22.314 21.577 21.957 21.637 20.149 19.014 20.809 26.162 28.144 22.884 23.827 17.947 18.099 16.899 16.832 16.779 16.807 16.852 16.814 16.794 16.837 16.899 16.829 16.889 16.827 16.794 16.872 16.784 17.549 17.087 16.517 20.094 19.132 18.724 19.304 17.449 16.507 15.382 15.527 16.394 15.577 18.059 16.592 15.182 15.604 14.774 14.657 14.599 14.504 14.374 18.449 18.702 18.617 18.582 18.449
25.114 25.419 25.129 21.092 21.524 26.064 25.532 20.122 19.889 19.564 20.019 20.679 25.532 22.199 25.417 26.779 25.792 23.732 26.527 25.257 24.774 24.829 22.049 23.574 21.662 20.559 20.062 21.342 25.774 25.542 23.272 20.167 18.802 18.827 17.024 16.862 16.887 16.804 16.792 16.819 16.787 16.764 16.807 16.827 16.952 16.897 16.814 16.737 16.749 17.457 17.124 16.664 22.847 20.422 18.522 18.449 18.874 18.597 16.464 15.574 17.004 16.072 19.337 18.894 16.074 15.829 14.739 14.632 14.542 14.442 14.304 17.129 16.297 16.884 16.762 16.454
24.439 23.827 23.567 23.434 25.657 24.069 24.054 20.719 20.444 20.784 19.512 19.304 19.987 19.374 21.989 25.127 22.844 23.192 28.232 30.472 29.887 25.727 22.807 23.514 21.799 20.214 20.177 23.932 26.154 23.294 22.219 19.744 21.314 18.609 17.359 16.897 16.869 16.859 16.804 16.782 16.784 16.764 16.932 16.864 16.819 16.834 16.879 17.757 16.877 18.497 17.802 16.552 17.612 19.537 16.502 15.989 16.124 15.369 15.304 17.652 18.479 18.359 19.507 16.534 15.202 16.329 14.667 14.564 14.502 14.399 14.299 14.497 14.319 14.314 14.264 14.252
22.254 21.387 21.312 21.414 23.759 23.629 21.589 21.897 20.709 23.369 20.757 20.794 21.277 19.389 18.769 18.659 18.602 19.162 20.517 28.697 26.994 25.689 22.074 24.109 23.277 20.097 20.197 21.779 23.687 22.939 22.094 21.744 17.742 19.432 18.917 16.909 16.874 16.842 16.804 16.764 16.799 16.899 16.819 16.889 16.879 17.434 16.817 17.017 16.952 17.929 17.119 16.477 16.049 17.164 15.559 15.407 15.317 15.457 15.307 15.184 17.707 18.954 17.074 15.214 15.224 16.642 15.982 15.004 14.414 14.344 14.249 14.134 14.107 14.069 14.004 13.992
20.462 20.597 20.444 20.169 20.172 20.524 22.434 24.022 22.029 20.237 20.637 20.584 20.564 20.647 19.202 18.467 18.527 18.357 18.197 21.012 24.472 20.852 21.739 21.412 25.852 24.772 27.282 28.147 22.584 25.322 21.327 20.049 19.867 20.779 20.344 17.047 16.879 16.824 16.784 16.752 16.747 16.747 16.744 16.822 17.059 17.029 16.704 17.447 18.642 16.349 16.067 16.052 15.607 15.482 15.417 15.334 15.299 15.482 15.182 15.139 15.157 15.099 15.102 15.084 15.019 16.982 16.979 15.754 14.627 14.664 14.257 14.167 14.264 14.072 13.974 13.929
20.342 20.224 20.492 21.722 20.119 20.849 24.767 21.362 22.337 21.937 21.759 23.804 23.377 22.252 21.859 22.267 19.964 18.252 25.749 22.797 22.854 21.714 23.502 24.564 28.989 26.554 27.814 25.407 26.059 23.804 20.584 18.232 17.834 17.779 17.234 17.859 16.832 16.779 16.757 16.714 16.764 16.744 16.842 16.754 18.754 18.024 16.269 16.387 17.467 15.807 15.767 16.617 15.682 15.417 15.424 15.364 16.204 16.039 15.724 15.087 15.114 15.069 15.052 15.242 14.782 16.367 17.257 16.482 14.484 14.309 14.169 14.069 13.989 13.882 13.782 14.222
20.204 20.297 22.879 22.779 22.247 22.837 26.074 25.699 24.392 22.754 23.889 21.817 22.049 24.127 24.444 22.882 20.714 20.819 22.684 18.034 18.507 18.697 21.497 17.944 23.497 18.004 24.974 24.599 20.857 21.359 22.784 17.397 17.234 18.047 18.504 18.299 16.814 16.792 16.749 16.704 16.922 17.242 16.989 16.764 17.372 16.082 15.892 16.357 15.719 15.679 15.919 17.257 16.027 15.404 17.324 15.712 18.589 16.302 16.204 15.119 15.074 15.059 15.077 15.344 14.759 16.117 17.224 17.294 14.842 14.199 14.092 14.009 13.877 13.772 13.732 13.702
20.139 22.702 23.194 23.227 22.504 20.449 23.637 25.962 24.094 23.002 22.882 24.589 23.444 26.767 24.599 22.907 19.124 18.052 17.912 18.249 17.772 17.587 19.884 17.507 17.379 17.324 17.804 27.882 25.679 20.859 23.054 18.522 20.392 18.957 22.439 18.967 19.292 16.927 17.704 17.007 16.909 16.352 16.159 16.057 15.939 15.827 15.732 15.644 15.624 15.519 15.572 18.147 19.549 15.402 18.122 20.952 24.209 21.139 15.414 15.084 15.087 15.044 15.037 15.069 14.702 15.842 16.864 17.007 15.537 20.147 17.984 14.752 13.787 13.654 14.284 13.712
