All_lidar/sz5594_DSM_2M.asc
ncols 500
nrows 500
xllcorner    455000
yllcorner    94000
cellsize     2
NODATA_value -9999
[rows 384 to 415 of 500, columns 148 to 221 of 500]
2.156 2.203 2.213 2.221 2.231 2.148 2.266 2.178 2.181 2.208 2.075 1.781 1.464 1.231 0.924 0.627 0.34 0.07 -0.204 -0.415 -0.667 -0.882 -1.089 -1.237 -1.225 -1.191 -1.226 -1.002 -0.838 -0.69 -0.498 -0.187 -0.159 -0.39 -0.686 -0.964 -1.279 -1.526 -1.707 -1.879 -1.785 -1.484 -1.34 -1.089 -0.797 -0.812 -0.666 -0.447 0.057 0.155 0.394 0.61 0.776 0.862 0.973 0.981 1.046 1.053 1.013 1.018 1.026 1.028 1.023 1.046 0.983 1.003 1.021 0.993 0.986 1.011 0.991 0.993 1.018 0.996
2.218 2.111 2.126 2.176 2.183 2.173 2.183 2.296 2.216 2.333 2.123 1.874 1.529 1.314 1.024 0.744 0.52 0.236 -0.04 -0.289 -0.483 -0.738 -0.915 -0.977 -0.946 -0.923 -0.963 -0.794 -0.692 -0.501 -0.413 -0.339 -0.427 -0.454 -0.748 -0.989 -1.279 -1.59 -1.846 -2.194 -1.9 -1.479 -1.24 -1.105 -0.806 -0.551 -0.686 -0.154 0.045 0.247 0.394 0.473 0.779 0.871 1.026 0.981 1.063 1.011 1.021 1.023 0.991 1.001 0.953 1.041 1.006 1.001 0.981 1.036 1.006 0.983 1.026 0.991 0.986 1.076
2.231 2.136 2.206 2.218 2.273 2.268 2.246 2.261 2.196 2.228 2.21 1.962 1.688 1.405 1.16 0.876 0.681 0.413 0.118 -0.056 -0.29 -0.515 -0.635 -0.741 -0.67 -0.677 -0.674 -0.59 -0.422 -0.591 -0.643 -0.639 -0.647 -0.615 -0.683 -0.917 -1.211 -1.488 -1.694 -1.961 -1.735 -1.382 -1.245 -1.002 -0.766 -0.541 -0.357 -0.165 0.074 0.245 0.413 0.589 0.728 0.913 1.016 0.961 0.978 0.983 1.051 1.011 1.013 0.993 0.968 1.011 1.033 0.953 0.996 0.986 0.976 0.998 0.996 0.968 0.958 0.976
2.186 2.191 2.236 2.223 2.221 2.231 2.258 2.218 2.228 2.308 2.256 2.05 1.847 1.627 1.266 1.028 0.815 0.592 0.323 0.088 -0.08 -0.172 -0.306 -0.398 -0.381 -0.422 -0.384 -0.512 -0.612 -0.776 -0.975 -0.948 -0.956 -0.885 -0.768 -0.855 -1.098 -1.308 -1.369 -1.718 -1.647 -1.443 -1.106 -0.894 -0.703 -0.509 -0.323 -0.159 0.11 0.285 0.454 0.607 0.762 0.889 1.026 1.013 1.006 0.986 1.028 1.023 1.033 1.011 0.981 0.988 0.998 0.973 1.011 1.016 0.971 0.986 0.978 0.996 1.016 1.011
2.201 2.216 2.173 2.186 2.221 2.283 2.273 2.258 2.283 2.293 2.291 2.184 1.975 1.675 1.361 1.166 0.966 0.729 0.588 0.356 0.202 0.086 0.003 -0.124 -0.116 -0.255 -0.449 -0.708 -0.91 -1.114 -1.282 -1.342 -1.276 -1.151 -0.998 -0.759 -0.938 -1.101 -1.214 -1.354 -1.25 -1.015 -0.989 -0.83 -0.637 -0.438 -0.268 -0.053 0.108 0.305 0.503 0.668 0.82 0.857 0.935 0.998 1.036 1.086 1.031 1.003 0.978 1.016 1.008 1.018 0.971 1.016 1.001 0.988 0.981 1.008 0.993 0.996 0.998 0.996
2.241 2.263 2.208 2.203 2.183 2.273 2.301 2.261 2.278 2.228 2.221 2.213 2.161 1.874 1.599 1.321 1.233 1.008 0.786 0.621 0.473 0.359 0.237 0.18 -0.104 -0.333 -0.638 -0.801 -1.067 -1.322 -1.517 -1.591 -1.577 -1.392 -1.159 -0.931 -0.685 -0.874 -1.008 -1.015 -1.031 -0.849 -0.777 -0.605 -0.437 -0.271 -0.139 0.04 0.262 0.366 0.546 0.618 0.678 0.797 0.835 0.859 1.007 0.986 0.963 0.998 1.023 1.008 1.043 1.046 0.973 0.973 0.961 1.003 1.011 1.036 1.003 0.996 0.978 0.998
2.261 2.203 2.276 2.248 2.148 2.253 2.293 2.278 2.268 2.281 2.248 2.191 2.308 2.078 1.8 1.562 1.406 1.239 1.043 0.909 2.149 0.625 0.491 0.195 -0.153 -0.36 -0.654 -0.928 -1.204 -1.488 -1.761 -1.858 -1.729 -1.536 -1.351 -1.079 -0.94 -1.098 -1.266 -1.286 -1.252 -1.08 -0.93 -0.813 -0.622 -0.446 -0.196 0.018 0.205 0.368 0.355 0.453 0.528 0.665 0.693 0.777 0.916 1.036 1.061 0.976 1.006 1.038 1.001 0.973 1.056 0.988 0.983 0.998 1.006 0.951 0.991 1.006 0.988 0.991
2.238 2.223 2.236 2.301 2.268 2.253 2.246 2.291 2.341 2.298 2.228 2.276 2.238 2.237 1.996 1.803 1.583 1.413 1.276 2.278 2.263 2.251 0.479 0.212 -0.09 -0.429 -0.667 -0.953 2.181 2.193 -1.887 -2.162 -1.861 -1.77 -1.535 -1.227 -1.051 2.223 -1.529 -1.575 -1.474 -1.275 -1.063 -0.895 -0.729 -0.48 -0.31 -0.071 0.11 0.123 0.17 0.303 1.365 1.322 1.325 0.678 0.848 0.834 0.988 1.006 0.991 0.991 1.013 1.006 0.991 1.026 1.026 0.993 0.986 0.986 0.988 1.001 0.998 1.006
2.228 2.203 2.213 2.278 2.173 2.218 2.286 2.308 2.331 2.296 2.246 2.241 2.301 2.226 2.263 2.065 1.905 1.718 1.548 2.321 2.231 2.236 0.454 0.209 -0.079 -0.381 -0.66 2.242 2.197 2.238 -1.899 -2.109 -2.144 -1.876 2.127 2.128 2.106 2.175 2.234 -1.873 -1.701 0.963 1.989 -0.988 -0.817 -0.664 -0.37 -0.079 -0.113 -0.053 -0.006 0.096 0.316 1.066 1.337 0.562 0.693 0.815 0.948 1.043 1.013 1.003 1.011 0.991 1.018 0.996 0.978 0.998 1.013 0.993 0.978 1.013 0.991 1.003
2.231 2.201 2.198 2.243 2.276 2.238 2.221 2.246 2.196 2.236 2.193 2.238 2.333 2.201 2.23 2.087 2.063 1.947 1.662 1.363 2.258 2.276 0.493 0.266 -0.012 2.286 -0.675 -0.93 -1.195 -1.408 -1.592 -1.765 -1.837 2.328 2.181 2.093 2.052 2.14 2.207 -2.137 0.888 1.058 1.021 -1.022 -0.803 -0.663 -0.367 -0.338 -0.33 -0.245 -0.162 -0.029 -0.159 -0.067 0.07 0.486 0.447 0.61 0.777 0.968 1.073 1.023 0.993 0.988 1.061 1.061 0.993 1.013 0.996 1.026 1.016 0.968 1.013 0.978
2.253 2.271 2.183 2.241 2.216 2.233 2.266 2.196 2.113 2.296 2.198 2.241 2.243 2.178 1.95 1.777 1.728 1.69 1.678 1.408 1.155 0.874 0.559 0.263 0.048 2.281 2.291 -0.804 -1.081 -1.359 -1.425 -1.504 -1.583 2.331 2.199 2.136 2.168 -1.469 -1.697 -1.888 1.103 1.033 0.988 1.91 -0.752 -0.56 -0.572 -0.538 -0.42 -0.417 -0.366 -0.485 -0.346 -0.186 -0.008 0.379 0.352 0.483 0.716 0.902 0.936 1.071 1.033 0.991 1.028 1.028 0.976 0.973 1.023 1.001 0.968 0.976 0.998 0.988
2.251 2.256 2.176 2.021 2.168 2.256 2.278 2.223 2.221 2.226 2.236 2.261 2.231 2.226 2.288 1.521 1.462 1.414 1.376 1.369 1.229 0.95 2.283 0.321 0.062 2.298 -0.337 -0.594 -0.845 -1.048 -1.2 -1.196 -1.299 -1.163 -1.07 -0.969 -1.119 -1.317 2.111 0.998 -1.712 -1.561 1.026 -0.888 -0.666 -0.763 -0.835 -0.815 -0.961 -0.921 -0.831 -0.712 -0.509 -0.325 -0.175 0.014 0.225 0.375 0.6 0.836 0.997 1.028 1.041 0.983 1.041 1.001 0.991 0.981 0.963 1.003 0.998 0.973 0.996 1.011
2.231 2.226 2.223 2.158 2.246 2.196 2.211 2.188 2.188 2.183 2.036 1.881 1.679 2.226 2.203 1.22 1.198 1.153 1.123 1.136 2.268 2.286 2.236 2.278 2.251 0.053 -0.172 -0.444 -0.646 -0.725 -0.864 -0.951 -1.049 -0.963 -0.801 -0.691 -0.945 -1.123 2.015 -1.5 -1.532 -1.416 -1.23 -0.771 -0.974 -1.033 -1.089 -1.091 -1.165 -1.008 -0.977 1.016 1.013 -0.419 0.043 -0.101 0.078 0.324 0.535 0.715 0.861 1.011 1.001 1.023 1.003 1.041 1.021 1.013 0.991 0.996 1.011 0.983 0.993 1.001
2.233 2.203 2.161 2.228 2.286 2.206 2.253 2.281 2.228 2.015 1.817 1.648 1.476 2.248 2.223 0.959 0.909 2.251 2.383 2.266 2.221 2.271 2.321 2.333 2.286 2.288 0.073 -0.174 -0.421 2.263 2.328 -0.705 -0.667 -0.629 -0.537 -0.528 -0.742 -0.903 -1.03 -1.027 -1.296 -1.262 -0.771 -0.937 -1.108 -1.431 -1.513 -1.517 -1.266 -1.162 1.026 1.111 1.053 1.647 -0.062 -0.189 0.277 0.249 0.478 0.664 0.855 1.038 1.048 1.008 1.031 0.983 0.973 0.988 1.028 0.996 0.998 0.996 1.053 1.001
2.273 2.193 2.258 2.226 2.193 2.141 2.158 2.321 2.251 2.353 2.291 2.253 1.234 2.246 0.857 0.778 0.644 2.238 2.246 2.223 2.243 2.231 2.293 2.301 2.303 2.328 2.241 2.231 -0.139 2.221 2.353 -0.392 -0.398 -0.338 -0.257 -0.283 2.176 2.183 -0.715 -0.748 -1.034 -1.037 -1.184 -1.057 -1.286 -1.704 -1.76 -1.645 -1.252 -1.383 1.888 1.767 1.715 -0.277 -0.122 0.044 0.041 0.251 0.449 0.672 0.856 1.028 1.011 1.026 1.048 1.038 0.996 1.006 1.011 1.003 0.991 1.011 0.978 1.003
2.208 2.233 2.226 2.243 2.203 2.198 2.178 2.261 2.281 2.296 2.298 2.271 0.996 0.798 0.593 0.5 0.436 2.196 2.208 2.228 2.206 2.216 2.263 2.328 2.336 2.321 2.341 0.295 0.099 2.171 2.251 -0.036 -0.033 -0.092 0.027 0.078 2.312 2.203 -0.376 -0.792 -0.828 -1.004 -1.256 -1.184 -1.49 -1.834 0.998 -1.815 -1.594 -1.293 -1.026 1.842 1.723 -0.338 -0.141 -0.307 -0.04 0.177 0.409 0.579 0.865 1.018 0.988 1.018 1.003 1.006 0.996 0.996 0.991 1.026 0.981 0.996 0.986 1.028
2.281 2.246 2.251 2.248 2.241 2.268 2.311 2.331 2.268 2.283 2.303 2.216 0.831 0.628 0.405 0.319 2.306 -0.044 -0.075 0.001 0.003 -0.026 0.012 0.012 2.303 2.258 2.388 0.454 0.417 0.34 0.263 2.221 2.188 0.057 0.027 -0.113 -0.147 -0.143 -0.171 -0.651 -0.831 -1.072 -1.263 -1.477 -1.564 2.263 -9999 -1.928 -1.556 -1.263 -1.043 -0.781 1.783 -0.659 -0.486 -0.299 -0.058 0.148 0.382 0.642 0.915 1.026 0.991 1.018 1.013 0.988 1.011 1.006 1.028 1.036 1.001 1.023 0.933 1.051
2.246 2.298 2.228 2.256 2.341 2.316 2.233 1.69 2.303 2.258 2.268 2.283 0.596 0.364 0.142 2.373 2.316 2.246 -0.371 -0.3 -0.255 2.183 -0.352 2.268 2.186 -0.118 0.024 0.169 0.442 0.656 0.358 2.236 2.308 -0.22 -0.307 -0.458 -0.439 -0.477 -0.414 -0.726 -0.858 -1.105 -1.253 2.235 2.301 -1.7 -1.824 -1.713 -1.474 -1.188 -0.99 -0.971 0.961 0.993 -0.443 -0.25 -0.037 0.17 0.427 0.626 0.879 1.053 1.003 1.011 1.001 1.006 0.988 1.028 1.001 1.016 1.036 1.001 0.961 1.026
2.226 2.266 2.298 2.286 2.358 2.266 2.221 1.597 1.311 2.276 2.406 2.286 0.389 0.196 0.014 -0.169 2.226 -0.518 -0.598 -0.65 -0.665 2.241 2.298 2.223 2.103 2.228 -0.143 0.005 0.181 0.386 0.125 -0.075 -0.275 2.276 2.174 -0.682 -0.698 -0.686 -0.681 -0.922 -0.827 -1.082 -1.221 2.287 2.218 -1.467 -1.523 -1.495 -1.368 -1.131 -0.938 -0.731 1.016 0.993 0.953 -0.19 0.032 0.232 0.408 0.681 0.841 1.026 1.086 1.096 0.973 1.011 0.961 1.063 0.996 0.996 0.981 1.021 1.003 1.016
2.216 2.228 2.228 2.223 2.213 2.238 2.223 1.365 1.158 0.94 0.687 0.411 0.141 2.246 2.308 -0.434 -0.613 -0.701 -0.784 -0.85 2.228 2.298 2.251 -0.97 2.231 -0.568 2.291 2.283 -0.051 2.233 2.298 2.306 2.286 2.313 2.326 -0.958 -0.981 2.046 1.924 -0.805 -0.667 -0.555 -0.757 -0.941 -1.118 -1.191 -1.217 -1.27 -1.169 -1.016 -0.814 -0.652 0.943 0.976 -0.295 -0.11 0.053 0.308 0.47 0.667 0.826 1.058 1.038 0.983 0.983 0.963 0.991 1.023 1.036 0.998 1.013 0.986 1.006 1.008
2.223 2.241 2.261 2.226 2.072 1.838 1.555 1.271 0.991 0.759 0.479 0.201 -0.034 2.258 2.313 -0.61 2.301 2.276 2.241 2.211 2.283 2.253 -1.172 -1.184 -1 2.228 -0.543 -0.399 -0.247 2.243 2.348 2.373 2.381 2.396 2.281 2.105 2.09 1.196 1.031 -0.912 1.941 -0.585 2.002 2.058 2.003 -0.925 -0.982 -0.99 -0.914 -0.783 -0.62 -0.828 -0.665 -0.06 -0.201 -0.086 0.406 0.575 0.556 0.695 0.924 0.998 1.068 1.006 1.013 0.998 0.993 1.028 0.998 1.008 0.991 0.968 0.988 1.041
2.223 2.278 2.336 2.191 2.025 1.753 1.458 1.191 0.905 0.634 0.355 0.089 -0.2 2.203 2.273 2.413 2.388 2.266 2.228 2.261 2.338 2.336 -1.401 -1.449 -1.29 2.241 2.331 2.291 2.293 -0.153 2.258 2.403 2.426 2.486 2.45 2.158 1.093 -1.616 -1.502 1.013 2.029 2.104 2.058 1.916 1.885 -0.777 -0.797 -0.734 -0.931 -0.857 -0.459 -0.358 -0.554 -0.339 -0.138 0.018 0.497 0.677 0.703 0.84 0.963 0.968 1.016 1.026 1.038 0.993 0.948 1.041 1.026 1.003 0.971 0.998 1.023 0.991
2.233 2.221 2.261 2.258 1.917 1.669 1.43 1.141 0.824 0.534 2.308 2.186 -0.278 2.278 2.263 -0.958 2.383 2.336 2.206 2.288 2.248 2.301 -1.707 -1.673 -1.463 -1.298 2.338 2.303 2.273 -0.277 -0.317 -0.604 -0.855 -1.156 -1.422 2.246 1.043 -1.818 -1.655 1.011 2.107 2.098 1.988 1.925 -0.622 -0.529 -0.554 -0.537 -0.524 -0.375 1.644 1.001 -0.412 -0.208 -0.026 0.149 0.339 0.478 0.716 0.892 1.038 1.011 1.048 1.091 0.991 1.008 0.983 1.036 1.001 0.986 1.001 0.978 0.971 0.991
2.248 2.188 2.201 2.226 2.258 1.66 1.352 1.041 0.762 2.263 2.256 2.261 2.366 -0.603 -0.939 -1.129 -1.389 -1.617 -1.738 -2.067 -9999 -9999 -2.01 -1.771 -1.686 2.286 2.328 2.351 2.286 2.253 -0.643 2.175 2.148 2.221 -1.439 -1.663 -2.047 -1.905 -1.775 -1.575 -1.279 -1.126 -1.06 -0.995 1.884 1.78 1.853 -0.26 -0.3 -0.159 1.633 0.976 -0.245 -0.116 0.088 0.285 0.427 0.582 0.785 0.957 1.066 1.066 1.001 1.173 1.031 1.023 1.003 1.008 1.036 1.006 0.981 0.996 0.998 0.971
2.288 2.216 2.238 2.243 1.981 1.668 1.394 1.176 2.191 2.246 2.203 2.253 2.218 -0.653 -0.924 -1.126 -1.392 -1.689 -1.984 -1.732 -9999 -9999 -9999 -2.037 2.321 2.286 2.266 2.306 2.238 2.306 2.238 2.211 2.202 2.298 2.368 -1.611 -1.8 -2.119 1.066 1.193 -1.408 -1.407 -1.24 -1.101 1.951 1.837 0.918 -0.64 -0.447 0.015 0.119 1.532 0.228 0.104 0.243 0.408 0.541 0.726 0.931 1.078 1.041 1.021 1.036 1.026 1.063 1.073 0.983 1.028 1.023 1.021 1.008 1.048 0.978 0.988
2.273 2.213 2.228 2.291 2 1.688 1.459 1.165 0.827 2.208 2.248 2.273 2.236 -0.549 -0.809 -1.054 -1.329 -1.545 -1.684 -1.584 -1.712 -1.789 -2.067 -2.059 -1.808 -1.479 -1.139 -0.894 2.266 2.348 2.273 2.213 -1.165 2.266 2.231 2.348 -1.656 -1.869 2.376 2.378 2.293 0.826 -1.355 -1.204 1.963 1.911 -0.856 -0.671 -0.42 -0.179 -0.012 0.028 0.404 0.212 0.401 0.576 0.633 0.82 1.117 1.036 0.998 0.956 0.996 1.018 0.991 1.016 1.018 1.031 1.041 1.016 0.993 0.981 0.983 0.983
2.253 2.168 2.208 2.17 2.039 1.719 1.493 1.228 0.938 2.223 0.35 0.065 -0.186 -0.416 2.298 -0.902 -1.16 -1.351 -1.476 -1.58 -1.834 -2.143 -2.134 -2.127 -1.826 -1.484 -1.18 -0.935 -1.073 2.338 2.333 2.291 -1.453 -1.497 2.188 2.216 -1.757 -2.127 2.333 -9999 -9999 1.016 1.036 -1.278 -1.054 -0.784 -0.506 -0.614 -0.377 -0.126 0.002 0.195 0.308 0.446 1.021 1.051 1.023 0.993 1.006 0.978 0.968 0.896 0.993 0.991 0.996 0.996 1.043 0.978 1.023 0.991 1.018 1.003 1.016 1.051
2.154 2.117 1.972 2.231 1.789 1.683 1.53 1.251 0.953 2.268 2.266 0.208 -0.117 2.258 2.251 2.276 2.213 -1.121 -1.183 -1.472 2.161 -9999 -9999 -1.84 -1.655 -1.366 -1.091 -1.02 2.303 2.271 -1.689 -1.78 -1.783 -1.788 2.246 2.176 -1.74 -1.854 -2.054 -2.067 -9999 1.011 -1.741 1.016 1.038 1.808 1.749 1.036 1.008 -0.2 0.052 0.224 0.424 0.608 0.747 0.998 1.008 0.948 0.991 1.093 1.016 1.068 0.973 0.991 1.061 0.983 0.973 1.011 0.936 1.053 0.986 1.043 0.978 0.991
1.839 1.817 1.691 2.293 2.153 1.431 1.337 1.183 1.019 2.258 2.226 0.269 0.001 -0.119 2.263 -0.601 -0.768 -1.002 -1.148 -1.345 2.238 2.221 2.263 -1.624 -1.421 -1.185 -0.925 -1.223 2.318 2.248 -1.769 -2.109 -2.137 -2.132 -1.833 -1.819 -2.117 -1.917 -1.855 1.018 -1.912 -1.822 0.986 0.976 1.061 1.036 1.068 1.108 1.016 -0.221 0.025 0.267 0.39 1.013 0.966 1.061 1.018 1.008 1.001 1.086 1.136 1.078 1.091 0.978 0.973 0.966 1.023 1.001 1.008 0.983 1.046 0.966 0.996 0.988
1.563 1.486 1.443 2.178 1.297 1.228 1.065 0.854 0.794 0.755 0.478 0.177 -0.11 -0.331 -0.578 -0.816 -0.965 -1.256 -1.383 -1.384 2.251 2.291 2.293 2.278 -1.229 -1.05 -1.136 -1.319 -1.565 -1.822 -2.027 -9999 -9999 -2.197 -1.785 -1.755 -2.039 -2.139 1.013 0.998 1.016 -1.667 0.978 0.953 1.078 1.083 1.033 1.018 0.983 0.998 1.018 0.18 0.938 1.036 0.968 1.016 1.006 1.001 1.018 1.008 0.993 1.028 0.993 1.056 0.966 0.993 1.088 0.953 0.998 0.993 0.993 0.988 1.018 0.976
1.332 1.263 1.179 1.071 1.032 0.925 0.828 0.707 0.552 0.418 0.379 0.068 -0.265 -0.465 -0.756 -1.014 2.178 2.246 -1.647 -1.738 -1.572 2.338 2.316 2.268 -1.138 -0.941 -1.16 -1.422 2.311 -9999 -9999 -9999 -9999 -2.147 -1.728 -1.728 -2.037 -2.082 -9999 1.018 1.018 -1.592 -1.441 -1.322 -1.178 -1.099 1.008 -0.778 1.036 1.083 1.103 0.094 0.268 0.973 1.036 1.038 1.051 0.978 1.001 0.961 1.091 1.141 1.018 0.963 1.008 0.998 1.018 1.003 1.006 1.053 1.053 0.993 1.033 0.986
1.074 0.955 0.919 0.823 0.766 0.689 0.551 0.462 0.284 2.261 0.079 -0.037 -0.307 -0.518 -0.831 2.271 2.336 2.303 2.221 -2.044 -1.65 2.338 2.233 2.231 -1.006 -0.803 -1.104 -1.395 2.281 2.328 -9999 -2.067 -2.047 -2.124 -1.819 -1.72 -2.039 -2.092 -2.067 -2.027 -1.748 -1.68 1.006 0.973 0.956 1.001 -0.979 -0.776 -0.532 -0.364 1.591 1.397 0.125 0.368 1.048 1.172 0.991 0.971 0.986 1.038 0.986 1.036 1.003 1.003 0.976 0.973 0.993 1.043 1.011 1.083 1.063 1.008 0.976 0.996
