All_lidar/sz5590_DSM_2M.asc
ncols 500
nrows 500
xllcorner    455000
yllcorner    90000
cellsize     2
NODATA_value -9999
[rows 264 to 296 of 500, columns 0 to 73 of 500]
17.065 28.06 15.677 15.815 15.862 15.775 15.787 15.83 18.632 26.292 15.862 15.727 15.735 15.73 15.64 15.592 15.615 15.767 16.165 16.21 20.235 17.025 15.885 15.892 16.085 16.172 16.195 15.937 15.637 15.84 16.075 15.79 15.952 16.005 15.777 15.645 15.707 15.607 15.537 15.657 15.705 15.845 15.757 15.772 15.642 15.462 15.402 15.252 15.31 20.195 20.592 21.9 23.26 19.697 15.267 15.342 15.337 15.317 15.315 15.385 15.51 15.462 15.542 15.522 15.43 15.407 15.425 15.557 15.427 15.422 15.402 15.447 15.325 15.137
19.302 26.505 15.83 15.865 15.917 15.887 15.832 15.915 25.31 24.542 15.945 15.937 15.902 15.852 17.587 17.822 16.137 15.78 18.697 17.62 16.515 16.072 15.89 16.017 16.027 16.222 16.18 16.177 15.802 15.67 15.825 16.012 15.897 16.57 15.967 16.117 15.715 15.622 15.655 15.86 15.705 16.095 15.72 15.755 15.522 15.422 15.547 15.247 15.26 17.515 22.625 15.477 20.92 25.352 17.545 16.7 16.942 15.652 15.932 15.482 15.562 15.58 15.602 15.51 15.505 15.505 15.432 15.5 15.49 15.42 15.512 15.377 15.207 15.27
15.925 16.372 15.89 15.915 15.875 15.897 15.93 15.955 16.145 16.025 16.102 16.117 16.005 15.947 21.567 22.63 15.907 17.96 25.225 16.502 16.037 15.977 16.695 15.952 16.092 16.272 16.275 16.29 17.11 15.83 15.825 15.922 15.902 16.602 16.392 16.405 15.872 15.85 15.987 16.015 15.685 15.895 15.875 15.7 15.565 15.642 15.597 15.365 15.365 25.172 31.687 18.732 19.767 24.842 25.8 24.58 27.205 15.987 16.297 15.52 15.555 15.555 15.615 15.602 15.597 15.607 15.51 15.532 15.542 15.662 15.505 15.312 15.367 15.605
16.3 16.627 16.027 16.087 16.167 16.045 16.035 16.022 16.057 16.11 16.117 16.172 16.295 16.127 16.017 21.465 23.405 21.197 18.345 16.052 16.15 16.045 19.56 17.557 23.025 26.215 18.007 17.785 16.447 15.96 15.862 15.905 16.125 16.307 16.472 16.892 17.872 16.487 18.307 15.912 15.765 15.71 15.81 15.705 15.502 15.51 15.63 15.485 21.275 31.65 22.86 19.48 25.372 27.257 26.635 28.005 18.66 18.095 15.612 15.64 15.632 15.752 15.687 15.625 15.622 15.63 15.605 15.51 15.69 15.615 15.42 15.39 15.65 15.79
16.737 16.112 16.122 16.185 16.187 16.155 16.115 16.202 16.205 16.762 16.147 16.205 16.242 16.232 16.125 16.057 17.782 20.507 16.062 16.125 16.192 17.63 25.002 18.805 26.935 23.732 28.075 21.275 16.322 16.137 15.967 15.96 16.03 16.037 16.16 18.947 21.315 16.96 15.832 15.81 15.797 15.78 15.842 15.707 15.525 15.467 15.587 16.14 19.292 27.487 29.155 26.135 21.272 24.127 26.87 21.487 17.97 25.86 16.94 15.687 15.685 15.68 15.692 15.71 15.632 15.63 15.78 15.662 15.787 15.517 15.367 15.665 15.75 15.842
16.557 16.315 16.24 16.27 16.207 16.252 16.307 16.262 16.262 16.327 16.335 16.3 16.342 16.312 16.3 16.265 16.23 16.242 16.267 16.21 16.267 18.14 20.3 16.475 18.305 16.412 17.88 16.882 16.432 16.29 16.255 16.157 16.07 16.12 16.805 16.075 16.105 16.095 15.845 15.81 15.785 15.73 15.752 15.765 15.612 15.535 15.585 17.875 17.022 24.735 33.39 25.067 25.977 26.717 19.072 15.682 16.005 26.275 16.887 15.75 15.71 15.71 15.712 15.702 15.645 15.71 15.695 15.69 15.622 15.502 15.565 15.867 15.817 15.75
16.35 16.405 16.49 16.377 16.387 16.422 16.332 16.4 16.375 16.405 16.497 16.422 16.452 16.385 16.332 16.34 16.307 16.337 16.385 16.41 16.41 16.462 16.237 16.19 16.255 16.435 16.52 16.445 16.427 16.425 16.265 16.125 16.05 16.025 15.955 15.997 16.075 16.125 15.967 15.942 15.825 15.88 17.245 15.812 15.702 15.59 15.59 15.777 15.69 18.645 18.347 22.652 22.047 22.642 18.012 15.705 15.667 18.677 15.717 15.807 15.777 15.772 15.762 15.737 15.827 15.79 15.772 15.737 15.61 15.66 15.785 15.89 15.852 15.762
17.012 16.765 16.52 16.43 16.377 16.4 16.427 16.417 16.435 16.625 16.555 16.535 16.542 16.54 16.56 16.48 16.392 16.405 16.545 21.75 21.745 16.582 16.372 16.27 16.312 16.555 16.53 16.417 16.465 16.487 16.337 16.132 16.082 16.017 16.147 16.062 16.015 15.935 15.925 16.185 16.035 15.935 16.355 15.797 15.765 15.675 15.63 15.707 15.78 15.527 15.605 15.64 15.69 21.217 20.365 18.172 15.772 15.775 15.84 15.79 15.785 15.79 15.755 15.775 15.887 15.88 15.825 15.682 15.725 15.915 15.877 15.845 15.86 15.865
17.43 16.687 16.565 16.517 16.512 16.49 16.47 16.485 16.545 16.597 16.625 16.675 16.64 16.592 17.87 16.692 16.572 16.545 16.57 19.412 19.587 18.942 16.537 16.322 16.407 16.605 16.572 16.472 16.367 16.375 16.357 16.18 16.195 16.25 16.162 16.042 16.032 16.022 15.997 16.06 16.395 16.175 15.945 15.812 15.775 15.735 15.752 15.69 15.862 15.67 15.662 15.742 24.48 26.455 26.447 18.097 15.937 15.902 15.867 15.84 15.86 15.835 15.797 15.89 15.92 15.97 15.805 15.762 16.015 16.05 15.977 15.912 15.905 15.905
20.232 16.82 16.735 16.652 16.642 16.575 17.325 16.875 16.555 17.08 16.83 16.755 16.755 16.81 16.78 16.797 16.967 16.777 16.697 16.72 16.68 18.197 16.647 16.427 16.392 16.557 16.727 16.562 16.435 16.345 16.505 16.345 16.217 16.14 16.092 16.085 16.032 16.057 15.997 15.952 16.017 15.932 15.835 15.927 15.772 15.805 15.762 15.78 15.915 15.805 15.71 15.835 18.975 18.37 16.792 15.89 15.855 15.897 15.897 15.89 15.91 15.92 15.89 15.957 15.93 15.875 15.855 15.93 15.985 15.982 15.997 15.997 15.985 16.017
20.345 18.605 17.547 16.74 16.777 19.337 26.475 17.742 16.705 17.22 16.8 16.855 16.895 16.88 16.942 16.992 16.91 16.812 16.767 16.855 16.707 17.072 17.527 16.67 16.47 16.652 25.372 18.522 16.507 16.457 16.465 16.385 16.377 16.31 16.172 16.082 16.062 16.235 16.017 16.015 16.005 15.995 15.95 15.895 15.895 15.857 15.847 15.787 15.925 15.93 15.737 15.885 15.952 15.977 15.995 16.02 15.922 15.977 15.965 15.95 15.947 15.98 15.97 16.02 16.02 15.897 15.955 16.117 16.055 16.092 16.102 16.097 16.152 16.062
20.49 24.562 18.575 16.882 16.817 22.462 24.215 16.705 16.79 16.827 16.865 17.007 17.02 16.947 16.995 16.93 16.89 16.882 16.84 16.81 16.78 16.847 16.89 16.797 16.667 16.642 21.205 20.635 16.67 16.475 16.455 16.615 16.637 16.477 16.88 17.892 16.14 16.167 16.015 15.997 16.055 16.032 16.022 15.925 16.005 15.952 15.88 15.907 15.965 16.06 15.937 15.987 15.942 15.98 16.03 16.035 16.057 16.005 16.035 15.98 16.09 16.015 16.047 16.027 15.955 15.975 16.162 16.135 16.247 16.252 16.212 16.25 16.307 16.327
24.175 19.087 16.955 16.992 17.037 21.645 27.115 16.87 16.902 16.935 16.99 17.01 16.932 16.962 16.997 17.035 17.005 16.95 16.837 17.44 17.12 16.835 16.96 16.862 16.747 16.67 16.727 16.777 16.717 16.665 16.64 16.632 16.69 23.965 27.717 24.42 16.577 16.11 16.062 16.08 16.14 16.085 16.082 15.997 16.002 15.99 16.01 16.052 16.767 16.165 15.975 15.92 15.985 16.05 16.11 16.09 16.237 16.09 16.035 16.027 16.14 16.995 16.627 16.052 16.015 16.14 16.22 16.387 16.402 16.237 16.34 16.47 16.402 16.217
28.58 21.362 17.052 17.102 17.122 17.642 20.387 19.745 17.03 17.06 17.082 17.082 17.1 17.062 17.037 17.045 17.072 16.987 16.972 16.975 16.925 16.937 16.977 16.95 16.895 16.845 16.727 16.682 16.767 16.705 16.637 16.682 17.137 21.057 19.292 16.265 16.19 16.16 16.112 16.295 16.157 16.12 16.175 16.167 16.255 16.135 16.2 16.147 16.247 16.23 16.092 15.97 16.067 16.077 16.167 16.135 16.167 16.13 16.087 16.14 16.142 18.982 17.335 16.025 16.197 16.275 16.352 16.46 16.407 16.387 16.395 16.402 16.482 16.307
17.237 17.222 17.952 17.205 17.21 17.187 17.12 17.242 17.27 17.147 17.172 17.157 17.16 17.102 17.12 17.157 17.06 17.047 17.052 16.997 16.99 16.995 17.035 16.947 16.857 16.76 16.732 16.782 16.752 16.76 16.735 16.697 16.76 16.652 16.497 16.267 16.305 16.29 16.31 16.252 16.29 16.235 16.08 16.077 16.065 16.222 16.28 16.115 16.142 16.242 16.3 16.075 16.12 16.18 16.23 16.185 16.2 16.192 16.162 16.205 16.31 16.835 16.08 16.19 16.42 16.465 16.632 16.407 16.457 16.47 16.287 16.47 16.55 16.422
17.185 17.525 19.285 17.415 17.287 17.307 17.265 17.357 17.537 17.25 17.255 17.23 17.192 17.17 17.13 17.175 17.08 17.097 21.147 17.69 17.09 17.03 16.96 16.957 16.95 17.322 16.797 16.912 16.695 16.715 16.73 16.735 16.797 16.735 16.495 16.36 16.392 16.317 16.257 16.315 16.337 16.285 16.235 16.35 16.102 16.17 16.192 16.155 16.207 16.305 16.302 16.18 16.157 16.202 16.257 16.245 16.257 16.272 16.292 16.295 16.265 16.175 16.157 16.372 16.337 16.457 16.387 16.367 16.525 16.422 16.37 16.49 16.545 16.667
17.222 17.22 17.305 17.405 17.395 17.34 17.387 17.44 17.352 17.29 17.225 17.28 17.322 17.26 17.185 17.18 17.162 17.187 29.71 21.56 17.145 17.125 17.005 16.997 17.037 17.18 16.897 16.937 16.845 16.93 16.71 16.672 16.795 16.675 16.572 16.51 16.477 16.37 16.325 16.332 16.41 16.287 16.25 16.277 16.115 16.175 16.247 16.28 16.255 16.297 16.422 16.255 16.22 16.28 16.277 16.282 16.352 16.307 16.377 16.45 16.262 16.167 16.347 16.47 16.437 16.632 16.457 16.42 16.482 16.43 17.712 16.507 16.37 16.43
17.365 17.332 17.332 17.41 17.535 17.517 17.505 17.422 17.45 17.342 17.267 17.3 17.37 17.312 17.24 17.227 17.222 17.197 22.872 20.2 17.22 17.155 17.077 16.977 16.977 17.01 16.982 16.915 16.892 16.777 16.755 16.767 16.767 16.742 16.682 16.635 16.562 16.417 16.37 16.45 16.405 16.357 17.247 17.017 16.197 16.272 16.337 16.39 16.35 16.395 16.522 16.437 16.23 16.367 16.392 16.36 16.307 16.397 16.505 16.38 16.19 16.347 16.435 16.515 16.502 16.527 16.467 16.435 16.495 25.045 27.92 21.457 17.312 16.515
17.542 17.427 17.49 17.45 17.517 17.597 17.53 17.467 17.522 17.407 17.327 17.347 17.39 17.32 17.34 17.325 17.245 18.61 17.255 17.402 19.55 17.22 17.152 17.03 17.012 17.125 17.002 16.93 16.917 16.827 16.802 16.857 16.787 16.747 16.697 16.75 16.552 16.48 16.497 16.445 16.487 16.485 25.547 18.64 17.432 16.397 16.38 16.33 16.307 16.41 16.575 16.522 16.295 16.322 16.407 16.412 16.455 16.7 16.652 16.225 16.365 16.58 16.597 16.565 16.63 16.725 16.66 16.58 16.677 17.742 19.932 17.272 16.995 16.44
17.552 17.502 17.54 17.545 17.55 17.59 17.697 17.607 17.542 17.46 17.44 17.475 17.412 17.385 17.442 17.342 17.385 20.45 17.295 17.41 18.382 17.435 17.237 17.107 17.127 17.18 17.095 16.935 16.897 16.875 16.82 16.842 16.857 16.735 16.755 16.83 16.672 16.5 16.51 16.455 16.51 19.387 28.547 19.195 16.347 16.322 16.302 16.377 16.425 16.645 17 16.655 16.535 16.375 16.467 16.422 16.58 16.985 16.492 16.392 16.745 16.63 16.58 16.6 16.747 16.935 16.64 21.282 16.547 17.752 18.235 25.665 17.552 16.855
17.615 17.577 17.59 17.607 17.605 17.617 17.735 17.73 17.65 17.687 17.555 18.382 20.1 17.555 17.692 17.442 17.4 17.387 17.325 17.322 17.487 17.247 17.245 17.27 17.185 17.132 17.085 17.045 16.932 16.952 16.832 16.86 16.912 16.805 16.81 16.797 16.847 16.595 16.567 16.505 16.56 16.592 16.495 16.452 16.39 16.867 16.557 16.44 16.44 16.407 17.662 17.165 16.61 16.427 16.535 16.612 16.632 16.492 16.437 16.735 16.695 16.737 16.657 16.705 16.622 16.577 16.685 30.592 31.352 23.74 29.69 31.315 21.952 16.717
17.687 17.652 17.652 17.642 17.672 17.712 17.745 17.672 17.76 17.712 17.695 18.47 21.727 18.335 17.662 17.49 17.417 17.4 17.422 17.432 17.357 17.282 17.5 17.807 17.15 17.145 17.172 17.072 17.037 16.9 16.875 16.927 17.02 16.865 16.875 16.867 16.715 16.66 16.56 16.565 16.632 16.622 16.61 16.502 16.482 16.705 16.547 16.775 16.465 16.517 16.415 16.602 16.65 16.532 16.665 16.732 16.567 16.485 16.692 16.845 16.905 16.86 16.705 16.967 16.95 16.737 16.717 28.505 33.697 31.545 35.755 31.737 22.23 16.687
17.755 17.755 17.737 17.757 17.775 17.737 17.72 17.72 17.737 17.755 17.705 17.687 17.965 17.7 17.642 17.702 17.505 17.495 17.557 17.537 19.502 19.61 17.272 17.26 17.217 17.15 17.197 17.105 17.045 16.907 16.907 16.912 16.907 16.877 16.89 16.905 16.772 16.727 16.632 16.642 16.63 16.637 16.602 16.575 16.562 16.53 16.502 16.592 16.51 16.685 16.502 16.64 21.547 21.802 16.72 16.65 16.465 16.615 16.772 16.975 16.902 16.89 16.722 16.907 16.695 16.737 16.725 16.882 20.31 22.45 29.705 19.677 17.07 17.037
17.89 17.942 17.81 17.862 17.835 17.865 17.777 17.71 17.677 17.72 17.835 17.78 17.71 17.705 17.69 17.64 17.6 17.59 17.64 17.582 20.112 21.665 17.47 17.202 17.192 17.147 17.235 17.202 17 17.02 17.057 17.055 16.94 16.907 16.967 16.927 16.845 16.78 16.985 17.56 17.2 16.692 16.745 16.617 16.587 16.6 16.622 16.612 16.627 16.792 16.562 21.515 28.522 23.572 16.74 16.492 16.535 16.777 16.85 16.897 16.775 16.885 16.645 16.742 16.707 16.825 16.985 16.725 16.725 16.747 16.737 16.882 16.932 16.842
17.822 17.855 17.905 17.907 17.875 17.852 17.882 17.875 17.86 17.765 17.872 17.825 17.78 17.757 17.685 17.717 17.697 17.8 17.722 17.645 20.467 20.97 20.09 19.317 17.277 17.297 17.232 17.22 17.135 17.075 17.05 17.045 16.952 16.97 16.962 16.942 16.827 16.842 20.932 22.64 19.007 16.867 16.712 16.712 16.572 16.612 16.755 16.66 16.662 16.67 16.645 16.692 19.967 22.195 16.592 16.502 16.765 16.895 16.847 16.975 16.932 16.905 16.697 16.772 16.815 16.73 16.83 16.78 16.785 16.802 16.837 16.9 16.972 17.022
17.997 18.02 17.862 17.875 17.872 17.97 17.917 17.875 17.857 17.905 22.365 19.222 17.845 18.325 17.697 17.712 17.75 17.705 17.727 17.662 18.595 19.307 20.53 18.88 17.32 17.297 17.352 17.302 17.207 17.09 17.095 17.037 16.985 16.982 17.037 17.235 16.88 16.887 17.282 21.492 20.087 17.215 16.857 16.832 16.662 16.655 16.745 16.737 16.71 16.777 16.73 17.18 27.29 33.76 20.14 16.767 21.082 29.27 19.37 17.125 16.935 16.84 16.745 16.832 17.13 16.897 16.787 16.822 16.747 16.965 16.897 16.845 16.975 17.237
18.05 17.99 17.97 17.94 17.977 17.977 17.962 17.962 17.947 17.99 18.625 18.722 17.915 17.832 17.825 17.822 17.722 17.7 17.717 17.672 18.025 20.752 21.662 17.517 17.437 17.495 17.442 17.31 17.215 17.24 17.157 17.155 17.097 17.047 17.162 17.175 16.89 16.932 16.98 17.337 17.447 16.87 16.842 16.827 16.84 16.76 16.857 16.922 16.802 16.88 16.85 19.225 22.02 20.49 18.945 28.89 25.062 22.585 17.862 17.155 17.16 17.212 16.865 16.917 17.032 16.747 16.782 16.875 16.747 16.892 16.962 16.927 16.92 16.902
18.097 18.152 18.047 17.982 18.035 18.027 18.012 17.962 17.907 17.98 17.962 17.935 17.912 17.87 17.872 17.79 17.76 17.805 17.8 17.742 17.707 18.01 18.195 17.602 17.522 17.49 17.412 17.307 17.292 17.265 17.332 17.165 17.115 17.07 17.157 17.042 16.94 17 17.012 17.065 16.995 16.977 16.892 16.85 16.867 16.837 19.455 28.202 19.252 16.905 16.937 17.452 16.777 16.82 23.55 23.355 24.5 16.952 17.222 17 17.247 16.95 18.627 19.305 19.662 18.695 16.845 16.93 16.945 17.052 17.12 16.957 16.902 16.8
18.125 18.18 18.115 18.097 18.085 18.062 18.047 18.032 18.062 18.015 17.96 17.99 17.972 17.93 17.91 17.832 17.827 17.97 17.887 17.76 17.73 17.675 17.65 17.622 17.552 17.512 17.45 17.355 17.325 17.287 17.29 17.205 17.16 17.197 17.142 17.035 17.035 17.037 17.027 17.037 16.957 16.945 16.942 16.995 16.922 16.927 20.977 21.88 18.02 16.98 16.97 16.81 16.79 17.055 17.04 17.162 17.435 17.215 17.04 16.965 17.225 24.292 24.595 32.122 27.42 18.377 16.86 16.91 17.055 17.052 17.087 17.072 16.987 16.885
18.25 18.177 18.242 18.25 18.217 18.167 18.105 18.137 18.135 18.095 18.09 18.055 18.037 18.07 18.01 17.9 17.85 17.88 18.077 17.827 17.797 17.66 17.73 17.727 17.662 17.61 17.612 17.562 17.362 17.372 17.325 17.245 17.185 17.247 17.197 17.112 17.072 17.055 16.995 16.98 16.995 24.067 24.302 16.982 17.05 17.01 19.362 17.025 17.05 17.025 16.865 16.765 17.065 17.16 17.192 17.09 17.132 17.56 17.045 17.045 19.712 26.24 33.007 32.692 28.697 22.245 16.98 16.885 16.87 16.97 17.052 17.037 16.85 17.542
18.407 18.265 18.235 18.312 18.297 18.317 18.215 18.265 18.19 18.24 18.18 18.175 18.137 18.117 18.075 18.03 17.962 17.937 17.925 17.942 17.81 17.747 17.707 17.745 17.745 17.662 17.952 17.522 17.412 17.395 17.347 17.217 17.225 17.235 17.247 17.135 17.16 17.115 17.852 28.352 26.4 36.072 24.682 16.987 17.07 18.187 16.995 17.052 17.252 17.035 16.785 16.927 17.09 17.24 17.302 17.252 16.96 17.065 17.037 17.152 17.102 23.12 27.34 31.207 24.107 17.22 17.125 17.035 16.895 16.972 16.985 16.987 16.972 16.71
18.422 18.42 18.327 18.327 18.32 18.347 18.282 18.27 18.287 18.305 18.302 18.212 18.16 18.205 18.177 18.1 18.095 18.065 17.942 17.935 17.902 17.817 17.81 17.737 17.73 17.697 17.57 17.495 17.525 17.475 17.365 17.32 17.292 17.302 17.472 17.227 17.235 17.155 27.167 30.782 29.012 29.57 32.957 26.56 17.117 17.125 16.987 17.215 17.205 16.87 16.95 17.27 17.257 17.412 17.575 17.487 17.227 17.307 17.405 17.557 17.402 18.11 21.025 17.557 17.097 17.13 17.35 17.195 17.127 16.942 17 17.082 17.03 16.865
18.482 18.505 18.665 18.38 18.36 18.422 18.38 18.39 18.362 18.37 18.372 18.277 18.265 18.24 18.187 18.17 18.067 18.097 18.037 17.98 17.922 17.835 17.88 17.78 17.747 17.66 17.657 17.602 17.55 17.48 17.4 17.33 17.327 17.395 17.295 17.327 17.235 17.607 24.517 30.072 34.012 34.647 37.632 28.267 27.17 17.062 17.182 17.165 16.97 16.902 17.217 21.55 17.472 17.597 17.317 17.365 17.262 17.58 17.372 17.36 17.265 17.127 17.165 17.167 17.105 17.11 17.27 17.105 17.092 16.965 16.885 17.067 17.007 18.21
