All_lidar/sz5592_DSM_2M.asc
ncols 500
nrows 500
xllcorner    455000
yllcorner    92000
cellsize     2
NODATA_value -9999
[rows 160 to 191 of 500, columns 0 to 71 of 500]
0.233 0.226 0.208 0.211 0.218 0.218 0.216 0.231 0.193 0.178 0.181 0.171 0.123 0.143 0.156 0.143 0.103 0.083 0.101 0.078 0.076 0.076 0.036 -0.069 -0.422 -0.349 -0.037 -0.004 0.026 0.021 0.013 0.028 -0.002 -0.039 -0.022 -0.017 -0.024 -0.032 -0.039 -0.057 -0.072 -0.062 -0.064 -0.067 -0.084 -0.077 -0.092 -0.089 -0.149 -0.112 -0.126 -0.138 -0.152 -0.154 -0.17 -0.207 -0.218 -0.204 -0.21 -0.234 -0.258 -0.288 -0.396 -0.439 -0.554 -0.651 -0.795 -1.013 -1.235 -1.33 -1.215 -1.176
0.201 0.211 0.228 0.213 0.203 0.203 0.181 0.168 0.198 0.171 0.166 0.148 0.123 0.136 0.128 0.113 0.076 0.076 0.063 0.043 0.033 0.013 0.013 -0.349 -0.167 0.018 0.028 0.036 0.031 -0.012 -0.002 0.011 -0.012 -0.034 -0.019 -0.009 -0.022 -0.024 -0.047 -0.072 -0.082 -0.079 -0.082 -0.089 -0.077 -0.112 -0.109 -0.136 -0.103 -0.15 -0.137 -0.167 -0.161 -0.176 -0.184 -0.197 -0.207 -0.235 -0.235 -0.256 -0.298 -0.366 -0.46 -0.557 -0.646 -0.807 -0.966 -1.185 -1.153 -0.851 -0.573 -0.623
0.178 0.166 0.196 0.168 0.181 0.198 0.183 0.191 0.161 0.136 0.133 0.138 0.131 0.138 0.131 0.116 0.093 0.083 0.026 0.033 0.031 0.003 -0.132 -0.332 -0.029 0.033 -0.004 0.016 0.028 0.003 0.001 0.003 -0.002 -0.027 -0.044 -0.044 -0.057 -0.062 -0.059 -0.077 -0.062 -0.104 -0.089 -0.104 -0.087 -0.114 -0.118 -0.129 -0.13 -0.144 -0.153 -0.166 -0.175 -0.174 -0.177 -0.19 -0.214 -0.233 -0.278 -0.317 -0.411 -0.512 -0.584 -0.714 -0.852 -0.984 -1.559 -1.739 -0.798 -0.304 -9999 -1.952
0.153 0.171 0.186 0.153 0.143 0.146 0.143 0.148 0.161 0.148 0.093 0.103 0.111 0.096 0.123 0.096 0.071 0.081 0.033 -0.119 -0.039 -0.079 -0.372 -0.067 0.036 0.006 0.023 0.023 0.028 -0.012 -0.014 -0.019 -0.017 -0.039 -0.057 -0.054 -0.084 -0.039 -0.079 -0.087 -0.069 -0.104 -0.099 -0.137 -0.112 -0.119 -0.137 -0.135 -0.153 -0.148 -0.155 -0.177 -0.187 -0.182 -0.203 -0.221 -0.238 -0.284 -0.346 -0.43 -0.552 -0.658 -0.78 -0.886 -1.075 -1.662 -1.837 -1.887 -1.944 -9999 -9999 -9999
0.133 0.153 0.146 0.141 0.143 0.136 0.141 0.131 0.148 0.103 0.106 0.101 0.083 0.106 0.103 0.046 0.031 -0.097 -0.189 -0.259 -0.357 -0.349 -0.127 0.033 0.038 0.028 0.003 0.008 0.008 0.001 -0.009 -0.022 -0.029 -0.039 -0.044 -0.067 -0.072 -0.069 -0.077 -0.092 -0.077 -0.112 -0.119 -0.122 -0.129 -0.142 -0.149 -0.162 -0.156 -0.169 -0.16 -0.184 -0.195 -0.2 -0.222 -0.236 -0.278 -0.383 -0.472 -0.614 -0.743 -0.862 -0.999 -1.077 -1.614 -1.834 -1.872 -1.932 -1.972 -1.972 -9999 -9999
-0.059 0.113 0.118 0.126 0.098 0.111 0.123 0.136 0.121 0.106 0.098 0.078 0.073 0.073 0.076 -0.077 -0.167 -0.117 0.046 0.011 -0.039 -0.009 0.011 0.028 0.038 0.031 0.008 0.006 0.003 -0.009 -0.002 -0.032 -0.052 -0.042 -0.039 -0.067 -0.084 -0.072 -0.092 -0.092 -0.104 -0.112 -0.129 -0.127 -0.124 -0.137 -0.141 -0.18 -0.183 -0.18 -0.184 -0.184 -0.215 -0.249 -0.251 -0.316 -0.405 -0.597 -0.721 -0.89 -1.103 -1.239 -1.361 -1.505 -1.789 -1.784 -9999 -9999 -9999 -9999 -9999 -9999
-0.352 -0.004 0.106 0.101 0.083 0.086 0.083 0.086 0.081 0.076 0.096 0.068 0.061 -0.092 -0.164 -0.087 -0.004 0.053 0.036 0.046 0.046 0.031 0.028 0.013 0.008 -0.012 -0.014 -0.017 -0.034 -0.027 -0.017 -0.032 -0.052 -0.072 -0.049 -0.077 -0.089 -0.074 -0.104 -0.094 -0.119 -0.154 -0.122 -0.174 -0.156 -0.161 -0.169 -0.196 -0.207 -0.209 -0.198 -0.231 -0.247 -0.285 -0.33 -0.403 -0.669 -0.957 -1.127 -1.228 -1.401 -1.612 -1.669 -1.646 -1.709 -9999 -9999 -9999 -9999 -9999 -9999 -1.504
-0.289 -0.029 0.056 0.066 0.078 0.078 0.041 0.081 0.068 0.068 0.058 0.038 -0.117 -0.064 0.031 0.041 0.026 0.036 0.041 0.058 0.028 0.023 0.018 0.008 -0.009 -0.002 -0.009 -0.024 -0.027 -0.024 -0.042 -0.032 -0.062 -0.072 -0.069 -0.072 -0.069 -0.087 -0.087 -0.122 -0.139 -0.124 -0.152 -0.169 -0.162 -0.158 -0.165 -0.207 -0.222 -0.239 -0.245 -0.266 -0.304 -0.337 -0.445 -0.549 -0.819 -1.06 -1.268 -1.324 -1.395 -1.626 -1.695 -1.764 -9999 -9999 -9999 -9999 -9999 -9999 -9999 -1.486
-0.242 -0.112 0.043 0.058 0.048 0.051 0.086 0.068 0.028 0.041 -0.022 -0.152 0.053 0.061 0.026 0.071 0.046 0.048 0.028 -0.002 0.023 -0.009 -0.002 0.008 -0.004 -0.002 -0.014 -0.029 -0.037 -0.052 -0.064 -0.089 -0.074 -0.092 -0.097 -0.084 -0.099 -0.099 -0.114 -0.136 -0.151 -0.15 -0.178 -0.184 -0.164 -0.208 -0.225 -0.216 -0.245 -0.262 -0.285 -0.328 -0.381 -0.425 -0.541 -0.72 -0.966 -1.201 -1.313 -1.357 -1.43 -1.639 -1.847 -9999 -9999 -1.489 -1.469 -9999 -9999 -9999 -9999 -9999
-0.309 -0.099 0.036 0.051 0.036 0.048 0.031 0.023 0.003 -0.054 -0.087 0.016 0.041 0.076 0.053 0.048 0.041 0.038 0.033 0.016 0.016 -0.014 -0.012 -0.019 -0.012 -0.044 -0.029 -0.039 -0.052 -0.062 -0.069 -0.072 -0.077 -0.109 -0.094 -0.079 -0.112 -0.121 -0.108 -0.142 -0.162 -0.148 -0.177 -0.191 -0.211 -0.246 -0.254 -0.256 -0.26 -0.309 -0.336 -0.406 -0.463 -0.556 -0.667 -0.942 -1.261 -1.514 -1.365 -1.405 -1.576 -1.839 -1.884 -9999 -9999 -9999 -1.479 -9999 -9999 -9999 -9999 -9999
-0.377 -0.159 -0.039 0.021 0.003 0.013 0.006 -0.127 -0.177 -0.039 0.013 0.036 0.056 0.031 0.068 0.026 0.028 -0.002 0.011 0.008 0.003 -0.022 -0.032 -0.052 -0.044 -0.047 -0.019 -0.029 -0.059 -0.069 -0.087 -0.052 -0.064 -0.099 -0.109 -0.117 -0.13 -0.12 -0.144 -0.13 -0.153 -0.179 -0.194 -0.217 -0.265 -0.278 -0.274 -0.283 -0.326 -0.36 -0.408 -0.504 -0.58 -0.676 -0.86 -1.185 -1.588 -1.672 -1.619 -1.752 -9999 -9999 -9999 -9999 -9999 -9999 -9999 -9999 -9999 -9999 -9999 -9999
-0.307 -0.302 -0.369 -0.407 -0.277 -0.002 -0.087 -0.084 -0.014 0.008 0.038 0.036 0.046 0.026 0.041 0.013 0.013 0.026 0.011 -0.017 0.001 -0.004 -0.037 -0.029 -0.047 -0.027 -0.052 -0.062 -0.074 -0.089 -0.102 -0.094 -0.077 -0.089 -0.119 -0.153 -0.137 -0.145 -0.149 -0.151 -0.193 -0.189 -0.232 -0.245 -0.287 -0.3 -0.307 -0.343 -0.393 -0.437 -0.53 -0.606 -0.776 -0.924 -1.115 -1.342 -1.636 -1.699 -1.814 -9999 -9999 -9999 -9999 -9999 -9999 -9999 -9999 -9999 -9999 -9999 -9999 -1.899
0.053 -0.087 -0.199 -0.199 -0.362 -0.354 -0.182 -0.034 -0.014 0.001 0.026 0.018 0.023 0.033 0.023 0.016 0.028 0.018 0.011 0.016 -0.014 -0.029 -0.039 -0.039 -0.054 -0.052 -0.049 -0.062 -0.059 -0.074 -0.087 -0.117 -0.099 -0.105 -0.11 -0.133 -0.148 -0.155 -0.157 -0.173 -0.202 -0.222 -0.264 -0.289 -0.307 -0.355 -0.377 -0.407 -0.486 -0.582 -0.686 -0.833 -0.975 -1.122 -1.238 -1.39 -1.551 -9999 -9999 -9999 -9999 -9999 -2.009 -9999 -9999 -9999 -9999 -9999 -9999 -9999 -1.854 -1.614
0.063 0.053 0.003 -0.012 -0.104 -0.534 -0.209 -0.014 -0.044 -0.004 -0.002 -0.017 0.011 -0.002 0.018 -0.012 0.011 -0.014 -0.017 -0.012 -0.049 -0.027 -0.014 -0.024 -0.054 -0.067 -0.077 -0.089 -0.069 -0.084 -0.097 -0.114 -0.132 -0.145 -0.137 -0.143 -0.162 -0.17 -0.172 -0.187 -0.21 -0.258 -0.282 -0.302 -0.349 -0.387 -0.473 -0.558 -0.635 -0.74 -0.867 -1.004 -1.129 -1.245 -1.535 -1.834 -1.854 -9999 -9999 -9999 -9999 -9999 -1.962 -2.007 -9999 -9999 -9999 -9999 -1.909 -1.862 -1.682 -1.6
0.071 0.061 0.033 0.018 0.001 -0.332 -0.329 -0.047 -0.022 -0.022 -0.037 -0.004 -0.029 -0.022 -0.004 -0.037 -0.017 -0.014 -0.037 -0.049 -0.029 -0.024 -0.024 -0.062 -0.067 -0.067 -0.097 -0.089 -0.082 -0.118 -0.101 -0.117 -0.136 -0.164 -0.137 -0.156 -0.169 -0.166 -0.202 -0.195 -0.249 -0.27 -0.3 -0.34 -0.404 -0.485 -0.55 -0.679 -0.768 -0.933 -1.072 -1.18 -1.315 -1.559 -1.847 -1.912 -1.897 -9999 -9999 -9999 -9999 -9999 -9999 -9999 -9999 -9999 -9999 -1.899 -1.794 -1.632 -1.578 -1.372
0.076 0.048 0.056 0.021 -0.004 -0.299 -0.307 -0.079 -0.062 -0.074 -0.087 -0.064 -0.044 -0.044 -0.022 -0.024 -0.044 -0.047 -0.042 -0.057 -0.057 -0.054 -0.057 -0.049 -0.069 -0.109 -0.092 -0.087 -0.101 -0.142 -0.116 -0.13 -0.149 -0.168 -0.156 -0.177 -0.186 -0.181 -0.227 -0.244 -0.279 -0.319 -0.353 -0.398 -0.464 -0.587 -0.697 -0.82 -1.002 -1.192 -1.313 -1.496 -1.752 -1.919 -1.889 -1.874 -1.927 -1.999 -9999 -9999 -9999 -9999 -9999 -9999 -9999 -9999 -1.899 -1.737 -1.56 -1.499 -1.392 -1.258
0.103 0.068 0.056 0.028 0.003 -0.284 -0.454 -0.189 -0.149 -0.244 -0.489 -0.467 -0.159 -0.064 -0.052 -0.074 -0.067 -0.047 -0.067 -0.059 -0.057 -0.087 -0.072 -0.069 -0.102 -0.104 -0.114 -0.106 -0.121 -0.124 -0.154 -0.154 -0.168 -0.197 -0.193 -0.201 -0.206 -0.225 -0.233 -0.273 -0.299 -0.354 -0.423 -0.489 -0.559 -0.703 -0.849 -1.053 -1.241 -1.409 -1.572 -1.819 -1.949 -1.954 -1.907 -1.892 -1.932 -9999 -9999 -9999 -9999 -9999 -9999 -9999 -1.859 -1.802 -1.634 -1.566 -1.415 -1.34 -1.245 -1.098
0.101 0.111 0.058 0.038 0.016 -0.024 -0.312 -0.522 -0.569 -0.594 -0.377 -0.389 -0.552 -0.169 -0.084 -0.077 -0.092 -0.102 -0.084 -0.054 -0.074 -0.094 -0.079 -0.107 -0.117 -0.099 -0.104 -0.11 -0.139 -0.139 -0.156 -0.173 -0.173 -0.192 -0.205 -0.23 -0.233 -0.287 -0.265 -0.323 -0.378 -0.431 -0.532 -0.594 -0.703 -0.823 -1.072 -1.227 -1.375 -1.702 -1.904 -1.952 -1.954 -1.937 -1.899 -1.924 -1.934 -9999 -9999 -9999 -9999 -9999 -9999 -1.869 -1.789 -1.614 -1.364 -1.375 -1.287 -1.186 -1.044 -0.941
0.113 0.096 0.096 0.056 0.013 0.003 -0.039 -0.057 -0.119 -0.157 -0.139 -0.184 -0.592 -0.329 -0.137 -0.112 -0.112 -0.107 -0.094 -0.097 -0.097 -0.084 -0.099 -0.119 -0.121 -0.142 -0.141 -0.14 -0.138 -0.167 -0.176 -0.178 -0.196 -0.21 -0.227 -0.228 -0.265 -0.318 -0.334 -0.383 -0.462 -0.522 -0.637 -0.739 -0.89 -1.084 -1.306 -1.519 -1.729 -1.924 -1.994 -1.984 -1.949 -1.872 -1.917 -9999 -9999 -9999 -9999 -9999 -9999 -1.879 -1.842 -1.626 -1.579 -1.46 -1.348 -1.24 -1.143 -0.973 -0.795 -0.721
0.111 0.101 0.058 0.048 0.031 0.008 0.001 -0.034 -0.079 -0.094 -0.124 -0.144 -0.279 -0.614 -0.212 -0.099 -0.107 -0.082 -0.092 -0.104 -0.117 -0.149 -0.124 -0.136 -0.146 -0.153 -0.164 -0.173 -0.173 -0.199 -0.207 -0.198 -0.216 -0.241 -0.262 -0.259 -0.316 -0.358 -0.428 -0.5 -0.589 -0.671 -0.769 -0.91 -1.097 -1.386 -1.612 -1.814 -1.952 -1.924 -1.937 -1.952 -1.952 -1.902 -9999 -9999 -9999 -9999 -9999 -1.939 -1.937 -1.767 -1.617 -1.448 -1.391 -1.291 -1.234 -1.056 -0.909 -0.74 -0.705 -0.613
0.098 0.131 0.063 0.063 0.043 0.003 -0.019 -0.032 -0.039 -0.082 -0.114 -0.144 -0.189 -0.522 -0.464 -0.129 -0.104 -0.142 -0.129 -0.132 -0.139 -0.134 -0.139 -0.162 -0.156 -0.167 -0.175 -0.172 -0.192 -0.218 -0.213 -0.225 -0.243 -0.258 -0.286 -0.306 -0.346 -0.46 -0.535 -0.662 -0.725 -0.821 -0.951 -1.139 -1.464 -1.772 -1.907 -2.009 -1.708 -1.984 -2.004 -2.039 -1.967 -9999 -9999 -9999 -9999 -9999 -9999 -1.857 -1.65 -1.592 -1.455 -1.339 -1.312 -1.16 -1.022 -0.841 -0.764 -0.672 -0.61 -0.57
0.103 0.086 0.063 0.048 0.051 0.018 -0.009 -0.014 -0.037 -0.062 -0.109 -0.257 -0.404 -0.669 -0.424 -0.154 -0.139 -0.149 -0.124 -0.144 -0.152 -0.152 -0.168 -0.177 -0.173 -0.184 -0.2 -0.189 -0.208 -0.241 -0.25 -0.257 -0.278 -0.293 -0.313 -0.395 -0.455 -0.617 -0.707 -0.829 -0.93 -1.039 -1.347 -1.697 -1.827 -1.929 -1.932 -1.972 -2.049 -2.034 -2.014 -9999 -9999 -9999 -9999 -9999 -9999 -1.949 -1.819 -1.582 -1.44 -1.397 -1.338 -1.268 -1.154 -0.97 -0.789 -0.733 -0.647 -0.589 -0.556 -0.515
0.091 0.081 0.053 0.033 0.048 0.038 -0.009 -0.002 -0.047 -0.067 -0.187 -0.577 -0.562 -0.384 -0.197 -0.172 -0.127 -0.139 -0.167 -0.174 -0.179 -0.19 -0.17 -0.198 -0.207 -0.207 -0.211 -0.224 -0.245 -0.266 -0.276 -0.309 -0.302 -0.334 -0.421 -0.512 -0.612 -0.758 -0.934 -1.035 -1.222 -1.524 -1.759 -1.887 -9999 -9999 -1.839 -1.924 -2.034 -1.979 -1.974 -9999 -9999 -9999 -1.979 -1.936 -1.942 -1.792 -1.574 -1.422 -1.359 -1.296 -1.185 -1.094 -0.893 -0.802 -0.7 -0.643 -0.564 -0.516 -0.498 -0.453
0.071 0.093 0.071 0.046 0.043 0.058 0.021 -0.017 -0.029 -0.072 -0.237 -0.567 -0.392 -0.282 -0.207 -0.197 -0.169 -0.174 -0.197 -0.192 -0.224 -0.217 -0.23 -0.224 -0.231 -0.232 -0.234 -0.261 -0.264 -0.302 -0.31 -0.329 -0.376 -0.455 -0.561 -0.648 -0.776 -0.957 -1.17 -1.369 -1.662 -1.827 -1.889 -1.879 -9999 -9999 -1.859 -1.907 -1.992 -1.974 -1.979 -1.927 -1.939 -1.934 -1.932 -1.859 -1.565 -1.437 -1.403 -1.314 -1.257 -1.16 -0.973 -0.847 -0.755 -0.676 -0.653 -0.572 -0.533 -0.49 -0.452 -0.425
0.068 0.053 0.078 0.058 0.026 0.016 0.013 -0.009 -0.012 -0.062 -0.129 -0.367 -0.654 -0.704 -0.554 -0.409 -0.219 -0.192 -0.207 -0.222 -0.222 -0.251 -0.242 -0.25 -0.26 -0.267 -0.278 -0.29 -0.289 -0.308 -0.348 -0.408 -0.482 -0.565 -0.682 -0.828 -1.021 -1.288 -1.544 -1.737 -1.877 -1.919 -1.894 -1.894 -9999 -1.939 -1.932 -1.969 -1.897 -1.937 -1.972 -1.932 -1.924 -1.884 -1.842 -1.657 -1.494 -1.364 -1.292 -1.204 -1.113 -0.95 -0.833 -0.71 -0.664 -0.622 -0.562 -0.514 -0.485 -0.466 -0.416 -0.378
0.086 0.051 0.043 0.011 0.016 0.003 0.018 0.008 -0.044 -0.034 -0.049 -0.094 -0.209 -0.397 -0.529 -0.702 -0.562 -0.249 -0.246 -0.253 -0.278 -0.267 -0.261 -0.266 -0.286 -0.302 -0.306 -0.327 -0.345 -0.364 -0.428 -0.501 -0.589 -0.686 -0.827 -1.056 -1.275 -1.58 -1.724 -1.059 -9999 -1.959 -1.907 -1.894 -1.987 -1.972 -1.982 -9999 -9999 -1.877 -1.949 -1.909 -1.884 -1.615 -1.426 -1.437 -1.466 -1.289 -1.173 -1.044 -0.899 -0.794 -0.704 -0.656 -0.615 -0.598 -0.522 -0.476 -0.451 -0.411 -0.403 -0.338
0.048 0.031 0.038 0.016 0.021 0.008 -0.019 -0.017 -0.047 -0.049 -0.079 -0.107 -0.152 -0.167 -0.222 -0.487 -0.719 -0.333 -0.271 -0.26 -0.269 -0.27 -0.281 -0.299 -0.317 -0.336 -0.344 -0.361 -0.404 -0.472 -0.543 -0.637 -0.724 -0.869 -1.045 -1.312 -1.739 -1.48 -1.08 -0.539 -9999 -1.964 -1.962 -1.892 -1.854 -1.874 -1.984 -9999 -9999 -1.939 -1.897 -1.829 -1.66 -1.447 -1.324 -1.291 -1.355 -1.252 -1.002 -0.877 -0.771 -0.714 -0.653 -0.615 -0.58 -0.517 -0.471 -0.434 -0.405 -0.367 -0.361 -0.332
0.056 0.033 0.021 0.016 -0.002 -0.024 -0.052 -0.029 -0.072 -0.084 -0.119 -0.112 -0.164 -0.184 -0.244 -0.551 -0.609 -0.303 -0.296 -0.301 -0.299 -0.299 -0.304 -0.332 -0.347 -0.369 -0.39 -0.417 -0.468 -0.577 -0.667 -0.769 -0.873 -1.055 -1.399 -1.619 -1.499 -0.406 -0.987 -0.622 -1.984 -1.966 -1.982 -1.884 -1.909 -1.894 -1.917 -1.932 -9999 -1.846 -1.626 -1.631 -1.382 -1.272 -1.195 -1.122 -1.174 -1.25 -0.945 -0.784 -0.704 -0.643 -0.592 -0.545 -0.536 -0.501 -0.44 -0.406 -0.37 -0.35 -0.322 -0.299
0.021 0.033 -0.017 -0.004 0.018 -0.032 -0.039 -0.062 -0.089 -0.119 -0.134 -0.134 -0.177 -0.192 -0.341 -0.658 -0.473 -0.321 -0.307 -0.321 -0.323 -0.311 -0.321 -0.358 -0.404 -0.412 -0.454 -0.513 -0.603 -0.697 -0.812 -0.94 -1.134 -1.42 -1.794 -1.784 -1.269 -0.851 -0.635 -1.721 -1.987 -1.897 -1.894 -1.949 -1.867 -1.872 -1.862 -1.872 -1.847 -1.603 -1.416 -1.314 -1.217 -1.114 -1.069 -0.978 -0.944 -1.166 -1.099 -0.802 -0.654 -0.608 -0.546 -0.505 -0.475 -0.44 -0.404 -0.384 -0.347 -0.32 -0.27 -0.254
0.023 0.021 0.001 -0.002 -0.012 -0.047 -0.064 -0.067 -0.107 -0.154 -0.147 -0.167 -0.184 -0.212 -0.459 -0.664 -0.373 -0.343 -0.328 -0.339 -0.338 -0.338 -0.389 -0.432 -0.469 -0.5 -0.556 -0.631 -0.756 -0.875 -1.05 -1.202 -1.529 -1.729 -9999 -9999 -9999 -1.387 -1.467 -1.68 -1.677 -1.927 -1.882 -1.942 -2.007 -1.969 -1.894 -1.671 -1.625 -1.377 -1.257 -1.105 -1.035 -1.003 -0.962 -0.905 -0.822 -0.869 -1.081 -0.974 -0.755 -0.573 -0.501 -0.473 -0.449 -0.403 -0.38 -0.349 -0.306 -0.303 -0.265 -0.244
0.006 0.021 -0.022 -0.042 -0.042 -0.072 -0.064 -0.104 -0.104 -0.149 -0.154 -0.212 -0.232 -0.26 -0.636 -0.61 -0.386 -0.361 -0.365 -0.36 -0.372 -0.408 -0.444 -0.487 -0.536 -0.58 -0.699 -0.788 -0.946 -1.157 -1.454 -1.672 -1.827 -1.897 -9999 -9999 -9999 -1.976 -1.695 -1.964 -1.942 -1.912 -1.949 -1.999 -1.917 -1.912 -1.625 -1.429 -1.3 -1.135 -1.065 -0.981 -0.937 -0.893 -0.855 -0.798 -0.73 -0.682 -0.781 -0.905 -0.907 -0.643 -0.502 -0.444 -0.423 -0.381 -0.337 -0.331 -0.318 -0.284 -0.237 -0.209
-0.012 -0.039 -0.052 -0.052 -0.052 -0.067 -0.109 -0.117 -0.139 -0.174 -0.172 -0.239 -0.274 -0.342 -0.704 -0.529 -0.393 -0.391 -0.399 -0.418 -0.443 -0.491 -0.52 -0.562 -0.632 -0.736 -0.856 -1.06 -1.255 -1.541 -1.742 -1.834 -1.914 -1.932 -1.932 -9999 -2.009 -1.967 -1.949 -1.932 -1.964 -1.932 -1.934 -1.962 -1.904 -1.704 -1.427 -1.267 -1.097 -1.027 -0.96 -0.903 -0.804 -0.74 -0.737 -0.679 -0.64 -0.599 -0.553 -0.561 -0.735 -0.863 -0.589 -0.465 -0.385 -0.346 -0.355 -0.311 -0.262 -0.239 -0.187 -0.197
