All_lidar/sz5585_DSM_2M.asc
ncols 500
nrows 500
xllcorner    455000
yllcorner    85000
cellsize     2
NODATA_value -9999
[rows 352 to 383 of 500, columns 288 to 359 of 500]
42.613 42.433 42.237 42.162 41.971 41.772 41.595 41.471 41.384 41.187 41.069 40.923 40.743 40.501 40.298 40.075 39.865 39.514 39.128 38.728 38.404 38.073 37.604 37.236 36.81 36.455 36.099 35.802 35.419 35.142 34.866 34.722 34.419 34.227 34.157 33.973 33.86 33.756 33.657 33.663 33.601 33.64 33.673 33.776 33.845 33.917 34.037 34.227 34.307 34.382 34.492 34.582 34.67 34.79 34.865 34.96 35.027 35.102 35.242 35.255 35.24 35.347 35.365 35.527 35.537 35.61 35.64 35.687 35.747 35.782 35.755 35.717
42.965 42.803 42.638 42.521 42.386 42.213 42.016 41.918 41.82 41.66 41.521 41.427 41.189 41.011 40.754 40.524 40.351 40.02 39.597 39.248 38.924 38.528 38.082 37.685 37.322 36.92 36.57 36.276 35.917 35.648 35.279 35.055 34.894 34.627 34.601 34.38 34.264 34.272 34.157 34.119 34.105 34.168 34.224 34.308 34.442 34.479 34.557 34.78 34.847 34.947 35.027 35.142 35.255 35.347 35.435 35.53 35.632 35.712 35.855 35.855 35.892 35.932 36.005 36.085 36.18 36.202 36.23 36.25 36.277 36.352 36.26 36.287
43.304 43.208 43.041 42.888 42.798 42.601 42.465 42.326 42.247 42.155 42.061 41.88 41.738 41.487 41.233 41.029 40.779 40.484 40.092 39.753 39.389 39.006 38.603 38.184 37.789 37.42 37.097 36.858 36.517 36.147 35.842 35.697 35.495 35.267 35.075 34.86 34.771 34.774 34.746 34.701 34.63 34.714 34.761 34.828 34.931 35.015 35.182 35.347 35.417 35.532 35.64 35.765 35.902 36.027 36.115 36.217 36.29 36.327 36.472 36.52 36.535 36.602 36.672 36.717 36.782 36.82 36.835 36.83 36.912 36.8 36.835 36.817
43.627 43.533 43.4 43.253 43.168 42.97 42.859 42.769 42.673 42.595 42.513 42.376 42.208 41.996 41.708 41.507 41.247 40.975 40.557 40.211 39.899 39.518 39.09 38.683 38.319 37.967 37.668 37.356 37.033 36.709 36.375 36.198 35.964 35.808 35.634 35.454 35.305 35.223 35.225 35.183 35.148 35.23 35.327 35.427 35.488 35.587 35.787 35.912 36.025 36.115 36.257 36.377 36.525 36.655 36.762 36.89 36.945 37.045 37.095 37.13 37.215 37.222 37.305 37.342 37.42 37.485 37.47 37.44 37.405 37.44 37.39 37.452
43.945 43.833 43.705 43.576 43.499 43.384 43.258 43.159 43.08 42.987 42.932 42.799 42.647 42.467 42.196 41.963 41.729 41.437 41.007 40.71 40.418 40.03 39.591 39.213 38.842 38.542 38.146 37.76 37.454 37.149 36.87 36.767 36.481 36.352 36.156 35.887 35.838 35.765 35.702 35.705 35.719 35.757 35.879 35.973 36.078 36.25 36.402 36.532 36.62 36.752 36.907 37.02 37.167 37.285 37.477 37.545 37.605 37.737 37.767 37.825 37.882 37.89 37.957 37.982 38.045 38.085 38.067 38.027 38.05 38.04 38.067 37.99
44.261 44.123 44.012 43.881 43.804 43.763 43.621 43.556 43.466 43.36 43.295 43.189 43.073 42.921 42.682 42.43 42.214 41.909 41.47 41.182 40.901 40.559 40.105 39.741 39.374 38.99 38.615 38.279 37.971 37.625 37.409 37.234 37.016 36.776 36.687 36.459 36.413 36.265 36.251 36.224 36.289 36.315 36.438 36.543 36.681 36.867 37.035 37.145 37.245 37.415 37.545 37.695 37.857 38.012 38.13 38.195 38.325 38.375 38.41 38.492 38.512 38.58 38.6 38.615 38.685 38.662 38.7 38.665 38.667 38.67 38.617 38.58
44.482 44.409 44.299 44.15 44.047 44.017 43.962 43.925 43.831 43.732 43.637 43.58 43.457 43.33 43.15 42.915 42.702 42.309 41.966 41.708 41.408 40.957 40.628 40.227 39.853 39.449 39.114 38.951 38.467 38.127 37.888 37.677 37.506 37.385 37.151 36.984 36.948 36.822 36.807 36.775 36.859 36.943 37.035 37.174 37.237 37.45 37.615 37.712 37.84 38.06 38.207 38.397 38.545 38.675 38.777 38.897 38.957 39.037 39.132 39.172 39.18 39.255 39.252 39.265 39.257 39.262 39.287 39.27 39.262 39.235 39.225 39.125
44.696 44.667 44.563 44.465 44.322 44.331 44.324 44.237 44.172 44.117 44.025 43.907 43.82 43.709 43.534 43.317 43.078 42.738 42.422 42.157 41.833 41.42 41.131 40.678 40.375 39.971 39.64 39.32 38.952 38.678 38.478 38.33 38.102 37.828 37.73 37.548 37.461 37.43 37.364 37.361 37.425 37.523 37.67 37.721 37.88 38.067 38.237 38.36 38.49 38.735 38.86 39.075 39.24 39.38 39.465 39.537 39.67 39.732 39.82 39.845 39.86 39.882 39.892 39.842 39.872 39.897 39.89 39.885 39.842 39.82 39.767 39.685
44.904 44.876 44.787 44.707 44.563 44.522 44.52 44.458 44.441 44.437 44.403 44.349 44.219 44.039 43.879 43.697 43.439 43.155 42.859 42.562 42.314 41.966 41.628 41.127 40.868 40.461 40.178 39.79 39.471 39.23 38.974 38.865 38.668 38.525 38.373 38.152 38.009 38.032 37.982 37.975 38.025 38.143 38.202 38.322 38.497 38.652 38.877 38.992 39.155 39.385 39.552 39.722 39.912 40.032 40.132 40.272 40.342 40.467 40.515 40.545 40.545 40.517 40.482 40.522 40.492 40.49 40.497 40.49 40.44 40.37 40.31 40.155
45.107 45.077 44.962 44.819 44.747 44.774 44.752 44.7 44.68 44.672 44.664 44.645 44.582 44.451 44.233 44.011 43.802 43.519 43.233 42.977 42.648 42.381 41.999 41.621 41.401 41.019 40.662 40.378 40.062 39.728 39.535 39.428 39.316 39.353 38.955 38.786 38.663 38.599 38.512 38.559 38.619 38.736 38.752 39.057 39.127 39.31 39.47 39.61 39.865 40.052 40.19 40.367 40.55 40.7 40.797 40.977 41.072 41.152 41.187 41.195 41.14 41.11 41.155 41.132 41.087 41.085 41.072 41.065 40.935 40.912 40.81 40.647
45.223 45.186 45.12 45.006 44.955 44.942 44.915 44.881 44.87 44.89 44.892 44.875 44.853 44.784 44.654 44.458 44.197 43.912 43.61 43.356 43.041 42.652 42.478 42.116 41.864 41.583 41.297 41 40.55 40.331 40.165 40.036 39.898 39.688 39.476 39.496 39.361 39.159 39.127 39.215 39.215 39.314 39.391 39.615 39.797 39.957 40.207 40.345 40.665 40.74 40.93 41.055 41.25 41.387 41.535 41.617 41.747 41.802 41.855 41.817 41.775 41.785 41.8 41.775 41.74 41.675 41.61 41.537 41.472 41.37 41.23 41.03
45.316 45.263 45.261 45.203 45.148 45.193 45.143 45.055 45.016 44.998 44.999 44.959 44.919 44.869 44.819 44.696 44.526 44.328 44.043 43.882 43.634 43.253 42.957 42.658 42.361 42.105 41.819 41.506 41.224 41.009 40.789 40.567 40.445 40.301 40.11 40.143 39.973 39.849 39.865 39.819 39.919 39.972 40.172 40.277 40.47 40.647 40.807 41.007 41.222 41.392 41.547 41.742 41.872 42.035 42.165 42.247 42.36 42.41 42.452 42.482 42.445 42.412 42.397 42.38 42.287 42.225 42.117 42.02 41.955 41.782 41.607 41.422
45.391 45.348 45.312 45.315 45.261 45.332 45.271 45.288 45.194 45.162 45.135 44.992 44.9 44.844 44.809 44.692 44.511 44.364 44.23 44.079 43.861 43.544 43.239 42.921 42.658 42.536 42.301 42.064 41.813 41.6 41.376 41.13 41.024 40.844 40.745 40.68 40.563 40.557 40.479 40.502 40.581 40.695 40.85 41 41.125 41.33 41.507 41.695 41.84 42.032 42.187 42.452 42.51 42.662 42.815 42.897 42.93 42.965 43.035 43.057 43.007 42.962 42.927 42.885 42.79 42.71 42.602 42.515 42.347 42.127 41.957 41.762
45.458 45.536 45.477 45.452 45.503 45.52 45.389 45.539 45.331 45.279 45.235 45.181 45.208 45.121 44.953 44.772 44.597 44.406 44.257 44.115 43.868 43.625 43.429 43.126 42.907 42.698 42.459 42.269 42.098 41.875 41.707 41.584 41.468 41.354 41.205 41.153 41.101 41.094 41.069 41.123 41.174 41.362 41.47 41.582 41.745 41.922 42.127 42.35 42.487 42.71 42.862 43.085 43.217 43.305 43.382 43.457 43.482 43.535 43.582 43.577 43.555 43.517 43.422 43.382 43.28 43.165 43.032 42.902 42.685 42.472 42.31 42.125
45.523 45.594 45.514 45.529 45.642 45.571 45.491 45.523 45.494 45.47 45.452 45.361 45.507 45.498 45.279 45.073 44.963 44.895 44.662 44.426 44.295 44.216 43.986 43.611 43.223 43.029 42.966 42.668 42.355 42.137 41.991 41.894 41.735 41.534 41.432 41.539 41.499 41.379 41.374 41.458 41.541 41.692 41.845 42.022 42.185 42.352 42.52 42.677 42.91 43.11 43.257 43.52 43.645 43.775 43.845 43.89 44.002 44.097 44.137 44.147 44.09 44.032 44.002 43.825 43.722 43.545 43.37 43.247 42.995 42.785 42.682 42.455
45.529 45.608 45.558 45.637 45.558 45.477 45.493 45.502 45.53 45.546 45.423 45.567 45.562 45.468 45.356 45.355 45.247 45.011 44.749 44.644 44.515 44.33 44.139 43.847 43.593 43.478 43.356 43.231 42.876 42.558 42.529 42.443 42.289 42.008 41.713 41.985 42.082 41.873 41.751 41.737 41.952 42.09 42.175 42.345 42.452 42.562 42.732 42.882 43.095 43.247 43.565 43.777 43.915 44.022 44.065 44.192 44.28 44.357 44.427 44.482 44.455 44.43 44.345 44.212 44.087 43.927 43.707 43.517 43.267 43.07 42.91 42.74
45.594 45.588 45.642 45.662 45.7 45.672 45.711 45.697 45.769 45.647 45.656 45.748 45.761 45.589 45.559 45.589 45.468 45.157 45.073 45.009 44.849 44.516 44.14 43.909 43.776 43.681 43.453 43.149 42.915 42.869 42.737 42.55 42.392 42.189 42.089 42.126 42.099 42.131 42.109 42.089 42.42 42.58 42.702 42.852 43.115 43.31 43.34 43.542 44.037 43.997 44.295 44.437 44.392 44.497 44.52 44.585 44.62 44.68 44.63 44.68 44.577 44.537 44.462 44.337 44.277 44.17 43.987 43.762 43.492 43.352 43.085 42.927
45.591 45.61 45.603 45.602 45.641 45.607 45.625 45.628 45.676 45.629 45.64 45.665 45.669 45.635 45.582 45.527 45.406 45.359 45.25 45.127 45.031 44.896 44.692 44.455 44.298 44.184 44.034 43.768 43.557 43.5 43.373 43.137 42.812 42.594 42.543 42.53 42.326 42.169 42.12 42.289 42.425 42.595 42.667 42.867 43.152 43.222 43.295 43.585 43.89 44.14 44.32 44.42 44.492 44.68 44.817 44.892 44.902 45.102 45.077 44.955 44.842 44.707 44.635 44.45 44.315 44.177 44.022 43.855 43.697 43.495 43.24 43.097
45.578 45.61 45.637 45.621 45.647 45.636 45.632 45.638 45.67 45.671 45.651 45.656 45.648 45.655 45.615 45.598 45.483 45.431 45.337 45.237 45.147 45.033 44.911 44.764 44.599 44.43 44.314 44.196 44.001 43.795 43.715 43.622 43.51 43.368 43.303 43.27 43.164 43.03 42.884 42.997 43.082 43.127 43.175 43.267 43.502 43.552 43.695 43.745 43.947 44.22 44.375 44.52 44.632 44.835 44.965 44.945 44.932 45.045 45.07 45.007 44.94 44.837 44.797 44.745 44.537 44.355 44.177 43.99 43.835 43.632 43.4 43.25
45.565 45.597 45.604 45.664 45.629 45.613 45.652 45.67 45.662 45.667 45.688 45.676 45.691 45.671 45.62 45.636 45.578 45.525 45.436 45.353 45.297 45.198 45.105 45.005 44.884 44.74 44.572 44.466 44.337 44.159 44.036 43.921 43.859 43.771 43.674 43.613 43.54 43.531 43.519 43.617 43.675 43.77 43.845 43.97 44.097 44.195 44.355 44.425 44.48 44.637 44.702 44.827 44.955 45.187 45.337 45.352 45.28 45.197 45.155 45.065 45.09 44.967 44.877 44.745 44.595 44.472 44.295 44.135 44 43.752 43.607 43.42
45.59 45.625 45.633 45.627 45.626 45.637 45.616 45.63 45.636 45.643 45.659 45.674 45.654 45.645 45.636 45.647 45.602 45.577 45.504 45.427 45.371 45.297 45.223 45.138 45.038 44.946 44.822 44.711 44.593 44.469 44.369 44.257 44.169 44.081 44.03 43.984 43.917 43.893 43.895 43.947 43.995 44.065 44.17 44.23 44.357 44.422 44.51 44.615 44.712 44.837 44.945 45.045 45.1 45.16 45.227 45.28 45.25 45.275 45.272 45.28 45.217 45.042 44.935 44.767 44.62 44.502 44.32 44.127 43.967 43.817 43.61 43.472
45.613 45.64 45.647 45.659 45.676 45.634 45.653 45.647 45.656 45.648 45.663 45.677 45.663 45.656 45.632 45.695 45.686 45.618 45.57 45.499 45.45 45.392 45.331 45.258 45.152 45.056 44.953 44.854 44.77 44.678 44.568 44.507 44.411 44.343 44.318 44.283 44.186 44.178 44.197 44.225 44.262 44.33 44.472 44.542 44.62 44.652 44.735 44.832 44.917 44.99 45.09 45.127 45.167 45.192 45.225 45.227 45.22 45.215 45.19 45.152 45.107 45.042 44.952 44.832 44.707 44.58 44.445 44.292 44.12 43.957 43.765 43.55
45.632 45.684 45.682 45.695 45.72 45.697 45.71 45.705 45.698 45.708 45.718 45.718 45.681 45.692 45.67 45.687 45.719 45.692 45.648 45.589 45.539 45.521 45.461 45.374 45.259 45.181 45.111 45.033 44.925 44.853 44.752 44.679 44.595 44.517 44.515 44.469 44.447 44.426 44.452 44.467 44.47 44.535 44.642 44.715 44.755 44.83 44.955 45.037 45.092 45.162 45.242 45.282 45.307 45.342 45.332 45.327 45.285 45.28 45.257 45.222 45.14 45.062 44.98 44.882 44.805 44.712 44.597 44.497 44.372 44.345 44.192 43.835
45.667 45.723 45.733 45.748 45.727 45.735 45.747 45.736 45.754 45.743 45.749 45.732 45.732 45.727 45.742 45.739 45.757 45.721 45.694 45.663 45.632 45.607 45.55 45.495 45.411 45.318 45.256 45.188 45.106 45.017 44.927 44.832 44.777 44.74 44.721 44.666 44.64 44.662 44.685 44.667 44.665 44.715 44.8 44.827 44.867 44.972 45.067 45.137 45.197 45.227 45.295 45.312 45.372 45.357 45.36 45.355 45.345 45.315 45.282 45.25 45.185 45.137 45.057 44.945 44.835 44.74 44.665 44.597 44.45 44.385 44.29 44.07
45.645 45.708 45.743 45.762 45.737 45.74 45.761 45.779 45.761 45.77 45.753 45.758 45.772 45.745 45.751 45.8 45.763 45.762 45.735 45.736 45.67 45.656 45.6 45.545 45.503 45.442 45.384 45.334 45.271 45.184 45.115 45.035 45.003 44.946 44.914 44.878 44.859 44.87 44.875 44.837 44.815 44.855 44.91 44.902 44.987 45.082 45.152 45.255 45.255 45.27 45.32 45.34 45.375 45.385 45.365 45.345 45.335 45.312 45.247 45.245 45.212 45.132 45.047 44.985 44.89 44.8 44.712 44.677 44.567 44.455 44.417 44.217
45.664 45.693 45.717 45.748 45.743 45.759 45.772 45.77 45.772 45.757 45.761 45.772 45.758 45.759 45.762 45.782 45.769 45.787 45.752 45.757 45.73 45.72 45.656 45.617 45.587 45.549 45.501 45.468 45.418 45.361 45.296 45.214 45.186 45.155 45.131 45.096 45.107 45.092 45.047 45.017 44.997 45.032 45.067 45.065 45.175 45.2 45.247 45.285 45.312 45.372 45.39 45.405 45.417 45.43 45.39 45.362 45.32 45.302 45.31 45.257 45.215 45.165 45.067 44.982 44.91 44.82 44.762 44.73 44.692 44.615 44.487 44.54
45.665 45.699 45.715 45.722 45.745 45.749 45.759 45.773 45.776 45.778 45.787 45.781 45.775 45.778 45.771 45.8 45.787 45.794 45.788 45.784 45.737 45.712 45.691 45.655 45.636 45.625 45.588 45.549 45.503 45.464 45.407 45.362 45.332 45.312 45.312 45.275 45.282 45.252 45.23 45.202 45.167 45.205 45.212 45.232 45.297 45.305 45.38 45.402 45.41 45.477 45.475 45.472 45.48 45.472 45.45 45.427 45.385 45.335 45.352 45.285 45.265 45.19 45.137 45.02 44.975 44.837 44.812 44.8 44.737 44.682 44.622 44.6
45.661 45.689 45.712 45.733 45.743 45.737 45.77 45.787 45.79 45.797 45.797 45.788 45.788 45.808 45.812 45.825 45.82 45.797 45.814 45.795 45.748 45.728 45.706 45.675 45.653 45.651 45.625 45.609 45.582 45.556 45.5 45.458 45.42 45.433 45.406 45.403 45.44 45.402 45.36 45.317 45.315 45.312 45.307 45.31 45.39 45.435 45.437 45.465 45.477 45.495 45.505 45.515 45.495 45.497 45.497 45.447 45.402 45.412 45.395 45.332 45.282 45.242 45.185 45.12 44.997 44.925 44.867 44.905 44.837 44.785 44.717 44.647
45.65 45.673 45.724 45.749 45.744 45.767 45.777 45.788 45.817 45.811 45.817 45.801 45.814 45.807 45.815 45.807 45.819 45.828 45.818 45.82 45.758 45.732 45.717 45.709 45.684 45.658 45.637 45.641 45.649 45.61 45.588 45.545 45.528 45.508 45.49 45.517 45.517 45.482 45.455 45.407 45.377 45.402 45.385 45.372 45.44 45.445 45.48 45.505 45.53 45.547 45.56 45.557 45.527 45.555 45.567 45.51 45.447 45.432 45.367 45.352 45.34 45.295 45.24 45.222 45.052 44.985 44.955 44.985 44.925 44.89 44.88 44.787
45.657 45.648 45.699 45.715 45.727 45.78 45.793 45.823 45.823 45.842 45.841 45.83 45.812 45.824 45.816 45.83 45.818 45.839 45.813 45.831 45.787 45.767 45.729 45.711 45.702 45.698 45.686 45.693 45.694 45.661 45.633 45.593 45.594 45.582 45.595 45.635 45.595 45.572 45.53 45.522 45.48 45.53 45.482 45.465 45.497 45.507 45.53 45.545 45.565 45.557 45.585 45.552 45.547 45.532 45.495 45.482 45.465 45.427 45.4 45.365 45.312 45.255 45.26 45.135 45.117 45.03 45.01 45.022 44.962 44.922 44.915 44.882
45.636 45.667 45.697 45.735 45.744 45.793 45.81 45.829 45.82 45.845 45.846 45.836 45.82 45.814 45.85 45.814 45.814 45.797 45.804 45.801 45.787 45.754 45.756 45.732 45.719 45.727 45.736 45.724 45.72 45.706 45.702 45.653 45.65 45.648 45.67 45.675 45.672 45.642 45.617 45.592 45.54 45.57 45.53 45.53 45.54 45.53 45.547 45.585 45.58 45.587 45.577 45.55 45.57 45.562 45.51 45.502 45.485 45.437 45.47 45.4 45.367 45.342 45.305 45.222 45.145 45.057 45.057 45.055 45.112 45.125 44.982 44.947
45.642 45.687 45.72 45.737 45.762 45.795 45.841 45.85 45.853 45.865 45.85 45.848 45.846 45.836 45.858 45.859 45.838 45.85 45.819 45.829 45.796 45.757 45.765 45.736 45.751 45.756 45.764 45.754 45.765 45.739 45.704 45.704 45.69 45.677 45.707 45.732 45.712 45.705 45.655 45.635 45.622 45.65 45.592 45.6 45.587 45.547 45.545 45.545 45.585 45.59 45.56 45.575 45.56 45.55 45.527 45.502 45.447 45.425 45.407 45.36 45.327 45.31 45.295 45.24 45.185 45.107 45.107 45.165 45.43 45.255 45.02 44.95
