All_lidar/sz5594_DSM_2M.asc
ncols 500
nrows 500
xllcorner    455000
yllcorner    94000
cellsize     2
NODATA_value -9999
[rows 256 to 287 of 500, columns 148 to 221 of 500]
1.603 1.601 1.535 1.553 1.45 1.411 1.388 1.337 1.388 1.126 1.186 1.104 1.051 1.061 1.024 1.014 0.986 1.044 1.046 1.066 1.129 1.009 1.059 1.061 1.031 1.031 1.004 1.016 0.989 0.959 1.009 1.049 0.989 0.996 1.046 0.994 1.024 1.036 1.019 0.994 0.959 0.984 0.984 0.966 0.999 0.994 0.969 0.956 0.971 0.979 0.971 0.969 0.981 0.961 0.979 0.969 0.961 0.976 1.021 0.991 0.946 0.991 1.056 0.984 0.989 0.981 0.976 0.981 0.956 0.964 0.969 0.974 0.981 0.999
1.724 1.673 1.617 1.664 1.555 1.564 1.476 1.455 1.4 1.312 1.333 1.193 1.097 1.048 0.986 0.946 0.946 0.996 1.074 1.106 1.109 0.959 0.976 0.986 1.016 0.944 1.004 1.001 1.041 1.074 0.986 0.994 0.994 1.026 1.061 1.004 0.996 0.999 0.996 0.976 1.011 0.959 0.981 0.984 1.009 0.996 0.979 0.979 0.991 0.984 0.986 0.984 0.974 0.971 0.991 1.016 0.999 1.016 0.994 0.931 1.009 0.969 0.976 0.999 1.004 0.984 0.956 1.024 0.974 0.976 1.001 1.004 0.974 0.994
1.76 1.757 1.665 1.678 1.632 1.654 1.553 1.519 1.415 1.349 1.305 1.285 1.117 1.059 1.009 0.959 0.961 0.921 1.039 1.034 0.999 1.016 1.136 0.934 0.996 1.001 1.031 1.041 1.024 1.084 1.006 1.004 0.994 1.011 1.009 0.986 0.994 1.014 1.004 0.969 0.974 0.974 1.016 0.991 0.979 0.964 0.939 0.966 1.014 0.959 0.971 0.961 0.996 0.959 0.974 0.984 0.996 0.999 0.994 0.941 1.009 0.979 0.976 0.961 0.966 0.954 0.941 0.979 0.986 0.964 0.989 0.984 0.991 0.949
1.797 1.809 1.793 1.771 1.708 1.657 1.671 1.58 1.545 1.391 1.363 1.218 1.136 1.099 1.002 1.066 1.009 1.009 1.136 1.026 1.031 0.996 0.969 0.979 0.959 0.994 1.024 1.016 0.999 1.009 1.024 1.001 0.964 0.964 0.959 0.961 0.966 0.996 0.984 0.969 1.001 0.989 0.971 1.004 0.994 0.986 1.009 0.994 0.989 0.981 1.016 0.976 0.951 0.981 0.974 0.994 1.011 0.981 0.999 0.974 1.016 0.951 0.984 0.969 0.969 0.946 1.026 1.011 0.966 0.986 1.016 0.984 0.959 0.989
1.897 1.888 1.85 1.827 1.754 1.696 1.667 1.594 1.502 1.424 1.332 1.217 1.247 1.19 1.112 1.016 1.001 1.031 1.011 1.001 1.011 1.051 1.014 1.026 0.996 1.004 1.046 1.004 0.989 1.031 0.989 1.006 0.994 0.996 1.031 1.004 0.989 0.991 0.969 0.991 0.964 0.851 0.991 0.971 0.984 0.981 0.964 0.984 0.954 0.989 0.991 1.019 0.941 0.959 1.001 0.984 1.004 0.989 0.984 0.959 0.996 0.981 1.034 0.976 0.981 0.939 0.976 0.971 0.996 0.999 0.984 1.049 0.951 0.971
1.964 1.989 1.993 1.913 1.824 1.775 1.704 1.616 1.516 1.434 1.399 1.295 1.241 1.19 1.086 0.976 0.941 1.006 0.994 1.014 0.954 1.024 1.076 1.006 0.961 1.009 1.041 0.949 0.961 1.116 1.036 0.961 1.029 1.014 1.026 0.931 0.981 1.006 1.009 0.981 0.991 0.961 0.981 0.979 0.991 0.981 0.984 0.994 1.001 0.979 0.994 0.991 0.981 1.011 0.971 0.966 1.006 0.984 0.999 0.991 0.974 0.964 0.971 0.971 0.984 0.951 0.966 0.971 0.999 0.976 0.981 0.989 0.996 0.949
2.072 2.102 1.989 1.955 1.879 1.845 1.718 1.609 1.571 1.46 1.413 1.37 1.301 1.276 1.141 0.984 0.966 0.994 1.001 0.994 0.984 0.946 0.984 0.984 1.006 1.009 1.044 0.979 0.999 0.981 1.024 0.956 0.989 0.961 0.971 0.984 0.981 1.029 1.011 0.951 1.011 0.964 0.964 1.006 1.001 0.964 0.989 1.006 0.981 0.946 0.994 0.959 1.006 0.966 0.966 0.976 0.986 0.961 0.984 1.004 1.001 0.954 0.971 0.971 0.966 0.959 0.946 0.996 1.034 0.971 0.991 1.036 1.019 0.999
2.133 2.154 2.068 2.016 1.891 1.823 1.721 1.64 1.591 1.486 1.418 1.343 1.275 1.176 1.084 1.084 0.966 0.954 1.019 1.006 1.009 0.969 0.986 1.016 0.989 1.064 1.019 1.049 0.959 0.989 0.989 0.991 0.999 0.986 0.949 0.979 1.026 1.011 0.986 1.006 0.981 0.964 1.031 0.984 1.006 0.996 0.974 1.001 0.969 1.016 1.009 0.976 0.981 0.986 0.999 0.971 1.009 0.994 0.959 0.969 0.956 1.006 0.951 0.966 0.951 0.929 1.034 0.969 1.029 0.971 1.026 0.991 0.951 0.969
2.244 2.187 2.105 2.006 1.908 1.808 1.725 1.696 1.587 1.479 1.369 1.328 1.261 1.204 1.172 0.984 0.999 0.976 1.026 1.074 0.991 1.039 1.011 0.986 1.034 1.049 0.999 1.009 0.961 1.059 0.994 0.984 1.044 0.971 0.981 1.001 0.994 1.011 0.964 0.969 0.964 0.986 0.981 1.004 1.019 1.009 0.981 0.999 0.971 0.991 0.974 0.979 1.014 0.971 0.964 0.984 0.981 0.966 0.949 0.961 0.946 0.951 0.981 0.966 0.959 0.951 0.961 0.989 0.971 0.964 0.994 0.959 0.986 0.979
2.259 2.163 2.114 2.057 1.926 1.859 1.749 1.705 1.577 1.508 1.404 1.353 1.313 1.149 1.178 1 0.966 0.944 1.006 1.036 0.946 0.956 0.994 0.981 0.951 0.999 0.986 0.974 0.981 1.051 0.984 0.991 0.969 0.981 0.971 1.001 0.951 1.001 1.024 1.026 0.959 0.976 0.976 0.991 1.021 0.969 0.996 0.989 1.024 0.984 0.996 0.961 0.954 0.969 0.954 0.986 0.964 1.014 0.966 0.971 0.976 0.981 0.959 0.999 0.974 0.964 0.966 0.989 0.996 1.019 0.991 0.981 0.974 0.996
2.161 2.146 2.093 2.028 1.935 1.825 1.744 1.657 1.623 1.489 1.441 1.349 1.227 1.188 1.117 1.042 1.054 1.008 1.034 1.159 1.161 1.006 1.021 1.014 0.984 0.969 1.006 1.004 1.014 1.066 1.044 0.974 0.994 1.031 0.954 1.049 1.009 1.084 1.001 0.979 0.964 0.974 1.006 1.014 1.011 1.001 0.979 0.994 0.966 0.961 0.981 0.959 0.926 0.944 1.001 0.989 0.994 1.001 0.991 0.959 0.956 0.954 0.939 0.996 0.944 0.969 0.961 0.976 0.999 1.014 0.991 1.009 0.961 0.961
2.097 2.056 2.031 1.95 1.886 1.802 1.694 1.652 1.566 1.493 1.469 1.4 1.277 1.231 1.164 1.171 1.111 1.066 1.092 1.036 1.006 0.961 0.946 0.999 0.986 1.111 1.011 1.006 1.069 0.991 1.009 0.969 0.956 0.964 0.976 1.059 1.031 0.994 1.011 0.964 0.976 0.989 0.964 0.981 1.006 1.006 0.996 0.989 0.994 0.959 0.981 0.976 0.966 0.996 0.964 0.979 0.971 0.996 0.949 0.959 0.979 0.956 0.991 0.991 0.984 0.999 0.966 0.974 0.979 0.999 1.001 0.981 0.969 0.971
1.997 1.957 1.925 1.87 1.836 1.761 1.741 1.663 1.531 1.441 1.394 1.316 1.344 1.35 1.265 1.224 1.234 1.152 1.18 1.16 0.998 0.876 1.019 1.004 1.041 1.004 0.996 1.021 1.011 0.984 0.939 0.989 0.989 0.981 0.999 1.061 1.019 1.011 0.994 0.994 0.976 0.986 0.999 0.979 0.981 0.974 0.959 0.996 0.966 0.979 0.984 0.974 0.991 0.946 0.979 0.996 1.011 0.979 0.996 0.956 0.966 0.939 0.984 0.969 0.981 0.976 0.964 0.974 0.951 0.999 1.009 0.984 0.991 1.019
1.926 1.93 1.885 1.846 1.784 1.733 1.68 1.625 1.512 1.402 1.385 1.395 1.406 1.429 1.348 1.347 1.279 1.2 1.207 1.089 1.006 0.948 0.969 0.911 0.981 1.016 1.024 1.004 1.044 1.016 0.954 0.984 1.014 0.996 0.979 1.024 1.029 1.016 1.054 0.989 0.994 1.014 0.974 0.981 1.011 0.991 0.976 0.981 0.969 0.969 0.961 0.976 1.004 0.979 0.981 1.004 0.981 1.016 0.964 0.966 0.966 0.986 0.949 0.979 0.984 0.974 0.996 0.959 1.001 0.986 0.994 1.011 0.956 0.986
1.854 1.875 1.815 1.789 1.693 1.626 1.567 1.503 1.52 1.525 1.538 1.507 1.514 1.472 1.438 1.428 1.321 1.35 1.224 1.133 1.072 1.151 1.071 0.934 1.026 1.009 0.974 0.976 0.961 0.974 0.926 0.924 0.974 1.016 1.036 1.039 0.991 0.996 1.069 0.999 0.976 0.971 1.019 1.021 0.976 0.969 1.014 1.014 0.994 0.994 1.006 0.961 0.944 0.971 0.964 0.989 0.979 0.969 0.964 0.976 0.956 0.971 0.981 0.999 0.959 0.971 0.949 0.969 0.991 1.006 0.999 1.016 0.976 1.006
1.857 1.812 1.775 1.711 1.678 1.581 1.536 1.53 1.565 1.59 1.604 1.597 1.577 1.566 1.541 1.501 1.391 1.412 1.319 1.19 1.124 1.098 1.055 1.001 1.056 1.021 1.011 0.989 0.996 1.009 0.941 0.954 0.999 1.009 1.016 1.011 0.989 1.021 1.076 0.994 1.026 0.981 1.019 1.001 1.014 0.996 0.979 0.986 0.994 0.986 0.996 0.994 0.946 0.946 0.949 0.986 0.964 0.976 0.976 0.989 0.974 1.011 1.004 0.991 1.001 0.954 0.971 0.974 0.966 0.984 0.981 0.981 0.956 0.999
1.876 1.817 1.743 1.658 1.554 1.506 1.564 1.6 1.653 1.627 1.66 1.661 1.661 1.615 1.643 1.535 1.462 1.441 1.374 1.283 1.234 1.148 1.144 1.031 1.071 1.046 0.996 1.019 0.989 1.019 0.989 1.011 1.079 1.019 1.036 0.989 0.999 1.001 0.999 1.009 1.069 0.994 0.989 0.984 1.009 1.011 0.976 0.986 1.011 1.051 1.014 0.961 0.956 0.951 0.996 0.971 0.974 0.994 0.966 0.976 0.991 0.951 0.986 0.966 0.984 0.946 0.961 0.981 1.049 1.014 1.034 0.994 0.974 0.971
1.91 1.828 1.761 1.656 1.525 1.617 1.638 1.692 1.723 1.757 1.785 1.765 1.703 1.682 1.667 1.62 1.563 1.497 1.407 1.326 1.272 1.208 1.141 1.126 0.999 0.984 1.004 1.041 0.954 1.039 0.974 0.996 0.994 0.974 1.014 1.019 0.981 1.021 0.999 0.936 0.981 1.014 0.989 1.029 1.014 0.996 0.991 1.004 0.991 0.969 0.959 0.964 0.954 0.951 1.009 0.999 0.996 0.991 0.996 0.979 0.979 0.971 0.971 0.951 1.001 0.979 0.979 0.969 1.024 1.004 1.036 0.954 0.956 0.959
1.934 1.859 1.729 1.644 1.571 1.714 1.773 1.831 1.823 1.856 1.831 1.805 1.796 1.752 1.706 1.723 1.634 1.585 1.572 1.427 1.32 1.277 1.216 1.135 1.079 1.016 0.979 0.991 0.976 0.984 0.979 0.994 0.976 0.976 0.986 0.969 0.996 1.029 0.989 0.994 1.009 0.999 1.014 1.021 1.036 1.006 0.979 1.011 0.986 0.956 0.971 0.961 0.964 0.959 1.041 0.986 0.966 0.991 0.956 0.971 0.961 0.971 0.994 0.986 0.991 0.944 0.999 0.996 0.986 0.999 0.984 0.994 0.994 0.989
1.939 1.855 1.795 1.675 1.627 1.737 1.794 1.852 1.962 1.919 1.929 1.931 1.893 1.86 1.79 1.7 1.684 1.67 1.526 1.437 1.327 1.24 1.26 1.09 1.019 1.054 0.971 1.074 1.021 0.964 1.009 0.964 1.024 0.986 0.961 0.979 1.059 1.081 0.976 0.989 0.946 0.974 1.029 0.971 0.991 0.976 0.979 1.006 1.024 0.961 0.911 0.964 0.981 0.969 1.001 0.994 0.974 1.004 0.956 0.969 0.949 0.954 0.971 1.004 0.976 1.009 0.999 1.006 0.981 0.974 0.979 0.974 1.021 1.044
1.929 1.889 1.844 1.784 1.689 1.767 1.834 1.877 2.073 2.018 2.028 1.998 1.913 1.938 1.848 1.764 1.73 1.628 1.527 1.42 1.34 1.257 1.246 1.167 1.038 0.996 0.986 1.029 1.004 0.979 1.006 1.009 1.066 0.976 1.031 1.019 1.009 1.004 1.006 1.019 1.041 0.986 1.006 1.026 1.014 1.031 0.996 0.974 0.971 0.974 0.961 0.976 1.009 0.974 0.976 0.986 0.979 0.969 0.991 1.006 0.994 0.981 0.981 1.001 0.986 0.991 1.026 0.999 0.981 0.966 1.024 0.979 1.004 0.986
2.022 1.944 1.881 1.874 1.742 1.83 1.906 1.937 2.056 2.118 2.118 2.12 1.996 1.925 1.872 1.851 1.766 1.678 1.54 1.478 1.416 1.287 1.268 1.249 1.091 1.026 1.051 1.051 0.964 0.944 0.976 0.979 0.969 0.996 1.014 0.974 0.996 0.974 1.011 1.024 0.996 0.996 0.971 1.024 1.011 0.994 1.001 0.954 1.009 0.964 1.046 1.029 1.006 1.001 1.019 0.999 0.979 0.956 0.971 0.951 0.954 0.956 0.989 1.011 1.031 0.934 1.011 1.004 0.966 0.989 0.981 0.984 0.969 0.979
2.09 2.039 1.954 1.929 1.808 1.863 1.938 2.028 2.058 2.16 2.189 2.166 2.056 1.982 1.897 1.826 1.774 1.691 1.566 1.474 1.423 1.324 1.277 1.163 1.134 1.011 1.054 0.986 1.014 0.989 1.001 1.029 0.996 0.984 1.009 1.001 0.991 1.031 0.989 1.041 0.991 1.011 0.944 0.976 1.001 0.991 0.986 1.019 0.971 0.989 0.964 1.016 0.986 1.001 0.976 1.036 0.981 0.991 0.976 0.999 0.986 0.979 0.966 0.946 0.964 0.986 0.964 0.989 0.966 0.964 1.001 1.006 0.919 0.949
2.159 2.127 2.026 1.896 1.83 1.884 1.965 2.069 2.126 2.218 2.301 2.178 2.097 2.043 1.926 1.845 1.776 1.662 1.608 1.498 1.434 1.344 1.26 1.122 1.107 1.044 1.024 1.001 0.999 1.004 1.029 1.016 1.019 1.009 1.021 1.041 0.981 1.001 1.004 1.024 0.974 1.051 0.989 1.071 1.006 0.961 0.996 0.994 1.006 0.971 1.001 1.019 0.994 0.989 0.976 0.956 1.006 0.989 0.959 0.956 0.956 0.969 0.981 0.961 0.994 0.956 0.964 0.961 0.939 1.006 0.969 0.991 0.904 0.964
2.196 2.101 2.027 1.923 1.819 1.91 1.965 2.08 2.169 2.251 2.266 2.175 2.119 1.987 1.937 1.884 1.777 1.689 1.584 1.499 1.429 1.377 1.241 1.172 1.142 1.006 1.056 1.026 0.991 0.971 1.074 1.011 1.056 1.006 0.964 0.984 1.014 0.994 1.001 0.984 1.021 0.986 1.026 0.986 0.994 0.976 0.996 1.044 0.984 0.974 0.954 0.986 0.994 0.966 0.974 0.994 1.006 0.969 0.979 0.954 0.956 0.961 0.971 0.979 0.994 0.941 0.984 0.981 0.974 0.981 1.034 0.971 0.969 1.004
2.172 2.075 2.014 1.893 1.791 1.852 1.96 2.101 2.156 2.321 2.18 2.163 2.104 2.003 1.939 1.852 1.763 1.707 1.55 1.465 1.395 1.363 1.278 1.19 1.063 1.016 1.039 1.041 1.009 1.011 0.976 1.001 1.001 1.016 0.939 0.939 1.009 1.009 0.976 0.981 1.014 0.984 0.974 1.011 1.006 0.994 1.016 1.021 1.006 0.976 0.981 0.979 1.026 0.996 0.981 0.994 0.976 1.019 0.994 0.994 0.986 0.979 0.951 0.974 0.976 0.979 0.951 0.964 0.979 0.951 0.989 0.986 0.989 1.004
2.181 2.067 1.99 1.93 1.795 1.862 1.935 2.032 2.153 2.155 2.132 2.102 2.051 2.011 1.947 1.839 1.711 1.723 1.557 1.454 1.415 1.384 1.198 1.158 1.094 0.919 0.996 1.011 1.066 0.971 1.021 0.969 1.064 1.011 1.019 0.991 1.019 1.029 1.039 1.029 0.986 0.984 1.016 1.016 1.006 1.046 1.026 1.061 1.011 1.009 1.036 0.981 0.981 0.964 1.016 0.994 0.959 0.996 1.014 1.006 0.944 0.979 1.001 0.981 0.966 1.004 0.971 0.951 0.976 0.994 0.966 0.991 1.004 0.981
2.093 2.012 1.931 1.913 1.776 1.818 1.938 2.002 2.087 2.087 2.02 2.05 2.013 1.923 1.816 1.749 1.662 1.569 1.513 1.472 1.368 1.304 1.23 1.138 1.118 1.056 1.029 1.009 1.044 0.989 0.986 1.019 1.034 0.969 0.981 0.971 0.994 1.014 1.019 0.996 0.996 1.006 1.021 0.961 1.024 1.009 1.056 0.994 1.034 1.016 1.004 0.984 1.054 1.026 1.001 0.976 0.989 0.966 0.991 1.014 0.959 0.946 0.976 0.986 0.971 0.996 0.931 0.979 0.969 0.959 0.979 0.991 0.989 1.004
2.125 2.056 1.997 1.892 1.818 1.829 1.883 1.943 1.999 2.015 1.996 2.005 1.947 1.853 1.788 1.709 1.661 1.55 1.547 1.386 1.385 1.313 1.199 1.122 1.045 1.016 1.096 1.076 1.006 0.991 0.986 0.931 0.974 1.034 1.011 0.956 0.989 1.016 1.044 0.979 1.014 1.019 1.046 1.001 1.001 1.051 1.064 1.069 1.006 0.971 0.999 0.979 1.001 1.019 0.989 0.989 0.986 1.004 0.999 0.969 0.971 0.959 0.966 0.964 0.979 0.961 0.986 0.976 0.996 0.961 0.961 0.966 1.014 0.979
2.193 2.08 2.01 1.918 1.794 1.744 1.861 1.905 1.94 1.935 1.896 1.871 1.867 1.797 1.724 1.654 1.588 1.509 1.552 1.46 1.302 1.249 1.162 1.089 0.936 1.021 1.076 0.989 1.009 1.016 1.051 1.001 1.024 0.996 0.991 0.976 0.974 0.984 1.039 0.986 1.016 0.994 1.011 1.006 0.971 0.984 1.056 1.021 0.984 0.911 1.006 0.976 1.016 1.024 0.994 1.009 0.976 0.979 0.974 0.986 0.966 0.981 0.976 0.964 0.984 0.979 0.966 0.996 0.946 0.954 0.986 0.979 0.959 0.979
2.186 2.11 2.017 1.932 1.811 1.828 1.86 1.839 1.821 1.835 1.832 1.809 1.775 1.793 1.682 1.581 1.494 1.486 1.487 1.406 1.222 1.215 1.153 1.072 1.006 0.981 1.011 1.089 1.004 0.994 0.999 0.984 0.976 0.971 0.929 0.951 0.994 0.996 0.964 0.946 0.991 0.991 1.026 0.991 1.021 1.041 1.046 0.974 0.989 0.964 1.024 0.974 0.976 1.014 1.019 0.956 1.009 0.981 0.979 0.954 0.961 0.931 0.974 0.996 1.001 1.004 0.996 1.014 0.969 0.941 0.971 0.971 0.991 0.961
2.171 2.051 1.975 1.925 1.893 1.904 1.906 1.929 1.896 1.827 1.866 1.768 1.719 1.657 1.65 1.591 1.493 1.457 1.411 1.372 1.24 1.128 1.074 1.084 0.976 0.984 0.984 1.049 1.026 0.996 1.001 0.996 1.041 1.006 0.999 0.969 0.981 1.029 0.969 0.981 1.021 0.999 0.971 1.019 1.034 1.009 1.041 1.001 0.981 0.996 0.959 1.004 1.019 1.011 1.014 0.986 0.959 0.951 0.964 0.959 0.974 0.994 0.979 0.979 0.974 0.971 0.961 0.979 0.954 0.959 0.984 0.996 0.984 0.954
