All_lidar/sz5589_DSM_2M.asc
ncols 500
nrows 500
xllcorner    455000
yllcorner    89000
cellsize     2
NODATA_value -9999
[rows 448 to 479 of 500, columns 284 to 354 of 500]
26.251 33.974 28.691 25.961 27.229 28.134 26.029 25.676 25.591 25.614 25.441 25.489 25.251 25.264 28.986 26.886 24.959 24.954 25.019 24.971 24.644 25.806 24.546 24.411 24.311 24.181 24.286 24.121 23.871 24.174 23.961 23.629 23.899 24.134 23.319 23.401 27.406 23.121 23.236 23.581 22.791 22.864 24.996 23.769 22.246 22.101 22.051 21.914 21.739 21.659 21.539 21.476 21.389 21.299 21.161 21.081 20.914 20.804 20.739 20.646 20.531 20.406 20.321 20.231 20.134 20.044 19.989 19.944 19.849 19.746 19.671
26.226 29.014 26.156 26.004 26.796 27.571 26.274 27.556 25.759 25.696 28.159 25.374 25.344 25.254 25.251 25.091 25.434 24.881 24.939 24.866 27.316 36.276 28.071 24.371 24.534 24.539 24.109 24.146 23.906 23.814 27.776 24.959 31.006 27.444 23.269 23.349 24.999 24.001 29.559 25.036 22.934 22.984 22.831 22.439 22.989 22.054 21.999 21.959 21.789 21.629 21.521 21.471 21.389 21.274 21.141 21.006 20.899 20.824 20.739 20.594 20.514 20.416 20.319 20.219 20.159 20.064 19.994 19.949 19.854 19.741 19.664
26.341 26.511 26.399 27.164 26.714 26.221 26.126 25.756 25.671 25.636 29.881 25.444 25.329 25.699 25.559 25.011 24.996 25.061 24.906 24.691 28.836 38.134 31.764 24.306 24.269 24.254 24.134 24.704 23.861 23.814 23.776 25.351 28.556 28.271 23.874 29.716 33.569 33.474 32.271 22.726 23.446 24.751 23.099 22.709 22.369 22.566 21.941 21.941 21.821 21.651 21.551 21.474 21.354 21.264 21.081 21.014 20.891 20.816 20.709 20.614 20.471 20.404 20.331 20.209 20.149 20.049 19.991 19.914 19.821 19.716 19.626
26.289 26.206 26.294 29.396 27.184 25.964 25.894 25.814 25.689 25.574 25.489 25.449 25.904 29.231 25.501 25.034 24.991 25.021 25.691 28.219 29.794 31.704 26.561 24.351 24.489 24.484 24.161 24.046 23.921 23.836 23.719 23.696 23.564 24.849 23.446 36.064 34.779 25.144 26.809 23.421 27.991 34.971 26.804 25.254 22.701 23.441 22.074 21.861 21.821 21.706 21.541 21.409 21.266 21.189 21.076 20.986 20.884 20.769 20.679 20.574 20.476 20.374 20.319 20.216 20.129 20.054 19.979 19.896 19.814 19.691 19.571
26.424 27.171 26.474 26.269 27.124 26.981 25.944 25.799 25.706 25.606 25.481 25.424 27.449 31.504 37.391 25.084 24.914 24.834 29.934 39.289 29.869 25.496 24.506 24.531 24.351 24.201 24.106 23.976 23.919 23.849 23.774 23.886 24.186 26.089 29.366 31.284 26.781 23.326 24.316 24.954 29.874 36.471 33.074 24.731 22.799 22.844 23.124 21.849 21.779 21.724 21.536 21.371 21.231 21.179 21.081 20.989 20.871 20.749 20.636 20.566 20.459 20.386 20.296 20.204 20.134 20.004 19.954 19.861 19.749 19.664 19.526
26.514 35.794 26.281 26.224 28.039 28.876 26.004 25.861 25.716 25.596 25.509 25.481 25.359 28.889 31.491 25.149 25.274 25.199 28.704 28.829 24.749 24.604 24.464 24.429 24.641 24.224 24.061 24.026 23.916 23.946 23.741 23.621 25.291 26.624 30.909 25.201 23.474 23.499 23.284 24.256 31.321 32.934 29.821 24.219 23.431 24.004 22.279 23.049 21.741 21.719 21.514 21.334 21.249 21.169 21.029 20.954 20.834 20.706 20.641 20.554 20.471 20.401 20.264 20.169 20.104 20.009 19.914 19.834 19.719 19.591 19.501
28.674 30.364 26.276 26.166 26.059 26.361 25.944 25.819 25.721 25.624 25.549 25.781 25.469 32.934 28.756 25.129 24.964 24.956 24.844 24.789 25.014 24.989 24.421 24.329 24.351 24.161 24.084 24.039 23.954 24.011 23.841 24.031 26.984 23.741 26.749 23.314 27.521 23.704 24.079 23.374 28.086 25.506 24.809 23.901 25.376 25.599 22.431 22.771 22.889 22.211 21.479 21.361 21.211 21.111 21.014 20.896 20.801 20.699 20.629 20.556 20.454 20.356 20.269 20.164 20.076 19.979 19.866 19.769 19.689 19.604 19.504
26.484 26.389 26.326 26.184 26.121 26.029 25.969 25.851 25.751 25.666 25.589 25.479 25.879 32.489 26.321 26.429 25.069 25.889 24.876 25.321 24.671 24.516 24.461 24.354 24.256 24.191 24.276 24.046 24.204 24.869 24.029 23.876 23.719 23.859 23.564 29.124 29.601 22.961 29.809 28.254 30.149 24.401 22.334 24.331 29.144 32.789 24.516 21.869 23.216 22.486 21.424 21.329 21.176 21.044 20.971 20.844 20.794 20.711 20.609 20.536 20.436 20.356 20.259 20.141 20.044 19.909 19.816 19.719 19.674 19.576 19.471
26.516 26.339 26.226 26.204 26.169 26.076 26.014 25.851 25.781 25.656 25.584 26.819 25.424 25.376 25.304 25.304 25.034 24.959 24.996 24.721 25.491 24.894 24.546 24.371 24.241 24.379 24.246 23.976 23.879 23.776 24.021 24.124 23.499 23.621 23.484 26.789 33.259 23.666 26.104 23.159 22.616 22.464 22.634 22.436 37.576 35.889 25.981 21.976 22.204 22.956 21.406 21.321 21.186 21.031 20.916 20.834 20.784 20.681 20.626 20.519 20.429 20.339 20.216 20.084 19.999 19.866 19.806 19.716 19.669 19.549 19.414
26.409 26.296 26.251 26.269 26.236 26.044 25.989 25.871 27.201 25.669 25.581 25.564 25.736 25.401 25.246 25.156 25.331 25.149 24.809 24.734 24.774 24.984 24.481 24.436 24.784 24.371 24.036 23.921 24.054 23.904 24.331 23.746 23.549 23.394 23.371 23.821 23.501 23.659 23.009 22.674 22.681 22.451 22.309 22.764 26.541 30.111 32.204 22.589 21.749 23.099 23.059 21.301 21.179 21.014 20.939 20.814 20.761 20.696 20.579 20.476 20.374 20.284 20.121 20.039 19.931 19.894 19.811 19.709 19.639 19.526 19.426
26.444 26.376 26.269 26.246 26.156 26.379 26.114 25.936 25.779 25.709 25.999 25.629 25.471 25.316 25.236 25.149 25.129 24.874 24.789 25.566 26.206 29.814 24.586 24.429 24.374 24.626 24.129 23.939 24.426 23.814 23.656 23.609 24.024 23.451 23.271 23.276 23.061 23.111 23.149 22.739 22.694 22.459 22.259 23.071 27.676 39.131 35.839 24.744 22.799 23.389 26.449 21.236 21.129 21.049 20.936 20.781 20.734 20.654 20.546 20.464 20.359 20.224 20.101 20.021 19.954 19.901 19.816 19.699 19.576 19.641 20.031
26.499 26.411 26.346 26.244 26.159 27.204 26.034 25.976 25.826 25.854 25.776 27.371 25.466 25.336 25.296 25.126 25.129 25.014 24.829 33.504 30.781 32.616 30.841 24.644 24.626 25.894 33.906 28.851 25.361 25.006 23.804 23.576 23.644 23.404 23.276 23.401 22.979 23.871 23.126 22.889 22.469 23.601 30.221 22.284 25.531 30.854 29.981 26.786 22.031 21.621 23.911 21.666 21.061 21.011 20.901 20.774 20.661 20.566 20.486 20.399 20.291 20.189 20.089 20.044 19.951 19.861 19.744 19.679 19.919 20.091 20.751
26.681 26.384 26.389 26.296 26.181 26.136 26.046 25.964 25.866 25.851 26.216 25.594 25.474 25.314 25.259 25.146 25.101 24.984 27.861 36.276 30.219 24.524 25.306 24.344 24.579 24.359 28.879 30.466 33.526 28.584 23.641 23.556 23.521 23.439 23.344 23.119 24.046 25.984 22.806 23.739 23.481 24.739 25.239 22.286 22.246 24.749 24.321 26.234 21.846 21.964 21.461 22.476 21.051 20.969 20.911 20.821 20.681 20.556 20.454 20.339 20.276 20.199 20.116 20.034 19.974 19.859 19.754 19.906 19.726 19.561 23.336
28.496 26.516 26.424 26.339 26.204 26.156 26.016 25.976 25.894 25.729 25.694 25.629 25.454 27.079 25.244 25.161 25.071 24.946 24.934 26.929 24.589 24.449 24.579 24.414 25.169 25.161 28.176 37.419 41.014 25.584 23.766 23.506 28.229 25.514 23.144 23.121 22.946 23.059 23.194 25.326 25.754 22.326 22.231 22.436 22.504 22.594 21.991 24.486 21.696 22.566 21.596 21.721 21.529 20.896 20.849 20.786 20.681 20.549 20.459 20.361 20.254 20.179 20.069 19.989 19.921 20.476 20.936 19.884 20.146 19.344 19.011
30.674 26.599 26.359 26.264 26.226 26.144 26.051 26.029 25.849 25.764 25.666 25.669 25.506 25.404 25.299 25.194 25.069 24.969 24.924 24.946 25.346 24.976 25.009 24.281 24.214 25.041 26.951 32.351 35.789 24.664 23.619 23.686 31.846 23.571 23.929 23.034 22.979 23.064 23.506 23.194 22.579 22.339 22.186 22.169 22.974 22.621 21.779 22.436 21.621 21.606 21.516 21.064 21.266 20.894 20.776 20.726 20.661 20.516 20.444 20.339 20.224 20.134 20.074 19.991 20.654 21.504 19.504 19.676 19.446 19.151 18.966
28.989 26.666 27.289 26.241 26.149 26.121 26.006 25.899 25.894 25.714 25.626 25.581 25.739 26.034 25.329 25.246 25.121 24.986 24.951 24.879 24.729 24.651 24.451 24.266 24.081 24.351 23.951 25.061 27.321 23.734 23.566 23.501 24.224 24.196 23.086 22.986 22.954 22.879 22.669 22.651 22.454 22.289 22.391 22.134 22.036 21.929 21.766 21.666 21.461 21.374 21.996 21.306 22.239 21.246 20.939 20.669 20.614 20.506 20.429 20.291 20.206 20.116 20.234 20.641 20.206 19.699 19.681 19.481 19.256 18.964 18.856
26.501 26.731 31.606 27.264 26.116 26.124 26.039 25.929 25.891 25.684 25.546 25.499 25.441 25.479 25.281 25.126 25.051 25.129 25.016 24.726 24.669 24.621 24.526 24.349 24.131 24.031 24.009 23.809 23.699 23.596 23.519 23.476 23.306 23.191 23.056 22.946 23.654 22.781 22.654 22.931 22.444 22.379 26.739 22.706 22.069 23.496 22.061 21.601 24.099 21.251 21.234 21.306 22.486 21.046 21.141 20.649 20.561 20.499 20.364 20.271 20.211 21.079 20.756 20.176 20.711 19.859 19.501 19.279 19.064 18.786 18.591
26.416 26.414 33.959 28.116 26.136 26.014 26.029 25.899 25.789 25.679 25.614 25.514 25.466 25.424 25.296 25.151 25.029 25.021 24.911 24.686 24.619 24.514 24.471 24.379 24.164 24.011 23.886 23.759 23.641 23.684 23.631 23.424 23.229 23.121 23.034 23.009 23.476 22.766 22.624 22.524 22.504 22.379 24.811 24.769 22.161 29.489 27.256 27.029 27.729 22.696 21.164 21.696 21.179 23.126 21.179 20.599 20.529 20.459 20.364 20.251 21.174 22.491 19.966 20.064 19.749 19.644 24.211 23.311 21.379 18.814 18.734
27.399 26.361 26.644 26.206 26.141 26.026 25.951 25.869 25.751 25.709 25.636 25.506 25.459 25.389 25.331 25.176 25.179 25.761 24.814 24.736 24.601 24.494 24.374 24.266 24.189 24.024 23.809 23.904 23.821 23.646 23.566 23.379 23.491 23.179 23.066 23.046 23.009 29.116 24.556 22.504 22.486 22.399 22.194 22.114 22.126 23.984 21.651 22.939 23.331 21.944 25.446 23.941 21.054 20.876 21.031 20.654 20.479 20.411 20.324 20.344 20.979 20.196 27.599 24.219 20.129 25.509 30.321 26.549 19.871 18.784 18.471
26.406 26.444 26.306 26.221 26.201 26.079 25.936 25.891 25.796 25.666 25.594 25.551 25.451 25.419 25.301 25.124 25.046 24.916 24.834 24.749 24.574 24.496 24.379 24.246 24.856 24.066 23.916 23.716 23.639 23.484 23.411 24.389 24.116 23.191 22.939 22.834 22.791 28.334 24.604 22.576 22.491 22.439 22.244 22.079 22.394 24.064 21.581 21.509 25.646 28.646 27.364 24.514 27.159 21.124 20.761 20.821 20.581 20.369 20.336 20.624 20.761 24.381 24.609 22.286 29.891 27.006 20.901 19.764 18.786 18.741 22.719
26.439 28.629 26.351 26.256 26.151 26.009 25.961 25.916 25.751 25.606 25.594 25.579 25.416 25.369 25.349 25.074 25.031 24.916 24.776 24.689 24.549 24.404 24.329 24.186 24.151 24.221 24.191 23.669 23.616 23.479 23.486 29.271 24.391 23.796 22.984 22.891 22.784 22.711 22.536 22.424 22.896 22.306 22.216 22.069 21.876 27.081 21.571 21.409 24.511 27.676 27.746 27.724 30.701 20.936 20.836 20.504 21.914 20.779 20.316 20.876 24.674 32.266 26.749 27.776 30.941 25.076 19.161 19.069 19.009 18.554 18.259
26.436 26.369 26.296 26.209 26.124 26.059 25.954 26.229 25.776 25.689 25.626 25.559 25.406 25.341 25.214 25.114 24.996 24.884 24.754 24.659 24.556 24.456 24.334 24.251 24.011 23.954 23.949 23.701 23.551 23.519 24.396 25.709 24.084 24.029 23.251 22.866 22.609 22.676 23.384 22.991 23.086 22.719 22.364 22.099 21.839 21.684 25.559 21.294 22.386 28.204 28.474 30.266 23.181 21.164 22.049 20.719 20.279 21.221 20.506 20.286 25.754 33.394 28.441 23.991 23.811 25.881 19.184 18.751 18.804 19.876 18.131
26.501 26.439 26.364 26.221 26.124 26.006 26.014 25.949 25.721 25.709 25.676 25.566 25.461 25.316 25.221 25.129 24.946 24.849 24.786 24.644 24.519 24.399 24.246 24.124 23.984 24.076 23.819 23.806 23.659 23.556 24.531 23.731 23.871 23.679 22.911 22.761 22.596 22.614 22.581 22.426 22.384 22.299 22.024 22.059 21.814 21.569 21.416 21.201 21.186 24.659 25.069 23.629 20.996 20.999 21.896 20.816 20.459 20.374 21.516 22.934 22.569 20.849 26.636 20.326 20.139 24.236 19.954 18.594 18.481 19.119 18.084
26.484 26.416 26.236 26.339 26.029 25.961 25.889 25.809 25.711 25.651 25.636 25.571 25.446 25.294 25.241 25.119 24.981 24.851 24.734 24.601 24.461 24.394 24.221 24.076 24.769 26.049 23.859 23.806 23.749 23.731 23.676 23.491 23.041 22.961 22.971 22.709 22.554 22.516 22.451 22.329 22.244 22.096 21.959 21.849 21.651 21.601 21.456 21.154 21.101 20.971 24.374 23.674 20.684 21.009 20.626 20.349 20.266 23.029 26.306 29.889 29.279 27.274 21.206 19.471 19.494 19.414 18.794 18.534 20.506 18.159 17.929
26.461 26.401 26.291 26.126 26.196 26.096 25.894 25.841 25.744 25.639 25.601 25.486 25.404 25.336 25.196 25.046 25.044 24.819 24.696 24.546 24.454 24.361 24.204 24.101 24.531 25.811 25.114 24.034 23.646 23.466 23.384 23.296 23.056 23.039 22.829 23.384 22.604 22.454 22.339 22.204 22.096 22.486 22.009 21.746 21.599 21.599 21.359 21.099 22.574 21.434 27.636 22.241 30.024 31.346 20.626 20.486 20.261 21.299 23.406 30.066 26.809 20.896 19.394 19.261 20.354 18.811 18.674 19.184 21.341 18.321 17.839
26.451 26.329 26.231 26.169 26.274 27.279 25.944 25.839 25.756 25.679 25.551 25.444 25.351 25.261 25.141 25.021 24.976 24.806 24.641 24.611 24.646 26.251 26.356 24.054 24.056 27.601 29.759 28.411 23.784 23.614 23.459 24.051 23.094 22.956 22.811 22.614 22.536 22.419 22.329 22.214 22.059 21.981 21.851 21.661 21.584 21.484 21.286 21.016 23.094 24.871 27.926 25.246 31.776 33.046 23.234 20.431 20.281 20.044 21.851 23.216 22.414 20.834 19.274 21.441 21.506 19.099 18.556 21.021 23.784 17.934 18.346
26.769 26.326 26.289 26.189 26.069 26.021 25.896 25.809 25.746 25.654 25.569 25.681 27.809 25.241 25.114 25.014 24.891 24.789 24.614 24.779 25.489 25.771 24.141 24.049 24.024 29.606 32.671 26.799 23.614 23.536 23.406 23.746 23.299 22.876 22.699 22.554 24.166 23.581 22.191 22.079 22.046 21.894 21.869 22.214 21.689 21.341 21.184 20.966 20.941 25.716 28.686 28.691 21.359 22.491 26.419 22.754 20.039 19.971 23.726 34.164 31.504 26.169 20.821 20.276 20.406 21.911 18.479 18.386 18.006 19.059 19.274
28.671 26.366 26.329 26.156 26.074 26.011 25.914 25.799 25.884 25.646 25.621 25.414 25.331 25.229 25.144 25.066 24.899 24.781 24.581 24.576 24.744 24.401 24.136 24.066 24.026 23.846 27.484 28.109 23.559 23.596 23.451 23.139 22.984 22.809 22.729 22.606 24.801 22.304 22.144 22.016 22.004 21.856 21.804 21.746 21.859 21.326 21.149 21.006 20.896 21.774 23.054 26.056 22.336 23.899 27.329 28.491 22.671 19.904 21.114 32.991 28.739 21.601 19.201 25.049 19.466 24.301 27.474 18.121 18.359 25.374 20.554
29.176 26.324 26.354 26.136 26.054 25.964 25.886 25.929 25.771 25.611 25.474 25.344 25.271 25.176 25.094 24.974 24.921 24.719 24.599 24.541 24.429 24.224 24.216 24.124 23.931 23.844 23.966 24.019 23.554 24.031 23.546 23.024 22.949 22.919 22.711 22.534 22.866 22.259 22.074 22.009 21.896 21.779 21.726 21.616 21.626 21.154 21.091 21.049 23.904 20.701 21.734 20.461 20.391 36.066 27.729 26.681 20.931 19.811 20.619 26.769 26.644 22.256 19.766 24.246 21.844 20.729 30.579 17.929 18.421 20.291 17.939
27.731 26.391 26.319 26.079 26.019 25.924 25.911 25.754 25.796 25.604 25.481 25.336 25.224 25.209 25.084 24.951 24.821 24.686 24.581 24.494 24.361 24.221 24.156 24.109 23.931 23.869 24.781 23.644 23.524 24.651 23.299 23.776 22.904 22.834 22.659 22.499 22.349 22.401 22.069 21.956 21.886 22.784 26.456 21.426 21.354 21.276 21.924 25.721 20.714 20.669 20.509 20.424 20.304 21.719 27.279 23.599 30.376 27.881 27.036 28.494 22.709 27.611 25.021 25.059 23.864 18.266 22.594 22.549 22.514 22.861 17.474
29.721 26.794 27.121 26.054 26.001 25.896 25.781 25.774 25.719 25.609 25.564 25.394 25.211 25.096 25.086 24.949 24.801 24.684 24.584 24.424 24.499 24.244 24.119 24.039 23.936 23.786 23.706 23.639 23.474 23.426 23.331 23.554 22.861 22.734 22.574 22.461 22.341 22.196 22.071 21.884 24.681 22.211 29.294 22.599 22.206 21.729 24.181 29.476 23.129 24.141 20.499 20.464 20.294 20.674 24.926 26.604 31.191 25.551 30.611 33.091 31.119 21.724 22.591 27.071 21.131 18.401 20.024 19.106 21.321 25.406 17.156
29.819 29.244 27.189 26.081 25.984 25.834 25.764 25.854 25.649 25.561 25.481 27.459 25.221 25.064 25.026 25.024 24.839 24.726 24.649 24.486 24.389 24.194 24.196 24.206 23.951 23.881 23.684 24.674 23.459 23.389 23.219 23.081 22.944 22.656 22.551 22.384 22.251 22.114 21.996 22.049 21.691 26.169 29.009 29.221 29.154 24.444 20.919 20.789 21.024 20.479 20.441 20.371 20.774 20.714 20.484 25.679 23.506 23.056 22.586 29.861 28.151 22.171 23.114 23.566 18.299 17.964 20.469 18.709 19.304 17.304 19.254
