All_lidar/sz5591_DSM_2M.asc
ncols 500
nrows 500
xllcorner    455000
yllcorner    91000
cellsize     2
NODATA_value -9999
[rows 224 to 255 of 500, columns 146 to 218 of 500]
25.29 25.695 27.983 29.558 26.78 24.173 25.623 25.245 21.53 21.895 21.33 21.168 21.043 23.81 24.178 20.888 20.545 20.303 20.573 20.978 19.635 23.285 26.24 23.103 25.688 25.963 21.595 21.893 22.108 24.038 35.658 31.385 23.148 23.373 24.01 24.543 24.318 24.335 25.745 26.035 26.7 24.495 24.845 25.19 25.168 25.283 25.42 25.683 25.688 25.703 25.918 25.9 26.04 26.115 26.053 26.025 26.108 26.235 26.455 26.615 26.773 26.89 28.098 33.805 31.588 29.923 27.505 27.598 27.643 27.725 27.778 27.94 28.108
29.255 25.925 24.515 29.033 27.513 22.278 25.885 27.473 21.895 22.655 21.3 20.983 20.8 20.825 20.483 20.563 20.15 19.945 21.38 19.085 20.258 24.865 31.603 21.063 26.243 23.213 30.45 31.555 23.243 22.263 31.015 28.653 23.168 24.138 29.89 26.335 26.305 28.478 24.973 25.658 26.103 24.483 24.443 24.75 25.205 25.253 25.23 25.353 25.553 25.68 25.673 25.7 25.868 25.973 26.048 26.078 25.96 26.02 26.203 26.423 26.51 26.533 26.635 28.113 29.12 27.06 27.195 27.303 30.533 27.908 29.73 28.175 28.018
27.545 28.69 33.698 34.48 29.03 23.968 29.403 30.49 25.415 22.46 24.023 24.058 21.245 25.553 20.978 20.048 19.823 19.56 19.35 19.91 23.495 27.42 25.753 24.798 27.03 25.538 24.493 30.733 22.808 22.32 22.513 24.703 22.565 22.828 23.458 26.913 26.683 31.42 25.4 24.288 24.41 24.93 24.858 24.485 24.738 26.873 25.285 25.213 25.363 25.728 26.48 25.705 25.795 25.91 25.923 25.99 25.905 25.908 26.055 26.343 26.343 26.365 26.51 26.673 26.835 26.918 27.078 31.125 33.28 30.943 32.513 27.543 27.693
23.323 23.673 30.495 33.123 37.35 29.728 23.21 20.923 23.065 20.648 27.095 25.15 20.315 20.493 19.888 19.713 19.923 23.42 27.003 24.79 27.81 31.58 29.115 34.385 26.56 23.33 23.33 24.638 25.87 22.218 22.153 26.388 25.62 22.82 26.413 23.593 23.243 23.865 23.675 24.078 24.353 28.1 25.568 24.48 24.475 24.66 25.078 25.138 25.313 25.953 26.258 25.66 25.785 25.74 25.823 25.818 25.818 25.94 26.005 26.103 26.123 26.153 26.323 26.473 26.633 26.808 26.888 27.853 32.763 33.145 30.503 27.523 27.603
21.325 20.99 27.775 31.943 33.885 24.273 21 24.53 27.978 20.358 29.49 28.423 21.705 19.755 19.603 20.058 22.383 22.438 22.545 19.848 27.083 30.01 27.11 29.688 21.338 24.21 28.823 30.638 30.72 24.638 22.225 23.09 22.27 22.745 23.658 22.86 22.91 23.123 23.36 23.758 25.6 30.263 25.528 24.4 24.488 24.523 24.595 24.948 25.135 25.205 25.508 25.313 25.915 25.708 25.665 25.6 25.823 25.978 25.945 25.868 25.86 25.88 26.133 26.328 26.435 26.878 26.765 26.978 30.74 29.68 27.26 27.353 27.478
20.983 20.773 20.695 26.408 30.093 24.425 20.515 28.43 26.778 20.215 27.425 29.683 20.858 19.43 22.905 36.133 35.653 18.85 18.415 28.02 22.363 25.305 31.25 22.248 20.348 21.51 23.593 27.013 22.518 30.713 27.705 21.825 22.048 22.255 22.46 22.78 22.943 22.963 23.115 23.285 23.725 27.445 25.025 24.303 24.388 24.42 24.455 24.513 24.725 25.11 27.445 28.833 26.278 29.993 26.553 25.508 25.655 25.715 25.743 25.735 25.898 25.905 25.978 26.208 28.77 28.825 27.973 26.79 26.923 26.993 27.11 27.258 27.385
20.68 20.598 20.468 20.93 23.253 22.415 20.2 23.193 29.143 24.973 19.703 19.523 19.343 19.158 19.748 28.07 25.138 24.895 25.02 34.233 22.533 21.978 30.47 24.16 20.193 20.523 20.99 20.948 21.163 26.228 25.718 23.428 22.78 22.043 22.205 22.385 22.545 22.775 22.938 23.063 23.293 25.803 25.335 24.018 24.323 24.343 24.41 24.41 24.445 24.648 24.943 25.135 28.085 30.33 26.105 26.243 25.643 25.608 25.503 25.668 25.835 25.915 25.978 26.06 27.795 29.925 29.005 26.718 26.81 26.98 27.01 27.138 27.325
21.513 25.385 22.83 20.185 20.66 20.01 19.995 28.195 39.285 23.125 20.968 28.518 24.483 18.933 21.963 30.033 26.958 20.493 18.133 19.298 23.53 27.29 28.58 22.26 20.028 20.395 20.62 20.768 20.958 28.32 32.043 33.038 32.23 26.403 22.025 22.15 22.323 22.498 22.73 22.93 23.073 23.67 25.805 24.05 24.078 24.22 24.318 24.353 24.383 24.418 25.708 24.76 24.995 25.03 26.098 29.763 25.545 26.145 25.41 25.548 25.645 25.718 25.858 26.033 26.455 29.198 27.898 26.748 27.055 27.788 26.988 27.093 27.115
28.12 27.53 25.345 19.908 19.953 19.858 19.68 19.545 21.853 21.435 27.14 29.763 34.703 22.38 21.03 23.34 22.03 19.67 18.148 21.638 18.99 22.73 24.745 20.173 19.925 20.203 20.488 23.958 26.415 34.298 33.413 31.885 28.483 23.38 21.84 21.983 22.083 22.188 27.105 22.725 22.993 22.798 23 23.37 23.59 23.855 24.768 24.295 25.945 24.408 25.388 25.53 25.395 26.295 24.893 27.71 26.475 30.305 26.063 25.475 26.068 26.1 25.878 25.943 26.01 31.818 30.915 28.76 28.798 26.853 26.798 26.858 27.073
31.748 21.985 19.748 19.733 20.595 20.05 19.425 21.563 20.355 21.453 29.168 24.37 27.48 30.59 20.378 18.253 18.08 17.873 18.045 18.56 18.863 19.09 19.838 19.573 19.818 20.003 20.308 22.353 25.998 30.508 29.048 23.35 29.403 28.533 22.375 21.763 22.368 22.07 29.795 27.523 24.353 22.513 22.838 23.11 23.32 23.585 24.508 24.213 27.58 26.573 27.035 26.105 24.453 24.508 24.73 24.933 25.29 29.573 26.49 27.738 29.28 27.598 26.588 25.82 26.033 26.663 28.255 27.268 27.908 26.498 26.625 26.968 26.865
26.075 23.923 22.28 19.49 25.63 22.73 22.58 31.293 25.778 19.27 23.625 22.14 27.143 32.09 24.125 17.898 19.923 17.58 17.975 18.418 18.645 18.978 19.265 19.403 19.595 19.9 20.25 20.36 20.545 22.035 23.12 22.09 33.43 31.9 22.2 21.533 24.718 26.163 24.793 31.105 29.568 22.363 22.708 22.95 23.11 23.315 23.443 27.6 33.835 32.708 24.645 24.45 24.388 24.45 25.42 24.628 25.653 26.92 31.943 30.873 31.135 30.633 29.565 26.29 25.875 25.905 25.983 27.085 26.52 26.533 27.883 26.605 28.64
30.623 29.498 29.928 20.598 27.198 25.738 20.903 28.903 22.235 18.533 19.195 18.11 22.203 24.11 17.908 17.615 17.768 17.25 17.785 18.135 18.455 18.723 18.955 19.258 19.43 20.13 20.363 20.178 20.183 20.393 20.675 20.773 24.078 21.45 21.29 21.505 21.47 26.625 31.625 25.285 21.998 22.17 22.48 22.948 22.938 23.143 23.313 27.685 25.93 24.278 23.883 24.918 27.753 29.213 26.02 24.503 24.525 26.043 29.22 29.878 27.225 28.948 28.793 27.648 28.398 25.84 25.935 26.02 27.23 26.903 29.355 28.573 29.618
26.288 26.505 28.788 21.973 28.678 28.615 20.295 22.958 21.828 19.205 18.1 19.04 19.333 17.755 19.158 17.418 17.005 17.238 17.675 18.03 18.398 20.168 20.528 19.11 19.243 19.448 23.5 21.833 20.125 20.25 20.38 20.533 20.81 20.843 21.025 21.155 21.28 26.118 24.603 21.988 21.848 22.023 22.508 22.255 22.595 22.953 24.163 23.34 23.293 23.533 23.715 23.728 28.738 26.605 24.295 24.393 24.425 24.685 24.718 24.923 26.378 26.75 28.415 27.75 26.015 26.038 25.815 26.018 26.115 26.18 26.333 26.313 26.38
19.61 18.875 28.935 19.965 21.358 20.86 21.148 32.873 29.27 24.708 20.745 25.625 26.14 24.408 29.443 17.243 16.745 17.26 24.42 27.813 21.585 24.338 22.608 19.198 19.118 22.22 30.283 27.845 25.078 21.105 20.25 20.4 20.68 20.64 20.755 20.998 21.085 21.175 22.965 21.548 26.865 27.708 24.448 22.848 25.533 22.528 22.9 23.028 23.2 25.695 26.785 25.838 30.76 24.575 24.118 24.258 24.298 24.383 24.465 24.568 26.033 24.995 25.115 28.25 25.975 26.285 25.5 26.835 25.975 26.105 27.308 26.218 26.25
18.653 22.863 32.983 28.2 20.39 18.345 20.103 27.023 30.183 23.155 18.703 17.513 21.495 24.123 21.753 20.45 17.56 17.333 22.05 28.178 28.283 26.908 19.078 22.788 18.978 19.873 26.803 31.288 27.858 22.285 20.11 20.198 25.585 21.15 20.588 20.745 20.895 21.025 21.108 25.785 25.543 26.725 28.338 24.625 22.14 22.4 22.508 23.805 23.805 23.225 28.47 32.385 29.063 26.085 25.093 24.148 24.233 24.3 24.393 24.435 24.523 24.698 24.913 25.03 25.125 26.48 25.94 25.875 26.468 30.458 30.33 26.695 26.248
18.438 18.355 26.76 24.103 18.195 18.005 18.698 18.015 18.723 17.485 17.353 17.203 18.548 17.263 16.758 20.643 17.07 17.08 20 22.673 26.19 19.755 19.06 30.513 22.023 24.24 23.275 24.47 24.415 24.255 20.46 20.92 26.843 21.588 20.358 20.498 20.72 20.935 20.985 22.845 26.38 22.553 21.663 25.108 25.053 27.983 22.545 23.863 23.278 31.885 23.763 26.433 30.058 27.693 24.013 26.915 24.713 24.195 24.255 24.338 24.425 24.533 24.583 24.79 25.035 25.71 35.415 31.993 31.86 33.035 33.353 28.583 26.083
18.128 19.095 21.82 25.31 17.825 17.778 17.573 17.38 17.335 17.203 17.093 17.443 18.808 22.378 16.503 16.49 16.75 22.305 31.005 25.695 26.983 22.05 21.303 28.538 20.525 18.673 23.955 26.685 28.523 26.625 24.473 23.413 20.11 20.05 20.205 20.313 20.508 20.658 24.16 20.973 21.753 21.288 21.425 21.515 27.763 22.825 25.108 28.865 22.52 22.605 22.898 24.87 28.063 29.713 30.723 24.113 23.783 24.498 24.743 24.3 24.345 24.415 24.523 24.545 24.62 24.775 28.76 32.338 30.195 27.758 31.493 32.56 27.5
19.45 28.318 20.078 17.668 17.4 17.39 17.513 18.52 17.485 21.148 22.975 23.2 27.993 28.028 19.943 17.945 24.655 33.883 31.813 24.008 22.425 24.295 18.088 19.955 20.28 19.215 18.65 24.368 24.878 30.095 28.928 28.343 19.918 20.1 20.515 20.088 20.323 20.408 20.595 20.67 21.593 21.14 21.163 21.29 23.798 22.528 24.355 24.508 22.128 26.503 24.113 26.628 23.563 28.08 28.073 23.265 23.518 24.173 24.115 24.213 24.313 24.31 24.423 24.498 24.538 27.673 29.518 31.48 28.94 30.238 32.383 26.26 26.803
27.43 31.333 22.498 17.308 17.148 18.583 22.995 25.14 23.58 27.965 22.533 16.523 26.448 27.038 18.225 16.12 28.363 35.125 25.76 17.98 22.793 27.398 29.828 27.355 27.313 21.37 18.458 18.693 21.43 26.833 29.328 25.595 19.66 26.423 24.128 20.068 25.438 22.153 21.385 20.578 20.673 20.853 21.085 22.43 22.12 22.96 23.505 30.778 27.55 25.545 22.293 23.51 23.865 26.965 23.1 23.095 23.533 24.025 23.75 24.055 24.278 24.328 24.405 24.438 24.428 25.823 29.498 31.2 28.475 30.338 26.935 27.275 25.363
19.863 22.975 25.435 18.488 16.915 17.173 20.645 21.045 20.343 21.945 17.483 24.223 25.783 26.105 18.225 16.928 16.848 20.093 16.975 17.215 28.388 26.925 29.745 30.14 23.825 19.905 18.58 18.49 18.76 23.398 28.738 28.215 24.94 31.763 26.83 23.348 30.525 27.615 21.863 20.453 20.628 20.758 20.945 21.068 21.185 21.405 22.483 21.53 21.703 22.828 22.988 22.28 22.383 22.718 23.045 23.413 23.1 23.383 23.483 23.81 23.905 24.023 24.658 24.438 24.438 24.405 24.525 25.78 26.235 27.385 24.635 24.88 25.058
22.26 20.03 27.218 23.878 17.523 18.593 18.188 16.3 23.303 24.62 17.828 28.198 27.388 18.433 15.4 17.57 19.205 25.553 17.948 17.013 19.818 18.243 26.09 29.148 23.953 29.63 29.805 22.453 18.538 19.998 24.575 23.328 25.905 29.655 27.655 24.023 26.155 24.52 20.878 21.018 20.375 20.53 22.023 20.833 20.978 21.718 21.993 21.543 21.928 25.098 22.423 22.033 22.195 26.195 28.725 23.048 22.95 23.61 23.533 23.623 23.715 23.725 24.385 26.263 26.155 24.458 24.523 24.46 24.495 24.515 24.593 24.635 24.673
21.193 26.88 29.14 29.225 25.31 31.505 25.91 27.063 26.77 29.638 18.368 15.498 18.553 24.658 24.933 28.975 26.028 27.43 18.618 16.763 17.068 19.38 28.603 20.623 20.808 34.14 34.823 25.588 18.398 18.928 24.755 29.375 29.603 29.898 29.515 30.14 23.95 22.278 19.74 20.543 20.21 20.418 20.53 21.963 20.708 21.213 20.943 21.098 24.325 33.745 26.755 28.045 23.413 25.598 22.483 22.67 22.798 22.818 23.158 23.613 23.723 23.523 23.665 23.995 24.843 27.863 24.233 24.395 24.53 24.508 24.575 24.598 24.638
23.798 27.208 27.763 26.743 20.123 20.6 29.66 28.535 29.425 31.473 25.013 16.848 15.16 27.335 26.815 21.36 29.023 23.563 19.705 17.2 18.363 21.598 21.755 23.133 19.683 29.415 30.503 24.108 18.163 18.933 19.54 20.728 24.905 24.76 32.788 33.425 22.933 19.453 19.648 19.853 20.048 20.248 20.69 21.495 20.46 21.305 20.715 20.94 21.038 27.618 29.995 27.968 24.03 25.798 22.228 22.773 22.625 22.733 22.88 23.03 23.22 23.26 27.275 26.795 27.903 26.608 24.375 29.27 32.725 26.17 24.513 24.57 24.593
17.11 27.93 22.133 17.84 16.41 15.998 29.053 23.785 28.84 28.285 26.95 20.473 17.03 27.828 27.78 20.505 18.668 17.235 23.368 20.185 22.84 17.358 19.993 24.243 22.303 17.42 19.335 17.703 17.888 18.17 20.5 20.105 20.123 31.525 36.555 37.033 27.39 19.228 19.485 20.028 19.938 20.218 20.115 21.85 24.888 20.288 20.445 20.658 21.15 25.883 29.078 22.57 21.823 21.828 21.968 23.68 22.373 22.8 22.705 22.798 22.998 23.175 27.43 26.705 25.803 26.443 23.92 23.923 24.05 24.133 24.308 24.435 24.53
16.258 21.25 18.615 22.993 19.148 18.718 21.788 18.8 23.443 24.908 22.038 15.075 14.558 17.275 20.61 16.72 16.573 16.593 17.59 22.288 27.383 20.498 17.87 27.085 28.658 21.36 17.913 17.5 17.653 17.928 25.325 23.303 19.865 30.32 34.723 33.545 28.623 19.755 19.253 19.43 19.548 19.728 19.855 25.785 29.928 23.548 24.068 20.59 23.6 28.438 26.9 28.378 21.388 26.25 25.388 21.988 22.14 22.358 22.495 22.715 22.745 22.905 22.955 25.943 25.973 26.268 24.435 23.655 23.775 23.915 24.035 24.175 24.33
24.865 19.61 15.893 25.835 24.585 16.67 14.835 14.675 15.678 17.793 20.285 17.44 14.075 14.248 17.763 17.408 24.495 20.048 15.64 16.613 22.728 23.623 22.925 23.058 19.335 27.523 19.845 17.36 17.525 22.24 23.07 23.655 18.398 32.368 27.06 26.933 23.178 19.68 19.058 19.203 22.708 19.808 24.265 21.55 22.24 19.895 23.35 20.365 25.303 23.483 20.985 22.32 25.553 22.66 29.465 24.723 22.003 22.055 22.18 22.458 22.543 22.668 22.715 22.968 23.46 23.215 23.348 23.425 23.555 23.678 23.778 23.955 24.04
27.74 30.268 16.363 27.553 27.325 18.068 14.443 17.573 14.31 14.763 22.88 18.953 14.438 17.35 14.355 16.6 23.935 16.89 17.325 25.088 23.115 28.555 27.05 22.87 16.888 18.253 17.288 18.003 17.33 19.205 25.435 24.108 26.638 33.2 22.79 22.993 22.898 23.525 21.023 18.935 19.1 19.273 19.443 20.988 19.608 19.765 20.265 22.035 21.048 21.648 20.518 20.85 22.113 26.503 22.658 21.553 21.733 21.895 22.008 22.213 22.428 22.61 22.6 22.685 22.918 23.17 23.713 23.298 23.338 23.45 23.565 23.718 23.798
26.188 18.825 16.298 21.968 23.24 19.22 14.328 20.31 17.758 18.3 16.395 21.593 16.03 14.028 14.16 14.348 15.53 14.95 16.495 24.025 22.628 28.113 25.163 18.828 17.965 18.508 24.023 25.838 17.345 18.468 24.048 21.038 21.12 26.608 19.7 17.988 20.24 25.95 20.59 19.56 19.153 19.055 19.09 19.253 19.515 19.6 26.733 19.965 20.99 20.873 20.29 21.793 26.433 25.333 23.8 21.263 21.455 21.63 21.758 21.993 22.11 22.358 22.555 22.4 22.813 22.743 22.87 23.045 23.13 23.215 23.363 23.435 23.595
20.14 21.62 26.235 20.483 18.268 26.505 19.425 27.105 21.023 14.47 17.015 16.998 14.523 13.98 19.973 21.143 14.718 14.765 22.533 21.22 18.393 23.98 23.858 26.29 25.893 24.725 24.738 20.015 17.365 19.553 25.908 24.66 18.343 17.628 17.708 18.873 17.815 19.338 18.338 18.41 18.585 18.855 19.003 19.113 20.368 19.323 23.673 22.448 19.78 19.875 20.148 20.475 20.44 20.63 22.673 21.1 21.293 21.41 21.533 21.74 21.91 22.073 22.435 22.348 22.435 22.465 22.685 22.973 23.163 22.945 23.088 23.143 23.303
25.955 33.595 32.443 22.223 15.458 17.013 22.39 25.96 22.33 19.118 19.805 13.775 13.125 16.443 21.295 21.495 14.768 15.185 20.96 25.403 21.92 26.48 25.925 24.838 22.288 24.43 23.263 16.973 16.853 18.515 25.858 25.995 25.093 17.885 17.848 17.865 19.54 17.973 18.11 18.188 18.325 18.563 20.148 19.023 18.975 19.09 24.053 22.448 20.295 21.025 19.93 20.083 20.233 20.385 20.68 20.8 21.02 21.195 21.315 21.458 21.643 21.785 21.885 22.088 22.323 22.3 22.475 22.573 22.723 22.738 22.788 22.878 22.875
13.75 14.54 26.778 23.665 15.155 15.633 25.803 21.948 15.533 17.055 18.783 16.4 13.088 19.098 25.188 23.505 18.765 18.39 14.995 16.283 18.435 18.79 18.235 18.888 16.093 21.053 21.823 16.67 16.67 18.615 26.933 26.128 28.38 23.96 20.503 23.678 20.238 17.745 18.418 18.25 20.605 20.145 18.54 18.748 18.788 18.898 22.108 26.485 25.12 24.11 19.71 19.795 20.048 20.208 20.418 20.573 20.71 21.003 21.218 21.203 21.388 21.513 21.69 21.818 22.035 22.163 22.185 22.27 22.503 22.573 22.995 22.668 22.623
13.83 13.658 15.73 14.238 16.71 27.385 20.66 13.96 13.838 12.978 13.72 18.555 13.345 13.105 13.38 14.745 22.563 20.288 15.663 17.245 22.908 27.643 25.568 25.405 16.448 15.998 16.3 16.573 16.535 17.495 24 21.888 23.46 19.688 17.003 18.105 23.78 19.148 17.845 17.888 19.898 23.373 18.34 18.46 18.663 18.788 18.975 23.665 24.258 24.31 19.435 19.648 19.83 20.02 23.07 22.78 20.535 20.763 20.935 21.018 21.35 21.33 21.62 21.64 21.818 21.97 22.218 22.485 22.148 22.25 22.298 22.403 22.42
