All_lidar/sz5593_DSM_2M.asc
ncols 500
nrows 500
xllcorner    455000
yllcorner    93000
cellsize     2
NODATA_value -9999
[rows 66 to 98 of 500, columns 0 to 75 of 500]
-1.347 -1.577 -1.675 -1.937 -1.689 -1.668 -1.674 -1.913 -1.886 -1.902 -1.889 -1.885 -1.869 -1.718 -1.556 -1.412 -1.263 -1.167 -1.198 -1.344 -1.471 -1.591 -1.707 -1.766 -1.729 -1.716 -1.655 -1.648 -1.671 -1.63 -1.617 -1.638 -1.641 -1.709 -1.752 -1.701 -1.658 -1.575 -1.447 -1.279 -1.096 -0.883 -0.686 0.896 0.845 -0.472 -0.737 0.234 -1.04 -1.158 -1.257 -1.294 -1.319 -1.3 -1.27 -1.212 -1.127 -0.952 -0.773 0.65 0.712 0.454 -1.079 -1.214 -1.326 -1.456 -1.549 -1.603 -1.228 -1.36 -1.61 -1.602 -1.626 -1.61 -1.624 -1.644
-1.397 -1.663 -1.975 -1.964 -1.664 -1.407 -1.556 -1.656 -1.873 -1.876 -1.887 -1.885 -1.898 -1.724 -1.544 -1.366 -1.224 -1.1 -1.101 -1.277 -1.42 -1.552 -1.669 -1.694 -1.687 -1.673 -1.694 -1.658 -1.682 -1.656 -1.652 -1.675 -1.653 -1.686 -1.682 -1.675 -1.598 -1.533 -1.366 -1.2 -0.999 -0.825 -0.597 -0.285 -0.145 -0.232 -0.522 0.354 0.23 0.146 -0.006 -1.133 -1.154 -1.139 -1.091 -1.054 -0.932 -0.814 -0.763 0.739 0.744 0.462 -1.109 -1.28 -0.229 -1.508 -1.601 -1.613 -1.603 -1.254 -1.378 -1.346 -1.266 -1.616 -1.619 -1.637
-1.652 -1.642 -1.955 -1.955 -1.689 -1.398 -1.38 -1.629 -1.851 -1.87 -1.897 -1.965 -1.957 -1.735 -1.55 -1.341 -1.184 -1.03 -1.024 -1.174 -1.337 -1.482 -1.565 -1.592 -1.6 -1.658 -1.668 -1.668 -1.716 -1.692 -1.701 -1.69 -1.663 -1.614 -1.609 -1.6 -1.536 -1.43 -1.296 -1.087 -0.897 -0.692 -0.452 -0.133 0.03 -0.047 -0.282 0.637 0.504 0.402 0.286 -0.862 -0.901 0.137 0.227 -0.823 -0.844 -0.878 -0.916 -0.839 0.865 0.55 -1.177 0.138 -0.108 -0.333 -1.668 -1.674 -1.664 -1.636 -1.103 -1.104 -1.034 -0.89 -1.658 -1.711
-1.91 -1.63 -1.94 -1.937 -1.662 -1.368 -1.286 -1.518 -1.611 -1.856 -1.887 -1.949 -1.774 -1.64 -1.451 -1.277 -1.103 -0.929 -0.82 -1.035 -1.21 -1.329 -1.439 -1.473 -1.527 -1.589 -1.618 -1.63 -1.683 -1.733 -1.681 -1.655 -1.61 -1.554 -1.492 -1.481 -1.422 -1.303 -1.138 -0.946 -0.75 -0.496 -0.243 0.051 0.241 0.28 0.997 0.866 0.737 0.658 0.607 -0.594 -0.613 0.471 0.57 0.608 -0.898 -0.97 -0.994 -0.948 -0.958 -1.069 -1.247 0.301 0.073 -0.184 -1.704 -1.766 -1.746 -1.687 -1.654 -0.84 -0.764 -1.599 -1.605 -1.649
-1.91 -1.615 -1.593 -1.607 -1.465 -1.248 -1.065 -1.298 -1.521 -1.64 -1.667 -1.708 -1.628 -1.465 -1.291 -1.121 -0.972 -0.827 -0.66 -0.874 -1.072 -1.177 -1.27 -1.331 -1.398 -1.477 -1.51 -1.568 -1.655 -1.669 -1.641 -1.578 -1.522 -1.461 -1.381 -1.341 -1.255 -1.142 -0.973 -0.794 -0.546 -0.313 -0.025 0.269 0.485 0.539 0.329 1.11 0.998 0.885 0.818 -0.381 -0.507 0.794 0.865 0.866 -0.99 -1.073 -1.152 -1.156 -1.167 -1.203 -1.233 -1.404 -1.555 -1.715 -1.803 -1.811 -1.815 -1.776 -1.71 -1.618 -1.596 -1.544 -1.561 -1.626
-1.91 -1.599 -1.3 -1.285 -1.233 -1.068 -0.841 -1.08 -1.274 -1.38 -1.43 -1.472 -1.403 -1.268 -1.085 -0.931 -0.757 -0.604 -0.516 -0.678 -0.858 -0.989 -1.108 -1.157 -1.257 -1.305 -1.4 -1.505 -1.584 -1.589 -1.558 -1.509 -1.43 -1.364 -1.217 -1.192 -1.097 -0.968 -0.797 -0.584 -0.344 -0.129 0.189 0.558 0.724 0.845 0.67 0.497 1.228 1.087 -0.185 -0.359 -0.556 -0.734 -0.854 -0.965 -1.069 1.277 1.376 -1.352 -1.35 -1.36 -1.279 -1.425 -1.601 -1.728 -1.835 -1.822 -1.825 -1.684 -1.65 -1.705 -1.662 -1.617 -1.581 -1.601
-1.629 -1.487 -1.258 -1.023 -0.978 -0.836 -0.669 -0.867 -0.988 -1.055 -1.091 -1.137 -1.143 -1.006 -0.848 -0.669 -0.566 -0.447 -0.365 -0.468 -0.624 -0.78 -0.834 -0.955 -1.055 -1.156 -1.293 -1.38 -1.458 -1.466 -1.453 -1.394 -1.31 -1.186 -1.084 -0.985 -0.881 -0.753 -0.605 -0.395 -0.158 0.151 0.441 0.836 0.987 1.06 0.953 0.628 0.416 0.127 -0.127 -0.369 -0.597 -0.793 -0.943 -1.054 -1.176 1.479 1.593 -1.557 -1.586 -1.54 -1.405 -1.372 -1.543 -1.676 -1.735 -1.702 -1.709 -1.702 -1.715 -1.811 -1.816 -1.7 -1.649 -1.614
-1.302 -1.237 -1.023 -0.795 -0.675 -0.593 -0.432 -0.612 -0.703 -0.79 -0.8 -0.809 -0.831 -0.737 -0.598 -0.425 -0.295 -0.251 -0.152 -0.206 -0.401 -0.507 -0.619 -0.754 -0.837 -0.97 -1.124 -1.212 -1.268 -1.27 -1.277 -1.244 -1.162 -1.04 -0.871 -0.736 -0.648 -0.511 -0.344 -0.135 0.121 0.449 0.718 1.145 1.246 1.313 1.068 0.831 0.613 0.242 -0.026 -0.35 -0.594 -0.82 -1.019 -1.176 -1.379 -1.478 -1.688 -1.808 -1.863 -1.759 -1.535 -1.383 -1.445 -1.588 -1.695 -1.735 -1.878 -1.852 -1.87 -1.823 -1.789 -1.853 -1.732 -1.617
-0.974 -0.973 -0.838 -0.598 -0.417 -0.338 -0.236 -0.321 -0.433 -0.489 -0.525 -0.53 -0.543 -0.475 -0.338 -0.203 -0.067 0.023 0.105 0.122 -0.069 -0.218 -0.346 -0.478 -0.642 -0.8 -0.914 -1.015 -1.068 -1.08 -1.082 -1.038 -0.954 -0.84 -0.667 -0.498 -0.345 -0.233 -0.067 0.147 0.421 0.674 1.023 1.442 1.573 1.604 1.222 0.94 0.616 0.313 0.023 -0.263 -0.549 -0.806 -1.027 -1.272 -1.54 -1.74 -1.898 -2.082 -2.149 -1.864 -1.587 -1.362 -1.426 -1.646 -1.759 -1.915 -1.89 -1.904 -1.772 -1.856 -1.869 -1.851 -1.704 -1.682
-0.734 -0.681 -0.577 -0.407 -0.235 -0.082 0.038 -0.091 -0.184 -0.216 -0.224 -0.235 -0.268 -0.174 -0.085 0.089 0.264 0.285 0.374 0.44 0.269 0.108 -0.036 -0.19 -0.401 -0.567 -0.694 -0.767 -0.83 -0.844 -0.849 -0.799 -0.713 -0.598 -0.456 -0.272 -0.031 0.077 0.275 0.471 0.762 1.077 1.387 1.689 1.83 1.689 1.334 1.08 0.768 0.422 0.087 -0.191 -0.464 -0.702 -0.964 -1.29 -1.583 -1.871 -2.157 -2.113 -2.064 -1.809 -1.557 -1.325 -1.357 -1.618 -1.786 -1.929 -1.936 -1.955 -1.778 -1.927 -1.874 -1.827 -1.819 -1.805
-0.47 -0.424 -0.323 -0.189 -0.014 0.176 0.312 0.176 0.115 0.11 0.08 0.069 0.03 0.067 0.196 0.322 0.479 0.643 0.692 0.795 0.623 0.486 0.32 0.088 -0.103 -0.301 -0.428 -0.518 -0.568 -0.563 -0.56 -0.53 -0.44 -0.326 -0.159 0.011 0.243 0.415 0.635 0.842 1.136 1.407 1.76 1.829 1.967 1.657 1.402 1.08 0.81 0.474 0.24 -0.024 -0.359 -0.631 -0.943 -1.249 -1.498 -1.813 -2.102 -2.167 -2.147 -1.84 -1.578 -1.32 -1.334 1.314 -1.781 -1.996 -1.991 -1.8 -1.787 -1.961 -1.872 -1.86 -1.808 -1.817
-0.208 -0.184 -0.095 0.025 0.204 0.382 0.53 0.432 0.35 0.336 0.295 0.3 0.309 0.322 0.404 0.515 0.725 0.99 1.069 1.1 1.027 0.876 0.646 0.426 0.191 0.037 -0.073 -0.182 -0.235 -0.255 -0.252 -0.218 -0.118 0.021 0.147 0.34 0.543 0.798 1.002 1.301 1.5 1.656 1.901 2.009 1.971 1.663 1.379 1.143 0.781 0.488 0.266 -0.011 -0.271 -0.597 -0.94 -1.195 -1.432 -1.726 -1.883 -1.864 -1.921 -1.785 -1.538 -1.31 1.65 1.51 1.384 -1.791 -1.802 -1.804 -2.021 -1.932 -1.926 -1.95 -1.877 -1.868
0.094 0.1 0.139 0.253 0.39 0.548 0.689 0.717 0.676 0.637 0.623 0.59 0.592 0.626 0.706 0.796 0.927 1.09 1.261 1.429 1.495 1.237 1.002 0.743 0.566 0.388 0.261 0.184 0.125 0.092 0.097 0.124 0.203 0.371 0.503 0.69 0.927 1.161 1.42 1.66 1.801 1.997 2.125 2.213 1.986 1.692 1.412 1.135 0.831 0.567 0.321 -0.042 -0.197 -0.506 -0.799 -1.055 -1.279 -1.448 -1.505 -1.526 -1.514 -1.501 -1.368 -1.172 1.863 1.739 1.608 -1.602 -1.635 -1.749 -2.031 -1.979 -1.964 -1.8 -1.751 -1.721
0.334 0.34 0.398 0.478 0.612 0.747 0.949 1 0.924 0.892 0.893 0.872 0.872 0.885 0.978 1.033 1.155 1.304 1.493 1.682 1.821 1.629 1.405 1.174 0.96 0.8 0.683 0.602 0.537 0.488 0.513 0.538 0.623 0.737 0.912 1.079 1.31 1.581 1.811 1.938 2.052 2.157 2.265 2.268 2.012 1.72 1.481 1.189 0.92 0.61 0.369 0.118 -0.095 -0.348 -0.61 -0.851 -1.022 -1.112 -1.201 -1.221 -1.187 -1.219 -1.105 -0.919 -0.998 -1.193 -1.28 -1.381 -1.516 -1.642 -1.845 -1.832 -1.791 -1.698 -1.677 -1.744
0.367 0.374 0.392 0.462 0.499 0.585 0.845 1.01 1.061 1.146 1.136 1.152 1.118 1.166 1.254 1.329 1.42 1.562 1.695 1.905 2.031 1.844 1.677 1.562 1.364 1.184 1.066 1.075 0.965 0.953 0.947 0.982 1.054 1.151 1.319 1.514 1.729 1.852 2.036 2.214 2.24 2.253 2.213 2.003 1.821 1.668 1.563 1.315 1.072 0.755 0.486 0.235 0.001 -0.174 -0.417 -0.616 -0.713 -0.826 -0.869 -0.883 -0.909 -0.92 -0.802 -0.834 -1.09 -1.282 -1.461 -1.559 -1.511 -1.485 -1.566 -1.583 -1.57 -1.57 -1.736 -1.901
0.106 0.095 0.13 0.2 0.316 0.406 0.566 0.749 0.876 1.068 1.248 1.443 1.435 1.429 1.506 1.646 1.733 1.794 1.977 2.104 2.25 2.078 1.921 1.793 1.67 1.544 1.449 1.422 1.399 1.433 1.401 1.405 1.47 1.557 1.643 1.786 1.947 2.105 2.255 2.258 2.24 2.226 1.97 1.783 1.656 1.46 1.307 1.138 1.078 0.944 0.635 0.364 0.176 0.015 -0.191 -0.316 -0.468 -0.564 -0.621 -0.745 -0.834 -0.882 -0.903 -0.877 -1.155 -1.426 -1.689 -1.816 -1.687 -1.49 -1.712 -1.822 -1.687 -1.533 -1.757 -1.941
-0.153 -0.154 -0.109 -0.066 0.069 0.179 0.353 0.516 0.712 0.904 1.062 1.248 1.476 1.678 1.797 1.89 1.953 2.087 2.193 2.193 2.26 2.34 2.159 2.003 1.909 1.767 1.77 1.69 1.687 1.675 1.694 1.72 1.774 1.851 1.923 2.069 2.155 2.268 2.288 2.275 2.285 2.023 1.788 1.579 1.371 1.196 1.025 0.921 0.729 0.666 0.58 0.543 0.398 0.189 0.086 -0.12 -0.298 -0.526 -0.783 -0.968 -1.113 -1.191 -1.163 -0.992 -1.181 -1.49 -1.763 -2.102 -1.786 -1.67 -1.796 -2.019 -1.809 -1.681 -1.799 -1.774
-0.422 -0.407 -0.358 -0.282 -0.205 -0.07 0.165 0.381 0.532 0.78 0.895 1.112 1.325 1.574 1.815 2.083 2.211 2.24 2.258 2.26 2.255 2.263 2.233 2.255 2.208 2.129 2.081 1.964 1.94 1.934 1.972 2.011 2.044 2.144 2.232 2.215 2.23 2.283 2.285 2.278 2.081 1.849 1.6 1.39 1.185 0.982 0.815 0.644 0.496 0.381 0.289 0.248 0.262 0.343 0.131 -0.16 -0.409 -0.722 -0.974 -1.152 -1.332 -1.404 -1.393 -1.215 -1.185 -1.472 -1.773 -2.06 -1.977 -1.773 -2.065 -2.073 -1.773 -1.77 -2.015 -1.782
-0.661 -0.695 -0.626 -0.523 -0.339 -0.181 0.03 0.151 0.333 0.553 0.734 0.959 1.178 1.41 1.609 1.836 2.104 2.26 2.308 2.35 2.258 2.253 2.24 2.255 2.25 2.26 2.255 2.213 2.225 2.22 2.238 2.285 2.275 2.26 2.28 2.26 2.308 2.275 2.313 2.198 1.958 1.694 1.449 1.226 0.97 0.804 0.582 0.405 0.282 0.135 0.037 -0.007 -0.009 -0.029 -0.011 -0.218 -0.507 -0.775 -1.102 -1.351 -1.589 -1.673 -1.562 -1.341 -1.221 -1.39 -1.651 -1.758 -1.752 -1.711 -2.035 -2.04 -1.8 -2.03 -2.016 -2.028
-0.876 -0.909 -0.914 -0.76 -0.562 -0.352 -0.171 -0.01 0.233 0.397 0.597 0.843 0.995 1.235 1.472 1.712 1.955 2.183 2.27 2.253 2.268 2.263 2.27 2.263 2.255 2.233 2.275 2.23 2.218 2.263 2.295 2.28 2.295 2.23 2.323 2.258 2.233 2.245 2.26 2.077 1.854 1.554 1.3 1.054 0.8 0.599 0.394 0.221 0.056 -0.082 -0.204 -0.301 -0.297 -0.322 -0.267 -0.247 -0.518 -0.822 -1.12 -1.444 -1.716 -1.98 -1.699 -1.56 -1.324 -1.389 -1.616 -1.737 -2.01 -1.774 -1.768 -1.744 -1.806 -2.049 -2.022 -2.047
-1.084 -1.164 -1.085 -0.895 -0.675 -0.55 -0.33 -0.152 0.05 0.285 0.504 0.702 0.872 1.093 1.315 1.625 1.855 2.051 2.245 2.26 2.24 2.27 2.218 2.203 2.228 2.228 2.23 2.263 2.223 2.223 2.258 2.245 2.263 2.228 2.243 2.328 2.348 2.258 2.264 1.95 1.741 1.439 1.183 0.922 0.627 0.411 0.202 -0.047 -0.233 -0.402 -0.498 -0.572 -0.58 -0.557 -0.53 -0.501 -0.508 -0.766 -1.111 -1.401 -1.676 -1.94 -1.992 -1.74 -1.468 -1.455 -1.722 -2 -2.015 -1.765 -1.464 -1.458 -1.762 -2.047 -1.77 -2.064
-1.233 -1.365 -1.274 -1.009 -0.851 -0.657 -0.45 -0.294 -0.053 0.111 0.305 0.519 0.684 0.935 1.203 1.44 1.726 1.971 2.221 2.245 2.235 2.275 2.223 2.238 2.275 2.235 2.278 2.22 2.24 2.25 2.38 2.285 2.218 2.265 2.233 2.273 2.328 2.24 2.127 1.84 1.62 1.352 1.045 0.807 0.496 0.258 -0.006 -0.166 -0.4 -0.605 -0.743 -0.834 -0.832 -0.81 -0.793 -0.742 -0.637 -0.757 -1.039 -1.301 -1.556 -1.691 -1.67 -1.577 -1.367 -1.371 -1.588 -1.734 -1.763 -1.652 -1.75 -1.64 -1.627 -1.761 -1.758 -2.095
-1.316 -1.565 -1.296 -1.179 -0.981 -0.793 -0.58 -0.434 -0.265 -0.068 0.193 0.382 0.601 0.838 1.064 1.334 1.602 1.822 1.995 2.218 2.243 2.248 2.22 2.218 2.248 2.258 2.285 2.235 2.273 2.22 2.253 2.2 2.258 2.253 2.235 2.298 2.263 2.25 2.087 1.75 1.472 1.215 0.998 0.704 0.401 0.146 -0.13 -0.389 -0.591 -0.84 -0.998 -1.13 -1.104 -1.09 -1.036 -0.958 -0.863 -0.759 -0.856 -1.109 -1.271 -1.366 -1.387 -1.419 -1.36 -1.59 -1.703 -1.726 -1.737 -1.766 -2.05 -1.768 -1.631 -1.762 -2.052 -2.042
-1.517 -1.5 -1.527 -1.267 -1.024 -0.834 -0.72 -0.624 -0.443 -0.229 0.002 0.239 0.484 0.749 0.991 1.217 1.444 1.6 1.812 1.994 2.24 2.22 2.22 2.213 2.243 2.255 2.29 2.305 2.305 2.243 2.228 2.248 2.235 2.233 2.243 2.293 2.243 2.265 1.984 1.706 1.437 1.15 0.884 0.634 0.277 0.047 -0.204 -0.52 -0.801 -1.007 -1.217 -1.39 -1.446 -1.386 -1.328 -1.208 -1.054 -1.004 -0.986 -0.991 -1.281 -1.501 -1.655 -1.686 -1.614 -1.703 -1.98 -1.992 -1.997 -2.042 -2.032 -2.062 -1.716 -1.717 -2.035 -2.06
-1.437 -1.46 -1.502 -1.219 -1.04 -1.045 -0.916 -0.791 -0.601 -0.344 -0.094 0.158 0.423 0.682 0.872 1.05 1.217 1.398 1.691 1.909 2.094 2.203 2.193 2.22 2.223 2.245 2.263 2.248 2.268 2.27 2.24 2.26 2.278 2.218 2.263 2.38 2.298 2.247 1.95 1.679 1.442 1.124 0.829 0.548 0.275 0.022 -0.26 -0.575 -0.859 -1.088 -1.356 -1.602 -1.718 -1.703 -1.623 -1.494 -1.248 -1.271 -1.216 -1.086 -1.349 -1.64 -1.932 -1.965 -1.692 -1.992 -1.997 -1.982 -1.987 -1.725 -2.022 -1.73 -1.648 -1.751 -2.037 -2.045
-1.193 -1.427 -1.48 -1.246 -1.306 -1.266 -1.101 -0.913 -0.657 -0.43 -0.125 0.092 0.247 0.483 0.689 0.835 1.041 1.247 1.503 1.743 1.953 2.178 2.23 2.243 2.205 2.253 2.283 2.265 2.26 2.263 2.22 2.225 2.26 2.25 2.238 2.388 2.245 2.112 1.824 1.58 1.32 1.045 0.748 0.499 0.297 -0.004 -0.295 -0.599 -0.837 -1.135 -1.429 -1.742 -2.03 -2 -1.952 -1.616 -1.561 -1.552 -1.446 -1.255 -1.522 -1.669 -1.972 -1.992 -1.997 -1.987 -1.997 -2.007 -2.007 -2.027 -1.716 -1.593 -1.367 -1.602 -1.718 -2.017
-1.166 -1.172 -1.187 -1.487 -1.557 -1.37 -1.168 -0.928 -0.719 -0.465 -0.217 -0.074 0.093 0.286 0.459 0.644 0.856 1.094 1.337 1.595 1.831 2.046 2.23 2.243 2.225 2.215 2.25 2.263 2.26 2.24 2.233 2.223 2.235 2.325 2.26 2.365 2.263 2.106 1.756 1.523 1.206 0.938 0.666 0.418 0.159 -0.12 -0.338 -0.567 -0.842 -1.099 -1.42 -1.692 -2 -2.03 -1.99 -1.957 -1.907 -1.902 -1.596 -1.348 -1.644 -1.952 -1.995 -2.02 -2.025 -2.01 -1.995 -2.012 -1.992 -2.005 -2.007 -1.734 -1.594 -1.713 -1.627 -1.712
-1.342 -1.382 -1.21 -1.552 -1.662 -1.387 -1.171 -0.976 -0.803 -0.56 -0.445 -0.256 -0.084 0.11 0.298 0.548 0.724 0.959 1.205 1.455 1.725 1.936 2.191 2.22 2.215 2.23 2.243 2.238 2.27 2.203 2.23 2.285 2.218 2.228 2.323 2.353 2.333 1.993 1.737 1.491 1.198 0.867 0.64 0.352 0.111 -0.219 -0.451 -0.71 -0.972 -1.159 -1.355 -1.613 -1.732 -2.005 -1.757 -2.027 -1.992 -1.728 -1.603 -1.411 -1.698 -1.992 -1.995 -2.005 -2.015 -2.02 -2.012 -2.042 -1.995 -1.977 -2.002 -1.711 -1.68 -1.997 -1.707 -1.58
-1.307 -1.385 -1.427 -1.56 -1.645 -1.445 -1.341 -1.122 -0.901 -0.77 -0.647 -0.412 -0.231 -0.076 0.167 0.392 0.606 0.834 1.087 1.352 1.59 1.856 2.121 2.228 2.243 2.223 2.22 2.24 2.25 2.205 2.235 2.258 2.233 2.243 2.26 2.223 2.263 1.989 1.708 1.436 1.2 0.861 0.521 0.318 0.033 -0.27 -0.531 -0.765 -1.052 -1.352 -1.619 -1.699 -1.96 -1.736 -1.733 -2.037 -2.077 -1.756 -1.486 -1.382 -1.622 -1.739 -1.753 -2.007 -2.005 -1.995 -2.047 -2.022 -1.992 -1.972 -2.02 -1.715 -1.687 -1.95 -1.98 -1.7
-1.297 -1.365 -1.45 -1.545 -1.64 -1.71 -1.482 -1.241 -1.135 -1.006 -0.801 -0.615 -0.43 -0.23 0.026 0.245 0.494 0.733 0.993 1.235 1.528 1.763 2.05 2.228 2.225 2.218 2.258 2.235 2.23 2.225 2.273 2.255 2.173 2.142 2.075 2.035 1.995 1.969 1.683 1.397 1.123 0.813 0.516 0.287 0.013 -0.295 -0.57 -0.824 -1.113 -1.399 -1.685 -1.985 -2.002 -1.711 -1.718 -2 -2.057 -1.758 -1.471 -1.217 -1.384 -1.467 -1.64 -1.729 -2.037 -1.95 -1.975 -1.72 -1.683 -1.684 -2.007 -2.017 -1.992 -2.002 -1.965 -1.657
-1.322 -1.387 -1.467 -1.56 -1.635 -1.439 -1.452 -1.496 -1.397 -1.161 -1.001 -0.814 -0.554 -0.323 -0.071 0.169 0.411 0.663 0.922 1.172 1.444 1.717 1.993 2.208 2.228 2.225 2.205 2.223 2.228 2.235 2.221 2.034 1.926 1.85 1.786 1.726 1.702 1.66 1.757 1.345 1.171 0.838 0.546 0.283 0.049 -0.26 -0.513 -0.778 -1.081 -1.323 -1.584 -1.754 -1.72 -1.634 -1.731 -1.985 -1.74 -1.64 -1.432 -1.428 -1.383 -1.371 -1.469 -1.651 -1.725 -1.695 -1.686 -1.673 -1.957 -1.98 -1.955 -1.972 -1.972 -1.977 -2.01 -1.646
-1.317 -1.4 -1.226 -1.307 -1.374 -1.712 -1.72 -1.752 -1.513 -1.383 -1.19 -0.927 -0.64 -0.392 -0.133 0.112 0.365 0.619 0.864 1.124 1.441 1.677 1.964 2.24 2.273 2.248 2.21 2.218 2.238 2.077 1.957 1.819 1.667 1.577 1.506 1.406 1.408 1.411 1.395 1.404 1.181 0.894 0.61 0.346 0.122 -0.188 -0.426 -0.681 -0.96 -1.201 -1.347 -1.424 -1.421 -1.312 -1.563 -1.736 -1.594 -1.595 -1.745 -1.717 -1.586 -1.593 -1.729 -1.755 -1.751 -1.748 -1.691 -1.927 -1.927 -1.91 -1.93 -1.915 -1.922 -1.95 -1.975 -1.68
-1.362 -1.152 -1.107 -1.084 -1.253 -1.444 -1.742 -1.74 -1.755 -1.505 -1.26 -0.991 -0.685 -0.426 -0.149 0.101 0.351 0.618 0.876 1.129 1.423 1.715 1.967 2.21 2.231 2.123 2.042 2 1.963 1.875 1.702 1.576 1.419 1.327 1.275 1.245 1.147 1.125 1.064 1.172 1.013 0.84 0.65 0.432 0.22 -0.062 -0.273 -0.547 -0.74 -0.954 -1.085 -1.127 -1.14 -1.172 -1.327 -1.422 -1.438 -1.719 -2.012 -1.977 -1.736 -1.728 -1.97 -1.987 -1.997 -1.98 -1.679 -1.669 -1.92 -1.915 -1.927 -1.927 -1.927 -1.645 -1.654 -1.982
