All_lidar/sz5590_DSM_2M.asc
ncols 500
nrows 500
xllcorner    455000
yllcorner    90000
cellsize     2
NODATA_value -9999
[rows 264 to 296 of 500, columns 74 to 147 of 500]
15.135 15.232 15.205 15.137 15.072 14.992 14.937 14.912 14.812 14.75 14.7 14.74 14.655 14.717 14.622 14.587 14.56 14.505 14.702 14.402 14.147 14.14 14.25 14.085 14.137 14.025 13.925 13.542 13.677 14.15 14.135 13.877 13.64 13.53 13.49 13.425 13.517 13.377 13.307 13.422 13.472 13.195 13.212 13.75 13.145 13.01 12.91 12.917 12.805 17.915 13.752 12.88 12.652 12.575 12.51 12.472 12.557 12.517 12.61 12.342 12.655 12.287 12.282 12.145 12.017 11.942 12.465 12.655 12.152 12.715 11.97 11.802 11.707 11.765
15.527 15.387 15.305 15.22 15.355 15.065 14.977 14.957 14.877 14.81 14.79 14.735 14.725 14.682 14.665 14.622 14.597 14.602 14.515 14.547 14.495 14.127 14.087 14.135 14.07 14.002 13.765 13.605 14.212 14.247 14.055 13.827 13.702 13.61 13.51 13.507 13.47 13.582 13.302 13.3 13.307 13.3 13.38 13.497 13.372 13.057 12.977 13.062 15.147 23.59 21.065 15.02 17.375 16.63 12.512 12.542 12.432 12.477 12.495 12.427 12.462 12.547 12.265 12.215 12.172 12.685 12.287 12.35 12.362 12.322 12.42 12.012 11.78 11.927
15.555 15.467 15.367 15.327 15.225 15.142 15.045 14.997 14.915 14.842 14.827 14.762 14.715 14.725 14.79 14.722 14.675 14.582 14.572 14.527 14.572 14.357 14.15 14.175 14.2 14.12 13.647 14.815 15.792 14.405 13.98 13.757 13.75 13.642 13.657 13.647 13.57 13.477 13.4 13.367 13.332 13.32 13.837 13.412 13.277 13.195 13.175 22.942 21.422 23.04 20.205 16.36 23.625 13.762 12.747 12.817 12.74 12.58 12.667 12.707 12.637 12.742 12.512 12.462 12.057 12.185 12.147 12.317 13.175 12.37 12.172 11.85 12.41 12.21
15.64 15.617 15.552 15.517 15.472 15.272 15.132 15.145 15.082 14.972 14.905 14.855 14.822 14.765 14.757 14.717 14.715 14.702 14.625 14.587 14.525 14.565 14.317 14.147 14.115 13.97 13.807 14.36 14.42 16.67 13.952 17.615 14.032 13.812 13.655 13.635 13.647 13.505 13.487 13.445 13.47 13.745 13.48 13.612 13.322 13.305 22.677 24.67 29.552 25.725 28.982 25.507 17.872 12.75 12.995 12.8 12.855 12.695 12.492 12.62 12.46 12.84 12.742 12.305 12.172 12.222 12.222 12.302 12.625 12.425 12.08 11.847 12.245 12.33
15.697 15.73 15.735 15.52 15.497 15.5 15.405 15.162 15.045 15.032 14.912 14.877 14.915 14.837 14.83 14.82 14.737 14.7 14.612 14.612 14.56 14.7 14.487 14.217 13.92 13.902 14.247 14.55 14.475 14.195 14.795 14.577 18.97 15.182 13.782 13.645 13.592 13.57 13.482 13.53 13.572 13.492 13.492 13.595 13.66 13.88 18.142 17.9 16.645 26.087 15.957 22.282 13.942 12.692 12.502 12.525 12.762 12.565 12.335 12.282 12.277 12.222 12.205 12.08 12.12 12.117 12.037 12.192 12.455 12.54 12.107 11.985 12.8 12.325
15.722 15.637 15.822 15.72 15.557 15.615 15.685 15.272 15.172 15.11 14.995 14.967 14.965 15.002 14.865 14.877 15.152 14.782 19.842 14.67 14.732 14.597 14.485 14.415 14.002 14 14.317 14.49 14.322 14.172 15.697 20.927 17.745 14.205 13.772 13.732 13.625 13.662 13.68 13.737 13.835 13.552 13.667 13.472 13.507 13.455 17.177 14.835 13.21 14.732 20.65 21.522 14.687 12.9 12.64 12.905 12.977 13.125 12.717 12.535 12.52 12.55 12.512 12.332 12.227 12.1 11.962 11.992 12.247 12.06 12.035 12.13 12.015 11.862
15.81 15.792 15.76 15.792 15.662 15.642 15.722 15.392 15.23 15.27 15.32 15.012 14.982 15.01 16.372 17.602 19.545 21.345 14.93 14.79 16.257 14.67 14.822 14.345 14.312 14.357 14.312 14.257 14.265 14.26 17.037 22.13 16.545 15.79 13.83 13.74 13.715 13.74 13.812 13.83 14.042 13.905 13.707 13.767 13.672 14.492 16.62 17.485 13.712 14.242 13.367 13.422 13.282 13.087 12.75 12.68 12.622 12.635 12.635 12.532 12.477 12.437 12.395 12.392 12.362 12.377 12.215 12.357 12.257 11.76 11.825 12.045 11.965 11.647
15.862 15.907 15.955 15.957 15.635 15.797 15.587 15.465 15.295 15.335 16.875 15.102 15.085 15.115 18.795 16.2 19.562 17.855 15.94 20.46 18.087 14.655 14.285 14.28 14.607 14.862 14.635 14.17 14.16 16.975 14.225 14.082 14.27 13.945 13.967 13.847 13.805 13.88 14.09 14 14.072 13.84 13.87 14.05 13.5 13.345 13.372 13.362 14.177 13.347 13.315 13.282 13.195 12.777 12.76 12.67 12.63 12.677 12.625 12.77 12.58 12.387 12.48 12.407 12.44 12.63 12.437 12.215 12.047 11.937 11.83 11.74 11.74 11.627
15.982 16.1 16.057 15.98 15.822 15.752 15.667 15.555 16.592 17.6 20.152 15.765 15.24 19.395 21.38 23.605 17.905 21.03 19.477 20.417 14.78 15.142 14.257 14.515 15.017 15.06 15.04 14.277 14.11 14.24 14.29 14.155 14.055 13.9 14.137 14.092 13.992 13.995 14.075 14.07 13.785 13.572 13.595 13.507 13.882 13.895 13.445 13.617 13.26 13.265 13.12 13.107 13.035 12.965 12.887 12.757 12.677 12.687 12.89 12.922 12.517 12.287 12.68 12.507 12.515 12.312 12.48 12.32 12.02 11.98 11.93 11.782 11.655 14.625
16.107 16.027 16.027 15.865 15.867 15.825 15.827 16.075 18.93 18.997 19.837 16.032 15.232 15.277 15.14 15.107 17.365 20.737 17.245 20.007 14.705 14.477 14.797 15.172 16.617 14.942 14.752 14.44 14.15 14.15 14.262 14.165 14.082 14.022 14.07 14.06 13.982 13.805 13.772 13.717 13.642 15.55 21.33 16.147 13.82 13.552 13.507 13.302 13.222 13.092 13.132 12.91 12.807 12.935 12.995 12.895 12.732 13.155 12.995 12.945 13.365 12.407 13.415 12.772 12.657 12.452 12.45 12.202 12.067 11.917 13.015 12.657 15.117 20.477
16.08 16.092 16.025 15.967 15.907 15.98 16 15.732 15.945 15.752 16.415 15.375 15.347 15.23 15.287 16.052 17.172 17.977 18.1 15.795 14.637 14.662 15.042 15.435 15.965 14.96 14.97 14.667 14.312 14.187 14.172 14.252 14.185 14.11 14.132 14.14 13.95 13.82 13.802 13.857 13.7 17.755 13.977 13.902 13.695 13.735 15.942 17.565 13.255 13.067 13.057 12.895 13.017 12.952 12.88 12.97 12.865 12.955 12.96 12.86 12.76 13.392 12.732 12.92 12.695 12.487 12.647 12.232 12.06 15.182 15.765 14.245 20.615 20.082
16.195 16.13 16.082 16.05 15.96 16.88 19.952 15.73 15.702 15.772 15.565 15.552 15.555 15.287 15.237 15.247 18.417 15.295 18.43 14.757 14.73 15.105 15.402 15.092 15.225 15.325 15.135 14.71 14.417 14.277 14.15 14.107 14.267 14.132 14.127 14.095 14.065 13.98 13.867 13.837 13.885 13.875 13.987 14.265 13.865 15.647 22.415 19.075 14.395 13.195 13.075 13.032 13.215 13.022 12.997 13.01 12.957 13.122 13.062 12.812 13.265 12.932 12.635 12.55 12.432 12.647 12.41 12.075 12.075 13.225 17.202 18.992 24.435 23.655
16.222 16.257 16.262 16.172 16.077 16.145 16.992 17.142 15.77 15.915 15.68 15.607 15.697 15.88 15.44 15.565 18.167 15.207 14.925 14.745 15.092 15.59 15.712 15.53 15.392 15.272 14.942 14.515 14.46 14.565 14.252 14.142 14.105 14.157 14.18 14.155 14.297 14.28 13.932 13.79 13.892 14.03 14.85 15.067 13.762 16.667 23.282 20.94 13.6 13.267 13.252 13.45 13.187 13.107 12.937 13.142 13.01 13.12 12.84 13.085 12.927 12.877 12.745 12.735 12.76 12.625 12.267 12.217 12.215 14.485 23.457 17.217 17.707 13.725
16.21 16.245 16.305 16.297 16.087 16.077 17.077 15.96 16.037 16.365 15.747 15.65 15.575 15.977 17.627 19.502 18.592 17.407 14.812 14.895 15.507 15.997 15.845 15.6 15.377 15.015 14.655 14.635 14.705 14.452 14.402 14.425 14.16 14.17 14.477 14.605 14.38 14.41 14.02 13.91 14.187 14.072 14.222 14.015 14.952 19.037 19.435 18.76 13.265 13.262 13.135 13.5 13.412 13.02 13.03 13.147 13.02 13.097 13.62 12.77 12.872 12.745 12.77 12.695 13.387 12.552 12.46 12.265 12.215 12.232 19.42 17.505 17.532 12.925
16.337 16.28 16.322 16.427 16.195 16.132 16.042 15.932 15.987 15.812 15.742 15.685 15.612 15.897 17.942 20.495 19.495 15.875 14.907 15.342 15.712 15.777 15.917 15.72 15.582 15.102 14.782 14.965 14.945 14.53 14.69 14.627 14.41 14.117 14.28 14.652 14.272 14.272 14.015 14.287 14.275 14.362 14.645 13.785 13.572 14.247 14.082 13.815 13.435 13.402 13.532 13.47 13.282 13.072 13.13 13.1 13.13 14.302 12.752 16.04 12.907 12.792 12.905 13.377 13.137 12.49 12.282 12.2 12.325 12.53 12.335 12.205 12.202 13.727
16.482 16.355 16.357 16.375 16.267 16.155 15.987 15.98 16.17 15.88 15.805 15.705 15.787 15.937 16.982 17.922 16.632 15.05 15.192 15.775 15.76 15.71 15.97 15.765 15.677 14.942 14.825 15 15.03 14.85 15 14.625 14.467 14.227 14.09 14.145 14.28 14.262 14.137 14.142 14.457 14.35 13.87 14.037 13.6 13.577 13.612 13.937 13.795 13.507 13.775 13.43 13.615 13.272 13.327 13.23 13.182 13.045 12.797 14.002 13.347 13.32 12.705 12.635 12.48 12.355 12.307 12.305 12.362 12.4 12.232 12.207 13.575 12.062
16.47 16.442 16.362 16.365 16.337 16.205 16.132 16.055 16.2 16.042 15.935 15.822 15.752 15.887 15.745 15.657 15.187 15.207 15.625 15.947 15.687 15.742 15.765 15.69 15.57 15.027 14.76 14.76 14.9 15.055 14.845 14.535 14.527 14.7 14.312 14.08 14.11 14.337 14.675 14.467 14.482 14.547 13.985 13.817 13.642 13.515 13.582 13.542 13.495 13.59 13.46 13.362 13.287 13.292 13.485 13.157 12.997 12.995 12.892 12.805 12.822 14.75 12.827 12.545 12.58 12.467 12.315 12.35 12.417 12.405 12.27 12.165 12.172 12.14
16.472 16.5 16.41 16.552 16.567 16.322 16.265 16.312 16.257 16.002 16.077 15.907 16.145 16.11 15.875 15.435 15.265 15.592 16.01 15.93 15.8 15.75 15.847 15.675 15.407 15.057 14.91 14.977 14.895 14.722 14.64 14.585 14.705 14.867 14.542 14.272 14.052 14.155 14.497 14.28 14.695 14.32 13.985 13.907 13.63 13.572 13.667 13.627 13.625 13.595 13.425 13.282 13.307 13.34 13.387 13.212 13.09 12.91 12.95 12.737 12.665 14.08 13.002 12.955 12.665 12.422 12.31 12.377 12.452 12.535 12.542 12.382 12.112 12.17
16.492 16.45 16.48 16.577 16.587 16.47 16.252 16.465 16.152 16.017 15.975 16.112 16.127 16.03 15.822 15.4 15.492 16.047 15.917 15.885 15.975 15.84 15.63 15.62 15.467 15.1 14.955 15.28 15.037 14.605 16.43 17.94 14.592 14.567 14.4 14.415 14.612 14.017 14.272 14.392 14.535 14.247 14.012 13.852 13.755 13.662 13.77 13.685 13.597 13.615 13.457 13.355 13.397 13.427 13.745 13.325 13.052 12.967 12.932 12.73 12.697 12.715 13.145 13.605 12.457 12.315 12.31 12.362 12.247 12.395 12.4 12.55 12.207 12.21
16.505 16.455 16.512 16.532 16.675 16.567 16.475 16.622 16.257 16.12 16.002 16.015 15.925 15.83 15.602 15.67 15.952 16.145 15.8 15.59 15.55 15.695 15.61 15.652 15.59 15.435 15.232 16.005 18.465 17.34 20.552 14.61 14.617 14.56 14.465 14.697 14.425 14.282 13.997 14.09 14.272 14.092 14.457 13.805 13.745 13.887 13.915 13.702 13.647 13.612 13.49 13.465 13.37 13.487 13.402 13.195 13.027 12.912 12.992 12.787 12.752 12.665 12.57 12.58 12.42 12.412 12.407 12.407 12.192 12.302 12.467 12.355 12.315 12.49
16.562 16.58 16.557 16.552 16.67 16.555 16.952 16.615 16.195 16.275 16.18 16.072 16.002 15.705 15.575 15.9 16.137 16.072 16.812 15.515 15.455 15.522 15.585 15.89 15.66 15.075 15.215 15.015 17.12 20.367 21.742 24.977 24.1 26.88 14.507 14.45 14.397 14.325 14.11 13.882 13.97 14.002 13.95 13.895 13.837 13.77 13.882 13.745 13.635 13.52 13.395 13.402 13.407 13.462 13.525 13.24 13.05 13.237 12.977 12.855 13.105 12.68 12.66 12.527 12.515 12.482 12.442 12.417 12.282 12.215 12.292 12.475 12.395 12.482
16.677 16.687 16.502 16.482 16.982 16.567 16.96 17.425 16.215 16.357 16.517 16.237 16.067 15.567 15.937 16.06 16.105 16.655 18.587 18.53 16.857 15.587 15.627 15.587 18.46 18.37 17.07 20.595 21.967 21.322 26.087 28.505 22.12 21.88 16.565 14.457 14.36 14.392 14.2 14.045 13.872 13.957 14.027 14.202 13.825 13.827 13.757 13.805 13.68 13.677 13.505 13.557 13.4 13.422 13.282 13.227 13.85 13.172 12.88 12.88 12.902 12.655 12.59 12.612 12.552 12.487 12.387 12.282 12.272 12.18 12.3 12.622 12.305 12.302
16.805 16.68 16.762 16.585 16.617 16.55 16.47 16.407 16.275 16.292 16.32 16.185 16.095 16.172 16.317 16.172 15.925 16.052 17.12 16.745 16.822 15.597 15.405 16.87 15.685 25.052 26.695 23.785 21.912 15.005 25.59 27.27 23.472 17.667 15.37 14.437 14.342 14.217 14.14 14.122 14.012 13.88 14.027 13.927 13.845 13.847 13.782 13.83 13.717 13.6 13.77 13.742 13.49 13.51 13.372 14.302 14.105 13.17 13.062 12.872 12.76 12.727 12.627 12.6 12.652 12.487 12.392 12.327 12.285 12.187 12.102 12.26 12.222 12.282
16.962 16.777 16.98 16.8 16.487 16.562 16.445 16.362 16.697 16.437 16.437 16.22 15.83 16.205 16.425 16.075 15.945 16.257 15.927 15.667 15.645 15.547 15.4 15.282 19.437 22.807 18.03 18.842 18.982 24.892 20.33 21.677 20.875 16.16 14.617 14.477 14.27 14.232 14.175 14.217 14.175 14.002 13.86 13.86 13.965 13.82 13.935 13.827 13.755 13.705 13.79 13.662 14.185 13.502 15.497 13.875 13.42 13.032 12.982 12.927 12.852 12.702 12.615 12.582 12.612 12.48 12.37 12.347 12.247 12.125 12.617 12.025 12.147 12.257
17.327 16.882 16.855 16.705 16.552 16.53 16.437 16.335 16.522 16.43 16.117 15.875 16.05 16.205 16.145 15.98 15.807 15.79 15.68 15.607 15.612 15.88 15.525 16.08 21.695 22.802 29.45 20.535 24.812 16.837 27.28 22.065 19.507 17.057 14.597 14.447 14.335 14.262 14.202 14.23 14.237 14.285 13.975 13.827 13.87 13.915 13.925 13.852 13.712 13.725 13.697 13.537 13.597 14.515 14.732 13.315 13.202 13.022 12.935 13.042 12.87 12.787 12.637 12.602 12.627 12.42 12.452 12.332 12.292 12.26 13.165 13.837 12.485 14.175
17.047 17.06 16.987 16.78 16.607 16.46 16.422 16.45 16.442 16.402 16.02 16.075 16.372 16.287 16.097 15.942 16.087 16.075 15.745 15.657 15.61 18.795 19.832 23.65 23.495 23.822 27.265 23.47 24.535 28.742 23.985 15.645 15.265 14.675 14.68 14.457 14.45 14.42 14.335 14.267 14.272 14.177 14.082 13.957 13.715 13.85 13.967 13.892 14.087 13.765 13.785 13.697 13.762 13.65 13.355 13.247 13.175 13.1 12.997 12.895 12.852 12.795 12.765 12.67 12.615 12.567 12.57 12.312 12.87 13.677 14.392 15.847 17.932 19.927
16.917 16.777 16.712 16.615 16.525 16.537 16.512 16.58 16.522 16.325 16.097 16.465 16.492 16.21 16.012 15.94 16.212 15.94 15.835 15.797 18.14 19.272 17.345 20.57 22.442 22.007 20.037 20.49 19.822 19.78 20.355 16.64 14.737 14.65 14.532 14.565 14.54 14.537 14.34 15.152 14.712 14.187 14.235 14.215 13.847 13.747 13.842 14.06 13.895 13.675 14.15 13.71 13.715 13.505 13.51 13.24 13.227 13.152 13.075 12.932 12.942 12.952 12.762 12.747 12.682 12.677 12.575 12.37 12.385 13.292 17.39 17.622 17.205 18.062
16.902 18.007 16.655 16.675 16.875 16.59 16.59 16.592 16.425 16.355 19.4 17.1 16.417 16.13 16.065 16.32 16.05 16.005 15.88 15.76 15.605 20.327 22.535 15.797 21.152 21.627 19.987 21.77 16.505 15.195 15.047 14.822 14.8 14.632 14.587 14.722 14.562 14.51 14.407 15.64 22.537 16.372 19.507 14.567 15.167 13.882 13.71 13.842 14.037 13.747 13.672 14.042 14.295 13.482 13.392 13.392 13.205 13.15 13.052 13.065 13.02 12.882 12.845 12.777 12.697 12.627 12.467 12.98 14.175 12.335 13.317 15.027 21.42 20.302
16.765 16.762 16.71 16.7 16.755 16.63 16.572 16.435 16.252 17.137 17.875 16.51 16.297 16.1 16.045 16.035 15.957 16.03 16.16 16.045 15.95 15.625 16.667 17.825 23.21 24.092 20.942 15.225 16.812 15.027 14.902 14.917 14.722 14.697 14.805 14.672 14.6 14.882 15.01 19.465 24.13 21.9 21.15 16.322 14.167 14.005 13.807 13.717 13.817 13.745 13.722 14.107 13.587 13.545 13.355 13.445 13.907 13.28 13.877 13.132 12.995 12.92 12.917 12.785 12.78 12.675 12.515 12.42 12.387 12.28 12.182 12.152 12.945 12.077
16.67 16.695 17.07 16.695 16.77 16.582 16.52 16.28 16.47 19.195 16.78 16.56 16.277 16.112 16.052 15.96 15.902 16.022 16.205 16.217 16.04 15.815 15.527 18.485 16.565 19.26 19.477 17.177 15.2 15.11 14.96 14.842 14.745 14.727 14.717 14.62 14.715 14.62 16.68 19.685 18.51 17.612 14.875 15.91 14.022 13.97 13.937 13.812 13.692 13.77 13.757 13.667 13.667 13.475 13.432 13.407 13.475 13.682 21.39 16.162 13.15 12.975 12.905 12.852 12.805 12.747 12.647 12.465 12.405 12.31 12.265 12.257 12.082 12.015
16.727 17.025 17.315 18.562 16.897 16.612 16.405 16.315 17.48 19.647 17.347 16.305 16.177 16.06 16.047 15.977 15.94 16.042 16.07 16.042 15.967 15.72 16.205 25.272 23.805 21.015 21.795 17.807 17.442 15.045 14.955 14.825 14.89 14.797 14.745 14.68 14.59 14.552 14.442 15.45 15.205 14.21 14.215 14.182 14.095 14.015 14.565 14.095 13.765 13.665 13.682 13.667 13.662 13.49 13.61 13.45 13.377 13.292 17.48 21.255 13.165 12.997 12.862 12.965 12.89 12.817 12.757 12.575 12.515 20.607 15.987 12.255 12.91 12.352
16.827 17.537 18.775 27.697 16.785 16.487 16.31 16.667 17.225 21.765 18.297 16.33 16.31 16.217 16.007 15.917 16.007 16 15.977 16.022 15.877 15.677 15.642 18.88 21.53 20.485 15.337 15.312 15.247 15.107 14.975 14.902 14.877 14.832 14.747 14.69 14.64 14.52 14.457 14.432 14.457 14.527 14.285 14.187 14.12 14.125 14.217 14.037 13.97 13.732 13.682 13.707 13.615 13.547 13.672 13.432 13.467 13.327 13.212 13.457 13.125 13.05 12.985 12.972 13.027 12.75 13.08 12.675 15.842 19.1 15.665 12.197 12.167 12.742
16.82 16.835 16.79 18.315 16.78 16.455 16.635 17.005 16.722 16.79 16.447 16.325 16.402 16.227 15.992 15.985 16.162 16.04 16.045 15.99 15.83 15.682 15.7 17.237 17.707 15.41 15.34 15.247 15.107 15.085 15.012 14.947 14.887 14.817 14.75 14.682 14.682 14.597 14.65 14.442 14.38 14.357 14.267 14.232 14.292 14.217 14.147 14.162 14.512 13.925 13.675 13.67 13.6 13.655 13.652 13.477 13.495 13.365 13.267 13.217 13.105 13.002 12.982 12.962 12.805 12.81 14.36 14.945 16.86 14.71 12.89 12.257 12.185 12.072
