All_lidar/sz5588_DSM_2M.asc
ncols 500
nrows 500
xllcorner    455000
yllcorner    88000
cellsize     2
NODATA_value -9999
[rows 256 to 287 of 500, columns 288 to 359 of 500]
34.928 34.833 34.735 34.648 34.545 34.453 34.348 34.273 34.203 34.09 33.965 33.878 33.785 33.698 33.603 33.498 33.41 33.295 33.143 33.005 32.88 32.79 32.669 32.576 32.415 32.256 32.113 32.003 31.835 31.723 31.624 31.516 31.422 31.365 31.751 32.356 31.723 31.455 31.762 30.386 30.309 29.997 29.94 29.799 29.476 29.292 31.786 30.883 28.726 28.479 28.331 28.091 28.151 27.68 27.355 27.08 26.753 26.458 29.103 26.145 25.78 25.458 26.043 26.901 26.535 26.725 27.476 27.147 31.798 27.314 27.603 28.784
34.945 34.84 34.735 34.653 34.553 34.443 34.375 34.303 34.188 34.095 33.99 33.9 33.795 33.703 33.618 33.525 33.405 33.27 33.155 33.043 32.93 32.78 32.685 32.6 32.421 32.281 32.16 32.01 31.852 31.702 31.604 31.501 31.424 31.367 31.563 32.852 31.548 31.261 30.502 30.406 30.534 30.271 29.779 29.724 29.475 29.684 29.951 29.522 28.764 28.553 29.12 30.674 27.876 27.64 28.32 27.055 26.848 26.543 26.703 29.635 30.153 27.341 25.987 26.381 26.239 26.444 26.849 27.784 27.429 27.353 27.501 28.056
34.935 34.83 34.758 34.68 34.605 34.48 34.393 34.275 34.193 34.105 34.01 33.925 33.798 33.723 33.608 33.52 33.425 33.318 33.183 33.078 32.943 32.798 32.668 32.569 32.439 32.263 32.135 32.016 31.865 31.713 31.619 31.505 31.434 32.009 33.8 31.918 31.769 31.223 30.473 30.274 30.516 30.396 29.953 29.74 29.483 29.661 29.235 28.972 28.751 28.564 28.377 28.149 28.158 28.01 27.573 27.135 26.883 27.085 27.431 30.084 32.341 28.175 29.412 26.479 26.256 26.577 29.16 27.964 27.381 27.438 27.482 27.596
34.975 34.865 34.753 34.678 34.593 34.493 34.393 34.285 34.188 34.1 34.015 33.93 33.83 33.715 33.603 33.525 33.405 33.325 33.168 33.07 32.938 32.783 32.678 32.595 32.43 32.273 32.127 31.969 31.832 31.744 31.642 31.549 31.537 33.405 34.655 35.487 33.928 31.486 31.881 30.305 30.084 29.878 29.795 29.524 29.453 29.25 29.034 28.901 28.794 28.604 28.513 28.268 27.953 27.59 27.395 27.108 27.095 28.152 26.831 31.039 33.86 27.504 26.454 26.151 26.402 27.792 33.004 34.163 29.954 27.482 27.759 27.759
35.008 34.883 34.783 34.695 34.618 34.503 34.423 34.31 34.218 34.14 34.048 33.908 33.825 33.74 33.643 33.555 33.408 33.318 33.198 33.07 32.945 32.805 32.658 32.608 32.443 32.283 32.126 31.974 31.82 31.704 31.623 31.543 31.48 33.502 34.268 39.843 37.186 32.545 30.779 30.361 30.066 30.121 29.879 29.552 29.473 29.259 29.491 28.917 28.785 29.14 28.474 28.075 27.938 27.635 27.293 27.087 26.918 26.822 29.13 30.929 31.384 29.098 27.042 27.114 27.424 27.909 33.087 36.303 31.519 29.042 27.674 27.804
35.058 34.92 34.848 34.74 34.635 34.523 34.458 34.35 34.245 34.17 34.08 33.98 33.83 33.763 33.653 33.555 33.435 33.313 33.193 33.1 32.958 32.82 32.698 32.59 32.44 32.278 32.125 31.968 31.821 31.723 31.611 31.542 31.471 35.216 36.588 40.212 40.8 35.135 31.268 30.825 30.053 29.876 29.65 29.516 29.275 29.19 29.032 28.881 28.742 28.573 28.295 28.086 27.893 28.384 34.608 27.756 26.877 26.779 27.852 33.605 32.668 29.851 28.112 31.705 32.653 27.956 32.67 36.438 32.373 31.638 29.446 28.373
35.078 34.985 34.875 34.785 34.688 34.57 34.488 34.383 34.275 34.195 34.08 33.995 33.865 33.778 33.673 33.598 33.475 33.333 33.22 33.113 32.973 32.835 32.728 32.623 32.45 32.303 32.173 32.009 31.84 31.729 31.623 31.569 31.497 33.768 38.1 43.707 44.927 40.09 33.15 30.347 30.873 30.128 29.628 29.697 29.206 29.089 28.935 28.832 28.667 28.499 29.454 29.19 28.076 28.726 30.317 27.374 27.41 27.605 29.382 35.613 36.245 30.021 28.601 31.755 35.803 33.359 31.405 36.063 32.853 34.172 33.707 28.509
35.108 35.003 34.878 34.785 34.69 34.6 34.508 34.39 34.275 34.2 34.123 33.993 33.9 33.803 33.733 33.638 33.505 33.365 33.243 33.13 32.99 32.85 32.74 32.673 32.465 32.335 32.198 32.025 31.887 31.784 31.68 31.566 31.51 31.746 34.156 40.173 40.986 39.932 33.951 30.336 30.279 30.603 30.414 29.665 29.412 29.297 28.94 29.336 28.973 29.192 35.801 35.09 28.129 31.321 32.996 29.103 27.752 28.314 27.509 33.064 33.592 27.818 28.522 31.39 33.9 38.137 33.182 29.57 30.965 32.259 31.21 28.043
35.13 35.035 34.91 34.825 34.718 34.6 34.533 34.42 34.318 34.25 34.153 34.028 33.925 33.84 33.74 33.623 33.523 33.398 33.275 33.143 32.978 32.863 32.748 32.66 32.46 32.325 32.178 32.043 31.913 31.78 31.711 31.601 31.507 31.638 32.646 36.726 37.461 38.686 32.215 30.412 30.093 29.959 30.067 29.993 31.674 29.578 35.044 34.891 28.811 29.52 29.885 30.127 30.587 28.934 28.56 29.259 27.111 27.87 26.688 26.673 28.972 27.984 26.545 29.968 32.649 33.13 31.088 29.935 31.954 31.568 29.751 28.899
35.155 35.018 34.95 34.833 34.763 34.675 34.538 34.47 34.365 34.26 34.198 34.058 33.958 33.875 33.775 33.635 33.55 33.425 33.28 33.14 33.01 32.888 32.778 32.65 32.515 32.37 32.205 32.088 31.91 31.783 31.729 31.648 31.544 31.59 32.314 33.214 35.578 37.093 33.671 31.56 30.204 30.536 29.796 29.525 29.756 29.687 33.368 30.1 31.953 30.784 30.352 28.961 27.883 27.658 27.564 28.857 27.139 27.034 26.788 26.514 26.692 26.645 27.378 30.236 31.792 32.408 30.157 32.619 31.768 31.789 29.102 32.406
35.165 35.088 34.985 34.87 34.77 34.713 34.575 34.485 34.378 34.293 34.193 34.07 33.988 33.865 33.768 33.673 33.575 33.453 33.293 33.173 32.993 32.883 32.795 32.685 32.513 32.405 32.228 32.084 31.916 31.812 31.746 31.659 31.582 31.982 32.672 31.416 31.694 36.388 36.143 35.853 32.005 30.18 29.879 29.529 29.83 29.871 29.804 28.849 29.433 29.913 28.929 29.422 27.988 27.756 27.49 27.486 27.172 27.068 31.388 29.06 27.586 27.332 27.723 29.914 33.689 33.123 32.156 28.686 36.162 36.097 36.925 34.567
35.173 35.095 34.988 34.885 34.785 34.7 34.598 34.485 34.413 34.31 34.22 34.108 33.985 33.888 33.78 33.68 33.57 33.458 33.278 33.175 33.055 32.908 32.805 32.67 32.5 32.364 32.217 32.074 31.916 31.846 31.743 31.668 31.609 31.788 32.941 31.529 31.087 32.499 35.821 35.911 32.195 29.943 29.749 29.586 29.402 29.534 29.051 28.942 28.767 28.823 28.517 28.158 27.97 27.782 27.552 27.334 28.853 28.694 29.285 27.159 26.39 28.416 31.174 32.881 29.626 29.009 31.773 36.759 34.975 39.088 35.885 37.643
35.183 35.105 35.008 34.9 34.805 34.698 34.605 34.495 34.42 34.335 34.235 34.11 34.003 33.913 33.795 33.673 33.59 33.47 33.305 33.179 33.04 32.922 32.831 32.716 32.562 32.394 32.221 32.091 31.939 31.826 31.755 31.667 31.617 31.656 31.557 31.461 33.334 34.478 33.916 33.649 30.557 30.093 30.329 29.528 29.354 29.226 29.143 28.952 28.79 28.811 28.363 28.137 28.001 27.784 27.592 27.31 27.226 29.45 29.728 27.606 27.512 28.673 29.964 28.995 27.807 29.741 36.648 39.048 33.531 33.993 30.92 33.255
35.19 35.09 34.985 34.895 34.78 34.695 34.59 34.508 34.41 34.33 34.243 34.135 34.008 33.915 33.798 33.71 33.594 33.459 33.316 33.2 33.03 32.915 32.824 32.691 32.535 32.407 32.247 32.111 31.953 31.805 31.762 31.697 31.648 32.446 34.43 35.482 35.905 34.278 30.986 30.479 30.42 30.77 30.353 29.528 29.333 29.928 29.134 29.073 28.823 28.599 28.457 28.294 28.06 27.752 27.56 27.378 27.345 31.636 28.736 30.138 39.382 33.65 33.314 32.872 33.728 33.482 36.076 34.884 37.99 36.169 30.136 28.401
35.2 35.088 35.025 34.903 34.788 34.708 34.625 34.52 34.445 34.328 34.213 34.12 34.012 33.907 33.782 33.72 33.569 33.437 33.321 33.192 33.03 32.917 32.815 32.67 32.527 32.416 32.263 32.092 31.937 31.837 31.765 31.701 31.736 32.944 37.884 39.927 40.671 36.833 30.973 30.471 30.291 32.562 29.762 29.504 29.381 29.292 29.208 29.091 28.958 28.658 28.411 28.289 28.038 28.702 27.636 27.469 27.313 33.899 33.299 36.547 37.099 34.38 35.216 36.631 40.153 36.562 34.983 42.366 38.635 37.2 35.14 34.281
35.208 35.08 35.008 34.93 34.808 34.7 34.618 34.518 34.412 34.32 34.234 34.1 34.004 33.912 33.784 33.687 33.562 33.426 33.306 33.192 33.034 32.92 32.826 32.671 32.532 32.394 32.259 32.12 31.948 31.839 31.772 31.713 32.581 35.669 43.429 44.772 43.841 37.571 31.35 30.342 30.185 30.162 30.205 29.584 29.387 29.306 29.235 29.151 28.88 28.643 28.429 28.966 28.085 28.172 27.844 27.48 27.363 30.227 32.394 43.579 46.653 42.82 35.339 37.636 37.05 36.995 41.035 37.595 33.858 34.738 30.17 28.325
35.223 35.123 35.02 34.933 34.818 34.735 34.614 34.521 34.423 34.33 34.236 34.131 34.014 33.906 33.796 33.695 33.56 33.436 33.298 33.195 33.036 32.924 32.803 32.633 32.528 32.384 32.239 32.098 31.938 31.83 31.775 31.721 31.782 36.356 39.853 41.422 39.684 34.462 31.208 30.566 30.158 30.349 30.194 29.833 29.404 29.334 29.108 29.042 28.897 28.644 28.467 28.278 28.238 27.956 27.716 27.479 27.344 29.464 34.478 36.619 42.962 34.238 33.474 39.618 37.22 40.683 34.6 36.055 30.018 39.33 32.2 39.658
35.218 35.113 34.995 34.897 34.811 34.718 34.597 34.52 34.429 34.328 34.215 34.125 34.019 33.888 33.771 33.65 33.552 33.431 33.297 33.169 33.048 32.9 32.783 32.643 32.529 32.388 32.219 32.071 31.924 31.87 31.78 31.738 31.74 34.327 35.239 39.278 43.131 39.213 33.775 30.478 30.344 30.083 29.974 29.601 29.425 29.211 29.078 29.021 28.944 28.671 28.653 28.594 34.386 34.733 29.762 27.54 27.885 27.891 29.106 38.715 37.804 26.793 26.925 32.15 37.163 34.853 32.64 35.885 37.76 33.023 37.028 44.87
35.219 35.136 35.015 34.907 34.809 34.72 34.622 34.509 34.434 34.333 34.22 34.106 33.998 33.897 33.795 33.687 33.555 33.394 33.29 33.173 33.024 32.916 32.781 32.664 32.528 32.374 32.2 32.052 31.914 31.86 31.815 31.733 31.724 32.223 33.003 38.851 40.298 36.369 32.133 30.304 30.233 29.997 29.942 29.595 29.403 29.328 29.156 29.072 29.028 28.788 28.794 28.417 29.455 27.884 28.998 27.589 27.629 29.331 28.723 28.106 26.983 26.793 27.863 28.415 34.178 32.628 35.81 40.113 34.568 35.365 37.543 40.553
35.234 35.127 35.012 34.926 34.828 34.724 34.637 34.523 34.436 34.331 34.235 34.133 34.013 33.893 33.796 33.689 33.563 33.42 33.3 33.151 33.019 32.919 32.786 32.703 32.593 32.44 32.306 32.057 31.909 31.865 31.818 31.724 31.696 32.2 38.071 40.971 40.448 36.103 31.331 30.862 30.239 30.006 29.841 29.578 29.521 29.4 29.26 29.174 28.805 28.666 28.472 28.309 31.465 30.5 29.293 27.723 31.335 29.958 27.188 27.455 28.2 27.528 27.298 28.018 29.415 31.94 37.108 36.048 30.245 39.188 45.32 43.948
35.234 35.143 35.026 34.941 34.829 34.733 34.634 34.541 34.452 34.36 34.236 34.136 34.046 33.919 33.817 33.706 33.57 33.426 33.299 33.158 33.025 32.905 32.811 32.706 32.542 32.383 32.235 32.059 31.942 31.864 31.847 31.743 31.742 31.977 38.314 38.66 42.126 36.924 32.115 33.479 30.214 30.446 33.166 29.706 29.626 29.292 29.185 29.117 28.85 29.273 28.468 28.563 28.158 27.935 28.908 36.315 36.315 33.86 28.9 26.908 30.4 33.135 28.37 27.828 30.7 37.61 33.983 41.163 32.62 34.218 36.795 32.17
35.235 35.149 35.038 34.952 34.837 34.768 34.657 34.562 34.448 34.363 34.26 34.143 34.033 33.939 33.826 33.705 33.585 33.436 33.315 33.184 33.052 32.934 32.782 32.663 32.529 32.391 32.239 32.05 31.962 31.888 31.842 31.754 31.732 32.517 32.816 32.018 32.751 33.069 36.167 39.152 31.951 31.675 33.987 29.615 29.48 29.265 29.103 28.975 28.893 28.745 28.51 28.4 28.155 27.993 29.975 33.028 29.39 30.485 35.51 32.53 29.893 29.755 28.783 30.183 33.32 39.07 47.155 42.953 36.948 43.51 36.553 38.148
35.243 35.138 35.051 34.959 34.871 34.76 34.66 34.565 34.472 34.373 34.262 34.147 34.022 33.92 33.842 33.702 33.573 33.434 33.319 33.189 33.049 32.929 32.779 32.638 32.514 32.386 32.226 32.071 31.987 31.915 31.831 31.758 31.759 32.899 31.686 33.1 35.05 32.655 34.403 34.12 31.348 30.043 31.47 34.243 29.55 29.305 30.375 29.288 28.835 28.658 28.475 28.525 33.193 29.613 30.27 30.628 28.803 26.953 29.085 35.358 30.148 29.99 27.7 27.565 31.555 34.915 42.103 34.375 35.225 42.84 41.48 34.325
35.248 35.151 35.04 34.947 34.87 34.76 34.658 34.567 34.465 34.374 34.257 34.153 34.039 33.92 33.82 33.705 33.583 33.45 33.318 33.175 33.044 32.935 32.797 32.656 32.525 32.369 32.222 32.075 32.014 31.915 31.855 31.792 31.817 32.812 36.327 38.22 40.29 39.433 38.768 30.643 30.205 30.198 29.828 29.663 29.528 30.005 29.348 29.343 28.84 28.66 28.965 28.29 29.575 29.17 27.845 27.59 28.38 30.805 27.163 39.233 39.225 33.668 29.3 35.17 32.288 32.068 37.34 43.85 44.578 36.77 32.338 32.738
35.266 35.161 35.04 34.96 34.874 34.773 34.661 34.57 34.479 34.368 34.257 34.153 34.037 33.927 33.84 33.719 33.615 33.455 33.317 33.193 33.052 32.945 32.788 32.667 32.567 32.384 32.23 32.054 32.005 31.933 31.879 31.81 31.833 35.025 38.49 42.093 40.595 39.485 35.305 31.133 31.053 30.255 29.798 29.748 29.553 29.298 29.155 29.163 28.888 28.64 28.448 28.293 28.54 28.203 27.838 27.645 29.503 27.31 26.61 36.78 38.745 34.333 32.373 38.103 35.433 28.32 33.548 37.183 32.888 28.878 29.168 32.163
35.284 35.171 35.071 34.992 34.895 34.807 34.686 34.599 34.495 34.375 34.283 34.178 34.049 33.935 33.838 33.715 33.591 33.467 33.336 33.175 33.072 32.934 32.807 32.67 32.526 32.381 32.217 32.043 32.035 31.993 31.878 31.853 31.863 32.718 38.53 39.325 39.513 33.758 30.663 30.578 30.595 29.95 29.828 31.198 34.51 29.35 29.2 29.035 28.995 28.705 28.46 28.34 29.278 29.843 28.34 27.643 29.863 27.418 26.588 29.585 30.11 32.888 32.878 35.408 32.58 28.01 28.895 28.543 28.558 28.635 28.703 29.283
35.286 35.187 35.102 34.998 34.911 34.817 34.709 34.601 34.49 34.391 34.289 34.163 34.047 33.959 33.863 33.739 33.612 33.466 33.365 33.212 33.107 32.962 32.85 32.695 32.515 32.39 32.233 32.075 32.033 32.003 31.908 31.868 31.928 33.578 37.85 37.395 39.365 34.63 30.64 30.505 30.355 30.143 29.885 37.083 34.818 29.43 30.003 28.998 28.818 28.718 28.545 28.378 28.195 28.058 27.795 27.603 27.603 27.283 26.73 27.225 33.395 36.115 32.485 31.18 29.893 28.35 28.073 28.275 28.418 28.51 28.643 28.83
35.29 35.189 35.089 34.999 34.902 34.801 34.704 34.604 34.506 34.402 34.299 34.183 34.053 33.958 33.87 33.772 33.62 33.469 33.358 33.23 33.103 32.983 32.835 32.665 32.525 32.368 32.21 32.083 32.058 31.985 31.925 31.88 32.78 36.648 39.655 43.21 37.3 36.365 30.645 30.533 30.34 30.068 29.88 30.823 29.558 29.388 30.123 29.115 29.425 28.64 28.515 28.963 28.398 28.06 28.285 27.675 29.238 27.235 27.17 28.36 27.783 30.178 27.358 27.628 27.738 27.933 28.168 28.225 28.428 28.505 28.608 29.965
35.288 35.204 35.107 34.99 34.911 34.809 34.701 34.608 34.528 34.399 34.299 34.199 34.103 33.977 33.864 33.776 33.653 33.5 33.348 33.203 33.135 32.985 32.845 32.693 32.55 32.39 32.235 32.138 32.045 32.01 31.935 31.91 32.515 37.113 40.46 42.558 39.06 34.063 30.65 30.558 30.203 30.183 29.92 29.75 31.538 29.505 29.195 29.678 30.618 29.768 28.625 29.58 29.21 28.788 27.765 28.21 28.95 27.183 27.118 28.883 33.97 27.908 28.563 28.673 28.335 28.64 28.09 28.233 28.35 28.89 28.635 29.37
35.291 35.204 35.11 35.017 34.92 34.833 34.729 34.623 34.521 34.423 34.33 34.211 34.099 33.993 33.883 33.778 33.67 33.495 33.353 33.238 33.118 32.958 32.853 32.72 32.553 32.395 32.243 32.168 32.055 32.025 31.955 31.953 32.685 37.008 40.18 41.21 38.29 33.4 30.655 30.455 30.295 30.083 29.863 29.72 29.555 30.028 30.81 29.21 28.948 28.83 28.655 28.66 28.995 29.535 29.3 30.368 33.395 27.535 26.86 28 27.425 27.44 27.903 32.355 33.3 31.105 28.678 28.373 28.465 28.543 28.688 28.888
35.324 35.214 35.12 35.011 34.914 34.826 34.729 34.65 34.543 34.438 34.318 34.215 34.108 34.008 33.878 33.78 33.65 33.525 33.378 33.23 33.11 32.978 32.875 32.73 32.568 32.388 32.253 32.165 32.088 32.045 32.01 32.055 33.138 36.125 37.038 38.623 34.023 31.023 30.788 30.478 30.32 30.178 29.92 29.743 33.318 29.58 29.325 32.118 30.268 28.9 28.693 35.495 29.575 34.455 29.518 29.065 30.058 29.055 26.755 27.365 27.413 27.295 27.553 30.583 37.578 34.953 31.633 29.945 33.7 33.45 30.468 30.145
35.328 35.239 35.115 35.015 34.922 34.826 34.728 34.643 34.528 34.418 34.308 34.208 34.125 33.995 33.91 33.773 33.643 33.488 33.355 33.243 33.125 32.985 32.875 32.693 32.555 32.403 32.3 32.21 32.11 32.065 32.025 32.078 32.76 32.723 32.158 32.115 31.61 31.118 30.883 30.478 30.385 30.168 30.03 29.82 30.428 29.658 29.963 30.605 29.385 29.513 29.038 30.915 36.793 34.575 35.31 31.725 30.148 32.59 27.508 28.085 27.285 27.215 27.453 29.443 32.415 29.74 30.5 42.268 48.893 40.758 30.998 29.44
