All_lidar/sz5589_DSM_2M.asc
ncols 500
nrows 500
xllcorner    455000
yllcorner    89000
cellsize     2
NODATA_value -9999
[rows 288 to 319 of 500, columns 355 to 425 of 500]
17.887 17.914 17.904 17.817 17.772 17.707 17.672 17.629 17.574 17.534 17.529 17.467 17.434 17.409 17.357 17.307 17.269 17.204 17.129 17.094 17.044 17.002 16.934 16.914 16.857 16.754 16.729 16.662 16.607 16.544 16.484 16.412 16.274 16.244 16.172 15.972 15.894 15.774 15.577 15.422 15.274 15.009 14.939 14.824 14.547 14.379 14.134 14.217 13.989 14.332 13.922 13.154 12.954 12.804 12.632 12.529 12.339 12.209 12.134 12.027 12.022 12.124 11.599 13.469 13.172 12.154 11.642 11.674 11.787 11.992 12.234
17.887 17.882 17.929 17.854 17.789 17.707 17.694 17.632 17.599 17.629 17.749 17.579 17.552 17.647 17.557 17.877 17.979 17.767 18.019 18.094 18.272 18.574 18.457 18.442 17.814 17.862 17.762 17.679 17.374 17.702 17.512 17.464 17.127 17.357 16.987 18.104 16.704 17.899 16.342 16.009 16.017 16.254 16.209 16.347 15.769 15.782 15.339 15.457 15.244 16.747 15.464 14.069 14.094 13.527 13.454 13.487 13.159 12.914 12.677 12.469 12.564 12.809 11.699 12.184 11.989 12.187 12.019 12.034 11.812 12.014 12.249
18.042 18.164 18.027 18.207 18.397 18.539 18.602 18.864 18.752 19.299 19.182 18.969 19.529 19.812 19.314 19.549 19.537 19.274 19.282 19.244 19.234 19.307 18.789 18.687 18.717 18.587 17.984 18.644 19.717 18.119 19.049 17.284 17.092 16.754 16.999 17.104 17.319 18.012 17.069 16.547 16.419 16.247 15.829 15.584 15.317 14.947 14.877 14.309 14.137 13.894 13.324 13.154 13.082 12.967 12.752 12.654 12.442 12.394 13.734 12.222 12.059 11.814 11.544 11.592 11.202 12.399 14.924 11.722 11.904 12.382 12.267
19.142 19.457 19.859 19.679 19.379 19.184 19.109 18.902 18.549 18.849 19.002 18.692 19.097 18.792 18.534 18.317 18.129 18.294 18.084 18.054 17.884 17.907 17.532 17.484 17.487 17.264 17.047 16.727 16.524 16.439 16.437 16.279 16.189 16.057 15.997 15.857 15.669 15.472 15.304 15.142 14.924 14.757 14.549 14.342 14.132 13.929 13.747 13.594 13.414 13.252 13.074 12.899 12.789 12.604 12.447 12.302 12.192 12.082 12.032 11.912 11.827 11.799 11.667 11.534 11.439 16.099 13.197 12.492 12.254 14.139 13.449
19.404 19.079 18.439 18.159 17.867 17.734 17.702 17.574 17.564 17.552 17.504 17.459 17.472 17.352 17.327 17.277 17.252 17.202 17.152 17.119 17.082 17.014 16.964 16.907 16.829 16.782 16.712 16.662 16.577 16.502 16.397 16.302 16.207 16.129 15.979 15.877 15.717 15.542 15.367 15.167 15.014 14.787 14.614 14.429 14.209 13.992 13.792 13.614 13.452 13.297 13.107 12.877 12.764 12.624 12.459 12.327 12.224 12.119 12.024 11.962 11.857 11.789 11.684 11.877 12.689 15.742 12.092 13.029 12.464 13.344 13.447
17.902 17.892 17.862 17.859 17.809 17.767 17.739 17.697 17.672 17.647 17.582 17.557 17.474 17.447 17.402 17.369 17.312 17.272 17.254 17.194 17.149 17.104 17.054 16.989 16.959 16.882 16.804 16.722 16.649 16.579 16.497 16.407 16.319 16.192 16.094 15.949 15.854 15.642 15.464 15.274 15.107 14.924 14.704 14.512 14.274 14.099 13.882 13.699 13.529 13.354 13.182 12.994 12.824 12.639 12.487 12.324 12.197 12.082 11.974 11.889 11.817 11.769 11.687 11.667 12.179 13.069 11.242 13.897 11.764 13.254 14.034
17.987 17.989 17.994 17.977 17.924 17.882 17.844 17.789 17.732 17.714 17.659 17.597 17.562 17.487 17.482 17.447 17.419 17.367 17.329 17.264 17.229 17.154 17.104 17.052 16.989 16.962 16.879 16.809 16.694 16.622 16.539 16.462 16.384 16.237 16.134 16.007 15.857 15.712 15.552 15.369 15.179 14.987 14.774 14.574 14.344 14.117 13.934 13.717 13.519 13.337 13.147 12.954 12.797 12.584 12.434 12.257 12.117 11.969 11.907 11.862 11.812 11.784 11.647 11.514 13.297 11.794 14.847 14.519 13.902 13.284 14.877
18.082 18.069 18.062 18.009 17.949 17.914 17.867 17.819 17.767 17.744 17.704 17.637 17.577 17.512 17.467 17.454 17.387 17.342 17.317 17.222 17.174 17.134 17.117 17.047 16.987 16.959 16.874 16.827 16.702 16.629 16.527 16.462 16.352 16.254 16.119 16.014 15.867 15.734 15.562 15.407 15.177 14.977 14.782 14.599 14.344 14.084 13.882 13.679 13.484 13.319 13.109 12.907 12.712 12.539 12.384 12.164 11.999 11.867 11.832 11.779 11.797 11.694 11.594 13.182 13.637 11.694 11.384 13.037 13.622 13.827 14.469
18.129 18.112 18.084 17.972 17.942 17.902 17.859 17.839 17.764 17.717 17.652 17.584 17.522 17.499 17.414 17.407 17.377 17.327 17.264 17.202 17.174 17.122 17.084 17.029 16.987 16.962 16.914 16.807 16.719 16.619 16.547 16.464 16.399 16.277 16.167 16.019 15.894 15.782 15.614 15.447 15.234 15.027 14.817 14.604 14.347 14.052 13.884 13.672 13.497 13.287 13.094 12.859 12.667 12.469 12.297 12.104 11.929 11.854 11.834 11.737 11.674 11.589 12.477 14.419 12.624 12.249 11.352 11.592 13.347 14.594 13.247
18.089 18.057 18.024 17.977 17.929 17.892 17.869 17.827 17.747 17.722 17.662 17.612 17.524 17.464 17.424 17.384 17.357 17.352 17.302 17.227 17.202 17.139 17.092 17.032 16.982 16.999 16.927 16.854 16.764 16.689 16.597 16.524 16.414 16.319 16.194 16.087 15.929 15.772 15.627 15.487 15.327 15.094 14.839 14.614 14.359 14.089 13.862 13.642 13.444 13.234 13.017 12.822 12.612 12.432 12.224 12.044 11.919 11.864 11.822 11.704 14.492 13.079 14.704 14.097 12.037 11.989 11.559 11.994 12.617 12.454 12.709
18.149 18.099 18.062 18.012 17.989 18.004 17.987 17.912 17.862 17.784 17.704 17.624 17.534 17.474 17.462 17.404 17.387 17.372 17.334 17.302 17.212 17.159 17.124 17.092 17.057 16.992 16.949 16.879 16.814 16.744 16.644 16.517 16.444 16.342 16.219 16.089 15.934 15.794 15.637 15.499 15.344 15.087 14.854 14.617 14.364 14.084 13.819 13.612 13.399 13.172 12.964 12.769 12.567 12.359 12.144 12.032 11.912 11.874 12.389 11.674 16.382 11.824 15.624 18.372 11.594 11.592 11.722 11.964 12.222 12.484 12.774
18.157 18.117 18.069 18.054 18.024 17.997 17.957 17.914 17.857 17.802 17.729 17.674 17.567 17.509 17.447 17.427 17.422 17.379 17.357 17.299 17.252 17.212 17.169 17.109 17.044 17.019 16.959 16.909 16.854 16.749 16.654 16.567 16.474 16.362 16.227 16.079 15.959 15.807 15.652 15.504 15.337 15.117 14.874 14.619 14.334 14.059 13.784 13.564 13.354 13.114 12.929 12.709 12.522 12.304 12.162 12.004 11.919 11.852 13.094 12.627 14.592 13.679 12.842 11.722 11.657 11.727 11.912 12.127 12.359 12.597 12.822
18.209 18.164 18.101 18.076 18.029 17.984 17.926 17.914 17.849 17.836 17.769 17.709 17.619 17.519 17.456 17.439 17.401 17.356 17.331 17.306 17.264 17.224 17.156 17.099 17.054 17.006 16.959 16.896 16.816 16.754 16.644 16.559 16.444 16.339 16.181 16.049 15.969 15.794 15.629 15.476 15.309 15.061 14.836 14.556 14.241 13.991 13.726 13.504 13.259 13.036 12.866 12.661 12.446 12.224 12.104 11.994 11.886 11.814 11.759 11.639 11.606 13.851 13.004 12.776 11.751 11.809 12.011 12.271 12.486 12.696 12.901
18.229 18.186 18.151 18.079 18.026 17.989 17.996 17.946 17.906 17.851 17.801 17.774 17.701 17.596 17.491 17.464 17.416 17.386 17.314 17.324 17.296 17.229 17.161 17.134 17.074 17.026 16.961 16.886 16.816 16.754 16.649 16.571 16.429 16.291 16.159 16.041 15.931 15.766 15.606 15.441 15.256 15.029 14.749 14.469 14.184 13.939 13.686 13.404 13.211 12.976 12.779 12.586 12.381 12.161 12.061 11.949 11.879 11.794 11.731 11.816 12.384 12.499 12.279 11.911 12.096 12.094 12.266 12.434 12.551 12.769 13.021
18.241 18.181 18.154 18.099 18.076 18.044 18.006 17.966 17.929 17.884 17.851 17.809 17.761 17.656 17.564 17.494 17.446 17.434 17.396 17.359 17.306 17.236 17.206 17.139 17.076 17.004 16.934 16.889 16.814 16.774 16.654 16.524 16.389 16.274 16.164 16.021 15.889 15.746 15.579 15.419 15.194 14.941 14.686 14.414 14.121 13.879 13.634 13.396 13.104 12.909 12.684 12.524 12.364 12.171 12.021 11.924 11.841 11.779 11.711 12.041 12.546 11.951 12.676 13.431 11.904 12.074 12.311 12.481 12.624 12.846 13.036
18.236 18.194 18.166 18.136 18.079 18.069 18.026 18.009 17.976 17.909 17.906 17.861 17.791 17.699 17.614 17.544 17.484 17.444 17.384 17.356 17.326 17.276 17.229 17.164 17.069 16.999 16.966 16.889 16.844 16.754 16.614 16.516 16.391 16.279 16.141 16.011 15.846 15.711 15.524 15.339 15.126 14.894 14.626 14.346 14.086 13.831 13.589 13.319 13.049 12.829 12.609 12.461 12.331 12.139 11.996 11.889 11.816 11.746 11.654 12.099 13.711 12.354 14.306 11.814 11.949 12.146 12.339 12.521 12.701 12.884 13.129
18.221 18.224 18.179 18.139 18.086 18.079 18.031 18.036 18.036 17.979 17.951 17.886 17.814 17.741 17.634 17.621 17.529 17.459 17.439 17.406 17.391 17.326 17.241 17.151 17.089 17.019 16.954 16.886 16.829 16.744 16.616 16.509 16.399 16.266 16.114 15.996 15.851 15.676 15.471 15.261 15.069 14.839 14.589 14.316 14.066 13.806 13.544 13.246 12.991 12.779 12.601 12.444 12.269 12.084 11.976 11.884 11.809 11.734 11.761 12.169 11.894 12.744 11.841 11.796 11.984 12.196 12.379 12.579 12.731 12.946 13.136
18.256 18.236 18.204 18.171 18.156 18.144 18.114 18.099 18.109 18.031 17.949 17.911 17.856 17.831 17.734 17.626 17.554 17.506 17.476 17.434 17.381 17.356 17.261 17.204 17.141 17.041 16.961 16.879 16.806 16.721 16.619 16.511 16.384 16.229 16.089 15.969 15.799 15.629 15.416 15.241 15.034 14.796 14.549 14.286 14.024 13.791 13.481 13.214 12.981 12.754 12.586 12.409 12.204 12.086 11.981 11.916 11.794 11.759 12.304 11.856 13.684 14.096 11.969 11.871 12.019 12.249 12.459 12.606 12.759 12.959 13.161
18.286 18.259 18.216 18.221 18.221 18.189 18.136 18.121 18.106 18.066 18.036 17.981 17.921 17.884 17.816 17.691 17.621 17.554 17.526 17.436 17.381 17.329 17.299 17.239 17.144 17.084 16.949 16.861 16.796 16.706 16.616 16.514 16.384 16.221 16.086 15.956 15.784 15.599 15.416 15.211 14.981 14.759 14.511 14.271 14.001 13.744 13.464 13.194 12.969 12.734 12.539 12.319 12.131 12.064 11.984 11.891 11.836 11.794 13.239 13.116 13.381 11.841 12.436 12.486 12.066 12.301 12.461 12.614 12.794 12.976 13.199
18.331 18.294 18.286 18.266 18.246 18.189 18.174 18.141 18.114 18.139 18.059 18.029 17.961 17.931 17.841 17.789 17.661 17.599 17.536 17.441 17.401 17.386 17.356 17.276 17.164 17.041 16.974 16.876 16.816 16.744 16.639 16.519 16.389 16.246 16.064 15.921 15.754 15.609 15.419 15.186 14.951 14.724 14.491 14.254 14.014 13.734 13.456 13.189 12.969 12.701 12.479 12.251 12.111 12.051 11.994 11.899 11.821 11.876 12.799 12.829 13.869 14.004 12.936 11.986 12.116 12.344 12.496 12.611 12.826 13.011 13.224
18.344 18.324 18.281 18.266 18.219 18.194 18.131 18.101 18.109 18.096 18.049 18.021 17.964 17.941 17.864 17.826 17.741 17.604 17.521 17.484 17.424 17.409 17.376 17.226 17.146 17.046 16.959 16.886 16.831 16.771 16.654 16.546 16.376 16.234 16.084 15.946 15.791 15.621 15.384 15.141 14.939 14.694 14.451 14.199 13.944 13.694 13.421 13.174 12.921 12.636 12.426 12.241 12.119 12.034 12.004 11.939 11.866 11.856 13.396 18.086 17.239 15.316 12.779 11.931 12.156 12.376 12.506 12.641 12.846 13.054 13.266
18.446 18.371 18.344 18.306 18.256 18.206 18.196 18.149 18.171 18.126 18.124 18.061 18.021 17.986 17.894 17.826 17.726 17.631 17.539 17.504 17.429 17.404 17.364 17.249 17.141 17.029 16.961 16.884 16.796 16.721 16.634 16.509 16.379 16.221 16.076 15.904 15.786 15.581 15.311 15.096 14.864 14.591 14.374 14.134 13.924 13.664 13.381 13.084 12.831 12.584 12.389 12.219 12.099 12.061 12.009 11.931 11.886 11.884 14.711 16.701 14.866 11.674 11.949 12.041 12.196 12.354 12.521 12.694 12.869 13.086 13.256
18.519 18.409 18.394 18.331 18.271 18.234 18.216 18.206 18.206 18.151 18.169 18.116 18.066 18.034 17.951 17.891 17.814 17.691 17.624 17.554 17.481 17.426 17.371 17.279 17.176 17.121 17.026 16.949 16.871 16.774 16.644 16.546 16.406 16.286 16.126 15.951 15.779 15.549 15.304 15.046 14.826 14.591 14.334 14.091 13.856 13.629 13.301 13.019 12.769 12.554 12.364 12.169 12.084 12.064 12.011 11.936 11.919 12.174 13.516 19.009 16.939 12.089 12.371 12.144 12.281 12.449 12.574 12.726 12.909 13.101 13.309
18.521 18.434 18.386 18.299 18.311 18.304 18.259 18.221 18.211 18.189 18.169 18.121 18.074 18.046 17.994 17.929 17.864 17.766 17.656 17.554 17.471 17.411 17.351 17.311 17.224 17.141 17.056 16.964 16.871 16.784 16.666 16.566 16.476 16.304 16.144 15.956 15.771 15.524 15.261 15.004 14.779 14.534 14.259 14.024 13.816 13.554 13.291 12.971 12.754 12.551 12.301 12.141 12.061 12.016 12.024 11.969 11.966 12.001 12.946 13.476 14.719 13.479 16.981 14.139 12.354 12.511 12.611 12.764 12.951 13.156 13.316
18.489 18.461 18.394 18.371 18.356 18.321 18.296 18.264 18.221 18.204 18.179 18.121 18.076 18.049 18.021 17.979 17.916 17.774 17.654 17.574 17.471 17.404 17.349 17.291 17.221 17.136 17.066 16.941 16.851 16.761 16.686 16.581 16.466 16.319 16.144 15.954 15.704 15.461 15.186 14.941 14.684 14.451 14.184 13.939 13.736 13.491 13.214 12.959 12.691 12.481 12.279 12.104 12.054 12.031 12.034 12.021 11.994 11.934 12.076 11.534 14.761 12.204 13.114 12.809 12.414 12.521 12.669 12.806 13.011 13.194 13.406
18.486 18.519 18.491 18.461 18.404 18.379 18.369 18.324 18.291 18.241 18.201 18.174 18.136 18.124 18.091 18.019 17.944 17.826 17.671 17.571 17.491 17.414 17.374 17.319 17.254 17.126 17.029 16.926 16.871 16.774 16.689 16.586 16.459 16.299 16.096 15.876 15.629 15.401 15.121 14.869 14.609 14.369 14.124 13.859 13.646 13.374 13.159 12.904 12.641 12.431 12.261 12.101 12.066 12.026 12.081 11.989 12.634 12.111 11.924 11.854 12.461 12.599 12.181 12.271 12.421 12.534 12.696 12.876 13.054 13.266 13.446
18.531 18.519 18.516 18.454 18.439 18.404 18.399 18.349 18.319 18.251 18.219 18.194 18.171 18.154 18.111 18.041 17.941 17.829 17.714 17.609 17.491 17.449 17.356 17.354 17.269 17.161 17.066 16.974 16.929 16.819 16.711 16.621 16.446 16.271 16.049 15.849 15.599 15.346 15.076 14.836 14.531 14.291 14.069 13.806 13.599 13.331 13.119 12.861 12.589 12.381 12.249 12.171 12.166 12.051 12.061 12.021 13.069 12.341 11.919 12.136 15.009 12.749 12.509 12.296 12.466 12.554 12.714 12.884 13.074 13.314 13.479
18.559 18.566 18.564 18.496 18.481 18.436 18.391 18.354 18.339 18.259 18.241 18.191 18.179 18.116 18.069 17.996 17.889 17.816 17.686 17.589 17.504 17.429 17.339 17.296 17.216 17.126 17.046 16.966 16.881 16.791 16.654 16.546 16.389 16.186 15.976 15.754 15.521 15.236 14.966 14.696 14.426 14.189 13.949 13.729 13.514 13.259 13.046 12.816 12.551 12.371 12.269 12.184 12.106 12.109 12.059 12.151 14.494 11.969 12.896 12.986 14.469 13.011 12.261 12.406 12.506 12.601 12.784 12.954 13.141 13.334 13.546
18.611 18.589 18.626 18.544 18.496 18.454 18.384 18.371 18.344 18.294 18.256 18.181 18.144 18.086 18.031 17.954 17.876 17.844 17.726 17.614 17.526 17.441 17.344 17.281 17.234 17.149 17.046 16.979 16.881 16.781 16.646 16.496 16.321 16.131 15.894 15.664 15.401 15.139 14.861 14.611 14.356 14.096 13.859 13.646 13.404 13.219 12.961 12.699 12.506 12.369 12.241 12.186 12.139 12.091 12.056 12.161 13.071 13.676 16.859 12.719 12.191 12.234 12.329 12.439 12.511 12.719 12.874 13.029 13.226 13.411 13.621
18.619 18.609 18.589 18.564 18.486 18.439 18.384 18.364 18.354 18.296 18.206 18.134 18.094 18.029 18.001 17.954 17.874 17.819 17.744 17.649 17.529 17.429 17.379 17.289 17.241 17.154 17.044 16.959 16.871 16.716 16.629 16.441 16.244 16.046 15.819 15.581 15.309 15.041 14.771 14.514 14.291 14.021 13.749 13.539 13.319 13.104 12.881 12.671 12.514 12.384 12.234 12.194 12.124 12.056 12.546 12.794 12.461 17.009 14.129 12.134 12.209 12.216 12.376 12.491 12.584 12.766 12.941 13.111 13.329 13.521 13.711
18.684 18.689 18.639 18.621 18.551 18.474 18.449 18.416 18.349 18.279 18.209 18.149 18.059 18.021 17.976 17.966 17.884 17.819 17.721 17.631 17.514 17.429 17.369 17.291 17.234 17.171 17.071 16.971 16.826 16.699 16.549 16.394 16.186 15.964 15.706 15.456 15.169 14.911 14.631 14.416 14.159 13.909 13.609 13.376 13.209 13.026 12.794 12.616 12.471 12.319 12.234 12.156 12.129 12.881 13.906 11.084 12.899 12.411 12.831 12.344 12.189 12.336 12.436 12.546 12.636 12.811 12.979 13.211 13.374 13.604 13.761
18.744 18.691 18.681 18.651 18.639 18.549 18.481 18.414 18.371 18.301 18.221 18.159 18.099 18.036 18.009 17.976 17.909 17.836 17.769 17.679 17.594 17.516 17.421 17.326 17.264 17.199 17.106 16.974 16.834 16.684 16.526 16.344 16.109 15.871 15.606 15.351 15.066 14.809 14.536 14.301 14.071 13.806 13.539 13.314 13.136 12.926 12.754 12.576 12.461 12.341 12.279 12.176 12.174 19.044 12.609 12.231 14.299 17.546 15.529 13.434 12.291 12.409 12.526 12.611 12.731 12.899 13.089 13.256 13.461 13.631 13.846
