All_lidar/sz5593_DSM_2M.asc
ncols 500
nrows 500
xllcorner    455000
yllcorner    93000
cellsize     2
NODATA_value -9999
[rows 462 to 494 of 500, columns 76 to 151 of 500]
2.68 2.697 2.9 2.463 2.356 2.036 1.627 1.289 1.064 0.999 0.931 0.886 0.816 0.724 0.669 0.634 0.556 0.506 0.441 0.456 0.411 0.394 0.376 0.319 0.354 0.269 0.216 0.089 0.009 -0.04 -0.157 -0.274 -0.353 -0.448 -0.548 -0.679 -0.854 -0.978 -1.148 -1.245 -1.491 -1.651 -1.914 -2.129 -9999 -1.634 -1.101 -1.171 -1.289 -1.626 -1.619 -1.624 -1.631 -9999 -9999 -9999 -9999 -9999 -9999 -9999 2.396 -9999 -2.111 -2.064 -1.539 -1.319 -1.058 -0.888 -0.73 -0.609 -0.502 -0.43 -0.405 -0.348 -0.173 -0.191
2.676 2.555 2.449 2.385 2.356 1.701 1.349 1.111 0.999 0.929 0.864 0.824 0.729 0.649 0.651 0.596 0.546 0.499 0.464 0.446 0.411 0.366 0.344 0.324 0.271 0.246 0.186 0.096 0.006 -0.116 -0.225 -0.28 -0.388 -0.471 -0.589 -0.701 -0.864 -0.987 -1.136 -1.287 -1.504 -1.701 -1.949 -2.179 -9999 -1.616 -1.601 -1.606 -1.3 -1.631 -1.624 -1.636 -1.644 -9999 -9999 -9999 -9999 -9999 -9999 -9999 2.281 -2.159 -2.056 -1.984 -1.419 -1.194 -0.976 -0.801 -0.669 -0.515 -0.438 -0.448 -0.416 -0.297 -0.199 -0.153
2.773 2.553 2.421 2.279 1.97 1.385 1.156 0.991 0.969 0.889 0.814 0.776 0.699 0.646 0.579 0.574 0.469 0.426 0.411 0.391 0.416 0.374 0.324 0.296 0.281 0.229 0.146 0.051 -0.029 -0.126 -0.225 -0.287 -0.368 -0.477 -0.593 -0.739 -0.88 -1.035 -1.134 -1.301 -1.521 -1.739 -1.994 -9999 -1.604 -1.614 -1.631 -1.634 -1.621 -1.619 -1.626 -1.634 -9999 -9999 -9999 -9999 -9999 2.441 -2.269 -2.274 -2.259 -2.186 -2.004 -1.806 -1.293 -1.033 -0.85 -0.722 -0.587 -0.486 -0.432 -0.399 -0.327 -0.246 -0.195 -0.125
3.134 2.77 2.417 1.986 1.606 1.28 1.081 0.971 0.889 0.829 0.749 0.689 0.636 0.601 0.671 0.511 0.456 0.404 0.416 0.356 0.369 0.351 0.324 0.299 0.234 0.214 0.101 0.021 -0.041 -0.126 -0.231 -0.324 -0.427 -0.526 -0.642 -0.758 -0.922 -1.057 -1.208 -1.338 -1.56 -1.744 -1.991 -9999 -1.639 -1.646 -1.671 -1.664 -1.641 -1.611 -1.624 -1.631 -9999 -9999 -9999 -9999 -9999 -9999 2.321 -9999 -2.185 -2.121 -1.896 -1.421 -1.159 -0.947 -0.773 -0.635 -0.511 -0.431 -0.384 -0.33 -0.257 -0.182 -0.146 -0.138
3.18 2.9 2.299 1.82 1.407 1.109 0.996 0.934 0.884 0.759 0.704 0.666 0.569 0.576 0.519 0.632 0.629 0.434 0.394 0.361 0.354 0.304 0.279 0.256 0.236 0.189 0.151 0.044 -0.066 -0.149 -0.249 -0.348 -0.449 -0.55 -0.685 -0.778 -0.932 -1.043 -1.191 -1.353 -1.4 -1.786 -2.004 -1.639 -1.639 -1.616 -1.614 -1.644 -1.624 -1.626 -1.626 -1.614 -9999 -9999 -9999 -9999 -9999 -9999 -9999 -9999 -2.129 -2.074 -1.806 -1.256 -1.042 -0.871 -0.701 -0.585 -0.447 -0.358 -0.315 -0.257 -0.197 -0.143 -0.134 -0.129
3.216 2.642 2.121 1.713 1.399 1.069 0.889 0.846 0.799 0.756 0.664 0.629 0.566 0.549 0.504 0.439 0.431 0.389 0.381 0.331 0.316 0.291 0.264 0.224 0.211 0.164 0.104 0.024 -0.076 -0.186 -0.251 -0.355 -0.453 -0.554 -0.675 -0.784 -0.895 -1.01 -1.164 -1.383 -1.65 -1.821 -2.076 -1.614 -1.634 -1.639 -1.616 -1.614 -1.619 -1.631 -1.636 -9999 -9999 -9999 -9999 -9999 -9999 -9999 -9999 -2.244 -2.095 -1.939 -1.629 -1.16 -0.956 -0.785 -0.658 -0.512 -0.406 -0.356 -0.298 -0.218 -0.171 -0.112 -0.094 -0.096
2.867 2.577 2.085 1.581 1.334 1.168 0.854 0.746 0.714 0.691 0.649 0.599 0.566 0.514 0.476 0.451 0.404 0.376 0.264 0.116 0.116 0.151 0.159 0.179 0.164 0.119 0.079 0.004 -0.131 -0.21 -0.259 -0.353 -0.448 -0.562 -0.666 -0.808 -0.903 -1.058 -1.254 -1.571 -1.655 -1.651 -1.611 -1.601 -1.649 -1.629 -1.599 -1.599 -1.616 -1.616 -1.636 -9999 -9999 -9999 -9999 -9999 -9999 -9999 -2.284 -2.196 -2.031 -1.856 -1.342 -1.031 -0.854 -0.707 -0.574 -0.48 -0.341 -0.311 -0.247 -0.166 -0.154 -0.135 -0.123 -0.091
4.89 3.087 2.057 1.483 1.111 0.939 0.736 0.664 0.636 0.644 0.579 0.554 0.531 0.494 0.449 0.454 0.359 0.209 0.084 0.216 0.189 0.146 0.101 0.044 0.006 0.014 -0.019 -0.141 -0.231 -0.358 -0.408 -0.442 -0.497 -0.638 -0.705 -0.803 -0.934 -1.091 -1.322 -1.576 -1.626 -1.648 -1.645 -1.611 -1.641 -1.591 -1.494 -1.519 -1.629 -1.609 -1.636 -9999 -9999 -9999 -9999 -9999 -9999 -9999 -9999 -2.134 -1.921 -1.691 -1.278 -0.958 -0.782 -0.647 -0.531 -0.429 -0.292 -0.241 -0.201 -0.166 -0.168 -0.14 -0.123 -0.094
7.086 4.487 2.291 1.389 0.865 0.621 0.489 0.449 0.391 0.404 0.381 0.326 0.296 0.279 0.279 0.179 0.111 0.194 0.324 0.339 0.286 0.294 0.264 0.214 0.149 0.081 0.016 -0.054 -0.131 -0.233 -0.372 -0.515 -0.671 -0.762 -0.857 -0.893 -0.974 -1.097 -1.239 -1.433 -1.634 -1.664 -1.659 -1.643 -1.626 -1.566 -1.274 -1.461 -1.636 -1.621 -1.631 -9999 -9999 -9999 -9999 -9999 -9999 -9999 -9999 -2.029 -1.879 -1.454 -1.065 -0.902 -0.72 -0.603 -0.473 -0.354 -0.265 -0.218 -0.149 -0.144 -0.139 -0.132 -0.111 -0.066
6.289 5.262 3.582 1.301 0.878 0.591 0.574 0.534 0.546 0.529 0.509 0.474 0.476 0.441 0.381 0.389 0.366 0.359 0.366 0.331 0.316 0.326 0.241 0.246 0.201 0.121 0.076 -0.031 -0.134 -0.227 -0.378 -0.487 -0.561 -0.696 -0.935 -1.012 -1.025 -1.161 -1.283 -1.454 -1.616 -1.657 -1.636 -1.649 -1.654 -1.461 -1.251 -1.546 -1.629 -1.629 -1.634 -9999 -9999 -9999 -9999 -9999 -9999 -9999 -9999 -1.989 -1.637 -1.373 -0.995 -0.812 -0.67 -0.563 -0.452 -0.312 -0.231 -0.173 -0.144 -0.112 -0.134 -0.143 -0.134 -0.086
6.246 3.971 2.164 1.179 0.864 0.669 0.621 0.611 0.579 0.529 0.514 0.514 0.489 0.504 0.456 0.404 0.369 0.389 0.394 0.369 0.341 0.326 0.291 0.271 0.176 0.146 0.071 -0.029 -0.139 -0.277 -0.393 -0.534 -0.552 -0.662 -0.922 -1.004 -1.027 -1.165 -1.388 -1.475 -1.619 -1.639 -1.641 -1.609 -1.646 -1.586 -1.466 -1.524 -1.626 -1.641 -1.631 -9999 -9999 -9999 -9999 -9999 -9999 -9999 -2.232 -1.941 -1.549 -1.082 -0.888 -0.755 -0.622 -0.511 -0.411 -0.276 -0.195 -0.167 -0.145 -0.125 -0.12 -0.116 -0.114 -0.086
5.177 2.552 1.589 1.103 0.858 0.681 0.644 0.644 0.584 0.559 0.551 0.514 0.486 0.496 0.451 0.386 0.399 0.371 0.369 0.364 0.341 0.316 0.296 0.249 0.184 0.131 0.049 -0.061 -0.126 -0.272 -0.426 -0.58 -0.712 -0.67 -0.908 -0.935 -1.026 -1.2 -1.429 -1.519 -1.632 -1.651 -1.621 -1.621 -1.624 -1.626 -1.596 -1.619 -1.634 -1.624 -1.636 -9999 -9999 -9999 -9999 -9999 -9999 -2.262 -2.171 -1.806 -1.434 -1.081 -0.83 -0.72 -0.584 -0.481 -0.375 -0.239 -0.191 -0.165 -0.143 -0.127 -0.101 -0.131 -0.066 -0.076
3.57 2.187 1.366 1.009 0.845 0.679 0.646 0.606 0.559 0.571 0.536 0.506 0.504 0.461 0.436 0.389 0.399 0.386 0.401 0.354 0.334 0.301 0.271 0.236 0.149 0.121 0.041 -0.074 -0.146 -0.285 -0.433 -0.583 -0.711 -0.848 -0.901 -0.92 -1.005 -1.205 -1.328 -1.549 -1.624 -1.654 -1.642 -1.616 -1.621 -1.631 -1.629 -1.624 -1.629 -1.621 -1.621 -9999 -9999 -9999 -9999 -9999 -9999 -9999 -2.131 -1.701 -1.214 -1.003 -0.796 -0.64 -0.521 -0.44 -0.337 -0.217 -0.155 -0.146 -0.133 -0.098 -0.097 -0.106 -0.074 -0.046
3.163 1.681 1.115 1.006 0.821 0.666 0.649 0.616 0.574 0.554 0.526 0.489 0.471 0.451 0.436 0.399 0.394 0.404 0.406 0.351 0.339 0.326 0.264 0.206 0.169 0.151 0.029 -0.061 -0.171 -0.265 -0.425 -0.542 -0.712 -0.826 -0.881 -0.942 -1.038 -1.228 -1.322 -1.572 -1.636 -1.654 -1.661 -1.641 -1.634 -1.621 -1.621 -1.624 -1.624 -1.639 -9999 -9999 -9999 -9999 -9999 -9999 -9999 -9999 -1.974 -1.474 -1.164 -0.931 -0.765 -0.594 -0.501 -0.42 -0.302 -0.188 -0.161 -0.134 -0.129 -0.106 -0.106 -0.091 -0.061 -0.056
2.271 1.244 0.994 0.857 0.801 0.664 0.649 0.641 0.566 0.546 0.506 0.499 0.491 0.479 0.464 0.429 0.401 0.404 0.389 0.374 0.319 0.299 0.266 0.226 0.179 0.111 0.029 -0.064 -0.189 -0.265 -0.361 -0.545 -0.682 -0.782 -0.91 -0.998 -1.1 -1.264 -1.446 -1.622 -1.639 -1.646 -1.647 -1.631 -1.629 -1.634 -1.664 -1.619 -1.621 -1.619 -9999 -9999 -9999 -9999 -9999 -9999 -9999 -9999 -1.779 -1.313 -1.108 -0.897 -0.735 -0.577 -0.458 -0.389 -0.277 -0.19 -0.133 -0.113 -0.109 -0.095 -0.105 -0.101 -0.086 -0.036
1.855 1.11 0.884 0.774 0.714 0.664 0.631 0.594 0.586 0.551 0.516 0.484 0.469 0.449 0.441 0.396 0.396 0.381 0.369 0.324 0.339 0.309 0.264 0.234 0.181 0.091 -0.011 -0.099 -0.171 -0.273 -0.353 -0.484 -0.647 -0.771 -0.912 -1.018 -1.133 -1.317 -1.517 -1.633 -1.626 -1.643 -1.644 -1.619 -1.611 -1.626 -1.629 -1.606 -1.636 -1.634 -9999 -9999 -9999 -9999 -9999 -9999 -9999 -9999 -1.761 -1.301 -1.03 -0.824 -0.658 -0.554 -0.455 -0.371 -0.251 -0.173 -0.148 -0.123 -0.135 -0.101 -0.069 -0.071 -0.061 -0.036
1.561 1.108 0.886 0.756 0.734 0.651 0.609 0.599 0.551 0.519 0.539 0.481 0.459 0.436 0.421 0.404 0.396 0.411 0.379 0.321 0.319 0.294 0.276 0.229 0.159 0.066 -0.006 -0.086 -0.172 -0.271 -0.373 -0.524 -0.651 -0.795 -0.918 -1.038 -1.151 -1.289 -1.468 -1.596 -1.643 -1.641 -1.64 -1.609 -1.614 -1.634 -1.626 -1.631 -1.636 -1.626 -1.632 -9999 -9999 -9999 -9999 -9999 -9999 -1.445 -1.421 -1.244 -0.953 -0.761 -0.648 -0.54 -0.465 -0.352 -0.234 -0.167 -0.123 -0.106 -0.104 -0.097 -0.066 -0.066 -0.046 -0.024
1.427 1.156 1.005 0.766 0.716 0.626 0.654 0.599 0.566 0.536 0.566 0.484 0.481 0.449 0.439 0.421 0.409 0.399 0.361 0.354 0.326 0.291 0.266 0.216 0.166 0.044 -0.016 -0.103 -0.171 -0.28 -0.378 -0.528 -0.637 -0.814 -0.959 -1.057 -1.171 -1.27 -1.392 -1.576 -1.663 -1.636 -1.645 -1.624 -1.626 -1.646 -1.599 -1.581 -1.631 -1.631 -1.654 -9999 -9999 -9999 -9999 -9999 -2.249 -2.064 -1.405 -1.198 -0.892 -0.737 -0.652 -0.539 -0.453 -0.335 -0.212 -0.146 -0.122 -0.091 -0.096 -0.105 -0.114 -0.061 -0.039 0.019
1.486 1.288 1.09 0.925 0.709 0.614 0.614 0.596 0.589 0.536 0.566 0.494 0.481 0.464 0.461 0.431 0.439 0.394 0.371 0.336 0.339 0.309 0.301 0.246 0.176 0.089 -0.024 -0.113 -0.186 -0.282 -0.372 -0.503 -0.638 -0.834 -0.946 -1.058 -1.179 -1.293 -1.419 -1.597 -1.673 -1.688 -1.677 -1.634 -1.629 -1.581 -1.286 -1.514 -1.636 -1.649 -1.639 -9999 -9999 -9999 -9999 -9999 -2.249 -1.946 -1.398 -1.122 -0.85 -0.742 -0.676 -0.571 -0.434 -0.323 -0.188 -0.124 -0.108 -0.099 -0.08 -0.084 -0.099 -0.059 -0.011 0.009
1.582 1.267 1.078 0.981 0.873 0.686 0.611 0.604 0.574 0.559 0.544 0.526 0.484 0.479 0.469 0.439 0.434 0.391 0.396 0.356 0.326 0.294 0.311 0.244 0.159 0.089 -0.026 -0.115 -0.183 -0.276 -0.391 -0.512 -0.682 -0.839 -0.968 -1.069 -1.195 -1.34 -1.485 -1.628 -1.698 -1.708 -1.675 -1.639 -1.634 -1.521 -1.164 -1.291 -1.621 -1.636 -1.636 -1.655 -9999 -9999 -9999 -9999 -9999 -1.851 -1.354 -1.043 -0.845 -0.723 -0.689 -0.583 -0.434 -0.281 -0.163 -0.123 -0.109 -0.092 -0.07 -0.086 -0.089 -0.059 -0.054 0.021
1.711 1.3 1.036 0.929 0.799 0.714 0.651 0.601 0.571 0.549 0.524 0.489 0.469 0.471 0.439 0.454 0.411 0.396 0.384 0.384 0.329 0.289 0.244 0.224 0.159 0.106 0.011 -0.093 -0.192 -0.306 -0.411 -0.549 -0.7 -0.848 -0.98 -1.12 -1.258 -1.427 -1.586 -1.654 -1.693 -1.695 -1.668 -1.636 -1.636 -1.626 -1.251 -1.424 -1.626 -1.631 -1.646 -1.626 -9999 -9999 -9999 -9999 -2.109 -1.771 -1.245 -0.991 -0.809 -0.669 -0.661 -0.578 -0.455 -0.274 -0.148 -0.118 -0.1 -0.087 -0.111 -0.075 -0.031 -0.011 -0.014 0.011
1.98 1.362 1.146 1.019 0.859 0.731 0.646 0.596 0.576 0.551 0.531 0.491 0.484 0.441 0.444 0.486 0.396 0.376 0.394 0.329 0.309 0.301 0.234 0.226 0.176 0.086 0.028 -0.056 -0.185 -0.292 -0.459 -0.556 -0.705 -0.858 -0.998 -1.14 -1.328 -1.534 -1.65 -1.555 -1.454 -1.584 -1.677 -1.639 -1.649 -1.636 -1.544 -1.168 -1.629 -1.646 -1.646 -1.641 -9999 -9999 -9999 -9999 -2.179 -1.664 -1.219 -0.98 -0.818 -0.655 -0.614 -0.583 -0.433 -0.24 -0.134 -0.11 -0.09 -0.095 -0.098 -0.079 -0.051 -0.024 0.001 0.019
2.038 1.364 1.141 1.016 0.891 0.761 0.646 0.634 0.599 0.564 0.549 0.481 0.484 0.464 0.486 0.456 0.419 0.426 0.374 0.376 0.319 0.326 0.279 0.211 0.164 0.121 0.028 -0.065 -0.174 -0.322 -0.451 -0.563 -0.715 -0.86 -1.011 -1.17 -1.354 -1.58 -1.682 -1.489 -1.117 -1.416 -1.631 -1.68 -1.639 -1.639 -1.606 -1.316 -1.609 -1.636 -1.631 -1.601 -1.626 -9999 -9999 -9999 -2.151 -1.582 -1.241 -0.972 -0.813 -0.676 -0.627 -0.523 -0.354 -0.208 -0.136 -0.107 -0.084 -0.086 -0.085 -0.059 -0.024 -0.001 0.039 0.079
2.133 1.386 1.174 1.044 0.909 0.786 0.656 0.601 0.594 0.566 0.556 0.524 0.476 0.476 0.451 0.439 0.436 0.371 0.374 0.354 0.331 0.301 0.279 0.219 0.151 0.124 0.039 -0.065 -0.155 -0.308 -0.428 -0.549 -0.689 -0.864 -1.006 -1.187 -1.375 -1.591 -1.611 -1.496 -0.779 -1.024 -1.619 -0.524 -1.619 -1.626 -1.636 -1.674 -1.636 -1.609 -1.596 -1.619 -9999 -9999 -9999 -9999 -2.149 -1.415 -1.198 -0.899 -0.702 -0.581 -0.63 -0.472 -0.308 -0.186 -0.12 -0.118 -0.083 -0.083 -0.064 -0.049 -0.041 -0.001 0.034 0.069
2.167 1.516 1.224 1.049 0.934 0.796 0.686 0.639 0.601 0.571 0.551 0.534 0.496 0.491 0.461 0.441 0.414 0.426 0.384 0.344 0.334 0.294 0.261 0.226 0.159 0.119 0.062 -0.032 -0.15 -0.274 -0.414 -0.535 -0.687 -0.848 -1.005 -1.197 -1.406 -1.608 -1.648 -1.453 -0.416 -0.801 -1.624 -1.629 -1.665 -1.643 -1.688 -1.707 -1.681 -1.611 -1.621 -1.634 -9999 -9999 -9999 -9999 -2.004 -1.473 -1.131 -0.916 -0.001 -0.128 -0.649 -0.497 -0.311 -0.166 -0.133 -0.101 -0.095 -0.094 -0.056 -0.074 -0.034 0.019 0.014 0.064
1.942 1.461 1.246 1.116 0.976 0.831 0.721 0.634 0.589 0.591 0.514 0.524 0.469 0.466 0.429 0.439 0.416 0.384 0.371 0.334 0.324 0.331 0.279 0.221 0.174 0.101 0.071 -0.038 -0.131 -0.243 -0.38 -0.514 -0.664 -0.802 -0.97 -1.203 -1.424 -1.632 -1.576 -1.211 -0.735 -1.116 -0.257 -1.674 -1.694 -1.689 -1.678 -1.683 -1.629 -1.624 -1.624 -1.636 -9999 -9999 -9999 -2.219 -1.961 -1.388 -1.1 -0.912 -0.458 -0.319 -0.684 -0.486 -0.293 -0.164 -0.114 -0.105 -0.095 -0.11 -0.111 -0.024 -0.004 0.031 0.049 0.104
1.894 1.416 1.256 1.084 0.956 0.856 0.711 0.621 0.604 0.559 0.526 0.489 0.494 0.469 0.459 0.439 0.399 0.399 0.386 0.314 0.294 0.276 0.274 0.241 0.174 0.136 0.076 -0.02 -0.112 -0.232 -0.335 -0.49 -0.624 -0.761 -0.941 -1.183 -1.411 -1.672 -1.686 -1.53 -1.189 -1.338 -1.675 -1.693 -1.717 -1.684 -1.654 -1.619 -1.629 -1.634 -1.624 -9999 -9999 -9999 -2.299 -2.256 -1.934 -1.311 -1.125 -0.841 -0.662 -0.627 -0.632 -0.421 -0.264 -0.137 -0.116 -0.087 -0.077 -0.1 0.349 -0.044 -0.014 0.036 0.059 0.161
2.057 1.54 1.219 1.064 0.941 0.834 0.686 0.636 0.599 0.546 0.544 0.521 0.491 0.476 0.464 0.451 0.409 0.424 0.349 0.369 0.329 0.314 0.256 0.221 0.191 0.149 0.079 -0.032 -0.144 -0.236 -0.33 -0.439 -0.611 -0.748 -0.909 -1.154 -1.47 -1.677 -1.68 -1.609 -1.581 -1.614 -1.636 -1.657 -1.703 -1.657 -1.626 -1.621 -1.629 -9999 -9999 -9999 -9999 -9999 -2.309 -2.246 -1.861 -1.344 -1.089 -0.83 -0.732 -0.707 -0.569 -0.384 -0.233 -0.146 -0.118 -0.114 -0.117 -0.104 -0.111 -0.039 0.024 0.054 0.076 0.186
2.053 1.861 1.239 1.094 0.956 0.809 0.679 0.636 0.599 0.541 0.539 0.511 0.491 0.464 0.454 0.456 0.399 0.406 0.359 0.354 0.359 0.321 0.301 0.244 0.189 0.157 0.08 -0.01 -0.113 -0.223 -0.308 -0.423 -0.556 -0.717 -0.865 -1.1 -1.439 -1.649 -1.669 -1.609 -1.631 -1.629 -1.639 -1.671 -1.705 -1.675 -1.634 -1.636 -1.656 -9999 -9999 -9999 -9999 -2.345 -2.299 -2.249 -1.811 -1.373 -1.043 -0.864 -0.743 -0.702 -0.553 -0.375 -0.217 -0.153 -0.117 -0.127 -0.126 -0.126 -0.079 -0.059 0.019 0.046 0.111 0.191
2.053 1.849 1.266 1.086 0.954 0.791 0.661 0.621 0.594 0.554 0.541 0.519 0.491 0.459 0.469 0.439 0.411 0.419 0.394 0.351 0.349 0.304 0.281 0.236 0.204 0.162 0.092 0.005 -0.102 -0.194 -0.301 -0.401 -0.561 -0.711 -0.865 -1.078 -1.351 -1.616 -1.673 -1.644 -1.639 -1.611 -1.665 -1.68 -1.71 -1.683 -1.621 -9999 2.961 -9999 -9999 -9999 -2.389 -2.344 -2.301 -2.229 -1.764 -1.353 -1.017 -0.829 -0.686 -0.655 -0.568 -0.374 -0.211 -0.172 -0.133 -0.158 -0.158 -0.124 -0.089 -0.044 0.029 0.081 0.129 0.194
2.004 1.883 1.209 1.054 0.931 0.766 0.666 0.639 0.614 0.566 0.566 0.506 0.511 0.481 0.449 0.436 0.431 0.409 0.386 0.384 0.356 0.291 0.291 0.254 0.199 0.172 0.109 0.027 -0.066 -0.177 -0.298 -0.404 -0.541 -0.692 -0.856 -1.048 -1.286 -1.639 -1.703 -1.681 -1.669 -1.665 -1.686 -1.711 -1.708 -1.691 -1.677 -1.809 3.629 -9999 -9999 -9999 -9999 -2.324 -2.281 -2.159 -1.751 -1.244 -1.055 -0.804 -0.62 -0.598 -0.601 -0.377 -0.214 -0.163 -0.14 -0.2 -0.19 -0.146 -0.099 -0.051 0.056 0.121 0.164 0.209
2.022 1.823 1.241 0.969 0.879 0.756 0.674 0.624 0.591 0.551 0.554 0.514 0.514 0.479 0.464 0.441 0.406 0.404 0.404 0.389 0.331 0.341 0.304 0.251 0.214 0.195 0.126 0.053 -0.037 -0.165 -0.291 -0.38 -0.511 -0.654 -0.829 -0.992 -1.234 -1.626 -1.729 -1.703 -1.692 -1.698 -1.687 -1.702 -1.694 -1.693 -2.071 3.296 -9999 -9999 -9999 -9999 -9999 -2.269 -2.316 -2.196 -1.769 -1.305 -1.059 -0.808 -0.607 -0.581 -0.506 -0.341 -0.209 -0.155 -0.218 -0.231 -0.128 -0.081 -0.069 0.021 0.049 0.111 0.144 0.221
2.2 1.869 1.258 0.976 0.884 0.754 0.681 0.611 0.601 0.544 0.524 0.521 0.521 0.479 0.471 0.444 0.426 0.411 0.396 0.374 0.341 0.306 0.281 0.281 0.244 0.179 0.141 0.084 -0.036 -0.148 -0.257 -0.364 -0.46 -0.627 -0.799 -0.958 -1.193 -1.597 -1.749 -1.73 -1.721 -1.725 -1.716 -1.708 -1.69 -1.668 -9999 3.096 -9999 -9999 -9999 -9999 -9999 -2.199 -2.239 -2.174 -1.724 -1.368 -1.032 -0.826 -0.693 -0.649 -0.452 -0.297 -0.21 -0.177 -0.303 -0.194 -0.141 -0.111 -0.064 -0.016 0.054 0.091 0.176 0.239
