All_lidar/sz5594_DSM_2M.asc
ncols 500
nrows 500
xllcorner    455000
yllcorner    94000
cellsize     2
NODATA_value -9999
[rows 160 to 191 of 500, columns 296 to 369 of 500]
-2.239 -2.244 -2.244 -2.259 -2.184 -2.186 -2.229 -2.229 -2.169 -2.169 -2.251 -2.219 -2.174 -2.229 -2.241 -2.169 -2.249 -2.269 -2.201 -2.226 -2.296 -2.211 -2.194 -2.174 -2.254 -2.251 -2.176 -2.151 -2.254 -2.241 -2.291 -2.246 -2.256 -2.214 -2.154 -2.206 -2.184 -2.161 -2.289 -2.296 -2.299 -2.189 -2.246 -2.271 -2.231 -2.171 -2.191 -2.216 -2.294 -2.246 -2.266 -2.256 -2.244 -2.201 -2.229 -2.169 -2.244 -2.284 -2.214 -2.176 -2.246 -2.189 -2.214 -2.166 -2.161 -2.116 -2.211 -2.246 -2.221 -2.176 -2.189 -2.266 -2.269 -2.204
-2.239 -2.244 -2.251 -2.244 -2.211 -2.201 -2.199 -2.169 -2.204 -2.271 -2.261 -2.219 -2.159 -2.199 -2.264 -2.179 -2.246 -2.276 -2.171 -2.249 -2.349 -2.291 -2.214 -2.164 -2.254 -2.261 -2.209 -2.216 -2.229 -2.289 -2.266 -2.286 -2.231 -2.189 -2.171 -2.211 -2.211 -2.164 -2.274 -2.286 -2.276 -2.199 -2.161 -2.219 -2.199 -2.124 -2.176 -2.214 -2.304 -2.231 -2.251 -2.219 -2.216 -2.204 -2.266 -2.169 -2.186 -2.286 -2.259 -2.169 -2.219 -2.186 -2.171 -2.206 -2.239 -2.191 -2.174 -2.296 -2.261 -2.196 -2.239 -2.246 -2.186 -2.244
-2.234 -2.271 -2.219 -2.234 -2.239 -2.176 -2.184 -2.219 -2.209 -2.246 -2.219 -1.971 -1.898 -2.219 -1.952 -2.231 -2.214 -2.264 -2.216 -2.216 -2.271 -2.241 -2.156 -2.184 -2.226 -2.196 -2.236 -2.256 -2.246 -2.279 -2.216 -2.274 -2.259 -2.196 -2.161 -2.204 -2.216 -2.139 -2.174 -2.231 -2.301 -2.246 -2.169 -2.271 -2.239 -2.144 -2.226 -2.241 -2.236 -2.211 -2.234 -2.284 -2.169 -2.194 -2.236 -2.179 -2.241 -2.239 -2.221 -2.224 -2.221 -2.096 -2.146 -2.161 -2.234 -2.194 -2.116 -2.239 -2.221 -2.271 -2.184 -2.206 -2.166 -2.199
-2.224 -2.251 -2.249 -2.251 -2.231 -2.189 -2.236 -2.254 -2.259 -2.199 -2.184 -1.982 -2.171 -2.126 -2.211 -2.234 -2.206 -2.201 -2.194 -2.204 -2.199 -2.226 -2.126 -2.161 -2.219 -2.204 -2.204 -2.194 -2.254 -2.279 -2.236 -2.244 -2.261 -2.219 -2.196 -2.244 -2.214 -2.134 -2.194 -2.286 -2.281 -2.241 -2.119 -2.241 -2.251 -2.179 -2.159 -2.196 -2.219 -2.239 -2.226 -2.226 -2.194 -2.201 -2.261 -2.149 -2.194 -2.264 -2.239 -2.209 -2.194 -2.199 -2.179 -2.199 -2.196 -2.204 -2.211 -2.274 -2.246 -2.329 -2.246 -2.231 -2.204 -2.244
-2.221 -2.221 -2.246 -2.236 -2.234 -2.214 -2.254 -2.186 -2.241 -2.276 -2.271 -2.241 -2.196 -2.209 -2.181 -2.199 -2.221 -2.171 -2.201 -2.206 -2.191 -2.274 -2.214 -2.186 -2.239 -2.219 -2.179 -2.161 -2.284 -2.246 -2.286 -2.274 -2.266 -2.179 -2.204 -2.251 -2.246 -2.139 -2.196 -2.284 -2.251 -2.134 -2.124 -2.251 -2.239 -2.181 -2.199 -2.231 -2.246 -2.229 -2.234 -2.181 -2.244 -2.286 -2.279 -2.246 -2.241 -2.239 -2.244 -2.171 -2.201 -2.124 -2.179 -2.171 -2.256 -2.206 -2.166 -2.306 -2.249 -2.329 -2.301 -2.251 -2.174 -2.199
-2.251 -2.299 -2.219 -2.229 -2.241 -2.236 -2.209 -2.156 -2.184 -2.244 -2.246 -2.241 -2.179 -2.209 -2.161 -2.209 -2.216 -2.176 -2.216 -2.219 -2.221 -2.244 -2.224 -2.129 -2.231 -2.146 -2.229 -2.166 -2.206 -2.186 -2.261 -2.236 -2.279 -2.184 -2.254 -2.246 -2.264 -2.194 -2.209 -2.234 -2.244 -2.204 -2.121 -2.289 -2.244 -2.211 -2.194 -2.251 -2.211 -2.251 -2.216 -2.144 -2.169 -2.241 -2.309 -2.229 -2.259 -2.254 -2.259 -2.206 -2.204 -2.201 -2.211 -2.191 -2.204 -2.226 -2.231 -2.274 -2.266 -2.306 -2.239 -2.229 -2.199 -2.191
-2.316 -2.284 -2.184 -2.199 -2.206 -2.229 -2.224 -2.176 -2.219 -2.196 -2.266 -2.221 -2.206 -2.254 -2.149 -2.226 -2.221 -2.201 -2.221 -2.249 -2.271 -2.266 -2.214 -2.171 -2.251 -2.201 -2.234 -2.226 -2.216 -2.231 -2.231 -2.276 -2.236 -2.159 -2.159 -2.266 -2.199 -2.149 -2.174 -2.276 -2.164 -2.204 -2.164 -2.226 -2.216 -2.244 -2.219 -2.286 -2.149 -2.219 -2.246 -2.171 -2.226 -2.239 -2.326 -2.181 -2.231 -2.246 -2.286 -2.239 -2.181 -2.176 -2.191 -2.181 -2.224 -2.199 -2.241 -2.226 -2.299 -2.294 -2.229 -2.274 -2.274 -2.181
-2.304 -1.934 -1.878 -1.935 -2.246 -2.224 -2.211 -2.176 -2.244 -2.201 -2.356 -2.211 -2.236 -2.191 -2.149 -2.239 -2.249 -2.179 -2.151 -2.284 -2.264 -2.206 -2.191 -2.171 -2.254 -2.184 -2.166 -2.199 -2.216 -2.211 -2.259 -2.311 -2.229 -2.184 -2.194 -2.324 -2.209 -2.191 -2.206 -2.234 -2.196 -2.174 -2.184 -2.211 -2.214 -2.169 -2.209 -2.304 -2.131 -2.204 -2.244 -2.164 -2.154 -2.204 -2.321 -2.219 -2.236 -2.244 -2.249 -2.211 -2.186 -2.124 -2.229 -2.191 -2.204 -2.201 -2.224 -2.309 -2.324 -1.971 -2.214 -2.256 -2.244 -2.179
-1.997 -1.954 -1.931 -1.93 -2.224 -2.196 -2.179 -2.219 -2.259 -2.214 -2.219 -2.216 -2.236 -2.201 -2.204 -2.204 -2.241 -2.154 -2.159 -2.284 -2.191 -2.216 -2.164 -2.204 -2.186 -2.186 -2.144 -2.194 -2.239 -2.209 -2.234 -2.236 -2.244 -2.179 -2.256 -2.276 -2.231 -2.206 -2.201 -2.274 -2.196 -2.164 -2.221 -2.184 -2.219 -2.201 -2.194 -2.264 -2.169 -2.226 -2.204 -2.154 -2.189 -2.241 -2.301 -2.271 -2.231 -2.236 -2.259 -2.234 -2.169 -2.196 -2.234 -2.244 -2.249 -2.181 -2.176 -2.254 -2.296 -2.254 -2.226 -2.181 -2.231 -2.179
-1.993 -2.244 -2.236 -2.216 -2.231 -2.221 -2.246 -2.199 -2.216 -2.221 -2.214 -2.196 -2.199 -2.201 -2.304 -2.246 -2.204 -2.191 -2.199 -2.311 -2.204 -2.251 -2.139 -2.189 -2.206 -2.231 -2.139 -2.174 -2.241 -2.219 -2.234 -2.196 -2.131 -2.166 -2.254 -2.236 -2.184 -2.196 -2.179 -2.249 -2.229 -2.209 -2.244 -2.221 -2.249 -2.134 -2.194 -2.276 -2.209 -2.169 -2.209 -2.169 -2.206 -2.204 -2.256 -2.259 -2.149 -2.244 -2.256 -2.254 -2.206 -2.154 -2.234 -2.239 -2.249 -2.211 -2.214 -2.284 -2.309 -2.246 -2.226 -2.144 -2.174 -2.231
-2.291 -2.234 -2.159 -2.164 -2.236 -2.199 -2.251 -2.234 -2.239 -2.216 -2.221 -2.214 -2.219 -2.146 -2.141 -2.239 -2.186 -2.156 -2.221 -2.294 -2.236 -2.214 -2.209 -2.176 -2.219 -2.266 -2.184 -2.161 -2.274 -2.226 -2.204 -2.219 -2.176 -2.186 -2.281 -2.274 -2.201 -2.124 -2.256 -2.251 -2.214 -2.191 -2.246 -2.194 -2.274 -2.166 -2.201 -2.216 -2.196 -2.184 -2.221 -2.141 -2.239 -2.199 -2.266 -2.259 -2.236 -2.289 -2.329 -2.259 -2.184 -2.119 -2.261 -2.254 -2.226 -2.224 -2.201 -2.309 -2.274 -2.181 -2.184 -2.189 -2.171 -2.221
-2.286 -2.241 -2.204 -2.256 -2.226 -2.169 -2.256 -2.249 -2.201 -2.221 -2.164 -2.264 -2.181 -2.169 -2.204 -2.211 -2.176 -2.194 -2.204 -2.271 -2.204 -2.234 -2.299 -2.189 -2.249 -2.296 -2.194 -2.149 -2.209 -2.241 -2.194 -2.221 -2.214 -2.206 -2.226 -2.226 -2.209 -2.199 -2.229 -2.194 -2.161 -2.194 -2.261 -2.244 -2.241 -2.169 -2.191 -2.236 -2.156 -2.161 -2.201 -2.149 -2.206 -2.149 -2.174 -2.214 -2.199 -2.279 -2.269 -2.206 -2.224 -2.271 -2.304 -2.244 -2.276 -2.254 -2.189 -2.261 -2.271 -2.156 -2.179 -2.201 -2.179 -2.231
-2.261 -2.221 -2.234 -2.216 -2.186 -2.161 -2.241 -2.294 -2.229 -2.226 -2.239 -2.259 -2.131 -2.149 -2.199 -2.199 -2.214 -2.164 -2.234 -2.239 -2.174 -2.221 -2.214 -2.189 -2.186 -2.224 -2.219 -2.144 -2.236 -2.206 -2.151 -2.174 -2.186 -2.176 -2.229 -2.239 -2.191 -2.226 -2.199 -2.211 -2.156 -2.231 -2.301 -2.279 -2.231 -2.186 -2.206 -2.171 -2.144 -2.164 -2.211 -2.166 -2.216 -2.194 -2.191 -2.224 -2.191 -2.234 -2.276 -2.221 -2.261 -2.251 -2.289 -2.306 -2.194 -2.244 -2.266 -2.224 -2.261 -2.184 -2.209 -2.204 -2.221 -2.214
-2.241 -2.211 -2.184 -2.199 -2.244 -2.211 -2.234 -2.314 -2.279 -2.236 -2.204 -2.181 -2.159 -2.106 -2.241 -2.174 -2.191 -2.221 -2.281 -2.251 -2.204 -2.231 -2.226 -2.159 -2.199 -2.201 -2.209 -2.186 -2.221 -2.196 -2.186 -2.176 -2.094 -2.164 -2.226 -2.189 -2.161 -2.186 -2.219 -2.209 -2.194 -2.169 -2.286 -2.276 -2.246 -2.169 -2.224 -2.174 -2.181 -2.159 -2.229 -2.249 -2.241 -2.214 -2.246 -2.226 -2.181 -2.241 -2.269 -2.204 -2.246 -2.246 -2.286 -2.319 -2.189 -2.231 -2.279 -2.216 -2.256 -2.179 -2.171 -2.214 -2.201 -2.239
-2.244 -2.199 -2.179 -2.174 -2.226 -2.261 -2.284 -2.339 -2.274 -2.204 -2.176 -2.166 -2.176 -2.144 -2.244 -2.186 -2.186 -2.244 -2.279 -2.296 -2.186 -2.189 -2.211 -2.184 -2.164 -2.251 -2.209 -2.216 -2.219 -2.246 -2.221 -2.146 -2.129 -2.194 -2.246 -2.131 -2.181 -2.199 -2.219 -2.244 -2.156 -2.181 -2.274 -2.286 -2.211 -2.226 -2.214 -2.191 -2.164 -2.119 -2.204 -2.179 -2.179 -2.256 -2.236 -2.219 -2.189 -2.259 -2.261 -2.179 -2.269 -2.254 -2.241 -2.331 -2.184 -2.176 -2.204 -2.204 -2.191 -2.186 -2.184 -2.269 -2.196 -2.216
-2.166 -2.194 -2.154 -2.176 -2.201 -2.216 -2.241 -2.299 -2.224 -2.209 -2.114 -2.156 -2.171 -2.176 -2.246 -2.201 -2.199 -2.276 -2.274 -2.306 -2.166 -2.161 -2.209 -2.219 -2.181 -2.234 -2.189 -2.219 -2.174 -2.261 -2.299 -2.176 -1.891 -2.231 -2.249 -2.191 -2.221 -2.176 -2.209 -2.224 -2.154 -2.156 -2.221 -2.281 -2.194 -2.169 -2.194 -2.229 -2.266 -2.214 -2.204 -2.256 -2.244 -2.229 -2.159 -2.214 -2.186 -2.264 -2.226 -2.201 -2.294 -2.261 -2.234 -2.356 -2.164 -2.194 -2.261 -2.194 -2.246 -2.219 -2.201 -2.264 -2.234 -2.261
-2.186 -2.214 -2.161 -2.219 -2.279 -1.952 -1.937 -2.254 -2.226 -2.179 -2.224 -2.226 -2.124 -2.186 -2.276 -2.221 -2.216 -2.181 -2.274 -2.271 -2.179 -2.159 -2.244 -2.184 -2.166 -2.231 -2.186 -2.271 -2.199 -2.161 -2.266 -2.194 -2.136 -2.194 -2.304 -2.184 -2.221 -2.234 -2.186 -2.256 -2.179 -2.146 -2.176 -2.286 -2.209 -2.184 -2.201 -2.234 -2.271 -2.209 -2.159 -2.179 -2.246 -2.226 -2.161 -2.184 -2.206 -2.229 -2.244 -2.289 -2.284 -2.296 -2.264 -2.251 -2.144 -2.219 -2.274 -2.214 -2.229 -2.269 -2.199 -2.261 -2.214 -2.159
-2.224 -2.206 -2.169 -2.226 -2.274 -2.274 -1.94 -2.259 -2.241 -2.161 -2.151 -2.251 -2.131 -2.229 -2.286 -2.261 -2.201 -2.224 -2.264 -2.314 -2.246 -2.149 -2.239 -2.161 -2.234 -2.209 -2.209 -2.291 -2.236 -2.209 -2.191 -2.191 -2.144 -2.201 -2.269 -2.171 -2.186 -2.214 -2.181 -2.236 -2.169 -2.139 -2.206 -2.294 -2.214 -2.181 -2.176 -2.221 -2.229 -2.211 -2.214 -2.206 -2.256 -2.239 -2.169 -2.221 -2.226 -2.236 -2.256 -2.276 -2.244 -2.251 -2.246 -2.249 -2.166 -2.231 -2.324 -2.224 -2.221 -2.276 -2.284 -2.244 -2.221 -2.181
-2.244 -2.189 -2.179 -2.219 -2.281 -1.919 -1.885 -2.266 -2.251 -2.166 -2.201 -2.209 -2.139 -2.224 -2.269 -2.251 -2.174 -2.194 -2.276 -2.304 -2.171 -2.124 -2.194 -2.114 -2.211 -2.219 -2.201 -2.239 -2.191 -2.219 -2.194 -2.241 -2.096 -2.194 -2.291 -2.181 -2.156 -2.271 -2.194 -2.234 -2.176 -2.126 -2.219 -2.311 -2.196 -2.201 -2.201 -2.269 -2.294 -2.234 -2.246 -2.181 -2.211 -2.184 -2.171 -2.229 -2.184 -2.194 -2.231 -2.289 -2.266 -2.239 -2.234 -2.281 -2.141 -2.199 -2.231 -2.254 -2.196 -2.226 -2.196 -2.259 -2.241 -2.204
-2.281 -2.204 -2.181 -2.241 -2.269 -1.911 -1.882 -2.254 -2.259 -2.176 -2.219 -2.144 -2.179 -2.239 -2.281 -2.281 -2.186 -2.236 -2.271 -2.261 -2.136 -2.166 -2.166 -2.219 -2.241 -2.224 -2.184 -2.259 -2.204 -2.224 -2.164 -2.216 -2.161 -2.199 -2.254 -2.124 -2.156 -2.219 -2.256 -2.249 -2.184 -2.129 -2.211 -2.271 -2.251 -2.199 -2.241 -2.249 -2.311 -2.239 -2.251 -2.239 -2.204 -2.201 -2.169 -2.159 -2.196 -2.229 -2.266 -2.264 -2.261 -2.239 -2.224 -2.244 -2.154 -2.151 -2.224 -2.284 -2.201 -2.211 -2.199 -2.239 -2.229 -2.251
-2.206 -2.151 -2.164 -2.274 -2.271 -2.229 -1.887 -2.239 -2.204 -2.174 -2.239 -2.194 -2.139 -2.269 -2.291 -2.231 -2.216 -2.221 -2.204 -2.246 -2.184 -2.226 -2.214 -2.226 -2.194 -2.214 -2.211 -2.194 -2.199 -2.226 -2.201 -2.236 -2.146 -2.206 -2.301 -2.184 -2.154 -2.286 -2.231 -2.226 -2.156 -2.074 -2.216 -2.221 -2.214 -2.229 -2.219 -2.224 -2.281 -2.281 -2.244 -2.229 -2.234 -2.161 -2.149 -2.136 -2.209 -2.176 -2.281 -2.211 -2.261 -2.239 -2.224 -2.289 -2.226 -2.166 -2.179 -2.251 -2.186 -2.266 -2.236 -2.206 -2.256 -2.284
-2.206 -2.154 -1.894 -2.244 -2.274 -1.908 -2.241 -2.236 -2.251 -2.221 -2.269 -2.189 -2.189 -2.331 -2.266 -2.259 -2.259 -2.249 -2.249 -1.933 -2.149 -2.196 -2.156 -2.226 -2.226 -2.239 -2.194 -2.219 -2.226 -2.214 -2.206 -2.211 -2.206 -2.199 -2.284 -2.239 -2.176 -2.254 -2.251 -2.171 -2.169 -2.139 -2.191 -2.211 -2.146 -2.204 -2.261 -2.244 -2.299 -2.301 -2.266 -2.216 -2.211 -2.161 -2.186 -2.129 -2.186 -2.281 -2.229 -2.221 -2.261 -2.239 -2.229 -2.196 -2.151 -2.204 -2.151 -2.221 -2.211 -2.254 -2.239 -2.199 -2.261 -2.246
-2.251 -2.196 -2.186 -1.941 -2.015 -1.956 -2.219 -2.211 -2.264 -2.214 -1.929 -2.181 -2.204 -2.371 -2.244 -2.286 -2.184 -2.274 -2.196 -2.219 -1.897 -2.184 -2.199 -2.214 -1.892 -2.229 -2.209 -2.224 -2.166 -2.211 -2.141 -2.189 -2.136 -2.146 -2.234 -2.264 -2.186 -2.216 -2.251 -2.196 -2.156 -2.181 -2.216 -2.201 -2.221 -2.219 -2.289 -2.249 -2.286 -2.329 -2.269 -2.219 -2.241 -2.164 -2.169 -2.146 -2.201 -2.264 -2.236 -2.291 -2.266 -2.254 -2.229 -2.191 -2.219 -2.224 -2.184 -2.241 -2.236 -2.241 -2.209 -2.199 -2.201 -2.279
-2.204 -2.204 -2.209 -2.269 -2.306 -1.982 -2.204 -2.246 -2.269 -2.229 -1.942 -2.206 -2.204 -2.276 -2.244 -2.299 -2.186 -2.219 -2.196 -2.174 -2.199 -2.246 -2.231 -2.196 -1.941 -2.291 -2.226 -2.221 -2.159 -2.194 -2.154 -2.241 -2.184 -2.149 -2.294 -2.229 -2.156 -2.266 -2.276 -2.174 -2.151 -2.156 -2.169 -2.214 -2.176 -2.171 -2.236 -2.311 -2.269 -2.284 -2.264 -2.241 -2.236 -2.181 -2.186 -2.204 -2.224 -2.216 -2.279 -2.279 -2.246 -2.216 -2.231 -2.276 -2.194 -2.244 -2.211 -2.264 -2.249 -2.271 -2.236 -2.199 -2.199 -2.261
-2.221 -2.236 -2.186 -2.271 -2.356 -2.276 -2.221 -2.251 -2.226 -2.191 -2.199 -2.181 -2.219 -2.304 -2.224 -1.949 -2.181 -2.191 -2.171 -2.176 -2.206 -2.261 -2.234 -1.886 -1.905 -2.286 -2.261 -2.139 -2.179 -2.209 -2.184 -2.179 -2.184 -2.189 -2.281 -2.211 -2.111 -2.229 -2.269 -2.166 -2.121 -2.146 -2.204 -2.196 -2.236 -2.216 -2.286 -2.344 -2.311 -2.304 -2.236 -2.269 -2.204 -2.156 -2.189 -2.244 -2.201 -2.214 -2.236 -2.254 -2.226 -2.199 -2.236 -2.251 -2.189 -2.229 -2.249 -2.256 -2.231 -2.256 -2.224 -2.201 -2.229 -2.264
-2.221 -2.199 -2.201 -2.251 -2.336 -2.254 -2.186 -2.224 -2.271 -2.174 -2.161 -2.236 -2.256 -2.314 -2.216 -2.279 -2.241 -1.898 -1.899 -2.164 -2.186 -2.269 -2.259 -1.931 -2.224 -2.266 -2.319 -2.176 -2.184 -2.244 -2.186 -2.179 -2.161 -2.204 -2.261 -2.226 -2.184 -2.289 -2.249 -2.239 -2.131 -2.114 -2.169 -2.229 -2.226 -2.231 -2.331 -2.269 -2.246 -2.249 -2.256 -2.254 -2.194 -2.171 -2.156 -2.226 -2.239 -2.256 -2.246 -2.249 -2.189 -2.184 -2.234 -2.224 -2.221 -2.276 -2.251 -2.301 -2.191 -2.226 -2.251 -2.164 -2.256 -2.224
-2.196 -2.189 -2.229 -2.334 -2.394 -2.299 -2.201 -2.269 -2.231 -2.151 -2.214 -2.241 -2.236 -2.256 -2.244 -2.254 -2.281 -2.144 -2.149 -2.136 -2.199 -2.251 -2.269 -1.927 -2.226 -2.246 -2.229 -2.189 -2.156 -2.209 -2.214 -2.209 -2.196 -2.214 -2.246 -2.244 -2.226 -2.234 -2.331 -2.186 -2.169 -2.086 -2.211 -2.229 -2.226 -2.254 -2.284 -2.261 -2.309 -2.271 -2.271 -2.271 -2.214 -2.206 -2.181 -2.244 -2.234 -2.259 -2.274 -2.279 -2.216 -2.209 -2.211 -2.274 -2.211 -2.226 -2.249 -2.251 -2.206 -2.201 -2.246 -2.154 -2.156 -2.196
-2.239 -2.251 -2.249 -2.279 -2.314 -2.274 -2.181 -2.201 -2.221 -2.204 -2.226 -2.251 -2.231 -2.234 -2.254 -2.221 -2.261 -2.164 -2.116 -2.176 -2.214 -2.314 -2.286 -2.206 -2.291 -2.271 -2.281 -2.156 -2.116 -2.219 -2.224 -2.189 -2.196 -2.204 -2.236 -2.244 -2.259 -2.176 -2.274 -2.246 -2.151 -2.119 -2.236 -2.231 -2.226 -2.259 -2.249 -2.204 -2.264 -2.256 -2.234 -2.226 -2.146 -2.159 -2.206 -2.254 -2.241 -2.239 -2.269 -2.301 -2.294 -2.171 -2.179 -2.239 -2.244 -2.299 -2.256 -2.266 -2.251 -2.214 -2.214 -2.206 -2.174 -2.174
-2.271 -2.224 -2.299 -2.316 -2.324 -2.274 -2.174 -2.211 -2.324 -2.221 -2.204 -2.246 -2.206 -2.246 -2.221 -2.204 -2.264 -2.206 -2.129 -2.174 -2.226 -2.301 -2.246 -2.241 -2.244 -2.284 -2.256 -2.194 -2.094 -2.224 -2.204 -2.176 -2.124 -2.184 -2.206 -1.953 -2.211 -2.209 -2.281 -2.214 -2.159 -2.106 -2.261 -2.196 -2.199 -2.291 -2.256 -2.254 -2.286 -2.294 -2.224 -2.249 -2.149 -2.216 -2.229 -2.244 -2.229 -2.209 -2.301 -2.261 -2.266 -2.201 -2.241 -2.269 -2.199 -2.199 -2.314 -2.256 -2.211 -2.201 -2.234 -2.226 -2.159 -2.234
-2.259 -2.224 -2.279 -1.964 -2.284 -2.236 -2.206 -2.214 -2.256 -2.231 -2.229 -2.284 -2.266 -2.304 -2.276 -2.251 -2.281 -2.194 -2.106 -2.146 -2.301 -2.274 -2.279 -2.244 -2.276 -2.269 -2.261 -2.171 -2.129 -2.159 -2.199 -2.126 -2.241 -2.189 -2.226 -2.254 -2.251 -2.251 -2.304 -2.204 -2.169 -2.116 -2.244 -2.194 -2.219 -2.326 -2.294 -2.254 -2.216 -2.234 -2.214 -2.226 -2.206 -2.239 -2.289 -2.246 -2.281 -2.271 -2.259 -2.249 -2.184 -2.199 -2.186 -2.274 -2.196 -2.221 -2.271 -2.314 -2.219 -2.181 -2.199 -2.214 -2.161 -2.149
-1.942 -2.214 -2.221 -2.186 -2.256 -2.254 -2.184 -2.196 -2.209 -2.204 -2.211 -2.321 -2.299 -2.261 -2.206 -2.266 -2.284 -2.194 -2.156 -2.129 -2.196 -2.289 -2.269 -2.234 -2.326 -2.306 -2.249 -2.231 -2.096 -2.216 -2.201 -2.239 -2.171 -2.209 -2.279 -2.249 -2.239 -2.264 -2.216 -2.224 -2.211 -2.156 -2.214 -2.204 -2.189 -2.221 -2.286 -2.281 -2.309 -2.296 -2.279 -2.231 -2.224 -2.206 -2.284 -2.246 -2.289 -2.269 -2.269 -2.281 -2.229 -2.221 -2.204 -2.229 -2.181 -2.191 -2.294 -2.319 -2.226 -2.224 -2.241 -2.244 -2.184 -2.151
-2.224 -2.261 -2.221 -2.281 -2.266 -2.204 -2.186 -2.244 -2.226 -2.249 -2.239 -2.354 -2.259 -2.236 -2.249 -2.239 -2.286 -2.204 -2.186 -2.251 -2.269 -2.306 -2.311 -2.209 -2.286 -2.269 -2.306 -2.289 -2.129 -2.179 -2.231 -2.271 -2.169 -2.204 -2.274 -2.246 -2.264 -2.236 -2.244 -2.206 -2.131 -2.196 -2.209 -2.189 -2.231 -2.256 -2.309 -2.264 -2.256 -2.269 -2.279 -2.279 -2.224 -2.234 -2.311 -2.281 -2.221 -2.281 -2.284 -2.224 -2.191 -2.154 -2.204 -2.201 -2.199 -2.164 -2.269 -2.291 -2.229 -2.189 -2.241 -2.179 -2.219 -2.151
