All_lidar/sz5588_DSM_2M.asc
ncols 500
nrows 500
xllcorner    455000
yllcorner    88000
cellsize     2
NODATA_value -9999
[rows 384 to 415 of 500, columns 288 to 359 of 500]
32.99 32.927 32.887 32.872 32.865 32.76 32.595 32.43 32.202 32.075 32.012 32.025 32.017 31.897 32.007 32.795 33.567 32.062 32.157 32.042 32.112 32.325 32.495 32.877 33.475 33.065 33.09 33.852 33.257 33.407 33.535 33.787 33.617 33.752 33.905 34.057 34.297 34.357 34.305 34.302 34.275 34.122 34.095 34.095 34.005 34.007 33.93 34.132 34.122 33.915 34.055 33.925 34 34.132 34.075 33.895 37.382 36.187 34.44 40.347 34.735 34.807 35 35.218 35.515 35.885 35.503 35.728 36.008 36.465 36.398 36.483
32.992 33.005 32.952 32.95 32.887 32.74 32.6 32.365 32.327 32.262 32.087 32.02 32.002 31.897 32.442 34.482 34.082 32.29 32.067 32.222 32.387 32.665 32.752 33.465 33.28 33.257 33.745 33.905 33.375 33.475 33.687 33.722 33.717 33.817 33.862 33.972 36.692 34.515 34.272 34.635 34.31 34.302 34.3 34.12 34.18 34.392 34.227 34.117 34.202 34.145 34.122 34.182 34.11 34.27 34.16 34.087 34.027 34.292 34.507 34.67 34.802 34.91 35.228 35.063 35.535 36.46 35.535 35.675 35.875 36.06 36.245 36.465
33.065 33.015 32.985 32.915 32.827 32.677 32.447 32.347 32.367 32.372 32.35 32.252 32.04 32.002 33.292 33.105 32.327 32.112 32.192 32.28 32.837 32.927 34.025 33.197 33.172 33.322 33.652 33.67 33.567 33.582 33.797 33.83 33.957 33.927 34.02 34.197 34.11 34.115 34.377 34.552 34.417 34.265 34.275 34.407 35.21 35.19 34.192 34.22 34.217 34.375 34.312 34.232 34.19 34.477 34.442 34.23 34.045 34.107 34.332 34.68 34.797 34.892 36.263 35.028 35.255 35.368 35.49 35.695 35.94 36.013 36.195 36.433
33.095 33.022 32.957 32.905 32.782 32.565 32.425 32.51 32.515 32.402 32.655 32.335 31.835 33.887 34.057 32.21 32.117 32.17 32.287 32.495 32.97 33.315 34.675 33.38 33.662 33.4 33.74 33.575 33.697 33.685 33.732 33.885 33.945 34.08 34.18 34.265 34.232 34.347 34.347 34.477 34.28 34.287 34.332 34.43 34.347 34.472 34.397 34.322 34.34 34.375 34.315 34.437 34.427 34.29 34.447 34.487 34.287 34.257 34.875 35.222 34.99 34.872 34.955 35.698 35.343 35.408 35.563 35.75 35.893 36.025 36.225 36.4
33.13 33.087 32.995 32.855 32.692 32.487 32.46 32.695 32.637 32.415 32.705 32.39 32.035 34.187 32.605 32.23 32.66 32.595 32.54 32.897 33.322 33.582 33.31 33.337 33.692 33.76 33.832 33.765 33.79 33.8 33.865 33.96 34.045 34.15 34.242 34.435 34.325 34.627 34.4 34.625 34.495 34.39 34.462 34.465 34.517 34.477 34.445 34.397 34.57 34.532 34.445 34.602 34.515 34.442 34.45 34.465 34.567 34.457 34.43 34.63 34.745 34.965 35.245 35.325 35.263 35.443 35.743 35.925 36.28 36.043 36.215 36.375
33.135 33.085 32.95 32.795 32.62 32.482 32.512 32.582 32.55 32.4 32.332 33.45 32.277 32.087 32.357 32.465 33.025 32.672 32.735 33.035 33.06 33.187 33.315 33.872 33.827 34.302 38.737 33.952 33.927 33.96 34.75 34.61 34.215 34.21 34.237 34.29 34.35 34.42 34.442 34.452 34.472 34.51 34.567 34.725 34.902 34.592 34.537 34.542 34.672 34.615 34.605 34.575 34.582 34.592 34.57 34.52 34.505 34.537 34.395 34.64 35.172 35.35 35.185 36.403 35.315 35.5 35.673 35.778 36.365 36.048 36.178 36.383
33.175 32.997 32.85 32.672 32.39 32.147 32.237 32.582 32.517 32.13 33.065 35.365 32.16 32.167 32.43 32.35 32.475 33.075 33.195 33.017 33.07 33.312 33.39 33.642 33.722 33.902 37.032 33.942 35.845 34.177 34.145 34.217 34.267 34.292 34.327 34.37 34.422 34.47 34.557 34.527 34.532 34.567 34.725 35.18 34.625 34.705 34.652 34.65 34.675 34.695 34.662 34.645 34.627 35.022 34.917 34.547 34.565 34.742 34.65 34.775 36.53 35.58 35.258 35.235 35.443 35.48 35.59 35.793 35.89 36.045 36.695 36.378
33.207 32.982 32.757 32.44 32.092 31.827 31.867 32.125 32.12 31.957 31.95 32.77 32.08 32.16 32.387 32.492 32.82 33.387 33.755 33.15 33.717 33.512 33.91 33.737 35.805 33.877 33.92 34.065 34.22 34.2 34.24 34.277 34.345 34.365 34.392 34.45 34.56 34.637 34.695 34.592 34.667 34.715 34.935 34.777 34.802 34.855 34.815 34.792 34.817 34.792 34.795 34.872 34.772 34.78 34.712 34.785 34.707 34.782 34.82 34.855 34.922 35.03 35.17 35.258 35.83 36.458 35.75 37.045 37.793 36.425 37.55 36.445
33.085 32.937 32.557 32.117 31.852 31.787 31.742 31.832 33.457 34.735 33.232 32.26 32.212 32.347 32.517 32.595 33.465 34.012 33.167 33.342 33.477 33.642 33.712 33.837 35.215 34.932 34.06 34.17 35.907 35.575 34.352 34.505 34.537 34.49 34.692 34.73 34.687 35.44 34.815 34.66 34.717 34.747 34.925 34.807 34.885 34.875 34.842 34.957 35.205 36.542 35.32 34.985 35 34.937 34.907 34.865 34.832 34.862 34.92 34.94 34.81 35.162 35.193 35.275 36.053 35.663 35.673 37.74 37.04 36.128 36.248 36.443
33.015 32.895 32.38 31.847 31.742 31.78 31.727 31.777 33.685 34.617 33.452 32.367 32.39 32.48 32.66 32.872 33.57 34.27 33.29 33.4 33.6 33.772 33.99 33.967 34.242 34.185 34.247 34.287 44.345 43.827 34.912 34.537 34.635 34.515 34.727 34.812 34.79 35.99 34.797 34.772 34.787 34.91 34.925 34.952 35.01 34.977 35.007 35.01 36.357 44.577 40.597 35.095 34.942 34.997 35.13 34.985 34.947 35.035 35.137 35.352 35.02 35.195 35.323 35.305 35.388 35.42 35.593 37.875 36.878 36.22 36.275 36.435
32.95 32.742 32.027 31.797 31.762 31.797 31.985 32.847 33.225 33.997 32.852 33.08 32.745 32.81 33.812 34.902 36.19 33.395 33.477 33.547 33.78 33.765 33.91 33.992 34.13 34.735 34.75 34.322 41.025 42.625 39.067 35.23 34.675 34.657 34.665 34.865 34.802 34.755 34.947 34.87 34.935 35.152 35.075 35.137 35.1 35.12 35.435 35.142 36.642 39.53 39.05 35.077 35.057 35.05 35.055 35.11 35.092 35.032 35.142 35.225 35.397 35.265 35.33 35.358 35.46 35.64 35.685 37.053 36.038 36.078 36.248 36.515
32.817 32.255 31.855 31.867 31.81 31.815 31.987 33.702 33.302 32.975 32.79 32.832 32.945 34.065 33.722 33.355 33.47 33.547 33.637 33.722 33.822 33.862 34.985 34.125 34.18 34.567 34.552 34.425 34.605 42.022 37.355 34.675 34.755 34.747 34.75 35.777 34.97 34.872 34.99 35.002 34.947 34.965 35.11 35.155 35.172 35.092 35.172 35.16 35.272 41.547 36.752 37.392 35.19 35.14 35.207 35.18 35.63 35.62 35.222 35.282 35.44 35.227 35.443 35.443 35.435 35.54 35.695 39.365 44.005 36.125 36.348 36.718
32.307 31.932 31.897 31.915 32.29 33.81 34.287 34.02 33.157 32.99 32.967 33.06 33.165 33.302 33.46 33.752 33.83 33.762 33.81 33.802 34.492 36.277 34.125 35.48 34.612 34.922 34.912 34.59 39.072 38.147 34.677 34.747 35.032 34.875 34.86 37.77 34.902 34.995 35.065 35.057 35.18 35.177 35.69 35.2 35.155 35.19 35.295 35.272 35.342 39.495 40.815 39.74 35.285 35.302 35.297 35.967 35.842 35.342 35.292 35.392 35.44 35.425 35.498 35.553 35.518 35.558 35.658 35.978 37.348 36.305 37.058 36.575
32.33 31.977 31.947 31.912 33.622 34.87 32.97 33.09 33.11 33.075 33.07 33.157 33.267 33.4 33.85 34.077 34.4 35.37 34.485 36.01 39.03 39.632 35.242 35.22 35.86 34.54 34.557 35.88 34.77 34.752 34.835 35.007 34.965 36.82 35.037 36.877 37.077 36.515 35.132 35.22 35.977 35.24 35.435 35.302 35.247 36.655 38.347 35.4 37.275 37.467 38.125 35.475 35.482 35.422 35.415 36.667 38.287 35.505 35.435 35.472 36.615 35.487 35.518 35.728 35.748 35.623 35.735 35.853 35.948 38.46 43.588 37.958
32.38 32.042 32.365 33.075 34.282 33.49 33.18 33.205 33.18 33.182 33.205 33.242 33.335 33.482 33.625 33.852 34.457 34.917 35.947 39.217 41.882 42.745 37.74 34.702 34.562 34.63 35.865 35.027 34.937 34.825 34.887 34.962 35.032 35.052 35.522 35.317 36.917 40.337 35.6 35.282 35.257 35.237 35.41 35.417 35.42 35.43 35.917 35.54 35.81 36.127 35.592 35.605 35.58 35.587 35.637 35.647 36.13 35.925 35.525 35.515 35.6 35.56 35.658 35.6 35.825 35.763 35.775 35.9 36.003 41.28 47.768 37.668
32.187 33.042 34.827 35.04 33.42 33.355 33.297 33.295 33.28 33.295 33.312 33.377 33.42 33.527 33.642 33.812 34.025 34.187 36.355 39.93 41.297 41.852 37.845 34.647 35.095 34.74 35.202 34.927 34.93 34.885 34.922 35.147 35.567 35.195 35.412 35.442 35.26 35.282 35.262 35.36 35.345 35.342 35.502 35.55 35.552 35.502 35.6 35.645 35.65 35.77 35.747 35.845 35.707 36.975 36.46 39.27 35.897 41.537 35.75 35.662 35.69 36.2 36.018 35.738 35.848 35.823 35.923 35.92 36.01 38.2 45.013 47.058
33.03 36.04 38.137 35.882 33.817 33.33 33.345 33.347 33.37 33.372 33.42 33.47 33.512 33.61 33.707 33.855 34.015 34.22 34.847 35.737 36.567 37.857 35.342 34.875 34.875 34.912 34.975 35.015 35.225 35.025 35.227 35.115 35.827 35.32 35.307 35.907 35.805 35.38 35.45 35.385 35.435 35.425 35.515 35.617 35.62 35.677 35.797 35.71 35.76 35.815 35.857 35.962 35.79 37.997 36.822 37.757 36.737 36.88 36.015 36.935 37.322 41.305 36.922 35.795 35.932 35.922 35.972 38.517 36.922 36.515 40.98 40.592
35.225 36.18 38.03 34.627 33.395 33.4 33.385 33.407 33.472 33.502 33.545 33.585 33.652 33.717 33.84 33.955 34.09 34.2 34.38 34.552 34.832 35.455 36.227 36.007 35.63 35.692 35.22 35.41 35.485 35.16 35.242 35.165 36.372 35.855 35.407 35.472 35.472 35.51 35.625 35.577 35.54 35.402 35.605 35.74 35.692 35.792 35.845 35.907 35.935 35.82 35.89 36.152 35.892 35.907 35.945 36.79 35.965 36.892 35.99 35.952 36.27 37.705 36.305 36.127 37.33 36.475 36.045 37.197 38.657 36.262 36.26 42.682
33.305 34.522 37.21 34.095 33.44 33.432 33.447 33.517 33.58 33.622 33.67 33.717 33.815 33.875 33.977 34.085 34.175 34.285 34.417 34.517 34.722 34.895 35.46 36.495 36.087 36.202 37.265 36.065 35.437 35.272 35.31 35.325 35.92 36.35 35.837 35.512 35.612 35.555 35.677 35.732 35.632 35.647 35.725 35.772 35.8 35.862 35.967 35.972 36.04 35.997 35.982 36.02 36.405 36.107 36.15 36.057 36.055 36.277 36.447 36.107 39.26 39.635 37.567 37.352 37.067 38.957 36.14 37.567 36.81 36.287 36.34 38.342
33.987 34.35 33.81 33.485 33.457 33.49 33.555 33.627 33.68 33.757 33.825 33.892 33.94 34.032 34.115 34.225 34.302 34.377 34.477 34.607 34.725 34.867 34.952 35.192 35.532 35.902 36.737 36.795 36.437 35.582 35.425 35.485 35.475 35.552 35.67 35.585 35.655 35.825 36.05 35.787 35.81 35.79 35.882 35.847 35.882 35.992 36.047 36.09 36.297 36.242 36.145 36.127 36.22 36.222 36.192 36.26 36.15 36.18 36.15 36.127 38.562 36.75 36.3 38.612 37.677 42.632 37.397 42.432 39.037 37.107 36.617 36.462
33.732 33.627 33.572 33.515 33.54 33.605 33.692 33.752 33.785 33.832 33.912 33.997 34.08 34.167 34.262 34.375 34.482 34.545 34.632 34.705 34.782 34.91 35.027 35.14 35.335 35.79 36.595 37.55 37.627 37.147 35.595 35.745 36.352 35.745 35.692 36.322 35.7 35.812 35.92 35.902 35.907 35.96 35.962 35.917 36.305 36.147 36.125 36.157 36.197 36.272 36.217 36.225 36.36 36.3 36.275 36.255 36.277 36.297 37.13 36.237 36.28 45.805 38.4 36.297 36.27 36.275 36.315 37.01 36.485 37.22 38.152 37.957
33.67 33.642 33.605 33.592 33.64 33.712 33.825 33.875 33.907 33.987 34.035 34.125 34.192 34.3 34.425 34.54 34.625 34.715 34.787 34.847 34.91 34.997 35.085 35.195 35.252 35.437 36.01 36.697 37.207 37.385 36.227 35.732 36.855 37.687 36.572 35.94 36.057 36.112 35.962 36.562 36.087 36.13 36.195 36.085 36.115 36.167 36.305 36.337 36.315 36.365 36.355 36.525 36.422 36.37 36.702 36.45 36.432 36.362 36.747 36.557 41.92 38.237 37.772 36.475 36.472 38.935 36.525 36.48 36.512 36.555 36.725 37.715
33.69 33.667 33.675 33.692 33.75 33.86 33.925 33.98 34.022 34.087 34.157 34.257 34.34 34.437 34.53 34.635 34.757 34.855 34.955 34.99 35.05 35.107 35.18 35.245 35.302 35.41 35.525 35.895 36.217 36.577 36.737 36.417 36.525 36.307 36.705 36.337 36.207 35.937 36.005 36.277 36.345 36.297 36.215 36.177 36.28 36.362 36.387 36.43 36.415 36.465 36.477 36.475 36.435 36.425 36.475 36.485 36.762 36.537 36.567 36.53 38.982 40.42 41.8 36.58 36.577 39.352 40.675 36.61 36.602 36.667 36.725 36.84
33.735 33.745 33.785 33.857 33.92 33.992 34.025 34.075 34.152 34.265 34.315 34.407 34.492 34.57 34.667 34.742 34.885 34.985 35.077 35.13 35.212 35.247 35.305 35.345 35.392 35.452 35.535 35.655 35.905 36.232 36.577 36.592 36.425 36.52 36.37 36.497 36.39 36.065 36.207 36.177 36.235 36.285 36.247 36.402 36.542 36.282 36.547 36.445 36.457 36.605 36.552 36.58 36.527 36.587 36.577 36.637 36.622 36.63 36.647 36.652 36.66 38.315 38.687 36.492 36.787 36.975 36.98 36.845 36.802 36.82 36.932 36.862
33.8 33.845 33.887 33.975 34.047 34.092 34.142 34.225 34.315 34.432 34.515 34.62 34.73 34.782 34.82 34.89 35 35.115 35.205 35.287 35.357 35.417 35.455 35.492 35.517 35.542 35.6 35.697 35.8 36.015 36.215 36.53 36.795 36.517 36.447 36.745 36.382 36.497 36.265 36.307 36.247 36.302 36.387 36.677 36.545 36.405 36.485 36.602 36.622 36.622 36.615 36.76 36.617 36.697 36.697 36.757 36.757 36.777 36.742 36.682 36.725 36.77 40.33 38.437 39.785 36.747 40.202 37.565 38.217 36.912 37.007 37.052
33.937 33.977 34.032 34.092 34.145 34.207 34.28 34.38 34.505 34.617 34.695 34.825 34.915 34.965 35.025 35.11 35.135 35.212 35.317 35.422 35.505 35.585 35.627 35.66 35.662 35.685 35.707 35.75 35.832 35.957 36.102 36.327 36.522 36.892 36.457 36.737 36.502 36.487 36.325 36.322 36.375 36.535 36.437 36.495 36.525 36.602 36.565 36.655 36.77 36.752 36.732 36.777 36.747 36.787 36.892 36.822 36.847 36.832 36.827 36.812 36.85 46.307 44.35 41.38 41.92 44.09 37.007 37.117 37.192 36.972 37.09 37.745
34.042 34.125 34.172 34.217 34.277 34.317 34.43 34.537 34.672 34.76 34.847 34.957 35.052 35.122 35.185 35.26 35.292 35.365 35.417 35.48 35.572 35.655 35.727 35.767 35.797 35.822 35.847 35.885 35.917 36 36.095 36.322 36.83 37.017 37.095 37.025 36.927 36.455 36.395 36.525 36.465 36.42 36.57 36.59 36.647 36.717 36.655 36.697 36.8 36.772 36.837 36.93 36.882 36.97 37 36.875 36.947 36.952 36.992 37.025 36.972 39.225 45.772 37.562 37.307 44.865 37.02 37.097 37.072 37.08 37.242 37.392
34.14 34.2 34.27 34.322 34.412 34.487 34.605 34.69 34.835 34.91 35.015 35.11 35.2 35.292 35.367 35.412 35.477 35.515 35.535 35.59 35.69 35.755 35.837 35.89 35.922 35.932 35.96 35.987 36.027 36.052 36.16 36.28 36.44 36.615 37.037 37.82 37.082 37.122 36.495 36.635 36.517 36.665 36.682 36.702 36.695 37.102 36.827 37.25 37.182 36.825 37.01 37.077 37.03 37.032 37.077 37.102 37.125 37.037 36.992 37.137 37.06 38.345 38.965 40.202 38.41 38.942 37.152 37.16 37.285 37.437 37.42 38.21
34.25 34.335 34.412 34.455 34.565 34.672 34.78 34.885 34.977 35.08 35.17 35.26 35.33 35.415 35.487 35.555 35.575 35.657 35.702 35.765 35.802 35.822 35.89 35.96 36.052 36.105 36.082 36.097 36.157 36.16 36.225 36.317 36.407 36.612 36.865 37.345 36.777 37.045 36.59 36.67 36.647 36.787 36.94 37.035 37.105 36.807 36.875 37.002 36.987 37.107 37.04 37.065 37.042 37.12 37.085 37.3 37.16 37.087 37.25 40.63 37.177 37.142 37.46 37.752 37.447 37.227 37.247 37.195 37.297 37.395 37.44 37.427
34.39 34.457 34.53 34.587 34.707 34.83 34.91 35.012 35.122 35.202 35.302 35.375 35.485 35.542 35.6 35.675 35.73 35.785 35.827 35.892 35.922 35.967 36.007 36.035 36.107 36.18 36.195 36.217 36.235 36.297 36.305 36.382 36.502 36.565 36.777 37.442 37.447 37.205 36.87 37.33 36.762 36.832 36.762 36.802 36.865 36.937 36.957 37.02 37.072 37.085 37.107 37.067 37.285 37.292 37.322 37.325 37.25 37.205 37.25 37.315 37.347 37.612 37.382 37.6 37.47 37.482 37.337 37.355 37.472 37.52 37.615 37.672
34.497 34.555 34.637 34.782 34.867 34.957 35.072 35.162 35.26 35.347 35.422 35.505 35.585 35.667 35.71 35.782 35.837 35.902 35.915 35.992 36.042 36.08 36.092 36.125 36.187 36.247 36.297 36.36 36.375 36.385 36.44 36.47 36.547 36.665 36.747 37.4 38.677 37.917 37.21 37.357 36.977 37.49 36.952 36.947 36.96 37.107 37.1 37.11 37.155 37.702 37.202 37.17 37.27 37.407 37.377 37.437 37.457 37.425 37.412 37.342 37.407 37.345 37.467 37.502 37.872 37.755 37.497 37.57 37.622 39.052 37.79 39.657
34.635 34.69 34.82 34.925 35.017 35.105 35.21 35.31 35.397 35.485 35.545 35.595 35.687 35.77 35.83 35.875 35.945 35.99 36.025 36.095 36.16 36.18 36.202 36.202 36.26 36.32 36.382 36.44 36.467 36.487 36.535 36.572 36.622 36.71 36.805 36.937 37.707 38.682 38.975 37.027 37.025 37.087 37.007 37.09 37.132 37.237 37.237 37.237 37.31 37.27 37.277 37.567 37.402 37.555 37.495 37.52 37.575 37.857 37.602 37.527 37.65 37.517 37.99 38.11 38.58 38.275 38.037 37.785 37.695 37.712 37.847 38.212
