All_lidar/sz5591_DSM_2M.asc
ncols 500
nrows 500
xllcorner    455000
yllcorner    91000
cellsize     2
NODATA_value -9999
[rows 448 to 479 of 500, columns 0 to 72 of 500]
5.63 5.58 5.55 5.44 5.38 5.262 5.185 5.105 5.032 4.887 4.82 4.717 4.627 4.505 4.337 4.21 4.01 3.86 3.642 3.432 3.28 3.057 2.862 2.777 2.64 2.485 2.382 2.35 2.247 2.277 2.332 2.342 2.432 2.362 2.322 2.267 2.232 2.207 2.272 2.202 2.195 2.222 2.375 2.397 2.3 2.29 2.24 2.24 2.255 2.287 2.28 2.272 1.347 -9999 -9999 -9999 2.165 1.705 1.793 1.788 1.804 1.849 1.922 1.909 1.992 2.031 2.142 2.267 2.225 2.175 2.137 2.225 2.265
5.68 5.627 5.57 5.49 5.442 5.38 5.28 5.225 5.087 4.985 4.94 4.872 4.722 4.595 4.482 4.312 4.162 3.982 3.772 3.597 3.372 3.15 2.96 2.765 2.677 2.575 2.475 2.455 2.28 2.245 2.332 2.285 2.312 2.35 2.267 2.272 2.227 2.3 2.242 2.25 2.242 2.227 2.275 2.302 2.305 2.27 2.235 2.227 2.28 2.23 2.237 2.275 1.319 -9999 -9999 -9999 2.36 1.656 1.739 1.803 1.872 1.798 1.841 1.947 2.031 1.999 2.06 2.167 2.211 2.132 2.242 2.277 2.195
5.727 5.69 5.597 5.572 5.505 5.425 5.397 5.295 5.152 5.11 5.08 4.96 4.825 4.687 4.552 4.41 4.275 4.105 3.902 3.737 3.487 3.272 3.045 2.877 2.705 2.587 2.517 2.465 2.322 2.292 2.277 2.255 2.242 2.242 2.205 2.212 2.22 2.317 2.282 2.277 2.26 2.275 2.295 2.255 2.267 2.232 2.187 2.31 2.3 2.282 2.282 1.531 1.364 2.147 2.145 2.3 2.25 1.634 1.736 1.825 1.842 1.811 1.851 1.927 1.99 2.099 2.097 2.186 2.144 2.167 2.237 2.285 2.238
5.792 5.725 5.682 5.585 5.562 5.492 5.425 5.332 5.28 5.25 5.167 5.032 4.905 4.772 4.627 4.51 4.395 4.23 4.06 3.867 3.627 3.372 3.147 2.947 2.77 2.625 2.51 2.417 2.367 2.322 2.247 2.252 2.187 2.207 2.232 2.222 2.222 2.235 2.25 2.255 2.31 2.247 2.265 2.247 2.22 2.205 2.23 2.292 2.27 2.245 2.255 1.494 1.339 2.17 2.24 2.347 2.277 1.677 1.736 1.821 1.873 1.888 1.912 1.995 2.017 2.101 2.087 2.141 2.141 2.172 2.327 2.262 2.227
5.84 5.772 5.732 5.687 5.61 5.545 5.49 5.437 5.382 5.367 5.242 5.1 5.002 4.882 4.745 4.64 4.497 4.335 4.192 3.97 3.755 3.495 3.272 3.04 2.857 2.687 2.547 2.475 2.42 2.36 2.205 2.3 2.267 2.202 2.23 2.245 2.292 2.232 2.262 2.272 2.297 2.25 2.267 2.327 2.165 2.212 2.225 2.362 2.357 2.217 2.255 1.433 -9999 -9999 -9999 2.303 2.295 1.718 1.782 1.864 1.867 1.887 1.903 1.978 2.026 2.07 2.124 2.141 2.205 2.218 2.177 2.172 2.205
5.927 5.842 5.807 5.707 5.682 5.637 5.562 5.512 5.477 5.39 5.315 5.227 5.087 4.992 4.845 4.71 4.615 4.465 4.287 4.1 3.852 3.632 3.372 3.145 2.952 2.785 2.562 2.515 2.45 2.392 2.22 2.257 2.217 2.232 2.247 2.255 2.252 2.252 2.272 2.277 2.192 2.277 2.262 2.287 2.212 2.227 2.25 2.272 2.29 2.22 2.225 2.237 -9999 -9999 -9999 2.38 2.33 1.736 1.781 1.84 1.839 1.916 1.909 1.931 2.015 2.122 2.134 2.19 2.206 2.077 2.087 2.29 2.24
5.935 5.867 5.83 5.777 5.742 5.66 5.61 5.577 5.527 5.467 5.412 5.277 5.182 5.062 4.94 4.81 4.685 4.522 4.392 4.202 3.97 3.732 3.46 3.26 3.072 2.867 2.665 2.585 2.457 2.452 2.282 2.21 2.29 2.212 2.237 2.22 2.24 2.235 2.245 2.195 2.247 2.237 2.312 2.317 2.27 2.235 2.192 2.227 2.197 2.195 2.237 2.272 2.27 -9999 -9999 2.43 2.237 1.747 1.782 1.829 1.845 1.91 1.981 2.044 2.015 2.089 2.078 2.144 2.271 2.315 2.26 2.28 2.207
5.97 5.92 5.87 5.835 5.77 5.745 5.717 5.637 5.522 5.5 5.432 5.34 5.175 5.12 5.022 4.927 4.77 4.632 4.47 4.28 4.085 3.837 3.585 3.387 3.152 2.94 2.752 2.627 2.507 2.382 2.327 2.202 2.232 2.19 2.182 2.202 2.182 2.23 2.295 2.187 2.247 2.207 2.25 2.202 2.225 2.212 2.222 2.2 2.24 2.195 2.145 2.232 2.24 2.136 -9999 2.303 2.222 1.789 1.82 1.827 1.887 1.946 1.993 2.07 2.041 2.049 2.188 2.21 2.245 2.27 2.342 2.337 2.307
6.022 5.952 5.905 5.88 5.817 5.772 5.732 5.657 5.537 5.49 5.44 5.33 5.232 5.187 5.105 4.977 4.855 4.727 4.545 4.395 4.167 3.942 3.687 3.472 3.242 3.025 2.812 2.712 2.572 2.417 2.37 2.222 2.215 2.235 2.21 2.19 2.185 2.202 2.325 2.212 2.28 2.22 2.222 2.225 2.295 2.26 2.23 2.212 2.32 2.232 2.212 2.3 2.275 2.057 2.172 2.27 2.29 1.807 1.841 1.864 1.883 1.89 1.969 2.051 2.124 2.051 2.146 2.193 2.229 2.312 2.282 2.427 2.34
6.047 5.99 5.94 5.902 5.87 5.87 5.77 5.68 5.58 5.532 5.475 5.387 5.317 5.24 5.175 5.052 4.937 4.775 4.645 4.472 4.265 4.022 3.81 3.56 3.365 3.152 2.947 2.837 2.747 2.52 2.395 2.217 2.215 2.227 2.232 2.205 2.227 2.207 2.272 2.235 2.237 2.245 2.2 2.242 2.235 2.237 2.232 2.25 2.315 2.295 2.215 2.277 2.22 2.112 -9999 2.216 2.275 1.787 1.836 1.881 1.849 1.881 2.005 2.062 2.092 2.1 2.185 2.269 2.213 2.305 2.287 2.295 2.46
6.09 6.04 5.995 5.975 5.96 5.875 5.767 5.7 5.6 5.542 5.497 5.452 5.352 5.282 5.192 5.107 5 4.842 4.71 4.54 4.38 4.097 3.905 3.677 3.43 3.237 3.005 2.915 2.822 2.55 2.412 2.307 2.24 2.292 2.262 2.285 2.22 2.222 2.247 2.24 2.27 2.242 2.242 2.227 2.215 2.207 2.22 2.202 2.215 2.212 2.237 2.255 2.26 -9999 -9999 2.35 2.27 1.77 1.821 1.844 1.866 1.915 1.941 2.075 2.087 2.114 2.174 2.227 2.242 2.242 2.322 2.297 2.29
6.147 6.06 6.032 6.047 5.957 5.872 5.807 5.72 5.652 5.582 5.517 5.467 5.405 5.32 5.255 5.157 5.047 4.9 4.787 4.615 4.435 4.217 3.99 3.747 3.515 3.315 3.137 3.027 2.777 2.612 2.412 2.315 2.237 2.325 2.23 2.272 2.19 2.202 2.215 2.215 2.235 2.255 2.302 2.297 2.247 2.195 2.217 2.235 2.232 2.247 2.342 2.332 2.257 2.286 -9999 2.35 2.287 1.776 1.858 1.903 1.887 1.898 1.934 1.999 2.095 2.122 2.165 2.222 2.221 2.242 2.317 2.28 2.35
6.187 6.142 6.145 6.055 5.965 5.915 5.82 5.767 5.7 5.632 5.58 5.532 5.462 5.362 5.29 5.195 5.102 4.995 4.847 4.672 4.507 4.312 4.087 3.852 3.61 3.37 3.255 3.037 2.775 2.57 2.447 2.362 2.247 2.447 2.365 2.275 2.21 2.31 2.247 2.222 2.275 2.257 2.222 2.242 2.202 2.205 2.22 2.21 2.225 2.247 2.295 2.222 -9999 -9999 2.302 2.292 2.282 1.826 1.903 1.91 1.939 1.972 1.919 1.93 2.05 2.029 2.086 2.191 2.244 2.202 2.272 2.352 2.14
6.207 6.225 6.182 6.102 6.02 5.932 5.84 5.765 5.722 5.667 5.607 5.58 5.497 5.422 5.342 5.255 5.177 5.045 4.897 4.757 4.575 4.4 4.187 3.937 3.702 3.435 3.28 3.137 2.895 2.725 2.495 2.367 2.23 2.297 2.332 2.225 2.212 2.237 2.28 2.255 2.25 2.277 2.232 2.252 2.257 2.21 2.212 2.205 2.265 2.237 2.217 2.265 -9999 -9999 2.19 2.317 2.317 1.857 1.873 1.872 1.932 1.982 1.965 1.991 2.023 2.029 2.045 2.197 2.251 2.372 2.395 2.317 2.25
6.29 6.247 6.202 6.142 6.04 5.967 5.897 5.84 5.792 5.747 5.697 5.577 5.557 5.482 5.38 5.312 5.237 5.095 4.987 4.827 4.647 4.47 4.267 4.01 3.77 3.535 3.365 3.15 2.997 2.812 2.592 2.372 2.275 2.237 2.255 2.272 2.195 2.232 2.195 2.215 2.232 2.295 2.257 2.24 2.26 2.257 2.195 2.207 2.257 2.18 2.18 -9999 -9999 -9999 2.176 2.3 2.215 1.864 1.904 1.906 1.964 2.011 2.005 2.009 2.081 2.113 2.13 2.166 2.164 2.22 2.305 2.417 2.342
6.36 6.28 6.23 6.18 6.1 6.037 5.99 5.915 5.842 5.767 5.72 5.637 5.572 5.522 5.437 5.355 5.255 5.13 5.032 4.897 4.742 4.547 4.315 4.075 3.852 3.615 3.44 3.172 2.925 2.69 2.527 2.352 2.312 2.28 2.302 2.34 2.27 2.2 2.212 2.225 2.225 2.252 2.3 2.31 2.25 2.2 2.225 2.23 2.225 2.192 2.245 2.225 2.095 1.995 2.232 2.24 1.745 1.889 1.897 1.936 1.953 1.975 1.992 1.985 2.055 2.164 2.133 2.244 2.232 2.252 2.147 2.252 2.32
6.387 6.31 6.275 6.185 6.152 6.05 6.01 5.97 5.88 5.812 5.742 5.662 5.632 5.582 5.467 5.39 5.32 5.205 5.107 4.962 4.817 4.61 4.39 4.165 3.955 3.707 3.5 3.267 2.99 2.767 2.565 2.422 2.395 2.227 2.505 2.332 2.305 2.222 2.192 2.185 2.232 2.2 2.197 2.265 2.242 2.217 2.197 2.207 2.23 2.295 2.247 -9999 -9999 2.035 2.242 1.587 1.732 1.876 1.909 1.939 1.944 2.007 1.953 1.971 2.074 2.156 2.196 2.31 2.289 2.215 2.095 2.315 2.33
6.392 6.325 6.305 6.212 6.167 6.107 6.065 6 5.93 5.887 5.8 5.72 5.677 5.597 5.557 5.445 5.35 5.28 5.19 5.07 4.885 4.695 4.485 4.24 4.042 3.815 3.597 3.327 3.057 2.852 2.637 2.452 2.417 2.237 2.24 2.282 2.2 2.237 2.292 2.19 2.202 2.217 2.21 2.24 2.235 2.22 2.187 2.237 2.262 2.23 2.222 -9999 -9999 -9999 2.085 1.616 1.745 1.834 1.898 1.924 1.956 1.962 1.978 2.005 2.054 2.206 2.244 2.105 2.187 2.195 2.275 2.272 2.25
6.417 6.35 6.315 6.245 6.212 6.152 6.097 6.022 6 5.922 5.857 5.795 5.712 5.65 5.592 5.477 5.4 5.327 5.217 5.14 4.967 4.795 4.57 4.37 4.127 3.947 3.712 3.387 3.177 2.972 2.687 2.517 2.46 2.265 2.22 2.347 2.365 2.21 2.205 2.197 2.207 2.185 2.192 2.282 2.25 2.232 2.207 2.24 2.227 2.225 2.265 -9999 -9999 2.223 2.232 1.692 1.797 1.86 1.905 1.923 1.978 2.015 2.055 2.026 2.069 2.201 2.233 2.195 2.302 2.202 2.26 2.322 2.442
6.47 6.435 6.357 6.297 6.245 6.217 6.135 6.052 6 5.947 5.892 5.84 5.757 5.697 5.627 5.537 5.477 5.365 5.285 5.185 5.042 4.872 4.68 4.467 4.29 4.077 3.842 3.515 3.265 3.085 2.845 2.612 2.582 2.26 2.237 2.255 2.352 2.24 2.235 2.21 2.182 2.195 2.205 2.24 2.225 2.217 2.24 2.247 2.22 2.19 2.292 2.352 2.26 2.217 2.357 1.832 1.869 1.886 1.908 1.953 1.977 1.98 2.039 2.092 2.112 2.107 2.277 2.316 2.277 2.235 2.22 2.205 2.445
6.492 6.47 6.405 6.347 6.29 6.222 6.167 6.11 6.055 6.007 5.972 5.88 5.81 5.722 5.615 5.57 5.51 5.437 5.335 5.25 5.1 4.955 4.747 4.605 4.387 4.167 3.872 3.572 3.28 3.025 2.855 2.645 2.537 2.367 2.322 2.26 2.212 2.167 2.25 2.202 2.225 2.24 2.287 2.22 2.302 2.23 2.245 2.257 2.232 2.272 2.257 2.285 2.185 2.147 2.32 1.91 1.939 1.909 1.932 1.928 1.94 1.991 2.067 2.072 2.094 2.115 2.202 2.267 2.327 2.252 2.202 2.142 2.287
6.55 6.512 6.47 6.407 6.327 6.24 6.205 6.157 6.13 6.08 6.037 5.942 5.875 5.79 5.702 5.63 5.54 5.46 5.362 5.257 5.152 5.017 4.922 4.712 4.485 4.245 3.947 3.597 3.347 3.127 2.915 2.682 2.59 2.44 2.312 2.292 2.212 2.18 2.22 2.252 2.222 2.212 2.247 2.275 2.245 2.27 2.247 2.28 2.267 2.28 2.3 2.3 2.25 2.177 2.197 1.908 1.923 1.916 1.918 1.945 1.968 1.989 2.051 2.066 2.114 2.165 2.252 2.181 2.255 2.272 2.29 2.182 2.315
6.547 6.525 6.457 6.412 6.335 6.28 6.242 6.172 6.15 6.152 6.067 5.982 5.885 5.852 5.765 5.682 5.597 5.53 5.417 5.307 5.227 5.097 4.992 4.82 4.575 4.327 4.032 3.755 3.48 3.245 2.992 2.745 2.652 2.542 2.367 2.287 2.23 2.222 2.31 2.227 2.215 2.227 2.232 2.23 2.182 2.267 2.302 2.302 2.265 2.262 2.217 2.297 2.252 2.165 2.102 1.919 1.895 1.91 1.945 2.027 2.019 1.989 2.024 2.079 2.154 2.145 2.239 2.299 2.317 2.257 2.265 2.327 2.325
6.617 6.537 6.445 6.407 6.345 6.325 6.312 6.245 6.185 6.157 6.092 6.017 5.965 5.892 5.827 5.73 5.627 5.605 5.502 5.372 5.277 5.205 5.062 4.885 4.667 4.387 4.1 3.832 3.632 3.427 3.187 2.937 2.82 2.6 2.48 2.39 2.335 2.217 2.277 2.275 2.255 2.24 2.22 2.237 2.185 2.282 2.292 2.28 2.317 2.29 2.172 2.145 2.302 2.342 2.24 1.974 1.937 1.952 2.02 2.039 2.082 2.065 2.025 2.093 2.163 2.155 2.275 2.207 2.235 2.307 2.265 2.287 2.25
6.657 6.59 6.505 6.435 6.412 6.397 6.33 6.257 6.21 6.177 6.132 6.097 6.05 5.945 5.887 5.79 5.73 5.625 5.57 5.462 5.41 5.272 5.13 4.987 4.707 4.392 4.175 3.952 3.665 3.505 3.33 3.075 2.91 2.747 2.575 2.457 2.345 2.895 3.03 3.17 2.292 2.22 2.207 2.225 2.21 2.212 2.327 2.325 2.395 2.295 2.27 2.26 2.145 2.225 1.826 1.994 1.984 1.985 2.023 2.091 1.996 2.071 2.113 2.109 2.189 2.19 2.287 2.237 2.28 2.232 2.162 2.307 2.247
6.67 6.592 6.515 6.48 6.43 6.43 6.342 6.305 6.267 6.245 6.197 6.097 6.055 6.005 5.915 5.867 5.785 5.712 5.657 5.63 5.49 5.325 5.157 4.972 4.737 4.477 4.24 4.05 3.857 3.63 3.377 3.21 3.327 3.542 2.88 2.712 2.645 3.647 4.102 3.95 2.497 2.2 2.245 2.217 2.192 2.265 2.407 2.345 2.335 2.202 2.217 2.292 2.245 1.824 1.927 2.005 2.019 2.002 2.038 2.099 2.082 2.08 2.139 2.111 2.2 2.23 2.315 2.282 2.232 2.16 2.297 2.327 2.227
6.707 6.62 6.56 6.512 6.502 6.445 6.41 6.34 6.307 6.267 6.207 6.15 6.095 6.062 6.012 5.935 5.897 5.83 5.767 5.652 5.507 5.355 5.207 5.002 4.79 4.565 4.352 4.18 4 3.745 3.472 3.377 4.815 3.972 3.295 2.957 3.487 3.642 3.432 3.325 2.26 2.225 2.222 2.227 2.235 2.292 2.485 2.435 2.477 2.297 2.27 2.282 2.152 1.951 2.05 2.032 2.028 2.062 2.073 2.041 2.107 2.08 2.188 2.172 2.18 2.23 2.275 2.312 2.275 2.25 2.202 2.167 2.217
6.702 6.645 6.642 6.57 6.515 6.472 6.442 6.402 6.342 6.292 6.23 6.197 6.137 6.107 6.077 6.062 5.985 5.88 5.797 5.71 5.577 5.41 5.225 5.07 4.88 4.687 4.467 4.295 4.105 3.875 3.68 3.662 3.715 3.407 3.835 4.187 3.132 3.592 4.002 2.675 2.25 2.27 2.215 2.232 2.185 2.387 2.392 2.495 2.397 2.292 2.295 2.28 2.277 2.062 2.071 2.034 2.061 2.09 2.101 2.058 2.076 2.123 2.191 2.176 2.2 2.21 2.257 2.315 2.295 2.257 2.205 2.215 2.22
6.767 6.71 6.662 6.585 6.53 6.512 6.49 6.437 6.34 6.31 6.272 6.237 6.202 6.19 6.15 6.132 5.997 5.972 5.847 5.727 5.545 5.435 5.237 5.11 4.965 4.742 4.57 4.442 4.205 4.037 3.895 4.182 4.045 5.447 5.165 5.952 3.037 4.767 3.145 2.525 2.257 2.2 2.2 2.235 2.24 2.362 2.362 2.482 2.327 2.342 2.282 2.25 2.24 2.076 2.088 2.076 2.091 2.09 2.088 2.107 2.106 2.167 2.21 2.244 2.245 2.267 2.225 2.177 2.255 2.28 2.24 2.215 2.142
6.807 6.76 6.707 6.642 6.622 6.562 6.497 6.477 6.4 6.33 6.295 6.28 6.277 6.24 6.215 6.157 6.065 5.965 5.855 5.732 5.63 5.477 5.32 5.2 5.047 4.88 4.677 4.485 4.342 4.442 4.752 5.18 4.015 4.33 3.662 4.865 3.577 5.475 3.932 3.752 2.537 2.222 2.222 2.215 2.28 2.307 2.535 2.555 2.26 2.25 2.215 2.215 2.056 2.091 2.105 2.056 2.126 2.147 2.132 2.172 2.185 2.229 2.22 2.24 2.255 2.21 2.277 2.3 2.31 2.262 2.12 2.237 2.202
6.857 6.81 6.757 6.7 6.637 6.6 6.522 6.47 6.412 6.397 6.38 6.37 6.342 6.277 6.24 6.155 6.095 5.987 5.892 5.772 5.667 5.52 5.392 5.242 5.152 4.987 4.757 4.615 4.75 5.597 5.32 5.002 3.835 5.155 3.422 3.157 3.005 2.83 2.977 3.952 3.002 2.207 2.175 2.302 2.195 2.232 2.392 2.345 2.287 2.29 2.272 2.124 2.141 2.157 2.135 2.119 2.148 2.144 2.198 2.159 2.208 2.27 2.177 2.217 2.202 2.212 2.27 2.332 2.242 2.222 2.175 2.23 2.23
6.86 6.82 6.812 6.75 6.69 6.627 6.582 6.507 6.487 6.485 6.45 6.42 6.405 6.352 6.245 6.215 6.15 6.047 5.95 5.817 5.705 5.562 5.42 5.292 5.217 5.077 4.86 5.085 6.587 7.285 5.012 4.605 4.087 3.747 3.45 3.275 3.305 2.825 2.96 2.99 2.832 2.185 2.14 2.255 2.247 2.202 2.272 2.295 2.277 2.31 2.212 2.165 2.177 2.175 2.167 2.197 2.16 2.183 2.216 2.225 2.272 2.222 2.247 2.262 2.197 2.22 2.245 2.277 2.312 2.35 2.35 2.25 2.33
