All_lidar/sz5589_DSM_2M.asc
ncols 500
nrows 500
xllcorner    455000
yllcorner    89000
cellsize     2
NODATA_value -9999
[rows 128 to 159 of 500, columns 71 to 141 of 500]
21.039 20.969 20.914 20.912 20.919 20.929 21.202 21.324 21.057 20.922 21.994 22.077 20.977 21.532 20.557 20.397 20.384 20.349 20.274 20.327 20.392 20.237 20.064 23.267 22.982 22.182 19.774 19.684 20.717 19.632 21.769 23.389 21.432 19.374 19.287 19.164 19.127 19.427 18.967 20.744 19.654 18.989 18.669 18.614 18.534 18.412 18.319 18.259 18.184 18.117 18.054 17.999 17.939 17.904 17.859 17.827 17.789 17.774 17.729 17.702 17.644 17.607 17.557 17.519 17.457 17.389 17.329 17.234 17.169 17.104 17.049
21.042 21.009 20.982 23.612 20.959 21.102 21.049 21.272 21.252 21.232 21.099 21.002 20.899 20.597 20.777 20.692 20.502 20.604 20.369 20.394 20.394 20.112 20.102 20.099 20.942 21.742 20.467 20.377 20.869 24.434 27.624 32.094 25.322 19.279 19.194 19.412 19.247 19.337 19.017 19.094 18.787 18.697 18.612 18.567 18.484 18.394 18.334 18.284 18.202 18.129 18.084 18.037 17.982 17.964 17.894 17.879 17.877 17.844 17.784 17.737 17.657 17.592 17.502 17.457 17.412 17.334 17.257 17.194 17.154 17.107 17.039
21.082 21.012 20.994 23.062 24.492 22.954 22.587 21.087 21.109 21.522 21.087 20.872 20.929 20.769 20.814 21.284 20.854 20.937 20.477 20.574 20.372 20.187 20.204 20.427 19.912 19.932 24.529 23.889 19.669 19.749 23.422 29.582 23.669 19.492 19.364 22.687 20.922 18.987 18.859 18.767 18.732 18.654 18.582 18.509 18.474 18.402 18.342 18.324 18.279 18.204 18.184 18.114 18.037 17.979 17.914 17.867 17.844 17.774 17.714 17.679 17.609 17.572 17.504 17.414 17.382 17.327 17.264 17.164 17.134 17.104 17.029
21.152 21.182 21.427 27.859 28.199 23.747 21.497 21.034 21.042 21.447 21.112 20.787 20.884 20.887 21.077 21.122 21.064 21.032 20.982 20.924 20.669 20.322 20.362 20.239 19.937 20.039 23.047 25.097 20.459 19.584 22.984 26.939 24.347 20.559 20.489 19.114 19.054 18.957 18.882 18.779 18.724 18.662 18.619 18.539 18.482 18.419 18.377 18.342 18.327 18.259 18.189 18.119 18.042 17.964 17.919 17.849 17.854 17.804 17.717 17.669 17.599 17.567 17.484 17.444 17.369 17.302 17.229 17.159 17.119 17.059 16.939
21.557 23.574 22.767 24.717 29.572 23.924 21.597 21.132 20.869 20.924 21.039 21.022 20.789 20.762 20.694 20.779 21.129 21.047 20.789 20.684 20.847 20.614 20.414 20.052 19.972 20.444 22.462 23.222 21.597 19.664 19.917 22.187 21.027 19.159 19.162 19.129 19.062 18.964 18.907 18.817 18.739 18.689 18.617 18.559 18.494 18.462 18.429 18.402 18.329 18.257 18.184 18.142 18.049 17.984 17.929 17.844 17.817 17.762 17.712 17.679 17.624 17.532 17.497 17.407 17.342 17.242 17.169 17.099 17.044 16.989 16.874
23.202 21.842 23.442 27.022 30.524 29.257 22.289 21.289 21.087 21.044 21.094 20.964 20.839 20.844 20.922 20.799 20.987 20.762 20.557 20.772 20.469 20.599 20.322 21.747 21.654 19.912 19.767 19.634 19.507 19.472 19.442 19.382 19.304 19.252 19.189 19.104 19.059 18.997 18.907 18.844 18.779 18.742 18.654 18.587 18.519 18.502 18.412 18.382 18.344 18.282 18.199 18.114 18.067 17.987 17.884 17.837 17.782 17.739 17.659 17.619 17.564 17.492 17.442 17.367 17.279 17.204 17.149 17.077 17.057 16.999 16.909
21.379 21.264 21.872 22.962 26.979 24.214 21.639 21.447 21.179 22.579 20.974 20.944 20.857 20.934 21.219 21.269 21.074 20.664 20.544 20.497 20.409 20.362 20.279 20.357 20.349 19.784 19.684 19.602 19.549 19.512 19.422 19.352 19.329 19.232 19.182 19.127 19.109 19.082 19.004 18.934 18.857 18.794 18.692 18.629 18.572 18.497 18.419 18.384 18.347 18.257 18.179 18.097 18.044 17.942 17.849 17.789 17.727 17.714 17.657 17.602 17.554 17.484 17.399 17.304 17.224 17.154 17.129 17.072 17.034 17.002 16.917
21.169 21.459 22.312 21.754 21.637 21.384 21.159 21.377 21.424 21.267 20.997 20.822 20.764 20.977 20.942 20.854 20.844 20.679 20.492 20.437 20.964 20.672 20.137 19.912 19.859 19.787 19.709 19.639 19.579 19.514 19.447 19.407 19.334 19.284 19.227 19.182 19.162 19.154 19.062 18.962 18.859 18.759 18.707 18.649 18.567 18.487 18.394 18.359 18.299 18.227 18.117 18.079 18.009 17.934 17.849 17.817 17.744 17.679 17.637 17.582 17.532 17.444 17.392 17.309 17.237 17.157 17.114 17.059 16.992 16.969 16.922
21.139 22.019 22.747 21.609 21.389 21.327 21.294 21.334 21.434 21.192 21.099 20.939 20.814 20.987 20.757 20.729 20.577 20.532 20.417 20.464 20.262 20.124 20.009 19.954 19.879 19.799 19.737 19.709 19.647 19.574 19.517 19.439 19.412 19.352 19.319 19.257 19.194 19.132 19.037 18.957 18.832 18.747 18.679 18.597 18.514 18.429 18.359 18.319 18.279 18.209 18.169 18.094 18.007 17.937 17.849 17.772 17.709 17.634 17.614 17.544 17.519 17.467 17.387 17.327 17.249 17.202 17.124 17.042 17.009 16.982 16.917
21.342 21.287 21.189 21.154 21.522 21.382 21.342 21.094 21.174 21.039 20.902 20.947 20.962 21.054 21.139 20.719 20.639 20.557 20.402 20.272 20.164 20.072 20.039 19.964 19.879 19.827 19.764 19.769 19.712 19.629 19.592 19.499 19.432 19.349 19.284 19.227 19.172 19.094 19.014 18.937 18.839 18.722 18.669 18.587 18.529 18.472 18.397 18.337 18.297 18.214 18.149 18.054 17.957 17.892 17.817 17.744 17.694 17.679 17.617 17.572 17.522 17.494 17.444 17.342 17.257 17.189 17.147 17.049 16.997 16.984 16.944
21.392 21.217 21.184 20.947 22.554 21.259 22.549 22.039 22.344 21.494 21.014 20.927 20.924 20.899 20.957 20.807 20.674 20.437 20.352 20.267 20.219 20.127 20.049 19.982 19.909 19.874 19.819 19.779 19.729 19.637 19.537 19.459 19.417 19.312 19.254 19.219 19.132 19.079 19.009 18.909 18.837 18.744 18.684 18.577 18.504 18.424 18.329 18.294 18.254 18.149 18.094 18.019 17.999 17.914 17.854 17.809 17.744 17.704 17.642 17.567 17.524 17.502 17.442 17.367 17.297 17.244 17.144 17.079 17.014 16.989 16.952
21.294 21.442 21.617 21.414 21.487 22.902 25.362 22.727 21.124 25.382 22.797 21.034 21.044 20.872 20.689 20.609 20.517 20.424 20.342 20.297 20.222 20.167 20.079 19.994 19.942 19.837 19.804 19.747 19.689 19.599 19.529 19.464 19.407 19.319 19.287 19.244 19.167 19.079 19.024 18.909 18.812 18.739 18.629 18.529 18.447 18.372 18.299 18.252 18.207 18.159 18.134 18.084 18.032 17.982 17.892 17.814 17.774 17.727 17.669 17.609 17.559 17.492 17.462 17.357 17.302 17.237 17.134 17.084 16.982 16.947 16.924
21.617 21.294 21.162 21.172 22.757 23.077 27.672 26.687 25.412 23.227 23.402 20.772 20.717 20.632 20.599 20.547 20.502 20.449 20.364 20.299 20.234 20.139 20.042 19.952 19.899 19.824 19.777 19.754 19.722 19.642 19.572 19.472 19.397 19.349 19.294 19.202 19.167 19.084 19.012 18.892 18.777 18.664 18.609 18.499 18.439 18.364 18.319 18.284 18.244 18.224 18.172 18.109 18.069 17.987 17.914 17.829 17.779 17.694 17.659 17.582 17.552 17.474 17.447 17.377 17.317 17.209 17.132 17.057 16.974 16.922 16.917
21.347 21.482 21.214 21.107 22.239 24.214 24.769 25.342 26.844 22.987 20.729 20.694 20.667 20.617 20.487 20.452 20.424 20.397 20.354 20.229 20.212 20.149 20.069 20.004 19.939 19.857 19.799 19.749 19.689 19.637 19.559 19.479 19.389 19.344 19.287 19.197 19.137 19.092 19.014 18.922 18.787 18.657 18.584 18.512 18.457 18.399 18.359 18.319 18.272 18.237 18.194 18.109 18.069 18.032 17.957 17.882 17.812 17.732 17.637 17.592 17.547 17.514 17.462 17.372 17.307 17.254 17.149 17.104 16.969 16.929 16.879
21.954 24.027 21.202 21.522 21.237 21.932 24.997 27.652 21.474 20.722 20.687 20.637 20.574 20.499 20.449 20.402 20.394 20.399 20.324 20.282 20.219 20.167 20.084 20.009 19.949 19.852 19.792 19.752 19.669 19.609 19.522 19.452 19.399 19.299 19.227 19.152 19.152 19.114 19.029 18.924 18.827 18.709 18.644 18.562 18.499 18.459 18.407 18.339 18.244 18.182 18.137 18.114 18.084 18.027 17.972 17.894 17.827 17.769 17.692 17.644 17.559 17.512 17.457 17.374 17.292 17.247 17.157 17.044 16.959 16.879 16.817
21.169 22.599 24.654 22.269 21.012 20.807 22.572 25.524 23.759 24.004 22.807 20.602 20.577 20.499 20.434 20.399 20.372 20.349 20.307 20.252 20.207 20.159 20.064 19.997 19.922 19.822 19.749 19.692 19.664 19.574 19.472 19.387 19.332 19.269 19.204 19.169 19.127 19.059 18.989 18.917 18.827 18.697 18.622 18.544 18.484 18.439 18.399 18.352 18.254 18.209 18.194 18.177 18.117 18.044 17.967 17.904 17.812 17.722 17.674 17.602 17.552 17.504 17.447 17.352 17.259 17.149 17.064 16.967 16.882 16.807 16.762
21.379 23.969 21.379 23.987 20.754 20.757 20.964 22.894 21.657 24.484 20.669 20.597 20.517 20.472 20.429 20.382 20.364 20.327 20.292 20.249 20.209 20.139 20.079 19.987 19.919 19.814 19.729 19.664 19.614 19.547 19.454 19.379 19.334 19.294 19.237 19.167 19.087 19.019 18.929 18.852 18.782 18.667 18.587 18.529 18.487 18.442 18.397 18.354 18.314 18.279 18.234 18.162 18.119 18.014 17.929 17.854 17.797 17.742 17.687 17.582 17.532 17.442 17.369 17.277 17.184 17.124 17.032 16.939 16.849 16.779 16.729
21.194 20.979 20.992 20.859 20.882 20.784 20.799 21.482 22.369 22.254 20.817 20.529 20.497 20.462 20.409 20.382 20.334 20.339 20.284 20.247 20.192 20.134 20.049 19.984 19.874 19.794 19.684 19.614 19.597 19.534 19.454 19.417 19.329 19.269 19.179 19.102 19.039 18.982 18.937 18.867 18.774 18.682 18.627 18.569 18.509 18.477 18.402 18.334 18.279 18.242 18.199 18.147 18.079 18.002 17.919 17.834 17.772 17.684 17.602 17.572 17.489 17.389 17.324 17.252 17.142 17.089 16.992 16.929 16.844 16.774 16.747
21.012 20.974 20.952 20.904 20.857 21.584 20.882 22.264 21.604 20.694 20.634 20.484 20.454 20.447 20.409 20.394 20.362 20.332 20.264 20.234 20.194 20.112 20.007 19.922 19.832 19.742 19.679 19.619 19.564 19.519 19.449 19.387 19.284 19.247 19.192 19.149 19.119 19.029 18.964 18.897 18.802 18.734 18.662 18.587 18.504 18.469 18.374 18.339 18.282 18.212 18.157 18.119 18.047 17.979 17.932 17.842 17.747 17.664 17.584 17.527 17.464 17.384 17.319 17.262 17.157 17.114 17.022 16.957 16.864 16.787 16.739
21.047 20.964 20.927 20.869 20.834 20.777 20.717 20.687 20.652 20.577 20.554 20.527 20.504 20.464 20.439 20.407 20.364 20.329 20.259 20.227 20.162 20.124 20.009 19.947 19.829 19.747 19.712 19.647 19.597 19.557 19.497 19.399 19.327 19.299 19.237 19.207 19.157 19.062 18.984 18.897 18.809 18.749 18.652 18.577 18.507 18.412 18.359 18.352 18.279 18.219 18.174 18.129 18.047 17.962 17.899 17.847 17.752 17.677 17.607 17.514 17.442 17.374 17.304 17.264 17.192 17.114 17.022 16.952 16.864 16.794 16.749
21.004 20.937 20.892 20.849 20.822 20.782 20.742 20.702 20.667 20.627 20.614 20.607 20.557 20.559 20.494 20.412 20.352 20.332 20.284 20.242 20.177 20.104 20.002 19.904 19.827 19.737 19.692 19.627 19.572 19.517 19.462 19.397 19.302 19.292 19.224 19.172 19.052 19.017 18.939 18.869 18.784 18.692 18.587 18.509 18.424 18.379 18.367 18.307 18.249 18.212 18.157 18.087 18.032 17.967 17.877 17.809 17.722 17.619 17.577 17.484 17.432 17.362 17.279 17.209 17.152 17.069 17.012 16.947 16.844 16.762 16.707
20.937 20.859 20.817 20.839 20.789 20.774 20.747 20.717 20.702 20.697 20.649 20.619 20.582 20.582 20.497 20.427 20.412 20.369 20.289 20.214 20.099 20.059 19.967 19.902 19.784 19.702 19.624 19.567 19.509 19.414 19.377 19.349 19.282 19.207 19.129 19.074 19.042 18.989 18.944 18.834 18.737 18.604 18.514 18.462 18.372 18.379 18.369 18.297 18.212 18.179 18.079 18.029 18.017 17.967 17.909 17.812 17.649 17.574 17.494 17.412 17.364 17.304 17.222 17.127 17.094 17.034 16.967 16.904 16.839 16.757 16.722
20.874 20.812 20.809 20.809 20.762 20.727 20.697 20.727 20.684 20.677 20.649 20.624 20.579 20.529 20.489 20.452 20.447 20.417 20.262 20.167 20.079 20.012 19.932 19.882 19.787 19.662 19.582 19.512 19.434 19.374 19.312 19.337 19.277 19.177 19.062 19.047 19.007 18.964 18.882 18.769 18.684 18.559 18.462 18.404 18.354 18.309 18.277 18.239 18.174 18.102 18.079 18.022 17.982 17.919 17.829 17.767 17.674 17.604 17.544 17.454 17.359 17.297 17.242 17.189 17.092 17.037 16.989 16.919 16.877 16.772 16.727
20.844 20.804 20.837 20.782 20.739 20.729 20.719 20.707 20.682 20.649 20.599 20.577 20.537 20.522 20.494 20.477 20.432 20.362 20.262 20.234 20.154 20.079 20.002 19.922 19.852 19.769 19.689 19.584 19.492 19.477 19.412 19.352 19.294 19.209 19.162 19.099 19.022 18.987 18.874 18.772 18.637 18.542 18.509 18.434 18.327 18.309 18.269 18.224 18.162 18.119 18.082 18.039 17.964 17.922 17.857 17.767 17.707 17.632 17.542 17.464 17.369 17.294 17.254 17.199 17.104 17.072 16.999 16.929 16.842 16.727 16.669
20.924 20.852 20.799 20.789 20.764 20.779 20.787 20.757 20.719 20.694 20.654 20.612 20.584 20.577 20.502 20.469 20.384 20.317 20.269 20.249 20.207 20.099 20.012 19.944 19.849 19.747 19.659 19.564 19.502 19.469 19.412 19.312 19.252 19.202 19.132 19.077 18.999 18.939 18.857 18.774 18.632 18.544 18.507 18.432 18.357 18.287 18.259 18.207 18.122 18.069 18.044 17.992 17.912 17.839 17.814 17.732 17.657 17.584 17.524 17.434 17.367 17.289 17.239 17.192 17.089 17.009 16.909 16.859 16.799 16.694 16.657
20.937 20.869 20.812 20.779 20.777 20.847 20.827 20.797 20.724 20.692 20.639 20.614 20.577 20.539 20.504 20.477 20.372 20.314 20.287 20.232 20.177 20.082 19.972 19.887 19.809 19.747 19.667 19.577 19.517 19.437 19.372 19.302 19.229 19.137 19.102 19.034 18.987 18.899 18.859 18.774 18.657 18.554 18.482 18.437 18.319 18.267 18.222 18.157 18.104 18.042 18.002 17.947 17.877 17.822 17.779 17.719 17.689 17.589 17.499 17.447 17.337 17.254 17.187 17.147 17.052 16.974 16.897 16.842 16.792 16.714 16.674
20.947 20.927 20.827 20.792 20.767 20.822 20.837 20.777 20.682 20.664 20.647 20.597 20.564 20.529 20.482 20.432 20.387 20.317 20.247 20.209 20.139 20.074 19.967 19.892 19.834 19.739 19.644 19.562 19.484 19.427 19.347 19.229 19.187 19.157 19.089 19.024 18.962 18.854 18.792 18.699 18.614 18.524 18.447 18.369 18.279 18.217 18.157 18.102 18.044 18.019 17.974 17.934 17.899 17.824 17.779 17.697 17.647 17.559 17.457 17.359 17.284 17.197 17.134 17.107 17.004 16.947 16.879 16.829 16.734 16.664 16.612
21.027 20.894 20.839 20.779 20.774 20.807 20.822 20.744 20.687 20.642 20.654 20.594 20.539 20.462 20.424 20.404 20.332 20.272 20.219 20.187 20.127 20.029 19.972 19.904 19.849 19.717 19.649 19.539 19.452 19.362 19.302 19.222 19.142 19.107 19.024 18.952 18.857 18.772 18.732 18.644 18.564 18.489 18.429 18.349 18.259 18.222 18.157 18.117 18.059 18.024 17.989 17.917 17.857 17.789 17.729 17.654 17.557 17.462 17.412 17.359 17.297 17.194 17.119 17.042 16.984 16.919 16.852 16.762 16.632 16.609 16.564
20.939 20.894 20.822 20.787 20.774 20.787 20.804 20.739 20.712 20.677 20.642 20.572 20.504 20.452 20.422 20.384 20.347 20.277 20.214 20.172 20.089 20.032 19.957 19.877 19.787 19.679 19.569 19.479 19.384 19.304 19.217 19.144 19.082 19.019 18.944 18.889 18.782 18.712 18.694 18.622 18.567 18.507 18.427 18.364 18.312 18.224 18.174 18.112 18.049 17.977 17.952 17.859 17.794 17.729 17.674 17.599 17.522 17.444 17.382 17.307 17.254 17.174 17.097 17.007 16.937 16.869 16.799 16.714 16.607 16.594 16.552
20.927 20.869 20.797 20.769 20.744 20.752 20.769 20.737 20.724 20.654 20.634 20.584 20.524 20.489 20.447 20.394 20.317 20.267 20.169 20.114 20.054 19.967 19.854 19.804 19.709 19.617 19.494 19.419 19.352 19.284 19.219 19.142 19.082 19.009 18.924 18.824 18.797 18.727 18.699 18.612 18.569 18.489 18.422 18.369 18.304 18.219 18.139 18.067 17.987 17.939 17.889 17.824 17.749 17.709 17.649 17.584 17.504 17.434 17.404 17.284 17.252 17.162 17.059 16.957 16.882 16.814 16.769 16.707 16.639 16.622 16.762
20.904 20.862 20.784 20.739 20.704 20.702 20.729 20.727 20.732 20.659 20.617 20.579 20.512 20.464 20.404 20.347 20.267 20.194 20.084 20.039 20.002 19.937 19.854 19.767 19.687 19.617 19.507 19.434 19.339 19.289 19.234 19.182 19.112 18.989 18.874 18.797 18.764 18.712 18.684 18.617 18.564 18.487 18.402 18.354 18.259 18.174 18.102 18.062 17.987 17.932 17.854 17.802 17.727 17.674 17.624 17.552 17.474 17.397 17.374 17.289 17.204 17.149 17.044 16.979 16.932 17.029 17.062 17.267 17.602 17.339 16.807
20.874 20.834 20.772 20.717 20.704 20.659 20.704 20.714 20.674 20.617 20.562 20.529 20.424 20.372 20.324 20.274 20.219 20.144 20.077 20.014 19.967 19.919 19.844 19.762 19.684 19.597 19.527 19.437 19.362 19.302 19.217 19.174 19.082 18.949 18.794 18.742 18.689 18.679 18.652 18.562 18.492 18.434 18.332 18.289 18.229 18.154 18.107 18.069 18.009 17.912 17.844 17.787 17.734 17.677 17.619 17.532 17.462 17.367 17.359 17.407 17.409 17.519 17.809 17.667 17.234 17.159 17.094 16.657 16.297 16.149 15.912
