All_lidar/sz5590_DSM_2M.asc
ncols 500
nrows 500
xllcorner    455000
yllcorner    90000
cellsize     2
NODATA_value -9999
[rows 33 to 65 of 500, columns 296 to 369 of 500]
20.8 26.72 23.167 23.35 20.145 19.84 19.86 22.957 20.912 20.072 27.145 22.965 23.415 22.487 21.285 26.627 28.94 31.397 33.347 31.71 33.345 35.982 30.26 22.672 22.307 23.992 20.85 20.705 20.767 22.285 25.807 26.785 21.532 26.772 25.21 21.545 25.58 30.295 28.372 22.427 27.167 26.292 20.782 20.69 20.665 20.787 21.98 27.075 21.982 21.627 20.71 21.395 26.622 23.617 26.28 28.935 30.825 23.51 21.51 23.07 20.677 20.632 20.657 24.03 21.07 20.537 28.155 35.282 29.385 33.817 34.81 25.452 25.497 24.322
19.622 23.655 25.592 20.722 19.73 21.637 19.772 26.585 22.677 26.675 33.122 29.9 30.105 25.88 28.92 33.897 31.15 23.762 32.215 27.012 32.832 35.625 34.012 35.665 30.087 26.502 21.032 20.66 21.172 21.702 22.975 29.682 29.385 21.76 21.2 25.737 28.437 30.192 29.73 25.732 30.1 28.687 20.95 20.665 20.645 20.602 21.32 22.395 20.85 21.825 27.637 23.012 20.745 20.627 20.635 22.12 26.137 23.825 29.187 25.377 20.492 20.847 22.44 27.56 23.24 20.612 27.892 37.562 38.967 34.68 30.54 29.512 33.19 20.895
19.9 19.582 21.067 23.687 22.005 19.802 19.867 22.09 20.692 29.56 28.26 29.757 31.92 29.6 27.94 30.69 29.605 21.597 28.405 24.192 23.82 30.572 23.932 26.982 26.902 30.702 21.755 20.715 21.577 21.767 29.112 28.262 21.542 25.365 22.385 26.98 28.765 28.065 32.38 29.49 29.205 26.762 20.752 22.422 21.82 20.537 22.235 20.655 20.72 23.797 28.445 23.107 20.642 20.555 20.807 21.08 20.895 25.025 25.247 24.305 22.19 21.05 23.96 28.11 21.302 20.747 27.755 34.48 36.715 29.762 23.252 22.94 24.29 20.462
20.51 22.467 20.572 25.717 26.462 21.135 24.277 23.965 26.657 29.19 29.832 30.645 22.567 29.172 28.692 28.787 20.985 20.795 23.895 21.52 26.477 29.187 25.02 26.257 22.027 21.862 20.637 20.675 20.892 21.19 23.575 27.852 25.745 27.162 24.002 23.087 24.592 26.42 26.955 28.467 28.67 22.72 20.637 20.687 21.765 21.282 21.15 24.005 25.717 21.207 20.712 20.525 20.527 20.847 20.932 22.11 21.105 21.302 21.677 25.32 25.427 20.69 21.052 21.237 20.81 20.647 22.397 33.67 35.522 36.585 35.182 26.475 22.662 22.485
20.755 23.147 19.982 22.185 21.4 23.152 25.427 26.92 27.15 28.105 31.407 26.997 24.322 20.48 25.177 28.165 22.43 20.392 30.47 30.535 26.72 28.007 32.437 28.065 27.432 28.555 22.352 21.04 21.2 26.71 24.052 26.817 28.597 21.92 20.962 20.672 20.817 25.117 30.017 28.322 26.795 27.15 20.555 20.522 24.912 28.387 21.74 24.62 26.315 22.207 20.512 20.842 21.537 22.615 21.07 21.48 20.712 21.282 21.375 26.28 24.327 20.415 20.367 20.787 22.012 23.892 20.602 23.81 26.727 32.162 36.215 26.202 30.295 33.6
20.082 20.352 20.997 19.81 19.962 22.082 24.68 23.902 22.872 22.185 27.87 25.882 24.33 31.23 34.002 28.897 25.07 20.302 22.392 24.015 32.527 30.17 29.775 32.662 30.567 31.435 28.375 22.065 20.642 20.562 20.57 22.017 25.675 28.327 20.622 20.732 20.877 20.615 21.87 21.87 22.605 21.642 20.547 20.487 21.687 27.677 25.992 20.507 20.825 20.482 20.495 20.552 20.637 21.477 20.905 22.377 21.83 21.942 21.172 23.297 26.887 20.347 20.335 21.81 28.602 31.002 21.055 20.157 22.005 32.52 32.867 24.257 29.892 37.125
19.752 20.215 21.13 19.842 19.872 20.102 19.8 19.885 20.04 20.565 21.477 21.87 23.342 34.387 32.96 33.452 28.607 20.27 20.377 26.925 31.617 32.222 30.277 24.235 20.49 24.73 30.32 27.045 24.1 22.247 20.612 20.622 22.217 24.855 20.647 20.577 20.567 23.132 24.162 23.76 21.247 21.235 20.507 20.832 20.465 23.145 27.205 20.427 20.492 20.502 20.557 20.5 20.525 20.515 20.45 21.187 23.642 21.295 20.515 20.332 20.5 20.472 20.56 23.185 25.735 25.352 20.292 20.165 21.132 33.17 35.827 32.89 32.88 31.58
20.53 27.397 22.485 19.872 20.42 27.77 26.167 22.152 20.745 23.077 20.09 20.727 20.387 26.077 24.842 25.452 20.8 21.117 20.385 21.777 25.49 33.085 29.41 20.287 21.217 21.105 25.097 27.735 25.052 21.53 20.595 20.622 21.135 22.702 21.57 21.197 20.517 20.592 21.3 22.932 20.51 20.682 21.535 24.357 21.122 21.442 28.457 25.155 22.967 23.192 22.2 23.557 25.307 21.19 22.155 22.41 21.637 20.647 20.445 20.345 21.032 20.75 21.562 27.48 26.885 21.355 22.782 20.932 26.802 33.602 37.802 33.577 26.275 30.962
19.717 22.54 23.652 19.845 20.757 27.812 29.592 30.645 28.802 23.485 19.975 20.067 20.1 20.12 22.882 22.24 21.532 21.087 20.342 20.867 21.322 24.89 22.85 20.697 26.335 22.172 21.887 22.43 25.275 21.835 20.545 20.765 20.925 20.495 20.477 21.92 20.785 20.52 20.5 20.757 23.152 24.52 27.035 28.415 21 20.492 24.9 27.987 27.485 24.255 20.57 23.87 34.03 23.63 21.872 23.59 30.58 32.687 22.355 22.622 22.917 20.23 25.127 31.8 28.57 23.642 29.177 23.765 28.575 31.975 30.637 34.397 30.37 35.312
19.792 20.29 23.64 20.237 20.302 24.022 27.085 29.7 29.05 28.39 24.515 29.605 20.595 21.565 25.545 27.545 22.155 20.892 20.395 20.305 20.43 20.562 21.435 22.092 27.522 26.13 20.657 21.947 26.85 26.542 20.662 20.582 22.04 20.557 20.867 26.77 24.402 20.707 21.377 21.51 21.135 22.267 26.265 30.032 22.532 20.517 22.36 25.015 26.127 25.387 20.815 22.145 24.512 20.38 20.305 21.367 32.405 34.127 21.545 21.255 20.235 21.36 27.33 32.617 26.025 23.365 31.93 35.852 30.665 23.547 29.132 35.89 34.347 34.07
19.777 21.36 20.592 20.392 22.07 21.525 23.875 25.632 23.32 29.417 24.917 26.492 29.41 24.937 25.097 27.92 25.655 22.762 20.355 20.395 20.297 20.39 24.797 24.98 22.995 28.61 21.165 23.625 24.535 28.267 21.792 20.475 20.505 20.532 23.627 25.065 23.112 20.912 25.51 25.632 20.47 20.597 21.857 21.77 20.467 21.882 21.932 28.397 25.042 23.675 23.352 29.615 29.665 21.802 20.25 20.26 26.22 30.772 25.485 25.017 20.147 21.192 23.892 32.142 28.717 29.687 24.775 32.77 30.507 27.475 29.767 34.4 33.4 31.632
19.765 20.085 20.435 22.88 26.83 28.44 30.075 29.112 28.342 25.382 26.755 25.367 23.97 26.955 25.902 27.867 27.68 29.51 25.18 21.425 20.312 20.475 24.812 26.372 27.88 22.845 20.907 23.752 23.017 24.222 27.142 21.88 20.58 20.672 25.23 26.132 20.84 20.507 21.89 28.637 20.732 21.067 25.077 28.55 23.227 24.635 27.48 28.617 27.765 29.652 25.77 35.5 33.487 26.955 21.515 26.222 24.815 34.407 27.985 21.575 20.297 20.952 22.757 35.445 35.282 26.54 24.35 25.782 24.935 23.705 26.06 30.357 38.69 37.027
19.81 19.882 20.7 21.975 22.01 24.72 28.255 29.275 27.627 27.787 28.657 32.102 27 31.707 25.057 28.712 22.26 24.147 28.112 21.835 20.875 20.33 21.162 25.372 28.202 23.632 21.065 20.95 25.547 26.157 29.557 23.83 20.497 20.525 26.145 31.742 23.225 21.56 26.132 23.247 20.457 21.005 24.597 26.407 24.707 22.805 28.952 23.175 28.897 32.702 27.8 31.655 35.682 29.235 20.705 28.542 30.312 31.19 32.052 20.195 22.28 23.682 25.63 37.027 34.602 28.317 28.622 27.435 24.155 29.197 30.622 30.137 35.912 32.612
19.887 21.302 27.457 28.635 23.345 21.25 24.862 24.582 29.667 33.307 24.515 30.567 31.94 30.427 25.802 27.3 21.19 24.912 27.472 21.392 20.485 20.512 22.362 28.97 30.087 28.76 24.825 22.155 28.81 28.282 21.242 21.347 20.48 20.847 24.305 25.495 26.692 22.992 24.342 20.727 20.435 20.425 25.872 22.852 21 21.237 22.385 22.402 34.422 32.765 26.072 32.195 37.115 33.66 24.465 20.41 25.58 24.02 33.355 23.32 22.695 28.055 19.855 28.54 32.742 27.625 29.772 29.722 22.11 32.71 34.3 26.275 21.9 20.807
21.175 21.672 30.137 29.795 23.49 22.012 26.21 24.19 29.787 21.732 24.49 26.76 26.892 28.325 22.25 23.797 25.965 29.025 26.31 20.422 20.545 20.56 22.39 31.595 33.567 27.72 24.627 21.45 27.812 25.16 21.395 20.517 20.532 20.47 20.455 21.162 24.412 28.525 26.37 21.485 20.375 23.365 27.922 27.52 28.43 23.75 24.667 20.902 29.922 31.36 22.17 25.92 35.997 32.387 31.795 25.027 25.447 23.652 29.295 25.58 20.61 27.72 23.167 24.242 25.725 23.727 21.475 23.34 20.692 24.902 34.24 32.705 23.04 19.465
20.462 20.515 25.427 27.005 26.417 24.992 27.602 25.15 25.297 21.025 20.222 21.302 24.875 24.89 20.38 20.412 21.667 26.972 31.582 24.195 20.387 20.46 20.832 25.065 27.617 27.79 25.777 28.175 29.557 27.725 24.38 20.727 23.042 21.435 20.605 20.482 22.602 32.572 33.565 34.395 22.887 26.357 35.037 34.455 33.997 31.552 26.537 20.365 21.785 25.432 21.472 24.617 30.302 31.662 32.78 28.46 28.377 21.592 25.715 21.532 19.8 24.907 26.25 33.465 29.387 24.107 26.195 24.337 26.182 20.307 32.692 35.3 21.162 19.635
20.675 20.05 19.952 20.97 24.662 33.645 20.152 20.747 28.702 25.062 23.757 20.257 20.41 20.397 20.432 20.43 20.395 27.03 30.985 29.062 20.482 21.022 20.477 20.415 22.922 25.285 26.057 31.265 30.732 30.46 26.137 24.862 27.777 24.117 21.327 24.185 24.072 28.8 32.37 36.31 29.847 24.42 35.057 36.207 34.91 29.757 22.08 20.205 20.187 20.425 25.12 25.635 27.605 29.555 23.892 21.352 23.83 24.1 20.265 24.527 24.752 24.415 23.452 27.642 26.892 21.982 27.857 29.792 25.187 19.8 21.55 19.67 19.465 19.62
20.635 20.22 23.84 26.55 29.59 33.245 27.092 24.38 28.867 24.657 21.315 20.297 20.417 20.515 20.505 20.56 20.397 20.387 20.38 21.82 26.78 26.692 21.03 21.687 26.125 31.31 29.945 29.867 27.502 31.33 30.88 29.062 26.5 28.155 20.892 20.537 20.787 27.48 32.555 36.347 33.195 20.795 33.38 35.487 33.327 23.122 21.61 20.115 20.095 20.217 24.02 21.1 24.847 23.71 24.255 23.207 24.62 19.98 19.982 24.962 32.537 21.747 22.882 29.322 28.21 27.565 26.71 33.362 21.4 20.362 29.072 25.032 22.555 19.452
22.062 23.857 29.842 30.407 25.107 20.077 22.445 29.81 31.997 23.102 21.877 21.422 20.505 20.617 20.547 20.485 20.455 20.49 20.782 24.387 23.767 28.445 21.692 21.372 24.262 29.3 31.807 32.19 21.832 31.182 29.5 22.465 21.295 30.235 28.567 31.747 28.787 22.002 29.74 30.277 25.04 21.14 23.22 30.915 27.577 25.927 22.16 23.252 21.63 21.88 29.972 31.1 28.525 28.15 21.265 28.43 26.185 19.93 20.262 21.922 24.362 25.422 21.237 22.84 24.697 24.172 25.055 33.52 27.667 25.035 31.797 30.257 24.197 19.462
22.592 25.49 27.195 23.957 21.68 21.497 20.445 20.735 26.502 31.42 25.067 20.605 21.207 20.495 20.602 20.582 20.647 20.547 20.542 20.472 23.992 28.817 24.25 20.607 20.922 24.212 34.497 24.17 22.265 30.245 28.435 30.817 26.137 25.817 33.555 34.207 30.982 26.08 27.77 27.657 21.215 24.71 24.16 27.44 28.567 29.025 30.122 32.402 29.547 21.087 26.027 26.635 29.295 24.952 20.882 22.125 27.912 20.862 21.097 29.685 27.827 25.187 23.022 22.23 19.702 19.57 26.352 30.5 34.34 29.45 25.842 29.81 22.855 19.277
20.375 24.387 21.597 21.17 25.53 26.607 20.52 20.255 22.372 25.092 22.215 20.775 21.065 20.497 20.577 20.747 21.145 20.852 20.68 22.507 22.08 25.01 23.145 20.577 20.477 20.582 29.187 29.66 22.882 28.597 34.657 30.62 25.587 23.315 33.797 31.072 29.87 20.575 23.752 22.36 21.14 24.87 22.35 27.875 29.505 28.645 29.867 26.015 27.697 28.287 26.097 21.215 27.392 30.007 27.44 27.132 29.187 22.952 20.292 19.725 23.205 27.977 25.095 20.035 19.712 19.78 25.262 28.147 30.527 27.812 26.025 24.72 23.892 20.78
20.377 20.46 20.402 20.36 20.572 20.315 22.16 20.32 24.685 24.297 24.557 20.312 20.355 20.515 20.677 21.052 21.307 20.852 20.882 20.942 20.957 21.03 20.72 20.742 20.61 20.532 23.137 32.517 28.53 25.095 31.88 33.03 23.787 23.3 31.877 36.5 23.72 20.345 26.135 26.612 27.347 31.005 24.835 29.81 28.31 26.527 20.925 19.985 20.142 27.39 29.502 24.782 22.492 27.675 29.2 26.49 28.66 25.857 24.372 25.045 23.677 29.727 30.33 24.752 20.632 24.002 20.197 20.067 24.14 22.695 19.035 22.085 31.347 25.017
20.385 20.512 20.51 20.455 20.495 20.632 20.31 20.312 22.385 21.505 20.815 20.585 20.28 20.322 20.435 20.737 20.847 20.78 20.94 22.63 24.757 20.997 20.812 21.035 20.995 20.692 20.635 29.605 33.795 33.562 32.45 33.442 28.037 22.192 22.752 28.007 23.205 20.245 24.91 28.08 28.525 29.887 20.137 20.79 28.242 22.8 20.342 21.335 24.82 29.127 27.477 26.472 20.442 26.267 22.392 21.49 29.697 20.277 22.252 22.58 26.425 29.337 22.645 25.035 19.532 19.562 19.205 21.482 21.097 23.992 19.802 22.075 27.215 24.63
20.48 20.575 20.592 20.535 20.685 20.415 20.39 20.362 20.43 20.307 20.545 20.307 20.257 20.272 20.29 20.465 20.612 20.747 20.682 21.897 24.805 21.315 21.257 21.232 21.077 20.645 21.497 20.87 24.362 30.26 27.492 24.22 23.135 31.092 22.292 20.237 23.022 20.445 22.02 28.285 29.76 25.995 22.812 20.752 26.492 25.285 27.682 27.327 23.205 30.62 24.937 21.05 21.655 27.177 22.887 19.855 26.947 22.935 19.55 20.627 27.947 29.307 28.61 22.25 19.487 24.37 21.83 25.212 21.047 19.002 19.192 24.365 24.55 25.867
20.562 20.587 20.662 20.602 20.612 20.517 20.44 20.415 20.507 20.402 20.437 20.265 20.227 20.255 20.267 20.26 20.425 20.647 20.732 20.917 20.89 20.965 21.082 21.03 20.83 21.675 29.275 25.06 21.157 21.672 22.477 25.15 21.002 23.6 20.995 21.827 29.637 27.22 25.545 28.357 30.6 31.505 22.585 20.747 22.365 23.91 30.17 31.442 27.332 26.857 25.095 20.07 22.605 20.482 20.19 24.365 23.93 22.377 22.875 23.577 26.577 24.362 21.005 21.1 30.955 27.045 19.51 19.322 18.955 20.72 18.87 28.482 29.18 27.622
23.632 20.665 20.74 20.655 20.605 23.585 20.705 20.517 20.455 21.33 20.555 20.375 20.32 20.285 20.277 20.39 20.577 21.115 21.17 20.932 21.062 21.01 21.065 20.872 20.822 21.442 31.285 25.34 24.695 26.86 27.457 24.485 21.14 21.627 24.57 29.38 29.987 25.365 29.04 26.762 24.302 31.127 22.767 20.035 21.225 25.942 21.542 28.705 30.635 24.58 20.615 20.115 21.327 19.685 19.96 25.477 25.045 28.065 28.155 22.137 23.59 25.582 23.307 24 31.957 26.235 20.89 18.975 22.77 22.922 24.567 26.452 29.26 29.095
28.642 20.732 20.837 20.762 20.71 21.605 27.535 22.865 20.445 20.337 20.332 20.495 20.432 20.307 20.397 20.517 20.545 20.875 21.362 21.412 21.127 21.17 21.21 20.967 20.78 25.2 31.5 23.967 23.007 26.852 29.125 21.777 26.822 27.175 26.472 28.39 32.942 25.007 20.107 20.732 23.007 29.04 25.845 20.382 20.002 20.227 25.072 21.082 25.13 28.967 29.315 24.51 20.852 20.422 20.522 21.767 24.035 25.93 22.292 30.75 28.065 22.817 21.14 20.26 26.76 25.042 24.902 20.672 21.882 23.965 31.217 19.645 26.105 26.885
28.877 20.902 20.895 20.887 20.77 21.817 29.332 20.637 20.747 20.502 20.17 20.257 20.252 20.322 20.287 20.262 20.64 20.782 21.207 21.275 21.147 21.11 21.085 21.515 20.76 21.957 29.67 31.265 23.477 25.027 27.965 29.447 28.662 28.857 24.822 31.892 30.175 20.805 20.082 22.205 23.512 23.792 22.172 29.387 29.06 21.25 28.06 19.83 20.06 24.942 26.532 30.485 26.707 23.657 20.065 19.772 22.165 28.137 24.437 24.157 22.437 22.705 23.922 20.92 22.447 21.287 18.91 19.62 25.127 22.94 30.125 27.462 24.642 26.417
30.245 21.777 20.985 20.977 20.81 20.872 23.035 20.745 20.82 21.827 20.125 20.12 20.16 20.16 20.165 20.202 20.582 20.76 21.132 21.197 21.012 21.18 21.037 20.857 20.602 20.522 22.942 25.717 20.307 21.675 30.42 33.995 31.507 31.3 28.432 31.955 31.63 27.67 23.017 20.082 20.155 21.04 22.652 25.92 27.432 21.225 21.692 19.782 23.64 28.092 25.5 26.485 28.315 26.66 22.28 20.26 20.22 25.712 26.532 24.817 21.867 23.467 20.59 19.152 19.065 19.055 19.13 18.865 25.595 21.235 28.375 29.587 23.737 19.127
32.542 26.587 21.1 21.06 21.11 21.295 21.282 21.657 20.725 20.82 20.13 20.132 20.155 20.155 20.122 20.287 20.552 20.8 20.977 21.13 21.087 21.127 20.727 20.572 20.507 20.45 20.387 20.445 20.682 21.505 26.69 31.755 35.347 32.852 27.127 29.635 31.575 31.502 28.205 22.257 22.697 28.367 31.33 33.23 32.152 28.06 26.037 21.857 22.087 28.385 28.712 24.085 22.23 27.735 22.345 19.427 19.425 20.055 22.002 21.572 25.895 22.162 19.655 19.187 20.722 23.457 21.46 19.285 26.612 25.277 25.707 18.992 22.85 20.255
37.52 25.742 21.737 21.19 21.332 21.565 22.44 23.382 20.29 20.187 20.192 20.125 20.135 20.142 20.145 20.192 20.547 20.87 21.057 21.147 20.927 22.647 20.862 20.56 20.512 20.45 20.812 21.215 21.492 20.4 24.74 32.46 31.025 32.942 28.175 25.392 30.745 29.08 28.782 23.127 24.045 31.595 30.35 30.145 26.112 25.995 30.695 23.537 21.02 27.877 27.977 22.887 20.91 24.745 22.295 20.865 19.702 19.292 25.742 25.87 31.98 27.785 21.552 19.055 20.862 31.042 27.837 20.342 23.38 27.905 21.932 23.54 22.525 19.315
26.177 25.367 21.31 21.27 21.247 21.157 21.54 21.41 21.015 21.505 21.07 20.145 20.152 20.137 20.135 20.195 20.522 20.845 20.95 20.747 21.172 24.37 23.757 20.475 20.575 20.457 20.647 20.627 20.51 20.432 22.027 28.8 30.09 32.792 33.592 27.97 27.03 28.302 30.992 26.217 20.872 22.02 30.66 30.082 20.587 20.54 19.89 20.88 20.98 27.437 26.887 29.17 28.782 26.435 26.752 29.497 27.357 21.942 21.852 31.31 27.7 26.395 19.025 19.017 19.092 28.415 30.142 31.957 22.67 22.852 20.797 19.75 18.772 18.385
21.982 21.512 21.442 21.15 21.36 20.992 20.475 20.377 25.997 20.322 22.17 20.137 20.17 20.19 20.185 20.472 21.52 20.722 22.622 20.687 20.905 20.572 21.03 20.457 20.635 20.537 22.38 24.117 20.347 20.317 20.175 21.44 26.872 30.862 31.902 26.022 26.08 24.245 29.222 31.872 20.125 19.922 26.085 30.325 27.385 27.172 26.655 28.41 26.49 29.662 32.127 23.82 32.405 31.912 29.272 33.305 28.762 25.532 24.595 24.15 29.912 21.46 18.982 23.095 20.442 23.512 28.395 32.375 24.862 22.365 27.102 20.65 18.602 18.472
