All_lidar/sz5591_DSM_2M.asc
ncols 500
nrows 500
xllcorner    455000
yllcorner    91000
cellsize     2
NODATA_value -9999
[rows 288 to 319 of 500, columns 292 to 364 of 500]
27.178 29.615 31.535 24.195 24.328 23.758 20.223 20.29 24.995 26.358 28.673 32.173 26.325 26.663 24.963 20.633 20.813 22.595 30.95 29.99 31.223 27.365 24.098 29.873 25.983 21.868 24.213 22.325 26.768 30.495 31.73 31.203 23.343 24.188 23.495 24.645 30.603 36.483 35.72 31.203 26.943 26.82 27.555 24.513 25.475 35.005 32.668 31.923 27.783 25.145 25.228 25.785 27.93 27.13 26.483 29.84 27.948 27.763 30.968 31.708 34.978 35.733 37.77 36.455 41.663 41.353 36.118 35.638 38.335 38.803 38.248 34.865 30.055
28.368 23.755 32.468 30.41 21.54 19.595 19.9 20.305 20.36 21.098 23.373 25.555 31.32 28.493 26.53 21.94 20.51 21.938 28.918 27.64 27.283 24.175 25.623 26.083 29.835 24.803 21.708 22.008 24.383 30.015 27.493 25.603 24.27 23.165 23.888 28.408 29.345 33.328 33 23.733 24.773 24.693 25.63 25.94 27.19 35.293 39.138 34.118 24.79 24.988 26.713 27.138 25.31 25.628 26.37 25.755 26.13 29.4 34.528 37.565 36.748 35.985 40.34 38.785 37.695 40.86 32.965 35.095 35.938 36.99 34.733 35.145 42.993
21.823 23.235 28.878 22.723 24.05 22.443 20.578 20.513 20.403 19.583 23.82 24.525 29.113 31.355 27.115 24.59 28.49 25.913 32.28 29.383 31.033 27.21 24.595 26.498 24.885 29.108 26.925 24.313 23.03 32.585 27.47 24.405 22.458 23.453 29.495 31.03 38.73 32.513 28.763 25.988 24.95 29.89 23.95 27.248 24.73 29.955 36.015 27.393 24.57 24.795 24.913 25.088 25.18 25.413 25.393 25.698 25.895 26.628 31.635 37.733 35.713 28.165 32.65 29.06 29.665 33.03 30.678 26.705 28.105 28.533 27.52 29.633 31.285
23.258 27.915 24.095 19.2 20.515 21.4 22.123 26.873 22.515 27.69 28.488 32.165 34.71 27.313 20.408 20.445 23.48 24.838 27.265 27.438 21.493 26.7 25.82 24.418 31.44 32.54 30.265 32.738 22.45 21.903 27.388 31.475 29.69 27.463 37.508 37.695 34.165 36.61 33.953 25.568 23.2 23.255 23.79 25.418 27.528 26.938 28.948 33.695 33.33 30.45 25.435 24.843 24.963 25.13 25.708 25.913 29.473 29.918 27.723 27.058 30.938 34.125 25.995 26.098 26.993 26.41 27.123 26.825 26.668 28.92 27.743 27.548 27.905
26.733 25.49 27.433 24.793 19.47 21.47 22.803 19.82 21.61 25.01 21.325 23.21 27.07 25.678 23.345 20.428 21.205 23.605 20.735 21.038 21.128 25.918 28.19 32.165 31.65 37.243 45.005 42.775 35.783 29.843 36.69 40.66 33.75 39.473 37.568 37.715 33.078 29.838 31.758 28.18 23.548 30.718 28.725 30.42 28.855 28.823 32.445 37.185 37.073 34.175 25.653 24.563 24.695 24.91 25.23 25.855 33.385 35.91 31.638 29.258 25.565 28.188 27.498 26.703 26.233 26.24 26.295 26.41 26.5 29.603 28.905 31.173 27.263
26.548 31.03 27.028 26.933 20.488 28.7 21.995 20.27 20.465 20.688 21.12 21.15 29.13 24.258 21.63 21.715 23.298 22.99 22.53 22.295 23.07 27.528 27.328 21.61 21.988 30.278 36.965 33.713 35.795 38.653 27.738 25.955 35.77 37.67 34.568 39.72 33.468 26.89 30.628 28.893 31.48 32.91 30.61 30.005 31.405 32.475 30.033 38.42 33.853 24.82 24.213 24.33 24.843 25.218 24.843 24.988 30.228 34.46 26.133 28.155 25.44 25.58 31.198 27.03 26.14 26.448 26.198 26.243 27.05 32.2 29.868 28.095 28.37
20.323 20.463 25.833 29.735 28.543 28.103 24.93 20.52 20.688 22.348 22.21 20.615 20.95 21.243 21.795 21.253 22.295 21.3 30.87 25.698 27.558 30.17 33.75 31.328 22.533 25.328 28.05 32.618 31.008 33.593 28.6 29.683 31.27 24.525 31.038 26.305 28.68 30.935 29.56 24.368 24.375 32.305 32.178 26.615 27.553 29.175 29.588 35.558 34.463 28.47 24.238 24.168 24.313 24.518 25.003 24.94 25.86 30.335 25.613 25.835 25.305 29.233 31.36 32.428 28.54 28.435 33.718 28.553 26.505 32.75 37.325 32.253 27.255
20.833 20.455 20.353 21.423 25.558 23.64 23.635 20.745 20.805 21.623 21.953 21.055 28.15 26.633 25.858 21.59 23.303 21.595 21.9 27.968 25.573 32.378 35.008 30.89 29.395 23.698 28.828 34.388 24.618 22.685 28.955 28.263 23.868 28.255 31.398 28.068 27.1 30.415 35.033 32.728 27 31.81 26.163 31.59 35.718 33.675 29.083 36.363 32.915 34.173 33.95 32.285 28.145 26.148 26.218 25.913 30.403 34.838 29.7 29.648 29.718 35.325 26.305 32.223 29.678 28.468 36.968 32.795 32.188 39.003 38.25 34.413 34.478
21.163 23.408 20.988 21.02 20.93 20.845 27.348 29.018 23.628 29.353 21.47 25.278 25.555 31.83 30.428 36.338 29.883 21.808 22.1 24.64 27.148 26.755 32.733 31.123 36.15 40.053 38.393 33.83 37.25 28.305 33.845 36.995 39.068 29.12 32.708 27.228 31.57 28.405 32.158 27.168 32.685 38.063 38.86 35.815 30.925 26.318 30.455 28.2 25.53 34.125 29.503 31.18 30.488 27.315 34.388 31.143 34.41 36.108 31.538 26.395 35.348 36.373 37.455 27.433 29.35 27.573 29.915 34.123 30.085 26.92 30.27 27.083 31.128
21.165 21.153 21.74 21.093 22.228 27.268 28.633 31.683 29.02 24.99 23.635 24.368 25.485 26.31 25.55 33.345 25.725 22.475 22.333 22.568 26.505 22.75 25.49 27.565 30.81 27.61 26.48 35.003 39.565 32.423 40.398 36.575 35.833 34.815 36.335 28.468 27.115 23.28 32.665 23.345 26.79 33.878 37.405 36.485 32.838 24.113 26.133 45.763 24.098 23.72 26.56 36.703 42.81 26.015 28.683 40.39 41.008 36.61 35.868 25.315 32.953 32.55 30.075 30.043 30.85 28.078 28.885 33.433 33.633 27.933 32.71 26.098 26.463
21.193 21.178 21.493 21.405 21.423 24.6 30.335 31.643 31.81 22.888 30.74 32.14 26.35 22.19 24.395 22.238 25.64 22.385 22.363 22.72 24.698 24.36 23.048 23.195 23.91 27.213 31.055 32.063 30.878 35.515 31.403 34.255 39.108 36.813 33.743 25.37 23.63 29.05 35.52 25.678 26.418 36.498 34.173 34.21 39.673 28.678 25.498 35.5 35.095 37.205 32.413 35.403 28.253 30.725 37.365 30.715 38.635 30.998 32.125 25.025 26.988 27.363 31.648 32.198 29.895 33.003 36.783 37.93 38.3 31.215 27.348 26.928 26.035
21.42 21.293 21.273 22.015 21.635 23.683 25.333 27.125 25.413 29.868 25.093 25.64 25.333 22.728 22.88 22.36 23.923 23.313 22.62 22.783 23.07 22.985 23.083 23.293 23.27 28.045 34.36 36.258 29.5 24.81 23.32 23.355 29.63 28.523 39.96 34.933 33.095 34.655 36.388 31.51 35.245 24.215 28.388 34.373 40.575 41.72 42.285 29.18 33.935 48.77 38.095 33.813 37.213 31.01 32.618 40.38 32.528 40.878 35.78 36.383 24.778 32.555 41.518 34.983 38.57 40.778 45.068 42.103 39.258 31.265 26.415 27.098 26.065
21.6 21.58 21.563 21.7 22.388 25.14 23.583 22.92 24.25 22.43 23.51 22.53 22.15 23.993 24.37 23.095 26.083 27.095 23.188 23.26 22.93 23.28 23.488 23.255 23.283 23.278 23.463 24.285 23.37 23.635 23.695 23.63 23.758 25.868 33.305 32.385 29.6 30.043 39.478 34.498 30.475 39.408 26.77 31.588 29.618 35.685 35.275 24.975 33.355 41.985 31.17 41.183 39.428 27.163 27.46 32.035 32.478 36.593 37.213 31.683 25.228 24.713 25.245 35.253 33.073 33.183 37.203 35.563 33.423 27.705 29.843 33.57 33.398
21.793 21.868 21.853 22.088 22.545 24.968 23.528 23.04 23.085 24.648 22.253 22.303 22.325 22.418 23.685 26.255 28.108 24.293 22.905 23.05 23.14 23.27 23.48 23.283 23.39 23.48 23.425 23.653 23.55 24.03 23.67 23.855 24.008 24.778 27.613 30.195 27.75 26.07 27.463 30.808 33.183 27.025 30.288 40.305 30.865 38.013 34.075 25.218 24.525 30.99 29.01 37.825 33.263 29.623 36.075 26.488 24.773 24.785 38.943 32.868 27.135 28.265 27.498 35.135 34.723 27.858 25.85 29.995 29.015 27.643 26.393 36.255 33.44
21.803 21.93 21.873 22.033 23.95 22.43 23.135 26.948 26.298 22.298 22.338 22.383 23.31 22.508 22.595 22.678 22.903 23.218 23.01 23.153 23.25 23.398 23.475 23.578 23.598 23.528 23.675 23.635 23.715 23.933 24.065 24.035 24.163 24.51 24.153 24.06 25.453 24.23 24.37 31.693 26.108 24.62 25.16 26.993 24.708 32.613 27.9 24.818 24.725 24.753 27.205 34.783 33.525 32.153 41.39 35.22 42.855 26.743 29.618 30.353 25.165 24.983 31.295 39.423 34.765 38.42 26.653 25.543 28.973 29.76 32.243 25.62 27.173
23.543 22.278 28.335 22.305 22.21 27.918 31.24 31.735 24.173 22.355 23.278 28.968 22.565 24.5 22.695 22.783 22.93 22.99 23.06 23.133 23.223 23.39 23.463 23.538 23.558 23.63 23.695 23.803 23.825 23.91 23.953 24.073 24.208 24.31 24.22 24.235 25.185 25.13 24.623 25.34 25.165 25.505 24.738 24.945 25.023 25.273 25.283 29.745 25.05 28.905 27.43 26.098 33.505 30.17 28.22 32.83 35.115 29.485 25.253 26.558 25.855 25.238 38.233 33.535 32.295 34.308 25.755 25.828 28.36 26.31 26.13 25.925 25.998
25.77 28.845 29.815 29.625 26.79 28.9 28.15 30.278 26.16 28.79 28.153 28.805 22.838 22.77 22.735 22.828 24.083 22.953 23.083 23.178 25.405 23.428 24.608 23.62 23.628 23.71 23.823 24.005 23.94 24.013 24.043 24.093 24.23 24.385 24.428 24.6 26.835 25.59 26.79 25.135 24.828 27.758 27.063 25.805 30.013 38.218 35.408 29.938 25.298 25.19 25.298 29.543 27.89 28.35 25.245 25.305 25.308 26.268 25.63 25.503 25.803 31.45 38.23 36.498 33.81 27.708 25.693 29.775 38.033 34.123 29.443 26.695 26.145
22.358 25.145 23.515 26.108 25.495 22.698 22.6 25.818 31.46 28.305 25.26 23.178 24.82 23.188 23.84 27.608 24.915 23.4 23.855 25.81 24.868 26.008 25.485 23.83 23.765 24.353 24.308 25.97 24.613 24.325 24.233 24.193 24.26 24.695 34.705 39.045 39.538 33.34 42.698 38.498 30.338 37.343 38.385 26.56 30.85 42.678 36.558 42.77 36.888 28.588 25.498 33.338 30.88 33.418 25.363 25.433 25.63 25.713 25.92 25.708 25.695 25.893 37.05 42.055 27.155 26.095 28.498 29.84 38.118 32.888 27.105 26.325 27.755
24.48 31.243 26.543 25.04 22.65 22.813 23.195 30.025 25.493 28.308 28.868 29.003 23.258 26.873 28.303 31.368 29.813 27.608 26.683 24.885 26.845 26.893 24.975 24.033 29.535 28.225 28.458 35.193 34.11 38.168 29.773 24.39 24.403 24.973 28.43 39.555 34.785 34.595 39.323 40.388 42.493 40.01 31.42 26.275 29.16 29.223 26.358 33.265 37.87 30.67 26.668 31.633 36.9 32.898 28.253 25.813 25.888 25.893 26.088 26.04 26.308 32.26 29.95 32.278 32.15 33.258 34.795 26.45 31.588 26.308 27.383 26.203 28.263
30.818 35.713 33.728 22.52 22.573 24.255 25.333 22.918 24.225 35.08 26.478 23.185 23.28 27.158 29.563 29.99 29.183 24.868 27.23 24.67 25.803 31.185 30.643 30.008 27.098 25.458 33.228 33.32 34.163 33.03 29.22 27.485 25.29 33.098 33.75 29.845 43.873 35.535 40.64 35.4 42.373 40.675 35.283 30.538 25.425 25.578 25.773 30.595 27.625 25.808 29.725 44.445 40.2 33.213 39.253 35.613 27.97 26.013 26.085 26.075 36.263 33.985 32.523 35.445 45.305 40.868 36.218 27.078 28.003 29.405 31.593 31.405 30.095
24.558 25.005 35.168 29.953 22.708 26.193 30.763 22.9 27.918 31.288 23.823 23.18 23.263 23.538 28.183 25.608 31.86 28.188 30.74 23.788 23.858 27.573 31.745 30.498 28.845 24.248 26.798 34.818 35.63 31.913 35.113 27.51 24.718 27.93 36.428 28.513 27.813 36.203 28.79 30.038 36.75 31.77 34.898 28.1 29.33 28.125 30.335 25.713 30.828 29.14 25.98 32.383 36.653 36.925 33.828 40.47 44.925 29.44 29.113 26.113 37.15 36.318 31.54 38.82 43.983 45.705 35.713 29.358 32.923 42.598 40.358 40.22 31.86
25.455 22.733 37.988 28.49 22.795 22.938 23.318 25.708 26.858 23.063 23.158 23.168 23.545 23.488 24.723 25.765 27.55 25.708 24.94 23.815 29.625 24.448 24.838 24.173 25.188 24.345 24.373 24.523 24.558 28.438 34.813 32.033 24.868 24.893 26.088 26.72 25.153 35.713 28.62 25.803 36.098 41.9 34.663 41.298 37.115 43.935 46.298 30.37 36.72 32.685 29.038 26.195 41.02 46.928 41.998 31.035 35.715 42.528 41.62 36.918 32.01 26.978 29.99 37.633 40.658 37.635 31.715 31.068 31.998 42.215 44.008 35.958 30.278
32.388 24.968 31.133 24.278 23.993 22.78 22.85 24.53 23.023 23.128 23.238 23.313 23.523 24.483 32.188 25.96 23.628 24.078 23.765 24.918 26.953 26.428 27.885 24.208 24.635 24.333 24.428 24.52 24.638 28.05 24.855 25.015 25.055 25.093 25.27 33.5 32.153 41.708 35.845 32.433 36.13 35.018 40.603 35.35 34.525 36.793 46.985 37.09 42.213 27.978 26.213 28.583 41.19 46.763 42.253 30.768 46.588 43.6 37.12 44.48 32.63 27.138 38.903 42.015 28.943 41.15 33.405 27.413 38.718 36.753 34.595 34.22 37.138
36.688 35.388 32.025 23.983 24.35 23.163 22.905 23 23.038 23.178 23.198 23.305 23.518 23.615 23.88 27.383 24.423 23.778 23.823 27.085 29.703 29.443 27.578 24.34 25.058 24.81 25.46 25.36 26.64 24.89 25.043 25.198 25.22 30.04 28.648 36.238 34.01 31.775 34.715 40.175 38.29 31.403 36.52 44.453 37.765 33.528 41.533 30.968 40.54 31.59 26.253 30.18 29.713 36.66 32.153 34.505 42.723 39.488 38.705 27.993 40.688 32.423 41.215 43.728 36.165 33.438 35.888 26.71 27.79 33.39 27.858 30.49 30.385
26.87 31.923 25.08 23.703 23.428 22.923 22.958 23.76 23.133 23.25 23.315 23.53 23.418 23.638 24.705 26.868 24.298 23.878 26.843 23.905 24.158 28.098 30.238 24.565 24.625 26.498 29.033 29.36 30.968 25.215 25.065 25.333 25.36 34.003 35.808 36.518 33.84 27.415 32.973 27.298 40 28.743 26.09 26.04 29.42 37.08 40.47 41.525 36.17 27.933 28.515 31.043 26.85 27.025 26.433 26.52 26.555 26.593 35.648 26.825 28.203 28.19 38.453 38.825 34.3 28.323 27.42 30.718 27.993 34.13 36.72 29.243 32.093
34.38 33.51 29.875 36.898 22.91 22.823 28.983 30.398 23.593 23.878 23.3 23.395 23.458 23.648 24.085 23.66 23.653 24.053 24.633 30.128 24.228 24.265 30.21 24.533 24.688 26.293 24.88 28.883 25.303 25.06 25.158 25.4 25.365 30.728 36.048 33.363 29.465 34.878 28.853 25.773 27.093 31.98 35.628 32.298 36.143 31.39 26.318 41.955 31.103 42.165 38.988 43.62 43.285 27.128 26.555 27.525 29.055 26.665 42.995 32.438 26.963 32.755 34.493 44.588 28.195 28.085 27.275 27.605 38.803 43.603 46.045 42.92 30.345
31.993 36.923 28.8 34.495 26.975 28.113 23.035 29.33 23.28 23.838 23.345 23.43 23.588 24.4 25.458 23.825 23.635 23.833 24.075 25.048 24.308 24.455 24.673 25.263 25.085 24.82 24.895 25.003 25.073 25.08 25.198 25.365 25.443 25.758 32.585 31.155 29.065 29.75 30.235 25.96 25.988 26.088 26.243 32.183 33.615 39.738 33.115 28.368 33.738 43.813 30.66 30.86 35.103 27.425 39.903 31.45 38.138 37.82 28.638 31.1 27.108 28.41 28.103 34.613 29.33 40.593 27.745 27.74 36.663 49.195 42.923 31.963 28.035
26.18 24.87 30.26 22.86 24.385 23.265 23.098 23.638 23.253 23.308 23.48 23.603 23.565 23.67 24.23 23.668 24.105 25.42 33.425 28.525 30.85 26.365 29.115 30.855 24.923 25.12 25.04 25.223 25.178 25.19 25.37 26.403 29.633 27.02 25.618 25.725 25.853 30.81 34.853 27.723 26.188 28.095 30.178 27.12 32.808 35.998 39.698 33.51 43.798 35.423 37.328 33.898 34.343 39.29 40.77 36.245 37.953 42.298 40.673 37.463 44.355 34.5 35.263 41.06 33.053 36.728 30.65 29.385 28.35 34.943 46.885 28.815 27.885
26.968 35.39 30.01 25.14 22.97 23.07 23.125 26.068 26.18 23.358 23.563 23.535 23.588 23.683 24.038 23.833 23.798 27.81 28.305 25.678 24.385 24.595 24.74 32.645 24.955 25.058 25.113 25.823 25.36 25.425 25.49 28.003 34.763 31.943 30.355 29.448 31.89 28.055 26.13 26.17 26.205 27.955 37.52 26.41 26.545 26.488 37.3 36.943 35.09 33.36 35.588 41.5 34.705 29.273 36.613 48.548 40.723 35.773 40.803 45.65 34.468 45.695 39.255 39.725 36.663 32.408 30.873 30.53 28.048 27.82 37.018 33.495 30.543
24.098 31.108 33.403 35.665 28.438 23.15 23.203 23.328 27.168 26.663 24.323 23.653 23.755 23.79 29.765 24.48 23.83 28.303 27.535 24.35 24.543 24.698 24.833 24.99 28.85 27.715 25.27 25.363 25.375 25.535 25.695 25.658 32.225 29.263 35.468 28.96 33.27 37.885 34.1 33.24 26.968 26.96 28.845 35.705 43.283 31.113 26.843 38.375 40.88 39.973 36.955 36.023 40.075 34.343 36.675 46.22 38.145 29.873 31.818 42.048 49.378 41.965 40.235 29.268 33.313 42.458 29.203 27.938 27.938 29.18 29.15 39.975 35.798
40.02 42.145 35.11 39.108 33.133 23.555 23.72 28.225 26.823 26.77 23.578 24.288 23.805 23.878 24.683 24.173 23.958 29.13 24.6 25.33 24.945 24.815 24.853 25.068 25.558 26.453 27.865 25.408 27.888 33.04 27.62 26.123 26.448 30.405 33.043 32.105 38.563 26.488 42.123 38.28 34.873 34.305 46.913 45.375 33.59 34.043 29.318 31.713 38.758 37.628 36.425 36.483 33.013 33.315 30.733 36.24 32.25 27.54 32.818 39.493 43.77 31.81 43.683 33.1 32.333 39.395 32.03 31.668 42.573 40.143 38.713 38.213 30.838
39.62 39.183 30.465 36.503 29.088 28.01 23.303 23.315 23.495 25.833 23.655 23.745 23.865 23.975 24.445 24.328 24.04 28.27 24.548 24.958 28.07 27.298 30.485 27.248 28.465 25.315 25.455 27.085 31.29 32.12 30.565 33.243 28.303 26.168 26.398 36.503 38.498 34.49 49.1 38.188 30.705 37.523 46.75 47.518 46.048 37.173 29.745 27.053 27.093 34.808 35.893 34.125 32.355 27.388 31.228 37.168 33.638 30.893 36.193 43.045 42.675 29.62 30.028 34.768 35.45 44.115 38.58 29.873 33.065 41.245 45.475 38.13 42.975
