All_lidar/sz5586_DSM_2M.asc
ncols 500
nrows 500
xllcorner    455000
yllcorner    86000
cellsize     2
NODATA_value -9999
[rows 64 to 95 of 500, columns 142 to 212 of 500]
62.374 62.276 62.156 62.059 61.869 61.794 61.659 61.534 61.431 61.271 61.216 61.074 60.894 60.801 60.619 60.481 60.299 60.104 59.866 59.614 59.419 59.199 58.939 58.669 58.416 58.161 57.914 57.619 57.349 57.071 56.854 56.626 56.371 56.139 55.924 55.676 55.476 55.274 55.024 54.846 54.664 54.474 54.246 54.091 53.996 53.975 55.381 55.449 54.666 53.904 52.241 52.256 59.671 63.051 60.889 62.276 63.125 59.189 51.166 51.074 50.861 50.214 51.036 52.001 49.969 49.906 50.986 49.306 49.124 48.841 48.656
61.944 61.856 61.756 61.644 61.514 61.394 61.266 61.151 61.056 60.949 60.829 60.716 60.571 60.451 60.279 60.134 59.971 59.784 59.529 59.316 59.084 58.906 58.659 58.416 58.201 57.916 57.649 57.414 57.116 56.901 56.671 56.404 56.161 55.941 55.711 55.499 55.296 55.069 54.859 54.674 54.476 54.329 54.089 53.926 53.819 54.009 55.056 54.801 53.941 52.881 52.039 56.349 57.343 58.506 58.881 57.029 60.254 59.449 53.624 52.719 51.876 50.381 51.544 52.798 50.661 51.084 49.931 49.101 49.079 49.021 48.786
61.551 61.426 61.341 61.234 61.129 61.026 60.891 60.806 60.671 60.559 60.461 60.321 60.189 60.071 59.936 59.791 59.619 59.439 59.216 58.976 58.751 58.594 58.359 58.096 57.894 57.656 57.394 57.151 56.884 56.654 56.466 56.246 55.981 55.759 55.519 55.331 55.131 54.864 54.666 54.496 54.329 54.164 53.921 53.791 53.681 53.756 54.211 54.066 53.441 53.094 52.111 55.156 59.209 51.349 55.511 59.436 56.111 60.154 55.124 51.454 50.334 50.166 52.031 51.051 49.921 52.179 49.704 49.551 49.879 49.234 48.769
61.114 61.026 60.931 60.811 60.714 60.626 60.514 60.394 60.299 60.191 60.084 59.966 59.839 59.731 59.606 59.464 59.269 59.081 58.879 58.694 58.444 58.281 58.051 57.824 57.631 57.389 57.156 56.934 56.686 56.429 56.246 55.996 55.791 55.559 55.379 55.136 54.959 54.694 54.536 54.341 54.166 53.979 53.779 53.629 53.549 53.484 53.854 54.374 53.201 54.761 52.204 57.671 58.681 53.724 61.909 61.521 60.029 62.551 59.511 51.119 50.281 50.521 50.934 51.359 50.906 50.956 49.636 50.676 50.654 48.959 48.649
60.699 60.606 60.519 60.424 60.344 60.234 60.111 60.021 59.939 59.854 59.729 59.611 59.484 59.369 59.219 59.099 58.939 58.736 58.526 58.359 58.089 57.966 57.744 57.534 57.379 57.146 56.906 56.686 56.439 56.251 56.056 55.836 55.601 55.366 55.174 54.984 54.779 54.559 54.384 54.191 53.999 53.826 53.629 53.501 53.416 53.581 54.616 54.596 53.501 54.044 51.811 55.234 58.859 61.171 61.851 57.476 58.994 60.671 54.359 50.514 51.536 51.644 51.289 51.334 49.299 49.339 49.344 49.709 49.609 48.554 49.169
60.296 60.204 60.126 60.029 59.976 59.876 59.759 59.659 59.561 59.451 59.341 59.224 59.099 58.994 58.846 58.736 58.594 58.409 58.199 58.004 57.776 57.696 57.489 57.254 57.079 56.869 56.664 56.459 56.224 56.036 55.831 55.614 55.416 55.219 54.984 54.799 54.579 54.394 54.196 54.016 53.839 53.676 53.451 53.354 53.291 53.706 54.831 54.741 55.124 54.179 54.351 53.831 57.104 60.441 56.081 51.461 56.186 56.336 51.241 51.859 52.554 52.689 52.304 50.509 49.774 49.526 50.796 48.686 48.521 48.291 48.634
59.919 59.836 59.739 59.664 59.566 59.504 59.389 59.276 59.184 59.096 58.979 58.901 58.779 58.671 58.559 58.406 58.284 58.056 57.866 57.679 57.464 57.346 57.176 56.999 56.796 56.594 56.391 56.214 56.011 55.821 55.606 55.394 55.181 55.001 54.804 54.626 54.429 54.201 54.004 53.866 53.691 53.536 53.329 53.214 53.121 53.591 54.354 54.426 54.296 53.696 53.856 56.551 55.551 61.786 55.079 59.644 60.921 55.306 49.944 51.066 51.946 53.101 52.291 50.701 49.569 48.769 48.666 48.914 48.284 48.179 48.006
59.526 59.461 59.384 59.306 59.216 59.099 59.019 58.921 58.836 58.744 58.636 58.529 58.411 58.306 58.179 58.051 57.904 57.704 57.539 57.366 57.124 57.021 56.861 56.676 56.539 56.324 56.134 55.966 55.759 55.581 55.411 55.194 55.029 54.809 54.621 54.469 54.256 54.044 53.849 53.704 53.539 53.356 53.169 53.066 52.951 53.334 53.619 53.509 53.014 52.106 53.864 59.831 62.011 62.621 61.626 57.376 59.681 59.656 55.959 52.289 52.326 53.014 51.759 50.374 49.781 48.604 48.706 49.239 48.174 48.036 47.934
59.164 59.111 59.004 58.916 58.841 58.754 58.664 58.569 58.466 58.369 58.264 58.176 58.079 57.976 57.856 57.729 57.581 57.381 57.214 57.026 56.819 56.741 56.556 56.434 56.271 56.074 55.896 55.701 55.549 55.361 55.174 54.964 54.806 54.646 54.404 54.244 54.034 53.846 53.674 53.529 53.366 53.201 53.026 52.919 52.786 53.349 53.271 52.934 52.519 54.511 54.774 57.889 55.819 57.386 60.009 57.346 54.984 55.736 50.341 51.166 51.989 51.534 50.374 48.939 48.661 48.526 48.409 48.266 48.041 47.924 48.251
58.776 58.719 58.634 58.559 58.479 58.396 58.316 58.211 58.119 58.026 57.929 57.829 57.711 57.634 57.514 57.369 57.214 57.066 56.909 56.704 56.486 56.402 56.274 56.129 55.986 55.786 55.634 55.431 55.251 55.099 54.931 54.766 54.581 54.404 54.236 54.074 53.864 53.656 53.514 53.361 53.209 53.036 52.889 52.756 52.631 52.794 52.719 52.606 52.669 55.276 57.406 61.611 55.586 56.41 58.216 62.039 58.039 58.959 59.521 52.264 49.803 49.089 48.871 48.684 48.526 48.369 48.184 48.024 47.829 47.756 47.579
58.456 58.369 58.279 58.216 58.116 58.049 57.971 57.859 57.781 57.676 57.591 57.494 57.386 57.286 57.159 57.044 56.924 56.754 56.581 56.391 56.201 56.079 55.981 55.846 55.696 55.529 55.344 55.211 55.029 54.866 54.739 54.544 54.416 54.254 54.064 53.896 53.699 53.509 53.369 53.196 53.049 52.886 52.721 52.619 52.499 52.581 52.471 52.376 52.469 53.521 54.966 59.316 57.124 58.866 61.399 62.066 55.651 60.026 59.891 54.186 48.906 48.756 48.614 48.521 48.386 48.174 47.986 47.821 47.671 47.586 47.429
58.111 58.051 57.984 57.889 57.829 57.719 57.629 57.539 57.444 57.351 57.244 57.151 57.051 56.971 56.841 56.719 56.576 56.424 56.254 56.089 55.879 55.774 55.676 55.551 55.416 55.279 55.104 54.936 54.804 54.649 54.489 54.329 54.194 54.021 53.866 53.691 53.499 53.326 53.189 53.031 52.884 52.711 52.526 52.441 52.364 52.336 52.396 52.629 52.134 51.841 52.691 58.219 57.206 56.709 55.889 60.799 60.909 58.696 57.454 49.896 48.724 48.754 48.579 48.351 48.241 48.086 47.834 47.661 47.571 47.546 47.286
57.806 57.716 57.656 57.559 57.491 57.409 57.304 57.196 57.124 57.034 56.956 56.811 56.754 56.629 56.519 56.404 56.289 56.116 55.966 55.781 55.624 55.481 55.391 55.269 55.136 54.984 54.844 54.691 54.566 54.401 54.261 54.119 53.994 53.816 53.671 53.504 53.326 53.156 53.021 52.874 52.711 52.524 52.371 52.314 52.264 52.206 52.124 52.151 51.759 51.619 54.116 58.709 53.454 55.796 57.234 58.781 59.809 58.514 58.759 54.244 48.534 48.416 48.649 48.224 48.094 47.891 47.724 47.491 47.406 47.251 47.079
57.484 57.391 57.331 57.266 57.169 57.089 56.979 56.909 56.821 56.716 56.601 56.516 56.416 56.311 56.201 56.089 55.961 55.821 55.654 55.494 55.349 55.171 55.116 55.016 54.886 54.731 54.621 54.481 54.344 54.174 54.031 53.899 53.771 53.641 53.459 53.294 53.144 52.989 52.861 52.719 52.534 52.391 52.209 52.149 52.231 52.634 51.956 51.901 51.721 51.981 54.514 59.674 59.951 59.186 55.854 53.966 55.044 58.631 58.506 50.279 48.366 48.216 48.089 47.996 47.811 47.664 47.564 47.271 47.149 47.004 46.874
57.194 57.146 57.039 56.961 56.874 56.781 56.691 56.626 56.546 56.439 56.306 56.191 56.114 55.984 55.886 55.784 55.636 55.541 55.364 55.201 55.069 54.934 54.884 54.771 54.656 54.514 54.391 54.249 54.126 53.994 53.856 53.736 53.579 53.419 53.279 53.114 52.979 52.839 52.684 52.516 52.404 52.251 52.064 51.974 52.016 52.441 51.854 51.904 52.321 52.574 59.064 59.031 57.676 57.996 54.024 56.259 60.259 59.284 58.966 52.694 48.191 48.011 47.871 47.699 47.516 47.394 47.266 47.061 46.929 46.796 46.689
56.934 56.859 56.759 56.666 56.586 56.491 56.391 56.306 56.186 56.116 56.024 55.899 55.814 55.711 55.591 55.511 55.369 55.241 55.059 54.909 54.814 54.674 54.611 54.516 54.396 54.261 54.126 54.009 53.891 53.739 53.601 53.486 53.356 53.219 53.056 52.906 52.761 52.626 52.479 52.349 52.266 52.086 51.916 51.816 52.224 52.951 52.344 52.044 53.341 52.564 53.824 56.441 54.559 55.271 56.899 59.824 59.121 52.111 50.309 49.614 47.936 47.776 47.629 47.509 47.349 47.259 47.179 47.034 46.759 46.596 46.466
56.661 56.586 56.464 56.404 56.321 56.221 56.124 56.014 55.921 55.824 55.729 55.596 55.526 55.409 55.301 55.176 55.044 54.929 54.804 54.681 54.541 54.399 54.369 54.261 54.131 54.016 53.859 53.739 53.626 53.479 53.351 53.259 53.129 53.011 52.851 52.711 52.569 52.424 52.296 52.176 52.106 51.949 51.766 51.689 52.434 53.366 53.319 51.771 51.966 51.544 50.896 50.836 51.599 57.216 56.276 54.749 52.056 48.254 48.069 47.914 47.774 47.576 47.521 47.364 47.211 47.159 47.034 46.774 46.546 46.389 46.246
56.384 56.319 56.216 56.116 56.054 55.954 55.849 55.741 55.629 55.541 55.409 55.324 55.231 55.124 55.041 54.876 54.786 54.681 54.564 54.466 54.316 54.204 54.141 54.026 53.886 53.741 53.646 53.494 53.369 53.249 53.144 53.061 52.929 52.774 52.646 52.509 52.366 52.219 52.091 51.994 51.884 51.764 51.571 51.739 53.266 54.229 52.921 51.919 53.764 51.799 50.001 49.059 49.009 50.041 49.279 48.556 48.229 48.026 47.856 47.694 47.584 47.451 47.379 47.229 47.031 46.914 46.824 46.616 46.406 46.209 46.129
56.099 56.019 55.934 55.849 55.774 55.656 55.559 55.479 55.341 55.236 55.134 55.049 54.966 54.864 54.759 54.634 54.531 54.444 54.331 54.206 54.081 53.999 53.884 53.769 53.671 53.526 53.409 53.276 53.164 53.049 52.926 52.831 52.716 52.586 52.436 52.259 52.234 51.956 51.859 51.736 51.641 51.529 51.481 51.701 52.971 53.746 53.876 51.296 51.901 51.601 49.206 48.991 48.756 48.569 48.349 48.181 47.986 47.801 47.654 47.561 47.409 47.286 47.129 47.024 46.871 46.694 46.586 46.391 46.219 46.049 46.079
55.851 55.781 55.684 55.584 55.491 55.364 55.276 55.156 55.069 54.976 54.891 54.769 54.691 54.606 54.496 54.389 54.266 54.134 54.001 53.881 53.824 53.819 53.669 53.526 53.409 53.264 53.134 53.014 52.916 52.801 52.721 52.621 52.469 52.396 52.784 53.079 53.241 53.381 53.514 52.289 52.819 52.584 53.644 52.951 54.274 52.921 51.821 51.161 50.726 51.989 48.911 48.636 48.446 48.251 48.094 47.931 47.734 47.569 47.469 47.469 48.174 47.086 46.984 47.236 47.306 46.596 46.379 46.221 46.054 45.894 45.974
55.611 55.536 55.424 55.311 55.231 55.214 55.116 54.916 54.791 54.706 54.566 54.489 54.404 54.316 54.224 54.094 53.966 53.809 53.654 53.559 53.501 53.451 53.374 53.284 53.149 53.034 52.914 53.646 53.134 54.926 54.881 53.876 52.664 52.361 52.144 53.141 52.136 53.344 52.606 52.751 53.791 51.756 53.581 51.844 53.816 52.456 51.429 51.571 51.694 50.699 49.059 48.289 48.184 47.976 47.876 47.724 47.506 47.324 47.264 47.129 47.471 47.486 46.741 46.641 46.541 46.314 46.236 46.014 45.849 45.749 45.854
55.329 55.236 55.146 55.046 54.971 55.056 55.101 54.686 54.551 54.454 54.334 54.249 54.141 54.034 53.914 53.784 53.626 53.481 53.421 53.301 53.326 53.666 53.886 54.074 54.269 53.694 53.584 53.924 55.609 54.816 56.45 53.059 52.306 52.346 52.534 52.114 52.031 53.129 53.381 53.196 52.059 52.884 52.851 52.696 52.719 51.926 51.056 50.391 52.151 49.039 48.619 48.009 47.951 47.739 47.641 47.464 47.279 47.086 46.959 46.894 46.954 46.959 46.501 46.311 46.196 46.086 45.971 45.804 45.659 45.641 45.681
55.066 54.984 54.896 54.851 54.709 54.644 54.604 54.494 54.301 54.199 54.059 53.946 53.874 53.736 53.639 53.516 53.464 54.509 56.136 55.511 53.129 53.209 53.611 53.051 54.024 53.841 53.101 53.345 53.241 53.644 53.101 53.181 53.301 52.854 53.089 51.791 51.551 51.704 51.501 51.206 50.919 50.724 50.579 50.304 50.296 50.149 50.284 49.841 50.584 48.978 48.466 47.741 47.661 47.491 47.354 47.201 47.021 46.821 46.754 46.829 46.516 46.339 46.381 46.514 45.974 45.859 46.104 45.596 45.456 45.384 45.501
54.704 55.304 55.721 55.004 54.594 54.349 54.384 54.436 54.289 54.284 54.234 54.174 53.916 53.719 53.776 53.381 53.276 53.566 53.771 53.166 52.724 52.776 53.269 52.844 53.286 53.736 54.429 53.021 51.794 52.256 51.936 51.324 51.204 51.089 50.944 50.776 50.616 50.479 50.379 50.236 50.141 50.044 49.959 49.849 49.734 49.756 50.406 49.956 49.789 48.796 49.386 47.501 47.401 47.224 47.034 46.926 46.736 46.551 46.426 46.511 46.239 46.111 46.011 45.891 45.696 45.646 45.624 45.381 45.259 45.206 45.274
55.236 55.451 55.526 55.246 54.694 54.446 54.339 54.489 54.484 53.924 53.759 53.626 54.061 53.611 53.331 53.004 52.769 52.584 52.461 52.391 52.276 52.136 51.989 51.849 51.681 51.556 51.469 51.334 51.181 51.096 50.971 50.876 50.744 50.639 50.516 50.396 50.289 50.174 50.059 49.961 49.856 49.779 49.709 49.584 49.481 49.534 49.831 48.891 47.966 47.574 47.381 47.241 47.104 46.956 46.821 46.646 46.531 46.301 46.191 46.091 46.011 45.816 45.724 45.671 45.499 45.411 45.329 45.161 45.049 45.016 45.106
54.369 54.224 54.114 54.269 54.199 54.259 54.104 53.794 53.591 53.241 53.151 52.991 52.944 52.726 52.489 52.326 52.169 52.046 51.941 51.796 51.699 51.589 51.494 51.394 51.321 51.246 51.161 51.094 51.019 50.909 50.794 50.714 50.544 50.439 50.321 50.191 50.076 49.979 49.869 49.741 49.589 49.474 49.396 49.286 49.256 49.251 49.286 48.354 47.396 47.136 47.481 46.959 46.839 46.729 46.604 46.399 46.274 46.059 45.919 45.899 45.724 45.569 45.459 45.314 45.301 45.159 45.059 44.966 44.859 44.834 44.951
53.909 53.819 53.689 53.581 53.394 53.249 53.116 52.969 52.849 52.749 52.571 52.459 52.334 52.204 52.109 51.981 51.866 51.791 51.654 51.594 51.496 51.426 51.329 51.254 51.151 51.086 51.011 50.899 50.791 50.681 50.551 50.446 50.296 50.154 50.024 49.886 49.779 49.659 49.516 49.399 49.269 49.169 49.051 48.971 48.966 48.949 48.876 47.904 47.196 46.979 46.894 46.704 46.586 46.411 46.306 46.129 46.024 45.834 45.679 51.004 51.111 48.899 50.304 48.574 50.796 46.394 44.821 44.736 44.684 44.686 44.741
53.486 53.361 53.204 53.091 52.991 52.896 52.794 52.684 52.544 52.456 52.361 52.256 52.129 52.004 51.941 51.836 51.719 51.591 51.496 51.391 51.296 51.176 51.071 50.986 50.901 50.821 50.716 50.599 50.516 50.399 50.256 50.124 49.969 49.824 49.711 49.594 49.434 49.301 49.176 49.071 48.974 48.829 48.676 48.601 48.624 48.649 48.201 48.261 46.789 46.644 46.519 46.441 46.319 46.216 46.441 45.901 45.761 45.611 45.436 50.866 56.302 55.479 53.279 52.436 55.146 51.161 44.609 44.514 44.439 44.496 44.539
53.226 53.134 52.999 52.894 52.779 52.689 52.644 52.514 52.429 52.299 52.184 52.064 51.966 51.799 51.719 51.574 51.451 51.349 51.224 51.159 51.036 50.924 50.816 50.719 50.619 50.526 50.419 50.296 50.214 50.059 49.914 49.791 49.644 49.461 49.344 49.219 49.046 48.939 48.809 48.706 48.589 48.434 48.296 48.869 51.726 50.536 48.031 46.946 46.534 46.361 46.249 46.164 46.051 45.914 45.931 45.649 45.506 45.384 45.159 46.599 47.126 47.724 51.251 51.336 55.119 51.154 46.494 44.306 44.251 44.229 44.304
53.019 52.896 52.776 52.684 52.574 52.499 52.396 52.294 52.164 52.061 51.946 51.824 51.691 51.544 51.454 51.349 51.184 51.056 50.956 50.854 50.749 50.586 50.529 50.404 50.294 50.231 50.104 49.979 49.864 49.729 49.621 49.454 49.311 49.154 49.019 48.859 48.726 48.589 48.461 48.354 48.226 48.074 47.919 49.134 54.349 57.659 56.999 54.401 48.701 46.131 45.979 45.879 45.729 45.616 45.809 45.356 45.221 45.119 44.916 48.789 49.866 48.471 54.421 52.344 55.836 52.373 44.686 44.074 44.021 44.079 44.144
52.759 52.646 52.514 52.416 52.329 52.246 52.151 51.994 51.869 51.754 51.649 51.546 51.396 51.291 51.161 51.064 50.941 50.801 50.686 50.554 50.419 50.288 50.239 50.111 49.984 49.881 49.791 49.649 49.536 49.414 49.309 49.129 48.974 48.791 48.641 48.504 48.346 48.191 48.079 47.989 47.861 47.716 47.546 48.454 53.734 57.521 58.034 57.354 55.339 48.731 46.136 45.649 45.539 45.746 45.889 45.049 44.934 44.819 44.669 47.04 46.726 44.619 46.586 51.991 54.324 51.581 45.901 43.846 43.806 43.881 43.936
52.486 52.371 52.254 52.201 52.111 51.999 51.899 51.754 51.651 51.521 51.391 51.296 51.154 51.044 50.894 50.784 50.664 50.479 50.386 50.259 50.136 49.931 49.899 49.756 49.616 49.556 49.416 49.296 49.191 49.081 48.946 48.779 48.584 48.411 48.281 48.131 47.939 47.821 47.716 47.611 47.464 47.294 47.161 49.269 56.206 54.996 57.944 58.979 56.194 48.429 46.246 45.361 45.234 45.056 44.931 44.821 44.699 44.664 44.414 44.374 51.806 46.399 48.261 53.759 54.381 52.926 44.794 43.619 43.611 43.661 43.696
