All_lidar/sz5592_DSM_2M.asc
ncols 500
nrows 500
xllcorner    455000
yllcorner    92000
cellsize     2
NODATA_value -9999
[rows 320 to 351 of 500, columns 360 to 431 of 500]
37.909 37.94 38.037 38.131 38.188 38.322 38.387 38.481 38.548 38.612 38.685 38.772 38.83 38.916 38.987 39.057 39.118 39.228 39.298 39.371 39.466 39.528 39.541 39.636 39.648 39.678 39.738 39.826 39.866 39.951 39.976 40.028 40.026 39.973 40.433 44.486 43.071 42.003 40.236 40.153 40.206 40.221 40.251 40.264 40.299 40.284 40.274 40.266 40.261 40.254 40.249 40.234 40.239 40.226 40.191 40.189 40.164 40.139 40.126 40.116 40.104 40.104 40.079 40.076 40.066 40.049 39.981 39.981 39.914 39.841 39.789 39.746
37.916 37.98 38.061 38.165 38.249 38.342 38.434 38.507 38.569 38.651 38.71 38.778 38.881 38.936 39.016 39.058 39.143 39.206 39.293 39.386 39.448 39.511 39.563 39.613 39.678 39.738 39.778 39.808 39.866 39.921 39.956 39.991 39.981 39.991 40.648 42.541 44.601 40.441 40.168 40.178 40.194 40.199 40.241 40.279 40.294 40.256 40.266 40.274 40.281 40.259 40.231 40.236 40.234 40.254 40.209 40.201 40.189 40.149 40.101 40.116 40.106 40.114 40.076 40.056 40.066 40.011 39.994 39.959 39.901 39.851 39.791 39.731
37.948 38.016 38.064 38.194 38.27 38.348 38.479 38.534 38.577 38.661 38.721 38.783 38.877 38.989 39.034 39.094 39.163 39.253 39.306 39.388 39.466 39.538 39.583 39.603 39.688 39.743 39.798 39.841 39.853 39.891 39.941 39.963 39.973 40.366 40.886 41.313 41.556 40.306 40.221 40.183 40.214 40.209 40.281 40.279 40.284 40.284 40.281 40.296 40.281 40.279 40.261 40.249 40.234 40.261 40.241 40.229 40.166 40.139 40.116 40.106 40.099 40.076 40.076 40.056 40.039 40.046 40.001 39.916 39.886 39.819 39.771 39.719
37.906 38.021 38.12 38.177 38.303 38.401 38.504 38.559 38.615 38.687 38.755 38.826 38.893 38.991 39.082 39.112 39.17 39.266 39.333 39.383 39.488 39.546 39.616 39.661 39.716 39.788 39.833 39.861 39.886 39.888 39.903 39.928 40.566 41.356 42.473 42.176 42.171 40.371 40.203 40.193 40.199 40.246 40.274 40.271 40.301 40.296 40.289 40.299 40.286 40.269 40.254 40.276 40.269 40.249 40.241 40.206 40.171 40.124 40.099 40.091 40.081 40.066 40.074 40.059 40.054 39.999 39.966 39.936 39.866 39.799 39.729 39.669
37.908 38.038 38.147 38.242 38.341 38.443 38.52 38.584 38.649 38.715 38.777 38.852 38.939 39.014 39.113 39.168 39.195 39.296 39.356 39.386 39.496 39.563 39.591 39.691 39.761 39.833 39.868 39.891 39.941 39.893 39.891 40.264 41.661 42.321 41.853 41.791 42.306 40.318 40.178 40.208 40.249 40.274 40.291 40.281 40.306 40.314 40.319 40.321 40.311 40.276 40.284 40.301 40.259 40.254 40.241 40.204 40.144 40.114 40.116 40.101 40.094 40.091 40.076 40.049 40.031 39.989 39.939 39.869 39.829 39.754 39.724 39.674
37.938 38.036 38.17 38.253 38.348 38.43 38.507 38.564 38.67 38.744 38.799 38.889 38.958 39.031 39.097 39.161 39.216 39.291 39.351 39.436 39.506 39.578 39.639 39.746 39.791 39.846 39.878 39.886 39.883 39.858 40.433 41.803 41.881 40.944 40.478 44.256 48.363 45.541 40.508 40.226 40.274 40.289 40.279 40.306 40.301 40.314 40.316 40.281 40.311 40.281 40.271 40.276 40.256 40.246 40.201 40.176 40.149 40.144 40.104 40.106 40.081 40.081 40.064 40.031 40.011 39.954 39.919 39.851 39.796 39.754 39.694 39.641
37.981 38.103 38.189 38.244 38.356 38.442 38.521 38.596 38.671 38.785 38.837 38.896 38.957 39.053 39.105 39.154 39.226 39.313 39.366 39.433 39.536 39.628 39.686 39.758 39.826 39.848 39.873 39.876 39.881 40.301 41.481 41.358 40.478 40.243 42.536 49.288 49.503 44.093 40.836 40.266 40.319 40.316 40.314 40.326 40.319 40.291 40.301 40.309 40.274 40.286 40.294 40.259 40.261 40.259 40.231 40.171 40.156 40.126 40.111 40.109 40.096 40.074 40.026 40.009 39.981 39.941 39.889 39.854 39.766 39.754 39.701 39.639
37.981 38.113 38.197 38.274 38.366 38.48 38.546 38.583 38.713 38.781 38.864 38.929 38.984 39.044 39.143 39.18 39.265 39.31 39.373 39.466 39.561 39.648 39.706 39.791 39.831 39.811 39.796 39.951 40.833 41.468 40.421 40.126 40.151 40.288 42.493 49.836 51.318 51.303 42.156 40.313 40.324 40.321 40.324 40.319 40.306 40.309 40.294 40.286 40.296 40.291 40.281 40.281 40.276 40.259 40.224 40.191 40.181 40.131 40.129 40.096 40.066 40.031 40.011 39.976 39.966 39.906 39.879 39.834 39.801 39.756 39.699 39.671
37.988 38.081 38.201 38.348 38.409 38.471 38.574 38.634 38.734 38.82 38.872 38.952 39.019 39.066 39.138 39.196 39.267 39.349 39.438 39.511 39.596 39.661 39.738 39.773 39.771 39.758 39.923 40.473 41.516 40.066 39.978 40.041 40.213 40.271 42.668 49.618 50.511 51.256 44.296 40.331 40.341 40.344 40.346 40.346 40.339 40.319 40.336 40.309 40.326 40.306 40.281 40.284 40.284 40.251 40.224 40.196 40.146 40.116 40.104 40.074 40.039 40.021 39.986 39.964 39.941 39.914 39.876 39.849 39.804 39.754 39.731 39.669
38.026 38.136 38.211 38.359 38.41 38.503 38.583 38.638 38.745 38.803 38.877 38.963 39.054 39.097 39.149 39.208 39.315 39.392 39.473 39.573 39.646 39.678 39.688 39.696 39.771 40.918 40.998 40.843 41.331 39.763 40.011 40.093 41.353 40.561 41.978 49.171 50.971 50.451 42.288 40.358 40.364 40.331 40.369 40.346 40.354 40.346 40.334 40.346 40.314 40.306 40.301 40.271 40.274 40.224 40.211 40.186 40.134 40.101 40.096 40.064 40.029 40.024 39.991 39.984 39.951 39.914 39.909 39.849 39.796 39.764 39.691 39.626
38.063 38.183 38.301 38.344 38.462 38.544 38.629 38.699 38.765 38.828 38.9 38.987 39.046 39.109 39.172 39.278 39.367 39.467 39.533 39.596 39.613 39.636 39.641 39.846 39.893 40.281 41.066 42.566 41.526 39.783 40.036 40.218 40.396 40.396 41.471 48.556 50.761 47.963 42.301 40.353 40.369 40.339 40.371 40.376 40.364 40.351 40.374 40.349 40.351 40.311 40.284 40.294 40.259 40.249 40.196 40.169 40.161 40.121 40.099 40.074 40.016 40.001 39.966 39.969 39.951 39.919 39.881 39.844 39.799 39.744 39.679 39.611
38.076 38.186 38.278 38.358 38.454 38.525 38.623 38.701 38.793 38.875 38.966 39.02 39.127 39.176 39.255 39.32 39.388 39.452 39.49 39.513 39.576 39.676 39.931 39.798 39.741 39.453 39.651 41.889 41.303 39.856 40.046 40.161 40.168 40.286 40.566 44.308 48.006 44.651 40.343 40.366 40.369 40.359 40.404 40.386 40.411 40.384 40.379 40.389 40.349 40.329 40.314 40.304 40.264 40.239 40.226 40.229 40.174 40.161 40.151 40.079 40.044 39.994 39.976 39.969 39.959 39.911 39.871 39.819 39.771 39.694 39.644 39.574
38.179 38.186 38.733 38.378 38.397 38.482 38.577 38.662 38.755 38.847 38.916 39.006 39.087 39.162 39.222 39.266 39.32 39.359 39.417 39.553 39.806 39.608 39.486 39.418 39.426 39.443 39.569 42.728 41.118 39.833 39.961 40.141 40.196 40.263 40.403 41.586 44.038 42.686 40.338 40.386 40.359 40.359 40.411 40.431 40.404 40.404 40.394 40.386 40.369 40.346 40.309 40.329 40.289 40.286 40.234 40.211 40.199 40.179 40.119 40.094 40.049 40.006 39.971 39.949 39.919 39.886 39.846 39.786 39.719 39.664 39.604 39.529
38.556 38.706 39.851 42.426 39.506 38.654 38.706 38.803 38.798 38.885 38.929 38.981 39.063 39.148 39.203 39.258 39.329 39.452 39.611 39.756 39.526 39.433 39.393 39.368 39.396 39.538 40.288 42.703 40.139 39.796 39.916 40.278 40.668 40.868 42.038 42.571 42.553 41.333 40.341 40.389 40.359 40.389 40.421 40.406 40.409 40.419 40.414 40.374 40.361 40.374 40.366 40.349 40.324 40.296 40.266 40.244 40.224 40.184 40.134 40.089 40.059 40.011 39.976 39.934 39.899 39.859 39.804 39.731 39.691 39.611 39.544 39.501
38.206 38.313 38.476 38.536 38.554 38.649 38.718 38.954 39.196 38.95 39.013 39.118 39.191 39.272 39.315 39.366 39.437 39.588 39.437 39.379 39.368 39.338 39.416 39.438 39.466 39.444 40.921 42.708 39.716 40.063 40.703 41.586 42.016 44.383 43.261 41.698 42.501 40.513 40.386 40.403 40.376 40.399 40.429 40.434 40.419 40.424 40.429 40.426 40.406 40.411 40.389 40.396 40.354 40.336 40.299 40.261 40.224 40.181 40.144 40.106 40.054 39.999 39.954 39.904 39.854 39.806 39.749 39.691 39.644 39.609 39.531 39.471
38.176 38.281 38.406 38.496 38.583 38.608 38.697 38.73 39.474 38.946 39.149 38.902 39.005 39.062 39.206 39.208 39.727 39.465 39.345 39.347 39.351 39.373 39.388 39.436 39.471 39.488 41.801 41.731 39.788 39.981 40.348 40.261 41.226 43.143 42.523 41.378 42.563 40.391 40.381 40.401 40.391 40.396 40.434 40.449 40.436 40.441 40.439 40.424 40.431 40.419 40.424 40.381 40.374 40.359 40.316 40.274 40.234 40.206 40.126 40.086 40.044 39.989 39.919 39.906 39.849 39.784 39.746 39.684 39.654 39.581 39.514 39.496
38.118 38.238 38.341 38.461 38.573 38.61 38.66 38.735 38.955 38.852 39.736 39.011 38.926 38.983 39.016 39.256 39.692 39.655 39.283 39.44 39.537 39.481 39.396 39.381 39.371 39.543 42.503 41.098 39.806 39.951 40.073 40.181 40.451 41.043 42.258 43.166 42.656 40.393 40.343 40.383 40.374 40.409 40.441 40.446 40.436 40.444 40.434 40.434 40.416 40.401 40.369 40.384 40.386 40.371 40.316 40.264 40.221 40.189 40.111 40.066 40.034 39.981 39.929 39.874 39.814 39.761 39.746 39.691 39.646 39.624 39.569 39.494
38.058 38.166 38.313 38.438 38.526 38.608 38.695 38.807 38.955 40.049 39.302 38.959 38.935 38.97 39.152 39.429 39.678 39.504 40.782 41.902 41.468 39.429 40.338 40.871 40.156 39.628 42.686 40.501 39.811 39.921 40.066 40.101 40.226 40.311 41.183 41.643 41.328 40.418 40.356 40.376 40.384 40.386 40.419 40.431 40.419 40.441 40.404 40.416 40.394 40.401 40.391 40.379 40.374 40.336 40.279 40.246 40.211 40.151 40.089 40.054 40.024 39.989 39.966 39.894 39.844 39.796 39.769 39.714 39.659 39.574 39.481 39.414
38.738 38.331 38.268 38.348 38.446 38.532 39.77 40.582 40.161 39.94 39.363 38.927 39.015 39.405 39.884 40.189 40.528 39.421 42.842 44.631 44.894 43.238 44.768 42.043 40.681 40.333 42.681 39.738 39.811 39.898 39.963 39.978 40.113 40.333 40.423 41.136 41.073 40.426 40.371 40.393 40.401 40.434 40.441 40.434 40.419 40.414 40.406 40.391 40.396 40.379 40.351 40.336 40.336 40.279 40.219 40.206 40.161 40.114 40.116 40.069 40.049 40.024 39.979 39.941 39.911 39.839 39.766 39.666 39.601 39.509 39.459 39.394
38.658 38.273 39.661 40.208 41.158 42.251 42.658 42.886 41.508 39.225 40.677 42.162 44.562 44.053 44.549 44.786 41.957 40.726 45.461 46.622 46.549 46.626 46.623 43.293 40.911 40.793 42.388 40.136 39.778 40.658 40.436 39.838 40.208 40.391 40.416 40.866 41.191 40.418 40.421 40.416 40.419 40.469 40.459 40.444 40.416 40.414 40.394 40.391 40.384 40.356 40.321 40.306 40.271 40.244 40.231 40.169 40.131 40.119 40.116 40.091 40.066 40.036 40.011 39.931 39.839 39.786 39.716 39.641 39.589 39.499 39.444 39.381
38.306 38.328 40.983 42.168 44.991 45.576 45.55 45.871 43.304 39.315 41.439 43.473 46.195 46.15 46.035 46.079 43.101 40.838 44.388 45.444 45.187 45.096 45.193 42.658 40.641 41.928 40.586 39.838 40.151 42.138 42.676 40.436 40.403 40.421 40.406 41.028 41.178 40.433 40.413 40.456 40.431 40.484 40.459 40.454 40.424 40.404 40.389 40.384 40.344 40.324 40.301 40.286 40.251 40.221 40.211 40.181 40.169 40.146 40.134 40.099 40.049 40.006 39.929 39.901 39.826 39.794 39.716 39.641 39.579 39.511 39.469 39.381
38.158 38.461 40.426 43.351 45.093 45.018 44.778 44.823 42.269 39.251 41.276 42.711 44.425 44.188 44.391 44.508 42.078 39.69 42.566 44.105 42.084 40.408 40.671 40.121 39.551 41.178 42.511 41.563 42.791 44.591 43.826 41.738 41.728 40.618 40.383 40.838 41.318 40.511 40.428 40.458 40.441 40.466 40.436 40.431 40.426 40.396 40.391 40.371 40.351 40.319 40.309 40.284 40.276 40.241 40.229 40.209 40.204 40.149 40.091 40.041 39.986 39.914 39.909 39.854 39.821 39.766 39.726 39.646 39.576 39.496 39.406 39.331
38.131 38.651 39.493 40.398 40.731 41.138 42.073 43.551 41.433 39.255 38.995 39.666 39.499 39.298 40.969 42.868 41.284 39.144 39.742 40.618 39.636 39.216 40.308 39.991 39.888 41.261 41.238 43.703 44.438 44.863 44.233 42.841 42.711 40.571 40.371 41.091 41.411 40.468 40.453 40.441 40.441 40.454 40.444 40.404 40.379 40.371 40.381 40.384 40.356 40.354 40.321 40.314 40.296 40.274 40.196 40.171 40.111 40.066 40.059 40.016 39.964 39.924 39.879 39.841 39.784 39.769 39.681 39.606 39.506 39.434 39.366 39.319
38.161 38.423 38.653 38.441 38.508 38.518 38.888 39.356 39.514 39.013 38.875 39.283 38.875 38.968 39.092 39.16 39.18 39.229 39.101 39.122 39.161 39.251 39.433 39.768 40.096 41.853 40.018 43.128 44.093 44.568 44.623 43.646 43.666 41.201 40.451 41.296 41.444 40.481 40.416 40.441 40.441 40.409 40.419 40.396 40.376 40.394 40.409 40.391 40.369 40.381 40.331 40.304 40.261 40.231 40.186 40.156 40.109 40.076 40.031 39.989 39.946 39.914 39.891 39.811 39.746 39.691 39.624 39.564 39.474 39.466 39.416 39.366
38.151 38.281 38.653 38.433 38.456 38.481 38.506 38.522 38.601 38.79 38.698 38.946 38.761 39.004 38.865 38.917 38.961 39.255 39.094 39.159 39.208 39.259 39.323 39.353 39.748 40.581 40.181 40.926 43.103 44.173 44.808 44.363 44.493 42.811 41.498 41.656 42.043 40.503 40.406 40.411 40.411 40.409 40.386 40.386 40.404 40.419 40.406 40.381 40.356 40.306 40.271 40.279 40.241 40.214 40.174 40.151 40.119 40.064 40.034 39.974 39.939 39.896 39.824 39.731 39.699 39.666 39.609 39.601 39.529 39.614 39.491 39.421
38.151 38.248 38.681 38.341 38.408 38.461 38.511 38.555 38.912 38.799 38.57 38.563 38.78 38.862 38.749 38.923 39.124 39.04 39.041 39.114 39.203 39.241 39.296 39.361 39.538 39.778 40.808 40.091 41.756 43.818 44.801 44.448 43.816 42.066 41.611 41.658 41.071 40.413 40.411 40.411 40.409 40.394 40.389 40.351 40.349 40.344 40.349 40.299 40.296 40.259 40.251 40.244 40.229 40.199 40.184 40.166 40.109 40.069 39.999 39.949 39.856 39.839 39.786 39.744 39.789 40.654 40.176 39.679 39.514 39.436 39.384 39.411
38.171 38.256 38.316 38.303 38.386 38.413 38.448 38.513 39.117 38.979 38.441 38.424 38.483 38.539 38.619 38.686 38.772 38.814 38.916 39.006 39.066 39.135 39.228 39.296 39.448 39.641 40.006 39.996 40.601 43.426 44.518 42.471 40.941 40.451 40.511 40.581 40.693 40.338 40.393 40.406 40.421 40.396 40.406 40.344 40.316 40.321 40.316 40.306 40.289 40.244 40.236 40.244 40.241 40.229 40.166 40.154 40.076 40.016 39.971 39.931 39.919 40.414 40.871 41.704 41.379 41.609 41.444 40.446 39.531 39.554 40.739 42.059
38.341 38.256 38.281 38.268 38.398 38.343 38.736 38.313 38.331 38.372 38.318 38.323 38.372 38.403 38.491 38.588 38.663 38.773 38.846 38.917 39.02 39.095 39.181 39.276 39.391 39.643 39.748 39.976 40.076 41.748 41.168 41.043 40.681 40.671 40.648 40.633 40.691 40.308 40.396 40.389 40.409 40.411 40.384 40.319 40.294 40.291 40.291 40.286 40.239 40.244 40.229 40.236 40.211 40.164 40.114 40.076 40.044 40.031 40.014 40.021 39.951 41.366 42.164 40.509 40.449 41.614 42.721 43.186 43.114 43.561 43.684 43.486
38.611 38.326 38.236 38.236 38.228 38.246 38.258 38.238 38.272 38.314 38.22 38.239 38.274 38.337 38.426 38.499 38.618 38.669 38.804 38.878 38.962 39.05 39.144 39.233 39.383 39.763 39.996 40.113 40.318 40.333 40.371 40.538 40.788 40.826 40.831 40.653 40.666 40.341 40.353 40.393 40.421 40.396 40.349 40.299 40.299 40.281 40.296 40.281 40.256 40.229 40.204 40.189 40.164 40.164 40.104 40.101 40.176 40.259 40.011 40.004 40.064 42.216 41.544 41.826 42.811 43.201 44.059 44.174 43.359 42.704 43.269 42.159
38.293 38.203 38.168 38.181 38.168 38.148 38.121 38.148 38.15 38.15 38.12 38.175 38.25 38.338 38.644 38.489 38.564 38.678 38.787 38.913 39.045 39.181 39.167 39.308 39.478 39.776 40.821 40.411 41.389 40.863 40.231 40.341 40.538 40.673 40.633 40.688 40.666 40.311 40.346 40.353 40.391 40.369 40.336 40.324 40.304 40.284 40.251 40.236 40.206 40.194 40.181 40.206 40.221 40.199 40.191 41.971 40.306 40.121 40.014 40.366 41.411 42.526 43.661 43.461 42.961 43.004 42.719 42.649 40.854 39.779 39.776 39.431
38.171 38.161 38.136 38.148 38.158 38.138 38.103 38.093 38.085 38.077 38.108 38.235 38.391 38.495 38.947 38.746 38.678 38.763 38.878 39.033 39.19 39.35 39.428 39.595 39.781 40.378 40.221 40.118 42.838 44.078 43.008 41.251 40.301 40.476 40.376 40.463 40.608 40.288 40.331 40.333 40.383 40.371 40.311 40.268 40.258 40.201 40.196 40.228 40.251 40.228 40.238 40.263 40.328 40.398 40.086 42.328 41.266 40.003 40.571 43.028 44.053 43.626 43.376 43.026 40.643 39.923 39.966 41.871 39.681 39.346 39.268 39.308
38.013 38.118 38.183 38.141 38.106 38.116 38.093 38.088 38.025 38.141 38.275 38.525 38.526 38.686 38.695 38.769 38.865 38.884 38.969 39.231 39.314 39.473 39.611 39.751 39.863 41.258 41.001 41.448 43.651 44.623 44.553 43.871 42.211 40.323 40.346 40.418 40.553 40.313 40.308 40.341 40.391 40.361 40.276 40.256 40.216 40.223 40.263 40.318 40.898 40.631 40.253 40.771 40.823 40.656 41.251 42.693 42.546 43.551 43.646 43.841 43.606 42.881 40.618 39.816 39.541 39.696 39.518 41.218 40.196 39.566 39.318 39.858
