All_lidar/sz5587_DSM_2M.asc
ncols 500
nrows 500
xllcorner    455000
yllcorner    87000
cellsize     2
NODATA_value -9999
[rows 93 to 123 of 500, columns 340 to 407 of 500]
51.992 52.06 52.122 52.19 52.242 52.287 52.352 52.402 52.455 52.53 52.605 52.67 52.755 52.825 52.95 53.01 53.087 53.14 53.212 53.27 53.33 53.395 53.452 54.792 55.097 54.145 54.04 55.55 55.07 55.452 55.492 56.39 54.947 57.045 55.297 56.36 56.74 56.797 56.717 56.207 54.997 56.087 56.055 56.017 55.977 56.327 56.607 55.862 55.767 56.355 56.392 55.8 54.855 55.59 55.907 55.125 54.647 54.335 54.072 53.905 53.807 53.62 53.43 53.32 53.177 53.022 52.905 52.8
52.11 52.167 52.26 52.305 52.375 52.422 52.472 52.547 52.607 52.665 52.75 52.825 52.88 52.985 53.087 53.15 53.24 53.295 53.352 53.422 53.495 53.525 53.627 54.835 56.62 54.325 54.275 55.522 56.04 55.34 56.612 56.975 56.555 56.392 56.027 56.632 56.392 56.192 56.67 56.067 55.91 55.807 55.765 55.647 55.44 55.462 55.335 55.167 54.747 55.035 54.42 54.352 54.29 54.22 54.125 54.055 53.95 53.855 53.805 53.692 53.577 53.425 53.32 53.177 53.07 52.927 52.815 52.672
52.257 52.3 52.39 52.445 52.507 52.55 52.615 52.67 52.75 52.832 52.902 52.937 53.035 53.132 53.23 53.34 53.395 53.45 53.51 53.6 53.672 53.695 53.785 55.347 56.39 54.592 54.59 55.035 55.237 55.102 55.182 55.34 55.382 55.187 55.18 55.172 55.13 55.122 55.012 54.975 54.995 54.927 54.92 54.882 54.822 54.785 54.675 54.64 54.582 54.52 54.48 54.367 54.297 54.192 54.095 54.002 53.89 53.787 53.702 53.6 53.495 53.367 53.255 53.127 52.995 52.897 52.777 52.665
52.397 52.45 52.515 52.575 52.632 52.685 52.742 52.832 52.902 52.97 53.062 53.097 53.195 53.297 53.367 53.482 53.542 53.62 53.687 53.765 53.845 53.855 53.947 55.522 56.787 54.965 54.85 55.012 55.035 55.035 55.032 55.052 55.052 55.082 55.092 55.09 55.1 55.067 55.052 55.037 55.065 55.05 54.985 54.932 54.852 54.827 54.735 54.685 54.597 54.547 54.45 54.36 54.27 54.16 54.05 53.957 53.845 53.777 53.707 53.617 53.54 53.432 53.295 53.185 53.092 52.965 52.852 52.755
52.507 52.555 52.625 52.702 52.782 52.827 52.9 52.985 53.052 53.12 53.197 53.265 53.35 53.445 53.515 53.625 53.697 53.78 53.847 53.917 54 54.022 54.107 55.28 56.895 55.167 55.1 55.12 55.157 55.13 55.115 55.112 55.127 55.115 55.097 55.09 55.09 55.085 55.055 55.025 55.002 55 54.975 54.925 54.882 54.83 54.78 54.687 54.607 54.552 54.5 54.422 54.305 54.217 54.13 54.055 53.94 53.835 53.777 53.677 53.562 53.472 53.367 53.26 53.17 53.075 52.952 52.862
52.645 52.702 52.78 52.855 52.912 52.98 53.06 53.105 53.212 53.27 53.337 53.427 53.497 53.582 53.705 53.775 53.892 53.962 54.007 54.082 54.135 54.195 54.285 55.842 57.147 55.295 55.252 55.232 55.257 55.237 55.212 55.165 55.16 55.172 55.19 55.202 55.175 55.175 55.155 55.112 55.112 55.075 55.047 55.02 54.982 54.922 54.852 54.795 54.727 54.657 54.572 54.492 54.387 54.315 54.192 54.13 54.04 53.95 53.88 53.79 53.705 53.582 53.462 53.35 53.25 53.195 53.045 52.932
52.795 52.86 52.915 52.995 53.075 53.13 53.207 53.27 53.35 53.442 53.495 53.595 53.66 53.755 53.862 53.937 54.032 54.112 54.18 54.245 54.33 54.352 54.45 56.062 57.152 55.367 55.35 55.355 55.37 55.352 55.355 55.34 55.342 55.357 55.352 55.36 55.355 55.337 55.312 55.305 55.272 55.242 55.2 55.192 55.117 55.032 55.007 54.932 54.877 54.795 54.72 54.635 54.527 54.442 54.307 54.21 54.125 54.04 53.932 53.84 53.767 53.66 53.512 53.405 53.332 53.247 53.152 53.012
52.947 53.02 53.065 53.13 53.195 53.267 53.347 53.43 53.512 53.59 53.682 53.725 53.82 53.9 54.007 54.107 54.205 54.28 54.342 54.42 54.495 54.52 54.607 56.155 56.005 55.687 55.477 55.495 55.537 55.49 55.52 55.527 55.557 55.557 55.56 55.572 55.58 55.537 55.512 55.502 55.525 55.49 55.43 55.345 55.285 55.205 55.13 55.072 55.01 54.93 54.8 54.712 54.62 54.52 54.38 54.27 54.247 54.127 54.025 53.925 53.855 53.755 53.645 53.572 53.485 53.405 53.3 53.125
53.092 53.145 53.23 53.265 53.367 53.427 53.517 53.592 53.667 53.757 53.83 53.89 53.98 54.062 54.177 54.27 54.35 54.435 54.492 54.58 54.66 54.687 54.797 56.45 57.497 55.822 55.61 55.642 55.665 55.652 55.68 55.71 55.712 55.692 55.702 55.732 55.687 55.677 55.665 55.637 55.61 55.605 55.532 55.452 55.4 55.342 55.292 55.192 55.107 55.072 54.915 54.835 54.77 54.655 54.5 54.41 54.332 54.252 54.152 54.05 53.95 53.865 53.77 53.662 53.557 53.51 53.395 53.267
53.242 53.307 53.372 53.457 53.54 53.57 53.655 53.742 53.835 53.91 54.005 54.065 54.135 54.235 54.335 54.437 54.542 54.597 54.657 54.735 54.82 54.875 54.952 56.84 56.282 56.572 55.762 55.745 55.775 55.795 55.815 55.837 55.852 55.85 55.855 55.89 55.87 55.83 55.855 55.822 55.772 55.742 55.67 55.64 55.565 55.505 55.457 55.337 55.315 55.15 55.007 54.932 54.88 54.747 54.615 54.54 54.437 54.335 54.245 54.172 54.062 53.967 53.852 53.745 53.667 53.612 53.537 53.377
53.385 53.477 53.537 53.587 53.677 53.73 53.795 53.9 53.965 54.047 54.142 54.222 54.287 54.387 54.495 54.585 54.695 54.755 54.835 54.902 54.965 55.002 55.105 56.22 56.875 55.822 55.872 55.867 55.905 55.91 55.932 55.995 56.037 56.057 56.06 56.065 56.03 56.037 56.005 55.972 55.932 55.915 55.827 55.805 55.692 55.597 55.522 55.43 55.32 55.245 55.14 55 54.992 54.827 54.717 54.647 54.542 54.405 54.352 54.252 54.13 54.05 53.955 53.86 53.765 53.747 53.685 53.505
53.527 53.612 53.697 53.737 53.84 53.905 53.975 54.062 54.122 54.217 54.33 54.382 54.462 54.58 54.652 54.775 54.855 54.922 54.987 55.065 55.125 55.142 55.307 56.872 56.387 55.972 56.03 56.052 56.042 56.065 56.11 56.15 56.19 56.185 56.202 56.205 56.305 56.312 56.25 56.15 56.165 56.055 55.972 55.952 55.832 55.772 55.662 55.562 55.452 55.397 55.345 55.207 55.125 54.97 55.035 54.775 54.687 54.545 54.425 54.34 54.275 54.197 54.052 53.945 53.86 53.78 53.732 53.632
53.692 53.77 53.845 53.87 53.977 54.052 54.13 54.212 54.28 54.357 54.457 54.527 54.607 54.71 54.835 54.917 55.01 55.087 55.162 55.23 55.28 55.31 55.492 58.055 57.8 56.12 56.127 56.2 56.212 56.237 56.302 56.335 56.357 56.375 56.397 56.395 56.425 56.432 56.402 56.347 56.282 56.232 56.232 56.205 56.14 55.942 55.787 55.732 55.742 55.737 55.527 55.357 55.317 55.12 55.035 54.837 54.78 54.64 54.542 54.442 54.355 54.277 54.147 54.065 53.962 53.895 53.792 53.732
53.855 53.93 53.997 54.047 54.117 54.217 54.272 54.375 54.455 54.527 54.652 54.69 54.8 54.862 54.992 55.087 55.195 55.24 55.315 55.375 55.415 55.457 55.687 57.692 57.225 56.27 56.287 56.345 56.377 56.425 56.467 56.507 56.545 56.56 56.577 56.575 56.6 56.617 56.697 56.6 56.47 56.552 56.61 56.52 56.31 56.102 55.915 55.865 55.85 55.715 55.535 55.47 55.35 55.272 55.15 54.985 54.872 54.765 54.642 54.587 54.47 54.402 54.26 54.17 54.085 54.02 53.925 53.795
53.975 54.08 54.152 54.227 54.285 54.377 54.445 54.542 54.63 54.685 54.79 54.842 54.95 55.025 55.14 55.252 55.33 55.41 55.467 55.532 55.575 55.622 55.792 58.352 57.167 56.41 56.432 56.49 56.547 56.61 56.645 56.645 56.695 56.797 56.742 56.765 56.727 56.742 56.68 56.632 56.552 56.645 56.445 56.482 56.285 56.212 56.097 56.032 55.962 55.85 55.762 55.642 55.51 55.435 55.292 55.112 55.05 54.932 54.805 54.737 54.647 54.512 54.4 54.305 54.207 54.14 54.027 53.94
54.152 54.222 54.295 54.375 54.457 54.522 54.602 54.7 54.772 54.865 54.952 55.01 55.105 55.22 55.31 55.41 55.507 55.567 55.65 55.705 55.747 55.787 56.132 58.087 57.512 56.592 56.575 56.62 56.7 56.835 56.817 56.822 56.842 56.862 56.872 56.87 56.875 56.867 56.832 56.735 56.69 56.645 56.542 56.455 56.36 56.285 56.255 56.127 56.08 55.927 55.8 55.697 55.635 55.61 55.415 55.41 55.257 55.1 55.005 54.892 54.795 54.68 54.595 54.505 54.395 54.275 54.182 54.115
54.325 54.43 54.482 54.525 54.607 54.692 54.787 54.865 54.942 55.02 55.125 55.19 55.28 55.375 55.465 55.562 55.665 55.722 55.792 55.862 55.93 55.945 56.285 58.53 57.46 56.722 56.72 56.782 56.842 56.89 56.955 56.95 56.992 57.037 56.997 57 57.07 57.01 56.987 56.995 56.837 56.79 56.937 56.822 56.532 56.512 56.337 56.215 56.16 56.057 55.932 55.815 55.717 55.627 55.52 55.512 55.292 55.212 55.142 55.02 54.917 54.842 54.78 54.662 54.547 54.452 54.357 54.265
54.48 54.562 54.647 54.712 54.792 54.857 54.935 55.027 55.097 55.19 55.255 55.337 55.422 55.527 55.635 55.74 55.807 55.875 55.942 56.017 56.052 56.105 56.632 58.832 57.897 56.825 56.897 56.93 56.982 57.052 57.08 57.115 57.202 57.182 57.182 57.155 57.205 57.127 57.152 57.03 56.95 56.925 56.98 56.77 56.657 56.56 56.46 56.372 56.377 56.167 56.067 55.932 55.887 55.75 55.65 55.542 55.445 55.36 55.26 55.172 55.07 54.99 54.905 54.762 54.677 54.582 54.492 54.42
54.675 54.717 54.815 54.887 54.957 55.03 55.107 55.182 55.277 55.34 55.432 55.515 55.597 55.69 55.78 55.902 55.972 56.057 56.092 56.175 56.217 56.247 56.717 58.85 57.545 56.98 57.037 57.097 57.16 57.18 57.227 57.282 57.302 57.327 57.305 57.325 57.392 57.245 57.192 57.157 57.077 57.052 57.022 56.917 56.835 56.685 56.595 56.532 56.44 56.332 56.207 56.205 56 55.935 55.882 55.697 55.64 55.54 55.447 55.362 55.232 55.23 55.082 54.992 54.877 54.79 54.682 54.607
54.835 54.922 54.987 55.047 55.105 55.212 55.28 55.342 55.445 55.522 55.575 55.69 55.77 55.837 55.95 56.067 56.152 56.215 56.27 56.337 56.382 56.402 57.057 59.777 58.452 57.097 57.155 57.245 57.367 57.335 57.417 57.392 57.452 57.432 57.437 57.422 57.405 57.367 57.337 57.262 57.2 57.147 57.065 57.015 56.925 56.827 56.75 56.675 56.587 56.5 56.402 56.275 56.285 56.115 56.01 55.855 55.77 55.675 55.625 55.547 55.44 55.365 55.232 55.17 55.045 54.965 54.89 54.792
54.995 55.107 55.147 55.245 55.31 55.375 55.46 55.532 55.6 55.702 55.78 55.845 55.93 56.01 56.097 56.217 56.302 56.375 56.43 56.482 56.535 56.565 57.48 60.082 58.875 57.242 57.3 57.405 57.535 57.452 57.507 57.567 57.572 57.6 57.632 57.562 57.517 57.515 57.5 57.422 57.335 57.26 57.202 57.13 57.05 57.017 56.922 56.822 56.752 56.64 56.572 56.562 56.392 56.26 56.157 56.13 55.947 55.88 55.79 55.687 55.622 55.555 55.41 55.332 55.215 55.207 55.112 55.042
55.2 55.267 55.33 55.405 55.477 55.547 55.612 55.712 55.765 55.862 55.957 56.002 56.092 56.197 56.277 56.37 56.472 56.525 56.607 56.627 56.69 56.697 57.505 59.962 58.422 57.377 57.45 57.717 57.76 57.647 57.682 57.7 57.715 57.737 57.725 57.695 57.642 57.63 57.602 57.54 57.492 57.415 57.332 57.282 57.222 57.147 57.06 56.99 56.902 56.8 56.715 56.592 56.502 56.417 56.327 56.252 56.127 56.062 55.97 55.84 55.77 55.697 55.572 55.512 55.41 55.32 55.217 55.217
55.35 55.427 55.515 55.6 55.675 55.712 55.777 55.865 55.955 56.025 56.112 56.157 56.245 56.365 56.42 56.532 56.622 56.662 56.755 56.802 56.865 56.877 58.275 59.912 58.242 57.545 57.597 57.9 57.912 57.882 57.807 57.84 57.855 57.83 57.855 57.827 57.815 57.772 57.86 57.727 57.637 57.545 57.482 57.427 57.355 57.28 57.202 57.127 57.032 56.967 56.835 56.75 56.707 56.61 56.532 56.407 56.3 56.21 56.215 56.037 55.97 55.875 55.795 55.727 55.597 55.517 55.47 55.462
55.537 55.6 55.682 55.757 55.835 55.89 55.955 56.042 56.127 56.2 56.285 56.35 56.43 56.522 56.605 56.705 56.785 56.832 56.9 56.942 56.99 57.025 57.977 60.287 58.112 57.692 57.725 58.035 57.965 57.992 57.997 57.982 57.982 58 57.982 57.957 57.927 57.975 57.895 57.822 57.727 57.68 57.63 57.562 57.477 57.41 57.365 57.257 57.187 57.112 57.007 56.917 56.852 56.797 56.79 56.647 56.47 56.407 56.317 56.225 56.147 56.097 56.002 55.925 55.9 55.76 55.73 55.6
55.7 55.787 55.86 55.937 56.02 56.07 56.142 56.21 56.287 56.352 56.45 56.51 56.597 56.66 56.762 56.887 56.942 56.995 57.052 57.112 57.157 57.19 58.102 59.517 58.357 57.82 57.865 58.115 58.1 58.14 58.095 58.122 58.175 58.12 58.137 58.152 58.052 58.042 57.942 57.93 57.855 57.805 57.772 57.695 57.642 57.56 57.507 57.415 57.367 57.232 57.162 57.08 56.99 56.937 56.855 56.755 56.617 56.587 56.51 56.407 56.385 56.255 56.16 56.107 55.987 55.922 55.872 55.8
55.9 55.957 56.052 56.11 56.172 56.232 56.315 56.375 56.45 56.517 56.622 56.672 56.737 56.84 56.935 57.022 57.077 57.142 57.23 57.27 57.325 57.347 57.865 59.502 58.16 57.977 57.987 58.21 58.235 58.235 58.207 58.222 58.257 58.222 58.27 58.21 58.185 58.292 58.11 58.045 57.97 57.91 57.89 57.802 57.762 57.677 57.625 57.552 57.47 57.385 57.295 57.265 57.112 57.075 56.975 56.87 56.802 56.74 56.635 56.557 56.48 56.427 56.315 56.252 56.185 56.1 56.085 56.017
56.067 56.14 56.2 56.26 56.347 56.412 56.462 56.54 56.622 56.687 56.762 56.832 56.902 56.99 57.087 57.18 57.25 57.302 57.382 57.412 57.46 57.507 58.267 59.95 58.772 58.122 58.135 58.34 58.372 58.51 58.362 58.36 58.39 58.387 58.417 58.372 58.277 58.365 58.225 58.177 58.062 58.035 58.017 57.935 57.862 57.815 57.757 57.685 57.615 57.527 57.51 57.38 57.27 57.227 57.142 57.067 56.942 56.885 56.792 56.74 56.645 56.572 56.49 56.402 56.32 56.28 56.215 56.147
56.24 56.295 56.39 56.437 56.522 56.565 56.645 56.705 56.782 56.845 56.93 57.005 57.072 57.167 57.257 57.33 57.417 57.487 57.555 57.57 57.63 57.66 58.582 59.982 58.915 58.245 58.275 58.397 58.445 58.575 58.467 58.512 58.555 58.447 58.472 58.412 58.362 58.33 58.312 58.267 58.192 58.132 58.087 58.04 57.982 57.922 57.89 57.782 57.722 57.63 57.55 57.485 57.397 57.295 57.215 57.195 57.07 57.025 56.942 56.875 56.81 56.717 56.627 56.555 56.492 56.427 56.36 56.315
56.42 56.48 56.555 56.617 56.692 56.732 56.812 56.885 56.962 57.017 57.065 57.142 57.242 57.317 57.39 57.5 57.575 57.637 57.697 57.727 57.785 57.827 58.607 59.782 58.957 58.387 58.415 58.485 58.677 58.807 58.66 58.605 58.727 58.6 58.585 58.585 58.472 58.482 58.435 58.367 58.277 58.252 58.217 58.157 58.105 58.06 57.99 57.88 57.842 57.767 57.69 57.6 57.512 57.44 57.342 57.295 57.19 57.155 57.095 56.987 56.93 56.865 56.757 56.7 56.647 56.597 56.53 56.467
56.612 56.667 56.74 56.802 56.855 56.922 56.965 57.047 57.127 57.17 57.242 57.32 57.377 57.465 57.537 57.635 57.722 57.802 57.82 57.902 57.937 57.985 58.99 60.387 58.757 58.522 58.537 58.647 58.817 58.92 58.815 58.842 58.75 58.755 58.685 58.712 58.605 58.65 58.512 58.512 58.45 58.385 58.34 58.29 58.247 58.162 58.102 58.032 58.032 57.87 57.817 57.755 57.647 57.555 57.487 57.427 57.372 57.305 57.22 57.135 57.097 57.017 56.917 56.845 56.82 56.742 56.687 56.652
56.78 56.837 56.937 56.987 57.02 57.077 57.14 57.212 57.3 57.36 57.417 57.477 57.537 57.602 57.7 57.792 57.882 57.96 57.982 58.047 58.082 58.135 58.902 60.947 58.77 58.67 58.695 58.787 58.857 58.982 58.86 58.887 58.862 58.872 58.79 58.83 58.755 58.71 58.66 58.632 58.56 58.525 58.467 58.4 58.347 58.295 58.245 58.167 58.085 58.04 58.092 57.91 57.792 57.707 57.667 57.655 57.672 57.465 57.365 57.297 57.247 57.175 57.092 57.077 56.95 56.91 56.867 56.835
