All_lidar/sz5587_DSM_2M.asc
ncols 500
nrows 500
xllcorner    455000
yllcorner    87000
cellsize     2
NODATA_value -9999
[rows 0 to 30 of 500, columns 68 to 135 of 500]
50.349 50.304 50.257 50.197 50.194 50.174 50.172 50.164 50.177 50.177 50.199 50.222 50.229 50.244 50.227 50.239 50.214 50.207 50.222 50.214 50.207 50.222 50.214 50.242 50.247 50.237 50.224 50.229 50.259 50.234 50.214 50.202 50.182 50.177 50.177 50.184 50.179 50.194 50.212 50.237 50.239 50.239 50.217 50.224 50.194 50.217 50.222 50.212 50.169 50.152 50.174 50.157 50.122 50.112 50.109 50.104 50.074 50.067 50.047 50.029 50.009 49.979 49.944 49.919 49.892 49.854 49.799 49.757
50.307 50.279 50.232 50.207 50.184 50.179 50.169 50.179 50.159 50.169 50.227 50.212 50.214 50.222 50.219 50.227 50.207 50.189 50.209 50.207 50.204 50.222 50.227 50.239 50.254 50.262 50.252 50.249 50.242 50.259 50.239 50.192 50.199 50.199 50.204 50.197 50.207 50.214 50.239 50.254 50.262 50.257 50.252 50.244 50.249 50.244 50.237 50.257 50.242 50.202 50.207 50.214 50.182 50.159 50.164 50.149 50.147 50.157 50.122 50.102 50.074 50.032 50.012 49.987 49.942 49.897 49.867 49.824
50.314 50.239 50.232 50.189 50.179 50.179 50.192 50.157 50.174 50.177 50.209 50.224 50.234 50.229 50.209 50.212 50.204 50.214 50.209 50.232 50.222 50.229 50.274 50.262 50.272 50.292 50.302 50.289 50.264 50.287 50.264 50.239 50.222 50.249 50.252 50.249 50.227 50.242 50.259 50.307 50.302 50.312 50.299 50.307 50.307 50.314 50.289 50.289 50.289 50.274 50.252 50.259 50.242 50.237 50.219 50.229 50.227 50.209 50.192 50.162 50.164 50.132 50.109 50.052 49.989 49.967 49.927 49.892
50.294 50.229 50.212 50.207 50.172 50.172 50.167 50.152 50.174 50.204 50.212 50.244 50.237 50.214 50.207 50.207 50.217 50.204 50.217 50.199 50.209 50.224 50.249 50.237 50.252 50.267 50.302 50.307 50.284 50.307 50.302 50.269 50.259 50.247 50.262 50.294 50.279 50.279 50.304 50.314 50.337 50.347 50.344 50.352 50.344 50.342 50.324 50.342 50.309 50.307 50.294 50.314 50.294 50.307 50.284 50.269 50.274 50.272 50.264 50.269 50.234 50.204 50.152 50.114 50.057 50.009 49.974 49.952
50.282 50.237 50.207 50.194 50.149 50.154 50.149 50.164 50.177 50.184 50.199 50.207 50.224 50.207 50.202 50.184 50.192 50.217 50.207 50.207 50.214 50.209 50.237 50.239 50.272 50.272 50.284 50.304 50.294 50.304 50.292 50.297 50.257 50.299 50.272 50.282 50.312 50.302 50.289 50.324 50.352 50.399 50.357 50.377 50.362 50.357 50.359 50.367 50.349 50.319 50.327 50.352 50.337 50.352 50.349 50.362 50.329 50.334 50.367 50.314 50.289 50.269 50.229 50.187 50.149 50.082 50.049 49.997
50.269 50.242 50.212 50.192 50.139 50.122 50.099 50.124 50.142 50.149 50.187 50.194 50.199 50.197 50.194 50.179 50.209 50.187 50.212 50.197 50.199 50.212 50.244 50.247 50.249 50.254 50.269 50.292 50.307 50.302 50.274 50.297 50.264 50.282 50.269 50.262 50.297 50.314 50.352 50.367 50.399 50.409 50.389 50.389 50.409 50.407 50.389 50.362 50.372 50.359 50.339 50.384 50.374 50.354 50.372 50.389 50.377 50.397 50.369 50.384 50.362 50.322 50.279 50.262 50.204 50.167 50.102 50.064
50.252 50.222 50.219 50.189 50.154 50.132 50.142 50.102 50.152 50.139 50.142 50.184 50.194 50.182 50.202 50.179 50.197 50.194 50.184 50.184 50.182 50.214 50.237 50.237 50.267 50.269 50.307 50.322 50.327 50.314 50.312 50.327 50.322 50.287 50.292 50.314 50.322 50.354 50.372 50.452 50.444 50.429 50.424 50.437 50.439 50.462 50.439 50.439 50.434 50.397 50.422 50.427 50.399 50.449 50.457 50.472 50.447 50.482 50.464 50.472 50.432 50.392 50.369 50.322 50.294 50.254 50.207 50.154
50.277 50.219 50.199 50.172 50.152 50.157 50.154 50.074 50.149 50.152 50.177 50.204 50.189 50.192 50.192 50.199 50.192 50.182 50.202 50.199 50.227 50.222 50.239 50.239 50.279 50.294 50.297 50.327 50.342 50.349 50.347 50.322 50.332 50.327 50.327 50.359 50.367 50.382 50.399 50.474 50.502 50.492 50.462 50.477 50.459 50.469 50.472 50.477 50.477 50.474 50.464 50.464 50.474 50.497 50.542 50.527 50.539 50.524 50.529 50.522 50.504 50.469 50.452 50.407 50.379 50.329 50.262 50.227
50.274 50.204 50.182 50.124 50.162 50.127 50.122 50.129 50.139 50.182 50.197 50.179 50.194 50.197 50.169 50.197 50.207 50.197 50.217 50.204 50.209 50.242 50.254 50.269 50.299 50.304 50.354 50.359 50.362 50.367 50.357 50.354 50.332 50.362 50.389 50.389 50.379 50.452 50.459 50.502 50.522 50.519 50.494 50.494 50.529 50.509 50.529 50.534 50.539 50.532 50.517 50.539 50.547 50.567 50.599 50.567 50.572 50.572 50.569 50.557 50.542 50.522 50.492 50.429 50.374 50.357 50.324 50.279
50.272 50.214 50.224 50.202 50.182 50.137 50.154 50.139 50.149 50.182 50.194 50.204 50.212 50.204 50.202 50.209 50.207 50.189 50.202 50.212 50.232 50.254 50.272 50.284 50.302 50.352 50.352 50.364 50.397 50.362 50.384 50.354 50.414 50.377 50.419 50.409 50.422 50.427 50.502 50.509 50.554 50.559 50.549 50.549 50.572 50.574 50.574 50.569 50.552 50.577 50.562 50.572 50.587 50.622 50.632 50.629 50.619 50.632 50.614 50.607 50.594 50.584 50.534 50.507 50.447 50.387 50.397 50.342
50.277 50.239 50.237 50.179 50.159 50.167 50.154 50.129 50.142 50.157 50.182 50.187 50.194 50.187 50.184 50.194 50.184 50.184 50.194 50.224 50.234 50.262 50.254 50.282 50.307 50.319 50.359 50.354 50.372 50.382 50.392 50.382 50.379 50.409 50.419 50.439 50.422 50.477 50.517 50.529 50.552 50.582 50.582 50.584 50.607 50.592 50.587 50.599 50.589 50.617 50.619 50.642 50.634 50.647 50.642 50.684 50.652 50.687 50.649 50.629 50.617 50.642 50.597 50.537 50.484 50.467 50.417 50.377
50.277 50.247 50.219 50.189 50.169 50.122 50.112 50.107 50.137 50.149 50.169 50.194 50.177 50.199 50.187 50.172 50.169 50.184 50.192 50.229 50.229 50.247 50.259 50.294 50.352 50.332 50.357 50.384 50.404 50.392 50.414 50.444 50.444 50.414 50.442 50.457 50.527 50.547 50.577 50.587 50.602 50.617 50.629 50.632 50.624 50.647 50.642 50.634 50.647 50.674 50.682 50.682 50.669 50.679 50.702 50.702 50.744 50.709 50.712 50.704 50.674 50.657 50.634 50.589 50.557 50.494 50.442 50.419
50.264 50.237 50.202 50.167 50.172 50.139 50.129 50.112 50.127 50.157 50.154 50.169 50.187 50.179 50.177 50.177 50.172 50.172 50.202 50.224 50.212 50.242 50.289 50.317 50.347 50.359 50.357 50.399 50.414 50.422 50.482 50.489 50.474 50.469 50.477 50.509 50.547 50.592 50.629 50.674 50.679 50.697 50.674 50.682 50.704 50.707 50.719 50.714 50.709 50.714 50.712 50.714 50.714 50.739 50.739 50.757 50.774 50.764 50.744 50.737 50.732 50.727 50.684 50.644 50.599 50.567 50.519 50.474
50.262 50.217 50.172 50.172 50.137 50.122 50.114 50.114 50.117 50.157 50.164 50.159 50.169 50.169 50.174 50.197 50.162 50.189 50.227 50.214 50.229 50.257 50.307 50.314 50.349 50.362 50.389 50.427 50.447 50.452 50.477 50.482 50.489 50.502 50.507 50.547 50.572 50.624 50.672 50.717 50.722 50.732 50.722 50.742 50.749 50.734 50.752 50.757 50.754 50.752 50.769 50.772 50.794 50.812 50.824 50.804 50.832 50.829 50.794 50.807 50.747 50.757 50.712 50.679 50.624 50.589 50.519 50.509
50.259 50.237 50.199 50.159 50.147 50.134 50.132 50.124 50.122 50.159 50.177 50.164 50.204 50.202 50.219 50.199 50.209 50.204 50.214 50.247 50.294 50.294 50.352 50.334 50.389 50.382 50.392 50.422 50.477 50.484 50.492 50.507 50.499 50.512 50.567 50.589 50.617 50.649 50.687 50.737 50.754 50.777 50.789 50.789 50.827 50.799 50.787 50.794 50.812 50.807 50.802 50.817 50.827 50.857 50.852 50.834 50.854 50.862 50.869 50.849 50.819 50.779 50.749 50.734 50.677 50.624 50.579 50.537
50.259 50.227 50.217 50.192 50.187 50.162 50.142 50.132 50.142 50.172 50.199 50.194 50.232 50.222 50.227 50.207 50.237 50.254 50.257 50.242 50.294 50.339 50.357 50.379 50.407 50.427 50.439 50.459 50.489 50.487 50.532 50.494 50.529 50.552 50.599 50.599 50.639 50.702 50.727 50.754 50.769 50.817 50.779 50.817 50.844 50.854 50.842 50.847 50.842 50.849 50.844 50.884 50.897 50.902 50.909 50.892 50.897 50.899 50.904 50.889 50.879 50.852 50.802 50.749 50.704 50.664 50.624 50.549
50.284 50.272 50.242 50.239 50.199 50.164 50.169 50.167 50.182 50.192 50.244 50.229 50.229 50.254 50.234 50.232 50.282 50.272 50.287 50.277 50.327 50.374 50.389 50.399 50.422 50.462 50.507 50.519 50.512 50.537 50.527 50.514 50.542 50.574 50.629 50.644 50.674 50.709 50.732 50.794 50.812 50.859 50.849 50.854 50.862 50.869 50.872 50.887 50.892 50.894 50.909 50.912 50.934 50.962 50.949 50.967 50.954 50.954 50.962 50.952 50.912 50.919 50.869 50.807 50.754 50.687 50.659 50.607
50.314 50.279 50.262 50.247 50.219 50.187 50.184 50.172 50.194 50.202 50.232 50.227 50.242 50.287 50.282 50.237 50.272 50.279 50.269 50.312 50.327 50.382 50.399 50.444 50.457 50.482 50.509 50.509 50.509 50.572 50.549 50.544 50.599 50.624 50.639 50.659 50.729 50.742 50.804 50.839 50.869 50.914 50.909 50.904 50.919 50.917 50.949 50.949 50.962 50.969 51.012 50.977 50.987 51.029 51.009 51.004 51.047 51.049 51.024 51.032 50.984 50.957 50.909 50.849 50.807 50.777 50.719 50.664
50.299 50.257 50.232 50.217 50.194 50.184 50.162 50.187 50.194 50.192 50.232 50.234 50.262 50.257 50.294 50.257 50.254 50.302 50.294 50.312 50.359 50.392 50.382 50.434 50.457 50.487 50.537 50.549 50.559 50.579 50.574 50.584 50.607 50.629 50.647 50.682 50.729 50.789 50.814 50.887 50.912 50.939 50.954 50.962 50.964 51.014 50.977 51.022 51.029 51.004 51.007 51.039 51.037 51.049 51.059 51.062 51.044 51.077 51.087 51.054 51.052 51.024 50.969 50.904 50.839 50.807 50.742 50.672
50.287 50.267 50.244 50.219 50.197 50.157 50.162 50.182 50.199 50.184 50.212 50.219 50.234 50.247 50.282 50.264 50.289 50.297 50.312 50.327 50.367 50.419 50.437 50.459 50.497 50.524 50.532 50.587 50.577 50.582 50.639 50.644 50.657 50.654 50.699 50.732 50.777 50.829 50.852 50.947 50.972 51.004 51.019 51.049 51.062 51.069 51.067 51.084 51.077 51.077 51.069 51.054 51.092 51.112 51.087 51.102 51.107 51.097 51.087 51.102 51.097 51.029 50.984 50.947 50.887 50.817 50.754 50.679
50.317 50.279 50.259 50.197 50.202 50.204 50.184 50.192 50.202 50.222 50.214 50.257 50.264 50.272 50.309 50.297 50.322 50.347 50.379 50.374 50.402 50.469 50.479 50.514 50.564 50.594 50.599 50.632 50.642 50.639 50.684 50.689 50.709 50.712 50.787 50.804 50.882 50.912 50.952 51.002 51.037 51.074 51.102 51.107 51.127 51.144 51.129 51.119 51.144 51.139 51.129 51.107 51.137 51.134 51.124 51.149 51.172 51.152 51.164 51.147 51.119 51.072 51.004 50.949 50.909 50.832 50.779 50.697
50.327 50.289 50.257 50.254 50.237 50.249 50.227 50.222 50.229 50.247 50.274 50.312 50.297 50.322 50.337 50.334 50.342 50.392 50.437 50.432 50.452 50.507 50.537 50.579 50.622 50.639 50.664 50.699 50.704 50.704 50.754 50.769 50.782 50.787 50.844 50.899 50.944 50.967 51.012 51.077 51.084 51.107 51.137 51.142 51.159 51.184 51.179 51.147 51.174 51.172 51.177 51.154 51.169 51.199 51.197 51.199 51.189 51.182 51.214 51.182 51.169 51.074 51.084 50.972 50.912 50.862 50.809 50.769
50.362 50.349 50.307 50.302 50.297 50.309 50.299 50.302 50.287 50.297 50.339 50.352 50.357 50.367 50.367 50.387 50.419 50.439 50.454 50.477 50.489 50.532 50.549 50.614 50.642 50.674 50.714 50.719 50.739 50.742 50.797 50.789 50.819 50.852 50.874 50.912 50.947 50.982 51.027 51.097 51.112 51.149 51.167 51.184 51.194 51.209 51.192 51.204 51.187 51.232 51.224 51.212 51.182 51.214 51.214 51.194 51.202 51.234 51.204 51.189 51.169 51.129 51.094 51.017 50.947 50.889 50.854 50.774
50.392 50.374 50.384 50.357 50.329 50.322 50.339 50.309 50.329 50.344 50.347 50.374 50.404 50.407 50.384 50.399 50.429 50.434 50.467 50.484 50.517 50.554 50.567 50.612 50.639 50.669 50.689 50.709 50.729 50.789 50.802 50.814 50.827 50.847 50.902 50.929 50.972 51.047 51.069 51.112 51.164 51.189 51.199 51.199 51.209 51.239 51.237 51.234 51.234 51.257 51.259 51.249 51.242 51.249 51.229 51.234 51.277 51.242 51.247 51.219 51.202 51.162 51.107 51.054 51.012 50.917 50.872 50.814
50.432 50.422 50.377 50.379 50.354 50.339 50.354 50.354 50.354 50.347 50.364 50.377 50.377 50.377 50.362 50.399 50.422 50.424 50.467 50.469 50.509 50.579 50.567 50.574 50.642 50.649 50.692 50.712 50.729 50.789 50.812 50.804 50.842 50.862 50.927 50.942 50.992 51.049 51.077 51.132 51.194 51.207 51.214 51.259 51.252 51.267 51.259 51.297 51.289 51.309 51.292 51.314 51.297 51.264 51.279 51.287 51.287 51.289 51.282 51.232 51.199 51.167 51.094 51.052 50.997 50.939 50.857 50.787
50.412 50.404 50.369 50.344 50.342 50.334 50.337 50.327 50.332 50.334 50.359 50.369 50.379 50.369 50.377 50.369 50.394 50.469 50.484 50.514 50.539 50.582 50.594 50.609 50.642 50.682 50.719 50.734 50.769 50.814 50.839 50.862 50.889 50.924 50.942 50.989 51.027 51.107 51.127 51.202 51.234 51.262 51.282 51.279 51.292 51.279 51.327 51.322 51.382 51.354 51.344 51.347 51.334 51.287 51.309 51.292 51.272 51.287 51.294 51.272 51.239 51.179 51.107 51.069 51.012 50.959 50.892 50.829
50.429 50.404 50.354 50.327 50.332 50.322 50.327 50.324 50.322 50.369 50.384 50.389 50.399 50.362 50.374 50.394 50.409 50.462 50.502 50.537 50.587 50.584 50.617 50.632 50.662 50.697 50.704 50.744 50.794 50.849 50.862 50.892 50.919 50.932 50.979 51.009 51.017 51.084 51.179 51.234 51.264 51.319 51.327 51.307 51.317 51.322 51.349 51.337 51.352 51.377 51.384 51.364 51.357 51.332 51.309 51.314 51.289 51.304 51.287 51.262 51.209 51.182 51.117 51.044 50.997 50.942 50.894 50.819
50.412 50.349 50.369 50.347 50.317 50.314 50.319 50.327 50.342 50.332 50.359 50.382 50.372 50.414 50.414 50.404 50.429 50.457 50.502 50.539 50.609 50.632 50.652 50.672 50.694 50.732 50.734 50.779 50.832 50.869 50.892 50.897 50.934 50.967 50.994 51.012 51.037 51.089 51.169 51.254 51.314 51.339 51.392 51.377 51.349 51.342 51.392 51.394 51.419 51.419 51.432 51.397 51.392 51.347 51.334 51.344 51.324 51.332 51.314 51.304 51.249 51.207 51.139 51.074 51.014 50.957 50.859 50.774
50.417 50.382 50.362 50.357 50.309 50.324 50.334 50.342 50.344 50.384 50.404 50.399 50.392 50.409 50.437 50.417 50.437 50.467 50.524 50.549 50.599 50.654 50.679 50.687 50.704 50.734 50.749 50.787 50.844 50.857 50.904 50.942 50.992 51.014 51.024 51.032 51.074 51.124 51.179 51.252 51.329 51.389 51.404 51.389 51.389 51.382 51.417 51.412 51.432 51.437 51.437 51.407 51.402 51.377 51.332 51.337 51.357 51.359 51.339 51.349 51.269 51.242 51.162 51.077 51.039 50.962 50.879 50.787
50.427 50.404 50.369 50.344 50.337 50.332 50.347 50.349 50.379 50.404 50.402 50.412 50.419 50.434 50.444 50.419 50.469 50.484 50.534 50.567 50.639 50.667 50.692 50.712 50.749 50.764 50.787 50.824 50.864 50.894 50.942 50.989 51.012 51.062 51.049 51.097 51.122 51.157 51.229 51.309 51.357 51.389 51.412 51.459 51.459 51.447 51.452 51.457 51.464 51.482 51.479 51.464 51.457 51.424 51.404 51.394 51.382 51.374 51.379 51.349 51.327 51.277 51.194 51.119 51.057 50.949 50.884 50.794
50.457 50.442 50.399 50.384 50.382 50.347 50.362 50.399 50.392 50.407 50.397 50.417 50.424 50.449 50.417 50.444 50.484 50.512 50.564 50.604 50.647 50.684 50.732 50.777 50.769 50.814 50.822 50.849 50.874 50.922 50.994 51.014 51.054 51.072 51.112 51.132 51.169 51.222 51.274 51.364 51.382 51.449 51.499 51.497 51.502 51.494 51.512 51.522 51.529 51.529 51.549 51.519 51.504 51.494 51.452 51.429 51.414 51.417 51.394 51.389 51.327 51.314 51.209 51.137 51.047 50.947 50.887 50.809
