All_lidar/sz5592_DSM_2M.asc
ncols 500
nrows 500
xllcorner    455000
yllcorner    92000
cellsize     2
NODATA_value -9999
[rows 0 to 31 of 500, columns 72 to 143 of 500]
2.599 2.209 2.127 2.158 2.119 1.978 1.331 0.934 0.809 0.699 0.656 0.596 0.599 0.584 0.539 0.539 0.499 0.476 0.444 0.439 0.401 0.381 0.389 0.354 0.289 0.289 0.269 0.279 0.214 0.176 0.091 0.031 -0.076 -0.157 -0.247 -0.33 -0.446 -0.545 -0.755 -0.952 -1.18 -1.5 -1.806 -1.759 -1.878 -1.78 -1.954 -1.976 -2.126 -2.239 -2.259 -2.324 -2.339 -2.239 -9999 -9999 -9999 -9999 -2.236 -2.136 -1.714 -1.33 -1.087 -0.81 -0.659 -0.559 -0.37 -0.246 -0.211 -0.187 -0.183 -0.127
2.558 2.26 2.125 2.08 2.062 2.087 1.4 0.984 0.821 0.689 0.656 0.581 0.624 0.591 0.546 0.524 0.516 0.494 0.451 0.416 0.429 0.419 0.399 0.351 0.334 0.301 0.274 0.296 0.251 0.179 0.114 0.026 -0.071 -0.154 -0.223 -0.319 -0.43 -0.545 -0.735 -0.94 -1.194 -1.53 -1.769 -1.699 -1.846 -1.79 -1.946 -2.041 -2.209 -2.269 -2.326 -2.341 -2.306 -2.254 -2.265 -9999 -9999 -2.269 -2.144 -2.084 -1.721 -1.362 -1.083 -0.845 -0.644 -0.542 -0.379 -0.273 -0.225 -0.198 -0.191 -0.147
2.529 2.291 2.199 2.104 2.119 2.085 1.463 0.926 0.814 0.694 0.631 0.599 0.606 0.579 0.524 0.501 0.491 0.481 0.479 0.451 0.434 0.406 0.389 0.361 0.349 0.304 0.294 0.241 0.229 0.176 0.074 0.014 -0.041 -0.146 -0.244 -0.319 -0.444 -0.543 -0.681 -0.918 -1.141 -1.489 -1.771 -1.683 -1.869 -1.765 -1.739 -2.054 -2.239 -2.306 -2.329 -2.301 -2.301 -2.329 -9999 -9999 -2.219 -2.239 -2.244 -2.186 -1.736 -1.32 -1.08 -0.863 -0.644 -0.479 -0.369 -0.301 -0.285 -0.257 -0.236 -0.166
2.648 2.257 2.184 2.097 2.141 2.089 1.499 0.906 0.786 0.696 0.634 0.594 0.589 0.569 0.554 0.494 0.504 0.459 0.429 0.451 0.434 0.384 0.369 0.369 0.341 0.291 0.286 0.264 0.206 0.141 0.129 0.026 -0.041 -0.121 -0.225 -0.3 -0.424 -0.536 -0.659 -0.879 -1.099 -1.425 -1.929 -2.121 -1.83 -1.747 -1.753 -1.775 -2.219 -2.159 -2.091 -2.124 -2.174 -2.391 -9999 -9999 -9999 -2.166 -2.189 -2.116 -1.781 -1.293 -1.127 -0.86 -0.682 -0.486 -0.419 -0.376 -0.342 -0.324 -0.284 -0.254
2.616 2.235 2.142 2.145 2.152 2.033 1.337 0.906 0.821 0.719 0.651 0.599 0.556 0.554 0.536 0.526 0.526 0.479 0.446 0.446 0.446 0.389 0.361 0.364 0.326 0.289 0.276 0.251 0.229 0.176 0.136 0.066 -0.031 -0.096 -0.2 -0.296 -0.395 -0.542 -0.672 -0.861 -1.049 -1.386 -1.901 -2.136 -1.911 -1.733 -1.774 -2.189 -2.226 -2.016 -1.931 -2.141 -2.164 -9999 -9999 -9999 -9999 -2.156 -2.214 -2.064 -1.814 -1.304 -1.13 -0.881 -0.694 -0.521 -0.459 -0.44 -0.369 -0.345 -0.308 -0.28
2.584 2.199 2.123 2.107 2.084 1.955 1.32 0.921 0.816 0.741 0.634 0.604 0.574 0.544 0.516 0.506 0.499 0.456 0.449 0.459 0.446 0.376 0.356 0.349 0.334 0.299 0.306 0.249 0.224 0.186 0.124 0.081 0.004 -0.083 -0.187 -0.278 -0.412 -0.544 -0.663 -0.844 -1.023 -1.354 -1.834 -2.009 -1.931 -1.72 -1.733 -2.149 -2.211 -2.181 -2.166 -2.231 -2.266 -9999 -9999 -9999 -9999 -9999 -2.176 -2.166 -1.771 -1.399 -1.107 -0.924 -0.685 -0.556 -0.498 -0.483 -0.433 -0.385 -0.329 -0.294
2.662 2.234 2.163 2.056 2.112 2.012 1.562 0.934 0.806 0.689 0.641 0.604 0.599 0.529 0.516 0.494 0.476 0.476 0.476 0.441 0.424 0.414 0.366 0.349 0.339 0.339 0.306 0.264 0.231 0.161 0.156 0.101 0.016 -0.055 -0.144 -0.25 -0.395 -0.529 -0.628 -0.818 -0.993 -1.337 -1.884 -1.919 -1.906 -1.856 -1.701 -2.066 -2.214 -2.226 -2.249 -2.234 -2.229 -2.259 -9999 -9999 -9999 -9999 -2.179 -2.099 -1.819 -1.367 -1.137 -0.893 -0.706 -0.586 -0.551 -0.513 -0.455 -0.386 -0.351 -0.288
2.648 2.264 2.205 2.169 2.035 1.995 1.793 1.039 0.759 0.709 0.641 0.574 0.571 0.519 0.506 0.496 0.466 0.484 0.459 0.424 0.436 0.394 0.386 0.359 0.356 0.316 0.299 0.274 0.214 0.176 0.151 0.116 0.026 -0.058 -0.164 -0.238 -0.374 -0.512 -0.618 -0.797 -0.998 -1.284 -1.854 -1.936 -1.881 -1.814 -1.861 -2.069 -2.219 -2.249 -2.239 -9999 -9999 -9999 -9999 -9999 -2.266 -2.256 -2.204 -2.066 -1.889 -1.377 -1.166 -0.889 -0.758 -0.628 -0.579 -0.522 -0.47 -0.414 -0.348 -0.286
2.603 2.258 2.489 2.961 1.995 2.04 1.819 1.021 0.771 0.684 0.649 0.581 0.584 0.514 0.536 0.506 0.479 0.486 0.451 0.434 0.424 0.394 0.391 0.349 0.351 0.329 0.296 0.246 0.236 0.181 0.139 0.134 0.064 -0.051 -0.151 -0.22 -0.361 -0.476 -0.622 -0.787 -1.011 -1.254 -1.861 -1.931 -1.901 -1.784 -1.826 -2.059 -2.259 -2.211 -2.169 -2.115 -9999 -9999 -9999 -9999 -2.214 -2.234 -2.241 -2.091 -1.911 -1.388 -1.198 -0.962 -0.802 -0.68 -0.616 -0.557 -0.483 -0.433 -0.342 -0.301
2.678 2.272 2.279 2.408 2.085 2.052 1.845 1.039 0.796 0.701 0.636 0.594 0.574 0.501 0.529 0.499 0.474 0.496 0.429 0.421 0.426 0.414 0.369 0.359 0.346 0.349 0.281 0.271 0.219 0.184 0.179 0.141 0.069 -0.028 -0.121 -0.23 -0.346 -0.45 -0.576 -0.755 -0.99 -1.27 -1.781 -1.909 -1.889 -1.866 -1.846 -2.031 -9999 -2.274 -2.186 -2.041 -9999 -9999 -9999 -9999 -2.199 -2.209 -2.171 -2.031 -1.929 -1.409 -1.183 -0.961 -0.79 -0.686 -0.621 -0.567 -0.493 -0.421 -0.354 -0.279
2.48 2.289 2.187 2.129 2.116 2.052 1.878 1.044 0.784 0.704 0.631 0.589 0.571 0.524 0.524 0.514 0.494 0.486 0.451 0.451 0.431 0.381 0.386 0.361 0.371 0.336 0.294 0.269 0.226 0.186 0.154 0.106 0.064 -0.032 -0.098 -0.217 -0.351 -0.419 -0.544 -0.733 -0.957 -1.305 -1.499 -1.909 -1.906 -1.886 -1.904 -9999 -9999 -9999 -9999 -9999 -9999 -9999 -9999 -9999 -9999 -2.236 -2.224 -2.019 -1.959 -1.529 -1.203 -0.979 -0.783 -0.67 -0.612 -0.554 -0.492 -0.415 -0.345 -0.238
2.54 2.35 2.184 2.152 2.142 2.095 1.972 1.171 0.824 0.714 0.639 0.604 0.546 0.529 0.531 0.506 0.501 0.449 0.474 0.444 0.419 0.404 0.389 0.356 0.341 0.311 0.296 0.266 0.251 0.244 0.199 0.111 0.049 -0.012 -0.106 -0.206 -0.341 -0.395 -0.528 -0.738 -0.948 -1.238 -1.449 -1.881 -1.595 -1.804 -1.846 -9999 -9999 -9999 -9999 -9999 -9999 -9999 -9999 -9999 -9999 -2.266 -2.221 -2.036 -1.974 -1.576 -1.245 -0.992 -0.824 -0.673 -0.588 -0.55 -0.465 -0.382 -0.292 -0.203
2.552 2.535 2.38 2.16 2.15 2.076 1.824 1.203 0.963 0.746 0.646 0.606 0.581 0.549 0.526 0.516 0.494 0.454 0.434 0.461 0.411 0.374 0.379 0.374 0.356 0.319 0.296 0.276 0.229 0.199 0.154 0.091 0.034 -0.013 -0.135 -0.232 -0.311 -0.411 -0.503 -0.668 -0.903 -1.153 -1.624 -1.916 -1.949 -1.826 -1.836 -1.909 -9999 -9999 -9999 -9999 -9999 -9999 -9999 -9999 -9999 -2.189 -2.179 -2.026 -1.939 -1.611 -1.263 -1.014 -0.849 -0.71 -0.598 -0.524 -0.413 -0.317 -0.234 -0.168
2.694 2.767 2.376 2.2 2.113 2.082 1.752 1.227 0.967 0.724 0.621 0.609 0.574 0.541 0.506 0.494 0.474 0.486 0.446 0.431 0.396 0.391 0.379 0.394 0.344 0.309 0.296 0.264 0.224 0.224 0.166 0.126 0.041 -0.032 -0.124 -0.215 -0.291 -0.411 -0.477 -0.644 -0.859 -1.14 -1.528 -1.894 -1.934 -1.826 -1.804 -1.866 -9999 -9999 -9999 -9999 -9999 -9999 -9999 -9999 -9999 -9999 -2.191 -2.029 -1.936 -1.591 -1.278 -1.023 -0.871 -0.748 -0.611 -0.537 -0.433 -0.339 -0.252 -0.174
3.895 3.741 3.091 2.192 2.136 2.1 1.834 1.169 0.977 0.726 0.646 0.599 0.581 0.559 0.526 0.504 0.521 0.499 0.479 0.446 0.416 0.416 0.374 0.379 0.359 0.324 0.311 0.274 0.256 0.226 0.186 0.141 0.054 -0.014 -0.119 -0.202 -0.304 -0.38 -0.47 -0.653 -0.856 -1.115 -1.372 -1.811 -1.916 -1.834 -1.789 -1.834 -9999 -9999 -9999 -9999 -9999 -9999 -9999 -9999 -9999 -9999 -9999 -2.032 -1.946 -1.595 -1.284 -1.073 -0.907 -0.742 -0.654 -0.557 -0.464 -0.332 -0.261 -0.176
4.914 3.22 2.201 2.169 2.12 2.072 1.974 1.202 0.861 0.739 0.689 0.594 0.571 0.556 0.541 0.516 0.501 0.451 0.441 0.436 0.444 0.389 0.374 0.366 0.346 0.339 0.329 0.286 0.234 0.199 0.176 0.136 0.074 -0.013 -0.08 -0.176 -0.259 -0.354 -0.473 -0.631 -0.83 -1.043 -1.332 -1.647 -1.814 -1.906 -1.779 -1.806 -9999 -9999 -9999 -9999 -9999 -9999 -9999 -9999 -9999 -9999 -9999 -9999 -1.919 -1.706 -1.307 -1.079 -0.929 -0.782 -0.667 -0.575 -0.488 -0.399 -0.316 -0.183
3.354 2.404 2.167 2.129 2.079 2.04 1.786 1.053 0.826 0.731 0.669 0.644 0.616 0.576 0.536 0.516 0.499 0.511 0.481 0.474 0.426 0.401 0.386 0.356 0.339 0.329 0.301 0.284 0.244 0.219 0.189 0.151 0.084 -0.002 -0.085 -0.155 -0.241 -0.343 -0.443 -0.587 -0.771 -1.007 -1.295 -1.592 -1.824 -1.916 -1.744 -1.766 -9999 -9999 -9999 -9999 -9999 -9999 -9999 -9999 -9999 -9999 -9999 -9999 -1.926 -1.719 -1.342 -1.078 -0.919 -0.778 -0.691 -0.591 -0.509 -0.444 -0.335 -0.237
3.33 2.296 2.213 2.13 2.145 1.94 1.534 1.032 0.794 0.734 0.654 0.624 0.589 0.544 0.579 0.514 0.516 0.486 0.476 0.461 0.446 0.399 0.404 0.374 0.354 0.341 0.284 0.284 0.304 0.246 0.196 0.159 0.074 0.001 -0.052 -0.154 -0.225 -0.318 -0.424 -0.569 -0.743 -0.97 -1.215 -1.542 -1.799 -1.916 -1.739 -1.731 -9999 -9999 -9999 -9999 -9999 -9999 -9999 -9999 -9999 -9999 -9999 -9999 -1.914 -1.764 -1.339 -1.128 -0.962 -0.814 -0.684 -0.616 -0.539 -0.444 -0.373 -0.295
3.202 2.261 2.163 2.036 2.005 1.656 1.346 1.101 0.839 0.721 0.686 0.631 0.589 0.564 0.519 0.539 0.516 0.499 0.479 0.464 0.454 0.406 0.401 0.386 0.364 0.349 0.329 0.299 0.261 0.241 0.201 0.136 0.086 -0.016 -0.067 -0.124 -0.211 -0.314 -0.41 -0.553 -0.712 -0.924 -1.161 -1.482 -1.776 -1.894 -1.724 -1.724 -9999 -9999 -9999 -9999 -9999 -9999 -9999 -9999 -9999 -9999 -9999 -9999 -1.936 -1.769 -1.242 -1.129 -0.973 -0.819 -0.696 -0.606 -0.544 -0.428 -0.349 -0.304
2.873 2.202 2.235 2.122 2.024 1.872 1.398 0.986 0.841 0.716 0.671 0.646 0.594 0.574 0.586 0.559 0.544 0.491 0.489 0.484 0.444 0.396 0.359 0.381 0.371 0.319 0.316 0.301 0.271 0.261 0.231 0.144 0.094 -0.001 -0.066 -0.143 -0.209 -0.295 -0.4 -0.56 -0.69 -0.86 -1.135 -1.354 -1.774 -1.854 -1.766 -1.691 -9999 -9999 -9999 -9999 -9999 -9999 -9999 -9999 -9999 -1.419 -9999 -2.019 -1.876 -1.696 -1.263 -1.054 -0.933 -0.797 -0.681 -0.623 -0.564 -0.443 -0.384 -0.334
2.563 2.234 2.209 2.136 2.117 1.931 1.625 1.024 0.859 0.751 0.691 0.661 0.604 0.564 0.571 0.531 0.524 0.489 0.489 0.471 0.429 0.426 0.426 0.386 0.359 0.366 0.326 0.301 0.281 0.249 0.226 0.169 0.099 0.021 -0.06 -0.115 -0.224 -0.292 -0.381 -0.536 -0.659 -0.849 -1.101 -1.295 -1.706 -1.874 -1.794 -1.669 -9999 -9999 -9999 -9999 -9999 -9999 -1.459 -9999 -9999 -1.412 -9999 -1.969 -1.789 -1.404 -1.236 -1.047 -0.972 -0.867 -0.809 -0.747 -0.708 -0.638 -0.557 -0.471
2.325 2.265 2.239 2.165 2.121 2.033 1.555 1.118 0.929 0.786 0.691 0.651 0.614 0.574 0.554 0.524 0.526 0.479 0.489 0.446 0.429 0.446 0.401 0.389 0.391 0.341 0.331 0.304 0.311 0.256 0.214 0.184 0.121 -0.006 -0.049 -0.114 -0.187 -0.281 -0.384 -0.523 -0.625 -0.851 -1.055 -1.27 -1.56 -1.799 -1.869 -1.716 -1.805 -9999 -9999 -9999 -9999 -9999 -9999 -9999 -9999 -1.409 -1.391 -1.436 -1.426 -1.365 -1.398 -1.356 -1.203 -1.061 -0.979 -0.874 -0.814 -0.76 -0.699 -0.57
2.319 2.225 2.256 2.178 2.137 1.973 1.606 1.118 0.989 0.761 0.696 0.661 0.619 0.606 0.561 0.546 0.531 0.499 0.494 0.451 0.456 0.466 0.391 0.406 0.356 0.339 0.341 0.296 0.301 0.246 0.221 0.189 0.109 0.026 -0.054 -0.138 -0.197 -0.28 -0.375 -0.502 -0.652 -0.815 -1.044 -1.216 -1.375 -1.756 -1.876 -1.789 -1.834 -9999 -9999 -9999 -9999 -9999 -9999 -9999 -9999 -9999 -1.364 -1.42 -1.431 -1.423 -1.465 -1.385 -1.282 -1.195 -1.067 -0.939 -0.868 -0.791 -0.687 -0.6
2.301 2.199 2.253 2.148 2.061 1.962 1.726 1.011 0.874 0.734 0.716 0.671 0.626 0.599 0.551 0.519 0.514 0.504 0.491 0.481 0.469 0.436 0.424 0.404 0.371 0.361 0.306 0.319 0.309 0.274 0.229 0.181 0.101 0.034 -0.005 -0.099 -0.171 -0.276 -0.372 -0.495 -0.624 -0.795 -1.039 -1.227 -1.411 -1.521 -1.826 -1.811 -1.844 -9999 -9999 -9999 -9999 -1.409 -1.399 -1.315 -9999 -9999 -1.424 -1.469 -1.457 -1.436 -1.441 -1.325 -1.26 -1.172 -1.068 -0.956 -0.864 -0.776 -0.669 -0.593
2.272 2.187 2.212 2.112 2.013 1.917 1.568 1.031 0.886 0.776 0.731 0.686 0.639 0.604 0.596 0.551 0.541 0.519 0.509 0.481 0.444 0.431 0.424 0.414 0.381 0.366 0.364 0.351 0.284 0.286 0.251 0.221 0.181 0.076 0.012 -0.047 -0.156 -0.266 -0.344 -0.465 -0.601 -0.771 -0.983 -1.222 -1.497 -1.686 -1.814 -1.786 -1.786 -9999 -9999 -9999 -1.379 -1.411 -1.411 -1.394 -1.359 -1.356 -1.374 -1.414 -1.458 -1.459 -1.372 -1.221 -1.147 -1.097 -1.033 -0.952 -0.835 -0.751 -0.657 -0.564
2.261 2.21 2.339 2.174 2.017 1.958 1.464 1.126 0.914 0.824 0.746 0.671 0.659 0.621 0.596 0.564 0.539 0.509 0.516 0.459 0.454 0.446 0.436 0.421 0.396 0.359 0.376 0.321 0.296 0.276 0.271 0.221 0.166 0.089 0.007 -0.049 -0.151 -0.238 -0.344 -0.452 -0.566 -0.727 -0.977 -1.24 -1.493 -1.716 -1.799 -1.761 -1.801 -9999 -9999 -9999 -1.365 -1.439 -1.374 -1.404 -1.399 -1.399 -1.391 -1.396 -1.412 -1.37 -1.369 -1.162 -1.065 -1.048 -0.998 -0.922 -0.804 -0.715 -0.621 -0.524
2.214 2.274 2.272 2.217 2.033 1.949 1.648 1.186 1.019 0.826 0.741 0.686 0.666 0.624 0.621 0.579 0.529 0.524 0.511 0.486 0.486 0.469 0.439 0.424 0.409 0.361 0.349 0.341 0.294 0.296 0.271 0.261 0.181 0.106 0.046 -0.028 -0.113 -0.24 -0.336 -0.439 -0.55 -0.684 -0.968 -1.232 -1.445 -1.714 -1.789 -1.739 -1.761 -9999 -9999 -1.375 -1.366 -1.471 -1.386 -1.376 -1.406 -1.431 -1.401 -1.379 -1.384 -1.368 -1.389 -1.23 -1.063 -0.935 -0.937 -0.87 -0.741 -0.673 -0.591 -0.497
2.24 2.283 2.274 2.228 2.048 1.952 1.753 1.221 1.009 0.826 0.739 0.704 0.671 0.636 0.616 0.601 0.569 0.536 0.514 0.469 0.464 0.486 0.431 0.419 0.401 0.371 0.364 0.344 0.341 0.316 0.264 0.236 0.189 0.154 0.079 -0.002 -0.085 -0.206 -0.329 -0.431 -0.523 -0.654 -0.911 -1.201 -1.451 -1.136 -1.261 -1.731 -1.731 -1.882 -1.412 -1.399 -1.424 -1.429 -1.409 -1.354 -1.364 -1.449 -1.396 -1.414 -1.406 -1.403 -1.41 -1.429 -1.227 -0.974 -0.844 -0.692 -0.597 -0.596 -0.575 -0.471
2.231 2.264 2.254 2.117 2 1.934 1.808 1.181 0.989 0.856 0.751 0.706 0.671 0.624 0.606 0.599 0.561 0.541 0.534 0.504 0.476 0.501 0.464 0.419 0.406 0.386 0.399 0.354 0.334 0.306 0.281 0.256 0.209 0.161 0.106 0.041 -0.066 -0.196 -0.314 -0.41 -0.489 -0.611 -0.864 -1.151 -1.454 -1.513 -1.583 -1.647 -1.696 -1.881 -1.386 -1.414 -1.404 -1.364 -1.391 -1.361 -1.381 -1.414 -1.409 -1.464 -1.431 -1.396 -1.442 -1.458 -1.276 -1.092 -0.925 -0.774 -0.639 -0.566 -0.555 -0.469
2.26 2.264 2.266 2.104 1.969 1.901 1.792 1.134 0.954 0.861 0.771 0.696 0.674 0.656 0.631 0.614 0.566 0.544 0.511 0.511 0.499 0.481 0.449 0.434 0.429 0.406 0.346 0.339 0.344 0.301 0.284 0.224 0.199 0.161 0.134 0.017 -0.048 -0.16 -0.265 -0.378 -0.478 -0.601 -0.842 -1.107 -1.361 -1.599 -1.671 -1.669 -1.679 -1.859 -1.391 -1.414 -1.394 -1.386 -1.406 -1.379 -1.394 -1.374 -1.384 -1.431 -1.421 -1.386 -1.433 -1.432 -1.264 -1.093 -0.924 -0.799 -0.674 -0.616 -0.592 -0.513
2.252 2.234 2.231 2.151 2.055 1.893 1.719 1.171 0.969 0.841 0.774 0.736 0.694 0.679 0.654 0.611 0.556 0.551 0.531 0.521 0.484 0.501 0.466 0.431 0.429 0.409 0.359 0.339 0.361 0.291 0.266 0.229 0.211 0.174 0.126 0.047 -0.04 -0.142 -0.265 -0.354 -0.454 -0.576 -0.825 -1.079 -1.332 -1.528 -1.631 -1.632 -1.691 -1.826 -1.379 -1.411 -1.401 -1.411 -1.411 -1.379 -1.384 -1.384 -1.371 -1.394 -1.434 -1.401 -1.407 -1.406 -1.302 -1.157 -0.936 -0.79 -0.726 -0.667 -0.607 -0.552
2.289 2.266 2.195 2.17 2.149 1.905 1.792 1.235 0.976 0.869 0.829 0.751 0.724 0.689 0.624 0.636 0.594 0.584 0.536 0.524 0.536 0.464 0.459 0.439 0.426 0.391 0.379 0.351 0.334 0.311 0.281 0.256 0.216 0.171 0.111 0.05 -0.032 -0.135 -0.225 -0.374 -0.471 -0.589 -0.785 -1.025 -1.274 -1.491 -1.57 -1.609 -1.671 -1.846 -1.369 -1.369 -1.396 -1.411 -1.426 -1.359 -1.381 -1.434 -1.389 -1.379 -1.389 -1.379 -1.432 -1.43 -1.356 -1.165 -0.985 -0.839 -0.753 -0.685 -0.616 -0.568
