All_lidar/sz5589_DSM_2M.asc
ncols 500
nrows 500
xllcorner    455000
yllcorner    89000
cellsize     2
NODATA_value -9999
[rows 320 to 351 of 500, columns 142 to 212 of 500]
22.116 21.859 23.238 29.165 39.988 38.572 35.943 29.581 28.204 24.114 22.706 25.331 27.635 36.744 36.908 33.227 25.898 20.901 20.925 20.925 21.573 31.514 32.311 21.93 29.037 33.65 26.337 20.773 20.859 20.942 20.81 20.688 20.686 20.653 20.568 20.564 20.569 20.614 22.835 22.959 20.454 25.032 33.391 26.091 21.783 21.246 27.186 22.724 23.566 20.548 20.505 25.015 23.055 20.511 21.578 23.841 28.322 28.279 22.711 21.981 30.344 25.113 21.121 27.237 23.436 30.849 32.54 32.521 32.35 27.855 26.301
21.729 21.48 22.868 27.447 29.251 31.407 30.517 25.939 23.626 21.911 22.443 29.243 31.94 34.491 38.13 30.26 21.219 21.023 21.018 21.062 22.223 27.832 27.768 21.178 21.482 25.479 24.32 22.466 20.77 21.135 20.739 20.727 20.796 20.664 20.715 20.868 20.62 20.61 22.389 25.393 20.576 20.687 23.69 25.784 20.58 23.499 34.995 26.029 20.37 20.347 20.861 29.962 28.479 21.639 24.702 31.094 33.473 32.473 27.833 20.772 24.745 25.098 20.659 28.157 23.446 30.772 31.648 33.956 32.832 32.688 33.229
21.369 21.466 21.683 21.741 25.145 25.94 24.32 21.818 25.577 24.724 21.311 23.427 26.226 32.415 37.065 29.453 22.474 21.172 21.126 21.101 20.993 21.565 23.088 20.977 20.949 20.93 20.927 21.379 21.274 20.924 20.845 20.825 20.808 20.795 20.887 20.96 20.694 20.577 20.696 21.488 20.583 20.948 20.598 20.566 20.867 23.12 26.681 23.871 21.262 21.214 20.462 23.914 22.891 27.016 30.248 32.194 32.764 32.924 28.724 20.58 20.387 20.191 20.144 22.802 24.297 27.606 29.754 34.277 31.848 29.656 27.381
21.327 21.301 21.303 21.261 21.209 21.361 22.489 23.692 24.371 22.726 21.523 21.458 22.81 30.474 30.422 28.72 21.865 21.344 21.257 21.16 21.088 21.147 21.737 21.494 21.059 21.087 21.074 21.086 21.163 21.124 20.962 20.947 21.295 21.742 21.387 20.907 20.812 20.771 20.734 20.712 20.638 20.66 20.63 20.694 22.814 23.025 20.81 21.772 20.518 20.497 20.56 23.524 22.959 25.293 26.01 26.875 30.126 26.244 23.7 21.133 20.599 25.183 20.591 20.733 24.308 25.586 31.648 32.146 28.804 23.622 27.165
21.42 21.395 21.344 21.311 21.266 21.187 21.852 22.432 22.095 21.456 21.354 21.558 21.746 23.624 22.456 22.699 21.81 21.948 21.245 21.204 21.22 21.211 21.193 21.189 21.191 21.237 21.265 21.049 21.054 21.066 21.022 21.234 21.082 21.114 21.411 20.916 20.806 20.875 20.84 21.009 20.744 20.675 20.761 21.596 21.033 21.556 21.081 29.6 24.528 20.55 20.635 24.134 26.099 32.154 28.431 23.354 30.291 26.812 22.938 23.133 22.423 31.661 22.31 21.838 29.517 27.901 29.294 26.904 21.474 25.977 34.891
21.483 21.457 21.376 21.342 21.3 21.26 21.285 21.296 21.558 21.462 21.824 21.694 21.623 21.56 21.357 21.284 21.369 21.3 21.325 21.401 21.39 21.59 21.322 21.279 21.215 21.255 21.208 21.116 21.174 21.155 21.147 21.146 21.067 20.997 21.047 21.003 20.926 20.901 20.823 20.816 20.834 20.843 22.794 21.793 20.725 24.3 27.656 22.953 22.669 20.655 20.69 21.114 23.923 27.01 30.364 28.828 26.261 25.986 29.997 30.981 32.056 31.698 23.17 21.33 27.979 26.44 30.481 22.911 21.151 26.216 31.949
21.571 21.48 21.446 21.435 21.397 21.337 21.312 21.345 21.369 21.424 21.532 22.11 22.532 21.625 21.464 21.397 21.416 21.376 21.46 21.526 21.524 21.838 21.525 21.374 21.337 21.366 21.36 21.272 21.167 21.23 21.218 21.137 21.18 21.171 21.163 20.996 20.98 20.99 20.917 20.886 20.905 21.561 22.219 20.874 20.81 22.47 20.823 21.117 20.95 20.739 20.844 26.969 25.05 29.771 33.497 28.452 27.59 33.018 31.941 33.108 29.228 27.548 26.452 21.819 24.271 26.556 27.37 22.511 20.497 20.705 25.373
21.551 21.537 21.495 21.464 21.439 21.396 21.392 21.493 21.514 21.491 21.416 23.161 21.94 21.751 21.502 21.44 21.548 21.523 21.523 21.495 21.547 21.516 21.38 21.438 21.44 21.347 21.311 21.275 21.288 21.413 21.275 21.252 21.273 21.211 21.239 21.109 21.051 21.044 20.95 20.978 21.065 21.102 21.135 21.096 21.014 20.894 20.862 20.849 20.939 20.873 22.807 32.883 28.42 31.552 25.898 20.7 23.069 30.042 24.58 29.219 23.368 28.366 27.426 21.053 22.215 29.719 27.016 22.543 22.664 21.536 23.491
21.565 21.564 21.543 21.516 21.514 21.497 21.507 21.613 21.605 21.546 21.531 21.876 22.013 21.651 21.529 21.495 21.465 21.554 21.5 21.489 21.569 21.556 21.505 22.11 21.52 21.438 21.429 21.59 21.672 21.573 21.33 21.309 21.298 21.239 21.19 21.146 21.097 21.093 21.058 21.055 21.071 21.101 21.065 21.093 20.903 20.916 20.884 20.997 21.017 20.986 24.137 24.959 21.585 21.945 21.151 20.763 22.842 29.686 21.32 21.532 22.754 21.365 20.808 20.811 21.829 22.106 24.654 21.663 22.763 21.098 21.79
21.636 21.642 21.669 21.652 21.592 21.64 21.623 21.627 21.583 21.666 21.71 21.729 22.274 21.969 21.789 22.094 21.849 21.704 21.729 21.536 21.59 21.627 21.543 21.54 21.485 21.407 21.465 21.53 21.511 21.404 21.398 21.397 21.374 21.469 21.265 21.214 21.159 21.227 21.197 21.179 22.397 22.456 21.093 21.007 20.993 21.073 21.027 21.021 21.065 20.943 20.957 20.981 21.037 21.075 20.852 20.861 22.836 25.896 22.299 20.865 21.01 21.61 20.83 21.043 20.708 20.662 20.698 21.155 21.21 20.81 20.766
21.704 21.979 21.77 21.682 21.824 21.869 21.897 21.958 21.957 21.993 21.859 21.826 22.196 22.056 21.809 22.414 21.774 21.741 21.751 23.696 22.686 21.649 21.654 21.653 21.745 21.603 21.55 21.503 21.523 21.504 21.44 21.495 21.877 22.477 22.51 21.336 21.338 21.526 21.366 21.228 21.667 22.578 21.111 21.267 21.448 21.216 21.143 21.102 21.117 21.006 21.028 21.122 21.043 20.982 20.968 20.94 20.878 21.628 20.9 20.899 20.863 20.824 21.045 20.974 20.842 20.971 24.046 21.76 20.82 20.87 20.895
21.789 22.683 21.879 21.758 22.13 22.353 23.508 22.429 22.336 22.246 22.16 22.141 22.281 22.071 21.909 21.864 21.814 21.799 21.881 22.254 21.766 21.759 21.834 21.98 21.929 21.769 21.752 21.664 21.631 21.671 21.582 22.804 24.398 21.887 21.403 21.289 21.265 21.264 21.274 21.193 21.207 21.296 21.38 21.264 21.33 21.359 21.259 21.344 21.157 21.129 21.129 21.327 23.413 21.057 21.088 21.078 20.943 21.019 21.183 21.017 20.939 20.917 21.042 21.742 21 21.431 22.438 22.156 21.195 21.611 21.792
21.85 21.9 22.723 22.183 23.108 26.18 25.445 23.507 22.393 22.304 22.005 22.234 22.259 22.079 21.966 21.934 21.946 21.999 21.904 22.319 21.809 21.901 21.934 21.894 21.756 21.756 21.731 21.714 21.794 21.844 21.659 22.326 22.041 21.614 21.596 21.469 21.431 21.408 21.415 21.39 21.42 21.387 21.327 21.33 21.341 21.357 21.628 21.49 21.201 21.253 21.268 21.27 21.207 21.17 21.132 21.176 22.345 21.187 21.177 21.084 21.016 20.977 21.002 21.061 21.088 21.04 21.47 22.189 22.635 24.759 23.556
21.97 21.922 22.647 22.767 25.538 28.368 24.038 22.326 22.251 22.128 21.963 22.341 22.976 22.144 22.066 21.984 21.954 22.524 21.971 23.276 21.904 21.946 21.951 21.876 21.881 21.864 21.819 21.734 21.794 21.734 21.676 21.679 21.824 21.756 21.604 21.661 21.529 21.536 21.641 21.499 21.551 21.496 21.519 21.551 21.481 21.453 23.135 21.65 21.341 21.356 21.883 22.925 21.41 21.457 21.237 21.484 23.351 21.189 21.247 21.183 21.168 21.126 22.704 23.076 21.166 21.045 21.321 22.168 23.483 23.181 22.462
22.14 22.023 22.315 23.773 24.406 26.923 22.597 22.306 22.242 22.159 22.156 22.529 22.769 22.694 22.091 22.056 22.046 23.651 22.101 22.056 21.961 22.044 22.281 22.051 21.914 21.839 21.874 21.901 21.804 21.904 21.964 21.776 21.796 21.769 21.749 21.679 21.699 21.684 21.749 21.559 21.579 21.531 21.561 21.521 21.476 21.574 21.796 21.639 21.426 21.468 21.84 21.849 21.932 21.355 21.327 21.323 21.322 21.298 21.321 21.251 21.269 21.181 21.159 21.194 21.136 21.184 21.176 21.384 23.339 24.478 22.791
22.344 22.113 22.232 22.69 22.635 23.557 22.503 22.386 22.359 22.325 22.254 22.574 23.304 22.661 22.376 22.121 22.129 22.121 22.061 22.171 22.044 22.256 22.091 22.006 22.279 21.949 21.886 21.881 21.896 21.944 21.919 21.809 21.884 21.804 21.794 21.759 21.804 21.756 21.801 21.641 21.569 21.914 21.926 21.594 21.601 21.891 23.219 22.701 21.505 21.524 22.149 21.929 21.456 21.685 21.412 21.468 21.558 21.543 21.363 21.346 21.301 21.271 21.269 21.341 21.531 21.334 21.199 21.214 22.057 22.977 21.356
23.589 22.421 22.253 24.055 22.371 22.453 22.464 22.454 22.407 22.419 22.166 22.486 22.616 22.414 22.359 22.216 22.266 22.459 22.156 22.116 22.141 22.511 22.351 22.121 22.004 22.134 22.154 21.981 21.969 21.969 21.969 21.944 22.116 21.856 21.886 21.879 21.904 21.839 21.851 21.781 21.711 21.989 22.314 21.701 21.811 21.659 21.606 21.621 21.649 21.726 21.744 21.584 21.584 21.581 21.531 21.506 21.546 21.446 21.356 21.359 21.366 21.396 21.346 21.386 21.421 21.336 21.306 21.321 21.334 21.316 21.516
22.914 22.324 22.311 22.467 22.388 22.42 22.495 22.611 22.5 22.529 22.403 22.52 22.466 22.376 22.336 22.264 22.254 22.249 22.284 22.221 22.226 22.271 22.131 22.149 22.169 22.091 22.084 22.061 22.106 22.054 21.989 21.989 21.919 21.969 21.944 21.914 21.906 21.901 21.896 21.889 21.861 22.241 22.346 21.791 21.986 21.761 21.671 21.746 21.769 23.219 21.701 21.659 21.589 21.616 21.601 21.589 21.619 21.476 21.511 21.441 21.484 21.904 21.519 21.534 21.394 21.391 21.411 21.391 21.354 21.419 21.791
25.246 22.886 22.387 22.462 22.468 22.432 22.524 22.529 22.473 22.454 22.488 22.7 22.581 22.441 22.394 22.381 22.354 22.346 22.369 22.404 22.276 22.291 22.936 23.789 22.166 22.126 22.274 22.304 22.221 22.121 22.061 22.071 22.064 22.189 21.996 22.031 21.949 21.959 22.171 21.944 21.959 21.996 21.856 21.826 22.151 22.041 22.019 21.794 21.746 21.689 21.744 21.734 21.681 21.704 21.666 21.661 21.611 21.601 21.759 21.544 21.561 21.589 21.466 21.426 21.459 21.444 21.421 21.481 21.476 21.449 21.459
24.754 23.221 22.437 22.514 22.531 22.539 22.579 22.696 22.577 22.465 22.444 22.782 22.664 22.584 22.494 22.526 22.389 22.384 22.361 25.119 23.206 22.331 22.714 22.666 22.279 22.266 23.951 22.276 22.239 22.259 22.214 22.201 22.091 22.066 22.044 22.044 21.986 21.956 22.016 22.054 21.974 22.059 21.909 21.869 22.621 22.076 21.869 21.889 21.864 21.866 21.841 21.876 21.824 21.804 21.751 21.764 21.804 21.804 21.764 21.686 21.664 21.549 21.496 21.521 21.539 21.499 21.529 21.679 21.536 21.544 21.549
22.705 22.765 22.509 22.571 22.622 22.629 22.667 22.717 22.601 22.522 22.473 22.784 22.712 22.601 22.529 22.509 22.494 25.656 24.346 23.884 25.699 23.059 22.491 22.354 22.296 22.311 24.421 22.226 23.841 23.801 22.229 22.196 22.161 22.141 22.159 22.176 22.026 21.961 22.081 22.054 22.046 22.156 22.094 22.026 21.989 21.984 21.944 22.019 21.944 21.956 22.001 21.914 21.924 21.881 21.944 21.864 21.844 21.881 23.024 22.211 21.684 21.661 21.669 21.629 21.644 21.594 21.566 21.634 21.609 21.561 21.651
22.845 22.857 22.605 22.641 22.734 22.73 22.682 22.71 22.801 22.663 22.664 22.804 22.716 22.64 23.406 23.211 22.486 23.931 23.976 22.551 22.531 24.509 22.451 22.394 22.381 22.341 22.341 22.274 22.521 22.401 22.366 22.234 22.771 22.276 22.176 22.141 22.136 22.091 22.091 22.159 22.094 22.199 22.151 22.081 22.061 22.054 22.019 22.136 22.016 22.004 22.231 22.206 22.219 21.989 21.994 21.949 21.954 22.129 28.119 23.511 21.759 21.779 21.939 21.714 21.666 21.676 21.666 21.696 21.719 21.664 21.769
22.87 24.469 24.019 22.664 22.773 22.847 22.751 22.833 22.835 22.659 23.073 23.144 22.845 22.644 23.117 23.189 22.654 22.666 22.614 22.521 22.536 22.524 22.516 22.449 22.456 22.456 22.456 22.421 22.346 22.386 22.281 22.281 22.319 22.294 22.221 22.284 22.271 22.339 22.176 22.194 22.184 22.224 22.184 22.136 22.166 22.101 22.121 22.141 22.251 22.124 22.096 22.374 22.096 22.026 22.044 22.039 21.999 22.031 22.699 21.936 21.901 21.981 22.039 21.811 21.826 21.979 21.851 21.816 22.421 22.651 21.836
23.38 27.576 25.143 22.722 22.763 22.826 22.814 22.941 22.754 22.562 22.707 23.353 22.964 22.91 22.831 22.694 23.034 22.816 22.611 22.591 22.574 22.569 22.749 22.549 23.421 30.011 26.104 22.519 22.421 22.419 22.409 22.424 22.536 22.426 22.334 22.349 22.321 22.311 22.216 22.279 22.466 22.389 22.314 22.309 22.254 22.194 22.169 22.274 22.321 22.359 22.326 22.619 22.176 22.119 22.106 22.071 22.101 22.056 22.114 21.974 22.059 22.421 22.009 21.946 21.914 21.891 22.006 21.924 23.431 23.781 21.876
22.963 22.942 22.896 22.773 22.787 22.923 22.881 22.858 22.815 22.625 23.093 23.559 22.989 23.027 22.994 22.776 29.026 22.844 22.796 22.741 22.679 22.729 22.619 22.636 22.561 34.021 34.356 22.534 22.509 22.461 22.601 22.609 22.741 22.529 22.434 22.556 22.414 22.336 22.269 22.319 22.311 22.334 23.719 22.694 22.299 22.259 22.279 22.431 22.399 22.336 22.241 22.241 22.226 22.549 22.216 22.316 22.159 22.216 22.294 22.129 22.239 22.181 21.994 21.946 22.014 21.979 21.999 22.001 22.046 22.224 21.914
23.063 23.153 22.984 22.848 22.889 22.905 23.009 22.988 22.973 22.78 22.912 23.06 22.921 22.862 23.145 22.804 22.841 22.826 22.794 22.801 22.784 22.769 22.716 22.766 22.746 22.631 22.659 22.569 22.554 22.931 23.781 22.606 22.554 23.001 22.436 22.649 22.479 22.479 22.466 22.359 22.381 23.064 22.434 22.466 22.406 22.399 22.319 22.276 22.381 22.474 22.374 22.664 22.314 22.271 22.259 22.286 22.801 22.319 22.231 22.276 22.301 22.136 22.144 22.124 22.054 22.014 22.081 22.154 22.219 22.019 21.976
23.849 31.856 27.881 22.935 22.972 22.959 23.062 23.034 23.097 22.944 23.158 23.053 23.009 22.977 22.92 22.871 22.859 22.841 22.939 22.866 22.801 22.801 22.799 22.721 22.716 22.709 22.636 22.604 22.634 22.866 22.769 22.614 22.694 22.556 22.544 22.619 22.624 22.499 22.599 24.084 25.679 24.759 22.526 22.506 22.446 22.426 22.379 22.419 22.471 22.509 22.411 22.391 22.369 22.401 22.344 22.369 22.321 22.374 22.241 22.491 22.494 22.229 22.306 22.214 22.214 22.139 22.206 22.089 22.144 22.301 22.141
23.201 29.573 33.485 23.034 23.051 23.103 23.268 23.087 23.128 22.985 23.251 23.215 23.509 23.627 23.048 22.919 22.909 23.169 23.429 22.916 22.901 22.904 22.824 22.756 22.776 22.739 22.746 22.721 22.696 23.416 22.774 22.706 22.681 22.699 22.554 22.626 22.609 22.531 22.651 22.881 22.544 22.521 22.561 22.569 22.504 22.539 22.526 22.549 22.501 22.564 22.654 22.449 22.481 22.489 22.414 22.461 22.379 22.364 22.346 22.391 22.471 22.364 22.306 22.311 22.411 22.244 22.236 22.276 22.309 24.931 22.634
23.259 24.152 23.948 24.732 23.156 23.215 23.21 23.169 23.213 22.948 23.116 23.228 26.591 26.573 22.935 22.996 22.994 23.411 23.896 23.271 22.931 23.156 23.956 22.859 22.979 22.899 22.879 22.906 22.956 24.731 23.201 23.436 22.764 22.764 22.649 22.699 22.631 22.581 22.631 22.666 22.659 22.631 22.586 22.644 22.606 22.519 22.574 22.549 22.629 22.699 22.599 22.506 22.501 22.526 22.569 22.446 22.416 22.479 22.481 22.439 22.466 22.446 22.384 22.406 22.371 22.341 22.439 22.394 22.494 22.671 22.424
23.689 24.01 28.052 25.447 23.232 23.886 24.384 23.299 23.309 23.051 23.137 25.081 25.429 23.27 23.081 23.069 23.061 23.099 24.419 23.804 23.016 23.024 22.924 22.911 22.926 22.861 22.884 22.974 22.796 22.891 22.939 22.891 22.909 22.771 22.724 22.731 22.771 22.689 22.726 22.774 22.711 22.746 22.646 22.614 22.604 22.601 22.666 22.681 22.724 22.679 22.729 22.684 22.696 22.766 22.604 22.526 22.521 22.531 22.546 22.491 22.541 22.734 22.514 22.411 22.441 22.464 22.584 22.496 22.536 22.449 22.399
39.353 24.753 25.979 24.453 23.299 23.614 23.31 23.377 23.319 23.21 23.909 26.205 24.153 23.611 27.603 23.161 23.126 23.106 23.134 23.116 23.199 23.089 22.981 22.994 22.981 22.959 23.076 22.991 22.871 22.939 22.879 22.844 22.901 22.866 22.799 22.901 22.881 22.714 22.734 22.886 22.771 22.766 22.779 22.699 22.701 22.744 22.786 22.849 22.764 22.841 22.841 22.759 22.719 22.749 22.694 22.651 22.631 22.716 22.681 22.521 22.689 23.096 23.136 22.546 22.556 22.589 22.544 22.569 22.586 22.566 22.556
38.007 31.499 24.145 23.492 23.336 24.184 23.519 23.41 23.366 23.257 23.424 23.364 23.255 23.253 24.483 23.814 23.146 23.136 23.261 23.226 23.169 23.086 23.106 23.126 23.039 23.129 23.086 23.024 22.949 22.889 22.891 22.946 22.989 22.949 22.909 22.901 22.889 22.854 22.739 22.834 22.854 22.864 22.861 22.799 22.874 22.844 22.864 22.954 22.861 23.239 24.371 22.794 22.744 22.754 22.779 22.686 22.709 22.686 22.629 22.614 22.906 22.889 22.979 22.881 22.844 22.686 22.644 22.619 22.611 22.689 22.639
