All_lidar/sz5585_DSM_2M.asc
ncols 500
nrows 500
xllcorner    455000
yllcorner    85000
cellsize     2
NODATA_value -9999
[rows 64 to 95 of 500, columns 0 to 71 of 500]
17.556 17.546 17.536 17.514 17.461 17.446 17.414 17.409 17.401 17.401 17.416 17.444 17.459 17.476 17.464 17.454 17.479 17.454 17.476 17.451 17.434 17.414 17.414 17.406 17.386 17.349 17.351 17.324 17.306 17.306 17.316 17.279 17.266 17.231 17.229 17.211 17.199 17.171 17.181 17.169 17.151 17.146 17.146 17.169 17.161 17.139 17.144 17.169 17.139 17.169 17.174 17.199 17.217 17.227 17.202 17.214 17.214 17.254 17.254 17.237 17.229 17.229 17.252 17.239 17.187 17.154 17.129 17.127 17.097 17.112 17.084 17.084
17.536 17.516 17.494 17.464 17.459 17.444 17.444 17.371 17.356 17.396 17.419 17.406 17.471 17.471 17.489 17.461 17.486 17.506 17.484 17.469 17.454 17.424 17.419 17.364 17.366 17.321 17.354 17.324 17.311 17.291 17.291 17.286 17.254 17.239 17.221 17.216 17.199 17.186 17.176 17.161 17.164 17.179 17.161 17.186 17.154 17.144 17.154 17.161 17.169 17.194 17.187 17.214 17.194 17.214 17.229 17.244 17.247 17.272 17.274 17.287 17.247 17.262 17.282 17.219 17.224 17.179 17.197 17.162 17.139 17.124 17.117 17.119
17.524 17.491 17.496 17.466 17.476 17.409 17.409 17.394 17.364 17.371 17.371 17.401 17.454 17.451 17.454 17.456 17.461 17.436 17.451 17.451 17.454 17.451 17.414 17.399 17.386 17.349 17.364 17.321 17.314 17.271 17.279 17.271 17.249 17.246 17.254 17.221 17.181 17.209 17.191 17.194 17.199 17.194 17.179 17.176 17.179 17.159 17.176 17.161 17.186 17.219 17.234 17.229 17.227 17.222 17.224 17.254 17.249 17.264 17.294 17.294 17.309 17.292 17.287 17.267 17.239 17.219 17.189 17.187 17.172 17.152 17.134 17.127
17.476 17.476 17.454 17.459 17.399 17.384 17.381 17.386 17.379 17.389 17.386 17.421 17.426 17.434 17.464 17.454 17.491 17.434 17.459 17.424 17.466 17.404 17.411 17.384 17.379 17.359 17.349 17.299 17.291 17.296 17.286 17.281 17.259 17.236 17.226 17.234 17.206 17.209 17.199 17.171 17.174 17.189 17.176 17.174 17.161 17.159 17.181 17.194 17.214 17.226 17.249 17.257 17.242 17.227 17.239 17.242 17.249 17.284 17.297 17.284 17.314 17.277 17.274 17.279 17.279 17.242 17.204 17.192 17.172 17.154 17.142 17.089
17.469 17.441 17.401 17.396 17.391 17.366 17.349 17.356 17.339 17.344 17.351 17.396 17.409 17.434 17.431 17.436 17.461 17.451 17.444 17.441 17.461 17.401 17.364 17.356 17.369 17.319 17.329 17.311 17.311 17.284 17.296 17.286 17.256 17.266 17.221 17.206 17.204 17.204 17.191 17.204 17.181 17.201 17.184 17.199 17.164 17.151 17.181 17.161 17.194 17.196 17.227 17.212 17.239 17.254 17.234 17.229 17.262 17.304 17.324 17.332 17.284 17.287 17.274 17.277 17.259 17.234 17.192 17.182 17.172 17.162 17.152 17.132
17.436 17.414 17.404 17.381 17.359 17.344 17.324 17.324 17.344 17.324 17.361 17.346 17.376 17.396 17.414 17.419 17.431 17.419 17.401 17.431 17.406 17.354 17.341 17.356 17.349 17.324 17.299 17.321 17.281 17.321 17.296 17.271 17.244 17.249 17.219 17.201 17.191 17.191 17.181 17.176 17.184 17.144 17.154 17.159 17.166 17.201 17.176 17.181 17.169 17.206 17.249 17.219 17.232 17.234 17.234 17.234 17.252 17.272 17.322 17.317 17.312 17.299 17.302 17.294 17.272 17.254 17.229 17.214 17.174 17.177 17.157 17.147
17.414 17.354 17.356 17.326 17.311 17.324 17.309 17.274 17.306 17.301 17.286 17.321 17.346 17.341 17.346 17.374 17.411 17.404 17.391 17.379 17.391 17.346 17.356 17.321 17.316 17.331 17.316 17.296 17.291 17.274 17.274 17.264 17.231 17.254 17.219 17.201 17.201 17.209 17.196 17.176 17.184 17.181 17.189 17.166 17.164 17.164 17.209 17.179 17.179 17.209 17.237 17.214 17.224 17.249 17.259 17.269 17.267 17.282 17.319 17.307 17.304 17.272 17.312 17.264 17.262 17.254 17.242 17.227 17.199 17.192 17.182 17.174
17.351 17.349 17.299 17.299 17.271 17.289 17.281 17.274 17.276 17.271 17.269 17.279 17.286 17.269 17.331 17.351 17.331 17.379 17.371 17.349 17.341 17.331 17.321 17.324 17.309 17.299 17.281 17.291 17.274 17.266 17.231 17.219 17.216 17.236 17.209 17.211 17.184 17.169 17.206 17.161 17.199 17.149 17.174 17.174 17.151 17.196 17.206 17.174 17.204 17.171 17.237 17.237 17.239 17.227 17.242 17.257 17.267 17.299 17.334 17.332 17.312 17.282 17.289 17.289 17.284 17.249 17.242 17.232 17.212 17.204 17.197 17.182
17.281 17.271 17.291 17.266 17.244 17.244 17.246 17.229 17.221 17.224 17.244 17.271 17.256 17.271 17.296 17.326 17.344 17.346 17.344 17.331 17.319 17.339 17.329 17.316 17.294 17.276 17.266 17.289 17.259 17.241 17.236 17.206 17.216 17.199 17.211 17.201 17.169 17.166 17.194 17.186 17.161 17.149 17.176 17.189 17.184 17.179 17.174 17.149 17.204 17.196 17.222 17.202 17.234 17.234 17.242 17.262 17.262 17.302 17.297 17.309 17.319 17.322 17.302 17.299 17.289 17.294 17.262 17.237 17.219 17.239 17.209 17.207
17.221 17.229 17.249 17.211 17.214 17.199 17.171 17.166 17.169 17.151 17.176 17.199 17.249 17.254 17.256 17.274 17.296 17.316 17.314 17.284 17.299 17.304 17.296 17.304 17.284 17.269 17.279 17.264 17.229 17.224 17.234 17.244 17.226 17.209 17.186 17.189 17.179 17.176 17.174 17.161 17.184 17.181 17.191 17.189 17.189 17.154 17.191 17.186 17.209 17.219 17.222 17.222 17.239 17.237 17.232 17.287 17.284 17.289 17.309 17.329 17.339 17.342 17.297 17.337 17.304 17.272 17.277 17.259 17.252 17.209 17.194 17.234
17.194 17.154 17.169 17.169 17.179 17.159 17.121 17.151 17.129 17.139 17.151 17.181 17.209 17.211 17.241 17.254 17.249 17.276 17.269 17.291 17.279 17.271 17.284 17.266 17.254 17.246 17.241 17.244 17.239 17.229 17.219 17.234 17.206 17.216 17.231 17.189 17.194 17.169 17.166 17.146 17.149 17.164 17.191 17.209 17.191 17.174 17.184 17.164 17.186 17.216 17.242 17.239 17.264 17.257 17.269 17.294 17.304 17.322 17.324 17.342 17.339 17.327 17.309 17.312 17.292 17.317 17.284 17.282 17.242 17.244 17.262 17.274
17.161 17.154 17.114 17.124 17.141 17.131 17.111 17.084 17.106 17.094 17.124 17.154 17.141 17.176 17.194 17.209 17.229 17.226 17.236 17.251 17.231 17.271 17.246 17.239 17.249 17.241 17.226 17.239 17.231 17.234 17.229 17.231 17.211 17.204 17.211 17.201 17.191 17.186 17.181 17.174 17.196 17.196 17.204 17.171 17.186 17.169 17.201 17.194 17.199 17.196 17.252 17.242 17.259 17.264 17.277 17.307 17.324 17.324 17.324 17.329 17.319 17.342 17.314 17.299 17.319 17.312 17.309 17.279 17.264 17.282 17.294 17.277
17.089 17.076 17.079 17.079 17.096 17.071 17.079 17.071 17.076 17.071 17.086 17.096 17.119 17.129 17.139 17.224 17.209 17.214 17.231 17.229 17.234 17.249 17.224 17.251 17.236 17.239 17.216 17.226 17.186 17.211 17.219 17.206 17.219 17.211 17.196 17.219 17.191 17.141 17.159 17.134 17.174 17.194 17.184 17.196 17.191 17.186 17.191 17.201 17.211 17.206 17.244 17.297 17.244 17.264 17.309 17.317 17.309 17.322 17.324 17.329 17.339 17.332 17.322 17.309 17.339 17.329 17.317 17.289 17.289 17.272 17.269 17.287
17.021 17.051 17.031 17.024 17.051 17.036 17.031 17.064 17.024 17.031 17.071 17.084 17.091 17.084 17.136 17.149 17.161 17.191 17.201 17.221 17.221 17.234 17.214 17.239 17.201 17.214 17.216 17.221 17.194 17.226 17.214 17.189 17.201 17.184 17.201 17.204 17.171 17.179 17.189 17.164 17.176 17.186 17.186 17.191 17.191 17.196 17.199 17.211 17.199 17.216 17.247 17.242 17.252 17.254 17.252 17.317 17.307 17.344 17.329 17.332 17.312 17.344 17.334 17.342 17.307 17.289 17.317 17.287 17.274 17.294 17.304 17.292
16.979 16.984 16.994 16.959 17.001 17.006 17.011 16.986 16.994 16.999 17.029 17.066 17.064 17.066 17.111 17.129 17.186 17.174 17.186 17.209 17.196 17.211 17.209 17.209 17.229 17.179 17.234 17.191 17.189 17.176 17.186 17.214 17.206 17.194 17.189 17.196 17.189 17.189 17.179 17.174 17.181 17.186 17.194 17.174 17.176 17.209 17.164 17.201 17.236 17.211 17.214 17.237 17.257 17.254 17.292 17.282 17.279 17.322 17.337 17.317 17.274 17.324 17.289 17.314 17.312 17.299 17.307 17.274 17.307 17.292 17.324 17.302
16.956 16.949 16.939 16.941 16.954 16.969 16.944 16.939 16.954 16.971 17.006 17.034 17.059 17.071 17.054 17.124 17.124 17.136 17.119 17.156 17.171 17.179 17.181 17.189 17.181 17.194 17.186 17.179 17.176 17.166 17.176 17.179 17.214 17.184 17.186 17.151 17.176 17.166 17.166 17.149 17.186 17.179 17.196 17.184 17.171 17.174 17.166 17.201 17.204 17.214 17.234 17.244 17.239 17.229 17.247 17.292 17.279 17.304 17.334 17.299 17.312 17.319 17.289 17.314 17.327 17.302 17.317 17.279 17.269 17.272 17.317 17.332
16.894 16.869 16.884 16.886 16.914 16.921 16.911 16.939 16.926 16.944 16.954 16.974 17.001 17.029 17.044 17.064 17.084 17.076 17.106 17.151 17.154 17.156 17.139 17.151 17.144 17.139 17.161 17.151 17.154 17.164 17.176 17.136 17.166 17.156 17.169 17.151 17.146 17.144 17.156 17.151 17.154 17.141 17.164 17.146 17.154 17.156 17.179 17.169 17.211 17.229 17.239 17.254 17.244 17.284 17.262 17.284 17.299 17.309 17.329 17.337 17.334 17.347 17.304 17.367 17.289 17.334 17.327 17.309 17.332 17.312 17.359 17.337
16.826 16.824 16.826 16.854 16.839 16.864 16.864 16.869 16.871 16.884 16.891 16.921 16.936 16.946 17.001 17.019 17.014 17.036 17.091 17.109 17.136 17.101 17.114 17.119 17.141 17.144 17.144 17.139 17.121 17.124 17.146 17.129 17.164 17.139 17.171 17.146 17.144 17.156 17.141 17.144 17.149 17.139 17.159 17.146 17.156 17.166 17.159 17.179 17.201 17.234 17.227 17.229 17.252 17.284 17.269 17.317 17.304 17.337 17.382 17.339 17.347 17.339 17.354 17.342 17.347 17.359 17.372 17.362 17.379 17.342 17.354 17.352
16.734 16.749 16.749 16.771 16.779 16.826 16.791 16.789 16.821 16.831 16.824 16.851 16.886 16.906 16.936 16.956 16.964 16.996 17.034 17.076 17.086 17.046 17.089 17.121 17.091 17.106 17.101 17.116 17.124 17.114 17.124 17.129 17.119 17.146 17.166 17.161 17.154 17.149 17.161 17.156 17.174 17.164 17.146 17.161 17.171 17.151 17.159 17.196 17.236 17.244 17.264 17.284 17.277 17.297 17.267 17.279 17.289 17.319 17.327 17.317 17.337 17.332 17.307 17.312 17.339 17.322 17.332 17.344 17.324 17.319 17.357 17.324
16.654 16.664 16.701 16.691 16.691 16.709 16.729 16.716 16.754 16.779 16.754 16.786 16.821 16.851 16.836 16.876 16.901 16.964 16.944 16.999 17.026 17.039 17.046 17.071 17.056 17.099 17.091 17.109 17.114 17.114 17.121 17.124 17.134 17.139 17.114 17.131 17.119 17.126 17.099 17.099 17.101 17.134 17.139 17.134 17.131 17.141 17.116 17.144 17.176 17.194 17.179 17.207 17.229 17.212 17.209 17.212 17.237 17.269 17.289 17.272 17.279 17.264 17.242 17.249 17.274 17.274 17.282 17.292 17.294 17.292 17.332 17.319
16.586 16.606 16.614 16.631 16.661 16.661 16.664 16.691 16.701 16.669 16.721 16.721 16.729 16.796 16.814 16.841 16.841 16.906 16.924 16.946 16.986 16.996 17.001 17.001 17.036 17.021 17.019 17.006 17.031 17.036 17.054 17.039 17.041 17.039 17.046 17.054 17.014 17.034 17.036 17.066 17.051 17.074 17.044 17.066 17.054 17.061 17.066 17.089 17.106 17.126 17.164 17.189 17.154 17.194 17.192 17.177 17.202 17.249 17.269 17.239 17.234 17.229 17.222 17.237 17.272 17.242 17.242 17.259 17.244 17.294 17.284 17.322
16.519 16.541 16.561 16.554 16.576 16.584 16.594 16.574 16.594 16.611 16.621 16.641 16.651 16.714 16.751 16.776 16.831 16.814 16.811 16.846 16.901 16.909 16.921 16.911 16.936 16.924 16.944 16.964 16.944 16.989 17.004 16.999 17.004 17.011 17.004 17.009 16.986 16.994 16.966 16.971 16.976 17.009 17.009 17.016 16.999 17.014 17.026 17.044 17.056 17.069 17.112 17.122 17.144 17.137 17.159 17.132 17.144 17.187 17.207 17.192 17.239 17.229 17.189 17.197 17.209 17.217 17.232 17.224 17.227 17.252 17.252 17.279
16.416 16.466 16.411 16.481 16.479 16.474 16.481 16.499 16.466 16.509 16.509 16.526 16.534 16.571 16.614 16.649 16.701 16.744 16.769 16.804 16.786 16.794 16.821 16.831 16.864 16.881 16.879 16.899 16.906 16.914 16.946 16.939 16.956 16.954 16.931 16.941 16.926 16.916 16.931 16.954 16.956 16.976 16.999 16.991 16.986 16.989 16.961 17.026 17.049 17.036 17.094 17.104 17.104 17.112 17.122 17.124 17.147 17.129 17.169 17.152 17.204 17.184 17.159 17.164 17.182 17.194 17.212 17.217 17.197 17.239 17.242 17.269
16.311 16.366 16.346 16.391 16.404 16.371 16.361 16.364 16.391 16.406 16.386 16.396 16.409 16.496 16.519 16.586 16.644 16.611 16.671 16.721 16.736 16.756 16.809 16.794 16.794 16.829 16.836 16.869 16.884 16.874 16.884 16.921 16.909 16.909 16.894 16.889 16.904 16.896 16.926 16.924 16.901 16.926 16.944 16.956 16.941 16.929 16.941 16.954 16.986 17.006 17.029 17.017 17.049 17.072 17.084 17.062 17.079 17.084 17.127 17.147 17.102 17.134 17.159 17.157 17.182 17.174 17.179 17.157 17.199 17.202 17.184 17.212
16.156 16.209 16.241 16.264 16.294 16.299 16.311 16.314 16.316 16.336 16.319 16.374 16.401 16.401 16.466 16.511 16.529 16.574 16.634 16.679 16.709 16.709 16.686 16.754 16.774 16.804 16.801 16.809 16.809 16.839 16.844 16.879 16.911 16.871 16.824 16.864 16.899 16.861 16.914 16.906 16.901 16.914 16.891 16.899 16.896 16.914 16.891 16.916 16.954 16.899 17.002 16.987 17.024 17.017 17.014 16.999 17.054 17.049 17.064 17.042 17.067 17.089 17.094 17.119 17.124 17.147 17.124 17.162 17.154 17.194 17.182 17.184
16.126 16.224 16.214 16.239 16.231 16.214 16.264 16.229 16.266 16.279 16.301 16.309 16.379 16.406 16.446 16.484 16.529 16.559 16.579 16.649 16.641 16.634 16.664 16.724 16.724 16.744 16.771 16.781 16.776 16.794 16.839 16.896 16.874 16.841 16.864 16.856 16.861 16.884 16.861 16.866 16.861 16.896 16.881 16.869 16.859 16.856 16.854 16.899 16.934 16.919 16.967 16.942 16.989 16.979 16.979 17.009 17.014 17.054 17.042 17.042 17.002 17.049 17.064 17.097 17.057 17.092 17.077 17.114 17.087 17.132 17.167 17.154
16.144 16.171 16.184 16.194 16.194 16.184 16.179 16.216 16.214 16.196 16.219 16.274 16.331 16.394 16.379 16.446 16.474 16.509 16.536 16.609 16.606 16.624 16.689 16.729 16.726 16.776 16.764 16.786 16.809 16.811 16.834 16.836 16.806 16.829 16.836 16.781 16.814 16.804 16.859 16.866 16.879 16.859 16.849 16.856 16.886 16.884 16.869 16.921 16.926 16.939 16.939 16.974 16.967 16.974 16.972 16.974 16.982 16.957 16.972 16.982 16.984 17.037 17.049 17.029 17.057 17.069 17.079 17.102 17.122 17.132 17.197 17.247
16.036 16.071 16.101 16.121 16.141 16.161 16.156 16.206 16.194 16.201 16.241 16.284 16.309 16.359 16.369 16.376 16.406 16.464 16.501 16.531 16.581 16.569 16.629 16.664 16.679 16.711 16.749 16.749 16.771 16.754 16.774 16.816 16.811 16.841 16.816 16.834 16.804 16.806 16.819 16.879 16.871 16.899 16.891 16.839 16.849 16.889 16.894 16.906 16.961 16.954 16.972 16.989 17.009 17.022 16.987 17.044 16.989 16.987 16.977 16.987 16.979 16.977 16.984 17.014 17.047 17.052 17.082 17.087 17.139 17.144 17.189 17.172
15.979 16.009 16.021 16.079 16.069 16.106 16.084 16.111 16.141 16.146 16.209 16.234 16.271 16.346 16.384 16.416 16.444 16.476 16.511 16.541 16.531 16.556 16.599 16.621 16.681 16.726 16.726 16.746 16.734 16.769 16.779 16.789 16.814 16.771 16.754 16.749 16.739 16.771 16.781 16.826 16.839 16.841 16.829 16.824 16.846 16.831 16.869 16.894 16.899 16.899 16.964 16.992 16.994 16.992 16.957 16.937 16.977 16.964 16.947 16.952 16.937 16.924 16.967 16.964 16.992 16.999 17.037 17.049 17.112 17.152 17.204 17.209
15.876 15.911 15.896 15.914 15.891 15.994 16.251 17.261 16.291 16.264 16.306 16.419 16.306 16.414 16.574 16.499 16.574 16.634 16.579 16.521 16.614 16.636 16.624 16.579 16.689 16.661 16.681 16.734 16.734 16.781 16.774 16.816 16.794 16.791 16.866 16.864 16.829 16.871 16.861 16.849 16.884 16.871 16.821 16.811 16.819 16.874 16.911 16.906 16.939 16.946 16.942 16.942 16.952 16.939 16.929 16.917 16.927 16.874 16.809 16.819 16.822 16.852 16.837 16.872 16.937 16.934 16.992 17.002 17.052 17.077 17.099 17.124
18.019 16.349 15.839 15.721 15.686 15.876 17.429 18.269 17.699 16.416 16.249 16.271 16.384 16.539 16.841 17.151 16.971 16.756 16.709 16.711 16.711 16.931 16.726 16.801 16.806 16.841 16.914 16.929 17.124 17.196 17.439 17.646 17.399 16.899 16.956 16.894 17.206 16.906 16.889 17.079 16.876 16.894 17.561 16.874 16.906 16.889 16.926 16.961 16.921 16.966 17.054 17.017 17.052 17.034 16.942 16.869 16.954 16.864 16.857 16.824 16.799 16.754 16.857 16.839 16.932 16.962 16.987 17.052 17.062 17.084 17.119 17.124
17.186 15.956 15.544 15.476 15.559 15.696 15.834 15.881 15.881 15.906 15.931 16.019 16.071 16.106 16.141 16.169 16.204 16.256 16.319 16.356 16.356 16.409 16.429 16.431 16.421 16.414 16.469 16.524 16.616 17.101 17.699 16.721 16.834 16.706 17.081 17.636 17.511 16.946 17.149 18.419 17.279 18.246 19.529 17.184 17.064 17.016 17.074 17.074 17.134 17.569 18.007 17.347 17.209 17.269 17.214 17.234 17.329 18.092 17.324 17.139 17.289 17.267 17.029 16.919 16.914 17.019 17.042 17.102 17.099 17.227 17.099 17.092
