All_lidar/sz5593_DSM_2M.asc
ncols 500
nrows 500
xllcorner    455000
yllcorner    93000
cellsize     2
NODATA_value -9999
[rows 396 to 428 of 500, columns 228 to 303 of 500]
1.767 0.672 0.089 -0.123 -0.236 -0.301 -0.368 -0.393 -0.418 -0.268 -0.294 -0.536 -0.573 -0.426 -0.218 -0.155 -0.285 -0.299 -0.311 -0.347 -0.312 -0.196 -0.059 0.044 0.174 0.234 0.3 0.454 0.541 0.644 0.736 0.757 0.927 0.983 0.966 1.152 1.237 1.132 1.06 1.07 1.155 0.997 1.107 1.12 1.115 1.082 1.155 1.067 1.075 0.977 1.045 1.055 1.152 1.132 1.087 1.055 1.03 1.097 1.05 1.137 1.062 1.052 1.087 1.05 1.092 1.01 1.03 1.075 1.02 1.04 1.025 1.077 1.07 1.08 1.025 1.037
1.047 0.189 -0.021 -0.156 -0.221 -0.281 -0.306 -0.331 -0.351 -0.198 -0.285 -0.511 -0.566 -0.382 -0.219 -0.354 -0.479 -0.503 -0.564 -0.599 -0.522 -0.312 -0.184 -0.041 0.089 0.197 0.261 0.41 0.53 0.663 0.779 0.793 0.883 1.054 1.13 1.206 1.076 1.133 1.11 1.075 1.11 1.09 1.097 1.005 1.005 1.032 1.032 1.045 1.092 1.167 1.13 1.037 1.02 1.032 1.055 1.032 1.135 1.07 1.05 1.107 1.13 1.1 1.12 1.115 1.11 1.085 1.095 1.087 1.032 1.125 1.092 1.1 1.005 1.062 1.097 1.057
0.519 0.114 -0.068 -0.158 -0.193 -0.251 -0.323 -0.336 -0.361 -0.202 -0.161 -0.292 -0.326 -0.408 -0.446 -0.47 -0.713 -0.768 -0.793 -0.881 -0.635 -0.457 -0.276 -0.123 -0.009 0.139 0.281 0.369 0.518 0.607 0.739 0.805 1.076 1.1 1.158 1.202 1.24 1.189 1.132 1.125 1.05 1.07 1.137 1.032 1.122 1.035 1.047 1.08 1.04 1.127 1.065 1.035 1.067 1.115 1.01 1.13 1.062 1.115 1.047 1.04 1.057 1.057 1.087 1.06 1.012 1.065 1.035 1.077 1.015 1.1 1.035 1.105 1.102 1.027 1.03 1.067
0.182 0.049 -0.026 -0.136 -0.161 -0.241 -0.323 -0.336 -0.371 -0.408 -0.241 -0.501 -0.576 -0.631 -0.643 -0.523 -0.786 -0.811 -0.843 -0.941 -0.813 -0.532 -0.344 -0.198 -0.003 0.101 0.268 0.341 0.479 0.611 0.743 0.833 1.059 1.153 1.195 1.279 1.337 1.281 1.195 1.047 1.077 1.202 1.185 1.085 1.022 1.117 1.077 1.06 1.005 1.135 1.105 1.062 1.145 1.135 1.14 1.14 1.055 1.152 1.105 1.07 1.087 1.122 1.152 1.13 1.1 1.057 1.065 1.042 1.04 1.077 1.047 1.107 1.062 1.085 1.045 1.07
0.087 -0.018 -0.098 -0.153 -0.231 -0.311 -0.368 -0.401 -0.443 -0.299 -0.356 -0.583 -0.668 -0.748 -0.781 -0.592 -0.846 -0.898 -0.685 -0.946 -0.868 -0.596 -0.379 -0.204 0.009 0.166 0.226 0.331 0.514 0.67 0.76 0.902 1.053 1.178 1.266 1.384 1.367 1.303 1.176 0.994 1.134 1.082 1.174 1.094 1.064 1.079 1.092 0.997 1.039 1.047 1.127 1.079 1.059 1.142 1.194 1.134 1.072 1.062 1.067 1.057 1.077 1.047 1.154 1.062 1.037 1.064 1.079 0.989 0.979 1.027 1.109 1.079 1.022 1.042 1.049 1.037
-0.016 -0.083 -0.161 -0.223 -0.311 -0.383 -0.396 -0.458 -0.546 -0.413 -0.511 -0.746 -0.786 -0.783 -0.613 -0.586 -0.68 -0.659 -0.751 -0.74 -0.692 -0.717 -0.554 -0.424 0.009 0.132 0.251 0.36 0.531 0.635 0.79 0.969 1.021 1.107 1.247 1.334 1.415 1.471 1.288 1.102 1.081 1.007 1.067 1.117 1.104 1.147 1.072 1.052 1.079 1.144 1.122 1.057 1.082 1.129 1.184 1.079 1.099 1.092 1.092 1.052 1.077 1.009 1.034 1.074 1.057 1.062 1.072 1.107 1.044 1.037 1.017 1.087 1.029 1.012 1.037 1.052
-0.173 -0.226 -0.311 -0.348 -0.413 -0.508 -0.568 -0.608 -0.716 -0.758 -0.575 -0.618 -0.622 -0.652 -0.579 -0.541 -0.605 -0.838 -0.928 -0.773 -0.981 -0.819 -0.602 -0.49 -0.108 0.087 0.188 0.282 0.492 0.587 0.758 0.935 1.064 1.187 1.225 1.308 1.493 1.388 1.293 1.242 1.165 1.059 1.097 1.094 1.104 1.087 1.019 1.122 1.064 1.079 1.062 0.984 1.154 1.132 1.099 1.099 1.064 1.107 1.124 1.132 1.112 1.049 1.147 1.082 1.054 1.049 1.014 1.039 1.077 1.029 1.047 1.099 1.049 1.039 1.039 1.022
-0.306 -0.381 -0.481 -0.486 -0.556 -0.606 -0.688 -0.696 -0.768 -0.786 -0.828 -0.868 -0.858 -0.843 -0.616 -0.689 -0.933 -0.941 -0.963 -1.043 -1.108 -0.932 -0.719 -0.6 -0.263 -0.108 0.077 0.245 0.431 0.56 0.745 0.952 1.079 1.17 1.344 1.437 1.463 1.455 1.366 1.259 1.113 1.153 1.047 1.132 1.029 1.069 1.082 1.087 1.092 1.132 1.202 1.134 1.129 1.172 1.044 1.082 1.027 0.994 1.092 1.044 1.099 1.079 1.057 1.079 1.024 1.072 1.042 1.004 1.097 1.102 1.039 1.112 1.022 1.122 1.137 0.977
-0.371 -0.488 -0.533 -0.596 -0.653 -0.696 -0.728 -0.753 -0.808 -0.816 -0.846 -0.868 -0.873 -0.891 -0.868 -0.873 -0.903 -0.966 -0.943 -0.961 -0.988 -0.886 -0.828 -0.622 -0.384 -0.201 0.051 0.207 0.403 0.531 0.743 0.918 1.08 1.232 1.292 1.415 1.505 1.416 1.249 1.242 1.239 1.117 1.182 1.092 1.072 1.184 1.187 1.184 1.152 1.052 1.044 1.132 1.077 1.094 1.052 1.099 1.057 1.099 1.097 1.127 1.099 0.997 1.132 1.042 1.039 1.089 1.014 1.039 1.037 1.047 1.059 1.119 1.037 1.082 1.114 1.049
-0.451 -0.541 -0.616 -0.661 -0.708 -0.748 -0.768 -0.791 -0.823 -0.858 -0.846 -0.918 -0.871 -0.841 -0.873 -0.881 -0.881 -0.896 -0.903 -0.946 -0.998 -1.008 -0.839 -0.666 -0.545 -0.306 -0.049 0.134 0.365 0.572 0.747 0.919 1.09 1.16 1.309 1.558 1.601 1.463 1.371 1.278 1.183 1.12 1.139 1.074 1.147 1.159 1.104 1.122 1.182 1.014 1.017 1.094 1.082 1.089 1.102 1.032 1.044 1.087 1.052 1.099 1.024 1.047 1.044 1.099 1.017 1.064 1.042 1.062 1.092 1.072 1.049 1.022 1.069 1.009 1.009 1.049
-0.498 -0.583 -0.631 -0.648 -0.696 -0.738 -0.781 -0.841 -0.853 -0.876 -0.886 -0.926 -0.956 -0.893 -0.908 -0.931 -0.948 -1.103 -1.088 -1.126 -1.063 -0.887 -0.833 -0.861 -0.738 -0.597 -0.063 0.156 0.319 0.496 0.684 0.91 1.095 1.262 1.368 1.491 1.577 1.46 1.356 1.395 1.335 1.171 1.114 1.067 1.064 1.142 1.074 1.037 1.109 1.162 1.084 1.129 1.057 1.012 1.187 1.122 1.112 1.107 1.059 1.027 1.062 1.034 1.102 1.017 1.072 1.069 1.072 1.059 1.027 1.064 1.089 1.039 1.032 1.052 1.012 1.047
-0.476 -0.568 -0.568 -0.608 -0.646 -0.716 -0.736 -0.758 -0.816 -0.828 -0.866 -0.891 -0.941 -0.968 -1.026 -1.018 -1.048 -1.058 -1.043 -0.956 -0.776 -0.733 -0.598 -0.656 -0.532 -0.042 0.081 0.237 0.457 0.696 0.807 0.877 1.04 1.273 1.446 1.508 1.608 1.505 1.365 1.34 1.338 1.181 1.187 1.044 1.007 1.029 1.084 1.029 0.994 1.177 1.064 0.997 1.122 1.127 1.167 1.094 1.057 1.152 1.069 1.069 1.079 1.079 1.017 1.077 1.092 1.114 1.112 1.134 1.022 1.044 1.139 1.014 1.012 1.049 1.059 1.014
-0.466 -0.526 -0.538 -0.596 -0.603 -0.656 -0.696 -0.723 -0.738 -0.746 -0.801 -0.848 -0.868 -0.861 -0.718 -0.745 -0.68 -0.688 -0.938 -0.802 -0.751 -0.536 -0.402 -0.242 -0.122 0.035 0.239 0.393 0.548 0.724 0.861 0.971 1.118 1.256 1.435 1.56 1.518 1.458 1.399 1.256 1.182 1.139 1.075 1.179 1.117 1.089 1.047 1.072 1.052 1.042 1.204 1.092 1.087 1.054 1.137 1.042 1.089 1.054 1.129 1.064 1.057 0.992 1.092 1.082 1.024 1.119 1.069 1.057 1.124 1.047 1.099 1.094 1.092 1.092 1.052 1.132
-0.478 -0.536 -0.561 -0.593 -0.618 -0.633 -0.648 -0.691 -0.743 -0.776 -0.816 -0.823 -0.863 -0.943 -0.707 -0.517 -0.516 -0.613 -0.778 -0.713 -0.528 -0.384 -0.246 -0.121 0.037 0.158 0.316 0.47 0.571 0.792 0.898 1.035 1.182 1.28 1.44 1.636 1.556 1.559 1.452 1.347 1.336 1.201 1.066 1.069 0.967 1.107 1.097 1.197 1.172 1.117 1.112 1.127 1.109 1.117 1.109 1.084 1.054 1.162 1.072 1.052 1.032 1.089 1.099 1.062 1.017 1.039 0.974 1.064 1.092 1.052 1.024 1.047 1.057 1.044 1.054 1.032
-0.453 -0.496 -0.516 -0.558 -0.611 -0.601 -0.613 -0.688 -0.718 -0.788 -0.813 -0.836 -0.626 -0.661 -0.614 -0.426 -0.267 -0.437 -0.528 -0.471 -0.345 -0.188 -0.065 0.032 0.124 0.313 0.446 0.612 0.744 0.87 0.954 1.161 1.283 1.375 1.463 1.613 1.637 1.555 1.486 1.424 1.346 1.274 1.167 1.069 1.064 1.212 1.134 1.179 1.104 1.062 1.082 1.114 1.027 1.139 1.079 1.027 1.067 1.107 1.129 1.059 1.084 1.114 1.039 1.027 1.052 1.064 1.059 1.072 1.159 1.007 1.047 1.059 1.047 1.097 1.134 1.062
-0.438 -0.476 -0.506 -0.581 -0.593 -0.608 -0.616 -0.648 -0.666 -0.546 -0.773 -0.771 -0.811 -0.61 -0.436 -0.228 -0.077 -0.226 -0.302 -0.281 -0.174 -0.014 0.117 0.251 0.358 0.384 0.652 0.755 0.877 1.018 1.19 1.245 1.368 1.546 1.676 1.696 1.65 1.578 1.507 1.472 1.362 1.268 1.109 1.044 1.054 1.202 1.109 1.147 1.054 0.967 1.117 1.062 1.117 1.124 1.057 1.079 1.027 1.102 1.109 1.067 1.119 1.027 1.094 1.169 1.139 1.147 1.044 1.037 1.062 1.154 1.052 1.027 1.009 1.067 1.047 1.062
-0.438 -0.491 -0.561 -0.566 -0.598 -0.626 -0.638 -0.666 -0.686 -0.716 -0.743 -0.793 -0.623 -0.543 -0.367 -0.18 0.004 -0.029 -0.07 -0.053 -0 0.134 0.29 0.395 0.501 0.727 0.809 0.98 1.085 1.211 1.322 1.467 1.65 1.643 1.732 1.703 1.597 1.54 1.482 1.397 1.321 1.125 1.099 1.057 1.077 1.129 1.052 1.154 1.097 1.057 1.069 1.054 1.069 1.039 1.094 1.092 1.102 1.172 1.117 1.054 1.134 1.074 1.012 1.087 1.039 1.114 1.127 1.049 1.049 1.122 1.072 1.052 1.027 0.994 1.047 0.999
-0.458 -0.541 -0.626 -0.598 -0.628 -0.626 -0.643 -0.696 -0.691 -0.783 -0.813 -0.589 -0.517 -0.388 -0.286 -0.137 0.034 0.16 0.138 0.159 0.219 0.34 0.434 0.597 0.668 0.844 1.1 1.249 1.334 1.411 1.517 1.566 1.73 1.773 1.806 1.696 1.638 1.542 1.55 1.418 1.367 1.23 1.141 1.099 1.029 1.099 1.102 1.254 1.084 1.097 1.077 1.069 1.149 1.089 1.157 1.202 1.117 1.049 1.048 1.151 1.148 1.087 1.155 1.223 1.172 1.179 1.107 1.078 1.119 1.098 1.044 1.084 1.002 1.152 1.059 1.052
-0.541 -0.571 -0.626 -0.658 -0.713 -0.5 -0.524 -0.534 -0.574 -0.816 -0.868 -0.614 -0.443 -0.332 -0.179 -0.05 0.094 0.299 0.295 0.278 0.434 0.493 0.558 0.702 0.813 0.964 1.213 1.374 1.442 1.588 1.756 1.696 1.788 1.905 1.872 1.753 1.665 1.55 1.489 1.369 1.254 1.289 1.17 1.117 1.097 1.112 1.042 1.144 1.142 1.082 1.097 1.004 1.128 1.103 1.167 1.295 1.162 1.12 1.097 1.227 1.201 1.228 1.264 1.244 1.282 1.222 1.211 1.215 1.166 1.178 1.204 1.064 1.104 1.042 1.082 1.147
-0.623 -0.653 -0.476 -0.494 -0.561 -0.497 -0.405 -0.39 -0.534 -0.681 -0.668 -0.627 -0.49 -0.322 -0.152 0.048 0.155 0.296 0.469 0.475 0.529 0.632 0.728 0.812 0.904 1.049 1.255 1.33 1.522 1.654 1.767 1.829 1.911 1.929 1.82 1.723 1.67 1.567 1.469 1.407 1.301 1.203 1.156 1.252 1.254 1.176 1.155 1.159 1.24 1.188 1.115 1.097 1.099 1.315 1.18 1.28 1.245 1.234 1.218 1.291 1.307 1.294 1.287 1.285 1.301 1.34 1.279 1.285 1.213 1.202 1.157 1.181 1.079 1.069 1.039 1.024
-0.758 -0.82 -0.607 -0.367 -0.432 -0.411 -0.316 -0.323 -0.472 -0.569 -0.605 -0.568 -0.445 -0.314 -0.095 0.098 0.316 0.435 0.615 0.733 0.713 0.746 0.894 1.055 1.157 1.175 1.295 1.478 1.643 1.769 1.754 1.926 1.885 1.859 1.768 1.713 1.668 1.591 1.491 1.377 1.283 1.116 1.202 1.293 1.284 1.414 1.232 1.257 1.265 1.297 1.285 1.19 1.232 1.329 1.254 1.284 1.337 1.3 1.29 1.316 1.434 1.331 1.404 1.429 1.402 1.387 1.372 1.331 1.334 1.263 1.256 1.255 1.123 1.144 1.048 1.054
-0.863 -0.929 -0.735 -0.556 -0.353 -0.294 -0.224 -0.2 -0.315 -0.411 -0.415 -0.374 -0.285 -0.142 0.053 0.221 0.421 0.643 0.809 0.997 1.068 1.102 1.188 1.214 1.304 1.414 1.55 1.618 1.768 1.856 1.88 1.87 1.829 1.863 1.773 1.666 1.549 1.519 1.375 1.314 1.253 1.287 1.301 1.314 1.269 1.388 1.374 1.403 1.32 1.354 1.328 1.294 1.357 1.319 1.332 1.375 1.404 1.408 1.417 1.448 1.422 1.469 1.517 1.479 1.45 1.434 1.485 1.41 1.433 1.41 1.307 1.276 1.238 1.177 1.138 1.047
-0.928 -0.947 -0.809 -0.598 -0.378 -0.182 -0.037 0.037 -0.084 -0.108 -0.157 -0.129 -0.046 0.05 0.241 0.371 0.566 0.766 0.958 1.159 1.303 1.3 1.344 1.485 1.647 1.633 1.686 1.845 1.915 2.044 1.967 1.789 1.758 1.741 1.73 1.612 1.535 1.522 1.504 1.486 1.354 1.368 1.31 1.303 1.385 1.417 1.436 1.425 1.314 1.393 1.458 1.402 1.363 1.44 1.5 1.451 1.458 1.541 1.501 1.479 1.554 1.502 1.55 1.533 1.543 1.484 1.528 1.485 1.487 1.462 1.396 1.36 1.271 1.262 1.188 1.124
-0.942 -0.938 -0.804 -0.645 -0.472 -0.243 -0.234 -0.169 -0.044 0.079 0.1 0.076 0.209 0.263 0.278 0.471 0.661 0.905 1.038 1.245 1.434 1.486 1.519 1.643 1.709 1.839 1.914 1.99 2.019 2.029 1.934 1.802 1.727 1.702 1.643 1.621 1.603 1.563 1.545 1.499 1.52 1.451 1.5 1.397 1.456 1.551 1.543 1.447 1.446 1.519 1.509 1.504 1.441 1.489 1.525 1.6 1.593 1.561 1.53 1.577 1.666 1.674 1.654 1.631 1.644 1.593 1.587 1.549 1.555 1.549 1.459 1.402 1.363 1.34 1.23 1.214
-0.934 -0.939 -0.825 -0.689 -0.541 -0.521 -0.524 -0.437 -0.303 -0.159 0.088 0.259 0.385 0.534 0.543 0.662 0.846 1.039 1.142 1.398 1.591 1.666 1.768 1.933 1.985 2.154 2.078 2.14 2.134 2.047 1.936 1.845 1.771 1.746 1.752 1.726 1.573 1.648 1.597 1.546 1.581 1.593 1.523 1.498 1.485 1.618 1.597 1.579 1.549 1.557 1.559 1.633 1.564 1.575 1.589 1.62 1.63 1.679 1.668 1.685 1.684 1.7 1.742 1.724 1.724 1.699 1.67 1.633 1.608 1.581 1.534 1.46 1.376 1.361 1.307 1.21
-0.929 -0.945 -0.85 -0.723 -0.707 -0.725 -0.717 -0.646 -0.502 -0.325 -0.081 0.146 0.344 0.585 0.757 0.876 0.993 1.135 1.331 1.528 1.655 1.813 1.981 2.041 2.17 2.352 2.304 2.171 2.15 2.026 1.899 1.803 1.794 1.798 1.862 1.804 1.805 1.721 1.656 1.704 1.65 1.659 1.528 1.538 1.589 1.664 1.73 1.642 1.681 1.697 1.715 1.667 1.563 1.671 1.709 1.697 1.723 1.789 1.75 1.733 1.788 1.769 1.789 1.883 1.788 1.784 1.81 1.736 1.709 1.601 1.61 1.526 1.464 1.408 1.333 1.31
-0.858 -0.852 -0.83 -0.751 -0.841 -0.885 -0.893 -0.823 -0.687 -0.488 -0.229 0.055 0.281 0.547 0.765 0.93 1.127 1.296 1.487 1.613 1.739 2.085 2.173 2.27 2.294 2.299 2.245 2.104 2.118 2 1.937 1.917 1.866 1.895 1.907 1.895 1.816 1.783 1.702 1.699 1.718 1.739 1.613 1.734 1.755 1.752 1.863 1.772 1.704 1.748 1.744 1.746 1.728 1.641 1.702 1.806 1.832 1.846 1.827 1.858 1.781 1.883 1.865 1.87 1.897 1.971 1.939 1.87 1.809 1.694 1.629 1.602 1.532 1.415 1.384 1.31
-0.87 -0.843 -0.889 -0.871 -0.911 -1.023 -1.038 -0.921 -0.783 -0.576 -0.336 -0.055 0.277 0.532 0.755 0.938 1.186 1.407 1.593 1.723 1.875 2.147 2.212 2.302 2.304 2.309 2.237 2.16 2.239 2.039 1.928 1.956 1.912 1.962 2.076 1.994 1.92 1.868 1.758 1.728 1.748 1.779 1.708 1.706 1.752 1.849 1.853 1.833 1.845 1.83 1.875 1.832 1.777 1.778 1.838 1.83 1.994 1.951 1.913 1.829 1.897 1.932 1.918 1.983 2.013 2.01 1.935 1.856 1.817 1.744 1.677 1.653 1.584 1.5 1.381 1.345
-0.896 -0.908 -0.972 -0.926 -0.94 -1.026 -1.047 -0.95 -0.822 -0.649 -0.426 -0.16 0.15 0.516 0.712 0.906 1.113 1.305 1.563 1.748 2.008 2.27 2.382 2.309 2.249 2.422 2.389 2.261 2.08 2.057 1.99 2.129 2.092 2.217 2.079 2.012 1.926 1.915 1.897 1.835 1.813 1.83 1.815 1.748 1.853 1.851 1.877 1.895 1.891 1.919 1.883 1.87 1.823 1.827 1.873 1.883 1.933 2.113 1.946 1.923 1.949 2.033 2.012 2.018 2.029 2.102 2.019 1.955 1.897 1.806 1.721 1.717 1.627 1.494 1.431 1.375
-0.951 -0.928 -0.979 -1.019 -1.047 -0.975 -0.968 -0.914 -0.813 -0.692 -0.501 -0.238 0.018 0.407 0.711 0.882 1.104 1.338 1.686 1.812 2.049 2.317 2.289 2.257 2.329 2.279 2.337 2.284 2.239 2.076 2.088 2.133 2.152 2.113 2.081 2.058 2.061 1.912 1.992 1.923 1.89 1.843 1.816 1.87 1.977 2.033 2.024 1.943 2.004 1.995 2 1.921 1.905 1.918 1.932 1.986 2.099 2.089 2.074 1.998 1.992 2.111 2.121 2.129 2.099 2.102 2.089 1.988 1.897 1.898 1.762 1.66 1.644 1.559 1.49 1.462
-0.989 -0.959 -0.995 -1.022 -1.041 -1.066 -0.998 -0.895 -0.798 -0.696 -0.541 -0.256 0.015 0.37 0.717 0.926 1.185 1.505 1.616 1.93 2.014 2.267 2.219 2.312 2.352 2.174 2.299 2.227 2.119 2.261 2.185 2.306 2.21 2.194 2.179 2.15 2.152 2.081 2.086 2.041 2.068 1.996 1.894 1.977 2.012 2.07 2.061 2.07 2.079 2.042 2.103 2.012 1.947 1.93 2.05 2.025 2.143 2.124 2.148 2.109 2.015 2.126 2.158 2.197 2.195 2.173 2.233 2.03 1.976 1.941 1.85 1.738 1.639 1.58 1.494 1.476
-1.084 -1.038 -1.054 -1.025 -1.103 -1.064 -1.003 -0.907 -0.834 -0.698 -0.538 -0.312 -0.012 0.349 0.717 0.989 1.263 1.427 1.644 1.921 2.234 2.407 2.284 2.247 2.277 2.184 2.359 2.235 2.174 2.235 2.303 2.266 2.352 2.344 2.25 2.22 2.141 2.105 2.214 2.084 2.085 2.059 1.928 2.083 2.151 2.157 2.125 2.156 2.131 2.141 2.114 2.119 2.007 1.993 2.099 2.136 2.23 2.298 2.204 2.118 2.005 2.08 2.206 2.259 2.257 2.219 2.168 2.059 1.986 1.967 1.836 1.742 1.659 1.554 1.506 1.459
-1.316 -1.233 -1.221 -1.176 -1.18 -1.178 -1.103 -1.039 -0.935 -0.8 -0.626 -0.401 -0.048 0.35 0.71 0.965 1.241 1.427 1.756 1.987 2.21 2.357 2.349 2.319 2.289 2.302 2.147 2.162 2.244 2.384 2.354 2.294 2.487 2.299 2.354 2.225 2.19 2.196 2.236 2.222 2.118 2.17 2.043 2.06 2.124 2.183 2.188 2.13 2.226 2.185 2.277 2.167 2.092 2.094 2.203 2.21 2.246 2.314 2.322 2.163 2.131 2.151 2.172 2.282 2.289 2.2 2.172 2.161 2.054 1.972 1.821 1.746 1.658 1.612 1.528 1.465
