All_lidar/sz5588_DSM_2M.asc
ncols 500
nrows 500
xllcorner    455000
yllcorner    88000
cellsize     2
NODATA_value -9999
[rows 128 to 159 of 500, columns 288 to 359 of 500]
39.183 38.283 35.251 34.461 40.343 39.113 40.578 38.736 35.066 33.048 37.416 31.391 28.956 40.221 41.376 40.536 41.933 41.051 39.828 36.598 38.366 37.878 36.741 40.746 41.521 39.926 42.463 41.343 42.446 36.441 38.716 37.473 33.596 30.518 34.838 40.293 36.721 37.316 35.806 40.518 39.938 30.651 37.896 41.488 39.908 39.488 33.388 28.316 32.221 38.136 38.518 39.261 38.783 38.398 37.611 31.476 29.786 32.838 38.548 39.683 39.661 36.206 30.036 30.793 26.136 26.076 26.838 31.258 30.931 36.476 40.088 40.813
39.988 37.953 32.708 33.088 37.641 39.456 41.663 40.203 39.458 41.903 39.541 33.583 30.596 36.451 40.481 40.878 39.938 36.991 38.988 39.333 39.088 40.048 32.118 32.271 42.273 45.078 38.601 36.851 39.628 37.876 37.843 41.183 40.353 40.706 38.548 40.243 40.036 38.226 34.816 36.811 37.478 31.421 36.861 37.983 36.916 35.576 30.296 29.018 34.793 39.433 37.311 38.758 34.811 38.928 41.508 31.221 29.733 36.536 35.668 34.748 43.453 37.168 33.013 38.236 32.083 30.791 33.288 26.458 29.753 37.943 39.293 37.746
39.926 38.176 33.111 34.011 37.406 40.748 41.688 37.743 38.821 43.283 42.393 41.686 38.031 29.511 36.231 41.133 40.703 40.693 35.863 41.533 39.763 39.533 37.663 35.223 41.016 45.323 41.326 41.938 44.128 37.526 36.466 37.763 38.228 40.141 42.121 40.058 39.386 37.861 35.791 34.763 41.453 41.896 38.471 37.428 33.871 35.906 28.901 28.418 39.283 38.963 40.218 37.503 33.836 39.433 41.758 37.981 34.773 41.156 42.511 39.071 40.156 42.496 41.108 39.616 30.898 30.338 35.818 28.961 32.763 39.178 40.798 36.443
40.996 39.981 35.328 35.536 35.756 32.856 37.831 41.131 40.303 39.618 40.971 43.001 41.201 29.781 31.313 40.421 41.738 40.963 39.068 42.128 40.991 37.558 36.498 37.703 40.488 40.328 41.606 41.206 44.516 40.351 38.543 39.558 40.463 39.893 37.618 35.938 38.053 38.513 39.968 40.466 43.833 41.661 39.848 32.873 32.601 40.726 35.598 32.808 38.866 40.018 38.753 37.966 38.546 40.843 39.568 36.078 38.286 42.343 38.291 39.428 37.603 38.258 42.411 41.468 34.403 31.901 35.531 27.911 35.431 38.441 39.996 38.311
41.453 36.866 36.371 39.768 35.793 29.393 34.686 41.456 41.226 39.791 39.276 41.961 40.766 32.338 33.176 42.803 40.416 37.581 35.336 38.881 40.458 39.263 32.051 34.408 35.628 40.613 35.368 37.691 40.228 38.776 36.506 38.898 38.911 38.018 37.733 37.271 36.598 36.781 39.698 37.548 38.193 40.873 38.563 38.603 40.826 38.451 42.641 35.151 35.891 39.031 37.018 34.693 37.508 39.698 38.476 39.631 38.296 41.676 37.998 41.508 39.258 39.291 33.663 41.103 36.721 38.108 37.083 29.538 29.333 35.036 38.161 36.023
40.156 38.996 37.916 38.256 31.281 30.491 35.618 41.346 37.986 40.093 37.786 41.616 41.713 37.438 36.496 38.611 41.758 42.283 38.848 32.078 37.368 38.961 39.103 33.376 36.666 39.288 30.958 31.281 35.331 36.001 37.623 41.193 39.703 40.248 40.481 40.436 38.758 38.161 38.073 35.466 40.028 41.613 38.023 40.728 38.756 37.338 35.321 33.063 30.596 39.238 41.011 42.261 37.828 37.898 36.913 38.273 37.958 37.603 39.468 35.108 39.611 39.606 39.453 41.638 39.893 39.756 39.278 34.821 29.411 32.448 38.408 38.041
34.001 35.583 41.196 41.891 34.091 33.683 36.728 41.716 42.638 40.923 34.653 34.191 39.058 41.628 40.393 42.888 39.443 40.548 42.063 35.733 29.248 31.918 38.136 36.308 41.723 41.438 36.281 34.663 35.913 36.323 37.111 40.721 39.871 41.051 38.071 37.901 39.708 39.366 32.986 27.971 41.186 41.146 39.928 42.231 38.123 34.256 29.901 28.146 27.611 36.153 39.476 40.743 39.946 37.348 36.716 35.703 37.398 36.673 36.426 37.108 41.191 40.216 39.953 38.451 37.468 38.538 38.758 37.236 35.676 35.253 38.901 39.643
36.653 38.393 40.908 37.971 36.561 36.843 39.938 40.761 41.346 39.771 34.188 28.861 33.581 35.876 39.268 44.456 42.643 36.731 33.326 37.901 33.158 32.343 36.616 34.961 36.531 42.176 41.913 42.361 41.931 39.768 39.916 38.941 38.683 40.158 40.646 41.466 36.448 38.586 31.903 32.898 34.218 41.478 41.241 41.473 37.753 32.701 33.563 28.506 27.591 28.793 35.586 41.633 32.878 40.363 36.848 44.228 41.118 39.023 40.063 41.886 38.726 42.213 40.008 41.178 37.338 36.471 36.513 39.606 37.346 38.813 37.131 38.443
34.941 39.363 38.926 31.183 30.188 41.071 41.663 37.701 37.961 42.193 39.218 31.113 29.891 30.896 30.053 43.801 43.081 42.678 35.936 33.848 38.976 38.811 39.911 42.053 35.258 37.438 40.836 43.091 41.003 34.876 39.261 39.183 35.991 38.206 34.703 42.118 37.623 37.048 29.516 32.608 40.183 38.628 40.778 40.013 35.171 28.421 28.046 29.396 36.818 34.541 35.331 42.751 41.866 37.726 39.406 46.046 43.038 40.513 38.586 40.228 43.293 41.356 37.458 36.318 37.168 34.466 27.293 39.098 40.113 39.371 38.741 38.488
39.673 38.358 38.593 32.701 30.501 31.826 40.178 42.393 42.648 38.763 41.751 36.701 29.431 35.456 35.706 39.186 41.693 43.266 38.416 28.773 37.953 42.686 43.211 41.898 40.536 39.908 35.833 38.221 37.456 30.383 37.236 41.021 40.496 39.286 38.336 39.588 38.376 34.943 33.296 31.558 41.151 40.708 39.803 40.288 34.181 27.801 27.776 27.768 32.843 41.578 41.661 41.458 41.648 38.393 41.493 45.298 41.601 36.846 39.471 34.926 39.726 39.563 38.921 35.943 39.056 42.148 37.378 39.331 38.268 35.428 36.701 31.066
40.223 38.368 42.263 42.313 39.541 36.628 38.013 43.436 43.456 41.518 39.046 32.153 36.761 39.026 41.676 41.691 41.421 40.898 40.873 30.476 33.176 41.043 40.721 36.728 37.516 43.743 40.926 40.241 35.343 35.596 32.983 40.348 41.171 39.831 42.246 37.123 39.586 38.371 39.891 34.156 41.621 40.806 37.718 40.118 33.691 27.868 29.741 33.563 30.041 40.048 38.903 39.728 39.781 41.046 39.738 36.638 37.113 38.016 39.196 36.721 40.013 40.636 41.346 37.118 35.226 40.926 40.408 40.626 39.213 38.001 35.218 34.021
42.646 36.193 36.181 39.876 41.311 43.241 39.271 45.138 40.503 40.681 36.858 33.123 38.446 41.203 40.326 41.978 41.708 36.271 40.933 41.121 33.258 40.378 37.176 32.348 30.618 37.506 38.048 39.318 38.751 38.053 29.576 34.098 38.401 39.221 41.808 41.866 36.826 41.496 35.548 39.226 39.876 40.871 41.186 41.888 34.878 28.461 28.893 38.298 36.363 33.363 36.081 39.283 38.678 40.741 44.406 38.478 39.328 37.938 38.133 43.448 41.828 40.701 41.791 41.121 33.976 39.678 40.076 39.423 37.711 37.593 37.496 37.801
42.566 42.801 37.303 34.071 35.708 40.711 42.798 44.473 44.133 43.333 38.646 33.571 36.306 42.093 39.018 43.448 40.238 43.851 41.023 42.088 40.868 41.718 40.426 38.056 36.136 32.973 33.883 37.258 37.896 32.733 31.673 31.848 31.133 32.683 39.788 41.721 38.091 35.276 36.233 38.833 39.273 39.328 42.113 39.556 35.646 29.836 28.078 37.171 39.358 37.033 33.243 38.021 36.323 36.313 41.633 39.743 38.853 39.591 37.626 34.056 39.986 39.561 40.428 40.608 37.806 39.168 40.128 38.328 37.103 38.508 38.361 35.813
43.956 40.381 41.963 38.166 30.871 41.076 43.911 43.498 42.781 42.081 42.793 37.751 31.663 40.873 41.296 42.866 43.548 44.373 42.103 37.713 38.101 42.003 41.428 36.743 40.556 36.788 33.013 39.696 41.443 40.521 39.523 40.153 31.178 28.751 33.603 37.933 38.841 33.091 30.396 40.188 36.221 31.548 38.923 39.328 31.483 28.533 31.686 31.928 35.406 36.551 34.763 32.288 34.996 33.276 36.756 40.548 38.541 35.008 39.593 36.773 39.136 38.716 39.743 39.836 38.298 38.858 41.001 37.581 36.748 39.861 35.553 27.231
43.798 40.076 42.841 42.386 37.418 42.351 44.793 43.143 41.776 37.861 41.206 39.016 35.701 35.226 38.973 43.203 43.138 41.798 40.171 35.531 32.436 38.886 41.041 41.203 42.088 37.341 29.743 30.741 37.543 35.563 38.046 40.948 37.833 31.826 33.053 31.478 36.173 35.316 32.931 34.616 31.196 34.888 37.278 39.661 31.981 33.248 41.473 33.381 29.046 30.111 35.431 33.648 37.131 36.523 37.696 39.671 39.991 38.683 40.341 37.648 36.878 31.876 37.291 40.998 40.196 37.921 40.183 39.541 34.181 39.948 39.031 37.823
41.733 39.698 42.146 43.523 37.658 38.643 44.128 42.801 39.931 43.903 42.163 39.951 39.483 41.393 41.911 44.256 43.271 43.336 42.668 38.498 33.413 39.988 41.626 37.666 41.358 33.921 29.133 36.438 30.198 32.786 30.906 36.806 41.388 42.396 37.463 30.703 33.203 33.396 31.948 29.113 30.838 38.226 39.218 35.403 30.543 30.538 37.538 39.136 32.783 28.103 34.403 39.263 40.106 40.803 39.906 38.693 38.366 39.998 36.358 39.361 40.611 40.931 35.656 39.188 40.426 39.756 39.556 39.241 31.983 39.333 39.156 35.273
45.333 35.648 38.161 42.566 36.193 38.051 39.708 40.143 42.246 44.043 42.871 32.858 35.248 41.411 45.031 44.148 43.066 44.033 42.161 36.166 30.988 35.691 36.393 38.611 40.201 39.851 35.406 38.036 37.588 30.313 31.031 33.513 43.486 42.643 39.308 30.738 35.256 39.808 38.416 31.121 35.861 37.323 36.738 29.761 28.218 28.731 30.161 37.841 41.131 37.646 34.881 35.426 39.803 42.678 39.978 38.736 39.328 37.761 37.478 40.163 39.638 40.046 38.676 32.543 39.666 37.598 37.823 38.623 36.631 34.011 37.368 37.156
42.511 34.688 41.933 36.981 36.513 39.121 39.191 37.253 41.898 43.886 43.868 37.838 32.671 39.523 43.498 44.018 42.363 39.496 41.418 36.466 33.308 36.596 35.308 41.196 34.846 40.916 39.941 37.421 41.493 31.728 32.438 38.903 38.936 42.606 40.201 31.458 32.861 41.608 40.241 41.583 37.986 38.993 37.683 29.051 28.268 28.246 31.558 38.348 40.658 39.376 37.678 34.693 38.713 41.871 37.331 37.623 41.416 38.306 34.963 41.031 40.161 39.876 38.308 37.381 39.518 38.723 38.368 38.398 37.973 30.918 30.041 36.026
36.483 32.658 38.768 35.513 34.696 37.846 40.798 37.036 36.481 42.883 42.733 41.333 34.493 42.453 44.116 44.683 43.521 40.543 39.818 39.248 34.118 36.701 37.598 40.398 38.958 35.463 43.648 42.718 39.936 36.266 37.141 42.741 41.836 40.551 43.286 37.621 29.348 33.206 37.918 37.821 43.833 37.003 38.418 30.433 28.366 28.328 33.468 43.336 40.663 38.536 37.008 39.096 34.863 37.903 39.801 40.336 39.233 40.116 30.341 31.808 39.836 38.701 38.566 37.051 38.048 37.781 38.011 37.581 36.981 33.421 28.743 34.841
39.968 35.558 35.113 36.158 36.751 40.091 44.273 44.163 42.743 43.088 42.186 36.661 40.583 41.798 44.241 41.906 39.021 38.776 39.376 41.723 34.623 37.373 42.173 41.188 41.273 32.446 41.771 40.673 37.478 35.536 39.331 42.973 42.398 43.483 41.368 36.568 30.436 31.083 40.061 41.938 41.561 40.236 38.406 31.668 28.408 28.353 30.711 39.091 40.706 35.673 40.466 38.373 38.178 40.051 41.341 39.366 37.741 38.093 32.771 27.423 35.696 39.068 40.076 40.306 39.053 35.743 38.111 34.006 35.296 37.318 31.291 34.673
37.453 35.336 36.513 41.641 40.551 37.963 42.691 44.003 40.803 42.061 35.328 37.818 41.663 42.206 42.161 40.931 36.476 33.216 34.696 39.261 43.266 43.738 39.218 39.168 42.263 34.733 37.221 40.458 38.951 40.716 38.663 42.346 42.943 39.906 34.578 32.398 29.591 31.153 40.748 41.343 42.626 41.678 36.753 31.351 28.478 28.391 28.663 31.176 37.758 41.081 40.618 39.201 36.621 38.673 39.713 37.346 30.676 44.676 40.856 35.743 31.208 37.266 40.581 40.913 37.366 39.463 36.528 36.203 38.876 38.386 35.828 34.876
41.351 37.571 42.136 44.558 42.986 37.956 38.976 42.011 43.123 41.576 36.801 36.186 41.763 42.826 41.811 44.983 42.196 38.603 29.673 32.563 43.411 43.381 42.521 38.988 39.671 42.491 35.198 34.826 35.486 41.571 41.591 42.828 42.591 40.078 38.023 33.698 36.811 37.128 40.126 42.231 41.613 40.881 39.298 33.521 28.738 28.501 28.443 28.556 31.423 34.546 35.471 36.788 39.261 33.263 39.741 38.393 30.103 43.798 43.041 38.166 31.738 30.851 39.776 39.931 35.773 38.688 39.913 39.491 38.481 39.443 38.026 36.013
39.598 42.785 45.533 44.295 38.663 34.083 33.775 41.518 44.533 41.958 36.18 39.61 43.728 43.843 40.333 43.488 48.62 45.983 37.398 29.71 33.945 37.485 40.985 40.908 37.69 40.478 41.233 33.918 29.973 39.418 42.348 42.883 42.56 42.18 41.513 29.118 37.4 43.255 42.095 41.038 42.053 38.525 38.235 32.56 28.535 28.46 28.488 29.79 31.643 28.548 29.343 30.515 34.933 39.18 38.78 41.01 36.168 27.7 33.343 37.605 38.278 31.158 40.52 42.28 38.758 37.088 42.208 39.113 39.453 33.533 41.68 35.313
40.81 45.15 46.073 46.99 37.945 35.945 34.638 37.615 44.048 42.44 42.438 37.898 43.398 45.628 48.798 48.533 47.943 45.443 43.178 31.028 33.33 39.988 39.013 39.72 40.44 36.95 39.278 38.765 30.6 38.65 43.045 44.118 38.305 37.468 41.43 37.505 36.935 43.145 42.513 40.095 42.415 36.443 30.598 29.84 28.608 28.515 28.668 29.1 31.703 28.353 28.245 28.133 28.588 33.175 37.308 42.16 38.563 28 28.025 31.695 33.538 37.375 38.423 39.933 41.523 39.493 42.045 38.508 31.44 41.06 39.335 35.25
43.433 45.533 44.25 38.405 40.255 36.183 41.25 44.14 44.175 44.47 42.83 39.038 42.815 44.858 41.24 46.31 48.19 43.673 41.248 40.648 36.595 41.6 41.23 37.618 41.398 40.645 40.838 39.815 31.888 38.043 44.273 42.488 37.843 38.525 40.453 36.248 43.688 40.038 41.02 38.543 41.145 39.243 30.548 28.72 28.68 28.585 28.528 28.493 28.435 28.345 28.255 28.173 28.095 28.358 30.288 35.475 34.335 27.75 27.718 27.788 30.22 37.168 38.023 35.5 42.153 32.235 31.36 39.165 34.138 43.223 40.565 37.848
44.085 46.19 44.655 43.583 43.723 40.218 46.265 44.48 43.795 44.038 37.99 39.128 44.66 44.773 40.395 40.405 46.35 43.625 41.848 37.383 43.795 41.673 42.68 39.635 37.47 43.038 40.425 34.685 29.623 35.378 44.565 37.63 39.91 33.965 38.86 31.22 33.83 37.34 41.863 43.805 38.848 40.878 35.668 28.913 28.658 28.653 28.595 28.578 28.463 28.433 28.348 28.223 28.44 28.583 28.093 28.493 29.275 27.76 27.648 27.585 27.475 32.323 37.225 33.533 40.735 38.96 34.18 37.638 39.4 39.735 40.9 36.053
42.315 43.025 42.303 45.708 45.005 39.418 40.528 41.008 43.055 30.463 31.39 34.558 44.82 45.703 43.29 38.425 44.728 42.895 41.678 40.135 42.105 43.545 42.463 38.5 34.165 41.068 35.695 30.745 31.433 38.018 43.045 41.16 41.225 40.39 43.485 36.945 32.943 40.448 41.608 41.155 39.703 39.368 35.97 29.47 28.683 28.723 28.703 28.603 28.53 28.463 28.373 28.303 28.145 28.118 28.163 28.08 27.883 27.823 27.86 27.643 27.793 32.573 37.443 34.978 32.673 37.52 37.35 37.218 40.438 42.693 42.583 36.508
43.953 39.258 35.4 43.008 44.75 42.433 37.94 42.273 43 40.848 36.643 39.353 44.395 45.04 40.73 40.69 40.07 38.783 41.108 39.638 43.57 43.438 42.858 42.423 36.555 37.77 34.47 33.498 31.713 41.01 42.713 40.585 41.733 42.683 42.09 42.878 37.37 41.96 42.213 41.64 39.67 35.588 33.928 29.19 28.733 28.688 28.808 28.888 28.528 28.458 28.425 28.353 28.243 28.198 28.128 28.065 27.92 27.83 27.763 27.67 27.64 28.803 31.355 31.943 28.428 32.198 36.993 39.793 35.808 44.245 38.478 41.29
43.623 44.505 37.728 38.583 46.585 39.555 46.2 44.51 43.09 40.495 42.715 45.815 40.968 45.245 45.41 44.62 41.918 37.765 35.728 40.788 41.338 41.198 42.348 41.258 40.38 39.465 37.313 37.595 38.568 38.943 41.348 39.623 40.95 45.74 41.638 42.93 42.03 39.9 42.735 42.625 41.35 32.283 34.463 28.905 29.438 29.343 29.828 30.323 28.598 28.513 28.48 28.383 28.268 28.19 28.118 28.068 28.018 27.795 27.74 27.625 27.513 27.485 27.315 27.41 28.345 34.618 33.365 36.045 44.143 44.143 33.785 38.715
44.663 41.33 43.528 44.03 38.035 34.94 47.245 45.925 42.623 39.84 39.735 46.685 44.29 45.21 47.323 45.998 44.825 34.405 30.61 33.115 36.445 39.67 39.595 33.685 38.57 41.908 44.848 37.623 38.493 42.328 41.988 37.625 38.015 42.9 43.908 42.715 40.685 39.24 42.073 43.118 42.775 39.383 34.678 35.64 28.77 28.793 28.698 29.463 28.795 28.453 28.413 28.383 28.255 28.2 28.11 28.08 28.92 28.123 27.703 27.58 27.54 27.405 27.285 29.395 36.343 35.36 40.338 40.153 40.45 40.765 41.868 40.193
42.043 43.193 43.07 44.838 43.803 39.64 44.648 44.09 43.553 43.658 32.693 37.898 43.153 35.98 45.973 43.925 41.14 36.515 34.548 30.44 37.705 42.098 44.118 40.385 37.6 38.31 42.53 36.493 39.86 45.07 43.455 42.118 42.38 42.108 41.235 45.173 43.133 40.7 43.085 43.898 41.038 37.56 37.13 36.325 29.685 28.86 28.715 28.673 28.58 28.523 28.795 28.83 28.3 28.35 28.185 28.06 28.698 28.005 27.813 27.665 28.648 28.765 29.445 33.183 39.643 39.595 39.925 38.303 37.973 35.148 41.443 40.448
44.395 44.388 44.008 42.573 44.02 37.018 37.828 41.158 43.568 45.64 43.743 34.093 39.078 40.615 43.25 41.128 37.36 36.93 39.153 35.783 38.073 41.548 42.925 43.29 41.803 43.03 39.205 34.553 43.255 44.435 42.78 36.613 39.198 38.623 39.933 37.113 40.488 37.095 42.395 42.513 41.54 38.948 37.07 31.9 29.443 28.85 28.82 28.81 28.663 28.558 28.69 28.52 28.44 30.858 28.198 28.075 27.948 28.485 28.518 29.818 28.258 30.45 36.035 39.003 40.278 39.823 36.79 37.365 33.963 39.263 39.365 38.253
