All_lidar/sz5586_DSM_2M.asc
ncols 500
nrows 500
xllcorner    455000
yllcorner    86000
cellsize     2
NODATA_value -9999
[rows 96 to 127 of 500, columns 0 to 70 of 500]
54.444 54.364 54.254 54.166 54.109 54.026 53.934 53.864 53.824 53.756 53.656 53.564 53.469 53.376 53.326 53.206 53.069 52.989 52.869 52.739 52.611 52.504 52.369 52.244 52.106 51.964 51.804 51.636 51.469 51.286 51.154 50.991 50.819 50.626 50.456 50.251 50.066 49.804 49.561 49.289 49.031 48.719 48.419 48.064 47.711 47.349 46.949 46.561 46.161 45.739 45.301 44.924 44.494 44.084 43.636 43.256 42.859 42.464 42.126 41.814 41.536 41.276 40.984 40.766 40.516 40.409 40.319 39.769 40.291 39.431 39.016
54.229 54.136 54.049 53.956 53.896 53.849 53.739 53.689 53.609 53.519 53.439 53.344 53.251 53.184 53.109 52.981 52.881 52.771 52.669 52.539 52.419 52.304 52.194 52.059 51.906 51.784 51.606 51.454 51.299 51.099 50.931 50.801 50.626 50.407 50.244 50.069 49.861 49.599 49.354 49.106 48.856 48.569 48.211 47.864 47.536 47.151 46.754 46.361 45.976 45.599 45.161 44.749 44.329 43.914 43.519 43.164 42.726 42.331 41.959 41.674 41.406 41.156 40.846 40.669 40.411 40.271 40.171 39.654 39.609 39.019 38.926
53.994 53.909 53.834 53.736 53.676 53.586 53.511 53.456 53.381 53.304 53.241 53.144 53.071 52.981 52.879 52.759 52.676 52.564 52.514 52.366 52.229 52.116 52.016 51.834 51.689 51.564 51.404 51.234 51.106 50.926 50.756 50.594 50.396 50.221 50.079 49.901 49.676 49.429 49.186 48.929 48.654 48.359 48.016 47.686 47.356 46.984 46.579 46.196 45.821 45.409 44.999 44.594 44.196 43.784 43.391 42.956 42.594 42.186 41.866 41.554 41.266 41.036 40.776 40.556 40.309 40.141 40.059 39.646 41.886 41.036 38.816
53.791 53.706 53.616 53.519 53.454 53.379 53.304 53.216 53.154 53.089 53.054 52.951 52.846 52.786 52.694 52.566 52.446 52.404 52.309 52.151 52.021 51.914 51.789 51.631 51.491 51.371 51.211 51.061 50.891 50.704 50.561 50.376 50.219 50.011 49.861 49.689 49.466 49.221 48.981 48.736 48.451 48.159 47.811 47.474 47.154 46.791 46.424 46.019 45.639 45.256 44.791 44.444 44.016 43.621 43.214 42.841 42.454 42.084 41.746 41.409 41.151 40.909 40.641 40.474 40.179 40.006 39.924 39.794 40.764 42.364 38.649
53.554 53.484 53.411 53.284 53.226 53.149 53.086 52.979 52.946 52.864 52.819 52.741 52.624 52.564 52.471 52.354 52.241 52.169 52.051 51.931 51.816 51.706 51.574 51.424 51.279 51.131 51.004 50.861 50.674 50.536 50.351 50.179 50.009 49.826 49.661 49.469 49.246 49.001 48.779 48.549 48.274 47.971 47.606 47.286 46.949 46.611 46.211 45.819 45.459 45.101 44.681 44.284 43.869 43.471 43.064 42.644 42.321 41.906 41.589 41.296 41.026 40.799 40.549 40.316 40.079 39.856 39.776 39.499 40.989 40.914 38.489
53.334 53.249 53.151 53.076 52.994 52.939 52.851 52.746 52.714 52.619 52.591 52.496 52.411 52.346 52.249 52.169 52.044 51.939 51.854 51.721 51.591 51.484 51.379 51.244 51.111 50.919 50.796 50.646 50.489 50.321 50.141 49.944 49.819 49.624 49.454 49.281 49.066 48.814 48.601 48.339 48.056 47.746 47.436 47.131 46.786 46.424 46.014 45.626 45.294 44.859 44.484 44.099 43.711 43.301 42.916 42.499 42.176 41.776 41.451 41.166 40.859 40.638 40.409 40.176 39.969 39.776 39.699 39.449 39.906 39.174 38.489
53.109 53.034 52.949 52.846 52.786 52.716 52.611 52.521 52.489 52.421 52.349 52.251 52.171 52.109 52.026 51.951 51.864 51.731 51.644 51.511 51.384 51.279 51.171 51.021 50.876 50.736 50.581 50.451 50.279 50.124 49.944 49.784 49.616 49.446 49.246 49.041 48.836 48.634 48.391 48.141 47.859 47.544 47.196 46.896 46.574 46.211 45.816 45.421 45.104 44.691 44.319 43.939 43.551 43.144 42.759 42.354 41.994 41.636 41.329 41.036 40.746 40.499 40.294 40.044 39.861 39.659 39.589 39.434 39.206 39.034 38.564
52.886 52.804 52.704 52.644 52.586 52.479 52.386 52.291 52.246 52.191 52.129 52.041 51.949 51.899 51.809 51.731 51.614 51.549 51.441 51.296 51.174 51.064 50.979 50.841 50.649 50.509 50.414 50.251 50.071 49.919 49.734 49.574 49.416 49.224 49.074 48.856 48.634 48.399 48.191 47.921 47.621 47.339 47.009 46.684 46.336 46.011 45.596 45.269 44.914 44.539 44.154 43.749 43.344 42.991 42.589 42.176 41.859 41.511 41.199 40.914 40.616 40.389 40.236 39.969 39.746 39.566 39.454 39.356 39.139 40.264 38.244
52.649 52.576 52.486 52.396 52.321 52.256 52.176 52.059 52.034 51.969 51.879 51.829 51.741 51.661 51.609 51.504 51.389 51.336 51.236 51.094 50.959 50.869 50.769 50.616 50.459 50.319 50.191 50.014 49.844 49.709 49.536 49.394 49.226 49.049 48.826 48.646 48.484 48.231 47.989 47.729 47.454 47.139 46.846 46.486 46.164 45.819 45.426 45.094 44.734 44.356 44.001 43.594 43.241 42.819 42.419 42.041 41.746 41.404 41.101 40.791 40.529 40.316 40.121 39.869 39.664 39.441 39.324 39.211 38.781 39.759 38.174
52.426 52.324 52.244 52.151 52.119 52.016 51.944 51.871 51.804 51.741 51.636 51.601 51.526 51.456 51.386 51.286 51.189 51.129 51.024 50.899 50.756 50.649 50.546 50.384 50.266 50.139 50.001 49.801 49.669 49.521 49.341 49.189 49.036 48.866 48.654 48.459 48.244 48.026 47.781 47.526 47.236 46.986 46.641 46.306 45.951 45.631 45.281 44.881 44.534 44.156 43.831 43.426 43.086 42.659 42.321 41.956 41.596 41.279 40.969 40.669 40.414 40.236 40.056 39.779 39.526 39.351 39.201 39.109 38.556 39.604 38.349
52.206 52.119 52.004 51.939 51.869 51.786 51.699 51.634 51.581 51.504 51.426 51.376 51.309 51.234 51.154 51.094 50.959 50.896 50.816 50.684 50.574 50.451 50.361 50.224 50.059 49.926 49.809 49.634 49.484 49.319 49.136 48.981 48.846 48.654 48.446 48.279 48.096 47.831 47.594 47.346 47.061 46.804 46.451 46.141 45.796 45.476 45.091 44.711 44.374 44.014 43.646 43.264 42.916 42.511 42.156 41.811 41.474 41.146 40.846 40.546 40.279 40.089 39.914 39.666 39.451 39.224 39.109 39.019 38.556 39.939 38.656
51.981 51.889 51.804 51.696 51.636 51.566 51.529 51.426 51.356 51.284 51.214 51.181 51.071 51.011 50.939 50.879 50.794 50.699 50.594 50.496 50.366 50.276 50.161 50.019 49.864 49.746 49.589 49.436 49.301 49.126 48.971 48.791 48.644 48.479 48.244 48.079 47.869 47.656 47.406 47.166 46.869 46.596 46.244 45.939 45.586 45.269 44.916 44.534 44.199 43.846 43.501 43.114 42.736 42.354 41.979 41.649 41.321 41.006 40.721 40.411 40.176 39.964 39.759 39.551 39.354 39.139 38.981 38.996 38.466 38.569 37.954
51.764 51.654 51.576 51.486 51.424 51.359 51.294 51.204 51.136 51.091 51.006 50.946 50.874 50.806 50.741 50.674 50.569 50.501 50.439 50.306 50.179 50.071 49.951 49.824 49.711 49.526 49.366 49.221 49.099 48.929 48.756 48.606 48.416 48.226 48.031 47.894 47.649 47.439 47.201 46.936 46.676 46.394 46.079 45.734 45.404 45.104 44.774 44.391 44.031 43.656 43.334 42.939 42.586 42.204 41.864 41.516 41.176 40.911 40.604 40.284 40.051 39.841 39.661 39.441 39.234 39.036 38.876 38.846 38.506 39.754 38.581
51.519 51.459 51.366 51.276 51.184 51.169 51.086 50.991 50.916 50.869 50.801 50.736 50.666 50.594 50.551 50.476 50.369 50.279 50.199 50.111 49.984 49.866 49.764 49.604 49.484 49.359 49.191 49.031 48.879 48.699 48.564 48.389 48.216 48.056 47.849 47.674 47.471 47.259 46.999 46.751 46.501 46.194 45.914 45.586 45.244 44.954 44.591 44.226 43.884 43.514 43.159 42.776 42.436 42.041 41.736 41.404 41.071 40.764 40.466 40.219 39.964 39.704 39.539 39.344 39.149 38.924 38.801 38.776 38.356 39.674 38.434
51.299 51.226 51.131 51.049 50.996 50.916 50.861 50.754 50.724 50.674 50.599 50.546 50.451 50.371 50.304 50.264 50.141 50.084 49.999 49.904 49.776 49.646 49.559 49.409 49.261 49.149 48.999 48.844 48.671 48.549 48.401 48.211 48.031 47.839 47.669 47.504 47.281 47.069 46.781 46.576 46.319 46.046 45.714 45.381 45.089 44.759 44.416 44.049 43.716 43.331 42.994 42.624 42.284 41.929 41.621 41.261 40.931 40.636 40.324 40.116 39.841 39.601 39.411 39.209 39.021 38.806 38.649 38.624 38.314 39.981 40.854
51.056 51.009 50.934 50.826 50.761 50.699 50.631 50.554 50.514 50.454 50.396 50.311 50.224 50.166 50.104 50.036 49.921 49.864 49.774 49.696 49.571 49.471 49.369 49.224 49.086 48.959 48.796 48.616 48.486 48.304 48.194 47.979 47.816 47.639 47.461 47.281 47.046 46.856 46.611 46.411 46.119 45.836 45.566 45.216 44.919 44.594 44.251 43.876 43.544 43.199 42.849 42.481 42.164 41.814 41.481 41.151 40.814 40.544 40.259 39.986 39.709 39.514 39.306 39.124 38.931 38.711 38.541 38.524 38.234 39.344 39.581
50.846 50.779 50.696 50.591 50.539 50.481 50.401 50.354 50.259 50.214 50.154 50.101 50.014 49.979 49.904 49.846 49.739 49.666 49.574 49.511 49.356 49.256 49.161 49.011 48.889 48.739 48.574 48.444 48.279 48.109 47.954 47.779 47.591 47.461 47.249 47.066 46.846 46.664 46.391 46.194 45.959 45.634 45.351 45.034 44.734 44.419 44.069 43.711 43.384 43.034 42.724 42.346 42.004 41.644 41.341 41.029 40.726 40.411 40.139 39.876 39.624 39.439 39.216 39.026 38.846 38.614 38.431 38.436 38.166 38.204 37.851
50.641 50.559 50.489 50.411 50.341 50.269 50.229 50.149 50.021 49.981 49.946 49.891 49.816 49.726 49.684 49.624 49.519 49.396 49.359 49.3 49.154 49.026 48.921 48.836 48.666 48.496 48.376 48.219 48.096 47.926 47.751 47.571 47.404 47.229 47.069 46.871 46.659 46.456 46.206 45.986 45.741 45.449 45.191 44.854 44.589 44.269 43.911 43.539 43.249 42.884 42.566 42.221 41.866 41.514 41.224 40.924 40.569 40.306 40.021 39.784 39.509 39.286 39.109 38.941 38.731 38.516 38.326 38.319 38.119 37.604 37.941
50.411 50.351 50.264 50.189 50.129 50.036 49.984 49.901 49.809 49.749 49.711 49.649 49.556 49.501 49.466 49.369 49.269 49.201 49.124 49.054 48.934 48.801 48.701 48.589 48.471 48.269 48.156 48.016 47.871 47.694 47.526 47.369 47.186 47.049 46.849 46.669 46.469 46.276 46.026 45.796 45.534 45.261 44.994 44.704 44.404 44.059 43.766 43.391 43.089 42.761 42.404 42.054 41.771 41.426 41.116 40.806 40.434 40.201 39.916 39.669 39.406 39.156 38.976 38.824 38.626 38.431 38.241 38.224 38.041 37.581 37.661
50.209 50.136 50.051 49.966 49.906 49.819 49.751 49.686 49.606 49.559 49.481 49.416 49.346 49.289 49.224 49.151 49.044 48.974 48.894 48.801 48.689 48.576 48.491 48.381 48.244 48.089 47.961 47.799 47.669 47.509 47.334 47.179 46.994 46.839 46.646 46.451 46.244 46.079 45.839 45.619 45.364 45.126 44.781 44.516 44.231 43.944 43.581 43.239 42.924 42.614 42.251 41.926 41.589 41.284 40.956 40.666 40.309 40.109 39.779 39.531 39.291 39.034 38.874 38.729 38.521 38.364 38.126 38.086 37.976 37.456 37.439
49.994 49.909 49.836 49.744 49.676 49.576 49.516 49.456 49.364 49.301 49.264 49.166 49.101 49.026 48.979 48.901 48.804 48.736 48.654 48.574 48.479 48.389 48.281 48.164 48.031 47.874 47.736 47.609 47.481 47.299 47.114 46.954 46.776 46.644 46.464 46.266 46.081 45.871 45.671 45.416 45.191 44.919 44.644 44.309 44.024 43.756 43.449 43.086 42.769 42.481 42.124 41.809 41.476 41.146 40.831 40.529 40.211 39.939 39.674 39.421 39.164 38.966 38.764 38.571 38.411 38.244 38.041 38.009 37.919 37.376 37.601
49.751 49.686 49.596 49.539 49.449 49.354 49.309 49.199 49.114 49.044 49.006 48.941 48.894 48.799 48.751 48.694 48.596 48.489 48.449 48.376 48.259 48.151 48.041 47.956 47.809 47.646 47.529 47.406 47.249 47.074 46.906 46.729 46.589 46.451 46.254 46.079 45.879 45.699 45.464 45.241 44.996 44.756 44.474 44.166 43.874 43.599 43.286 42.969 42.616 42.321 41.986 41.676 41.356 41.036 40.721 40.386 40.096 39.859 39.551 39.276 39.039 38.839 38.686 38.516 38.319 38.149 37.949 37.826 37.806 37.366 37.614
49.514 49.466 49.394 49.294 49.224 49.149 49.071 48.976 48.904 48.836 48.801 48.716 48.681 48.594 48.526 48.434 48.339 48.299 48.229 48.154 48.041 47.929 47.796 47.741 47.611 47.454 47.336 47.224 47.079 46.876 46.716 46.574 46.416 46.284 46.086 45.894 45.694 45.539 45.314 45.079 44.854 44.579 44.339 44.041 43.734 43.436 43.126 42.836 42.499 42.194 41.846 41.561 41.224 40.951 40.606 40.291 39.991 39.724 39.439 39.179 38.916 38.749 38.549 38.409 38.201 38.019 37.861 37.734 37.709 37.261 38.074
49.316 49.269 49.156 49.091 48.996 48.921 48.874 48.784 48.671 48.631 48.566 48.489 48.44 48.361 48.326 48.256 48.166 48.081 47.984 47.924 47.836 47.739 47.601 47.536 47.404 47.261 47.096 47.029 46.869 46.701 46.544 46.424 46.259 46.079 45.926 45.739 45.544 45.339 45.186 44.929 44.696 44.454 44.181 43.889 43.599 43.334 43.031 42.719 42.381 42.084 41.766 41.439 41.121 40.841 40.496 40.211 39.874 39.596 39.304 39.051 38.829 38.619 38.424 38.286 38.129 37.926 37.766 37.631 37.591 37.169 37.819
49.091 49.049 48.929 48.856 48.769 48.699 48.624 48.554 48.486 48.409 48.351 48.286 48.236 48.139 48.101 48.041 47.946 47.866 47.799 47.739 47.621 47.504 47.406 47.324 47.219 47.069 46.934 46.819 46.694 46.541 46.371 46.244 46.071 45.936 45.749 45.561 45.396 45.206 45.011 44.784 44.574 44.326 44.051 43.741 43.466 43.161 42.854 42.551 42.246 41.934 41.616 41.341 41.014 40.714 40.384 40.079 39.759 39.466 39.199 38.931 38.714 38.541 38.339 38.169 37.964 37.819 37.659 37.464 37.494 37.096 37.523
48.891 48.809 48.724 48.656 48.561 48.489 48.404 48.354 48.279 48.204 48.146 48.059 48.014 47.974 47.896 47.801 47.751 47.634 47.576 47.516 47.411 47.326 47.229 47.131 47.019 46.901 46.806 46.646 46.491 46.371 46.216 46.091 45.891 45.751 45.564 45.409 45.226 45.039 44.844 44.621 44.406 44.146 43.909 43.601 43.281 43.004 42.731 42.419 42.104 41.811 41.524 41.229 40.919 40.624 40.309 39.989 39.709 39.381 39.146 38.854 38.629 38.426 38.251 38.046 37.879 37.689 37.539 37.349 37.391 37.044 37.176
48.644 48.599 48.509 48.426 48.341 48.294 48.216 48.151 48.056 47.994 47.939 47.891 47.816 47.749 47.714 47.604 47.536 47.456 47.406 47.316 47.214 47.119 47.031 46.971 46.839 46.724 46.636 46.456 46.329 46.171 46.034 45.909 45.734 45.599 45.431 45.236 45.069 44.879 44.689 44.459 44.241 43.979 43.741 43.449 43.164 42.864 42.591 42.306 41.989 41.694 41.444 41.124 40.809 40.531 40.224 39.874 39.604 39.306 39.056 38.766 38.551 38.324 38.129 37.974 37.766 37.596 37.479 37.251 37.249 36.919 36.759
48.441 48.391 48.299 48.234 48.129 48.074 48.019 47.951 47.861 47.809 47.764 47.689 47.659 47.556 47.489 47.416 47.359 47.261 47.186 47.126 47.031 46.911 46.834 46.751 46.646 46.549 46.381 46.274 46.124 46.019 45.866 45.744 45.574 45.409 45.246 45.081 44.901 44.736 44.526 44.301 44.079 43.846 43.609 43.319 43.031 42.769 42.476 42.194 41.884 41.586 41.281 41.019 40.719 40.446 40.119 39.831 39.521 39.231 38.966 38.716 38.476 38.221 38.009 37.844 37.686 37.524 37.339 37.154 37.114 36.851 36.544
48.216 48.194 48.091 48.006 47.929 47.879 47.804 47.759 47.666 47.581 47.551 47.489 47.436 47.356 47.314 47.231 47.169 47.066 46.974 46.926 46.836 46.739 46.671 46.574 46.454 46.366 46.236 46.109 45.959 45.846 45.704 45.544 45.414 45.261 45.079 44.891 44.736 44.581 44.384 44.129 43.929 43.704 43.469 43.179 42.896 42.624 42.359 42.064 41.784 41.499 41.194 40.931 40.596 40.331 40.016 39.729 39.409 39.134 38.884 38.609 38.344 38.111 37.911 37.754 37.569 37.386 37.259 37.051 36.986 36.811 36.514
47.994 47.961 47.861 47.796 47.691 47.679 47.606 47.516 47.466 47.406 47.364 47.291 47.264 47.171 47.109 47.051 46.986 46.881 46.816 46.781 46.694 46.589 46.501 46.416 46.309 46.206 46.084 45.931 45.794 45.689 45.531 45.384 45.241 45.069 44.934 44.724 44.586 44.416 44.201 43.956 43.801 43.561 43.311 43.034 42.766 42.499 42.239 41.971 41.666 41.401 41.096 40.811 40.506 40.201 39.939 39.631 39.346 39.044 38.774 38.484 38.279 37.986 37.779 37.644 37.451 37.254 37.149 36.961 36.904 36.701 36.281
47.789 47.761 47.666 47.616 47.506 47.449 47.421 47.354 47.286 47.224 47.174 47.096 47.069 46.994 46.901 46.849 46.814 46.709 46.614 46.571 46.481 46.396 46.319 46.216 46.136 46.006 45.866 45.759 45.626 45.489 45.329 45.216 45.064 44.906 44.754 44.581 44.416 44.224 44.044 43.824 43.626 43.386 43.189 42.906 42.646 42.374 42.124 41.856 41.539 41.289 40.979 40.726 40.404 40.119 39.831 39.564 39.254 38.949 38.701 38.401 38.189 37.926 37.719 37.519 37.349 37.136 37.021 36.831 36.714 36.641 36.094
47.614 47.564 47.476 47.429 47.334 47.274 47.229 47.164 47.111 47.056 46.996 46.941 46.889 46.804 46.729 46.701 46.626 46.509 46.461 46.376 46.304 46.216 46.106 46.009 45.959 45.836 45.699 45.576 45.436 45.301 45.176 45.061 44.889 44.736 44.589 44.409 44.244 44.074 43.901 43.686 43.509 43.304 43.051 42.811 42.514 42.266 42.036 41.741 41.426 41.166 40.891 40.586 40.316 40.021 39.736 39.424 39.174 38.869 38.621 38.351 38.101 37.814 37.579 37.379 37.234 37.081 36.909 36.724 36.599 36.511 36.231
