All_lidar/sz5693_DSM_2M.asc
ncols 500
nrows 500
xllcorner    456000
yllcorner    93000
cellsize     2
NODATA_value -9999
[rows 396 to 428 of 500, columns 73 to 145 of 500]
1.066 0.89 0.753 0.651 0.569 0.455 0.397 0.389 0.433 0.431 0.415 0.434 0.523 0.459 0.437 0.403 0.409 0.381 0.326 0.285 0.284 0.285 0.26 0.421 0.277 0.165 0.138 -0.005 -0.164 -0.305 -0.317 -0.304 -0.261 -0.156 0.039 0.214 0.377 0.509 0.649 0.801 0.893 1.049 1.29 1.426 1.448 1.72 1.938 2.061 2.222 2.31 2.27 2.285 2.257 2.277 2.272 2.277 2.327 2.437 2.302 2.282 2.252 2.357 2.29 2.382 2.237 2.217 2.28 2.22 2.247 2.25 2.26 2.257 2.272
1.22 1.018 0.916 0.825 0.756 0.735 0.634 0.603 0.604 0.62 0.601 0.602 0.656 0.659 0.652 0.621 0.657 0.695 0.573 0.601 0.648 0.633 0.709 0.663 0.507 0.4 0.237 0.113 -0.031 -0.12 -0.142 -0.145 -0.071 -0.006 0.125 0.277 0.453 0.567 0.761 0.878 1.048 1.186 1.37 1.439 1.594 1.757 2.007 2.161 2.162 2.257 2.215 2.305 2.2 2.21 2.16 2.227 2.277 2.365 2.252 2.255 2.2 2.28 2.187 2.245 2.265 2.185 2.222 2.212 2.317 2.26 2.282 2.27 2.227
1.303 1.181 1.086 1.001 0.915 0.818 0.843 0.829 0.852 0.862 0.832 0.811 0.898 0.862 0.855 0.812 0.848 0.884 0.807 0.826 0.796 0.832 0.921 0.79 0.686 0.491 0.348 0.241 0.167 0.072 0.032 0.028 0.079 0.13 0.221 0.393 0.509 0.675 0.904 0.965 1.144 1.326 1.513 1.568 1.704 1.871 2.125 2.177 2.23 2.21 2.192 2.34 2.312 2.297 2.222 2.235 2.297 2.317 2.272 2.242 2.222 2.232 2.23 2.215 2.227 2.247 2.072 2.18 2.217 2.205 2.275 2.25 2.265
1.503 1.33 1.259 1.184 1.159 1.044 1.016 1.021 1.043 1.022 1.021 1.103 1.077 1.09 1.05 1.033 1.052 1.07 1.067 1.068 1.03 1.04 1.096 0.923 0.81 0.615 0.497 0.386 0.333 0.266 0.2 0.24 0.258 0.287 0.391 0.495 0.594 0.768 1.008 1.14 1.23 1.423 1.646 1.808 1.992 2.105 2.34 2.255 2.225 2.252 2.245 2.305 2.262 2.277 2.212 2.215 2.287 2.267 2.31 2.15 2.137 2.207 2.207 2.205 2.28 2.257 2.095 2.207 2.25 2.232 2.252 2.257 2.257
1.684 1.599 1.429 1.378 1.276 1.264 1.225 1.241 1.142 1.171 1.186 1.179 1.271 1.193 1.277 1.274 1.307 1.307 1.289 1.241 1.215 1.207 1.185 1.029 0.971 0.779 0.658 0.628 0.506 0.453 0.375 0.426 0.423 0.422 0.51 0.626 0.715 0.895 1.094 1.253 1.337 1.502 1.695 1.932 2.149 2.286 2.267 2.227 2.16 2.282 2.277 2.217 2.25 2.245 2.262 2.245 2.227 2.232 2.242 2.245 2.177 2.255 2.272 2.205 2.267 2.342 2.192 2.212 2.182 2.23 2.252 2.23 2.24
1.804 1.749 1.665 1.544 1.484 1.443 1.438 1.471 1.394 1.456 1.391 1.34 1.513 1.468 1.452 1.478 1.54 1.495 1.467 1.395 1.411 1.322 1.36 1.161 1.058 0.964 0.844 0.74 0.704 0.63 0.62 0.657 0.66 0.645 0.701 0.79 0.913 1.067 1.161 1.295 1.497 1.65 1.762 1.989 2.222 2.21 2.285 2.287 2.257 2.295 2.28 2.182 2.25 2.2 2.29 2.2 2.215 2.215 2.23 2.28 2.305 2.33 2.192 2.25 2.255 2.232 2.205 2.195 2.172 2.157 2.2 2.19 2.237
1.703 1.838 1.909 1.754 1.719 1.694 1.634 1.718 1.644 1.647 1.636 1.743 1.717 1.654 1.603 1.661 1.68 1.683 1.593 1.573 1.603 1.626 1.478 1.361 1.205 1.157 1.004 0.906 0.857 0.811 0.793 0.842 0.805 0.875 0.981 0.965 1.045 1.237 1.35 1.501 1.663 1.871 1.887 2.089 2.282 2.257 2.235 2.187 2.207 2.24 2.257 2.227 2.245 2.225 2.205 2.172 2.25 2.287 2.227 2.275 2.255 2.2 2.227 2.285 2.202 2.19 2.285 2.165 2.19 2.177 2.165 2.192 2.235
1.637 1.769 1.921 1.961 1.814 1.892 1.897 1.846 1.846 1.811 1.86 1.897 1.813 1.809 1.906 1.912 1.908 1.841 1.767 1.75 1.873 1.825 1.632 1.55 1.388 1.337 1.298 1.141 1.076 1.01 0.944 0.968 1.054 1.029 1.082 1.178 1.242 1.365 1.545 1.639 1.78 1.981 2.044 2.227 2.22 2.26 2.252 2.2 2.187 2.25 2.28 2.247 2.282 2.192 2.235 2.242 2.34 2.33 2.237 2.272 2.252 2.22 2.252 2.355 2.317 2.27 2.277 2.212 2.177 2.16 2.187 2.202 2.182
1.539 1.693 1.853 2.028 1.996 2.015 2.102 1.974 2.024 1.966 1.977 2.065 2.138 2.111 2.151 2.194 2.098 2.211 2.037 2 2.052 1.839 1.806 1.645 1.547 1.523 1.416 1.301 1.261 1.204 1.17 1.203 1.275 1.25 1.356 1.387 1.432 1.513 1.649 1.817 1.902 2.1 2.175 2.207 2.217 2.252 2.265 2.227 2.207 2.222 2.237 2.245 2.245 2.215 2.225 2.242 2.195 2.27 2.222 2.237 2.207 2.232 2.255 2.215 2.267 2.267 2.282 2.262 2.3 2.232 2.16 2.175 2.157
1.416 1.578 1.884 1.927 2.174 2.232 2.21 2.247 2.122 2.18 2.175 2.245 2.302 2.195 2.207 2.31 2.292 2.335 2.257 2.267 2.287 1.998 1.938 1.811 1.731 1.657 1.638 1.49 1.466 1.415 1.5 1.492 1.503 1.382 1.527 1.595 1.607 1.697 1.804 1.991 2.037 2.187 2.157 2.207 2.222 2.285 2.225 2.282 2.262 2.18 2.177 2.16 2.212 2.197 2.217 2.272 2.252 2.28 2.275 2.212 2.232 2.2 2.24 2.252 2.247 2.217 2.247 2.22 2.24 2.3 2.222 2.227 2.207
1.323 1.543 1.778 1.95 2.164 2.135 2.057 2.079 2.013 2.089 2.102 2.084 2.148 2.23 2.195 2.242 2.332 2.345 2.247 2.282 2.252 2.232 2.1 2.058 1.945 1.805 1.759 1.707 1.636 1.622 1.648 1.657 1.664 1.693 1.725 1.66 1.795 1.864 2.004 2.167 2.3 2.245 2.162 2.175 2.2 2.215 2.187 2.2 2.212 2.177 2.18 2.217 2.187 2.24 2.222 2.237 2.3 2.275 2.237 2.167 2.197 2.197 2.28 2.235 2.18 2.212 2.225 2.245 2.21 2.242 2.242 2.29 2.352
1.258 1.499 1.679 1.853 1.982 1.872 1.872 1.955 1.822 1.777 1.83 1.872 1.948 2.098 2.098 2.225 2.43 2.332 2.277 2.3 2.25 2.257 2.297 2.229 2.113 2.009 1.878 1.839 1.838 1.898 1.858 1.855 1.907 1.892 1.862 1.913 1.97 2.077 2.192 2.295 2.245 2.165 2.18 2.227 2.22 2.21 2.262 2.205 2.272 2.235 2.187 2.222 2.172 2.197 2.255 2.272 2.302 2.227 2.195 2.177 2.175 2.227 2.197 2.25 2.26 2.257 2.265 2.215 2.23 2.275 2.255 2.21 2.187
1.239 1.436 1.632 1.762 1.739 1.647 1.673 1.68 1.632 1.592 1.614 1.676 1.843 1.884 1.965 2.055 2.15 2.161 2.233 2.257 2.24 2.212 2.292 2.272 2.255 2.205 2.089 2.088 2.052 2.094 2.069 2.004 2.043 2.028 2.073 2.136 2.158 2.262 2.27 2.265 2.245 2.23 2.312 2.317 2.167 2.2 2.215 2.127 2.205 2.237 2.145 2.18 2.135 2.177 2.262 2.22 2.28 2.245 2.225 2.175 2.192 2.21 2.217 2.297 2.207 2.212 2.197 2.242 2.195 2.192 2.24 2.222 2.197
1.21 1.515 1.632 1.63 1.589 1.524 1.51 1.426 1.414 1.457 1.463 1.51 1.566 1.666 1.766 1.828 1.891 1.967 1.974 2.072 2.066 2.185 2.23 2.232 2.242 2.232 2.187 2.222 2.225 2.265 2.24 2.19 2.22 2.192 2.24 2.165 2.112 2.247 2.232 2.21 2.207 2.205 2.217 2.275 2.242 2.18 2.182 2.202 2.212 2.265 2.21 2.132 2.167 2.155 2.292 2.252 2.197 2.245 2.245 2.255 2.295 2.182 2.202 2.312 2.195 2.155 2.197 2.247 2.227 2.26 2.24 2.25 2.15
1.194 1.478 1.55 1.49 1.447 1.317 1.314 1.255 1.26 1.29 1.299 1.366 1.397 1.507 1.596 1.661 1.686 1.716 1.753 1.858 1.968 2.056 2.164 2.237 2.19 2.212 2.272 2.197 2.232 2.265 2.27 2.347 2.225 2.235 2.225 2.152 2.167 2.267 2.21 2.227 2.202 2.207 2.357 2.295 2.2 2.187 2.162 2.18 2.177 2.225 2.292 2.252 2.195 2.192 2.262 2.227 2.215 2.24 2.227 2.155 2.177 2.192 2.197 2.222 2.232 2.18 2.192 2.29 2.157 2.215 2.237 2.195 2.232
1.314 1.57 1.514 1.382 1.252 1.152 1.153 1.061 1.156 1.026 1.102 1.155 1.165 1.291 1.436 1.475 1.529 1.549 1.605 1.709 1.797 1.843 2.018 2.107 2.163 2.215 2.297 2.177 2.22 2.177 2.215 2.305 2.22 2.322 2.252 2.235 2.322 2.252 2.18 2.18 2.192 2.23 2.32 2.247 2.197 2.235 2.182 2.207 2.22 2.26 2.185 2.182 2.222 2.205 2.185 2.315 2.347 2.412 2.335 2.265 2.207 2.265 2.217 2.285 2.217 2.297 2.205 2.175 2.325 2.202 2.202 2.18 2.2
1.382 1.444 1.346 1.242 1.104 1.067 1.027 0.938 0.861 0.856 0.92 0.966 0.987 1.217 1.29 1.289 1.327 1.404 1.444 1.483 1.579 1.738 1.869 1.969 2.017 2.057 2.151 2.197 2.207 2.207 2.247 2.17 2.165 2.19 2.187 2.197 2.262 2.282 2.207 2.19 2.175 2.257 2.33 2.225 2.25 2.187 2.062 2.162 2.205 2.18 2.2 2.237 2.19 2.16 2.135 2.187 2.257 2.24 2.28 2.267 2.307 2.292 2.167 2.215 2.25 2.225 2.222 2.217 2.29 2.222 2.275 2.237 2.222
1.267 1.24 1.145 1.01 0.907 0.769 0.778 0.659 0.678 0.655 0.753 0.826 0.904 1.001 1.097 1.096 1.162 1.217 1.248 1.354 1.426 1.591 1.752 1.798 1.838 1.918 2.075 2.12 2.2 2.202 2.175 2.197 2.177 2.23 2.287 2.29 2.24 2.22 2.272 2.23 2.187 2.235 2.205 2.24 2.23 2.282 2.145 2.187 2.23 2.16 2.177 2.172 2.227 2.197 2.275 2.26 2.245 2.215 2.22 2.255 2.305 2.282 2.255 2.202 2.28 2.24 2.252 2.25 2.252 2.22 2.185 2.167 2.215
1.077 1.043 0.984 0.826 0.707 0.615 0.541 0.495 0.517 0.486 0.556 0.663 0.752 0.829 0.898 0.936 0.955 1.013 1.062 1.161 1.26 1.381 1.543 1.642 1.676 1.756 1.797 1.94 2.009 2.074 2.206 2.232 2.242 2.265 2.272 2.287 2.262 2.217 2.202 2.212 2.197 2.215 2.25 2.312 2.222 2.242 2.172 2.21 2.192 2.247 2.195 2.165 2.19 2.257 2.24 2.247 2.33 2.237 2.212 2.192 2.26 2.227 2.177 2.227 2.177 2.237 2.252 2.155 2.2 2.192 2.222 2.197 2.162
0.938 0.87 0.85 0.676 0.555 0.471 0.395 0.323 0.268 0.328 0.349 0.473 0.608 0.758 0.691 0.744 0.797 0.836 0.92 0.963 1.098 1.218 1.339 1.425 1.541 1.618 1.611 1.76 1.845 1.915 2.016 2.039 2.2 2.222 2.282 2.257 2.252 2.165 2.205 2.255 2.29 2.322 2.22 2.242 2.2 2.225 2.225 2.25 2.195 2.26 2.197 2.102 2.147 2.28 2.292 2.25 2.27 2.24 2.205 2.207 2.307 2.19 2.235 2.2 2.227 2.245 2.177 2.247 2.215 2.252 2.25 2.202 2.162
0.764 0.677 0.697 0.541 0.423 0.319 0.226 0.136 0.12 0.135 0.217 0.316 0.463 0.558 0.502 0.539 0.59 0.673 0.793 0.894 0.976 1.113 1.172 1.248 1.33 1.424 1.437 1.587 1.658 1.761 1.86 1.977 2.036 2.139 2.22 2.15 2.312 2.262 2.29 2.2 2.175 2.242 2.217 2.197 2.185 2.197 2.245 2.217 2.237 2.192 2.155 2.132 2.195 2.2 2.225 2.207 2.257 2.242 2.225 2.275 2.197 2.262 2.237 2.215 2.282 2.23 2.25 2.225 2.225 2.287 2.185 2.222 2.222
0.547 0.55 0.532 0.465 0.336 0.206 0.074 -0.034 -0.054 0 0.057 0.169 0.356 0.311 0.324 0.369 0.417 0.514 0.613 0.718 0.856 0.931 1.052 1.069 1.197 1.281 1.353 1.447 1.513 1.576 1.69 1.746 1.934 2.005 2.24 2.287 2.277 2.29 2.21 2.215 2.202 2.152 2.202 2.19 2.252 2.19 2.167 2.197 2.18 2.267 2.205 2.105 2.16 2.24 2.192 2.25 2.257 2.212 2.227 2.272 2.312 2.165 2.23 2.22 2.195 2.152 2.212 2.23 2.145 2.187 2.26 2.245 2.207
0.338 0.376 0.386 0.374 0.247 0.072 -0.088 -0.205 -0.244 -0.185 -0.067 0.077 0.179 0.13 0.141 0.204 0.238 0.347 0.458 0.608 0.715 0.744 0.837 0.882 1 1.089 1.115 1.246 1.292 1.451 1.539 1.666 1.777 1.913 2.051 2.203 2.285 2.365 2.307 2.267 2.255 2.16 2.217 2.19 2.205 2.197 2.247 2.232 2.252 2.2 2.17 2.195 2.19 2.177 2.217 2.21 2.217 2.262 2.105 2.242 2.29 2.225 2.215 2.22 2.182 2.217 2.27 2.262 2.245 2.212 2.24 2.265 2.25
0.166 0.195 0.182 0.157 0.175 0.008 -0.217 -0.31 -0.4 -0.322 -0.182 -0.075 -0.025 -0.027 -0.045 0.005 0.066 0.178 0.339 0.453 0.551 0.588 0.653 0.736 0.807 0.887 1.024 1.118 1.197 1.29 1.444 1.605 1.658 1.819 1.998 2.099 2.113 2.194 2.282 2.245 2.305 2.297 2.227 2.232 2.195 2.185 2.34 2.21 2.245 2.242 2.255 2.247 2.187 2.195 2.177 2.215 2.235 2.192 2.227 2.245 2.235 2.197 2.235 2.277 2.31 2.225 2.247 2.195 2.257 2.225 2.205 2.227 2.225
-0.047 -0.045 -0.001 0.005 -0.037 -0.012 -0.203 -0.408 -0.588 -0.382 -0.313 -0.169 -0.17 -0.207 -0.219 -0.186 -0.057 0.075 0.195 0.324 0.343 0.405 0.507 0.553 0.649 0.736 0.811 0.888 0.991 1.142 1.251 1.393 1.529 1.661 1.814 1.831 1.933 1.958 2.005 2.114 2.184 2.22 2.247 2.257 2.245 2.22 2.235 2.225 2.257 2.202 2.2 2.297 2.31 2.277 2.31 2.325 2.272 2.207 2.232 2.215 2.257 2.215 2.217 2.207 2.17 2.272 2.187 2.225 2.182 2.242 2.21 2.195 2.225
-0.226 -0.244 -0.21 -0.205 -0.241 -0.26 -0.215 -0.389 -0.63 -0.64 -0.469 -0.363 -0.336 -0.43 -0.429 -0.304 -0.153 -0.074 0.045 0.158 0.162 0.24 0.32 0.416 0.488 0.611 0.665 0.707 0.827 0.956 1.083 1.24 1.422 1.494 1.621 1.613 1.781 1.746 1.799 1.921 2.013 2.044 2.03 2.036 2.076 2.071 2.173 2.213 2.232 2.287 2.255 2.28 2.245 2.305 2.332 2.25 2.297 2.207 2.147 2.215 2.22 2.215 2.215 2.175 2.315 2.172 2.177 2.252 2.247 2.232 2.28 2.165 2.2
-0.402 -0.427 -0.358 -0.344 -0.417 -0.431 -0.444 -0.428 -0.615 -0.407 -0.6 -0.416 -0.403 -0.61 -0.628 -0.41 -0.313 -0.174 -0.031 -0.063 -0.016 0.08 0.165 0.257 0.32 0.399 0.488 0.579 0.696 0.873 1.013 1.105 1.261 1.385 1.445 1.485 1.514 1.428 1.529 1.653 1.857 1.866 1.882 1.854 1.911 1.887 1.99 2.023 2.107 2.14 2.265 2.257 2.242 2.262 2.27 2.235 2.302 2.21 2.125 2.182 2.242 2.222 2.207 2.185 2.202 2.192 2.237 2.235 2.225 2.24 2.245 2.152 2.185
-0.623 -0.623 -0.446 -0.431 -0.585 -0.625 -0.62 -0.6 -0.613 -0.565 -0.585 -0.588 -0.598 -0.61 -0.593 -0.573 -0.41 -0.189 -0.211 -0.23 -0.182 -0.062 -0.003 0.065 0.135 0.224 0.35 0.463 0.608 0.722 0.894 1.019 1.068 1.239 1.274 1.281 1.379 1.385 1.561 1.52 1.655 1.643 1.645 1.666 1.654 1.702 1.725 1.842 1.895 1.98 2.143 2.202 2.202 2.187 2.257 2.26 2.232 2.207 2.227 2.24 2.242 2.22 2.185 2.212 2.197 2.24 2.272 2.197 2.222 2.215 2.207 2.22 2.225
-0.585 -0.585 -0.58 -0.545 -0.605 -0.613 -0.603 -0.593 -0.648 -0.6 -0.578 -0.608 -0.608 -0.628 -0.62 -0.603 -0.396 -0.416 -0.429 -0.419 -0.342 -0.215 -0.211 -0.063 -0.018 0.055 0.174 0.348 0.431 0.631 0.757 0.844 0.962 1.057 1.053 1.173 1.281 1.244 1.345 1.421 1.478 1.437 1.436 1.453 1.484 1.515 1.584 1.644 1.757 1.859 1.961 2.02 2.181 2.187 2.215 2.202 2.235 2.197 2.225 2.24 2.222 2.252 2.245 2.21 2.185 2.222 2.237 2.317 2.262 2.287 2.192 2.14 2.123
-0.598 -0.605 -0.61 -0.598 -0.603 -0.613 -0.598 -0.61 -0.608 -0.608 -0.418 -0.648 -0.638 -0.625 -0.63 -0.635 -0.595 -0.655 -0.628 -0.635 -0.418 -0.407 -0.371 -0.233 -0.241 -0.066 0.053 0.161 0.273 0.465 0.607 0.701 0.827 0.866 0.887 0.956 1.044 1.097 1.157 1.255 1.281 1.254 1.229 1.24 1.287 1.329 1.425 1.479 1.559 1.657 1.772 1.913 2.104 2.167 2.215 2.22 2.217 2.197 2.305 2.27 2.25 2.2 2.222 2.122 2.205 2.21 2.22 2.227 2.237 2.26 2.23 2.28 2.106
-0.59 -0.63 -0.625 -0.62 -0.62 -0.59 -0.635 -0.63 -0.62 -0.419 -0.431 -0.603 -0.628 -0.62 -0.645 -0.635 -0.64 -0.623 -0.645 -0.65 -0.648 -0.633 -0.443 -0.444 -0.36 -0.238 -0.101 0.049 0.221 0.322 0.459 0.584 0.701 0.677 0.728 0.746 0.813 0.851 0.972 1.058 1.099 1.07 1.016 1.096 1.084 1.128 1.242 1.333 1.444 1.536 1.656 1.82 1.977 1.996 2.091 2.146 2.12 2.125 2.047 2.08 2.014 1.995 2.024 2.027 2.079 2.092 2.127 2.23 2.225 2.222 2.205 2.078 2.03
-0.623 -0.625 -0.613 -0.635 -0.605 -0.61 -0.62 -0.62 -0.415 -0.445 -0.423 -0.605 -0.635 -0.618 -0.615 -0.615 -0.613 -0.628 -0.615 -0.663 -0.698 -0.65 -0.655 -0.648 -0.455 -0.354 -0.222 -0.041 0.053 0.191 0.36 0.492 0.531 0.527 0.529 0.583 0.657 0.715 0.859 0.936 0.901 0.91 0.908 0.915 0.901 0.958 1.1 1.15 1.275 1.389 1.459 1.687 1.875 1.893 1.942 2.033 1.91 1.9 1.884 1.848 1.832 1.816 1.789 1.817 1.857 1.98 1.936 2.042 2.106 2.171 2.242 2.072 1.928
-0.593 -0.575 -0.58 -0.6 -0.585 -0.598 -0.598 -0.608 -0.613 -0.658 -0.63 -0.61 -0.413 -0.452 -0.63 -0.613 -0.6 -0.625 -0.608 -0.62 -0.63 -0.431 -0.635 -0.42 -0.598 -0.41 -0.212 -0.176 -0.062 0.059 0.235 0.361 0.367 0.36 0.35 0.409 0.49 0.592 0.718 0.815 0.766 0.727 0.716 0.7 0.697 0.774 0.88 1.016 1.097 1.241 1.383 1.552 1.618 1.69 1.832 1.848 1.751 1.705 1.662 1.663 1.683 1.67 1.593 1.633 1.724 1.762 1.767 1.833 1.835 1.971 2.059 1.999 1.861
