All_lidar/sz5691_DSM_2M.asc
ncols 500
nrows 500
xllcorner    456000
yllcorner    91000
cellsize     2
NODATA_value -9999
[rows 32 to 63 of 500, columns 72 to 143 of 500]
42.076 42.101 42.063 42.058 42.038 42.016 41.971 41.968 41.978 41.923 41.921 41.898 41.926 41.913 41.941 41.948 41.951 41.921 41.923 41.953 41.971 42.026 42.051 42.043 42.046 42.098 42.116 42.178 42.194 42.176 42.234 42.256 42.226 42.241 42.309 42.329 42.331 42.319 42.264 42.254 42.243 42.211 42.216 42.199 42.186 42.156 42.106 42.084 42.031 41.996 41.969 41.909 41.834 41.794 41.751 41.681 41.636 41.581 41.506 41.485 41.425 41.377 41.282 41.217 41.134 41.055 40.986 40.918 40.828 40.728 40.663 40.565
42.201 42.198 42.148 42.153 42.131 42.086 42.068 42.076 42.068 42.018 42.011 42.028 42.006 42.063 42.056 42.056 42.041 42.006 42.001 42.033 42.053 42.116 42.096 42.108 42.128 42.158 42.213 42.273 42.216 42.269 42.301 42.256 42.296 42.333 42.364 42.383 42.396 42.354 42.313 42.301 42.289 42.274 42.271 42.246 42.264 42.176 42.154 42.116 42.076 42.069 42.019 41.966 41.921 41.839 41.811 41.729 41.656 41.601 41.584 41.506 41.476 41.418 41.344 41.286 41.176 41.094 41.01 40.948 40.88 40.763 40.677 40.584
42.328 42.288 42.263 42.251 42.248 42.223 42.183 42.196 42.181 42.158 42.106 42.111 42.161 42.153 42.143 42.173 42.093 42.098 42.131 42.121 42.156 42.193 42.156 42.178 42.211 42.251 42.296 42.336 42.304 42.331 42.336 42.326 42.361 42.384 42.416 42.421 42.424 42.419 42.371 42.359 42.336 42.316 42.329 42.334 42.279 42.221 42.203 42.159 42.111 42.084 42.049 41.986 41.941 41.859 41.819 41.781 41.694 41.661 41.624 41.558 41.531 41.461 41.393 41.311 41.214 41.125 41.065 40.974 40.899 40.806 40.713 40.636
42.363 42.391 42.363 42.341 42.333 42.311 42.313 42.306 42.278 42.268 42.211 42.211 42.246 42.253 42.256 42.236 42.201 42.213 42.193 42.203 42.238 42.228 42.231 42.286 42.286 42.291 42.363 42.388 42.381 42.401 42.404 42.406 42.429 42.453 42.479 42.479 42.464 42.453 42.394 42.396 42.364 42.356 42.381 42.374 42.354 42.279 42.236 42.201 42.166 42.124 42.071 42.049 41.971 41.901 41.868 41.814 41.761 41.706 41.674 41.604 41.563 41.497 41.444 41.302 41.259 41.155 41.091 41.025 40.921 40.827 40.746 40.674
42.456 42.446 42.463 42.431 42.413 42.393 42.406 42.398 42.366 42.366 42.296 42.321 42.341 42.346 42.331 42.306 42.286 42.286 42.281 42.311 42.326 42.306 42.306 42.333 42.348 42.403 42.453 42.428 42.416 42.451 42.454 42.476 42.493 42.504 42.571 42.516 42.526 42.501 42.456 42.444 42.394 42.406 42.406 42.406 42.379 42.339 42.279 42.271 42.241 42.174 42.136 42.039 42.034 41.949 41.886 41.866 41.799 41.736 41.699 41.646 41.601 41.538 41.479 41.367 41.284 41.217 41.132 41.053 40.956 40.863 40.781 40.675
42.588 42.546 42.561 42.516 42.516 42.486 42.493 42.508 42.488 42.456 42.426 42.441 42.416 42.423 42.418 42.388 42.346 42.356 42.373 42.388 42.378 42.411 42.411 42.406 42.418 42.488 42.481 42.501 42.493 42.534 42.516 42.534 42.551 42.589 42.591 42.596 42.584 42.536 42.509 42.459 42.474 42.471 42.476 42.446 42.404 42.356 42.324 42.296 42.219 42.204 42.164 42.089 42.066 41.991 41.951 41.879 41.816 41.813 41.743 41.686 41.638 41.568 41.469 41.405 41.345 41.239 41.176 41.072 40.97 40.895 40.797 40.715
42.653 42.631 42.673 42.603 42.598 42.603 42.603 42.591 42.548 42.538 42.533 42.531 42.533 42.538 42.498 42.446 42.426 42.453 42.463 42.471 42.481 42.468 42.478 42.476 42.538 42.551 42.588 42.526 42.566 42.589 42.574 42.606 42.601 42.644 42.644 42.651 42.639 42.574 42.536 42.514 42.496 42.514 42.501 42.484 42.436 42.366 42.351 42.331 42.296 42.241 42.179 42.146 42.104 42.059 42.009 41.953 41.876 41.851 41.811 41.743 41.682 41.601 41.523 41.448 41.348 41.293 41.193 41.086 40.987 40.915 40.854 40.738
42.726 42.711 42.721 42.698 42.696 42.703 42.688 42.678 42.636 42.601 42.621 42.623 42.611 42.618 42.573 42.526 42.548 42.533 42.563 42.546 42.553 42.563 42.548 42.566 42.601 42.628 42.653 42.616 42.618 42.636 42.633 42.668 42.701 42.714 42.696 42.706 42.654 42.626 42.596 42.551 42.556 42.561 42.551 42.536 42.481 42.419 42.381 42.374 42.368 42.294 42.219 42.191 42.149 42.126 42.051 41.966 41.926 41.886 41.839 41.779 41.731 41.635 41.579 41.477 41.361 41.312 41.213 41.105 41.029 40.931 40.853 40.76
42.826 42.806 42.783 42.818 42.803 42.786 42.758 42.748 42.721 42.731 42.703 42.723 42.711 42.686 42.663 42.613 42.613 42.596 42.631 42.618 42.626 42.606 42.663 42.646 42.663 42.683 42.691 42.678 42.691 42.686 42.681 42.704 42.774 42.756 42.756 42.746 42.734 42.651 42.626 42.604 42.611 42.621 42.609 42.564 42.511 42.481 42.438 42.401 42.391 42.331 42.271 42.234 42.194 42.164 42.094 41.991 41.984 41.921 41.899 41.834 41.743 41.646 41.587 41.474 41.406 41.322 41.233 41.141 41.039 40.951 40.894 40.787
42.918 42.891 42.883 42.891 42.891 42.873 42.848 42.818 42.793 42.793 42.798 42.781 42.773 42.778 42.723 42.701 42.688 42.701 42.703 42.698 42.693 42.668 42.701 42.703 42.733 42.761 42.748 42.756 42.758 42.761 42.781 42.791 42.811 42.851 42.816 42.794 42.759 42.749 42.696 42.681 42.641 42.669 42.641 42.594 42.561 42.551 42.496 42.449 42.429 42.389 42.316 42.243 42.229 42.174 42.131 42.034 42.001 41.953 41.886 41.861 41.756 41.685 41.569 41.492 41.421 41.333 41.247 41.155 41.044 40.984 40.899 40.804
42.981 42.981 42.966 42.951 42.956 42.941 42.923 42.891 42.853 42.863 42.853 42.878 42.856 42.871 42.803 42.798 42.791 42.778 42.768 42.773 42.758 42.741 42.763 42.791 42.788 42.793 42.816 42.826 42.799 42.816 42.841 42.856 42.891 42.886 42.876 42.846 42.804 42.771 42.734 42.706 42.699 42.704 42.661 42.629 42.591 42.563 42.556 42.519 42.451 42.424 42.361 42.284 42.271 42.184 42.151 42.061 41.996 42.004 41.904 41.864 41.806 41.709 41.585 41.528 41.404 41.327 41.271 41.18 41.093 40.986 40.899 40.795
43.081 43.051 43.041 43.028 43.046 43.003 42.976 42.981 42.973 42.968 42.951 42.948 42.923 42.908 42.838 42.853 42.828 42.891 42.871 42.848 42.841 42.823 42.836 42.881 42.871 42.851 42.868 42.861 42.829 42.866 42.874 42.931 42.934 42.911 42.901 42.886 42.849 42.809 42.794 42.749 42.746 42.739 42.664 42.676 42.641 42.604 42.561 42.516 42.466 42.419 42.374 42.296 42.251 42.186 42.144 42.076 42.026 41.999 41.951 41.894 41.806 41.684 41.638 41.528 41.433 41.357 41.251 41.166 41.063 40.967 40.868 40.776
43.168 43.176 43.133 43.143 43.133 43.078 43.048 43.031 43.021 43.023 43.041 43.033 43.018 42.991 42.938 42.928 42.931 42.963 42.943 42.913 42.933 42.898 42.933 42.918 42.916 42.891 42.863 42.893 42.909 42.861 42.936 42.949 42.969 42.974 42.929 42.909 42.899 42.868 42.819 42.769 42.779 42.754 42.699 42.661 42.633 42.636 42.576 42.531 42.496 42.484 42.429 42.339 42.261 42.214 42.164 42.111 42.086 42.006 41.944 41.894 41.801 41.696 41.614 41.504 41.4 41.314 41.25 41.172 41.081 40.999 40.911 40.81
43.268 43.231 43.238 43.236 43.188 43.168 43.153 43.108 43.111 43.111 43.116 43.131 43.108 43.063 43.053 42.993 43.026 43.023 42.978 42.958 42.946 42.913 42.941 42.958 42.958 42.973 42.938 42.948 42.966 42.916 42.956 43.016 43.006 42.971 42.958 42.929 42.931 42.924 42.839 42.841 42.811 42.806 42.751 42.699 42.681 42.681 42.641 42.594 42.493 42.469 42.404 42.334 42.256 42.201 42.114 42.111 42.069 41.989 41.929 41.889 41.789 41.701 41.65 41.515 41.458 41.381 41.299 41.221 41.135 41.033 40.94 40.832
43.341 43.313 43.293 43.293 43.241 43.238 43.193 43.203 43.196 43.178 43.183 43.153 43.171 43.088 43.081 43.096 43.051 43.073 43.053 42.996 43.036 42.958 42.963 42.988 42.968 42.978 43.011 42.986 42.981 43.024 43.049 43.036 43.041 43.031 43.019 43.004 42.971 42.949 42.894 42.866 42.841 42.796 42.743 42.739 42.704 42.669 42.618 42.589 42.511 42.449 42.406 42.356 42.299 42.256 42.203 42.151 42.089 42.021 41.949 41.926 41.871 41.751 41.67 41.565 41.487 41.425 41.358 41.251 41.156 41.043 40.965 40.861
43.406 43.436 43.403 43.416 43.393 43.318 43.316 43.268 43.273 43.283 43.266 43.256 43.193 43.183 43.196 43.163 43.121 43.083 43.108 43.053 43.051 43.071 43.028 43.023 42.998 42.993 43.003 42.986 43.034 43.056 43.096 43.081 43.109 43.104 43.096 43.064 43.031 43.001 42.961 42.911 42.868 42.864 42.809 42.786 42.781 42.724 42.674 42.641 42.559 42.516 42.451 42.381 42.354 42.316 42.271 42.186 42.139 42.096 42.011 41.941 41.879 41.794 41.704 41.606 41.522 41.448 41.326 41.233 41.13 41.055 40.986 40.905
43.506 43.501 43.473 43.488 43.478 43.421 43.386 43.346 43.321 43.333 43.313 43.296 43.276 43.218 43.201 43.208 43.146 43.133 43.151 43.138 43.146 43.086 43.081 43.091 43.088 43.086 43.101 43.108 43.154 43.169 43.179 43.164 43.171 43.191 43.171 43.126 43.124 43.071 43.046 43.004 42.951 42.906 42.859 42.824 42.801 42.781 42.716 42.636 42.601 42.561 42.493 42.469 42.429 42.356 42.311 42.264 42.179 42.116 42.054 41.981 41.904 41.836 41.751 41.655 41.565 41.459 41.386 41.317 41.257 41.165 41.114 40.995
43.666 43.638 43.641 43.641 43.593 43.526 43.523 43.476 43.453 43.441 43.431 43.388 43.381 43.346 43.323 43.301 43.291 43.276 43.271 43.248 43.241 43.206 43.198 43.178 43.176 43.183 43.196 43.233 43.246 43.264 43.261 43.241 43.221 43.231 43.236 43.218 43.161 43.131 43.101 43.083 43.026 42.989 42.961 42.921 42.866 42.796 42.724 42.694 42.601 42.526 42.509 42.471 42.441 42.376 42.284 42.196 42.176 42.141 42.126 42.029 41.979 41.921 41.834 41.753 41.667 41.586 41.492 41.392 41.315 41.246 41.162 41.059
43.783 43.771 43.748 43.731 43.718 43.656 43.643 43.606 43.603 43.553 43.523 43.521 43.501 43.466 43.431 43.403 43.411 43.378 43.316 43.311 43.301 43.258 43.271 43.266 43.281 43.306 43.303 43.341 43.343 43.328 43.321 43.298 43.301 43.303 43.218 43.198 43.196 43.188 43.116 43.043 43.051 43.031 42.991 42.908 42.806 42.818 42.781 42.716 42.666 42.603 42.568 42.538 42.493 42.436 42.378 42.353 42.303 42.261 42.183 42.093 42.058 41.996 41.918 41.822 41.726 41.649 41.52 41.417 41.333 41.231 41.122 41.032
43.861 43.846 43.848 43.816 43.786 43.768 43.721 43.703 43.683 43.671 43.616 43.586 43.608 43.563 43.543 43.528 43.526 43.473 43.438 43.401 43.331 43.351 43.356 43.358 43.358 43.383 43.406 43.411 43.406 43.398 43.356 43.361 43.376 43.356 43.313 43.293 43.311 43.276 43.258 43.221 43.201 43.121 43.086 43.061 43.018 42.931 42.926 42.871 42.788 42.731 42.713 42.646 42.613 42.521 42.446 42.401 42.363 42.256 42.178 42.066 42.011 41.971 41.881 41.821 41.744 41.626 41.554 41.472 41.449 41.372 41.32 41.416
43.941 43.913 43.923 43.836 43.833 43.821 43.836 43.758 43.686 43.633 43.643 43.628 43.636 43.581 43.556 43.536 43.543 43.456 43.458 43.443 43.461 43.526 43.508 43.521 43.516 43.491 43.516 43.506 43.471 43.446 43.466 43.466 43.433 43.376 43.323 43.341 43.356 43.283 43.246 43.221 43.146 43.121 43.096 43.036 42.951 42.931 42.891 42.788 42.751 42.698 42.643 42.608 42.546 42.458 42.456 42.416 42.348 42.288 42.216 42.153 42.121 42.058 42.003 41.946 41.973 42.364 41.903 41.94 41.869 41.975 41.825 42.056
43.978 44.023 44.003 43.971 43.956 43.911 43.871 43.838 43.823 43.821 43.776 43.743 43.731 43.696 43.696 43.653 43.661 43.596 43.593 43.531 43.538 43.511 43.548 43.598 43.588 43.578 43.563 43.566 43.558 43.546 43.558 43.538 43.541 43.518 43.476 43.448 43.408 43.391 43.306 43.223 43.203 43.181 43.141 43.096 43.048 42.986 42.923 42.913 42.883 42.833 42.866 44.046 42.713 42.553 42.553 42.476 42.511 42.386 42.293 42.286 42.218 42.866 42.853 43.463 42.433 42.775 42.016 43.057 42.442 42.514 41.996 42.517
44.053 44.091 44.051 44.031 44.003 43.981 43.976 43.943 43.923 43.866 43.831 43.813 43.803 43.763 43.733 43.761 43.753 43.718 43.713 43.696 43.678 43.691 43.633 43.621 43.653 43.651 43.641 43.648 43.653 43.636 43.616 43.578 43.531 43.558 43.528 43.501 43.446 43.448 43.453 45.851 46.663 46.898 43.646 43.253 43.583 43.273 42.938 43.256 45.911 44.513 44.546 45.031 43.951 43.708 42.953 43.666 43.681 43.156 42.346 42.211 42.616 42.463 42.721 42.411 42.313 42.431 42.173 42.119 42.133 42.309 44.192 41.957
44.228 44.228 44.266 44.243 44.188 44.168 44.146 44.121 44.081 44.028 43.993 43.981 43.938 43.921 43.903 43.878 43.858 43.853 43.823 43.811 43.791 43.753 43.741 43.738 43.738 43.733 43.771 43.748 43.728 43.698 43.721 43.756 43.646 43.618 43.653 43.458 43.581 44.376 45.258 48.256 50.276 49.258 45.561 44.118 45.101 44.306 43.508 43.668 46.521 44.056 43.658 44.566 43.641 43.803 44.158 43.096 42.813 42.876 43.186 43.443 42.676 42.561 43.263 42.223 42.086 42.108 41.943 42.116 41.925 41.688 42.248 43.429
44.231 44.211 44.238 44.261 44.206 44.168 44.156 44.123 44.078 44.013 43.973 43.918 43.896 43.846 43.833 43.811 43.761 43.893 43.816 43.733 43.786 43.978 43.841 43.793 43.773 43.808 43.798 43.796 43.771 43.728 43.748 43.818 43.821 43.806 43.641 43.633 44.223 44.971 44.366 44.021 44.846 45.571 44.726 43.821 43.691 43.671 44.123 43.733 46.896 43.808 43.491 43.771 43.698 45.201 42.896 42.803 42.728 42.646 42.566 42.541 42.376 42.216 42.701 41.981 42.178 43.475 41.938 41.893 41.699 41.557 42.09 41.428
44.731 44.758 45.151 44.938 44.756 44.883 45.108 45.026 44.591 44.836 44.861 44.978 45.043 45.208 45.171 45.006 45.048 44.993 45.291 45.073 44.983 44.718 43.943 43.863 43.858 43.861 43.838 43.853 43.876 43.838 43.826 43.826 43.808 43.708 43.443 44.518 43.971 43.836 43.821 43.823 43.656 43.893 44.771 43.828 43.536 43.621 45.191 44.361 43.273 43.313 43.573 44.046 43.373 43.293 42.831 42.768 42.893 42.808 42.736 42.421 43.043 42.233 42.151 41.983 42.151 42.277 41.77 41.753 41.602 42.311 41.709 41.44
45.346 45.266 45.168 45.161 45.163 44.868 44.813 44.866 44.711 44.588 44.683 44.728 44.688 44.533 44.441 44.348 44.391 44.283 44.176 44.246 44.093 44.103 44.046 43.948 43.903 43.923 43.886 43.873 43.891 43.886 43.841 43.798 43.786 43.443 44.036 46.358 44.388 43.701 43.681 43.578 45.943 43.651 44.276 43.721 43.473 44.468 44.408 44.096 43.298 43.033 43.216 44.558 43.293 42.963 42.803 42.968 42.768 42.956 42.661 42.408 42.393 42.316 42.133 42.066 42.021 42.013 42.077 41.699 42.333 42.359 41.814 41.715
44.593 44.546 44.536 44.516 44.498 44.476 44.463 44.446 44.396 44.391 44.316 44.301 44.286 44.256 44.218 44.181 44.121 44.121 44.116 44.108 44.081 44.078 44.071 44.013 43.946 43.926 43.916 43.908 43.873 43.903 43.871 43.853 43.708 43.831 44.723 45.683 45.413 43.678 43.716 43.638 45.956 43.641 43.801 43.528 43.706 43.818 43.986 43.768 43.516 43.156 44.343 43.036 43.171 42.968 42.921 42.928 42.751 42.708 42.488 42.516 42.446 42.261 42.158 42.146 41.991 41.942 41.916 41.725 42.328 42.689 44.405 44.093
44.593 44.563 44.556 44.536 44.518 44.508 44.506 44.451 44.438 44.441 44.393 44.378 44.358 44.301 44.288 44.296 44.263 44.236 44.196 44.191 44.118 44.113 44.103 44.046 44.008 43.966 43.941 43.923 43.921 43.918 43.858 43.873 43.656 44.353 44.188 43.958 43.851 43.813 43.801 46.758 43.623 43.701 43.781 43.881 43.611 43.826 44.066 43.501 43.608 43.118 43.558 43.036 43.101 43.043 42.716 42.718 42.658 42.686 42.456 42.483 42.681 42.258 42.236 42.071 42.026 41.961 41.941 41.795 41.78 43.377 46.236 46.771
44.631 44.641 44.623 44.593 44.591 44.551 44.538 44.526 44.483 44.461 44.453 44.406 44.381 44.328 44.323 44.293 44.271 44.248 44.238 44.211 44.161 44.206 44.168 44.098 44.018 44.013 43.991 43.941 43.936 43.936 43.911 43.963 43.898 44.468 43.971 44.318 43.778 43.731 43.846 44.593 44.293 51.393 47.463 44.933 43.461 43.653 44.063 43.753 44.433 43.491 43.076 43.058 42.863 42.873 42.746 42.803 42.666 42.831 43.306 42.743 43.121 42.271 42.283 42.353 42.403 42.413 41.925 41.989 42.752 45.351 48.404 47.707
44.673 44.671 44.631 44.613 44.573 44.568 44.518 44.558 44.521 44.493 44.426 44.423 44.398 44.353 44.306 44.306 44.276 44.226 44.171 44.218 44.223 44.216 44.213 44.116 44.076 44.068 44.046 44.013 43.991 43.981 43.921 43.883 44.176 44.263 43.963 44.481 43.776 43.788 43.923 43.783 47.041 45.183 44.633 43.623 43.501 43.461 43.581 43.996 43.371 43.518 43.026 42.938 42.856 42.831 42.801 43.356 42.791 43.023 43.061 43.368 44.403 42.393 42.738 42.736 42.278 42.161 42.559 41.94 42.798 44.064 45.405 44.648
44.706 44.683 44.706 44.658 44.623 44.618 44.598 44.568 44.576 44.546 44.501 44.473 44.436 44.416 44.363 44.293 44.251 44.243 44.273 44.296 44.271 44.266 44.241 44.168 44.091 44.098 44.091 44.063 44.046 44.006 43.928 43.866 44.233 44.598 44.023 43.888 43.843 43.761 43.826 43.866 44.008 43.808 43.653 43.523 43.631 44.313 43.506 43.788 44.738 43.661 43.053 42.933 43.278 42.876 42.728 42.771 47.058 43.706 43.013 43.683 43.603 42.696 43.011 43.286 42.391 44.228 44.101 42.121 42.601 43.336 42.652 42.809
