All_lidar/sz5691_DSM_2M.asc
ncols 500
nrows 500
xllcorner    456000
yllcorner    91000
cellsize     2
NODATA_value -9999
[rows 224 to 255 of 500, columns 216 to 287 of 500]
35.42 35.285 35.155 34.953 34.765 34.57 34.38 34.198 33.998 33.813 33.615 33.408 33.27 33.303 32.713 32.538 32.32 32.13 31.903 31.898 32.853 32.758 31.985 31.298 31.403 31.52 29.993 29.923 29.763 29.728 29.68 29.658 29.568 29.445 29.328 29.205 29.168 29.24 29.39 29.503 29.658 29.83 30.023 30.25 30.495 30.765 31.093 31.398 31.703 31.963 32.225 32.445 32.665 32.843 32.995 33.108 33.23 33.448 33.69 34.195 34.663 34.965 35.045 35.178 35.403 35.173 35.275 36.093 35.533 35.668 35.738 35.85
35.353 35.213 35.013 34.848 34.66 34.433 34.24 34.078 33.918 33.735 33.498 33.305 33.105 33.158 32.598 32.453 32.225 32.02 31.765 31.515 31.733 32.265 32.265 31 29.638 30.038 30.118 29.905 29.805 29.72 29.655 29.585 29.495 29.433 29.35 29.26 29.238 29.388 29.53 29.665 29.785 29.958 30.14 30.37 30.593 30.905 31.268 31.61 31.875 32.138 32.388 32.59 32.775 32.953 33.118 33.225 33.415 33.588 34.328 35.663 34.565 34.82 36.31 35.493 35.643 35.27 35.565 35.523 35.643 35.713 35.813 35.95
35.343 35.113 34.88 34.693 34.498 34.308 34.165 34.008 33.828 33.628 33.403 33.188 33.02 32.753 32.52 32.338 32.095 31.888 31.62 31.475 31.483 31.8 31.59 30.803 29.628 30.2 30.128 29.933 29.828 29.725 29.583 29.473 29.383 29.385 29.36 29.328 29.415 29.588 29.718 29.838 29.925 30.07 30.26 30.49 30.755 31.05 31.423 31.778 32.048 32.278 32.523 32.693 32.865 33.07 33.238 33.383 33.585 33.915 34.825 35.563 34.913 35.023 35.233 35.175 35.32 35.343 36.223 35.648 35.715 35.865 35.965 36.03
35.283 35.023 34.785 34.6 34.418 34.225 34.078 33.92 33.725 33.51 33.333 33.11 32.865 32.585 32.355 32.195 31.985 31.71 31.593 31.52 31.673 31.34 31 29.945 30.03 30.28 30.145 29.958 29.818 29.733 29.553 29.435 29.385 29.368 29.368 29.395 29.555 29.79 29.92 30 30.095 30.213 30.385 30.625 30.875 31.153 31.5 31.885 32.15 32.408 32.603 32.76 32.973 33.208 33.4 33.603 33.803 34.43 35.048 35.518 34.923 35.085 35.273 35.333 35.425 35.465 35.675 35.778 35.853 35.953 36.123 36.178
35.17 34.935 34.705 34.51 34.368 34.228 34.018 33.818 33.613 33.4 33.19 32.965 32.78 32.505 32.32 32.1 31.895 31.668 31.625 31.76 32.055 30.388 29.893 29.883 30.255 30.255 30.065 29.908 29.805 29.71 29.555 29.468 29.42 29.378 29.383 29.435 29.608 29.89 30.075 30.168 30.258 30.363 30.52 30.73 30.968 31.273 31.605 31.938 32.195 32.428 32.625 32.868 33.135 33.373 33.593 33.795 34.025 34.82 35.148 35.573 35.083 35.273 35.37 35.438 35.483 35.578 35.718 35.843 35.948 36.04 36.163 36.258
35.083 34.855 34.66 34.495 34.313 34.133 33.938 33.73 33.523 33.328 33.078 32.83 32.61 32.415 32.238 32 31.773 31.673 31.768 32.755 31.583 30.138 30.358 30.405 30.335 30.143 30.003 29.848 29.755 29.683 29.565 29.498 29.458 29.423 29.425 29.478 29.66 29.96 30.17 30.283 30.388 30.535 30.708 30.908 31.145 31.453 31.743 32.058 32.298 32.508 32.753 33.01 33.303 33.573 33.783 33.993 34.26 35.088 35.528 35.608 35.288 35.418 35.478 35.53 35.593 35.66 35.843 35.973 36.053 36.163 36.28 36.373
34.955 34.818 34.61 34.423 34.233 34.078 33.88 33.653 33.47 33.258 32.948 32.703 32.498 32.353 32.158 31.923 31.698 32.918 37.963 35.913 37.038 30.665 30.595 30.418 30.25 30.088 29.945 29.805 29.728 29.653 29.568 29.538 29.488 29.478 29.5 29.568 29.71 29.968 30.195 30.343 30.473 30.653 30.89 31.1 31.318 31.598 31.888 32.22 32.488 32.738 32.983 33.26 33.523 33.758 33.963 34.15 34.635 35.083 35.33 35.948 35.813 35.538 35.59 35.663 35.735 35.823 35.925 36.07 36.17 36.283 36.39 36.448
34.835 34.71 34.495 34.315 34.128 33.95 33.763 33.57 33.383 33.178 32.92 32.68 32.435 32.238 32.103 31.898 31.588 32.74 34.95 33.445 32.828 31.143 30.555 30.358 30.19 30.045 29.903 29.79 29.693 29.64 29.605 29.598 29.55 29.57 29.59 29.693 29.81 29.978 30.178 30.355 30.515 30.763 31.038 31.288 31.5 31.755 32.078 32.433 32.76 33.005 33.23 33.51 33.75 33.978 34.115 34.31 34.91 35.005 35.388 35.74 35.89 35.795 35.77 35.848 35.89 35.968 36.08 36.19 36.345 36.403 36.498 36.583
34.718 34.638 34.398 34.17 34.02 33.833 33.655 33.485 33.248 33.038 32.813 32.603 32.378 32.19 32.025 31.753 31.493 31.49 33.555 36.628 35.485 33.435 33.285 33.848 32.318 29.978 29.863 29.753 29.685 29.645 29.625 29.643 29.598 29.635 29.72 29.825 29.945 30.075 30.19 30.353 30.548 30.825 31.148 31.455 31.735 31.97 32.278 32.598 32.948 33.213 33.445 33.705 33.925 34.158 34.293 34.46 35.308 35.15 35.56 35.773 37.383 37.365 35.843 35.885 35.953 36.025 36.173 36.333 36.485 36.513 36.615 36.75
34.73 34.568 34.283 34.053 33.908 33.82 33.61 33.383 33.148 32.923 32.713 32.448 32.24 32.073 31.905 31.658 31.413 32.553 34.87 36.663 33.1 30.583 30.488 31.8 30.095 29.948 29.848 29.748 29.7 29.693 29.693 29.68 29.678 29.728 29.898 30.05 30.135 30.223 30.27 30.42 30.615 30.905 31.248 31.563 31.868 32.15 32.46 32.778 33.108 33.408 33.645 33.853 34.07 34.275 34.425 34.865 35.548 35.915 36.045 35.705 36.728 36.468 35.888 35.983 36.133 36.115 36.19 36.398 36.553 36.605 36.763 36.928
34.625 34.393 34.178 34.393 33.838 33.685 33.453 33.275 33.083 32.958 32.623 32.373 32.213 32.18 31.838 31.598 31.448 31.663 31.535 32.963 32.268 30.49 30.38 30.19 30.035 29.91 29.84 29.755 29.748 29.753 29.768 29.755 29.753 29.893 30.1 30.285 30.353 30.418 30.463 30.558 30.723 31.013 31.343 31.68 31.995 32.368 32.65 32.963 33.26 33.555 33.783 33.958 34.18 34.41 34.588 34.98 35.553 35.658 35.52 35.628 35.708 35.853 35.93 36.013 36.12 36.25 36.363 36.545 36.64 36.743 36.915 37.098
34.555 34.335 34.125 33.883 33.745 34.633 33.525 33.113 32.845 32.67 32.455 32.243 32.088 32.18 31.858 31.595 31.408 31.58 31.088 29.983 30.41 30.428 30.328 30.158 29.993 29.893 29.843 29.813 29.805 29.838 29.83 29.84 29.915 30.11 30.325 30.475 30.548 30.625 30.69 30.785 30.915 31.153 31.463 31.813 32.168 32.563 32.855 33.135 33.403 33.655 33.878 34.045 34.288 34.52 34.685 34.998 35.588 35.738 35.573 35.678 35.903 35.983 36.038 36.09 36.265 36.403 36.93 36.67 36.8 36.963 37.06 37.223
34.545 34.333 34.145 33.9 33.938 34.248 33.45 33.078 32.83 32.613 32.38 32.223 32.035 31.793 31.57 31.28 31.27 31.74 30.433 30.36 30.435 30.378 30.28 30.115 29.993 29.898 29.873 29.85 29.858 29.883 29.905 29.955 30.053 30.288 30.515 30.655 30.765 30.825 30.91 31.028 31.178 31.368 31.608 31.933 32.29 32.645 32.983 33.298 33.535 33.765 33.948 34.173 34.415 34.638 34.838 34.885 35.76 35.773 35.678 35.788 35.945 36.128 36.185 36.213 36.403 36.458 37.428 36.81 36.933 37.08 37.2 37.36
34.465 34.273 34.058 33.92 33.785 33.528 33.355 33.135 32.92 32.675 32.453 32.278 32.06 31.88 31.618 31.255 30.953 30.71 31.405 30.528 30.473 30.363 30.265 30.12 30.02 29.955 29.878 29.888 29.943 29.99 30.023 30.098 30.288 30.485 30.695 30.84 30.948 31.043 31.15 31.323 31.453 31.613 31.8 32.055 32.388 32.73 33.065 33.37 33.63 33.86 34.08 34.298 34.548 34.753 34.92 35.043 36.138 35.898 35.765 35.905 36.055 36.153 36.263 36.318 36.468 36.513 36.59 37.343 37.08 37.228 37.323 37.483
34.433 34.205 33.993 33.818 33.653 33.47 33.333 33.105 32.89 32.655 32.42 32.245 32.053 31.863 31.55 31.168 30.91 30.35 30.313 30.623 30.498 30.348 30.245 30.105 30.063 30.023 29.998 29.975 29.995 30.038 30.095 30.243 30.46 30.708 30.89 31.02 31.135 31.28 31.448 31.598 31.748 31.895 32.075 32.265 32.513 32.803 33.138 33.425 33.708 34 34.195 34.428 34.655 34.858 35.018 35.28 36.345 35.86 35.87 36.038 36.16 36.21 36.273 36.353 36.573 36.63 36.675 37.105 37.198 37.26 37.385 37.545
34.323 34.133 33.938 33.745 33.535 33.368 33.2 33.02 32.81 32.573 32.358 32.185 32.005 31.765 31.515 31.15 30.803 30.2 30.365 30.655 30.483 30.34 30.223 30.098 30.055 30.063 30.055 30.043 30.058 30.123 30.185 30.353 30.62 30.908 31.103 31.21 31.32 31.52 31.678 31.865 32.03 32.213 32.355 32.548 32.695 32.913 33.24 33.53 33.813 34.078 34.31 34.52 34.735 34.945 35.075 35.41 36.33 35.93 35.968 36.128 36.235 36.268 36.318 36.413 36.715 36.73 36.85 37.183 37.28 37.36 37.47 37.6
34.288 34.09 33.908 33.71 33.513 33.323 33.12 32.94 32.728 32.513 32.323 32.13 31.925 31.755 31.515 31.16 30.703 30.228 30.7 30.608 30.43 30.34 30.213 30.113 30.075 30.073 30.073 30.08 30.128 30.208 30.305 30.48 30.76 31.045 31.243 31.415 31.563 31.688 31.903 32.07 32.245 32.423 32.575 32.798 32.933 33.135 33.39 33.713 33.985 34.223 34.44 34.7 34.898 35.058 35.178 35.528 36.495 36.005 36.105 36.24 36.29 36.3 36.343 36.513 36.795 36.865 36.993 37.253 37.488 37.423 37.573 37.688
34.218 34.028 33.83 33.65 33.5 33.305 33.085 32.885 32.7 32.49 32.285 32.133 31.93 31.72 31.475 31.205 30.89 30.34 30.708 30.59 30.393 30.323 30.19 30.13 30.093 30.09 30.1 30.14 30.233 30.353 30.48 30.675 30.958 31.17 31.385 31.575 31.758 31.883 32.04 32.22 32.408 32.593 32.823 33.078 33.295 33.483 33.748 34.018 34.293 34.535 34.775 35.008 35.15 35.24 35.323 36.02 36.588 36.05 36.208 36.33 36.405 36.458 36.51 36.653 36.955 36.965 37.165 37.36 37.44 37.508 37.655 37.718
34.158 33.955 33.788 33.63 33.453 33.253 33.048 32.86 32.685 32.508 32.29 32.105 31.91 31.71 31.448 31.265 31.01 30.62 30.61 30.488 30.383 30.298 30.193 30.165 30.133 30.135 30.155 30.238 30.35 30.455 30.61 30.83 31.068 31.288 31.508 31.7 31.88 32.065 32.218 32.395 32.568 32.853 33.14 33.423 33.67 33.94 34.153 34.375 34.598 34.81 35.035 35.22 35.325 35.403 35.45 36.288 36.588 36.143 36.288 36.423 36.898 36.58 36.628 36.788 36.983 37.05 37.233 37.405 37.478 37.58 37.68 37.74
34.105 33.908 33.743 33.595 33.403 33.223 33.01 32.84 32.663 32.473 32.288 32.105 31.893 31.658 31.418 31.188 30.963 30.713 30.575 30.465 30.398 30.298 30.228 30.19 30.19 30.193 30.23 30.303 30.41 30.583 30.778 30.94 31.133 31.343 31.58 31.768 31.993 32.21 32.473 32.69 32.88 33.125 33.468 33.75 34.018 34.248 34.45 34.64 34.823 35.02 35.203 35.35 35.445 35.47 35.623 36.468 36.508 36.233 36.355 36.445 36.635 36.798 36.823 36.868 36.94 37.048 37.285 37.398 37.463 37.588 37.73 37.845
34.023 33.858 33.673 33.523 33.353 33.145 32.963 32.778 32.598 32.423 32.243 32.075 31.88 31.638 31.383 31.265 30.93 30.573 30.54 30.463 30.423 30.343 30.265 30.24 30.218 30.23 30.263 30.378 30.513 30.708 30.868 31.023 31.188 31.383 31.593 31.843 32.083 32.368 32.7 32.975 33.218 33.463 33.765 34.048 34.293 34.483 34.638 34.793 34.918 35.08 35.243 35.395 35.483 35.535 35.64 36.605 36.438 36.31 36.413 36.498 36.665 36.833 36.81 36.92 37.028 37.093 37.328 37.46 37.558 37.678 37.793 37.918
33.938 33.783 33.625 33.44 33.27 33.08 32.88 32.683 32.523 32.343 32.193 32.065 31.833 31.628 31.335 31.165 30.58 30.435 30.588 30.54 30.468 30.378 30.333 30.303 30.28 30.295 30.335 30.46 30.595 30.793 30.93 31.06 31.213 31.398 31.653 31.925 32.178 32.538 32.928 33.24 33.455 33.72 34.023 34.325 34.505 34.638 34.763 34.868 34.978 35.15 35.305 35.423 35.505 35.613 35.653 36.063 36.363 36.35 36.46 36.563 36.638 36.725 36.823 36.998 37.128 37.198 37.418 37.63 37.765 37.8 37.86 38.035
33.908 33.73 33.575 33.388 33.19 32.993 32.79 32.605 32.428 32.293 32.163 31.998 31.82 31.623 31.288 30.943 30.375 30.74 30.728 30.665 30.56 30.448 30.418 30.348 30.33 30.373 30.47 30.573 30.713 30.833 30.963 31.12 31.285 31.483 31.763 32.043 32.33 32.7 33.11 33.42 33.7 34.103 34.375 34.625 34.753 34.868 34.92 34.978 35.058 35.203 35.368 35.49 35.585 35.675 35.745 36.305 36.365 36.408 36.51 36.66 36.763 36.845 36.968 37.15 37.315 37.288 37.478 37.658 37.778 37.75 37.83 38.15
33.905 33.72 33.543 33.348 33.113 32.913 32.715 32.53 32.398 32.245 32.12 31.983 31.765 31.528 31.27 30.91 30.398 30.793 30.83 30.775 30.675 30.535 30.435 30.4 30.44 30.483 30.57 30.678 30.778 30.928 31.068 31.193 31.333 31.54 31.79 32.1 32.49 32.923 33.32 33.63 33.915 34.273 34.648 34.813 34.98 35.025 35.063 35.12 35.185 35.338 35.463 35.585 35.708 35.785 35.845 36.75 36.408 36.443 36.585 36.768 36.91 36.99 37.088 37.19 37.238 37.38 37.543 37.995 37.728 37.758 38.173 38.51
33.86 33.685 33.46 33.26 33.045 32.825 32.643 32.48 32.345 32.183 32.05 31.928 31.743 31.493 31.23 30.978 30.453 30.833 30.898 30.838 30.725 30.58 30.498 30.533 30.57 30.583 30.658 30.755 30.878 30.985 31.14 31.263 31.423 31.628 31.853 32.205 32.578 33.063 33.513 33.855 34.145 34.37 34.635 34.883 35.05 35.128 35.193 35.25 35.31 35.468 35.608 35.72 35.85 35.888 36.37 36.825 36.453 36.505 36.7 36.873 36.953 37.043 37.173 37.413 37.463 37.575 37.675 38.42 38.133 38.653 38.775 38.458
33.845 33.663 33.468 33.218 33.005 32.798 32.618 32.445 32.29 32.14 32 31.863 31.688 31.45 31.16 30.833 30.495 30.848 30.93 30.89 30.748 30.613 30.57 30.615 30.658 30.69 30.735 30.835 30.953 31.07 31.205 31.373 31.503 31.683 31.958 32.258 32.67 33.133 33.588 34.005 34.293 34.51 34.75 34.94 35.113 35.238 35.29 35.32 35.398 35.525 35.693 35.825 35.933 36.048 36.645 36.855 36.433 36.535 36.723 36.913 37.05 37.203 37.453 37.355 37.493 37.785 38.075 38.358 38.11 37.763 37.718 37.768
33.84 33.668 33.468 33.215 32.98 32.778 32.58 32.408 32.253 32.108 31.95 31.788 31.633 31.405 31.183 31.038 30.603 30.885 31.013 30.949 30.786 30.676 30.678 30.692 30.714 30.768 30.859 30.923 31.055 31.165 31.325 31.45 31.598 31.78 32.018 32.373 32.778 33.26 33.688 34.055 34.35 34.593 34.81 35.05 35.198 35.323 35.373 35.465 35.525 35.615 35.793 35.91 35.99 36.123 36.498 36.965 36.425 36.575 36.868 37.273 37.168 37.093 37.283 37.65 38.225 38.148 37.918 37.48 37.475 37.598 37.718 37.775
33.843 33.663 33.465 33.203 32.98 32.788 32.578 32.366 32.193 32.058 31.922 31.763 31.574 31.398 31.252 31.075 30.663 30.995 31.12 31.037 30.865 30.801 30.779 30.774 30.806 30.849 30.935 31.034 31.153 31.298 31.445 31.597 31.722 31.885 32.123 32.43 32.868 33.345 33.775 34.113 34.383 34.613 34.865 35.045 35.198 35.353 35.463 35.538 35.623 35.725 35.85 35.985 36.088 36.365 37.235 36.945 36.5 36.61 36.928 37.2 37.355 37.55 37.925 37.928 37.413 37.183 37.29 37.425 37.475 37.585 37.67 37.783
33.87 33.68 33.455 33.203 32.995 32.779 32.574 32.372 32.186 32.007 31.844 31.705 31.542 31.362 31.286 31.126 31.075 31.242 31.245 31.158 30.991 30.925 30.89 30.883 30.904 30.992 31.076 31.176 31.295 31.432 31.588 31.722 31.848 32.038 32.273 32.618 33 33.44 33.848 34.165 34.403 34.62 34.825 35.083 35.158 35.36 35.503 35.67 35.723 35.91 35.998 36.088 36.095 36.355 37.293 36.808 36.695 36.82 37.425 37.695 37.355 37.188 36.865 36.98 37.06 37.168 37.258 37.328 37.45 37.898 39.105 39.503
33.893 33.695 33.475 33.239 33.026 32.761 32.512 32.299 32.095 31.924 31.787 31.656 31.552 31.44 31.373 31.114 30.798 31.117 31.26 31.234 31.113 31.032 30.992 31.005 31.039 31.148 31.282 31.395 31.501 31.644 31.798 31.927 32.069 32.227 32.469 32.828 33.158 33.533 33.9 34.233 34.415 34.918 35.81 36.245 36.328 36.455 36.648 36.538 36.7 36.765 37.105 37.11 36.158 36.63 37.823 37.728 37.538 36.813 37.003 36.633 36.66 36.798 36.893 36.958 37.063 37.16 37.265 37.583 38.123 39.505 41.653 42.685
33.925 33.75 33.536 33.278 33.043 32.777 32.491 32.294 32.083 31.906 31.806 31.716 31.688 31.705 31.669 31.315 30.985 31.258 31.393 31.268 31.185 31.157 31.119 31.13 31.184 31.339 31.511 31.632 31.762 31.878 32.028 32.157 32.277 32.438 32.667 32.971 33.282 33.62 33.978 34.328 35.03 35.81 35.48 35.043 34.945 35.013 35.125 35.318 35.59 35.75 36 36.035 36.133 36.233 37.13 36.808 36.448 36.42 36.51 36.573 36.665 36.73 36.878 37.005 37.165 37.805 38.263 38.31 37.835 38.2 39.668 39.518
33.935 33.751 33.529 33.313 33.063 32.81 32.532 32.315 32.127 31.98 31.868 31.814 31.799 31.866 32.004 31.847 31.412 31.584 31.561 31.357 31.307 31.299 31.254 31.259 31.352 31.537 31.754 31.866 32.003 32.144 32.31 32.381 32.493 32.644 32.87 33.267 33.576 33.771 34.252 35.175 35.343 34.618 34.405 34.515 34.668 34.863 35.068 35.303 35.553 35.723 35.845 35.975 36.098 36.18 36.203 36.293 36.365 36.38 36.46 36.558 36.685 36.85 37.418 37.645 37.838 37.723 37.6 37.618 37.708 37.96 38.375 39.578
