All_lidar/sz5685_DSM_2M.asc
ncols 500
nrows 500
xllcorner    456000
yllcorner    85000
cellsize     2
NODATA_value -9999
[rows 0 to 31 of 500, columns 72 to 143 of 500]
6.544 6.494 6.542 6.479 6.517 6.522 6.484 6.574 6.479 6.469 6.644 7.344 6.812 6.417 6.659 6.282 6.142 7.177 6.362 7.699 6.362 6.832 6.679 6.572 6.487 6.467 6.494 6.519 6.364 6.364 6.242 6.264 6.307 6.277 6.254 6.312 6.277 6.287 6.304 6.212 6.269 6.209 6.299 6.227 6.309 6.329 6.379 6.397 6.494 6.832 7.627 8.207 8.184 8.349 8.414 8.552 8.689 8.864 9.049 9.197 9.357 9.494 9.622 9.762 9.849 9.889 9.944 9.949 9.962 10.022 10.002 10.014
6.507 6.494 6.534 6.504 6.504 6.579 6.514 6.504 6.569 6.489 6.837 6.874 7.117 6.994 6.887 6.599 6.572 6.192 6.569 6.112 6.342 6.662 6.529 6.714 6.539 6.622 6.572 6.519 6.362 6.352 6.277 6.327 6.279 6.339 6.274 6.297 6.209 6.244 6.282 6.192 6.312 6.352 6.242 6.169 6.352 6.474 6.319 6.469 6.397 6.219 6.632 8.207 8.397 8.274 8.399 8.479 8.604 8.759 8.919 9.067 9.307 9.397 9.612 9.634 9.724 9.804 9.834 9.872 9.907 9.927 9.914 10.042
6.454 6.544 6.517 6.537 6.572 6.652 6.657 6.539 6.524 6.652 6.679 6.754 7.039 6.257 7.017 6.382 6.749 6.452 6.994 6.524 6.912 6.527 6.682 6.682 6.524 6.619 6.514 6.604 6.429 6.207 6.352 6.294 6.339 6.294 6.309 6.322 6.224 6.274 6.214 6.352 6.349 6.314 6.362 6.182 6.204 6.287 6.297 6.479 6.659 6.422 6.717 7.854 9.194 8.749 8.359 8.424 8.559 8.709 8.834 8.992 9.167 9.319 9.462 9.589 9.654 9.707 9.747 9.794 9.857 9.879 9.922 9.907
6.497 6.602 6.602 6.604 6.587 6.654 6.582 6.547 6.479 6.504 6.714 6.414 6.377 6.184 6.469 6.659 6.547 6.259 6.647 6.662 6.572 6.644 6.597 6.512 6.472 6.619 6.577 6.609 6.572 6.279 6.329 6.414 6.387 6.307 6.299 6.324 6.274 6.312 6.359 6.219 6.277 6.427 6.279 6.219 6.297 6.309 6.257 6.349 6.549 6.647 6.417 6.874 8.242 8.917 8.314 8.427 8.529 8.614 8.732 8.884 9.014 9.159 9.357 9.464 9.557 9.632 9.699 9.772 9.842 9.864 9.899 9.917
6.452 6.477 6.549 6.644 6.629 6.657 6.532 6.524 6.542 6.697 6.767 6.717 6.304 6.309 6.224 6.447 6.072 6.119 7.319 8.112 7.097 7.337 6.807 6.592 6.572 6.519 6.637 6.704 6.612 6.494 6.502 6.299 6.417 6.417 6.387 6.342 6.424 6.359 6.349 6.319 6.269 6.304 6.289 6.262 6.442 6.449 6.259 6.324 6.584 6.624 6.602 6.332 7.194 8.052 8.289 8.314 8.467 8.569 8.674 8.794 8.929 9.077 9.247 9.359 9.474 9.539 9.644 9.682 9.694 9.759 9.767 9.749
6.439 6.519 6.589 6.569 6.607 6.579 6.487 6.589 6.447 6.507 6.629 6.582 6.369 6.859 6.314 6.072 5.994 6.872 7.584 7.394 8.474 7.169 7.024 6.649 6.609 6.579 6.654 6.552 6.582 6.392 6.342 6.262 6.457 6.402 6.484 6.277 6.364 6.364 6.374 6.404 6.399 6.329 6.302 6.369 6.219 6.277 6.367 6.324 6.207 6.257 6.472 6.354 6.132 6.984 7.759 8.202 8.369 8.484 8.639 8.754 8.854 9.007 9.137 9.237 9.347 9.439 9.529 9.554 9.619 9.637 9.644 9.639
6.564 6.492 6.529 6.467 6.479 6.604 6.647 6.464 6.579 6.592 6.629 6.657 6.544 6.697 6.454 6.072 7.674 7.984 7.079 7.642 6.959 7.562 7.129 6.749 6.564 6.604 6.639 6.564 6.479 6.477 6.464 6.264 6.307 6.349 6.404 6.377 6.347 6.244 6.397 6.369 6.372 6.279 6.367 6.239 6.367 6.352 6.507 6.607 6.124 6.199 6.277 6.262 5.932 5.919 7.062 7.617 8.217 8.407 8.574 8.704 8.804 8.922 9.072 9.169 9.279 9.374 9.434 9.492 9.499 9.544 9.564 9.544
6.629 6.614 6.494 6.527 6.574 6.612 6.682 6.657 6.527 6.552 6.562 6.594 6.602 6.462 6.417 6.049 6.407 7.554 7.622 6.244 6.102 6.784 7.204 6.739 6.614 6.647 6.629 6.577 6.567 6.437 6.297 6.334 6.387 6.362 6.367 6.344 6.449 6.402 6.329 6.247 6.322 6.354 6.319 6.337 6.344 6.302 6.442 6.417 5.989 6.092 6.104 6.164 6.109 5.827 6.797 6.867 7.632 8.369 8.519 8.679 8.742 8.854 8.967 9.054 9.159 9.252 9.304 9.369 9.417 9.389 9.409 9.434
6.582 6.554 6.582 6.577 6.454 6.479 6.477 6.574 6.564 6.622 6.612 6.627 6.497 6.539 6.399 6.152 6.947 7.834 7.162 6.187 6.182 6.689 9.042 6.657 6.689 6.487 6.584 6.584 6.554 6.539 6.447 6.554 6.467 6.319 6.302 6.632 7.127 6.657 6.449 6.287 6.329 6.452 6.449 6.479 6.349 6.297 6.837 6.559 5.984 6.049 7.287 7.044 7.149 7.099 8.282 11.922 7.737 8.572 8.494 8.339 8.587 8.817 9.007 9.097 9.167 9.217 9.247 9.364 9.294 9.262 9.184 9.072
6.609 6.594 6.514 6.444 6.514 6.484 6.467 6.424 6.557 6.652 6.614 6.539 6.534 6.402 6.382 6.437 6.157 6.049 6.929 7.184 7.039 9.257 6.329 6.819 6.629 6.579 6.522 6.469 6.402 6.557 6.482 6.214 6.367 6.494 6.334 9.429 9.779 7.922 6.582 6.602 6.549 6.269 6.344 6.407 6.307 6.682 7.407 7.227 6.122 6.387 6.127 7.157 9.134 6.704 6.099 8.234 7.564 7.309 8.779 8.219 8.454 10.009 10.089 8.759 8.887 9.109 8.979 8.847 8.414 8.089 8.144 11.124
6.517 6.524 6.392 6.474 6.532 6.614 6.479 6.497 6.484 6.554 6.434 6.499 6.619 6.407 6.477 6.437 6.349 6.072 7.342 7.522 10.337 6.712 6.347 6.634 6.619 6.544 6.512 6.459 6.632 6.677 6.329 6.244 6.257 6.474 7.129 9.397 10.064 10.372 9.524 8.632 7.949 6.242 6.232 6.229 6.929 7.079 6.969 6.539 6.034 6.322 8.292 8.819 6.719 7.399 6.274 6.384 7.264 7.959 10.762 9.567 7.222 9.227 8.112 7.407 7.412 7.322 7.339 7.214 7.217 7.104 7.249 14.057
6.522 6.504 6.522 6.554 6.492 6.469 6.502 6.484 6.424 6.407 6.307 6.429 6.394 6.449 6.354 6.312 6.334 6.227 6.392 7.132 8.429 7.727 6.869 6.882 6.634 6.484 6.542 6.389 6.344 6.134 6.542 6.182 6.244 6.247 7.149 8.359 8.654 8.954 9.524 8.522 7.734 7.867 6.539 6.844 6.404 6.697 7.132 7.259 7.744 6.117 8.134 7.829 6.717 8.759 8.452 7.264 7.962 8.484 11.047 10.622 8.037 8.102 7.189 7.134 7.239 7.274 7.279 7.299 7.292 7.299 7.384 11.444
6.687 6.549 6.522 6.497 6.419 6.457 6.444 6.432 6.477 6.497 6.367 6.404 6.339 6.637 6.127 6.292 6.214 6.309 6.249 6.354 6.394 6.062 6.162 8.527 8.287 6.154 6.537 6.687 6.337 6.289 7.404 6.447 6.512 6.439 6.307 7.349 7.132 8.549 8.739 8.557 7.349 6.579 8.394 7.999 7.194 7.194 7.537 8.742 8.854 6.604 7.254 6.874 8.119 7.109 7.404 7.422 7.062 7.094 7.139 7.427 7.172 7.164 8.282 7.257 7.279 7.289 7.364 7.454 7.562 7.662 7.714 7.857
6.904 6.537 6.357 6.382 6.372 6.369 6.714 6.489 6.434 6.474 6.657 6.242 6.477 6.192 6.109 6.134 6.182 6.439 6.502 6.357 6.079 6.167 6.057 6.952 8.254 6.302 6.027 5.977 6.499 6.087 6.307 6.444 6.249 6.379 6.402 8.477 10.732 12.364 7.954 9.024 8.757 7.854 8.907 8.697 7.924 7.137 7.204 7.009 7.759 7.072 7.027 7.054 7.054 7.052 7.027 7.034 6.997 6.987 7.042 7.024 7.104 7.124 7.232 7.727 7.392 7.502 7.509 7.642 7.902 7.799 7.777 11.317
6.542 6.427 6.552 6.232 6.497 6.807 6.819 6.464 6.362 6.454 6.357 6.444 6.244 6.229 6.292 6.147 6.699 6.222 6.179 6.557 7.872 6.904 7.787 6.482 5.954 6.024 6.062 6.532 6.449 6.112 6.437 6.212 6.274 6.492 7.092 7.892 7.279 9.594 9.342 7.817 7.324 7.007 7.054 6.944 6.942 6.982 6.969 6.959 6.969 6.957 6.967 6.997 6.989 6.987 6.892 6.929 6.749 6.719 6.742 6.734 6.829 6.852 7.102 6.837 6.859 7.354 7.564 7.727 7.629 9.262 9.907 11.019
6.517 6.309 6.789 6.247 8.054 7.102 7.014 6.714 6.457 6.337 6.292 6.304 6.447 6.217 6.094 6.102 6.154 6.342 6.477 7.417 7.297 6.872 6.319 6.454 7.834 8.662 7.334 10.329 8.229 8.919 7.977 6.974 6.777 6.967 6.939 6.962 6.934 6.947 6.917 6.922 6.917 6.944 6.964 6.984 6.967 6.997 6.984 6.972 6.902 6.812 6.687 6.514 6.382 6.394 6.322 6.194 6.057 5.914 6.302 6.417 6.267 6.237 6.184 6.182 6.199 6.379 7.114 8.472 7.089 7.452 8.117 13.644
7.137 6.787 6.399 6.169 8.352 7.772 7.202 6.567 6.617 6.352 6.277 6.302 6.124 5.997 5.984 6.162 5.982 6.199 6.492 7.174 7.172 7.272 7.604 8.592 7.922 9.007 10.119 8.852 7.339 7.049 7.042 7.052 6.962 6.927 6.897 6.899 6.894 6.959 6.984 7.004 6.984 7.004 6.972 6.869 6.682 6.504 6.429 6.304 6.204 5.907 5.729 5.567 5.459 5.217 5.494 5.394 6.194 4.754 5.609 5.809 5.909 5.849 5.764 5.872 5.974 6.134 6.709 7.162 8.257 8.427 9.599 8.554
6.997 7.924 8.317 6.852 8.494 7.834 8.089 7.484 6.987 6.312 6.574 6.532 6.294 6.199 7.142 7.349 6.974 6.459 6.744 6.912 7.112 7.442 7.637 7.522 7.377 7.307 7.152 7.022 6.972 6.922 6.967 6.974 6.989 6.989 6.929 6.939 6.894 6.872 6.804 6.567 6.329 6.054 5.952 5.799 5.349 6.137 5.204 5.424 4.859 7.079 7.614 8.672 9.157 9.002 10.259 7.314 8.762 6.637 5.892 5.132 5.537 6.744 5.682 5.724 5.832 5.904 6.027 7.754 8.599 7.624 7.797 7.859
6.809 6.407 6.804 7.429 8.167 6.692 10.092 9.107 7.729 6.304 6.267 6.259 9.087 6.987 9.532 11.394 9.524 7.044 7.472 7.359 7.339 7.202 7.164 7.067 6.969 6.999 6.982 6.949 6.977 6.977 6.969 6.957 6.867 6.792 6.684 6.469 6.184 5.762 5.594 5.272 7.377 8.404 6.827 7.532 8.099 9.119 8.099 7.314 4.569 5.207 7.062 8.802 8.852 7.637 8.507 9.527 9.157 8.682 6.732 9.854 8.494 7.672 5.714 5.724 5.794 5.772 5.804 5.887 6.009 6.384 6.854 6.657
6.919 7.942 7.837 7.604 7.484 8.417 8.717 8.529 8.457 7.424 8.122 9.024 9.499 9.534 8.327 8.374 7.369 7.222 7.137 7.094 7.057 7.054 7.044 7.024 7.039 6.984 6.929 6.829 6.714 6.612 6.392 6.347 6.282 5.977 5.627 5.437 5.542 8.512 7.899 9.587 7.714 8.604 6.977 6.677 7.714 6.252 5.547 5.449 4.907 4.779 5.324 6.469 7.707 5.784 5.329 5.344 5.342 5.454 7.754 6.277 10.309 10.564 6.297 5.697 5.774 5.764 5.802 5.822 5.884 5.917 6.047 6.119
7.574 6.972 6.869 6.757 6.959 7.917 10.117 9.009 8.677 7.907 6.864 7.167 7.407 7.272 7.132 7.114 7.017 6.982 7.032 7.049 7.089 7.064 7.012 7.417 7.192 6.667 6.279 6.039 5.892 5.787 5.607 5.402 5.212 4.812 4.567 6.409 8.324 8.642 8.014 8.762 5.479 5.017 5.322 5.547 5.924 8.719 5.612 5.712 5.727 5.782 5.852 5.914 6.397 5.949 5.899 5.917 5.947 5.879 5.609 5.372 7.989 10.107 7.574 5.307 5.629 5.814 5.864 5.847 5.847 5.879 5.922 5.942
7.872 8.607 8.259 8.584 8.409 7.514 8.279 7.547 7.292 7.142 7.019 6.909 6.912 6.909 6.959 7.007 6.989 6.972 6.982 7.072 6.939 6.979 7.247 6.822 6.322 5.907 5.439 5.882 6.929 7.074 6.302 4.629 4.224 4.262 4.589 5.784 6.474 6.212 5.834 6.207 5.734 5.799 5.839 5.897 5.937 6.004 5.932 5.924 5.882 5.907 5.922 5.969 5.922 5.919 5.854 5.887 5.874 5.944 5.907 5.742 5.562 5.274 8.302 7.124 6.167 5.732 5.869 5.907 5.922 5.904 5.862 5.877
7.487 8.697 7.979 8.004 7.452 6.847 6.802 6.802 6.784 6.827 6.814 6.804 6.672 6.639 6.557 6.499 6.372 6.184 6.167 6.147 6.634 6.552 6.094 6.424 8.214 7.989 9.319 9.879 10.567 9.902 7.352 4.904 4.764 5.022 5.344 5.614 5.717 5.929 5.902 5.979 5.992 6.022 6.022 6.039 6.012 5.994 5.962 5.912 5.912 5.924 5.964 5.947 5.914 5.912 5.812 5.662 5.522 5.594 5.782 5.772 5.729 6.204 6.689 7.359 7.172 5.582 5.889 5.949 5.954 5.974 5.924 5.884
7.047 6.807 6.724 6.672 6.704 6.717 6.702 6.664 6.587 6.507 6.292 5.954 6.082 5.284 7.632 6.449 5.777 4.947 4.427 6.644 8.594 8.719 6.782 7.099 9.989 10.212 8.957 8.912 7.814 7.514 6.264 5.574 5.672 5.749 5.842 5.932 6.014 6.012 5.997 5.987 5.954 5.982 5.954 5.959 5.967 5.879 5.862 5.849 5.842 5.899 5.932 5.924 5.929 6.112 6.007 5.744 5.504 5.309 5.329 5.497 5.662 5.942 6.512 5.747 6.212 5.047 5.817 5.969 6.022 6.039 5.997 6.022
6.597 6.659 6.647 6.672 6.637 6.482 6.322 6.072 5.804 6.127 6.524 7.657 9.152 11.074 12.077 10.619 7.692 4.794 4.539 6.497 8.054 7.342 6.217 5.307 7.027 6.847 8.672 8.037 7.869 8.079 6.184 5.949 5.947 5.969 6.049 6.094 6.064 6.022 5.932 5.877 5.867 5.879 5.909 5.899 5.817 5.794 5.757 5.767 5.842 5.849 5.882 5.914 6.109 6.624 6.802 6.479 5.977 5.477 5.279 5.272 5.417 5.634 5.727 5.337 4.932 5.289 5.697 5.964 6.034 6.117 6.162 6.137
6.564 6.439 6.334 6.189 6.849 6.477 6.619 7.184 10.244 11.782 13.007 10.139 10.734 9.127 8.714 7.059 5.312 5.452 5.452 5.542 5.582 5.649 5.949 5.804 5.802 6.454 5.907 7.332 5.994 6.837 6.007 6.012 5.962 5.949 5.962 6.004 5.997 5.947 5.827 5.802 5.772 5.789 5.817 5.762 5.729 5.737 5.699 5.752 5.854 5.849 5.852 5.884 6.069 6.519 6.879 7.014 6.779 6.222 5.564 5.467 5.294 5.444 5.619 5.819 4.722 5.422 5.694 6.032 6.104 6.217 6.269 6.259
5.942 5.877 7.622 8.119 10.022 10.142 11.082 11.207 12.937 12.489 9.719 10.339 7.489 6.369 6.542 7.199 5.972 5.897 5.842 5.927 5.957 5.984 6.012 6.019 6.017 6.012 6.009 5.969 6.004 6.024 5.982 5.924 5.877 5.832 5.837 5.902 5.914 5.884 5.822 5.774 5.769 5.754 5.747 5.727 5.692 5.634 5.672 5.759 5.819 5.824 5.827 5.807 5.904 5.987 6.194 6.737 7.067 6.829 6.372 5.872 5.329 5.312 5.454 5.619 5.022 4.237 4.834 5.872 6.204 6.272 6.269 6.279
6.824 8.404 9.544 9.812 8.702 10.484 8.342 9.587 7.302 9.267 8.272 6.919 5.889 5.937 5.967 5.957 5.969 6.039 6.057 6.032 6.037 6.039 5.999 5.974 5.964 5.952 5.937 5.907 5.929 5.939 5.917 5.884 5.859 5.822 5.824 5.867 5.872 5.877 5.832 5.797 5.767 5.772 5.742 5.699 5.664 5.712 5.727 5.807 5.769 5.734 5.752 5.779 5.769 5.767 5.852 6.109 6.772 7.002 6.877 6.482 5.932 5.337 5.409 5.484 5.269 4.572 4.499 5.397 6.047 6.257 6.264 6.254
7.257 5.977 6.004 5.262 5.184 5.577 9.197 7.447 8.874 10.377 7.682 6.542 5.854 5.859 5.877 5.914 5.909 5.969 5.979 5.999 5.967 5.977 5.932 5.932 5.894 5.892 5.884 5.847 5.827 5.852 5.857 5.814 5.809 5.779 5.757 5.772 5.764 5.784 5.784 5.794 5.744 5.707 5.689 5.669 5.649 5.727 5.782 5.799 5.762 5.704 5.752 5.722 5.692 5.704 5.717 5.807 6.184 6.787 7.032 6.777 6.212 5.674 5.409 5.454 5.282 6.692 8.044 5.097 5.724 6.027 6.174 6.232
5.482 5.527 5.919 5.949 6.264 5.969 5.967 5.912 5.869 5.867 6.052 5.764 5.739 5.762 5.777 5.814 5.867 5.889 5.939 5.932 5.944 5.957 5.937 5.912 5.872 5.839 5.779 5.744 5.707 5.702 5.732 5.732 5.677 5.684 5.667 5.644 5.647 5.652 5.702 5.769 5.772 5.729 5.687 5.652 5.629 5.707 5.769 5.742 5.712 5.734 5.774 5.749 5.692 5.684 5.694 5.667 5.744 6.129 6.692 6.882 6.587 6.022 5.539 5.554 5.422 5.332 4.752 5.079 5.529 5.744 5.967 6.114
5.952 5.912 5.894 5.912 5.869 5.842 5.834 5.814 5.789 5.769 5.749 5.739 5.742 5.757 5.782 5.827 5.837 5.884 5.887 5.914 5.909 5.922 5.874 5.849 5.782 5.772 5.697 5.669 5.644 5.637 5.617 5.597 5.597 5.642 5.644 5.609 5.584 5.632 5.622 5.722 5.744 5.787 5.759 5.717 5.684 5.719 5.722 5.722 5.652 5.682 5.732 5.724 5.704 5.637 5.687 5.624 5.617 5.687 6.002 6.452 6.522 6.174 5.804 5.622 5.467 6.767 6.057 4.747 5.434 5.577 5.802 5.972
5.884 5.827 5.799 5.804 5.812 5.799 5.782 5.804 5.774 5.779 5.799 5.777 5.824 5.784 5.774 5.797 5.809 5.837 5.867 5.862 5.857 5.862 5.829 5.789 5.759 5.714 5.644 5.587 5.582 5.579 5.534 5.532 5.537 5.582 5.584 5.594 5.549 5.589 5.589 5.687 5.714 5.777 5.722 5.707 5.722 5.712 5.664 5.692 5.642 5.679 5.704 5.667 5.649 5.612 5.649 5.642 5.604 5.577 5.597 5.937 6.084 5.949 5.849 5.754 5.402 4.864 4.242 4.872 5.329 5.582 5.622 5.759
