All_lidar/sz5689_DSM_2M.asc
ncols 500
nrows 500
xllcorner    456000
yllcorner    89000
cellsize     2
NODATA_value -9999
[rows 224 to 255 of 500, columns 144 to 215 of 500]
23.947 23.894 23.794 23.689 23.664 23.612 23.54 23.457 23.417 23.352 23.305 23.252 23.192 23.102 23.017 22.932 22.855 22.802 22.76 22.67 22.612 22.537 22.485 22.4 22.33 22.24 22.19 22.135 22.09 22.027 21.997 21.947 21.917 21.842 21.837 21.827 21.792 21.772 21.745 21.727 21.685 21.622 21.595 21.597 21.56 21.55 21.547 21.525 21.5 21.477 21.467 21.457 21.42 21.387 21.382 21.385 21.37 21.362 21.372 21.375 21.337 21.365 21.37 21.382 21.407 21.365 21.367 21.397 21.412 21.415 21.41 21.397
23.947 23.879 23.764 23.702 23.667 23.609 23.575 23.5 23.45 23.37 23.322 23.285 23.22 23.13 23.035 22.922 22.852 22.797 22.74 22.665 22.645 22.58 22.527 22.442 22.362 22.297 22.227 22.17 22.122 22.062 22.01 21.957 21.912 21.862 21.87 21.845 21.815 21.802 21.77 21.725 21.685 21.68 21.61 21.59 21.592 21.585 21.577 21.6 21.562 21.517 21.512 21.507 21.51 21.47 21.477 21.472 21.46 21.465 21.455 21.447 21.415 21.422 21.41 21.432 21.45 21.467 21.447 21.49 21.485 21.5 21.485 21.492
23.954 23.869 23.779 23.764 23.707 23.667 23.59 23.545 23.46 23.395 23.347 23.312 23.227 23.152 23.055 22.95 22.842 22.795 22.742 22.69 22.65 22.57 22.52 22.47 22.385 22.3 22.29 22.217 22.162 22.115 22.05 22.017 21.982 21.912 21.927 21.882 21.837 21.847 21.792 21.77 21.712 21.707 21.66 21.652 21.675 21.647 21.647 21.622 21.625 21.617 21.59 21.595 21.605 21.567 21.54 21.56 21.54 21.54 21.547 21.532 21.495 21.49 21.5 21.487 21.512 21.52 21.52 21.55 21.56 21.582 21.557 21.56
23.952 23.864 23.787 23.739 23.689 23.639 23.607 23.56 23.517 23.432 23.382 23.317 23.252 23.17 23.055 22.967 22.887 22.812 22.742 22.707 22.66 22.6 22.507 22.457 22.395 22.355 22.305 22.277 22.215 22.165 22.12 22.09 22.04 21.985 21.972 21.955 21.902 21.867 21.83 21.817 21.765 21.725 21.725 21.705 21.685 21.702 21.675 21.687 21.685 21.69 21.682 21.667 21.685 21.662 21.657 21.65 21.645 21.635 21.612 21.615 21.612 21.58 21.567 21.58 21.607 21.582 21.627 21.622 21.61 21.62 21.627 21.62
23.937 23.862 23.812 23.764 23.727 23.679 23.622 23.575 23.542 23.475 23.385 23.34 23.28 23.187 23.087 22.982 22.88 22.832 22.787 22.712 22.665 22.607 22.555 22.5 22.42 22.37 22.335 22.302 22.237 22.2 22.147 22.115 22.08 22.055 22.032 22.02 21.957 21.945 21.897 21.855 21.822 21.792 21.772 21.755 21.775 21.802 21.797 21.817 21.785 21.797 21.79 21.782 21.785 21.762 21.737 21.732 21.742 21.72 21.705 21.685 21.692 21.662 21.642 21.685 21.682 21.68 21.71 21.72 21.73 21.702 21.715 21.712
23.944 23.854 23.812 23.749 23.734 23.687 23.635 23.587 23.532 23.472 23.422 23.382 23.31 23.22 23.112 22.987 22.927 22.86 22.82 22.767 22.67 22.602 22.567 22.512 22.442 22.41 22.38 22.335 22.265 22.222 22.197 22.145 22.105 22.102 22.075 22.055 22.012 22.002 21.972 21.932 21.88 21.84 21.84 21.812 21.797 21.86 21.902 21.927 21.945 21.935 21.927 21.912 21.9 21.887 21.847 21.845 21.835 21.825 21.822 21.785 21.785 21.762 21.737 21.75 21.767 21.757 21.787 21.777 21.795 21.797 21.807 21.8
23.939 23.859 23.809 23.764 23.757 23.699 23.675 23.597 23.565 23.52 23.452 23.39 23.3 23.225 23.12 23.027 22.952 22.872 22.84 22.787 22.685 22.652 22.59 22.53 22.465 22.445 22.41 22.357 22.302 22.262 22.217 22.205 22.132 22.125 22.11 22.11 22.045 22.055 22.017 21.967 21.955 21.935 21.902 21.902 21.895 21.922 21.98 22.017 22.047 22.082 22.075 22.062 22.042 22.037 21.99 21.977 21.962 21.955 21.937 21.897 21.892 21.877 21.867 21.875 21.862 21.897 21.877 21.907 21.885 21.897 21.91 21.907
23.927 23.867 23.827 23.779 23.737 23.702 23.647 23.637 23.565 23.507 23.475 23.42 23.315 23.237 23.122 23.042 22.955 22.895 22.862 22.812 22.695 22.665 22.6 22.582 22.512 22.487 22.452 22.392 22.34 22.312 22.257 22.252 22.187 22.19 22.182 22.152 22.115 22.1 22.07 21.995 22.007 21.965 21.98 21.99 22.012 22.035 22.1 22.135 22.172 22.182 22.205 22.182 22.177 22.185 22.157 22.15 22.117 22.1 22.067 22.035 22.022 22.002 22.005 21.995 21.997 22 22.03 22.005 21.995 21.98 22.01 22.002
23.932 23.879 23.822 23.789 23.757 23.727 23.7 23.665 23.607 23.515 23.49 23.42 23.33 23.24 23.14 23.062 22.975 22.897 22.872 22.862 22.78 22.71 22.675 22.612 22.532 22.525 22.497 22.46 22.41 22.345 22.322 22.262 22.245 22.24 22.255 22.205 22.16 22.145 22.12 22.025 22.032 22.005 22.027 22.045 22.1 22.107 22.182 22.25 22.295 22.335 22.31 22.305 22.285 22.287 22.3 22.272 22.282 22.26 22.235 22.205 22.147 22.162 22.155 22.155 22.132 22.145 22.16 22.147 22.152 22.117 22.125 22.137
24.017 23.932 23.882 23.839 23.759 23.742 23.697 23.667 23.607 23.562 23.507 23.445 23.345 23.232 23.137 23.055 22.997 22.917 22.885 22.86 22.815 22.745 22.695 22.637 22.567 22.565 22.522 22.495 22.482 22.402 22.387 22.325 22.302 22.31 22.287 22.247 22.225 22.22 22.182 22.127 22.135 22.12 22.102 22.137 22.165 22.207 22.275 22.325 22.35 22.39 22.392 22.387 22.38 22.375 22.377 22.375 22.382 22.357 22.365 22.315 22.285 22.317 22.307 22.322 22.307 22.305 22.295 22.295 22.29 22.292 22.275 22.255
24.019 23.972 23.939 23.897 23.822 23.749 23.727 23.667 23.595 23.565 23.51 23.455 23.355 23.245 23.16 23.077 23.022 22.947 22.93 22.892 22.827 22.767 22.717 22.662 22.605 22.592 22.58 22.532 22.507 22.457 22.42 22.385 22.352 22.36 22.335 22.322 22.267 22.27 22.245 22.195 22.177 22.187 22.212 22.232 22.247 22.29 22.367 22.43 22.43 22.44 22.437 22.452 22.422 22.417 22.455 22.475 22.48 22.465 22.417 22.427 22.425 22.447 22.455 22.442 22.462 22.46 22.43 22.442 22.442 22.45 22.415 22.405
24.049 23.984 23.959 23.907 23.859 23.799 23.777 23.725 23.652 23.587 23.517 23.445 23.337 23.25 23.16 23.082 23.005 22.972 22.932 22.865 22.83 22.782 22.732 22.67 22.635 22.62 22.635 22.577 22.557 22.502 22.472 22.42 22.407 22.415 22.377 22.372 22.35 22.322 22.305 22.25 22.252 22.265 22.295 22.315 22.34 22.39 22.437 22.487 22.5 22.485 22.48 22.467 22.442 22.452 22.48 22.49 22.505 22.535 22.492 22.485 22.535 22.557 22.565 22.55 22.557 22.592 22.582 22.567 22.565 22.565 22.545 22.55
24.037 24.012 23.977 23.949 23.902 23.852 23.792 23.722 23.69 23.632 23.56 23.477 23.357 23.257 23.157 23.087 23.005 22.952 22.94 22.905 22.842 22.797 22.732 22.695 22.647 22.64 22.627 22.622 22.592 22.565 22.525 22.467 22.452 22.467 22.422 22.44 22.44 22.437 22.395 22.347 22.325 22.35 22.397 22.407 22.417 22.465 22.512 22.53 22.555 22.5 22.5 22.502 22.497 22.515 22.537 22.557 22.557 22.552 22.582 22.552 22.59 22.592 22.63 22.657 22.66 22.687 22.697 22.667 22.687 22.695 22.652 22.672
24.037 24.012 23.992 23.984 23.927 23.874 23.835 23.725 23.707 23.662 23.59 23.505 23.392 23.3 23.21 23.112 23.025 23.012 22.95 22.892 22.842 22.785 22.737 22.707 22.685 22.697 22.652 22.645 22.597 22.625 22.56 22.527 22.515 22.505 22.497 22.485 22.48 22.492 22.465 22.447 22.422 22.432 22.467 22.46 22.507 22.54 22.59 22.592 22.612 22.547 22.53 22.532 22.552 22.565 22.597 22.612 22.595 22.64 22.632 22.645 22.655 22.642 22.69 22.702 22.697 22.737 22.77 22.757 22.757 22.757 22.765 22.76
24.049 23.994 24.004 23.987 23.954 23.864 23.817 23.752 23.707 23.645 23.597 23.515 23.395 23.307 23.217 23.167 23.08 23.027 22.955 22.942 22.87 22.842 22.77 22.73 22.69 22.687 22.667 22.657 22.65 22.642 22.605 22.572 22.565 22.56 22.545 22.532 22.532 22.547 22.517 22.485 22.507 22.517 22.542 22.577 22.595 22.632 22.667 22.695 22.642 22.62 22.585 22.567 22.59 22.625 22.632 22.62 22.64 22.645 22.655 22.677 22.677 22.677 22.705 22.725 22.752 22.785 22.782 22.802 22.81 22.815 22.82 22.84
24.032 23.997 24.012 23.972 23.937 23.862 23.815 23.772 23.702 23.667 23.592 23.505 23.407 23.32 23.237 23.172 23.112 23.082 23.032 22.967 22.945 22.885 22.817 22.76 22.717 22.705 22.697 22.675 22.67 22.635 22.622 22.602 22.602 22.577 22.59 22.567 22.61 22.622 22.58 22.562 22.567 22.577 22.637 22.662 22.685 22.72 22.742 22.71 22.682 22.667 22.645 22.625 22.64 22.675 22.682 22.67 22.725 22.687 22.712 22.72 22.735 22.725 22.74 22.767 22.777 22.802 22.827 22.815 22.81 22.85 22.852 22.892
24.027 23.992 23.964 23.937 23.879 23.847 23.8 23.75 23.692 23.635 23.58 23.492 23.385 23.295 23.257 23.187 23.135 23.102 23.055 23.002 22.955 22.947 22.91 22.83 22.792 22.77 22.75 22.737 22.707 22.672 22.62 22.627 22.645 22.615 22.627 22.62 22.655 22.65 22.682 22.642 22.632 22.647 22.667 22.717 22.762 22.782 22.787 22.747 22.757 22.73 22.71 22.717 22.71 22.747 22.735 22.757 22.78 22.74 22.762 22.785 22.772 22.785 22.792 22.825 22.84 22.852 22.86 22.872 22.85 22.862 22.882 22.902
24.034 24.012 23.972 23.919 23.884 23.854 23.817 23.77 23.707 23.627 23.565 23.492 23.395 23.307 23.25 23.197 23.127 23.132 23.075 23.027 23.01 22.965 22.917 22.857 22.802 22.825 22.772 22.77 22.737 22.692 22.672 22.67 22.667 22.647 22.647 22.662 22.642 22.662 22.697 22.702 22.715 22.742 22.785 22.812 22.847 22.862 22.837 22.797 22.785 22.775 22.77 22.772 22.8 22.845 22.817 22.85 22.837 22.83 22.812 22.832 22.842 22.852 22.865 22.897 22.91 22.91 22.907 22.905 22.905 22.915 22.922 22.94
24.057 24.042 23.977 23.934 23.869 23.852 23.83 23.777 23.72 23.647 23.575 23.482 23.39 23.322 23.257 23.212 23.135 23.165 23.072 23.027 22.992 23.002 22.955 22.92 22.855 22.842 22.852 22.825 22.762 22.747 22.725 22.712 22.752 22.745 22.722 22.73 22.71 22.722 22.752 22.747 22.767 22.83 22.875 22.897 22.927 22.962 22.93 22.865 22.857 22.825 22.815 22.832 22.877 22.93 22.907 22.937 22.897 22.892 22.882 22.902 22.92 22.915 22.927 22.957 22.977 22.962 22.955 22.975 22.98 22.972 22.977 23.002
24.087 24.047 24.014 23.967 23.919 23.884 23.81 23.782 23.71 23.665 23.595 23.515 23.402 23.325 23.267 23.235 23.177 23.182 23.127 23.067 23.045 23.017 22.982 22.95 22.892 22.885 22.847 22.835 22.82 22.82 22.777 22.782 22.805 22.817 22.797 22.802 22.817 22.81 22.845 22.82 22.837 22.885 22.892 22.92 22.955 23.002 22.997 22.927 22.912 22.915 22.91 22.92 22.92 22.97 22.975 23.007 22.967 22.995 22.985 22.987 22.997 23.005 23.02 23.06 23.057 23.047 23.02 23.037 23.025 23.022 23.052 23.047
24.082 24.057 24.022 23.987 23.969 23.949 23.865 23.832 23.772 23.715 23.6 23.535 23.45 23.35 23.297 23.247 23.217 23.192 23.117 23.085 23.052 23.047 23.002 22.98 22.91 22.92 22.887 22.87 22.855 22.842 22.827 22.855 22.907 22.897 22.892 22.88 22.895 22.907 22.882 22.932 22.95 22.997 23.02 23.045 23.042 23.03 23.042 22.985 22.957 23 23.015 23.002 22.997 23.055 23.055 23.06 23.017 23.045 23.035 23.042 23.07 23.087 23.127 23.14 23.137 23.14 23.107 23.115 23.097 23.095 23.11 23.15
24.132 24.077 24.052 24.024 23.987 23.957 23.912 23.86 23.822 23.76 23.69 23.572 23.48 23.395 23.332 23.275 23.242 23.21 23.17 23.107 23.077 23.082 23.047 23.02 22.952 22.95 22.932 22.917 22.887 22.892 22.882 22.905 22.955 22.957 22.952 22.975 22.972 22.995 23.005 23.02 23.055 23.11 23.1 23.13 23.165 23.157 23.115 23.082 23.05 23.075 23.05 23.065 23.105 23.162 23.197 23.187 23.15 23.142 23.12 23.102 23.122 23.162 23.2 23.215 23.212 23.21 23.185 23.182 23.19 23.195 23.202 23.245
24.129 24.099 24.057 24.047 24.019 23.992 23.942 23.887 23.845 23.797 23.725 23.61 23.572 23.497 23.42 23.352 23.317 23.252 23.187 23.152 23.1 23.112 23.07 23.04 23.002 22.992 22.965 22.952 22.945 22.942 22.91 22.977 23.012 23.022 23.035 23.052 23.037 23.062 23.08 23.122 23.152 23.187 23.212 23.232 23.242 23.247 23.21 23.185 23.162 23.177 23.155 23.19 23.2 23.222 23.245 23.255 23.215 23.207 23.22 23.22 23.232 23.237 23.275 23.277 23.285 23.277 23.29 23.28 23.262 23.282 23.287 23.325
24.129 24.104 24.074 24.064 24.014 23.992 23.945 23.92 23.892 23.827 23.742 23.652 23.58 23.53 23.492 23.452 23.422 23.325 23.247 23.227 23.145 23.112 23.105 23.077 23.012 23.032 23.007 22.97 22.967 22.945 22.982 23.045 23.077 23.092 23.102 23.137 23.115 23.15 23.162 23.2 23.245 23.29 23.33 23.335 23.35 23.34 23.31 23.272 23.255 23.252 23.297 23.29 23.32 23.322 23.365 23.327 23.315 23.307 23.3 23.32 23.34 23.36 23.39 23.362 23.372 23.35 23.362 23.36 23.367 23.375 23.395 23.43
24.162 24.117 24.087 24.069 24.037 24.004 23.982 23.952 23.915 23.865 23.795 23.705 23.642 23.555 23.535 23.472 23.427 23.375 23.317 23.277 23.227 23.192 23.147 23.095 23.08 23.065 23.042 23.022 23.02 23.01 23.032 23.092 23.137 23.155 23.17 23.187 23.182 23.232 23.25 23.257 23.312 23.385 23.395 23.44 23.445 23.425 23.395 23.387 23.357 23.347 23.367 23.39 23.425 23.427 23.447 23.437 23.417 23.415 23.415 23.412 23.417 23.45 23.45 23.492 23.485 23.475 23.492 23.44 23.437 23.44 23.455 23.5
24.159 24.134 24.099 24.067 24.069 24.039 23.987 23.975 23.93 23.887 23.825 23.75 23.69 23.605 23.59 23.522 23.47 23.385 23.332 23.29 23.222 23.187 23.175 23.14 23.122 23.12 23.1 23.075 23.067 23.057 23.09 23.132 23.177 23.205 23.237 23.262 23.28 23.3 23.352 23.377 23.435 23.47 23.53 23.542 23.55 23.482 23.49 23.462 23.467 23.44 23.452 23.485 23.49 23.517 23.53 23.507 23.52 23.517 23.515 23.507 23.517 23.552 23.607 23.57 23.535 23.55 23.567 23.542 23.547 23.577 23.562 23.575
24.172 24.147 24.109 24.089 24.044 24.024 23.984 23.982 23.967 23.899 23.822 23.767 23.722 23.659 23.647 23.579 23.532 23.442 23.374 23.327 23.264 23.219 23.179 23.162 23.157 23.132 23.124 23.112 23.104 23.107 23.142 23.174 23.212 23.247 23.262 23.297 23.317 23.389 23.394 23.462 23.517 23.567 23.604 23.634 23.619 23.572 23.569 23.544 23.552 23.549 23.552 23.577 23.587 23.599 23.592 23.604 23.597 23.59 23.605 23.602 23.63 23.66 23.7 23.707 23.647 23.662 23.66 23.64 23.625 23.662 23.685 23.697
24.189 24.189 24.132 24.104 24.042 24.027 24.002 23.997 23.937 23.914 23.824 23.797 23.749 23.687 23.687 23.637 23.557 23.469 23.404 23.364 23.329 23.259 23.207 23.169 23.164 23.169 23.129 23.134 23.154 23.167 23.249 23.292 23.319 23.344 23.359 23.354 23.429 23.447 23.499 23.529 23.597 23.649 23.692 23.692 23.662 23.637 23.629 23.617 23.619 23.639 23.644 23.692 23.704 23.707 23.702 23.674 23.692 23.682 23.682 23.717 23.72 23.767 23.762 23.767 23.777 23.76 23.745 23.772 23.782 23.767 23.8 23.797
24.267 24.232 24.174 24.172 24.122 24.062 24.029 23.999 23.974 23.909 23.877 23.839 23.787 23.754 23.709 23.677 23.567 23.512 23.439 23.399 23.349 23.279 23.242 23.187 23.222 23.212 23.184 23.167 23.159 23.204 23.259 23.294 23.337 23.347 23.404 23.407 23.479 23.532 23.559 23.604 23.684 23.744 23.769 23.772 23.762 23.712 23.692 23.697 23.732 23.719 23.722 23.742 23.764 23.774 23.787 23.794 23.767 23.77 23.775 23.787 23.832 23.822 23.845 23.86 23.86 23.825 23.852 23.86 23.867 23.88 23.922 23.892
24.349 24.357 24.294 24.272 24.302 24.164 24.057 24.012 23.959 23.909 23.889 23.862 23.837 23.802 23.764 23.702 23.627 23.544 23.504 23.457 23.387 23.339 23.287 23.234 23.244 23.242 23.244 23.222 23.209 23.237 23.304 23.342 23.362 23.382 23.444 23.457 23.522 23.579 23.632 23.679 23.754 23.804 23.837 23.852 23.862 23.834 23.789 23.744 23.784 23.764 23.794 23.814 23.829 23.837 23.837 23.852 23.84 23.87 23.84 23.887 23.91 23.932 23.932 23.927 23.925 23.93 23.915 23.935 23.95 23.967 23.987 23.97
24.377 24.379 24.354 24.322 24.277 24.182 24.102 24.052 24.017 23.949 23.937 23.897 23.869 23.849 23.792 23.722 23.647 23.604 23.564 23.484 23.427 23.364 23.309 23.262 23.297 23.284 23.279 23.262 23.299 23.319 23.394 23.432 23.434 23.462 23.492 23.497 23.562 23.647 23.684 23.722 23.807 23.847 23.882 23.897 23.902 23.889 23.857 23.852 23.872 23.894 23.907 23.899 23.904 23.937 23.939 23.939 23.95 23.94 23.96 23.975 23.987 24.04 24.032 24.032 24.012 24.017 24.002 24.01 24.025 24.03 24.057 24.067
24.609 24.507 24.292 24.267 24.282 24.197 24.114 24.132 24.084 24.067 24.024 23.952 23.917 23.874 23.804 23.789 23.689 23.629 23.592 23.552 23.459 23.422 23.387 23.347 23.352 23.357 23.362 23.349 23.364 23.404 23.487 23.507 23.544 23.584 23.569 23.619 23.647 23.719 23.759 23.804 23.854 23.912 23.922 23.922 23.922 23.924 23.892 23.897 23.932 23.969 24.009 23.999 24.022 24.019 24.012 24.012 24.022 24.037 24.017 24.052 24.09 24.122 24.107 24.082 24.092 24.102 24.085 24.125 24.107 24.12 24.13 24.13
