All_lidar/sz5692_DSM_2M.asc
ncols 500
nrows 500
xllcorner    456000
yllcorner    92000
cellsize     2
NODATA_value -9999
[rows 320 to 351 of 500, columns 144 to 215 of 500]
17.091 17.039 16.994 16.924 16.884 16.806 16.769 16.732 16.682 16.637 16.589 16.552 16.499 16.454 16.399 16.362 16.289 16.237 16.182 16.099 16.067 16.049 16.004 15.947 15.939 15.849 15.797 15.752 15.704 15.679 15.614 15.564 15.509 15.457 15.397 15.319 15.274 15.192 15.154 15.062 14.999 14.962 14.907 14.827 14.779 14.692 14.622 14.562 14.507 14.454 14.412 14.369 14.314 14.262 14.202 14.144 14.092 14.047 14.024 14.014 13.984 13.929 13.899 13.862 13.849 13.854 13.894 13.929 13.922 13.849 13.824 13.837
17.099 17.031 16.976 16.909 16.869 16.819 16.752 16.707 16.649 16.614 16.577 16.532 16.467 16.444 16.399 16.339 16.284 16.239 16.179 16.132 16.082 16.012 15.977 15.937 15.897 15.869 15.799 15.772 15.724 15.667 15.619 15.567 15.504 15.449 15.389 15.329 15.224 15.157 15.119 15.034 14.962 14.887 14.862 14.812 14.717 14.662 14.572 14.514 14.467 14.427 14.382 14.339 14.307 14.252 14.234 14.169 14.109 14.067 14.032 14.007 13.984 13.964 13.932 13.882 13.872 13.914 13.907 13.962 13.934 13.909 13.837 13.747
17.084 17.006 16.956 16.896 16.859 16.789 16.742 16.692 16.657 16.612 16.574 16.527 16.479 16.432 16.389 16.324 16.277 16.242 16.154 16.139 16.092 16.032 15.984 15.919 15.877 15.864 15.809 15.754 15.712 15.654 15.589 15.534 15.482 15.439 15.377 15.307 15.227 15.157 15.097 15.004 14.927 14.874 14.817 14.774 14.689 14.619 14.534 14.502 14.452 14.422 14.369 14.312 14.299 14.259 14.224 14.172 14.149 14.104 14.062 14.037 14.004 13.962 13.959 13.924 13.909 13.967 13.947 13.987 14.117 14.107 14.122 13.877
17.064 16.994 16.931 16.894 16.834 16.801 16.712 16.682 16.652 16.587 16.542 16.519 16.479 16.427 16.384 16.327 16.282 16.217 16.164 16.144 16.072 16.014 15.987 15.932 15.884 15.819 15.764 15.727 15.669 15.617 15.587 15.557 15.482 15.404 15.349 15.292 15.207 15.144 15.072 15.019 14.944 14.857 14.789 14.739 14.684 14.627 14.549 14.504 14.462 14.442 14.374 14.312 14.292 14.267 14.204 14.192 14.144 14.112 14.082 14.027 14.007 14.017 13.984 13.967 13.962 14.062 14.107 14.194 14.264 14.177 14.202 14.247
17.036 16.984 16.934 16.909 16.826 16.789 16.729 16.684 16.639 16.579 16.547 16.509 16.489 16.459 16.404 16.357 16.292 16.217 16.159 16.144 16.064 16.012 15.989 15.939 15.854 15.819 15.764 15.729 15.679 15.602 15.554 15.492 15.452 15.379 15.314 15.269 15.189 15.119 15.052 15.012 14.932 14.834 14.784 14.737 14.679 14.657 14.604 14.524 14.459 14.419 14.419 14.339 14.302 14.274 14.229 14.177 14.149 14.129 14.107 14.062 14.039 14.039 14.014 13.984 14.082 14.359 14.217 14.232 15.382 15.124 14.379 14.267
17.059 16.991 16.939 16.884 16.831 16.771 16.729 16.687 16.627 16.644 16.574 16.549 16.527 16.482 16.399 16.374 16.309 16.259 16.177 16.134 16.074 16.024 15.974 15.909 15.874 15.812 15.754 15.724 15.684 15.597 15.557 15.492 15.412 15.367 15.264 15.217 15.159 15.127 15.052 14.964 14.932 14.834 14.789 14.757 14.699 14.672 14.622 14.599 14.527 14.474 14.447 14.397 14.359 14.297 14.249 14.209 14.182 14.117 14.099 14.084 14.054 14.037 14.042 14.047 14.239 14.504 14.507 15.982 16.964 17.374 16.292 14.732
17.074 17.029 16.969 16.871 16.839 16.769 16.714 16.657 16.669 16.607 16.587 16.564 16.552 16.522 17.204 16.874 16.629 16.259 16.187 16.129 16.074 16.012 15.964 15.894 15.874 15.809 15.749 15.682 15.644 15.594 15.537 15.447 15.412 15.324 15.252 15.192 15.142 15.097 15.032 14.944 14.907 14.844 14.782 14.772 14.747 14.702 14.647 14.627 14.597 14.534 14.472 14.412 14.344 14.324 14.294 14.244 14.217 14.174 14.139 14.117 14.112 14.079 14.054 14.109 14.354 14.469 14.509 14.619 15.827 16.597 15.349 14.254
17.051 17.009 16.936 16.859 16.796 16.761 16.719 16.672 16.639 16.614 16.577 16.597 17.552 18.204 18.669 17.207 17.397 16.289 16.222 16.122 16.072 16.029 15.952 15.887 15.854 15.807 15.734 15.694 15.659 15.602 15.524 15.462 15.397 15.309 15.262 15.189 15.114 15.052 14.997 14.934 14.884 14.839 14.807 14.759 14.749 14.737 14.697 14.672 14.627 14.562 14.519 14.427 14.379 14.337 14.299 14.277 14.239 14.224 14.177 14.157 14.152 14.132 14.122 14.184 14.427 14.519 14.634 14.414 14.367 15.089 15.199 14.444
17.119 17.034 16.951 16.859 16.789 16.769 16.717 16.674 16.664 16.727 16.597 18.952 19.642 20.069 20.099 16.412 16.369 16.337 16.199 16.157 16.079 16.012 15.939 15.889 15.822 15.807 15.749 15.699 15.627 15.582 15.522 15.454 15.372 15.319 15.237 15.142 15.094 15.054 14.989 14.914 14.869 14.829 14.832 14.802 14.762 14.759 14.722 14.689 14.654 14.587 14.534 14.479 14.417 14.367 14.319 14.294 14.279 14.252 14.217 14.202 14.202 14.197 14.177 14.274 14.627 14.947 14.939 14.442 14.479 14.629 14.492 14.362
17.291 17.141 17.091 16.999 16.889 16.886 16.789 16.749 16.694 16.639 18.249 18.267 18.529 21.557 19.752 17.202 16.337 16.282 16.189 16.137 16.069 16.014 15.934 15.894 15.854 15.787 15.742 15.672 15.614 15.569 15.499 15.444 15.409 15.292 15.252 15.152 15.087 15.017 14.972 14.922 14.879 14.817 14.837 14.812 14.782 14.739 14.704 14.714 14.664 14.592 14.572 14.502 14.437 14.387 14.382 14.329 14.297 14.292 14.274 14.277 14.287 14.252 14.352 14.934 14.789 14.822 14.567 14.907 15.037 15.272 14.994 14.849
17.211 17.156 17.061 17.014 16.989 16.844 16.799 16.757 16.719 16.709 16.629 16.544 19.612 16.487 16.442 18.679 16.444 16.292 16.244 16.162 16.109 15.997 15.944 15.887 15.814 15.759 15.694 15.657 15.622 15.542 15.467 15.439 15.357 15.304 15.224 15.164 15.084 15.037 14.979 14.914 14.899 14.869 14.829 14.799 14.784 14.752 14.712 14.702 14.682 14.627 14.579 14.494 14.432 14.407 14.382 14.382 14.369 14.339 14.319 14.347 14.344 14.289 14.362 14.422 14.504 15.064 14.824 14.794 15.284 15.289 15.432 14.989
17.186 17.114 17.031 16.971 16.926 16.824 16.769 16.739 16.702 16.599 16.587 16.529 16.512 16.427 16.467 16.369 16.342 16.262 16.197 16.152 16.084 16.664 15.944 15.909 15.864 15.819 15.792 15.754 15.687 15.594 15.524 15.449 15.374 15.302 15.209 15.127 15.079 15.004 14.967 14.929 14.872 14.862 14.862 14.822 14.797 14.752 14.727 14.692 14.682 14.672 14.649 14.572 14.512 14.452 14.437 14.434 14.412 14.422 14.404 14.384 14.357 14.352 14.469 14.527 14.512 14.529 14.899 14.982 15.507 15.387 15.494 14.842
17.091 17.019 16.984 16.881 16.851 16.929 16.724 16.704 16.667 16.562 16.522 16.414 16.439 16.369 16.364 16.299 16.234 16.134 16.089 16.102 16.734 18.057 15.904 15.812 15.792 15.729 15.732 15.727 15.654 15.592 15.569 15.492 15.459 15.529 15.339 15.282 15.219 15.144 15.064 15.019 14.979 14.959 14.927 14.894 14.822 14.784 14.749 14.727 14.682 14.654 14.624 14.604 14.577 14.524 14.479 14.502 14.494 14.472 14.454 14.442 14.394 14.484 14.627 14.802 14.529 14.472 14.562 14.952 15.362 15.537 15.054 14.874
16.994 16.976 16.884 16.911 16.851 16.824 16.754 16.604 17.412 17.099 17.034 16.519 16.399 16.354 16.244 16.292 16.184 16.119 16.169 16.064 16.569 18.999 16.307 15.882 15.797 15.724 15.689 15.702 15.654 15.629 15.572 15.542 15.494 15.429 15.459 15.324 15.279 15.192 15.149 15.117 15.134 15.362 15.564 15.474 15.202 14.989 14.894 14.854 14.894 14.792 14.774 14.764 14.747 14.662 14.617 14.592 14.539 14.522 14.534 14.519 14.487 14.592 14.727 14.719 14.567 14.612 14.629 15.207 15.539 15.292 14.869 15.792
17.189 17.064 16.991 16.936 16.901 16.871 16.792 16.709 17.067 16.629 16.687 16.452 16.439 16.404 16.359 16.367 16.212 16.299 16.259 16.174 16.244 16.159 16.037 15.922 15.842 15.842 15.767 15.779 15.739 15.687 15.594 15.557 15.889 15.739 15.509 15.544 15.319 15.177 15.142 15.094 15.134 15.432 15.912 15.752 15.419 15.077 15.164 14.834 17.029 15.342 14.834 14.822 14.812 14.779 14.744 14.689 14.694 14.704 14.697 14.639 14.667 14.714 14.709 14.639 14.642 14.632 14.822 14.852 14.949 14.929 14.677 15.609
17.299 17.179 17.076 17.076 17.039 16.936 17.197 16.809 16.737 16.694 16.732 16.514 16.482 16.404 16.379 16.334 16.349 16.299 16.329 16.202 16.209 16.734 16.114 16.057 16.002 15.992 15.912 15.839 15.797 15.757 15.739 15.619 15.727 15.722 15.879 15.449 15.322 15.239 15.184 15.109 15.122 15.447 16.219 16.122 15.594 15.292 15.032 16.674 18.484 16.389 15.092 15.329 14.859 14.794 14.777 14.767 14.727 14.707 14.684 14.744 14.734 14.799 14.752 14.689 14.782 14.782 14.764 14.757 14.769 14.722 14.849 19.037
17.419 17.346 17.289 17.056 17.049 17.069 17.004 16.947 16.862 16.752 16.672 16.607 16.569 16.527 16.474 16.427 16.452 16.362 16.332 16.299 16.252 16.377 16.149 16.152 16.059 16.102 15.974 15.904 15.902 15.962 15.829 15.754 15.642 15.554 15.527 15.482 15.399 15.342 15.232 15.219 15.159 15.212 15.857 16.107 15.387 15.047 15.109 15.559 17.069 15.247 14.994 15.224 15.052 14.804 14.837 14.832 14.949 14.779 14.732 14.817 14.749 14.727 14.712 14.872 14.872 14.779 14.817 14.819 14.724 14.694 17.422 16.974
17.891 17.991 17.591 17.156 17.151 17.129 17.504 16.999 16.947 16.872 16.799 16.774 16.742 16.874 16.577 16.554 16.524 16.464 16.427 16.372 16.342 16.282 16.249 16.157 16.194 16.119 16.019 15.967 15.904 15.974 15.964 15.854 15.747 15.707 15.649 15.512 15.504 15.627 15.454 15.307 15.204 15.222 15.304 15.317 15.644 15.059 15.039 15.107 15.052 15.012 14.989 15.164 15.019 14.914 14.877 14.804 14.844 14.809 14.787 15.259 15.164 14.807 14.792 14.959 14.877 14.874 14.797 14.774 14.717 14.709 15.547 16.552
17.954 17.716 17.471 17.296 17.256 17.269 18.977 17.119 17.072 16.997 16.859 16.944 16.779 17.417 17.819 16.729 16.559 16.527 16.479 16.467 16.407 16.424 16.312 16.237 16.209 16.152 16.059 16.029 16.152 16.027 15.909 15.847 15.822 15.734 15.632 15.604 15.602 15.657 15.619 15.444 15.304 15.262 15.209 15.179 15.194 15.492 17.199 16.724 15.319 15.049 15.032 14.977 14.962 14.914 14.902 14.859 14.867 14.819 14.837 16.089 15.232 15.119 14.922 14.934 14.909 14.854 14.804 14.829 14.807 15.092 18.432 15.914
18.046 17.611 17.401 17.396 17.351 17.364 19.452 18.767 17.369 17.089 16.964 16.907 17.099 18.149 18.992 17.849 16.604 16.607 16.574 16.537 16.477 16.464 16.344 16.349 16.342 16.224 16.667 16.842 17.437 17.214 16.747 16.324 16.087 15.774 15.734 15.709 15.637 15.559 15.549 15.614 15.417 15.372 15.289 15.289 15.212 15.212 16.077 17.167 16.952 15.362 15.167 15.059 15.022 14.977 14.947 14.939 14.977 15.017 14.982 15.642 15.474 15.244 17.459 15.274 15.057 14.962 14.942 14.879 14.929 17.069 17.054 15.969
17.756 17.626 17.489 17.411 17.444 17.344 17.399 17.579 17.242 17.159 17.109 17.034 16.929 17.699 18.137 17.727 16.727 16.692 16.647 16.612 16.564 16.582 16.754 16.579 16.942 16.554 16.874 17.007 18.212 17.824 17.087 16.842 16.459 15.894 15.967 16.092 15.909 15.674 15.607 15.609 15.467 15.472 15.527 15.434 15.374 15.292 15.312 16.302 16.189 15.299 15.307 15.187 15.164 15.179 15.152 15.114 15.117 15.119 15.352 15.892 15.459 15.579 15.627 15.892 15.952 15.989 15.332 15.054 15.044 16.924 18.797 20.637
17.621 17.539 17.516 17.526 17.429 17.519 17.379 17.324 17.484 17.272 17.207 17.072 16.999 17.072 17.074 17.252 16.797 16.742 16.667 16.657 16.642 16.617 16.612 17.024 17.247 16.842 16.424 16.394 17.039 16.794 16.657 16.449 16.119 16.007 17.027 16.909 17.034 16.059 15.687 15.632 15.562 15.617 15.597 15.619 15.487 15.499 15.539 15.379 15.432 15.464 15.437 15.447 15.577 15.847 15.479 15.322 15.352 15.312 15.239 16.282 16.699 18.012 16.237 16.509 17.254 16.349 15.939 15.509 15.402 16.847 16.699 16.262
18.604 18.084 18.054 18.304 18.051 18.111 17.952 17.602 17.777 17.592 18.629 17.199 17.107 17.057 16.942 16.939 17.032 17.057 16.834 16.747 16.787 16.759 16.812 17.184 17.249 17.057 16.764 16.389 16.374 16.487 16.247 16.182 16.129 16.194 16.497 17.212 16.977 16.299 15.864 15.742 15.707 15.699 15.744 15.642 15.584 15.564 15.569 15.624 15.467 15.437 15.454 16.187 17.429 16.952 16.464 15.687 15.492 15.424 15.452 16.829 17.152 16.057 16.674 16.897 17.624 17.209 15.644 15.444 16.942 17.464 17.022 15.522
18.476 18.514 18.534 18.501 18.504 18.416 18.404 18.569 18.172 18.237 18.462 17.922 17.554 17.349 17.194 17.162 17.459 17.467 17.307 17.109 17.297 17.069 17.154 17.192 17.484 16.984 16.839 16.632 16.412 16.354 16.282 16.219 16.139 16.084 16.599 16.937 16.494 16.174 16.057 15.924 15.939 15.854 15.777 15.777 15.764 15.817 15.904 15.832 15.629 15.674 15.697 16.679 17.997 17.662 16.677 15.662 15.609 16.174 15.629 15.809 15.839 16.034 16.882 17.487 18.452 17.119 16.264 15.907 16.794 18.147 17.607 15.619
18.389 18.306 18.246 18.156 18.111 18.096 18.019 17.984 18.072 18.092 18.022 18.132 18.027 18.027 18.012 17.759 17.859 17.799 18.032 17.927 17.809 17.564 17.572 17.317 17.459 17.187 16.979 16.819 16.814 16.734 16.397 16.482 16.587 16.197 16.252 16.284 16.347 16.164 16.122 16.037 15.994 16.039 15.949 15.819 15.799 15.809 15.929 15.859 15.824 16.017 15.837 15.737 16.094 16.337 16.174 15.914 15.797 15.842 15.907 15.784 15.742 16.424 16.679 17.354 18.349 16.924 15.967 15.909 16.534 17.549 16.684 15.542
18.446 18.354 18.321 18.289 18.219 18.159 18.187 18.064 18.072 17.929 17.897 17.832 17.779 17.664 17.674 17.624 17.614 17.574 17.534 17.509 17.667 17.517 17.522 17.552 17.514 17.632 17.572 17.517 17.504 17.497 17.167 16.977 17.377 17.054 16.672 16.764 16.717 16.752 16.519 16.072 16.124 16.392 16.212 16.179 16.122 16.142 16.152 16.222 16.034 16.362 16.809 16.974 15.902 16.102 16.039 15.952 15.912 16.037 16.182 16.032 16.122 16.292 16.387 16.622 16.402 16.789 17.372 17.529 17.179 16.739 16.174 15.674
18.331 18.246 18.286 18.259 18.194 18.134 18.159 18.084 18.047 17.997 17.939 17.954 17.889 17.794 17.754 17.707 17.627 17.662 17.599 17.519 17.467 17.397 17.364 17.327 17.269 17.229 17.172 17.127 17.104 17.022 17.019 17.062 17.044 17.069 17.117 17.224 17.147 17.279 17.002 16.874 16.932 17.084 17.202 17.352 17.157 16.919 16.954 16.947 16.977 16.667 17.064 17.767 17.047 16.922 16.567 16.929 17.052 16.897 16.374 16.489 17.002 16.634 17.052 17.602 17.377 18.222 20.442 20.259 18.107 18.059 16.597 15.922
18.409 18.396 18.359 18.274 18.199 18.119 18.064 18.027 17.942 17.969 17.954 17.929 17.842 17.852 17.782 17.737 17.787 17.699 17.619 17.607 17.532 17.482 17.489 17.409 17.362 17.317 17.284 17.202 17.182 17.167 17.069 17.072 17.047 16.942 16.939 16.882 16.822 16.854 16.814 16.759 16.834 16.744 16.727 16.777 16.859 16.747 16.822 16.757 16.892 16.774 16.919 16.799 17.014 17.029 16.812 16.744 16.792 16.814 16.774 17.007 17.102 17.227 17.477 17.657 17.389 17.417 18.044 17.342 17.604 16.967 16.244 16.217
18.011 18.161 18.286 18.239 18.226 18.224 18.174 18.184 18.087 18.034 17.984 17.932 17.834 17.799 17.769 17.707 17.652 17.637 17.619 17.564 17.512 17.457 17.454 17.407 17.399 17.302 17.319 17.284 17.229 17.154 17.119 17.142 17.094 17.027 17.049 17.027 16.967 16.944 16.934 16.897 16.892 16.857 16.842 16.817 16.812 16.807 16.772 16.774 16.679 16.717 16.679 16.709 16.674 16.624 16.639 16.597 16.647 16.642 16.649 16.629 16.622 16.589 16.612 16.647 16.614 16.624 16.659 16.677 16.547 16.487 16.474 16.429
20.506 18.164 18.359 19.041 18.564 18.174 18.314 19.057 18.124 18.202 17.852 17.857 17.857 17.844 17.864 17.797 17.794 17.752 17.664 17.597 17.569 17.527 17.444 17.362 17.329 17.309 17.262 17.202 17.207 17.104 17.049 17.069 17.062 17.022 16.969 16.934 16.994 16.959 16.932 16.939 16.899 16.929 16.879 16.857 16.862 16.827 16.834 16.802 16.819 16.794 16.817 16.799 16.797 16.749 16.779 16.729 16.742 16.712 16.729 16.724 16.714 16.719 16.707 16.704 16.699 16.632 16.627 16.632 16.682 16.637 16.702 16.607
18.654 18.294 18.244 18.174 18.074 18.879 18.866 18.476 17.886 17.804 17.604 17.794 17.491 17.311 17.689 17.401 17.619 17.361 17.481 17.349 17.514 17.566 17.504 17.419 17.361 17.304 17.374 17.301 17.316 17.269 17.189 17.176 17.134 17.074 17.024 17.014 16.971 16.931 16.896 16.879 16.871 16.864 16.811 16.796 16.789 16.806 16.756 16.784 16.756 16.744 16.756 16.779 16.741 16.771 16.761 16.726 16.707 16.722 16.734 16.729 16.704 16.734 16.739 16.734 16.729 16.709 16.729 16.722 16.714 16.707 16.734 16.682
19.939 18.184 18.144 18.471 18.349 18.149 18.654 19.246 17.981 17.909 17.896 17.986 17.851 17.641 17.726 17.521 18.084 17.379 17.814 17.494 17.726 17.264 17.369 17.844 18.624 16.919 17.906 16.859 17.101 17.051 17.104 17.146 17.084 17.649 17.186 17.146 17.194 18.556 17.401 17.039 17.044 16.976 16.934 16.911 16.921 16.864 16.851 16.841 16.851 16.826 16.839 16.849 16.751 16.724 16.764 16.699 16.737 16.674 16.697 16.694 16.662 16.664 16.652 16.639 16.619 16.677 16.644 16.677 16.652 16.647 16.602 16.652
