All_lidar/sz5692_DSM_2M.asc
ncols 500
nrows 500
xllcorner    456000
yllcorner    92000
cellsize     2
NODATA_value -9999
[rows 224 to 255 of 500, columns 144 to 215 of 500]
22.004 19.779 19.524 19.699 20.107 21.689 23.652 24.544 24.994 24.834 24.939 25.279 26.064 25.862 22.872 22.954 19.697 20.829 21.652 22.414 21.672 23.977 20.644 17.484 17.849 17.347 16.432 16.274 16.199 16.092 16.004 15.887 15.779 15.704 15.677 15.702 15.557 15.554 15.657 16.227 16.114 16.084 15.937 15.532 14.854 14.957 14.742 14.627 14.472 14.357 14.144 14.019 13.904 13.822 13.809 13.879 13.952 13.817 13.592 13.439 13.349 13.234 13.149 13.057 12.962 12.864 12.752 12.614 12.517 12.399 12.272 12.134
20.727 19.497 19.467 19.449 19.817 21.337 22.867 24.807 24.582 25.404 25.887 25.249 25.627 23.992 24.582 22.559 20.889 21.017 20.434 21.719 26.944 24.117 21.012 19.662 16.884 16.499 16.304 16.292 16.179 16.079 15.947 15.844 15.944 15.934 16.114 16.284 16.239 16.932 16.277 16.827 17.514 15.052 15.067 14.907 14.784 14.729 14.532 14.419 14.257 14.179 14.164 14.184 14.179 14.132 13.927 13.772 13.607 13.517 13.417 13.389 13.317 13.192 13.067 12.974 12.882 12.777 12.687 12.572 12.469 12.364 12.229 12.097
19.582 19.499 19.454 19.289 19.269 19.069 21.744 23.079 23.414 26.219 25.429 24.822 23.787 23.517 24.262 21.247 21.594 24.252 24.124 25.679 23.442 23.467 19.924 19.149 16.902 16.252 16.217 16.242 16.359 16.249 16.184 16.629 17.119 16.869 16.537 15.992 15.664 15.594 16.037 21.879 23.047 18.919 18.747 14.677 14.549 14.524 14.432 14.467 14.469 14.497 14.362 14.354 14.004 13.877 13.729 13.647 13.547 13.459 13.409 13.332 13.232 13.107 13.009 12.887 12.792 12.682 12.604 12.524 12.427 12.329 12.204 12.077
19.532 19.484 19.417 19.214 18.914 18.684 19.522 22.597 23.379 25.089 24.342 21.442 23.482 25.892 26.099 23.439 22.157 22.684 21.499 22.147 23.412 28.944 23.407 19.679 16.687 16.274 16.684 16.777 17.179 17.012 16.812 16.732 16.412 15.997 15.649 15.614 15.407 15.269 15.459 23.014 21.834 19.614 17.954 14.657 14.759 14.702 14.624 14.737 14.417 14.264 14.192 14.132 13.997 13.899 13.759 13.649 13.527 13.442 13.369 13.264 13.139 13.059 12.962 12.849 12.757 12.629 12.527 12.442 12.332 12.247 12.139 12.032
19.479 19.417 19.364 19.162 18.944 18.722 18.467 18.267 20.917 21.274 19.982 24.244 26.689 25.379 25.729 20.587 19.317 24.124 20.452 20.349 21.349 21.129 24.124 21.279 17.852 16.287 16.444 16.529 16.514 16.184 15.829 15.772 15.687 15.537 15.427 15.342 15.177 15.047 15.152 16.819 18.859 18.107 15.844 14.839 14.659 14.484 14.407 14.347 14.287 14.244 14.189 14.099 13.994 13.897 13.784 13.679 13.539 13.469 13.292 13.174 13.044 12.962 12.872 12.767 12.689 12.577 12.479 12.382 12.264 12.199 12.087 11.999
19.409 19.387 19.312 19.367 19.367 19.092 19.329 18.744 18.424 18.674 18.157 22.829 31.002 24.692 28.134 23.109 18.192 20.432 18.099 16.919 17.184 18.179 18.472 18.024 16.149 16.137 16.004 15.912 15.857 15.747 15.624 15.569 15.467 15.412 15.309 15.267 15.259 15.954 15.452 15.179 14.942 14.752 14.617 14.562 14.464 14.397 14.344 14.322 14.302 14.242 14.152 14.049 13.944 13.849 13.739 13.647 13.544 13.382 13.247 13.104 12.989 12.877 12.762 12.687 12.579 12.474 12.404 12.292 12.179 12.107 12.027 11.942
19.347 19.294 19.297 19.429 19.042 19.389 19.162 18.704 19.534 19.749 18.592 20.157 23.529 25.384 23.584 22.742 20.417 19.147 17.634 16.702 16.539 16.417 16.314 16.622 18.407 16.684 15.902 15.844 15.739 15.664 15.617 15.557 15.484 15.434 15.344 15.189 15.157 15.232 15.079 14.767 14.652 14.604 14.577 14.522 14.479 14.409 14.304 14.247 14.232 14.184 14.087 13.987 13.889 13.779 13.682 13.592 13.459 13.347 13.229 13.087 12.949 12.824 12.724 12.629 12.519 12.412 12.309 12.217 12.129 12.049 11.954 11.844
19.302 19.252 19.282 19.332 19.169 19.414 20.414 24.259 21.562 18.837 18.082 18.604 17.754 18.837 24.302 23.262 24.394 20.339 17.054 17.522 16.959 17.659 16.634 18.002 16.589 16.394 16.037 15.889 15.819 15.762 15.567 15.464 15.372 15.319 15.227 15.147 15.019 14.909 14.804 14.672 14.607 14.544 14.547 14.557 14.399 14.329 14.289 14.187 14.157 14.094 13.992 13.919 13.819 13.724 13.619 13.502 13.407 13.309 13.174 13.054 12.904 12.787 12.659 12.584 12.447 12.349 12.222 12.144 12.052 11.989 11.864 11.759
19.227 19.249 19.214 19.202 19.832 19.409 20.437 22.339 21.594 18.462 17.914 17.757 17.697 17.672 20.007 23.404 19.934 22.877 20.414 16.974 17.482 17.922 16.569 16.452 16.434 16.422 16.267 15.814 15.694 15.599 15.627 15.579 15.302 15.244 15.169 15.094 15.002 14.862 14.754 14.632 14.542 14.539 14.614 14.792 14.617 14.292 14.252 14.164 14.089 14.012 13.927 13.847 13.744 13.682 13.592 13.457 13.374 13.244 13.112 12.987 12.852 12.752 12.627 12.529 12.427 12.364 12.257 12.094 11.994 11.942 11.854 11.779
19.209 19.187 19.187 19.079 19.239 18.857 19.742 22.877 19.654 17.972 17.784 17.824 17.589 18.302 19.972 23.407 23.812 21.547 19.709 20.487 18.357 17.842 16.389 16.169 15.992 15.912 15.852 15.767 15.639 15.572 15.714 15.549 15.284 15.194 15.092 15.002 14.929 14.829 14.732 14.599 14.524 14.712 14.724 14.747 14.449 14.269 14.134 14.082 14.012 13.954 13.892 13.829 13.727 13.617 13.524 13.409 13.314 13.187 13.074 12.942 12.837 12.702 12.609 12.549 12.449 12.314 12.189 12.084 11.982 11.909 11.819 11.727
19.157 19.164 19.149 18.974 19.002 18.789 18.829 18.549 18.087 17.842 17.859 19.937 18.297 19.534 21.342 25.964 24.402 22.587 22.862 19.949 20.192 18.669 16.382 16.177 16.027 15.924 15.787 15.677 15.584 15.522 15.489 15.377 15.244 15.137 15.072 14.972 14.879 14.772 14.674 14.599 14.484 14.567 14.582 14.549 14.304 14.104 14.039 13.979 13.954 13.889 13.824 13.772 13.689 13.607 13.487 13.379 13.237 13.127 13.002 12.899 12.784 12.707 12.612 12.499 12.422 12.327 12.212 12.094 12.034 11.939 11.827 11.744
19.152 19.157 19.152 19.109 19.892 20.657 20.267 18.152 17.909 19.657 20.399 18.507 20.884 24.419 28.632 26.704 23.817 27.127 24.647 21.437 22.297 16.354 16.257 16.124 15.989 15.872 15.752 15.639 15.547 15.479 15.384 15.314 15.237 15.157 15.042 14.964 14.837 14.737 14.627 14.544 14.427 14.372 14.294 14.199 14.107 14.032 13.974 13.924 13.874 13.802 13.737 13.679 13.629 13.544 13.447 13.332 13.194 13.074 12.929 12.847 12.759 12.692 12.599 12.502 12.454 12.329 12.222 12.127 12.037 11.962 11.879 11.802
19.102 19.052 21.189 22.047 24.212 22.972 21.302 20.924 17.912 19.467 20.159 17.584 22.522 22.962 27.834 27.289 29.429 25.532 25.117 24.784 18.339 16.752 16.182 16.047 15.947 15.844 15.739 15.619 15.509 15.422 15.344 15.279 15.202 15.127 15.044 14.907 14.842 14.719 14.614 14.519 14.434 14.347 14.257 14.164 14.104 14.022 13.959 13.899 13.799 13.724 13.684 13.612 13.544 13.492 13.394 13.302 13.144 13.022 12.924 12.829 12.714 12.624 12.532 12.494 12.407 12.324 12.254 12.172 12.082 12.007 11.927 11.877
19.057 19.062 22.714 24.727 23.094 23.219 18.989 18.054 20.572 28.014 25.699 17.594 18.757 23.294 25.802 27.422 29.057 22.819 22.907 21.029 19.447 20.759 17.127 16.007 15.927 15.839 15.724 15.604 15.457 15.352 15.279 15.217 15.157 15.079 14.997 14.892 14.817 14.717 14.619 14.507 14.427 14.322 14.232 14.149 14.059 13.999 13.919 13.887 13.807 13.714 13.619 13.547 13.467 13.402 13.347 13.254 13.109 13.012 12.904 12.804 12.727 12.624 12.532 12.444 12.397 12.317 12.229 12.189 12.102 12.044 11.939 11.909
19.044 19.062 18.767 21.772 20.692 18.467 18.412 21.652 19.642 21.534 23.787 24.054 17.504 18.932 21.407 23.114 27.244 23.494 23.394 18.202 16.909 17.667 16.044 15.964 15.897 15.787 15.684 15.554 15.444 15.319 15.239 15.177 15.089 14.982 14.937 14.842 14.774 14.669 14.584 14.512 14.424 14.329 14.214 14.117 14.037 13.974 13.904 13.847 13.764 13.704 13.632 13.547 13.452 13.364 13.274 13.159 13.082 13.009 12.927 12.852 12.727 12.629 12.534 12.447 12.349 12.317 12.244 12.187 12.139 12.044 11.994 11.919
19.007 19.399 21.799 22.382 22.747 20.894 20.857 21.579 21.872 23.454 25.832 25.797 21.029 17.714 17.192 17.377 17.762 21.124 21.744 17.739 16.234 16.139 16.022 15.909 15.819 15.729 15.627 15.549 15.452 15.317 15.219 15.164 15.047 15.009 14.929 14.804 14.722 14.642 14.552 14.494 14.422 14.317 14.232 14.112 14.029 13.959 13.889 13.809 13.722 13.669 13.604 13.534 13.467 13.377 13.259 13.154 13.054 12.997 12.937 12.844 12.764 12.649 12.542 12.467 12.427 12.364 12.307 12.232 12.189 12.109 12.079 11.989
18.964 19.037 19.254 21.334 19.139 23.072 22.864 21.519 17.814 19.837 20.897 23.067 18.627 18.694 17.164 17.292 20.252 17.862 16.769 16.764 16.192 16.114 16.012 15.902 15.797 15.672 15.584 15.479 15.397 15.297 15.232 15.142 15.109 15.074 14.939 14.807 14.719 14.612 14.534 14.472 14.409 14.302 14.207 14.134 14.037 13.969 13.879 13.799 13.727 13.647 13.579 13.497 13.427 13.337 13.254 13.177 13.097 12.997 12.894 12.799 12.734 12.672 12.574 12.494 12.459 12.404 12.349 12.262 12.244 12.174 12.154 12.082
18.919 18.952 18.719 19.474 18.209 20.114 19.539 17.719 17.564 17.492 20.362 24.457 20.819 17.259 17.687 16.837 21.489 18.064 17.689 16.487 16.154 16.077 15.972 15.897 15.794 15.659 15.574 15.492 15.369 15.287 15.227 15.137 15.227 15.072 14.954 14.844 14.729 14.632 14.517 14.422 14.342 14.274 14.174 14.079 14.017 13.939 13.887 13.812 13.747 13.627 13.572 13.482 13.382 13.312 13.247 13.189 13.124 13.022 12.932 12.799 12.722 12.649 12.579 12.542 12.504 12.462 12.387 12.289 12.267 12.234 12.179 12.104
18.939 21.607 18.809 18.407 18.157 18.404 18.397 20.467 17.577 19.214 22.284 22.054 19.097 17.117 16.874 16.699 19.107 17.802 16.537 16.264 16.174 16.069 15.939 15.859 15.744 15.644 15.529 15.429 15.337 15.244 15.199 15.154 15.109 15.022 14.992 14.894 14.772 14.654 14.524 14.422 14.319 14.239 14.134 14.042 13.962 13.902 13.862 13.784 13.724 13.637 13.572 13.469 13.367 13.302 13.222 13.169 13.092 13.032 12.949 12.857 12.744 12.657 12.624 12.567 12.507 12.504 12.434 12.369 12.327 12.309 12.214 12.162
18.922 18.849 18.609 18.299 18.154 18.302 18.552 17.764 20.509 23.104 22.777 21.529 17.442 16.864 16.767 16.779 17.662 17.062 16.404 16.289 16.182 16.059 15.927 15.809 15.687 15.567 15.477 15.387 15.304 15.199 15.172 15.134 15.064 14.969 14.939 14.839 14.752 14.612 14.519 14.417 14.314 14.199 14.112 14.004 13.917 13.849 13.804 13.757 13.684 13.617 13.562 13.459 13.374 13.282 13.234 13.154 13.099 13.029 12.917 12.849 12.779 12.742 12.644 12.592 12.572 12.532 12.489 12.442 12.402 12.324 12.272 12.197
18.922 18.764 18.607 18.224 18.272 18.232 18.229 22.517 21.927 23.584 20.429 17.764 17.087 16.814 16.904 16.779 17.337 16.994 16.349 16.212 16.104 16.012 15.909 15.779 15.669 15.502 15.397 15.357 15.247 15.169 15.102 15.047 14.977 14.909 14.847 14.779 14.654 14.572 14.469 14.364 14.282 14.172 14.087 13.997 13.892 13.779 13.747 13.689 13.634 13.602 13.524 13.437 13.332 13.247 13.217 13.179 13.067 13.037 12.964 12.884 12.807 12.749 12.689 12.642 12.612 12.587 12.522 12.472 12.432 12.342 12.289 12.197
19.009 18.882 18.477 18.237 18.534 18.464 18.194 17.892 20.457 22.954 19.209 17.294 17.029 16.852 16.919 16.964 17.192 16.517 16.307 16.174 16.052 15.957 15.834 15.717 15.627 15.484 15.404 15.327 15.267 15.139 15.052 14.994 14.934 14.882 14.817 14.722 14.624 14.572 14.404 14.294 14.239 14.152 14.069 13.972 13.864 13.814 13.737 13.659 13.614 13.509 13.477 13.417 13.329 13.264 13.219 13.174 13.137 13.037 12.972 12.914 12.834 12.777 12.759 12.704 12.654 12.604 12.552 12.512 12.439 12.414 12.319 12.197
18.909 18.764 18.309 18.099 17.977 18.142 18.094 18.257 22.429 19.952 17.174 17.069 16.992 16.922 17.417 16.629 16.712 16.442 16.294 16.152 16.049 15.902 15.762 15.664 15.574 15.479 15.374 15.309 15.234 15.164 15.074 14.957 14.887 14.822 14.769 14.687 14.612 14.507 14.409 14.282 14.164 14.087 14.017 13.954 13.879 13.799 13.719 13.629 13.559 13.494 13.417 13.362 13.284 13.269 13.224 13.189 13.139 13.099 13.032 12.984 12.944 12.854 12.789 12.722 12.667 12.629 12.602 12.572 12.497 12.414 12.332 12.192
18.717 18.442 18.149 18.154 18.537 18.587 18.254 17.784 17.514 17.357 17.327 17.039 17.842 17.764 25.669 19.712 17.459 16.302 16.209 16.102 15.994 15.894 15.737 15.604 15.504 15.402 15.329 15.259 15.204 15.127 15.089 14.939 14.867 14.762 14.717 14.622 14.514 14.464 14.362 14.247 14.154 14.057 13.989 13.882 13.812 13.749 13.647 13.589 13.529 13.482 13.412 13.372 13.299 13.257 13.234 13.197 13.147 13.112 13.059 12.999 12.959 12.904 12.832 12.772 12.737 12.667 12.592 12.559 12.507 12.424 12.322 12.194
18.547 18.257 18.074 21.534 19.374 18.614 18.152 17.769 17.477 17.284 18.049 17.062 17.777 19.267 19.534 18.572 16.482 16.252 16.129 16.022 15.939 15.827 15.697 15.574 15.477 15.352 15.237 15.182 15.137 15.099 15.002 14.917 14.854 14.782 14.657 14.577 14.497 14.392 14.299 14.194 14.099 14.032 13.969 13.884 13.809 13.709 13.629 13.562 13.499 13.449 13.409 13.334 13.309 13.299 13.244 13.219 13.164 13.119 13.072 13.024 12.977 12.952 12.884 12.809 12.742 12.652 12.619 12.544 12.499 12.412 12.272 12.179
18.517 18.254 18.134 18.322 18.959 18.177 17.842 17.537 18.739 23.802 17.232 17.022 17.192 17.279 17.087 16.682 16.382 16.184 16.104 16.022 15.907 15.767 15.669 15.567 15.412 15.294 15.217 15.139 15.094 15.022 14.959 14.874 14.789 14.692 14.667 14.574 14.489 14.364 14.214 14.109 14.069 14.002 13.942 13.864 13.784 13.697 13.627 13.539 13.482 13.429 13.424 13.352 13.304 13.307 13.289 13.252 13.184 13.107 13.092 13.039 12.987 12.962 12.907 12.807 12.739 12.649 12.624 12.534 12.449 12.349 12.224 12.134
18.462 21.514 18.444 23.702 17.984 18.147 17.922 17.522 21.974 21.437 17.317 17.029 17.087 16.739 16.969 16.452 16.292 16.514 16.072 15.997 15.867 15.752 15.639 15.527 15.392 15.252 15.152 15.102 15.037 14.992 14.924 14.842 14.732 14.647 14.567 14.519 14.412 14.304 14.212 14.104 14.032 13.957 13.914 13.854 13.772 13.702 13.639 13.587 13.479 13.442 13.389 13.364 13.334 13.304 13.287 13.232 13.174 13.102 13.067 13.047 13.009 12.947 12.859 12.814 12.734 12.667 12.599 12.549 12.422 12.297 12.189 12.077
18.437 18.167 20.679 25.157 18.652 18.102 17.894 18.917 17.319 17.144 17.129 16.977 17.284 22.527 17.237 17.837 16.407 19.272 16.037 15.934 15.799 15.704 15.589 15.452 15.319 15.209 15.107 15.057 14.999 14.957 14.897 14.797 14.694 14.614 14.512 14.417 14.329 14.264 14.162 14.079 14.049 13.947 13.879 13.829 13.749 13.707 13.659 13.584 13.522 13.474 13.422 13.379 13.322 13.297 13.262 13.224 13.174 13.122 13.067 13.067 13.009 12.937 12.859 12.782 12.712 12.662 12.584 12.504 12.377 12.229 12.142 12.082
18.334 18.117 21.544 25.224 21.884 20.552 17.849 17.537 17.282 17.157 17.017 16.849 20.512 23.337 16.454 20.007 22.709 18.919 16.052 15.882 15.759 15.647 15.559 15.414 15.277 15.179 15.072 14.999 14.972 14.924 14.857 14.759 14.639 14.557 14.469 14.359 14.282 14.207 14.139 14.087 14.009 13.967 13.929 13.824 13.749 13.677 13.642 13.587 13.524 13.502 13.454 13.409 13.322 13.282 13.237 13.189 13.179 13.124 13.084 13.049 13.002 12.929 12.834 12.767 12.672 12.629 12.539 12.474 12.347 12.192 12.109 12.067
18.174 17.937 20.044 19.479 19.424 22.007 18.419 17.544 19.639 20.419 20.607 28.522 17.869 16.897 16.397 19.219 18.732 17.892 15.922 15.829 15.707 15.579 15.457 15.357 15.244 15.122 15.039 14.992 14.927 14.849 14.784 14.677 14.592 14.527 14.452 14.359 14.249 14.209 14.132 14.039 13.959 13.924 13.889 13.824 13.764 13.727 13.644 13.574 13.529 13.502 13.444 13.384 13.359 13.304 13.237 13.164 13.134 13.097 13.054 13.024 12.972 12.897 12.784 12.722 12.657 12.587 12.539 12.432 12.262 12.142 12.072 11.994
18.352 17.909 17.734 17.917 17.797 19.109 20.867 19.792 22.349 25.194 24.524 27.799 27.874 23.022 17.539 16.237 17.209 16.019 15.884 15.794 15.659 15.507 15.424 15.314 15.237 15.092 14.987 14.939 14.889 14.824 14.724 14.659 14.584 14.497 14.422 14.342 14.299 14.219 14.154 14.062 13.967 13.879 13.859 13.824 13.782 13.737 13.647 13.592 13.527 13.489 13.444 13.387 13.359 13.329 13.287 13.222 13.154 13.094 13.012 12.974 12.942 12.844 12.779 12.659 12.642 12.594 12.504 12.392 12.224 12.109 12.004 11.904
18.122 17.877 17.757 17.752 22.292 18.269 18.502 24.412 23.532 21.487 25.447 24.394 23.284 23.217 18.857 23.539 16.584 15.939 15.824 15.702 15.567 15.482 15.392 15.309 15.192 15.077 14.984 14.892 14.839 14.804 14.737 14.652 14.577 14.494 14.394 14.294 14.279 14.242 14.192 14.092 13.987 13.872 13.859 13.794 13.749 13.714 13.677 13.614 13.552 13.509 13.432 13.389 13.372 13.304 13.269 13.229 13.182 13.144 13.059 12.957 12.877 12.807 12.742 12.669 12.637 12.574 12.474 12.319 12.189 12.057 11.997 11.889
