All_lidar/sz5685_DSM_2M.asc
ncols 500
nrows 500
xllcorner    456000
yllcorner    85000
cellsize     2
NODATA_value -9999
[rows 96 to 127 of 500, columns 288 to 359 of 500]
4.887 4.914 5.014 5.132 5.252 5.349 5.337 5.349 5.259 5.039 4.927 4.917 4.52 3.782 3.865 3.887 3.817 3.717 4.585 4.905 4.745 4.972 4.582 4.295 3.975 3.907 4.237 4.375 4.317 4.957 4.932 4.895 4.887 4.86 4.88 4.928 4.935 4.9 4.879 4.902 4.963 4.979 4.944 4.892 4.355 3.99 4.031 4.149 4.102 4.279 4.11 3.982 4.075 3.982 4.4 4.572 4.947 4.97 4.94 4.885 4.775 4.705 4.632 4.56 4.612 4.6 4.522 4.497 4.51 4.51 4.522 4.575
4.897 4.942 5.114 5.317 5.312 5.439 5.342 4.939 4.339 4.542 4.949 4.869 4.847 4.727 4.782 4.662 4.367 3.932 3.755 4.247 6.832 7.267 5.075 4.36 4.06 4.035 4.305 4.782 4.977 4.927 4.872 4.855 4.852 4.852 4.89 4.895 4.908 4.861 4.847 4.866 4.894 4.917 4.952 4.987 4.986 4.742 4.419 4.041 4.139 4.111 3.895 4.37 4.725 4.822 4.947 4.94 4.925 4.84 4.777 4.662 4.547 4.5 4.447 4.45 4.482 4.502 4.487 4.497 4.502 4.505 4.532 4.56
4.944 5.039 5.224 5.334 5.279 5.192 4.632 4.199 4.384 4.624 5.099 4.939 4.96 4.975 5.052 5.06 5.047 4.817 4.34 5.47 8.285 8.04 5.462 4.91 4.65 4.792 4.887 4.967 4.92 4.852 4.852 4.832 4.835 4.88 4.897 4.884 4.895 4.859 4.871 4.88 4.873 4.866 4.865 4.894 4.913 4.965 4.991 4.961 5.01 4.953 4.907 4.942 4.95 4.955 4.892 4.837 4.765 4.68 4.617 4.567 4.507 4.457 4.42 4.395 4.44 4.442 4.472 4.475 4.512 4.5 4.537 4.535
5.029 5.174 5.277 5.334 4.932 4.224 4.404 4.859 5.122 5.227 5.172 5.009 4.94 4.952 5.012 5.04 5.057 5.065 4.995 4.947 5.005 6.717 5.692 4.995 4.977 4.95 4.915 4.895 4.85 4.807 4.817 4.83 4.857 4.902 4.905 4.873 4.867 4.837 4.856 4.835 4.823 4.799 4.802 4.787 4.798 4.837 4.874 4.865 4.878 4.856 4.837 4.81 4.817 4.797 4.765 4.72 4.672 4.615 4.57 4.537 4.515 4.472 4.42 4.417 4.397 4.442 4.462 4.46 4.47 4.49 4.54 4.542
5.164 5.239 5.229 4.959 4.217 4.424 5.054 5.347 5.379 5.354 5.229 4.999 4.93 4.877 4.887 4.94 5 5.035 5.06 5.072 5.03 4.967 4.92 4.895 4.897 4.835 4.835 4.817 4.807 4.762 4.785 4.815 4.802 4.842 4.835 4.829 4.846 4.829 4.836 4.783 4.761 4.734 4.758 4.756 4.735 4.729 4.724 4.724 4.765 4.739 4.742 4.74 4.752 4.732 4.742 4.705 4.655 4.605 4.567 4.557 4.505 4.445 4.42 4.402 4.41 4.46 4.462 4.447 4.455 4.497 4.535 4.55
5.237 5.242 5.069 4.564 4.324 5.237 5.369 5.404 5.369 5.287 5.174 4.889 4.827 4.817 4.825 4.862 4.9 4.927 4.902 4.95 4.92 4.862 4.825 4.807 4.777 4.742 4.73 4.737 4.737 4.727 4.747 4.75 4.777 4.822 4.835 4.857 4.9 4.86 4.822 4.792 4.785 4.789 4.816 4.789 4.759 4.746 4.739 4.737 4.701 4.705 4.717 4.72 4.727 4.74 4.715 4.692 4.657 4.59 4.57 4.54 4.472 4.417 4.405 4.382 4.405 4.417 4.455 4.495 4.467 4.48 4.555 4.635
5.302 5.119 4.612 4.217 4.997 5.357 5.344 5.347 5.234 5.132 4.972 4.739 4.705 4.752 4.8 4.84 4.862 4.867 4.862 4.89 4.84 4.75 4.722 4.742 4.732 4.717 4.702 4.7 4.697 4.695 4.687 4.737 4.807 4.86 4.875 4.88 4.895 4.852 4.812 4.796 4.779 4.79 4.812 4.801 4.799 4.775 4.748 4.721 4.721 4.718 4.742 4.732 4.75 4.737 4.707 4.68 4.615 4.587 4.565 4.497 4.447 4.405 4.395 4.382 4.41 4.472 4.48 4.555 4.492 4.582 4.627 4.652
5.202 4.884 4.324 4.604 5.217 5.324 5.254 5.152 4.972 4.889 4.839 4.744 4.7 4.682 4.725 4.747 4.812 4.87 4.912 4.872 4.792 4.722 4.675 4.697 4.69 4.677 4.705 4.695 4.69 4.675 4.72 4.747 4.79 4.827 4.857 4.867 4.88 4.827 4.796 4.793 4.804 4.804 4.81 4.804 4.77 4.743 4.749 4.725 4.754 4.748 4.755 4.77 4.72 4.712 4.705 4.667 4.617 4.56 4.53 4.447 4.392 4.397 4.38 4.465 4.482 4.497 4.547 4.62 4.587 4.615 4.632 4.672
4.957 4.432 4.139 5.069 5.272 5.279 5.199 4.954 4.832 4.777 4.769 4.764 4.777 4.79 4.762 4.767 4.82 4.917 4.87 4.817 4.765 4.697 4.642 4.672 4.65 4.645 4.657 4.675 4.657 4.675 4.692 4.747 4.705 4.79 4.855 4.85 4.838 4.834 4.778 4.776 4.777 4.749 4.749 4.796 4.773 4.753 4.74 4.743 4.755 4.738 4.733 4.76 4.717 4.707 4.675 4.657 4.597 4.515 4.482 4.457 4.442 4.422 4.472 4.525 4.577 4.587 4.587 4.65 4.64 4.66 4.71 4.617
4.354 4.032 4.859 5.152 5.154 5.037 4.947 4.837 4.767 4.732 4.707 4.767 4.8 4.795 4.81 4.832 4.882 4.855 4.83 4.792 4.732 4.685 4.655 4.635 4.65 4.67 4.707 4.68 4.687 4.665 4.652 4.637 4.662 4.752 4.755 4.8 4.808 4.792 4.76 4.758 4.774 4.742 4.762 4.783 4.745 4.75 4.754 4.752 4.727 4.713 4.73 4.725 4.705 4.677 4.635 4.607 4.577 4.51 4.535 4.537 4.525 4.572 4.612 4.625 4.65 4.672 4.702 4.655 4.485 4.297 4.062 4.01
4.387 4.869 5.087 5.104 5.017 4.872 4.784 4.747 4.677 4.632 4.634 4.687 4.715 4.735 4.762 4.782 4.792 4.8 4.772 4.715 4.695 4.725 4.707 4.632 4.657 4.695 4.68 4.642 4.65 4.627 4.637 4.595 4.615 4.7 4.737 4.792 4.744 4.755 4.718 4.727 4.727 4.701 4.721 4.719 4.709 4.699 4.721 4.704 4.711 4.763 4.763 4.73 4.717 4.67 4.647 4.63 4.627 4.62 4.632 4.61 4.64 4.675 4.695 4.677 4.6 4.407 4.167 3.977 4.12 4.307 4.675 5.13
5.282 5.197 5.029 4.927 4.839 4.742 4.677 4.642 4.604 4.592 4.589 4.614 4.645 4.66 4.697 4.705 4.712 4.71 4.705 4.7 4.702 4.712 4.662 4.622 4.665 4.662 4.627 4.577 4.585 4.562 4.595 4.555 4.612 4.652 4.655 4.66 4.685 4.691 4.66 4.668 4.624 4.642 4.667 4.666 4.691 4.835 4.838 4.833 4.754 4.812 4.803 4.755 4.737 4.705 4.695 4.675 4.682 4.702 4.672 4.677 4.672 4.605 4.372 4.115 3.962 4.112 4.282 4.587 4.892 4.81 4.942 4.915
5.137 4.989 4.849 4.757 4.729 4.669 4.589 4.539 4.532 4.534 4.537 4.584 4.637 4.64 4.662 4.687 4.702 4.685 4.637 4.6 4.625 4.647 4.612 4.63 4.635 4.625 4.572 4.552 4.562 4.54 4.535 4.545 4.595 4.607 4.605 4.585 4.585 4.606 4.607 4.585 4.556 4.54 4.562 4.576 4.586 4.733 4.829 4.808 4.752 4.822 4.805 4.757 4.767 4.715 4.677 4.692 4.695 4.657 4.54 4.35 4.087 4.095 4.177 4.472 4.617 4.79 4.915 4.995 4.8 4.81 4.955 4.802
4.834 4.759 4.729 4.667 4.659 4.582 4.534 4.477 4.504 4.489 4.494 4.529 4.567 4.585 4.6 4.64 4.625 4.612 4.61 4.6 4.605 4.622 4.617 4.647 4.59 4.567 4.572 4.52 4.507 4.517 4.51 4.51 4.555 4.567 4.565 4.562 4.547 4.545 4.524 4.565 4.542 4.514 4.487 4.507 4.585 4.602 4.61 4.678 4.699 4.733 4.765 4.736 4.697 4.677 4.57 4.477 4.262 4.05 3.905 4.082 4.435 4.65 4.76 4.867 5.147 5.23 5.18 4.71 4.735 4.7 4.7 4.845
4.682 4.659 4.649 4.617 4.607 4.519 4.459 4.517 4.497 4.472 4.477 4.477 4.485 4.547 4.565 4.56 4.565 4.577 4.56 4.562 4.552 4.565 4.585 4.57 4.56 4.545 4.517 4.5 4.49 4.52 4.52 4.477 4.49 4.585 4.605 4.555 4.5 4.507 4.479 4.516 4.496 4.496 4.519 4.581 4.602 4.596 4.577 4.584 4.657 4.681 4.635 4.534 4.315 4.087 4 3.937 4.235 4.512 4.447 4.69 4.817 4.817 4.802 4.77 5.267 4.785 4.717 4.657 4.65 4.622 4.747 4.99
4.634 4.604 4.587 4.577 4.559 4.499 4.462 4.449 4.452 4.429 4.437 4.417 4.465 4.507 4.515 4.51 4.522 4.525 4.495 4.505 4.53 4.522 4.552 4.532 4.532 4.505 4.512 4.49 4.482 4.455 4.495 4.46 4.467 4.5 4.547 4.662 4.582 4.524 4.546 4.522 4.502 4.511 4.557 4.599 4.65 4.63 4.556 4.48 4.393 4.234 4.096 3.922 3.947 4.045 4.407 5.24 4.872 4.647 4.6 4.872 4.882 4.825 4.77 4.72 4.677 4.91 4.997 4.682 4.672 4.782 4.88 4.882
4.597 4.574 4.539 4.527 4.489 4.467 4.464 4.454 4.452 4.432 4.409 4.429 4.462 4.497 4.522 4.47 4.502 4.487 4.485 4.492 4.5 4.532 4.552 4.522 4.47 4.467 4.487 4.48 4.495 4.497 4.48 4.477 4.49 4.517 4.557 4.585 4.577 4.58 4.601 4.586 4.599 4.625 4.6 4.587 4.683 4.284 3.993 3.89 3.934 4.037 4.198 4.359 4.612 4.74 4.952 5.21 4.935 4.685 4.757 5.047 4.932 5.35 4.81 4.635 4.592 4.885 4.895 4.685 4.745 4.822 4.822 4.802
4.524 4.509 4.494 4.477 4.439 4.449 4.459 4.457 4.439 4.479 4.429 4.434 4.435 4.447 4.472 4.475 4.475 4.485 4.485 4.525 4.495 4.51 4.505 4.495 4.482 4.485 4.472 4.465 4.472 4.487 4.48 4.515 4.515 4.542 4.515 4.547 4.595 4.613 4.63 4.67 4.488 4.276 4.153 4.169 4.406 4.362 4.141 4.252 4.506 4.659 4.865 4.822 4.88 4.865 5.02 5.135 4.902 4.64 4.867 5.15 4.94 5.065 5.04 4.897 4.667 4.677 4.68 4.79 4.927 4.78 4.94 4.82
4.507 4.479 4.474 4.452 4.432 4.432 4.437 4.432 4.452 4.442 4.399 4.409 4.407 4.452 4.455 4.465 4.46 4.49 4.487 4.475 4.437 4.465 4.482 4.45 4.485 4.502 4.525 4.507 4.5 4.505 4.51 4.525 4.542 4.607 4.645 4.647 4.537 4.327 4.134 3.936 3.844 3.984 4.702 5.238 5.37 5.006 4.907 4.853 5.171 4.953 4.944 4.88 5.247 4.792 4.837 4.92 4.757 4.687 5.685 4.927 4.66 4.702 4.707 4.76 4.687 4.667 4.742 4.81 4.917 4.815 4.855 4.95
4.469 4.472 4.482 4.447 4.444 4.454 4.427 4.424 4.404 4.417 4.397 4.399 4.402 4.425 4.435 4.445 4.452 4.46 4.455 4.465 4.475 4.497 4.477 4.497 4.51 4.537 4.542 4.545 4.575 4.58 4.58 4.617 4.65 4.58 4.305 3.927 3.832 3.78 3.895 4.09 4.424 4.695 4.849 5.569 5.349 5 4.982 5.267 5.065 4.957 4.934 5.235 4.837 4.752 4.785 4.662 4.685 4.765 4.762 4.677 4.71 4.685 4.7 4.7 4.707 4.827 4.9 4.915 4.792 4.802 4.822 4.81
4.454 4.449 4.437 4.432 4.439 4.427 4.417 4.404 4.377 4.399 4.412 4.384 4.412 4.435 4.415 4.427 4.447 4.44 4.475 4.53 4.515 4.55 4.587 4.572 4.58 4.577 4.552 4.612 4.625 4.652 4.537 4.315 4.062 4.542 4.015 3.952 4.012 4.12 4.559 5.09 6.407 5.238 5.73 5.155 4.841 4.84 4.875 5.089 5.198 4.979 4.712 4.739 4.741 4.715 4.605 4.787 4.737 4.707 4.682 4.705 4.705 4.71 4.725 4.795 4.775 5.035 4.94 4.85 4.862 4.862 4.795 4.777
4.427 4.419 4.419 4.432 4.414 4.389 4.402 4.387 4.374 4.374 4.379 4.379 4.402 4.485 4.46 4.47 4.52 4.502 4.54 4.542 4.585 4.575 4.58 4.647 4.64 4.71 4.62 4.52 4.712 4.05 3.927 4.352 4.477 4.687 4.61 4.615 4.72 5.21 5.07 5.016 6.573 5.376 5.332 4.944 4.837 4.804 4.74 4.748 4.724 4.665 4.684 4.722 4.751 4.772 4.71 4.727 4.707 4.692 4.775 5.03 4.757 4.805 4.817 4.865 4.917 4.862 5.022 5.055 4.86 4.847 4.89 4.887
4.412 4.452 4.439 4.429 4.414 4.389 4.389 4.372 4.374 4.374 4.384 4.412 4.435 4.445 4.5 4.502 4.53 4.557 4.6 4.585 4.65 4.655 4.592 4.555 4.375 4.115 3.92 3.882 4.482 4.225 4.642 4.682 4.805 4.887 5.057 4.75 4.757 5.045 4.837 5.208 5.894 5.575 4.944 5.102 5.11 4.913 4.806 4.778 4.77 4.767 4.756 4.798 4.809 4.777 4.71 4.752 4.75 4.765 4.985 5.225 4.76 4.897 4.935 4.925 5.11 5.507 5.15 5.012 4.83 4.905 4.97 4.867
4.429 4.434 4.417 4.427 4.397 4.372 4.367 4.404 4.434 4.447 4.457 4.469 4.455 4.52 4.545 4.597 4.632 4.65 4.672 4.537 4.48 4.265 4.007 3.832 3.88 4.205 4.452 4.662 5.362 4.685 5.045 5.087 6.532 5.932 5.617 5.302 4.77 4.782 4.775 4.952 5.131 5.016 4.895 5.334 5.107 4.843 4.804 4.822 4.811 4.841 4.839 4.863 4.808 4.702 4.74 4.765 4.787 4.925 4.932 5.07 4.837 5.242 4.877 4.877 4.917 5.097 4.927 4.835 4.79 5.145 4.88 4.91
4.439 4.419 4.452 4.437 4.479 4.404 4.444 4.497 4.527 4.564 4.502 4.394 4.357 4.535 4.595 4.602 4.557 4.772 4.657 4.315 5.222 3.895 3.955 4.727 4.62 4.56 4.925 5.152 4.957 4.66 4.742 5.012 6.725 5.22 4.962 4.882 4.842 4.872 4.757 4.837 5.021 5.159 4.871 4.954 5.061 4.837 4.828 4.816 4.816 4.818 4.851 4.834 4.778 4.815 4.832 4.795 4.802 4.867 4.802 5.065 4.875 4.91 4.98 4.875 4.857 4.9 5.08 4.892 4.907 4.937 4.95 4.88
4.462 4.439 4.479 4.507 4.499 4.532 4.517 4.507 4.544 4.567 4.529 4.449 4.302 4.36 4.55 7.472 7.472 5.617 4.407 4.392 5.087 4.677 4.547 4.937 4.852 4.68 4.872 5.037 4.837 4.707 4.702 4.847 5.285 5.01 5.542 4.735 5.247 4.885 4.852 4.802 4.96 5.114 5.721 4.995 4.836 4.865 4.903 4.84 4.833 4.865 4.87 4.836 4.791 4.782 4.83 4.812 4.982 4.957 4.857 4.842 4.845 4.907 4.89 4.882 4.87 5.005 5.04 4.932 4.847 4.87 5.722 4.91
4.497 4.509 4.547 4.554 4.542 4.547 4.544 4.552 4.562 4.559 4.529 5.734 6.337 6.035 7.605 4.277 4.367 4.497 4.572 4.625 4.737 4.66 4.682 4.645 4.732 4.802 4.737 4.715 4.747 4.675 4.66 4.745 4.84 5 5.065 4.87 4.962 4.922 5.38 5.328 5.601 5.447 6.065 4.942 4.885 4.876 4.852 4.818 4.845 4.915 4.875 4.837 4.781 4.717 4.847 4.83 5.007 5.05 4.915 5.235 5.23 4.875 5.002 4.977 4.977 4.96 5 4.937 4.835 4.955 5.872 5.685
4.574 4.592 4.557 4.604 4.597 4.567 4.514 5.442 6.519 7.622 8.274 7.402 10.857 4.937 4.42 4.53 4.635 4.59 4.675 4.707 4.835 4.695 4.732 4.645 4.695 4.82 5.337 4.79 4.762 4.74 4.717 4.757 4.837 5.417 5.137 5.01 5.072 5.23 5.417 5.119 5.375 5.284 4.952 4.913 4.872 4.858 4.931 4.901 4.918 4.916 4.914 4.854 4.815 4.81 4.82 4.85 5.012 5.047 5.03 4.892 4.982 5 5.49 5.61 4.937 4.915 5.085 4.865 4.882 5.417 6.352 5.467
4.682 4.649 4.609 4.514 5.364 7.817 9.902 9.752 8.284 5.822 4.804 4.857 5.832 4.367 4.77 4.78 4.775 4.9 4.717 4.71 4.755 4.625 4.797 4.655 4.672 5.452 5.592 5.507 4.987 4.847 4.73 4.802 4.782 4.795 4.967 5.025 5.042 5.305 5.752 5.483 5.491 4.913 4.897 4.905 4.9 4.907 4.917 4.924 4.927 4.93 4.926 4.849 4.812 4.872 4.83 4.845 5.26 5.432 5.122 4.9 4.965 4.902 4.955 5.037 5.49 5.08 5.102 5.09 5.175 5.257 6.06 7.34
4.392 4.147 4.727 5.592 6.397 6.737 6.467 4.527 4.662 4.607 4.674 4.724 4.412 4.417 4.722 4.73 4.702 4.67 4.657 4.582 4.662 4.645 4.652 4.697 4.765 4.74 5.062 4.932 4.922 5.125 4.795 4.825 4.785 4.787 4.825 4.855 4.835 4.99 5.832 5.205 4.883 4.904 4.922 4.953 4.909 4.904 4.956 4.964 4.972 4.943 4.901 4.849 4.868 4.91 4.882 4.897 4.96 5.575 5.165 4.977 5.33 5.012 5.06 5.125 4.932 5.005 5.12 4.932 4.912 5.05 5.48 5.785
3.894 3.999 4.324 4.544 4.682 4.617 4.679 4.697 4.787 4.777 4.727 4.709 4.655 4.367 4.685 4.757 4.752 4.655 4.657 4.597 4.642 4.687 4.677 4.747 4.78 4.825 4.89 5.04 4.945 5.007 4.817 4.827 4.842 4.795 4.82 4.867 4.845 4.837 4.855 4.889 4.872 4.917 4.958 4.961 4.929 4.957 4.976 4.967 4.99 4.916 4.879 4.822 5.154 5.075 4.905 4.972 4.932 4.97 4.985 4.972 4.98 4.96 4.982 4.997 4.997 4.99 4.955 4.897 4.957 5.032 5.195 5.162
4.637 4.762 4.814 4.832 4.839 4.804 4.792 4.949 4.939 4.957 4.727 4.759 4.555 4.445 4.787 4.752 4.785 4.637 4.725 4.7 4.717 4.742 4.687 4.775 4.852 5.032 4.887 4.78 4.85 4.837 4.802 4.847 4.907 4.817 4.825 4.817 4.827 4.862 4.865 4.92 4.94 4.977 4.982 4.905 4.961 4.98 4.992 4.973 4.982 4.996 4.895 4.889 5.092 4.915 4.922 5.165 5.387 4.922 5.002 4.965 4.922 4.985 5.115 5.092 5.032 5.102 4.967 4.922 5.155 5.127 5.112 5.12
