All_lidar/sz5692_DSM_2M.asc
ncols 500
nrows 500
xllcorner    456000
yllcorner    92000
cellsize     2
NODATA_value -9999
[rows 0 to 31 of 500, columns 0 to 71 of 500]
13.906 13.964 13.975 14.014 14.305 14.76 14.218 14.22 14.322 14.355 14.31 14.392 14.399 14.942 15.302 17.224 15.302 14.494 14.424 14.549 20.652 21.549 17.797 17.554 23.302 15.412 15.102 14.477 16.872 17.337 19.327 23.559 19.952 14.567 15.517 14.529 14.557 14.419 14.214 16.904 20.092 18.487 20.347 16.944 16.982 14.367 14.369 15.164 16.037 14.497 14.159 14.207 14.174 14.234 14.772 14.407 14.464 14.622 14.734 16.714 17.122 15.519 15.474 15.002 15.064 15.267 17.392 15.929 24.004 23.457 16.924 15.239
14.054 14.492 14.16 14.129 14.279 14.312 14.261 14.267 14.344 14.387 14.438 14.37 14.429 14.594 14.904 17.332 15.002 16.257 15.062 16.587 19.257 20.694 23.794 20.914 18.242 15.594 14.652 14.482 14.594 16.032 18.029 14.684 14.517 15.804 15.977 14.739 14.952 20.107 14.634 17.209 21.834 18.959 21.677 14.437 18.539 17.434 14.524 14.567 14.812 16.014 14.622 14.349 14.279 14.379 14.664 15.092 14.507 14.624 14.849 21.112 16.657 15.794 20.982 19.124 15.757 16.067 17.427 16.729 18.919 16.952 15.759 16.279
14.115 14.821 15.026 14.253 14.296 14.287 14.333 14.366 14.363 14.429 14.524 14.561 14.487 14.589 14.727 16.477 19.567 21.202 19.674 17.074 18.609 22.127 21.074 21.757 15.529 15.732 14.637 14.594 14.642 14.657 14.729 14.547 14.539 14.657 14.554 14.587 17.417 15.114 19.182 16.889 18.387 16.172 15.932 14.409 15.454 14.597 22.604 14.777 14.994 14.572 14.754 15.007 14.517 17.692 14.622 14.702 14.572 15.094 14.897 15.299 15.224 15.384 18.342 22.074 20.332 21.419 20.604 20.149 15.729 17.842 17.729 17.792
14.05 14.338 14.547 14.537 14.332 14.392 14.477 14.413 14.464 14.42 14.522 14.592 14.624 14.564 16.304 15.454 18.144 19.434 15.629 16.204 15.059 14.842 14.959 14.997 16.787 15.442 15.807 14.797 14.869 14.809 14.752 14.702 14.647 14.672 15.709 20.357 19.029 14.624 14.677 15.257 15.337 15.049 16.389 16.374 20.912 18.567 14.484 17.307 15.652 15.282 15.104 14.537 14.517 17.644 15.119 14.749 14.717 15.472 15.177 15.067 15.339 16.264 16.187 17.667 17.734 23.777 22.874 20.802 16.577 15.592 17.449 17.514
14.14 14.165 14.336 14.343 14.435 15.899 15.493 14.939 14.516 14.603 14.724 14.606 14.744 14.747 14.724 14.807 14.899 16.232 14.942 15.882 15.202 15.014 14.984 14.939 15.694 15.064 15.527 14.869 14.987 14.902 14.842 14.834 14.889 15.814 15.214 17.077 18.412 16.357 14.792 15.022 15.222 15.137 17.057 15.232 22.144 19.792 16.299 16.434 17.452 15.032 14.904 14.509 14.622 14.572 14.837 14.912 14.742 14.942 15.164 15.262 15.719 15.539 15.494 15.639 15.719 17.254 16.879 16.462 16.292 15.772 17.059 16.589
14.226 14.271 14.29 14.44 15.124 16.769 14.762 14.596 14.63 14.621 14.698 14.723 14.778 14.857 14.922 14.879 14.919 14.932 14.852 15.262 15.514 15.292 15.169 15.304 15.219 14.947 15.172 15.684 15.084 15.012 14.994 15.187 15.739 16.452 14.829 14.884 14.917 15.672 15.809 15.159 15.327 16.092 16.954 20.069 21.137 21.407 19.589 18.007 23.167 16.029 14.654 14.574 14.712 14.672 14.764 14.924 14.837 15.039 15.307 15.489 15.882 15.399 15.414 16.042 16.937 16.022 16.049 15.822 16.459 16.324 16.462 16.902
14.286 14.366 14.383 14.416 14.501 14.85 14.708 14.693 14.739 14.759 14.744 14.783 14.85 14.942 15.022 15.037 14.977 14.952 14.969 15.207 16.584 15.422 16.159 19.699 16.559 15.104 15.319 16.452 15.532 15.139 15.202 15.409 15.064 15.709 15.092 14.974 15.044 15.194 16.989 15.564 16.942 16.484 24.789 29.569 29.227 19.542 20.349 20.197 22.672 16.914 16.562 14.859 15.007 14.867 14.844 14.854 14.992 15.094 15.319 15.747 16.359 16.849 15.632 22.839 25.839 19.282 16.072 16.602 16.599 16.089 16.264 16.722
14.362 14.411 14.454 14.495 14.533 14.684 14.752 14.777 14.843 14.869 14.858 14.91 14.945 15.029 15.074 15.102 15.134 15.029 14.989 15.272 15.917 16.482 15.662 17.927 15.999 15.199 15.179 15.312 15.397 18.707 15.344 17.372 15.189 16.259 15.732 15.254 15.357 18.054 15.692 16.324 18.414 23.649 21.859 29.914 28.399 21.634 20.679 18.799 17.742 16.077 19.312 16.639 15.029 14.897 14.969 15.049 15.117 15.332 15.547 15.567 16.289 15.962 17.522 17.817 23.967 17.887 16.154 17.017 18.102 15.959 16.149 16.117
14.415 14.482 14.519 14.564 14.603 14.656 14.801 14.926 15.003 14.966 14.944 14.989 15.07 15.134 15.287 15.339 15.167 15.174 15.159 15.102 19.012 17.577 18.689 21.157 16.672 15.567 17.834 17.812 15.402 15.867 17.767 15.294 15.247 15.369 16.212 16.817 15.577 15.622 15.722 15.489 15.292 21.747 24.639 20.674 15.869 18.629 19.164 16.642 15.292 15.332 15.142 16.752 20.419 15.039 15.007 15.134 15.159 15.367 15.752 15.649 15.789 15.884 15.989 20.447 17.132 17.122 16.634 17.039 18.989 16.167 16.594 16.387
14.445 14.528 14.587 14.629 14.686 14.73 14.789 14.925 15.023 15.04 15.075 15.118 15.173 15.242 15.292 15.322 15.294 15.314 17.744 20.352 24.047 21.237 22.352 20.574 23.042 18.354 20.002 15.612 15.492 15.429 16.924 17.017 15.402 15.352 17.094 16.092 21.444 16.619 15.372 16.749 16.552 22.884 19.797 16.454 15.674 16.912 15.224 15.249 15.152 19.334 16.962 15.309 17.272 15.127 15.097 15.184 15.247 15.834 16.409 15.824 16.144 16.009 16.022 16.862 19.464 18.449 16.307 16.042 16.734 19.029 20.139 16.619
14.507 14.568 14.63 14.7 14.757 14.819 14.853 14.924 15.079 15.1 15.155 15.281 15.337 15.319 15.399 15.414 15.404 18.852 15.722 17.347 20.282 21.422 17.477 18.324 24.129 22.524 16.187 15.929 16.177 15.654 15.624 15.549 15.489 20.539 16.007 26.832 23.479 15.529 15.587 18.304 17.259 17.382 16.857 16.534 15.194 15.232 15.394 17.212 15.787 15.607 15.137 15.914 18.254 16.339 20.219 15.379 15.437 16.009 15.797 15.892 17.462 15.894 15.862 18.542 17.469 16.814 17.787 16.254 19.077 18.387 22.597 16.529
14.566 14.63 14.704 14.756 14.847 14.882 14.958 15.005 15.07 15.226 15.266 15.447 15.444 15.479 15.477 15.879 18.562 20.709 18.619 23.192 17.647 16.574 15.544 15.454 15.424 16.367 16.722 16.552 18.524 17.189 15.719 15.759 15.722 15.629 18.192 18.297 18.777 19.849 17.934 17.284 15.962 15.729 15.447 15.452 15.334 15.344 17.614 25.499 23.652 16.339 15.289 15.297 18.282 18.362 21.502 17.697 15.472 15.784 15.642 16.024 16.117 15.977 15.884 16.197 16.189 16.182 16.257 16.279 16.374 21.097 25.914 17.424
14.606 14.702 14.763 14.813 14.917 15.002 15.041 15.109 15.146 15.278 15.385 15.431 15.554 15.582 15.632 17.022 15.789 21.939 22.172 17.034 15.659 17.177 15.759 15.732 15.594 15.592 15.654 16.137 18.779 18.019 16.069 15.902 16.869 16.382 22.014 16.222 17.692 21.837 20.064 17.767 16.337 17.959 15.557 15.527 15.449 15.467 17.942 22.972 24.849 18.452 15.582 15.699 23.012 22.084 15.572 15.452 15.582 16.084 15.769 16.107 16.229 16.322 16.567 16.082 16.187 16.249 16.277 17.327 16.997 23.242 18.629 18.507
14.651 14.75 14.819 14.906 14.992 15.071 15.143 15.211 15.28 15.314 15.42 15.465 15.532 15.618 15.674 15.672 17.349 17.904 18.824 20.902 15.787 15.889 15.842 15.844 15.797 15.739 15.809 15.844 16.319 18.342 16.357 16.099 16.749 22.807 18.157 19.847 17.384 20.089 20.222 19.037 20.159 16.794 15.699 15.664 15.704 15.642 15.617 17.337 17.464 16.997 15.742 17.977 21.717 23.192 17.279 15.742 17.302 17.034 17.044 16.097 16.132 16.042 16.109 16.222 16.219 16.267 16.377 22.389 20.792 18.507 17.534 16.724
14.72 14.792 14.874 14.975 15.058 15.145 15.266 15.347 15.383 15.419 15.445 15.52 15.642 15.728 15.727 15.767 16.924 15.884 15.949 16.272 15.924 15.949 15.934 15.939 15.907 15.944 18.422 17.482 16.167 16.384 16.112 16.272 19.784 18.674 17.399 17.889 19.212 23.882 22.212 20.614 17.609 15.842 15.759 15.807 15.834 15.739 15.792 15.707 15.739 15.704 15.669 16.167 23.299 24.314 17.842 15.742 15.907 16.504 21.564 16.277 16.282 21.792 19.429 16.297 16.307 16.304 16.684 20.582 21.854 16.584 16.622 16.642
14.766 14.871 14.942 15.044 15.156 15.255 15.355 15.472 15.515 15.515 15.516 15.55 15.651 15.782 15.789 15.902 15.889 15.992 16.199 21.069 16.037 16.092 16.162 16.037 16.027 16.174 19.507 17.749 16.132 16.199 16.044 16.872 16.547 16.662 16.557 16.534 21.402 16.054 16.144 17.309 15.969 15.947 15.927 15.912 15.892 15.814 15.877 15.914 15.757 16.917 15.797 15.939 19.687 15.697 15.994 15.799 15.854 16.014 16.394 16.679 23.179 19.089 27.759 16.947 16.457 16.432 16.522 16.572 16.794 16.747 16.814 16.957
14.854 14.935 15.045 15.126 15.224 15.351 15.476 15.563 15.61 15.623 15.614 15.643 15.676 15.767 15.892 15.957 16.024 17.154 20.382 17.132 16.434 16.114 16.127 16.134 16.144 16.154 16.307 18.132 22.922 16.314 16.362 17.682 16.092 20.629 19.774 23.057 20.264 22.074 16.237 17.602 16.829 16.637 16.052 15.982 15.909 15.954 16.139 15.977 15.972 15.984 15.992 15.874 15.824 15.767 15.847 15.872 16.002 17.034 16.162 18.662 21.089 16.417 19.544 19.292 16.584 16.487 16.599 16.679 16.772 16.757 17.157 16.949
14.91 15.017 15.11 15.239 15.348 15.474 15.571 15.631 15.707 15.738 15.733 15.76 15.796 15.806 15.917 16.029 16.122 16.627 16.167 17.969 17.174 18.157 16.219 16.257 16.209 16.339 16.432 18.079 21.677 16.482 16.339 16.527 16.642 20.167 26.554 24.444 22.322 21.799 17.539 21.029 17.702 17.622 16.492 16.134 16.124 19.067 19.147 16.087 16.977 19.977 17.002 19.219 18.189 19.299 17.277 16.034 16.177 16.359 17.504 16.994 27.059 17.849 17.557 25.864 24.174 19.137 16.654 16.812 16.867 16.917 16.909 16.957
14.97 15.101 15.207 15.331 15.467 15.558 15.652 15.696 15.778 15.824 15.838 15.87 15.885 15.907 15.893 16.099 16.129 16.817 17.162 16.327 17.212 17.162 16.387 16.359 16.367 16.369 16.472 16.622 16.547 16.584 16.537 16.504 19.279 21.167 21.419 19.194 18.442 17.877 17.052 18.284 17.939 16.509 16.757 16.317 16.439 19.839 20.589 21.002 21.057 17.249 21.719 25.804 21.027 21.864 18.964 16.269 17.484 16.449 16.487 16.612 17.837 23.969 22.014 25.914 18.752 17.414 17.047 16.849 16.929 17.004 16.994 17.057
15.075 15.207 15.321 15.457 15.585 15.676 15.741 15.799 15.858 15.926 15.957 15.973 15.947 15.975 16.007 16.024 16.122 16.229 16.444 17.172 16.342 16.732 16.392 16.402 17.747 16.507 16.522 16.584 16.579 16.637 16.644 16.594 16.487 17.699 22.397 19.724 18.342 17.112 16.839 17.699 16.972 16.812 16.697 17.509 18.294 20.312 20.812 22.514 22.414 20.027 17.184 23.252 19.034 16.564 16.469 16.472 19.174 16.802 16.664 19.164 16.774 19.869 24.244 29.254 23.272 24.649 21.802 17.569 17.547 17.642 17.124 17.134
15.207 15.319 15.439 15.574 15.668 15.793 15.84 15.892 15.947 16.002 16.035 16.05 16.07 16.075 16.109 16.107 16.159 16.362 16.374 16.449 16.484 16.542 16.459 16.512 16.569 16.612 16.634 16.682 16.659 16.677 16.727 16.709 16.724 17.014 21.337 20.269 16.999 16.964 17.102 16.854 16.814 16.672 16.957 23.259 23.897 23.772 25.959 20.634 21.087 19.104 19.337 16.747 17.909 16.692 16.729 16.974 19.339 17.432 19.859 28.607 25.247 18.999 17.769 25.354 33.657 37.012 32.724 27.862 20.122 20.739 17.499 17.297
15.367 15.467 15.57 15.669 15.757 15.85 15.931 15.979 16.031 16.066 16.117 16.133 16.165 16.187 16.181 16.225 16.259 16.332 16.537 16.547 16.614 16.767 18.082 16.694 17.159 16.737 16.814 16.759 16.779 16.787 17.449 19.272 17.477 22.042 19.932 18.077 18.219 16.949 16.664 17.169 17.142 16.919 18.817 22.677 22.847 26.092 28.354 25.604 18.237 17.022 16.507 16.532 16.564 16.874 18.172 19.552 19.362 23.284 27.332 31.857 29.364 17.674 17.327 20.137 22.497 19.849 23.354 23.704 19.032 22.597 26.377 17.449
15.497 15.619 15.663 15.741 15.818 15.918 15.992 16.064 16.11 16.147 16.204 16.252 16.262 16.271 16.325 16.353 16.399 16.419 16.519 16.657 16.737 17.272 16.914 19.154 19.694 16.879 16.874 16.889 16.897 17.019 17.654 20.894 25.154 28.702 21.672 16.924 17.129 17.357 17.009 17.022 17.082 19.367 22.059 23.762 21.667 26.474 26.259 27.637 22.617 16.664 16.569 17.142 16.902 17.087 21.904 29.197 31.302 26.842 31.832 26.469 24.734 21.709 24.804 24.059 29.752 28.577 17.839 17.519 17.372 19.977 19.677 17.537
15.644 15.727 15.778 15.83 15.882 15.958 16.05 16.121 16.194 16.25 16.29 16.336 16.367 16.387 16.424 16.511 16.542 16.577 16.639 16.694 16.924 19.029 20.379 18.682 17.949 17.204 17.017 17.037 17.034 17.082 17.154 18.877 25.304 27.579 24.807 20.704 17.542 18.249 17.409 17.139 17.042 17.204 18.597 19.907 25.932 29.099 28.154 29.297 20.962 16.877 16.662 17.812 18.072 17.239 24.262 31.319 34.144 33.134 30.637 26.594 22.139 21.052 22.409 30.502 28.932 25.249 25.279 17.622 17.507 19.179 23.342 20.747
15.687 15.796 15.87 15.922 15.974 16.043 16.106 16.191 16.253 16.32 16.385 16.454 16.504 16.541 16.616 16.671 16.737 16.782 16.807 16.817 16.989 20.939 22.409 22.172 19.429 17.362 17.154 17.159 17.177 17.274 17.317 17.234 23.339 23.774 23.139 27.189 25.437 22.549 17.192 17.222 17.152 17.107 18.242 18.689 20.504 23.234 20.227 17.929 17.792 16.947 17.012 17.132 16.842 16.884 21.994 30.577 30.757 21.372 26.692 20.109 19.462 19.239 19.362 32.492 24.814 24.502 18.064 29.464 28.259 18.147 20.867 17.634
15.754 15.836 15.957 16.035 16.064 16.134 16.182 16.25 16.33 16.418 16.484 16.559 16.614 16.698 16.742 16.834 16.902 16.954 17.027 17.047 17.094 18.807 23.609 19.177 19.062 20.652 21.267 17.319 17.342 17.447 18.772 20.209 19.389 23.034 25.282 30.367 31.509 18.449 17.239 17.252 17.304 17.384 17.399 17.684 17.509 21.224 18.249 19.492 18.027 17.324 17.142 17.742 17.034 16.932 19.169 26.017 24.294 21.234 20.807 18.572 17.649 17.677 19.639 35.299 32.732 34.247 25.544 34.204 32.587 24.027 18.507 17.777
17.147 15.947 15.978 16.11 16.159 16.207 16.261 16.351 16.422 16.508 16.579 16.656 16.724 16.799 16.86 16.957 17.045 17.149 17.224 17.262 17.324 17.332 20.409 18.759 19.189 21.909 19.087 17.614 17.804 17.802 21.329 23.249 17.679 23.567 24.787 27.212 20.469 19.557 17.584 26.027 23.427 18.732 17.754 17.789 17.764 18.599 19.404 17.567 17.597 17.637 19.374 17.134 17.542 18.114 25.622 31.709 25.337 21.024 20.622 17.527 18.012 19.314 21.927 31.512 36.019 33.672 32.194 33.514 24.317 17.797 17.807 17.994
16.237 16.074 16.083 16.169 16.228 16.273 16.342 16.428 16.517 16.604 16.683 16.765 16.834 16.919 16.979 17.061 17.166 17.272 17.349 17.402 17.419 17.474 17.492 17.794 20.002 21.894 26.169 19.579 21.734 21.332 23.727 24.239 22.939 22.122 17.709 19.842 20.997 21.804 21.944 17.999 23.904 23.864 17.779 18.662 18.182 17.797 17.734 19.519 20.892 22.134 19.704 20.707 20.724 18.862 23.069 31.567 30.167 27.144 23.042 17.702 17.504 18.339 20.582 27.279 34.334 35.419 34.509 32.289 25.794 17.944 17.999 17.952
16.122 16.469 16.221 16.257 16.296 16.374 16.444 16.541 16.624 16.707 16.797 16.888 16.954 17.04 17.098 17.162 17.252 17.382 17.452 17.504 17.539 17.609 17.602 17.742 19.872 22.667 26.642 19.987 17.867 19.279 23.762 23.554 20.797 17.777 17.819 20.184 21.387 26.577 28.119 27.379 25.007 23.004 21.247 17.712 17.889 18.022 17.872 17.909 19.957 24.114 20.567 19.992 18.007 22.034 18.364 22.967 27.177 27.464 18.849 19.809 17.772 18.599 21.442 24.179 31.447 33.164 34.662 32.862 23.779 21.169 19.542 20.972
16.162 16.229 16.311 16.372 16.399 16.507 16.586 16.659 16.737 16.82 16.904 16.998 17.09 17.172 17.214 17.29 17.36 17.462 17.509 17.584 17.619 17.662 17.684 18.214 20.314 22.672 22.224 21.059 17.959 17.974 20.579 20.647 19.019 17.907 17.942 18.774 21.754 26.139 27.454 26.819 27.334 28.854 21.547 17.742 17.762 17.959 18.024 17.914 20.987 26.067 20.984 19.892 21.044 19.634 18.007 17.449 23.079 28.532 19.614 23.522 26.204 22.274 26.424 26.297 33.414 34.339 31.649 30.759 29.244 25.462 18.194 18.227
16.269 16.359 16.457 16.528 16.588 16.656 16.705 16.789 16.897 16.985 17.042 17.119 17.201 17.296 17.363 17.415 17.488 17.569 17.622 17.694 17.714 17.722 17.812 18.224 19.499 19.622 21.779 22.282 18.102 18.054 18.052 18.054 18.019 18.002 18.037 18.019 21.022 23.902 25.902 26.224 26.914 26.309 20.429 17.904 17.879 17.822 17.834 18.072 18.109 18.299 18.492 22.312 27.617 28.534 29.892 20.199 17.839 17.694 18.694 21.887 25.492 28.647 29.219 26.854 26.194 30.429 34.869 32.432 26.307 21.889 20.072 18.572
16.372 16.482 16.562 16.654 16.717 16.797 16.874 16.953 17.02 17.101 17.19 17.277 17.352 17.443 17.521 17.569 17.622 17.659 17.729 17.792 17.824 17.862 17.907 18.549 19.092 18.027 18.077 19.014 18.197 18.087 18.104 18.112 18.104 18.077 18.072 18.072 18.089 18.099 20.584 22.202 24.157 21.892 18.007 18.004 17.962 17.939 17.904 17.912 18.097 18.287 22.117 23.672 25.624 22.417 26.107 23.267 18.577 18.289 19.629 22.144 18.717 28.019 26.084 29.792 28.634 27.749 32.562 28.959 21.519 21.689 18.927 19.329
