All_lidar/sz5685_DSM_2M.asc
ncols 500
nrows 500
xllcorner    456000
yllcorner    85000
cellsize     2
NODATA_value -9999
[rows 192 to 223 of 500, columns 216 to 287 of 500]
33.237 33.147 33.504 37.069 38.292 37.462 33.332 32.432 32.219 32.164 32.157 32.114 32.237 32.112 32.199 32.092 32.169 32.059 32.107 32.004 31.992 31.982 31.914 31.907 31.917 31.887 31.844 31.832 31.779 31.704 31.649 31.573 31.488 31.444 31.369 31.302 31.183 31.124 31.034 30.861 30.687 30.54 30.425 30.279 30.137 30.096 30.091 30.417 32.492 32.179 31.287 32.722 28.244 27.337 26.929 26.422 26.929 27.904 26.237 27.094 26.689 27.347 21.339 19.602 20.177 24.829 20.322 18.767 18.659 18.692 18.627 18.912
33.282 33.177 34.314 37.347 37.354 38.862 36.459 32.379 32.197 32.129 32.104 32.064 32.067 32.057 32.194 32.087 31.974 32.047 32.002 31.909 31.907 31.862 31.827 31.784 31.779 31.769 31.729 31.727 31.674 31.574 31.522 31.444 31.386 31.336 31.271 31.217 31.146 31.039 30.977 30.875 30.673 30.519 30.361 30.181 30.029 29.891 29.76 29.719 32.139 32.234 34.207 29.872 28.844 28.139 27.637 27.342 26.899 26.379 26.544 31.912 29.644 27.377 22.812 22.359 20.702 20.942 19.337 19.234 19.362 19.394 19.487 19.864
33.284 33.129 33.127 35.477 36.562 38.054 35.752 32.357 32.182 32.112 32.117 32.127 32.064 32.002 31.994 32.169 31.924 31.877 31.867 31.899 31.802 31.762 31.722 31.677 31.647 31.659 31.652 31.597 31.549 31.514 31.424 31.369 31.285 31.232 31.162 31.126 31.028 30.96 30.858 30.791 30.659 30.522 30.38 30.2 29.978 29.836 29.66 29.499 29.352 29.302 29.264 29.257 29.039 28.689 28.859 28.377 27.849 27.149 29.294 31.927 31.667 28.792 24.674 23.999 22.372 25.352 20.947 20.707 20.734 20.729 20.912 21.407
33.289 33.122 32.987 33.329 33.752 34.129 33.149 32.284 32.179 32.137 32.214 32.052 31.979 31.912 31.952 31.872 31.854 31.802 31.777 31.742 31.704 31.639 31.604 31.582 31.547 31.504 31.509 31.462 31.407 31.339 31.307 31.227 31.211 31.133 31.048 30.962 30.934 30.99 30.762 30.659 30.594 30.597 30.307 30.3 30.182 29.924 29.608 29.384 29.202 29.064 28.942 28.792 28.744 28.719 28.899 29.057 29.609 29.282 32.824 33.552 27.317 28.154 25.749 27.597 24.459 23.427 23.122 23.144 22.817 22.817 22.872 22.959
33.254 33.107 32.982 32.912 33.032 33.797 32.802 32.267 32.147 32.084 32.137 31.984 31.974 31.909 31.949 31.879 31.812 31.704 31.687 31.629 31.632 31.524 31.444 31.439 31.374 31.369 31.367 31.319 31.254 31.229 31.187 31.172 31.08 30.999 30.945 30.916 30.817 30.859 30.586 30.475 30.377 30.3 30.185 30.094 29.985 29.969 29.806 29.428 29.437 29.132 28.822 28.662 28.474 28.392 28.302 28.412 31.389 30.382 30.422 28.282 28.192 28.182 28.467 32.384 26.809 24.979 24.329 24.232 24.527 24.379 24.062 24.222
33.237 33.082 32.982 32.947 34.707 35.187 32.544 32.187 32.132 32.074 31.972 31.932 31.884 32.062 32.029 31.812 31.857 31.869 31.537 31.574 31.487 31.399 31.379 31.329 31.267 31.269 31.227 31.184 31.114 31.077 31.052 30.969 30.922 30.847 30.768 30.779 30.657 30.593 30.538 30.313 30.21 30.138 30.055 29.941 29.915 29.696 29.585 29.586 30.592 29.634 28.754 28.554 28.404 28.237 28.029 27.904 29.342 27.704 27.649 27.554 27.924 27.907 31.572 33.042 27.017 26.817 25.494 25.424 27.174 25.904 25.729 25.394
33.212 33.072 33.007 33.314 35.472 34.369 32.434 32.169 32.089 32.122 31.972 31.962 31.809 31.822 31.887 31.749 31.829 31.677 31.662 31.442 31.317 31.257 31.209 31.177 31.129 31.137 31.122 31.057 30.989 30.894 30.857 30.789 31.182 30.876 30.619 30.687 30.581 30.413 30.29 30.258 30.08 29.993 29.897 29.789 29.676 29.558 29.544 29.334 29.677 29.254 28.844 28.617 28.347 28.132 27.984 27.827 27.609 27.434 27.249 27.154 27.034 26.969 30.912 26.847 27.044 27.444 26.809 26.194 29.154 27.509 26.382 25.639
33.192 33.054 32.979 33.267 34.787 35.554 32.377 32.582 32.024 31.984 31.864 31.799 31.864 31.787 31.832 31.737 31.804 31.529 31.407 31.337 31.242 31.179 31.089 31.124 31.032 31.039 30.992 31.027 30.837 30.849 30.724 30.674 30.647 30.54 30.399 30.326 30.269 30.298 30.176 30.361 29.937 29.825 29.874 29.693 29.56 29.405 29.294 29.255 29.179 28.904 28.734 28.584 28.449 28.212 27.944 27.742 27.559 27.402 27.177 27.007 26.834 26.719 26.852 26.742 26.499 30.372 30.359 26.619 26.192 26.072 25.899 25.787
33.159 33.029 32.989 33.097 36.364 37.982 36.049 33.682 31.957 32.122 31.834 31.739 31.739 32.062 31.689 31.562 31.892 31.452 31.222 31.292 31.147 31.019 30.957 30.964 31.152 30.917 30.777 30.722 30.629 30.574 30.522 30.457 30.409 30.441 30.245 30.274 30.092 30.123 29.961 29.878 29.86 29.716 29.592 29.504 29.4 29.308 29.199 29.074 28.902 28.824 28.669 28.494 28.319 28.184 28.027 27.774 27.582 27.362 27.142 26.989 26.819 26.612 26.449 26.334 26.212 29.539 29.427 26.857 26.079 26.794 26.149 26.259
33.117 33.074 33.484 39.749 41.659 37.467 35.579 36.394 32.602 32.039 31.767 31.692 31.679 32.562 31.529 31.842 31.439 31.492 31.192 31.217 31.052 30.927 30.842 30.827 30.827 30.654 31.249 30.742 30.462 30.384 30.352 30.352 30.309 30.369 30.17 30.005 29.982 30.206 29.834 29.684 29.893 29.531 29.484 29.387 29.415 29.249 29.044 28.948 28.813 28.624 28.587 28.442 28.519 28.137 27.942 27.829 27.669 27.427 27.212 26.982 26.794 26.619 26.437 26.284 26.129 26.619 25.874 25.644 25.599 25.589 25.592 25.484
33.197 33.344 33.742 35.737 36.334 33.614 36.804 36.992 31.864 31.812 31.717 31.669 31.624 31.572 31.629 31.434 31.287 31.272 31.284 31.409 30.929 30.804 30.712 30.732 30.589 30.532 30.492 30.449 30.297 30.304 30.157 30.119 30.097 30.179 30.031 29.965 29.972 29.876 29.703 29.957 29.588 29.464 29.398 29.238 29.263 29.092 28.992 28.791 28.911 28.547 28.917 28.424 28.269 28.039 27.902 27.709 27.587 27.442 27.257 27.042 26.914 26.612 26.414 26.224 26.209 25.944 25.747 25.517 25.379 25.262 25.124 25.002
33.372 33.462 33.349 33.327 33.879 33.532 33.557 32.414 32.374 31.767 31.694 31.667 31.564 31.482 31.462 31.284 31.254 31.104 31.089 30.997 30.787 30.727 30.592 30.532 30.434 30.382 30.302 30.689 30.132 30.057 30.099 29.952 29.942 29.932 29.787 29.73 29.655 29.585 29.505 29.531 29.263 29.191 29.086 29.233 29.023 28.834 28.741 28.721 28.91 28.41 28.367 28.284 28.134 27.882 27.694 27.592 27.477 27.444 27.312 27.109 26.924 26.674 26.454 26.254 26.159 25.879 25.719 25.567 25.412 25.237 25.087 24.942
33.254 33.397 33.532 33.502 34.317 33.507 32.304 32.007 32.037 31.757 31.682 31.647 31.669 31.409 31.367 31.259 31.227 30.949 30.847 30.727 30.629 30.529 30.489 30.552 30.377 30.329 30.142 30.102 30.044 30.777 30.067 29.797 29.759 29.774 29.549 29.461 29.392 29.359 29.261 29.287 29.252 29.04 28.941 28.889 28.908 28.691 28.588 28.456 28.331 28.192 28.122 28.252 27.874 27.839 27.672 27.559 27.389 27.227 27.127 27.019 27.004 26.777 26.704 26.349 26.104 25.947 25.827 25.649 25.479 25.267 25.107 24.949
33.557 33.334 33.529 34.044 34.757 33.949 32.142 32.204 33.127 31.844 31.749 31.734 31.442 31.357 31.289 31.184 31.154 30.912 30.737 30.627 30.547 30.497 30.384 30.289 30.199 30.112 29.997 29.957 29.862 29.989 29.937 29.742 29.722 29.482 29.382 29.285 29.283 29.159 29.219 29.044 28.964 28.861 28.894 28.785 28.74 28.489 28.446 28.276 28.144 28.083 27.989 27.939 27.877 27.672 27.542 27.432 27.339 27.167 27.009 26.877 26.812 26.712 26.642 26.334 26.187 25.942 25.779 25.634 25.512 25.349 25.262 25.149
34.314 34.064 33.977 33.964 34.117 33.227 31.982 31.829 32.247 31.807 31.647 31.627 31.494 31.334 31.239 31.049 30.932 30.792 30.647 30.602 30.529 30.549 30.274 30.312 30.127 30.439 29.844 30.149 29.824 29.644 29.514 29.412 29.624 29.284 29.397 29.117 29.119 29.124 28.934 28.837 28.763 28.732 28.667 28.693 28.474 28.331 28.226 28.319 28.068 27.982 28.027 27.717 27.767 27.719 27.414 27.304 27.077 26.924 26.849 26.744 26.664 26.617 26.442 26.284 26.144 26.077 25.797 25.617 25.507 25.399 25.292 25.354
34.147 33.927 34.024 34.042 34.094 32.702 31.944 31.837 31.764 31.667 31.577 31.469 31.419 31.257 31.157 30.992 30.912 30.729 30.742 30.567 30.417 30.382 30.349 30.089 30.034 29.902 29.892 30.757 29.572 29.474 29.349 29.267 29.404 29.102 28.982 29.163 29.213 28.854 28.749 28.681 28.616 28.595 28.609 28.489 28.415 28.19 28.096 27.963 28.001 27.94 27.816 27.652 27.532 27.337 27.207 27.112 26.979 26.799 26.722 26.632 26.612 26.497 26.322 26.202 26.047 25.934 25.819 25.657 25.432 25.307 25.222 25.129
32.999 33.504 34.449 34.094 32.984 32.207 31.969 31.864 31.784 31.664 31.574 31.447 31.309 31.224 31.089 31.097 30.832 30.649 30.532 30.574 30.279 30.239 30.202 29.977 29.832 29.677 29.662 29.534 29.422 29.609 29.204 29.179 29.007 28.902 28.794 28.872 28.915 28.632 28.519 28.494 28.408 28.317 28.298 28.179 28.149 28.015 27.939 27.789 27.726 27.616 27.533 27.467 27.394 27.279 27.137 27.064 26.857 27.174 26.947 26.567 26.484 26.417 26.209 26.134 25.957 25.827 25.749 25.594 25.424 25.199 25.092 25.022
33.654 34.689 35.082 33.587 32.392 32.102 32.392 32.027 31.777 31.669 31.627 31.427 31.342 31.177 31.109 30.862 30.737 30.569 30.639 30.309 30.217 30.234 29.964 29.887 29.762 29.584 29.484 29.382 29.224 29.172 29.052 29.299 28.884 28.774 28.782 28.612 28.541 28.451 28.43 28.429 28.272 28.27 28.101 28.016 27.938 27.932 27.816 27.852 27.528 27.455 27.414 27.329 27.224 27.094 27.122 26.979 26.839 26.842 26.537 26.414 26.264 26.202 26.169 26.034 25.854 25.844 25.679 25.549 25.412 25.204 25.019 24.897
34.564 34.032 34.579 34.577 32.644 32.037 31.887 31.872 32.177 31.949 31.517 31.454 31.339 31.139 31.024 30.802 30.677 30.544 30.352 30.199 30.092 29.984 29.832 29.687 29.624 29.514 29.382 29.282 29.372 29.124 28.949 28.932 28.742 28.842 28.534 28.464 28.477 28.316 28.226 28.183 28.124 28.155 28.165 27.875 27.819 27.692 27.606 27.496 27.474 27.384 27.251 27.127 27.069 26.909 26.997 26.712 26.744 26.524 26.359 26.299 26.259 26.167 26.069 25.947 25.829 25.889 25.929 25.382 25.264 25.204 25.137 24.882
34.869 33.324 32.987 33.804 32.209 31.979 31.864 31.819 31.887 31.584 31.452 31.274 31.284 31.149 30.942 30.917 30.629 30.654 30.317 30.234 30.012 29.874 29.759 29.639 29.492 29.377 29.337 29.137 29.102 28.967 28.862 28.922 28.617 28.507 28.377 28.352 28.294 28.34 28.306 28.008 27.977 27.925 27.959 27.727 27.632 27.526 27.468 27.593 27.258 27.147 27.051 26.991 26.874 26.777 26.729 26.637 26.562 26.397 26.312 26.219 26.107 26.034 25.992 25.969 25.812 25.732 25.407 25.314 25.247 25.097 25.247 24.949
33.009 32.504 32.484 32.314 32.097 31.934 31.879 31.814 31.654 31.524 31.404 31.324 31.214 31.024 30.867 30.687 30.614 30.489 30.307 30.107 30.019 29.917 29.669 29.624 29.379 29.247 29.244 29.022 28.999 28.844 28.684 28.637 28.457 28.329 28.254 28.202 28.072 28.059 28.005 27.922 27.812 27.748 27.802 27.672 27.534 27.445 27.322 27.278 27.22 27.054 26.972 26.938 26.819 26.754 26.577 26.499 26.419 26.267 26.207 26.054 25.934 25.854 25.762 25.704 25.764 25.502 25.447 25.307 25.092 24.984 25.032 24.842
32.537 32.424 32.307 32.174 32.049 31.877 31.807 31.692 31.577 31.467 31.389 31.317 31.272 30.977 30.827 30.677 30.544 30.342 30.217 30.039 29.902 29.764 29.612 29.409 29.294 29.222 29.249 28.949 28.867 28.772 28.659 28.449 28.339 28.197 28.292 28.032 27.942 27.856 27.748 27.703 27.684 27.857 27.686 27.463 27.435 27.453 27.299 27.192 27.035 26.945 26.964 26.851 26.702 26.614 26.507 26.399 26.277 26.227 26.057 25.974 25.849 25.752 25.662 25.629 25.772 25.354 25.339 25.104 25.064 25.044 24.904 24.952
32.449 32.322 32.227 32.057 31.892 31.857 31.734 31.672 31.559 31.437 31.322 31.269 31.112 30.922 30.837 30.669 30.497 30.337 30.252 29.974 29.852 29.727 29.559 29.399 29.209 29.084 29.037 28.839 28.764 28.807 28.612 28.782 28.204 28.044 28.134 27.877 27.919 27.758 27.667 27.639 27.616 27.634 27.401 27.293 27.42 27.194 27.266 26.961 26.88 26.901 26.767 26.737 26.693 26.522 26.479 26.407 26.249 26.147 25.997 26.009 25.794 25.699 25.654 25.622 25.374 25.192 25.149 24.999 24.989 24.914 24.802 24.654
32.664 32.229 32.134 31.927 31.822 31.799 31.649 31.569 31.549 31.377 31.369 31.177 31.017 30.874 30.687 30.544 30.384 30.344 30.117 29.962 29.784 29.854 29.429 29.347 29.144 29.037 29.089 28.774 28.624 28.557 28.567 28.362 28.177 28.592 28.882 27.857 27.727 27.724 27.569 27.54 27.43 27.385 27.255 27.173 27.219 27.258 27.274 26.856 26.77 26.766 26.588 26.566 26.552 26.382 26.332 26.224 26.097 25.994 26.009 25.804 25.704 25.647 25.477 25.507 25.317 25.139 25.074 24.904 24.997 24.912 24.752 24.744
32.297 32.159 32.007 31.829 31.777 31.692 31.562 31.487 31.422 31.279 31.267 31.114 31.007 30.797 30.642 30.512 30.364 30.339 30.047 29.884 29.669 29.522 29.312 29.167 29.452 28.969 28.934 28.639 28.517 28.444 28.264 28.342 28.807 28.397 28.577 27.862 27.527 27.467 27.389 27.365 27.322 27.239 27.076 27.101 27.005 26.976 26.807 26.756 26.804 26.58 26.579 26.476 26.471 26.349 26.172 26.154 25.912 25.854 25.767 25.659 25.597 25.544 25.447 25.347 25.182 25.092 24.959 24.804 24.824 24.754 24.622 24.637
32.119 31.987 31.814 31.737 31.732 31.589 31.472 31.462 31.297 31.204 31.102 30.959 30.854 30.739 30.632 30.492 30.289 30.159 30.119 29.797 29.597 29.539 29.259 29.102 29.017 28.859 28.734 28.662 28.432 28.234 28.159 27.979 28.302 27.984 28.032 27.622 27.414 27.369 27.245 27.188 27.15 27.087 27.105 27.354 26.807 26.731 26.862 26.57 26.537 26.504 26.414 26.349 26.266 26.266 26.184 25.942 26.027 25.874 25.737 25.722 25.517 25.452 25.389 25.297 25.134 25.214 24.849 24.737 24.659 24.544 24.427 24.332
32.007 31.832 31.667 31.652 31.584 31.479 31.469 31.424 31.232 31.327 31.064 30.932 30.764 30.647 30.534 30.459 30.249 30.087 29.962 29.797 29.562 29.512 29.292 29.062 28.922 28.827 28.634 28.629 28.362 28.312 27.977 27.887 27.809 27.624 27.554 27.419 27.339 27.302 27.144 27.126 27.169 26.947 26.994 27.044 26.678 26.616 26.583 26.522 26.42 26.386 26.242 26.221 26.261 26.246 25.987 25.919 25.834 25.734 25.689 25.589 25.402 25.389 25.312 25.122 25.024 24.872 24.757 24.697 24.554 24.477 24.449 24.337
31.882 31.652 31.609 31.582 31.477 31.387 31.342 31.232 31.162 31.132 30.914 30.797 30.669 30.572 30.459 30.369 30.199 30.009 29.929 29.684 29.489 29.302 29.192 29.004 28.867 28.809 28.912 28.547 28.237 28.112 28.254 27.982 28.284 27.489 27.422 27.334 27.337 27.162 27.347 27.118 26.914 26.862 26.826 26.657 26.578 26.545 26.463 26.425 26.31 26.209 26.186 26.176 26.794 26.309 26.392 25.887 25.902 25.549 25.569 25.427 25.379 25.402 25.259 25.032 25.019 24.834 24.669 24.579 24.497 24.364 24.387 24.387
31.759 31.569 31.542 31.514 31.424 31.342 31.264 31.139 31.067 30.964 30.854 30.727 30.664 30.477 30.422 30.244 30.107 29.914 29.814 29.859 29.432 29.604 29.142 29.012 28.794 28.712 29.002 28.512 28.167 27.979 28.344 27.799 27.639 27.424 27.294 27.212 27.117 27.079 27.017 26.994 27.158 27.579 26.684 26.588 26.508 26.502 26.347 26.288 26.225 26.263 26.118 26.17 25.95 26.129 26.171 25.902 25.607 25.612 25.542 25.317 25.299 25.187 25.072 25.019 24.864 24.824 24.612 24.527 24.394 24.254 24.174 24.044
31.524 31.569 31.414 31.399 31.367 31.269 31.182 31.027 30.949 30.849 30.962 30.629 30.519 30.364 30.394 30.342 29.997 29.882 29.692 29.589 29.304 29.212 28.939 28.829 28.614 28.579 28.422 28.142 27.959 27.817 28.042 27.589 27.432 27.332 27.147 27.107 27.742 27.077 26.879 26.804 26.856 26.991 26.602 26.524 26.609 26.284 26.22 26.152 26.191 26.199 26.03 26.247 25.965 25.823 25.786 25.532 25.662 25.604 25.334 25.272 25.252 25.109 25.027 24.884 24.962 24.749 24.554 24.707 24.379 24.269 24.212 24.037
31.462 31.404 31.372 31.289 31.247 31.264 31.079 30.952 30.852 30.777 30.679 30.574 30.454 30.339 30.192 30.204 29.919 29.749 29.549 29.599 29.244 29.217 28.909 28.697 28.559 28.364 28.174 28.009 27.817 27.679 27.522 27.392 27.332 27.189 27.069 26.964 26.974 26.807 26.954 26.707 26.658 26.592 26.581 26.406 26.563 26.281 26.22 26.117 25.991 25.933 25.882 25.788 25.804 25.644 25.648 25.717 25.532 25.394 25.322 25.184 25.167 25.007 24.984 24.832 24.762 24.612 24.489 24.429 24.522 24.279 24.129 23.952
31.439 31.362 31.272 31.199 31.134 31.074 31.017 30.884 30.889 30.809 30.562 30.554 30.349 30.244 30.107 30.019 30.312 29.639 29.427 29.319 29.134 28.979 28.812 28.667 28.459 28.309 28.089 27.922 27.747 27.589 27.432 27.304 27.242 27.084 26.964 26.854 26.764 26.704 26.744 26.629 26.642 26.58 26.506 26.305 26.365 26.111 26.092 26.038 25.924 25.835 25.746 25.681 25.824 25.719 25.69 25.572 25.342 25.282 25.204 25.169 25.084 25.324 24.887 24.732 24.622 24.522 24.444 24.452 24.212 24.317 24.024 23.929
