All_lidar/sz5688_DSM_2M.asc
ncols 500
nrows 500
xllcorner    456000
yllcorner    88000
cellsize     2
NODATA_value -9999
[rows 33 to 65 of 500, columns 300 to 374 of 500]
38.994 38.892 38.854 38.657 38.572 38.492 38.402 38.152 38.064 38.029 37.859 37.704 37.542 37.459 37.312 37.222 37.107 37.049 36.949 36.922 36.659 36.459 36.327 36.197 36.097 36.064 35.707 35.582 35.427 35.299 35.142 35.044 35.099 34.892 34.792 34.722 34.642 34.587 34.589 34.484 34.322 34.204 34.107 34.042 34.064 33.909 33.874 33.829 33.547 33.347 33.562 33.789 33.524 33.584 33.299 33.234 33.007 32.864 32.704 32.594 32.314 32.127 31.969 31.859 31.739 31.497 31.437 31.452 31.457 31.192 31.194 31.204 31.084 30.822 30.692
39.082 38.917 38.797 38.694 38.622 38.627 38.332 38.172 38.102 38.029 37.934 37.782 37.682 37.529 37.429 37.357 37.239 37.124 36.962 36.842 36.689 36.562 36.414 36.257 36.127 36.024 35.824 35.639 35.497 36.064 35.234 35.142 35.037 35.004 35.002 34.957 34.862 34.652 34.589 34.487 34.349 34.304 34.269 34.227 34.287 34.002 33.892 33.774 33.582 33.399 33.514 33.404 33.377 33.477 33.457 33.419 33.154 32.917 32.634 32.529 32.347 32.302 32.204 32.042 31.964 31.657 31.512 31.587 31.579 31.474 31.347 31.394 31.052 30.832 30.694
39.294 39.072 38.829 38.694 38.667 38.539 38.382 38.302 38.167 38.052 38.492 38.289 37.837 37.679 37.569 37.392 37.307 37.187 37.002 36.904 36.807 36.652 36.497 36.409 36.242 36.127 35.999 35.754 35.652 35.524 40.372 35.269 35.244 35.177 35.109 35.319 34.957 34.777 34.659 34.589 34.577 34.489 34.387 34.312 34.214 34.062 33.919 33.804 33.642 33.499 33.477 33.454 33.442 35.019 36.409 33.462 33.222 32.944 32.909 32.607 32.447 32.402 32.327 32.207 32.042 31.842 31.587 31.634 31.599 31.539 31.519 31.294 31.087 30.884 30.662
39.244 39.052 38.934 38.784 38.659 38.599 38.832 38.317 38.287 38.239 38.107 37.947 37.859 37.787 37.589 37.434 37.334 37.242 37.284 37.037 36.864 36.737 36.812 36.509 36.467 36.377 36.322 35.897 35.854 35.644 41.192 38.632 35.399 35.312 35.272 35.184 35.052 34.854 34.824 34.917 34.677 34.629 34.517 35.327 34.699 34.214 34.032 33.897 33.752 33.569 33.534 33.587 33.592 34.469 34.927 33.357 33.189 33.119 33.122 32.827 32.689 32.747 32.622 32.422 32.162 32.034 31.782 31.769 31.862 31.617 31.442 31.369 31.027 30.954 30.847
39.302 39.197 39.037 38.927 38.777 38.702 38.497 38.377 38.377 38.367 38.284 38.057 37.854 37.824 37.719 37.754 37.392 37.314 37.327 37.057 36.954 36.797 36.702 36.769 36.642 36.409 36.384 36.129 37.794 35.844 38.369 35.619 35.607 35.434 35.347 35.207 35.079 34.979 34.974 34.894 34.767 34.634 34.569 35.762 35.277 34.227 34.112 33.954 33.864 33.669 33.617 33.659 33.829 33.924 33.822 33.564 33.309 33.262 33.049 33.182 32.977 32.797 32.649 32.414 32.299 32.192 31.992 31.802 31.697 31.562 31.434 31.322 30.969 30.937 30.872
39.477 39.399 39.362 38.999 38.922 38.782 38.644 38.482 38.344 38.327 38.242 38.072 38.064 37.884 38.354 37.617 37.467 37.327 37.207 37.119 37.192 37.124 36.789 36.669 36.322 36.217 36.227 36.177 36.007 35.894 35.817 35.777 35.679 35.614 35.462 35.242 35.197 35.162 35.047 36.017 34.857 34.717 34.602 34.417 34.407 34.199 34.107 34.072 33.932 33.699 33.702 33.779 33.772 33.842 33.654 33.449 33.577 33.092 33.217 33.424 33.019 32.724 32.524 32.487 32.287 32.067 32.002 31.824 31.637 31.532 31.342 31.132 30.979 30.767 30.752
40.147 39.364 39.244 39.152 39.077 38.879 38.859 38.684 38.572 38.424 38.244 38.122 38.047 37.939 37.797 37.682 37.574 37.522 37.417 37.202 37.089 36.977 36.914 36.757 36.622 36.344 36.239 36.229 36.422 36.024 36.307 35.922 35.702 35.542 35.452 35.387 35.329 35.399 35.184 36.922 34.947 34.902 34.692 34.517 34.469 34.529 34.207 34.092 33.977 33.792 33.852 33.934 33.934 33.697 33.409 33.342 33.227 33.157 33.077 32.949 32.917 32.739 32.537 32.289 32.147 32.214 32.154 32.002 31.859 31.474 31.227 31.124 30.932 30.734 30.622
39.624 40.194 39.272 39.134 39.129 39.074 38.844 38.817 38.647 38.577 38.464 38.317 38.192 38.072 37.932 37.817 37.677 37.574 37.542 37.454 37.229 37.142 37.154 36.879 36.719 36.572 36.434 36.809 36.559 36.089 36.002 35.887 35.817 35.652 35.532 35.519 35.547 35.347 35.232 35.157 35.679 34.924 34.757 34.649 34.629 34.437 34.322 34.207 34.057 33.919 33.862 33.847 33.834 33.739 33.497 34.747 33.569 33.514 33.199 33.377 32.969 32.667 32.592 32.669 32.617 32.242 32.169 31.982 31.747 31.627 31.449 31.282 30.957 30.747 30.714
39.674 40.184 39.362 39.199 39.209 38.994 38.897 38.774 38.727 38.567 39.159 38.464 38.284 38.192 38.029 38.909 37.809 37.704 37.564 37.539 37.434 37.302 37.302 37.114 36.957 37.057 37.264 38.247 36.379 36.312 36.259 36.049 35.929 35.724 35.727 35.619 35.507 35.419 35.207 35.084 35.119 34.994 34.764 34.609 34.477 34.422 34.314 34.172 34.052 34.017 34.057 33.967 33.834 33.694 33.582 34.694 33.729 33.682 33.424 33.292 33.107 32.777 32.592 33.249 32.352 32.179 32.067 31.924 31.792 31.614 31.409 31.147 30.962 30.784 30.747
39.747 39.597 39.387 39.299 41.254 39.242 39.072 40.394 39.997 38.654 38.674 38.609 38.419 39.049 38.152 38.002 37.862 37.727 37.699 37.662 37.602 37.509 37.804 37.162 37.059 36.912 38.039 36.579 36.429 36.289 36.122 35.949 35.792 35.717 35.649 35.474 35.392 35.292 35.144 35.022 34.974 34.847 34.749 34.589 34.442 34.367 34.309 34.257 34.117 34.057 34.217 34.099 34.017 33.802 34.012 33.719 33.644 33.492 33.269 33.124 33.037 32.892 32.652 33.047 32.474 32.229 32.074 31.869 31.747 31.522 31.382 31.207 30.882 30.857 30.704
39.827 39.819 40.924 41.449 40.852 41.307 39.194 46.949 43.604 38.924 38.717 38.589 38.407 38.297 38.207 38.052 37.907 37.862 37.812 37.702 37.634 37.544 37.324 37.117 36.987 36.832 36.734 36.487 36.392 36.322 36.249 36.142 36.222 35.964 35.829 35.892 35.714 35.522 35.442 35.172 35.069 34.989 34.852 34.782 34.664 34.489 34.392 34.272 34.144 34.059 34.109 34.057 33.969 33.832 33.607 33.712 33.529 33.457 33.267 33.207 33.124 32.964 32.757 32.547 32.417 32.197 32.129 31.967 31.797 31.582 31.377 31.137 31.009 30.867 30.767
39.922 39.797 39.592 39.432 40.694 40.759 39.104 40.529 38.857 38.719 38.602 38.537 38.389 38.239 38.144 38.009 37.872 37.764 37.712 37.737 37.492 37.312 37.142 36.979 36.899 36.844 36.747 36.754 36.732 36.644 36.459 36.409 36.432 36.277 36.219 36.099 35.862 35.627 35.507 35.834 35.292 35.042 34.904 34.872 34.699 34.674 34.522 34.367 34.207 34.249 34.517 34.464 34.062 34.027 33.787 33.752 33.519 33.464 33.364 33.247 33.189 33.062 32.849 32.712 32.534 32.309 32.269 32.064 31.869 31.537 31.454 31.162 31.122 30.877 30.839
39.747 39.642 39.504 39.449 40.359 39.394 39.094 38.969 38.802 38.812 38.702 38.504 38.467 38.392 38.374 38.109 38.044 37.959 37.954 37.787 37.617 37.532 37.369 37.332 37.132 37.082 36.899 36.792 36.724 36.677 36.702 36.537 36.389 36.534 36.179 35.972 35.844 35.699 35.474 35.347 35.212 35.139 35.502 34.967 34.764 34.752 34.882 34.574 34.244 34.289 34.254 34.357 34.379 34.149 33.819 33.722 33.577 33.594 33.479 33.337 33.247 33.034 32.977 32.754 32.637 32.419 32.179 32.039 31.859 31.722 31.432 31.549 31.292 31.069 30.834
39.902 39.827 39.777 39.654 39.424 39.384 39.279 39.069 39.089 39.152 38.877 38.739 38.467 40.879 38.654 38.174 38.149 38.192 37.942 38.029 37.799 37.667 37.444 37.367 37.199 37.092 37.052 36.932 36.862 36.919 36.637 36.657 36.399 36.297 36.129 35.974 35.932 35.917 35.577 35.347 35.282 35.124 35.069 34.947 34.839 34.724 34.614 34.704 34.309 34.652 34.299 34.444 34.332 34.629 34.314 33.759 33.739 33.724 33.594 33.444 33.157 33.057 33.019 32.784 32.692 32.459 32.149 31.967 32.012 31.704 31.539 31.629 31.299 31.089 30.909
40.017 39.982 39.817 39.664 39.574 39.442 39.322 39.134 39.104 39.012 39.097 38.809 38.734 43.024 41.524 38.339 38.174 38.052 38.014 37.912 37.819 37.704 37.527 37.407 37.257 37.122 37.074 36.939 36.882 36.784 36.737 36.712 36.449 36.242 36.209 36.102 35.994 36.034 35.662 35.504 35.407 35.394 35.079 34.967 34.907 34.807 34.689 34.724 34.464 34.299 38.927 37.172 34.257 34.802 34.472 33.844 33.689 33.672 33.492 33.302 33.209 33.092 32.989 32.764 32.587 32.374 32.137 31.989 31.907 31.757 31.507 31.497 31.384 31.137 30.929
40.022 39.872 39.892 40.184 41.119 39.522 39.324 39.479 39.189 38.987 39.014 38.899 38.809 39.932 38.627 38.334 38.202 38.062 38.117 37.919 37.894 37.772 37.604 37.584 37.339 37.272 37.389 37.007 37.352 36.907 36.727 36.592 36.489 36.379 37.104 36.164 35.967 35.832 35.719 35.527 35.534 35.317 35.117 35.104 35.097 34.854 34.724 34.622 34.484 37.049 35.527 39.264 34.067 34.009 35.902 37.529 33.674 33.554 33.414 33.292 33.139 33.032 32.932 32.769 34.119 32.797 32.562 32.109 31.967 31.772 31.729 31.504 31.224 31.139 31.112
40.147 40.269 39.839 39.677 41.132 39.462 39.364 39.992 39.277 39.024 38.954 38.899 38.719 39.304 38.997 40.154 38.222 38.219 38.022 39.169 37.922 37.947 37.849 37.487 37.482 37.289 37.089 36.989 36.879 36.784 38.607 38.334 36.627 36.527 36.279 36.134 35.922 38.414 42.259 37.874 35.504 35.332 35.149 35.117 35.229 34.969 34.904 34.657 34.579 34.462 40.844 45.212 39.292 34.187 37.189 38.439 35.177 39.782 39.632 38.077 33.322 33.074 32.902 32.924 35.562 35.152 33.402 32.262 32.207 31.932 31.924 31.614 31.334 31.214 31.064
40.219 39.986 39.924 39.744 39.679 40.421 40.189 40.446 39.141 39.089 39.424 38.979 38.741 38.701 38.564 38.381 38.366 38.289 38.994 38.121 38.069 38.601 37.724 37.551 37.446 37.294 37.221 37.039 36.999 36.849 36.749 36.679 36.634 36.476 36.729 36.304 36.101 38.554 35.826 37.154 35.991 35.466 35.364 35.321 35.421 35.066 34.934 34.699 34.636 34.519 34.464 39.269 34.292 34.232 35.017 37.689 34.024 38.919 36.362 36.022 33.642 33.239 32.932 32.794 33.279 32.897 32.649 32.359 32.224 32.074 31.844 31.522 31.359 31.194 31.169
40.594 40.039 39.901 39.844 39.624 39.564 39.679 40.051 39.409 40.919 40.129 39.041 40.574 38.754 38.646 38.639 38.421 38.339 38.234 38.171 38.111 38.069 37.781 37.651 37.611 37.969 37.284 37.129 37.051 36.859 36.776 36.706 36.636 36.544 36.376 36.264 36.196 36.006 36.836 35.749 35.679 35.566 35.341 35.346 35.244 35.074 35.114 34.769 34.666 34.681 34.497 34.619 36.527 34.459 34.194 34.012 34.887 36.909 45.727 33.627 33.532 37.184 33.199 33.454 32.852 32.747 32.589 32.364 32.222 32.037 32.057 31.689 31.467 31.227 31.199
41.064 40.021 39.861 39.871 42.929 39.971 39.836 40.044 39.614 39.501 39.124 39.509 38.899 38.756 38.731 38.614 38.504 39.471 38.421 38.291 38.259 38.611 37.891 37.774 37.654 37.534 37.329 37.191 37.124 36.954 36.899 36.761 36.666 36.464 36.456 36.294 36.184 36.111 35.921 35.744 35.664 35.601 35.429 35.374 35.261 35.124 35.154 34.864 34.774 35.089 34.627 34.922 35.802 36.289 34.182 34.099 34.052 34.062 33.769 33.654 37.037 34.387 38.699 32.957 32.712 32.759 32.617 32.474 32.269 32.162 31.914 31.719 31.497 31.339 31.317
40.131 39.979 39.921 39.774 40.031 40.619 40.006 39.739 39.256 40.844 39.036 39.589 39.124 38.786 39.054 38.921 38.514 38.519 38.389 38.266 38.236 38.146 37.999 37.841 38.026 37.559 37.384 37.231 37.116 36.986 36.946 36.796 36.656 36.576 36.404 36.301 36.214 36.144 35.924 35.759 35.746 35.619 35.501 36.219 35.849 35.179 35.034 34.924 34.784 34.844 35.392 37.862 39.379 38.432 35.112 34.152 34.047 33.909 33.844 33.764 33.779 35.679 37.129 33.202 32.794 32.619 32.497 32.522 32.247 32.122 32.057 31.769 31.677 31.487 31.354
40.106 40.021 39.874 39.806 39.654 40.521 39.501 40.554 39.504 39.209 39.151 39.829 38.956 39.951 38.896 38.596 38.549 38.464 38.426 38.424 38.249 38.209 38.061 37.916 37.846 37.754 37.431 37.289 37.189 37.099 37.049 36.844 36.696 36.591 36.504 36.376 36.229 36.106 35.939 35.861 35.789 35.719 35.519 38.359 37.739 35.829 35.079 34.951 34.871 35.086 35.459 38.362 40.759 39.964 34.644 34.119 34.014 33.892 33.757 33.732 33.737 33.512 34.374 33.254 32.909 32.654 32.479 32.387 32.352 32.324 32.074 31.787 32.169 31.574 31.422
40.106 40.156 39.951 40.059 40.174 39.669 39.986 40.094 39.299 39.939 39.051 39.024 38.979 38.829 38.719 38.784 38.621 38.504 38.499 38.419 38.401 38.221 38.149 38.034 37.736 37.649 37.819 37.339 37.229 37.086 36.986 37.021 36.789 36.639 36.561 36.431 36.291 36.166 36.024 35.924 35.829 35.759 35.836 41.251 40.646 36.751 35.141 35.021 34.911 35.106 34.959 34.657 35.052 35.092 34.339 34.149 34.027 33.899 33.769 33.712 33.682 33.594 33.402 33.177 33.019 32.712 32.464 32.389 32.434 32.429 32.192 31.859 31.694 31.612 31.472
40.156 40.031 40.004 40.089 39.946 39.961 39.761 39.544 39.254 39.171 39.124 38.981 38.959 40.159 38.764 38.824 38.591 38.554 38.529 38.419 38.326 39.929 38.576 39.646 37.759 37.639 37.451 37.391 37.334 37.109 37.019 36.909 36.894 36.671 36.881 36.564 36.289 36.184 36.081 35.989 35.986 35.819 35.684 37.864 37.654 35.346 35.189 35.026 34.924 34.946 34.852 34.654 34.689 37.259 34.852 34.207 34.094 33.972 33.809 33.717 33.599 33.447 33.374 33.192 32.937 32.809 32.499 32.312 32.324 32.444 32.259 32.022 31.792 31.694 31.534
40.249 40.134 40.051 40.356 39.776 40.254 39.911 39.411 39.901 39.934 39.064 38.961 39.019 38.839 38.774 39.166 38.694 38.861 38.476 38.411 39.056 41.036 42.406 39.299 37.724 37.709 37.511 37.394 37.229 37.184 37.064 37.006 36.809 36.731 36.579 36.571 36.384 36.201 36.099 36.046 35.999 35.786 35.736 35.934 35.516 35.366 35.234 35.051 35.124 35.054 34.924 34.682 34.589 34.502 34.632 34.232 34.144 34.049 33.909 33.767 33.647 33.464 33.302 33.257 32.932 32.799 32.574 32.377 32.197 32.114 32.087 31.974 31.802 31.662 31.584
40.226 40.086 40.014 39.919 40.104 39.806 40.179 39.826 39.589 39.784 39.236 39.064 38.996 39.369 38.764 38.991 38.631 38.616 38.566 38.376 38.354 38.226 38.296 37.991 38.091 38.001 37.586 37.364 37.301 37.171 37.074 36.976 36.841 36.719 36.601 36.596 36.384 36.229 36.349 36.176 35.959 35.794 35.781 35.659 35.876 35.444 35.241 35.086 35.021 34.951 35.022 34.964 34.717 34.539 34.409 34.294 34.182 34.174 34.017 33.854 33.744 33.494 33.414 33.857 33.162 32.777 32.752 32.447 32.324 32.157 31.944 31.822 31.734 31.622 31.559
40.246 40.214 40.604 39.921 39.839 39.754 39.649 39.694 39.476 39.359 39.696 39.066 39.144 38.986 38.916 38.894 38.701 38.934 38.546 38.464 38.401 38.296 38.459 37.974 37.874 37.666 37.529 37.354 37.339 37.291 37.066 36.981 36.896 36.794 36.631 36.784 36.409 36.286 36.176 36.129 35.889 35.826 36.041 35.646 35.534 35.566 35.279 35.109 35.126 35.354 34.982 34.954 34.707 34.627 34.537 34.334 34.264 34.144 34.024 33.874 33.734 33.632 33.514 34.522 33.119 32.827 32.732 32.482 32.467 32.459 32.174 31.932 31.757 31.617 31.482
40.324 40.214 40.066 39.996 39.859 39.814 39.826 39.576 39.851 39.844 39.286 39.794 39.239 39.051 41.111 39.026 38.731 38.701 38.604 38.569 38.389 38.299 38.189 38.039 38.406 37.704 37.629 37.429 37.401 37.249 37.229 37.034 36.919 36.771 36.704 36.604 36.464 36.316 36.194 36.149 35.949 35.891 35.949 35.684 35.696 35.574 35.331 35.136 35.194 35.204 35.062 34.867 35.234 34.654 34.527 34.852 34.234 34.199 34.074 33.912 33.749 33.639 33.434 33.277 33.089 32.874 32.692 32.532 32.449 32.447 32.382 32.067 31.837 31.782 31.617
40.304 40.254 40.196 41.076 40.014 39.806 39.674 39.621 39.924 39.399 39.446 39.366 39.386 42.401 41.624 41.604 39.091 38.769 38.626 38.529 38.639 38.319 38.181 38.156 37.879 37.729 37.571 37.466 37.484 38.101 37.144 39.201 36.979 36.824 36.729 36.976 36.506 36.359 36.259 36.294 36.031 35.961 35.824 35.651 35.661 35.494 35.366 35.194 35.279 35.139 34.987 34.957 34.759 34.632 34.522 34.502 34.304 34.192 34.122 34.107 33.802 33.764 33.584 33.302 33.444 32.884 32.759 32.557 32.449 32.397 32.469 32.124 31.864 31.717 31.634
40.309 40.236 40.106 40.096 40.084 39.926 39.764 39.579 39.621 39.604 39.671 39.361 39.284 39.964 43.999 39.959 38.849 38.751 38.654 38.941 38.476 38.346 38.219 38.111 37.971 37.801 37.654 37.559 37.434 37.441 37.964 38.424 37.516 37.349 37.191 37.396 36.556 36.404 36.324 36.491 36.216 36.036 35.906 35.739 35.671 35.569 35.389 35.276 35.364 35.154 35.134 34.999 34.784 34.714 34.612 34.442 34.299 34.259 34.289 34.022 33.754 33.617 33.459 33.232 33.097 32.907 32.759 32.657 32.434 32.352 32.369 32.229 31.887 31.837 31.752
40.539 40.221 40.086 40.041 40.176 41.991 39.899 40.606 39.701 39.541 39.461 39.539 39.624 39.106 39.889 39.134 39.309 38.864 38.734 38.764 38.571 38.489 38.324 38.279 38.016 38.121 37.696 37.601 37.486 37.544 38.169 40.434 40.754 38.086 37.054 37.349 36.566 36.506 36.369 36.266 36.241 35.959 35.939 35.849 35.741 35.551 35.441 35.299 35.364 35.159 35.069 35.039 34.879 34.804 34.629 34.464 34.387 34.252 34.037 33.842 33.682 33.607 33.374 33.199 33.059 32.922 32.782 32.679 32.447 32.392 32.314 32.137 31.989 32.192 31.747
40.324 40.264 40.176 40.099 40.701 40.329 40.129 40.034 39.691 39.701 39.694 39.416 39.269 39.649 39.354 39.749 38.971 39.029 38.811 38.666 38.529 38.446 38.379 38.159 38.056 37.894 37.746 37.639 37.531 37.429 37.386 37.981 37.841 36.884 36.781 36.744 36.619 36.509 36.361 36.779 36.169 36.006 35.949 35.894 35.766 35.656 35.434 35.331 35.396 35.281 35.082 35.142 34.882 34.747 34.649 34.537 34.377 34.259 34.277 33.979 33.744 33.557 33.404 33.242 33.114 32.944 32.809 32.709 32.462 32.342 32.242 32.167 32.087 31.904 31.832
40.351 40.291 40.886 40.159 40.031 40.269 40.211 40.246 39.771 39.589 39.551 39.436 39.936 39.241 40.254 39.174 39.291 38.894 38.736 38.666 38.674 38.489 38.311 38.196 38.079 37.874 37.746 37.644 37.536 37.439 37.374 37.286 37.174 36.999 36.944 36.711 36.951 36.521 36.484 36.354 36.179 36.069 36.029 35.934 35.756 35.721 35.521 35.391 35.399 35.284 35.089 35.044 34.864 34.749 34.714 34.509 34.402 34.302 34.254 33.904 33.757 33.599 33.479 33.407 33.137 32.994 32.887 32.677 32.499 32.319 32.242 32.187 32.107 32.029 31.829
