All_lidar/sz5693_DSM_2M.asc
ncols 500
nrows 500
xllcorner    456000
yllcorner    93000
cellsize     2
NODATA_value -9999
[rows 66 to 98 of 500, columns 0 to 72 of 500]
2.323 -0.201 2.34 2.368 2.415 0.017 0.115 2.335 2.368 2.31 2.285 2.328 2.453 2.628 2.393 -0.551 2.583 2.31 2.42 2.383 2.42 2.343 2.235 2.328 -0.827 2.503 2.445 2.235 2.318 2.295 2.333 2.428 2.61 2.678 2.655 -1.283 -1.456 -1.516 2.603 2.293 2.38 -2.11 -9999 -9999 -1.802 -1.545 -1.315 -1.033 -1.264 -1.499 2.395 -9999 -2.1 -2.135 -1.845 -1.445 -1.181 -0.956 -1.183 -1.396 2.78 2.438 -9999 -9999 -2.33 -2.137 -2.12 -2.085 -1.807 -1.803 -1.629 -1.757 -2.13
2.33 0.104 2.258 2.313 2.303 0.215 0.322 0.485 2.428 0.809 0.591 0.444 2.503 2.603 2.618 -0.699 2.345 2.268 2.578 2.348 2.45 2.333 2.285 2.548 2.525 2.508 2.338 2.295 2.348 0.094 -0.115 2.495 2.623 2.438 2.42 -1.192 -1.253 -1.207 2.67 2.348 -9999 -2.07 -9999 2.343 2.435 2.473 2.293 2.31 -1.247 -1.541 -1.833 -9999 -2.144 -1.898 -1.733 -1.436 -1.093 -1.088 -1.33 -1.754 -1.95 2.398 2.43 2.42 -1.828 -1.831 -2.115 -1.809 -1.768 -1.885 -1.791 -2.12 -2.152
2.323 2.323 2.373 2.313 2.27 0.452 0.607 2.463 2.293 2.275 0.575 0.361 0.172 2.518 2.563 2.365 2.298 2.215 2.235 2.33 2.408 2.29 -1.573 2.56 2.765 2.365 2.318 2.433 0.053 0.277 0.116 0.036 2.52 2.445 -0.752 2.348 2.425 2.52 -1.579 -1.859 -2.072 -2.062 -9999 2.326 2.425 2.588 2.475 2.503 2.393 -1.512 2.278 2.32 2.315 -1.667 2.368 2.57 -1.018 -1.155 -1.5 -1.981 -2.33 -1.918 2.473 2.408 -1.518 2.92 2.538 -1.719 -1.888 -2.177 -2.137 -2.1 -2.15
2.385 2.373 2.373 0.578 0.616 2.233 0.832 2.395 2.29 2.248 2.295 2.388 0.093 -0.231 -0.57 -0.901 -1.154 -1.454 -1.737 -9999 -9999 -9999 2.355 2.43 2.383 2.245 2.273 2.39 2.43 2.393 0.421 2.433 2.348 -0.247 2.385 2.328 2.438 2.533 2.418 -1.709 -1.807 -1.774 2.326 2.303 2.323 2.548 -1.942 2.418 2.45 -1.482 2.435 2.43 -1.856 2.405 2.373 2.748 -1.095 2.393 2.355 2.343 -9999 -1.858 -1.512 2.42 2.515 2.81 2.413 2.525 -1.865 -2.112 -2.142 -2.195 -2.202
2.388 2.395 2.47 0.934 2.318 2.213 2.37 1.152 2.305 2.288 2.333 2.26 0.103 -0.219 2.49 2.48 2.545 2.38 2.328 -9999 2.268 2.163 2.288 2.383 -1.181 2.255 2.353 2.323 2.34 2.45 2.41 2.345 2.28 -0.487 -0.556 2.313 2.308 2.358 2.315 -1.426 -1.503 -1.462 -1.556 -1.503 -1.558 2.445 -2.177 -9999 2.526 -1.465 -1.733 -2.092 -2.135 2.373 2.343 2.28 2.315 2.378 2.303 2.303 -9999 -1.869 -1.528 -1.484 2.818 2.59 2.28 -1.639 -1.879 -2.005 -2.097 -2.165 -9999
2.353 2.393 2.323 2.403 2.298 2.25 2.35 2.345 2.36 2.305 2.275 0.309 0.061 -0.07 2.565 2.433 2.48 2.333 2.413 2.348 -1.6 2.438 -1.324 -1.172 -0.988 -0.791 -0.504 2.418 2.24 0.057 2.355 2.278 2.215 -0.803 2.483 2.558 2.345 2.395 2.295 -1.204 -1.299 -1.14 2.298 2.333 2.358 2.498 -9999 -9999 2.443 2.285 -1.801 -2.077 -2.102 2.36 2.41 2.51 2.44 2.275 2.26 2.308 2.248 -1.713 -1.762 -1.741 2.608 2.37 2.38 2.465 -1.9 -2.012 -2.1 -2.135 -9999
2.63 2.405 1.288 1.594 2.358 1.589 2.488 2.515 2.583 1.064 0.58 0.328 0.072 -0.117 -0.469 2.39 -1.018 2.358 2.39 2.315 -1.361 2.288 2.238 -0.93 -0.753 -0.553 -0.243 0.018 0.198 -0.059 2.308 2.295 2.385 2.51 2.515 2.553 2.628 2.44 -0.765 -0.819 2.258 2.358 2.35 2.513 2.448 2.468 2.3 -9999 -9999 2.213 2.148 -1.867 -1.753 2.453 2.513 2.773 2.428 -9999 2.26 2.293 2.253 2.32 -2.135 -2.125 -1.844 2.428 2.42 -9999 -2.087 -2.032 -2.08 -2.097 -2.055
2.47 2.473 1.463 1.883 1.875 1.924 1.936 2.563 1.38 2.48 0.64 0.447 0.165 -0.105 -0.394 2.323 2.35 2.315 2.44 2.253 -1.162 2.25 2.175 2.24 2.32 2.49 0.016 0.232 0.079 -0.212 2.315 2.408 2.453 2.278 2.325 2.398 2.513 2.458 2.44 2.38 2.28 2.443 2.69 2.55 2.363 2.408 -1.629 -1.81 -9999 2.223 -9999 -9999 -1.749 -1.541 2.435 2.418 2.345 -2.19 -2.177 2.44 2.455 2.42 -2.107 -2.2 -1.781 -9999 -9999 -9999 -2.137 -2.097 -2.13 -2.16 -2.177
2.353 2.333 2.533 2.408 2.348 2.37 1.964 2.064 1.37 2.293 2.443 0.622 0.318 0.03 -0.216 2.295 2.345 2.473 2.475 -0.913 2.208 2.278 2.303 2.393 2.445 2.59 2.618 2.523 0.076 -0.26 -0.55 2.358 2.358 2.28 2.458 2.576 2.448 2.39 2.39 2.348 2.343 2.523 2.553 2.39 2.363 -1.22 -1.395 -1.649 2.465 2.305 -9999 -9999 2.38 2.37 2.325 2.298 -1.669 -1.816 2.413 2.523 2.61 2.615 -2.107 -2.092 -2.067 -2.07 -2.037 -2.052 -2.112 -2.09 -9999 -9999 -2.1
2.425 2.3 2.435 2.445 2.55 2.583 2.358 1.763 1.473 2.29 2.388 0.743 0.491 0.294 0.01 2.378 2.443 2.358 2.343 2.328 -0.603 2.375 2.43 2.425 2.525 2.838 2.425 2.275 0.097 -0.224 2.233 2.415 2.518 2.443 2.62 -2.027 -1.764 -1.407 2.483 2.573 2.71 2.525 2.355 2.403 -0.764 -0.996 -1.233 -1.412 2.548 2.593 2.583 -2.107 2.428 2.41 2.413 2.475 -1.36 -1.499 2.608 2.638 2.533 2.678 -9999 -9999 -2.107 -2.14 -9999 -9999 -2.04 -9999 -2.097 -2.117 -1.799
2.453 2.375 2.58 2.385 2.575 2.528 2.33 2.11 2.438 2.373 2.4 0.959 0.693 0.513 0.236 2.303 2.408 2.348 2.29 2.14 2.315 2.258 2.423 2.458 2.483 2.573 2.263 2.263 0.045 2.338 2.38 2.41 -1.116 2.368 2.543 -9999 -1.776 2.438 2.498 2.673 2.75 2.48 2.475 -0.346 -0.56 -0.833 -1.017 -1.121 -1.233 2.475 2.635 2.613 2.498 2.56 2.568 2.723 2.555 2.698 2.525 2.425 2.49 2.635 -9999 -9999 -2.15 -2.155 -9999 -9999 -9999 -9999 -2.187 -1.84 -1.692
1.055 1.35 1.716 2.038 2.337 2.503 2.418 2.46 1.861 1.643 1.258 1.185 1.007 0.693 0.433 2.308 2.41 2.423 -0.016 2.305 0.021 0.149 2.463 2.368 0.431 0.575 0.555 0.277 2.338 2.265 2.49 -1.033 -1.179 2.335 2.333 2.368 2.365 2.43 2.475 2.605 2.498 2.445 2.4 -0.151 -0.366 -0.609 -0.697 -0.852 -1.009 2.46 2.465 2.49 2.5 2.528 2.765 -0.949 2.7 2.533 2.313 2.393 2.463 2.455 -9999 -9999 -2.17 -2.14 -2.12 -2.137 -2.077 -2.152 -2.182 -2.11 -1.738
1.169 1.438 1.86 2.293 2.228 2.368 2.6 2.44 2.493 1.845 1.499 1.516 1.176 0.951 2.415 2.355 2.318 2.375 0.328 0.287 0.425 0.51 0.544 0.618 0.732 0.84 0.602 0.345 2.305 2.265 2.583 -0.831 -1.089 2.343 2.335 2.435 2.48 2.355 2.48 2.418 2.415 2.383 0.022 -0.137 -0.291 -0.407 -0.51 -0.674 2.523 2.64 2.593 2.453 2.725 2.608 -1.017 -1.163 2.515 2.45 2.315 2.428 -1.614 2.878 -9999 -9999 -2.04 -2.212 -2.227 -2.215 -2.2 -9999 2.283 2.568 -1.65
1.365 1.651 1.869 2.124 2.443 2.505 2.525 2.365 2.214 1.953 1.671 1.606 1.319 1.201 1.04 2.325 2.245 2.49 0.696 0.69 0.645 0.86 0.865 0.961 0.958 2.308 0.693 0.426 2.413 2.425 2.35 2.46 2.398 2.395 2.37 2.37 2.63 -1.016 2.408 2.413 2.338 -0.277 2.435 2.513 2.45 -0.716 -0.834 -0.915 -0.898 2.575 2.425 2.673 2.498 2.59 2.885 2.588 2.278 2.315 -2.054 -1.738 -1.729 -2.077 -2.17 -2.065 -2.062 -2.202 -2.272 -2.17 -2.14 2.48 2.268 2.415 -2.057
1.655 1.702 2.028 2.378 2.365 2.31 2.31 2.4 2.304 2.248 2.003 1.712 1.577 2.455 2.538 1.143 1.031 1.111 1.098 0.97 0.969 1.126 1.1 1.317 2.415 2.263 2.583 0.373 2.588 2.585 2.255 2.35 2.41 2.398 2.313 -1.327 2.525 2.71 -1.141 -0.908 -0.653 2.388 2.44 2.453 2.35 2.465 2.435 -1.133 -1.161 -1.189 2.623 2.643 2.45 2.37 2.548 2.413 2.27 -2.047 -1.967 -2.025 -9999 -9999 -2.1 -2.077 -2.075 -2.112 -2.13 -2.102 2.523 -9999 -9999 -1.818 -2.1
1.937 1.95 2.057 2.17 2.373 2.438 2.403 2.583 2.445 2.582 2.2 2.038 2.368 2.365 2.303 1.326 1.28 1.32 1.176 1.232 1.405 1.351 1.407 1.425 1.198 2.193 2.373 0.339 2.52 -0.164 -0.524 -0.817 2.31 2.29 -1.657 -1.664 2.638 2.66 -1.356 -1.056 -0.713 2.395 2.3 2.395 2.593 2.473 2.47 2.578 -1.551 -1.41 -1.254 2.488 2.335 2.27 2.29 2.235 2.363 -9999 -9999 -2.044 2.603 -9999 -9999 -2.16 -2.012 -2.062 -9999 -9999 -9999 -9999 -9999 -9999 -2.01
1.941 2.242 2.3 2.208 2.378 2.49 2.35 2.328 2.323 2.355 2.355 2.159 2.33 2.35 1.742 1.609 1.521 1.547 1.471 1.559 1.778 1.776 1.624 1.476 1.223 0.826 0.562 0.332 0.074 -0.212 -0.538 -0.839 -1.164 -1.438 -1.737 -2.032 -9999 2.48 2.413 2.48 -0.871 2.298 2.438 2.41 -0.96 2.39 2.5 2.395 -1.792 -1.619 -1.449 2.393 2.303 -9999 -9999 -9999 -9999 -9999 -9999 2.416 -1.724 -9999 -2.217 -2.18 -1.962 -1.995 -2.057 -9999 -9999 -9999 -9999 -9999 -9999
2.213 2.415 2.368 2.3 2.278 2.435 2.388 2.428 2.398 2.245 2.253 2.233 2.36 2.204 2.035 1.93 1.837 1.76 1.813 1.761 1.791 2.503 2.318 1.416 1.114 0.835 0.629 0.367 0.078 -0.147 -0.476 -0.827 -1.056 -1.346 -1.671 -1.99 -2.01 2.478 2.343 2.265 2.173 2.463 2.483 -0.739 2.453 2.438 2.44 -9999 -2.01 -1.739 2.388 2.448 -9999 -9999 -9999 -9999 -9999 -9999 -9999 2.808 2.875 -2.107 -2.202 -2.092 -2.1 -2.035 -1.801 -1.813 -1.793 -2.144 -9999 -9999 -9999
2.356 2.2 2.295 2.415 2.408 2.513 2.553 2.508 2.363 2.22 2.278 2.37 2.403 2.533 2.443 2.195 2.21 2.196 2.11 2.045 2.348 2.365 2.415 2.355 2.31 2.26 2.528 2.545 2.358 -0.167 2.575 2.488 2.425 -1.394 -1.762 -2.075 -9999 2.333 2.345 2.325 2.44 2.433 2.315 -0.817 2.258 2.56 2.415 -1.977 -9999 2.613 2.343 -9999 -9999 -9999 -9999 -2.027 -2 -9999 -9999 2.618 -9999 -2.067 -2.01 -2.102 -2.195 -1.877 -1.724 -1.468 -1.607 -1.774 -1.737 -2.14 -2.144
2.38 2.485 2.548 2.578 2.313 2.285 2.4 2.428 2.333 2.405 2.275 2.433 2.433 2.4 2.325 2.413 2.458 2.32 2.36 2.061 2.057 2.4 2.305 2.31 2.39 2.275 2.575 2.53 2.393 -0.226 2.573 2.675 2.595 -1.326 -1.649 -1.754 2.3 2.48 2.388 2.443 2.58 2.378 2.388 2.613 2.478 2.555 2.493 -9999 2.383 2.413 2.368 -9999 -2.067 -2.09 -9999 -9999 -1.97 -9999 -9999 -9999 -9999 -9999 -9999 -9999 2.496 2.578 -1.376 -1.177 2.91 2.84 -9999 -2.087 -2.062
2.333 2.685 2.585 2.485 2.295 2.343 2.445 2.298 2.373 2.43 2.365 2.355 2.315 2.203 2.285 2.41 2.313 2.225 2.145 2.068 1.886 1.685 2.385 2.293 2.283 2.463 2.585 2.578 2.42 -0.08 2.538 2.525 2.425 -1.196 -1.339 -1.463 2.443 2.58 2.445 2.605 2.518 2.485 2.543 2.178 2.468 2.57 2.513 -1.736 2.468 2.413 -9999 -9999 -9999 -2.017 -9999 -9999 -9999 -9999 2.563 -9999 -9999 -9999 -9999 -9999 2.45 2.623 2.728 2.835 2.768 2.703 -9999 -9999 -9999
2.415 2.678 2.458 2.495 2.328 2.24 2.37 2.34 2.488 2.623 2.443 2.393 2.238 2.36 2.46 2.418 2.284 2.263 1.911 1.663 1.655 1.379 1.27 1.154 0.992 1.078 0.937 0.617 0.219 -0.015 -0.2 2.51 2.33 -1.001 -1.076 -1.112 -1.146 2.555 2.535 2.795 2.74 2.595 2.45 2.193 2.353 -1.217 -1.389 -1.643 2.485 -9999 -9999 -9999 -9999 -9999 -9999 -9999 -9999 -9999 2.683 -9999 -9999 -9999 2.513 2.553 2.73 2.57 2.573 2.96 2.785 2.568 -9999 -9999 -9999
2.345 2.358 2.38 2.275 2.335 2.363 2.323 2.328 2.42 2.375 2.308 2.188 2.225 2.413 2.418 2.303 2.195 2.027 1.742 1.469 1.316 1.097 0.986 2.295 2.315 0.712 0.734 0.814 0.346 0.115 -0.119 -0.296 -0.55 -0.736 -0.97 -1.18 -1.422 2.5 2.54 2.805 2.638 2.525 2.365 -1.217 -0.999 -1.181 -1.498 -1.747 -1.977 -2.027 -9999 -9999 -9999 -9999 -9999 -9999 3.113 -9999 -9999 -9999 -2.017 -9999 2.626 2.67 2.315 2.56 2.515 2.77 2.84 2.525 2.553 2.703 -9999
2.385 2.315 2.278 2.298 2.353 2.273 2.308 2.37 2.35 2.303 2.45 2.358 2.328 2.168 2.288 2.132 2.078 1.806 1.455 1.216 1.021 0.82 0.668 0.596 2.298 2.37 0.501 0.384 0.311 0.285 0.06 -0.223 -0.573 -0.779 -1.027 -1.346 -1.626 -1.791 -9999 2.64 2.508 2.343 2.275 2.193 -1.189 -1.035 -1.334 2.383 2.34 -1.917 -2.227 -9999 -9999 -9999 -9999 -9999 -9999 -9999 -9999 -2.167 -9999 2.728 -1.649 2.373 2.32 2.63 -9999 -9999 -9999 -9999 2.563 2.673 -9999
2.365 2.353 2.41 2.35 2.38 2.398 2.408 2.37 2.385 2.358 2.415 2.43 2.375 2.265 2.247 2.217 1.849 1.575 1.256 1.043 0.866 0.649 0.463 0.334 0.234 0.159 0.001 -0.015 0.022 0.102 0.044 -0.336 -0.619 -0.759 -1.049 2.625 2.735 -2.042 -2.017 -2.017 -2.047 -9999 2.28 2.1 -1.32 -0.976 -1.141 2.338 2.39 -1.867 -1.694 -1.777 2.948 2.788 -9999 -9999 -9999 -9999 -2.014 2.443 2.505 2.618 2.408 2.343 2.363 -1.987 -9999 -9999 -9999 -9999 -9999 2.443 2.57
2.403 2.453 2.4 2.468 2.363 2.308 2.44 2.433 2.36 2.35 2.485 2.325 2.39 2.338 2.271 1.898 1.55 1.354 1.139 0.866 0.687 0.458 0.237 0.11 0.066 -0.127 2.4 2.453 -0.198 -0.165 -0.123 -0.318 -0.575 -0.763 -1.118 2.588 2.618 -2.067 -2.02 -1.97 -2.035 -2.027 -2.032 -1.759 -1.436 -1.019 -1.079 -1.308 -1.576 -1.8 -1.559 -1.571 -1.726 2.595 2.773 2.353 -9999 2.748 2.883 2.525 2.653 -9999 -9999 -2.074 -1.967 -2.015 -2.09 -9999 -9999 -9999 -9999 2.593 2.5
2.405 2.363 2.193 2.348 2.363 2.533 2.538 2.405 2.483 2.528 2.478 2.438 2.393 2.312 2.097 1.859 1.492 1.303 1.065 0.767 0.507 0.25 0.06 -0.086 -0.325 -0.526 2.385 2.475 2.425 -0.498 2.438 2.325 -0.532 -0.806 -1.065 -1.297 2.44 -1.745 -2 -1.955 -2.037 -2.01 -1.997 -1.773 -1.456 -1.08 -1.216 -1.456 -1.717 -2.192 -1.736 -1.727 -2.042 -2.065 -1.763 2.393 2.428 2.535 2.948 2.808 2.7 -9999 -9999 -2.025 -1.925 -2.027 -9999 -2.067 -9999 -2.107 -9999 -9999 2.525
2.315 2.368 2.343 2.345 2.41 2.423 2.345 2.33 2.31 2.395 2.46 2.575 2.65 2.189 2.029 1.751 1.409 1.133 0.924 0.641 0.344 0.068 -0.07 2.45 -0.556 -0.648 2.28 2.273 2.4 -0.753 -0.617 -0.501 -0.394 -0.683 -0.883 -1.104 -1.415 -1.718 -2.012 -2.025 -9999 -1.987 -2.012 2.298 2.278 -1.421 -1.359 -1.646 -2.097 -2.08 2.428 -9999 -2.032 -2.042 -1.761 2.37 2.473 2.395 2.635 -9999 -9999 -9999 -2.037 -9999 2.466 -9999 -9999 -9999 -1.957 -2.022 -9999 2.838 -9999
2.345 2.373 2.338 2.43 2.595 2.42 2.34 2.223 2.313 2.378 2.338 2.618 2.643 2.108 1.927 1.604 1.3 0.965 0.737 0.459 0.278 -0.031 -0.278 2.35 2.31 -0.89 -1.114 2.528 -1.102 2.243 2.378 -0.681 -0.379 -0.505 -0.801 2.25 2.318 -1.683 -2.01 -9999 2.623 -1.759 -2.035 -1.715 2.38 -1.738 -1.715 2.44 -9999 -9999 -9999 -9999 -2.012 -1.98 2.613 -9999 -9999 -2.007 -2.017 -1.944 -1.897 -1.947 -1.97 -9999 2.443 -1.614 -9999 -9999 -1.995 -1.992 -9999 2.563 -9999
2.368 2.48 2.523 2.39 2.435 2.445 2.413 2.26 2.318 2.34 2.52 2.808 2.515 2.172 1.896 1.63 1.257 0.889 0.574 0.334 0.264 0.038 -0.406 2.408 2.523 -1.138 -1.359 2.463 2.543 2.5 2.435 -0.881 2.595 2.458 -0.778 2.273 2.378 -1.596 -1.719 2.44 2.27 -1.642 -1.78 -1.644 -1.717 -2.102 -2.087 -9999 -9999 -9999 -9999 2.838 -1.619 3.173 -9999 -9999 -1.967 -2.01 -2.025 -1.897 -1.915 -1.912 -1.718 2.433 2.423 -1.692 -2.047 -1.987 -9999 2.603 2.4 2.62 2.68
2.485 2.413 2.385 2.463 2.53 2.5 2.29 2.3 2.39 2.508 2.688 2.765 2.725 2.12 1.784 1.484 1.139 0.82 0.572 0.39 0.093 -0.242 -0.576 -0.845 -1.123 2.588 2.493 2.62 -1.705 -1.534 -1.378 -1.077 2.305 2.31 2.268 2.34 2.363 -1.394 -1.468 2.498 2.35 -1.408 -1.424 -1.632 -1.756 -9999 -9999 -9999 -9999 -9999 -9999 -1.987 -1.997 -9999 -9999 -9999 -9999 -9999 -2.01 -1.932 -9999 -9999 -1.8 -1.811 -2.1 -2.065 -2.082 -9999 -9999 2.668 2.598 2.65 2.388
2.488 2.565 2.55 2.478 2.413 2.475 2.365 2.29 2.318 2.468 2.57 2.47 2.405 2.105 1.731 1.358 1.189 0.84 0.652 0.456 0.051 -0.286 -0.597 -0.845 -1.151 2.62 2.705 -2.087 -2.032 -1.742 -1.487 -1.13 -0.826 -0.507 -0.519 -0.751 -0.926 -1.105 -1.158 -1.134 2.418 -1.363 -1.602 -1.754 -2.032 -1.954 -9999 -2.06 -9999 -9999 -9999 -2.037 -2.07 -9999 -9999 -9999 -9999 -9999 2.283 2.32 -9999 -9999 2.353 2.323 -2.072 -2.062 -2.08 -1.749 -1.696 -2.027 -1.98 -9999 2.373
2.388 2.425 2.365 2.363 2.34 2.395 2.378 2.265 2.348 2.46 2.42 2.425 2.378 2.164 1.706 1.375 1.086 0.91 0.599 0.372 0.02 -0.298 -0.549 -0.885 -1.189 -1.402 -1.775 -2.047 -2.025 -1.772 -1.508 -1.162 -0.871 -0.468 -0.296 -0.51 -0.658 -0.761 -0.841 -0.862 -1.123 -1.401 -1.764 -2.03 -2.032 -9999 -9999 -2.097 -2.05 -9999 -9999 -9999 -2.102 -2.03 -1.96 -9999 -9999 -9999 2.243 2.293 -9999 -9999 2.543 -9999 -9999 -2.057 -1.776 -1.756 -1.699 -2.042 -2.015 2.503 2.6
