All_lidar/sz5686_DSM_2M.asc
ncols 500
nrows 500
xllcorner    456000
yllcorner    86000
cellsize     2
NODATA_value -9999
[rows 192 to 223 of 500, columns 288 to 359 of 500]
23.861 23.814 23.746 23.731 23.676 23.639 23.596 23.539 23.484 23.461 23.396 23.361 23.334 23.279 23.236 23.186 23.134 23.061 22.996 22.914 22.806 22.713 22.605 22.466 22.342 22.186 22.052 21.934 21.794 21.641 21.493 21.343 21.211 21.032 20.909 20.784 20.669 20.486 20.376 20.189 20.021 19.871 19.739 19.599 19.469 19.379 19.201 19.056 18.889 18.736 18.624 18.476 18.319 18.164 18.004 17.831 17.656 17.484 17.301 17.109 16.966 16.776 16.589 16.394 16.174 15.982 15.824 15.692 15.684 15.652 15.917 15.294
23.994 23.956 23.889 23.844 23.786 23.749 23.716 23.684 23.629 23.564 23.519 23.474 23.436 23.381 23.316 23.296 23.254 23.201 23.129 23.024 22.939 22.803 22.702 22.564 22.383 22.243 22.121 21.998 21.844 21.693 21.552 21.401 21.245 21.118 20.947 20.812 20.699 20.496 20.374 20.254 20.084 19.919 19.821 19.654 19.546 19.426 19.249 19.121 18.966 18.799 18.644 18.501 18.359 18.191 18.014 17.839 17.681 17.504 17.331 17.136 16.974 16.799 16.572 16.394 16.232 15.989 15.794 15.692 15.612 15.609 15.649 15.347
24.084 24.056 24.004 23.941 23.871 23.851 23.824 23.774 23.719 23.656 23.611 23.549 23.491 23.426 23.374 23.336 23.291 23.231 23.156 23.066 22.974 22.835 22.724 22.597 22.456 22.342 22.21 22.065 21.909 21.779 21.618 21.478 21.314 21.161 21.031 20.901 20.791 20.606 20.391 20.239 20.111 19.974 19.844 19.696 19.579 19.464 19.311 19.149 18.989 18.839 18.689 18.546 18.376 18.204 18.069 17.899 17.731 17.544 17.356 17.206 17.029 16.834 16.619 16.422 16.259 16.017 15.832 15.659 15.602 15.559 15.557 15.894
24.186 24.129 24.104 24.019 23.994 23.934 23.871 23.841 23.766 23.736 23.674 23.621 23.551 23.489 23.441 23.384 23.346 23.266 23.194 23.094 22.979 22.881 22.763 22.627 22.489 22.354 22.207 22.107 21.966 21.822 21.658 21.511 21.356 21.239 21.088 20.992 20.819 20.646 20.434 20.271 20.174 20.021 19.934 19.756 19.621 19.516 19.351 19.159 19.019 18.874 18.719 18.554 18.424 18.259 18.076 17.914 17.749 17.584 17.406 17.214 17.031 16.844 16.654 16.432 16.264 16.039 15.832 15.667 15.529 15.484 15.467 15.542
24.244 24.189 24.139 24.064 24.026 23.981 23.919 23.891 23.796 23.766 23.696 23.656 23.589 23.521 23.469 23.411 23.371 23.304 23.231 23.129 23.024 22.914 22.779 22.646 22.518 22.401 22.241 22.123 21.988 21.839 21.702 21.541 21.402 21.27 21.115 21.007 20.829 20.679 20.496 20.341 20.161 20.036 19.966 19.801 19.631 19.549 19.394 19.199 19.049 18.904 18.749 18.619 18.474 18.289 18.134 17.976 17.809 17.611 17.441 17.251 17.071 16.871 16.682 16.462 16.272 16.052 15.819 15.644 15.494 15.407 15.334 15.429
24.274 24.236 24.164 24.121 24.061 24.016 23.971 23.909 23.851 23.789 23.721 23.641 23.594 23.531 23.496 23.451 23.386 23.321 23.239 23.154 23.036 22.934 22.814 22.695 22.54 22.422 22.284 22.133 22.004 21.868 21.72 21.573 21.422 21.294 21.164 21.015 20.829 20.681 20.549 20.394 20.226 20.094 20.001 19.844 19.699 19.594 19.434 19.279 19.124 18.999 18.814 18.709 18.549 18.366 18.174 17.994 17.809 17.626 17.454 17.271 17.124 16.916 16.722 16.499 16.284 16.124 15.832 15.632 15.454 15.334 15.229 15.327
24.314 24.259 24.214 24.149 24.074 24.029 23.979 23.929 23.854 23.814 23.754 23.691 23.621 23.551 23.519 23.469 23.401 23.349 23.279 23.186 23.074 22.956 22.829 22.687 22.567 22.436 22.301 22.16 22.021 21.892 21.742 21.598 21.433 21.306 21.184 21.047 20.911 20.761 20.576 20.414 20.259 20.134 20.049 19.901 19.754 19.614 19.439 19.279 19.186 19.016 18.841 18.706 18.561 18.401 18.216 18.021 17.851 17.681 17.476 17.306 17.129 16.924 16.717 16.504 16.287 16.107 15.857 15.597 15.374 15.252 15.147 15.139
24.299 24.259 24.236 24.179 24.116 24.051 23.994 23.926 23.869 23.844 23.766 23.694 23.636 23.604 23.539 23.471 23.431 23.361 23.309 23.201 23.094 22.959 22.836 22.719 22.569 22.445 22.324 22.175 22.035 21.901 21.768 21.634 21.483 21.33 21.223 21.093 20.924 20.756 20.596 20.416 20.281 20.164 20.026 19.911 19.789 19.644 19.496 19.359 19.219 19.044 18.896 18.734 18.594 18.411 18.219 18.061 17.896 17.724 17.516 17.326 17.114 16.909 16.707 16.492 16.247 16.052 15.822 15.564 15.344 15.169 15.059 14.999
24.299 24.279 24.246 24.196 24.146 24.079 24.016 23.971 23.899 23.846 23.786 23.681 23.642 23.589 23.534 23.477 23.429 23.384 23.277 23.219 23.099 22.992 22.863 22.731 22.606 22.458 22.327 22.179 22.063 21.901 21.764 21.631 21.487 21.346 21.206 21.059 20.927 20.794 20.602 20.449 20.302 20.189 20.057 19.934 19.799 19.682 19.479 19.334 19.202 19.059 18.907 18.752 18.619 18.477 18.279 18.079 17.902 17.712 17.552 17.357 17.147 16.914 16.699 16.469 16.259 16.024 15.832 15.552 15.289 15.087 14.942 14.817
24.336 24.299 24.284 24.236 24.189 24.126 24.041 23.964 23.934 23.871 23.824 23.739 23.672 23.602 23.549 23.497 23.422 23.379 23.312 23.204 23.099 23.009 22.896 22.771 22.623 22.492 22.346 22.216 22.087 21.94 21.799 21.651 21.512 21.367 21.234 21.121 20.993 20.837 20.617 20.454 20.319 20.192 20.094 19.964 19.834 19.707 19.509 19.359 19.247 19.094 18.927 18.774 18.602 18.444 18.254 18.062 17.882 17.692 17.527 17.329 17.107 16.919 16.689 16.482 16.267 16.004 15.784 15.514 15.204 14.969 14.804 14.697
24.346 24.319 24.289 24.239 24.171 24.139 24.059 24.014 23.936 23.889 23.834 23.774 23.682 23.629 23.557 23.497 23.437 23.392 23.317 23.204 23.114 23.004 22.874 22.748 22.615 22.496 22.384 22.255 22.088 21.961 21.81 21.66 21.544 21.403 21.27 21.122 21.017 20.837 20.667 20.539 20.354 20.227 20.144 19.989 19.872 19.689 19.544 19.379 19.227 19.089 18.942 18.797 18.619 18.457 18.259 18.072 17.899 17.712 17.512 17.324 17.104 16.889 16.699 16.434 16.207 15.962 15.682 15.442 15.129 14.882 14.674 14.519
24.384 24.334 24.294 24.256 24.226 24.164 24.066 24.021 23.944 23.904 23.821 23.754 23.692 23.627 23.562 23.527 23.467 23.399 23.327 23.232 23.137 23.032 22.902 22.752 22.62 22.497 22.343 22.227 22.084 21.942 21.815 21.683 21.547 21.41 21.275 21.118 21.033 20.897 20.699 20.542 20.352 20.277 20.172 20.017 19.907 19.749 19.582 19.392 19.259 19.084 18.959 18.817 18.649 18.472 18.287 18.117 17.877 17.712 17.519 17.317 17.089 16.859 16.624 16.419 16.189 15.922 15.659 15.382 15.082 14.804 14.532 14.392
24.411 24.349 24.321 24.274 24.191 24.134 24.101 24.021 23.981 23.911 23.856 23.784 23.724 23.642 23.564 23.539 23.444 23.377 23.329 23.242 23.144 23.039 22.902 22.793 22.629 22.496 22.369 22.24 22.094 21.987 21.838 21.703 21.572 21.419 21.272 21.134 21.036 20.919 20.724 20.537 20.394 20.319 20.184 20.049 19.929 19.779 19.574 19.397 19.279 19.144 18.964 18.814 18.652 18.499 18.287 18.102 17.914 17.707 17.524 17.319 17.092 16.854 16.599 16.354 16.089 15.847 15.552 15.274 15.024 14.702 14.424 14.234
24.396 24.361 24.311 24.251 24.224 24.121 24.084 24.059 23.979 23.909 23.829 23.774 23.727 23.657 23.589 23.532 23.442 23.362 23.322 23.234 23.124 23.017 22.914 22.781 22.653 22.528 22.402 22.265 22.13 21.973 21.864 21.722 21.586 21.448 21.3 21.183 21.056 20.932 20.782 20.572 20.442 20.344 20.217 20.064 19.937 19.804 19.604 19.442 19.269 19.149 18.962 18.824 18.659 18.477 18.269 18.092 17.904 17.707 17.512 17.289 17.029 16.807 16.562 16.302 16.032 15.764 15.502 15.207 14.917 14.614 14.282 14.052
24.436 24.374 24.369 24.314 24.224 24.139 24.071 24.016 23.984 23.936 23.856 23.791 23.724 23.657 23.577 23.529 23.442 23.389 23.307 23.242 23.174 23.062 22.932 22.772 22.661 22.546 22.428 22.284 22.128 21.972 21.846 21.748 21.599 21.456 21.296 21.178 21.068 20.914 20.777 20.612 20.434 20.369 20.259 20.122 19.949 19.809 19.629 19.442 19.289 19.142 19.004 18.832 18.677 18.472 18.254 18.072 17.872 17.674 17.489 17.249 16.979 16.744 16.482 16.207 15.942 15.682 15.402 15.109 14.804 14.497 14.152 13.889
24.416 24.366 24.349 24.286 24.244 24.156 24.089 24.049 24.009 23.934 23.861 23.794 23.694 23.627 23.567 23.494 23.429 23.392 23.309 23.209 23.114 23.052 22.909 22.764 22.653 22.518 22.398 22.309 22.172 22.017 21.876 21.753 21.616 21.46 21.303 21.155 21.017 20.927 20.784 20.594 20.439 20.389 20.254 20.089 19.944 19.817 19.614 19.437 19.292 19.139 18.967 18.817 18.674 18.464 18.247 18.074 17.847 17.639 17.389 17.179 16.949 16.669 16.394 16.129 15.847 15.522 15.262 14.952 14.647 14.377 14.027 13.752
24.456 24.414 24.349 24.316 24.259 24.176 24.111 24.056 23.991 23.921 23.846 23.784 23.724 23.647 23.592 23.517 23.464 23.404 23.319 23.227 23.144 23.017 22.924 22.776 22.667 22.528 22.401 22.291 22.14 22.016 21.878 21.751 21.603 21.437 21.302 21.15 21.038 20.912 20.757 20.612 20.442 20.354 20.264 20.107 19.959 19.819 19.637 19.452 19.267 19.114 18.964 18.799 18.642 18.442 18.259 18.039 17.804 17.597 17.354 17.139 16.849 16.579 16.347 16.037 15.719 15.419 15.154 14.854 14.547 14.257 13.929 13.612
24.491 24.416 24.389 24.324 24.269 24.221 24.144 24.086 24.006 23.934 23.864 23.809 23.744 23.659 23.567 23.502 23.474 23.374 23.304 23.222 23.124 23.024 22.917 22.792 22.68 22.535 22.394 22.256 22.134 22.005 21.862 21.753 21.576 21.433 21.301 21.146 21.037 20.906 20.762 20.594 20.437 20.372 20.214 20.094 19.962 19.782 19.587 19.412 19.249 19.087 18.912 18.749 18.592 18.367 18.194 17.982 17.767 17.524 17.277 17.044 16.764 16.489 16.207 15.937 15.642 15.322 15.032 14.732 14.437 14.092 13.797 13.504
24.499 24.446 24.396 24.319 24.276 24.219 24.166 24.099 24.016 23.929 23.849 23.771 23.734 23.662 23.584 23.509 23.439 23.374 23.307 23.217 23.107 22.997 22.889 22.767 22.646 22.527 22.405 22.245 22.112 21.983 21.868 21.727 21.585 21.416 21.281 21.119 20.956 20.837 20.739 20.584 20.427 20.329 20.194 20.067 19.934 19.749 19.557 19.362 19.217 19.052 18.852 18.704 18.524 18.327 18.134 17.914 17.709 17.464 17.207 16.954 16.687 16.412 16.134 15.837 15.547 15.219 14.904 14.589 14.287 13.969 13.669 13.387
24.529 24.481 24.444 24.366 24.276 24.199 24.134 24.076 23.996 23.921 23.839 23.781 23.702 23.639 23.572 23.497 23.414 23.339 23.289 23.204 23.114 23.002 22.859 22.747 22.621 22.516 22.379 22.242 22.098 21.959 21.828 21.7 21.538 21.401 21.237 21.087 20.931 20.802 20.689 20.544 20.349 20.274 20.177 20.014 19.894 19.724 19.534 19.339 19.174 19.032 18.844 18.687 18.522 18.314 18.097 17.857 17.632 17.409 17.157 16.889 16.629 16.319 16.019 15.719 15.417 15.069 14.779 14.479 14.147 13.822 13.502 13.294
24.609 24.579 24.501 24.429 24.331 24.244 24.156 24.064 24.011 23.924 23.861 23.764 23.692 23.607 23.564 23.459 23.394 23.304 23.227 23.152 23.047 22.947 22.844 22.747 22.589 22.499 22.359 22.215 22.082 21.919 21.791 21.672 21.506 21.382 21.212 21.039 20.911 20.765 20.647 20.494 20.357 20.247 20.144 19.972 19.842 19.674 19.492 19.312 19.134 18.987 18.807 18.639 18.447 18.257 18.039 17.804 17.569 17.332 17.064 16.802 16.517 16.229 15.924 15.584 15.264 14.934 14.617 14.322 13.994 13.702 13.394 13.182
24.586 24.491 24.476 24.399 24.364 24.291 24.224 24.144 24.096 24.006 23.959 23.831 23.719 23.649 23.579 23.462 23.422 23.327 23.219 23.159 23.044 22.942 22.802 22.699 22.557 22.432 22.314 22.198 22.04 21.905 21.76 21.611 21.484 21.302 21.163 21.026 20.885 20.75 20.624 20.477 20.317 20.197 20.094 19.954 19.804 19.644 19.429 19.312 19.132 18.944 18.767 18.584 18.392 18.187 17.962 17.764 17.522 17.264 16.967 16.732 16.562 16.092 15.814 15.472 15.149 14.794 14.487 14.164 13.852 13.544 13.294 13.124
24.679 24.604 24.574 24.514 24.419 24.414 24.224 24.104 23.979 23.891 23.881 23.834 23.714 23.662 23.594 23.494 23.419 23.402 23.274 23.167 23.057 22.957 22.827 22.704 22.558 22.435 22.295 22.135 22.006 21.873 21.721 21.617 21.446 21.284 21.131 20.988 20.853 20.725 20.563 20.422 20.279 20.142 20.072 19.934 19.767 19.604 19.424 19.242 19.087 18.919 18.732 18.537 18.349 18.139 17.887 17.642 17.402 17.164 16.887 16.597 16.344 15.984 15.662 15.339 15.034 14.677 14.342 14.049 13.709 13.427 13.242 12.992
24.464 24.439 24.386 24.326 24.269 24.251 24.206 24.114 24.076 23.951 23.901 23.816 23.649 23.634 23.504 23.424 23.327 23.257 23.194 23.089 23.064 22.957 22.837 22.717 22.578 22.512 22.365 22.21 22.045 21.912 21.743 21.607 21.465 21.299 21.134 20.991 20.848 20.706 20.539 20.392 20.249 20.117 20.029 19.879 19.739 19.579 19.414 19.209 19.034 18.887 18.672 18.492 18.297 18.084 17.829 17.594 17.332 17.052 16.764 16.484 16.157 15.852 15.507 15.167 14.849 14.547 14.179 13.897 13.592 13.364 13.107 12.877
24.329 24.309 24.254 24.174 24.109 24.044 23.981 23.919 23.854 23.771 23.701 23.651 23.584 23.502 23.482 23.402 23.387 23.264 23.202 23.102 23.059 22.939 22.864 22.617 22.442 22.371 22.239 22.133 22.035 21.868 21.737 21.609 21.466 21.312 21.159 21.016 20.843 20.712 20.571 20.417 20.272 20.144 19.994 19.827 19.667 19.577 19.362 19.174 18.979 18.812 18.634 18.422 18.204 17.974 17.752 17.502 17.217 16.977 16.664 16.362 16.039 15.729 15.364 15.044 14.724 14.409 14.084 13.774 13.479 13.259 13.019 12.882
24.266 24.204 24.191 24.116 24.064 23.981 23.914 23.836 23.736 23.646 23.596 23.534 23.439 23.357 23.274 23.197 23.177 23.109 23.024 22.959 22.869 22.804 22.709 22.617 22.526 22.406 22.304 22.156 22.11 21.978 21.719 21.629 21.438 21.244 21.137 20.978 20.851 20.749 20.633 20.509 20.364 20.184 19.989 19.787 19.627 19.539 19.344 19.177 18.972 18.802 18.567 18.367 18.192 17.937 17.672 17.427 17.144 16.859 16.554 16.254 15.927 15.574 15.239 14.912 14.597 14.267 13.944 13.642 13.409 13.162 12.997 12.839
24.206 24.176 24.139 24.061 23.989 23.914 23.846 23.774 23.676 23.594 23.544 23.466 23.382 23.277 23.219 23.157 23.052 23.004 22.924 22.819 22.707 22.624 22.512 22.409 22.298 22.195 22.092 21.98 21.878 21.775 21.66 21.568 21.462 21.328 21.253 21.027 20.84 20.73 20.577 20.507 20.474 20.122 19.912 19.732 19.599 19.459 19.374 19.164 19.007 18.784 18.569 18.387 18.142 17.909 17.609 17.334 17.079 16.772 16.462 16.147 15.817 15.457 15.119 14.772 14.469 14.144 13.834 13.552 13.292 13.112 12.977 12.837
24.169 24.136 24.074 24.004 23.954 23.889 23.791 23.711 23.614 23.554 23.449 23.389 23.319 23.242 23.152 23.089 23.004 22.939 22.859 22.769 22.677 22.564 22.474 22.352 22.234 22.112 21.987 21.85 21.728 21.605 21.493 21.375 21.254 21.129 20.997 20.875 20.754 20.646 20.557 20.439 20.364 20.237 20.054 19.834 19.747 19.692 19.312 19.062 18.869 18.667 18.477 18.302 18.094 17.859 17.594 17.327 17.052 16.739 16.417 16.084 15.739 15.444 15.064 14.702 14.377 14.049 13.699 13.422 13.224 13.099 12.944 12.764
24.116 24.041 24.021 23.959 23.906 23.831 23.741 23.659 23.569 23.501 23.414 23.319 23.262 23.187 23.094 23.007 22.912 22.859 22.762 22.697 22.607 22.487 22.422 22.289 22.162 22.048 21.953 21.838 21.689 21.571 21.449 21.31 21.174 21.029 20.878 20.757 20.61 20.513 20.354 20.237 20.112 19.984 19.829 19.699 19.544 19.407 19.249 19.087 18.919 18.732 18.522 18.297 18.072 17.837 17.539 17.239 16.974 16.634 16.377 15.964 15.612 15.282 14.987 14.659 14.314 13.984 13.682 13.402 13.184 13.019 12.869 12.782
24.079 24.026 23.989 23.901 23.831 23.736 23.674 23.614 23.539 23.461 23.366 23.291 23.194 23.112 23.049 22.959 22.854 22.782 22.729 22.629 22.572 22.467 22.319 22.192 22.077 21.975 21.885 21.774 21.648 21.526 21.389 21.253 21.12 20.997 20.852 20.712 20.616 21.3 20.32 20.166 20.014 19.879 19.699 19.539 19.382 19.194 19.064 18.874 18.702 18.519 18.337 18.087 17.857 17.622 17.387 17.079 16.852 16.529 16.264 15.982 15.617 15.252 14.952 14.549 14.222 13.847 13.547 13.322 13.212 13.062 12.912 12.707
24.024 23.996 23.926 23.859 23.776 23.724 23.646 23.584 23.486 23.411 23.329 23.254 23.177 23.074 22.997 22.897 22.812 22.732 22.677 22.554 22.479 22.377 22.282 22.167 22.029 21.956 21.809 21.697 21.59 21.466 21.34 21.227 21.078 20.921 20.79 20.66 20.664 20.915 20.28 20.139 20.007 19.852 19.692 19.699 19.787 19.399 19.002 18.782 18.632 18.409 18.392 17.962 17.684 17.442 17.152 16.837 16.542 16.274 15.979 15.677 15.374 15.052 14.777 14.519 14.267 14.027 13.732 13.412 13.249 13.154 13.004 12.349
23.959 23.891 23.829 23.789 23.714 23.661 23.579 23.511 23.426 23.331 23.246 23.189 23.114 23.022 22.932 22.859 22.777 22.702 22.607 22.519 22.432 22.354 22.242 22.117 22.009 21.878 21.768 21.64 21.557 21.43 21.298 21.163 21.026 20.894 20.762 20.607 20.843 20.45 20.218 20.088 19.944 19.814 19.649 19.709 19.757 19.129 19.327 18.947 18.767 18.819 18.259 17.894 17.727 17.637 17.084 16.784 16.494 16.169 15.852 15.552 15.232 14.882 14.592 14.307 14.044 13.802 13.612 13.389 13.274 13.829 13.667 11.997
