All_lidar/sz5688_DSM_2M.asc
ncols 500
nrows 500
xllcorner    456000
yllcorner    88000
cellsize     2
NODATA_value -9999
[rows 132 to 164 of 500, columns 150 to 224 of 500]
36.593 36.651 36.676 36.728 36.786 36.851 36.923 36.963 36.991 37.036 37.078 37.108 37.168 37.211 37.233 37.288 37.348 37.378 37.396 37.458 37.456 37.496 37.533 37.558 37.596 37.668 37.728 37.796 37.891 37.953 38.013 38.091 38.163 38.216 38.248 38.336 38.358 38.391 38.438 38.476 38.506 38.558 38.603 38.628 38.693 38.751 38.798 38.803 38.848 38.918 38.966 39.026 39.026 39.019 39.051 39.096 39.111 39.184 39.209 39.269 39.296 39.321 39.351 39.389 39.414 39.436 39.459 39.484 39.539 39.521 39.541 39.566 39.596 39.609 39.629
36.548 36.581 36.596 36.646 36.721 36.763 36.838 36.851 36.926 36.956 36.973 37.028 37.101 37.146 37.168 37.193 37.248 37.303 37.343 37.391 37.428 37.471 37.511 37.538 37.583 37.646 37.713 37.796 37.846 37.931 37.986 38.063 38.143 38.181 38.226 38.273 38.318 38.363 38.383 38.431 38.476 38.516 38.543 38.596 38.671 38.698 38.733 38.791 38.868 38.936 38.986 38.996 39.041 39.046 39.089 39.114 39.116 39.171 39.194 39.221 39.261 39.284 39.329 39.389 39.426 39.399 39.456 39.469 39.511 39.556 39.556 39.561 39.591 39.616 39.626
36.486 36.511 36.536 36.578 36.631 36.691 36.726 36.788 36.846 36.903 36.903 36.991 37.028 37.076 37.116 37.148 37.183 37.253 37.296 37.338 37.383 37.398 37.453 37.478 37.523 37.621 37.651 37.703 37.803 37.873 37.933 38.008 38.081 38.131 38.186 38.213 38.266 38.311 38.356 38.413 38.438 38.503 38.556 38.593 38.641 38.683 38.743 38.768 38.826 38.901 38.966 38.974 39.001 39.039 39.046 39.061 39.109 39.159 39.159 39.206 39.249 39.289 39.334 39.359 39.376 39.414 39.436 39.461 39.511 39.536 39.556 39.569 39.586 39.604 39.619
36.426 36.453 36.481 36.523 36.573 36.603 36.653 36.708 36.726 36.788 36.886 36.911 36.956 37.006 37.051 37.076 37.113 37.173 37.231 37.288 37.333 37.356 37.426 37.451 37.511 37.571 37.596 37.686 37.748 37.836 37.918 37.993 38.031 38.078 38.143 38.158 38.191 38.268 38.318 38.346 38.413 38.466 38.483 38.548 38.633 38.656 38.681 38.731 38.786 38.866 38.899 38.936 38.956 38.984 39.001 39.049 39.076 39.109 39.134 39.191 39.254 39.301 39.289 39.336 39.369 39.421 39.421 39.449 39.489 39.511 39.539 39.559 39.579 39.609 39.641
36.396 36.406 36.441 36.478 36.491 36.551 36.588 36.631 36.693 36.721 36.771 36.831 36.873 36.901 36.956 36.998 37.031 37.111 37.128 37.198 37.251 37.291 37.358 37.383 37.428 37.526 37.563 37.606 37.698 37.798 37.861 37.923 37.981 38.063 38.068 38.123 38.166 38.206 38.261 38.281 38.346 38.436 38.458 38.501 38.551 38.601 38.638 38.683 38.723 38.778 38.866 38.909 38.949 38.969 38.986 39.016 39.059 39.089 39.126 39.154 39.216 39.256 39.274 39.334 39.336 39.381 39.431 39.456 39.489 39.514 39.526 39.569 39.579 39.606 39.626
36.366 36.373 36.428 36.458 36.506 36.516 36.578 36.623 36.671 36.678 36.743 36.776 36.828 36.851 36.893 36.921 36.978 37.041 37.096 37.153 37.198 37.261 37.328 37.386 37.398 37.471 37.533 37.583 37.661 37.781 37.873 37.888 37.931 38.008 38.028 38.063 38.113 38.156 38.193 38.246 38.318 38.361 38.411 38.466 38.513 38.573 38.616 38.671 38.701 38.773 38.851 38.896 38.956 38.956 38.971 39.024 39.044 39.071 39.104 39.166 39.194 39.229 39.256 39.321 39.326 39.426 39.424 39.471 39.489 39.531 39.549 39.594 39.589 39.626 39.654
36.313 36.351 36.413 36.448 36.458 36.481 36.533 36.586 36.616 36.638 36.678 36.708 36.741 36.788 36.831 36.868 36.936 36.983 37.053 37.098 37.158 37.213 37.278 37.336 37.411 37.448 37.516 37.576 37.643 37.716 37.801 37.876 37.918 37.961 37.983 38.026 38.056 38.111 38.153 38.218 38.273 38.323 38.378 38.446 38.486 38.523 38.578 38.638 38.686 38.731 38.841 38.914 38.936 38.966 39.009 39.034 39.044 39.059 39.111 39.146 39.189 39.221 39.256 39.311 39.324 39.386 39.411 39.456 39.516 39.531 39.569 39.601 39.626 39.651 39.664
36.276 36.301 36.351 36.381 36.413 36.453 36.486 36.513 36.561 36.603 36.613 36.638 36.681 36.751 36.773 36.813 36.863 36.913 36.986 37.038 37.116 37.193 37.236 37.293 37.351 37.401 37.463 37.528 37.608 37.683 37.786 37.831 37.883 37.928 37.951 38.003 38.028 38.083 38.111 38.196 38.253 38.326 38.356 38.431 38.481 38.543 38.571 38.641 38.686 38.773 38.854 38.904 38.939 38.976 39.021 39.066 39.074 39.099 39.121 39.169 39.209 39.244 39.306 39.316 39.371 39.426 39.449 39.499 39.534 39.541 39.606 39.641 39.666 39.676 39.694
36.228 36.248 36.318 36.353 36.371 36.401 36.413 36.456 36.488 36.516 36.543 36.588 36.626 36.648 36.683 36.766 36.833 36.876 36.928 36.991 37.061 37.126 37.183 37.213 37.293 37.366 37.408 37.481 37.561 37.623 37.696 37.778 37.798 37.851 37.913 37.956 37.988 38.018 38.076 38.138 38.201 38.271 38.308 38.356 38.433 38.471 38.568 38.618 38.671 38.763 38.826 38.879 38.934 38.991 39.024 39.051 39.066 39.106 39.139 39.141 39.161 39.259 39.281 39.326 39.384 39.441 39.466 39.489 39.534 39.574 39.639 39.676 39.696 39.756 39.744
36.178 36.166 36.226 36.238 36.286 36.336 36.356 36.406 36.433 36.438 36.483 36.536 36.571 36.613 36.638 36.733 36.758 36.838 36.891 36.936 37.021 37.051 37.141 37.173 37.256 37.296 37.366 37.448 37.491 37.561 37.626 37.673 37.713 37.768 37.828 37.886 37.931 37.956 38.001 38.083 38.163 38.226 38.278 38.363 38.383 38.463 38.523 38.588 38.681 38.743 38.784 38.824 38.901 38.961 38.996 39.004 39.029 39.094 39.086 39.159 39.179 39.224 39.286 39.346 39.366 39.431 39.499 39.529 39.574 39.604 39.606 39.676 39.681 39.749 39.771
36.113 36.131 36.161 36.201 36.246 36.258 36.313 36.363 36.371 36.381 36.418 36.456 36.486 36.523 36.566 36.646 36.726 36.781 36.851 36.881 36.971 37.033 37.083 37.128 37.203 37.233 37.283 37.341 37.411 37.483 37.546 37.628 37.666 37.736 37.756 37.828 37.883 37.958 38.026 38.068 38.116 38.228 38.246 38.323 38.383 38.428 38.478 38.566 38.646 38.713 38.744 38.819 38.899 38.949 38.989 39.024 39.059 39.076 39.139 39.191 39.224 39.261 39.306 39.351 39.389 39.469 39.511 39.564 39.604 39.616 39.676 39.706 39.714 39.786 39.771
36.073 36.083 36.121 36.163 36.213 36.246 36.296 36.311 36.323 36.346 36.376 36.401 36.426 36.503 36.526 36.598 36.688 36.718 36.796 36.871 36.986 37.016 37.083 37.131 37.188 37.221 37.268 37.306 37.363 37.423 37.508 37.603 37.663 37.701 37.741 37.798 37.853 37.901 37.948 38.023 38.096 38.186 38.196 38.271 38.328 38.401 38.488 38.566 38.626 38.668 38.751 38.859 38.874 38.946 39.011 39.051 39.084 39.099 39.156 39.206 39.266 39.294 39.349 39.374 39.389 39.469 39.539 39.579 39.621 39.629 39.661 39.679 39.734 39.761 39.791
36.001 36.046 36.083 36.103 36.156 36.166 36.198 36.253 36.288 36.313 36.343 36.378 36.383 36.431 36.498 36.563 36.638 36.696 36.778 36.856 36.938 36.981 37.006 37.058 37.131 37.191 37.208 37.261 37.306 37.378 37.461 37.556 37.603 37.658 37.666 37.746 37.793 37.876 37.911 38.038 38.093 38.148 38.196 38.266 38.308 38.383 38.476 38.516 38.618 38.698 38.741 38.829 38.909 38.944 38.991 39.066 39.081 39.129 39.176 39.251 39.269 39.321 39.381 39.416 39.446 39.529 39.594 39.639 39.664 39.694 39.746 39.759 39.781 39.824 39.899
35.988 36.016 36.038 36.073 36.108 36.151 36.188 36.251 36.203 36.281 36.308 36.318 36.341 36.383 36.471 36.528 36.616 36.648 36.753 36.803 36.901 36.928 36.961 37.033 37.078 37.126 37.183 37.191 37.288 37.371 37.408 37.496 37.566 37.588 37.646 37.666 37.778 37.823 37.858 37.963 38.038 38.088 38.166 38.266 38.336 38.413 38.468 38.506 38.638 38.731 38.774 38.846 38.904 38.941 39.024 39.086 39.116 39.156 39.219 39.259 39.326 39.351 39.446 39.501 39.526 39.589 39.661 39.726 39.719 39.759 39.781 39.819 39.849 39.909 39.959
35.941 35.978 36.016 36.061 36.096 36.118 36.126 36.176 36.188 36.241 36.241 36.291 36.321 36.358 36.411 36.508 36.581 36.641 36.721 36.801 36.841 36.913 36.928 36.988 37.038 37.083 37.133 37.173 37.218 37.308 37.386 37.478 37.541 37.581 37.623 37.661 37.748 37.808 37.876 37.971 38.028 38.078 38.193 38.231 38.318 38.401 38.501 38.536 38.618 38.738 38.814 38.866 38.931 38.984 39.046 39.109 39.171 39.221 39.274 39.299 39.391 39.426 39.491 39.551 39.579 39.641 39.704 39.784 39.811 39.854 39.851 39.904 39.961 39.981 40.026
35.921 35.958 35.986 36.011 36.041 36.093 36.121 36.146 36.161 36.196 36.211 36.261 36.311 36.348 36.401 36.491 36.563 36.626 36.676 36.753 36.801 36.853 36.891 36.951 37.018 37.041 37.103 37.163 37.221 37.276 37.351 37.426 37.493 37.591 37.636 37.691 37.738 37.826 37.873 37.953 38.056 38.076 38.206 38.263 38.318 38.403 38.508 38.568 38.636 38.741 38.816 38.846 38.949 39.004 39.066 39.151 39.229 39.274 39.331 39.366 39.434 39.476 39.516 39.604 39.694 39.729 39.776 39.829 39.854 39.911 39.949 40.004 40.041 40.096 40.109
35.896 35.906 35.978 36.011 36.026 36.091 36.126 36.146 36.168 36.188 36.226 36.263 36.316 36.371 36.421 36.476 36.553 36.611 36.663 36.756 36.781 36.851 36.883 36.903 36.976 37.026 37.068 37.136 37.188 37.253 37.373 37.443 37.498 37.558 37.613 37.673 37.713 37.796 37.876 37.943 38.043 38.106 38.176 38.253 38.316 38.401 38.521 38.593 38.628 38.731 38.841 38.876 38.964 39.029 39.119 39.219 39.294 39.336 39.389 39.401 39.506 39.556 39.586 39.691 39.769 39.826 39.874 39.916 39.974 40.011 40.051 40.086 40.114 40.144 40.201
35.873 35.906 35.953 35.963 35.993 36.073 36.091 36.116 36.133 36.178 36.231 36.288 36.361 36.388 36.426 36.478 36.543 36.586 36.636 36.726 36.761 36.806 36.853 36.873 36.938 37.008 37.038 37.136 37.173 37.241 37.351 37.416 37.478 37.558 37.621 37.651 37.741 37.813 37.896 37.948 38.038 38.096 38.188 38.283 38.341 38.428 38.528 38.636 38.693 38.778 38.869 38.929 39.021 39.096 39.176 39.236 39.344 39.401 39.426 39.499 39.566 39.646 39.671 39.729 39.804 39.874 39.921 39.996 40.056 40.116 40.169 40.206 40.229 40.276 40.309
35.863 35.893 35.928 35.943 36.006 36.053 36.068 36.118 36.131 36.191 36.251 36.301 36.348 36.391 36.438 36.441 36.478 36.548 36.601 36.683 36.703 36.751 36.808 36.836 36.908 36.973 37.031 37.073 37.136 37.236 37.326 37.418 37.481 37.568 37.613 37.698 37.756 37.813 37.893 37.958 38.046 38.111 38.213 38.283 38.378 38.463 38.571 38.661 38.753 38.801 38.891 38.966 39.051 39.111 39.241 39.281 39.373 39.433 39.501 39.586 39.656 39.698 39.753 39.818 39.858 39.906 39.996 40.081 40.128 40.181 40.231 40.253 40.323 40.356 40.403
35.813 35.868 35.903 35.913 35.986 36.008 36.043 36.076 36.126 36.181 36.231 36.251 36.291 36.383 36.393 36.443 36.483 36.511 36.533 36.598 36.673 36.718 36.761 36.806 36.881 36.943 37.006 37.066 37.153 37.243 37.316 37.406 37.518 37.593 37.666 37.713 37.791 37.828 37.918 37.993 38.043 38.126 38.198 38.308 38.383 38.521 38.591 38.718 38.796 38.888 38.978 39.046 39.108 39.206 39.301 39.353 39.426 39.483 39.533 39.603 39.716 39.766 39.843 39.903 39.953 39.983 40.071 40.148 40.213 40.261 40.321 40.373 40.388 40.443 40.491
35.766 35.798 35.848 35.878 35.898 35.958 35.996 36.003 36.051 36.131 36.176 36.201 36.238 36.303 36.346 36.378 36.393 36.456 36.516 36.568 36.628 36.676 36.741 36.798 36.846 36.946 37.006 37.083 37.161 37.231 37.328 37.416 37.516 37.598 37.658 37.723 37.798 37.856 37.921 37.991 38.093 38.163 38.251 38.366 38.441 38.531 38.653 38.763 38.873 38.918 39.011 39.098 39.181 39.251 39.331 39.413 39.493 39.536 39.628 39.643 39.756 39.838 39.888 39.923 40.011 40.106 40.141 40.211 40.283 40.313 40.373 40.438 40.471 40.543 40.618
35.681 35.728 35.783 35.821 35.838 35.853 35.911 35.946 35.983 36.081 36.071 36.118 36.171 36.196 36.286 36.321 36.356 36.406 36.456 36.506 36.571 36.678 36.738 36.841 36.883 36.948 37.006 37.056 37.138 37.201 37.333 37.398 37.491 37.581 37.668 37.751 37.831 37.913 37.963 38.018 38.118 38.193 38.266 38.343 38.433 38.548 38.661 38.786 38.911 38.971 39.078 39.166 39.223 39.296 39.386 39.448 39.526 39.608 39.713 39.748 39.806 39.926 39.968 40.031 40.111 40.181 40.253 40.321 40.381 40.443 40.483 40.536 40.596 40.641 40.733
35.611 35.666 35.701 35.753 35.751 35.773 35.843 35.851 35.918 36.006 35.996 36.073 36.078 36.148 36.198 36.238 36.316 36.371 36.456 36.526 36.586 36.678 36.741 36.823 36.891 36.958 37.018 37.058 37.151 37.251 37.293 37.396 37.493 37.571 37.676 37.746 37.826 37.881 37.958 38.018 38.096 38.186 38.253 38.373 38.483 38.563 38.668 38.796 38.893 39.013 39.113 39.181 39.268 39.343 39.436 39.511 39.626 39.698 39.763 39.843 39.898 40.001 40.066 40.136 40.203 40.273 40.328 40.413 40.493 40.548 40.591 40.633 40.698 40.791 40.821
35.526 35.563 35.613 35.646 35.631 35.693 35.753 35.763 35.791 35.856 35.943 35.968 36.041 36.103 36.166 36.261 36.291 36.371 36.428 36.491 36.608 36.706 36.771 36.841 36.888 36.968 37.031 37.053 37.118 37.213 37.296 37.343 37.441 37.548 37.646 37.758 37.821 37.893 37.956 38.041 38.101 38.181 38.286 38.373 38.476 38.616 38.721 38.866 38.973 39.063 39.168 39.278 39.356 39.411 39.483 39.591 39.696 39.778 39.856 39.926 40.018 40.098 40.191 40.223 40.311 40.376 40.456 40.536 40.573 40.641 40.686 40.753 40.851 40.913 40.943
35.391 35.446 35.531 35.523 35.558 35.606 35.643 35.688 35.743 35.798 35.891 35.978 36.036 36.116 36.176 36.246 36.261 36.366 36.433 36.526 36.576 36.661 36.771 36.841 36.911 36.978 37.023 37.066 37.103 37.178 37.233 37.308 37.431 37.561 37.653 37.753 37.838 37.928 37.996 38.061 38.136 38.193 38.283 38.381 38.483 38.618 38.766 38.873 39.011 39.086 39.168 39.286 39.431 39.498 39.591 39.683 39.783 39.868 39.963 40.021 40.113 40.201 40.273 40.351 40.433 40.518 40.593 40.676 40.726 40.768 40.846 40.883 40.943 41.006 41.058
35.313 35.346 35.403 35.448 35.518 35.551 35.586 35.633 35.698 35.808 35.886 35.931 36.033 36.098 36.161 36.248 36.303 36.386 36.411 36.501 36.576 36.696 36.763 36.873 36.906 36.941 36.983 37.021 37.073 37.131 37.218 37.278 37.416 37.528 37.626 37.756 37.828 37.931 37.986 38.026 38.123 38.196 38.306 38.383 38.528 38.643 38.761 38.901 39.061 39.173 39.273 39.366 39.478 39.558 39.628 39.771 39.866 39.968 40.058 40.158 40.223 40.313 40.416 40.468 40.556 40.643 40.726 40.788 40.863 40.898 40.973 41.053 41.063 41.118 41.158
35.238 35.296 35.336 35.401 35.486 35.541 35.598 35.661 35.746 35.831 35.871 35.941 36.036 36.121 36.201 36.266 36.313 36.378 36.448 36.506 36.598 36.706 36.808 36.851 36.938 36.951 36.971 37.051 37.073 37.141 37.196 37.321 37.443 37.533 37.678 37.783 37.851 37.946 37.998 38.068 38.161 38.228 38.301 38.428 38.528 38.646 38.773 38.898 39.088 39.233 39.298 39.451 39.556 39.626 39.731 39.858 39.938 40.076 40.178 40.263 40.348 40.438 40.546 40.636 40.716 40.798 40.876 40.956 41.021 41.068 41.121 41.193 41.248 41.241 41.286
35.198 35.286 35.356 35.436 35.518 35.576 35.656 35.708 35.743 35.813 35.901 35.973 36.041 36.121 36.163 36.246 36.286 36.411 36.468 36.531 36.628 36.716 36.783 36.838 36.941 36.971 36.986 37.038 37.086 37.178 37.243 37.291 37.408 37.526 37.656 37.791 37.866 37.931 37.996 38.086 38.161 38.241 38.296 38.421 38.511 38.648 38.746 38.941 39.073 39.218 39.331 39.471 39.598 39.708 39.823 39.963 40.101 40.198 40.308 40.418 40.508 40.608 40.708 40.798 40.856 40.933 41.006 41.096 41.171 41.228 41.28 41.336 41.341 41.413 41.438
35.218 35.296 35.406 35.448 35.521 35.591 35.656 35.698 35.751 35.811 35.901 35.976 36.038 36.118 36.186 36.233 36.298 36.373 36.483 36.541 36.638 36.701 36.761 36.898 36.963 37.016 37.041 37.073 37.121 37.181 37.231 37.316 37.423 37.528 37.651 37.788 37.876 37.978 38.036 38.101 38.168 38.231 38.323 38.431 38.526 38.676 38.791 38.931 39.053 39.228 39.361 39.503 39.636 39.786 39.913 40.083 40.221 40.321 40.448 40.546 40.653 40.756 40.833 40.933 40.991 41.088 41.171 41.266 41.313 41.378 41.451 41.501 41.521 41.548 41.561
35.256 35.353 35.398 35.456 35.536 35.626 35.641 35.713 35.756 35.798 35.903 35.966 36.033 36.108 36.186 36.261 36.338 36.418 36.476 36.566 36.643 36.756 36.853 36.948 37.021 37.091 37.131 37.176 37.186 37.233 37.291 37.406 37.483 37.586 37.701 37.831 37.941 38.046 38.088 38.153 38.243 38.321 38.371 38.456 38.588 38.708 38.903 38.968 39.133 39.278 39.451 39.576 39.743 39.856 40.018 40.188 40.338 40.468 40.598 40.693 40.801 40.898 41.006 41.103 41.19 41.258 41.333 41.421 41.468 41.555 41.608 41.638 41.643 41.676 41.693
35.313 35.351 35.426 35.471 35.521 35.606 35.658 35.718 35.778 35.831 35.926 35.981 36.081 36.161 36.201 36.268 36.341 36.443 36.523 36.591 36.663 36.776 36.906 36.973 37.056 37.138 37.193 37.246 37.268 37.298 37.351 37.431 37.496 37.611 37.723 37.873 37.968 38.056 38.123 38.231 38.316 38.358 38.461 38.543 38.658 38.806 38.983 39.088 39.168 39.303 39.493 39.658 39.846 40.026 40.183 40.343 40.501 40.648 40.778 40.91 41.015 41.073 41.178 41.287 41.367 41.461 41.539 41.59 41.661 41.741 41.768 41.838 41.806 41.828 41.838
35.296 35.391 35.448 35.471 35.538 35.588 35.648 35.701 35.793 35.861 35.936 36.018 36.091 36.166 36.241 36.303 36.388 36.466 36.521 36.606 36.706 36.813 36.928 37.011 37.096 37.163 37.213 37.273 37.321 37.356 37.421 37.476 37.548 37.663 37.768 37.898 38.041 38.131 38.208 38.298 38.368 38.501 38.603 38.708 38.806 38.938 39.083 39.163 39.293 39.421 39.558 39.703 39.933 40.156 40.313 40.468 40.641 40.825 40.946 41.077 41.205 41.281 41.35 41.48 41.588 41.644 41.717 41.774 41.844 41.913 41.943 41.963 41.963 41.958 41.923
35.346 35.388 35.443 35.491 35.531 35.588 35.641 35.696 35.788 35.863 35.941 36.051 36.146 36.223 36.288 36.368 36.426 36.503 36.576 36.678 36.753 36.828 36.951 37.093 37.183 37.238 37.313 37.383 37.441 37.466 37.486 37.573 37.676 37.781 37.868 37.968 38.098 38.201 38.301 38.406 38.503 38.601 38.721 38.851 38.943 39.081 39.218 39.313 39.451 39.626 39.783 39.943 40.147 40.348 40.536 40.694 40.846 40.968 41.103 41.238 41.375 41.478 41.562 41.687 41.758 41.789 41.902 41.963 42.026 42.051 42.086 42.126 42.103 42.106 42.136
