All_lidar/sz5688_DSM_2M.asc
ncols 500
nrows 500
xllcorner    456000
yllcorner    88000
cellsize     2
NODATA_value -9999
[rows 297 to 329 of 500, columns 300 to 374 of 500]
40.486 40.338 40.216 40.131 40.021 39.873 39.756 39.606 39.486 39.368 39.268 39.178 39.038 38.968 38.846 38.768 38.703 38.648 38.578 38.503 38.398 38.191 38.056 37.998 37.836 37.696 37.648 37.613 37.563 37.463 37.356 37.296 37.241 37.191 37.181 37.153 37.171 37.213 37.241 37.291 37.368 37.476 37.591 37.686 37.811 37.886 37.981 38.108 38.236 38.383 38.533 38.791 39.816 39.368 39.268 39.433 39.523 39.651 39.833 39.963 40.048 40.168 40.321 40.433 40.541 40.683 40.783 40.878 40.951 41.048 41.153 41.293 41.386 41.483 41.586
40.471 40.351 40.256 40.108 39.971 39.873 39.726 39.611 39.486 39.373 39.263 39.161 39.048 38.948 38.858 38.776 38.738 38.638 38.593 38.528 38.351 38.138 38.036 37.958 37.803 37.703 37.678 37.601 37.541 37.473 37.388 37.301 37.263 37.253 37.228 37.221 37.223 37.288 37.311 37.348 37.421 37.531 37.638 37.763 37.871 37.926 38.058 38.136 38.291 38.448 38.591 38.761 39.906 39.416 39.331 39.483 39.608 39.716 39.911 40.011 40.121 40.228 40.423 40.516 40.583 40.713 40.801 40.888 41.003 41.133 41.221 41.311 41.431 41.531 41.623
40.451 40.351 40.216 40.093 39.961 39.851 39.756 39.638 39.493 39.358 39.256 39.131 39.033 38.921 38.881 38.798 38.726 38.686 38.616 38.503 38.311 38.116 38.043 37.963 37.816 37.741 37.716 37.673 37.586 37.488 37.401 37.333 37.271 37.276 37.248 37.271 37.303 37.328 37.366 37.453 37.501 37.603 37.696 37.823 37.943 38.021 38.128 38.223 38.391 38.531 38.676 38.808 39.121 39.273 39.383 39.561 39.666 39.793 39.948 40.081 40.176 40.316 40.468 40.588 40.666 40.776 40.868 40.951 41.053 41.161 41.243 41.358 41.476 41.553 41.611
40.44 40.34 40.22 40.095 39.978 39.885 39.753 39.635 39.5 39.358 39.25 39.133 39.045 38.965 38.875 38.813 38.738 38.668 38.6 38.448 38.275 38.153 38.083 37.965 37.833 37.755 37.74 37.698 37.585 37.503 37.415 37.373 37.328 37.303 37.318 37.335 37.363 37.39 37.438 37.49 37.543 37.675 37.775 37.883 37.99 38.13 38.23 38.35 38.508 38.628 38.761 39.471 39.743 39.23 39.46 39.605 39.708 39.85 39.978 40.096 40.221 40.363 40.495 40.628 40.736 40.831 40.931 41.023 41.133 41.188 41.256 41.4 41.486 41.528 41.618
40.435 40.335 40.263 40.12 39.988 39.905 39.788 39.61 39.465 39.383 39.268 39.133 39.065 38.963 38.88 38.805 38.758 38.72 38.608 38.46 38.298 38.28 38.138 37.993 37.893 37.83 37.775 37.713 37.633 37.535 37.43 37.385 37.35 37.358 37.383 37.388 37.415 37.455 37.493 37.54 37.638 37.728 37.835 37.94 38.058 38.183 38.31 38.465 38.618 38.758 38.843 39.74 40.056 39.326 39.486 39.66 39.75 39.883 40.065 40.16 40.271 40.388 40.515 40.66 40.771 40.858 40.963 41.058 41.155 41.21 41.306 41.42 41.513 41.605 41.648
40.49 40.345 40.26 40.093 39.995 39.858 39.75 39.608 39.465 39.358 39.255 39.113 39.048 38.94 38.858 38.783 38.74 38.675 38.533 38.438 38.313 38.29 38.148 38.003 37.915 37.878 37.83 37.735 37.63 37.58 37.475 37.408 37.39 37.413 37.423 37.43 37.438 37.468 37.543 37.62 37.703 37.798 37.873 38.005 38.138 38.278 38.403 38.57 38.703 38.85 38.978 39.746 40.308 39.408 39.545 39.69 39.793 39.918 40.06 40.195 40.325 40.428 40.533 40.683 40.771 40.893 40.978 41.083 41.163 41.215 41.303 41.393 41.495 41.578 41.653
40.49 40.325 40.24 40.098 39.978 39.858 39.745 39.59 39.488 39.363 39.23 39.11 39.038 38.965 38.88 38.81 38.763 38.66 38.57 38.425 38.36 38.278 38.165 38.045 38 37.943 37.843 37.75 37.64 37.585 37.535 37.483 37.438 37.463 37.45 37.468 37.488 37.58 37.605 37.668 37.78 37.853 37.958 38.098 38.24 38.363 38.485 38.665 38.808 38.945 39.256 40.08 39.695 39.473 39.628 39.746 39.826 39.983 40.083 40.245 40.343 40.438 40.59 40.71 40.795 40.918 41.035 41.111 41.173 41.256 41.31 41.396 41.478 41.578 41.645
40.49 40.36 40.228 40.088 39.965 39.838 39.713 39.585 39.455 39.305 39.225 39.148 39.038 38.983 38.913 38.88 38.788 38.7 38.64 38.785 38.405 38.313 38.198 38.098 38.053 37.948 37.873 37.748 37.655 37.59 37.52 37.523 37.495 37.513 37.478 37.52 37.55 37.615 37.665 37.73 37.818 37.94 38.085 38.203 38.335 38.455 38.558 38.775 38.91 38.993 39.375 40.408 39.513 39.53 39.67 39.808 39.913 40 40.146 40.248 40.328 40.443 40.593 40.691 40.793 40.905 41.005 41.083 41.188 41.253 41.34 41.44 41.505 41.6 41.655
40.49 40.36 40.228 40.085 39.995 39.88 39.725 39.575 39.44 39.33 39.24 39.158 39.075 38.963 38.913 38.853 38.82 38.71 38.55 38.803 38.463 38.323 38.208 38.105 38.033 37.988 37.903 37.79 37.738 37.635 37.62 38.743 37.813 37.548 37.558 37.573 37.595 37.665 37.733 37.818 37.893 38.015 38.165 38.323 38.4 38.563 38.675 38.83 38.993 39.12 39.353 39.925 39.486 39.611 39.723 39.84 39.965 40.108 40.236 40.271 40.363 40.528 40.64 40.725 40.806 40.918 41 41.083 41.175 41.293 41.363 41.463 41.526 41.611 41.686
40.503 40.36 40.24 40.113 40 39.845 39.678 39.6 39.465 39.343 39.223 39.14 39.088 39.01 38.935 38.865 38.81 38.655 38.52 38.455 38.385 38.285 38.215 38.163 38.088 38.03 37.908 37.815 37.74 37.665 37.638 40.905 38.343 37.6 37.608 37.633 37.65 37.718 37.79 37.878 37.98 38.128 38.283 38.393 38.538 38.663 38.803 38.94 39.09 39.258 39.455 39.518 39.508 39.67 39.771 39.858 39.993 40.123 40.201 40.31 40.49 40.543 40.65 40.793 40.875 40.933 41.01 41.093 41.201 41.288 41.355 41.443 41.526 41.625 41.703
40.52 40.4 40.245 40.108 39.965 39.835 39.71 39.6 39.463 39.315 39.223 39.165 39.105 39.02 38.968 38.88 38.78 38.628 38.533 38.52 38.473 38.363 38.265 38.185 38.098 38.043 37.933 37.833 37.713 37.728 37.705 37.678 38.73 37.678 37.663 37.678 37.725 37.768 37.843 37.948 38.065 38.243 38.358 38.505 38.625 38.778 38.903 39.048 39.183 39.353 39.901 39.818 39.576 39.723 39.818 39.91 40.023 40.128 40.21 40.348 40.448 40.556 40.693 40.826 40.908 41.003 41.085 41.158 41.233 41.31 41.401 41.463 41.521 41.603 41.705
40.515 40.393 40.268 40.135 39.983 39.845 39.74 39.568 39.458 39.295 39.258 39.198 39.115 39.043 38.958 38.868 38.755 38.608 38.545 38.478 38.413 38.36 38.298 38.203 38.118 38.035 37.98 37.875 37.775 42.72 39.59 44.023 45.728 38.208 37.705 37.733 37.775 37.798 37.923 38.038 38.17 38.315 38.45 38.595 38.723 38.84 38.945 39.118 39.24 39.318 39.653 39.668 39.613 39.785 39.865 39.956 40.068 40.168 40.218 40.328 40.453 40.553 40.653 40.813 40.945 41.043 41.105 41.183 41.276 41.37 41.448 41.503 41.59 41.66 41.708
40.49 40.395 40.265 40.12 39.97 39.843 39.71 39.583 39.448 39.328 39.245 39.185 39.123 39.04 38.975 38.863 38.765 38.688 38.603 38.618 38.48 38.358 38.275 38.175 38.078 38.063 38 37.898 43.29 41.53 43.853 42.868 40.588 37.753 37.763 37.785 37.815 37.875 37.978 38.088 38.258 38.39 38.568 38.59 38.778 38.908 39.013 39.143 39.29 41.078 40.408 39.663 39.63 39.795 39.91 39.998 40.116 40.188 40.273 40.35 40.453 40.565 40.666 40.806 40.92 41.011 41.123 41.203 41.313 41.388 41.473 41.556 41.605 41.69 41.768
40.53 40.415 40.283 40.138 39.998 39.833 39.708 39.575 39.42 39.343 39.26 39.203 39.145 39.083 38.968 38.86 38.778 38.79 38.74 38.693 38.535 38.41 38.313 38.218 38.12 38.108 38.043 37.965 37.948 43.678 40.67 41.113 42.03 38.863 37.728 37.808 37.838 37.898 38.005 38.123 38.278 38.455 39.075 39.505 38.775 38.89 39.03 39.16 39.335 40.833 39.903 39.733 39.666 39.823 39.91 40.006 40.143 40.218 40.315 40.41 40.518 40.6 40.703 40.815 40.923 41.038 41.131 41.221 41.295 41.378 41.468 41.53 41.581 41.678 41.758
40.525 40.433 40.265 40.133 39.97 39.843 39.728 39.555 39.433 39.348 39.28 39.25 39.183 39.088 39.025 38.878 38.943 38.933 38.798 38.635 38.5 38.383 38.25 38.163 38.103 38.07 38.015 38.018 38.058 40.115 41.46 39.158 40.813 39.025 37.798 37.86 37.915 37.925 37.96 38.118 38.29 38.635 38.565 38.645 38.725 38.9 39.1 39.215 39.37 39.803 40.338 39.846 39.728 39.873 39.943 40.008 40.125 40.233 40.34 40.413 40.521 40.638 40.73 40.848 40.968 41.096 41.163 41.276 41.316 41.428 41.468 41.515 41.563 41.658 41.725
40.503 40.4 40.258 40.148 40 39.875 39.73 39.588 39.46 39.385 39.343 39.273 39.17 39.093 39.043 38.925 38.908 38.86 38.738 38.623 38.51 38.395 38.27 38.18 38.08 37.998 37.968 38.173 38.918 38.133 41.498 40.183 37.798 37.813 37.878 37.94 37.995 38.053 38.125 38.29 38.73 39.805 38.753 38.73 38.743 38.975 39.258 39.41 39.475 39.66 39.925 39.835 39.831 39.896 39.95 40.053 40.146 40.218 40.335 40.416 40.515 40.611 40.736 40.843 40.963 41.105 41.183 41.285 41.378 41.465 41.53 41.576 41.611 41.67 41.733
40.538 40.393 40.288 40.163 40.015 39.853 39.76 39.62 39.528 39.43 39.33 39.268 39.205 39.105 39.005 38.95 38.878 38.858 38.753 38.603 38.528 38.413 38.32 38.228 38.138 38.065 38.02 38.008 37.97 37.935 37.855 37.785 37.785 37.858 37.903 37.963 38.05 38.11 38.23 38.385 38.565 38.68 38.738 38.758 38.818 39.07 39.3 39.43 39.528 39.675 39.971 39.865 39.863 39.923 40.028 40.063 40.163 40.26 40.373 40.436 40.51 40.605 40.721 40.811 40.951 41.06 41.17 41.256 41.373 41.488 41.543 41.593 41.653 41.725 41.78
40.528 40.415 40.275 40.163 40.028 39.888 39.775 39.65 39.55 39.46 39.37 39.298 39.21 39.103 39.003 39.005 38.94 38.853 38.748 38.645 38.523 38.4 38.29 38.22 38.158 38.095 38.078 38.053 37.998 37.95 37.89 37.848 37.853 37.903 37.96 38.033 38.08 38.173 38.29 38.438 38.598 38.725 38.818 38.878 39.015 39.195 39.33 39.433 39.553 39.643 40.471 39.935 39.765 39.95 40.023 40.105 40.181 40.25 40.355 40.448 40.548 40.673 40.745 40.823 40.973 41.096 41.148 41.273 41.371 41.453 41.505 41.573 41.628 41.701 41.785
40.54 40.41 40.303 40.193 40.073 39.918 39.785 39.673 39.58 39.508 39.408 39.363 39.25 39.125 39.093 39.038 38.965 38.843 38.73 38.645 38.538 38.428 38.33 38.243 38.155 38.103 38.1 38.073 38.015 37.98 37.953 37.898 37.925 38.005 38.033 38.095 38.138 38.235 38.34 38.483 38.608 38.715 38.843 38.98 39.113 39.245 39.39 39.478 39.548 39.553 40.608 40.265 39.718 39.99 40.03 40.103 40.183 40.288 40.358 40.408 40.53 40.663 40.765 40.881 41.043 41.111 41.195 41.3 41.41 41.503 41.523 41.605 41.64 41.721 41.803
40.54 40.463 40.323 40.203 40.065 39.915 39.8 39.698 39.608 39.515 39.46 39.393 39.27 39.173 39.208 39.098 38.985 38.835 38.75 38.683 38.563 38.453 38.368 38.283 38.195 38.14 38.105 38.085 38.02 38.02 37.978 37.975 37.955 38.02 38.065 38.138 38.193 38.28 38.355 38.5 38.578 38.735 38.858 38.97 39.113 39.268 39.395 39.495 39.56 39.573 40.348 40.405 39.675 39.968 40.015 40.105 40.166 40.273 40.353 40.413 40.52 40.59 40.718 40.848 40.986 41.075 41.173 41.308 41.423 41.528 41.578 41.628 41.663 41.736 41.803
40.57 40.473 40.353 40.228 40.075 39.96 39.785 39.723 39.655 39.56 39.483 39.383 39.263 39.255 39.215 39.11 39.02 38.898 38.803 38.698 38.583 38.498 38.408 38.31 38.21 38.173 38.163 38.123 38.083 38.04 38.008 38.023 38.015 38.07 38.1 38.163 38.263 38.318 38.38 38.548 38.67 38.79 38.9 39.023 39.15 39.305 39.41 39.55 39.573 39.603 40.026 40.338 39.721 39.975 40.033 40.093 40.178 40.268 40.348 40.42 40.545 40.628 40.695 40.795 40.885 41.003 41.113 41.238 41.328 41.463 41.576 41.63 41.69 41.748 41.85
40.605 40.488 40.38 40.23 40.083 39.97 39.863 39.775 39.695 39.59 39.505 39.373 39.263 39.255 39.228 39.135 38.993 38.875 38.78 38.698 38.603 38.518 38.408 38.335 38.29 38.225 38.215 38.168 38.123 38.08 38.058 38.06 38.07 38.1 38.16 38.173 38.258 38.32 38.423 38.58 38.72 38.82 38.923 39.028 39.16 39.33 39.445 39.54 39.618 39.623 39.92 40.733 39.855 39.96 40.078 40.151 40.185 40.298 40.405 40.483 40.538 40.668 40.753 40.838 40.905 40.99 41.111 41.215 41.325 41.438 41.541 41.608 41.698 41.778 41.846
40.595 40.498 40.37 40.245 40.128 40.003 39.895 39.793 39.72 39.618 39.515 39.395 39.29 39.295 39.198 39.105 38.978 38.85 38.778 38.683 38.62 38.53 38.448 38.35 38.293 38.265 38.258 38.21 38.173 38.138 38.088 38.08 38.12 38.153 38.213 38.215 38.298 38.375 38.475 38.64 38.745 38.84 38.92 39.04 39.198 39.35 39.5 39.578 39.618 39.615 39.788 40.713 39.963 39.931 40.065 40.151 40.195 40.291 40.401 40.475 40.563 40.675 40.748 40.855 40.925 41.015 41.115 41.238 41.375 41.471 41.518 41.62 41.673 41.736 41.81
40.645 40.525 40.398 40.258 40.113 39.998 39.9 39.803 39.738 39.66 39.548 39.458 39.358 39.333 39.233 39.095 38.94 38.83 38.75 38.67 38.598 38.555 38.45 38.403 38.345 38.325 38.313 38.255 38.223 38.148 38.103 38.105 38.155 38.213 38.233 38.278 38.34 38.445 38.513 38.63 38.745 38.845 38.968 39.103 39.228 39.4 39.528 39.618 39.653 39.633 39.846 40.703 40.068 40.026 40.1 40.158 40.213 40.245 40.346 40.438 40.533 40.625 40.725 40.828 40.916 41.01 41.13 41.288 41.4 41.48 41.543 41.63 41.695 41.76 41.798
40.675 40.535 40.425 40.28 40.14 40.025 39.915 39.848 39.8 39.695 39.608 39.5 39.43 39.393 39.203 39.02 38.938 38.843 38.773 38.698 38.615 38.558 38.47 38.428 38.368 38.345 38.34 38.298 38.245 38.208 38.13 38.143 38.2 38.26 38.275 38.315 38.398 38.445 38.538 38.65 38.768 38.878 38.988 39.105 39.265 39.41 39.535 39.618 39.67 39.678 40.133 40.903 39.85 40.035 40.125 40.203 40.213 40.288 40.373 40.443 40.533 40.59 40.706 40.8 40.868 40.975 41.1 41.213 41.323 41.441 41.486 41.578 41.67 41.763 41.838
40.665 40.543 40.43 40.3 40.165 40.1 39.968 39.873 39.823 39.733 39.63 39.54 39.805 39.64 39.345 39.123 38.84 38.813 38.793 38.695 38.62 38.588 38.495 38.455 38.42 38.37 38.385 38.35 38.29 38.235 38.16 38.16 38.245 38.285 38.323 38.36 38.435 38.533 38.593 38.665 38.785 38.908 38.978 39.135 39.28 39.428 39.533 39.625 39.68 39.68 40.25 40.535 39.776 40.053 40.166 40.236 40.243 40.328 40.445 40.475 40.556 40.615 40.733 40.838 40.875 40.968 41.1 41.168 41.253 41.368 41.456 41.553 41.628 41.701 41.76
40.653 40.553 40.438 40.308 40.208 40.108 40.013 39.938 39.873 39.768 39.638 39.573 39.503 39.33 39.25 39.088 38.908 38.845 38.788 38.718 38.655 38.585 38.543 38.475 38.453 38.43 38.4 38.36 38.318 38.288 38.198 38.205 38.258 38.325 38.358 38.388 38.463 38.588 38.608 38.71 38.81 38.9 39.005 39.148 39.265 39.443 39.54 39.63 39.675 39.703 40.418 40.496 39.855 40.081 40.191 40.24 40.233 40.298 40.401 40.523 40.598 40.701 40.783 40.858 40.91 41.028 41.125 41.198 41.283 41.358 41.44 41.535 41.623 41.681 41.748
40.69 40.565 40.455 40.35 40.233 40.138 40.073 39.978 39.903 39.798 39.673 39.625 39.528 39.36 39.21 39.063 38.935 38.863 38.793 38.74 38.69 38.6 38.585 38.53 38.488 38.48 38.43 38.413 38.373 38.3 38.235 38.253 38.285 38.37 38.428 38.433 38.49 38.62 38.673 38.753 38.835 38.89 39.008 39.155 39.273 39.41 39.56 39.648 39.693 39.72 40.181 40.73 39.901 40.111 40.181 40.228 40.253 40.308 40.418 40.515 40.608 40.69 40.768 40.84 40.908 41.015 41.123 41.24 41.291 41.353 41.473 41.558 41.613 41.673 41.748
40.77 40.603 40.485 40.383 40.268 40.185 40.118 40.02 39.958 39.855 39.713 39.62 39.498 39.385 39.248 39.095 38.998 38.888 38.82 38.773 38.718 38.668 38.62 38.555 38.55 38.528 38.468 38.453 38.423 38.32 38.288 38.313 38.378 38.413 38.463 38.503 38.528 38.608 38.683 38.795 38.89 38.925 39.035 39.16 39.298 39.395 39.535 39.63 39.678 39.695 40.083 40.668 39.99 40.116 40.17 40.195 40.283 40.303 40.418 40.52 40.628 40.683 40.718 40.853 40.901 41.01 41.088 41.21 41.285 41.373 41.458 41.543 41.648 41.693 41.78
40.778 40.67 40.543 40.453 40.335 40.268 40.188 40.085 40.02 39.873 39.755 39.708 39.595 39.478 39.295 39.138 39.02 38.913 38.863 38.82 38.76 38.688 38.643 38.565 38.575 38.535 38.495 38.478 38.47 38.383 38.333 38.348 38.43 38.43 38.485 38.515 38.568 38.633 38.718 38.798 38.87 38.94 39.038 39.135 39.293 39.388 39.555 39.635 39.685 39.79 40.375 40.096 39.971 40.151 40.168 40.228 40.275 40.34 40.433 40.553 40.618 40.698 40.785 40.84 40.916 41.006 41.103 41.166 41.25 41.363 41.46 41.543 41.611 41.7 41.776
40.81 40.698 40.583 40.463 40.365 40.285 40.238 40.153 40.028 39.915 39.78 39.718 39.55 39.458 39.3 39.153 39.023 38.943 38.91 38.84 38.745 38.695 38.625 38.625 38.6 38.58 38.563 38.518 38.523 38.473 38.428 38.45 38.493 38.515 38.523 38.58 38.605 38.678 38.755 38.825 38.895 38.963 39.055 39.155 39.273 39.4 39.548 39.638 39.71 39.858 40.736 39.971 40.045 40.175 40.175 40.243 40.333 40.393 40.5 40.6 40.698 40.783 40.833 40.91 40.986 41.083 41.155 41.218 41.295 41.381 41.445 41.545 41.615 41.698 41.826
40.835 40.723 40.613 40.498 40.418 40.323 40.263 40.163 40.083 39.933 39.818 39.72 39.653 39.44 39.318 39.183 39.088 38.988 38.918 38.89 38.783 38.718 38.665 38.663 38.628 38.603 38.578 38.598 38.54 38.54 38.508 38.52 38.538 38.563 38.563 38.61 38.66 38.735 38.78 38.853 38.915 39 39.08 39.175 39.278 39.44 39.583 39.66 39.71 39.838 40.861 40.188 40.053 40.17 40.201 40.258 40.363 40.435 40.511 40.618 40.695 40.798 40.846 40.963 41.05 41.13 41.225 41.276 41.34 41.443 41.5 41.568 41.648 41.738 41.878
40.85 40.745 40.633 40.523 40.45 40.365 40.323 40.208 40.103 39.935 39.825 39.703 39.618 39.45 39.345 39.238 39.103 39.01 38.97 38.89 38.833 38.753 38.703 38.7 38.693 38.645 38.63 38.63 38.59 38.56 38.538 38.58 38.58 38.615 38.63 38.658 38.703 38.775 38.858 38.903 38.925 39.023 39.095 39.2 39.29 39.43 39.585 39.65 39.71 40.163 41.093 40.063 40.158 40.173 40.223 40.276 40.368 40.438 40.526 40.64 40.695 40.758 40.84 40.916 40.998 41.115 41.213 41.32 41.381 41.483 41.568 41.608 41.713 41.82 41.923
