All_lidar/sz5691_DSM_2M.asc
ncols 500
nrows 500
xllcorner    456000
yllcorner    91000
cellsize     2
NODATA_value -9999
[rows 288 to 319 of 500, columns 0 to 71 of 500]
40.92 41.115 41.305 41.478 41.63 41.755 41.91 42.063 42.185 42.295 42.448 42.598 42.768 42.97 43.223 43.47 43.703 43.93 44.138 44.375 44.618 44.863 45.093 45.37 45.603 45.843 46.095 46.278 46.485 46.71 46.925 47.15 47.325 47.493 47.678 47.913 48.058 48.165 48.335 48.478 48.538 48.608 48.718 48.8 48.87 48.92 48.945 48.98 48.948 48.885 48.788 48.675 48.555 48.458 48.383 48.248 48.1 48.038 47.86 47.658 47.568 47.418 47.398 47.348 47.298 47.18 46.64 47.885 47.005 46.095 45.963 45.828
40.94 41.135 41.338 41.505 41.63 41.79 41.955 42.118 42.238 42.343 42.483 42.653 42.843 43.065 43.283 43.508 43.7 43.953 44.15 44.37 44.63 44.843 45.095 45.328 45.613 45.875 46.1 46.293 46.545 46.74 46.985 47.185 47.35 47.56 47.723 47.958 48.103 48.2 48.37 48.508 48.56 48.645 48.765 48.845 48.905 48.935 49.005 48.993 48.948 48.89 48.795 48.685 48.56 48.458 48.375 48.23 48.113 48.01 47.855 47.623 47.5 47.38 47.32 47.288 47.223 47.138 46.635 47.815 47.115 46.04 45.865 45.748
40.988 41.19 41.343 41.523 41.665 41.825 42 42.168 42.308 42.438 42.57 42.728 42.895 43.088 43.303 43.508 43.708 43.945 44.17 44.393 44.64 44.853 45.098 45.358 45.575 45.858 46.115 46.293 46.575 46.783 46.993 47.235 47.403 47.56 47.773 48.02 48.09 48.235 48.445 48.533 48.583 48.733 48.813 48.88 48.94 49.013 49.035 48.988 48.955 48.875 48.76 48.635 48.555 48.483 48.333 48.225 48.123 48 47.795 47.605 47.468 47.34 47.273 47.27 47.173 47.065 46.658 47.658 47.333 45.923 45.775 45.638
40.978 41.163 41.355 41.51 41.678 41.918 42.06 42.235 42.35 42.513 42.625 42.773 42.923 43.1 43.278 43.488 43.748 43.948 44.153 44.395 44.628 44.878 45.095 45.363 45.585 45.833 46.113 46.348 46.59 46.83 47.018 47.23 47.45 47.593 47.843 48.04 48.138 48.273 48.425 48.543 48.625 48.778 48.848 48.918 48.978 49.035 49.038 49.008 48.96 48.873 48.73 48.633 48.55 48.458 48.338 48.193 48.103 47.955 47.713 47.573 47.433 47.298 47.228 47.238 47.148 47.02 46.638 47.34 47.565 45.863 45.693 45.59
40.995 41.168 41.365 41.548 41.748 41.948 42.123 42.29 42.44 42.57 42.68 42.818 42.95 43.14 43.3 43.518 43.748 43.95 44.155 44.39 44.63 44.883 45.108 45.375 45.588 45.883 46.143 46.365 46.595 46.835 47.07 47.27 47.453 47.635 47.878 48.06 48.155 48.318 48.463 48.595 48.71 48.815 48.903 48.945 49 49.045 49.068 49.018 48.943 48.878 48.75 48.648 48.57 48.465 48.31 48.188 48.085 47.898 47.703 47.51 47.35 47.273 47.198 47.128 47.04 46.97 46.585 47.2 47.643 45.785 45.603 45.48
40.975 41.163 41.355 41.558 41.775 41.95 42.153 42.34 42.48 42.58 42.718 42.87 42.993 43.175 43.315 43.515 43.7 43.955 44.15 44.413 44.643 44.883 45.163 45.393 45.633 45.895 46.178 46.413 46.655 46.913 47.09 47.285 47.498 47.705 47.94 48.053 48.225 48.383 48.495 48.628 48.75 48.853 48.935 48.99 49.05 49.073 49.055 49.035 48.95 48.83 48.72 48.643 48.548 48.435 48.333 48.193 48.043 47.908 47.69 47.478 47.348 47.2 47.12 47.065 46.978 46.903 46.585 47.158 47.598 45.713 45.528 45.398
41.003 41.213 41.38 41.585 41.76 41.943 42.15 42.36 42.493 42.615 42.735 42.86 43.018 43.155 43.343 43.52 43.743 43.91 44.16 44.405 44.648 44.928 45.175 45.413 45.675 45.96 46.213 46.43 46.688 46.933 47.155 47.358 47.538 47.778 48 48.128 48.283 48.445 48.58 48.715 48.813 48.903 49.008 49.053 49.085 49.123 49.075 49.04 48.96 48.845 48.738 48.67 48.558 48.42 48.298 48.195 48.025 47.868 47.683 47.47 47.305 47.163 47.068 47.013 46.94 46.865 46.538 46.753 47.403 45.63 45.455 45.33
40.988 41.198 41.4 41.588 41.785 41.975 42.21 42.388 42.513 42.655 42.728 42.888 43.045 43.183 43.345 43.52 43.733 43.935 44.178 44.438 44.703 44.945 45.198 45.413 45.7 45.998 46.243 46.488 46.72 46.973 47.173 47.423 47.585 47.838 48.048 48.153 48.36 48.523 48.648 48.765 48.868 48.925 49.023 49.095 49.135 49.168 49.095 49.065 48.978 48.86 48.758 48.668 48.56 48.408 48.295 48.153 47.995 47.823 47.67 47.413 47.225 47.14 47.03 46.978 46.888 46.8 46.513 46.618 47.385 45.6 45.368 45.255
41 41.205 41.405 41.578 41.773 42.02 42.213 42.37 42.515 42.643 42.785 42.898 43.035 43.195 43.318 43.483 43.7 43.94 44.168 44.44 44.7 44.96 45.2 45.463 45.725 46.03 46.25 46.54 46.77 47.02 47.268 47.443 47.688 47.913 48.038 48.248 48.38 48.573 48.718 48.795 48.888 48.975 49.068 49.125 49.205 49.198 49.155 49.088 48.963 48.86 48.783 48.653 48.538 48.405 48.28 48.133 47.973 47.793 47.628 47.393 47.18 47.068 46.965 46.895 46.838 46.733 46.49 46.69 47.458 45.51 45.265 45.185
41.015 41.233 41.42 41.58 41.82 42.038 42.228 42.4 42.523 42.68 42.82 42.928 43.085 43.205 43.373 43.515 43.708 43.928 44.18 44.428 44.72 44.99 45.235 45.485 45.773 46.068 46.298 46.59 46.833 47.093 47.315 47.528 47.743 47.945 48.103 48.283 48.44 48.608 48.745 48.875 48.955 49.038 49.1 49.203 49.223 49.208 49.16 49.075 48.96 48.868 48.785 48.66 48.518 48.37 48.28 48.143 47.985 47.778 47.6 47.363 47.165 47.05 46.93 46.838 46.743 46.655 46.48 46.358 47.163 45.508 45.213 45.1
41.04 41.245 41.43 41.63 41.843 42.07 42.253 42.44 42.54 42.7 42.853 42.978 43.098 43.268 43.408 43.56 43.755 44.003 44.25 44.52 44.763 45.04 45.273 45.565 45.828 46.108 46.35 46.618 46.89 47.123 47.343 47.588 47.815 47.983 48.145 48.33 48.51 48.665 48.803 48.845 49.013 49.083 49.173 49.258 49.24 49.228 49.19 49.103 48.955 48.855 48.773 48.655 48.523 48.403 48.273 48.14 47.943 47.775 47.558 47.3 47.128 46.975 46.873 46.803 46.708 46.603 46.435 46.275 47.14 45.423 45.15 45.05
41.083 41.263 41.443 41.653 41.878 42.083 42.255 42.433 42.578 42.753 42.878 43.03 43.158 43.318 43.475 43.658 43.85 44.075 44.298 44.593 44.813 45.075 45.335 45.62 45.9 46.163 46.425 46.688 46.915 47.15 47.385 47.63 47.855 48.045 48.203 48.395 48.563 48.725 48.878 48.943 49.038 49.128 49.193 49.278 49.27 49.235 49.205 49.078 48.945 48.85 48.76 48.683 48.533 48.398 48.273 48.123 47.918 47.74 47.533 47.283 47.093 46.943 46.803 46.758 46.653 46.523 46.398 46.018 46.993 45.413 45.068 44.963
41.075 41.285 41.468 41.67 41.905 42.095 42.285 42.465 42.623 42.773 42.928 43.095 43.225 43.4 43.565 43.698 43.918 44.145 44.39 44.66 44.94 45.14 45.438 45.735 45.958 46.213 46.478 46.745 46.995 47.21 47.433 47.705 47.87 48.05 48.238 48.428 48.593 48.765 48.908 48.985 49.095 49.168 49.238 49.28 49.28 49.268 49.17 49.053 48.935 48.88 48.783 48.68 48.53 48.403 48.248 48.1 47.885 47.695 47.508 47.265 47.043 46.91 46.773 46.72 46.625 46.503 46.355 45.755 46.988 45.538 45.018 44.92
41.063 41.28 41.49 41.693 41.915 42.115 42.32 42.503 42.675 42.818 43 43.133 43.288 43.458 43.668 43.83 44.028 44.235 44.493 44.775 45.013 45.235 45.453 45.785 46.053 46.26 46.538 46.813 47.053 47.265 47.503 47.763 47.928 48.105 48.293 48.503 48.665 48.805 48.94 49.015 49.14 49.208 49.305 49.353 49.32 49.26 49.165 49.088 48.963 48.863 48.763 48.665 48.513 48.385 48.245 48.038 47.878 47.683 47.46 47.208 47.018 46.875 46.755 46.655 46.593 46.48 46.315 45.925 46.818 45.84 44.953 44.843
41.07 41.27 41.473 41.675 41.915 42.13 42.323 42.523 42.69 42.863 43.065 43.195 43.378 43.553 43.69 43.898 44.108 44.333 44.588 44.845 45.068 45.33 45.565 45.833 46.138 46.35 46.61 46.865 47.088 47.293 47.58 47.848 47.963 48.175 48.375 48.568 48.73 48.838 48.95 49.108 49.153 49.253 49.333 49.368 49.333 49.298 49.188 49.078 48.975 48.875 48.778 48.638 48.518 48.393 48.213 48.048 47.868 47.625 47.415 47.16 46.973 46.833 46.72 46.603 46.528 46.433 46.295 45.638 46.855 45.97 44.91 44.793
41.083 41.245 41.48 41.695 41.92 42.115 42.34 42.545 42.723 42.908 43.08 43.245 43.413 43.59 43.768 43.963 44.205 44.403 44.665 44.903 45.14 45.41 45.695 45.91 46.193 46.385 46.645 46.908 47.145 47.355 47.653 47.868 48.028 48.23 48.423 48.623 48.753 48.905 49.028 49.148 49.215 49.308 49.38 49.358 49.37 49.293 49.203 49.105 48.97 48.883 48.78 48.638 48.488 48.358 48.19 48.003 47.818 47.595 47.355 47.133 46.953 46.795 46.68 46.568 46.5 46.41 46.295 45.623 46.495 45.83 44.87 44.748
41.078 41.26 41.49 41.708 41.913 42.138 42.398 42.598 42.763 42.97 43.143 43.275 43.493 43.64 43.855 44.045 44.225 44.468 44.758 44.985 45.233 45.47 45.715 45.96 46.213 46.43 46.718 46.943 47.18 47.42 47.705 47.903 48.098 48.27 48.465 48.68 48.795 48.983 49.103 49.2 49.25 49.35 49.403 49.425 49.368 49.305 49.16 49.075 49.005 48.878 48.78 48.613 48.485 48.35 48.178 47.978 47.8 47.545 47.355 47.118 46.918 46.75 46.633 46.533 46.438 46.345 46.238 45.545 46.655 46.005 44.805 44.69
41.068 41.285 41.485 41.718 41.945 42.143 42.393 42.59 42.79 42.963 43.15 43.343 43.548 43.68 43.875 44.115 44.32 44.513 44.78 45.058 45.263 45.543 45.765 46.033 46.243 46.483 46.73 46.975 47.223 47.5 47.76 47.95 48.13 48.34 48.55 48.705 48.868 49.013 49.133 49.248 49.335 49.4 49.403 49.41 49.333 49.27 49.153 49.045 49.01 48.895 48.763 48.588 48.498 48.353 48.158 47.98 47.785 47.533 47.305 47.08 46.888 46.718 46.585 46.5 46.428 46.313 46.213 45.505 46.883 46.328 44.783 44.648
41.06 41.273 41.508 41.71 41.918 42.178 42.4 42.575 42.805 42.955 43.15 43.33 43.508 43.688 43.915 44.145 44.365 44.595 44.86 45.1 45.33 45.573 45.823 46.053 46.293 46.533 46.8 47.043 47.278 47.568 47.795 47.985 48.2 48.393 48.595 48.738 48.895 49.053 49.19 49.27 49.365 49.41 49.405 49.445 49.338 49.278 49.13 49.048 48.993 48.865 48.753 48.593 48.463 48.305 48.138 47.94 47.748 47.523 47.28 47.043 46.828 46.675 46.56 46.438 46.378 46.278 46.19 45.51 46.975 46.49 44.725 44.605
41.058 41.285 41.51 41.74 41.958 42.195 42.4 42.583 42.793 42.978 43.128 43.323 43.54 43.758 43.998 44.178 44.418 44.663 44.938 45.11 45.365 45.625 45.853 46.088 46.338 46.565 46.82 47.098 47.333 47.608 47.815 48.013 48.223 48.458 48.638 48.823 48.92 49.083 49.21 49.295 49.415 49.45 49.415 49.4 49.333 49.208 49.113 49.03 48.983 48.85 48.705 48.593 48.453 48.285 48.13 47.92 47.675 47.47 47.278 47.023 46.798 46.648 46.503 46.395 46.325 46.218 46.108 45.493 46.403 46.285 44.713 44.565
41.053 41.295 41.495 41.745 41.958 42.175 42.398 42.56 42.823 42.968 43.163 43.358 43.575 43.78 43.998 44.2 44.445 44.713 44.955 45.155 45.42 45.665 45.925 46.125 46.36 46.63 46.885 47.115 47.395 47.665 47.863 48.048 48.28 48.503 48.688 48.845 48.96 49.125 49.24 49.335 49.435 49.435 49.445 49.405 49.288 49.173 49.12 49.028 48.943 48.803 48.668 48.543 48.423 48.28 48.085 47.865 47.673 47.46 47.245 46.99 46.768 46.603 46.468 46.338 46.308 46.183 46.043 45.468 46.41 46.413 44.663 44.505
41.075 41.315 41.505 41.728 41.95 42.14 42.395 42.56 42.793 42.965 43.13 43.315 43.58 43.79 43.993 44.228 44.48 44.738 44.945 45.185 45.435 45.653 45.918 46.158 46.385 46.713 46.893 47.16 47.455 47.698 47.885 48.108 48.328 48.508 48.723 48.885 48.998 49.14 49.253 49.328 49.418 49.435 49.398 49.34 49.278 49.168 49.088 49.035 48.898 48.793 48.645 48.53 48.39 48.245 48.058 47.835 47.603 47.428 47.218 46.94 46.725 46.55 46.43 46.27 46.225 46.13 46.01 45.44 46.273 46.548 44.628 44.47
41.098 41.303 41.523 41.735 41.953 42.118 42.365 42.605 42.785 42.968 43.123 43.348 43.565 43.773 44.035 44.235 44.49 44.743 44.978 45.18 45.433 45.695 45.958 46.145 46.428 46.75 46.945 47.205 47.51 47.71 47.923 48.15 48.398 48.578 48.715 48.92 49.018 49.155 49.248 49.37 49.415 49.43 49.388 49.29 49.22 49.143 49.085 49.01 48.903 48.75 48.633 48.508 48.345 48.17 48.003 47.795 47.548 47.323 47.135 46.925 46.7 46.518 46.368 46.228 46.15 46.078 45.963 45.433 45.78 46.18 44.59 44.41
41.078 41.325 41.543 41.748 41.938 42.148 42.375 42.625 42.793 42.968 43.115 43.348 43.553 43.813 44.05 44.28 44.535 44.78 44.965 45.21 45.45 45.745 45.973 46.185 46.473 46.77 46.96 47.255 47.53 47.753 47.955 48.18 48.418 48.605 48.743 48.915 49.02 49.145 49.248 49.358 49.398 49.393 49.36 49.275 49.18 49.125 49.06 48.97 48.845 48.713 48.635 48.483 48.328 48.135 47.935 47.73 47.51 47.298 47.1 46.883 46.63 46.438 46.348 46.185 46.108 46.038 45.935 45.475 45.793 46.005 44.538 44.348
41.135 41.335 41.568 41.775 41.955 42.135 42.358 42.598 42.755 42.97 43.153 43.373 43.6 43.805 44.053 44.298 44.513 44.775 44.985 45.27 45.5 45.738 45.965 46.215 46.543 46.778 46.985 47.295 47.555 47.783 48.01 48.228 48.455 48.615 48.738 48.93 49.04 49.138 49.268 49.343 49.375 49.345 49.34 49.245 49.15 49.083 49.008 48.948 48.823 48.658 48.55 48.405 48.253 48.07 47.875 47.663 47.435 47.253 47.045 46.81 46.573 46.38 46.278 46.11 46.065 45.978 45.895 45.435 45.36 45.445 44.52 44.32
41.162 41.343 41.583 41.77 41.945 42.098 42.345 42.595 42.763 42.938 43.165 43.353 43.608 43.81 44.023 44.29 44.563 44.768 45.03 45.288 45.533 45.753 45.98 46.26 46.588 46.81 47.055 47.385 47.593 47.833 48.03 48.255 48.47 48.63 48.795 48.888 49.025 49.128 49.295 49.37 49.353 49.318 49.298 49.265 49.115 49.05 48.975 48.89 48.773 48.655 48.535 48.358 48.19 48.018 47.818 47.613 47.408 47.21 47.01 46.77 46.535 46.368 46.198 46.055 46.01 45.92 45.818 45.425 45.645 45.57 44.43 44.27
41.201 41.375 41.57 41.75 41.963 42.13 42.36 42.53 42.745 42.925 43.16 43.328 43.578 43.82 44.038 44.328 44.588 44.793 45.053 45.325 45.57 45.795 46.03 46.323 46.61 46.853 47.103 47.398 47.655 47.838 48.068 48.325 48.498 48.643 48.82 48.93 49.063 49.18 49.273 49.355 49.373 49.313 49.253 49.188 49.1 49.015 48.93 48.82 48.7 48.575 48.475 48.32 48.14 47.983 47.748 47.558 47.358 47.175 46.963 46.733 46.488 46.275 46.163 45.993 45.945 45.85 45.77 45.36 45.483 45.535 44.385 44.195
41.178 41.375 41.585 41.765 41.94 42.098 42.343 42.54 42.72 42.925 43.178 43.34 43.585 43.828 44.058 44.328 44.598 44.835 45.08 45.335 45.575 45.853 46.06 46.44 46.628 46.873 47.185 47.46 47.665 47.878 48.113 48.358 48.538 48.655 48.808 48.958 49.09 49.193 49.308 49.343 49.328 49.26 49.208 49.14 49.053 49.04 48.908 48.8 48.715 48.57 48.438 48.268 48.103 47.9 47.693 47.48 47.28 47.1 46.888 46.678 46.428 46.228 46.09 45.923 45.905 45.783 45.695 45.41 45.393 45.538 44.35 44.15
41.244 41.425 41.62 41.763 41.955 42.165 42.358 42.53 42.723 42.958 43.18 43.375 43.605 43.863 44.115 44.383 44.64 44.895 45.13 45.423 45.66 45.88 46.125 46.44 46.685 46.943 47.258 47.493 47.718 47.92 48.145 48.395 48.545 48.72 48.838 48.96 49.12 49.243 49.298 49.308 49.298 49.215 49.18 49.105 49.02 48.968 48.833 48.77 48.645 48.493 48.375 48.195 48.048 47.865 47.615 47.455 47.25 47.02 46.788 46.585 46.368 46.188 46.058 45.925 45.83 45.738 45.635 45.38 44.92 45.76 44.323 44.043
41.28 41.479 41.648 41.808 41.988 42.213 42.398 42.565 42.733 42.993 43.175 43.403 43.633 43.898 44.15 44.4 44.675 44.923 45.153 45.463 45.673 45.905 46.195 46.485 46.72 47.01 47.295 47.52 47.715 47.973 48.203 48.413 48.55 48.723 48.868 48.983 49.115 49.223 49.295 49.275 49.28 49.205 49.095 49.055 48.99 48.895 48.795 48.708 48.585 48.46 48.308 48.138 47.995 47.778 47.54 47.37 47.178 46.95 46.758 46.535 46.318 46.128 45.995 45.833 45.75 45.693 45.593 45.31 44.855 45.94 44.283 43.978
41.39 41.561 41.728 41.875 42.06 42.245 42.405 42.618 42.815 43.023 43.198 43.408 43.69 43.903 44.21 44.49 44.73 44.98 45.215 45.465 45.713 45.94 46.205 46.528 46.773 47.078 47.363 47.578 47.783 48.028 48.248 48.44 48.595 48.773 48.873 49.01 49.128 49.233 49.258 49.275 49.215 49.138 49.065 49.008 48.943 48.838 48.73 48.648 48.53 48.388 48.25 48.11 47.928 47.71 47.475 47.315 47.12 46.908 46.693 46.495 46.258 46.065 45.958 45.793 45.695 45.638 45.55 45.34 44.755 45.735 44.29 43.92
41.433 41.626 41.758 41.948 42.133 42.278 42.45 42.653 42.813 43.048 43.26 43.493 43.755 44.023 44.285 44.525 44.795 45.033 45.295 45.5 45.74 46.02 46.293 46.543 46.825 47.135 47.365 47.603 47.838 48.06 48.29 48.455 48.658 48.783 48.895 49 49.128 49.238 49.23 49.238 49.155 49.108 49.038 48.965 48.903 48.763 48.668 48.59 48.48 48.363 48.198 48.04 47.843 47.64 47.405 47.235 47.048 46.83 46.655 46.445 46.188 46.03 45.9 45.75 45.63 45.603 45.5 45.293 44.8 45.55 44.273 43.87
