All_lidar/sz5686_DSM_2M.asc
ncols 500
nrows 500
xllcorner    456000
yllcorner    86000
cellsize     2
NODATA_value -9999
[rows 32 to 63 of 500, columns 216 to 287 of 500]
60.681 60.606 62.066 61.784 60.219 60.264 59.971 59.521 59.254 59.109 58.786 58.566 58.199 57.914 57.804 57.466 62.011 57.131 56.189 56.399 55.314 56.914 55.041 55.521 55.529 53.576 53.294 53.494 53.356 53.209 55.299 55.001 52.291 51.911 51.271 51.314 50.374 50.099 52.016 50.546 49.054 48.749 48.309 47.669 46.981 46.821 47.214 45.499 45.124 44.481 43.721 42.904 42.174 41.409 40.284 39.576 39.104 38.546 37.841 36.971 36.279 35.336 34.359 33.501 32.716 32.014 31.504 30.796 30.091 29.441 28.834 28.161
61.506 61.246 61.341 60.736 60.389 59.996 60.004 59.829 59.459 59.476 59.094 58.706 58.416 58.221 57.909 57.496 57.309 57.591 55.991 56.086 55.561 55.409 55.056 54.981 54.256 53.814 53.744 53.941 53.641 53.389 53.044 58.246 53.739 54.419 51.699 52.004 50.589 50.074 50.719 49.896 48.881 48.796 48.406 47.904 47.364 47.021 47.809 46.036 45.079 44.284 43.334 42.556 41.821 41.281 40.269 39.574 38.981 38.424 37.376 36.759 36.271 35.101 34.111 33.229 32.539 31.911 31.364 30.581 29.936 29.339 28.711 28.094
61.756 61.241 60.924 60.659 61.386 60.194 60.069 59.924 59.664 59.506 59.319 58.841 58.649 58.414 57.749 57.224 57.474 57.859 62.326 63.449 58.449 60.894 55.184 55.409 54.476 54.556 54.286 54.086 53.836 56.409 54.539 52.679 52.359 52.621 51.496 51.029 50.549 50.156 50.031 49.174 48.669 48.371 47.976 47.781 47.501 46.531 45.674 45.069 44.974 45.266 43.821 42.546 41.694 40.609 39.951 39.391 38.849 39.839 39.139 36.439 35.911 34.966 33.871 33.069 32.404 31.766 31.206 30.459 29.814 29.269 28.624 27.986
61.641 61.576 61.476 60.821 60.896 60.469 60.136 60.056 59.856 59.654 59.454 58.994 58.771 58.501 57.821 57.109 57.034 57.439 63.916 66.116 67.489 58.369 55.444 56.664 55.479 54.886 54.596 54.296 53.899 57.714 55.294 52.739 52.696 53.211 52.139 50.856 50.346 49.956 49.549 49.116 48.716 48.369 47.799 48.061 47.334 46.746 45.851 45.261 45.199 44.989 43.856 42.309 41.319 40.329 39.886 39.101 38.421 41.361 38.091 38.074 35.754 34.741 33.711 32.964 32.274 31.594 31.034 30.356 29.726 29.136 28.529 27.964
61.601 61.421 61.314 61.059 60.819 60.569 60.321 60.146 59.856 59.646 59.496 59.071 59.336 58.509 58.011 57.836 57.691 57.381 57.626 56.951 56.666 56.231 55.876 56.356 55.391 55.041 56.776 54.409 54.471 55.294 56.786 56.996 54.566 52.351 52.024 51.254 50.244 49.861 49.511 49.294 48.599 48.069 47.886 47.949 47.091 45.759 45.579 44.756 44.756 44.026 42.771 43.259 41.069 41.194 39.799 39.071 39.054 39.636 38.931 37.576 38.164 34.626 33.484 32.816 32.106 31.461 30.876 30.284 29.594 29.051 28.484 27.839
61.644 61.524 61.289 61.099 60.876 60.579 60.346 60.099 59.859 60.061 59.366 59.174 59.006 58.709 58.471 60.511 63.614 57.994 57.306 57.039 57.446 56.359 56.104 55.726 55.574 60.451 56.991 54.599 54.059 54.081 53.384 53.489 53.786 55.641 53.981 51.844 50.199 49.754 50.376 49.749 51.364 49.099 47.544 47.354 46.689 45.724 45.239 44.899 44.364 43.494 42.566 41.801 42.401 40.771 39.879 39.359 37.999 37.604 37.411 36.111 35.246 34.309 33.294 32.661 32.004 31.331 30.729 30.176 29.514 29.004 28.446 27.814
62.054 62.001 61.731 61.114 60.826 60.624 60.384 60.234 60.031 59.859 59.511 59.289 59.106 58.779 58.491 62.426 66.234 58.106 57.436 57.006 56.736 56.459 56.129 55.851 55.459 57.769 54.829 54.154 53.639 53.809 57.079 53.981 52.681 54.374 51.049 51.411 50.166 50.306 49.686 49.029 50.229 49.681 47.181 46.834 46.906 45.576 44.931 44.651 44.136 43.271 42.299 41.609 40.596 39.814 39.359 38.584 37.819 37.331 36.596 35.881 35.431 34.174 33.116 32.514 31.886 31.211 30.611 30.064 29.491 28.911 28.391 27.776
62.621 63.686 61.359 61.159 61.019 60.979 60.616 60.379 60.204 59.886 59.539 59.184 58.999 58.746 63.936 58.224 58.056 57.476 57.139 56.851 56.591 56.401 56.329 55.874 55.061 55.884 56.931 53.934 53.626 54.524 53.011 53.651 52.061 51.589 50.966 50.564 51.104 51.299 50.286 49.676 49.111 49.681 47.386 46.594 47.931 47.464 45.571 45.036 44.309 42.901 42.094 41.384 40.381 39.716 41.701 38.436 37.724 37.036 36.586 36.151 34.969 33.851 32.854 32.334 31.769 31.079 30.534 30.049 29.474 28.929 28.369 27.751
61.784 61.716 61.531 61.464 61.004 60.876 60.599 60.344 60.531 60.739 59.639 59.036 58.736 58.524 60.956 58.121 57.951 57.271 56.976 56.711 56.409 56.151 55.904 55.149 54.786 54.571 56.696 53.984 53.691 53.851 53.079 52.834 52.119 51.539 51.004 50.559 50.271 50.726 50.016 49.316 48.381 47.989 47.484 47.956 51.919 47.656 45.909 44.679 43.684 42.611 41.891 41.076 40.259 43.459 43.526 38.474 37.641 38.266 36.184 36.664 34.381 33.514 32.691 32.174 31.651 31.044 30.501 30.011 29.419 28.886 28.334 27.761
61.959 61.959 61.749 61.011 60.794 60.571 60.259 59.816 59.351 60.746 58.116 57.824 57.779 57.941 57.926 57.729 57.509 57.109 56.809 56.589 56.129 55.606 55.296 55.051 54.769 54.501 54.254 53.969 53.739 53.759 53.021 52.909 52.274 51.521 51.009 50.471 49.941 49.601 48.816 48.564 48.329 48.111 46.891 46.964 45.866 45.619 46.226 44.064 43.186 42.384 43.016 40.701 39.869 39.409 40.211 37.914 38.394 36.866 37.266 35.129 34.084 33.199 32.501 32.081 31.544 30.989 30.474 29.959 29.401 28.844 28.326 27.736
61.526 61.314 61.064 61.581 60.326 60.121 59.884 59.089 58.294 57.994 57.381 57.719 57.616 57.536 57.346 57.586 57.434 57.344 56.756 56.119 55.736 55.484 55.304 54.959 54.766 54.884 54.256 53.919 53.631 53.334 52.996 52.691 52.094 51.479 50.949 50.309 49.761 49.216 48.764 48.176 47.961 47.441 46.614 45.686 47.649 46.449 45.011 43.851 42.919 42.141 43.536 41.634 39.581 39.176 39.761 38.459 37.009 36.951 39.499 36.796 33.776 32.991 32.401 31.909 31.436 30.899 30.409 29.944 29.409 28.849 28.316 27.759
61.304 61.011 60.689 60.301 59.821 59.506 59.094 58.924 58.226 57.284 56.901 56.589 56.899 57.914 57.084 57.354 57.166 56.616 56.209 55.924 55.726 55.546 55.841 54.981 55.146 54.471 54.146 53.899 53.569 53.229 52.829 52.406 51.911 51.324 50.639 50.219 49.831 49.996 50.171 49.124 47.444 47.051 46.344 46.239 46.126 45.249 45.376 43.494 42.641 41.841 40.984 39.899 39.406 38.784 38.031 37.364 36.899 36.509 37.454 37.009 35.354 33.266 32.011 31.756 31.311 30.826 30.359 29.904 29.406 28.869 28.361 27.799
60.921 60.811 60.181 59.904 59.501 59.264 59.011 58.776 58.174 57.121 56.756 56.464 56.426 56.436 56.676 56.931 56.744 56.984 56.204 56.176 55.706 55.419 55.689 55.044 54.769 54.476 54.044 53.771 53.489 53.136 52.749 52.301 52.096 51.371 51.239 51.309 51.721 49.104 50.021 51.441 47.411 47.074 46.396 48.454 47.716 47.314 44.671 43.356 42.399 41.376 40.396 39.674 38.999 38.141 37.556 36.584 38.679 40.529 37.439 35.899 35.679 33.609 31.714 31.459 31.216 30.764 30.346 29.884 29.459 28.909 28.426 27.891
60.566 60.276 60.786 59.726 60.466 59.486 59.811 59.146 58.574 57.679 56.989 56.506 56.481 56.419 56.301 56.559 56.331 56.274 56.021 55.699 55.484 55.399 54.991 54.636 54.401 54.179 53.924 53.654 53.331 53.016 52.609 52.199 52.031 51.564 51.204 50.589 51.414 49.074 49.874 49.534 48.261 46.924 47.431 45.386 44.614 45.794 44.796 42.799 41.819 40.971 40.076 39.389 38.304 37.151 36.734 37.301 37.491 35.121 34.866 38.146 33.381 33.939 31.414 31.219 31.031 30.696 30.316 29.904 29.481 28.986 28.489 27.986
60.464 60.614 60.066 60.114 59.796 59.479 59.269 58.946 58.506 57.944 57.179 56.594 56.464 56.309 56.136 56.454 56.304 55.824 55.779 55.999 55.266 55.064 54.779 54.551 54.296 54.009 54.454 53.489 53.181 52.871 52.491 52.019 51.856 51.151 51.526 49.966 49.261 49.634 51.064 49.479 49.356 49.046 48.909 46.314 44.569 44.384 43.509 42.494 41.366 40.474 39.894 38.771 40.319 36.649 35.339 36.829 35.236 33.134 32.894 32.469 32.451 31.484 31.321 31.076 30.891 30.666 30.279 29.906 29.526 29.051 28.566 28.086
60.106 59.954 59.661 59.631 59.159 59.276 58.656 58.291 57.974 57.331 56.664 56.396 56.376 56.244 55.994 55.949 56.569 55.496 55.851 57.494 55.199 57.061 55.996 55.364 54.126 54.016 54.064 53.351 53.021 52.701 52.251 52.021 51.514 50.531 49.971 49.244 50.344 50.996 51.426 50.066 50.481 48.951 48.016 47.959 47.421 45.999 43.056 42.021 41.026 40.486 41.129 38.934 40.729 39.214 37.359 33.949 33.144 32.299 31.866 31.559 31.364 31.381 31.104 30.929 30.821 30.624 30.271 29.921 29.549 29.131 28.641 28.144
59.479 59.401 59.086 58.809 58.604 58.726 57.976 57.551 57.354 56.621 56.354 56.266 56.286 55.989 55.946 56.139 56.024 55.226 55.106 56.101 56.059 54.731 54.629 57.696 59.411 57.401 54.789 53.479 52.909 52.549 52.131 51.829 50.681 49.429 48.764 48.736 49.829 49.184 50.004 50.206 50.194 48.379 46.731 46.726 47.139 46.846 43.131 41.661 40.644 40.326 40.029 42.209 44.609 38.216 33.774 33.071 32.419 31.869 31.639 31.771 31.241 31.241 30.986 30.871 30.801 30.601 30.259 29.904 29.569 29.136 28.666 28.221
58.934 58.651 58.429 58.136 57.989 57.554 56.781 56.591 56.376 56.306 56.156 56.149 56.134 56.241 56.789 55.579 55.264 55.044 54.854 54.629 54.804 57.226 57.801 54.096 53.804 54.416 54.001 53.416 52.834 52.286 52.009 51.481 49.769 49.939 51.836 50.031 48.769 48.759 49.556 50.034 48.816 48.414 45.889 45.491 45.401 45.066 48.301 41.276 40.464 40.134 42.799 39.574 39.671 35.916 33.319 32.639 34.229 34.151 31.554 34.511 31.266 31.411 30.974 30.916 30.781 30.534 30.251 29.939 29.594 29.144 28.741 28.314
59.164 57.986 57.216 57.054 57.216 56.801 56.364 56.291 56.254 56.246 56.371 56.266 56.321 56.441 56.426 55.829 55.229 54.856 54.849 54.351 56.551 55.649 58.101 55.864 55.296 53.571 54.901 53.521 53.236 52.151 51.796 50.694 49.316 51.719 52.734 51.861 49.264 48.694 49.269 50.279 50.246 48.019 46.134 45.679 44.966 45.231 48.931 45.584 46.151 42.896 40.609 39.569 35.179 34.076 33.066 34.584 36.236 39.394 37.946 39.346 31.426 31.251 31.034 30.936 30.796 30.526 30.254 29.919 29.571 29.166 28.786 28.401
58.896 59.224 56.934 56.864 56.901 56.806 56.771 56.639 56.279 56.364 56.539 56.174 56.031 55.861 55.721 55.499 55.391 56.194 54.726 54.331 54.401 53.841 54.479 53.371 53.326 55.616 53.544 53.224 53.456 52.441 51.419 49.664 50.354 52.511 52.724 52.354 48.691 48.594 48.911 49.761 50.391 48.021 45.814 44.899 43.964 46.421 45.766 46.269 47.509 40.786 38.071 36.266 34.864 33.691 32.944 36.961 37.176 42.444 38.719 36.409 33.766 31.271 31.116 30.954 30.751 30.484 30.214 29.916 29.579 29.204 28.856 28.454
59.229 59.301 56.964 56.889 56.599 56.424 56.326 55.806 55.691 55.514 55.386 55.264 55.049 54.846 54.656 54.534 54.941 55.649 54.694 54.404 54.141 53.126 52.856 52.679 53.309 54.121 53.324 54.531 54.214 52.916 51.089 49.056 51.346 52.694 52.604 50.271 48.559 49.254 49.729 48.604 47.391 46.789 45.329 44.451 44.151 42.254 45.731 44.154 44.254 41.301 37.726 35.809 34.544 33.714 35.936 37.656 41.521 41.609 42.224 35.494 33.946 31.356 31.124 30.904 30.691 30.459 30.184 29.916 29.581 29.236 28.924 28.531
58.606 57.274 56.256 56.131 56.016 55.861 55.699 55.546 55.386 55.251 55.141 54.954 54.776 54.546 54.311 54.144 53.919 53.709 53.539 54.271 53.204 52.866 53.501 53.786 54.256 53.491 54.774 54.196 53.824 53.479 50.599 50.119 52.491 52.751 52.324 49.099 48.564 49.806 47.724 49.011 47.501 48.216 45.624 44.079 43.031 41.746 41.429 43.399 41.759 43.604 39.586 35.814 34.501 35.529 35.986 35.294 41.594 40.791 39.961 36.526 32.406 31.416 31.071 30.831 30.656 30.424 30.194 29.934 29.604 29.304 28.986 28.659
56.239 56.124 55.979 55.844 55.691 55.581 55.406 55.269 55.101 54.926 54.726 54.581 54.389 54.129 53.971 53.754 53.551 53.334 53.084 52.826 52.531 53.234 54.371 54.514 53.676 52.636 53.401 53.104 53.091 52.051 49.121 50.441 52.699 52.619 51.276 48.494 48.814 49.459 48.074 47.761 48.806 47.796 45.784 43.806 42.406 41.436 41.269 40.291 39.916 43.036 41.716 35.759 34.774 34.431 34.671 34.414 36.416 35.664 39.959 34.361 31.819 31.469 31.104 30.774 30.649 30.426 30.196 29.931 29.631 29.379 29.076 28.734
55.869 55.756 55.621 55.494 55.329 55.214 55.051 54.949 54.741 54.571 54.406 54.236 54.021 53.806 53.581 53.344 53.121 52.884 52.619 52.351 52.126 51.869 52.229 53.059 52.971 52.751 53.614 52.259 52.424 51.441 49.036 48.774 50.149 51.394 49.454 48.604 48.839 49.199 46.926 47.234 47.186 47.006 46.061 43.451 41.986 41.234 41.154 40.106 39.311 39.841 39.624 36.839 35.079 34.574 34.294 33.691 33.631 32.576 32.511 32.234 31.929 31.484 31.101 30.846 30.661 30.411 30.191 29.946 29.719 29.426 29.146 28.776
55.541 55.396 55.274 55.144 55.026 54.889 54.691 54.554 54.421 54.276 54.081 53.871 53.714 53.491 53.264 52.994 52.766 52.476 52.151 51.884 51.686 51.441 51.196 50.984 51.264 51.524 51.769 52.179 51.884 51.404 48.826 48.599 48.706 48.831 48.504 48.366 48.099 47.344 46.751 46.221 46.619 46.676 46.079 43.136 41.669 41.241 40.936 40.066 39.669 41.536 39.681 35.926 35.016 34.364 33.861 33.404 32.934 33.021 32.599 32.354 31.841 31.439 31.094 30.899 30.691 30.431 30.194 30.011 29.766 29.516 29.206 28.841
55.164 55.046 54.939 54.754 54.664 54.606 54.381 54.211 54.021 53.889 53.714 53.494 53.376 53.141 52.924 52.644 52.391 52.094 51.779 51.491 51.246 51.036 50.759 50.474 50.164 49.991 49.831 50.186 50.569 49.234 48.331 48.384 48.959 48.971 48.436 48.121 47.054 46.379 46.884 46.751 45.949 45.874 45.181 43.594 41.656 41.409 40.924 39.799 38.824 37.706 36.881 35.541 34.634 34.106 33.691 33.366 32.886 32.686 32.574 32.084 31.681 31.369 31.131 30.911 30.706 30.456 30.254 30.056 29.866 29.554 29.289 28.931
54.844 54.694 54.611 54.419 54.316 54.206 54.011 53.829 53.666 53.479 53.344 53.121 52.944 52.734 52.516 52.271 51.999 51.709 51.449 51.151 50.831 50.569 50.274 50.009 49.724 49.431 49.114 48.801 48.434 48.141 48.021 48.044 48.294 49.131 49.621 50.401 46.786 46.796 46.784 47.334 46.964 45.206 43.694 42.564 41.799 41.291 40.511 39.534 38.499 37.404 36.206 35.191 34.449 34.164 33.539 33.191 32.789 32.619 32.244 31.916 31.601 31.339 31.134 30.934 30.711 30.494 30.331 30.146 29.916 29.631 29.356 29.011
54.429 54.314 54.214 54.041 53.909 53.754 53.599 53.429 53.271 53.091 52.879 52.689 52.499 52.306 52.096 51.861 51.601 51.334 51.084 50.774 50.486 50.171 49.864 49.541 49.251 48.961 48.754 48.429 48.099 47.839 47.711 47.701 48.651 50.391 50.444 48.584 46.786 45.899 45.366 44.651 45.324 46.394 43.646 42.361 41.841 41.186 40.299 39.114 38.001 36.939 35.916 34.921 34.429 35.131 34.396 33.054 32.759 32.491 32.101 31.814 31.536 31.291 31.121 30.936 30.751 30.576 30.439 30.231 29.984 29.739 29.414 29.006
54.021 53.876 53.751 53.601 53.509 53.316 53.161 53.004 52.839 52.676 52.426 52.261 52.061 51.884 51.666 51.424 51.169 50.916 50.651 50.346 50.041 49.779 49.459 49.139 48.819 48.526 48.244 48.024 47.691 47.454 47.336 47.294 47.694 47.161 48.114 48.796 46.201 46.281 45.741 44.966 45.871 44.159 42.584 42.099 41.564 40.789 39.681 38.686 37.751 36.744 35.656 34.771 34.421 34.126 33.981 32.916 32.736 32.334 31.971 31.749 31.534 31.306 31.104 30.964 30.806 30.634 30.496 30.299 30.036 29.761 29.404 29.026
53.584 53.474 53.316 53.119 53.024 52.856 52.689 52.541 52.364 52.199 51.976 51.786 51.614 51.399 51.191 50.974 50.734 50.454 50.191 49.946 49.646 49.351 49.071 48.756 48.481 48.134 47.786 47.561 47.354 47.084 46.866 46.931 47.149 46.954 48.081 46.711 46.096 45.444 44.989 46.529 48.664 45.204 42.119 41.469 40.781 39.969 39.649 38.581 37.456 36.449 35.459 35.051 35.484 33.986 33.436 32.994 32.581 32.209 31.899 31.691 31.501 31.314 31.114 30.966 30.841 30.719 30.564 30.359 30.089 29.824 29.439 29.069
53.104 52.979 52.874 52.736 52.581 52.426 52.261 52.061 51.869 51.681 51.479 51.329 51.121 50.914 50.706 50.491 50.236 50.026 49.769 49.539 49.229 48.934 48.681 48.371 48.069 47.769 47.419 47.116 46.959 46.731 46.469 46.416 46.889 46.971 46.996 46.576 46.519 45.399 45.361 45.366 46.034 47.759 44.551 41.501 40.351 39.391 39.996 38.146 38.124 36.366 35.294 34.869 34.529 34.424 35.701 33.076 32.641 32.241 31.926 31.746 31.544 31.311 31.136 30.989 30.866 30.741 30.599 30.371 30.116 29.754 29.421 29.059
52.611 52.494 52.366 52.241 52.141 51.921 51.751 51.624 51.439 51.204 50.994 50.846 50.659 50.401 50.226 50.011 49.759 49.564 49.261 49.039 48.809 48.521 48.259 47.996 47.696 47.369 47.031 46.709 46.496 46.386 46.099 46.069 46.334 46.699 46.126 45.871 45.676 45.564 46.029 45.116 45.654 45.894 43.499 42.386 40.154 39.149 38.501 37.936 36.846 35.811 35.371 34.554 34.321 34.766 36.056 33.154 32.539 32.229 31.971 31.806 31.576 31.371 31.139 31.014 30.899 30.749 30.566 30.341 30.059 29.764 29.411 29.019
