All_lidar/sz5689_DSM_2M.asc
ncols 500
nrows 500
xllcorner    456000
yllcorner    89000
cellsize     2
NODATA_value -9999
[rows 416 to 447 of 500, columns 0 to 71 of 500]
23.679 25.399 23.529 23.674 23.676 23.674 23.656 23.681 23.776 23.806 25.019 23.796 23.899 23.949 24.029 25.099 24.179 25.679 24.146 24.159 24.244 24.291 29.034 24.964 24.454 24.536 24.589 24.564 24.679 24.794 26.971 26.424 25.034 24.949 35.086 32.461 25.911 25.236 25.111 25.216 25.399 25.379 25.489 25.526 25.571 25.701 25.901 26.021 25.996 26.184 26.401 26.701 26.834 27.076 26.994 28.741 29.344 27.271 27.439 27.479 27.581 27.771 27.761 27.776 36.539 32.561 33.781 28.814 28.094 35.504 36.566 37.051
23.621 23.859 23.476 26.444 26.739 26.626 23.716 23.706 23.811 28.686 24.086 23.954 23.956 23.994 24.051 26.674 24.116 24.256 24.219 32.556 26.199 24.434 24.454 24.486 28.304 24.619 24.604 24.669 24.754 24.791 27.159 24.899 25.044 25.004 33.806 35.464 27.464 25.166 25.226 25.651 25.639 25.509 25.626 25.646 25.686 25.751 26.076 26.061 26.134 26.286 26.764 26.854 26.896 27.066 26.974 27.031 27.129 27.334 27.519 27.629 27.629 27.744 27.799 27.899 32.121 34.924 33.414 28.309 28.359 28.651 28.664 29.244
23.771 25.281 24.031 26.189 33.364 27.994 23.729 24.996 23.819 34.099 38.196 27.841 23.934 24.099 24.061 24.194 24.271 24.281 24.319 31.479 27.119 25.301 25.471 24.549 28.604 24.604 24.664 24.744 24.856 24.829 24.911 25.134 24.989 25.079 28.121 29.389 25.201 25.324 25.344 25.834 25.421 26.519 28.789 26.751 25.811 25.884 28.534 26.906 26.214 26.381 26.744 26.909 27.189 27.119 27.116 28.626 27.224 27.414 27.661 28.209 27.859 28.184 27.966 32.226 32.591 28.374 28.471 28.454 28.586 28.744 28.839 28.846
23.764 23.711 23.929 25.416 29.924 23.796 23.839 24.921 27.481 33.536 37.834 27.831 25.326 25.331 24.144 24.246 24.504 24.646 26.261 30.139 28.161 26.049 26.086 28.176 26.259 24.689 24.751 24.821 24.884 24.851 24.979 28.364 25.021 27.601 26.206 25.231 25.296 25.366 27.299 26.114 25.566 25.604 26.139 26.991 25.844 26.141 26.179 26.164 26.309 26.611 26.846 27.109 27.191 27.316 27.339 28.009 27.374 27.459 28.564 28.361 27.984 28.144 28.264 28.466 28.369 30.724 28.834 28.864 28.781 28.886 28.919 29.011
23.859 23.751 23.761 23.806 23.846 23.839 23.904 24.216 27.591 29.554 30.314 30.234 27.219 33.501 24.216 27.494 24.304 24.394 24.386 26.011 27.621 29.106 29.594 24.686 27.671 24.699 24.841 24.816 24.841 24.881 24.964 27.104 25.106 28.684 29.071 25.284 25.301 25.419 25.486 25.556 25.591 25.691 25.851 25.879 26.049 26.159 26.166 26.291 26.599 26.731 26.964 27.191 27.271 27.444 27.564 27.551 27.554 27.601 27.699 27.899 28.066 28.569 28.424 30.126 29.499 28.636 28.714 29.024 28.984 30.064 29.246 29.181
23.944 23.736 23.796 24.164 23.876 28.446 27.439 24.066 24.019 33.781 28.299 29.719 34.036 31.149 24.286 24.711 24.439 24.521 24.506 24.479 24.554 24.621 24.699 24.949 24.851 24.769 24.864 25.311 24.946 24.984 25.049 25.434 25.434 30.971 31.769 25.941 26.991 25.574 25.571 25.614 25.766 25.826 25.966 26.026 26.031 26.091 26.219 26.431 29.351 29.881 35.176 31.099 27.326 27.904 28.024 27.716 27.679 27.654 27.836 29.739 28.329 28.359 28.416 28.496 28.736 28.859 28.931 28.999 29.191 29.264 29.284 29.809
24.086 23.769 29.971 36.629 28.349 23.936 25.046 24.079 24.051 25.359 28.016 32.649 32.891 29.026 24.334 24.316 24.499 24.526 24.519 24.561 24.551 24.621 24.794 27.101 26.884 24.801 24.946 25.011 25.061 25.081 25.121 25.194 25.274 25.291 31.189 30.276 25.589 25.659 25.691 25.801 25.849 25.974 30.276 26.219 26.444 28.239 26.941 26.489 31.544 28.419 36.946 37.079 28.454 27.599 27.754 27.871 27.911 27.889 28.089 28.239 28.331 28.399 28.491 28.584 28.806 28.836 28.959 29.216 29.479 29.406 29.391 29.611
24.146 23.829 25.369 25.719 25.911 30.299 24.136 24.176 25.586 28.539 27.451 24.234 24.344 24.559 24.531 24.481 24.471 24.549 24.574 24.604 24.639 24.704 24.801 26.161 24.851 24.861 24.926 25.039 25.869 28.529 25.229 25.324 25.351 25.576 25.371 25.454 25.504 28.761 28.601 25.986 25.891 29.864 28.059 26.269 27.361 26.901 26.496 26.714 27.261 35.841 28.406 31.889 32.294 27.759 27.881 28.044 28.051 28.356 28.349 28.154 28.421 28.539 28.619 28.739 28.874 29.021 29.121 29.321 29.506 29.409 29.576 29.701
24.416 23.884 32.256 34.589 33.304 31.036 24.184 31.554 32.389 24.349 24.311 24.226 24.429 26.546 27.091 24.539 24.489 24.601 24.554 24.609 24.671 24.731 24.821 24.854 24.949 26.131 25.064 25.051 25.524 30.476 25.629 25.364 25.341 27.806 26.629 26.314 25.601 25.711 29.154 27.776 25.944 29.384 29.674 26.264 26.309 26.499 26.601 26.731 26.901 35.264 33.546 32.526 34.886 27.804 27.959 28.079 28.284 28.506 28.254 28.336 28.494 28.594 28.736 28.854 28.954 29.131 29.251 29.514 29.531 29.584 29.789 29.931
27.001 23.994 32.206 27.026 32.284 28.999 24.264 25.444 24.326 24.914 24.461 24.424 24.521 24.516 27.451 24.631 24.596 24.684 24.644 24.741 24.749 27.784 24.881 29.599 28.921 31.051 27.399 25.141 25.234 28.134 25.354 25.341 25.394 25.689 25.574 25.594 26.569 30.514 34.966 31.369 32.634 29.409 30.404 29.886 26.371 26.801 26.891 27.389 27.279 27.671 31.576 33.679 29.671 28.044 28.124 28.291 28.409 28.459 28.361 28.526 28.569 28.684 28.839 28.946 29.334 29.411 29.456 29.701 29.669 29.706 29.886 30.069
24.139 25.391 29.426 24.209 26.411 24.274 24.316 24.321 24.419 25.319 26.614 24.534 24.576 24.606 24.711 24.746 24.674 24.839 24.889 24.839 24.839 24.924 24.996 24.999 25.464 27.276 27.859 34.681 25.279 25.349 25.451 25.399 25.434 25.591 25.609 25.666 25.659 32.851 30.761 29.526 29.644 27.369 26.406 28.311 26.379 26.831 27.031 27.154 30.086 28.104 27.761 32.806 29.704 28.181 28.221 28.574 28.509 28.531 28.624 28.739 28.739 28.874 29.046 29.096 29.261 29.406 29.624 29.641 30.976 30.781 30.181 30.406
25.246 24.101 24.311 28.131 24.306 24.339 26.021 24.569 24.474 24.579 29.856 24.474 29.789 25.491 24.779 24.714 24.694 24.759 27.946 27.626 24.919 27.239 24.959 25.044 29.324 31.949 30.024 31.719 25.426 25.384 25.436 25.456 25.474 25.636 25.689 25.694 25.806 26.209 30.389 32.476 29.029 28.191 26.464 26.521 26.404 26.646 26.846 27.104 27.209 27.389 27.576 27.771 28.064 28.319 28.471 28.476 28.541 28.961 28.854 30.091 29.009 29.086 29.121 29.196 29.519 29.606 29.629 29.761 30.431 30.969 30.256 30.454
24.579 24.176 24.304 24.239 24.386 24.801 29.281 25.789 24.451 24.569 25.851 24.611 24.626 25.599 25.769 24.749 24.801 24.886 24.889 31.744 27.531 24.951 25.094 25.144 29.966 27.949 34.236 38.524 27.104 25.409 25.489 25.521 26.474 25.901 25.766 25.829 25.894 29.851 26.369 26.819 34.184 30.391 29.564 26.859 26.554 26.956 27.036 27.186 27.276 27.456 27.689 27.919 28.211 28.389 28.501 28.569 28.661 28.799 28.869 30.114 29.086 29.081 29.256 29.481 29.626 29.689 29.784 29.929 30.241 30.294 30.514 30.579
24.274 24.306 24.361 24.389 24.404 28.661 28.806 29.696 24.751 24.571 24.994 24.631 24.859 26.926 25.256 24.891 24.934 25.021 24.906 34.101 38.161 25.094 25.129 25.201 25.259 31.219 30.461 28.631 25.409 25.431 27.354 28.836 26.584 25.729 25.771 25.846 25.941 26.009 26.159 26.254 30.299 34.896 34.444 26.851 27.444 27.019 27.039 27.231 27.389 27.984 27.929 28.034 28.439 28.469 28.591 28.701 28.841 28.924 29.011 29.016 29.101 29.231 29.381 29.674 29.766 29.821 29.989 30.121 33.569 31.889 30.719 30.684
24.196 24.314 24.424 24.446 27.321 24.434 32.839 33.524 27.931 24.651 24.699 24.704 24.761 24.799 24.889 24.981 25.026 25.044 29.161 38.684 34.361 25.346 31.256 26.266 25.241 25.286 25.356 27.069 28.246 37.101 28.801 28.936 25.734 25.809 25.854 25.994 26.194 26.151 26.159 26.266 26.369 27.811 29.341 26.816 26.946 27.089 27.129 27.336 27.474 27.704 30.659 28.206 28.509 28.474 28.614 28.729 28.891 28.871 28.949 29.064 29.184 29.291 29.531 29.641 29.769 29.989 30.069 30.204 30.389 31.034 32.264 31.461
24.206 26.456 24.984 24.551 24.516 24.479 30.541 32.549 26.424 24.751 24.764 25.321 25.379 24.826 24.921 25.081 25.126 25.116 25.129 27.209 31.709 26.249 27.964 26.706 27.331 26.569 25.396 25.499 26.314 28.834 34.684 28.039 25.774 25.954 25.884 26.029 26.149 26.136 26.201 26.329 26.426 26.734 28.646 26.934 27.024 27.121 27.241 27.431 27.579 27.759 29.436 28.394 28.434 28.761 28.636 28.761 28.919 28.976 29.059 29.189 29.249 29.416 29.741 29.699 29.821 30.029 30.134 30.344 30.699 30.979 30.909 31.034
24.256 24.364 24.564 24.541 24.564 24.629 25.141 24.896 24.746 24.729 24.871 24.824 24.936 24.899 25.024 25.141 25.166 25.076 25.176 25.221 25.821 25.299 25.459 25.801 28.054 25.501 25.459 25.589 25.606 25.566 25.624 27.796 25.811 26.011 26.051 26.139 26.164 26.231 26.294 26.661 26.524 27.109 26.911 27.001 26.926 27.129 27.386 27.599 27.681 27.829 28.156 28.271 28.431 28.546 28.694 28.829 29.041 29.264 29.149 29.214 29.344 29.611 29.819 30.494 29.936 30.179 30.269 31.219 31.391 31.416 31.046 31.151
24.284 24.514 24.554 25.006 24.719 24.944 24.806 24.836 24.916 24.849 24.974 27.894 24.964 24.924 25.036 25.099 25.129 25.124 25.161 25.274 25.341 25.459 25.401 25.486 25.541 25.516 25.554 25.621 25.586 25.706 25.706 25.774 25.831 25.979 26.179 26.134 26.164 26.336 26.811 26.529 26.579 27.149 27.151 27.176 27.039 27.494 27.734 27.704 27.841 27.989 28.141 28.236 28.444 28.601 28.746 28.909 30.036 29.599 29.224 29.304 29.534 29.696 29.999 30.331 30.414 31.191 30.454 31.876 31.474 31.761 31.114 31.316
24.396 24.536 24.614 35.461 32.771 24.836 24.836 33.124 26.201 24.964 27.759 26.454 25.081 25.064 25.154 25.151 25.264 25.294 25.224 25.339 25.441 25.469 25.526 25.936 25.656 25.639 25.599 25.594 26.641 25.726 25.766 25.886 26.024 26.034 26.124 26.161 26.229 26.371 26.521 26.581 26.674 28.069 27.601 27.136 27.146 27.509 27.819 27.814 27.931 28.151 28.114 28.221 34.249 37.386 38.371 33.416 29.101 29.286 29.326 29.456 29.694 29.644 29.906 29.949 30.221 31.231 30.611 31.271 31.234 31.109 31.204 31.401
24.496 28.441 27.456 31.416 28.724 24.914 24.914 34.669 25.411 26.221 25.061 25.296 25.014 25.136 25.229 25.249 25.229 25.309 25.319 25.376 25.441 25.471 25.581 25.631 25.761 25.719 25.681 25.756 25.721 25.739 25.804 25.849 26.071 26.064 26.116 26.154 26.251 26.396 26.526 26.619 26.784 29.479 28.164 27.149 27.236 27.466 27.661 27.879 28.076 28.084 28.149 28.296 29.101 31.454 48.056 36.019 29.191 29.291 29.376 29.646 29.676 29.781 30.564 30.059 30.201 30.404 32.104 35.344 31.474 31.124 31.409 32.516
27.571 25.316 26.486 24.736 24.804 24.951 25.039 27.016 35.409 34.941 25.044 25.079 25.041 25.179 25.296 25.304 25.354 25.414 25.381 25.364 25.434 25.516 25.656 26.961 27.704 29.491 26.101 28.151 25.774 25.804 25.864 26.076 26.164 26.109 26.344 26.206 26.384 26.474 26.606 26.719 26.964 27.371 27.091 27.191 27.246 27.496 27.816 28.079 28.159 28.126 28.156 28.379 28.496 35.446 45.831 38.936 30.971 29.319 29.556 29.701 30.994 31.884 29.956 30.226 30.391 30.494 30.671 30.776 30.901 31.366 31.586 31.571
26.726 24.721 24.779 24.769 24.904 24.936 24.966 30.144 36.901 36.124 25.084 25.576 25.249 25.281 25.356 25.519 26.369 25.409 25.389 25.384 25.484 25.834 31.354 25.909 34.234 36.169 25.811 25.809 25.894 25.836 26.019 26.214 26.084 26.161 26.286 26.351 26.499 26.556 26.729 26.949 28.069 32.129 27.941 27.276 27.371 27.944 28.171 28.106 28.169 28.214 28.346 28.526 32.084 39.711 41.664 41.816 29.259 29.386 29.656 29.656 29.866 30.574 30.111 30.429 30.581 30.686 30.789 30.759 30.956 31.219 31.446 32.814
24.621 24.996 24.824 24.804 24.914 25.009 25.034 25.061 27.971 25.454 25.141 25.904 25.284 25.294 25.374 25.444 25.521 25.421 25.484 25.476 25.531 28.794 33.434 37.886 40.584 33.466 26.994 25.889 25.994 26.069 27.621 26.064 26.129 26.236 26.324 26.481 26.591 26.706 26.784 26.876 27.819 28.004 27.256 27.379 27.409 29.564 32.291 28.151 28.339 28.411 28.499 29.024 37.171 43.826 38.556 30.814 29.221 29.576 29.731 29.729 29.864 31.329 30.461 30.469 30.766 30.764 30.949 31.816 31.454 31.356 31.791 33.166
24.666 25.071 24.946 24.866 24.914 24.996 25.089 25.099 25.121 26.574 25.551 25.244 25.251 25.264 25.294 25.464 25.561 25.616 25.559 25.489 25.579 27.039 35.001 46.449 38.279 43.141 25.919 25.931 25.976 26.054 26.929 26.094 26.246 27.681 26.431 26.564 26.706 26.949 26.921 26.931 27.054 27.274 27.311 27.464 28.576 38.929 30.439 28.161 28.541 28.814 28.539 28.591 33.259 37.461 37.546 38.426 33.109 29.741 29.859 29.796 30.019 32.164 30.556 30.684 30.671 30.566 30.791 31.431 32.026 31.414 34.779 33.694
24.799 24.764 24.824 24.871 24.984 25.001 25.074 25.189 25.121 25.144 25.229 25.306 25.284 25.364 25.366 25.511 25.589 25.656 25.711 25.596 25.629 25.714 28.591 30.129 35.524 25.971 25.976 27.346 26.511 26.071 26.131 26.194 26.291 26.464 26.629 26.631 26.774 26.891 26.846 27.104 27.384 27.244 27.464 27.689 27.779 27.914 27.956 28.159 29.131 29.184 28.564 28.684 28.749 33.474 32.571 34.341 31.586 30.926 29.991 29.874 30.514 31.221 30.764 31.166 30.529 30.661 30.996 31.071 31.584 33.089 34.741 34.086
24.841 24.769 24.859 24.899 24.979 25.079 25.101 25.126 25.161 25.186 25.274 33.039 25.321 25.384 25.479 25.544 25.566 25.636 26.864 26.009 25.659 27.309 25.919 25.914 25.889 26.011 27.364 30.191 30.014 26.514 26.161 26.281 26.316 26.476 26.589 26.751 26.789 26.861 26.926 27.191 27.414 27.326 27.594 27.804 27.826 27.974 28.066 28.201 28.339 28.519 28.719 29.684 28.801 32.454 31.659 29.321 29.519 30.209 29.919 29.974 30.149 30.476 30.839 30.756 30.856 30.989 31.174 32.301 32.839 34.121 34.861 33.574
24.814 26.074 26.881 24.896 24.989 25.046 25.121 25.174 25.199 25.244 25.294 25.314 25.401 28.391 26.679 25.496 25.609 25.604 25.716 25.694 28.399 30.271 26.006 25.944 26.656 26.604 28.651 28.781 31.281 27.434 26.234 26.326 26.444 26.491 26.621 26.751 26.874 27.366 27.039 27.154 27.306 27.574 27.559 27.714 27.844 27.991 28.266 28.271 28.489 28.634 28.779 29.036 29.009 29.094 29.224 29.431 29.536 30.749 31.291 32.169 30.436 33.314 35.411 30.901 31.044 31.419 31.496 33.899 34.669 34.404 34.099 35.014
24.814 29.679 33.546 24.984 25.016 25.046 25.089 25.204 25.209 25.211 25.324 25.336 25.431 30.239 26.341 25.521 25.599 25.614 25.634 25.794 27.671 26.826 26.514 28.821 26.134 26.189 26.149 26.236 26.311 26.436 26.299 26.409 26.599 26.714 26.761 26.951 26.986 27.019 27.294 27.436 28.381 27.504 27.599 27.784 27.866 28.099 28.874 30.214 29.496 28.756 28.784 28.879 29.049 29.134 29.551 29.464 29.641 29.766 30.896 30.536 30.536 31.654 32.756 31.681 31.324 33.239 34.196 34.409 33.919 34.049 34.319 35.044
30.144 33.771 28.736 24.996 25.216 25.099 26.089 26.421 25.191 25.226 25.336 25.414 25.489 25.609 25.556 25.581 25.636 26.691 28.614 26.631 29.679 31.721 31.961 29.634 26.079 26.266 29.821 26.314 26.501 26.771 26.391 26.596 26.606 26.841 27.189 27.001 27.114 27.224 27.266 27.294 27.479 27.529 27.609 27.866 27.964 28.156 28.599 28.499 28.714 28.774 28.899 28.956 29.066 29.249 30.031 29.501 29.669 29.829 30.054 31.146 30.871 31.826 31.629 35.219 32.681 33.076 33.914 33.424 33.801 34.356 34.369 32.884
33.011 25.604 29.881 26.161 25.096 25.144 34.341 25.581 25.249 25.276 25.331 25.396 25.439 25.479 25.499 26.039 25.649 25.716 26.196 33.211 35.229 35.351 42.491 31.836 26.104 26.226 26.789 26.366 28.791 26.751 26.421 26.574 26.731 26.866 27.981 27.014 27.104 27.096 27.324 27.486 27.389 27.594 27.686 27.909 28.061 28.181 28.341 28.514 30.326 28.834 28.911 29.036 29.231 29.361 29.431 29.596 29.799 29.951 30.319 30.529 31.021 33.839 33.446 32.311 31.744 32.289 34.446 33.454 33.414 33.656 33.519 32.801
24.806 24.886 24.956 25.024 25.059 25.151 25.241 25.524 25.249 25.361 28.764 31.104 25.326 25.484 27.389 34.786 29.486 27.491 25.756 26.619 26.729 34.536 31.354 26.271 26.216 26.256 26.781 26.574 26.584 26.569 26.589 26.639 26.756 26.816 26.866 26.944 27.049 27.141 27.386 27.459 27.514 27.689 27.756 27.946 28.109 28.191 28.444 28.569 28.706 28.886 29.051 29.316 29.404 29.484 29.784 29.641 30.589 30.631 30.581 32.959 32.886 32.476 31.616 31.626 32.051 32.486 33.279 32.694 32.431 33.371 33.831 33.586
24.831 24.936 25.014 25.079 25.236 25.149 25.194 25.196 28.066 25.369 26.474 27.146 25.624 25.859 28.846 31.439 30.619 29.754 25.881 25.851 25.929 28.679 26.119 26.149 26.306 26.404 26.554 26.459 26.606 26.629 26.561 26.669 26.836 26.836 26.931 27.051 27.111 27.209 27.301 27.451 27.609 27.731 27.831 28.074 28.106 28.231 28.464 28.609 28.891 29.384 29.284 29.421 29.479 29.904 30.106 29.834 30.749 31.439 31.941 36.401 31.986 31.929 31.701 31.054 31.229 32.304 32.101 32.636 33.706 33.619 33.164 32.701
