All_lidar/sz5687_DSM_2M.asc
ncols 500
nrows 500
xllcorner    456000
yllcorner    87000
cellsize     2
NODATA_value -9999
[rows 248 to 278 of 500, columns 71 to 141 of 500]
93.735 93.63 93.512 93.402 93.255 93.14 93.032 92.885 92.815 92.747 92.705 92.612 92.532 92.485 92.485 92.1 91.422 91.325 92.07 91.74 90.382 88.53 87.215 85.975 85.122 84.767 84.675 84.212 85.6 85.707 83.815 83.515 83.445 83.352 83.292 83.065 82.917 82.847 82.555 82.21 82.19 82.242 82.282 82.445 82.755 83.302 83.847 85.112 86.745 85.052 85.412 85.495 86.42 88.01 88.015 87.525 87.46 87.405 87.295 87.17 87.06 86.955 86.84 86.735 86.66 86.535 86.445 86.317 86.2 86.08 85.945
93.882 93.77 93.647 93.55 93.435 93.297 93.18 93.067 92.985 92.93 92.885 92.802 92.687 92.63 92.64 92.35 91.6 91.527 91.937 92.97 91.49 88.617 87.147 86.852 87.145 86.48 84.707 84.49 86.247 85.937 85.915 84.755 83.855 83.795 83.707 83.447 83.32 83.005 82.617 82.202 82.225 82.347 82.487 82.742 83.057 83.485 83.955 85.42 86.025 85.417 86.437 86.802 89.165 89.072 88.14 87.665 87.595 87.522 87.415 87.31 87.192 87.067 86.967 86.87 86.782 86.68 86.565 86.457 86.342 86.212 86.08
93.979 93.869 93.754 93.652 93.562 93.452 93.342 93.239 93.159 93.084 93.047 92.979 92.889 92.782 92.682 92.257 91.772 91.742 92.397 94.379 93.549 88.462 87.094 87.157 87.509 85.912 84.944 84.929 84.804 85.027 85.762 84.772 84.224 84.132 83.929 83.834 83.609 83.227 82.989 82.607 82.442 82.464 82.617 82.832 83.022 83.289 84.014 84.759 85.672 86.177 88.342 87.812 89.444 89.672 89.282 87.822 87.702 87.619 87.549 87.442 87.329 87.209 87.089 86.984 86.882 86.789 86.662 86.559 86.454 86.329 86.204
94.099 94.002 93.922 93.797 93.714 93.617 93.522 93.392 93.317 93.249 93.184 93.114 93.037 92.924 92.817 92.259 91.929 92.027 92.637 92.317 91.252 88.607 87.344 86.159 85.459 85.249 85.257 85.302 85.057 84.864 84.714 84.524 84.429 84.354 84.279 84.254 84.107 83.847 83.497 83.067 82.687 82.687 82.797 82.849 82.902 83.337 84.039 84.774 86.004 86.959 88.214 89.502 89.322 88.737 88.804 87.874 87.814 87.732 87.642 87.532 87.422 87.297 87.174 87.074 86.964 86.884 86.774 86.677 86.557 86.457 86.329
94.244 94.147 94.054 93.959 93.862 93.737 93.649 93.562 93.472 93.417 93.344 93.252 93.147 93.057 95.244 94.802 92.892 92.062 92.332 93.874 91.427 89.857 88.057 86.442 85.662 85.429 85.459 85.427 85.199 85.049 84.729 84.632 84.599 84.539 84.474 84.372 84.377 84.152 83.577 83.232 82.957 82.912 82.957 82.989 83.004 83.142 85.037 86.517 87.194 87.502 88.122 90.109 89.927 90.312 88.512 88.002 87.922 87.839 87.747 87.619 87.497 87.389 87.267 87.167 87.082 86.969 86.884 86.782 86.659 86.567 86.442
94.379 94.302 94.189 94.077 94.002 93.879 93.794 93.692 93.607 93.549 93.487 93.377 93.259 93.152 95.477 96.634 92.564 92.287 94.509 95.792 94.207 94.132 91.152 87.542 85.789 85.502 85.344 85.307 85.262 85.097 84.917 84.872 84.827 84.764 84.707 84.602 84.542 84.142 83.734 83.562 83.387 83.324 83.244 83.159 83.372 83.602 84.609 86.932 86.929 88.214 88.707 89.402 89.334 90.192 88.727 88.162 88.044 87.932 87.857 87.739 87.639 87.502 87.384 87.297 87.182 87.082 86.972 86.884 86.774 86.674 86.544
94.529 94.437 94.337 94.222 94.102 93.999 93.897 93.797 93.739 93.654 93.579 93.469 93.349 93.252 93.212 92.594 92.397 92.554 93.462 93.607 92.294 91.844 90.797 87.004 85.904 85.547 85.387 85.242 85.209 85.202 85.179 85.169 84.969 84.877 84.817 84.794 84.759 84.304 84.092 83.999 83.787 83.814 83.507 83.294 83.869 84.217 85.387 85.184 87.249 88.849 88.864 89.672 88.559 88.679 88.307 88.229 88.142 88.067 87.934 87.822 87.714 87.627 87.502 87.384 87.277 87.202 87.094 86.987 86.879 86.764 86.662
94.639 94.552 94.442 94.342 94.237 94.139 94.014 93.922 93.849 93.782 93.669 93.552 93.457 93.489 95.077 92.944 92.502 92.664 92.754 90.947 89.582 89.659 88.907 86.749 86.097 85.647 85.429 85.324 85.224 85.264 85.364 85.344 85.102 84.962 84.877 84.884 84.802 84.472 84.342 84.284 84.262 84.377 83.739 83.514 83.584 84.292 86.009 86.644 87.007 87.874 87.767 88.562 89.302 89.437 88.507 88.309 88.229 88.119 88.032 87.912 87.809 87.694 87.589 87.472 87.372 87.284 87.182 87.079 86.987 86.874 86.794
94.782 94.657 94.547 94.452 94.342 94.247 94.122 94.024 93.939 93.859 93.779 93.642 93.542 93.529 95.089 93.149 92.647 92.814 92.669 90.652 89.267 88.234 87.447 86.804 86.219 85.857 85.567 85.439 85.362 85.429 85.592 85.489 85.129 84.974 84.794 84.757 84.667 84.427 84.342 84.277 84.192 83.992 83.809 83.742 83.952 85.687 85.922 85.367 86.624 88.452 88.832 88.507 90.357 89.902 88.492 88.422 88.319 88.224 88.119 88.007 87.892 87.787 87.682 87.572 87.472 87.362 87.259 87.184 87.077 86.994 86.912
94.907 94.794 94.689 94.592 94.474 94.344 94.217 94.134 94.054 93.937 93.874 93.749 93.647 93.594 93.619 93.027 92.742 93.729 94.417 91.392 89.074 88.107 87.489 86.979 86.399 86.027 85.734 85.637 85.592 85.654 85.714 85.519 85.264 84.864 84.669 84.569 84.527 84.482 84.409 84.267 84.067 83.924 83.867 83.859 83.969 84.594 86.244 85.169 86.627 89.784 89.832 88.707 89.807 88.912 88.602 88.527 88.409 88.317 88.192 88.094 87.984 87.897 87.777 87.664 87.582 87.479 87.389 87.299 87.194 87.092 86.999
95.019 94.907 94.797 94.687 94.574 94.464 94.334 94.227 94.134 94.019 93.934 93.859 93.752 93.684 93.554 93.084 92.822 94.077 94.434 90.732 89.037 88.087 87.409 86.912 86.532 86.212 85.989 85.897 85.839 85.852 85.642 85.522 85.292 84.802 84.649 84.547 84.534 84.482 84.399 84.254 84.047 83.942 83.919 84.039 84.314 84.954 87.619 85.847 85.802 87.029 88.054 89.489 91.242 89.922 88.759 88.594 88.509 88.407 88.292 88.192 88.082 87.972 87.852 87.744 87.659 87.574 87.484 87.399 87.302 87.189 87.097
95.149 95.024 94.897 94.802 94.682 94.559 94.442 94.327 94.232 94.137 94.032 93.937 93.822 93.822 93.867 92.962 92.904 94.177 93.884 90.247 89.037 88.184 87.674 86.732 86.449 86.362 86.264 86.157 86.094 85.824 85.397 85.314 85.062 84.792 84.642 84.497 84.339 84.242 84.214 84.192 84.107 83.997 83.972 84.074 84.359 84.712 85.427 87.002 87.892 87.654 88.279 90.004 91.984 89.614 88.809 88.709 88.587 88.482 88.372 88.269 88.149 88.049 87.944 87.849 87.764 87.654 87.562 87.492 87.387 87.287 87.197
95.234 95.119 95.007 94.892 94.759 94.642 94.549 94.424 94.314 94.229 94.144 94.022 93.899 93.949 93.942 93.089 92.977 93.054 91.767 90.562 89.304 88.407 87.524 86.607 86.417 86.544 86.549 86.509 86.432 85.874 85.229 84.992 84.819 84.662 84.554 84.419 84.269 84.204 84.194 84.187 84.149 84.082 84.107 84.192 84.412 84.879 85.484 86.132 87.889 88.552 89.017 90.222 92.067 89.152 88.914 88.794 88.694 88.594 88.447 88.362 88.247 88.147 88.052 87.932 87.844 87.744 87.659 87.572 87.472 87.377 87.282
95.329 95.229 95.102 94.987 94.884 94.749 94.619 94.519 94.437 94.322 94.234 94.112 94.002 93.944 93.652 93.182 93.067 92.984 91.862 90.669 89.447 88.279 87.272 86.617 86.422 86.687 86.747 86.669 86.374 85.627 85.097 84.879 84.684 84.587 84.534 84.417 84.322 84.224 84.227 84.242 84.204 84.182 84.262 84.424 84.622 85.044 85.777 86.642 87.749 89.019 89.269 90.309 91.647 89.159 88.974 88.879 88.789 88.662 88.549 88.454 88.352 88.239 88.129 88.012 87.932 87.817 87.737 87.634 87.549 87.452 87.379
95.439 95.327 95.214 95.107 94.984 94.859 94.739 94.624 94.532 94.439 94.314 94.207 94.084 94.037 93.652 93.204 93.144 94.114 92.432 92.617 89.672 88.367 87.474 86.752 86.529 86.647 86.692 86.472 85.754 85.262 85.024 84.909 84.737 84.709 84.679 84.529 84.414 84.334 84.349 84.362 84.344 84.399 84.479 84.594 84.857 85.394 86.102 86.934 87.892 88.852 89.442 90.992 90.147 89.157 89.047 88.967 88.859 88.744 88.622 88.524 88.419 88.307 88.204 88.089 88.004 87.907 87.822 87.737 87.637 87.552 87.454
95.564 95.419 95.302 95.212 95.089 94.952 94.827 94.724 94.624 94.522 94.434 94.307 94.197 94.162 93.857 93.267 93.237 93.684 92.464 91.189 89.902 88.499 87.679 88.922 87.012 86.662 86.469 85.917 85.387 85.179 85.044 84.977 84.879 84.889 84.859 84.694 84.537 84.452 84.442 84.427 84.487 84.589 84.784 84.999 85.009 85.529 86.354 87.274 88.099 89.104 89.774 91.039 90.112 89.212 89.129 89.069 88.929 88.827 88.712 88.592 88.499 88.372 88.262 88.172 88.067 87.987 87.899 87.812 87.724 87.634 87.549
95.647 95.522 95.419 95.312 95.184 95.074 94.939 94.839 94.739 94.644 94.559 94.407 94.304 94.274 94.064 93.432 93.362 93.309 92.507 91.502 90.084 88.782 87.919 87.454 87.172 86.934 86.487 85.912 85.499 85.339 85.282 85.157 85.007 84.959 84.954 84.804 84.629 84.484 84.534 84.562 84.552 84.537 84.754 85.077 85.117 85.529 86.419 89.872 88.882 89.284 89.729 90.354 89.487 89.304 89.209 89.124 89.032 88.909 88.789 88.657 88.562 88.454 88.337 88.254 88.132 88.064 87.984 87.899 87.804 87.749 87.644
95.759 95.642 95.509 95.407 95.299 95.152 95.037 94.949 94.839 94.734 94.657 94.514 94.414 94.382 94.119 93.529 93.464 93.967 94.409 91.849 90.509 89.159 88.627 88.777 87.462 87.124 86.422 85.862 85.592 85.504 85.429 85.284 85.099 85.017 84.989 84.842 84.667 84.389 84.297 84.164 84.049 84.062 84.114 84.429 84.739 85.242 86.019 88.029 89.389 91.039 90.459 89.762 89.477 89.387 89.302 89.234 89.104 88.994 88.869 88.747 88.652 88.524 88.427 88.327 88.232 88.132 88.052 87.984 87.894 87.807 87.747
95.857 95.734 95.614 95.514 95.399 95.249 95.127 95.047 94.934 94.844 94.742 94.609 94.517 94.544 94.119 93.654 93.667 94.964 94.659 92.377 93.649 90.344 89.252 88.719 88.222 87.087 86.172 85.819 85.707 85.642 85.539 85.372 85.194 85.099 85.024 84.914 84.632 84.052 83.499 83.139 83.194 83.434 83.354 83.369 83.939 84.739 85.677 86.769 88.639 89.434 89.629 89.644 89.592 89.487 89.379 89.284 89.149 89.039 88.917 88.804 88.729 88.647 88.534 88.434 88.329 88.252 88.177 88.084 88.012 87.942 87.864
95.962 95.814 95.684 95.589 95.484 95.367 95.224 95.144 95.019 94.952 94.837 94.717 94.662 95.844 95.347 93.699 93.617 95.644 94.512 94.927 94.732 92.222 91.082 90.852 88.847 87.082 86.247 85.967 85.834 85.782 85.614 85.467 85.314 85.179 85.094 84.974 84.269 83.384 82.702 82.277 82.407 82.787 82.862 82.922 83.479 84.314 85.462 86.622 88.197 89.359 89.742 89.704 89.667 89.542 89.444 89.377 89.264 89.122 89.024 88.907 88.822 88.747 88.657 88.554 88.462 88.377 88.284 88.167 88.104 88.022 87.947
96.057 95.914 95.797 95.684 95.587 95.467 95.344 95.264 95.132 95.047 94.957 94.824 94.754 95.429 96.094 93.762 93.689 95.237 96.357 93.749 94.409 92.142 90.104 91.177 89.132 87.552 86.632 86.209 85.982 85.947 85.812 85.669 85.462 85.289 85.127 84.682 83.559 82.737 82.119 81.644 81.807 82.282 82.524 82.744 83.372 84.182 85.384 86.664 88.069 89.219 89.797 89.712 89.709 89.619 89.532 89.472 89.379 89.242 89.144 89.022 88.904 88.812 88.719 88.622 88.504 88.402 88.302 88.229 88.152 88.054 87.974
96.172 96.057 95.942 95.807 95.684 95.562 95.439 95.342 95.247 95.142 95.057 94.922 94.822 94.872 94.312 93.854 93.839 94.642 94.902 92.389 91.087 91.457 91.209 89.629 88.789 88.112 87.254 87.444 86.884 86.814 86.382 85.984 85.584 85.354 85.117 84.337 83.307 82.374 81.717 81.327 81.372 81.892 82.329 82.822 83.519 84.372 85.494 86.767 88.117 89.319 89.824 89.784 89.814 89.719 89.634 89.549 89.447 89.329 89.202 89.082 88.957 88.854 88.747 88.652 88.547 88.462 88.374 88.282 88.227 88.134 88.052
96.262 96.144 96.009 95.897 95.777 95.662 95.557 95.462 95.354 95.254 95.142 95.024 94.944 95.017 94.257 93.934 93.924 94.154 93.654 92.387 90.819 91.034 92.124 90.814 88.994 88.692 88.209 90.112 88.339 87.527 86.467 85.904 85.557 85.387 85.227 84.487 83.612 82.799 82.122 81.719 81.614 81.962 82.617 83.262 83.959 84.642 85.654 86.839 88.309 89.574 89.884 89.852 89.862 89.789 89.729 89.614 89.494 89.389 89.244 89.129 89.019 88.919 88.824 88.724 88.632 88.544 88.449 88.349 88.254 88.187 88.097
96.359 96.252 96.112 95.984 95.874 95.754 95.642 95.562 95.447 95.344 95.217 95.102 95.042 95.674 94.844 94.047 94.009 94.437 93.382 92.172 91.154 92.112 89.867 89.302 89.012 88.832 88.719 88.439 88.212 87.499 86.842 86.792 85.497 85.354 85.252 84.917 84.417 83.699 83.052 82.644 82.449 82.722 83.332 84.047 84.519 84.949 85.732 86.987 88.264 89.497 89.902 89.927 89.909 89.842 89.767 89.682 89.537 89.427 89.304 89.194 89.077 88.987 88.874 88.774 88.677 88.614 88.519 88.412 88.319 88.234 88.157
96.462 96.337 96.222 96.107 95.984 95.844 95.712 95.649 95.512 95.412 95.287 95.172 95.099 95.409 94.772 94.124 94.154 95.252 94.337 92.482 90.909 92.072 89.274 89.002 88.837 88.729 88.749 88.689 88.412 87.434 86.904 85.879 85.434 85.344 85.287 85.244 85.114 84.682 84.112 83.654 83.514 83.799 84.319 84.869 85.012 85.159 85.802 86.992 88.219 89.524 89.957 89.954 89.962 89.899 89.827 89.732 89.579 89.452 89.332 89.259 89.162 89.047 88.964 88.862 88.747 88.654 88.564 88.472 88.382 88.279 88.202
96.549 96.417 96.304 96.169 96.044 95.929 95.817 95.719 95.612 95.517 95.392 95.272 95.209 95.147 94.542 94.204 94.237 95.312 95.407 92.324 90.852 89.762 89.199 88.927 88.859 88.789 88.782 88.787 88.587 87.704 86.527 85.874 85.599 85.389 85.342 85.397 85.402 85.307 85.164 85.029 84.959 84.952 85.127 85.264 85.332 85.464 85.957 87.017 88.242 89.459 89.994 89.997 90.002 89.954 89.882 89.787 89.669 89.522 89.389 89.294 89.214 89.119 89.002 88.904 88.812 88.707 88.614 88.529 88.429 88.344 88.262
96.642 96.517 96.397 96.267 96.142 96.022 95.902 95.802 95.699 95.604 95.469 95.374 95.319 95.212 94.437 94.259 94.274 95.177 95.249 92.207 91.359 89.814 89.939 89.957 89.392 88.887 89.004 88.932 88.622 87.724 86.707 86.049 85.804 85.572 85.484 85.502 85.519 85.494 85.402 85.339 85.354 85.374 85.364 85.344 85.514 85.837 86.309 87.204 88.194 89.142 89.854 90.019 90.039 90.017 89.959 89.884 89.729 89.594 89.482 89.364 89.264 89.164 89.089 88.964 88.867 88.772 88.682 88.579 88.497 88.424 88.352
96.749 96.602 96.499 96.367 96.234 96.087 95.977 95.909 95.772 95.684 95.539 95.442 95.419 95.232 94.539 94.379 94.342 94.834 95.229 92.334 90.964 90.127 90.184 89.244 89.327 89.802 88.977 88.957 88.589 87.689 86.702 86.122 86.062 85.827 85.634 85.609 85.634 85.632 85.487 85.454 85.504 85.477 85.467 85.569 86.029 86.374 86.919 87.634 88.269 88.827 89.582 89.997 90.104 90.079 90.004 89.897 89.764 89.649 89.544 89.447 89.339 89.232 89.157 89.024 88.929 88.837 88.764 88.659 88.572 88.497 88.429
96.827 96.659 96.537 96.429 96.314 96.169 96.054 95.982 95.872 95.789 95.662 95.532 95.487 95.252 94.609 94.414 94.394 94.847 95.629 93.732 91.549 90.807 89.962 89.434 89.497 90.372 90.017 89.024 88.619 87.647 86.804 86.319 86.204 86.084 85.854 85.999 86.244 86.277 86.084 85.947 85.969 85.854 85.954 86.429 86.829 87.039 87.544 87.969 88.494 88.824 89.467 90.022 90.172 90.154 90.042 89.939 89.799 89.724 89.604 89.504 89.389 89.279 89.177 89.064 88.977 88.889 88.802 88.702 88.619 88.547 88.464
96.887 96.754 96.627 96.494 96.372 96.247 96.159 96.067 95.972 95.867 95.722 95.639 95.622 95.349 94.577 94.479 94.399 94.624 95.527 93.997 93.537 93.342 91.349 89.934 89.399 89.309 89.249 89.252 88.902 87.952 87.112 86.662 86.442 86.364 86.327 86.607 87.037 87.207 87.024 86.792 86.592 86.554 86.802 87.094 87.132 87.434 87.954 88.227 88.702 88.842 89.444 90.067 90.199 90.194 90.119 89.987 89.872 89.754 89.652 89.539 89.424 89.337 89.222 89.104 88.999 88.907 88.817 88.752 88.649 88.584 88.494
96.949 96.822 96.687 96.544 96.429 96.302 96.219 96.122 96.034 95.929 95.802 95.729 95.709 95.522 94.767 94.642 94.504 94.537 94.434 93.632 93.507 92.862 91.172 90.602 90.109 89.874 89.779 89.774 89.384 88.554 87.797 87.277 87.019 86.877 86.879 87.339 87.977 88.019 87.689 87.244 87.057 87.159 87.347 87.304 87.302 87.624 87.954 88.379 88.469 88.942 89.719 90.172 90.254 90.234 90.149 90.007 89.884 89.769 89.672 89.567 89.464 89.349 89.257 89.142 89.039 88.939 88.852 88.772 88.702 88.612 88.529
