All_lidar/sz5694_DSM_2M.asc
ncols 500
nrows 500
xllcorner    456000
yllcorner    94000
cellsize     2
NODATA_value -9999
[rows 224 to 255 of 500, columns 284 to 354 of 500]
-2.137 -2.152 -2.124 -2.192 -2.197 -2.229 -2.217 -2.162 -2.214 -2.244 -2.177 -2.194 -2.164 -2.179 -2.182 -2.134 -2.237 -2.174 -2.207 -2.199 -2.187 -2.197 -2.197 -2.214 -2.182 -2.179 -2.234 -2.267 -2.209 -2.174 -2.159 -2.247 -2.214 -2.179 -2.129 -2.242 -2.237 -2.149 -2.179 -2.169 -2.199 -2.162 -2.214 -2.152 -2.202 -2.174 -2.144 -2.204 -2.164 -2.102 -2.099 -2.204 -2.214 -2.202 -2.162 -2.162 -2.182 -2.094 -2.164 -2.224 -2.102 -2.159 -2.202 -2.277 -2.119 -2.174 -2.164 -2.187 -2.237 -2.139 -2.104
-2.142 -2.174 -2.157 -2.187 -2.167 -2.209 -2.254 -2.169 -2.234 -2.199 -2.162 -2.164 -2.194 -2.227 -2.242 -2.139 -2.222 -2.169 -2.217 -2.224 -2.249 -2.217 -2.172 -2.207 -2.189 -2.219 -2.239 -2.194 -2.202 -2.182 -2.184 -2.204 -2.264 -2.172 -2.162 -2.249 -2.229 -2.142 -2.134 -2.159 -2.187 -2.152 -2.239 -2.199 -2.174 -2.164 -2.177 -2.204 -2.152 -2.129 -2.109 -2.182 -2.224 -2.204 -2.104 -2.157 -2.154 -2.087 -2.132 -2.242 -2.142 -2.162 -2.192 -2.187 -2.177 -2.174 -2.192 -2.184 -2.174 -2.149 -2.079
-2.149 -2.212 -2.179 -2.152 -2.212 -2.204 -2.182 -2.204 -2.237 -2.132 -2.187 -2.174 -2.137 -2.214 -2.159 -2.149 -2.234 -2.279 -2.182 -2.252 -2.279 -2.182 -2.172 -2.174 -2.192 -2.257 -2.249 -2.142 -2.242 -2.224 -2.184 -2.179 -2.282 -2.147 -2.152 -2.202 -2.239 -2.144 -2.142 -2.182 -2.159 -2.194 -2.239 -2.189 -2.194 -2.124 -2.212 -2.174 -2.157 -2.217 -2.134 -2.177 -2.229 -2.162 -2.067 -2.149 -2.129 -2.154 -2.147 -2.299 -2.202 -2.129 -2.154 -2.214 -2.187 -2.142 -2.139 -2.174 -2.254 -2.152 -2.132
-2.217 -2.197 -2.187 -2.154 -2.159 -2.209 -2.214 -2.154 -2.149 -2.134 -2.197 -2.167 -2.134 -2.239 -2.137 -2.162 -2.189 -2.217 -2.189 -2.212 -2.262 -2.244 -2.152 -2.167 -2.244 -2.252 -2.182 -2.154 -2.237 -2.294 -2.204 -2.187 -2.297 -2.187 -2.157 -2.164 -2.239 -2.149 -2.139 -2.229 -2.232 -2.207 -2.242 -2.199 -2.202 -2.079 -2.187 -2.252 -2.107 -2.162 -2.189 -2.197 -2.204 -2.147 -2.134 -2.112 -2.127 -2.239 -2.127 -2.249 -2.179 -2.187 -2.184 -2.199 -2.144 -2.199 -2.149 -2.147 -2.232 -2.177 -2.177
-2.154 -2.302 -2.222 -2.154 -2.149 -2.182 -2.262 -2.202 -2.127 -2.169 -2.212 -2.127 -2.184 -2.252 -2.139 -2.209 -2.232 -2.182 -2.164 -2.189 -2.219 -2.247 -2.152 -2.124 -2.184 -2.239 -2.199 -2.214 -2.264 -2.312 -2.182 -2.239 -2.284 -2.184 -2.202 -2.164 -2.254 -2.214 -2.137 -2.234 -2.237 -2.262 -2.179 -2.254 -2.174 -2.102 -2.217 -2.257 -2.112 -2.147 -2.177 -2.199 -2.192 -2.204 -2.129 -2.154 -2.199 -2.257 -2.107 -2.219 -2.172 -2.172 -2.162 -2.117 -2.104 -2.267 -2.167 -2.082 -2.207 -2.177 -2.219
-2.194 -2.202 -2.287 -2.147 -2.142 -2.169 -2.259 -2.174 -2.177 -2.222 -2.199 -2.139 -2.179 -2.177 -2.109 -2.224 -2.209 -2.169 -2.152 -2.157 -2.239 -2.274 -2.184 -2.117 -2.267 -2.274 -2.159 -2.174 -2.269 -2.247 -2.194 -2.219 -2.219 -2.164 -2.254 -2.202 -2.284 -2.292 -2.159 -2.189 -2.242 -2.152 -2.187 -2.199 -2.197 -2.087 -2.242 -2.262 -2.127 -2.162 -2.182 -2.162 -2.224 -2.207 -2.117 -2.137 -2.209 -2.212 -2.102 -2.164 -2.169 -2.197 -2.147 -2.144 -2.092 -2.192 -2.147 -2.147 -2.172 -2.169 -2.179
-2.182 -2.247 -2.259 -2.157 -2.117 -2.189 -2.262 -2.207 -2.147 -2.162 -2.134 -2.134 -2.202 -2.172 -2.064 -2.217 -2.169 -2.177 -2.149 -2.162 -2.229 -2.277 -2.107 -2.119 -2.267 -2.259 -2.144 -2.212 -2.224 -2.192 -2.199 -2.179 -2.174 -2.269 -2.227 -2.172 -2.167 -2.259 -2.152 -2.227 -2.244 -2.184 -2.184 -2.262 -2.169 -2.167 -2.244 -2.189 -2.152 -2.197 -2.187 -2.192 -2.197 -2.144 -2.072 -2.144 -2.217 -2.229 -2.099 -2.152 -2.144 -2.197 -2.197 -2.172 -2.219 -2.189 -2.162 -2.144 -2.139 -2.167 -2.217
-2.172 -2.217 -2.239 -2.247 -2.154 -2.174 -2.259 -2.189 -2.202 -2.174 -2.137 -2.157 -2.247 -2.192 -2.184 -2.254 -2.167 -2.187 -2.159 -2.204 -2.222 -2.232 -2.152 -2.164 -2.287 -2.254 -2.162 -2.202 -2.234 -2.202 -2.197 -2.179 -2.209 -2.299 -2.249 -2.209 -2.114 -2.267 -2.204 -2.149 -2.229 -2.182 -2.172 -2.239 -2.212 -2.152 -2.144 -2.202 -2.187 -2.157 -2.127 -2.197 -2.199 -2.164 -2.152 -2.157 -2.207 -2.187 -2.144 -2.132 -2.154 -2.229 -2.164 -2.154 -2.237 -2.147 -2.124 -2.164 -2.117 -2.187 -2.172
-2.194 -2.217 -2.259 -2.252 -2.224 -2.167 -2.247 -2.189 -2.207 -2.164 -2.149 -2.269 -2.242 -2.162 -2.119 -2.167 -2.224 -2.162 -2.197 -2.159 -2.262 -2.237 -2.144 -2.187 -2.259 -2.177 -2.164 -2.169 -2.184 -2.222 -2.214 -2.224 -2.187 -2.249 -2.282 -2.154 -2.134 -2.269 -2.179 -2.202 -2.204 -2.207 -2.179 -2.189 -2.207 -2.184 -2.237 -2.207 -2.159 -2.127 -2.142 -2.212 -2.229 -2.132 -2.112 -2.169 -2.224 -2.162 -2.169 -2.182 -2.202 -2.214 -2.182 -2.172 -2.182 -2.159 -2.139 -2.204 -2.172 -2.154 -2.144
-2.112 -2.219 -2.214 -2.192 -2.184 -2.137 -2.184 -2.217 -2.132 -2.157 -2.127 -2.264 -2.239 -2.144 -2.169 -2.204 -2.217 -2.187 -2.157 -2.204 -2.267 -2.229 -2.139 -2.182 -2.212 -2.154 -2.192 -2.192 -2.192 -2.209 -2.237 -2.194 -2.204 -2.284 -2.272 -2.174 -2.147 -2.254 -2.152 -2.227 -2.212 -2.264 -2.187 -2.267 -2.207 -2.177 -2.169 -2.182 -2.184 -2.157 -2.169 -2.162 -2.282 -2.122 -2.124 -2.157 -2.189 -2.194 -2.152 -2.139 -2.202 -2.157 -2.182 -2.199 -2.199 -2.162 -2.122 -2.152 -2.212 -2.119 -2.189
-2.194 -2.167 -2.164 -2.199 -2.242 -2.132 -2.257 -2.227 -2.154 -2.159 -2.127 -2.252 -2.249 -2.179 -2.239 -2.222 -2.237 -2.204 -2.149 -2.182 -2.292 -2.224 -2.224 -2.212 -2.197 -2.182 -2.132 -2.147 -2.179 -2.227 -2.217 -2.207 -2.227 -2.279 -2.229 -2.159 -2.109 -2.279 -2.169 -2.172 -2.277 -2.202 -2.244 -2.204 -2.249 -2.174 -2.182 -2.142 -2.152 -2.194 -2.172 -2.189 -2.244 -2.214 -2.139 -2.137 -2.222 -2.172 -2.174 -2.159 -2.167 -2.137 -2.199 -2.167 -2.137 -2.142 -2.127 -2.182 -2.152 -2.157 -2.207
-2.204 -2.199 -2.177 -2.194 -2.242 -2.142 -2.144 -2.242 -2.187 -2.189 -2.204 -2.267 -2.287 -2.157 -2.184 -2.174 -2.124 -2.209 -2.182 -2.142 -2.239 -2.254 -2.242 -2.274 -2.172 -2.202 -2.189 -2.132 -2.184 -2.257 -2.229 -2.229 -2.199 -2.222 -2.204 -2.167 -2.102 -2.194 -2.189 -2.229 -2.294 -2.227 -2.142 -2.224 -2.312 -2.179 -2.189 -2.167 -2.224 -2.232 -2.162 -2.207 -2.194 -2.187 -2.142 -2.144 -2.222 -2.174 -2.194 -2.172 -2.157 -2.177 -2.244 -2.134 -2.164 -2.194 -2.162 -2.207 -2.174 -2.114 -2.134
-2.247 -2.202 -2.157 -2.184 -2.249 -2.137 -2.199 -2.262 -2.217 -2.197 -2.189 -2.159 -2.209 -2.152 -2.147 -2.212 -2.162 -2.204 -2.214 -2.189 -2.279 -2.232 -2.239 -2.237 -2.187 -2.179 -2.237 -2.157 -2.214 -2.289 -2.232 -2.157 -2.259 -2.234 -2.239 -2.207 -2.189 -2.192 -2.184 -2.247 -2.277 -2.244 -2.182 -2.219 -2.299 -2.169 -2.187 -2.204 -2.257 -2.207 -2.182 -2.214 -2.212 -2.189 -2.182 -2.187 -2.197 -2.214 -2.184 -2.159 -2.137 -2.189 -2.259 -2.142 -2.142 -2.212 -2.204 -2.177 -2.127 -2.102 -2.172
-2.212 -2.232 -2.227 -2.159 -2.222 -2.104 -2.177 -2.257 -2.207 -2.159 -2.192 -2.252 -2.229 -2.187 -2.144 -2.222 -2.139 -2.207 -2.229 -2.219 -2.267 -2.294 -2.174 -2.184 -2.212 -2.217 -2.202 -2.174 -2.192 -2.267 -2.269 -2.189 -2.229 -2.239 -2.177 -2.184 -2.174 -2.222 -2.154 -2.167 -2.192 -2.209 -2.234 -2.247 -2.259 -2.117 -2.179 -2.219 -2.247 -2.164 -2.167 -2.189 -2.187 -2.167 -2.249 -2.252 -2.172 -2.237 -2.172 -2.114 -2.139 -2.274 -2.227 -2.154 -2.154 -2.194 -2.197 -2.127 -2.174 -2.149 -2.159
-2.292 -2.282 -2.237 -2.164 -2.187 -2.192 -2.169 -2.232 -2.234 -2.177 -2.199 -2.202 -2.207 -2.172 -2.219 -2.199 -2.194 -2.229 -2.154 -2.189 -2.222 -2.259 -2.239 -2.214 -2.247 -2.177 -2.222 -2.167 -2.162 -2.192 -2.224 -2.197 -2.227 -2.212 -2.167 -2.212 -2.199 -2.169 -2.132 -2.147 -2.227 -2.174 -2.187 -2.364 -2.274 -2.182 -2.192 -2.217 -2.239 -2.237 -2.174 -2.224 -2.244 -2.184 -2.167 -2.229 -2.189 -2.182 -2.212 -2.122 -2.147 -2.234 -2.184 -2.112 -2.137 -2.174 -2.157 -2.177 -2.167 -2.177 -2.179
-2.312 -2.252 -2.187 -2.119 -2.247 -2.289 -2.124 -2.162 -2.247 -2.219 -2.224 -2.177 -2.244 -2.182 -2.172 -2.244 -2.197 -2.204 -2.222 -2.119 -2.257 -2.287 -2.232 -2.202 -2.237 -2.224 -2.249 -2.157 -2.184 -2.212 -2.229 -2.339 -2.219 -2.159 -2.154 -2.184 -2.174 -2.152 -2.172 -2.149 -2.289 -2.197 -2.187 -2.214 -2.242 -2.214 -2.214 -2.254 -2.197 -2.272 -2.134 -2.174 -2.272 -2.197 -2.239 -2.174 -2.219 -2.219 -2.207 -2.092 -2.152 -2.287 -2.229 -2.157 -2.157 -2.219 -2.134 -2.197 -2.137 -2.149 -2.212
-2.254 -2.289 -2.227 -2.209 -2.227 -2.267 -2.127 -2.179 -2.214 -2.244 -2.227 -2.162 -2.259 -2.142 -2.117 -2.167 -2.109 -2.137 -2.144 -2.132 -2.204 -2.269 -2.232 -2.172 -2.269 -2.247 -2.227 -2.227 -2.149 -2.227 -2.144 -2.224 -2.224 -2.209 -2.254 -2.234 -2.212 -2.072 -2.142 -2.212 -2.224 -2.209 -2.242 -2.234 -2.247 -2.197 -2.232 -2.194 -2.249 -2.222 -2.144 -2.162 -2.267 -2.219 -2.212 -2.159 -2.179 -2.214 -2.227 -2.144 -2.159 -2.209 -2.252 -2.192 -2.159 -2.302 -2.194 -2.194 -2.164 -2.137 -2.259
-2.167 -2.252 -2.287 -2.222 -2.152 -2.282 -2.129 -2.162 -2.182 -2.227 -2.197 -2.267 -2.224 -2.152 -2.144 -2.174 -2.182 -2.202 -2.192 -2.157 -2.219 -2.309 -2.282 -2.247 -2.239 -2.207 -2.229 -2.199 -2.114 -2.344 -2.174 -2.134 -2.142 -2.209 -2.172 -2.152 -2.182 -2.162 -2.149 -2.222 -2.207 -2.197 -2.239 -2.209 -2.194 -2.144 -2.189 -2.222 -2.199 -2.194 -2.179 -2.162 -2.272 -2.207 -2.242 -2.137 -2.194 -2.189 -2.244 -2.144 -2.202 -2.302 -2.214 -2.144 -2.197 -2.237 -2.154 -2.239 -2.164 -2.142 -2.244
-2.232 -2.287 -2.247 -2.152 -2.182 -2.289 -2.202 -2.169 -2.194 -2.249 -2.202 -2.222 -2.302 -2.144 -2.067 -2.214 -2.142 -2.134 -2.169 -2.212 -2.207 -2.262 -2.242 -2.192 -2.187 -2.249 -2.217 -2.244 -2.222 -2.269 -2.249 -2.174 -2.282 -2.262 -2.164 -2.112 -2.249 -2.134 -2.162 -2.219 -2.239 -2.237 -2.222 -2.207 -2.199 -2.137 -2.232 -2.287 -2.137 -2.187 -2.159 -2.199 -2.224 -2.242 -2.232 -2.134 -2.224 -2.222 -2.202 -2.152 -2.162 -2.279 -2.227 -2.129 -2.192 -2.197 -2.079 -2.177 -2.162 -2.184 -2.144
-2.229 -2.279 -2.187 -2.132 -2.169 -2.197 -2.187 -2.142 -2.247 -2.237 -2.237 -2.239 -2.219 -2.152 -2.044 -2.269 -2.197 -2.124 -2.227 -2.239 -2.269 -2.287 -2.264 -2.154 -2.147 -2.237 -2.129 -2.164 -2.232 -2.294 -2.224 -2.192 -2.299 -2.249 -2.199 -2.147 -2.294 -2.209 -2.112 -2.177 -2.184 -2.184 -2.167 -2.222 -2.174 -2.182 -2.157 -2.227 -2.127 -2.127 -2.179 -2.142 -2.184 -2.199 -2.202 -2.147 -2.172 -2.304 -2.212 -2.214 -2.212 -2.324 -2.239 -2.124 -2.192 -2.174 -2.129 -2.227 -2.159 -2.187 -2.202
-2.292 -2.247 -2.199 -2.169 -2.177 -2.169 -2.139 -2.147 -2.222 -2.224 -2.184 -2.197 -2.284 -2.134 -2.072 -2.214 -2.242 -2.142 -2.259 -2.207 -2.212 -2.247 -2.217 -2.184 -2.187 -2.227 -2.109 -2.104 -2.252 -2.244 -2.182 -2.269 -2.289 -2.249 -2.257 -2.182 -2.202 -2.142 -2.124 -2.224 -2.267 -2.204 -2.144 -2.192 -2.204 -2.197 -2.219 -2.324 -2.154 -2.187 -2.217 -2.109 -2.164 -2.239 -2.179 -2.169 -2.199 -2.214 -2.167 -2.177 -2.152 -2.249 -2.214 -2.172 -2.189 -2.197 -2.169 -2.237 -2.207 -2.132 -2.234
-2.247 -2.227 -2.214 -2.192 -2.139 -2.204 -2.212 -2.137 -2.264 -2.187 -2.194 -2.217 -2.234 -2.124 -2.159 -2.214 -2.207 -2.174 -2.229 -2.192 -2.249 -2.254 -2.142 -2.177 -2.214 -2.152 -2.109 -2.097 -2.254 -2.254 -2.142 -2.244 -2.322 -2.254 -2.202 -2.179 -2.144 -2.217 -2.167 -2.227 -2.257 -2.217 -2.167 -2.187 -2.222 -2.229 -2.192 -2.294 -2.144 -2.277 -2.202 -2.102 -2.189 -2.242 -2.189 -2.177 -2.232 -2.194 -2.177 -2.212 -2.149 -2.274 -2.172 -2.152 -2.207 -2.182 -2.167 -2.279 -2.214 -2.142 -2.229
-2.267 -2.202 -2.177 -2.192 -2.164 -2.124 -2.164 -2.202 -2.217 -2.229 -2.187 -2.269 -2.272 -2.079 -2.074 -2.227 -2.184 -2.194 -2.257 -2.189 -2.269 -2.262 -2.184 -2.097 -2.159 -2.204 -2.194 -2.117 -2.174 -2.274 -2.107 -2.237 -2.194 -2.214 -2.234 -2.189 -2.184 -2.217 -2.159 -2.189 -2.277 -2.152 -2.129 -2.189 -2.204 -2.212 -2.182 -2.214 -2.164 -2.229 -2.209 -2.032 -2.179 -2.234 -2.157 -2.134 -2.239 -2.147 -2.182 -2.182 -2.179 -2.279 -2.199 -2.152 -2.229 -2.177 -2.132 -2.199 -2.194 -2.112 -2.239
-2.217 -2.187 -2.252 -2.184 -2.217 -2.114 -2.164 -2.237 -2.174 -2.217 -2.152 -2.164 -2.234 -2.087 -2.077 -2.179 -2.172 -2.229 -2.262 -2.262 -2.237 -2.242 -2.229 -2.197 -2.229 -2.144 -2.137 -2.164 -2.234 -2.182 -2.119 -2.237 -2.194 -2.244 -2.197 -2.204 -2.229 -2.282 -2.219 -2.204 -2.287 -2.189 -2.144 -2.224 -2.224 -2.232 -2.252 -2.199 -2.152 -2.224 -2.254 -2.124 -2.147 -2.309 -2.117 -2.154 -2.274 -2.179 -2.152 -2.172 -2.209 -2.259 -2.219 -2.229 -2.267 -2.202 -2.167 -2.212 -2.204 -2.182 -2.182
-2.194 -2.174 -2.234 -2.249 -2.142 -2.159 -2.237 -2.239 -2.209 -2.232 -2.177 -2.157 -2.204 -2.167 -2.179 -2.169 -2.209 -2.172 -2.202 -2.249 -2.282 -2.257 -2.142 -2.174 -2.244 -2.229 -2.079 -2.192 -2.212 -2.142 -2.169 -2.252 -2.229 -2.222 -2.177 -2.152 -2.179 -2.237 -2.194 -2.232 -2.274 -2.207 -2.232 -2.174 -2.192 -2.264 -2.184 -2.184 -2.117 -2.207 -2.207 -2.134 -2.182 -2.257 -2.197 -2.162 -2.224 -2.159 -2.124 -2.222 -2.227 -2.157 -2.159 -2.189 -2.199 -2.182 -2.144 -2.214 -2.189 -2.192 -2.172
-2.199 -2.129 -2.197 -2.197 -2.149 -2.154 -2.239 -2.239 -2.242 -2.249 -2.249 -2.127 -2.234 -2.222 -2.164 -2.137 -2.192 -2.217 -2.147 -2.244 -2.232 -2.207 -2.212 -2.162 -2.237 -2.237 -2.114 -2.192 -2.277 -2.114 -2.167 -2.252 -2.189 -2.222 -2.219 -2.192 -2.229 -2.192 -2.127 -2.254 -2.242 -2.252 -2.237 -2.189 -2.192 -2.229 -2.199 -2.159 -2.144 -2.217 -2.254 -2.152 -2.124 -2.187 -2.157 -2.207 -2.212 -2.149 -2.152 -2.189 -2.219 -2.177 -2.164 -2.202 -2.164 -2.162 -2.172 -2.192 -2.219 -2.202 -2.204
-2.149 -2.179 -2.217 -2.314 -2.217 -2.172 -2.254 -2.282 -2.217 -2.184 -2.247 -2.204 -2.229 -2.227 -2.167 -2.164 -2.227 -2.207 -2.232 -2.247 -2.189 -2.109 -2.199 -2.212 -2.204 -2.172 -2.134 -2.222 -2.227 -2.064 -2.177 -2.279 -2.184 -2.227 -2.189 -2.082 -2.197 -2.192 -2.182 -2.239 -2.209 -2.217 -2.197 -2.212 -2.202 -2.189 -2.269 -2.219 -2.219 -2.249 -2.224 -2.202 -2.187 -2.154 -2.152 -2.234 -2.219 -2.112 -2.159 -2.232 -2.242 -2.189 -2.182 -2.164 -2.122 -2.147 -2.207 -2.224 -2.232 -2.194 -2.157
-2.132 -2.199 -2.232 -2.269 -2.254 -2.142 -2.224 -2.222 -2.162 -2.204 -2.239 -2.234 -2.242 -2.242 -2.204 -2.197 -2.189 -2.179 -2.202 -2.227 -2.224 -2.197 -2.134 -2.202 -2.229 -2.209 -2.229 -2.232 -2.264 -2.212 -2.224 -2.209 -2.192 -2.162 -2.222 -2.137 -2.157 -2.172 -2.214 -2.202 -2.197 -2.187 -2.182 -2.212 -2.252 -2.244 -2.289 -2.179 -2.212 -2.234 -2.232 -2.247 -2.227 -2.159 -2.199 -2.254 -2.237 -2.167 -2.247 -2.202 -2.187 -2.197 -2.192 -2.202 -2.174 -2.204 -2.182 -2.194 -2.174 -2.207 -2.177
-2.137 -2.204 -2.262 -2.244 -2.247 -2.152 -2.244 -2.202 -2.162 -2.204 -2.212 -2.202 -2.219 -2.227 -2.207 -2.179 -2.187 -2.209 -2.187 -2.237 -2.199 -2.217 -2.182 -2.147 -2.164 -2.194 -2.197 -2.177 -2.239 -2.199 -2.237 -2.237 -2.234 -2.199 -2.237 -2.144 -2.164 -2.172 -2.192 -2.219 -2.174 -2.172 -2.187 -2.217 -2.207 -2.202 -2.217 -2.234 -2.149 -2.169 -2.229 -2.224 -2.167 -2.144 -2.244 -2.322 -2.242 -2.242 -2.209 -2.194 -2.122 -2.197 -2.242 -2.152 -2.114 -2.177 -2.229 -2.154 -2.179 -2.147 -2.162
-2.217 -2.197 -2.232 -2.247 -2.212 -2.197 -2.267 -2.197 -2.132 -2.209 -2.229 -2.182 -2.207 -2.182 -2.192 -2.239 -2.207 -2.192 -2.184 -2.197 -2.187 -2.204 -2.147 -2.162 -2.242 -2.259 -2.139 -2.144 -2.132 -2.232 -2.184 -2.257 -2.199 -2.154 -2.252 -2.134 -2.197 -2.179 -2.212 -2.164 -2.194 -2.149 -2.177 -2.254 -2.214 -2.157 -2.227 -2.224 -2.202 -2.152 -2.214 -2.209 -2.182 -2.197 -2.294 -2.244 -2.207 -2.157 -2.217 -2.214 -2.114 -2.187 -2.252 -2.199 -2.202 -2.209 -2.157 -2.187 -2.207 -2.142 -2.132
-2.172 -2.194 -2.257 -2.319 -2.199 -2.242 -2.242 -2.209 -2.142 -2.192 -2.219 -2.214 -2.207 -2.169 -2.209 -2.207 -2.247 -2.247 -2.222 -2.259 -2.192 -2.084 -2.087 -2.162 -2.242 -2.249 -2.202 -2.152 -2.172 -2.159 -2.177 -2.249 -2.167 -2.172 -2.297 -2.187 -2.122 -2.244 -2.237 -2.164 -2.199 -2.224 -2.174 -2.232 -2.242 -2.157 -2.257 -2.192 -2.187 -2.132 -2.192 -2.239 -2.184 -2.212 -2.299 -2.214 -2.197 -2.167 -2.254 -2.157 -2.172 -2.209 -2.279 -2.204 -2.177 -2.219 -2.129 -2.194 -2.214 -2.129 -2.147
-2.167 -2.184 -2.154 -2.179 -2.199 -2.227 -2.254 -2.259 -2.212 -2.159 -2.152 -2.254 -2.192 -2.089 -2.207 -2.229 -2.212 -2.212 -2.214 -2.272 -2.207 -2.099 -2.129 -2.224 -2.229 -2.212 -2.219 -2.114 -2.172 -2.192 -2.247 -2.234 -2.134 -2.187 -2.292 -2.207 -2.179 -2.237 -2.247 -2.162 -2.289 -2.209 -2.159 -2.244 -2.189 -2.169 -2.202 -2.169 -2.189 -2.177 -2.174 -2.249 -2.184 -2.179 -2.269 -2.187 -2.187 -2.257 -2.194 -2.204 -2.134 -2.224 -2.239 -2.159 -2.179 -2.199 -2.152 -2.159 -2.209 -2.067 -2.134
