All_lidar/sz5687_DSM_2M.asc
ncols 500
nrows 500
xllcorner    456000
yllcorner    87000
cellsize     2
NODATA_value -9999
[rows 155 to 185 of 500, columns 142 to 212 of 500]
77.685 77.75 77.835 77.887 77.962 77.992 77.947 77.99 78.025 78.005 78.06 78.037 77.962 78.007 77.932 77.865 77.862 77.792 77.705 77.605 77.472 77.332 77.297 77.115 77.01 76.917 76.862 76.775 76.717 77.167 78.135 76.822 76.117 76.115 76.142 76.377 75.765 74.905 74.612 74.282 74.205 74.182 74.102 73.962 73.85 73.725 73.627 73.557 73.457 73.357 73.245 73.137 73.045 72.925 72.782 72.632 72.457 72.292 72.095 71.912 71.7 71.51 71.305 71.095 70.882 70.68 70.48 70.267 70.082 69.88 69.665
77.66 77.747 77.827 77.882 77.897 77.882 77.965 77.97 77.957 77.97 78.002 77.97 77.935 77.895 77.815 77.782 77.732 77.675 77.58 77.475 77.37 77.26 77.162 77.015 76.952 76.865 76.82 76.862 77.412 78 76.69 76.167 76.175 76.11 76.082 76.685 74.767 74.772 74.487 74.222 74.1 74.03 73.97 73.832 73.727 73.597 73.482 73.35 73.272 73.157 73.055 72.922 72.817 72.68 72.54 72.395 72.2 72.035 71.835 71.645 71.45 71.252 71.037 70.832 70.645 70.42 70.22 70.037 69.855 69.622 69.43
77.59 77.67 77.742 77.797 77.817 77.855 77.87 77.887 77.915 77.912 77.932 77.895 77.862 77.832 77.745 77.767 77.67 77.542 77.452 77.39 77.325 77.202 77.085 77.01 76.91 77.007 77.355 77.83 77.937 76.615 76.25 76.19 76.165 76.04 76.437 75.667 74.842 74.72 74.475 74.16 74.005 73.925 73.847 73.74 73.647 73.507 73.37 73.257 73.14 73.027 72.902 72.75 72.632 72.51 72.355 72.21 72.032 71.842 71.637 71.452 71.275 71.055 70.857 70.64 70.465 70.262 70.04 69.86 69.66 69.46 69.247
77.547 77.602 77.685 77.737 77.762 77.762 77.775 77.765 77.825 77.835 77.825 77.84 77.775 77.712 77.68 77.597 77.577 77.505 77.457 77.357 77.252 77.152 77.16 77.182 77.522 77.905 77.967 77.367 76.315 76.267 76.255 76.2 76.06 75.88 75.65 74.83 74.94 74.75 74.49 74.2 74.002 73.87 73.73 73.6 73.47 73.312 73.19 73.082 72.965 72.84 72.717 72.58 72.447 72.305 72.157 72.007 71.81 71.627 71.425 71.247 71.072 70.882 70.672 70.455 70.252 70.07 69.87 69.695 69.48 69.31 69.11
77.45 77.527 77.54 77.575 77.625 77.637 77.66 77.71 77.722 77.735 77.735 77.72 77.667 77.637 77.617 77.58 77.54 77.455 77.355 77.365 77.365 77.542 77.997 78.12 77.952 77.187 76.505 76.29 76.302 76.232 76.177 76.057 75.87 76.037 74.96 74.967 74.92 74.742 74.38 74.12 73.965 73.735 73.712 73.477 73.372 73.227 73.057 72.92 72.792 72.685 72.56 72.51 72.305 72.152 72.012 71.797 71.637 71.515 71.305 71.055 70.95 70.665 70.627 70.372 70.11 69.927 69.757 69.54 69.332 69.365 69.15
77.377 77.442 77.497 77.5 77.552 77.547 77.6 77.67 77.665 77.672 77.675 77.635 77.607 77.607 77.6 77.642 77.555 77.63 77.78 77.647 78.217 78.695 77.872 77.022 76.505 76.392 76.357 76.307 76.287 76.217 76.407 76.637 76.447 75.78 75.102 75.365 75.102 74.885 74.167 74.375 74.047 73.892 73.99 73.572 73.527 73.437 73.012 72.907 72.455 72.912 72.842 72.877 72.527 72.365 71.967 72 71.737 71.592 71.557 71.182 71.037 70.75 70.537 70.35 70.117 69.835 69.942 69.542 69.055 69.04 68.862
77.34 77.432 77.42 77.475 77.495 77.52 77.55 77.605 77.58 77.58 77.625 77.647 77.627 77.895 77.907 78.177 78.437 78.252 77.815 77.207 77.042 76.747 76.527 76.502 76.455 76.437 76.372 76.37 76.67 76.79 76.992 76.035 75.367 74.535 74.405 74.442 74.122 73.872 73.715 73.595 73.432 73.26 73.102 72.91 72.77 72.602 72.405 72.245 72.11 71.982 71.83 71.685 71.51 71.325 71.172 70.992 70.877 70.652 70.472 70.275 70.105 69.905 69.762 69.59 69.412 69.207 69.032 68.852 68.682 68.512 68.317
77.242 77.322 77.367 77.402 77.402 77.45 77.495 77.535 77.565 77.615 77.922 78.075 78.627 78.572 78.407 78.117 77.485 77.09 76.815 76.687 76.637 76.6 76.585 76.507 76.472 76.487 76.75 76.67 76.545 75.26 74.97 74.892 74.71 74.557 74.407 74.25 74.072 73.88 73.737 73.567 73.37 73.17 73.027 72.852 72.68 72.535 72.38 72.235 72.067 71.892 71.692 71.55 71.39 71.22 71.06 70.907 70.735 70.537 70.372 70.182 70.007 69.83 69.635 69.475 69.32 69.142 68.955 68.785 68.617 68.42 68.247
77.13 77.177 77.23 77.337 77.45 77.545 77.695 78.207 78.405 78.575 78.68 78.277 77.902 77.567 77.177 77.037 76.897 76.832 76.78 76.72 76.652 76.625 76.57 76.66 76.845 76.697 76.072 75.437 75.215 75.052 74.912 74.805 74.662 74.525 74.357 74.187 74.017 73.857 73.685 73.512 73.332 73.15 72.945 72.777 72.587 72.432 72.275 72.115 71.935 71.772 71.595 71.44 71.272 71.125 70.962 70.792 70.632 70.465 70.292 70.09 69.917 69.735 69.542 69.367 69.215 69.04 68.882 68.675 68.525 68.345 68.162
77.585 77.865 78.15 78.2 78.575 78.692 78.597 78.205 77.887 77.66 77.407 77.292 77.187 77.13 77.085 77.01 76.937 76.887 76.8 76.722 76.762 76.852 76.87 76.41 75.972 75.477 75.402 75.302 75.17 75.04 74.9 74.762 74.605 74.422 74.252 74.077 73.925 73.762 73.595 73.407 73.23 73.07 72.877 72.7 72.525 72.355 72.185 71.997 71.817 71.68 71.487 71.352 71.187 71.017 70.847 70.657 70.51 70.335 70.165 69.967 69.772 69.61 69.412 69.25 69.082 68.93 68.732 68.575 68.42 68.265 68.087
78.392 78.292 78.235 77.762 77.7 77.6 77.497 77.437 77.372 77.365 77.355 77.297 77.27 77.185 77.097 77.042 77.09 77.1 76.842 76.802 77.077 76.787 76.215 75.635 75.61 75.537 75.435 75.285 75.142 74.992 74.837 74.65 74.487 74.345 74.185 74.01 73.865 73.675 73.5 73.322 73.165 72.977 72.797 72.602 72.422 72.245 72.097 71.897 71.722 71.555 71.4 71.237 71.065 70.872 70.7 70.507 70.345 70.172 70.025 69.852 69.635 69.47 69.28 69.097 68.952 68.795 68.625 68.472 68.292 68.155 67.97
77.48 77.545 77.595 77.557 77.542 77.49 77.475 77.52 77.502 77.455 77.387 77.352 77.367 77.44 77.475 77.4 77.747 77.3 76.84 76.52 76.28 75.965 75.877 75.787 75.68 75.52 75.382 75.23 75.062 74.905 74.762 74.582 74.422 74.28 74.107 73.932 73.772 73.602 73.415 73.247 73.075 72.905 72.695 72.51 72.312 72.115 71.947 71.77 71.59 71.45 71.242 71.075 70.887 70.715 70.535 70.35 70.185 70.032 69.84 69.66 69.485 69.33 69.132 68.977 68.812 68.66 68.507 68.332 68.165 68.025 67.87
77.655 77.675 77.675 77.65 77.627 77.602 77.565 77.537 77.535 77.605 77.835 78.29 77.63 77.607 76.792 76.735 76.6 76.572 76.507 76.357 76.205 76.05 75.925 75.8 75.647 75.46 75.307 75.155 75.025 74.872 74.697 74.53 74.355 74.195 74.032 73.862 73.717 73.532 73.365 73.21 73.02 72.837 72.612 72.437 72.225 72.012 71.842 71.635 71.475 71.307 71.13 70.945 70.752 70.605 70.437 70.262 70.085 69.922 69.745 69.582 69.417 69.24 69.055 68.892 68.727 68.562 68.42 68.265 68.125 67.985 67.84
77.727 77.71 77.735 77.72 77.695 77.837 78.102 78.292 78.12 77.692 77.055 77.155 76.93 76.94 76.877 76.777 76.65 76.56 76.457 76.322 76.205 76.055 75.912 75.745 75.567 75.42 75.275 75.122 74.977 74.807 74.637 74.462 74.295 74.14 73.967 73.827 73.672 73.505 73.33 73.157 72.955 72.765 72.58 72.357 72.175 71.947 71.767 71.58 71.405 71.205 71.042 70.882 70.697 70.517 70.367 70.17 70.02 69.875 69.7 69.505 69.352 69.185 69.012 68.852 68.677 68.517 68.38 68.215 68.085 67.942 67.805
77.762 77.752 77.955 78.347 78.682 78.117 77.707 77.247 77.197 77.172 77.137 77.085 77.027 76.94 76.875 76.775 76.682 76.555 76.402 76.28 76.125 76 75.84 75.705 75.56 75.387 75.23 75.067 74.91 74.745 74.6 74.402 74.247 74.087 73.927 73.785 73.627 73.472 73.295 73.122 72.922 72.73 72.525 72.31 72.11 71.907 71.72 71.54 71.342 71.137 70.962 70.79 70.615 70.455 70.265 70.115 69.967 69.795 69.632 69.455 69.285 69.102 68.935 68.767 68.605 68.45 68.317 68.175 68.037 67.895 67.725
78.342 78.652 78.007 77.757 77.305 77.327 77.35 77.29 77.237 77.217 77.172 77.112 77.04 76.94 76.865 76.747 76.655 76.512 76.377 76.237 76.095 75.94 75.822 75.695 75.53 75.352 75.205 75.047 74.88 74.712 74.542 74.382 74.212 74.065 73.905 73.745 73.585 73.455 73.26 73.052 72.892 72.685 72.49 72.267 72.055 71.85 71.657 71.455 71.265 71.08 70.895 70.717 70.557 70.355 70.185 70.047 69.877 69.727 69.557 69.405 69.242 69.077 68.877 68.707 68.532 68.382 68.25 68.087 67.947 67.81 67.682
78.177 77.57 77.39 77.392 77.4 77.345 77.345 77.357 77.247 77.215 77.135 77.075 76.972 76.9 76.817 76.745 76.635 76.49 76.367 76.245 76.115 75.96 75.812 75.675 75.51 75.362 75.217 75.045 74.867 74.69 74.515 74.337 74.162 74.017 73.857 73.712 73.565 73.405 73.222 73.03 72.84 72.645 72.432 72.207 71.987 71.8 71.59 71.4 71.18 71.002 70.817 70.635 70.427 70.272 70.11 69.955 69.81 69.652 69.492 69.31 69.152 68.962 68.787 68.62 68.427 68.312 68.16 68.005 67.865 67.73 67.58
77.48 77.452 77.435 77.405 77.41 77.365 77.33 77.31 77.22 77.18 77.107 77.032 76.982 76.922 76.837 76.752 76.645 76.53 76.402 76.24 76.105 75.975 75.835 75.685 75.532 75.38 75.207 75.002 74.852 74.672 74.47 74.302 74.122 73.982 73.817 73.655 73.51 73.36 73.167 72.987 72.792 72.61 72.38 72.165 71.94 71.745 71.532 71.327 71.13 70.922 70.725 70.55 70.357 70.195 70.015 69.865 69.715 69.545 69.39 69.222 69.05 68.892 68.715 68.542 68.387 68.235 68.107 67.942 67.79 67.655 67.535
77.49 77.472 77.46 77.43 77.377 77.345 77.325 77.292 77.237 77.18 77.122 77.057 76.997 76.927 76.857 76.762 76.635 76.53 76.397 76.285 76.13 75.972 75.822 75.685 75.522 75.35 75.192 75.015 74.845 74.662 74.485 74.325 74.135 73.96 73.802 73.652 73.47 73.317 73.112 72.93 72.745 72.547 72.337 72.115 71.895 71.705 71.472 71.262 71.057 70.86 70.662 70.477 70.267 70.11 69.972 69.787 69.622 69.467 69.32 69.137 68.98 68.825 68.66 68.492 68.347 68.202 68.045 67.907 67.762 67.652 67.53
77.487 77.44 77.427 77.392 77.375 77.377 77.347 77.322 77.267 77.205 77.15 77.067 77.005 76.925 76.86 76.767 76.65 76.552 76.42 76.282 76.142 75.995 75.83 75.695 75.525 75.365 75.195 75.025 74.865 74.695 74.5 74.322 74.152 73.945 73.79 73.627 73.457 73.272 73.085 72.905 72.717 72.495 72.297 72.075 71.85 71.645 71.425 71.21 71.01 70.8 70.595 70.4 70.232 70.062 69.892 69.727 69.567 69.382 69.23 69.075 68.93 68.765 68.607 68.437 68.285 68.15 68.017 67.867 67.737 67.615 67.46
77.487 77.47 77.467 77.44 77.42 77.395 77.385 77.35 77.3 77.237 77.182 77.087 77.027 76.967 76.887 76.787 76.675 76.575 76.445 76.292 76.132 75.99 75.825 75.675 75.537 75.367 75.18 75.025 74.867 74.682 74.5 74.325 74.125 73.955 73.787 73.602 73.417 73.242 73.065 72.885 72.682 72.452 72.247 72.032 71.815 71.6 71.382 71.165 70.975 70.77 70.555 70.365 70.182 69.987 69.827 69.647 69.492 69.335 69.177 69.03 68.875 68.707 68.54 68.372 68.227 68.085 67.945 67.8 67.69 67.575 67.442
77.5 77.5 77.5 77.465 77.477 77.452 77.42 77.34 77.32 77.26 77.192 77.13 77.07 76.992 76.915 76.822 76.712 76.575 76.425 76.275 76.1 75.987 75.822 75.652 75.5 75.355 75.205 75.032 74.862 74.687 74.505 74.305 74.092 73.917 73.735 73.567 73.382 73.217 73.03 72.837 72.645 72.435 72.23 72.02 71.79 71.565 71.355 71.157 70.942 70.715 70.512 70.312 70.095 69.927 69.74 69.567 69.422 69.272 69.102 68.955 68.802 68.655 68.475 68.337 68.175 68.032 67.907 67.76 67.662 67.542 67.412
77.582 77.592 77.575 77.53 77.54 77.485 77.465 77.405 77.367 77.312 77.257 77.18 77.125 77.047 76.962 76.867 76.742 76.607 76.457 76.287 76.157 75.975 75.807 75.675 75.515 75.322 75.187 75.015 74.825 74.655 74.475 74.282 74.1 73.907 73.732 73.54 73.37 73.202 73.017 72.817 72.61 72.407 72.222 71.992 71.77 71.522 71.315 71.087 70.867 70.64 70.427 70.24 70.04 69.882 69.697 69.535 69.365 69.205 69.07 68.912 68.77 68.595 68.435 68.272 68.122 68.01 67.887 67.757 67.647 67.517 67.405
77.702 77.667 77.66 77.605 77.592 77.577 77.53 77.48 77.44 77.39 77.315 77.265 77.172 77.082 76.987 76.917 76.75 76.627 76.475 76.317 76.175 75.995 75.82 75.677 75.497 75.352 75.165 75.005 74.827 74.667 74.47 74.275 74.102 73.895 73.717 73.525 73.352 73.192 72.995 72.795 72.595 72.372 72.185 71.957 71.732 71.515 71.272 71.065 70.822 70.585 70.377 70.197 69.997 69.825 69.642 69.482 69.317 69.147 68.975 68.837 68.712 68.512 68.38 68.255 68.092 67.96 67.857 67.745 67.625 67.507 67.375
77.782 77.785 77.755 77.715 77.69 77.677 77.632 77.572 77.517 77.437 77.387 77.312 77.202 77.15 77.037 76.945 76.792 76.652 76.497 76.35 76.2 76.015 75.875 75.7 75.522 75.367 75.182 75.007 74.837 74.662 74.477 74.287 74.097 73.915 73.697 73.52 73.337 73.157 72.945 72.762 72.552 72.357 72.155 71.927 71.705 71.477 71.262 71.022 70.785 70.56 70.342 70.147 69.947 69.752 69.595 69.422 69.27 69.11 68.955 68.805 68.662 68.5 68.347 68.205 68.085 67.955 67.84 67.72 67.607 67.49 67.365
77.875 77.875 77.86 77.832 77.807 77.76 77.745 77.68 77.612 77.542 77.467 77.365 77.287 77.192 77.095 76.96 76.827 76.695 76.512 76.385 76.235 76.07 75.89 75.72 75.562 75.38 75.192 75.005 74.855 74.665 74.482 74.28 74.082 73.9 73.71 73.495 73.34 73.14 72.947 72.76 72.557 72.37 72.142 71.93 71.69 71.46 71.235 71 70.76 70.515 70.337 70.112 69.917 69.705 69.562 69.365 69.222 69.05 68.905 68.777 68.62 68.49 68.34 68.19 68.072 67.942 67.81 67.702 67.59 67.472 67.38
77.997 77.995 77.987 77.947 77.917 77.847 77.82 77.762 77.697 77.6 77.527 77.455 77.365 77.257 77.142 77.03 76.885 76.75 76.587 76.435 76.265 76.107 75.92 75.755 75.585 75.392 75.22 75.035 74.845 74.677 74.497 74.3 74.11 73.92 73.722 73.517 73.335 73.135 72.955 72.762 72.56 72.35 72.147 71.922 71.69 71.45 71.207 70.99 70.757 70.522 70.3 70.09 69.887 69.722 69.537 69.355 69.195 69.052 68.917 68.77 68.627 68.482 68.33 68.192 68.065 67.932 67.792 67.702 67.582 67.48 67.385
78.137 78.115 78.107 78.055 78.01 77.945 77.882 77.837 77.75 77.707 77.61 77.535 77.442 77.327 77.205 77.072 76.945 76.792 76.665 76.487 76.335 76.16 75.967 75.79 75.605 75.417 75.235 75.05 74.842 74.687 74.51 74.292 74.117 73.915 73.737 73.517 73.35 73.142 72.955 72.762 72.555 72.365 72.127 71.912 71.705 71.47 71.24 70.995 70.77 70.547 70.31 70.102 69.905 69.707 69.55 69.37 69.207 69.027 68.887 68.775 68.617 68.482 68.345 68.202 68.072 67.92 67.825 67.72 67.627 67.517 67.432
78.262 78.215 78.217 78.142 78.09 78.042 77.975 77.95 77.857 77.807 77.707 77.635 77.512 77.422 77.3 77.167 77.025 76.877 76.72 76.547 76.4 76.195 76.012 75.84 75.63 75.46 75.267 75.095 74.895 74.712 74.51 74.322 74.135 73.942 73.727 73.537 73.347 73.152 72.957 72.76 72.557 72.352 72.145 71.942 71.712 71.457 71.247 71.017 70.79 70.57 70.35 70.117 69.922 69.732 69.557 69.365 69.215 69.055 68.895 68.782 68.63 68.502 68.357 68.222 68.09 67.965 67.855 67.755 67.645 67.55 67.457
78.375 78.352 78.317 78.267 78.2 78.167 78.1 78.06 77.937 77.907 77.802 77.727 77.61 77.51 77.385 77.252 77.11 76.972 76.812 76.617 76.462 76.25 76.075 75.9 75.67 75.507 75.315 75.117 74.94 74.745 74.542 74.347 74.155 73.942 73.737 73.532 73.362 73.17 72.98 72.772 72.582 72.377 72.177 71.965 71.747 71.49 71.26 71.047 70.817 70.585 70.375 70.152 69.935 69.74 69.577 69.377 69.215 69.062 68.927 68.782 68.647 68.497 68.39 68.227 68.12 68.005 67.892 67.78 67.682 67.595 67.51
78.525 78.482 78.465 78.42 78.36 78.305 78.235 78.15 78.07 78 77.925 77.817 77.722 77.615 77.48 77.342 77.192 77.052 76.88 76.705 76.545 76.335 76.152 75.96 75.76 75.565 75.362 75.15 74.98 74.777 74.595 74.375 74.167 73.965 73.767 73.57 73.372 73.17 72.985 72.782 72.585 72.397 72.207 71.99 71.765 71.525 71.292 71.052 70.842 70.625 70.385 70.182 69.965 69.782 69.582 69.425 69.247 69.087 68.93 68.787 68.67 68.53 68.402 68.295 68.165 68.042 67.927 67.815 67.717 67.642 67.55
