All_lidar/sz5690_DSM_2M.asc
ncols 500
nrows 500
xllcorner    456000
yllcorner    90000
cellsize     2
NODATA_value -9999
[rows 256 to 287 of 500, columns 0 to 72 of 500]
32.557 32.69 32.8 32.95 33.152 33.312 33.465 33.617 33.775 33.947 34.11 34.252 34.447 34.6 34.807 34.89 34.977 35.112 35.225 35.307 35.415 35.527 35.672 35.75 35.882 36.045 36.13 36.24 36.347 36.472 36.607 36.705 36.835 37.592 37.467 37.245 37.362 37.492 37.575 37.727 37.92 38.05 38.155 38.255 38.297 38.37 38.462 38.497 39.095 41.757 41.68 40.602 40.44 43.157 40.57 38.75 38.857 38.957 39.08 39.23 40.195 44.097 43.877 40.062 40.207 40.467 40.742 41.927 41.41 41.435 41.53 41.62 41.942
32.655 32.797 32.94 33.11 33.297 33.452 33.605 33.77 33.935 34.102 34.272 34.467 34.622 34.755 34.84 34.922 35.042 35.155 35.282 35.415 35.552 35.645 35.767 35.882 36.012 36.127 36.24 36.4 36.527 36.71 36.9 37.022 37.28 38.062 37.525 37.435 37.682 38.29 37.84 37.945 38.142 38.302 38.432 38.517 38.532 38.542 38.627 38.682 38.832 41.022 42.105 40.92 42.5 43.442 42.247 39.702 39.112 39.225 39.4 39.61 40.092 42.995 43.572 40.887 40.675 40.677 40.767 41.352 41.61 41.687 41.78 42.042 43.305
32.757 32.887 33.025 33.187 33.39 33.56 33.727 33.91 34.105 34.307 34.467 34.58 34.652 34.742 34.867 35.007 35.132 35.275 35.372 35.537 35.657 35.772 35.897 36.005 36.167 36.3 36.487 36.677 36.837 37.055 37.552 37.225 37.385 37.84 37.92 37.722 37.797 37.922 38.002 38.142 38.33 38.512 38.645 38.735 38.745 38.795 38.87 39.047 38.937 39.517 40.322 39.787 40.982 40.465 44.297 39.307 39.397 39.555 39.87 40.102 40.372 41.81 42.495 40.942 40.787 40.782 41.737 42.392 41.86 43.06 45.07 45.942 46.55
32.785 32.945 33.105 33.26 33.477 33.697 33.867 34.102 34.257 34.422 34.515 34.587 34.687 34.817 34.952 35.09 35.227 35.347 35.48 35.637 35.812 35.932 36.127 36.325 36.475 36.565 36.66 36.862 36.942 37.087 37.202 37.462 37.572 38.275 38.717 38.182 37.967 38.102 38.182 38.377 38.605 38.77 38.902 38.995 39.092 39.075 39.182 39.237 39.242 39.272 39.337 40.382 42.142 44.245 44.872 39.787 39.905 40.117 40.48 40.585 40.662 41.217 41.062 40.762 41.637 42.142 42.447 42.065 42.292 45.637 47.507 48.042 48.48
32.865 33.037 33.19 33.4 33.627 33.845 34.022 34.207 34.375 34.472 34.547 34.64 34.787 34.92 35.067 35.2 35.342 35.475 35.632 35.85 36.042 36.177 36.33 36.4 36.545 36.705 36.835 37 37.132 37.267 37.41 37.567 37.94 39.352 38.352 38.15 38.187 38.517 38.527 38.625 38.85 39.02 39.112 39.227 39.32 39.375 39.405 39.432 39.437 39.575 42.627 40.147 42.615 45.282 43.507 40.305 40.472 40.84 41.105 41 41.167 41.207 42.915 44.722 45.902 45.24 43.747 43.22 42.52 45.845 48.232 49.15 49.63
32.937 33.15 33.325 33.54 33.772 33.987 34.167 34.377 34.442 34.51 34.61 34.74 34.885 35.025 35.19 35.37 35.555 35.707 35.832 35.982 36.107 36.277 36.357 36.517 36.692 36.842 36.96 37.12 37.28 37.452 37.597 37.705 38.075 41.525 39.15 38.37 38.41 39.052 38.725 38.887 39.04 39.232 39.337 39.427 39.492 39.55 39.722 39.782 39.812 40.535 39.902 40.727 41.527 43.982 42.652 40.865 40.837 40.805 42.137 43.245 45.365 46.35 46.367 46.402 46.392 45.967 44.767 44.837 42.887 43.9 47.86 48.987 49.07
33.032 33.272 33.472 33.682 33.907 34.06 34.267 34.43 34.5 34.587 34.727 34.885 35.012 35.197 35.415 35.56 35.672 35.78 35.9 36.055 36.212 36.39 36.5 36.615 36.815 36.98 37.132 37.285 37.43 37.592 37.762 37.857 38.447 41.8 39.09 38.667 38.602 38.727 38.905 39.057 39.257 39.425 39.487 39.552 39.64 39.735 39.917 40.44 40.997 40.982 41.31 42.44 41.86 41.462 42.76 42.79 42.5 41.2 43.117 43.762 44.765 46.352 46.437 46.51 46.59 46.817 47.057 47.157 43.582 43.46 47.115 48.197 47.825
33.112 33.355 33.595 33.802 33.975 34.175 34.372 34.52 34.617 34.765 34.895 35.05 35.175 35.315 35.475 35.597 35.725 35.862 35.982 36.115 36.305 36.475 36.615 36.74 36.952 37.095 37.252 37.457 37.565 37.747 37.907 38.037 38.367 40.6 39.177 38.72 38.787 38.895 39.07 39.257 39.45 39.562 39.612 39.7 41.725 41.657 40.942 41.47 40.855 40.777 41.362 41.347 40.975 41.617 41.527 42.257 42.18 41.275 42.9 45.397 46.342 46.78 47.065 47.355 47.645 47.767 47.652 47.555 44.627 43.552 45.375 45.667 45.237
33.302 33.477 33.725 33.942 34.177 34.32 34.472 34.627 34.745 34.835 34.972 35.072 35.225 35.415 35.545 35.662 35.792 35.922 36.05 36.177 36.372 36.555 36.725 36.84 37.055 37.195 37.38 37.56 37.757 37.88 38.03 38.182 38.552 40.85 39.987 38.985 38.94 39.102 39.27 39.467 39.905 39.84 39.877 41.125 40.492 41.057 42.855 41.707 40.667 40.702 43.652 46.66 45.592 43.145 44.145 41.445 42.032 43.452 43.442 46.49 47.567 47.67 47.762 47.532 47.357 47.027 46.507 45.827 44.252 43.632 44.07 44.045 44.25
33.445 33.687 34.02 34.19 34.385 34.492 34.547 34.687 34.81 34.892 34.975 35.102 35.302 35.447 35.607 35.747 35.865 35.99 36.112 36.247 36.447 36.667 36.81 36.942 37.152 37.342 37.495 37.665 37.847 37.997 38.185 38.355 38.992 40.635 40.882 38.98 39.065 39.195 39.67 39.64 39.822 40.822 42.54 40.697 40.63 40.977 42.62 42.207 40.665 40.73 44.88 48.402 48.275 48.03 46.727 43.727 42.895 43.467 43.375 46.392 47.365 47.035 46.722 46.462 46.312 45.955 44.132 43.582 43.732 43.995 44.792 44.905 44.485
33.71 33.787 34.012 34.137 34.335 34.51 34.632 34.73 34.842 34.935 35.025 35.162 35.357 35.492 35.64 35.767 35.942 36.06 36.182 36.317 36.54 36.785 36.91 37.082 37.265 37.445 37.625 37.767 37.95 38.14 38.32 38.455 39.045 40.347 38.98 39.005 39.092 39.41 40.31 39.77 40.235 42.752 42.605 42.192 41.142 42.482 42.23 40.947 40.742 40.722 45.505 47.82 48.072 48.222 45.787 42.935 42.93 43.312 44.587 44.065 45.635 45.585 46.152 44.17 43.927 43.657 43.807 43.927 43.995 44.177 44.562 45.435 44.632
33.662 33.822 34.002 34.18 34.34 34.507 34.63 34.77 34.875 34.955 35.07 35.242 35.4 35.545 35.69 35.837 35.96 36.112 36.272 36.425 36.67 36.867 36.997 37.157 37.377 37.522 37.7 37.855 38.007 38.187 38.372 38.577 38.922 40.427 39.645 38.93 39.152 39.385 39.882 40.85 42.637 41.23 40.645 40.732 41.11 42.257 43.635 42.525 41.015 40.947 42.837 44.62 46.22 46.785 45.44 42.952 42.887 43.567 43.225 43.3 43.43 43.565 44.117 43.805 43.757 43.837 43.942 44.067 44.195 44.552 44.512 44.645 44.67
33.737 33.895 34.037 34.192 34.367 34.525 34.672 34.772 34.877 34.997 35.13 35.287 35.45 35.6 35.74 35.872 36.027 36.185 36.335 36.51 36.715 36.915 37.077 37.202 37.415 37.585 37.757 37.885 38.055 38.257 38.375 38.585 39.287 40.795 42.12 38.95 39.095 39.385 39.64 48.405 43.312 40.322 40.58 40.862 41.35 43.205 45.705 41.755 41.747 41.432 41.442 42.242 43.502 46.26 43.975 42.88 42.887 43.332 43.25 43.325 43.59 43.545 44.135 44.135 43.912 43.972 44.52 44.625 44.765 44.647 44.562 44.547 44.675
33.732 33.91 34.007 34.195 34.36 34.515 34.657 34.807 34.887 35.022 35.137 35.315 35.577 35.792 35.795 35.912 36.087 36.242 36.427 36.555 36.735 36.93 37.09 37.222 37.435 37.587 37.835 38.037 38.717 39.58 39.77 39.145 39.467 42.632 43.65 43.39 40.78 40.297 41.565 45.67 46.847 40.477 40.71 41.017 41.457 44.12 46.412 41.77 41.96 42.022 42.207 42.67 42.772 43.122 42.905 42.922 42.94 43.67 43.522 43.982 43.525 43.705 43.965 44.455 43.935 43.975 44.17 44.2 44.275 44.387 44.477 44.567 44.662
33.722 33.897 34.075 34.217 34.375 34.527 34.677 34.837 34.965 35.062 35.182 35.335 35.622 35.917 35.847 35.97 36.087 36.262 36.432 36.57 36.732 36.902 37.087 37.307 38.1 38.552 38.977 39.8 40.6 40.272 40.6 40.682 38.617 41.12 43.407 44.12 44.707 46.582 45.445 44.295 46.72 41.772 40.857 41.157 41.485 43.727 46.205 41.877 42.067 42.125 42.132 43.01 43.847 42.917 42.88 42.955 43.007 43.315 43.52 43.902 44.1 43.967 43.877 43.765 43.882 43.995 44.085 44.202 44.287 44.387 44.45 44.527 44.6
33.76 33.917 34.075 34.207 34.422 34.562 34.685 34.845 34.992 35.082 35.215 35.317 35.497 35.655 35.785 35.9 36.052 36.202 36.37 36.55 36.897 38.015 38.857 39.802 39.907 39.322 39.602 39.847 39.787 39.585 40.747 42.707 41.577 40.27 41.115 40.615 41.78 43.585 47.03 46.602 45.37 44.082 40.887 41.172 41.552 42.132 42.32 41.832 41.952 42.07 42.277 42.935 44.885 43.922 42.88 42.942 43.057 43.277 43.332 43.365 43.41 43.56 43.72 43.79 43.945 44.047 44.15 44.21 44.245 44.315 44.457 44.75 45.342
33.77 33.912 34.09 34.237 34.38 34.51 34.662 34.812 34.942 35.047 35.19 35.307 35.432 35.537 35.682 35.845 35.95 36.097 36.307 36.72 37.59 40.385 39.895 38.557 38.882 38.595 38.855 38.86 38.24 38.397 39.347 39.967 40.722 40.662 39.337 40.045 41.585 41.875 43.435 42.135 43.655 41.475 41.082 41.165 41.445 41.835 41.825 41.892 42.622 42.447 42.312 42.722 43.342 44.89 43.135 42.987 43.08 43.242 43.235 43.35 43.497 43.62 43.712 43.812 43.947 43.962 44.025 44.14 44.205 44.715 45.282 45.39 45.437
33.747 33.895 34.062 34.187 34.332 34.495 34.627 34.767 34.892 35.05 35.18 35.29 35.397 35.472 35.597 35.74 35.91 36.102 36.44 37.47 38.572 37.227 38.13 37.407 37.925 38.12 37.982 37.99 38.202 38.89 40.1 40.607 41.54 40.757 40.362 40.907 41.245 42.722 43.497 42.442 41.255 42.777 42.092 42.03 41.997 41.735 41.925 41.95 42.325 42.372 42.375 42.835 42.917 43.417 42.945 43.12 43.165 43.072 43.18 43.327 43.45 43.522 43.672 43.792 43.797 43.897 44.057 44.525 44.917 45.32 45.37 45.397 45.405
33.735 33.89 34.047 34.175 34.3 34.465 34.585 34.755 34.882 34.977 35.11 35.22 35.33 35.392 35.682 35.885 35.902 35.947 36.242 36.75 38.485 37.722 37.925 37.08 37.427 37.665 37.687 37.952 38.23 38.74 40.322 41.847 41.782 40.98 41.19 41.312 41.69 43.685 43.937 42.302 40.682 40.875 41.25 43.785 48.452 49.167 46.56 43.525 43.245 42.77 42.47 42.585 42.692 43.052 43.035 43.165 43.097 43.017 43.145 43.222 43.367 43.44 43.595 43.637 43.742 43.91 44.24 45.09 45.2 45.295 45.345 45.37 45.94
33.665 33.835 33.985 34.13 34.287 34.43 34.552 34.687 34.827 34.912 35.055 35.18 35.397 35.47 35.657 35.587 35.84 36.19 36.887 37.42 37.44 36.747 36.725 36.952 37.237 37.497 37.677 37.902 38.015 38.345 39.1 40.755 42.042 41.322 41.857 43.432 44.677 44.76 41.772 40.462 40.56 41.185 41.762 45.555 48.702 49.81 49.155 47.842 46.66 45.425 42.507 43.302 44.052 43.82 44.172 42.887 42.867 42.99 43.095 43.172 43.277 43.37 43.45 43.625 44.055 44.15 44.455 44.905 45.177 45.272 45.337 46.172 47.785
33.575 33.742 33.93 34.1 34.28 34.397 34.527 34.605 34.76 34.87 35.047 35.09 35.442 35.495 35.345 35.6 35.882 36.202 36.5 37.267 36.537 36.505 36.677 36.9 37.115 37.27 37.44 37.695 37.82 38.032 38.425 39.43 42.872 41.845 43.53 44.205 44.477 43.625 40.16 40.382 40.565 41.245 41.707 44.155 48.952 49.927 49.155 47.62 46.422 44.39 42.812 42.477 42.907 43.497 43.875 42.775 42.8 42.897 42.987 43.067 43.137 43.3 43.745 45.157 45.002 44.83 44.807 45.07 45.23 45.272 45.367 46.567 48.422
33.522 33.647 33.79 33.97 34.152 34.295 34.46 34.597 34.692 35.127 35.187 35.697 35.327 35.1 35.067 35.287 35.65 35.757 35.882 36.747 36.485 36.445 36.635 36.922 37.072 37.232 37.385 37.615 37.795 37.915 38.25 39.332 41.982 42.037 43.515 44.222 44.225 44.317 44.367 42.312 41.195 41.22 42.43 47.945 49.117 49.742 48.66 45.647 42.255 42.54 42.42 42.35 42.89 42.875 42.682 42.647 42.717 42.787 42.907 42.937 43.202 43.947 44.707 45.76 45.515 45.807 45.54 45.242 45.247 45.285 46.025 50.332 50.402
33.367 33.45 33.572 33.72 33.895 34.107 34.327 34.565 36.197 37.532 37.952 36.305 35.167 35 35.057 35.417 35.902 35.735 35.63 35.657 35.84 36.177 38.352 38.377 37.002 37.157 37.297 37.487 37.712 37.932 38.047 38.512 41.73 43.292 40.69 42.682 42.62 42.392 44.922 43.837 43.47 42.612 44.362 46.972 48.337 47.572 47.005 43.29 41.997 42.047 42.137 42.24 42.58 42.525 42.527 42.557 42.635 42.732 42.812 42.975 44.457 44.85 45.327 45.88 45.89 45.337 45.172 45.195 45.257 45.282 48.845 51.887 52.01
33.105 33.132 33.155 33.25 33.54 33.9 34.227 35.53 38.387 38.667 38.492 36.472 35.187 35.202 35.095 35.28 35.637 35.6 35.56 35.615 35.8 36.887 39.207 37.772 36.872 37.047 37.165 38.415 38.14 37.772 38.85 40.782 39.225 43.335 39.462 40.537 40.26 40.035 40.76 41.09 41.515 43 43.845 45.05 46.182 46.65 45.315 42.715 42.865 42.79 42.765 42.44 42.36 42.375 42.392 42.45 42.565 42.642 42.875 44.1 46.06 47.765 45.777 46.812 45.83 46.472 45.14 45.182 45.26 45.357 47.947 50.607 51.99
32.707 32.752 32.702 32.775 33.212 33.687 34.055 34.362 37.79 37.65 36.107 36.052 35.205 35.152 35.087 35.18 35.387 35.502 35.58 35.662 35.8 36.79 38.222 36.52 36.707 36.972 37.115 37.36 37.7 38.23 39.555 39.86 39 40.25 40.94 40.57 40.022 39.995 40.47 41.345 43.48 43.33 43.252 42.852 41.665 42.382 42.67 42.885 42.182 43.035 43.16 42.327 42.245 42.277 42.345 42.392 42.457 42.75 43.66 47.44 48.835 48.94 46.607 47.967 47.032 45.36 45.252 45.262 45.275 45.925 49.157 51.59 51.91
32.41 32.542 33.037 32.537 32.995 33.482 33.867 34.225 34.842 34.79 34.567 34.775 35.885 35.707 35.065 35.055 36.115 35.525 35.537 35.645 35.76 36.032 36.08 36.3 36.602 37.57 37.782 38.282 38.142 38.33 38.575 38.815 38.947 39.107 39.477 39.795 40.052 40.637 40.58 44.295 47.547 47.77 45.745 43.325 40.717 40.802 41.045 41.32 42.317 43.052 42.37 42.142 42.102 42.15 42.192 42.277 42.477 43.2 44.907 47.875 49.445 48.895 48.072 45.275 45.39 45.072 46.642 45.907 45.25 46.282 48.357 50.475 50.367
34.64 35.452 34.797 32.897 32.815 33.297 33.687 34.03 34.37 34.682 34.542 34.74 35.16 35.62 36.69 37.21 37.535 35.955 35.437 35.625 35.747 35.9 36.547 38.577 37.865 38.89 38.542 37.1 37.742 38.677 39.102 39.435 39.46 39.557 39.685 39.93 40.427 43.335 43.947 46.6 47.72 47.835 46.792 44.22 40.635 40.882 41.137 41.37 41.67 41.892 41.912 41.917 41.99 42.055 42.092 42.265 42.765 43.71 43.8 43.97 45.54 46.377 45.67 45.102 45.022 44.952 45.19 45.002 45.767 45.585 46.275 47.225 45.627
36.495 36.737 35.685 32.83 32.617 33.157 33.545 33.872 34.125 34.555 34.5 34.592 34.707 36.08 37.622 37.637 37.52 36.5 36.53 36.755 36.82 36.942 38.657 37.972 38.972 37.275 36.617 36.905 37.925 39.805 40 41.11 39.257 39.39 40.277 40.675 41.785 43.335 44.302 46.79 47.93 47.655 45.607 41.85 40.88 40.977 41.602 41.592 42.902 42.762 41.775 41.847 41.887 41.922 42.067 42.432 43.565 43.677 43.785 43.86 43.9 43.905 44.15 44.41 44.712 44.787 44.657 44.79 44.907 45 45.2 45.342 45.38
37.042 36.855 36.022 33.565 32.535 33.032 33.487 33.78 34.017 34.592 34.425 34.547 34.642 35.275 36.245 36.062 37.752 37.252 37.925 40.067 37.627 36.607 36.07 36.205 36.14 36.4 36.647 36.88 37.255 38.192 38.34 37.82 38.12 38.425 40.382 39.38 40.77 40.13 41.585 45.435 47.597 47.402 43.575 40.885 41.23 41.055 42.152 41.91 43.467 41.872 41.655 41.745 41.765 41.905 42.22 43.395 43.612 43.742 43.75 43.785 43.777 43.895 44.145 44.332 44.472 44.592 44.632 44.69 44.76 45.01 44.88 45.067 45.417
35.83 35.51 34.662 34.03 32.512 33.035 33.427 33.687 33.817 34.095 34.27 35.502 34.552 34.552 34.737 35.327 37.925 37.93 35.8 37.202 35.41 35.405 35.58 35.78 36.01 36.25 36.46 36.74 37.002 37.602 37.49 37.68 37.95 38.197 38.505 39.112 40.16 41.842 43.505 42.055 40.3 40.615 40.902 42.55 42.472 41.515 41.755 41.932 41.982 41.522 41.582 41.657 41.695 41.995 42.897 43.385 43.842 44.742 45.127 43.91 43.647 43.902 44.152 44.267 44.4 44.48 44.535 44.582 44.685 44.752 44.815 44.895 45.172
33.06 32.79 32.445 32.632 32.952 33.23 33.395 33.567 33.72 33.91 36.067 35.197 37.297 34.465 34.777 37.467 37.752 37.28 38.305 36.357 36.21 36.59 36.432 35.722 35.895 36.62 36.625 36.87 37.15 37.02 37.27 37.555 37.83 38.095 38.367 39.36 39.967 43.23 45.847 46.717 45.132 42.562 40.907 42.012 42.1 42.212 42.652 42.347 41.387 41.422 41.507 41.517 41.677 43.097 43.105 44.232 44.002 44.227 44.195 43.592 43.65 43.972 44.175 44.285 44.35 44.44 44.477 44.595 44.672 44.712 44.795 44.87 44.907
32.342 32.487 32.635 32.847 33.047 33.202 33.297 33.425 33.577 33.74 36.81 42.967 40.125 34.407 34.64 36.212 35.717 35.74 34.957 35.012 35.12 35.96 36.78 37.635 37.982 37.127 36.565 36.815 36.98 36.93 37.167 37.427 37.685 37.96 38.312 39.12 40.887 44.09 46.097 46.837 45.365 43.25 40.58 41.112 41.017 41.295 43.16 41.875 41.222 41.305 41.382 41.485 42.205 42.877 43.037 44.122 44.76 44.462 44.86 43.617 43.765 44.147 44.162 44.255 44.352 44.387 44.437 44.535 44.652 44.695 44.742 44.822 44.93
