All_lidar/sz5687_DSM_2M.asc
ncols 500
nrows 500
xllcorner    456000
yllcorner    87000
cellsize     2
NODATA_value -9999
[rows 217 to 247 of 500, columns 426 to 496 of 500]
85.535 85.697 85.852 85.997 86.157 86.34 86.502 86.667 86.867 87.02 87.23 87.422 87.607 87.815 88.025 88.202 88.387 88.582 88.74 88.877 89.027 89.162 89.312 89.465 89.617 89.785 89.927 90.097 90.265 90.415 90.595 90.775 90.937 91.097 91.267 91.435 91.592 91.762 91.927 92.085 92.232 92.397 92.557 92.712 92.865 93.012 93.18 93.342 93.515 93.662 93.817 93.987 94.167 94.357 94.535 94.707 94.885 95.055 95.21 95.402 95.605 95.815 96.025 96.24 96.44 96.627 96.8 96.972 97.145 97.285 97.437
85.69 85.842 85.977 86.142 86.295 86.475 86.63 86.797 86.987 87.16 87.33 87.545 87.74 87.967 88.17 88.325 88.47 88.662 88.895 89.015 89.14 89.27 89.417 89.555 89.73 89.912 90.052 90.24 90.385 90.577 90.74 90.885 91.042 91.215 91.385 91.56 91.707 91.88 92.015 92.202 92.372 92.527 92.697 92.847 92.99 93.147 93.292 93.447 93.622 93.767 93.925 94.09 94.27 94.46 94.64 94.802 94.972 95.167 95.34 95.537 95.717 95.935 96.137 96.35 96.557 96.75 96.942 97.122 97.272 97.432 97.567
85.815 85.962 86.12 86.275 86.45 86.617 86.77 86.955 87.145 87.322 87.515 87.695 87.895 88.095 88.26 88.39 88.477 88.697 88.94 89.092 89.245 89.392 89.557 89.697 89.885 90.055 90.202 90.385 90.537 90.702 90.875 91.03 91.192 91.342 91.51 91.667 91.842 92.01 92.17 92.34 92.495 92.652 92.797 92.935 93.095 93.252 93.395 93.565 93.735 93.892 94.055 94.225 94.387 94.577 94.745 94.932 95.09 95.28 95.457 95.655 95.832 96.052 96.267 96.472 96.705 96.882 97.042 97.247 97.407 97.537 97.677
85.955 86.112 86.27 86.42 86.59 86.757 86.93 87.097 87.272 87.455 87.65 87.817 88.005 88.17 88.335 88.487 88.677 88.87 89.057 89.255 89.402 89.555 89.695 89.847 90.022 90.167 90.35 90.507 90.68 90.865 91.02 91.16 91.337 91.487 91.647 91.805 91.957 92.13 92.29 92.437 92.597 92.732 92.915 93.045 93.227 93.377 93.535 93.685 93.845 94.002 94.182 94.365 94.535 94.697 94.872 95.045 95.235 95.41 95.612 95.772 95.975 96.167 96.375 96.6 96.792 96.965 97.135 97.305 97.46 97.612 97.767
86.087 86.265 86.415 86.572 86.722 86.912 87.072 87.222 87.397 87.582 87.765 87.975 88.167 88.33 88.54 88.66 88.842 89.03 89.2 89.395 89.525 89.68 89.855 90.002 90.167 90.345 90.485 90.662 90.82 90.967 91.122 91.275 91.425 91.597 91.757 91.9 92.077 92.245 92.377 92.545 92.702 92.87 93.027 93.17 93.347 93.495 93.65 93.8 93.972 94.155 94.31 94.497 94.657 94.822 94.982 95.177 95.35 95.527 95.687 95.885 96.067 96.255 96.447 96.662 96.865 97.045 97.23 97.41 97.555 97.707 97.86
86.215 86.39 86.545 86.7 86.865 87.022 87.192 87.387 87.56 87.727 87.91 88.1 88.282 88.455 88.67 88.845 89.005 89.185 89.36 89.517 89.682 89.83 89.985 90.15 90.315 90.46 90.612 90.772 90.942 91.097 91.252 91.39 91.545 91.71 91.865 92.015 92.175 92.347 92.505 92.675 92.83 93.007 93.157 93.32 93.475 93.645 93.792 93.932 94.097 94.27 94.432 94.6 94.77 94.93 95.087 95.262 95.412 95.592 95.767 95.945 96.142 96.36 96.557 96.762 96.98 97.177 97.342 97.515 97.665 97.817 97.975
86.365 86.537 86.7 86.85 87.015 87.155 87.335 87.507 87.677 87.872 88.042 88.23 88.422 88.62 88.792 88.972 89.145 89.322 89.485 89.65 89.807 89.962 90.11 90.272 90.42 90.577 90.735 90.912 91.055 91.205 91.37 91.512 91.672 91.847 91.995 92.17 92.315 92.477 92.642 92.795 92.962 93.13 93.282 93.42 93.57 93.727 93.88 94.02 94.177 94.33 94.497 94.66 94.837 95 95.17 95.34 95.52 95.7 95.865 96.057 96.242 96.445 96.657 96.877 97.075 97.272 97.432 97.622 97.78 97.927 98.09
86.495 86.665 86.83 86.977 87.152 87.315 87.475 87.657 87.822 88 88.187 88.37 88.552 88.725 88.897 89.09 89.262 89.46 89.625 89.802 89.955 90.125 90.267 90.415 90.55 90.725 90.887 91.057 91.192 91.377 91.532 91.675 91.832 91.955 92.105 92.257 92.405 92.56 92.735 92.875 93.035 93.212 93.39 93.515 93.68 93.815 93.97 94.12 94.287 94.425 94.607 94.775 94.967 95.105 95.275 95.445 95.622 95.795 95.972 96.142 96.35 96.545 96.755 96.975 97.192 97.382 97.57 97.752 97.9 98.065 98.225
86.65 86.827 86.977 87.135 87.317 87.452 87.635 87.79 87.947 88.13 88.317 88.49 88.67 88.86 89.042 89.222 89.402 89.577 89.745 89.927 90.105 90.237 90.402 90.572 90.73 90.865 91.022 91.177 91.31 91.47 91.627 91.772 91.907 92.042 92.192 92.342 92.502 92.65 92.837 92.987 93.147 93.31 93.492 93.627 93.79 93.937 94.075 94.237 94.395 94.545 94.712 94.89 95.055 95.232 95.412 95.587 95.732 95.917 96.102 96.282 96.472 96.667 96.88 97.087 97.312 97.51 97.68 97.88 98.03 98.185 98.342
86.78 86.957 87.11 87.267 87.435 87.582 87.785 87.945 88.117 88.287 88.457 88.632 88.802 88.972 89.175 89.342 89.545 89.71 89.897 90.085 90.237 90.387 90.502 90.667 90.84 90.94 91.09 91.247 91.38 91.555 91.715 91.852 92.005 92.145 92.277 92.432 92.605 92.757 92.947 93.095 93.255 93.422 93.602 93.745 93.89 94.067 94.202 94.365 94.515 94.682 94.845 95.025 95.197 95.347 95.535 95.71 95.845 96.017 96.22 96.385 96.58 96.78 96.99 97.202 97.412 97.6 97.792 97.97 98.12 98.27 98.432
86.912 87.08 87.257 87.412 87.592 87.757 87.932 88.102 88.255 88.422 88.567 88.747 88.907 89.107 89.27 89.462 89.632 89.822 89.99 90.155 90.315 90.467 90.615 90.762 90.902 91.047 91.192 91.355 91.5 91.662 91.807 91.94 92.105 92.257 92.395 92.557 92.715 92.872 93.045 93.212 93.377 93.545 93.687 93.875 94.02 94.177 94.332 94.5 94.67 94.797 94.987 95.135 95.3 95.46 95.64 95.802 95.96 96.13 96.317 96.485 96.667 96.88 97.077 97.285 97.49 97.685 97.857 98.035 98.195 98.337 98.51
87.075 87.242 87.402 87.57 87.722 87.875 88.037 88.192 88.342 88.507 88.66 88.827 88.995 89.192 89.362 89.542 89.727 89.912 90.085 90.27 90.45 90.612 90.745 90.885 91.037 91.185 91.335 91.485 91.615 91.78 91.927 92.06 92.212 92.362 92.512 92.66 92.825 92.99 93.17 93.34 93.497 93.647 93.83 94 94.162 94.322 94.465 94.605 94.765 94.927 95.087 95.247 95.415 95.572 95.732 95.892 96.06 96.225 96.395 96.57 96.752 96.947 97.145 97.367 97.562 97.757 97.95 98.117 98.292 98.455 98.625
87.177 87.355 87.502 87.67 87.84 87.992 88.142 88.272 88.43 88.607 88.76 88.917 89.107 89.297 89.487 89.68 89.862 90.042 90.22 90.402 90.565 90.72 90.872 91.025 91.152 91.3 91.465 91.607 91.74 91.887 92.032 92.182 92.347 92.485 92.635 92.802 92.955 93.12 93.285 93.457 93.595 93.772 93.925 94.102 94.232 94.407 94.542 94.705 94.855 95.015 95.175 95.325 95.515 95.657 95.805 95.98 96.15 96.315 96.502 96.675 96.842 97.035 97.225 97.452 97.65 97.855 98.052 98.257 98.402 98.582 98.715
87.312 87.457 87.642 87.787 87.932 88.09 88.242 88.372 88.552 88.732 88.887 89.045 89.227 89.425 89.59 89.785 89.972 90.172 90.35 90.522 90.687 90.835 90.967 91.12 91.265 91.425 91.592 91.725 91.875 92.01 92.172 92.3 92.455 92.6 92.737 92.905 93.055 93.232 93.367 93.522 93.685 93.855 94.03 94.195 94.322 94.49 94.63 94.81 94.962 95.105 95.275 95.43 95.595 95.76 95.912 96.067 96.25 96.425 96.59 96.777 96.955 97.14 97.347 97.565 97.75 97.952 98.147 98.325 98.495 98.647 98.81
87.435 87.587 87.777 87.925 88.072 88.222 88.382 88.492 88.685 88.855 89.005 89.175 89.352 89.532 89.725 89.932 90.1 90.28 90.452 90.627 90.797 90.945 91.087 91.23 91.4 91.545 91.687 91.84 91.96 92.112 92.257 92.375 92.535 92.682 92.805 92.985 93.137 93.312 93.465 93.612 93.785 93.95 94.115 94.277 94.437 94.597 94.75 94.895 95.052 95.202 95.37 95.53 95.677 95.84 96.017 96.172 96.335 96.502 96.687 96.87 97.032 97.217 97.417 97.637 97.832 98.03 98.222 98.397 98.572 98.74 98.882
87.575 87.747 87.907 88.07 88.235 88.39 88.517 88.662 88.817 88.972 89.125 89.282 89.465 89.645 89.837 90.022 90.197 90.387 90.567 90.74 90.895 91.045 91.195 91.362 91.502 91.625 91.782 91.907 92.047 92.202 92.34 92.48 92.642 92.777 92.925 93.072 93.217 93.38 93.555 93.72 93.882 94.062 94.225 94.382 94.542 94.707 94.86 95.002 95.17 95.305 95.477 95.64 95.785 95.942 96.117 96.27 96.427 96.577 96.765 96.937 97.12 97.31 97.497 97.71 97.912 98.127 98.31 98.497 98.662 98.822 98.967
87.722 87.905 88.072 88.215 88.362 88.497 88.647 88.79 88.935 89.072 89.222 89.385 89.565 89.747 89.952 90.125 90.3 90.487 90.68 90.83 90.995 91.142 91.295 91.44 91.6 91.722 91.872 92.015 92.155 92.312 92.422 92.585 92.73 92.875 93.025 93.167 93.312 93.497 93.655 93.835 93.997 94.147 94.3 94.482 94.635 94.78 94.942 95.085 95.245 95.41 95.565 95.715 95.872 96.027 96.195 96.352 96.52 96.677 96.847 97.017 97.205 97.405 97.59 97.807 98.012 98.21 98.405 98.59 98.74 98.917 99.05
87.872 88.022 88.182 88.337 88.47 88.61 88.755 88.882 89.04 89.18 89.325 89.49 89.672 89.85 90.025 90.207 90.382 90.567 90.762 90.922 91.1 91.252 91.392 91.537 91.705 91.837 91.977 92.127 92.272 92.392 92.532 92.672 92.83 92.972 93.095 93.25 93.407 93.585 93.737 93.915 94.067 94.237 94.397 94.57 94.745 94.9 95.035 95.18 95.342 95.5 95.665 95.822 95.987 96.137 96.292 96.445 96.607 96.76 96.937 97.102 97.29 97.477 97.66 97.875 98.085 98.285 98.492 98.665 98.827 98.982 99.125
87.987 88.147 88.302 88.43 88.567 88.71 88.852 88.992 89.117 89.285 89.425 89.572 89.777 89.955 90.132 90.29 90.467 90.667 90.85 91.015 91.185 91.335 91.492 91.632 91.762 91.942 92.067 92.215 92.34 92.472 92.612 92.77 92.902 93.062 93.215 93.337 93.512 93.68 93.847 94.012 94.152 94.32 94.485 94.635 94.807 94.967 95.11 95.282 95.427 95.602 95.742 95.882 96.062 96.22 96.375 96.542 96.687 96.862 97.015 97.182 97.36 97.555 97.737 97.96 98.172 98.372 98.552 98.727 98.91 99.067 99.2
88.092 88.267 88.38 88.55 88.685 88.815 88.97 89.102 89.242 89.405 89.56 89.697 89.867 90.055 90.245 90.405 90.572 90.767 90.94 91.11 91.277 91.422 91.572 91.71 91.852 92.017 92.157 92.302 92.437 92.575 92.71 92.847 92.995 93.137 93.287 93.437 93.607 93.757 93.925 94.077 94.237 94.41 94.582 94.74 94.897 95.067 95.23 95.38 95.515 95.677 95.82 95.99 96.152 96.31 96.465 96.617 96.782 96.937 97.11 97.275 97.447 97.62 97.815 98.035 98.245 98.43 98.627 98.807 98.96 99.132 99.262
88.222 88.39 88.512 88.647 88.79 88.93 89.07 89.187 89.345 89.502 89.64 89.802 89.987 90.167 90.317 90.497 90.662 90.842 91.017 91.175 91.35 91.487 91.622 91.782 91.935 92.085 92.235 92.377 92.53 92.677 92.807 92.947 93.06 93.21 93.375 93.537 93.68 93.85 94.032 94.18 94.33 94.497 94.657 94.825 95 95.152 95.295 95.452 95.602 95.742 95.91 96.055 96.215 96.39 96.545 96.702 96.847 97.017 97.197 97.345 97.525 97.702 97.877 98.092 98.302 98.485 98.685 98.862 99.042 99.187 99.33
88.332 88.485 88.627 88.775 88.885 89.015 89.15 89.28 89.44 89.585 89.73 89.897 90.052 90.222 90.377 90.57 90.737 90.91 91.1 91.265 91.425 91.575 91.732 91.88 92.035 92.182 92.325 92.45 92.62 92.745 92.902 93.037 93.195 93.325 93.47 93.635 93.777 93.93 94.077 94.262 94.417 94.575 94.75 94.887 95.055 95.235 95.385 95.497 95.66 95.81 95.99 96.147 96.33 96.482 96.632 96.795 96.935 97.12 97.275 97.415 97.592 97.77 97.94 98.145 98.357 98.557 98.767 98.947 99.125 99.3 99.462
88.427 88.575 88.707 88.837 88.99 89.102 89.237 89.387 89.532 89.67 89.82 89.97 90.125 90.295 90.455 90.642 90.805 90.995 91.175 91.337 91.507 91.667 91.802 91.962 92.11 92.272 92.435 92.552 92.697 92.84 92.98 93.107 93.25 93.405 93.547 93.717 93.852 94.02 94.182 94.337 94.492 94.665 94.822 94.975 95.142 95.315 95.47 95.612 95.767 95.91 96.08 96.217 96.39 96.53 96.697 96.87 97.025 97.197 97.362 97.497 97.672 97.845 98.012 98.237 98.442 98.67 98.857 99.062 99.227 99.38 99.54
88.535 88.665 88.792 88.915 89.07 89.197 89.325 89.465 89.617 89.765 89.897 90.032 90.215 90.387 90.557 90.717 90.905 91.077 91.26 91.422 91.597 91.762 91.907 92.052 92.2 92.347 92.5 92.63 92.782 92.94 93.055 93.202 93.335 93.475 93.64 93.787 93.937 94.097 94.255 94.417 94.59 94.755 94.922 95.062 95.222 95.372 95.542 95.68 95.827 95.98 96.135 96.302 96.477 96.622 96.792 96.96 97.112 97.28 97.445 97.622 97.787 97.982 98.157 98.345 98.575 98.765 98.932 99.125 99.275 99.43 99.57
88.612 88.74 88.9 89.035 89.157 89.292 89.44 89.565 89.707 89.83 89.977 90.112 90.3 90.477 90.637 90.817 90.962 91.167 91.335 91.492 91.685 91.845 91.987 92.11 92.277 92.42 92.57 92.73 92.862 92.997 93.142 93.282 93.415 93.557 93.717 93.872 94.027 94.19 94.355 94.505 94.66 94.817 94.97 95.137 95.305 95.46 95.612 95.755 95.91 96.062 96.23 96.402 96.57 96.737 96.902 97.082 97.237 97.405 97.577 97.722 97.88 98.06 98.235 98.425 98.625 98.82 98.992 99.167 99.335 99.492 99.63
88.7 88.84 88.97 89.107 89.237 89.355 89.51 89.642 89.777 89.942 90.065 90.207 90.365 90.537 90.712 90.88 91.032 91.235 91.405 91.57 91.747 91.895 92.042 92.207 92.35 92.485 92.645 92.805 92.972 93.095 93.235 93.367 93.53 93.652 93.797 93.932 94.082 94.242 94.395 94.567 94.735 94.882 95.042 95.21 95.392 95.535 95.692 95.842 96.02 96.175 96.36 96.505 96.67 96.842 97.005 97.16 97.322 97.45 97.612 97.76 97.932 98.112 98.297 98.48 98.675 98.877 99.05 99.217 99.365 99.54 99.687
88.792 88.915 89.042 89.182 89.325 89.45 89.575 89.712 89.88 90.012 90.15 90.277 90.46 90.605 90.777 90.96 91.122 91.297 91.467 91.652 91.822 91.987 92.137 92.312 92.447 92.602 92.755 92.925 93.06 93.19 93.325 93.457 93.6 93.717 93.862 94.012 94.147 94.297 94.46 94.635 94.805 94.962 95.127 95.297 95.47 95.632 95.805 95.972 96.125 96.287 96.45 96.592 96.752 96.915 97.045 97.227 97.395 97.517 97.677 97.84 98.002 98.16 98.36 98.535 98.735 98.942 99.117 99.295 99.485 99.67 99.842
88.87 88.982 89.145 89.27 89.407 89.532 89.657 89.805 89.957 90.11 90.225 90.37 90.542 90.692 90.867 91.052 91.207 91.4 91.59 91.765 91.925 92.097 92.262 92.397 92.562 92.695 92.84 92.987 93.125 93.265 93.38 93.54 93.657 93.787 93.925 94.067 94.212 94.36 94.537 94.707 94.855 95.025 95.2 95.39 95.555 95.692 95.842 96.017 96.182 96.347 96.502 96.645 96.8 96.952 97.11 97.265 97.437 97.577 97.73 97.86 98.042 98.22 98.412 98.647 98.88 99.115 99.275 99.43 99.472 99.465 99.535
88.96 89.092 89.215 89.357 89.505 89.615 89.767 89.907 90.052 90.192 90.322 90.492 90.67 90.82 90.987 91.167 91.33 91.505 91.68 91.842 92.007 92.152 92.32 92.452 92.602 92.767 92.912 93.055 93.195 93.345 93.475 93.617 93.742 93.877 94.012 94.152 94.302 94.497 94.64 94.772 94.94 95.102 95.255 95.43 95.592 95.752 95.917 96.082 96.247 96.38 96.517 96.69 96.845 96.99 97.157 97.325 97.487 97.64 97.837 97.992 98.22 98.412 98.625 98.685 98.767 98.775 98.895 98.952 99.055 99.245 99.43
89.05 89.167 89.322 89.467 89.612 89.752 89.895 90.035 90.162 90.305 90.435 90.582 90.745 90.907 91.055 91.212 91.392 91.547 91.727 91.925 92.072 92.222 92.392 92.53 92.672 92.835 92.97 93.125 93.297 93.435 93.572 93.73 93.842 93.957 94.1 94.25 94.387 94.56 94.692 94.855 95.01 95.177 95.355 95.485 95.662 95.82 95.977 96.122 96.292 96.43 96.595 96.777 96.947 97.12 97.33 97.507 97.672 97.797 97.88 98.01 98.045 98.07 98.202 98.372 98.522 98.622 98.785 98.96 99.132 99.31 99.415
89.14 89.292 89.435 89.577 89.715 89.83 89.995 90.127 90.245 90.382 90.497 90.642 90.797 90.97 91.127 91.287 91.452 91.64 91.815 92.01 92.17 92.302 92.477 92.632 92.782 92.94 93.09 93.245 93.4 93.52 93.65 93.805 93.95 94.052 94.19 94.342 94.472 94.61 94.787 94.935 95.065 95.247 95.405 95.552 95.715 95.87 96.047 96.212 96.452 96.625 96.752 96.935 97.002 97.115 97.197 97.247 97.35 97.477 97.677 97.787 97.942 98.055 98.232 98.36 98.545 98.65 98.82 98.995 99.127 99.305 99.572
