All_lidar/sz5689_DSM_2M.asc
ncols 500
nrows 500
xllcorner    456000
yllcorner    89000
cellsize     2
NODATA_value -9999
[rows 224 to 255 of 500, columns 360 to 431 of 500]
26.357 30.205 19.36 19.312 19.332 21.355 24.85 19.2 31.555 26.177 19.02 18.915 18.845 20.445 27.037 20.657 18.377 20.455 17.992 19.075 18.392 20.705 26.457 19.972 16.472 21.522 16.77 16.81 16.872 17.067 17.112 19.595 27.32 17.237 17.362 18.942 17.325 17.4 17.337 17.277 17.26 17.197 28.245 25.51 18.782 16.34 16.182 15.717 17.047 16.397 16.372 16.475 18.332 19.717 17.39 15.815 17.355 16.67 21.347 17.222 18.27 18.98 16.59 16.9 17.4 18.172 17.612 16.96 16.957 17.012 17.372 20.325
28.012 32.157 19.347 19.36 21.355 29.53 23.002 19.627 20.492 24.22 19.102 18.887 18.752 18.66 18.432 18.367 20.092 18.467 21.395 28.482 25.247 25.93 23.62 22.132 16.61 16.795 16.947 17.06 17.18 17.252 17.347 17.382 19.465 19.395 24.22 22.747 18.707 17.6 17.547 17.802 17.317 17.292 21.657 19.93 26.67 16.137 18.835 15.35 20.117 18.097 17.38 19.492 22.342 17.135 16.775 16.382 16.702 16.73 18.857 19.082 18.082 16.422 17.15 16.827 17.84 16.67 16.792 16.84 16.725 17.152 18.697 19.745
28.225 26.792 21.315 19.345 19.297 21.215 25.892 24.942 33.512 21.7 19.165 18.972 18.795 18.602 18.45 18.3 18.157 18.54 23.362 31.715 24.345 20.802 25.805 21.147 16.777 17.615 17.145 17.267 17.415 17.557 17.64 17.732 26.887 21.155 21.717 34.137 19.56 17.815 17.805 17.627 17.975 18.467 17.235 16.78 21.995 19.61 19.197 17.837 16.442 17.827 20.105 18.16 16.54 15.8 16.935 16.462 16.665 16.827 16.712 16.57 18.202 17.747 16.227 20.762 17.09 16.537 17.15 17.285 17.37 16.877 16.292 17.855
19.52 19.497 19.422 19.365 19.315 20.727 23.945 23.01 25.972 24.83 23.645 19.087 18.817 18.71 18.427 18.247 18.085 17.955 17.775 17.895 17.275 17.015 16.892 16.835 16.997 17.222 17.33 17.522 17.66 17.775 17.912 18.01 18.097 19.537 20.64 18.225 18.117 18.082 17.975 17.887 17.887 19.217 17.35 16.882 18.13 17.707 17.12 18.81 16.505 16.49 20.052 20.687 16.367 17.335 18.097 16.637 16.785 16.685 16.815 16.75 18.252 16.962 20.132 17.225 18.275 18.905 17.97 18.055 17.955 17.967 16.13 16.492
20.612 24.762 20.487 19.437 19.325 19.352 19.267 19.932 29.297 29.387 25.155 23.51 18.8 18.625 18.377 18.24 18.2 21.245 26.907 19.195 17.087 16.957 16.835 16.935 17.267 17.595 17.605 17.86 17.895 18.045 19.072 18.27 18.325 18.415 18.472 18.452 18.385 18.315 18.12 18.1 17.795 18.017 18.48 19.627 17.447 16.175 15.635 18.775 17.652 16.647 15.53 18.497 16.525 16.332 16.485 16.627 16.955 17.807 17.525 16.835 16.695 16.547 16.572 16.845 16.995 16.442 16.977 16.692 16.692 17.762 20.635 16.947
21.662 20.432 19.565 19.397 19.312 21.992 19.282 22.917 30.64 22.255 26.962 22.727 18.792 18.585 18.345 18.302 19.19 21.265 22.165 18.997 24.2 16.935 16.91 17.107 17.442 17.667 17.845 18.045 18.147 18.307 18.385 18.472 18.525 19.05 18.71 21.08 31.657 18.532 18.37 18.187 18.157 17.892 17.587 19.775 18.472 16.615 16.292 16.162 16.112 16.327 16.122 16.845 16.42 16.497 16.92 17.375 16.882 17.007 17.51 16.982 16.935 16.792 17.195 16.702 19.567 16.485 16.652 16.625 16.76 16.737 19.705 18.272
19.602 19.572 24.415 23.532 19.38 19.32 19.237 19.192 20.805 22.395 28.32 20.747 19.072 18.465 18.382 18.367 18.2 18.037 17.825 21.32 25.38 19.647 17.125 17.355 17.625 17.855 18.062 18.302 18.372 18.462 18.587 18.622 18.7 18.767 18.832 23.092 24.917 20.25 18.51 18.387 18.175 18.082 17.82 17.532 17.277 18.137 16.777 16.685 17.26 16.782 17.472 16.552 16.897 16.8 16.805 17.087 17 17.175 17.127 17.247 17.837 17.177 17.557 16.832 17.772 17.697 16.737 16.887 16.79 19.982 19.947 19.76
21.61 19.507 25.02 33.667 20.762 19.29 19.282 19.185 19.222 19.055 18.957 20.255 18.692 18.54 18.46 18.467 18.282 18.015 17.76 17.737 20.462 18.322 17.255 17.61 17.725 17.97 18.142 18.427 18.59 18.652 18.86 22.83 18.86 18.897 18.975 18.97 18.9 20.317 18.557 18.667 18.342 18.212 18.057 18.167 17.582 17.345 17.82 16.88 16.8 16.772 16.977 17.157 16.902 16.955 17.092 17.067 17.182 17.307 17.27 17.327 17.595 18.105 17.295 17.162 17.057 17.065 17.02 16.887 16.712 18.3 18.49 17.53
23.765 21.445 22.282 21.695 19.615 19.412 19.232 19.152 19.115 19.04 19.035 20.055 18.652 18.685 18.462 18.28 25.535 19.23 24.627 17.52 17.922 17.167 17.445 17.705 17.877 18.125 18.335 18.592 18.685 18.857 21.387 23.37 28.112 19.015 26.355 25.21 19.007 18.967 18.745 18.55 18.547 18.402 18.422 25.95 19.992 18.14 17.442 17.295 17.12 17.182 17.375 18.82 17.177 17.222 17.587 17.357 17.402 17.577 17.772 17.615 17.7 18.077 17.457 17.375 17.452 17.772 18.552 17.092 16.93 16.667 26.852 20.395
24.78 19.485 19.5 19.417 19.39 19.295 19.257 19.15 19.055 19 18.957 18.765 18.697 18.537 18.41 20.707 19.687 21.73 20.67 19.937 16.897 26.39 21.2 17.942 18.095 18.302 18.505 18.665 24.757 20.505 23.815 30.407 31.042 23.967 35.845 28.495 19.13 19.037 18.995 18.832 18.677 18.537 18.382 23.032 27.25 23.39 25.935 17.502 18.16 17.502 18.115 18.295 17.522 18.112 17.562 17.64 17.582 17.625 17.812 17.64 17.71 17.57 17.64 17.56 28.19 21.702 17.382 17.385 16.995 16.727 17.23 15.825
20.962 19.527 19.602 19.487 19.362 19.335 19.327 19.182 19.097 18.935 18.842 18.702 18.665 19.105 18.332 20.38 23.99 20.322 19.125 25.375 21.817 23.927 27.555 18.152 18.542 18.55 18.697 25.062 32.582 22.015 19.057 24.542 21.855 19.21 20.392 19.25 19.347 19.127 19.08 19.022 18.967 18.897 18.657 23.337 23.63 24.947 22.542 21.435 19.77 17.887 19.357 18.73 17.992 19.985 22.552 17.985 18.47 17.985 17.93 18.1 18.262 18.282 17.817 17.985 23.012 17.742 17.64 17.455 17.157 16.837 16.705 22.102
21.045 20.017 19.59 19.452 19.335 19.287 19.372 19.215 19.137 18.96 18.74 18.717 18.66 18.56 18.145 22.605 27.655 30.185 28.45 16.705 20.045 17.982 21.775 18.41 18.527 18.63 18.782 27.162 26.535 19.03 19.14 19.227 19.152 19.272 19.287 19.252 19.862 19.222 19.242 19.382 19.907 19.057 18.97 19.66 18.595 18.492 19.76 18.612 18.1 18.085 22.955 30.165 20.75 23.937 19.162 18.19 18.522 18.55 18.35 18.162 18.44 18.682 18.26 17.987 20.285 17.847 17.86 17.897 17.377 17.072 16.797 20.175
28.642 30.43 19.525 19.442 19.382 19.262 19.225 19.172 18.952 18.855 18.767 18.805 19.537 18.392 18.112 17.695 18.76 31.85 29.812 23.28 17.822 18.087 18.38 18.59 18.56 18.74 18.862 19.322 27.21 22.877 27.075 21.76 19.285 19.277 19.312 19.322 19.327 19.322 19.332 19.297 19.582 19.28 19.212 19.077 18.962 18.757 18.622 18.457 18.412 18.517 20.745 24.145 20.875 18.68 33.017 24.97 18.71 19.175 18.775 18.417 18.465 18.877 18.36 18.625 18.197 18.062 17.957 17.95 17.64 17.48 17.027 16.817
25.692 32.462 22.687 22.157 19.982 19.245 19.307 19.125 18.92 18.76 18.825 18.642 18.49 18.195 17.93 30.997 24.67 18.332 19.245 17.802 18.067 18.34 18.34 18.432 18.622 22.87 25.917 19.095 19.687 29.862 30.13 21.607 19.367 19.36 19.395 19.357 23.937 20.517 28.255 21.777 23 25.625 35.172 19.245 22.62 19.3 19.945 18.832 18.805 18.81 18.937 18.697 18.655 23.095 25.11 26.565 18.597 18.77 18.692 18.59 18.68 18.845 18.782 18.5 18.59 18.325 18.185 18.017 17.842 17.547 17.415 17.06
19.547 24.725 24.305 26.927 31.412 30.432 27.547 18.912 18.777 18.772 18.905 19.23 18.327 17.995 17.687 24.022 17.84 17.67 17.855 18.107 18.172 18.217 18.44 18.61 18.697 27.085 27.752 19.425 22.57 28.325 21.902 19.395 19.417 19.45 19.502 19.43 19.437 19.437 21.002 27.29 25.74 19.8 24.395 19.44 21.205 25.605 27.047 19.227 25.512 19.185 19.172 20.345 21.507 20.14 26.632 20.065 18.84 18.927 18.897 18.875 18.8 18.76 18.862 18.787 18.8 18.572 18.4 18.697 18.907 18.242 17.75 18.562
23.85 21.142 31.352 29.525 25.002 23.547 21.35 18.867 18.837 18.817 18.72 18.445 18.127 29.232 26.935 29.212 22.612 17.935 18.007 18.3 18.365 18.395 18.68 18.697 18.855 18.98 19.105 19.165 19.31 25.697 24.895 19.357 19.46 19.54 19.5 19.552 19.797 19.522 23.367 22.69 27.01 26.145 28.197 21.052 28.715 20.575 22.262 28.925 30.675 28.407 19.225 26.97 23.347 26.017 28.517 30.552 19.17 19.067 19.095 19.302 19.202 18.982 18.837 18.897 18.87 18.807 19.02 18.51 18.912 18.725 18.215 17.752
28.065 19.882 23.157 22.352 19.247 24.912 20.835 18.875 18.77 19.09 18.455 19.475 17.987 25.01 19.907 21.625 28.647 19.815 18.292 18.345 18.31 18.54 19.075 20.782 22.632 19.022 19.147 19.292 19.31 19.39 19.37 19.582 19.517 19.587 19.602 19.645 20.73 20.35 21.685 25.495 31.505 33.402 36.805 35.257 30.01 21.635 19.34 19.817 24.245 31.635 32.305 24.647 19.435 29.547 31.175 22.985 19.285 19.12 19.245 19.28 19.152 19.182 19.16 19.002 19.04 18.947 19.042 19.005 19.56 18.37 18.34 18.012
33.185 19.44 19.832 25.97 24.875 34.252 33.225 18.82 18.7 18.702 18.285 18.252 17.885 18.305 17.33 17.837 18.3 18.232 18.322 18.35 18.575 18.712 18.817 21.32 22.662 19.215 19.252 19.335 19.835 19.495 19.772 19.555 19.565 19.757 20.812 21.425 19.747 19.677 19.765 19.645 22.375 21.45 24.942 24.185 22.057 19.515 19.48 19.475 23.627 23.812 24.68 29.337 20.325 22.122 23.272 19.472 19.4 19.287 19.37 19.315 19.355 19.34 19.362 19.657 19.862 19.665 19.17 19.767 19.055 18.542 18.517 18.27
20.642 20.455 20.165 21.03 19.122 27.452 19.015 18.667 18.51 18.612 18.05 17.967 17.677 26.782 27.247 22.222 18.175 24.122 30.635 23.852 18.642 22.857 24.132 19.557 19.022 19.34 19.365 19.46 19.527 19.55 19.695 19.585 21.46 21.887 22.97 19.725 19.662 19.66 19.675 19.73 19.797 19.807 20.15 19.665 19.642 19.565 19.515 21.815 26.025 23.347 34.137 31.48 22.402 19.77 19.402 19.425 19.36 19.71 19.707 19.325 19.377 19.362 19.437 19.445 19.205 19.34 19.157 19.055 19.067 18.772 18.79 18.577
19.49 19.357 19.29 19.197 19.115 18.99 18.837 18.55 18.312 18.007 17.895 17.692 17.377 20.65 27.54 24.572 18.245 21.242 26.51 23.24 20.11 26.205 27.987 24.985 19.232 19.402 19.502 21.747 19.537 19.557 19.567 20.825 28.252 27.562 20.272 19.645 23.512 22.282 20 19.932 20.93 19.86 19.95 20.195 19.752 19.592 19.877 19.657 19.602 24.707 25.335 20.55 19.487 19.75 19.662 19.537 19.43 19.482 19.475 19.452 19.702 19.482 19.487 19.71 19.3 19.357 19.215 19.145 19.197 19.042 18.88 18.655
19.605 19.907 19.572 19.187 20.915 18.92 18.615 18.295 18.075 18.112 20.17 17.472 17.682 22.145 28.5 18.155 18.32 18.492 20.97 18.74 18.797 18.997 22.857 21.6 19.315 19.352 19.382 28.465 23.97 19.647 19.635 22.95 20.735 19.99 19.79 20.005 32.375 33.29 26.175 26.915 26.6 20.91 19.87 19.792 19.845 19.837 19.712 19.637 21.815 28.325 32.24 19.475 19.512 19.567 19.525 19.577 19.462 19.52 19.537 19.472 19.95 19.542 19.827 19.49 19.547 19.375 19.367 19.327 19.337 19.17 19.19 18.965
20.455 19.77 19.377 19.2 19.062 18.817 18.372 17.992 18.04 17.655 17.525 17.912 17.91 18.135 18.215 18.385 18.412 18.66 18.745 18.867 20.635 19.19 21.58 22.915 20.412 19.45 19.467 20.667 22.522 19.625 19.73 22.417 33.34 20.472 19.907 19.842 19.942 30.487 25.172 29.337 30.537 27.83 19.877 19.925 19.917 19.812 19.7 19.992 27.59 34.722 36.185 25.512 19.6 19.677 19.57 19.66 19.535 19.51 19.552 19.635 19.595 19.63 19.612 19.515 19.527 19.44 19.452 19.347 19.545 19.852 19.397 19.422
19.665 19.555 19.292 19.175 18.96 18.587 18.17 18.012 18.582 18.06 18.172 22.702 23.86 24.377 18.375 18.51 18.732 18.745 18.855 19 24.325 32.547 27.632 27.52 21.817 19.52 19.725 25.167 35.807 27.642 25.812 24.282 23.78 19.87 19.932 20.22 33.747 21.335 20.037 22.372 26.345 20.002 19.857 20.84 19.942 20.007 19.78 19.917 26.577 28.022 35.392 27.167 19.65 19.657 19.727 19.607 19.732 19.632 19.645 19.685 19.632 19.605 19.59 19.602 19.892 19.482 19.445 19.43 20.39 19.292 19.445 19.1
26.312 24.075 19.322 19.2 18.985 18.342 18.035 17.735 18.015 18.43 18.602 22.25 24.997 20.897 18.527 18.667 18.74 18.897 19.995 19.45 23.332 26.927 27.662 28.247 24.097 22.335 27.352 23.002 29.007 25.542 33.427 33.055 24.722 19.852 19.855 20.01 24.18 22.045 20.112 22.717 20.045 19.945 19.96 21.237 21.702 19.81 19.862 20.897 25.257 21.777 26.715 24.95 19.975 19.8 20.082 19.812 19.845 19.75 19.79 19.865 19.752 19.692 19.745 19.625 19.6 19.662 19.482 19.562 19.627 19.382 19.395 19.577
26.52 25.945 19.277 19.175 18.747 18.192 17.82 17.885 18.455 18.66 18.785 18.83 21.91 23.487 18.772 22.885 30.157 19.052 20.51 19.915 19.677 19.585 19.957 27.415 30.632 22.645 31.43 27.817 20.86 22.477 30.145 27.47 21.897 20.217 19.93 25.352 26.575 26.405 19.972 27.425 20.56 19.992 20.305 20.085 19.832 19.812 19.792 29.76 31.415 22.41 20.105 22.045 20.245 19.952 20.66 19.937 19.885 19.837 19.847 19.83 19.84 20.707 19.745 19.705 19.865 19.722 19.542 19.532 19.65 19.487 19.44 19.5
19.667 19.46 19.345 18.955 18.475 17.882 17.572 18.512 18.78 18.902 27.587 29.097 22.807 32.995 19.027 19.895 23.225 19.207 19.352 22.862 21.085 19.62 22.915 31.127 31.467 19.802 19.79 19.87 20.43 19.88 19.942 20.092 19.94 19.955 20.855 26.882 33.617 21.067 20.392 20.207 20.207 20.34 20.05 19.985 19.935 20.342 21.372 26.397 23.865 30.692 30.332 27.01 20.172 19.877 19.935 19.972 19.832 20.78 19.815 19.845 19.832 19.817 19.802 19.862 20.305 19.812 19.585 19.662 19.645 19.622 19.495 19.66
23.227 32.987 27.58 19.187 18.725 17.652 18.225 18.805 19.005 19.085 23.087 32.95 20.505 19.135 19.227 19.28 19.272 19.395 22.697 21.342 20.897 19.69 19.682 23.9 31.977 19.792 19.842 19.785 19.897 19.885 20.022 23.075 20.012 20.265 20.445 21.037 20.207 20.22 20.162 20.165 20.927 23.52 21.02 20.21 20.132 27.132 24.69 19.937 20.942 26.557 28.122 28.61 20.97 20.215 20 19.985 19.867 19.945 19.865 19.85 19.81 19.825 19.972 19.912 20.032 19.975 19.727 19.625 19.66 19.857 19.782 19.522
23.85 34.547 31.647 18.925 18.277 18.345 18.57 19.027 19.145 19.245 19.307 19.402 19.385 19.387 19.342 19.342 19.342 19.48 20.867 29.567 21.547 19.775 19.73 19.79 26.667 19.845 19.882 19.96 20 20.23 20.645 22.445 21.627 20.22 20.267 24.187 20.195 20.475 20.822 20.4 20.467 22.297 20.16 20.19 20.102 22.637 33.352 22.63 20.895 20.252 22.095 24.41 19.922 19.96 19.942 19.865 19.89 19.905 19.92 19.855 19.905 20.145 19.905 20.147 19.882 19.862 19.95 19.72 19.787 19.875 19.687 20.467
20.812 25.85 26.905 18.64 18.307 17.897 18.682 19.055 19.212 19.305 19.412 19.442 19.887 19.5 19.482 26.142 23.107 19.812 19.94 20.187 19.87 19.96 19.752 19.817 20.467 19.9 19.902 19.905 19.957 19.997 20.132 19.982 20.127 20.29 20.302 20.117 20.267 20.105 20.285 20.56 20.377 20.305 20.182 20.102 20.022 21.937 20.627 31.26 29.327 24.102 20.175 19.977 19.995 20.005 19.922 20.075 20.407 20.065 20.007 20.327 20.067 19.882 20.005 19.945 20.027 19.952 19.887 19.935 19.687 19.86 19.982 19.712
20.51 19.405 19.117 18.802 18.785 17.922 18.66 19.055 19.262 19.41 19.462 19.49 20.112 29.442 27.727 30.785 23.11 21.622 20.072 19.797 19.747 19.812 19.845 19.87 28.157 24.405 20.047 20.14 20.045 19.995 20.032 20.057 20.06 20.157 21.85 20.067 20.162 20.197 20.8 21.36 20.327 20.145 20.597 20.077 22.815 20.085 20.065 21.182 23.172 21 22.972 20.172 20.197 20.075 20.092 20.047 19.985 19.97 20.05 20.155 19.94 20.117 20.095 20.03 19.945 19.877 20.257 20.04 19.95 19.732 19.667 19.7
22.737 24.477 19.162 18.785 18.455 18.012 19.827 19.39 19.272 19.392 27.362 30.507 22.415 29.67 27.355 20.195 19.617 20.05 20.21 20.095 19.857 19.87 19.907 20.415 20.12 20.142 24.05 20.427 20.365 20.262 20.05 20.137 20.12 20.127 20.125 20.172 20.625 20.152 20.62 20.452 20.507 20.267 20.06 20.297 32.907 29.58 20.217 20.26 20.317 20.185 20.152 20.062 20.115 20.25 20.047 20.077 20.082 20.06 20.04 20.14 20.147 20.267 20.205 20.29 19.957 19.987 19.925 20.557 20.045 20 19.885 19.855
22.472 21.64 19.235 18.845 18.165 18.33 27.712 28.48 19.342 19.48 23.945 23.337 19.632 19.9 20.312 23.63 19.687 19.765 19.877 19.817 19.895 19.95 25.787 28.065 20.032 20.237 25.155 20.322 20.182 20.145 20.147 20.165 20.142 20.137 20.315 21.415 21.585 20.232 20.37 20.6 20.53 20.345 20.58 21.102 33.407 30.68 20.392 20.28 20.27 20.177 20.13 20.782 20.162 20.31 20.042 20.137 20.04 20.067 20.142 20.2 20.08 20.097 20.032 20.072 20.015 20.095 19.947 19.93 19.912 19.902 19.95 19.86
