All_lidar/sz5693_DSM_2M.asc
ncols 500
nrows 500
xllcorner    456000
yllcorner    93000
cellsize     2
NODATA_value -9999
[rows 231 to 263 of 500, columns 365 to 437 of 500]
-9999 -9999 -9999 1.816 1.82 -9999 -9999 -9999 -9999 -1.724 -1.658 1.938 1.843 1.769 1.838 1.89 1.845 -9999 -9999 -9999 1.793 1.795 -9999 -9999 -9999 1.876 1.983 -9999 -9999 1.805 1.845 1.87 1.94 -9999 -9999 -9999 1.91 1.893 1.96 1.993 1.963 1.863 1.828 1.858 1.99 2.003 1.823 1.838 1.848 1.873 1.803 1.87 1.983 1.908 1.93 1.838 1.725 -0.155 1.665 1.815 0.48 0.656 0.941 1.153 1.417 1.616 1.77 1.84 1.865 1.91 1.898 1.85 1.78
-9999 -9999 1.853 1.778 1.785 -9999 -9999 -9999 -9999 1.815 -1.486 1.933 1.868 1.828 1.875 1.873 1.76 -9999 -9999 -9999 -9999 -9999 -9999 -9999 -9999 -9999 -9999 -9999 -9999 1.76 1.828 1.875 1.873 1.843 1.915 1.883 1.833 1.81 1.843 1.885 1.865 1.885 1.853 1.835 1.998 1.935 1.795 1.84 1.845 1.878 1.903 1.943 -1.057 -0.986 1.835 1.793 1.71 1.683 -0.098 0.126 1.885 1.813 1.813 1.13 1.315 1.545 1.81 1.773 1.888 1.775 1.81 1.765 1.745
1.928 1.888 -9999 -9999 1.925 -9999 -9999 -1.992 1.838 1.853 1.828 1.873 1.913 1.938 1.8 -9999 -9999 -2.062 1.798 1.869 -9999 -9999 -9999 1.818 1.808 1.81 -2.107 -9999 -9999 -9999 1.916 1.885 -1.497 1.848 1.833 1.838 -9999 -9999 1.788 1.833 1.815 -9999 1.853 1.858 1.838 1.945 1.856 1.88 1.835 -1.152 -1.298 1.863 1.905 1.76 1.83 1.7 1.705 1.81 1.898 -0.017 1.763 1.825 1.833 1.97 1.197 1.858 1.788 1.865 1.863 1.815 1.74 1.745 1.75
-1.63 -9999 -9999 -9999 -9999 -9999 -9999 1.843 1.79 1.795 1.848 1.855 1.853 1.733 -1.987 -9999 -9999 -2.042 1.833 1.8 -9999 1.853 1.836 1.953 1.91 -1.728 -1.92 1.908 -9999 -9999 1.973 1.978 1.758 -1.323 1.798 1.855 -9999 -9999 1.83 1.888 1.755 -9999 -9999 1.896 1.853 -9999 1.913 1.9 1.86 1.878 -1.55 1.82 1.795 1.748 1.795 1.88 1.85 1.855 1.833 1.805 1.87 1.875 1.853 1.953 1.103 1.313 1.669 1.97 1.803 1.74 1.813 1.725 1.773
-1.761 -9999 -9999 1.943 -9999 -9999 -9999 1.783 -9999 -9999 -9999 1.896 1.89 1.853 -9999 -9999 -2.002 -1.693 1.965 1.959 1.938 1.928 1.9 2.008 2.033 2.025 1.943 1.848 2.053 -9999 -1.809 1.89 1.805 1.773 1.795 1.843 1.83 1.779 1.87 1.845 1.735 -9999 -9999 1.908 1.828 -9999 1.783 1.78 1.83 1.805 1.765 1.793 1.833 1.84 1.895 1.985 1.843 -0.78 1.793 1.793 1.83 1.765 1.745 1.88 1.813 1.289 1.623 1.813 1.805 1.703 1.735 1.728 1.848
1.838 1.908 -9999 1.843 -9999 -9999 -9999 -9999 -9999 -9999 -9999 -9999 -9999 -1.831 -9999 -9999 -2.057 -1.735 1.888 -9999 -9999 1.935 1.88 1.923 1.9 1.933 1.95 1.848 1.893 1.8 -1.64 1.848 1.86 1.818 1.853 1.785 1.813 1.808 1.803 1.705 1.74 1.765 1.76 1.96 1.828 1.778 1.84 1.885 1.928 1.843 1.858 -9999 1.746 1.915 1.928 1.94 1.793 -0.843 -0.551 1.833 1.8 0.165 1.8 1.86 1.845 1.279 1.86 1.935 1.783 1.785 1.815 1.783 1.805
1.915 -9999 -9999 -9999 1.878 -9999 -9999 -9999 -9999 -9999 -9999 -9999 -9999 -9999 1.978 -2.087 -1.853 1.948 1.783 -9999 -9999 1.908 1.755 1.808 1.818 1.833 1.845 1.763 1.853 1.79 1.888 -1.337 1.87 -1.35 -1.556 1.81 1.843 1.873 1.763 1.685 1.803 1.758 1.885 1.81 1.793 1.805 1.86 1.88 -9999 -9999 1.838 -9999 -9999 2.03 1.913 1.683 1.65 1.74 -0.588 1.845 1.815 0.196 0.51 1.813 1.035 1.75 1.755 1.735 1.808 1.775 1.808 1.738 1.835
1.99 1.845 1.859 -9999 -9999 -2.087 -2.102 -9999 -9999 -9999 1.753 -9999 -9999 -9999 1.915 1.963 -1.741 1.785 1.653 1.873 1.946 1.85 1.86 1.825 1.773 1.778 1.785 1.798 1.935 1.953 1.958 1.905 1.875 1.828 -1.601 1.84 -9999 1.849 1.743 1.773 1.865 1.828 1.763 1.79 1.823 1.825 1.833 1.875 -9999 -9999 -9999 -9999 1.939 1.918 1.835 1.67 1.653 1.785 1.83 1.838 1.775 0.204 0.501 0.744 1.003 1.753 1.75 1.795 1.943 1.833 1.91 1.875 1.905
1.998 -9999 1.933 -2.015 -2.052 -2.075 -2.09 1.928 1.883 -9999 1.778 1.77 1.835 1.855 1.885 1.863 1.848 1.678 1.558 1.843 1.9 1.788 1.945 1.913 1.778 1.733 1.718 1.808 -9999 -9999 1.92 1.86 1.838 1.798 1.763 1.79 -9999 -1.834 1.808 1.86 1.845 1.818 1.783 1.818 1.87 1.823 1.743 1.818 1.865 1.843 1.763 1.846 1.838 1.753 1.71 -1.126 -0.897 1.765 1.735 1.813 1.7 0.3 0.518 0.755 1.835 1.865 1.733 1.765 1.773 1.818 1.763 1.81 1.9
-9999 -9999 -9999 -2.021 -2.05 -2.075 -1.793 1.863 1.818 1.81 1.835 1.848 1.868 1.835 1.948 1.813 -1.791 -1.806 -9999 -9999 -9999 1.81 1.875 1.97 1.805 1.833 1.733 -9999 -9999 -9999 -9999 1.843 1.85 1.798 1.768 1.745 1.833 2.07 1.898 1.848 1.823 1.78 1.785 1.775 1.825 1.8 1.715 1.815 -1.638 -1.59 1.82 1.83 1.818 -1.394 1.695 1.808 1.78 1.765 1.755 1.728 1.823 1.763 0.428 0.675 0.957 1.938 1.86 1.818 1.763 1.725 1.705 1.845 1.815
1.929 -9999 -9999 -9999 -1.994 -2.057 1.93 1.875 1.848 1.873 1.92 1.905 -1.508 -1.584 1.918 -9999 -9999 1.678 -9999 -9999 2.053 1.755 -9999 2.048 1.905 2 1.853 -9999 -9999 1.783 1.853 -9999 -9999 1.856 1.8 1.76 1.795 1.933 2 2.013 1.888 -1.626 1.81 1.88 1.878 1.79 1.768 1.883 1.91 1.865 1.87 1.843 -1.399 -1.285 1.768 1.768 1.735 1.805 1.778 1.71 1.828 1.86 1.745 0.671 0.888 1.059 1.283 1.86 1.9 1.78 1.75 1.89 1.805
1.893 -9999 -9999 -9999 -9999 -9999 -9999 -9999 -9999 -9999 -9999 1.919 1.8 1.763 1.773 -9999 -9999 1.735 -9999 1.923 2.003 -9999 -9999 -9999 1.895 2.005 1.798 1.773 1.893 1.728 1.795 -9999 -9999 -9999 1.873 1.808 1.813 1.855 1.803 1.865 1.803 -1.94 1.883 1.955 1.965 1.783 1.803 1.84 1.85 1.855 1.698 1.77 1.793 1.79 1.848 1.915 1.8 1.755 1.738 1.803 1.843 1.768 1.77 0.469 0.706 0.954 1.182 1.8 1.91 1.86 1.718 1.743 1.853
1.976 1.943 -9999 -9999 -9999 -9999 -9999 -9999 -9999 -9999 -9999 1.858 1.86 1.848 -9999 -9999 1.878 1.87 1.865 1.835 1.868 -1.787 -2.097 -9999 1.869 1.925 1.733 1.74 1.783 1.72 1.778 -9999 -9999 1.813 1.845 1.86 1.818 1.71 1.743 1.888 -9999 -9999 1.869 1.883 1.87 1.825 1.83 1.855 1.82 1.745 1.71 1.748 1.835 1.89 2.015 2.01 1.84 1.728 1.745 -0.487 1.855 1.738 1.683 1.753 0.586 0.886 1.82 1.73 1.835 1.9 1.788 1.71 1.773
-9999 -2.022 -2.047 -2.002 -9999 -9999 -9999 -9999 -9999 -9999 -9999 1.943 -9999 -9999 1.973 -9999 -1.711 1.948 1.94 1.828 -9999 -9999 1.853 1.778 1.765 1.82 1.773 1.773 1.835 1.84 1.813 1.895 1.865 1.83 1.84 1.823 1.808 1.748 1.8 -9999 -9999 -9999 1.848 1.885 1.868 1.873 1.818 1.765 -9999 1.718 1.765 1.823 1.898 1.905 1.928 1.858 1.79 1.838 1.833 -0.624 1.82 1.773 1.705 1.773 1.84 1.875 1.88 1.778 1.773 1.85 1.87 1.805 1.788
-1.857 -9999 -9999 -1.75 -2.047 -9999 -9999 -9999 -9999 -9999 1.923 -9999 -9999 -9999 -9999 1.983 1.958 2.048 2.043 -9999 -9999 -9999 -9999 1.748 1.823 1.913 1.905 1.863 1.868 1.878 1.873 2.073 2.023 1.82 1.813 -9999 -9999 1.825 1.898 -9999 -9999 -9999 1.828 1.823 1.813 1.823 1.808 -9999 -9999 1.776 1.845 1.92 1.918 1.855 1.91 1.833 1.88 1.898 1.845 -0.704 -0.472 1.845 1.79 1.833 1.805 1.92 1.988 1.848 1.895 1.79 1.835 1.795 1.738
-9999 -9999 -9999 -2.014 -2.012 1.858 -9999 -9999 1.963 1.893 -9999 -9999 -9999 -9999 2.043 2.005 1.925 1.88 1.798 1.793 -9999 -9999 1.783 1.835 1.918 1.965 -9999 -9999 1.876 1.873 1.865 2.095 1.995 1.76 1.728 -9999 -9999 1.738 1.765 1.773 1.778 1.833 1.853 1.825 1.8 1.77 -9999 1.896 -9999 -9999 1.968 1.918 -9999 -9999 -9999 1.863 1.88 1.988 1.815 1.788 1.865 1.765 1.845 1.833 2.04 0.903 1.048 1.311 1.773 1.865 1.84 1.813 1.828
1.886 1.825 -9999 -2.027 -1.985 1.815 1.93 1.923 -1.756 -2.087 -9999 -9999 -9999 1.993 1.923 1.798 -9999 1.716 1.715 1.743 1.799 1.843 1.84 1.783 1.823 1.86 -9999 -9999 1.938 1.885 1.808 1.868 1.975 1.785 1.735 1.713 -9999 -9999 1.719 1.758 1.81 1.855 1.855 1.813 1.793 1.77 -9999 -9999 1.983 1.846 1.865 1.858 1.759 -9999 -9999 1.826 1.778 1.89 1.873 1.788 1.778 1.718 1.795 1.855 1.873 1.883 1.019 1.271 1.68 1.953 1.803 1.82 1.738
-9999 1.889 1.778 -9999 -1.992 -1.747 -1.467 1.945 1.818 -2.045 -2.057 -9999 -9999 1.833 1.708 -9999 -9999 -9999 1.688 1.738 -9999 -9999 1.866 1.79 1.823 1.845 1.773 -9999 1.86 1.825 1.793 1.928 1.953 1.803 1.773 1.748 -9999 -9999 -9999 1.786 1.79 1.893 1.985 1.883 1.723 1.843 1.873 1.943 1.913 1.66 1.683 1.825 1.865 1.849 1.819 1.8 1.768 1.88 1.943 1.87 1.715 1.82 2.095 1.873 1.813 1.878 1.75 1.763 1.63 1.94 1.793 1.798 1.733
-9999 -9999 1.843 1.83 -1.716 -1.605 -1.402 1.88 1.818 -9999 -9999 -9999 1.886 1.87 -9999 -9999 -9999 -9999 1.649 -9999 -9999 -9999 1.948 1.955 1.85 1.793 1.748 1.75 1.755 1.793 1.773 1.923 1.885 1.815 1.86 1.83 1.863 -9999 -9999 -9999 1.8 1.873 1.858 1.783 1.703 1.888 1.94 2.04 1.85 1.735 1.66 1.818 1.895 1.885 1.82 1.853 1.895 1.918 1.898 1.818 1.773 1.905 1.965 1.783 1.768 1.768 1.768 1.835 1.722 1.898 1.848 1.765 1.658
-1.635 -1.371 -1.63 -1.608 -1.635 -1.374 -1.06 -1.282 -1.393 -1.56 -1.615 -1.678 -1.643 -1.558 -1.51 -1.535 -1.309 -1.314 -1.25 -1.306 -1.528 -1.3 -1.213 -1.071 -0.857 -0.931 -1.076 -1.155 -1.028 -0.891 -1.053 -1.22 -1.351 -1.568 -1.37 -1.269 -1.272 -1.605 -1.61 -1.648 -1.348 -1.139 -0.935 -0.714 -0.761 -0.823 -0.93 -0.914 -0.861 -0.728 -0.617 -0.688 -0.758 -0.79 -0.876 -0.871 -0.792 -0.611 -0.461 -1.168 -0.048 0.147 0.368 0.53 0.731 0.936 1.19 1.573 1.775 1.877 1.817 1.855 1.805
-1.625 -1.4 -1.658 -1.578 -1.565 -1.581 -1.064 -1.42 -1.673 -1.628 -1.63 -1.573 -1.565 -1.324 -1.35 -1.57 -1.589 -1.103 -0.994 -1.199 -1.318 -1.237 -1.019 -0.926 -0.782 -0.782 -0.94 -0.946 -0.839 -0.912 -1.187 -1.348 -1.57 -1.553 -1.555 -1.304 -1.105 -1.61 -1.287 -1.356 -1.192 -0.996 -0.825 -0.655 -0.547 -0.606 -0.661 -0.674 -0.607 -0.504 -0.427 -0.548 -0.58 -0.658 -0.693 -0.673 -0.562 -0.396 -0.25 -0.094 0.095 0.251 0.485 0.624 0.782 1.01 1.294 1.514 1.79 1.84 1.785 1.895 1.962
-1.616 -1.39 -1.603 -1.588 -1.37 -1.22 -1.588 -1.632 -1.66 -1.668 -1.628 -1.535 -1.498 -1.57 -1.373 -1.352 -1.24 -1.034 -1.148 -1.318 -1.323 -1.264 -1.051 -0.899 -1.487 -0.683 -0.64 -0.621 -0.743 -0.957 -1.154 -1.333 -1.543 -1.528 -1.498 -1.284 -1.095 -1.568 -1.035 -1.096 -1.058 -0.923 -0.763 -0.586 -0.349 -0.375 -0.383 -0.414 -0.396 -0.322 -0.259 -0.352 -0.393 -0.456 -0.443 -0.439 -0.277 -0.213 -1.07 0.018 0.232 0.416 0.573 0.766 0.953 1.151 1.335 1.601 1.78 1.785 1.975 1.915 2.007
-1.591 -1.561 -1.568 -1.582 -1.373 -1.368 -1.57 -1.605 -1.555 -1.551 -1.537 -1.549 -1.343 -1.578 -1.58 -1.337 -1.115 -1.099 -1.32 -1.52 -1.595 -1.355 -1.287 -1.076 -0.922 -0.836 -0.773 -0.838 -0.911 -1.105 -1.238 -1.313 -1.34 -1.355 -1.294 -1.241 -1.082 -0.854 -0.891 -0.885 -0.889 -0.725 -0.632 -0.377 -1.135 -1.134 -1.195 -0.222 -0.213 -0.152 -0.045 -0.099 -0.168 -1.172 -1.142 -0.215 -0.098 -0.071 -0.008 0.221 0.403 0.499 0.657 0.875 1.077 1.149 1.424 1.689 1.842 1.787 1.935 1.847 1.817
-1.6 -1.281 -1.245 -1.596 -1.608 -1.553 -1.518 -1.564 -1.499 -1.478 -1.319 -1.139 -1.289 -1.366 -1.339 -1.311 -1.175 -1.021 -1.188 -1.314 -1.593 -1.61 -1.407 -1.118 -1.119 -1.02 -1.039 -1.127 -1.592 -1.155 -1.311 -1.56 -1.374 -1.23 -1.089 -1.07 -0.906 -0.759 -0.699 -0.696 -0.637 -0.533 -0.419 -0.22 -0.111 0.057 -0.017 -0.049 -0.174 -0.221 -0.225 -0.192 -0.162 -0.038 0.041 0.017 0.106 0.134 0.238 0.443 0.559 0.648 0.855 1.049 1.241 1.346 1.557 1.758 1.87 1.912 1.907 1.817 1.727
-1.555 -1.558 -1.327 -1.615 -1.605 -1.54 -1.48 -1.549 -1.495 -1.301 -1.271 -1.102 -1.103 -1.099 -1.085 -1.262 -1.404 -1.237 -1.148 -1.242 -1.307 -1.334 -1.236 -1.356 -1.293 -1.222 -1.296 -1.379 -1.314 -1.212 -1.253 -1.623 -1.643 -1.331 -1.349 -1.245 -1.044 -0.872 -0.634 -0.398 -0.345 -0.338 -0.223 -0.07 0.055 -0.003 -0.114 -0.245 -0.319 -0.378 -0.418 -1.272 -0.347 -0.193 -0.126 0.034 0.177 0.417 0.527 0.647 0.717 0.877 1.059 1.161 1.326 1.628 1.803 1.845 1.997 2.077 1.927 1.835 1.7
-1.521 -1.58 -1.586 -1.573 -1.6 -1.538 -1.552 -1.605 -1.365 -1.263 -1.077 -0.904 -0.806 -1 -1.259 -1.36 -1.573 -1.563 -1.595 -1.255 -1.085 -1.057 -1.338 -1.588 -1.528 -1.342 -1.351 -1.503 -1.49 -1.286 -1.191 -1.346 -1.311 -1.342 -1.633 -1.344 -1.102 -0.896 -0.638 -0.414 -0.206 -0.155 -0.046 0.121 0.049 -0.109 -0.278 -0.483 -0.548 -0.645 -0.682 -0.616 -0.598 -0.463 -0.264 -0.097 0.086 0.237 0.478 0.728 0.875 1.035 1.112 1.25 1.415 1.693 1.997 1.897 1.947 1.84 1.78 1.742 1.75
-1.392 -1.417 -1.575 -1.324 -1.598 -1.572 -1.56 -1.583 -1.151 -1.083 -0.931 -1.468 -0.885 -1.125 -1.409 -1.585 -1.558 -1.634 -1.548 -1.552 -1.54 -1.089 -1.39 -1.585 -1.593 -1.603 -1.31 -1.278 -1.6 -1.379 -1.117 -1.12 -1.337 -1.608 -1.603 -1.345 -1.13 -0.899 -0.644 -0.395 -0.249 -0.088 0.14 0.114 -0.022 -0.202 -0.466 -0.698 -0.769 -0.793 -0.877 -0.871 -0.769 -0.629 -0.41 -0.196 -0.01 0.186 0.321 0.523 0.722 0.992 1.175 1.443 1.577 1.793 1.845 1.822 1.762 1.855 1.807 1.765 1.825
-1.665 -1.53 -1.375 -1.297 -1.075 -1.225 -1.339 -1.659 -1.716 -1.624 -1.583 -0.749 -0.871 -1.041 -1.217 -1.607 -1.585 -1.565 -1.53 -1.31 -1.553 -1.123 -1.343 -1.6 -1.565 -1.563 -1.576 -1.342 -1.42 -1.262 -1.058 -1.166 -1.396 -1.628 -1.618 -1.413 -1.132 -0.897 -0.715 -0.517 -0.362 -0.155 0.097 0.041 -0.122 -0.267 -0.561 -0.773 -0.951 -1.035 -1.139 -1.108 -0.94 -0.792 -0.565 -0.329 -0.157 0.051 0.263 0.543 0.697 1.008 1.168 1.42 1.619 1.807 1.86 1.847 1.7 1.72 1.8 1.777 1.89
-1.596 -1.348 -1.54 -1.388 -1.627 -1.085 -1.162 -1.652 -1.631 -1.605 -1.631 -0.971 -0.939 -1.027 -1.124 -1.655 -1.662 -1.374 -1.33 -1.329 -1.337 -1.584 -1.572 -1.341 -1.513 -1.625 -1.635 -1.608 -1.14 -1.064 -0.93 -1.061 -1.237 -1.338 -1.583 -1.372 -1.193 -1.007 -0.879 -0.658 -0.419 -0.187 0.088 -0.001 -0.215 -0.329 -0.59 -0.825 -1.028 -1.249 -1.309 -1.254 -1.046 -0.867 -0.603 -0.42 -0.239 -0.013 0.245 0.431 0.647 1.027 1.123 1.358 1.583 1.857 1.805 1.702 1.685 1.782 1.835 1.802 1.795
-1.63 -1.628 -1.613 -1.691 -1.66 -1.248 -1.064 -1.59 -1.599 -1.574 -1.631 -1.657 -1.589 -1.581 -1.358 -1.608 -1.686 -1.32 -1.379 -1.6 -1.608 -1.338 -1.056 -1.32 -1.528 -1.553 -1.618 -1.355 -1.118 -1.054 -0.886 -0.924 -1.098 -1.345 -1.598 -1.543 -1.342 -1.151 -0.926 -0.697 -0.424 -0.176 0.055 0.048 -0.126 -0.37 -0.624 -0.907 -1.078 -1.293 -1.56 -1.412 -1.161 -0.868 -0.636 -0.485 -0.235 -0.002 0.196 0.474 0.84 1.068 1.16 1.307 1.618 1.897 1.867 1.815 1.782 1.877 1.937 1.947 1.757
-1.624 -1.553 -1.58 -1.635 -1.603 -1.376 -1.593 -1.626 -1.661 -1.608 -1.64 -1.608 -1.637 -1.37 -1.55 -1.258 -1.266 -1.409 -1.575 -1.545 -1.528 -1.33 -1.103 -1.342 -1.565 -1.603 -1.603 -1.376 -1.406 -1.285 -1.083 -0.935 -1.064 -1.258 -1.344 -1.288 -1.251 -1.109 -0.849 -0.609 -0.406 -0.176 -0.018 0.031 -0.14 -0.332 -0.642 -0.964 -1.187 -1.322 -1.545 -1.356 -1.065 -0.84 -0.621 -0.45 -0.168 0.048 0.292 0.492 1.91 0.959 1.049 1.324 1.63 1.862 1.832 1.822 1.895 1.892 1.862 1.842 1.75
-1.703 -1.646 -1.609 -1.677 -1.396 -1.321 -1.633 -1.112 -1.284 -1.363 -1.612 -1.582 -1.589 -1.668 -1.59 -1.618 -1.439 -1.394 -1.6 -1.575 -1.535 -1.339 -1.121 -1.293 -1.409 -1.315 -1.382 -1.643 -1.653 -1.381 -1.226 -1.011 -0.883 -1.014 -1.103 -1.09 -1.07 -0.94 -0.765 -0.549 -0.379 -0.127 -0.027 0.059 -0.173 -0.36 -0.651 -0.878 -1.052 -1.198 -1.523 -1.534 -1.487 -1.484 -0.646 -0.43 -0.211 0.067 0.281 1.815 1.867 0.893 1.09 1.393 1.67 1.84 1.775 1.765 1.922 1.855 1.782 1.727 1.752
-1.707 -1.664 -1.617 -1.602 -1.604 -1.61 -0.932 -1.105 -1.355 -1.618 -1.642 -1.234 -1.373 -1.52 -1.6 -1.583 -1.371 -1.186 -1.292 -1.57 -1.351 -1.629 -1.64 -1.602 -1.603 -1.121 -1.347 -1.575 -1.627 -1.565 -1.518 -1.055 -0.843 -0.859 -0.953 -0.933 -0.908 -0.772 -0.614 -1.287 -0.409 -0.284 -0.183 -0.116 -0.17 -0.382 -0.62 -0.765 -0.864 -0.982 -1.539 -1.513 -1.52 -1.448 -0.537 -0.361 -0.115 0.133 0.328 0.484 0.676 0.817 1.1 1.407 1.637 1.817 1.817 1.807 1.782 1.755 1.827 1.81 1.78
