All_lidar/sz5692_DSM_2M.asc
ncols 500
nrows 500
xllcorner    456000
yllcorner    92000
cellsize     2
NODATA_value -9999
[rows 0 to 31 of 500, columns 360 to 431 of 500]
0.229 0.204 0.239 0.227 0.252 0.262 0.254 0.373 0.418 0.434 0.439 0.504 0.606 0.685 0.632 0.635 0.624 0.59 0.623 0.656 0.752 0.833 0.947 1.037 1.128 1.144 1.224 1.27 1.232 1.436 1.295 1.254 1.264 1.314 1.279 1.244 1.292 1.317 1.337 1.377 1.465 1.5 1.552 1.576 1.562 1.648 1.635 1.732 1.732 1.787 1.777 1.804 1.844 1.754 1.714 1.757 1.779 1.814 1.869 1.774 1.614 1.694 1.777 1.739 1.792 1.777 1.802 1.782 1.752 1.752 1.674 1.802
0.292 0.272 0.282 0.292 0.322 0.314 0.327 0.476 0.469 0.481 0.509 0.562 0.655 0.665 0.641 0.598 0.599 0.583 0.637 0.663 0.764 0.86 0.975 1.03 1.137 1.098 1.098 1.238 1.076 1.198 1.16 1.307 1.247 1.214 1.246 1.198 1.237 1.203 1.23 1.284 1.353 1.433 1.446 1.526 1.437 1.458 1.531 1.538 1.696 1.775 1.732 1.734 1.794 1.764 1.784 1.872 1.922 1.862 1.814 1.744 1.689 1.729 1.802 1.887 1.759 1.747 1.794 1.797 1.769 1.739 1.764 1.767
0.357 0.342 0.322 0.349 0.367 0.339 0.384 0.392 0.419 0.414 0.469 0.546 0.685 0.701 0.625 0.542 0.547 0.549 0.66 0.726 0.799 0.904 0.984 1.057 1.036 1.035 1.04 1.061 1.015 1.046 1.074 1.232 1.18 1.225 1.197 1.164 1.247 1.142 1.151 1.19 1.232 1.329 1.373 1.381 1.364 1.457 1.546 1.577 1.574 1.631 1.652 1.713 1.792 1.909 1.854 1.889 1.807 1.742 1.714 1.887 1.784 1.814 1.752 1.779 1.754 1.742 1.814 1.764 1.727 1.714 1.754 1.709
0.442 0.409 0.409 0.409 0.419 0.434 0.439 0.467 0.502 0.504 0.497 0.604 0.688 0.721 0.679 0.632 0.574 0.725 0.732 0.795 0.844 0.94 1.054 1.039 1.017 1.014 1.014 1.015 1.012 1.027 1.035 1.143 1.117 1.181 1.085 1.028 1.069 1.066 1.075 1.168 1.177 1.239 1.282 1.255 1.228 1.309 1.418 1.411 1.455 1.577 1.576 1.68 1.775 1.784 1.769 1.759 1.732 1.814 1.749 1.764 1.732 1.742 1.759 1.772 1.737 1.769 1.784 1.804 1.734 1.777 1.767 1.707
0.492 0.489 0.454 0.467 0.472 0.462 0.504 0.542 0.564 0.579 0.544 0.539 0.642 0.694 0.704 0.756 0.733 0.809 0.818 0.874 0.946 0.998 1.022 1 1.004 0.996 0.967 0.961 0.981 0.963 1.011 1.111 1.115 1.128 1.018 1.045 0.999 0.973 0.991 1.071 1.137 1.143 1.117 1.168 1.217 1.262 1.312 1.286 1.373 1.519 1.606 1.645 1.741 1.772 1.704 1.672 1.739 1.792 1.872 1.744 1.722 1.747 1.744 1.727 1.762 1.757 1.727 1.779 1.802 1.739 1.782 1.752
0.667 0.604 0.579 0.584 0.539 0.517 0.564 0.609 0.609 0.597 0.617 0.607 0.609 0.634 0.682 0.755 0.786 0.812 0.825 0.9 0.972 1.013 1.018 0.97 0.951 0.933 0.933 0.913 0.966 0.915 1.005 1.112 1.001 0.932 0.962 0.95 0.955 0.958 0.918 0.987 1.019 1.08 1.057 1.099 1.148 1.125 1.15 1.219 1.279 1.41 1.464 1.543 1.671 1.714 1.737 1.797 1.792 1.817 1.709 1.737 1.787 1.747 1.732 1.807 1.764 1.769 1.767 1.824 1.802 1.769 1.759 1.784
0.849 0.834 0.807 0.772 0.742 0.702 0.709 0.694 0.692 0.704 0.707 0.649 0.679 0.792 0.79 0.819 0.747 0.787 0.827 0.902 0.979 1.04 1 0.926 0.934 0.928 0.921 0.914 0.918 0.898 0.954 1.051 0.971 0.899 0.865 0.819 0.823 0.825 0.864 0.958 0.967 0.975 0.975 1.07 1.033 1.038 1.127 1.153 1.219 1.363 1.441 1.503 1.573 1.672 1.742 1.859 1.829 1.687 1.712 1.782 1.812 1.762 1.852 1.832 1.904 1.847 1.792 1.747 1.769 1.762 1.784 1.777
1.082 1.062 1.047 1.007 0.942 0.932 0.887 0.827 0.804 0.769 0.772 0.717 0.719 0.774 0.754 0.86 0.822 0.854 0.917 0.965 0.993 1.021 0.982 0.907 0.879 0.869 0.876 0.884 0.91 0.901 0.972 1.018 0.954 0.835 0.837 0.768 0.769 0.804 0.824 0.903 0.94 0.932 0.9 0.942 1.022 0.979 1.029 1.073 1.178 1.252 1.383 1.444 1.497 1.585 1.659 1.764 1.669 1.707 1.712 1.732 1.759 1.812 1.767 1.764 1.749 1.772 1.807 1.817 1.817 1.792 1.782 1.782
1.269 1.312 1.33 1.239 1.207 1.154 1.094 1.032 0.944 0.909 0.829 0.809 0.809 0.839 0.814 0.942 0.935 0.928 0.998 1.039 1.054 1.035 0.999 0.952 0.879 0.832 0.903 0.956 0.954 0.977 1.039 1.01 0.927 0.85 0.779 0.719 0.725 0.775 0.766 0.835 0.941 0.831 0.845 0.904 0.908 0.93 0.978 1.086 1.162 1.216 1.294 1.38 1.474 1.532 1.603 1.732 1.722 1.754 1.764 1.744 1.802 1.732 1.669 1.747 1.744 1.779 1.722 1.774 1.764 1.722 1.664 1.742
1.535 1.506 1.508 1.468 1.384 1.354 1.344 1.264 1.159 1.089 0.917 0.892 0.884 0.924 0.938 1.017 0.998 1.036 1.097 1.153 1.123 1.106 1.056 0.964 0.957 0.879 0.962 0.988 0.968 0.981 1.016 0.997 0.906 0.762 0.707 0.675 0.65 0.693 0.766 0.751 0.752 0.758 0.79 0.798 0.824 0.874 0.947 1.039 1.095 1.202 1.272 1.365 1.472 1.597 1.63 1.701 1.814 1.797 1.752 1.724 1.709 1.687 1.669 1.714 1.682 1.774 1.797 1.749 1.687 1.729 1.719 1.722
1.805 1.762 1.72 1.704 1.615 1.577 1.502 1.462 1.446 1.334 1.159 1.054 0.986 0.978 0.947 0.952 0.974 1.036 1.1 1.188 1.184 1.154 1.095 1.057 1.024 1.004 1.001 0.986 0.929 0.946 1.025 0.965 0.866 0.731 0.628 0.657 0.635 0.728 0.732 0.741 0.68 0.707 0.702 0.745 0.783 0.824 0.902 0.981 1.081 1.118 1.263 1.339 1.466 1.575 1.659 1.707 1.849 1.744 1.636 1.647 1.617 1.619 1.693 1.682 1.725 1.643 1.76 1.752 1.779 1.732 1.792 1.749
2.105 2.091 2.067 2.022 1.932 1.8 1.724 1.666 1.556 1.48 1.355 1.215 1.174 1.07 1.019 1.057 1.024 1.103 1.16 1.265 1.285 1.248 1.203 1.197 1.146 1.093 1.029 0.901 0.901 1.025 1.033 0.951 0.821 0.736 0.632 0.652 0.665 0.654 0.725 0.759 0.676 0.638 0.656 0.73 0.755 0.806 0.886 0.975 1.05 1.145 1.192 1.33 1.423 1.549 1.603 1.748 1.79 1.598 1.578 1.581 1.617 1.643 1.681 1.644 1.656 1.573 1.657 1.648 1.782 1.847 1.744 1.817
2.477 2.382 2.391 2.33 2.222 2.127 2.058 1.935 1.742 1.579 1.452 1.354 1.303 1.182 1.152 1.122 1.17 1.217 1.256 1.326 1.368 1.357 1.303 1.264 1.181 1.064 0.934 0.887 1 1.139 1.056 0.95 0.805 0.707 0.682 0.662 0.597 0.706 0.754 0.68 0.597 0.577 0.602 0.681 0.733 0.8 0.908 0.951 1.1 1.183 1.259 1.282 1.377 1.499 1.569 1.65 1.585 1.571 1.546 1.61 1.562 1.533 1.528 1.499 1.451 1.545 1.564 1.643 1.747 1.763 1.802 1.799
2.863 2.852 2.846 2.735 2.631 2.505 2.356 2.217 2.012 1.811 1.646 1.507 1.425 1.334 1.294 1.244 1.218 1.302 1.304 1.319 1.411 1.369 1.316 1.245 1.137 0.999 0.874 0.93 1.073 1.11 1.066 1.023 0.9 0.831 0.784 0.702 0.667 0.693 0.791 0.662 0.539 0.549 0.627 0.692 0.754 0.836 0.895 0.981 1.095 1.133 1.192 1.264 1.422 1.443 1.522 1.644 1.628 1.501 1.507 1.518 1.412 1.37 1.37 1.383 1.42 1.49 1.461 1.51 1.611 1.605 1.661 1.687
3.3 3.257 3.225 3.12 3.01 2.807 2.674 2.514 2.324 2.113 1.889 1.716 1.608 1.529 1.438 1.409 1.384 1.425 1.451 1.448 1.471 1.378 1.251 1.142 1.044 1.004 1.092 1.099 1.103 1.139 1.149 1.082 1.019 0.937 0.847 0.762 0.8 0.766 0.786 0.715 0.653 0.532 0.63 0.723 0.795 0.818 0.883 0.975 1.007 1.104 1.176 1.289 1.4 1.472 1.594 1.573 1.543 1.448 1.384 1.446 1.327 1.339 1.361 1.352 1.315 1.386 1.443 1.445 1.501 1.535 1.59 1.686
4.119 4.135 4.19 4.227 3.831 3.287 2.925 2.747 2.617 2.453 2.266 2.009 1.856 1.699 1.579 1.521 1.47 1.497 1.539 1.565 1.475 1.358 1.289 1.246 1.207 1.167 1.173 1.175 1.216 1.253 1.23 1.155 1.019 1.001 0.932 0.832 0.812 0.787 0.816 0.709 0.572 0.564 0.649 0.669 0.725 0.8 0.905 0.945 1.092 1.127 1.22 1.321 1.431 1.493 1.54 1.426 1.398 1.38 1.31 1.338 1.302 1.282 1.252 1.234 1.191 1.29 1.382 1.379 1.434 1.481 1.546 1.623
3.76 4.745 5.812 6.009 4.862 4.092 3.348 2.987 2.783 2.66 2.516 2.36 2.165 1.976 1.758 1.663 1.56 1.552 1.556 1.568 1.468 1.449 1.423 1.353 1.3 1.256 1.234 1.248 1.311 1.318 1.289 1.192 1.102 1.104 0.982 0.884 0.757 0.791 0.779 0.718 0.642 0.654 0.649 0.679 0.768 0.833 0.925 1.008 1.087 1.172 1.221 1.285 1.394 1.482 1.474 1.394 1.336 1.305 1.259 1.234 1.219 1.184 1.128 1.143 1.165 1.223 1.27 1.315 1.368 1.455 1.515 1.573
3.382 5.19 5.803 6.232 5.537 4.945 4.2 3.791 3.568 2.98 2.696 2.564 2.429 2.269 2.054 1.827 1.669 1.603 1.587 1.577 1.589 1.633 1.543 1.43 1.397 1.386 1.377 1.29 1.351 1.344 1.295 1.208 1.14 1.132 1.119 0.972 0.885 0.787 0.779 0.732 0.739 0.697 0.76 0.774 0.847 0.885 0.994 1.04 1.113 1.14 1.178 1.28 1.312 1.546 1.426 1.377 1.326 1.307 1.262 1.168 1.149 1.104 1.099 1.136 1.121 1.183 1.209 1.245 1.343 1.396 1.44 1.533
3.187 4.381 5.425 6.468 6.805 5.477 4.726 4.53 4.158 3.518 3.118 2.784 2.546 2.428 2.312 2.114 1.865 1.734 1.675 1.641 1.792 1.815 1.635 1.478 1.475 1.471 1.417 1.389 1.409 1.377 1.309 1.208 1.137 1.082 1.061 0.954 0.849 0.837 0.819 0.767 0.818 0.812 0.83 0.889 0.936 0.954 1.035 1.112 1.145 1.182 1.239 1.35 1.445 1.457 1.405 1.393 1.275 1.227 1.186 1.137 1.089 1.078 1.068 1.08 1.082 1.116 1.166 1.194 1.268 1.274 1.389 1.441
3.051 3.217 4.601 6.158 5.771 4.316 3.902 3.744 3.114 3.623 4.613 4.855 3.765 3.707 2.614 2.244 2.124 1.955 1.827 1.766 1.766 1.72 1.612 1.575 1.585 1.553 1.547 1.521 1.465 1.463 1.375 1.318 1.243 1.169 1.081 1.007 0.984 0.862 0.867 0.884 0.925 0.935 0.937 0.957 1.009 1.083 1.134 1.201 1.234 1.319 1.329 1.44 1.381 1.382 1.331 1.257 1.241 1.175 1.119 1.054 1.03 1.021 1.027 1.008 1.046 1.08 1.091 1.171 1.227 1.298 1.376 1.408
3.131 3.125 3.84 4.629 3.478 2.937 3.045 2.948 2.878 4.234 6.177 6.691 6.515 6.924 4.453 3.103 2.322 2.145 2.011 1.979 1.97 1.895 1.79 1.699 1.674 1.6 1.608 1.584 1.526 1.515 1.427 1.368 1.328 1.239 1.164 1.108 1.048 0.974 0.951 0.986 1.034 1.027 1.091 1.126 1.168 1.179 1.242 1.268 1.299 1.342 1.404 1.506 1.447 1.32 1.257 1.222 1.213 1.137 1.07 1.005 0.99 0.942 0.933 0.958 1.001 1.015 1.077 1.159 1.225 1.251 1.34 1.439
3.199 3.301 3.082 3.083 2.807 2.9 3.145 3.247 3.248 5.651 6.508 5.418 6.14 6.277 5.704 3.74 2.879 2.776 2.413 2.368 2.471 2.833 2.694 1.966 1.811 1.754 1.675 1.655 1.594 1.575 1.506 1.437 1.364 1.322 1.265 1.18 1.099 1.068 1.052 1.099 1.09 1.146 1.231 1.335 1.344 1.308 1.335 1.352 1.362 1.415 1.474 1.461 1.403 1.344 1.3 1.252 1.223 1.144 1.067 0.991 0.942 0.911 0.898 0.948 0.946 1.019 1.067 1.129 1.235 1.278 1.328 1.408
3.366 3.185 3.006 2.854 3.595 4.163 5.173 4.359 3.344 5.459 6.639 5.827 5.491 6.047 6.03 4.563 4.072 3.768 3.216 3.343 4.442 5.044 3.153 2.287 2.137 2.028 1.907 1.835 1.765 1.704 1.628 1.559 1.492 1.439 1.333 1.258 1.219 1.252 1.179 1.159 1.183 1.233 1.341 1.424 1.416 1.35 1.389 1.376 1.412 1.424 1.479 1.455 1.389 1.298 1.274 1.283 1.234 1.135 1.062 0.957 0.897 0.848 0.867 0.899 0.936 0.984 1.023 1.095 1.248 1.262 1.309 1.36
3.244 3.165 3.094 3.919 5.277 5.987 5.993 5.794 4.095 4.498 5.997 4.776 4.633 6.443 5.61 5.57 5.581 4.977 4.237 4.522 4.235 5.073 4.859 3.605 2.842 2.346 2.189 2.116 2.007 1.906 1.783 1.696 1.626 1.601 1.508 1.46 1.404 1.382 1.36 1.322 1.305 1.34 1.459 1.502 1.575 1.412 1.462 1.45 1.542 1.446 1.555 1.479 1.407 1.364 1.311 1.264 1.207 1.091 0.991 0.928 0.878 0.838 0.87 0.891 0.947 1.02 1.077 1.135 1.211 1.267 1.305 1.347
3.381 3.447 3.369 4.837 6.302 6.855 5.336 4.744 3.256 3.199 4.021 3.252 4.577 5.781 5.3 6.243 5.503 4.912 5.103 4.555 4.103 5.228 5.219 4.766 4.224 2.804 2.422 2.342 2.236 2.162 2.047 1.929 1.826 1.721 1.66 1.612 1.591 1.562 1.524 1.486 1.509 1.523 1.536 1.539 1.559 1.528 1.478 1.497 1.59 1.57 1.505 1.526 1.494 1.398 1.32 1.27 1.197 1.077 0.992 0.909 0.874 0.792 0.846 0.911 0.955 1.029 1.072 1.172 1.181 1.255 1.287 1.364
3.405 3.53 3.333 3.724 6.1 6.717 4.051 3.229 3.064 3.182 3.171 3.159 3.083 3.938 3.946 4.405 3.852 3.45 3.724 4.094 3.381 4.114 4.972 5.291 4.845 3.683 2.917 2.606 2.436 2.35 2.257 2.172 2.054 1.971 1.905 1.857 1.778 1.725 1.696 1.656 1.678 1.663 1.679 1.583 1.575 1.55 1.538 1.536 1.581 1.561 1.504 1.542 1.58 1.529 1.42 1.234 1.165 1.081 1.01 0.915 0.849 0.827 0.876 0.919 0.97 1.036 1.079 1.187 1.228 1.285 1.314 1.401
2.729 3.41 3.343 3.561 4.491 3.477 3.246 3.312 3.292 3.318 3.431 3.536 3.224 3.14 3.029 3.063 3.082 2.982 3.051 2.993 3.888 5.144 4.809 5.184 5.308 4.762 4.28 3.395 2.949 2.8 2.619 2.458 2.315 2.217 2.15 2.085 2.001 1.969 1.914 1.9 1.871 1.828 1.796 1.743 1.716 1.697 1.684 1.66 1.666 1.589 1.604 1.665 1.6 1.507 1.414 1.233 1.179 1.095 1.014 0.928 0.852 0.91 0.898 0.97 0.987 1.045 1.122 1.191 1.275 1.324 1.38 1.37
-9999 -9999 2.799 3.567 3.354 3.194 3.054 3.492 3.017 3.213 3.216 3.388 3.405 3.282 3.278 3.039 2.938 2.924 3.192 3.382 5.035 5.719 4.397 4.476 4.648 4.993 5.074 4.274 3.602 3.105 2.845 2.782 2.643 2.626 2.507 2.386 2.288 2.249 2.16 2.112 2.092 2.043 2.01 1.956 1.854 1.804 1.736 1.7 1.681 1.655 1.625 1.624 1.526 1.459 1.391 1.304 1.231 1.109 1.067 0.972 0.947 0.945 0.993 1.033 1.064 1.108 1.183 1.279 1.314 1.327 1.314 1.368
-9999 -9999 -9999 -9999 -9999 -9999 2.925 2.587 2.842 3.059 2.924 3.38 3.269 3.448 3.489 3.223 2.913 2.924 3.23 3.552 4.127 4.727 4.849 3.93 3.694 4.429 5.16 4.966 4.033 3.369 2.969 2.851 2.829 2.8 2.811 2.787 2.729 2.653 2.518 2.414 2.354 2.31 2.269 2.159 2.066 2.02 1.949 1.906 1.851 1.798 1.742 1.647 1.564 1.487 1.412 1.347 1.231 1.157 1.099 1.035 0.997 1.008 1.058 1.085 1.103 1.169 1.232 1.304 1.305 1.32 1.418 1.433
-9999 -9999 -9999 -9999 -9999 -9999 -9999 -9999 -9999 3.035 3.079 3.117 3.238 3.367 3.389 3.403 3.17 3.009 3.139 3.279 3.374 3.683 3.465 3.238 3.196 4.031 5.485 5.515 4.091 3.099 2.892 2.866 2.842 2.931 2.944 2.987 3.094 3.063 2.912 2.808 2.761 2.612 2.524 2.407 2.302 2.228 2.145 2.1 2.068 2.011 1.944 1.834 1.696 1.592 1.501 1.395 1.309 1.256 1.193 1.117 1.098 1.111 1.124 1.126 1.142 1.157 1.232 1.297 1.326 1.391 1.474 1.557
-9999 -9999 -9999 -9999 -9999 -9999 -9999 -9999 -9999 -9999 3.082 3.052 3.099 3.093 3.319 3.382 3.459 3.264 3.196 3.306 3.393 3.353 3.37 3.386 3.12 3.338 4.401 4.565 4.223 3.37 3.045 3.011 2.916 2.934 3.348 3.742 3.875 3.69 3.589 3.513 3.479 3.032 2.801 2.747 2.629 2.519 2.431 2.35 2.3 2.237 2.17 2.046 1.932 1.792 1.652 1.534 1.416 1.357 1.275 1.211 1.192 1.169 1.184 1.194 1.196 1.227 1.269 1.401 1.359 1.394 1.483 1.59
-9999 -9999 -9999 -9999 -9999 -9999 -9999 -9999 -9999 -9999 2.964 2.949 3.117 3.112 3.101 3.274 3.547 3.541 3.509 3.38 3.404 3.351 3.515 3.477 3.236 3.213 2.95 2.975 3.221 3.639 3.77 3.434 3.073 3.114 4.069 4.774 4.248 4.027 4.04 4.169 3.965 3.565 3.505 3.518 3.141 2.827 2.725 2.711 2.578 2.445 2.365 2.269 2.132 1.983 1.887 1.758 1.629 1.519 1.423 1.366 1.316 1.277 1.303 1.291 1.315 1.319 1.335 1.368 1.381 1.414 1.469 1.599
