All_lidar/sz5694_DSM_2M.asc
ncols 500
nrows 500
xllcorner    456000
yllcorner    94000
cellsize     2
NODATA_value -9999
[rows 288 to 319 of 500, columns 142 to 212 of 500]
-2.202 -2.199 -2.269 -2.254 -2.274 -2.217 -2.234 -2.292 -2.264 -2.184 -2.252 -2.189 -2.264 -2.207 -2.237 -2.204 -2.207 -2.224 -2.282 -2.267 -2.219 -2.209 -2.222 -2.274 -2.257 -2.247 -2.249 -2.274 -2.194 -2.262 -2.219 -2.207 -2.209 -2.229 -2.357 -2.274 -2.229 -2.267 -2.287 -2.254 -2.232 -2.282 -2.179 -2.184 -2.264 -2.249 -2.199 -2.114 -2.262 -2.234 -2.224 -2.179 -2.187 -2.232 -2.179 -2.209 -2.232 -2.107 -2.219 -2.309 -2.234 -2.259 -2.264 -2.302 -2.242 -2.209 -2.154 -2.237 -2.239 -2.237 -2.167
-2.179 -2.139 -2.242 -2.182 -2.232 -2.267 -2.262 -2.259 -2.272 -2.184 -2.229 -2.357 -2.219 -2.187 -2.204 -2.164 -2.197 -2.277 -2.214 -2.229 -2.189 -2.252 -2.239 -2.324 -2.274 -2.189 -2.302 -2.364 -2.232 -2.187 -2.234 -2.267 -2.214 -2.194 -2.272 -2.239 -2.244 -2.259 -2.217 -2.299 -2.237 -2.244 -2.312 -2.169 -2.222 -2.239 -2.269 -2.187 -2.282 -2.277 -2.157 -2.182 -2.169 -2.252 -2.214 -2.204 -2.204 -2.204 -2.282 -2.294 -2.264 -2.187 -2.209 -2.267 -2.297 -2.264 -2.189 -2.209 -2.262 -2.214 -2.179
-2.169 -2.172 -2.269 -2.174 -2.194 -2.282 -2.224 -2.232 -2.224 -2.212 -2.207 -2.247 -2.262 -2.209 -2.194 -2.209 -2.224 -2.249 -2.234 -2.242 -2.159 -2.219 -2.222 -2.212 -2.314 -2.222 -2.249 -2.359 -2.237 -2.137 -2.222 -2.269 -2.197 -2.127 -2.282 -2.254 -2.234 -2.209 -2.232 -2.249 -2.227 -2.207 -2.207 -2.172 -2.189 -2.222 -2.274 -2.277 -2.259 -2.257 -2.192 -2.122 -2.139 -2.262 -2.207 -2.152 -2.219 -2.202 -2.182 -2.197 -2.222 -2.214 -2.282 -2.237 -2.247 -2.222 -2.194 -2.239 -2.322 -2.262 -2.192
-2.177 -2.204 -2.227 -2.222 -2.182 -2.274 -2.177 -2.232 -2.162 -2.142 -2.152 -2.227 -2.297 -2.212 -2.214 -2.194 -2.249 -2.222 -2.269 -2.264 -2.202 -2.219 -2.254 -2.192 -2.309 -2.229 -2.227 -2.392 -2.294 -2.229 -2.249 -2.252 -2.217 -2.129 -2.207 -2.257 -2.254 -2.214 -2.267 -2.207 -2.174 -2.162 -2.252 -2.172 -2.152 -2.169 -2.177 -2.307 -2.317 -2.247 -2.257 -2.199 -2.129 -2.129 -2.252 -2.202 -2.214 -2.149 -2.084 -2.187 -2.274 -2.189 -2.274 -2.214 -2.247 -2.242 -2.249 -2.277 -2.304 -2.284 -2.189
-2.249 -2.227 -2.169 -2.222 -2.167 -2.199 -2.199 -2.229 -2.214 -2.227 -2.137 -2.209 -2.257 -2.217 -2.152 -2.212 -2.279 -2.257 -2.257 -2.287 -2.192 -2.234 -2.234 -2.239 -2.297 -2.247 -2.192 -2.427 -2.367 -2.217 -2.267 -2.242 -2.252 -2.167 -2.202 -2.269 -2.244 -2.229 -2.279 -2.252 -2.169 -2.237 -2.207 -2.192 -2.174 -2.222 -2.144 -2.237 -2.254 -2.267 -2.232 -2.229 -2.169 -2.197 -2.212 -2.227 -2.237 -2.194 -2.232 -2.184 -2.239 -2.247 -2.239 -2.142 -2.242 -2.234 -2.229 -2.292 -2.222 -2.224 -2.212
-2.242 -2.242 -2.254 -2.232 -2.167 -2.237 -2.204 -2.197 -2.232 -2.279 -2.172 -2.189 -2.239 -2.274 -2.237 -2.224 -2.284 -2.217 -2.249 -2.234 -2.232 -2.164 -2.197 -2.197 -2.247 -2.207 -2.199 -2.374 -2.374 -2.239 -2.329 -2.237 -2.199 -2.172 -2.199 -2.307 -2.307 -2.214 -2.254 -2.334 -2.239 -2.302 -2.247 -2.227 -2.157 -2.164 -2.192 -2.227 -2.227 -2.237 -2.249 -2.187 -2.119 -2.152 -2.209 -2.204 -2.224 -2.167 -2.169 -2.182 -2.284 -2.274 -2.262 -2.189 -2.222 -2.247 -2.219 -2.339 -2.234 -2.179 -2.277
-2.227 -2.234 -2.227 -2.249 -2.157 -2.229 -2.234 -2.254 -2.264 -2.267 -2.174 -2.189 -2.214 -2.249 -2.189 -2.189 -2.212 -2.284 -2.234 -2.252 -2.219 -2.162 -2.187 -2.212 -2.257 -2.242 -2.229 -2.272 -2.342 -2.269 -2.342 -2.214 -2.272 -2.172 -2.199 -2.252 -2.232 -2.227 -2.224 -2.272 -2.249 -2.302 -2.262 -2.257 -2.207 -2.222 -2.262 -2.219 -2.204 -2.262 -2.284 -2.259 -2.122 -2.114 -2.249 -2.217 -2.232 -2.177 -2.182 -2.227 -2.207 -2.224 -2.259 -2.209 -2.284 -2.177 -2.229 -2.224 -2.154 -2.252 -2.307
-2.204 -2.229 -2.242 -2.252 -2.234 -2.272 -2.274 -2.197 -2.257 -2.257 -2.184 -2.122 -2.179 -2.262 -2.247 -2.194 -2.257 -2.254 -2.299 -2.249 -2.197 -2.282 -2.267 -2.212 -2.237 -2.247 -2.247 -2.257 -2.262 -2.264 -2.304 -2.267 -2.187 -2.237 -2.257 -2.234 -2.324 -2.212 -2.217 -2.247 -2.317 -2.242 -2.237 -2.207 -2.199 -2.294 -2.242 -2.189 -2.217 -2.274 -2.162 -2.249 -2.177 -2.169 -2.242 -2.189 -2.217 -2.209 -2.204 -2.234 -2.237 -2.242 -2.204 -2.284 -2.199 -2.142 -2.182 -2.232 -2.247 -2.234 -2.197
-2.137 -2.262 -2.272 -2.239 -2.227 -2.259 -2.312 -2.219 -2.207 -2.279 -2.229 -2.194 -2.119 -2.217 -2.212 -2.179 -2.199 -2.297 -2.197 -2.199 -2.237 -2.224 -2.204 -2.262 -2.279 -2.262 -2.262 -2.282 -2.234 -2.302 -2.292 -2.224 -2.232 -2.229 -2.204 -2.142 -2.294 -2.252 -2.189 -2.239 -2.274 -2.324 -2.212 -2.134 -2.192 -2.299 -2.214 -2.204 -2.252 -2.249 -2.182 -2.202 -2.212 -2.204 -2.184 -2.147 -2.179 -2.244 -2.244 -2.202 -2.129 -2.204 -2.234 -2.214 -2.242 -2.162 -2.152 -2.174 -2.242 -2.262 -2.219
-2.199 -2.249 -2.257 -2.199 -2.217 -2.272 -2.207 -2.209 -2.194 -2.304 -2.279 -2.267 -2.164 -2.242 -2.259 -2.142 -2.234 -2.259 -2.257 -2.189 -2.219 -2.204 -2.212 -2.287 -2.249 -2.244 -2.274 -2.267 -2.262 -2.329 -2.327 -2.199 -2.284 -2.212 -2.232 -2.224 -2.302 -2.242 -2.202 -2.232 -2.214 -2.319 -2.269 -2.214 -2.167 -2.182 -2.217 -2.264 -2.224 -2.309 -2.277 -2.192 -2.187 -2.197 -2.152 -2.117 -2.199 -2.314 -2.267 -2.204 -2.277 -2.254 -2.272 -2.257 -2.274 -2.247 -2.232 -2.209 -2.194 -2.267 -2.227
-2.199 -2.237 -2.179 -2.212 -2.219 -2.259 -2.209 -2.249 -2.267 -2.237 -2.224 -2.227 -2.194 -2.207 -2.192 -2.232 -2.212 -2.177 -2.199 -2.239 -2.269 -2.184 -2.229 -2.294 -2.249 -2.207 -2.297 -2.334 -2.227 -2.239 -2.269 -2.167 -2.267 -2.269 -2.204 -2.174 -2.189 -2.284 -2.229 -2.284 -2.232 -2.224 -2.269 -2.179 -2.189 -2.244 -2.204 -2.152 -2.197 -2.259 -2.249 -2.244 -2.189 -2.204 -2.247 -2.194 -2.214 -2.277 -2.217 -2.249 -2.224 -2.262 -2.307 -2.222 -2.219 -2.202 -2.207 -2.249 -2.219 -2.272 -2.257
-2.274 -2.227 -2.229 -2.154 -2.217 -2.234 -2.334 -2.239 -2.229 -2.229 -2.199 -2.227 -2.199 -2.237 -2.224 -2.234 -2.144 -2.214 -2.199 -2.239 -2.249 -2.222 -2.154 -2.224 -2.172 -2.199 -2.292 -2.322 -2.277 -2.204 -2.307 -2.157 -2.222 -2.219 -2.219 -2.209 -2.162 -2.289 -2.222 -2.277 -2.282 -2.277 -2.329 -2.182 -2.179 -2.269 -2.209 -2.204 -2.234 -2.142 -2.299 -2.182 -2.164 -2.252 -2.267 -2.242 -2.209 -2.237 -2.217 -2.179 -2.194 -2.232 -2.262 -2.197 -2.267 -2.249 -2.227 -2.209 -2.199 -2.257 -2.254
-2.144 -2.222 -2.267 -2.179 -2.224 -2.267 -2.249 -2.219 -2.234 -2.189 -2.252 -2.232 -2.204 -2.237 -2.274 -2.234 -2.262 -2.227 -2.219 -2.234 -2.292 -2.202 -2.144 -2.214 -2.242 -2.167 -2.297 -2.309 -2.264 -2.212 -2.287 -2.249 -2.164 -2.249 -2.212 -2.207 -2.249 -2.267 -2.297 -2.232 -2.267 -2.309 -2.329 -2.224 -2.122 -2.189 -2.204 -2.197 -2.217 -2.254 -2.202 -2.197 -2.257 -2.177 -2.237 -2.229 -2.202 -2.349 -2.217 -2.107 -2.167 -2.282 -2.172 -2.132 -2.242 -2.227 -2.159 -2.247 -2.229 -2.239 -2.244
-2.192 -2.234 -2.204 -2.142 -2.192 -2.234 -2.262 -2.207 -2.207 -2.182 -2.207 -2.239 -2.232 -2.207 -2.244 -2.244 -2.284 -2.184 -2.217 -2.249 -2.232 -2.229 -2.272 -2.244 -2.252 -2.199 -2.289 -2.282 -2.244 -2.219 -2.312 -2.262 -2.189 -2.274 -2.269 -2.247 -2.224 -2.242 -2.287 -2.217 -2.239 -2.344 -2.282 -2.199 -2.154 -2.242 -2.212 -2.249 -2.217 -2.184 -2.169 -2.244 -2.182 -2.202 -2.212 -2.212 -2.174 -2.269 -2.202 -2.114 -2.167 -2.274 -2.189 -2.172 -2.242 -2.199 -2.187 -2.247 -2.259 -2.294 -2.259
-2.209 -2.219 -2.244 -2.187 -2.224 -2.269 -2.272 -2.267 -2.294 -2.189 -2.199 -2.227 -2.194 -2.159 -2.212 -2.297 -2.242 -2.202 -2.229 -2.274 -2.239 -2.227 -2.337 -2.184 -2.137 -2.252 -2.244 -2.267 -2.229 -2.192 -2.229 -2.219 -2.257 -2.279 -2.199 -2.212 -2.254 -2.244 -2.277 -2.254 -2.252 -2.344 -2.299 -2.167 -2.152 -2.219 -2.259 -2.244 -2.187 -2.189 -2.224 -2.229 -2.254 -2.279 -2.189 -2.199 -2.157 -2.232 -2.279 -2.167 -2.182 -2.282 -2.224 -2.202 -2.234 -2.192 -2.242 -2.309 -2.304 -2.224 -2.244
-2.194 -2.247 -2.274 -2.269 -2.209 -2.209 -2.357 -2.282 -2.242 -2.227 -2.179 -2.222 -2.159 -2.239 -2.239 -2.289 -2.274 -2.227 -2.242 -2.262 -2.267 -2.212 -2.212 -2.174 -2.147 -2.272 -2.262 -2.289 -2.224 -2.322 -2.332 -2.209 -2.224 -2.274 -2.244 -2.184 -2.247 -2.277 -2.254 -2.234 -2.267 -2.284 -2.314 -2.222 -2.202 -2.184 -2.199 -2.229 -2.157 -2.229 -2.252 -2.284 -2.264 -2.232 -2.187 -2.214 -2.164 -2.259 -2.264 -2.182 -2.229 -2.207 -2.234 -2.267 -2.229 -2.249 -2.227 -2.267 -2.264 -2.219 -2.262
-2.237 -2.179 -2.244 -2.269 -2.279 -2.222 -2.342 -2.259 -2.229 -2.197 -2.127 -2.244 -2.209 -2.222 -2.264 -2.227 -2.294 -2.217 -2.237 -2.239 -2.302 -2.227 -2.217 -2.239 -2.199 -2.237 -2.234 -2.309 -2.259 -2.272 -2.169 -2.187 -2.259 -2.294 -2.249 -2.137 -2.182 -2.262 -2.232 -2.242 -2.239 -2.217 -2.332 -2.267 -2.162 -2.179 -2.202 -2.234 -2.254 -2.229 -2.244 -2.302 -2.197 -2.217 -2.214 -2.217 -2.159 -2.227 -2.187 -2.167 -2.202 -2.257 -2.242 -2.294 -2.324 -2.267 -2.234 -2.232 -2.232 -2.267 -2.242
-2.249 -2.164 -2.272 -2.244 -2.297 -2.199 -2.274 -2.232 -2.222 -2.174 -2.199 -2.174 -2.244 -2.179 -2.242 -2.272 -2.279 -2.267 -2.277 -2.244 -2.277 -2.207 -2.167 -2.224 -2.227 -2.194 -2.242 -2.269 -2.252 -2.264 -2.237 -2.192 -2.202 -2.279 -2.227 -2.224 -2.252 -2.294 -2.209 -2.132 -2.229 -2.292 -2.337 -2.347 -2.222 -2.219 -2.199 -2.182 -2.227 -2.174 -2.209 -2.272 -2.189 -2.199 -2.199 -2.197 -2.202 -2.259 -2.254 -2.152 -2.122 -2.179 -2.239 -2.302 -2.252 -2.244 -2.277 -2.184 -2.239 -2.277 -2.197
-2.222 -2.207 -2.267 -2.284 -2.264 -2.232 -2.279 -2.229 -2.237 -2.222 -2.247 -2.244 -2.229 -2.177 -2.212 -2.277 -2.209 -2.239 -2.207 -2.209 -2.239 -2.294 -2.172 -2.244 -2.249 -2.214 -2.282 -2.259 -2.197 -2.282 -2.252 -2.157 -2.212 -2.334 -2.269 -2.127 -2.169 -2.222 -2.277 -2.232 -2.262 -2.254 -2.227 -2.274 -2.239 -2.157 -2.197 -2.209 -2.184 -2.244 -2.287 -2.327 -2.177 -2.202 -2.312 -2.224 -2.242 -2.364 -2.292 -2.149 -2.182 -2.214 -2.214 -2.242 -2.274 -2.239 -2.279 -2.222 -2.182 -2.229 -2.209
-2.264 -2.192 -2.202 -2.249 -2.229 -2.282 -2.259 -2.259 -2.209 -2.272 -2.232 -2.172 -2.249 -2.182 -2.214 -2.292 -2.224 -2.204 -2.252 -2.212 -2.204 -2.247 -2.219 -2.257 -2.179 -2.227 -2.279 -2.239 -2.264 -2.264 -2.262 -2.134 -2.249 -2.209 -2.229 -2.152 -2.184 -2.282 -2.277 -2.277 -2.214 -2.274 -2.222 -2.282 -2.187 -2.139 -2.139 -2.209 -2.294 -2.207 -2.264 -2.272 -2.199 -2.207 -2.292 -2.284 -2.217 -2.244 -2.269 -2.164 -2.142 -2.192 -2.217 -2.227 -2.337 -2.237 -2.212 -2.199 -2.307 -2.347 -2.192
-2.282 -2.237 -2.229 -2.214 -2.209 -2.274 -2.272 -2.204 -2.322 -2.294 -2.247 -2.212 -2.222 -2.177 -2.234 -2.247 -2.179 -2.204 -2.247 -2.247 -2.179 -2.264 -2.232 -2.182 -2.097 -2.187 -2.264 -2.194 -2.284 -2.214 -2.269 -2.172 -2.222 -2.254 -2.157 -2.107 -2.254 -2.254 -2.159 -2.257 -2.247 -2.314 -2.222 -2.314 -2.272 -2.219 -2.172 -2.199 -2.252 -2.212 -2.264 -2.237 -2.159 -2.199 -2.284 -2.227 -2.192 -2.207 -2.279 -2.237 -2.194 -2.269 -2.237 -2.282 -2.289 -2.374 -2.274 -2.207 -2.222 -2.304 -2.209
-2.194 -2.264 -2.237 -2.184 -2.194 -2.277 -2.324 -2.159 -2.219 -2.242 -2.242 -2.212 -2.204 -2.192 -2.257 -2.282 -2.219 -2.199 -2.262 -2.284 -2.202 -2.214 -2.254 -2.169 -2.077 -2.194 -2.319 -2.242 -2.272 -2.247 -2.299 -2.194 -2.202 -2.282 -2.219 -2.177 -2.217 -2.259 -2.207 -2.259 -2.207 -2.269 -2.212 -2.209 -2.319 -2.289 -2.172 -2.177 -2.219 -2.257 -2.199 -2.257 -2.197 -2.242 -2.267 -2.249 -2.254 -2.202 -2.332 -2.244 -2.189 -2.237 -2.179 -2.267 -2.239 -2.269 -2.272 -2.244 -2.279 -2.234 -2.292
-2.192 -2.227 -2.224 -2.169 -2.279 -2.272 -2.302 -2.187 -2.177 -2.194 -2.287 -2.219 -2.259 -2.229 -2.262 -2.257 -2.244 -2.137 -2.217 -2.269 -2.224 -2.232 -2.237 -2.174 -2.134 -2.179 -2.244 -2.274 -2.202 -2.259 -2.307 -2.219 -2.224 -2.262 -2.232 -2.197 -2.227 -2.224 -2.209 -2.214 -2.307 -2.269 -2.247 -2.167 -2.264 -2.242 -2.189 -2.144 -2.217 -2.229 -2.177 -2.182 -2.222 -2.284 -2.257 -2.262 -2.284 -2.209 -2.219 -2.319 -2.232 -2.204 -2.212 -2.264 -2.204 -2.207 -2.262 -2.257 -2.214 -2.239 -2.322
-2.209 -2.189 -2.227 -2.217 -2.237 -2.249 -2.299 -2.207 -2.127 -2.167 -2.254 -2.292 -2.227 -2.184 -2.284 -2.269 -2.232 -2.179 -2.202 -2.277 -2.187 -2.222 -2.282 -2.219 -2.202 -2.184 -2.189 -2.284 -2.259 -2.264 -2.314 -2.269 -2.192 -2.239 -2.167 -2.197 -2.209 -2.252 -2.219 -2.254 -2.244 -2.307 -2.207 -2.192 -2.252 -2.227 -2.219 -2.229 -2.169 -2.177 -2.202 -2.199 -2.237 -2.277 -2.277 -2.257 -2.259 -2.197 -2.184 -2.287 -2.252 -2.184 -2.172 -2.287 -2.212 -2.279 -2.242 -2.247 -2.219 -2.224 -2.262
-2.199 -2.249 -2.344 -2.182 -2.194 -2.197 -2.242 -2.339 -2.204 -2.192 -2.242 -2.244 -2.237 -2.174 -2.192 -2.302 -2.287 -2.229 -2.229 -2.264 -2.237 -2.157 -2.217 -2.207 -2.207 -2.212 -2.212 -2.192 -2.247 -2.279 -2.284 -2.277 -2.247 -2.242 -2.167 -2.214 -2.214 -2.224 -2.222 -2.187 -2.232 -2.297 -2.239 -2.222 -2.247 -2.244 -2.172 -2.207 -2.227 -2.202 -2.292 -2.222 -2.284 -2.257 -2.252 -2.264 -2.262 -2.142 -2.172 -2.247 -2.214 -2.169 -2.167 -2.254 -2.307 -2.244 -2.242 -2.289 -2.227 -2.239 -2.232
-2.214 -2.269 -2.244 -2.222 -2.217 -2.214 -2.247 -2.319 -2.174 -2.199 -2.262 -2.289 -2.237 -2.197 -2.172 -2.297 -2.234 -2.259 -2.252 -2.242 -2.232 -2.202 -2.152 -2.239 -2.204 -2.132 -2.259 -2.222 -2.229 -2.269 -2.324 -2.222 -2.214 -2.279 -2.232 -2.157 -2.187 -2.254 -2.259 -2.197 -2.189 -2.294 -2.232 -2.207 -2.212 -2.189 -2.157 -2.187 -2.184 -2.114 -2.207 -2.264 -2.259 -2.272 -2.262 -2.279 -2.267 -2.209 -2.252 -2.249 -2.182 -2.222 -2.242 -2.294 -2.282 -2.234 -2.252 -2.257 -2.202 -2.217 -2.197
-2.194 -2.184 -2.194 -2.237 -2.189 -2.254 -2.239 -2.304 -2.224 -2.214 -2.219 -2.224 -2.177 -2.209 -2.147 -2.279 -2.259 -2.239 -2.239 -2.197 -2.184 -2.229 -2.162 -2.164 -2.207 -2.132 -2.274 -2.217 -2.262 -2.242 -2.277 -2.279 -2.244 -2.209 -2.232 -2.177 -2.152 -2.204 -2.199 -2.227 -2.204 -2.249 -2.274 -2.167 -2.274 -2.244 -2.217 -2.114 -2.187 -2.197 -2.192 -2.289 -2.334 -2.274 -2.244 -2.244 -2.274 -2.234 -2.234 -2.289 -2.239 -2.212 -2.262 -2.264 -2.242 -2.279 -2.234 -2.259 -2.259 -2.219 -2.287
-2.172 -2.192 -2.212 -2.249 -2.204 -2.242 -2.227 -2.252 -2.287 -2.109 -2.194 -2.247 -2.239 -2.232 -2.222 -2.234 -2.267 -2.229 -2.357 -2.247 -2.289 -2.269 -2.172 -2.189 -2.179 -2.197 -2.249 -2.264 -2.254 -2.237 -2.257 -2.272 -2.179 -2.147 -2.184 -2.249 -2.149 -2.204 -2.284 -2.192 -2.159 -2.332 -2.324 -2.182 -2.219 -2.292 -2.174 -2.174 -2.197 -2.169 -2.242 -2.229 -2.329 -2.204 -2.204 -2.262 -2.254 -2.247 -2.222 -2.207 -2.239 -2.222 -2.292 -2.304 -2.202 -2.277 -2.259 -2.319 -2.214 -2.194 -2.274
-2.194 -2.202 -2.247 -2.284 -2.242 -2.229 -2.197 -2.267 -2.302 -2.137 -2.257 -2.209 -2.204 -2.174 -2.302 -2.289 -2.234 -2.282 -2.327 -2.217 -2.269 -2.262 -2.144 -2.229 -2.237 -2.224 -2.164 -2.209 -2.234 -2.219 -2.267 -2.349 -2.227 -2.179 -2.207 -2.222 -2.164 -2.249 -2.229 -2.167 -2.242 -2.302 -2.294 -2.214 -2.204 -2.252 -2.187 -2.104 -2.204 -2.217 -2.204 -2.242 -2.294 -2.234 -2.219 -2.347 -2.279 -2.187 -2.239 -2.212 -2.212 -2.162 -2.224 -2.287 -2.254 -2.282 -2.219 -2.279 -2.274 -2.304 -2.274
-2.142 -2.162 -2.224 -2.279 -2.292 -2.259 -2.244 -2.219 -2.307 -2.167 -2.192 -2.222 -2.229 -2.149 -2.294 -2.277 -2.242 -2.237 -2.297 -2.252 -2.274 -2.282 -2.187 -2.217 -2.219 -2.152 -2.204 -2.244 -2.262 -2.229 -2.269 -2.317 -2.229 -2.217 -2.234 -2.199 -2.107 -2.177 -2.197 -2.234 -2.222 -2.254 -2.282 -2.277 -2.257 -2.239 -2.162 -2.122 -2.157 -2.182 -2.237 -2.214 -2.259 -2.257 -2.274 -2.307 -2.244 -2.182 -2.219 -2.264 -2.194 -2.094 -2.249 -2.232 -2.264 -2.234 -2.217 -2.194 -2.229 -2.297 -2.279
-2.202 -2.227 -2.187 -2.234 -2.234 -2.249 -2.199 -2.159 -2.312 -2.144 -2.159 -2.239 -2.132 -2.174 -2.274 -2.257 -2.217 -2.254 -2.299 -2.304 -2.294 -2.279 -2.194 -2.212 -2.179 -2.202 -2.254 -2.277 -2.262 -2.214 -2.222 -2.254 -2.242 -2.179 -2.187 -2.217 -2.189 -2.182 -2.262 -2.202 -2.262 -2.324 -2.302 -2.267 -2.282 -2.212 -2.212 -2.154 -2.189 -2.217 -2.202 -2.212 -2.254 -2.269 -2.222 -2.284 -2.237 -2.157 -2.237 -2.254 -2.159 -2.154 -2.309 -2.262 -2.162 -2.162 -2.232 -2.274 -2.219 -2.237 -2.197
-2.217 -2.229 -2.214 -2.214 -2.242 -2.269 -2.192 -2.157 -2.252 -2.252 -2.159 -2.249 -2.132 -2.189 -2.224 -2.252 -2.187 -2.249 -2.279 -2.247 -2.232 -2.149 -2.179 -2.192 -2.239 -2.147 -2.279 -2.297 -2.232 -2.207 -2.219 -2.259 -2.297 -2.164 -2.224 -2.184 -2.169 -2.209 -2.232 -2.184 -2.222 -2.327 -2.267 -2.232 -2.307 -2.272 -2.129 -2.172 -2.224 -2.172 -2.139 -2.237 -2.292 -2.214 -2.182 -2.249 -2.244 -2.182 -2.174 -2.264 -2.234 -2.212 -2.287 -2.274 -2.239 -2.299 -2.272 -2.229 -2.239 -2.209 -2.237
