All_lidar/sz5694_DSM_2M.asc
ncols 500
nrows 500
xllcorner    456000
yllcorner    94000
cellsize     2
NODATA_value -9999
[rows 320 to 351 of 500, columns 355 to 425 of 500]
-2.34 -9999 -2.322 -2.187 -2.264 -2.242 -2.239 -2.197 -2.207 -2.179 -2.202 -2.267 -2.224 -2.159 -2.244 -2.232 -2.187 -2.192 -2.229 -2.217 -2.247 -2.254 -2.237 -2.229 -2.257 -2.317 -2.374 -2.322 -2.264 -2.297 -2.249 -2.197 -2.214 -2.252 -2.192 -2.207 -2.229 -2.137 -2.224 -2.239 -2.207 -2.219 -2.232 -2.214 -2.212 -2.214 -2.192 -2.252 -2.202 -2.152 -2.137 -2.164 -2.084 -2.272 -2.212 -2.224 -2.232 -2.262 -2.174 -2.102 -2.149 -2.259 -2.194 -2.117 -2.209 -2.259 -2.194 -2.119 -2.237 -2.214 -2.164
-2.242 -2.277 -2.294 -2.184 -2.199 -2.229 -2.192 -2.132 -2.169 -2.219 -2.289 -2.274 -2.204 -2.162 -2.289 -2.314 -2.232 -2.179 -2.249 -2.264 -2.287 -2.252 -2.294 -2.279 -2.217 -2.194 -2.182 -2.332 -2.264 -2.252 -2.177 -2.217 -2.257 -2.299 -2.197 -2.129 -2.159 -2.187 -2.204 -2.204 -2.244 -2.282 -2.242 -2.174 -2.179 -2.197 -2.224 -2.204 -2.199 -2.194 -2.152 -2.187 -2.112 -2.219 -2.237 -2.214 -2.167 -2.239 -2.259 -2.172 -2.104 -2.212 -2.207 -2.144 -2.204 -2.269 -2.224 -2.147 -2.169 -2.252 -2.259
-2.269 -2.252 -2.172 -2.162 -2.204 -2.302 -2.179 -2.147 -2.167 -2.127 -2.169 -2.242 -2.277 -2.182 -2.307 -2.317 -2.234 -2.197 -2.282 -2.274 -2.192 -2.152 -2.157 -2.254 -2.277 -2.177 -2.164 -2.134 -2.179 -2.207 -2.187 -2.239 -2.217 -2.187 -2.159 -2.202 -9999 -2.18 -2.262 -2.277 -2.207 -2.204 -2.224 -2.202 -2.147 -2.229 -2.204 -2.162 -2.207 -2.179 -2.172 -2.197 -2.167 -2.172 -2.259 -2.179 -2.117 -2.149 -2.194 -2.269 -2.159 -2.212 -2.192 -2.177 -2.132 -2.177 -2.224 -2.239 -2.184 -2.159 -2.277
-2.282 -2.217 -2.149 -2.209 -2.289 -2.254 -2.212 -2.209 -2.202 -2.144 -2.217 -2.222 -2.292 -2.199 -2.267 -2.257 -2.227 -2.237 -2.312 -9999 -2.17 -2.169 -2.142 -2.292 -2.359 -2.262 -2.324 -2.174 -2.244 -2.182 -2.137 -2.257 -2.234 -2.232 -2.199 -2.189 -9999 -9999 -2.189 -2.267 -2.244 -2.159 -2.247 -2.222 -2.202 -2.192 -2.202 -2.172 -2.182 -2.264 -2.207 -2.204 -2.189 -2.169 -2.152 -2.169 -2.104 -2.092 -2.232 -2.162 -2.154 -2.179 -2.244 -2.259 -2.189 -2.167 -2.307 -2.257 -2.147 -2.177 -2.172
-2.164 -2.227 -2.207 -2.172 -2.184 -2.304 -2.352 -2.314 -2.257 -2.157 -2.227 -2.214 -2.259 -2.229 -2.222 -2.274 -2.267 -2.289 -9999 -9999 -9999 -2.214 -2.287 -2.219 -2.297 -2.229 -2.272 -2.182 -2.194 -2.072 -2.079 -2.269 -2.269 -2.244 -2.272 -2.222 -2.207 -2.182 -2.162 -2.204 -2.157 -2.127 -2.184 -2.209 -2.214 -2.219 -2.234 -2.207 -2.187 -2.234 -2.169 -2.232 -2.167 -2.272 -2.294 -2.264 -2.219 -2.112 -2.212 -2.179 -2.212 -2.204 -2.237 -2.327 -2.197 -2.132 -2.192 -2.289 -2.164 -2.202 -2.237
-2.197 -2.252 -2.187 -2.177 -2.192 -2.317 -2.264 -2.279 -2.232 -2.187 -2.229 -2.257 -2.302 -2.227 -2.179 -2.189 -2.207 -2.322 -9999 -9999 -2.027 -2.154 -2.304 -2.309 -2.224 -2.229 -2.222 -2.167 -2.262 -2.252 -2.212 -2.272 -2.314 -2.217 -2.237 -2.109 -2.232 -2.234 -2.227 -2.214 -2.154 -2.304 -2.244 -2.232 -2.242 -2.229 -2.234 -2.207 -2.137 -2.109 -2.124 -2.212 -2.149 -2.184 -2.252 -2.249 -2.252 -2.189 -2.187 -2.144 -2.182 -2.214 -2.172 -2.207 -2.214 -2.164 -2.222 -2.262 -2.214 -2.124 -2.199
-2.182 -2.229 -2.279 -2.234 -2.237 -2.289 -2.247 -2.229 -2.249 -2.179 -2.122 -2.222 -2.294 -2.307 -2.202 -2.189 -2.194 -2.302 -2.302 -2.269 -2.222 -2.184 -2.212 -2.182 -2.167 -2.167 -2.217 -2.154 -2.227 -2.197 -2.167 -2.234 -2.317 -2.237 -2.217 -2.194 -2.194 -2.237 -2.254 -2.232 -9999 -2.152 -2.274 -2.237 -2.249 -2.334 -2.257 -2.287 -2.272 -2.164 -2.212 -2.249 -2.214 -2.239 -2.197 -2.229 -2.244 -2.217 -2.124 -2.119 -2.154 -2.167 -2.194 -2.219 -2.189 -2.147 -2.209 -2.277 -2.252 -2.219 -2.189
-2.229 -2.137 -2.287 -2.219 -2.192 -2.289 -2.219 -2.197 -2.194 -2.202 -2.322 -2.309 -2.254 -2.339 -2.324 -2.242 -2.144 -2.222 -2.232 -2.184 -2.219 -9999 -9999 -2.299 -2.334 -2.294 -2.249 -2.214 -2.207 -2.192 -2.127 -2.177 -2.224 -2.147 -2.237 -2.244 -2.234 -2.209 -2.287 -9999 -9999 -2.204 -2.222 -2.232 -2.179 -2.147 -2.147 -2.217 -2.239 -2.194 -2.209 -2.234 -2.249 -2.174 -2.172 -2.194 -2.147 -2.184 -2.197 -2.124 -2.082 -2.114 -2.232 -2.262 -2.219 -2.172 -2.212 -2.209 -2.322 -2.274 -2.217
-2.307 -2.242 -2.282 -2.204 -2.159 -2.204 -2.204 -2.174 -2.289 -2.294 -2.257 -2.217 -2.232 -2.294 -2.299 -2.204 -2.132 -2.157 -2.232 -2.222 -2.204 -9999 -9999 -2.167 -2.224 -2.309 -2.272 -2.224 -2.192 -2.207 -2.174 -2.139 -2.222 -2.159 -2.264 -2.257 -2.299 -2.249 -2.262 -2.197 -2.199 -2.204 -2.202 -2.222 -2.169 -2.192 -2.154 -2.192 -2.232 -2.244 -2.159 -2.269 -2.297 -2.214 -2.162 -2.247 -2.202 -2.162 -2.232 -2.202 -2.164 -2.124 -2.217 -2.192 -2.154 -2.187 -2.234 -2.172 -2.247 -2.197 -2.194
-2.237 -2.262 -2.282 -2.247 -2.212 -2.224 -2.224 -2.179 -2.244 -9999 -9999 -2.304 -2.247 -2.274 -2.322 -2.179 -2.134 -2.262 -2.269 -2.252 -2.247 -2.162 -2.157 -2.157 -2.162 -2.267 -2.279 -2.179 -2.217 -2.282 -2.179 -2.142 -2.179 -2.232 -2.224 -2.194 -2.297 -2.309 -2.264 -2.209 -2.152 -2.179 -2.197 -9999 -9999 -9999 -2.224 -2.259 -2.257 -2.232 -2.112 -2.269 -2.264 -2.142 -2.099 -2.247 -2.222 -2.092 -2.217 -2.257 -2.187 -2.212 -2.242 -2.212 -2.179 -2.252 -2.184 -2.129 -2.257 -2.269 -2.172
-2.282 -2.264 -2.229 -2.267 -2.239 -2.207 -2.304 -2.244 -2.269 -9999 -9999 -2.267 -2.257 -2.257 -2.304 -2.282 -2.179 -2.267 -2.214 -2.187 -2.219 -2.209 -2.207 -2.174 -2.107 -2.192 -2.207 -2.179 -2.287 -2.309 -2.169 -2.164 -2.249 -2.289 -2.219 -2.119 -2.227 -2.252 -2.254 -2.237 -2.222 -2.217 -2.189 -9999 -9999 -9999 -2.272 -2.292 -2.214 -2.232 -2.114 -2.204 -2.209 -2.202 -2.247 -2.227 -2.162 -2.159 -2.222 -2.197 -2.184 -2.217 -2.232 -2.227 -2.174 -2.172 -2.242 -2.167 -2.239 -2.212 -2.214
-2.272 -2.257 -2.279 -2.299 -2.282 -2.234 -2.297 -2.254 -2.224 -9999 -9999 -9999 -2.234 -9999 -9999 -2.259 -2.194 -2.234 -2.222 -2.172 -2.187 -2.219 -2.214 -2.264 -2.167 -2.277 -2.299 -2.224 -2.199 -2.262 -2.179 -9999 -2.242 -2.337 -2.292 -2.227 -2.172 -2.177 -2.247 -2.234 -2.239 -2.199 -2.214 -9999 -9999 -2.207 -2.214 -2.302 -2.292 -2.212 -2.174 -2.209 -2.172 -2.134 -2.202 -2.167 -2.114 -2.224 -2.272 -2.152 -2.162 -2.252 -2.274 -2.219 -2.204 -2.194 -2.204 -2.182 -2.184 -2.207 -2.244
-2.224 -2.264 -2.294 -2.224 -2.197 -2.269 -2.274 -2.192 -2.219 -2.232 -2.267 -2.287 -2.214 -9999 -2.187 -2.229 -2.164 -2.162 -2.227 -2.207 -2.149 -2.207 -2.197 -2.187 -2.177 -2.299 -2.209 -2.174 -2.142 -2.254 -9999 -9999 -9999 -2.212 -2.264 -2.204 -2.277 -9999 -2.227 -2.307 -2.189 -2.214 -2.182 -2.197 -2.232 -2.202 -2.132 -2.222 -2.244 -2.207 -2.207 -2.202 -2.184 -2.192 -2.227 -2.202 -2.167 -2.207 -2.237 -2.187 -2.189 -2.259 -2.254 -2.182 -2.162 -2.187 -2.239 -2.272 -2.174 -2.329 -2.279
-2.322 -2.297 -2.254 -2.157 -2.247 -2.224 -2.209 -2.219 -2.219 -2.204 -2.199 -2.219 -2.197 -2.222 -2.387 -2.272 -2.179 -2.112 -2.187 -2.277 -2.194 -2.184 -2.234 -2.262 -2.209 -2.257 -2.264 -2.237 -2.187 -2.297 -2.264 -9999 -2.157 -2.217 -2.219 -2.217 -2.299 -9999 -9999 -2.372 -2.192 -2.147 -2.284 -2.312 -2.157 -2.209 -2.199 -2.174 -2.189 -2.124 -2.149 -2.217 -2.257 -2.249 -2.234 -2.172 -2.174 -2.174 -2.179 -2.162 -2.219 -2.244 -2.224 -2.187 -2.239 -2.199 -2.174 -2.167 -2.149 -2.227 -2.267
-2.299 -2.262 -2.219 -2.297 -2.359 -2.237 -2.194 -2.257 -2.279 -2.244 -2.214 -2.172 -2.119 -2.304 -2.447 -2.274 -2.244 -2.197 -2.207 -2.342 -2.249 -2.252 -2.282 -2.319 -2.309 -2.184 -2.157 -2.229 -2.274 -2.322 -2.259 -2.167 -2.084 -2.244 -2.177 -2.237 -2.317 -9999 -9999 -9999 -2.282 -2.149 -2.242 -2.334 -2.154 -2.222 -2.122 -2.187 -2.194 -2.142 -2.157 -2.199 -2.239 -2.287 -2.169 -2.132 -2.152 -2.237 -2.157 -2.152 -2.167 -2.242 -2.229 -2.144 -2.322 -2.237 -2.169 -2.132 -2.227 -2.192 -2.154
-2.197 -2.244 -2.194 -2.227 -2.307 -2.309 -2.222 -2.242 -2.257 -2.242 -2.242 -2.227 -2.209 -2.187 -2.272 -9999 -9999 -2.154 -2.217 -2.324 -2.247 -2.182 -2.197 -2.237 -2.269 -2.237 -2.182 -2.232 -2.222 -2.242 -2.232 -2.164 -2.184 -2.179 -2.144 -2.219 -2.294 -9999 -9999 -2.177 -2.189 -2.157 -9999 -2.23 -2.224 -2.289 -2.357 -2.264 -2.177 -2.194 -2.132 -2.204 -2.274 -2.284 -2.239 -2.164 -2.232 -2.244 -2.172 -2.207 -2.209 -2.237 -2.189 -2.119 -2.219 -2.252 -2.287 -2.264 -2.184 -2.197 -2.252
-2.207 -2.289 -2.319 -2.294 -2.382 -2.212 -2.119 -2.209 -2.287 -2.262 -2.207 -2.239 -2.197 -2.134 -2.224 -9999 -9999 -2.2 -2.244 -2.312 -2.264 -2.147 -2.162 -2.167 -2.264 -2.254 -2.227 -2.172 -2.217 -2.204 -2.177 -2.169 -2.279 -2.224 -2.257 -2.347 -2.409 -2.299 -2.147 -2.232 -2.167 -9999 -9999 -2.237 -2.239 -2.269 -2.309 -2.204 -2.117 -2.232 -2.224 -2.252 -2.232 -2.239 -2.262 -2.187 -2.214 -2.297 -2.179 -2.164 -2.184 -2.244 -2.257 -2.202 -2.132 -2.257 -2.214 -2.207 -2.227 -2.312 -2.287
-2.219 -2.342 -9999 -9999 -2.294 -2.187 -2.017 -2.167 -2.269 -2.227 -2.232 -2.237 -2.194 -2.162 -2.204 -2.292 -2.304 -2.224 -2.184 -2.254 -2.287 -2.282 -2.289 -2.224 -2.192 -2.172 -2.179 -2.152 -2.214 -2.264 -2.169 -2.179 -2.279 -2.229 -2.242 -2.254 -2.362 -2.287 -2.152 -2.134 -2.152 -2.202 -2.252 -2.277 -2.264 -2.199 -2.319 -2.332 -2.227 -2.234 -2.247 -2.237 -2.269 -2.214 -2.289 -2.259 -2.267 -2.252 -2.307 -2.177 -2.202 -2.227 -2.262 -2.327 -2.274 -2.162 -2.179 -2.209 -2.244 -2.302 -2.219
-2.182 -2.272 -9999 -2.357 -2.287 -2.259 -2.189 -2.262 -2.229 -2.172 -2.252 -2.199 -2.167 -2.239 -2.249 -2.267 -2.249 -2.217 -2.269 -2.269 -2.244 -2.199 -2.212 -2.212 -2.219 -2.252 -2.187 -2.13 -2.162 -2.247 -2.209 -2.172 -2.212 -2.217 -2.232 -2.272 -2.242 -2.277 -2.234 -2.147 -2.172 -2.227 -2.269 -2.224 -2.209 -2.217 -2.317 -2.344 -2.242 -2.192 -2.242 -2.189 -2.339 -2.274 -2.294 -2.287 -2.229 -2.172 -2.222 -2.194 -2.214 -2.249 -2.214 -2.222 -2.239 -2.229 -2.199 -2.247 -2.204 -2.187 -2.207
-2.324 -2.217 -2.389 -2.427 -2.274 -2.232 -2.237 -2.259 -2.284 -2.199 -9999 -2.242 -2.239 -2.217 -2.234 -2.314 -2.277 -2.399 -2.307 -2.262 -2.192 -2.154 -2.189 -2.232 -2.234 -2.287 -9999 -9999 -9999 -2.187 -2.232 -2.224 -2.257 -2.234 -2.229 -2.209 -2.234 -2.232 -2.189 -2.204 -2.217 -2.224 -2.269 -2.194 -9999 -2.154 -2.279 -2.257 -2.184 -2.152 -2.202 -2.132 -2.157 -2.189 -2.202 -2.212 -2.222 -2.182 -2.264 -2.224 -2.237 -2.302 -2.212 -2.174 -2.237 -2.244 -2.219 -2.209 -2.194 -2.214 -2.234
-2.277 -2.217 -2.284 -2.292 -2.209 -2.257 -2.267 -2.267 -2.269 -2.274 -9999 -9999 -2.299 -2.219 -2.217 -2.272 -2.234 -2.299 -2.242 -2.227 -2.194 -2.202 -2.247 -2.244 -2.272 -2.224 -9999 -9999 -9999 -2.262 -2.162 -2.272 -2.279 -2.219 -2.264 -2.284 -2.154 -2.272 -2.302 -2.307 -2.199 -2.197 -9999 -9999 -9999 -9999 -2.289 -2.159 -2.154 -2.227 -2.309 -2.217 -2.174 -2.197 -2.237 -2.337 -2.304 -2.197 -2.234 -2.277 -2.224 -2.307 -2.322 -2.389 -2.297 -2.239 -2.172 -2.282 -2.279 -2.184 -2.212
-2.247 -2.239 -2.252 -2.229 -2.282 -2.224 -2.239 -2.292 -2.269 -2.262 -2.177 -2.127 -2.209 -2.269 -2.214 -2.257 -2.222 -2.207 -2.284 -2.207 -2.244 -2.287 -2.354 -2.312 -2.277 -2.202 -9999 -9999 -9999 -2.259 -2.137 -2.267 -2.239 -2.194 -2.222 -2.257 -2.264 -2.279 -9999 -2.289 -2.169 -2.217 -9999 -9999 -9999 -9999 -2.254 -2.179 -2.232 -2.282 -2.279 -2.247 -2.214 -2.192 -2.184 -2.272 -2.369 -2.257 -2.194 -2.282 -2.252 -2.262 -2.182 -2.244 -2.229 -2.272 -2.217 -2.274 -2.274 -2.182 -2.154
-2.247 -2.237 -2.294 -2.262 -2.277 -2.284 -2.227 -2.299 -2.267 -2.299 -2.194 -2.234 -2.309 -2.259 -2.192 -2.237 -2.247 -2.227 -2.284 -2.212 -2.162 -2.262 -2.259 -2.279 -2.239 -2.329 -9999 -9999 -9999 -2.269 -2.259 -2.192 -2.042 -2.119 -2.129 -2.252 -9999 -9999 -9999 -2.267 -2.189 -2.179 -9999 -2.17 -2.257 -2.302 -2.264 -2.147 -2.182 -2.137 -2.214 -2.314 -2.217 -2.157 -2.212 -2.229 -2.239 -2.189 -2.227 -2.277 -2.269 -2.262 -2.292 -2.304 -2.269 -2.309 -2.264 -2.197 -2.164 -2.197 -2.107
-2.219 -2.204 -2.267 -2.317 -2.254 -2.234 -2.244 -2.279 -2.257 -2.314 -2.184 -2.257 -2.269 -2.229 -2.149 -2.202 -2.269 -2.239 -2.277 -2.277 -2.167 -2.232 -2.159 -2.254 -2.234 -2.264 -2.334 -2.337 -2.317 -2.237 -2.214 -2.147 -2.097 -2.059 -2.064 -2.227 -9999 -9999 -9999 -2.262 -2.167 -2.202 -2.139 -2.124 -2.237 -2.279 -2.217 -2.229 -2.197 -2.197 -2.247 -2.232 -2.184 -2.164 -2.177 -2.219 -2.234 -2.244 -2.219 -2.217 -2.194 -2.197 -2.249 -2.262 -2.137 -2.202 -2.212 -2.229 -2.207 -2.189 -2.122
-2.222 -2.204 -2.304 -2.292 -2.272 -2.162 -2.307 -2.292 -2.234 -2.314 -2.167 -2.182 -2.257 -2.274 -2.227 -2.197 -2.257 -2.227 -2.232 -2.252 -2.234 -2.267 -2.217 -2.209 -2.244 -2.247 -2.289 -2.259 -2.274 -2.244 -2.237 -2.207 -2.247 -2.154 -2.164 -2.217 -2.202 -2.132 -2.082 -2.142 -2.169 -2.107 -2.067 -2.159 -2.229 -2.269 -2.264 -2.277 -2.262 -2.269 -2.289 -2.257 -2.247 -2.194 -2.167 -2.249 -2.177 -2.144 -2.194 -2.192 -2.169 -2.162 -2.142 -2.212 -2.252 -2.262 -2.239 -2.277 -2.239 -2.184 -2.117
-2.087 -2.169 -2.274 -2.232 -9999 -2.367 -2.327 -2.319 -2.324 -2.317 -2.247 -2.227 -2.249 -2.262 -2.104 -2.174 -2.257 -2.244 -2.252 -2.187 -2.169 -2.214 -2.262 -2.224 -2.242 -2.247 -2.317 -2.209 -2.074 -2.252 -2.252 -2.184 -2.264 -9999 -9999 -9999 -2.277 -2.267 -2.252 -2.179 -2.172 -2.114 -2.072 -2.234 -9999 -2.214 -2.207 -2.254 -2.249 -2.172 -2.257 -2.317 -2.244 -2.127 -2.189 -2.304 -2.194 -2.142 -2.172 -2.174 -2.164 -2.237 -2.212 -2.169 -2.199 -2.264 -2.299 -2.312 -2.249 -2.177 -2.137
-2.162 -2.222 -2.287 -2.217 -9999 -9999 -2.334 -2.274 -2.274 -2.224 -2.282 -2.222 -2.189 -2.307 -2.074 -2.172 -2.262 -2.229 -2.279 -2.157 -2.169 -2.177 -2.224 -2.274 -2.279 -2.304 -2.267 -2.192 -2.269 -2.287 -2.227 -2.174 -2.314 -9999 -9999 -9999 -2.277 -2.222 -2.199 -2.257 -2.232 -2.184 -2.182 -2.337 -9999 -9999 -2.192 -2.184 -2.259 -2.197 -2.239 -2.274 -2.194 -2.147 -2.237 -2.352 -2.389 -2.274 -2.239 -2.212 -2.187 -2.177 -2.179 -2.164 -2.239 -2.314 -2.337 -2.274 -2.237 -2.189 -2.194
-2.189 -2.164 -2.277 -2.199 -2.217 -2.277 -2.262 -2.259 -2.262 -2.172 -2.297 -2.257 -2.244 -2.254 -2.212 -2.184 -2.267 -2.357 -2.319 -2.202 -2.162 -2.164 -2.194 -2.182 -2.299 -2.284 -2.264 -2.217 -2.242 -2.294 -2.262 -2.154 -9999 -9999 -9999 -9999 -2.342 -2.214 -2.289 -2.262 -2.257 -2.252 -2.334 -2.394 -9999 -2.267 -2.237 -2.207 -2.237 -2.264 -2.254 -2.222 -2.194 -2.127 -2.179 -2.274 -2.304 -2.259 -2.272 -2.262 -2.157 -2.182 -2.199 -2.214 -2.237 -2.297 -2.269 -2.309 -2.277 -2.282 -2.239
-2.252 -2.157 -2.212 -2.179 -2.252 -2.209 -2.199 -2.262 -2.319 -2.274 -2.284 -2.262 -2.317 -2.257 -2.234 -2.204 -2.319 -2.352 -2.312 -2.242 -2.204 -2.184 -2.254 -2.179 -2.249 -2.287 -2.312 -2.264 -2.219 -2.277 -2.284 -2.167 -2.149 -9999 -9999 -2.252 -2.292 -2.279 -2.299 -2.234 -2.197 -2.214 -2.262 -2.317 -2.327 -2.279 -2.244 -2.319 -2.247 -2.204 -2.197 -2.224 -2.164 -9999 -2.117 -2.167 -2.134 -2.174 -2.257 -2.252 -2.177 -2.189 -2.207 -2.222 -2.232 -2.269 -2.282 -2.262 -2.242 -2.167 -2.199
-2.229 -2.142 -2.199 -2.254 -2.267 -2.212 -2.174 -2.347 -2.397 -2.279 -2.219 -2.252 -2.324 -2.239 -2.202 -2.297 -2.244 -2.217 -2.179 -2.147 -2.204 -2.182 -2.254 -2.252 -2.219 -2.224 -2.224 -2.262 -2.272 -2.284 -2.262 -2.164 -2.172 -2.224 -2.254 -2.239 -2.254 -2.297 -2.289 -2.184 -2.202 -2.219 -2.189 -2.252 -2.279 -2.247 -2.227 -2.237 -2.274 -2.217 -2.234 -2.249 -2.212 -9999 -9999 -2.219 -2.159 -2.144 -2.274 -2.269 -2.257 -2.189 -2.194 -2.232 -2.282 -2.269 -2.212 -2.229 -2.239 -2.164 -2.177
-2.202 -2.204 -2.179 -2.219 -2.249 -2.212 -2.189 -2.317 -2.392 -2.312 -2.247 -2.237 -2.309 -2.309 -2.282 -2.319 -2.189 -2.269 -2.287 -2.147 -2.199 -2.237 -2.239 -2.232 -2.212 -2.219 -2.237 -2.252 -2.329 -2.224 -2.272 -2.227 -2.189 -2.224 -2.214 -2.224 -2.229 -2.217 -2.214 -2.139 -2.192 -2.282 -2.232 -2.177 -2.267 -2.332 -2.257 -2.247 -2.267 -2.279 -2.172 -2.269 -2.239 -2.204 -2.247 -2.247 -2.262 -2.274 -2.259 -2.254 -2.227 -2.244 -2.207 -2.214 -2.244 -2.227 -2.287 -2.212 -2.202 -2.189 -2.167
-2.239 -2.269 -2.182 -2.167 -2.229 -2.174 -2.227 -2.299 -2.292 -2.294 -2.304 -2.252 -2.244 -2.119 -2.264 -2.294 -2.184 -2.327 -2.329 -2.254 -2.272 -2.257 -2.257 -2.267 -2.204 -2.197 -2.237 -2.217 -2.259 -2.257 -2.299 -2.264 -2.169 -2.262 -2.237 -2.202 -2.189 -2.199 -2.299 -2.197 -2.167 -2.262 -2.207 -2.224 -2.252 -2.359 -2.299 -2.214 -2.254 -2.352 -2.222 -2.242 -2.302 -2.232 -2.219 -2.212 -2.262 -2.279 -2.227 -2.297 -2.277 -2.259 -2.272 -2.259 -2.259 -2.182 -2.217 -2.264 -2.259 -2.302 -2.352
