All_lidar/sz5686_DSM_2M.asc
ncols 500
nrows 500
xllcorner    456000
yllcorner    86000
cellsize     2
NODATA_value -9999
[rows 384 to 415 of 500, columns 144 to 215 of 500]
14.191 14.229 14.374 14.336 14.459 14.499 14.599 14.532 14.764 15.397 15.672 15.444 15.029 15.187 15.132 15.162 15.364 15.454 14.699 15.427 15.259 15.317 16.187 16.204 15.789 15.879 15.652 15.142 14.912 14.664 14.809 14.762 14.657 14.764 14.789 14.844 14.709 14.769 14.722 14.817 14.607 14.537 14.637 14.587 14.569 14.552 14.482 14.569 14.347 14.302 14.304 14.774 14.534 14.282 14.324 14.559 14.374 14.687 14.379 14.342 14.542 14.557 14.372 14.402 14.487 14.642 14.719 14.394 14.609 14.157 14.222 14.234
14.131 14.151 14.291 14.316 14.564 14.341 14.419 14.734 14.899 15.239 15.204 15.462 15.462 15.014 15.232 15.852 15.609 14.757 14.642 15.534 15.432 15.717 15.212 15.294 15.334 15.274 15.582 14.944 14.789 14.759 14.752 14.684 14.937 14.747 14.814 14.602 14.642 14.572 14.712 14.737 14.489 14.657 14.574 14.682 14.724 14.362 14.614 14.457 14.492 14.219 14.237 14.464 14.589 14.212 14.282 14.472 14.337 14.582 14.349 14.339 14.269 14.509 14.234 14.562 14.922 14.929 14.374 14.334 14.299 14.319 14.164 14.077
14.021 14.124 14.179 14.294 14.344 14.456 14.374 14.732 14.672 15.049 15.192 15.472 15.029 15.204 14.989 15.329 15.779 14.782 14.632 15.417 15.772 14.787 15.877 15.749 15.392 15.599 15.014 14.579 14.609 14.559 14.729 14.659 14.899 14.814 14.639 14.837 14.722 14.814 14.734 14.507 14.637 14.429 14.404 14.719 14.289 14.309 14.429 14.589 14.609 14.159 14.164 14.484 14.312 14.134 14.129 14.142 14.112 14.514 14.152 14.159 14.249 14.289 14.124 14.379 15.032 14.524 14.299 14.164 14.119 14.039 14.057 14.004
13.994 14.239 14.039 14.286 14.174 14.336 14.417 14.632 14.654 15.227 15.309 15.527 15.104 14.827 15.042 15.094 15.337 14.774 14.574 15.749 15.412 14.954 15.244 15.552 15.414 15.207 15.504 14.764 14.652 14.702 14.689 14.794 14.662 14.802 14.707 14.704 14.939 14.484 14.514 14.437 14.404 14.562 14.237 14.444 14.334 14.149 14.339 14.369 14.184 14.132 14.114 14.369 14.349 14.444 14.069 14.297 14.104 14.037 14.042 14.099 14.024 14.317 14.187 14.212 14.852 14.169 14.267 14.044 14.022 14.114 13.934 13.914
14.016 14.154 14.066 14.199 14.184 14.284 14.442 14.502 14.499 14.917 15.389 14.947 14.702 15.237 14.667 15.214 14.819 15.247 14.502 14.757 14.564 14.924 15.607 15.664 15.169 15.212 15.484 14.582 14.582 14.614 14.682 14.577 14.714 14.552 14.527 14.654 14.487 14.582 14.589 14.322 14.604 14.437 14.264 14.169 14.254 14.134 14.117 14.457 14.257 14.072 14.047 14.237 13.984 13.987 13.952 14.322 14.239 13.977 13.949 14.127 14.209 14.022 14.197 14.044 14.522 15.162 14.359 14.007 14.079 13.824 13.812 13.779
13.991 14.016 14.086 14.179 14.239 14.176 14.462 14.467 14.597 14.839 15.074 15.294 14.947 14.784 14.862 14.617 14.679 14.872 14.529 15.054 14.809 14.642 14.922 15.182 15.052 15.067 15.044 14.539 14.659 14.857 14.679 14.712 14.672 14.654 14.597 14.387 14.557 14.539 14.359 14.504 14.322 14.344 14.232 14.214 14.277 14.217 14.084 13.994 14.052 13.954 14.004 14.064 13.922 14.129 13.884 14.084 14.049 14.257 14.027 13.892 14.112 13.937 14.197 13.834 14.304 14.802 13.829 13.812 13.812 13.819 13.737 13.824
14.001 13.969 14.256 14.149 14.254 14.331 14.374 14.574 14.512 14.982 15.109 15.227 15.257 14.669 14.839 14.924 14.604 15.127 14.442 14.739 14.497 14.839 15.082 14.994 14.702 14.979 15.217 14.399 14.522 14.624 14.717 14.562 14.444 14.539 14.507 14.509 14.364 14.459 14.407 14.294 14.377 14.319 14.269 14.117 14.119 14.259 13.942 13.964 14.159 13.852 14.039 13.887 14.444 14.149 13.802 13.952 13.819 13.799 13.807 13.849 13.847 13.807 13.947 13.757 14.384 13.982 13.874 13.792 13.789 13.757 13.709 13.612
13.884 13.969 14.034 14.094 14.084 14.209 14.394 14.534 14.512 14.479 15.017 15.339 14.807 14.537 14.529 14.967 15.044 14.937 14.394 14.957 14.982 14.912 15.002 15.039 14.844 14.769 14.659 14.437 14.439 14.604 14.424 14.649 14.544 14.567 14.397 14.287 14.242 14.249 14.277 14.197 14.149 14.314 14.314 14.009 14.132 13.977 13.999 13.967 13.989 13.837 13.864 13.837 14.054 13.824 13.772 13.744 13.727 13.727 13.787 13.937 13.927 13.797 13.797 13.817 14.232 14.279 13.834 13.672 13.627 13.604 13.657 13.639
13.844 13.881 14.024 14.046 14.091 14.074 14.287 14.294 14.254 14.549 15.099 15.002 14.924 14.514 14.384 15.424 14.767 15.307 15.347 14.514 14.637 14.592 15.087 14.662 15.197 15.052 14.779 14.699 14.274 14.447 14.599 14.329 14.322 14.299 14.257 14.347 14.264 14.317 14.464 14.239 14.179 14.124 14.222 14.137 13.994 14.069 13.977 14.064 13.802 13.709 14.129 13.792 13.714 13.657 13.692 13.734 13.774 13.624 13.692 13.867 13.814 13.687 13.692 13.757 13.697 14.354 13.924 13.597 13.569 13.547 13.617 13.492
13.904 13.846 13.956 14.074 14.121 14.266 14.224 14.294 14.259 14.607 14.634 14.802 14.752 15.037 14.939 14.924 14.497 14.789 14.389 14.694 15.144 15.044 14.852 14.507 15.149 14.467 15.082 14.324 14.189 14.582 14.414 14.682 14.414 14.337 14.359 14.234 14.162 14.152 14.194 14.169 14.069 14.257 13.919 13.977 13.999 13.982 14.017 13.962 13.719 13.664 13.907 13.842 14.044 13.867 13.729 13.734 13.862 13.704 13.739 13.779 13.609 13.784 13.634 13.667 13.589 13.632 13.554 13.484 13.477 13.462 13.474 13.444
13.884 13.909 13.884 13.849 14.034 14.004 14.099 14.114 14.112 14.189 14.639 14.687 14.622 14.382 14.717 14.877 14.934 14.537 14.409 14.927 14.962 14.787 15.007 14.562 14.964 14.852 14.807 14.617 14.267 14.157 14.489 14.299 14.319 14.574 14.097 14.439 14.227 14.044 14.147 14.014 14.002 13.847 13.862 13.799 13.797 14.027 13.852 13.724 13.614 13.582 13.564 13.544 13.672 13.579 13.499 13.484 13.539 13.502 13.509 13.512 13.482 13.439 13.467 13.469 13.467 13.452 13.442 13.434 13.434 13.429 13.479 13.412
13.811 13.799 13.959 13.944 14.144 14.291 14.149 14.102 14.104 14.297 15.012 14.674 14.417 14.379 14.632 14.522 14.887 14.292 14.267 14.227 14.474 14.514 14.479 14.782 14.749 14.612 14.607 14.389 14.342 14.119 14.189 14.092 14.002 13.959 13.939 13.889 13.862 13.839 13.819 13.762 13.762 13.729 13.692 13.679 13.669 13.649 13.614 13.589 13.552 13.537 13.539 13.517 13.467 13.467 13.467 13.467 13.477 13.462 13.522 13.467 13.432 13.432 13.409 13.434 13.432 13.439 13.424 13.384 13.369 13.359 13.379 13.342
13.589 13.686 13.734 13.854 14.001 13.974 13.919 13.979 14.037 14.177 14.177 14.219 14.289 14.187 14.199 14.282 14.197 14.182 14.179 14.157 14.157 14.142 14.139 14.147 14.122 14.124 14.077 14.057 14.032 13.992 13.962 13.934 13.927 13.902 13.852 13.839 13.794 13.792 13.742 13.737 13.719 13.714 13.649 13.619 13.607 13.592 13.582 13.559 13.549 13.487 13.474 13.442 13.447 13.419 13.429 13.429 13.424 13.409 13.414 13.419 13.397 13.354 13.349 13.367 13.372 13.347 13.329 13.304 13.312 13.284 13.267 13.257
13.491 13.579 13.616 13.709 13.774 13.814 13.887 13.947 13.977 14.024 14.069 14.119 14.129 14.164 14.177 14.204 14.182 14.204 14.174 14.172 14.174 14.162 14.137 14.112 14.084 14.119 14.012 14.024 14.004 13.979 13.969 13.942 13.867 13.857 13.827 13.772 13.774 13.709 13.702 13.627 13.607 13.619 13.552 13.517 13.502 13.467 13.449 13.424 13.379 13.397 13.369 13.342 13.339 13.314 13.302 13.282 13.264 13.274 13.269 13.247 13.237 13.237 13.257 13.254 13.262 13.264 13.254 13.219 13.239 13.242 13.237 13.244
13.506 13.651 13.646 13.736 13.801 13.884 13.887 13.897 13.942 13.994 14.027 14.057 14.089 14.112 14.142 14.129 14.119 14.114 14.079 14.079 14.019 14.052 14.037 14.022 14.002 13.962 13.939 13.912 13.892 13.884 13.844 13.827 13.802 13.747 13.692 13.679 13.649 13.607 13.594 13.574 13.512 13.459 13.432 13.417 13.409 13.382 13.339 13.329 13.304 13.292 13.292 13.257 13.259 13.277 13.229 13.242 13.247 13.214 13.247 13.254 13.209 13.237 13.242 13.277 13.257 13.239 13.237 13.232 13.207 13.207 13.194 13.159
13.539 13.554 13.616 13.659 13.726 13.789 13.804 13.817 13.854 13.894 13.917 13.957 13.954 13.964 14.014 14.037 14.042 14.019 14.017 13.987 13.944 13.962 13.962 13.932 13.907 13.892 13.864 13.859 13.857 13.834 13.827 13.797 13.744 13.709 13.677 13.644 13.627 13.599 13.564 13.534 13.484 13.477 13.442 13.429 13.404 13.372 13.337 13.329 13.339 13.309 13.272 13.232 13.232 13.282 13.244 13.222 13.232 13.207 13.224 13.174 13.197 13.187 13.169 13.167 13.147 13.149 13.117 13.082 13.092 13.032 13.032 13.019
13.419 13.507 13.542 13.589 13.667 13.702 13.767 13.794 13.817 13.862 13.872 13.939 13.959 14.012 14.024 14.034 14.032 14.034 13.994 14.009 14.014 14.009 13.982 13.947 13.932 13.904 13.892 13.884 13.877 13.872 13.817 13.829 13.782 13.732 13.727 13.677 13.649 13.594 13.564 13.527 13.477 13.419 13.399 13.362 13.324 13.317 13.274 13.259 13.214 13.174 13.157 13.149 13.102 13.127 13.082 13.102 13.079 13.072 13.067 13.057 13.064 13.074 13.062 13.019 13.007 12.977 12.934 12.932 12.914 12.872 12.849 12.837
13.574 13.574 13.667 13.729 13.737 13.834 13.889 14.292 13.944 13.964 14.017 14.042 14.042 14.022 14.082 14.062 14.064 14.047 14.049 14.034 14.004 13.989 13.947 13.914 13.882 13.874 13.847 13.814 13.784 13.757 13.742 13.722 13.689 13.652 13.612 13.569 13.517 13.477 13.452 13.414 13.352 13.327 13.262 13.219 13.212 13.179 13.159 13.152 13.099 13.074 13.054 13.004 13.009 12.992 12.992 12.999 12.994 12.987 12.982 12.967 12.987 12.992 12.964 12.969 12.952 12.952 12.902 12.957 12.902 12.819 12.759 12.749
13.967 13.754 13.757 14.647 13.814 15.414 15.824 15.647 13.942 13.884 13.907 13.924 13.947 13.922 13.937 13.949 13.944 13.939 13.937 13.917 13.897 13.874 13.837 13.799 13.789 13.767 13.709 13.694 13.689 13.667 13.642 13.604 13.594 13.552 13.514 13.489 13.449 13.399 13.387 13.362 13.304 13.242 13.194 13.234 13.144 13.129 13.127 13.077 13.062 13.077 12.987 13.044 12.967 12.989 13.024 13.007 12.997 12.974 12.937 13.014 12.917 12.944 12.944 12.912 12.992 12.897 12.844 12.934 12.887 12.767 12.717 12.739
14.124 13.882 13.772 14.269 13.732 14.257 14.214 13.769 13.789 13.827 13.804 13.837 13.854 13.874 13.874 13.902 13.872 13.874 13.877 13.859 13.894 13.804 13.804 13.799 13.734 13.947 13.657 13.652 13.622 13.597 13.602 13.549 13.587 13.552 13.497 13.424 13.407 13.392 13.342 13.324 13.262 13.222 13.184 13.169 13.239 13.109 13.074 13.062 12.994 13.032 12.997 12.962 12.974 12.949 12.932 12.987 12.909 12.942 12.887 12.929 12.889 12.899 12.927 12.894 12.934 12.942 12.814 12.847 12.789 12.662 12.667 12.694
13.809 13.702 13.649 13.654 13.679 13.717 13.717 13.727 13.744 13.749 13.797 13.832 13.824 13.847 13.927 13.884 13.874 13.944 13.874 13.892 13.854 13.852 13.802 13.767 13.757 13.877 13.674 13.617 13.579 13.589 13.574 13.482 13.572 13.487 13.454 13.484 13.392 13.337 13.294 13.282 13.194 13.162 13.122 13.144 13.097 13.169 13.112 13.007 12.967 12.947 12.939 12.929 12.939 12.894 12.899 12.887 12.942 12.857 12.892 12.834 12.789 12.852 12.814 12.847 12.844 12.799 12.772 12.722 12.717 12.629 12.707 12.629
13.592 13.692 13.604 13.604 13.627 13.664 13.684 13.679 13.724 13.749 13.767 13.827 13.844 13.837 13.829 13.887 13.869 13.842 13.839 13.832 13.809 13.784 13.747 13.687 13.912 13.694 13.679 13.547 13.519 13.497 13.459 13.447 13.439 13.432 13.414 13.344 13.334 13.269 13.229 13.199 13.152 13.122 13.069 13.054 13.024 13.037 12.977 12.954 12.949 12.944 12.894 12.907 12.887 12.864 12.942 12.812 12.787 12.789 12.809 12.784 12.767 12.777 12.859 12.749 12.759 12.744 12.747 12.834 12.742 12.677 12.567 12.627
13.507 13.552 13.569 13.552 13.582 13.612 13.649 13.659 13.687 13.727 13.757 13.792 13.787 13.797 13.807 13.782 13.819 13.794 13.797 13.767 13.804 13.717 13.682 13.629 13.564 13.624 13.717 13.472 13.437 13.427 13.399 13.389 13.442 13.367 13.347 13.304 13.254 13.247 13.219 13.162 13.104 13.067 13.027 13.049 13.032 13.042 12.989 12.922 12.889 12.882 12.839 12.817 12.829 12.839 12.739 12.829 12.772 12.737 12.727 12.699 12.692 12.724 12.779 12.734 12.774 12.749 12.694 12.672 12.559 12.559 12.572 12.554
13.524 13.547 13.569 13.579 13.567 13.614 13.644 13.654 13.657 13.674 13.702 13.709 13.754 13.729 13.719 13.794 13.839 13.777 13.694 13.702 13.669 13.677 13.629 13.562 13.492 13.554 13.574 13.474 13.407 13.354 13.397 13.319 13.314 13.322 13.252 13.274 13.192 13.144 13.169 13.122 13.049 13.009 12.969 13.012 12.942 12.909 12.922 12.847 12.822 12.819 12.772 12.774 12.812 12.737 12.747 12.679 12.727 12.677 12.642 12.672 12.642 12.684 12.707 12.624 12.654 12.817 12.662 12.734 12.549 12.637 12.507 12.447
13.487 13.482 13.534 13.539 13.552 13.609 13.614 13.637 13.602 13.624 13.634 13.642 13.639 13.644 13.674 13.677 13.654 13.692 13.617 13.654 13.634 13.587 13.544 13.482 13.419 13.494 13.692 13.382 13.364 13.344 13.289 13.299 13.247 13.234 13.264 13.204 13.162 13.149 13.089 13.077 12.994 12.969 12.942 12.947 13.054 13.004 12.847 12.802 12.807 12.752 12.747 12.677 12.677 12.717 12.647 12.789 12.634 12.637 12.632 12.592 12.597 12.597 12.614 12.602 12.564 12.667 12.612 12.547 12.589 12.489 12.429 12.412
13.467 13.477 13.504 13.499 13.527 13.572 13.609 13.604 13.569 13.562 13.574 13.597 13.604 13.622 13.637 13.617 13.632 13.614 13.689 13.592 13.554 13.514 13.499 13.439 13.567 13.474 13.774 13.347 13.284 13.272 13.227 13.174 13.209 13.202 13.174 13.189 13.119 13.107 13.047 12.997 12.984 12.932 12.884 12.909 12.802 12.907 12.817 12.762 12.777 12.697 12.684 12.654 12.669 12.649 12.614 12.559 12.609 12.577 12.574 12.604 12.594 12.574 12.587 12.554 12.662 12.572 12.549 12.529 12.464 12.559 12.387 12.369
13.409 13.457 13.499 13.507 13.507 13.552 13.547 13.547 13.549 13.517 13.527 13.597 13.552 13.579 13.557 13.542 13.599 13.559 13.522 13.554 13.502 13.452 13.492 13.402 13.354 13.564 13.347 13.252 13.262 13.187 13.227 13.149 13.224 13.134 13.067 13.127 13.072 13.019 13.009 12.962 12.912 12.849 12.842 12.792 12.794 12.812 12.739 12.719 12.684 12.644 12.639 12.687 12.674 12.582 12.567 12.644 12.554 12.527 12.542 12.527 12.544 12.512 12.532 12.532 12.589 12.502 12.569 12.457 12.417 12.372 12.387 12.274
13.392 13.422 13.457 13.464 13.457 13.502 13.502 13.492 13.479 13.477 13.474 13.524 13.532 13.522 13.507 13.554 13.487 13.467 13.474 13.499 13.437 13.407 13.374 13.362 13.369 13.244 13.317 13.179 13.207 13.157 13.134 13.129 13.184 13.069 13.032 13.042 12.989 12.969 12.919 12.899 12.899 12.824 12.807 12.834 12.762 12.814 12.744 12.649 12.687 12.624 12.654 12.669 12.549 12.542 12.554 12.557 12.507 12.502 12.632 12.477 12.479 12.532 12.479 12.539 12.447 12.487 12.549 12.479 12.437 12.452 12.277 12.309
13.382 13.397 13.454 13.447 13.434 13.467 13.462 13.489 13.472 13.462 13.452 13.484 13.474 13.487 13.452 13.472 13.482 13.452 13.479 13.457 13.399 13.399 13.419 13.299 13.377 13.222 13.384 13.182 13.144 13.124 13.097 13.099 13.072 13.134 13.082 12.999 12.979 12.924 12.919 12.877 12.844 12.804 12.782 12.764 12.714 12.694 12.662 12.629 12.592 12.599 12.559 12.647 12.559 12.499 12.554 12.534 12.442 12.464 12.462 12.472 12.434 12.479 12.499 12.444 12.479 12.602 12.479 12.354 12.407 12.284 12.234 12.234
13.362 13.399 13.417 13.424 13.394 13.407 13.447 13.449 13.489 13.467 13.437 13.484 13.457 13.447 13.467 13.494 13.529 13.554 13.407 13.444 13.359 13.292 13.307 13.262 13.257 13.449 13.419 13.147 13.107 13.079 13.089 13.037 13.014 13.077 13.009 12.939 12.924 12.884 12.854 12.829 12.784 12.749 12.724 12.739 12.672 12.742 12.654 12.582 12.524 12.532 12.534 12.502 12.539 12.474 12.477 12.447 12.407 12.444 12.504 12.387 12.367 12.382 12.394 12.397 12.409 12.427 12.412 12.314 12.357 12.202 12.179 12.194
13.324 13.387 13.414 13.409 13.367 13.387 13.424 13.402 13.432 13.424 13.377 13.379 13.359 13.384 13.382 13.374 13.399 13.412 13.367 13.384 13.337 13.372 13.249 13.197 13.234 13.132 13.364 13.089 13.042 12.999 13.029 12.977 12.964 13.002 13.049 12.954 12.897 12.899 12.804 12.784 12.744 12.704 12.657 12.657 12.624 12.637 12.604 12.574 12.534 12.524 12.477 12.464 12.452 12.419 12.394 12.384 12.469 12.432 12.379 12.372 12.342 12.402 12.369 12.332 12.319 12.522 12.274 12.247 12.174 12.329 12.127 12.069
13.324 13.367 13.399 13.357 13.359 13.392 13.362 13.384 13.364 13.342 13.354 13.347 13.317 13.349 13.349 13.362 13.417 13.362 13.354 13.304 13.289 13.222 13.194 13.194 13.127 13.207 13.617 13.057 12.984 12.984 12.977 12.952 12.892 12.982 12.887 12.869 12.867 12.827 12.822 12.784 12.762 12.692 12.624 12.599 12.627 12.547 12.519 12.472 12.447 12.447 12.434 12.457 12.409 12.367 12.372 12.312 12.324 12.359 12.307 12.337 12.359 12.317 12.302 12.369 12.334 12.337 12.247 12.282 12.179 12.114 12.079 12.092
