All_lidar/sz5691_DSM_2M.asc
ncols 500
nrows 500
xllcorner    456000
yllcorner    91000
cellsize     2
NODATA_value -9999
[rows 64 to 95 of 500, columns 288 to 359 of 500]
27.516 27.271 27.031 26.834 26.591 26.376 26.214 26.371 26.769 28.051 27.591 25.524 26.384 29.066 25.019 24.434 24.139 25.504 24.026 24.864 24.971 25.294 23.504 23.329 22.964 22.716 22.564 22.658 22.527 22.48 22.264 22.177 22.211 22.253 22.19 22.177 22.394 22.36 22.48 22.684 22.743 22.8 23.056 23.124 23.179 23.261 22.688 22.631 22.839 23.066 23.271 27.746 32.234 24.464 23.846 24.051 30.471 34.984 28.831 24.626 24.939 24.964 25.196 25.596 25.854 25.849 26.046 26.281 27.136 26.629 27.356 29.051
27.496 27.231 26.979 26.789 26.616 26.361 26.134 26.544 26.009 25.821 26.334 27.206 27.366 25.384 24.699 24.269 24.044 25.064 26.014 27.941 29.984 25.391 22.874 22.941 22.981 22.639 22.514 22.184 22.046 22.246 22.359 22.414 22.407 22.333 22.305 22.396 22.422 22.489 22.584 22.632 22.752 22.872 23.01 23.134 23.185 23.244 22.896 22.604 23.284 23.171 23.154 28.326 33.564 25.786 23.801 24.116 24.659 25.379 25.559 25.884 25.019 24.821 25.094 25.301 25.661 25.751 25.951 26.441 28.221 28.649 28.264 29.169
27.366 27.106 26.901 26.689 26.494 26.339 26.136 25.931 25.824 25.749 27.089 25.916 25.114 24.894 24.494 24.126 24.119 24.839 24.856 29.089 26.074 22.791 22.451 22.404 22.309 22.154 22.606 22.429 22.409 22.521 22.584 22.599 22.544 22.439 22.366 22.471 22.531 22.591 22.674 22.666 22.799 22.986 23.129 23.209 23.281 23.319 23.226 22.684 22.971 23.289 23.349 24.976 27.956 27.366 23.591 24.061 24.064 24.219 24.316 25.289 25.256 24.779 25.006 25.989 28.726 27.274 26.026 26.216 26.359 26.581 28.866 29.181
27.421 27.146 26.916 26.724 26.489 26.206 26.114 25.914 25.761 25.859 26.679 28.991 32.926 26.654 25.159 24.156 26.064 23.931 23.671 25.369 23.216 22.471 22.304 22.489 22.564 22.541 22.524 22.479 22.481 22.561 22.611 22.586 22.556 22.506 22.439 22.519 22.586 22.674 22.754 22.839 22.921 23.044 23.219 23.314 23.389 23.431 23.424 23.276 22.821 23.459 25.264 30.029 23.584 23.651 23.809 24.019 24.014 24.064 24.576 24.716 24.864 25.479 25.041 26.111 28.784 26.326 25.951 26.151 26.386 26.579 26.999 27.006
27.356 27.174 26.936 26.681 26.574 26.249 26.106 26.054 25.749 25.609 25.566 30.376 44.389 45.454 37.599 39.346 35.671 27.634 23.376 23.496 25.141 22.684 22.701 22.666 22.564 22.529 22.476 22.511 22.509 22.519 22.554 22.576 22.531 22.514 22.519 22.544 22.611 22.709 22.824 22.954 23.021 23.099 23.199 23.331 23.444 23.484 23.619 23.646 23.679 23.706 24.961 24.929 23.911 24.071 24.099 24.174 24.304 24.329 26.056 24.814 24.671 24.671 25.884 26.476 25.449 25.696 25.956 26.166 26.914 27.471 33.179 35.559
27.259 28.689 26.921 26.699 26.946 26.261 26.061 25.911 25.951 31.694 30.216 37.236 45.419 42.489 43.286 45.221 41.626 27.024 23.241 22.809 22.409 22.896 22.731 22.701 22.574 22.551 22.521 22.529 22.594 22.564 22.544 22.526 22.524 22.594 22.614 22.586 22.661 22.764 22.959 23.239 23.231 23.374 23.441 23.444 23.506 23.496 23.626 23.839 23.906 24.046 24.124 24.721 24.236 24.244 24.334 24.364 25.166 24.586 24.596 24.696 24.741 24.859 24.966 24.936 25.819 25.236 25.569 33.114 31.604 26.751 32.651 38.866
34.801 26.946 26.814 26.639 30.419 31.369 31.031 25.879 28.286 39.804 40.926 43.324 44.079 42.211 43.109 42.854 34.099 25.291 25.434 25.986 25.704 22.906 22.846 22.726 22.611 22.554 22.556 22.574 22.541 22.571 22.579 22.561 22.574 22.666 22.694 22.704 22.776 22.829 23.184 24.149 23.929 23.879 24.139 24.071 23.419 23.516 23.564 23.866 24.571 24.069 23.864 24.479 24.521 24.531 24.566 24.596 24.614 24.726 25.301 24.801 24.891 25.089 25.149 25.191 25.391 25.406 25.544 29.429 26.701 26.314 30.269 32.764
36.981 27.751 29.786 31.464 32.524 36.861 36.484 31.686 38.181 44.051 37.886 31.431 40.451 44.301 43.246 44.701 42.961 31.431 22.961 25.379 25.284 22.961 22.836 22.726 22.616 22.581 22.541 22.509 22.504 22.499 22.494 22.521 22.551 22.699 22.739 22.754 22.834 22.901 23.009 23.394 23.681 24.084 23.991 23.621 23.561 23.654 24.461 24.659 24.774 24.356 24.224 24.371 24.671 24.649 24.716 24.764 24.949 24.991 24.931 24.959 25.076 25.301 25.489 25.521 25.499 25.574 26.014 28.169 28.096 26.859 26.291 27.639
31.696 34.771 38.851 30.941 28.339 30.301 28.181 35.046 44.874 46.769 46.706 46.491 43.431 44.259 44.766 42.286 38.969 24.711 23.014 23.614 22.949 22.976 22.839 22.724 22.596 22.559 22.526 22.459 22.484 22.501 22.509 22.511 22.546 22.581 22.634 22.756 22.844 22.971 23.079 23.206 23.406 23.849 24.364 24.709 24.326 24.329 25.519 24.124 24.201 24.301 24.344 24.204 24.896 24.891 24.744 24.926 25.229 25.284 25.169 25.214 25.341 25.711 25.956 25.764 25.826 25.946 26.084 26.674 27.101 27.026 26.679 26.856
28.526 36.386 42.546 30.116 26.269 33.524 41.189 41.799 44.159 44.771 45.616 45.284 41.524 38.074 44.084 41.084 25.719 23.194 22.574 23.121 23.026 23.156 22.881 22.764 22.671 22.596 22.509 22.486 22.486 22.476 22.496 22.511 22.536 22.611 22.691 22.754 22.864 23.001 23.096 23.206 23.346 23.941 24.744 25.819 26.031 25.996 25.406 25.676 24.551 24.344 24.551 25.374 24.816 25.199 25.069 25.066 25.224 25.339 25.431 25.536 25.671 25.779 25.959 25.881 26.066 26.329 26.384 26.574 26.741 27.016 27.281 27.254
35.921 28.461 38.184 32.471 32.496 41.461 42.271 35.381 28.756 32.371 45.576 41.544 42.754 44.881 42.549 32.051 24.094 23.006 22.621 23.024 23.181 23.031 22.844 22.766 22.681 22.584 22.519 22.524 22.521 22.511 22.511 22.551 22.594 22.669 22.724 22.829 22.919 23.019 23.154 23.279 23.401 23.499 23.591 23.914 24.569 25.076 25.479 26.744 25.701 24.864 24.949 24.914 24.661 25.349 25.394 25.341 25.701 25.536 25.874 25.879 26.021 26.134 26.189 26.176 26.246 26.454 26.646 26.761 26.959 27.116 27.381 27.444
36.729 26.631 27.141 27.959 37.879 42.984 38.206 25.846 30.681 35.284 46.146 41.611 40.644 41.951 37.876 37.549 26.116 22.729 22.604 22.926 23.029 22.951 22.869 22.786 22.654 22.564 22.516 22.531 22.551 22.536 22.514 22.549 22.651 22.724 22.766 22.889 22.999 23.084 23.214 23.379 23.514 23.646 23.729 23.791 23.891 23.994 24.179 24.869 25.874 25.766 25.316 25.239 25.236 25.471 25.609 25.786 26.006 25.936 25.889 26.036 26.189 26.334 26.431 26.474 26.551 26.629 26.874 27.046 27.236 27.386 27.484 27.619
39.069 28.514 26.229 26.284 30.139 32.739 25.636 25.496 30.641 40.859 43.734 28.736 32.211 38.319 42.164 43.051 29.581 22.751 22.806 22.876 22.926 22.904 22.879 22.796 22.616 22.564 22.536 22.534 22.516 22.534 22.566 22.591 22.686 22.781 22.851 22.981 23.081 23.181 23.311 23.474 23.604 23.746 23.879 23.964 24.049 24.139 24.231 24.349 24.456 24.601 24.746 24.934 25.136 25.421 25.304 25.556 25.921 26.191 26.366 26.474 26.574 26.596 26.666 26.691 27.256 26.884 27.059 27.264 27.571 27.551 27.651 27.826
30.244 29.554 29.114 42.189 32.176 25.066 24.989 25.091 26.504 34.496 36.211 42.401 41.336 40.581 39.001 33.571 23.411 22.429 22.869 22.879 22.926 22.889 22.896 22.806 22.661 22.589 22.551 22.541 22.534 22.559 22.601 22.686 22.784 22.864 22.931 23.079 23.174 23.324 23.469 23.619 23.731 23.859 23.954 24.086 24.201 24.326 24.394 24.466 24.594 24.761 24.901 25.014 25.154 25.329 25.464 25.664 25.694 25.914 26.426 26.809 26.966 26.946 26.996 27.726 34.314 27.731 27.366 27.711 27.524 27.669 27.916 28.089
35.416 40.306 38.456 30.109 28.941 25.224 25.924 24.701 24.821 25.491 30.041 37.401 39.544 37.186 40.549 28.601 24.186 27.109 22.936 22.944 22.941 22.894 22.886 22.816 22.694 22.599 22.584 22.541 22.546 22.561 22.606 22.746 22.844 22.941 23.039 23.161 23.281 23.426 23.584 23.741 23.879 23.981 24.061 24.159 24.294 24.434 24.546 24.646 24.751 24.881 25.021 25.139 25.311 25.454 25.576 25.734 25.929 26.326 26.549 26.674 26.641 27.159 27.366 30.704 30.129 28.849 27.334 27.476 27.711 27.861 28.061 28.226
47.379 47.019 42.336 28.436 25.896 27.214 35.219 33.209 25.526 24.574 24.501 27.291 35.446 35.129 25.619 24.276 29.179 26.044 23.009 23.181 23.859 22.931 22.944 22.846 22.724 22.621 22.569 22.531 22.531 22.589 22.659 22.799 22.929 23.019 23.129 23.216 23.361 23.514 23.681 23.834 23.951 24.086 24.199 24.289 24.401 24.561 24.689 24.811 24.934 25.024 25.106 25.244 25.426 25.579 25.749 25.864 26.046 26.311 26.574 26.799 29.521 27.849 27.151 27.534 27.901 30.319 28.064 27.781 27.801 27.986 28.201 28.306
36.234 46.044 47.231 45.299 32.221 34.651 43.274 44.289 27.676 24.576 24.384 27.051 31.934 29.749 24.281 27.154 27.689 29.381 26.161 23.924 22.996 22.994 22.986 22.871 22.781 22.691 22.616 22.571 22.594 22.646 22.726 22.849 22.964 23.074 23.174 23.274 23.429 23.574 23.756 23.894 24.064 24.179 24.294 24.421 24.554 24.676 24.821 24.929 25.091 25.196 25.286 25.409 25.521 25.689 25.851 26.039 26.216 26.409 27.069 27.481 28.476 27.676 27.314 27.309 27.276 27.601 27.991 28.214 28.164 28.206 28.276 28.364
48.156 48.871 47.294 47.686 47.736 43.339 34.194 34.571 25.176 24.636 24.399 23.911 24.814 23.826 23.501 23.484 25.876 25.106 28.494 27.304 23.296 23.034 22.994 22.936 22.826 22.731 22.659 22.616 22.646 22.709 22.799 22.894 23.026 23.131 23.229 23.336 23.486 23.616 23.774 23.964 24.129 24.271 24.396 24.501 24.634 24.799 24.956 25.099 25.234 25.346 25.449 25.569 25.716 25.841 25.981 26.196 26.389 26.559 28.161 29.234 27.326 27.334 27.376 27.519 27.679 27.676 27.939 28.049 28.484 28.749 28.896 28.709
48.294 45.991 44.019 47.864 46.789 33.204 29.981 25.414 25.379 24.461 24.521 24.254 23.856 23.701 24.521 24.221 24.089 27.809 26.604 28.869 22.966 23.014 23.029 22.971 22.896 22.849 22.731 22.696 22.724 22.806 22.886 22.999 23.114 23.204 23.304 23.419 23.534 23.686 23.839 24.006 24.166 24.324 24.466 24.616 24.739 24.906 25.071 25.209 25.349 25.519 25.596 25.694 25.844 26.009 26.181 26.336 26.479 26.661 26.881 27.069 27.316 27.386 27.444 27.559 27.739 27.951 28.336 28.544 27.931 28.264 29.099 29.476
40.464 45.884 45.959 48.509 41.836 43.444 44.474 43.491 38.531 26.306 24.809 24.501 24.259 23.976 24.314 23.359 22.521 23.001 24.236 23.764 22.921 23.011 23.071 23.021 22.956 22.911 22.829 22.794 22.809 22.886 22.984 23.096 23.174 23.291 23.366 23.486 23.579 23.769 23.916 24.081 24.239 24.396 24.521 24.681 24.844 25.006 25.189 25.346 25.491 25.629 25.744 25.831 25.986 26.124 26.289 26.459 26.614 26.774 26.944 27.184 27.364 27.496 27.521 27.684 27.809 27.999 28.136 28.304 28.766 29.264 29.004 31.359
47.144 48.259 45.539 46.704 45.506 43.379 42.359 43.099 40.284 36.451 32.864 27.011 24.336 25.231 27.544 23.991 22.614 23.121 23.186 23.029 22.954 23.006 23.074 23.029 22.969 22.954 22.904 22.914 22.939 23.019 23.089 23.184 23.266 23.349 23.419 23.546 23.661 23.794 23.951 24.134 24.294 24.461 24.616 24.766 24.879 25.066 25.269 25.449 25.594 25.734 25.869 25.989 26.109 26.276 26.471 26.624 26.736 26.959 27.079 27.231 28.346 28.189 27.681 27.809 27.991 28.156 28.286 28.379 28.586 29.754 29.629 31.831
46.589 47.606 46.334 46.839 34.684 41.921 44.039 41.514 40.569 42.289 42.611 28.771 24.079 24.126 26.089 23.791 22.811 23.254 23.204 23.086 23.019 23.029 23.059 23.041 22.994 23.006 22.986 23.011 23.076 23.144 23.214 23.264 23.326 23.399 23.494 23.611 23.741 23.869 24.006 24.164 24.339 24.494 24.666 24.836 24.994 25.184 25.351 25.514 25.689 25.851 25.981 26.111 26.239 26.384 26.564 26.764 26.909 27.096 27.254 27.399 27.574 27.686 27.791 27.946 28.076 28.251 28.406 28.576 28.736 28.861 29.041 29.721
46.891 46.916 45.836 45.101 40.634 44.011 45.054 40.619 41.844 40.851 39.696 32.541 24.104 24.531 27.736 24.131 22.939 23.349 23.229 23.141 23.059 23.091 23.139 23.084 23.041 23.071 23.044 23.101 23.121 23.196 23.266 23.321 23.369 23.444 23.521 23.666 23.801 23.939 24.064 24.236 24.404 24.554 24.696 24.876 25.049 25.249 25.444 25.629 25.789 25.924 26.084 26.229 26.369 26.526 26.674 26.866 27.019 27.204 27.399 27.549 27.699 27.799 27.936 28.064 28.216 28.364 28.506 28.664 28.839 28.984 29.154 29.326
45.304 46.036 43.139 38.966 45.101 44.931 37.174 38.234 39.904 37.376 39.599 34.976 24.781 25.859 26.274 25.116 23.179 23.379 23.249 23.181 23.109 23.121 23.166 23.116 23.111 23.129 23.154 23.161 23.219 23.269 23.331 23.416 23.501 23.556 23.626 23.709 23.834 23.966 24.129 24.271 24.439 24.596 24.761 24.926 25.119 25.326 25.519 25.696 25.881 26.041 26.181 26.359 26.471 26.641 26.809 26.966 27.141 27.316 27.494 27.686 27.819 27.934 28.076 28.229 28.369 28.499 28.664 28.819 28.966 29.121 29.276 29.456
39.741 42.471 43.209 36.294 41.459 40.966 27.544 36.011 29.479 30.106 40.259 43.526 31.186 26.126 29.816 26.456 23.034 23.329 23.239 23.149 23.111 23.114 23.156 23.154 23.159 23.206 23.224 23.254 23.311 23.346 23.439 23.509 23.614 23.716 23.769 23.821 23.921 24.031 24.169 24.276 24.436 24.629 24.809 24.979 25.169 25.356 25.574 25.744 25.891 26.094 26.276 26.426 26.569 26.724 26.904 27.056 27.254 27.389 27.579 27.739 27.916 28.074 28.234 28.369 28.524 28.696 28.829 28.949 29.104 29.231 29.406 29.551
28.064 32.119 29.089 27.584 29.796 34.694 39.791 39.064 42.404 40.129 40.146 44.096 36.826 24.746 26.099 30.246 24.746 25.096 23.249 23.161 23.096 23.146 23.176 23.189 23.199 23.231 23.259 23.319 23.404 23.464 23.519 23.591 23.706 23.819 23.909 23.981 24.064 24.136 24.271 24.389 24.496 24.629 24.836 25.014 25.209 25.379 25.574 25.736 25.919 26.114 26.289 26.469 26.664 26.836 27.024 27.184 27.319 27.471 27.676 27.809 27.999 28.181 28.341 28.521 28.676 28.831 28.991 29.126 29.249 29.369 29.546 29.691
27.839 37.386 39.721 31.884 40.181 44.004 46.019 45.694 43.724 38.161 31.509 29.744 25.289 24.181 23.086 25.939 25.606 23.326 23.244 23.136 23.086 23.171 23.199 23.216 23.219 23.246 23.289 23.339 23.419 23.496 23.586 23.651 23.746 23.844 23.959 24.079 24.174 24.271 24.366 24.501 24.591 24.709 24.871 25.021 25.201 25.386 25.566 25.749 25.939 26.156 26.346 26.506 26.684 26.866 27.099 27.256 27.426 27.594 27.739 27.909 28.101 28.264 28.446 28.616 28.796 28.966 29.126 29.249 29.381 29.521 29.679 29.849
27.261 42.074 45.844 42.351 45.869 48.141 45.379 46.169 42.754 40.434 29.021 24.709 24.526 24.086 22.986 23.139 23.444 23.394 23.271 23.186 23.099 23.116 23.169 23.236 23.254 23.281 23.294 23.336 23.409 23.486 23.584 23.661 23.751 23.846 23.959 24.094 24.194 24.331 24.461 24.584 24.694 24.791 24.946 25.116 25.274 25.431 25.616 25.774 25.969 26.176 26.346 26.546 26.726 26.906 27.116 27.289 27.506 27.661 27.851 28.011 28.189 28.386 28.556 28.721 28.864 29.056 29.221 29.369 29.504 29.639 29.794 29.951
28.096 38.089 43.419 43.194 42.124 44.559 47.044 42.171 42.754 41.004 37.901 35.174 26.949 24.391 25.054 22.786 23.399 23.439 23.294 23.206 23.124 23.144 23.176 23.226 23.271 23.296 23.321 23.356 23.424 23.489 23.569 23.669 23.779 23.876 23.976 24.091 24.219 24.361 24.519 24.646 24.809 24.931 25.064 25.211 25.386 25.536 25.681 25.841 25.994 26.201 26.374 26.546 26.754 26.954 27.146 27.331 27.546 27.721 27.921 28.126 28.319 28.494 28.679 28.804 28.951 29.139 29.316 29.461 29.611 29.766 29.924 30.064
29.061 31.711 41.621 44.136 36.456 40.726 43.286 36.554 42.491 42.641 46.551 44.124 27.619 25.711 24.759 22.939 23.486 23.474 23.346 23.241 23.124 23.134 23.201 23.254 23.281 23.306 23.344 23.386 23.441 23.521 23.611 23.716 23.814 23.931 24.031 24.144 24.259 24.396 24.564 24.724 24.869 25.026 25.176 25.321 25.529 25.709 25.876 26.006 26.126 26.309 26.456 26.574 26.754 26.961 27.176 27.401 27.579 27.771 27.969 28.174 28.379 28.556 28.719 28.911 29.064 29.221 29.391 29.549 29.711 29.841 30.011 30.146
41.256 44.759 44.314 41.526 43.171 43.129 45.239 42.459 40.936 43.011 45.281 43.654 30.496 24.996 28.684 23.121 23.506 23.486 23.366 23.261 23.164 23.176 23.231 23.286 23.304 23.356 23.376 23.429 23.474 23.556 23.661 23.799 23.916 24.034 24.126 24.269 24.351 24.499 24.694 24.819 24.959 25.094 25.266 25.431 25.636 25.921 26.096 26.286 26.401 26.541 26.674 26.779 26.906 27.044 27.244 27.416 27.624 27.836 28.039 28.221 28.386 28.606 28.784 28.936 29.121 29.306 29.466 29.619 29.781 29.924 30.066 30.224
44.119 47.896 43.354 44.989 44.669 42.304 43.424 41.351 43.021 41.424 42.656 43.566 29.281 23.439 22.894 23.409 23.496 23.396 23.319 23.229 23.194 23.234 23.296 23.349 23.379 23.414 23.441 23.481 23.534 23.599 23.684 23.829 23.974 24.091 24.236 24.384 24.509 24.641 24.796 24.941 25.081 25.201 25.349 25.526 25.706 25.994 26.246 26.446 26.621 26.766 26.911 27.021 27.061 27.164 27.341 27.514 27.739 27.894 28.071 28.284 28.466 28.634 28.794 28.991 29.174 29.356 29.529 29.691 29.839 30.006 30.136 30.291
