All_lidar/sz5690_DSM_2M.asc
ncols 500
nrows 500
xllcorner    456000
yllcorner    90000
cellsize     2
NODATA_value -9999
[rows 32 to 63 of 500, columns 146 to 218 of 500]
37.157 37.457 37.772 38.045 38.285 38.485 38.737 38.957 39.202 39.455 39.73 39.997 40.215 40.382 40.615 40.85 41.91 49.312 55.082 61.18 63.047 64.73 52.572 58.647 43.577 43.687 44.057 44.43 45.175 45.717 46.355 46.28 46.325 47.627 47.545 47.502 49.882 50.832 50.027 48.145 48.585 56.972 69.432 71.285 69.715 70.23 52.485 49.66 49.907 50.285 50.495 50.76 50.495 50.912 51.155 51.595 52.095 52.747 53.16 55.072 67.845 76.025 77.972 78.615 76.092 76.397 68.99 67.742 70.982 72.777 74.077 80.92 77.887
37.182 37.472 37.787 38.075 38.265 38.505 38.725 38.952 39.187 39.46 39.72 39.98 40.202 40.385 40.627 40.842 44.162 53.54 53.642 56.255 54.582 57.56 46.022 44.912 43.842 44.37 45.042 45.422 45.735 45.887 45.99 45.712 45.972 50.25 48.15 47.46 47.3 50.117 47.897 47.995 47.717 64.827 70.17 70.84 71.375 70.967 57.587 56.167 61.112 67.352 58.005 50.397 50.392 50.835 51.07 51.572 52.065 52.657 52.955 56.387 69.515 74.97 71.59 70.577 68.16 73.302 77.297 72.227 65.517 79.71 76.217 81.15 73.72
37.21 37.49 37.795 38.062 38.297 38.537 38.745 38.955 39.195 39.42 39.692 39.965 40.202 40.405 40.632 40.852 42.995 50.785 53.98 49.507 46.932 49.075 46.392 43.495 43.497 43.857 45.182 46.197 46.305 46.835 50.63 53.052 50.177 51.225 51.907 47.88 47.342 47.297 47.372 47.58 47.767 61.462 70.365 70.882 66.667 70.547 58.542 60.27 73.292 73.607 70.125 54.897 50.54 51.102 51.102 51.54 51.955 52.4 55.64 56.152 70.14 76.502 78.07 76.247 70.565 64.612 74.13 67.27 75.172 77.587 71.17 75.987 67.982
37.205 37.502 37.782 38.082 38.335 38.565 38.762 38.99 39.185 39.43 39.665 39.94 40.207 40.447 40.65 40.875 41.147 45.817 46.337 43.69 58.872 64.377 59.232 44.482 43.265 43.662 47.02 44.987 44.987 46.345 51.62 64.332 55.562 54.885 53.967 47.52 47.107 46.987 47.355 47.562 47.83 55.08 67.58 70.275 68.122 61.752 65.385 73.675 75.147 73.37 73.72 67.892 57.67 52.66 51.252 51.49 52.357 52.41 52.832 53.287 60.845 75.125 77.12 77.297 74.762 56.397 58.682 60.45 58.302 70.295 80.677 72.472 59.512
37.272 37.547 37.807 38.03 38.3 38.57 38.797 39.02 39.245 39.45 39.712 39.952 40.187 40.47 40.695 40.97 41.205 41.447 41.6 49.407 59.267 56.227 52.837 48.55 55.305 43.535 45.527 44.44 45.495 49.427 49.717 64.13 65.787 64.792 61.915 46.56 46.782 47.03 47.21 47.495 47.752 48.47 63.172 69.467 70.7 72.722 59.825 60.517 71.405 75.022 72.497 64.39 55.427 50.612 50.855 51.39 52 52.37 52.822 52.89 63.632 68.362 75.792 74.61 66.835 62.135 66.942 76.825 73.792 74.89 67.542 60.622 57.642
37.36 37.575 37.792 38.045 38.285 38.525 38.795 39.042 39.28 39.497 39.722 39.972 40.237 40.48 40.72 40.98 41.257 41.487 42.522 49.242 57.977 59.685 55.905 55.867 64.777 58.56 45.155 44.64 44.905 52.307 63.632 65.437 66.165 65.975 64.03 51.71 46.667 46.907 47.355 47.612 47.742 47.935 59.915 66.37 69.217 69.07 65.195 53.145 63.855 62.772 69.717 59.57 51.835 50.63 50.73 51.277 52.21 52.535 52.885 52.887 56.197 59.882 76.045 72.077 71.122 69.317 69.007 78.51 82.19 82.342 75.915 68.93 57.642
37.407 37.64 37.847 38.075 38.312 38.532 38.777 39.032 39.28 39.51 39.765 40.002 40.257 40.522 40.76 41.06 41.302 41.572 47.01 54.32 61.13 63.335 64.145 57.405 62.417 58.257 45.352 45.56 45.012 50.577 62.37 64.05 65.4 64.922 63.48 54.102 50.585 48.187 55.54 59.612 51.692 58.212 64.762 68.212 66.217 67.25 70.927 70.195 72.93 68.157 67.302 59.56 50.405 50.682 50.642 51.465 52.597 52.585 52.672 52.817 63.352 67.7 67.25 78.092 66.6 72.355 61.295 73.927 80.18 82.232 74.175 66.772 58.717
37.557 37.747 37.957 38.152 38.38 38.6 38.805 39.057 39.282 39.532 39.777 40.05 40.295 40.547 40.8 41.075 41.347 41.615 42.992 48.46 59.507 62.467 62.555 60.817 54.122 46.237 44.525 44.887 45.405 45.51 56.152 58.805 65.265 66.147 66.13 63.94 55.165 56.167 63.49 66.272 70.185 67.055 69.982 69.115 68.547 58.607 66.842 73.445 74.112 68.58 69.472 61.532 50.487 50.75 50.697 51.107 51.792 53.365 52.617 55.042 55.885 74.027 77.01 75.375 74.217 61.905 57.252 66.127 78.9 80.14 78.91 71.397 60.145
37.69 37.852 38.04 38.217 38.412 38.615 38.852 39.09 39.3 39.567 39.822 40.09 40.332 40.58 40.815 41.102 41.387 41.685 41.892 44.402 51.747 56.75 57.717 58.032 57.705 46.932 50.375 48.375 54.195 46.415 47.172 54.38 64.025 65.605 65.187 64.007 54.332 63.207 66.855 67.255 69.73 73.092 73.295 69.557 70.82 59.352 51.522 69.807 70.91 68.54 67.605 61.615 50.472 50.785 50.97 50.82 51.547 51.99 52.367 54.102 58.425 59.825 71.05 73.98 74.597 71.632 64.052 62.745 61.39 70.857 71.937 60.38 57.727
37.73 37.91 38.07 38.275 38.472 38.677 38.885 39.107 39.377 39.62 39.88 40.105 40.362 40.62 40.86 41.127 41.42 41.707 41.925 42.095 42.36 42.972 45.43 49.377 47.787 53.72 48.717 53.395 45.287 45.542 46.827 46.347 59.357 62.227 61.125 56.767 50.477 54.132 57.77 63.985 71.042 72.862 72.287 68.585 70.292 61.277 52.115 54.302 59.775 52.1 52.237 57.44 51.155 51.32 51.455 51.482 51.127 52.11 52.665 53.155 57.657 60.235 67.715 69.71 71.25 73.052 70.81 77.677 79.497 71.292 68.05 57.592 57.777
37.77 37.905 38.085 38.26 38.452 38.705 38.937 39.185 39.465 39.685 39.937 40.157 40.412 40.647 40.862 41.152 41.442 41.71 41.92 42.162 42.44 43.125 45.982 54.365 56.317 55.875 51.98 53.342 47.397 49.337 49.112 46.887 46.76 50.27 48.967 47.205 47.162 47.22 62.707 66.982 69.187 71.31 71.99 70.717 65.58 53.32 49.81 49.865 50.072 49.752 49.747 54.222 52.822 53.107 53.105 51.775 51.345 51.88 52.502 53.15 53.437 54.297 59.192 60.202 58.895 63.965 72.96 76.675 78.757 78.33 74.457 60.992 57.862
37.82 37.972 38.145 38.287 38.507 38.725 39.007 39.267 39.502 39.74 39.985 40.217 40.44 40.675 40.897 41.16 41.455 41.692 41.905 42.162 42.465 43.012 44.26 43.74 54.377 56.982 56.347 46.24 52.807 59.685 60.51 56.205 50.54 49.742 46.367 46.802 47.022 47.165 60.017 66.665 67.187 68.912 69.872 69.375 61.275 49.64 49.59 49.64 49.402 49.505 49.6 50.125 51.215 51.9 51.685 51.517 51.21 51.797 52.957 53.145 53.375 53.685 54.627 56.162 56.69 56.375 58.09 66.85 76.655 76.167 65.972 57.77 57.835
37.882 38.052 38.232 38.4 38.602 38.825 39.055 39.29 39.495 39.73 39.955 40.202 40.44 40.667 40.897 41.175 41.425 41.687 41.925 42.195 42.305 43.047 44.427 43.945 44.332 45.31 46.175 47.277 52.237 58.9 61.287 62.437 62.497 57.015 46.505 46.732 51.612 51.69 59.515 56.622 64.572 67.16 66.967 63.112 53.66 49.415 49.297 49.702 49.427 49.43 49.615 50.145 51.127 51.41 51.562 51.517 53.335 53.475 52.63 52.815 53.297 53.62 53.945 56.015 55.252 55.925 56.275 56.892 59.837 64.07 57.515 57.587 57.9
37.942 38.137 38.312 38.517 38.697 38.902 39.11 39.3 39.5 39.727 39.95 40.182 40.457 40.707 40.925 41.207 41.495 41.795 41.957 42.43 42.362 43.022 43.595 44.315 44.657 44.752 44.76 44.8 48.172 52.572 59.45 60.145 59.76 50.842 46.62 48.702 61.412 67.742 68.872 63.617 51.732 57.425 52.207 50.547 49.322 48.935 48.95 49.857 49.59 49.782 50.047 50.445 50.64 50.782 50.97 51.132 55.035 52.68 52.225 52.747 53.322 53.73 54 54.61 55.162 55.592 55.8 56.295 57.032 57.495 57.44 57.625 57.937
38.002 38.217 38.397 38.585 38.772 38.96 39.132 39.335 39.507 39.712 39.932 40.175 40.45 40.72 40.982 41.245 41.532 41.87 42.032 42.492 42.725 43.487 43.867 44.512 46.275 44.38 44.625 45.657 45.232 48.21 49.062 51.05 47.475 46.375 46.557 57.245 65.532 68.867 70.455 69.78 62.99 47.592 49.24 48.37 48.54 48.787 48.927 49.255 49.802 49.982 50.247 50.6 50.802 51.132 51.492 53.362 52.427 51.86 52.11 52.645 53.132 53.63 53.845 54.467 55.087 55.482 55.675 55.97 56.705 57.222 57.417 57.657 58.04
38.07 38.285 38.505 38.682 38.842 39.027 39.192 39.352 39.532 39.737 39.97 40.21 40.482 40.77 41.047 41.34 41.61 41.91 42.115 42.305 42.705 43.535 44.66 44.295 46.967 44.49 44.575 44.797 47.415 53.517 52.147 46.207 50.482 46.632 50.762 51.602 60.865 67.757 68.762 68.762 66.022 49.88 49.885 48.17 48.447 48.83 49.03 49.2 50.335 50.567 50.62 50.765 56.615 53.735 50.592 51.59 51.262 51.737 52.217 52.67 53.022 54.612 53.77 54.405 54.947 55.13 55.63 57.172 56.822 57.56 57.41 57.6 58.052
38.122 38.335 38.555 38.747 38.912 39.06 39.23 39.4 39.582 39.772 40.007 40.277 40.57 40.887 41.145 41.417 41.725 41.975 42.217 42.477 42.825 43.7 46.08 44.577 44.947 44.837 46.2 48.317 54.435 50.005 53.072 49.33 48.97 48.232 53.545 51.567 49.062 60.332 66.855 64.565 63.42 52.957 48 48.097 48.522 49.562 50.317 49.46 49.755 49.885 49.927 51.287 60.285 59.122 51.052 51.1 51.245 51.545 52.112 52.497 52.937 53.322 53.78 54.107 54.577 57.855 56.15 57.275 56.962 57.567 57.377 57.587 58.082
38.197 38.417 38.602 38.775 38.945 39.117 39.285 39.467 39.685 39.847 40.09 40.355 40.65 40.965 41.255 41.505 41.785 42.05 42.285 42.582 43.012 44.127 45.952 44.532 45.5 46.112 49.11 53.21 61.562 60.932 53.262 54.182 51.602 57.655 50.867 55.035 65.532 59.15 65.775 62.475 52.102 48.372 48.045 48.395 49.33 49.74 49.675 50.137 50.757 49.765 50.222 49.97 54.267 51.63 51.002 51.09 51.41 51.687 52.32 54.547 53.952 53.137 53.517 53.837 54.252 58.165 59.297 61.667 64.21 57.052 57.27 57.795 59.837
38.27 38.475 38.687 38.822 38.99 39.167 39.347 39.517 39.677 39.91 40.17 40.435 40.73 41.012 41.29 41.537 41.805 42.082 42.355 42.76 43.192 43.48 44.49 45.157 45.56 47.092 44.727 48.152 56.06 54.83 54.982 53.275 53.312 51.15 46.767 59.175 65.035 64.102 60.36 57.317 48.135 47.96 48.26 48.327 48.907 49.295 49.36 49.335 53.932 54.947 49.887 51.407 50.63 50.757 50.955 51.197 51.792 52.25 52.59 55.792 55.71 53.097 53.47 53.872 54.14 67.19 73.04 73.68 77.872 73.102 65.765 67.142 64.407
38.32 38.565 38.757 38.917 39.082 39.24 39.402 39.575 39.772 39.98 40.227 40.495 40.757 41.047 41.35 41.595 41.852 42.125 42.447 42.782 43.295 43.432 44.197 46.262 44.08 44.297 44.557 45.555 47.537 45.467 45.325 48.582 47.095 47.055 47.022 48.93 60.482 61.205 59.99 48.09 48.34 48.412 48.002 48.352 48.912 48.94 50.29 49.56 51.217 54.58 51.445 52.275 50.717 50.662 51.112 51.112 51.512 53.315 52.907 52.662 52.73 53.032 53.65 53.925 54.185 55.285 70.37 74.162 79.157 79.002 74.04 72.475 73.837
38.38 38.607 38.827 38.992 39.147 39.31 39.452 39.615 39.82 40.022 40.297 40.552 40.825 41.092 41.382 41.64 41.917 42.187 42.507 42.77 43.3 43.4 43.537 43.582 43.935 44.177 44.525 44.62 44.672 44.88 46.17 45.675 46.077 47.897 48.98 47.14 53.505 48.765 49.505 48.06 48.43 49.132 48.76 48.705 48.92 52.465 52.12 49.725 49.552 49.907 51.712 51.957 50.862 50.912 51.095 51.05 51.295 51.842 52.217 52.342 52.852 53.02 53.307 53.705 54.267 55.265 63.94 76.52 75.82 78.952 78.092 77.955 68.172
38.435 38.672 38.86 39.042 39.182 39.352 39.497 39.677 39.877 40.145 40.37 40.65 40.877 41.145 41.422 41.677 41.952 42.24 42.532 42.81 43.29 43.77 43.91 44.89 44.972 44.142 44.602 44.652 44.767 45.217 45.38 46.617 47.517 49.647 51.362 50.767 54.68 49.455 47.175 47.702 47.802 53.907 50.59 48.44 48.857 55.07 51.895 49.502 49.8 50.237 50.477 50.465 50.842 51.195 51.415 50.99 51.18 51.76 52.645 52.985 53.325 53.175 53.425 53.9 54.18 58.375 65.957 73.787 76.322 64.227 70.537 77.387 68.357
38.5 38.722 38.922 39.067 39.245 39.4 39.557 39.765 39.957 40.212 40.477 40.695 40.947 41.2 41.482 41.765 42.035 42.3 42.605 42.852 43.307 43.96 44.655 46.477 46.075 44.107 44.392 44.987 45.285 45.765 45.975 46.91 46.987 52.27 53.772 52.892 55.132 47.582 47.192 47.415 47.537 52.402 51.29 48.83 48.92 50.322 49.97 49.517 49.672 49.882 49.995 50.242 50.615 51.002 51.287 50.972 51.257 51.72 52.452 52.785 53.017 52.995 53.415 56.732 57.575 57.295 68.532 75.455 74.257 74.41 62.59 65.467 60.855
38.542 38.757 38.937 39.152 39.3 39.452 39.612 39.83 40.065 40.282 40.532 40.782 41.007 41.225 41.505 41.802 42.072 42.347 42.647 42.922 43.22 43.86 50.342 53.272 50.975 51.347 56.23 45.58 45.42 45.812 46.585 46.512 47.435 48.44 51.432 54.465 54.69 49.675 47.172 47.27 47.59 53.705 53.35 52.002 53.872 49.247 49.942 49.657 49.74 49.865 50.052 50.367 50.67 50.96 51.152 50.952 51.43 52.045 52.587 52.57 53.105 54.345 54.205 57.162 62.187 64.48 61.617 73.052 80.302 80.255 78.162 61.852 58.375
38.562 38.78 38.98 39.15 39.322 39.517 39.682 39.905 40.127 40.352 40.612 40.865 41.087 41.305 41.602 41.862 42.107 42.42 42.692 42.995 43.262 45.735 52.145 57.327 57.877 59.627 59.807 50.752 45.52 46.647 46.87 47.08 47.45 50.775 54.41 54.132 50.33 48.53 47.352 47.615 54.337 62.705 65.225 68.23 68.657 59.375 49.947 49.587 49.752 49.95 49.935 50.42 50.817 51.005 51.475 51.547 51.682 52.2 52.547 52.817 54.305 53.885 53.93 55.772 68.867 75.75 80.095 71.307 79.37 80.642 74.007 65.037 58.452
38.652 38.857 39.04 39.195 39.387 39.567 39.74 39.965 40.195 40.455 40.705 40.937 41.162 41.41 41.66 41.937 42.185 42.452 42.782 43.072 43.322 44.355 54.66 56.892 56.94 59.36 59.85 56.735 45.587 46.702 47.417 51.93 52.697 51.972 52.132 52.585 48.245 47.37 47.342 49.12 59.975 66.677 68.585 71.19 70.56 65.367 52.85 49.502 49.667 53.692 50.63 54.152 51.255 51.377 51.332 51.485 51.222 52.002 52.75 53.407 53.86 54.142 54.32 62.922 76.875 79.97 80.555 78.282 75.905 73.702 81.792 78.242 65.44
38.74 38.92 39.117 39.3 39.492 39.632 39.825 40.047 40.252 40.505 40.78 41.02 41.272 41.502 41.75 42.007 42.282 42.522 42.82 43.127 43.402 44.255 51.895 56.042 57.307 57.91 58.165 56.69 48.585 46.637 47.297 48.037 47.815 49.215 50.187 48.097 47.31 47.497 47.602 49.897 48.607 65.18 69.235 70.157 55.04 57.955 63.352 49.307 60.4 62.857 63.945 59.695 50.752 50.905 55.312 55.992 51.907 52.482 52.33 52.692 53.232 53.67 54.452 68.217 71.44 79.745 80.022 78.302 75.067 66.44 79.407 75.672 64.507
38.815 39.02 39.212 39.387 39.55 39.725 39.915 40.09 40.31 40.58 40.832 41.09 41.352 41.592 41.835 42.092 42.33 42.56 42.827 43.167 43.475 43.742 46.037 54.232 55.662 56.157 56.762 51.455 46.21 47.345 46.272 46.1 46.34 46.485 46.687 46.82 47.257 47.337 47.555 47.637 47.877 52.8 61.75 65.52 70.445 67.457 68.947 64.832 64.382 74.362 75.915 71.332 57.725 65.405 71.417 68.335 65.887 60.662 54.545 52.957 53.395 54.172 54.467 64.285 78.065 76.335 72.982 68.387 58.645 57.657 60.45 65.187 61.347
38.92 39.1 39.27 39.457 39.65 39.83 39.977 40.157 40.392 40.607 40.902 41.14 41.407 41.65 41.907 42.132 42.365 42.635 42.882 43.195 43.512 43.837 44.022 50.507 55.085 55.515 52.39 49.505 45.46 45.667 45.752 46.067 46.092 46.482 46.712 47.052 47.26 48.07 47.857 47.89 48.182 53.83 59.722 69.957 71.322 73.772 72.157 68.757 68.417 70.65 72.487 76.672 72.082 63.72 75.39 78.027 77.707 69.32 57.842 53.387 53.6 54.272 54.24 54.76 58.817 63.237 58.457 58.847 62.042 57.82 60.37 65.187 64.167
38.985 39.135 39.34 39.497 39.712 39.89 40.062 40.255 40.455 40.655 40.897 41.15 41.382 41.69 41.927 42.17 42.412 42.695 42.955 43.215 43.55 43.907 44.185 44.535 46.447 47.89 47.01 45.547 45.555 45.767 45.94 45.727 45.95 46.202 46.682 46.952 47.332 52.76 49.122 49.465 55.142 62.077 69.165 71.162 72.59 68.29 70.727 59.617 63.905 75.51 76.177 70.847 73.145 72.012 74.332 77.47 78.462 76.822 67.515 54.485 53.712 54.145 54.34 54.742 55.572 56.382 56.837 57.082 57.567 57.965 58.315 61.615 62.967
39.03 39.177 39.367 39.567 39.755 39.955 40.137 40.33 40.502 40.705 40.922 41.147 41.39 41.66 41.945 42.202 42.457 42.747 43.042 43.305 43.645 43.98 44.29 44.46 44.772 46.817 46.517 45.437 45.415 45.542 45.735 45.915 45.937 46.17 46.562 46.97 48.365 51.492 54.527 47.93 60.99 74.182 69.942 61.032 62.805 66.66 71.395 61.795 52.765 69.67 74.542 75.112 70.757 66.51 71.625 77.015 74.48 76.142 61.52 53 53.872 54.202 54.665 57.622 55.23 56.212 56.575 57.185 57.697 58.242 58.737 59.237 59.167
39.06 39.227 39.402 39.597 39.832 39.995 40.215 40.4 40.585 40.8 41.017 41.195 41.435 41.687 41.937 42.217 42.535 42.822 43.122 43.442 43.762 44.085 44.377 44.56 46.495 50.202 53.327 52.807 54.2 59.87 53.905 46.835 46.27 46.225 46.357 46.882 50.497 59.417 69.25 57.727 66.217 73.955 73.492 71.655 70.397 70.365 72.787 62.03 56.245 55.467 73.482 74.732 74.465 71.357 56.777 71.39 72.845 67.115 57.855 53.337 53.88 54.135 54.382 54.682 55.207 55.792 56.582 57.295 57.852 58.227 58.545 58.707 59.145
