All_lidar/sz5693_DSM_2M.asc
ncols 500
nrows 500
xllcorner    456000
yllcorner    93000
cellsize     2
NODATA_value -9999
[rows 363 to 395 of 500, columns 292 to 364 of 500]
-1.975 -1.746 -1.794 -1.776 -2.135 -2.075 -2.048 -1.784 -1.782 -2.085 -2.083 -2.03 -1.978 -1.998 -2.04 -2.005 -2.035 -1.998 -1.998 -2.018 -2.038 -2.028 -2.025 -2.06 -2.033 -2.043 -2.038 -2.05 -2.028 -2.02 -1.948 -1.684 -1.51 -1.229 -1.171 -1.392 -1.505 -1.405 -1.727 -1.785 -1.771 -1.796 -1.667 -1.677 -1.793 -1.778 -1.785 -1.795 -1.649 -1.786 -1.678 -1.768 -2.025 -1.771 -1.498 -1.322 -1.444 -1.487 -1.48 -1.418 -1.246 -1.066 -0.875 -0.728 -0.86 -0.97 -0.949 -0.982 -0.887 -0.724 -0.52 -0.321 -0.177
-2.018 -1.768 -2.058 -2.05 -2.025 -2.023 -2.008 -2.048 -2.03 -1.786 -2.105 -2.01 -2.01 -2.01 -2.095 -2.005 -2.033 -1.96 -2.008 -2.045 -2 -2.005 -2.015 -2.028 -2.07 -2.005 -2.06 -2.01 -2.065 -2.033 -1.97 -1.71 -1.53 -1.263 -1.267 -1.372 -1.449 -1.508 -1.456 -1.552 -1.523 -1.52 -1.471 -1.778 -2.035 -2.048 -1.995 -2.02 -1.715 -1.668 -1.757 -1.993 -1.998 -1.748 -1.506 -1.264 -1.258 -1.259 -1.213 -1.215 -1.087 -0.901 -0.698 -0.584 -0.674 -0.674 -0.674 -0.694 -0.611 -0.51 -0.335 -0.153 -0.003
-2.013 -2.04 -2.05 -2.003 -2.018 -2.013 -2.043 -1.993 -2.015 -2.045 -1.806 -1.788 -1.775 -1.81 -1.774 -2.07 -2.03 -2.038 -2.033 -1.782 -1.753 -2.005 -2.015 -2.055 -2.003 -2.058 -2.033 -2.008 -2.02 -2.028 -2.033 -1.728 -1.625 -1.396 -1.347 -1.587 -1.717 -1.686 -1.629 -1.45 -1.293 -1.457 -1.639 -1.749 -2.008 -2.01 -2.005 -2.043 -1.783 -1.779 -2.028 -2.043 -1.742 -1.647 -1.454 -1.183 -1.051 -1.207 -1.283 -1.248 -1.138 -1.068 -0.979 -0.784 -0.567 -0.412 -0.466 -0.48 -0.343 -0.256 -0.131 0.023 0.233
-2.06 -2.053 -2.033 -2.018 -1.985 -2.02 -2.038 -2.035 -2.033 -2.03 -2.035 -1.785 -1.744 -1.854 -1.831 -2.05 -2.048 -1.804 -1.768 -1.723 -1.797 -2.02 -2.013 -2.035 -2.043 -2.03 -1.99 -2.055 -2.038 -2.02 -2.05 -2.07 -1.764 -1.634 -1.456 -1.725 -2.043 -2.025 -1.757 -1.484 -1.508 -1.64 -1.729 -2.043 -2.018 -2.025 -2.033 -1.776 -1.794 -2.028 -1.96 -1.775 -1.668 -1.478 -1.254 -1.081 -1.276 -1.465 -1.542 -1.527 -1.465 -1.285 -1.112 -0.889 -0.599 -0.39 -0.259 -0.226 -0.121 -0.07 0.035 0.006 0.017
-2.02 -2.1 -2.103 -2.038 -2.055 -2.06 -2.058 -2.018 -2.023 -2.013 -2.035 -1.985 -2.013 -2.03 -1.713 -1.79 -2.06 -2.085 -1.78 -1.79 -2.013 -1.985 -2.038 -2.01 -2.075 -2.063 -1.792 -1.805 -1.803 -1.739 -2.078 -2.053 -2.075 -1.819 -1.519 -1.652 -1.734 -1.715 -1.632 -1.775 -1.72 -1.735 -1.958 -2.02 -2.045 -1.8 -1.794 -2.035 -2.065 -2.03 -2.053 -1.777 -1.511 -1.284 -1.061 -1.182 -1.416 -1.66 -1.766 -1.752 -1.671 -1.475 -1.205 -0.982 -0.728 -0.493 -0.214 -0.077 -0.188 -0.247 -0.268 -0.237 -0.228
-2.035 -2.055 -2.033 -1.998 -2.045 -2.085 -2.035 -2.055 -2.085 -2.068 -1.98 -1.773 -2.04 -2.033 -2.04 -1.782 -1.98 -2.023 -2.103 -2.07 -2.018 -2.048 -2.01 -2.045 -2.068 -2.028 -1.77 -1.484 -1.821 -2.033 -2.015 -2.013 -2.073 -1.781 -1.777 -1.773 -1.741 -1.694 -1.783 -2.015 -2.093 -1.752 -1.746 -2.04 -2.033 -2.03 -1.995 -2.018 -2.015 -2.053 -2.098 -1.8 -1.544 -1.237 -1.094 -1.221 -1.51 -1.771 -2.003 -1.948 -1.735 -1.467 -1.217 -0.996 -0.78 -0.545 -0.291 -0.357 -0.449 -0.458 -0.486 -0.45 -0.466
-2.003 -2.078 -2.055 -1.995 -1.99 -2.055 -2.02 -2.045 -2.06 -2.068 -2.033 -1.796 -2.063 -2.008 -2.045 -2.083 -2.023 -1.774 -1.76 -2.04 -2.015 -1.99 -2.018 -2.038 -2.048 -2.005 -1.716 -1.588 -1.738 -2.02 -2.045 -2.043 -2.05 -1.752 -2.015 -2.013 -2.058 -1.799 -1.745 -2.005 -2.008 -2.07 -1.77 -1.777 -2.015 -2.005 -2.008 -1.983 -1.998 -2.053 -1.768 -1.855 -1.646 -1.463 -1.31 -1.484 -1.493 -1.662 -1.766 -1.737 -1.662 -1.446 -1.174 -0.922 -0.671 -0.504 -0.451 -0.587 -0.707 -0.706 -0.759 -0.764 -0.721
-1.998 -2.058 -2.038 -2.04 -2.025 -2.078 -2.048 -2.03 -2.063 -1.817 -2.068 -1.769 -1.853 -2.07 -2.075 -1.988 -2.025 -1.771 -1.654 -1.749 -1.998 -2.003 -1.99 -2.01 -2.04 -2.013 -1.687 -1.688 -1.975 -2.03 -2.02 -2.01 -1.75 -1.985 -2.013 -1.988 -2.023 -1.754 -2.015 -2.045 -2.053 -2.03 -1.748 -1.754 -2.043 -2.04 -1.99 -2.013 -1.712 -1.801 -2.015 -2.073 -1.773 -1.543 -1.478 -1.712 -1.77 -1.676 -1.469 -1.513 -1.39 -1.294 -1.069 -0.85 -0.644 -0.367 -0.547 -0.765 -0.91 -1.009 -0.967 -0.985 -0.973
-1.968 -1.973 -2.048 -2.083 -2.07 -2.035 -2.043 -2.018 -1.743 -1.776 -1.792 -1.819 -2.063 -2.043 -2.053 -2.01 -2.023 -1.824 -1.782 -1.617 -1.683 -1.995 -1.948 -1.973 -1.978 -1.913 -1.923 -1.645 -1.945 -1.973 -1.968 -1.742 -2.013 -1.958 -1.97 -1.985 -1.724 -1.99 -2.035 -2.043 -1.775 -1.769 -1.77 -1.654 -1.804 -1.983 -1.988 -1.753 -1.6 -1.733 -2.075 -1.793 -1.649 -1.439 -1.527 -1.765 -2.043 -1.775 -1.731 -1.677 -1.415 -1.209 -0.974 -0.738 -0.524 -0.532 -0.711 -0.907 -1.097 -1.221 -1.315 -1.234 -1.224
-1.895 -1.958 -2.008 -2.005 -2 -2 -2.04 -2.008 -2.045 -2.02 -2.05 -2.028 -2.023 -2.053 -2.06 -2.065 -2.05 -2.095 -2.078 -1.702 -1.672 -1.93 -1.948 -1.938 -1.667 -1.908 -1.858 -1.618 -1.933 -1.955 -1.963 -1.955 -1.955 -1.958 -1.95 -1.672 -1.678 -1.948 -2.035 -2.065 -1.768 -2.085 -2.043 -1.787 -1.685 -1.76 -1.75 -1.8 -1.665 -1.627 -1.762 -1.724 -1.435 -1.429 -1.658 -1.757 -2.078 -2.068 -2.013 -1.759 -1.508 -1.221 -1 -0.744 -0.524 -0.667 -0.882 -1.026 -1.246 -1.438 -1.553 -1.57 -1.465
-1.898 -1.9 -1.905 -1.933 -1.985 -2.003 -2.02 -1.998 -2.03 -2.013 -2.055 -2.023 -2.043 -2.02 -2.058 -2.055 -2.078 -2.033 -2.003 -1.965 -1.639 -1.638 -1.895 -1.628 -1.632 -1.596 -1.551 -1.482 -1.633 -1.94 -1.953 -1.965 -1.691 -1.935 -1.724 -1.577 -1.568 -1.698 -2.008 -1.782 -1.639 -1.77 -2.008 -2.06 -1.753 -1.753 -2.028 -2.03 -1.802 -1.527 -1.521 -1.364 -1.276 -1.473 -1.716 -2.04 -2.048 -2.083 -2.115 -1.794 -1.594 -1.3 -1.02 -0.748 -0.437 -0.69 -0.95 -1.225 -1.411 -1.588 -1.728 -1.788 -1.667
-1.895 -1.86 -1.818 -1.87 -1.875 -1.905 -1.983 -2.005 -1.97 -1.993 -2.028 -2.03 -2.005 -2 -2.005 -2.018 -2.005 -2.053 -2.005 -1.923 -1.893 -1.607 -1.614 -1.855 -1.845 -1.562 -1.79 -1.547 -1.604 -1.65 -1.684 -1.671 -1.554 -1.678 -1.528 -1.351 -1.339 -1.55 -1.712 -1.684 -1.421 -1.685 -1.77 -1.777 -1.652 -1.752 -2.03 -2.068 -1.813 -1.533 -1.238 -1.036 -1.162 -1.502 -1.788 -2 -1.988 -2.038 -1.769 -1.691 -1.497 -1.278 -0.995 -0.704 -0.427 -0.659 -0.935 -1.238 -1.529 -1.754 -1.995 -2.005 -1.727
-1.86 -1.813 -1.77 -1.818 -1.83 -1.87 -1.92 -1.913 -1.953 -1.97 -2.01 -1.995 -2.018 -2.018 -2.038 -2.008 -2.025 -1.99 -1.955 -1.94 -1.898 -1.835 -1.835 -1.82 -1.78 -1.758 -1.775 -1.808 -1.833 -1.933 -1.883 -1.898 -1.666 -1.393 -1.337 -1.236 -1.234 -1.333 -1.418 -1.445 -1.25 -1.453 -1.539 -1.499 -1.473 -1.752 -2.043 -2.045 -1.769 -1.53 -1.28 -0.885 -1.105 -1.501 -1.767 -2.045 -2.01 -2.018 -1.774 -1.486 -1.299 -1.125 -0.938 -0.791 -0.51 -0.704 -0.979 -1.204 -1.492 -1.736 -2.02 -1.995 -1.737
-1.893 -1.808 -1.775 -1.753 -1.763 -1.803 -1.855 -1.873 -1.928 -1.943 -1.958 -1.978 -1.963 -1.973 -1.97 -1.993 -2 -1.978 -1.898 -1.905 -1.584 -1.803 -1.78 -1.763 -1.76 -1.738 -1.745 -1.775 -1.823 -1.878 -1.873 -1.9 -1.65 -1.649 -1.578 -1.407 -1.462 -1.476 -1.489 -1.445 -1.426 -1.537 -1.418 -1.452 -1.359 -1.659 -1.771 -1.767 -1.667 -1.431 -1.18 -0.832 -1.169 -1.471 -1.685 -1.792 -1.765 -1.736 -1.66 -1.495 -1.476 -1.282 -1.116 -0.884 -0.627 -0.787 -1.002 -1.204 -1.421 -1.65 -1.792 -1.725 -1.644
-1.878 -1.87 -1.828 -1.748 -1.75 -1.76 -1.818 -1.87 -1.868 -1.91 -1.908 -1.913 -1.915 -1.96 -1.978 -1.706 -1.948 -1.918 -1.644 -1.589 -1.818 -1.783 -1.693 -1.713 -1.493 -1.475 -1.743 -1.735 -1.818 -1.815 -1.875 -1.898 -1.908 -1.885 -1.658 -1.677 -1.736 -1.787 -1.772 -1.685 -1.721 -1.797 -1.737 -1.719 -1.623 -1.373 -1.515 -1.493 -1.45 -1.317 -1.295 -1.191 -1.075 -1.283 -1.491 -1.527 -1.515 -1.681 -1.727 -1.755 -1.609 -1.431 -1.198 -0.949 -0.703 -0.656 -0.947 -1.14 -1.337 -1.432 -1.5 -1.496 -1.429
-1.823 -1.823 -1.815 -1.773 -1.793 -1.778 -1.778 -1.795 -1.607 -1.621 -1.848 -1.893 -1.9 -1.898 -1.915 -1.933 -1.89 -1.9 -1.893 -1.813 -1.758 -1.735 -1.413 -1.416 -1.342 -1.483 -1.71 -1.783 -1.765 -1.773 -1.833 -1.581 -1.85 -1.868 -1.89 -1.938 -1.965 -2 -1.99 -1.781 -1.776 -2.058 -2.063 -2.01 -1.746 -1.52 -1.371 -1.402 -1.51 -1.462 -1.522 -1.431 -1.261 -1.21 -1.191 -1.192 -1.475 -1.813 -2.05 -2.053 -1.736 -1.481 -1.182 -0.984 -0.735 -0.543 -0.714 -0.945 -1.108 -1.225 -1.269 -1.285 -1.245
-1.815 -1.828 -1.798 -1.778 -1.773 -1.773 -1.763 -1.78 -1.556 -1.835 -1.615 -1.85 -1.878 -1.873 -1.9 -1.86 -1.88 -1.9 -1.84 -1.775 -1.708 -1.388 -1.308 -1.364 -1.405 -1.442 -1.68 -1.695 -1.71 -1.758 -1.785 -1.815 -1.85 -1.885 -1.883 -1.913 -1.928 -1.935 -1.995 -1.704 -1.988 -1.995 -2.015 -1.743 -1.77 -1.779 -1.657 -1.732 -1.745 -1.725 -1.753 -1.633 -1.523 -1.529 -1.4 -1.216 -1.409 -1.615 -1.72 -2.02 -1.769 -1.489 -1.214 -1.057 -0.781 -0.536 -0.539 -0.754 -0.895 -0.977 -1.024 -1.025 -0.97
-1.805 -1.793 -1.773 -1.75 -1.748 -1.718 -1.504 -1.481 -1.75 -1.768 -1.805 -1.773 -1.833 -1.875 -1.86 -1.798 -1.803 -1.825 -1.77 -1.753 -1.653 -1.373 -1.344 -1.535 -1.603 -1.377 -1.426 -1.668 -1.728 -1.723 -1.743 -1.75 -1.79 -1.823 -1.87 -1.875 -1.923 -1.9 -1.685 -1.703 -1.915 -1.968 -1.99 -2.008 -2.028 -2.075 -1.805 -1.801 -2.078 -2.018 -2.033 -1.759 -1.762 -1.762 -1.617 -1.429 -1.232 -1.356 -1.633 -1.783 -1.686 -1.468 -1.166 -0.896 -0.733 -0.475 -0.354 -0.519 -0.625 -0.757 -0.738 -0.882 -1.108
-1.795 -1.8 -1.768 -1.763 -1.748 -1.745 -1.723 -1.688 -1.648 -1.723 -1.743 -1.733 -1.783 -1.77 -1.778 -1.79 -1.77 -1.765 -1.72 -1.658 -1.635 -1.605 -1.308 -1.503 -1.545 -1.535 -1.371 -1.6 -1.643 -1.68 -1.708 -1.713 -1.75 -1.82 -1.581 -1.858 -1.89 -1.905 -1.665 -1.955 -1.928 -1.928 -1.935 -1.973 -1.998 -2.033 -1.795 -1.801 -2.028 -1.993 -1.988 -1.773 -2.015 -2.053 -1.73 -1.498 -1.138 -1.207 -1.351 -1.485 -1.46 -1.306 -0.942 -0.777 -0.669 -0.362 -0.141 -0.332 -0.413 -0.466 -0.685 -0.972 -1.23
-1.79 -1.536 -1.765 -1.77 -1.768 -1.713 -1.725 -1.668 -1.633 -1.638 -1.635 -1.433 -1.479 -1.745 -1.723 -1.703 -1.688 -1.458 -1.68 -1.598 -1.585 -1.55 -1.243 -1.398 -1.46 -1.525 -1.312 -1.346 -1.6 -1.638 -1.663 -1.695 -1.753 -1.76 -1.579 -1.865 -1.89 -1.893 -1.665 -1.855 -1.86 -1.665 -1.669 -1.684 -1.734 -1.719 -1.639 -1.658 -1.792 -2.01 -1.975 -1.74 -2.113 -2.098 -1.778 -1.517 -1.241 -1.072 -1.141 -1.233 -1.188 -1.005 -0.785 -0.678 -0.536 -0.314 -0.051 -0.075 -0.223 -0.422 -0.723 -0.98 -1.234
-1.489 -1.485 -1.743 -1.73 -1.725 -1.68 -1.663 -1.628 -1.623 -1.58 -1.595 -1.355 -1.287 -1.395 -1.417 -1.413 -1.42 -1.372 -1.543 -1.54 -1.548 -1.48 -1.186 -1.181 -1.222 -1.473 -1.271 -1.204 -1.281 -1.538 -1.593 -1.428 -1.48 -1.511 -1.755 -1.81 -1.87 -1.845 -1.855 -1.825 -1.828 -1.61 -1.42 -1.448 -1.434 -1.431 -1.355 -1.43 -1.652 -1.746 -1.771 -1.786 -1.798 -1.782 -1.613 -1.409 -1.183 -0.909 -0.943 -0.982 -0.971 -0.844 -0.73 -0.574 -0.425 -0.206 0.046 0.061 -0.199 -0.428 -0.717 -0.956 -1.173
-1.718 -1.725 -1.713 -1.703 -1.703 -1.68 -1.645 -1.613 -1.57 -1.56 -1.545 -1.548 -1.336 -1.263 -1.246 -1.372 -1.371 -1.56 -1.53 -1.485 -1.42 -1.171 -1.053 -1.183 -1.385 -1.433 -1.445 -1.239 -1.24 -1.478 -1.515 -1.575 -1.409 -1.678 -1.72 -1.785 -1.825 -1.813 -1.825 -1.815 -1.803 -1.585 -1.377 -1.387 -1.387 -1.335 -1.237 -1.23 -1.398 -1.449 -1.743 -2.018 -2.005 -1.737 -1.642 -1.393 -1.184 -0.934 -0.695 -0.708 -0.707 -0.55 -0.545 -0.399 -0.253 -0.066 0.155 0.074 -0.178 -0.422 -0.657 -0.87 -1.055
-1.72 -1.718 -1.685 -1.67 -1.66 -1.635 -1.568 -1.338 -1.578 -1.495 -1.5 -1.523 -1.53 -1.307 -1.321 -1.548 -1.565 -1.543 -1.52 -1.478 -1.201 -1.145 -1.101 -1.315 -1.333 -1.373 -1.214 -1.141 -1.218 -1.463 -1.503 -1.57 -1.346 -1.372 -1.668 -1.708 -1.536 -1.783 -1.768 -1.803 -1.493 -1.549 -1.494 -1.607 -1.642 -1.519 -1.424 -1.362 -1.383 -1.424 -1.713 -1.963 -1.732 -1.973 -1.714 -1.473 -1.206 -0.961 -0.675 -0.533 -0.443 -0.422 -0.325 -0.175 -0.033 0.123 0.175 0.084 -0.117 -0.329 -0.533 -0.743 -0.909
-1.705 -1.668 -1.668 -1.63 -1.623 -1.593 -1.555 -1.52 -1.285 -1.51 -1.51 -1.53 -1.515 -1.488 -1.535 -1.553 -1.555 -1.543 -1.49 -1.203 -1.156 -1.308 -1.295 -1.303 -1.335 -1.35 -1.167 -1.154 -1.089 -1.234 -1.277 -1.291 -1.292 -1.289 -1.358 -1.429 -1.454 -1.73 -1.713 -1.494 -1.748 -1.77 -1.552 -1.84 -1.913 -1.599 -1.656 -1.563 -1.622 -1.632 -1.672 -1.955 -1.933 -1.665 -1.585 -1.388 -1.267 -1.057 -0.834 -0.704 -0.53 -0.343 -0.127 0.12 0.07 0.036 -0.022 -0.157 -0.27 -0.227 -0.351 -0.539 -0.679
-1.62 -1.635 -1.643 -1.6 -1.633 -1.59 -1.54 -1.5 -1.234 -1.473 -1.473 -1.49 -1.503 -1.523 -1.525 -1.55 -1.523 -1.51 -1.253 -1.205 -1.363 -1.323 -1.318 -1.288 -1.288 -1.111 -1.328 -1.323 -1.129 -1.42 -1.463 -1.515 -1.518 -1.515 -1.603 -1.633 -1.65 -1.431 -1.427 -1.447 -1.723 -1.713 -1.485 -1.534 -1.813 -1.813 -1.88 -1.659 -1.893 -1.938 -1.658 -1.905 -1.614 -1.546 -1.65 -1.551 -1.367 -1.211 -1.003 -0.79 -0.592 -0.366 -0.129 0.026 -0.124 -0.264 -0.335 -0.439 -0.488 -0.458 -0.465 -0.428 -0.529
-1.633 -1.605 -1.58 -1.58 -1.593 -1.56 -1.533 -1.465 -1.228 -1.485 -1.48 -1.465 -1.473 -1.505 -1.54 -1.51 -1.52 -1.254 -1.251 -1.39 -1.333 -1.29 -1.255 -1.23 -1.265 -1.243 -1.31 -1.328 -1.121 -1.136 -1.378 -1.468 -1.493 -1.53 -1.55 -1.56 -1.598 -1.375 -1.39 -1.367 -1.447 -1.7 -1.485 -1.388 -1.517 -1.798 -1.85 -1.645 -1.893 -1.89 -1.637 -1.676 -1.557 -1.659 -1.87 -1.65 -1.53 -1.333 -1.086 -0.932 -0.722 -0.446 -0.167 -0.144 -0.309 -0.489 -0.642 -0.684 -0.696 -0.647 -0.704 -0.712 -0.655
-1.578 -1.595 -1.563 -1.585 -1.548 -1.523 -1.535 -1.47 -1.24 -1.243 -1.46 -1.453 -1.503 -1.47 -1.475 -1.495 -1.498 -1.261 -1.183 -1.36 -1.3 -1.248 -1.007 -1.22 -1.2 -1.243 -1.26 -1.3 -1.123 -1.136 -1.365 -1.38 -1.443 -1.46 -1.528 -1.55 -1.322 -1.558 -1.57 -1.613 -1.465 -1.466 -1.466 -1.478 -1.374 -1.512 -1.501 -1.579 -1.606 -1.552 -1.616 -1.653 -1.506 -1.625 -1.87 -1.885 -1.606 -1.341 -1.111 -0.938 -0.734 -0.491 -0.198 -0.352 -0.563 -0.714 -0.807 -0.884 -0.861 -0.843 -0.911 -0.869 -0.836
-1.55 -1.555 -1.565 -1.56 -1.545 -1.525 -1.485 -1.458 -1.232 -1.468 -1.473 -1.463 -1.478 -1.272 -1.458 -1.463 -1.45 -1.265 -1.218 -1.363 -1.293 -1.238 -0.97 -0.95 -1.153 -1.205 -1.223 -1.065 -1.288 -1.278 -1.298 -1.36 -1.425 -1.498 -1.488 -1.49 -1.295 -1.51 -1.553 -1.62 -1.655 -1.453 -1.66 -1.688 -1.424 -1.355 -1.498 -1.79 -1.571 -1.589 -1.858 -1.875 -1.636 -1.649 -1.898 -1.601 -1.502 -1.299 -1.075 -0.872 -0.616 -0.394 -0.27 -0.469 -0.649 -0.829 -1.004 -1.122 -1.151 -1.139 -1.098 -0.938 -0.895
-1.56 -1.543 -1.543 -1.535 -1.55 -1.515 -1.495 -1.473 -1.46 -1.47 -1.495 -1.485 -1.475 -1.27 -1.252 -1.503 -1.463 -1.204 -1.184 -1.35 -1.31 -1.22 -0.941 -1.125 -1.11 -1.16 -1.208 -0.995 -1.233 -1.263 -1.265 -1.114 -1.373 -1.458 -1.425 -1.435 -1.229 -1.26 -1.528 -1.593 -1.628 -1.402 -1.648 -1.67 -1.71 -1.438 -1.745 -1.75 -1.803 -1.543 -1.815 -1.81 -1.823 -1.604 -1.615 -1.522 -1.321 -1.124 -0.924 -0.812 -0.603 -0.41 -0.32 -0.553 -0.759 -0.988 -1.19 -1.347 -1.403 -1.366 -1.394 -1.295 -1.17
-1.498 -1.483 -1.51 -1.274 -1.503 -1.468 -1.478 -1.423 -1.353 -1.428 -1.45 -1.458 -1.468 -1.274 -1.239 -1.508 -1.485 -1.43 -1.395 -1.295 -1.073 -0.989 -0.935 -1.078 -1.098 -1.123 -1.148 -0.932 -1.218 -1.26 -1.33 -1.144 -1.423 -1.425 -1.403 -1.184 -1.16 -1.172 -1.223 -1.348 -1.373 -1.395 -1.635 -1.69 -1.698 -1.472 -1.753 -1.735 -1.743 -1.75 -1.773 -1.755 -1.83 -1.598 -1.504 -1.578 -1.511 -1.328 -1.134 -0.927 -0.716 -0.476 -0.503 -0.611 -0.845 -1.066 -1.305 -1.511 -1.643 -1.624 -1.591 -1.512 -1.335
-1.465 -1.463 -1.48 -1.488 -1.488 -1.473 -1.448 -1.393 -1.365 -1.355 -1.403 -1.413 -1.413 -1.188 -1.196 -1.47 -1.415 -1.435 -1.37 -1.083 -0.937 -0.891 -0.902 -1.065 -1.043 -1.063 -0.913 -1.13 -1.19 -1.24 -1.091 -1.166 -1.385 -1.157 -1.149 -1.099 -1.273 -1.37 -1.223 -1.215 -1.296 -1.61 -1.635 -1.65 -1.445 -1.693 -1.725 -1.75 -1.73 -1.71 -1.743 -1.748 -1.54 -1.45 -1.574 -1.83 -1.589 -1.465 -1.29 -1.054 -0.775 -0.509 -0.687 -0.792 -0.945 -1.135 -1.33 -1.573 -1.865 -1.89 -1.868 -1.651 -1.383
-1.438 -1.435 -1.448 -1.438 -1.458 -1.413 -1.43 -1.393 -1.36 -1.345 -1.338 -1.343 -1.335 -1.133 -1.363 -1.375 -1.375 -1.353 -1.315 -1.24 -1.032 -0.958 -1.085 -1.013 -1.04 -0.848 -0.898 -1.153 -1.22 -1.27 -1.285 -1.323 -1.345 -1.36 -1.338 -1.318 -1.288 -1.32 -1.41 -1.249 -1.305 -1.545 -1.598 -1.635 -1.4 -1.43 -1.67 -1.685 -1.7 -1.511 -1.563 -1.534 -1.446 -1.541 -1.818 -1.808 -1.783 -1.558 -1.333 -1.032 -0.649 -0.549 -0.862 -0.991 -1.072 -1.261 -1.455 -1.57 -1.815 -1.833 -1.898 -1.629 -1.371
-1.395 -1.41 -1.415 -1.435 -1.42 -1.393 -1.355 -1.333 -1.295 -1.338 -1.33 -1.295 -1.049 -1.057 -1.308 -1.258 -1.283 -1.285 -1.036 -0.979 -1.188 -1.138 -1.043 -1.02 -1.018 -0.885 -0.898 -1.173 -1.043 -1.047 -1.091 -1.081 -1.265 -1.315 -1.26 -1.245 -1.258 -1.318 -1.125 -1.425 -1.468 -1.52 -1.57 -1.598 -1.403 -1.414 -1.394 -1.64 -1.452 -1.374 -1.286 -1.286 -1.443 -1.544 -1.79 -1.773 -1.532 -1.452 -1.188 -0.891 -0.621 -0.852 -1.066 -1.205 -1.277 -1.287 -1.509 -1.743 -1.783 -1.78 -1.599 -1.531 -1.305
