All_lidar/sz5686_DSM_2M.asc
ncols 500
nrows 500
xllcorner    456000
yllcorner    86000
cellsize     2
NODATA_value -9999
[rows 352 to 383 of 500, columns 0 to 71 of 500]
18.096 18.026 17.979 17.876 17.806 17.714 17.644 17.584 17.541 17.456 17.374 17.304 17.236 17.149 17.061 17.006 16.911 16.836 16.736 16.686 16.574 16.511 16.436 16.309 16.271 16.199 16.091 16.026 15.931 15.819 15.746 15.676 15.606 15.549 15.496 15.429 15.346 15.324 15.284 15.256 15.266 15.204 15.131 15.104 15.064 15.004 14.924 14.849 14.744 14.531 14.169 13.471 13.404 13.464 13.169 12.929 12.834 12.864 12.929 12.624 12.841 12.474 12.724 13.741 13.549 14.516 14.029 13.461 13.554 12.944 12.764 12.469
18.079 18.021 17.931 17.854 17.776 17.674 17.626 17.594 17.506 17.416 17.354 17.291 17.219 17.124 17.066 16.991 16.911 16.841 16.734 16.674 16.561 16.506 16.416 16.341 16.269 16.186 16.114 16.021 15.916 15.809 15.751 15.674 15.651 15.574 15.496 15.421 15.359 15.361 15.354 15.286 15.231 15.211 15.184 15.119 15.071 15.016 14.959 14.824 14.706 14.649 14.536 15.986 13.326 13.309 13.241 13.011 12.774 12.819 12.741 12.976 12.549 12.404 12.656 13.244 13.036 14.086 13.834 13.479 13.396 13.156 12.814 12.436
18.064 17.974 17.906 17.791 17.751 17.684 17.641 17.514 17.469 17.404 17.331 17.261 17.206 17.121 17.044 16.969 16.911 16.826 16.729 16.659 16.566 16.494 16.434 16.309 16.264 16.169 16.076 16.026 15.934 15.826 15.771 15.704 15.621 15.544 15.479 15.421 15.401 15.401 15.366 15.284 15.259 15.239 15.171 15.119 15.076 15.001 14.954 14.864 14.776 14.649 14.566 15.721 14.081 13.156 13.176 13.064 13.029 12.951 12.801 12.804 12.746 12.529 13.529 12.706 12.801 12.836 13.104 13.096 13.266 13.011 12.569 12.586
18.014 17.956 17.896 17.796 17.721 17.624 17.574 17.504 17.459 17.399 17.331 17.279 17.181 17.104 17.031 16.939 16.889 16.794 16.706 16.661 16.604 16.484 16.406 16.329 16.234 16.139 16.074 15.999 15.944 15.879 15.796 15.706 15.656 15.564 15.494 15.449 15.464 15.406 15.381 15.309 15.269 15.239 15.176 15.099 15.046 14.971 14.954 14.849 14.806 14.751 14.626 14.459 14.279 13.409 13.041 13.201 13.151 13.269 13.024 13.616 15.266 19.764 17.346 16.824 14.099 14.156 12.966 12.961 13.354 13.014 12.699 14.104
17.994 17.924 17.876 17.751 17.674 17.619 17.539 17.466 17.469 17.384 17.296 17.226 17.151 17.061 17.031 16.944 16.874 16.781 16.719 16.659 16.539 16.476 16.374 16.279 16.229 16.136 16.066 16.019 15.951 15.869 15.786 15.726 15.659 15.589 15.561 15.509 15.454 15.436 15.391 15.334 15.284 15.204 15.124 15.081 15.019 15.006 15.191 15.104 14.779 14.696 14.651 14.574 14.764 15.086 13.299 13.241 13.244 13.206 13.069 14.676 17.091 21.191 20.104 16.196 15.424 18.446 14.859 12.639 13.596 12.864 13.141 13.224
17.971 17.911 17.819 17.704 17.651 17.601 17.524 17.454 17.399 17.326 17.269 17.196 17.131 17.089 17.011 16.914 16.859 16.769 16.686 16.609 16.521 16.459 16.381 16.276 16.229 16.171 16.104 16.004 15.961 15.879 15.794 15.751 15.734 15.654 15.599 15.564 15.506 15.461 15.371 15.304 15.234 15.176 15.104 15.296 15.651 16.399 16.531 15.796 14.729 14.641 14.576 14.404 14.619 15.274 15.001 13.764 13.294 13.276 13.151 16.906 20.976 17.764 20.361 22.706 21.764 18.171 13.064 14.044 16.564 14.734 14.286 15.839
17.921 17.866 17.791 17.676 17.634 17.604 17.499 17.416 17.376 17.301 17.241 17.209 17.129 17.034 16.964 16.891 16.819 16.754 16.661 16.594 16.501 16.474 16.379 16.296 16.219 16.174 16.099 16.034 15.956 15.874 15.839 15.806 15.746 15.709 15.631 15.564 15.474 15.416 15.344 15.289 15.234 15.471 16.266 16.754 16.396 15.904 15.226 14.861 14.724 14.654 14.581 14.476 14.461 14.754 15.181 14.576 12.921 13.314 13.289 15.626 21.066 21.676 20.434 22.986 22.474 19.086 13.801 19.094 18.324 13.919 13.594 12.16
17.879 17.841 17.746 17.671 17.596 17.516 17.421 17.384 17.316 17.284 17.221 17.154 17.089 17.016 16.934 16.861 16.819 16.709 16.629 16.554 16.489 16.479 16.396 16.304 16.214 16.176 16.089 16.026 15.989 15.934 15.869 15.856 15.789 15.704 15.606 15.524 15.469 15.394 15.376 15.644 16.354 16.804 16.194 15.384 14.839 14.714 14.699 14.729 14.719 14.671 14.631 14.554 14.461 14.381 14.911 15.131 14.514 13.266 13.471 14.581 19.874 21.831 21.281 21.709 22.049 22.339 19.919 21.599 20.054 12.534 12.069 11.922
17.834 17.801 17.746 17.626 17.551 17.501 17.419 17.384 17.321 17.246 17.204 17.139 17.076 17.001 16.926 16.864 16.739 16.689 16.619 16.574 16.536 16.441 16.364 16.291 16.226 16.169 16.114 16.076 16.029 15.976 15.931 15.856 15.754 15.684 15.614 15.509 15.489 15.849 16.199 16.479 16.106 15.341 14.884 14.794 14.761 14.721 14.706 14.729 14.724 14.694 14.631 14.584 14.516 14.411 14.376 15.106 14.931 13.104 13.166 13.421 15.829 19.694 20.841 20.156 21.444 20.429 18.279 18.629 16.499 12.194 12.022 11.874
17.821 17.756 17.699 17.626 17.544 17.461 17.391 17.329 17.279 17.224 17.161 17.106 17.041 16.966 16.861 16.816 16.754 16.659 16.629 16.551 16.499 16.424 16.371 16.289 16.251 16.199 16.149 16.116 16.054 16.014 15.924 15.816 15.756 15.724 15.654 16.259 16.749 16.614 15.879 15.216 14.936 14.871 14.839 14.824 14.791 14.771 14.751 14.741 14.739 14.704 14.646 14.604 14.496 14.414 14.294 14.276 14.829 14.299 12.624 13.029 13.346 15.241 16.861 18.251 20.464 20.656 17.081 14.704 14.211 12.015 12.258 12.051
17.761 17.726 17.671 17.551 17.506 17.441 17.359 17.339 17.246 17.176 17.114 17.051 16.969 16.899 16.834 16.799 16.734 16.684 16.604 16.549 16.501 16.451 16.384 16.364 16.301 16.204 16.194 16.124 16.049 15.999 15.924 15.839 15.849 16.044 16.751 16.974 16.104 15.294 15.039 14.979 14.961 14.926 14.894 14.831 14.809 14.784 14.719 14.716 14.721 14.666 14.614 14.564 14.519 14.424 14.331 14.139 14.154 13.749 12.631 12.576 13.134 13.181 13.336 18.479 19.189 19.831 19.694 16.256 19.318 13.808 12.202 12.465
17.731 17.674 17.619 17.531 17.466 17.424 17.339 17.284 17.214 17.164 17.076 17.011 16.964 16.891 16.849 16.826 16.724 16.656 16.611 16.541 16.489 16.489 16.446 16.349 16.301 16.256 16.199 16.139 16.086 16.014 15.964 16.144 16.681 17.009 16.544 15.731 15.189 15.126 15.071 15.036 14.996 14.956 14.904 14.826 14.801 14.761 14.689 14.669 14.666 14.619 14.596 14.561 14.521 14.444 14.316 14.179 14.084 13.979 14.361 12.751 12.891 13.169 13.161 14.126 15.081 18.036 20.039 21.144 20.466 15.693 12.283 12.162
17.674 17.624 17.576 17.504 17.426 17.406 17.299 17.236 17.166 17.126 17.051 17.001 16.919 16.894 16.839 16.771 16.709 16.651 16.584 16.579 16.566 16.511 16.446 16.401 16.314 16.281 16.206 16.149 16.096 16.154 16.289 16.511 16.899 15.894 15.351 15.221 15.199 15.151 15.124 15.076 15.004 14.954 14.901 14.849 14.784 14.726 14.664 14.659 14.664 14.616 14.591 14.551 14.511 14.431 14.311 14.189 14.086 14.144 13.964 13.014 12.409 13.119 13.371 13.189 13.616 13.366 19.561 21.525 17.457 12.701 12.352 12.206
17.641 17.576 17.554 17.494 17.399 17.334 17.271 17.204 17.146 17.101 17.024 16.994 16.941 16.871 16.806 16.771 16.684 16.659 16.654 16.606 16.551 16.519 16.466 16.424 16.359 16.294 16.224 16.251 16.356 16.846 16.499 15.809 15.461 15.386 15.306 15.274 15.226 15.179 15.139 15.069 15.011 14.966 14.896 14.821 14.754 14.719 14.686 14.629 14.634 14.604 14.559 14.526 14.476 14.436 14.356 14.179 14.079 14.009 13.874 13.286 12.511 12.741 13.154 13.071 14.556 14.044 13.282 17.34 12.836 12.313 12.275 12.17
17.589 17.561 17.509 17.469 17.371 17.296 17.224 17.199 17.166 17.081 17.026 16.966 16.894 16.881 16.819 16.721 16.694 16.701 16.634 16.621 16.586 16.521 16.461 16.416 16.359 16.336 16.704 17.609 16.924 16.784 15.664 15.509 15.444 15.421 15.361 15.309 15.249 15.181 15.134 15.076 14.999 14.936 14.886 14.796 14.751 14.716 14.691 14.651 14.614 14.591 14.539 14.491 14.466 14.454 14.411 14.276 14.151 14.091 13.941 13.634 12.934 12.371 12.904 12.996 12.964 12.789 12.34 12.276 12.273 12.827 12.271 12.628
17.546 17.539 17.464 17.409 17.334 17.279 17.221 17.184 17.121 17.071 17.014 16.966 16.904 16.816 16.781 16.754 16.741 16.716 16.676 16.606 16.579 16.534 16.476 16.464 16.549 17.229 17.806 17.134 16.096 15.641 15.576 15.541 15.504 15.456 15.356 15.314 15.279 15.191 15.139 15.079 14.986 14.926 14.889 14.836 14.796 14.724 14.674 14.639 14.606 14.599 14.529 14.494 14.429 14.406 14.371 14.314 14.184 14.061 13.984 13.819 13.304 12.406 12.526 12.904 12.859 12.536 12.278 12.183 12.649 12.778 12.981 12.891
17.536 17.459 17.431 17.354 17.286 17.254 17.164 17.149 17.114 17.036 17.009 16.919 16.876 16.849 16.829 16.764 16.746 16.726 16.674 16.619 16.574 16.554 16.976 17.609 17.429 16.814 16.334 15.781 15.726 15.644 15.584 15.584 15.536 15.459 15.396 15.341 15.286 15.191 15.131 15.061 15.014 14.956 14.911 14.876 14.794 14.719 14.659 14.641 14.624 14.564 14.541 14.491 14.429 14.354 14.326 14.316 14.229 14.099 14.011 13.891 13.646 12.784 12.174 12.714 12.471 12.064 11.991 12.289 12.272 13.062 13.45 12.779
17.471 17.414 17.374 17.326 17.296 17.216 17.174 17.124 17.079 17.044 16.981 16.956 16.899 16.844 16.809 16.791 16.744 16.726 16.674 16.631 16.754 17.081 17.921 17.851 17.096 15.986 15.849 15.809 15.761 15.676 15.634 15.601 15.529 15.481 15.414 15.339 15.269 15.204 15.154 15.086 15.046 14.989 14.924 14.839 14.779 14.689 14.641 14.619 14.594 14.574 14.536 14.489 14.406 14.351 14.294 14.301 14.244 14.136 14.031 13.949 13.814 13.299 12.156 12.119 12.156 13.099 12.949 12.751 12.237 12.662 12.679 12.086
17.424 17.364 17.334 17.321 17.246 17.221 17.129 17.099 17.081 17.006 17.004 16.961 16.899 16.879 16.861 16.809 16.746 16.749 16.714 16.756 19.099 17.816 17.181 16.261 15.949 15.879 15.856 15.814 15.781 15.691 15.634 15.594 15.524 15.444 15.376 15.311 15.244 15.206 15.161 15.109 15.039 14.976 14.906 14.844 14.794 14.706 14.646 14.609 14.586 14.566 14.506 14.484 14.416 14.354 14.281 14.244 14.254 14.139 14.024 13.951 13.856 13.496 14.449 13.219 12.846 13.571 13.561 13.326 13.292 12.25 12.221 12.464
17.384 17.351 17.321 17.274 17.206 17.166 17.114 17.104 17.089 17.086 16.991 16.974 16.921 16.874 16.846 16.811 16.784 16.816 17.589 18.219 19.576 17.116 16.106 16.001 15.954 15.894 15.886 15.874 15.784 15.721 15.679 15.599 15.524 15.449 15.384 15.324 15.276 15.241 15.161 15.079 15.026 14.954 14.899 14.854 14.789 14.726 14.649 14.579 14.561 14.566 14.509 14.451 14.396 14.351 14.274 14.216 14.206 14.154 14.026 13.949 13.879 13.769 15.319 14.989 13.549 13.337 13.628 14.531 15.922 12.497 11.938 12.881
17.366 17.306 17.319 17.281 17.176 17.154 17.139 17.131 17.109 17.029 16.999 16.949 16.924 16.929 16.879 16.821 17.661 17.616 17.489 17.211 16.349 16.111 16.054 16.004 15.961 15.926 15.889 15.859 15.786 15.711 15.659 15.571 15.501 15.431 15.386 15.374 15.284 15.214 15.151 15.076 15.029 14.966 14.906 14.859 14.791 14.736 14.639 14.584 14.544 14.551 14.509 14.426 14.369 14.351 14.256 14.181 14.179 14.171 14.039 13.951 13.859 13.854 14.411 15.121 14.104 13.24 13.015 13.966 14.124 13.231 13.114 11.724
17.314 17.274 17.289 17.224 17.194 17.169 17.161 17.144 17.096 17.026 16.984 16.969 16.979 17.036 18.034 18.334 17.316 17.106 16.404 16.224 16.154 16.106 16.079 16.031 15.976 15.936 15.846 15.774 15.749 15.706 15.621 15.579 15.521 15.471 15.429 15.329 15.254 15.199 15.146 15.081 15.039 14.964 14.894 14.849 14.774 14.714 14.664 14.599 14.551 14.501 14.459 14.424 14.364 14.329 14.221 14.151 14.146 14.141 14.071 13.951 13.861 13.806 13.884 14.134 13.319 13.274 13.553 13.825 13.886 14.113 13.544 12.632
17.291 17.256 17.254 17.229 17.209 17.186 17.159 17.106 17.046 17.021 17.019 17.061 17.639 17.801 18.694 18.434 17.394 16.334 16.229 16.181 16.184 16.134 16.096 16.051 16.011 15.951 15.856 15.794 15.726 15.659 15.656 15.611 15.534 15.471 15.394 15.324 15.239 15.196 15.146 15.094 15.016 14.976 14.879 14.831 14.756 14.734 14.666 14.569 14.536 14.464 14.424 14.401 14.354 14.344 14.264 14.186 14.106 14.129 14.089 13.954 13.854 13.809 13.761 13.419 13.133 13.404 14.116 14.133 14.613 14.419 13.916 12.787
17.244 17.239 17.244 17.226 17.191 17.166 17.131 17.091 17.081 17.089 17.431 18.004 17.786 17.636 17.796 16.771 16.334 16.264 16.214 16.199 16.161 16.129 16.101 16.021 15.944 15.904 15.826 15.761 15.731 15.716 15.666 15.586 15.506 15.434 15.381 15.321 15.249 15.196 15.136 15.064 14.986 14.924 14.869 14.811 14.761 14.701 14.649 14.586 14.541 14.464 14.426 14.404 14.359 14.321 14.249 14.164 14.099 14.079 14.056 13.966 13.849 13.786 13.804 13.626 13.923 13.074 13.746 14.233 14.883 14.796 14.232 12.905
17.276 17.251 17.249 17.234 17.189 17.159 17.111 17.084 17.161 17.981 18.426 18.536 17.366 16.556 16.389 16.329 16.319 16.286 16.229 16.209 16.181 16.121 16.056 15.981 15.919 15.886 15.819 15.804 15.756 15.701 15.616 15.554 15.504 15.436 15.391 15.316 15.231 15.166 15.111 15.051 15.001 14.944 14.876 14.799 14.754 14.686 14.644 14.596 14.546 14.481 14.431 14.374 14.339 14.314 14.219 14.144 14.089 14.041 14.026 13.939 13.876 13.804 13.704 13.711 13.34 12.89 15.112 15.041 16.132 14.816 13.775 11.786
17.276 17.259 17.256 17.224 17.191 17.149 17.114 17.274 18.234 18.314 17.884 17.029 16.494 16.404 16.364 16.339 16.311 16.279 16.224 16.169 16.119 16.054 16.006 15.954 15.916 15.896 15.856 15.796 15.709 15.656 15.616 15.574 15.506 15.404 15.336 15.286 15.221 15.159 15.109 15.054 15.004 14.916 14.864 14.819 14.764 14.684 14.644 14.574 14.536 14.446 14.389 14.376 14.324 14.244 14.181 14.121 14.079 14.016 13.996 13.931 13.849 13.779 13.722 13.67 13.401 13.01 14.322 15.01 15.422 14.237 12.445 12.42
17.266 17.246 17.229 17.199 17.184 17.314 18.016 18.489 17.729 17.086 16.559 16.464 16.449 16.406 16.354 16.351 16.251 16.204 16.179 16.139 16.099 16.049 16.004 15.986 15.919 15.879 15.804 15.759 15.726 15.644 15.586 15.554 15.471 15.404 15.329 15.259 15.211 15.161 15.099 15.039 14.971 14.929 14.846 14.796 14.751 14.676 14.621 14.561 14.496 14.461 14.394 14.341 14.304 14.231 14.169 14.119 14.041 13.981 13.949 13.879 13.821 13.759 13.712 13.642 13.548 13.404 14.359 15.932 14.537 13.657 12.494 12.136
17.204 17.191 17.189 17.201 17.896 17.786 17.846 17.644 16.701 16.546 16.496 16.476 16.459 16.441 16.371 16.289 16.249 16.204 16.161 16.126 16.096 16.064 16.021 15.954 15.874 15.846 15.811 15.756 15.674 15.649 15.581 15.501 15.446 15.374 15.311 15.259 15.214 15.136 15.086 15.029 14.966 14.916 14.851 14.804 14.739 14.651 14.579 14.534 14.501 14.439 14.369 14.324 14.276 14.221 14.161 14.084 14.034 13.976 13.901 13.849 13.794 13.729 13.65 13.581 13.547 13.61 14.221 15.466 13.758 12.369 12.449 13.453
17.156 17.156 17.384 17.846 18.504 17.884 17.021 16.679 16.559 16.521 16.501 16.486 16.439 16.394 16.331 16.269 16.236 16.191 16.151 16.129 16.066 16.049 15.966 15.919 15.874 15.846 15.764 15.709 15.651 15.594 15.521 15.471 15.411 15.354 15.299 15.229 15.191 15.136 15.084 15.021 14.966 14.884 14.816 14.746 14.686 14.624 14.569 14.516 14.461 14.391 14.344 14.289 14.246 14.194 14.149 14.081 13.991 13.911 13.876 13.841 13.771 13.694 13.616 13.527 13.672 14.021 13.753 13.838 12.596 12.242 11.951 12.146
17.254 17.539 17.641 17.324 17.241 16.624 16.591 16.594 16.574 16.539 16.516 16.466 16.424 16.369 16.314 16.276 16.234 16.204 16.161 16.114 16.049 15.999 15.941 15.909 15.839 15.816 15.739 15.699 15.651 15.586 15.546 15.466 15.391 15.346 15.279 15.231 15.176 15.109 15.046 14.999 14.931 14.851 14.784 14.726 14.664 14.601 14.524 14.504 14.444 14.381 14.296 14.274 14.219 14.184 14.144 14.079 13.981 13.906 13.864 13.796 13.756 13.666 13.583 13.49 13.591 13.6 13.615 12.691 12.316 12.352 12.771 11.52
17.461 17.486 16.906 16.739 16.631 16.616 16.596 16.569 16.554 16.544 16.499 16.446 16.389 16.361 16.319 16.269 16.236 16.181 16.111 16.066 16.026 15.981 15.926 15.894 15.849 15.791 15.724 15.679 15.639 15.594 15.536 15.444 15.381 15.334 15.251 15.201 15.134 15.081 15.031 14.929 14.889 14.841 14.764 14.686 14.631 14.576 14.526 14.444 14.424 14.356 14.299 14.236 14.196 14.151 14.129 14.061 13.981 13.876 13.811 13.759 13.701 13.609 13.542 13.453 13.36 13.112 12.974 12.538 12.294 12.177 11.842 11.407
17.326 16.774 16.656 16.634 16.616 16.576 16.594 16.566 16.521 16.489 16.444 16.404 16.389 16.339 16.304 16.241 16.179 16.111 16.086 16.069 15.984 15.949 15.924 15.884 15.816 15.761 15.736 15.659 15.621 15.584 15.491 15.431 15.366 15.304 15.254 15.164 15.124 15.054 14.991 14.919 14.864 14.799 14.729 14.666 14.621 14.546 14.499 14.464 14.394 14.336 14.274 14.184 14.169 14.144 14.109 14.061 13.979 13.879 13.786 13.726 13.646 13.564 13.512 13.413 13.296 13.026 12.697 12.378 12.33 12.404 12.654 11.762
