All_lidar/sz5689_DSM_2M.asc
ncols 500
nrows 500
xllcorner    456000
yllcorner    89000
cellsize     2
NODATA_value -9999
[rows 224 to 255 of 500, columns 288 to 359 of 500]
20.405 20.427 20.362 20.297 20.445 21.547 20.9 20.392 22.74 20.38 20.417 20.412 20.347 20.44 20.372 20.337 20.28 20.49 20.527 20.395 20.362 20.33 24.09 31.467 27.165 20.632 20.297 20.352 27.077 27.512 20.287 20.355 24.147 21.607 20.52 20.567 20.402 20.27 20.322 20.19 20.205 20.235 20.225 20.205 22.335 24.372 23.842 36.075 30.097 28.32 29.955 20.337 20.18 20.085 20.095 20.03 20.09 20.02 19.932 19.962 19.82 19.937 19.942 19.802 19.77 20.057 19.805 19.647 19.527 21.585 19.43 20.915
20.522 20.427 20.382 20.365 20.51 20.772 22.88 23.585 20.43 21.052 24.29 20.442 24.49 20.472 20.767 21.017 20.372 20.462 20.38 20.375 20.392 20.457 20.42 31.777 26.272 28.577 22.377 25.422 32.432 22.917 20.247 20.365 26.62 21.782 20.5 20.355 20.427 20.272 20.315 20.962 23.175 20.27 27.37 26.637 28.305 29.395 22.887 30.64 23.305 29.137 33.69 27.155 26.505 24.22 20.057 20.112 20.032 19.977 21.262 21.127 19.935 20.007 19.892 19.86 19.872 19.795 19.72 19.745 21.5 34.695 22.452 33.97
20.517 20.447 20.507 20.48 20.455 20.42 25.775 33.717 25.7 20.49 21.105 24.205 27.79 23.54 21.132 20.722 20.42 20.462 20.572 20.42 20.477 22.945 22.287 22.567 25.017 20.43 23.14 35.752 36.405 26.9 20.367 20.477 20.567 20.392 20.312 20.38 20.42 20.297 20.332 24.882 29.802 28.315 22.552 24.442 20.71 21.095 20.275 20.252 20.215 22.052 23.777 29.095 30.317 34.232 29.57 20.045 20.042 20.02 23.25 23.02 20.622 19.997 20.107 21.46 20.305 19.835 19.975 20.41 20.775 33.44 20.697 20.505
20.552 20.57 20.625 20.547 20.537 20.53 20.73 32.607 20.835 20.555 20.642 28.702 31.312 26.517 20.765 20.552 20.46 20.565 23.725 24.765 30.3 20.48 20.642 20.797 20.66 20.43 20.455 23.065 22.795 20.44 20.57 20.51 23.052 21.557 20.422 20.41 20.357 20.325 20.357 27.63 22.377 20.61 20.392 20.402 24.055 20.402 20.337 20.245 22.58 27.06 20.882 22.32 27.975 25.837 21.255 20.057 20.027 20.022 21.01 22.382 20.135 19.93 20.3 23.925 21.26 25.59 27.455 20.91 19.695 23.977 19.595 19.582
20.662 20.665 20.717 20.98 23.302 23.577 20.622 20.61 20.57 20.555 20.74 29.57 24.462 21.92 20.597 22.23 20.742 20.585 27.175 31.927 31.337 20.632 22.327 20.48 20.507 20.475 20.485 20.557 22.99 20.742 21.045 20.482 28.245 26.75 30.635 22.427 20.38 20.495 29.182 31.827 24.092 20.472 20.347 24.16 36.845 24.85 20.347 21.782 26.815 33.935 24.035 20.342 20.17 20.165 20.177 20.112 20.11 20.067 20.112 20 20.022 19.965 19.955 20.53 19.907 21.062 23.312 19.762 22.122 32.485 20.29 19.56
20.725 20.682 20.775 24.407 33.567 30.795 24.715 20.652 20.63 20.642 21.017 23.432 21.855 20.8 20.63 24.78 20.685 24.51 30.475 35.407 33.962 23.882 27.23 20.572 20.512 20.51 22.885 27.895 23.305 21.167 20.71 28.712 36.722 26.992 33.727 22.457 22.195 30.255 29.657 37.807 30.88 33.845 32.695 22.927 26.26 23.465 20.297 20.68 27.552 26.207 22.165 20.335 20.27 20.302 20.237 20.185 20.147 20.105 20.132 20.032 20.502 20.147 19.93 19.995 19.867 19.88 19.78 19.775 22.675 30.59 23.667 19.56
20.8 20.84 20.895 33.847 34.46 33.72 23.94 20.685 20.705 20.667 20.675 26.002 27.24 21.92 27.597 23.835 20.717 26.345 32.51 36.807 38.755 30.992 30.385 20.89 32.917 29.122 27.822 29.662 28.132 24.667 20.6 26.492 24.685 34.402 26.99 20.517 24.6 31.337 28.592 33.827 27.035 27.502 31.537 21.075 29.802 32.985 20.872 24.752 21.83 20.405 20.417 20.367 20.387 20.277 20.22 20.345 20.512 20.162 22.1 20.027 19.99 19.95 21.782 24.415 20.432 19.867 19.857 19.982 20.175 25.412 20.482 19.535
20.93 20.932 21.532 32.14 26.597 24.192 20.917 20.74 20.727 20.702 20.782 29.1 26.662 28.55 40.65 26.882 29.852 26.307 31.71 30.625 33.175 29.697 23.945 22.405 23.852 26.107 29.395 26.9 32.802 25.307 20.64 20.615 29.89 32.222 20.555 20.732 25.565 23.3 20.522 21.655 20.93 32.057 27.88 20.432 20.487 22.697 23.627 33.94 22.307 26.78 24.36 20.392 20.425 20.315 20.3 21.37 22.275 20.267 20.04 20.112 20.327 30.187 20.352 28.27 24.577 22.282 26.162 28.93 19.745 26.54 27.742 19.64
21.007 21.012 21.225 20.98 20.902 20.955 20.852 21.45 20.807 20.747 20.822 24.622 25.667 27.177 23.382 24.52 33.695 25.555 28.012 35.282 29.842 22.395 20.642 22.177 23 20.632 20.947 31.1 30.747 29.45 20.642 20.67 25.9 31.12 20.767 20.622 20.685 21.952 20.545 20.547 26.512 24.585 20.727 20.497 20.545 20.475 22.88 22.305 21.815 22.622 20.592 20.39 22.995 21.29 20.375 20.737 21.247 20.29 20.175 20.185 27.812 36.992 23.992 27.48 19.925 19.85 25.232 23.195 19.86 22.48 28.397 26.46
21.182 22.145 22.485 20.995 21.01 21.072 25.23 33.94 27.092 21.042 21.435 21.272 20.94 20.842 20.742 20.77 21.367 20.827 23.695 27.032 37.85 30.19 20.73 23.847 20.712 20.76 20.745 27.917 20.87 23.935 20.687 20.695 20.637 20.685 20.735 20.592 27.512 34.145 20.682 20.622 20.562 22.362 24.245 20.495 20.505 20.442 20.417 20.595 20.42 20.465 21.01 20.527 22.42 28.357 28.807 25.775 25.732 20.407 20.075 24.615 25.402 23.045 19.977 21.987 25.85 19.93 30.335 22.61 19.787 19.84 24.067 26.435
21.172 23.102 24.56 21.265 21.18 21.02 30.712 40.345 36.065 22.03 21.587 21.002 20.965 20.927 20.855 20.95 26.277 28.455 22.27 22.557 24.585 21.07 20.79 20.695 20.815 20.857 20.915 24.62 20.77 28.515 24.785 23.192 20.655 20.915 20.755 28.04 32.72 34.122 23.49 20.75 22.76 22.627 29.195 22.957 20.52 20.465 20.472 20.537 20.537 20.457 20.385 20.467 28.01 28.155 30.875 32.065 23.737 20.23 20.21 31.827 23.905 20.122 20.01 25.185 29.045 20.067 21.412 27.14 32.45 19.732 26.327 28.485
21.737 21.45 28.475 25.187 23.197 23.925 26.945 33.27 33.862 23.885 21.33 20.997 21.062 20.927 20.932 20.932 25.82 20.875 20.85 23.337 20.835 26.2 26.277 22.415 26.83 26.342 26.935 21.927 21.762 27.87 36.54 27.257 20.955 20.955 22.155 29.772 36.245 29.71 20.712 20.687 20.655 28.252 24.057 20.647 20.607 20.545 20.535 20.65 20.507 20.47 20.452 20.69 20.502 25.087 24.35 23.367 21.185 20.217 20.3 29.207 24.99 20.11 20.025 19.972 20.47 20 19.825 21.69 20.507 19.705 28.935 32.21
21.63 21.175 27.975 33.185 26.42 25.387 23.7 23.08 26.472 21.525 21.09 21.05 21.15 22.435 24.275 24.17 20.997 20.962 22.51 23.165 22.32 27.362 24.105 25.432 32.292 35.132 30.507 30.825 20.767 21.807 26.847 20.902 21.16 24.047 23.022 22.692 24.67 21.675 20.75 20.94 20.725 20.7 20.645 20.635 22.14 21.82 20.59 20.67 20.53 20.477 20.422 20.422 20.437 20.412 20.402 20.317 22.815 23.147 22.092 20.14 20.155 20.1 20.055 20.045 20.005 19.905 19.872 21.265 23.44 19.76 20.17 21.942
21.302 21.22 27.407 35.482 30.622 21.282 21.195 21.37 21.97 21.26 21.132 21.105 21.057 26.882 31.022 34.427 22.987 31.372 33.527 25.52 21.332 30.727 20.87 30.19 33.407 31.755 34.6 35.645 31.825 20.845 20.902 20.932 20.832 20.847 25.207 20.897 20.907 20.82 20.837 20.772 21.107 20.812 20.65 20.72 20.702 20.622 20.615 20.637 20.58 20.497 20.55 20.47 20.447 21.46 20.34 20.525 30 29.9 25.047 20.187 20.315 20.267 19.995 19.96 19.992 19.895 19.89 20.61 19.802 19.75 19.74 19.927
21.505 21.33 21.375 22.65 22.43 21.232 21.277 21.74 21.585 21.192 21.232 21.235 21.075 22.342 33.147 35.092 26.327 24.547 28.772 25.727 20.957 20.95 20.972 21.92 20.947 31.382 35.407 36.585 38.177 20.985 20.962 20.96 20.852 20.925 26.192 27.557 20.875 20.817 22.895 20.807 20.777 20.795 20.712 20.685 20.76 20.672 20.692 20.752 20.62 20.515 20.535 20.495 22.147 26.702 23.705 20.372 23.622 25.592 20.207 20.162 20.447 20.43 19.955 19.955 19.9 19.882 19.872 20.11 19.79 19.775 22.685 21.262
21.435 21.292 21.282 21.32 21.352 21.36 21.765 21.66 21.292 21.295 21.322 21.277 21.147 21.305 27.535 24.31 21.827 21.297 21.185 21.057 21.007 21.125 21.152 21.137 21.492 31.47 36.992 32.617 30.442 24.422 21.017 20.945 21.007 25.272 28.39 35.742 23.742 20.86 20.96 20.815 20.907 20.745 20.78 20.722 20.675 20.805 21.452 20.777 20.73 20.55 20.545 20.54 23.807 30.84 24.505 20.36 20.315 20.362 20.275 20.702 20.24 21.975 19.98 20.125 19.937 19.935 19.882 19.865 19.83 20.517 33.7 32.582
21.317 21.32 21.367 21.435 21.475 21.63 21.925 21.41 21.337 21.445 21.37 21.302 26.64 21.265 22.025 21.862 21.56 21.192 21.147 21.197 21.12 21.12 21.312 21.157 21.062 25.157 27.707 27.65 23.105 21.152 21.035 21.012 23.257 23.775 25.355 24.042 20.95 20.965 20.86 20.877 21.032 20.827 20.88 20.7 20.762 20.817 20.945 20.775 20.617 20.56 20.572 20.502 20.585 23.132 22.977 20.387 20.315 20.315 24.102 31.575 24.092 20.097 20.08 20.01 19.95 19.945 19.847 19.865 20.237 23.417 25.392 25.71
21.622 21.437 23.417 25.6 22.232 29.837 23.14 21.457 21.435 21.472 21.422 23.485 27.4 26.18 21.855 21.93 21.337 21.23 21.192 21.23 21.357 21.297 21.342 21.112 21.107 21.042 21.1 24.875 23.45 21.147 21.177 27.182 30.127 31.552 29.07 21.177 21.035 21.142 20.932 20.89 21.1 20.787 20.812 20.717 20.832 20.807 21.065 20.682 20.595 20.61 20.592 20.537 20.682 20.527 20.352 20.405 20.337 20.405 20.277 26.212 20.575 20.102 20.112 20.067 20.122 19.975 19.917 19.792 19.75 20.16 20.8 20.255
21.725 28.137 33.002 30.697 26.417 27.955 21.667 24.467 23.955 21.49 21.542 21.462 29.557 23.72 22.142 21.945 21.375 21.402 21.492 21.372 21.23 21.435 21.337 21.18 21.167 21.112 30.662 27.897 21.17 22.152 21.35 29.847 38.487 28.152 21.14 21.182 21.027 21.067 20.935 20.892 20.882 20.875 20.805 20.777 20.78 20.747 20.745 20.902 20.76 20.66 27.835 27.945 27.397 23.555 20.46 20.452 20.367 20.35 20.29 20.187 20.15 20.66 25.2 26.61 20.062 19.95 22.142 29.82 20.205 19.77 19.732 19.595
24.122 24.46 39.122 34.777 25.395 26.007 21.607 21.552 21.68 21.607 21.667 21.567 21.765 26.092 24.217 24.272 21.387 21.367 22.445 25.992 21.322 21.447 23.555 27.835 25.865 22.185 32.15 27.665 23.27 21.32 21.757 27.727 38.64 22.23 21.122 21.142 21.082 21.05 20.967 21.27 20.932 20.937 20.84 20.83 20.77 20.787 20.717 20.982 20.712 31.197 32.245 35.23 32.187 27.69 20.497 20.4 20.347 20.38 20.367 20.31 20.26 28.575 32.27 30.557 25.952 20.822 34.847 33.292 24.42 19.76 19.66 19.572
28.865 21.607 24.327 24.255 22.03 21.785 21.79 21.732 21.677 21.687 21.597 21.75 21.862 21.717 21.682 23.272 21.437 21.642 26.687 28.392 21.607 21.612 22.945 26.967 25.617 22.257 31.557 29.955 25.98 21.352 22.327 23.832 22.255 21.327 21.177 21.11 21.175 21.147 21.042 21.012 21.025 21.017 20.847 20.827 20.795 20.785 20.717 20.7 20.865 25.527 33.7 37.805 30.642 25.342 20.487 20.43 20.42 20.402 20.422 20.302 20.2 27.982 32.665 34.387 25.082 21.19 25.607 32.27 31.625 21.305 19.63 19.61
23.857 21.74 21.772 22.022 21.625 21.655 24.545 21.857 21.662 21.652 21.75 21.987 21.762 21.555 22.977 25.057 21.807 21.38 24.16 29.715 21.862 21.492 21.365 34.117 22.512 21.675 25.807 28.717 22.942 21.495 21.33 21.322 21.307 21.215 21.222 21.197 21.262 21.24 21.097 21.025 21.062 21.055 20.85 20.845 20.817 21.06 20.777 20.735 20.74 20.947 32.34 31.365 33.94 20.84 20.532 20.382 20.335 20.337 20.227 20.15 20.08 20.765 25.35 22.885 19.97 19.927 20.135 28.255 22.735 28.102 26.72 19.677
21.77 21.792 22.097 21.755 21.742 21.755 30.595 29.51 23.115 21.78 23.02 21.745 21.627 21.645 21.59 21.56 21.52 21.495 21.727 21.997 21.557 22.427 21.482 23.142 22.697 21.695 22.335 26.442 21.41 21.395 21.392 21.395 21.31 21.25 21.297 21.375 21.465 21.272 27.555 21.077 21.017 20.977 20.927 20.867 20.862 20.862 28.94 22.552 20.712 20.632 24.607 33.065 24.365 20.507 20.417 20.395 20.355 25.162 20.277 20.317 20.245 20.17 20.122 20.135 20.022 19.99 20.052 21.185 28.687 35.215 23.322 19.762
21.802 22.03 21.94 21.85 21.765 25.425 25.797 28.257 21.852 21.937 21.865 21.812 21.772 21.737 21.68 21.632 21.59 21.67 22.085 21.667 21.592 21.582 22.69 21.592 21.627 21.542 21.845 21.505 21.465 21.422 21.4 25.335 21.367 21.31 21.292 21.275 21.337 21.247 25.945 27.977 21.12 21.037 21.012 20.935 21.305 27.66 33.27 29.13 20.757 20.76 20.702 20.652 20.6 20.582 20.537 21.385 28.42 33.46 23.205 20.3 20.262 20.245 20.155 20.075 20.037 25.297 31.642 33.22 23.102 29.31 28.3 20.62
21.947 21.95 21.852 21.937 25.52 31.925 21.867 21.825 21.952 22.312 26.635 22.14 23.65 27.767 26.632 21.765 21.772 21.96 21.707 21.635 21.65 21.597 21.785 21.75 21.87 21.902 21.802 21.592 21.507 21.5 24.47 27.837 22.402 21.387 21.425 21.435 21.362 21.285 21.45 23.365 21.112 21.042 21.035 21.025 20.987 26.847 36.57 29.56 20.802 20.757 20.767 20.682 22.067 31.53 28.297 20.527 28.527 32.597 22.73 20.3 20.405 20.387 20.185 20.107 24.905 21.492 28.622 27.457 24.632 31.2 19.907 19.705
22.055 21.945 22.002 22.03 25.495 24.975 21.927 22.09 22.257 23.6 25.577 21.902 24.665 31.495 31.302 27.355 22.287 21.857 21.792 21.71 21.757 21.785 21.715 21.772 21.765 21.635 21.667 21.662 21.685 21.57 21.572 25.847 21.527 21.495 21.457 21.532 21.452 21.315 21.592 21.315 21.172 21.15 21.2 22.547 27.1 22.957 31.575 24.235 20.92 20.895 20.762 20.717 22.32 31.865 34.54 20.565 20.525 21.337 20.337 22.27 20.897 22.495 20.23 20.205 26.027 20.267 20.065 20.5 25.795 22.267 19.857 19.795
22.13 24.492 28.73 22.452 22.162 22.187 22.095 22.182 22.11 22.027 23.522 22.612 30.222 33.302 32.395 29.182 23.72 21.895 21.832 21.932 21.827 21.83 21.745 21.845 21.757 21.775 21.817 21.74 21.647 21.61 21.572 21.467 21.467 21.582 21.477 21.43 21.46 21.37 21.437 21.275 21.19 21.225 21.205 30.327 38.167 27.047 21.367 21.902 29.537 20.865 20.935 20.815 20.732 28.975 24.707 21.515 24.785 20.547 20.462 31.57 33.265 26.035 20.42 20.167 22.107 21.315 28.195 20.047 20.17 19.905 19.975 22.235
22.327 30.36 37.777 28.75 22.192 22.205 22.142 22.197 22.15 22.11 22.23 23.662 24.122 31.705 24.412 22.89 27.31 24.3 21.86 21.907 21.867 21.835 21.73 21.752 21.775 21.73 21.625 21.577 21.525 21.477 21.505 21.662 21.615 21.707 21.8 21.43 21.472 21.53 21.327 21.23 22.847 23.465 21.19 25.285 33.245 23.3 21.057 27.122 36.035 27.615 20.81 20.817 20.797 21.752 28.047 23.207 30.217 20.55 20.572 22.005 31.662 22.54 22.485 25.675 22.31 31.405 30.117 20.485 24.437 20.032 19.932 23.722
22.325 31.562 31.58 30.905 25.185 27.232 22.272 22.077 22.082 22.215 22.17 22.135 22.047 21.992 21.985 24.282 26.02 24.752 22.365 21.822 21.762 21.702 21.66 21.77 21.78 22.22 21.98 21.76 21.847 22.475 22.225 22.175 22.052 22.077 22.18 22.142 21.882 21.675 21.435 22.91 30.562 31.132 23.89 20.962 22.6 20.947 20.965 22.02 23.482 20.9 20.855 20.807 25.54 27.302 28.212 34.012 32.242 20.662 20.61 20.625 20.447 20.372 22.277 31.6 30.317 26.875 34.405 28.11 23.95 26.59 21.23 19.772
22.437 23.742 25.197 24.69 35.722 32.282 28.165 22.045 24.975 27.585 22.04 22.075 21.967 22.03 22.137 22.21 28.135 39.165 25.96 22.247 22.212 22.042 22.037 22.032 21.965 22.02 22.017 21.922 21.88 21.86 21.807 21.805 21.74 21.68 21.632 21.63 21.697 21.567 21.547 27.61 33.622 29.61 29.03 21.257 21.117 21.015 20.872 20.835 20.775 20.702 20.707 20.817 23.947 23.745 20.757 20.76 22.972 21.337 20.777 20.502 20.462 20.432 21.485 29.562 30.342 21.88 22.467 21.972 25.82 29.135 19.82 21.63
22.635 22.572 22.642 23.065 30.297 33.825 26.637 31.367 27.12 24.572 30.345 27.225 22.61 22.635 22.477 22.5 26.585 33.802 24.67 22.675 22.147 22.152 22.127 22.06 21.977 22.322 22.832 21.96 21.91 21.895 21.825 21.77 21.762 21.695 21.682 21.647 21.575 21.537 21.437 21.46 24.725 24.797 23.052 21.497 21.302 21.522 21.36 21.27 21.222 21.437 21.307 20.96 20.7 21.71 20.567 20.56 22.592 21.83 25.847 20.52 20.457 20.932 22.135 21.37 25.247 23.73 23.59 25.755 24.727 23.07 19.792 19.84
22.617 22.632 22.652 22.737 26.437 27.785 24.61 35.397 31.592 23.57 31.36 22.667 22.615 22.562 22.297 22.385 23.65 32.152 22.28 22.26 22.16 22.17 22.08 22.035 21.962 21.93 21.882 21.897 21.875 21.85 21.777 21.787 21.715 21.69 21.682 21.665 21.615 21.55 21.495 21.442 21.375 21.305 21.27 21.225 21.147 21.197 21.16 21.137 21.065 21.042 21 21.057 23 25.992 21.017 21.507 25.382 26.752 32.482 21.132 27.005 32.845 22.487 21.092 25.807 22.215 20.225 20.137 21.387 28.31 29.32 22.217
