All_lidar/sz5694_DSM_2M.asc
ncols 500
nrows 500
xllcorner    456000
yllcorner    94000
cellsize     2
NODATA_value -9999
[rows 416 to 447 of 500, columns 142 to 212 of 500]
-2.212 -2.157 -2.162 -2.184 -2.262 -2.307 -2.274 -2.217 -2.227 -2.274 -2.309 -2.272 -2.164 -2.199 -2.227 -2.272 -2.279 -2.269 -2.257 -2.299 -2.284 -9999 -9999 -2.264 -2.254 -2.169 -2.189 -2.247 -2.244 -2.264 -2.257 -2.209 -9999 -2.247 -2.249 -2.259 -2.249 -2.164 -2.204 -2.184 -2.267 -2.242 -2.217 -2.219 -2.257 -2.202 -2.309 -2.307 -2.307 -2.184 -2.199 -2.242 -2.244 -2.199 -2.209 -2.152 -2.232 -2.309 -2.312 -2.287 -2.249 -2.284 -2.334 -2.259 -2.249 -2.197 -2.262 -2.219 -2.252 -2.234 -2.249
-2.299 -2.239 -2.262 -2.259 -2.294 -2.307 -2.279 -2.182 -2.207 -9999 -2.264 -2.269 -2.224 -2.227 -2.159 -2.184 -2.264 -2.324 -2.287 -2.267 -2.214 -9999 -9999 -9999 -2.279 -9999 -9999 -9999 -2.187 -2.214 -2.282 -2.297 -9999 -2.282 -2.297 -2.232 -2.227 -2.197 -2.109 -2.194 -2.234 -2.217 -2.199 -2.239 -2.232 -2.197 -2.197 -2.337 -2.279 -2.209 -2.237 -2.257 -2.167 -2.189 -2.182 -2.252 -2.184 -2.307 -2.264 -2.222 -2.267 -2.294 -2.264 -2.274 -2.234 -2.182 -2.302 -2.182 -2.257 -2.289 -2.262
-2.269 -2.219 -2.224 -2.287 -2.307 -2.284 -2.259 -2.234 -9999 -9999 -9999 -2.252 -2.199 -2.18 -9999 -9999 -2.287 -2.299 -2.327 -2.229 -2.159 -9999 -9999 -2.267 -2.269 -2.192 -9999 -9999 -2.267 -2.239 -2.257 -2.254 -2.269 -2.272 -2.299 -2.242 -2.199 -2.317 -2.179 -2.187 -2.257 -2.204 -2.212 -2.224 -2.207 -2.232 -2.187 -2.304 -2.212 -2.199 -2.182 -2.234 -2.177 -2.234 -2.214 -2.209 -2.327 -2.264 -2.197 -2.232 -2.232 -2.332 -2.329 -2.277 -2.282 -2.237 -2.289 -2.307 -2.277 -2.307 -2.264
-2.239 -2.212 -2.179 -9999 -9999 -2.409 -2.234 -2.252 -9999 -9999 -9999 -2.24 -2.199 -2.257 -9999 -9999 -2.272 -2.257 -2.244 -2.222 -2.154 -2.234 -2.262 -2.259 -2.167 -2.152 -2.19 -2.227 -2.214 -2.227 -2.189 -2.329 -2.287 -2.219 -2.252 -2.294 -2.317 -2.364 -2.287 -2.232 -2.279 -2.247 -2.187 -2.197 -2.189 -2.262 -2.252 -2.239 -2.244 -2.222 -2.204 -2.244 -2.272 -2.294 -2.249 -2.232 -2.327 -2.307 -2.249 -2.232 -2.199 -2.299 -2.252 -2.244 -2.179 -2.217 -2.247 -2.299 -2.317 -2.304 -2.247
-2.302 -2.254 -9999 -9999 -9999 -2.427 -2.292 -9999 -9999 -9999 -9999 -2.249 -2.149 -2.262 -2.184 -2.204 -2.227 -2.277 -2.234 -2.214 -2.204 -2.207 -2.264 -2.237 -2.202 -2.187 -2.197 -2.219 -2.212 -2.212 -2.249 -2.287 -2.247 -2.239 -2.249 -2.229 -2.217 -2.234 -2.189 -2.194 -2.234 -2.207 -2.222 -2.279 -2.269 -2.264 -2.274 -2.309 -2.304 -2.222 -2.217 -2.172 -2.287 -2.262 -2.232 -2.257 -2.329 -2.264 -2.282 -2.294 -2.159 -2.247 -2.247 -2.334 -2.269 -2.269 -2.327 -2.257 -2.249 -2.292 -2.197
-2.262 -2.259 -9999 -9999 -9999 -2.312 -2.237 -9999 -9999 -9999 -2.157 -2.172 -2.194 -2.249 -2.247 -2.294 -2.344 -2.307 -2.242 -2.204 -2.154 -2.167 -2.204 -2.232 -2.232 -2.217 -2.242 -2.234 -2.214 -2.224 -2.247 -2.257 -2.239 -2.237 -2.294 -2.314 -2.277 -2.192 -2.187 -2.212 -2.182 -2.257 -2.284 -2.219 -2.317 -2.289 -2.304 -2.252 -2.232 -2.227 -2.184 -2.154 -2.257 -2.214 -2.177 -2.199 -2.232 -2.254 -2.304 -2.284 -2.252 -2.274 -2.247 -2.362 -2.407 -2.259 -2.342 -2.279 -2.239 -2.214 -2.292
-2.184 -2.179 -9999 -2.267 -2.267 -2.234 -2.217 -2.297 -2.392 -2.357 -2.184 -2.187 -2.217 -2.299 -2.237 -2.294 -2.307 -2.307 -2.244 -2.214 -9999 -9999 -9999 -2.204 -2.217 -2.179 -2.114 -2.219 -2.244 -2.232 -2.184 -2.222 -2.242 -2.234 -2.257 -2.259 -2.289 -2.269 -2.222 -2.222 -2.214 -9999 -9999 -9999 -2.277 -2.304 -2.282 -2.247 -2.237 -2.289 -2.282 -2.202 -2.242 -2.194 -2.154 -2.234 -2.224 -2.277 -2.269 -2.267 -2.247 -2.159 -2.232 -2.317 -2.242 -2.187 -2.284 -2.262 -2.219 -2.167 -2.182
-2.272 -2.187 -2.229 -2.262 -2.262 -2.242 -2.222 -2.289 -2.302 -9999 -2.204 -2.234 -2.229 -2.319 -2.229 -2.189 -2.214 -9999 -9999 -2.26 -9999 -9999 -2.237 -2.077 -2.149 -2.207 -2.192 -2.264 -2.329 -2.299 -2.152 -2.167 -2.224 -2.212 -2.249 -2.199 -2.267 -2.229 -2.277 -2.287 -2.229 -9999 -9999 -9999 -9999 -2.289 -2.279 -2.294 -2.294 -2.244 -2.277 -2.224 -2.257 -2.272 -2.239 -2.239 -2.277 -2.252 -2.234 -2.297 -2.327 -2.199 -2.274 -2.267 -2.229 -2.207 -2.277 -2.377 -2.379 -2.229 -2.202
-2.294 -2.232 -2.199 -2.254 -2.319 -2.234 -2.169 -9999 -9999 -9999 -2.237 -2.264 -2.304 -2.342 -2.282 -2.227 -2.234 -9999 -9999 -9999 -9999 -9999 -2.194 -2.144 -2.182 -2.194 -2.182 -2.294 -2.314 -2.267 -2.199 -2.202 -2.214 -2.184 -2.214 -2.157 -2.244 -2.179 -2.219 -2.259 -2.259 -9999 -9999 -9999 -2.154 -2.284 -2.247 -2.247 -2.229 -2.169 -2.329 -2.297 -2.292 -2.152 -2.184 -2.217 -2.239 -2.244 -2.194 -2.292 -2.317 -2.209 -2.294 -2.202 -2.222 -2.172 -2.267 -2.259 -2.307 -2.304 -2.322
-2.267 -2.309 -2.297 -2.282 -2.279 -2.189 -2.184 -2.32 -9999 -9999 -2.312 -9999 -9999 -9999 -2.322 -2.207 -2.192 -9999 -9999 -9999 -2.197 -2.19 -2.139 -2.174 -2.187 -2.144 -2.194 -2.302 -2.297 -2.217 -2.257 -2.324 -2.229 -2.147 -2.187 -2.174 -2.134 -2.122 -2.212 -2.267 -2.304 -2.294 -2.212 -2.117 -2.182 -2.257 -9999 -9999 -2.24 -2.189 -2.217 -2.252 -2.269 -2.189 -2.199 -2.259 -2.242 -2.292 -2.239 -2.277 -2.287 -2.232 -2.282 -2.227 -2.192 -2.172 -2.214 -2.277 -2.259 -2.274 -2.289
-2.252 -2.309 -2.284 -9999 -2.324 -2.274 -9999 -9999 -2.327 -2.29 -9999 -9999 -9999 -9999 -2.377 -2.172 -2.229 -2.299 -9999 -9999 -9999 -2.257 -2.224 -2.222 -2.209 -2.239 -2.309 -2.322 -2.279 -2.269 -2.239 -2.242 -2.142 -2.142 -2.264 -2.182 -2.114 -2.089 -2.159 -2.219 -2.269 -2.217 -2.132 -2.152 -2.229 -2.229 -9999 -9999 -9999 -9999 -2.239 -2.242 -2.267 -2.217 -2.204 -2.329 -2.317 -2.282 -2.192 -2.192 -2.234 -2.272 -2.242 -2.274 -9999 -9999 -2.222 -2.404 -2.404 -2.229 -2.264
-2.252 -2.284 -9999 -9999 -9999 -2.31 -2.337 -2.337 -2.279 -9999 -9999 -9999 -9999 -9999 -9999 -2.252 -2.254 -2.294 -2.35 -9999 -2.357 -2.339 -2.277 -2.202 -2.179 -2.239 -2.277 -2.269 -2.272 -2.257 -2.227 -2.184 -2.192 -2.194 -2.177 -2.167 -2.247 -2.194 -2.119 -2.212 -2.264 -2.207 -2.194 -2.202 -2.169 -2.154 -9999 -9999 -9999 -2.222 -2.259 -2.247 -2.312 -2.284 -2.257 -2.312 -2.322 -2.202 -2.127 -2.259 -2.229 -2.224 -2.222 -2.27 -9999 -2.207 -2.254 -2.309 -2.349 -2.262 -2.259
-2.202 -9999 -9999 -9999 -9999 -2.364 -2.317 -2.299 -2.247 -2.294 -9999 -9999 -9999 -9999 -9999 -2.217 -2.227 -2.199 -2.284 -2.354 -2.322 -2.319 -9999 -9999 -9999 -9999 -9999 -2.247 -2.292 -2.274 -2.229 -2.229 -2.187 -2.159 -2.164 -2.184 -2.162 -2.194 -2.179 -2.234 -2.312 -2.249 -2.207 -2.194 -2.182 -2.189 -2.329 -2.289 -9999 -2.177 -2.242 -2.274 -2.254 -2.284 -2.219 -2.209 -2.267 -2.157 -2.142 -2.289 -2.344 -2.297 -2.319 -2.307 -2.29 -2.232 -2.204 -2.312 -2.334 -2.237 -2.267
-2.182 -2.244 -9999 -2.237 -9999 -9999 -9999 -2.219 -2.217 -2.254 -2.269 -2.297 -9999 -9999 -9999 -9999 -2.214 -2.217 -2.264 -2.324 -2.292 -2.224 -9999 -9999 -9999 -9999 -9999 -9999 -2.232 -2.209 -2.237 -2.287 -2.277 -2.197 -2.169 -2.209 -2.204 -9999 -9999 -9999 -2.272 -2.217 -2.224 -2.164 -2.222 -2.294 -2.364 -2.284 -9999 -9999 -2.31 -2.234 -2.259 -2.244 -2.237 -2.227 -2.237 -2.277 -2.169 -2.187 -2.334 -2.342 -2.314 -2.232 -2.192 -2.244 -2.262 -2.319 -2.329 -2.249 -2.317
-2.207 -2.247 -2.304 -2.229 -9999 -9999 -9999 -2.217 -2.184 -2.209 -2.217 -2.267 -2.279 -9999 -9999 -9999 -2.227 -2.229 -2.237 -2.182 -9999 -9999 -2.174 -9999 -9999 -9999 -9999 -2.254 -2.214 -2.199 -2.292 -2.307 -2.364 -2.217 -2.187 -2.159 -2.209 -9999 -9999 -9999 -9999 -2.204 -2.254 -2.202 -2.219 -2.289 -2.319 -2.239 -9999 -9999 -2.297 -2.207 -2.154 -2.184 -2.207 -2.232 -2.189 -2.227 -2.214 -2.194 -2.302 -2.342 -2.314 -2.254 -2.189 -2.227 -2.289 -2.309 -2.302 -2.309 -2.334
-2.212 -2.192 -2.259 -2.299 -9999 -9999 -9999 -2.297 -2.377 -2.272 -2.164 -2.237 -2.257 -2.21 -9999 -2.254 -2.249 -2.202 -2.252 -9999 -9999 -9999 -9999 -9999 -9999 -9999 -2.304 -2.304 -2.252 -2.234 -2.257 -2.307 -2.417 -2.244 -2.209 -2.199 -2.229 -2.267 -9999 -9999 -9999 -2.237 -2.259 -2.262 -2.272 -2.272 -2.289 -2.232 -2.199 -2.232 -2.239 -2.257 -2.092 -2.124 -2.192 -2.302 -2.249 -2.272 -2.277 -2.209 -2.202 -2.237 -2.279 -2.262 -2.284 -2.264 -2.247 -2.299 -2.332 -2.317 -2.347
-2.224 -2.164 -2.252 -2.294 -2.284 -2.282 -2.237 -2.272 -2.249 -2.214 -2.197 -2.224 -2.234 -2.147 -9999 -9999 -9999 -2.189 -2.272 -2.312 -9999 -9999 -2.247 -2.189 -9999 -9999 -2.274 -2.287 -2.242 -2.249 -9999 -9999 -2.414 -2.279 -2.262 -2.254 -2.212 -2.177 -9999 -9999 -9999 -2.337 -2.324 -2.262 -2.237 -2.202 -2.247 -2.247 -2.297 -2.274 -2.272 -2.227 -2.094 -2.109 -2.159 -2.217 -2.234 -2.299 -2.317 -2.217 -2.149 -2.194 -2.212 -2.249 -2.264 -2.224 -2.177 -2.287 -2.284 -2.242 -2.394
-9999 -9999 -2.217 -2.262 -2.279 -2.244 -2.212 -2.262 -2.237 -2.237 -2.202 -2.249 -2.224 -9999 -9999 -9999 -9999 -2.224 -2.272 -2.347 -2.3 -2.197 -2.212 -2.209 -2.277 -2.224 -2.227 -2.269 -2.304 -2.267 -9999 -9999 -9999 -2.307 -2.279 -2.237 -2.194 -2.184 -9999 -9999 -9999 -9999 -2.247 -2.244 -2.197 -2.177 -2.259 -2.204 -2.179 -2.204 -2.224 -2.274 -2.152 -2.209 -2.299 -2.264 -2.234 -2.257 -9999 -9999 -2.237 -2.289 -2.249 -2.189 -2.187 -2.177 -2.167 -2.279 -2.334 -2.269 -2.354
-9999 -9999 -2.172 -9999 -9999 -9999 -2.252 -2.269 -2.249 -2.279 -2.202 -2.182 -2.257 -9999 -9999 -9999 -9999 -2.157 -2.257 -2.284 -2.244 -2.202 -2.187 -2.152 -2.307 -2.169 -2.172 -2.194 -2.252 -2.257 -2.267 -2.287 -2.274 -2.242 -2.257 -2.237 -2.249 -2.279 -2.239 -9999 -9999 -9999 -2.267 -2.239 -2.199 -2.202 -2.237 -2.214 -2.219 -2.249 -2.242 -2.214 -2.139 -2.187 -2.219 -2.222 -2.184 -2.234 -9999 -9999 -2.329 -2.284 -2.267 -2.267 -9999 -9999 -2.167 -2.234 -2.274 -2.289 -2.309
-9999 -9999 -2.227 -9999 -9999 -9999 -9999 -2.24 -2.202 -2.259 -2.237 -2.134 -2.172 -2.267 -2.207 -9999 -2.207 -2.214 -2.262 -2.252 -2.242 -2.232 -2.204 -2.154 -2.252 -2.192 -2.177 -2.192 -2.229 -2.319 -2.314 -2.247 -2.202 -2.152 -2.224 -2.234 -2.207 -2.277 -2.224 -2.232 -2.194 -2.252 -2.24 -2.177 -2.234 -2.267 -2.222 -2.199 -2.207 -2.274 -2.299 -2.222 -9999 -2.142 -2.172 -2.094 -2.104 -2.229 -2.262 -2.299 -2.322 -2.337 -2.292 -9999 -9999 -9999 -2.212 -2.199 -2.219 -2.267 -2.274
-2.272 -2.294 -2.262 -9999 -9999 -9999 -9999 -9999 -9999 -9999 -2.277 -2.279 -2.204 -2.244 -2.254 -2.222 -2.274 -2.282 -2.269 -2.252 -2.214 -2.262 -2.187 -2.197 -2.237 -2.237 -2.224 -2.254 -2.227 -2.247 -2.277 -2.207 -2.132 -2.144 -2.229 -2.252 -2.154 -2.229 -2.304 -2.414 -2.242 -2.247 -2.162 -9999 -2.237 -2.257 -2.222 -2.214 -2.222 -2.269 -2.312 -9999 -9999 -9999 -2.194 -2.119 -2.082 -2.122 -2.229 -2.192 -2.177 -2.254 -2.287 -9999 -9999 -9999 -2.217 -2.192 -2.272 -2.277 -2.184
-2.249 -2.249 -9999 -9999 -9999 -9999 -9999 -9999 -9999 -9999 -2.187 -2.237 -9999 -9999 -2.292 -2.294 -2.492 -2.329 -2.199 -9999 -9999 -2.224 -2.229 -2.302 -9999 -9999 -2.209 -2.244 -2.207 -2.212 -2.282 -2.217 -2.197 -9999 -2.274 -2.269 -2.197 -2.294 -2.319 -2.134 -2.127 -2.237 -9999 -9999 -9999 -2.254 -2.184 -2.194 -2.212 -2.207 -2.212 -2.194 -9999 -2.247 -9999 -2.182 -2.112 -2.167 -2.194 -2.159 -2.209 -2.249 -2.264 -2.29 -9999 -9999 -2.222 -2.187 -2.259 -9999 -9999
-9999 -9999 -2.244 -9999 -9999 -9999 -9999 -9999 -9999 -9999 -2.174 -9999 -9999 -9999 -2.232 -2.309 -2.439 -2.407 -9999 -9999 -9999 -9999 -2.222 -9999 -9999 -2.287 -2.207 -2.212 -2.212 -2.167 -2.284 -2.339 -2.277 -9999 -9999 -2.26 -2.232 -2.284 -2.307 -2.247 -2.229 -9999 -9999 -9999 -9999 -2.227 -2.192 -2.182 -2.242 -2.252 -9999 -9999 -9999 -9999 -9999 -2.187 -2.154 -2.149 -2.169 -2.212 -2.262 -2.224 -2.309 -2.342 -2.244 -2.199 -2.224 -2.237 -2.234 -9999 -9999
-9999 -9999 -2.287 -9999 -9999 -9999 -9999 -2.127 -9999 -2.164 -2.219 -2.254 -2.282 -2.182 -2.164 -2.242 -2.292 -2.284 -2.33 -9999 -9999 -9999 -9999 -9999 -9999 -9999 -2.197 -2.202 -2.209 -9999 -2.277 -2.314 -9999 -9999 -9999 -2.262 -2.227 -2.234 -2.247 -2.267 -9999 -9999 -9999 -2.277 -2.28 -2.162 -2.224 -2.269 -2.287 -2.309 -9999 -9999 -2.267 -9999 -9999 -2.207 -2.247 -2.267 -2.202 -2.257 -2.277 -2.214 -2.269 -2.262 -2.187 -2.149 -2.277 -2.297 -2.279 -9999 -9999
-9999 -2.297 -2.214 -2.274 -2.267 -2.237 -2.257 -2.119 -2.177 -2.199 -2.247 -9999 -2.217 -2.107 -2.177 -2.234 -2.249 -9999 -9999 -9999 -2.217 -2.197 -9999 -9999 -9999 -2.227 -2.219 -2.222 -9999 -9999 -2.237 -2.139 -9999 -9999 -9999 -2.282 -2.202 -2.237 -2.284 -2.284 -2.297 -9999 -9999 -9999 -2.289 -2.182 -2.237 -2.289 -2.277 -2.284 -2.36 -2.322 -2.26 -2.214 -2.197 -2.24 -2.264 -2.262 -9999 -9999 -2.239 -2.209 -2.327 -2.227 -2.214 -2.269 -2.244 -2.254 -2.267 -2.26 -9999
-9999 -2.282 -2.252 -2.304 -2.299 -2.167 -2.212 -2.182 -2.259 -2.229 -9999 -9999 -9999 -2.214 -2.224 -2.229 -2.244 -9999 -9999 -9999 -2.2 -9999 -2.247 -2.247 -2.279 -2.229 -2.224 -2.224 -2.199 -2.202 -2.257 -2.174 -2.164 -2.194 -2.227 -2.212 -2.127 -2.174 -2.229 -2.267 -2.309 -9999 -9999 -9999 -2.287 -2.244 -2.247 -2.272 -2.239 -2.277 -2.282 -2.299 -2.269 -2.229 -2.219 -2.197 -2.187 -2.194 -9999 -9999 -2.232 -2.247 -2.282 -2.234 -2.189 -2.294 -2.322 -2.244 -9999 -9999 -2.167
-9999 -2.257 -2.272 -2.307 -2.334 -2.257 -2.242 -2.202 -2.209 -2.224 -9999 -9999 -9999 -2.22 -2.214 -2.202 -2.167 -2.257 -9999 -9999 -9999 -9999 -9999 -2.217 -2.179 -2.227 -2.257 -2.289 -2.179 -9999 -9999 -2.237 -2.247 -2.249 -2.257 -2.154 -2.054 -2.119 -2.167 -2.207 -2.207 -9999 -9999 -9999 -2.337 -2.297 -2.257 -2.217 -2.167 -2.244 -2.242 -2.274 -2.284 -2.229 -2.232 -2.257 -2.239 -2.194 -2.192 -9999 -2.227 -2.274 -2.264 -2.267 -2.264 -2.269 -2.352 -2.262 -9999 -9999 -9999
-2.227 -2.217 -2.274 -2.274 -2.357 -2.329 -2.309 -2.242 -9999 -2.177 -9999 -9999 -9999 -2.227 -2.162 -2.102 -2.154 -9999 -2.182 -9999 -9999 -9999 -2.187 -2.209 -2.189 -2.234 -2.237 -2.274 -2.202 -9999 -9999 -2.247 -9999 -2.24 -2.309 -9999 -9999 -9999 -2.204 -2.202 -2.174 -2.19 -9999 -9999 -2.324 -2.232 -2.192 -2.182 -2.159 -2.237 -2.317 -2.329 -2.282 -9999 -9999 -2.314 -2.294 -2.279 -2.282 -2.179 -2.214 -2.264 -9999 -9999 -2.324 -2.284 -2.269 -2.242 -9999 -9999 -9999
-2.162 -2.189 -2.212 -2.209 -2.267 -2.247 -2.187 -9999 -9999 -2.152 -2.137 -2.309 -2.444 -2.314 -2.174 -2.152 -9999 -9999 -2.159 -9999 -9999 -2.197 -2.237 -2.272 -2.262 -2.227 -2.214 -2.202 -2.207 -2.244 -9999 -2.24 -9999 -9999 -2.25 -9999 -9999 -9999 -2.232 -2.262 -2.204 -2.189 -2.232 -2.239 -2.272 -2.202 -2.197 -2.162 -2.219 -2.239 -2.297 -2.364 -2.329 -9999 -9999 -2.332 -2.367 -2.327 -2.299 -2.229 -2.192 -2.282 -9999 -9999 -2.317 -2.257 -2.222 -2.202 -2.164 -2.194 -2.227
-2.274 -2.232 -2.179 -2.192 -2.227 -2.262 -2.209 -9999 -2.197 -2.187 -2.209 -2.332 -2.337 -2.232 -2.184 -2.202 -2.237 -2.214 -2.184 -2.194 -9999 -2.282 -2.299 -9999 -9999 -9999 -2.217 -2.224 -2.237 -2.272 -2.287 -2.184 -2.237 -2.287 -2.277 -2.277 -2.267 -2.209 -2.214 -2.247 -2.192 -2.164 -2.209 -2.207 -2.244 -2.237 -2.234 -9999 -2.23 -2.229 -2.209 -9999 -9999 -9999 -9999 -2.307 -2.344 -2.342 -2.284 -2.267 -2.237 -2.254 -2.287 -2.267 -2.297 -2.247 -2.224 -2.294 -2.187 -2.207 -9999
-2.347 -2.259 -2.169 -2.192 -2.239 -2.302 -2.299 -2.232 -2.224 -2.174 -2.219 -2.282 -2.272 -2.199 -2.189 -2.257 -9999 -9999 -2.227 -2.234 -9999 -9999 -2.334 -9999 -9999 -9999 -2.247 -2.242 -2.252 -2.282 -2.257 -2.199 -2.204 -2.297 -2.254 -2.309 -2.309 -2.202 -2.204 -2.264 -2.264 -2.252 -2.197 -2.212 -2.202 -2.207 -2.212 -9999 -9999 -9999 -9999 -9999 -9999 -9999 -9999 -9999 -2.329 -2.294 -2.277 -2.262 -2.234 -2.252 -2.224 -2.237 -2.237 -2.242 -2.294 -9999 -9999 -9999 -9999
-2.279 -2.297 -2.229 -2.224 -2.209 -2.219 -2.232 -2.194 -2.172 -9999 -9999 -2.274 -2.224 -2.252 -2.199 -9999 -9999 -9999 -2.37 -2.289 -9999 -9999 -9999 -2.287 -9999 -9999 -2.182 -2.214 -2.212 -2.214 -2.219 -2.237 -2.179 -2.239 -9999 -9999 -9999 -2.299 -2.227 -2.277 -2.277 -2.279 -2.239 -2.214 -2.162 -9999 -2.234 -9999 -9999 -9999 -9999 -9999 -9999 -9999 -9999 -9999 -9999 -2.314 -2.279 -2.232 -2.182 -2.229 -9999 -9999 -2.217 -2.184 -2.219 -9999 -9999 -9999 -9999
