All_lidar/sz5688_DSM_2M.asc
ncols 500
nrows 500
xllcorner    456000
yllcorner    88000
cellsize     2
NODATA_value -9999
[rows 66 to 98 of 500, columns 150 to 224 of 500]
42.966 43.084 43.146 43.231 43.426 43.414 43.514 43.659 43.781 43.689 43.684 43.761 43.714 44.054 43.734 43.761 43.789 43.761 43.731 43.671 43.639 43.541 43.509 43.354 43.246 43.244 43.199 43.411 43.206 42.909 42.811 42.939 42.824 42.584 42.459 47.089 44.199 46.381 45.126 41.914 41.854 42.301 41.599 41.534 42.226 41.584 41.231 41.136 41.159 41.116 41.074 40.996 43.301 41.846 45.309 46.661 42.166 41.666 42.939 41.956 40.866 40.769 40.949 41.001 40.926 40.781 40.831 43.041 41.409 42.219 44.236 41.339 42.851 47.816 50.836
42.844 42.944 43.011 43.184 43.209 43.291 43.571 43.646 43.656 43.574 43.634 43.681 43.769 43.664 43.741 43.756 43.711 43.656 43.661 43.569 43.484 43.479 43.369 43.396 43.246 43.184 43.206 43.004 42.919 42.924 42.886 42.819 42.679 42.584 43.486 48.571 52.194 52.436 47.141 41.926 42.026 41.784 41.654 41.539 41.444 41.326 41.236 41.159 41.144 41.109 43.399 46.461 43.581 40.969 41.091 41.211 41.969 40.956 40.866 40.904 40.811 40.816 44.179 44.606 42.894 44.556 40.844 47.236 43.461 46.741 51.666 45.834 41.911 43.159 48.424
42.894 42.856 42.976 42.981 43.094 43.209 43.411 43.511 43.461 43.446 43.474 43.484 43.509 43.546 43.684 43.709 43.634 43.731 43.884 43.581 43.514 43.364 43.424 43.251 43.459 43.091 43.096 42.969 42.891 42.826 42.861 42.716 42.646 42.569 43.486 51.216 55.251 51.044 43.144 41.876 41.954 41.764 41.696 42.071 41.776 41.346 41.214 41.254 43.301 44.134 43.346 42.944 40.996 40.926 41.026 41.386 41.286 40.516 40.731 40.896 40.851 41.651 45.294 48.986 48.114 42.169 45.119 43.301 42.376 45.011 48.919 51.476 43.569 48.021 47.974
42.939 42.746 42.844 42.839 43.914 44.901 43.161 43.306 43.264 45.016 43.349 43.406 43.424 43.464 43.466 43.544 43.576 43.481 43.641 43.479 43.426 43.246 43.206 43.684 43.126 43.259 42.959 42.914 42.871 45.994 45.869 45.489 42.646 42.536 42.736 45.204 55.554 52.229 42.144 41.909 41.891 41.754 41.606 41.501 41.551 42.131 41.276 41.174 41.224 41.201 41.764 41.131 41.026 41.556 41.726 41.156 41.236 40.591 41.019 40.894 41.189 41.296 47.261 48.821 51.246 43.249 42.776 40.969 40.991 41.276 44.236 44.976 49.084 45.491 44.131
42.616 42.674 42.691 46.839 50.311 43.019 43.001 43.204 43.236 45.804 44.561 43.346 44.129 46.699 43.489 43.404 43.426 43.394 43.571 43.404 43.449 43.331 43.086 43.319 43.034 44.829 44.521 42.906 42.899 48.259 51.646 43.906 43.459 43.334 42.464 42.421 47.939 46.146 42.149 41.956 41.849 41.804 41.626 41.486 43.141 41.791 41.416 41.834 44.141 43.116 41.206 44.594 41.781 41.361 40.926 41.391 41.274 40.799 41.026 41.329 44.094 43.876 42.264 47.611 51.364 44.021 41.041 41.091 43.406 44.156 48.301 46.399 46.861 41.451 41.074
42.451 42.596 42.851 47.199 55.326 45.076 43.384 43.461 43.241 43.176 43.109 43.221 44.959 49.254 46.311 43.369 43.354 43.369 43.349 43.361 43.334 43.264 43.094 43.044 45.001 48.671 43.916 42.971 42.861 43.609 43.199 42.766 43.014 43.956 42.419 42.339 42.296 48.624 46.209 41.991 41.796 41.676 41.561 41.421 42.016 41.901 45.674 43.251 46.666 43.041 41.241 41.151 41.349 41.159 41.099 41.744 41.259 40.706 40.951 40.984 41.071 41.919 41.226 41.226 43.854 43.924 42.374 46.406 45.509 43.336 49.451 45.874 44.031 41.119 41.074
42.699 42.394 42.496 43.686 50.481 47.006 43.086 43.039 43.091 43.186 43.159 43.141 43.199 43.496 43.326 43.414 43.331 43.616 43.836 43.284 43.259 43.794 43.496 43.081 45.571 42.906 46.984 44.201 42.694 42.659 42.584 42.639 42.551 43.211 42.454 42.301 43.681 45.726 49.479 44.401 42.651 41.709 41.494 43.359 43.796 41.341 42.611 41.556 41.671 41.406 41.226 41.199 41.016 40.931 42.066 45.399 42.076 40.666 41.009 41.026 41.066 40.926 42.829 46.376 47.129 43.036 41.909 41.026 42.686 43.076 45.301 43.076 47.454 43.144 41.071
42.799 42.379 42.684 42.601 42.614 43.196 44.884 44.719 45.431 42.904 43.016 42.986 43.031 43.081 43.174 43.919 43.409 43.286 44.581 43.284 43.139 43.179 44.374 43.574 42.791 43.321 44.824 42.856 44.039 42.604 42.546 45.094 44.339 47.916 47.644 46.536 44.754 45.776 50.664 45.636 43.811 42.419 41.646 42.226 45.499 46.901 41.314 41.256 41.146 41.179 41.116 41.094 41.101 41.021 43.934 51.996 46.869 42.969 40.871 40.954 40.991 40.939 41.239 48.251 49.199 41.614 41.046 41.061 41.136 49.401 41.371 41.391 42.449 43.429 45.304
42.381 42.469 42.696 42.646 48.591 49.811 43.096 45.189 43.211 42.849 42.966 42.949 42.989 43.019 42.996 43.236 43.071 43.214 43.219 43.151 43.194 43.309 44.106 43.269 42.741 42.946 42.749 49.771 46.759 42.454 42.509 50.084 47.356 46.784 48.471 48.269 42.109 43.546 42.171 43.364 45.074 42.061 41.566 41.414 41.986 41.964 41.314 41.334 41.221 41.381 41.121 41.149 41.399 40.981 41.351 46.454 45.976 42.086 45.724 41.401 41.036 40.951 41.031 49.096 48.131 41.554 41.009 41.024 41.384 46.716 43.576 41.236 41.204 41.624 45.764
42.066 42.159 43.674 42.449 44.159 46.936 43.386 42.441 49.724 42.716 42.754 42.756 42.799 42.869 42.874 42.889 43.484 43.091 43.151 43.021 43.024 43.056 42.946 42.816 42.711 44.646 46.184 42.471 42.336 42.334 45.646 48.834 51.426 47.709 47.356 50.101 42.054 42.004 41.996 41.826 41.931 41.519 41.444 41.446 41.301 42.024 48.431 47.056 46.976 46.104 46.371 43.461 42.294 42.871 40.906 41.671 43.314 44.589 42.829 42.089 40.936 43.026 40.909 42.556 45.744 42.811 41.006 41.004 42.649 44.796 48.214 42.776 41.489 41.864 44.551
42.364 42.374 44.644 48.469 45.576 47.334 42.769 42.416 48.101 42.804 42.619 42.681 42.734 42.771 42.794 42.861 42.884 42.879 42.979 42.929 42.859 42.801 42.821 42.821 45.044 49.374 42.944 42.436 42.439 42.321 42.254 45.921 48.339 51.051 42.661 45.839 42.091 41.894 41.916 41.729 41.679 41.544 41.411 41.284 41.271 41.654 50.724 50.441 47.231 51.421 51.004 48.899 42.569 44.486 46.244 42.431 41.509 42.524 48.789 44.666 44.064 47.769 40.949 41.014 41.231 40.906 40.994 41.054 40.999 41.769 44.244 44.771 41.156 41.324 41.399
44.801 43.599 43.654 42.326 42.531 42.014 42.091 42.266 42.596 42.571 42.616 42.586 42.666 42.696 42.769 42.946 42.784 42.806 42.754 42.741 42.761 42.744 42.754 42.821 45.844 47.849 48.284 43.059 42.444 42.344 42.114 45.209 47.979 50.389 42.561 41.924 41.794 41.801 41.739 41.654 41.581 42.141 44.799 42.591 41.339 41.266 45.984 48.629 49.364 51.241 53.441 51.149 43.166 40.936 46.944 44.081 41.814 42.434 47.699 42.461 41.149 45.744 43.186 40.994 40.986 42.736 41.836 41.366 41.139 41.054 43.666 46.241 43.856 41.341 41.351
42.114 42.001 41.986 41.861 45.724 41.924 42.866 42.149 42.931 42.289 42.426 42.396 42.461 42.536 42.619 42.919 42.686 42.746 42.761 42.701 42.739 42.706 42.726 42.701 42.704 45.234 46.964 43.056 42.241 42.181 42.116 42.064 43.449 43.929 42.696 41.911 41.789 41.716 41.719 41.676 41.539 42.874 50.026 45.449 41.261 41.216 41.279 42.706 45.904 43.624 47.926 47.889 41.261 49.309 44.374 47.381 46.554 44.086 46.851 44.964 41.379 42.539 47.649 46.676 41.854 41.201 41.911 42.586 41.069 45.424 44.894 44.819 41.776 41.894 41.379
41.679 41.906 41.666 41.731 41.679 41.856 42.284 43.989 42.069 42.164 42.259 42.301 42.324 42.464 42.489 42.494 42.511 42.601 42.611 42.584 42.844 43.276 42.601 42.649 44.136 42.466 42.361 42.259 42.151 42.104 42.019 41.911 41.906 41.914 43.276 41.731 41.676 41.674 41.631 41.554 42.256 45.456 47.221 41.649 41.241 41.251 41.176 41.164 41.066 41.079 45.514 50.001 50.299 46.421 44.946 47.079 42.266 45.984 48.589 46.954 41.561 40.991 47.524 49.191 40.941 41.876 42.969 40.936 42.679 45.476 45.426 42.156 42.186 41.529 41.694
41.356 41.419 41.451 41.534 42.449 41.969 42.386 43.354 42.331 43.311 45.944 42.914 45.656 42.904 42.404 42.414 42.644 42.574 42.444 42.474 42.629 43.751 42.691 42.466 44.159 42.414 42.239 42.159 42.251 42.081 42.006 41.889 41.866 43.029 45.976 42.959 41.576 41.576 41.539 41.619 41.486 50.076 50.786 41.301 41.211 41.196 41.171 41.099 42.129 41.059 43.444 45.826 48.826 42.404 53.729 48.159 43.119 47.596 47.274 47.491 41.451 43.141 48.269 48.439 46.831 41.861 43.341 41.569 46.594 42.046 44.316 44.799 44.336 42.079 43.196
44.616 41.409 41.421 41.364 41.809 41.521 41.581 46.279 44.996 46.776 46.544 42.574 45.031 45.481 42.291 42.316 42.311 42.296 42.729 42.329 42.581 42.364 42.351 42.364 42.439 42.341 42.206 42.246 43.104 41.989 41.824 41.754 41.749 47.139 46.611 42.011 41.534 41.551 41.489 41.419 41.459 44.344 44.959 42.444 42.581 46.779 41.094 41.059 46.444 47.581 44.649 45.704 53.161 49.194 50.836 44.709 43.324 46.429 45.734 41.226 41.174 40.894 40.966 42.979 41.549 40.991 45.561 41.779 43.509 42.649 45.884 46.654 41.264 41.411 42.111
44.654 41.614 41.491 41.449 41.339 41.341 41.499 42.869 41.651 49.974 46.711 41.929 42.009 42.149 42.099 42.314 42.169 42.199 42.599 42.281 42.751 42.434 42.624 42.314 42.269 42.396 42.099 42.134 42.011 41.764 41.601 41.649 41.686 42.571 43.304 41.834 42.739 41.724 41.454 41.449 41.614 41.736 41.536 43.179 47.581 49.034 45.299 41.264 43.214 46.341 43.411 43.539 45.434 42.431 46.749 42.076 41.599 42.049 41.971 40.901 40.904 41.041 41.781 43.431 41.604 41.649 41.919 42.624 41.036 42.296 44.571 44.466 41.476 41.811 41.706
44.339 41.511 41.139 41.304 41.151 41.214 41.311 41.394 41.459 43.669 41.604 41.814 41.874 41.949 42.006 42.111 42.159 42.164 42.181 42.196 42.721 42.704 42.266 42.131 42.194 42.159 41.941 41.844 41.726 41.576 41.551 41.624 41.624 41.471 41.419 41.426 41.491 41.399 42.074 41.489 41.406 42.689 44.954 46.734 45.124 48.361 46.411 46.456 44.794 42.949 41.444 41.244 41.121 42.144 42.439 41.654 42.041 42.126 41.186 41.064 41.781 42.866 42.706 41.034 41.281 41.401 42.294 44.211 42.531 46.119 42.529 42.971 43.411 43.654 44.514
41.981 40.989 41.051 41.126 41.571 41.166 41.179 41.201 41.344 41.361 41.556 41.624 41.686 41.771 41.844 41.936 41.984 42.009 42.096 42.006 42.046 42.006 42.059 42.059 42.029 41.949 41.859 41.724 41.661 41.686 41.519 41.549 41.669 41.484 41.761 41.679 41.441 41.469 42.836 43.494 44.286 42.086 45.861 47.911 48.616 50.201 42.886 42.991 43.834 41.406 41.201 41.049 41.006 41.264 42.181 43.584 43.904 46.166 45.329 42.209 42.596 41.924 42.016 41.419 43.111 43.901 42.486 44.426 42.704 41.334 41.899 42.241 42.794 42.449 41.724
43.531 42.154 40.851 41.344 41.116 41.891 43.129 41.104 41.166 41.224 41.349 41.474 41.551 41.691 41.714 41.751 41.791 42.154 41.984 41.809 41.814 41.814 41.859 43.714 42.619 41.801 42.621 41.961 41.934 41.521 41.421 41.446 41.524 41.381 41.671 41.434 41.849 41.641 42.954 45.369 44.884 44.729 47.361 41.696 43.016 42.779 42.731 41.104 41.041 40.969 42.266 41.601 41.961 41.844 41.749 42.049 42.606 44.244 44.361 42.781 42.709 42.079 42.326 41.986 42.514 43.439 42.069 41.909 41.711 40.959 41.014 40.976 40.999 41.034 41.064
43.829 41.061 44.424 43.254 42.481 44.989 45.811 42.409 41.154 41.191 41.334 41.386 41.759 41.541 41.541 41.554 41.606 41.644 42.394 45.549 43.456 42.021 45.569 47.171 48.724 45.516 46.324 46.304 41.579 42.911 42.074 42.254 41.999 41.346 41.411 41.406 41.156 41.594 42.931 43.339 41.611 41.461 41.644 43.199 44.109 42.531 41.099 41.266 42.801 41.441 41.514 43.099 43.386 42.789 41.971 42.349 42.069 42.036 42.441 41.741 41.571 41.214 41.164 41.306 41.064 40.999 40.856 40.849 40.841 40.876 40.861 40.924 40.974 41.024 41.086
43.944 43.801 48.111 46.396 42.264 42.666 47.121 42.431 41.164 41.176 41.146 42.906 45.661 41.444 41.516 41.479 41.641 41.509 43.716 48.214 43.691 44.039 45.641 45.139 50.149 48.386 44.909 44.859 42.229 44.444 44.106 44.389 42.784 41.164 41.164 41.316 41.089 41.034 42.124 41.181 42.576 42.601 41.716 41.246 41.941 41.451 40.949 41.726 41.581 44.409 44.411 44.044 43.866 41.849 41.706 41.389 41.201 41.031 40.921 40.816 40.786 40.771 40.749 40.791 40.786 40.811 40.831 40.814 40.846 40.876 40.906 40.926 40.889 40.904 40.949
43.476 42.441 45.809 48.929 43.924 45.776 47.956 41.061 41.641 45.779 42.721 41.631 44.219 41.984 41.349 41.311 41.326 41.714 45.924 45.654 42.004 41.679 42.424 48.261 46.356 44.386 41.979 42.126 41.631 41.524 41.671 41.711 40.924 41.126 41.136 41.531 41.401 41.714 41.616 41.911 42.004 42.276 43.316 41.736 42.376 43.749 42.889 42.206 42.146 41.851 41.436 42.166 41.214 40.821 40.749 40.739 40.774 40.736 40.744 40.739 40.771 40.889 40.841 40.766 40.776 40.759 40.744 40.731 40.744 40.771 40.786 40.806 40.834 40.849 40.894
40.381 40.379 45.111 47.019 44.599 41.496 45.329 43.359 41.016 45.464 46.396 44.479 41.061 41.166 41.229 41.576 42.019 41.981 45.334 45.549 42.069 41.256 41.269 43.254 42.319 42.161 41.396 41.334 41.184 43.331 43.779 42.536 41.146 41.774 41.154 43.534 41.431 41.316 43.569 41.831 43.731 42.309 42.894 42.429 41.751 41.199 41.064 40.861 40.766 40.754 40.644 40.704 40.721 40.754 40.706 40.724 40.701 40.721 40.686 40.646 40.651 40.666 40.691 40.696 40.671 40.674 40.666 40.669 40.681 40.704 40.709 40.749 40.764 40.786 40.829
41.131 40.349 43.561 46.024 41.704 45.559 46.536 42.229 40.821 43.831 46.931 43.996 41.531 41.229 41.056 41.729 41.136 41.919 42.951 46.601 44.684 42.254 41.361 41.441 41.379 41.956 41.339 41.484 42.201 43.759 43.789 42.316 45.411 44.224 43.196 41.639 42.266 42.381 41.439 41.026 41.431 40.934 40.889 40.791 40.744 40.774 40.756 40.724 40.691 40.729 40.686 40.666 40.644 40.606 40.586 40.584 40.579 40.589 40.574 40.556 40.554 40.569 40.599 40.589 40.589 40.601 40.591 40.611 40.631 40.639 40.679 40.704 40.711 40.739 40.769
41.321 41.811 43.081 44.436 45.386 42.654 43.364 42.179 40.906 42.599 41.886 43.296 41.854 44.764 41.701 42.849 43.536 44.156 42.481 42.239 43.094 44.071 42.819 42.976 43.519 42.606 43.016 42.176 42.416 43.106 43.549 42.621 43.644 43.881 43.261 41.006 41.201 40.961 40.786 40.726 40.729 40.779 40.769 40.764 40.804 40.651 40.744 40.664 40.614 40.594 40.591 40.561 40.554 40.524 40.514 40.504 40.496 40.506 40.489 40.499 40.501 40.499 40.499 40.516 40.536 40.569 40.589 40.581 40.569 40.606 40.646 40.669 40.711 40.711 40.736
40.906 40.711 41.331 41.899 41.634 41.206 40.726 41.049 41.004 41.571 41.406 41.226 41.519 41.749 41.404 42.389 42.769 41.771 41.809 41.956 42.121 42.109 42.186 41.931 41.544 41.211 41.439 41.071 40.961 41.014 40.851 40.806 40.916 40.821 40.811 40.821 40.784 40.764 40.766 40.689 40.681 40.636 40.609 40.599 40.579 40.514 40.499 40.501 40.506 40.461 40.469 40.471 40.474 40.474 40.466 40.456 40.451 40.484 40.491 40.491 40.476 40.474 40.476 40.474 40.491 40.524 40.544 40.509 40.549 40.554 40.551 40.614 40.614 40.646 40.669
39.924 39.966 40.014 40.064 40.084 40.191 40.239 40.269 40.299 40.366 40.436 40.476 40.541 40.639 40.679 40.751 40.754 40.799 40.829 40.884 40.844 40.861 40.851 40.829 40.839 40.846 40.871 40.814 40.844 40.806 40.836 40.806 40.776 40.766 40.696 40.659 40.616 40.614 40.586 40.554 40.536 40.504 40.491 40.476 40.471 40.439 40.421 40.409 40.416 40.431 40.414 40.446 40.429 40.466 40.446 40.464 40.451 40.449 40.429 40.466 40.444 40.441 40.426 40.449 40.446 40.439 40.449 40.454 40.456 40.471 40.504 40.536 40.574 40.594 40.634
39.829 39.911 39.934 40.074 40.356 40.551 40.901 40.874 40.771 40.614 40.561 40.501 40.671 40.711 40.636 40.694 40.691 40.851 40.864 40.934 40.941 41.121 41.129 41.096 41.101 40.879 40.796 40.786 40.721 40.696 40.674 40.616 40.604 40.576 40.516 40.549 40.476 40.456 40.459 40.454 40.449 40.436 40.426 40.426 40.444 40.414 40.406 40.391 40.399 40.386 40.409 40.439 40.429 40.446 40.434 40.399 40.406 40.394 40.396 40.431 40.414 40.404 40.404 40.449 40.429 40.434 40.429 40.416 40.446 40.476 40.489 40.529 40.531 40.556 40.594
39.679 39.731 39.764 39.826 39.931 40.071 40.191 40.264 40.216 40.174 40.216 40.256 40.311 40.426 40.459 40.504 40.514 40.571 40.624 40.629 40.601 40.606 40.686 40.651 40.631 40.621 40.609 40.584 40.566 40.536 40.539 40.516 40.551 40.526 40.486 40.484 40.444 40.411 40.411 40.411 40.414 40.394 40.426 40.394 40.379 40.381 40.381 40.366 40.369 40.349 40.349 40.354 40.371 40.354 40.321 40.359 40.371 40.384 40.404 40.441 40.451 40.459 40.449 40.406 40.414 40.396 40.376 40.364 40.416 40.431 40.439 40.441 40.461 40.484 40.469
39.481 39.544 39.594 39.659 39.709 39.776 39.839 39.906 39.984 40.024 40.064 40.104 40.159 40.214 40.284 40.359 40.394 40.389 40.439 40.444 40.449 40.441 40.451 40.451 40.469 40.506 40.486 40.496 40.494 40.449 40.459 40.469 40.504 40.464 40.429 40.414 40.391 40.376 40.351 40.351 40.354 40.354 40.389 40.344 40.341 40.324 40.309 40.321 40.344 40.314 40.336 40.356 40.349 40.336 40.346 40.379 40.379 40.391 40.369 40.389 40.419 40.419 40.359 40.324 40.314 40.279 40.286 40.269 40.314 40.369 40.376 40.394 40.434 40.441 40.469
39.406 39.446 39.501 39.586 39.646 39.721 39.784 39.846 39.934 39.986 40.036 40.049 40.106 40.184 40.224 40.281 40.296 40.304 40.369 40.386 40.389 40.414 40.431 40.441 40.479 40.466 40.446 40.451 40.416 40.401 40.404 40.409 40.391 40.351 40.359 40.364 40.326 40.301 40.326 40.334 40.304 40.349 40.351 40.336 40.326 40.309 40.331 40.361 40.346 40.324 40.336 40.351 40.341 40.331 40.316 40.314 40.321 40.314 40.264 40.294 40.291 40.294 40.264 40.239 40.254 40.266 40.271 40.294 40.314 40.319 40.354 40.414 40.444 40.459 40.469
39.359 39.394 39.436 39.511 39.606 39.674 39.754 39.764 39.836 39.894 39.976 40.006 40.066 40.119 40.159 40.226 40.269 40.264 40.271 40.281 40.264 40.314 40.331 40.326 40.339 40.339 40.309 40.314 40.324 40.321 40.314 40.309 40.301 40.294 40.276 40.299 40.276 40.274 40.296 40.336 40.349 40.344 40.324 40.336 40.344 40.299 40.319 40.294 40.264 40.274 40.211 40.241 40.226 40.189 40.199 40.211 40.194 40.199 40.221 40.246 40.246 40.279 40.301 40.286 40.296 40.281 40.276 40.246 40.284 40.326 40.379 40.429 40.439 40.446 40.484
