All_lidar/sz5685_DSM_2M.asc
ncols 500
nrows 500
xllcorner    456000
yllcorner    85000
cellsize     2
NODATA_value -9999
[rows 320 to 351 of 500, columns 72 to 143 of 500]
38.122 37.982 38 38.527 37.957 38.055 40.007 42.297 42.825 41.415 38.425 37.7 37.967 37.27 37.217 37.165 37.122 37.085 37.092 36.637 39.85 41.547 42.6 41.415 39.195 36.772 37.437 35.585 35.587 35.767 35.642 36.992 37.337 38.43 37.295 36.242 36.225 36.882 38.957 40.835 42.135 43.537 44.325 43.315 41.932 40.607 39.56 39.95 40.267 36.362 35.202 35.272 34.297 34.06 33.985 33.967 33.915 33.862 33.805 33.74 33.717 33.662 33.587 33.545 33.542 33.472 33.432 33.422 33.375 33.325 34.672 35.297
37.975 37.98 37.942 37.93 38.025 38.03 40.085 41.972 42.89 41.685 39.047 37.522 37.55 37.412 37.23 37.135 37.072 37.025 37.062 36.742 39.352 41.682 42.567 41.26 38.66 36.652 36.71 35.58 35.54 35.535 35.525 35.532 35.557 35.65 35.847 36.015 35.832 35.935 36.207 39.19 41.072 42.43 43.75 44.2 43.057 41.737 40.392 39.072 39.207 35.22 35.165 35.262 34.372 33.987 33.935 33.877 33.847 33.78 33.75 33.692 33.645 33.61 33.577 33.52 33.497 33.44 33.402 33.377 33.35 33.28 34.61 34.922
37.865 37.915 37.927 37.907 37.932 37.957 39.53 41.595 42.025 41.645 39.42 37.437 37.642 37.22 37.127 37.06 37.02 36.95 37.18 36.625 39.842 41.802 42.415 41.055 38.405 36.89 36.282 35.675 35.507 35.522 35.5 35.515 35.48 35.467 35.492 35.417 35.44 35.405 35.515 37.282 39.702 41.285 42.587 43.97 44.042 42.835 41.347 38.19 35.685 35.16 35.17 34.927 34.395 33.967 33.875 33.822 33.77 33.69 33.69 33.645 33.597 33.547 33.527 33.502 33.447 33.417 33.345 33.312 33.3 33.217 34.642 34.69
37.655 37.805 37.837 38.337 38.07 37.73 38.227 40.467 40.175 39.585 38.512 37.355 39.022 37.415 36.982 37.1 37.122 37.03 37.412 37.687 40.512 42.027 42.36 41.012 39.995 38.5 36.27 35.757 35.505 35.495 35.472 35.465 35.455 35.44 35.4 35.39 35.4 35.377 35.355 35.705 37.65 40.207 41.497 42.912 44.182 43.925 38.955 35.447 35.127 35.095 35.13 34.877 34.31 33.897 33.802 33.775 33.712 33.67 33.63 33.575 33.54 33.512 33.472 33.462 33.427 33.392 33.33 33.277 33.247 33.14 34.955 33.48
37.282 37.32 37.522 37.64 37.94 37.61 37.825 39.052 37.74 37.872 37.42 37.245 37.28 37.04 36.867 37.16 37.035 36.905 37.84 37.265 40.62 42.115 42.275 41.4 41.327 39.532 35.92 35.562 35.455 35.447 35.435 35.425 35.422 35.42 35.4 35.4 35.38 35.355 35.365 35.36 36.17 37.792 40.457 41.81 41.975 38.785 35.225 35.112 35.085 35.137 35.025 34.57 34.105 33.822 33.772 33.737 33.67 33.64 33.587 33.545 33.502 33.472 33.442 33.417 33.4 33.34 33.277 33.282 33.21 33.28 35.432 33.66
37.08 37.015 36.987 37.07 37.797 37.767 39.175 40.1 37.63 37.302 37.185 37.14 37.11 36.912 36.732 36.872 36.972 36.8 36.71 36.772 39.007 40.565 39.842 39.832 40.047 36.737 35.81 35.502 35.477 35.432 35.42 35.407 35.422 35.372 35.387 35.37 35.352 35.35 35.325 35.315 35.402 36.715 38.45 39.97 37.272 35.237 35.097 35.045 35.115 35.005 34.702 34.27 33.872 33.807 33.732 33.68 33.627 33.575 33.53 33.5 33.447 33.402 33.402 33.35 33.327 33.305 33.247 33.21 33.175 33.162 35.235 33.647
37.002 36.94 36.897 36.892 36.887 36.992 37.422 38.43 37.535 37.325 37.512 37.517 37.067 37.222 36.667 36.705 36.77 36.717 36.89 36.6 38.825 38.512 37.04 36.47 37.155 37.075 35.822 35.455 35.437 35.417 35.392 35.375 35.357 35.337 35.357 35.337 35.335 35.315 35.317 35.297 35.28 35.352 35.817 35.64 35.192 35.12 35.045 34.995 34.837 34.542 34.267 33.965 33.772 33.755 33.705 33.617 33.575 33.52 33.46 33.45 33.425 33.382 33.345 33.34 33.28 33.242 33.215 33.16 33.14 33.425 34.847 32.69
37.345 36.972 37.51 36.965 37.025 37.382 36.88 37.347 37.127 37.225 37.855 37.645 37.735 38.36 37.83 37.32 36.76 36.605 36.725 37.577 39.505 39.762 37.755 36.38 36.427 37.83 35.487 35.417 35.392 35.387 35.355 35.32 35.325 35.322 35.337 35.287 35.305 35.3 35.275 35.215 35.222 35.247 35.225 35.225 35.122 35.087 34.955 34.702 34.37 34.102 33.897 33.765 33.695 33.657 33.602 33.565 33.53 33.495 33.435 33.415 33.377 33.347 33.307 33.285 33.25 33.207 33.165 33.142 33.065 33.367 35.292 32.762
39.472 40.072 39.052 38.005 37.42 36.657 36.622 36.737 37.595 37.255 37.252 36.85 37.71 37.895 38.337 38.367 38.062 36.92 36.622 37.327 39.205 39.317 37.1 36.272 36.587 37.19 35.722 35.345 35.36 35.382 35.36 35.317 35.352 35.32 35.312 35.297 35.29 35.24 35.24 35.225 35.197 35.205 35.185 35.18 35.112 34.925 34.62 34.302 34.072 33.89 33.792 33.697 33.652 33.607 33.547 33.505 33.465 33.432 33.405 33.365 33.335 33.315 33.277 33.257 33.21 33.182 33.1 33.077 33.012 33.455 35.12 32.18
39.987 41.22 40.845 40.527 39.665 38.38 37.055 37.047 37.585 37.195 36.712 36.4 36.39 36.262 36.462 37.52 37.937 38.175 36.77 36.38 36.492 37.382 36.777 36.222 36.425 36.235 35.517 35.352 35.367 35.31 35.3 35.282 35.305 35.272 35.292 35.247 35.26 35.23 35.202 35.202 35.192 35.222 35.155 35.092 34.91 34.645 34.34 34.107 33.92 33.82 33.745 33.67 33.632 33.557 33.5 33.475 33.437 33.395 33.352 33.315 33.282 33.257 33.24 33.21 33.16 33.12 33.07 33.052 32.99 33.245 34.402 31.907
40.865 41.992 41.927 41.547 41.21 40.25 37.17 37.567 37.197 36.59 36.38 36.27 36.222 36.177 36.15 36.157 36.072 36.13 36.282 36.392 36.515 36.402 36.655 37.6 36.6 35.732 35.43 35.3 35.437 35.245 35.29 35.325 35.26 35.33 35.385 35.302 35.185 35.182 35.162 35.14 35.85 38.185 37.972 36.012 34.767 34.405 34.135 33.967 33.837 33.777 33.702 33.632 33.575 33.52 33.47 33.427 33.397 33.367 33.317 33.287 33.255 33.217 33.195 33.15 33.12 33.065 33.185 33.047 32.947 35.197 35.43 31.757
40.472 41.162 41.545 42.075 42.05 40.272 36.435 36.822 37.107 36.405 36.292 36.212 36.16 36.127 36.087 36.025 36.045 36.02 36.09 36.175 36.17 36.052 36.865 36.947 37.387 35.607 35.427 35.34 35.67 35.482 35.38 35.432 35.24 35.235 35.207 35.135 35.097 35.18 35.23 35.167 35.137 35.875 36.567 34.867 35.422 34.322 34.055 33.88 33.815 33.737 33.662 33.62 33.57 33.525 33.467 33.422 33.395 33.34 33.292 33.252 33.225 33.197 33.145 33.197 34.355 35.075 33.812 33.182 33.08 35.4 34.715 31.677
38.177 40.017 40.445 41.032 41.142 37.975 36.37 36.335 36.972 36.392 36.197 36.137 36.047 36.02 35.985 35.957 35.937 35.95 35.987 36.025 35.905 35.91 35.817 35.677 38.17 38.637 36.927 35.655 35.395 35.462 35.647 35.395 35.34 35.172 35.142 35.012 34.975 34.995 34.887 34.88 34.872 39.562 36.282 35.082 40.63 37.53 35.362 33.922 33.82 33.747 33.66 33.607 33.55 33.485 33.442 33.38 33.32 33.3 33.252 33.23 33.187 33.302 33.177 33.662 35.857 36.12 33.935 33.057 33.147 35.342 34.24 31.532
36.592 36.502 38.3 39.68 40.027 36.795 36.355 36.355 37.137 36.44 36.06 35.99 35.917 35.885 35.907 35.962 35.827 35.822 35.85 35.862 35.765 35.755 35.697 36.452 38.505 38.58 38.537 37.077 35.475 35.582 37.7 38.12 36.98 37.015 36.237 34.825 34.787 34.75 34.712 34.642 34.627 35.462 34.922 34.56 36.66 41.4 36.912 33.992 33.897 33.837 33.72 33.637 33.572 33.467 33.397 33.335 33.277 33.247 33.21 33.195 33.202 33.195 33.14 33.312 34.077 34.37 32.95 33.02 33.6 34.142 33.887 31.49
36.685 36.447 36.437 36.815 37.7 36.33 36.425 36.282 36.695 36.022 35.935 35.88 35.867 35.762 35.787 35.762 35.727 35.667 35.712 35.752 35.695 35.652 35.59 36.195 38.555 38.592 38.557 37.257 36.587 36.38 37.755 38.367 38.377 38.352 37.365 34.88 34.682 34.63 34.58 34.525 34.44 34.4 34.327 34.25 34.312 37.54 35.99 33.927 33.847 34.95 34.972 33.822 35.407 34.725 33.875 33.307 33.277 33.402 33.137 33.112 33.325 33.272 33.127 33.142 33.037 32.95 33.39 33.212 33.202 35.235 34.547 31.402
36.287 36.437 36.445 36.395 36.275 36.302 36.372 36.277 36.35 35.897 35.795 35.782 35.732 35.66 35.667 35.727 35.575 35.58 35.587 35.662 35.64 35.52 35.51 37.155 38.562 38.555 38.56 36.717 38.417 37.55 38.327 38.362 38.382 38.37 37.18 34.562 34.562 34.487 34.442 34.395 34.342 34.262 34.17 34.087 34.047 33.962 33.895 33.875 33.802 34.86 34.335 33.825 35.485 36.097 35.767 35.482 35.607 35.37 35.537 34.705 33.597 32.872 32.845 33.257 32.95 32.982 32.9 32.76 32.85 35.415 33.025 31.367
36.135 36.105 36.055 35.997 36.332 36.302 36.135 36.382 35.95 35.697 35.625 35.612 35.512 35.472 35.505 35.475 35.465 35.445 35.48 35.487 35.515 35.447 35.405 37.212 38.422 38.42 38.365 36.162 36.687 36.815 38.092 37.83 38.235 38.345 36.887 34.487 34.46 34.412 34.365 34.295 34.23 34.152 34.105 34.04 33.985 33.915 33.87 33.835 33.752 33.94 33.51 33.44 33.412 33.292 33.222 33.612 33.932 34.33 34.7 35.102 35.687 35.387 35.507 34.227 33.98 34.012 33.557 33.44 33.9 35.345 32.25 31.29
35.997 35.98 35.975 35.93 35.875 35.822 35.827 35.747 35.617 35.542 35.477 35.445 35.362 35.3 35.31 35.287 35.257 35.257 35.275 35.26 35.27 35.28 35.297 35.402 35.487 35.245 35.325 35.875 35.8 36.187 36.125 35.63 35.472 34.702 35.412 34.475 34.34 34.312 34.287 34.235 34.17 34.092 34 33.962 33.87 33.835 33.795 33.77 34.11 34.1 33.43 33.357 33.31 33.212 33.085 33.02 32.965 32.89 32.757 32.725 33.855 34.745 35.17 35.55 35.317 35.985 35.432 34.9 34.602 34.772 31.942 31.247
35.945 35.94 35.922 35.857 35.817 35.8 35.757 35.707 35.562 35.46 35.377 35.317 35.257 35.197 35.155 35.125 35.087 35.112 35.115 35.142 35.15 35.182 35.122 35.212 34.87 34.835 34.807 34.79 34.862 34.682 35.017 35.23 35.142 34.687 35.827 35.902 34.837 34.232 34.272 34.787 34.8 34.14 33.935 33.897 33.837 33.78 33.75 33.69 33.87 33.602 33.32 33.23 33.232 33.132 33.012 32.93 32.895 32.792 32.65 32.775 33.977 33.195 33.5 33.795 33.84 33.02 32.9 33.08 33.057 32.032 31.257 31.2
35.95 35.942 35.917 35.797 35.72 35.735 35.74 35.69 35.542 35.39 35.325 35.225 35.19 35.095 35.017 35.002 34.982 34.975 34.97 34.967 34.935 34.917 34.847 34.777 34.76 34.74 34.655 34.627 34.57 34.557 34.452 34.37 34.362 34.327 34.315 34.292 34.14 34.112 34.215 34.57 35.485 35.035 33.977 34.097 33.772 33.715 33.877 33.765 34.107 33.322 33.242 33.127 33.107 33.027 32.93 32.882 32.832 32.712 32.567 32.847 34.217 32.76 33.027 31.96 31.55 31.54 31.475 31.442 31.41 31.362 31.227 31.172
35.955 35.957 35.862 35.772 35.692 35.7 35.692 35.612 35.475 35.302 35.185 35.117 35.042 34.97 34.912 34.89 34.875 34.895 34.87 34.825 34.8 34.77 34.695 34.617 34.625 34.607 34.565 34.51 34.475 34.412 34.34 34.287 34.277 34.215 34.14 34.112 34.037 34.012 33.945 33.892 33.812 33.755 33.655 33.577 33.507 33.46 34.115 33.942 33.505 33.2 33.132 33.072 33.027 32.972 32.83 32.807 32.745 32.625 32.462 33.14 34.36 33.105 32.815 31.61 31.47 31.457 31.45 31.42 31.34 31.282 31.187 31.127
36.002 35.965 35.895 35.812 35.67 35.615 35.56 35.43 35.245 35.12 35.005 34.952 34.872 34.795 34.772 34.762 34.805 34.8 34.765 34.762 34.717 34.625 34.517 34.495 34.482 34.495 34.437 34.447 34.36 34.285 34.207 34.182 34.18 34.102 34.04 34.05 33.97 33.92 33.862 33.815 33.75 33.667 33.58 33.5 33.417 33.322 33.287 33.197 33.14 33.102 33 32.982 32.945 32.855 32.77 32.745 32.632 32.552 32.327 33.167 34.245 33.762 32.677 31.452 31.465 31.462 31.457 31.427 31.347 31.287 31.18 31.037
38.022 37.085 36.057 35.732 35.602 35.39 35.192 35.077 34.952 34.86 34.842 34.795 34.737 34.692 34.645 34.622 34.705 34.737 34.685 34.667 34.585 34.515 34.42 34.375 34.39 34.36 34.347 34.31 34.257 34.17 34.1 34.082 34.072 34.032 33.952 33.922 33.852 33.847 33.76 33.715 33.67 33.57 33.507 33.397 33.277 33.217 33.182 33.092 33.067 32.985 32.882 32.882 32.83 32.762 32.662 32.635 32.532 32.427 32.222 33.44 34.12 33.587 32.24 31.427 31.432 31.382 31.34 31.325 31.287 31.18 31.102 30.997
39.74 40.45 39.592 37.472 35.575 35.212 34.952 34.83 34.747 34.692 34.662 34.657 34.63 34.582 34.552 34.495 34.555 34.605 34.595 34.527 34.442 34.347 34.277 34.262 34.26 34.25 34.232 34.192 34.12 34.047 34 34 33.95 33.912 33.847 33.807 33.732 33.687 33.63 33.585 33.505 33.447 33.372 33.282 33.177 33.117 33.082 33.01 32.965 32.867 32.8 32.782 32.71 32.637 32.557 32.507 32.405 32.312 32.135 33.41 34.15 33.252 31.87 31.325 31.4 31.332 31.292 31.212 31.16 31.122 31.005 30.922
40.002 40.565 40.177 39.49 38.84 37.942 36.402 34.987 34.622 34.595 34.575 34.54 34.542 34.505 34.445 34.405 34.435 34.492 34.447 34.405 34.307 34.225 34.165 34.142 34.137 34.11 34.11 34.062 33.995 33.932 33.875 33.857 33.827 33.787 33.727 33.695 33.622 33.57 33.53 33.487 33.37 33.335 33.257 33.165 33.035 33.017 32.965 32.897 32.85 32.78 32.715 32.675 32.602 32.507 32.432 32.395 32.297 32.182 32.122 33.977 33.965 32.432 31.472 31.302 31.297 31.262 31.202 31.112 31.077 30.992 30.897 30.777
40.247 40.57 39.932 39.265 38.697 38.492 38.315 38.14 36.527 34.592 34.5 34.472 34.49 34.425 34.302 34.302 34.335 34.347 34.315 34.262 34.172 34.107 34.055 34.01 34.012 33.985 33.977 33.917 33.845 33.792 33.78 33.74 33.722 33.64 33.6 33.567 33.492 33.43 33.387 33.352 33.265 33.237 33.147 33.065 32.947 32.912 32.892 32.825 32.78 32.7 32.61 32.572 32.47 32.38 32.315 32.3 32.19 32.077 31.905 33.185 32.665 31.855 31.265 31.22 31.185 31.13 31.115 31.01 30.967 30.917 30.785 30.725
40.512 40.367 39.71 38.955 38.62 38.432 38.232 37.73 34.735 34.592 34.415 34.4 34.385 34.26 34.187 34.185 34.215 34.237 34.197 34.115 34.017 33.942 33.907 33.877 33.882 33.855 33.83 33.77 33.722 33.66 33.642 33.642 33.59 33.525 33.48 33.427 33.355 33.295 33.29 33.202 33.15 33.102 33.015 32.962 32.835 32.822 32.797 32.737 32.707 32.562 32.49 32.455 32.35 32.252 32.19 32.16 32.082 31.927 31.937 33.737 32.692 31.572 31.162 31.112 31.082 31.077 30.985 30.947 30.9 30.845 30.732 30.65
40.582 40.127 39.425 38.792 38.557 38.345 38.182 36.815 34.705 34.37 34.355 34.332 34.305 34.137 34.102 34.077 34.107 34.092 34.072 33.977 33.87 33.802 33.757 33.745 33.732 33.692 33.677 33.61 33.562 33.512 33.475 33.497 33.457 33.382 33.31 33.272 33.232 33.167 33.142 33.075 33.04 32.952 32.915 32.822 32.73 32.707 32.665 32.615 32.58 32.462 32.37 32.335 32.25 32.127 32.087 32.05 31.977 31.812 31.817 33.475 32.302 31.367 31.03 31.04 30.997 31.002 30.927 30.875 30.8 30.737 30.645 30.592
40.522 39.907 39.167 38.702 38.495 38.302 38.107 36.812 34.427 34.38 34.31 34.255 34.185 34.09 34.02 33.972 33.992 33.972 33.93 33.842 33.742 33.652 33.592 33.587 33.557 33.535 33.505 33.425 33.365 33.337 33.35 33.33 33.29 33.22 33.192 33.152 33.102 33.057 33.03 32.952 32.905 32.83 32.757 32.685 32.602 32.567 32.537 32.515 32.467 32.36 32.27 32.212 32.137 32.007 31.967 31.937 31.855 31.692 31.625 31.845 31.587 31.19 30.985 30.952 30.91 30.89 30.835 30.765 30.715 30.655 30.562 30.525
40.372 39.655 38.967 38.63 38.425 38.232 38.027 35.262 34.39 34.35 34.3 34.21 34.087 34.037 33.94 33.892 33.9 33.855 33.8 33.717 33.565 33.49 33.44 33.44 33.407 33.397 33.345 33.292 33.24 33.187 33.217 33.182 33.135 33.07 33.057 33.002 32.945 32.91 32.87 32.837 32.755 32.702 32.617 32.545 32.472 32.442 32.397 32.377 32.312 32.215 32.142 32.095 31.992 31.892 31.887 31.82 31.722 31.59 31.62 31.645 31.875 31.312 30.892 30.862 30.852 30.815 30.77 30.727 30.675 30.577 30.502 30.432
40.112 39.44 38.777 38.547 38.35 38.132 37.905 34.765 34.39 34.337 34.252 34.195 34.067 33.947 33.885 33.812 33.755 33.715 33.662 33.547 33.412 33.322 33.265 33.277 33.262 33.227 33.197 33.152 33.077 33.045 33.05 33.045 33.005 32.91 32.902 32.87 32.827 32.747 32.72 32.687 32.635 32.562 32.515 32.407 32.362 32.34 32.27 32.242 32.18 32.085 32.03 31.977 31.852 31.745 31.78 31.707 31.592 31.452 32.055 32.522 31.532 30.925 30.82 30.84 30.757 30.727 30.68 30.637 30.59 30.457 30.417 30.387
39.862 39.135 38.687 38.465 38.287 38.075 36.55 34.43 34.375 34.257 34.232 34.092 34.012 33.867 33.787 33.707 33.647 33.637 33.497 33.387 33.287 33.162 33.115 33.137 33.13 33.077 33.03 33.005 32.932 32.902 32.917 32.895 32.857 32.795 32.772 32.747 32.69 32.64 32.585 32.54 32.487 32.42 32.375 32.275 32.22 32.225 32.165 32.135 32.042 31.937 31.885 31.825 31.73 31.635 31.647 31.59 31.477 31.36 32.18 32.127 31.055 30.727 30.78 30.74 30.692 30.635 30.61 30.577 30.51 30.427 30.35 30.285
