All_lidar/sz5687_DSM_2M.asc
ncols 500
nrows 500
xllcorner    456000
yllcorner    87000
cellsize     2
NODATA_value -9999
[rows 217 to 247 of 500, columns 284 to 354 of 500]
67.645 67.542 67.397 67.29 67.187 67.117 67.062 67.085 67.15 67.237 67.372 67.46 67.572 67.665 67.785 67.85 67.942 68.03 68.16 68.267 68.387 68.532 68.667 68.792 68.942 69.11 69.25 69.395 69.515 69.647 69.77 69.885 70.007 70.157 70.312 70.452 70.617 70.78 70.922 71.047 71.2 71.32 71.457 71.6 71.717 71.857 71.982 72.097 72.217 72.34 72.447 72.525 72.642 72.76 72.865 72.95 73.042 73.14 73.237 73.347 73.472 73.59 73.705 73.827 73.947 74.06 74.185 74.27 74.387 74.505 74.627
67.78 67.665 67.537 67.407 67.305 67.235 67.175 67.172 67.235 67.33 67.45 67.555 67.682 67.785 67.897 67.982 68.087 68.182 68.282 68.397 68.532 68.652 68.805 68.94 69.1 69.245 69.377 69.517 69.652 69.76 69.867 70.027 70.165 70.3 70.432 70.59 70.73 70.897 71.022 71.162 71.292 71.442 71.585 71.7 71.812 71.955 72.09 72.212 72.332 72.442 72.552 72.67 72.78 72.877 72.982 73.097 73.225 73.287 73.39 73.467 73.582 73.707 73.822 73.957 74.065 74.182 74.31 74.425 74.522 74.635 74.757
67.877 67.765 67.662 67.56 67.437 67.357 67.287 67.29 67.352 67.45 67.565 67.68 67.795 67.905 68.012 68.11 68.207 68.32 68.422 68.53 68.68 68.797 68.937 69.095 69.22 69.355 69.5 69.657 69.775 69.89 70.012 70.145 70.287 70.407 70.567 70.68 70.85 70.997 71.13 71.277 71.432 71.545 71.685 71.8 71.935 72.065 72.197 72.322 72.455 72.56 72.66 72.8 72.887 72.99 73.097 73.21 73.315 73.4 73.495 73.607 73.72 73.862 73.952 74.08 74.207 74.325 74.432 74.577 74.677 74.782 74.922
68.027 67.94 67.827 67.72 67.6 67.52 67.45 67.435 67.487 67.582 67.682 67.815 67.915 68.05 68.147 68.23 68.347 68.425 68.547 68.67 68.782 68.922 69.075 69.215 69.347 69.487 69.605 69.732 69.857 70.01 70.13 70.25 70.395 70.525 70.665 70.81 70.965 71.11 71.265 71.387 71.525 71.665 71.785 71.92 72.05 72.19 72.315 72.44 72.545 72.662 72.777 72.885 72.997 73.12 73.22 73.34 73.427 73.545 73.63 73.755 73.865 73.967 74.12 74.232 74.367 74.47 74.6 74.72 74.83 74.955 75.062
68.15 68.065 67.962 67.865 67.76 67.682 67.632 67.58 67.625 67.695 67.782 67.925 68.045 68.16 68.26 68.38 68.472 68.592 68.685 68.827 68.92 69.055 69.177 69.32 69.44 69.567 69.692 69.835 69.985 70.122 70.252 70.39 70.512 70.642 70.78 70.915 71.075 71.207 71.365 71.512 71.637 71.765 71.907 72.03 72.152 72.315 72.43 72.53 72.665 72.787 72.887 73.025 73.125 73.26 73.345 73.457 73.585 73.682 73.785 73.91 74.02 74.132 74.26 74.387 74.522 74.62 74.732 74.855 74.96 75.09 75.195
68.29 68.222 68.1 68.01 67.917 67.815 67.782 67.752 67.745 67.827 67.925 68.032 68.182 68.275 68.392 68.512 68.62 68.715 68.802 68.935 69.027 69.15 69.272 69.412 69.54 69.692 69.812 69.967 70.102 70.235 70.355 70.507 70.637 70.745 70.887 71.03 71.165 71.325 71.462 71.612 71.747 71.875 72.015 72.15 72.275 72.405 72.555 72.67 72.792 72.925 73.035 73.137 73.252 73.385 73.515 73.64 73.722 73.827 73.932 74.01 74.14 74.27 74.395 74.49 74.61 74.73 74.83 74.965 75.06 75.182 75.275
68.41 68.337 68.257 68.147 68.045 67.965 67.922 67.897 67.925 67.965 68.07 68.167 68.28 68.402 68.507 68.615 68.717 68.8 68.925 69.032 69.152 69.295 69.422 69.547 69.695 69.815 69.935 70.087 70.202 70.347 70.48 70.615 70.732 70.88 71.01 71.117 71.297 71.462 71.585 71.757 71.897 72.027 72.135 72.28 72.405 72.542 72.657 72.787 72.937 73.06 73.172 73.27 73.38 73.5 73.607 73.732 73.825 73.937 74.052 74.15 74.265 74.365 74.465 74.582 74.73 74.835 74.965 75.09 75.177 75.322 75.412
68.532 68.462 68.375 68.262 68.197 68.117 68.08 68.057 68.07 68.107 68.187 68.292 68.417 68.525 68.622 68.722 68.832 68.947 69.057 69.157 69.305 69.417 69.535 69.67 69.8 69.932 70.05 70.202 70.325 70.465 70.59 70.75 70.857 70.99 71.145 71.27 71.445 71.597 71.75 71.897 72.015 72.135 72.285 72.42 72.537 72.647 72.78 72.892 73.025 73.15 73.25 73.347 73.48 73.605 73.707 73.827 73.947 74.057 74.17 74.272 74.372 74.472 74.585 74.702 74.855 74.955 75.09 75.23 75.335 75.437 75.552
68.685 68.597 68.532 68.43 68.355 68.267 68.24 68.207 68.202 68.255 68.335 68.415 68.525 68.642 68.757 68.86 68.977 69.092 69.215 69.307 69.425 69.555 69.672 69.792 69.93 70.045 70.172 70.325 70.452 70.615 70.745 70.882 71.012 71.135 71.28 71.43 71.565 71.722 71.852 71.995 72.12 72.242 72.375 72.497 72.617 72.74 72.857 72.992 73.117 73.23 73.352 73.462 73.62 73.717 73.825 73.945 74.075 74.182 74.28 74.387 74.497 74.612 74.747 74.86 74.977 75.117 75.245 75.355 75.46 75.58 75.677
68.815 68.74 68.655 68.567 68.5 68.445 68.392 68.39 68.382 68.405 68.472 68.552 68.68 68.782 68.917 69.005 69.125 69.235 69.347 69.43 69.565 69.69 69.812 69.95 70.09 70.22 70.335 70.487 70.612 70.745 70.877 71.002 71.127 71.232 71.355 71.502 71.642 71.787 71.912 72.037 72.167 72.317 72.45 72.592 72.707 72.847 72.98 73.107 73.23 73.35 73.485 73.602 73.737 73.845 73.97 74.09 74.202 74.322 74.412 74.52 74.615 74.745 74.865 74.992 75.127 75.25 75.342 75.455 75.59 75.705 75.797
68.957 68.872 68.79 68.717 68.642 68.602 68.552 68.522 68.515 68.552 68.6 68.7 68.812 68.912 69.045 69.132 69.272 69.395 69.502 69.635 69.752 69.87 69.977 70.1 70.2 70.34 70.45 70.557 70.697 70.787 70.927 71.045 71.185 71.317 71.43 71.582 71.72 71.877 72.027 72.147 72.292 72.422 72.567 72.692 72.81 72.945 73.09 73.205 73.342 73.477 73.62 73.75 73.882 73.99 74.12 74.212 74.325 74.417 74.547 74.642 74.745 74.882 74.985 75.095 75.222 75.337 75.445 75.567 75.705 75.817 75.92
69.12 69.037 68.97 68.88 68.82 68.78 68.735 68.705 68.705 68.732 68.76 68.87 68.965 69.06 69.207 69.305 69.42 69.522 69.627 69.722 69.837 69.957 70.072 70.187 70.282 70.407 70.532 70.645 70.777 70.9 71.052 71.19 71.302 71.417 71.55 71.695 71.82 71.957 72.115 72.245 72.377 72.507 72.657 72.81 72.917 73.057 73.192 73.322 73.477 73.617 73.742 73.875 73.997 74.087 74.225 74.347 74.447 74.562 74.687 74.772 74.89 75.015 75.115 75.24 75.352 75.475 75.577 75.722 75.817 75.942 76.035
69.3 69.207 69.135 69.037 68.982 68.917 68.895 68.855 68.852 68.875 68.912 68.967 69.055 69.167 69.277 69.397 69.492 69.607 69.702 69.822 69.95 70.057 70.15 70.295 70.4 70.497 70.62 70.762 70.887 71.03 71.13 71.28 71.37 71.495 71.632 71.762 71.917 72.082 72.215 72.385 72.52 72.635 72.777 72.907 73.03 73.195 73.327 73.462 73.62 73.735 73.867 73.98 74.095 74.222 74.337 74.467 74.572 74.687 74.802 74.917 75.045 75.147 75.247 75.35 75.475 75.587 75.707 75.795 75.935 76.06 76.155
69.41 69.317 69.237 69.185 69.11 69.055 69.012 68.97 68.975 68.982 69.022 69.075 69.15 69.27 69.377 69.502 69.597 69.717 69.837 69.932 70.037 70.177 70.275 70.397 70.49 70.617 70.735 70.862 70.975 71.117 71.247 71.372 71.497 71.61 71.745 71.877 72.052 72.182 72.315 72.457 72.597 72.745 72.885 73.007 73.14 73.3 73.42 73.557 73.702 73.84 73.962 74.077 74.2 74.357 74.482 74.572 74.712 74.827 74.925 75.037 75.147 75.242 75.345 75.435 75.56 75.682 75.812 75.91 76.03 76.162 76.265
69.51 69.44 69.365 69.297 69.23 69.182 69.145 69.125 69.095 69.11 69.135 69.202 69.27 69.37 69.48 69.6 69.717 69.815 69.947 70.05 70.17 70.275 70.377 70.49 70.605 70.727 70.845 70.955 71.055 71.217 71.347 71.487 71.615 71.74 71.867 72 72.142 72.275 72.435 72.585 72.71 72.84 72.98 73.13 73.252 73.39 73.537 73.692 73.842 73.972 74.087 74.235 74.345 74.457 74.59 74.697 74.817 74.927 75.045 75.132 75.252 75.347 75.45 75.562 75.66 75.787 75.915 76.025 76.157 76.257 76.377
69.63 69.585 69.492 69.4 69.347 69.31 69.277 69.257 69.242 69.232 69.257 69.302 69.392 69.475 69.585 69.715 69.84 69.945 70.067 70.165 70.242 70.38 70.502 70.595 70.71 70.832 70.96 71.077 71.192 71.342 71.465 71.6 71.732 71.86 71.965 72.117 72.265 72.397 72.552 72.692 72.842 72.96 73.077 73.23 73.365 73.505 73.65 73.817 73.965 74.092 74.22 74.332 74.457 74.575 74.695 74.8 74.942 75.047 75.157 75.262 75.367 75.472 75.582 75.677 75.777 75.897 76.02 76.142 76.272 76.38 76.502
69.755 69.667 69.63 69.532 69.48 69.427 69.405 69.395 69.37 69.37 69.4 69.435 69.5 69.607 69.697 69.832 69.94 70.057 70.152 70.275 70.372 70.487 70.615 70.722 70.837 70.96 71.085 71.212 71.312 71.44 71.582 71.715 71.845 71.965 72.082 72.235 72.372 72.532 72.677 72.807 72.937 73.067 73.215 73.345 73.485 73.645 73.77 73.925 74.06 74.197 74.322 74.45 74.575 74.7 74.812 74.922 75.032 75.157 75.285 75.382 75.485 75.597 75.702 75.797 75.91 76.022 76.162 76.257 76.377 76.5 76.645
69.885 69.827 69.755 69.69 69.612 69.56 69.547 69.522 69.517 69.52 69.542 69.575 69.63 69.712 69.807 69.92 70.052 70.157 70.28 70.382 70.5 70.607 70.727 70.835 70.972 71.08 71.207 71.327 71.425 71.555 71.697 71.817 71.95 72.085 72.22 72.345 72.487 72.647 72.8 72.922 73.055 73.2 73.35 73.46 73.607 73.765 73.917 74.035 74.162 74.312 74.41 74.552 74.695 74.805 74.915 75.032 75.152 75.297 75.39 75.502 75.597 75.705 75.822 75.937 76.035 76.142 76.275 76.382 76.517 76.622 76.747
69.98 69.917 69.87 69.805 69.75 69.692 69.692 69.655 69.655 69.652 69.672 69.725 69.757 69.847 69.927 70.037 70.147 70.27 70.367 70.507 70.612 70.73 70.837 70.937 71.062 71.187 71.31 71.432 71.56 71.685 71.812 71.952 72.07 72.212 72.342 72.477 72.615 72.725 72.865 73.027 73.177 73.307 73.445 73.587 73.707 73.847 73.99 74.152 74.257 74.402 74.55 74.68 74.787 74.905 75.032 75.15 75.27 75.382 75.5 75.61 75.73 75.832 75.922 76.015 76.12 76.227 76.355 76.495 76.612 76.742 76.865
70.097 70.04 69.985 69.937 69.88 69.837 69.83 69.81 69.795 69.782 69.787 69.842 69.885 69.942 70.022 70.122 70.235 70.375 70.512 70.607 70.717 70.842 70.945 71.04 71.187 71.307 71.425 71.55 71.662 71.802 71.922 72.037 72.17 72.307 72.432 72.565 72.72 72.845 72.982 73.13 73.285 73.417 73.537 73.67 73.832 73.982 74.117 74.272 74.395 74.517 74.65 74.762 74.887 75 75.112 75.255 75.37 75.5 75.6 75.707 75.82 75.94 76.03 76.13 76.252 76.37 76.497 76.597 76.73 76.855 76.997
70.21 70.167 70.117 70.052 70.017 69.977 69.95 69.92 69.915 69.91 69.937 69.942 70 70.047 70.125 70.237 70.352 70.492 70.605 70.705 70.832 70.965 71.057 71.192 71.295 71.42 71.535 71.657 71.79 71.917 72.025 72.16 72.287 72.425 72.562 72.677 72.82 72.982 73.122 73.252 73.407 73.525 73.657 73.825 73.96 74.105 74.227 74.377 74.492 74.605 74.752 74.87 74.99 75.127 75.225 75.372 75.48 75.605 75.715 75.842 75.965 76.055 76.16 76.257 76.377 76.49 76.612 76.717 76.847 76.967 77.112
70.292 70.272 70.24 70.177 70.135 70.095 70.055 70.06 70.052 70.042 70.057 70.09 70.115 70.17 70.247 70.365 70.455 70.585 70.715 70.835 70.967 71.067 71.172 71.297 71.417 71.532 71.65 71.77 71.89 72.01 72.135 72.287 72.407 72.54 72.667 72.805 72.952 73.067 73.215 73.365 73.53 73.64 73.762 73.902 74.055 74.185 74.322 74.467 74.595 74.727 74.872 74.992 75.112 75.23 75.35 75.485 75.595 75.732 75.855 75.97 76.087 76.197 76.287 76.382 76.512 76.61 76.725 76.862 76.987 77.112 77.247
70.402 70.37 70.345 70.302 70.257 70.23 70.192 70.177 70.182 70.157 70.165 70.195 70.237 70.29 70.36 70.472 70.577 70.687 70.825 70.952 71.08 71.19 71.305 71.427 71.535 71.652 71.775 71.897 72.002 72.105 72.267 72.372 72.52 72.652 72.775 72.915 73.042 73.197 73.322 73.472 73.6 73.747 73.88 74.025 74.172 74.285 74.44 74.582 74.71 74.855 74.985 75.142 75.242 75.367 75.502 75.607 75.737 75.875 75.995 76.132 76.227 76.332 76.43 76.525 76.62 76.722 76.847 76.977 77.09 77.207 77.337
70.525 70.487 70.43 70.42 70.382 70.352 70.322 70.297 70.31 70.295 70.287 70.33 70.372 70.4 70.482 70.585 70.685 70.81 70.91 71.062 71.197 71.305 71.412 71.54 71.672 71.772 71.887 72.012 72.125 72.245 72.382 72.507 72.647 72.787 72.9 73.042 73.172 73.305 73.43 73.57 73.72 73.875 74 74.147 74.292 74.43 74.567 74.715 74.845 74.985 75.127 75.257 75.387 75.527 75.652 75.745 75.872 76.002 76.117 76.222 76.322 76.417 76.502 76.605 76.732 76.802 76.93 77.065 77.172 77.292 77.435
70.64 70.622 70.58 70.527 70.515 70.477 70.452 70.447 70.437 70.43 70.437 70.46 70.485 70.547 70.595 70.695 70.812 70.902 71.035 71.167 71.31 71.422 71.562 71.66 71.792 71.905 72.015 72.12 72.247 72.375 72.5 72.61 72.747 72.895 73.027 73.157 73.29 73.44 73.587 73.74 73.867 74.005 74.152 74.272 74.44 74.565 74.71 74.87 74.99 75.13 75.277 75.382 75.505 75.622 75.737 75.842 75.962 76.075 76.202 76.312 76.405 76.517 76.61 76.725 76.812 76.92 77.052 77.162 77.282 77.412 77.56
70.747 70.72 70.712 70.7 70.655 70.615 70.587 70.58 70.565 70.55 70.562 70.592 70.602 70.65 70.725 70.802 70.925 70.997 71.142 71.272 71.417 71.547 71.662 71.792 71.91 72.035 72.15 72.275 72.392 72.525 72.62 72.762 72.907 73.042 73.167 73.307 73.462 73.602 73.722 73.87 74.01 74.135 74.275 74.405 74.547 74.667 74.807 74.942 75.07 75.212 75.325 75.452 75.582 75.702 75.822 75.935 76.057 76.17 76.297 76.392 76.505 76.617 76.732 76.837 76.942 77.05 77.16 77.305 77.427 77.542 77.672
70.88 70.857 70.837 70.802 70.755 70.717 70.695 70.697 70.662 70.677 70.685 70.722 70.745 70.765 70.852 70.935 71.055 71.142 71.255 71.4 71.557 71.677 71.79 71.905 72.032 72.182 72.305 72.422 72.522 72.657 72.76 72.902 73.04 73.17 73.317 73.46 73.572 73.7 73.83 73.972 74.1 74.245 74.362 74.475 74.617 74.752 74.875 75.027 75.17 75.307 75.427 75.55 75.672 75.79 75.922 76.042 76.162 76.28 76.407 76.535 76.637 76.76 76.857 76.965 77.065 77.155 77.282 77.397 77.53 77.645 77.775
70.967 70.942 70.93 70.917 70.875 70.83 70.825 70.822 70.787 70.81 70.787 70.815 70.865 70.885 70.97 71.042 71.15 71.255 71.382 71.537 71.702 71.817 71.947 72.07 72.195 72.332 72.452 72.555 72.67 72.8 72.907 73.045 73.182 73.295 73.405 73.522 73.637 73.785 73.932 74.047 74.187 74.32 74.48 74.59 74.74 74.845 74.992 75.14 75.29 75.42 75.54 75.677 75.792 75.92 76.055 76.17 76.272 76.395 76.52 76.63 76.74 76.857 76.96 77.085 77.172 77.29 77.387 77.492 77.64 77.76 77.88
71.077 71.047 71.042 71.022 71.017 70.977 70.967 70.947 70.927 70.932 70.92 70.952 70.985 71.032 71.11 71.182 71.287 71.397 71.522 71.667 71.807 71.947 72.062 72.202 72.297 72.425 72.535 72.662 72.792 72.915 73.017 73.135 73.245 73.365 73.487 73.635 73.76 73.89 74.03 74.15 74.307 74.432 74.557 74.705 74.835 74.96 75.11 75.262 75.405 75.522 75.68 75.795 75.917 76.035 76.157 76.257 76.362 76.49 76.605 76.72 76.855 76.957 77.062 77.16 77.275 77.365 77.49 77.6 77.72 77.862 77.99
71.225 71.197 71.18 71.175 71.16 71.127 71.102 71.072 71.052 71.065 71.062 71.075 71.122 71.172 71.24 71.3 71.372 71.5 71.615 71.757 71.897 72.03 72.167 72.29 72.395 72.512 72.627 72.745 72.872 73.002 73.107 73.232 73.365 73.492 73.605 73.757 73.89 74.03 74.155 74.295 74.437 74.557 74.687 74.822 74.975 75.085 75.215 75.36 75.492 75.622 75.755 75.905 76.007 76.132 76.247 76.332 76.442 76.572 76.675 76.812 76.937 77.045 77.147 77.272 77.382 77.477 77.577 77.697 77.835 77.952 78.107
71.36 71.347 71.335 71.345 71.317 71.282 71.262 71.225 71.19 71.172 71.182 71.187 71.207 71.255 71.315 71.385 71.465 71.577 71.707 71.845 71.977 72.12 72.262 72.382 72.512 72.632 72.755 72.87 73.022 73.14 73.242 73.382 73.497 73.62 73.747 73.88 74.01 74.137 74.255 74.395 74.527 74.65 74.772 74.895 75.03 75.15 75.297 75.427 75.56 75.7 75.837 75.98 76.1 76.212 76.327 76.427 76.55 76.667 76.785 76.9 77.022 77.14 77.255 77.362 77.487 77.6 77.702 77.815 77.95 78.07 78.202
