All_lidar/sz5690_DSM_2M.asc
ncols 500
nrows 500
xllcorner    456000
yllcorner    90000
cellsize     2
NODATA_value -9999
[rows 64 to 95 of 500, columns 219 to 291 of 500]
59.465 59.632 60.552 59.677 59.725 59.822 59.777 60.2 59.93 59.86 59.962 60.05 59.845 59.295 59.207 59.095 58.92 58.745 58.52 58.34 58.127 57.86 57.567 57.28 56.98 56.692 56.382 56.232 56.045 55.905 55.7 55.35 55.135 54.935 54.765 54.552 54.32 54.132 53.927 53.772 53.562 53.397 53.247 53.1 52.94 52.71 52.563 52.37 52.202 52.008 51.81 51.612 51.434 51.254 51.06 50.896 50.738 50.58 50.442 50.302 50.129 49.975 49.837 49.642 49.415 49.255 49.067 48.907 48.74 48.595 48.47 48.335 48.205
60.07 60.142 63.302 71.185 61.895 59.895 59.867 60.1 59.947 59.975 59.955 60.072 59.952 59.405 59.302 59.202 59.062 58.842 58.652 58.462 58.277 58.027 57.722 57.447 57.16 56.872 56.597 56.445 56.28 56.137 55.89 55.567 55.35 55.157 54.97 54.765 54.562 54.352 54.165 53.977 53.785 53.632 53.455 53.3 53.122 52.925 52.769 52.566 52.378 52.172 51.983 51.767 51.612 51.442 51.254 51.069 50.901 50.749 50.59 50.444 50.306 50.16 50.002 49.805 49.615 49.43 49.26 49.1 48.922 48.765 48.602 48.49 48.337
60.217 62.612 70.415 77.98 73.842 61.915 59.937 60.012 60.07 60.015 60.017 60.12 59.947 59.542 59.402 59.3 59.2 59.017 58.8 58.595 58.412 58.15 57.907 57.61 57.327 57.072 56.807 56.667 56.53 56.38 56.1 55.775 55.577 55.405 55.212 54.967 54.787 54.57 54.392 54.202 53.997 53.85 53.66 53.51 53.33 53.115 52.955 52.734 52.568 52.354 52.135 51.923 51.783 51.607 51.422 51.237 51.071 50.921 50.745 50.577 50.476 50.322 50.175 49.98 49.79 49.582 49.44 49.25 49.08 48.907 48.755 48.6 48.457
59.752 65.605 80.457 81.055 73.335 61.455 60.055 60.055 60.12 60.085 60.082 60.267 59.86 59.665 59.492 59.387 59.295 59.115 58.947 58.727 58.582 58.335 58.1 57.822 57.535 57.257 57.025 56.912 56.76 56.58 56.28 56.02 55.807 55.657 55.43 55.215 55.03 54.817 54.632 54.415 54.232 54.055 53.88 53.712 53.505 53.315 53.125 52.926 52.72 52.514 52.291 52.108 51.921 51.763 51.555 51.405 51.233 51.058 50.878 50.725 50.617 50.457 50.297 50.12 49.975 49.742 49.582 49.422 49.235 49.062 48.89 48.732 48.572
59.777 66.207 69.792 76.92 70.472 60.705 60.14 60.155 60.2 60.777 60.182 60.582 59.94 59.812 59.605 59.51 59.417 59.257 59.095 58.885 58.73 58.525 58.325 58.035 57.75 57.455 57.287 57.162 57.01 56.785 56.467 56.247 56.052 55.877 55.657 55.437 55.247 55.025 54.832 54.667 54.46 54.29 54.102 53.91 53.712 53.495 53.297 53.103 52.896 52.686 52.489 52.266 52.108 51.928 51.734 51.561 51.393 51.21 51.031 50.876 50.731 50.578 50.445 50.3 50.127 49.91 49.725 49.572 49.38 49.19 49.022 48.84 48.672
62.112 60.065 65.765 63.692 63.472 60.597 60.27 60.325 61.057 60.527 60.752 60.665 60.02 59.92 59.792 59.65 59.557 59.42 59.282 59.09 58.927 58.742 58.515 58.265 57.967 57.697 57.525 57.405 57.267 57.045 56.692 56.49 56.277 56.092 55.887 55.65 55.47 55.255 55.055 54.86 54.672 54.49 54.292 54.107 53.907 53.722 53.495 53.298 53.075 52.862 52.642 52.465 52.257 52.085 51.889 51.744 51.533 51.366 51.165 51.013 50.873 50.699 50.575 50.415 50.247 50.057 49.865 49.682 49.505 49.312 49.137 48.947 48.757
70.305 66.762 60.435 60.472 60.447 60.352 60.405 60.415 60.827 60.44 60.48 60.442 60.07 60.047 59.915 59.7 59.635 59.557 59.407 59.245 59.107 58.935 58.705 58.43 58.172 57.942 57.785 57.652 57.5 57.277 56.907 56.697 56.525 56.3 56.117 55.88 55.66 55.452 55.26 55.06 54.867 54.69 54.497 54.312 54.092 53.902 53.67 53.459 53.244 53.049 52.835 52.621 52.42 52.215 52.039 51.876 51.693 51.498 51.32 51.134 50.961 50.794 50.648 50.517 50.332 50.172 49.982 49.795 49.592 49.425 49.252 49.05 48.84
75.88 69.132 70.39 61.252 60.695 60.907 60.502 60.472 60.46 60.4 60.5 60.452 60.21 60.102 60.465 59.9 59.75 59.692 59.552 59.432 59.275 59.1 58.882 58.652 58.385 58.177 58.055 57.905 57.772 57.49 57.162 56.935 56.752 56.532 56.317 56.097 55.862 55.655 55.452 55.275 55.087 54.895 54.71 54.497 54.28 54.075 53.835 53.635 53.404 53.194 52.986 52.791 52.582 52.382 52.191 52.018 51.852 51.647 51.458 51.267 51.058 50.904 50.752 50.605 50.442 50.275 50.085 49.875 49.7 49.492 49.302 49.14 48.92
74.702 71.745 65.285 60.377 60.365 61.44 61.302 61.355 60.897 60.627 61.07 60.57 60.32 60.217 60.295 59.98 59.927 59.837 59.727 59.597 59.462 59.312 59.062 58.85 58.637 58.435 58.29 58.13 58.002 57.687 57.385 57.185 56.995 56.765 56.545 56.312 56.08 55.855 55.645 55.475 55.27 55.06 54.852 54.672 54.462 54.23 54.007 53.805 53.584 53.346 53.121 52.928 52.724 52.525 52.334 52.157 51.994 51.752 51.56 51.341 51.156 51.005 50.811 50.655 50.492 50.362 50.155 49.985 49.792 49.582 49.38 49.192 48.977
73.71 71.25 63.07 60.492 60.422 60.39 60.4 60.685 60.91 61.722 61.432 60.595 60.445 60.36 60.255 60.14 60.06 59.975 59.835 59.737 59.635 59.467 59.275 59.072 58.875 58.682 58.495 58.397 58.307 57.89 57.605 57.425 57.227 56.982 56.74 56.502 56.282 56.047 55.847 55.635 55.45 55.215 55.04 54.842 54.615 54.4 54.175 53.935 53.726 53.503 53.264 53.045 52.85 52.647 52.454 52.258 52.085 51.875 51.64 51.428 51.243 51.071 50.884 50.721 50.547 50.407 50.245 50.077 49.852 49.662 49.445 49.255 49.052
67.825 65.45 61.64 60.597 60.555 60.527 60.617 60.615 60.587 60.605 60.585 60.572 60.577 60.492 60.425 60.287 60.102 59.992 59.895 59.82 59.722 59.57 59.425 59.272 59.112 58.907 58.695 58.77 58.697 58.077 57.822 57.66 57.425 57.19 56.93 56.702 56.442 56.232 55.992 55.797 55.612 55.385 55.18 54.995 54.777 54.555 54.312 54.102 53.854 53.61 53.393 53.156 52.926 52.745 52.544 52.344 52.163 51.959 51.723 51.506 51.316 51.147 50.948 50.78 50.582 50.455 50.3 50.107 49.922 49.722 49.507 49.33 49.105
61.5 60.475 60.595 60.637 60.64 60.62 60.74 60.72 60.69 60.675 60.687 60.617 60.622 60.582 60.532 60.452 60.457 60.13 59.985 60.277 59.85 59.685 59.56 59.457 59.305 59.142 58.917 59.165 58.9 58.242 57.985 57.825 57.615 57.36 57.127 56.867 56.625 56.382 56.152 55.942 55.74 55.52 55.335 55.135 54.927 54.692 54.437 54.212 53.975 53.744 53.481 53.245 53.026 52.818 52.612 52.43 52.249 52.029 51.799 51.589 51.36 51.175 50.995 50.816 50.655 50.485 50.337 50.172 49.967 49.76 49.567 49.375 49.147
60.532 60.452 60.377 60.512 60.672 60.662 60.755 60.747 60.78 60.737 60.77 60.732 60.715 60.687 60.647 60.512 60.39 60.2 60.182 61.382 61.322 60.7 59.832 59.592 59.49 59.335 59.177 59.727 58.957 58.367 58.12 57.947 57.78 57.555 57.28 57.06 56.85 56.577 56.332 56.112 55.882 55.68 55.475 55.252 55.022 54.787 54.562 54.307 54.04 53.779 53.559 53.297 53.101 52.884 52.678 52.498 52.285 52.075 51.849 51.639 51.406 51.234 51.036 50.862 50.682 50.522 50.375 50.212 50.015 49.822 49.602 49.41 49.187
60.352 60.352 60.4 60.567 60.642 60.705 60.767 60.78 60.805 60.827 60.81 60.815 60.815 60.825 60.805 60.685 60.455 60.297 60.262 60.57 61.635 62.045 61.78 60.69 59.89 59.497 59.49 60.095 58.96 58.55 58.29 58.112 57.94 57.74 57.49 57.245 57.01 56.77 56.505 56.267 56.057 55.812 55.575 55.36 55.127 54.885 54.652 54.405 54.112 53.869 53.607 53.368 53.154 52.958 52.732 52.543 52.33 52.132 51.906 51.665 51.449 51.254 51.07 50.892 50.7 50.565 50.4 50.232 50.06 49.85 49.637 49.425 49.222
60.357 60.382 60.422 60.53 60.662 60.7 60.765 60.805 60.8 60.867 60.837 60.895 60.94 60.88 60.86 60.755 60.572 60.462 60.457 60.425 60.392 60.712 60.952 61.415 61.472 60.925 60.585 60.467 59.212 58.797 58.505 58.235 58.045 57.85 57.612 57.377 57.137 56.882 56.67 56.422 56.205 55.942 55.74 55.492 55.222 55.002 54.705 54.462 54.197 53.912 53.666 53.411 53.191 52.989 52.777 52.569 52.385 52.172 51.959 51.716 51.489 51.288 51.108 50.92 50.738 50.577 50.427 50.25 50.065 49.865 49.66 49.462 49.235
60.32 60.392 60.452 60.55 60.632 60.692 60.772 60.797 60.837 60.847 60.897 60.967 61.015 60.997 60.935 60.835 60.722 60.657 60.662 60.575 60.482 60.427 60.355 60.24 60.397 60.725 61.265 61.035 59.927 59.39 58.87 58.515 58.222 57.942 57.707 57.487 57.262 57.05 56.802 56.542 56.32 56.072 55.835 55.575 55.322 55.08 54.76 54.492 54.242 53.965 53.713 53.442 53.216 53.024 52.799 52.603 52.4 52.198 51.967 51.731 51.529 51.316 51.113 50.943 50.744 50.59 50.427 50.242 50.065 49.877 49.67 49.442 49.237
60.312 60.427 60.512 60.602 60.652 60.657 60.685 60.792 60.84 60.925 61.065 61.162 61.145 61.09 60.997 60.855 60.822 60.8 60.782 60.69 60.59 60.515 60.447 60.33 60.235 60.097 59.927 60.165 60.385 60.64 60.14 59.687 59.322 58.412 57.925 57.582 57.337 57.137 56.91 56.68 56.432 56.175 55.925 55.662 55.397 55.125 54.84 54.567 54.29 54.012 53.744 53.499 53.237 53.034 52.808 52.605 52.42 52.214 51.985 51.754 51.531 51.33 51.137 50.934 50.743 50.577 50.42 50.275 50.057 49.877 49.682 49.417 49.217
60.392 60.527 60.612 60.692 60.742 60.752 60.742 60.827 60.902 61.04 61.192 61.232 61.217 61.1 61.027 60.96 60.962 60.907 60.882 60.78 60.692 60.632 60.525 60.437 60.312 60.2 60.05 59.88 59.655 59.545 59.482 59.71 59.515 59.257 59.05 58.36 57.59 57.227 56.96 56.722 56.48 56.24 56.005 55.727 55.457 55.17 54.897 54.605 54.332 54.042 53.785 53.524 53.273 53.035 52.842 52.621 52.418 52.2 51.984 51.764 51.542 51.319 51.115 50.916 50.735 50.575 50.42 50.252 50.035 49.85 49.657 49.407 49.215
60.472 60.575 60.687 60.8 60.845 60.86 60.86 60.882 60.955 61.105 61.27 61.305 61.257 61.17 61.127 61.09 61.095 61.022 60.995 60.915 60.847 60.797 60.697 60.54 60.445 60.33 60.155 59.967 59.755 59.542 59.297 59.022 58.77 58.907 59.24 59.337 58.63 57.917 57.272 56.892 56.587 56.257 55.967 55.75 55.457 55.155 54.885 54.6 54.34 54.065 53.802 53.532 53.289 53.057 52.838 52.621 52.423 52.195 51.96 51.733 51.497 51.306 51.104 50.894 50.716 50.534 50.367 50.215 50.04 49.82 49.63 49.375 49.172
60.57 60.68 60.75 60.87 60.92 60.975 61.012 61 61.025 61.14 61.28 61.302 61.257 61.247 61.207 61.215 61.215 61.11 61.067 60.992 61.027 60.915 60.785 60.705 60.63 60.48 60.247 60.055 59.845 59.607 59.365 59.115 58.87 58.582 58.317 58.247 58.227 58.255 58.05 57.362 57.235 56.49 56.127 55.737 55.372 55.045 54.78 54.517 54.29 54.047 53.777 53.538 53.284 53.062 52.845 52.599 52.372 52.158 51.947 51.694 51.487 51.273 51.069 50.861 50.692 50.495 50.327 50.162 49.982 49.795 49.562 49.33 49.12
60.585 60.72 60.817 60.917 61.002 61.047 61.122 61.172 61.19 61.23 61.265 61.255 61.245 61.267 61.335 61.307 61.277 61.187 61.142 61.13 61.095 61.027 60.912 60.82 60.74 60.62 60.38 60.18 59.97 59.715 59.44 59.2 58.925 58.66 58.337 58.08 57.775 57.48 57.16 57.21 57.545 57.397 56.682 56.33 55.735 55.1 54.715 54.405 54.182 53.962 53.735 53.51 53.267 53.038 52.829 52.598 52.371 52.136 51.889 51.659 51.433 51.223 51.036 50.809 50.647 50.453 50.295 50.132 49.92 49.727 49.482 49.265 49.035
60.69 60.84 60.925 60.977 61.047 61.125 61.242 61.292 61.325 61.327 61.332 61.357 61.365 61.397 61.425 61.367 61.315 61.307 61.29 61.257 61.207 61.135 61.04 60.972 60.852 60.677 60.492 60.275 60.085 59.822 59.537 59.267 58.965 58.68 58.32 58.032 57.8 57.48 57.127 56.77 56.45 56.425 56.692 56.772 56.6 55.48 54.627 54.607 54.342 53.952 53.66 53.439 53.22 52.99 52.786 52.562 52.339 52.107 51.861 51.604 51.375 51.167 50.952 50.738 50.579 50.412 50.243 50.042 49.835 49.61 49.39 49.182 48.962
60.817 60.955 61.042 61.1 61.142 61.235 61.302 61.377 61.387 61.407 61.45 61.48 61.495 61.52 61.51 61.452 61.417 61.37 61.362 61.335 61.29 61.24 61.135 61.045 60.927 60.77 60.53 60.367 60.167 59.89 59.602 59.317 58.987 58.645 58.312 57.982 57.725 57.392 57.07 56.705 56.38 56.085 55.702 55.282 55.195 54.772 54.735 55.877 55.645 55.145 54.595 53.955 53.275 52.932 52.693 52.485 52.258 52.049 51.821 51.591 51.351 51.125 50.896 50.702 50.513 50.349 50.174 49.967 49.765 49.572 49.352 49.1 48.9
60.982 61.112 61.145 61.232 61.27 61.322 61.362 61.405 61.445 61.52 61.602 61.617 61.607 61.6 61.545 61.485 61.467 61.47 61.42 61.372 61.34 61.29 61.232 61.15 60.982 60.837 60.63 60.452 60.195 59.952 59.632 59.285 58.945 58.602 58.257 57.935 57.647 57.31 56.93 56.585 56.252 55.965 55.57 55.022 54.79 54.6 54.455 54.502 54.695 55.215 55.172 55.32 54.697 53.884 53.015 52.444 52.183 51.939 51.729 51.515 51.302 51.105 50.891 50.677 50.482 50.295 50.119 49.905 49.732 49.5 49.307 49.102 48.907
61.072 61.175 61.237 61.305 61.357 61.407 61.445 61.452 61.51 61.645 61.725 61.72 61.692 61.632 61.622 61.572 61.532 61.515 61.472 61.46 61.412 61.335 61.272 61.205 61.075 60.867 60.682 60.46 60.2 59.897 59.597 59.25 58.915 58.542 58.185 57.865 57.562 57.182 56.797 56.45 56.13 55.81 55.447 54.975 54.737 54.535 54.382 54.092 53.817 53.6 53.587 53.9 54.302 54.491 54.195 53.65 52.855 52.206 51.766 51.458 51.239 51.024 50.821 50.646 50.453 50.233 50.059 49.845 49.66 49.445 49.227 49.027 48.825
61.13 61.192 61.245 61.355 61.407 61.462 61.54 61.495 61.505 61.687 61.79 61.787 61.742 61.73 61.665 61.59 61.56 61.532 61.522 61.465 61.445 61.392 61.33 61.235 61.087 60.88 60.67 60.465 60.21 59.847 59.502 59.192 58.835 58.465 58.1 57.772 57.425 57.02 56.687 56.345 56.012 55.702 55.347 54.917 54.665 54.465 54.287 53.987 53.745 53.492 53.247 53.052 52.85 52.867 53.37 53.413 53.518 53.354 52.744 52.069 51.498 51.013 50.788 50.576 50.377 50.166 49.978 49.78 49.56 49.347 49.155 48.952 48.727
61.077 61.192 61.307 61.392 61.472 61.482 61.532 61.597 61.515 61.597 61.767 61.805 61.762 61.685 61.677 61.592 61.57 61.53 61.545 61.532 61.49 61.387 61.355 61.242 61.1 60.862 60.695 60.44 60.142 59.787 59.435 59.095 58.737 58.335 58 57.62 57.24 56.895 56.55 56.222 55.902 55.575 55.212 54.825 54.572 54.367 54.177 53.88 53.65 53.442 53.23 52.972 52.767 52.571 52.347 52.153 52.124 52.316 52.737 52.606 52.5 51.947 51.209 50.736 50.419 50.139 49.928 49.716 49.507 49.277 49.077 48.837 48.665
61.15 61.272 61.36 61.415 61.495 61.542 61.602 61.685 61.627 61.987 61.852 61.98 61.85 61.742 61.62 61.607 61.62 61.582 61.562 61.542 61.555 61.45 61.335 61.245 61.06 60.86 60.657 60.402 60.05 59.712 59.4 59.057 58.637 58.24 57.872 57.51 57.105 56.742 56.397 56.085 55.747 55.445 55.13 54.782 54.52 54.272 54.032 53.765 53.567 53.367 53.165 52.935 52.695 52.501 52.308 52.093 51.823 51.625 51.455 51.406 51.509 51.965 52.009 51.764 51.374 50.808 50.24 49.795 49.525 49.39 49.175 49.275 49.19
61.225 61.325 61.405 61.472 61.527 61.547 61.635 61.71 61.697 61.882 62.257 62.05 61.81 62.112 61.71 61.607 61.665 61.617 61.615 61.617 61.557 61.452 61.35 61.187 61.047 60.865 60.67 60.36 60.012 59.662 59.315 58.962 58.525 58.152 57.765 57.377 56.962 56.6 56.275 55.937 55.607 55.365 55.07 54.717 54.37 54.152 53.935 53.66 53.44 53.242 53.072 52.867 52.64 52.452 52.271 52.044 51.768 51.549 51.343 51.152 50.897 50.692 50.728 51.111 51.421 51.385 51.005 50.464 50.45 50.64 50.062 49.98 49.145
61.255 61.34 61.432 61.515 61.59 61.67 61.69 61.725 61.87 61.847 63.857 65.172 62.075 61.91 61.772 61.672 61.682 61.647 61.582 61.63 61.53 61.392 61.332 61.212 61.017 60.832 60.637 60.31 59.952 59.58 59.237 58.832 58.405 58.062 57.637 57.192 56.847 56.5 56.147 55.812 55.505 55.24 54.932 54.587 54.257 54.067 53.822 53.57 53.352 53.185 53 52.762 52.555 52.377 52.183 51.965 51.711 51.48 51.271 51.077 50.843 50.622 50.418 50.212 50.181 50.542 50.935 50.354 51.126 52.327 50.082 49.395 48.315
61.26 61.377 61.477 61.537 61.622 61.66 61.722 61.72 61.955 61.882 64.695 64.6 61.75 61.677 61.79 61.7 61.677 61.66 61.64 61.58 61.51 61.39 61.287 61.175 61.012 60.817 60.57 60.235 59.867 59.542 59.16 58.762 58.347 57.96 57.525 57.095 56.73 56.375 56.022 55.752 55.427 55.125 54.785 54.437 54.175 53.947 53.692 53.432 53.235 53.062 52.87 52.66 52.45 52.285 52.097 51.86 51.631 51.408 51.187 50.982 50.804 50.591 50.374 50.173 49.955 49.708 50.417 50.553 50.847 51.045 48.552 48.105 47.92
61.235 61.425 61.487 61.577 61.632 61.692 61.75 61.717 62.027 61.945 65.495 63.825 61.712 61.727 61.642 61.692 61.675 61.645 61.615 61.515 61.425 61.35 61.237 61.102 60.96 60.8 60.49 60.15 59.787 59.467 59.057 58.677 58.262 57.845 57.395 57 56.64 56.237 55.965 55.655 55.302 54.96 54.637 54.317 54.077 53.842 53.552 53.287 53.087 52.957 52.757 52.527 52.37 52.19 51.986 51.767 51.526 51.306 51.083 50.903 50.706 50.52 50.29 50.051 49.868 49.666 50.42 50.653 50.307 49.15 48.105 47.975 47.815
