All_lidar/sz5690_DSM_2M.asc
ncols 500
nrows 500
xllcorner    456000
yllcorner    90000
cellsize     2
NODATA_value -9999
[rows 192 to 223 of 500, columns 0 to 72 of 500]
24.32 24.31 24.335 24.342 24.355 24.4 24.41 24.457 24.457 24.455 24.46 24.432 24.4 24.35 24.287 24.192 24.105 24.06 24.032 24.115 24.177 24.275 24.352 24.495 24.6 24.705 24.815 24.917 25.012 25.152 25.255 25.34 25.46 25.595 25.74 25.867 25.985 26.12 26.285 26.42 26.595 26.787 27.43 27.137 27.015 27.017 27.14 27.317 27.46 27.56 27.677 27.782 27.91 28.025 28.15 28.24 28.337 28.435 28.532 28.67 28.792 28.907 29.042 29.117 29.195 29.385 30.855 31.515 29.845 29.692 29.845 29.98 30.102
24.467 24.457 24.485 24.485 24.512 24.51 24.525 24.562 24.612 24.625 24.597 24.587 24.507 24.485 24.435 24.37 24.27 24.182 24.13 24.19 24.247 24.332 24.407 24.537 24.662 24.752 24.852 24.952 25.08 25.172 25.302 25.407 25.51 25.64 25.8 25.91 26.03 26.175 26.33 26.485 26.7 26.765 27.305 27.34 27.13 27.17 27.247 27.365 27.525 27.64 27.717 27.827 27.967 28.067 28.215 28.3 28.38 28.507 28.592 28.722 28.9 29.055 29.17 29.217 29.295 29.627 30.54 31.67 32.222 30.387 29.96 30.057 30.177
24.577 24.582 24.625 24.61 24.622 24.627 24.69 24.717 24.722 24.722 24.732 24.7 24.637 24.6 24.57 24.49 24.4 24.292 24.225 24.255 24.317 24.397 24.455 24.572 24.685 24.817 24.92 25.03 25.147 25.215 25.362 25.465 25.565 25.692 25.845 25.997 26.105 26.25 26.392 26.617 26.765 26.837 27.04 27.645 27.3 27.387 27.44 27.452 27.585 27.705 27.81 27.915 28.05 28.142 28.24 28.317 28.427 28.547 28.667 28.817 28.982 29.082 29.277 29.355 29.355 29.63 30.27 33.15 34.75 32.335 30.252 30.222 30.285
24.707 24.71 24.735 24.74 24.762 24.75 24.785 24.835 24.82 24.842 24.835 24.8 24.79 24.725 24.67 24.595 24.492 24.402 24.342 24.347 24.397 24.442 24.515 24.637 24.765 24.887 24.982 25.085 25.187 25.31 25.42 25.507 25.64 25.74 25.917 26.06 26.182 26.315 26.455 26.63 26.84 27.087 28.255 28.835 27.29 27.32 27.432 27.527 27.717 27.752 27.852 27.97 28.087 28.18 28.3 28.437 28.57 28.707 28.76 28.85 29.03 29.22 29.385 29.402 30.045 30.482 30.675 32.985 35.75 35.025 31.097 30.39 30.42
24.822 24.84 24.88 24.88 24.892 24.895 24.882 24.877 24.91 24.932 24.925 24.895 24.88 24.85 24.79 24.67 24.57 24.472 24.402 24.432 24.457 24.5 24.56 24.675 24.837 24.91 25.04 25.152 25.262 25.355 25.477 25.58 25.71 25.835 25.995 26.13 26.237 26.342 26.497 26.722 26.912 26.985 26.945 28.752 27.08 27.847 27.272 27.485 27.72 27.917 27.95 28.147 28.187 28.265 28.412 28.575 28.677 28.755 28.817 28.827 28.985 29.302 29.387 31.672 31.387 32.227 30.447 31.625 32.35 33.962 30.742 31.602 31.592
24.965 24.962 24.965 24.997 25.01 25.03 25.002 25.002 25.02 25.032 25.025 25.022 25 24.947 24.905 24.805 24.642 24.527 24.45 24.452 24.5 24.55 24.607 24.715 24.892 24.987 25.102 25.227 25.325 25.43 25.537 25.647 25.757 25.877 26.03 26.172 26.31 26.412 26.545 26.782 26.975 27.06 27.105 28.4 27.577 27.572 28.642 27.73 28.857 28.577 27.937 28.992 28.467 28.447 28.497 28.695 29.2 28.822 28.817 28.877 29.672 31.562 31.962 30.8 29.647 30.04 30.075 30.447 31.81 32.45 31.355 31.217 34.022
25.032 25.095 25.132 25.122 25.092 25.117 25.09 25.1 25.137 25.137 25.14 25.13 25.115 25.085 25.01 24.88 24.705 24.557 24.475 24.495 24.497 24.552 24.65 24.742 24.89 25.042 25.142 25.265 25.377 25.515 25.595 25.712 25.81 25.925 26.08 26.225 26.34 26.487 26.652 26.83 27.037 27.155 27.352 28.652 28.297 27.472 27.532 27.677 28.135 28.802 29.517 30.79 30.597 30.93 30.757 31.002 29.697 29.53 28.987 28.97 29.43 29.787 29.655 29.655 29.762 29.932 30.145 30.4 30.282 30.86 31.605 32.172 31.677
25.172 25.197 25.207 25.197 25.207 25.21 25.192 25.18 25.192 25.265 25.272 25.255 25.225 25.185 25.11 24.987 24.795 24.605 24.535 24.492 24.54 24.597 24.7 24.81 24.94 25.095 25.207 25.295 25.44 25.58 25.675 25.757 25.877 25.982 26.122 26.252 26.41 26.562 26.682 26.91 27.095 27.237 27.87 29.26 29.595 27.645 27.692 27.792 27.9 28.04 28.13 28.277 28.542 30.11 30.685 30.612 29.945 31.802 31.252 29.215 29.185 29.44 29.592 29.787 30.03 30.157 30.355 30.682 30.655 30.842 31.31 31.755 32.272
25.28 25.302 25.322 25.305 25.337 25.315 25.3 25.315 25.33 25.385 25.39 25.337 25.357 25.31 25.212 25.12 24.905 24.742 24.652 24.595 24.612 24.672 24.747 24.84 24.99 25.142 25.26 25.375 25.507 25.655 25.757 25.855 25.96 26.082 26.232 26.377 26.53 26.64 26.795 27.012 27.17 27.325 27.425 28.205 28.205 27.767 27.797 27.97 28.1 28.237 28.327 28.425 28.537 28.655 28.797 28.922 29.065 29.457 30.67 29.457 29.42 29.58 29.762 29.97 30.22 30.38 30.595 30.895 31.255 31.287 32.162 32.95 32.735
25.332 25.367 25.375 25.407 25.422 25.435 25.422 25.42 25.437 25.477 25.477 25.475 25.45 25.397 25.325 25.21 25.042 24.895 24.762 24.692 24.702 24.767 24.807 24.925 25.055 25.2 25.335 25.467 25.627 25.75 25.872 25.985 26.097 26.212 26.352 26.53 26.72 26.87 27.027 27.21 27.36 27.432 27.507 27.877 28.325 28.307 28.045 28.22 28.365 28.485 28.57 28.65 28.755 28.855 28.975 29.032 29.125 29.212 29.325 29.465 29.662 29.822 29.965 30.147 30.365 30.607 30.815 31.09 31.505 32.4 31.992 32.757 33.292
25.41 25.427 25.475 25.495 25.515 25.532 25.51 25.542 25.557 25.59 25.6 25.59 25.562 25.507 25.465 25.36 25.205 25.072 24.945 24.89 24.832 24.875 24.93 25.042 25.157 25.307 25.45 25.622 25.76 25.865 26.002 26.102 26.197 26.38 26.53 26.742 27.012 27.17 27.312 27.485 27.53 27.62 27.742 28.092 28.415 29.06 28.302 28.462 28.567 28.73 28.815 28.862 28.932 29.062 29.187 29.277 29.322 29.412 29.507 29.665 29.885 30.08 30.19 30.355 30.547 30.787 31.01 31.197 31.455 32.36 31.717 33.017 32.257
25.507 25.547 25.565 25.6 25.612 25.627 25.617 25.65 25.642 25.662 25.7 25.705 25.682 25.627 25.602 25.52 25.387 25.28 25.175 25.072 25.03 25.047 25.125 25.212 25.322 25.437 25.577 25.722 25.852 26.012 26.14 26.285 26.385 26.497 26.69 27.017 27.267 27.347 27.455 27.59 27.717 27.855 27.985 28.13 28.362 28.6 28.585 28.637 28.777 28.937 29.022 29.1 29.145 29.265 29.42 29.557 29.625 29.655 29.767 29.882 30.092 30.272 30.425 30.587 30.78 30.995 31.11 31.275 31.56 32.085 32.427 32.74 32.187
25.62 25.615 25.635 25.69 25.72 25.71 25.717 25.73 25.73 25.757 25.807 25.8 25.76 25.735 25.71 25.66 25.582 25.48 25.38 25.292 25.24 25.275 25.32 25.405 25.492 25.6 25.725 25.86 26 26.125 26.292 26.447 26.615 26.79 26.997 27.232 27.375 27.465 27.57 27.697 27.837 27.997 28.177 28.195 28.785 29.427 28.957 28.8 28.945 29.12 29.255 29.285 29.35 29.472 29.64 29.782 29.83 29.857 29.96 30.107 30.295 30.487 30.667 30.857 31.057 31.237 31.255 31.39 31.612 31.975 32.422 32.277 32.155
25.672 25.702 25.722 25.742 25.795 25.8 25.807 25.815 25.825 25.845 25.89 25.897 25.867 25.845 25.822 25.782 25.742 25.68 25.62 25.56 25.475 25.492 25.525 25.61 25.677 25.772 25.875 26.005 26.172 26.282 26.46 26.665 26.832 27.03 27.222 27.367 27.502 27.58 27.672 27.802 27.947 28.12 28.29 28.395 29 30.417 29.387 28.905 29.06 29.24 29.347 29.41 29.5 29.662 29.847 29.96 30.017 30.08 30.132 30.295 30.482 30.717 30.91 31.052 31.195 31.402 31.487 31.522 31.715 31.935 32.767 32.662 32.332
25.715 25.767 25.8 25.83 25.852 25.887 25.867 25.89 25.927 25.935 25.967 25.987 25.972 25.965 26.01 25.965 25.947 25.877 25.81 25.757 25.72 25.712 25.752 25.815 25.877 25.952 26.037 26.165 26.335 26.492 26.672 26.872 27.027 27.235 27.385 27.485 27.625 27.71 27.852 27.955 28.082 28.232 28.405 28.562 28.737 30.625 29.11 29.052 29.18 29.31 29.47 29.552 29.64 29.81 30 30.12 30.197 30.255 30.345 30.477 30.67 30.94 31.152 31.245 31.355 31.52 31.617 31.662 31.847 32.01 32.602 32.69 32.657
25.785 25.842 25.867 25.892 25.945 25.955 25.952 25.98 26 26.02 26.045 26.08 26.095 26.072 26.07 26.07 26.075 26.012 26.015 25.957 25.91 25.885 25.927 26.015 26.05 26.132 26.247 26.365 26.58 26.757 26.955 27.11 27.26 27.457 27.57 27.642 27.757 27.84 27.975 28.115 28.232 28.342 28.512 29.02 30.252 29.665 29.757 29.225 29.355 29.49 29.6 29.732 29.8 29.985 30.155 30.29 30.36 30.44 30.527 30.705 30.9 31.157 31.32 31.362 31.462 31.627 31.715 31.792 31.962 32.177 32.572 32.685 32.517
25.887 25.92 25.972 26.025 26.042 26.055 26.035 26.07 26.082 26.1 26.152 26.175 26.187 26.162 26.17 26.167 26.192 26.17 26.155 26.145 26.097 26.09 26.125 26.187 26.262 26.362 26.482 26.61 26.825 27.037 27.2 27.35 27.497 27.642 27.73 27.802 27.905 28.022 28.145 28.305 28.412 28.502 28.662 29.212 30.31 30.487 31.215 29.4 29.507 29.605 29.755 29.907 29.977 30.107 30.327 30.435 30.525 30.63 30.697 30.857 31.082 31.275 31.427 31.502 31.59 31.725 31.852 31.93 32.072 32.247 32.585 32.387 32.465
25.975 26.032 26.08 26.11 26.12 26.115 26.15 26.17 26.185 26.2 26.225 26.285 26.287 26.305 26.297 26.3 26.29 26.33 26.277 26.3 26.272 26.31 26.32 26.402 26.467 26.55 26.692 26.875 27.16 27.382 27.547 27.675 27.777 27.88 27.902 27.937 28.075 28.19 28.35 28.485 28.595 28.677 28.837 29.095 30.847 31.172 29.9 29.732 29.635 29.77 29.925 30.067 30.165 30.27 30.44 30.61 30.712 30.795 30.857 30.985 31.16 31.347 31.532 31.607 31.71 31.842 32.015 32.082 32.195 32.34 32.412 32.427 32.785
25.995 26.13 26.152 26.187 26.192 26.247 26.26 26.267 26.295 26.317 26.34 26.397 26.42 26.407 26.417 26.405 26.425 26.437 26.457 26.442 26.427 26.48 26.52 26.59 26.695 26.78 26.922 27.242 27.527 27.717 27.802 27.915 28.015 28.057 28.07 28.1 28.275 28.395 28.517 28.667 28.772 28.867 28.99 29.177 31.09 29.087 29.555 30.465 29.782 29.922 30.072 30.22 30.335 30.42 30.597 30.825 30.907 30.95 31.002 31.115 31.28 31.435 31.612 31.732 31.847 31.947 32.112 32.24 32.357 32.495 32.597 32.81 33.405
26.14 26.255 26.27 26.29 26.322 26.362 26.382 26.362 26.39 26.407 26.445 26.492 26.517 26.535 26.54 26.52 26.53 26.577 26.572 26.585 26.58 26.615 26.715 26.775 26.86 27.002 27.215 27.615 27.775 27.875 27.975 28.067 28.137 28.177 28.202 28.345 28.452 28.575 28.73 28.832 28.937 29.032 29.145 29.337 30.455 30.752 31.215 30.315 29.937 30.052 30.212 30.355 30.487 30.612 30.772 30.927 31.045 31.135 31.172 31.265 31.452 31.595 31.722 31.827 31.997 32.112 32.242 32.39 32.527 32.68 32.77 32.927 33.58
26.887 27.227 27.117 27.2 26.855 27.002 26.797 26.53 26.49 26.525 26.55 26.59 26.617 26.637 26.655 26.625 26.652 26.697 26.685 26.725 26.745 26.772 26.85 26.962 27.052 27.23 27.532 27.827 27.912 27.997 28.107 28.187 28.297 28.34 28.397 28.517 28.622 28.752 28.865 28.992 29.085 29.175 29.287 29.43 30.177 30.242 30.195 30.245 30.06 30.16 30.302 30.445 30.582 30.737 30.877 31.02 31.135 31.215 31.31 31.37 31.592 31.752 31.822 31.947 32.152 32.265 32.407 32.527 32.67 32.822 32.955 33.072 33.37
28.107 29.125 28.625 28.205 28.447 28.312 27.82 27.012 26.66 26.595 26.627 26.677 26.73 26.76 26.747 26.75 26.765 26.802 26.812 26.837 26.88 26.902 27.017 27.127 27.26 27.472 27.78 27.95 28.042 28.117 28.207 28.325 28.45 28.532 28.617 28.725 28.832 28.902 29.025 29.137 29.26 29.37 29.402 29.52 29.947 31.3 33.99 33.345 30.405 30.29 30.37 30.53 30.662 30.827 30.987 31.12 31.222 31.345 31.412 31.515 31.687 31.825 31.93 32.055 32.237 32.417 32.567 32.715 32.792 32.985 34.785 33.225 34.997
28.75 28.462 28.417 28.71 29.21 29.045 28.192 27.97 27.97 27.587 28.152 28.647 27.247 26.89 26.907 26.902 26.91 26.96 26.987 27.02 27.052 27.07 27.18 27.295 27.44 27.655 27.902 28.075 28.222 28.325 28.422 28.535 28.682 28.762 28.815 28.902 28.967 29.072 29.185 29.292 29.405 29.48 29.555 29.687 29.865 30.795 33.257 34.512 31.832 30.362 30.51 30.632 30.75 30.925 31.11 31.242 31.337 31.452 31.57 31.665 31.757 31.93 32.022 32.185 32.402 32.592 32.77 32.895 33.015 33.115 33.162 33.295 35.732
27.822 28.107 28.612 28.097 28.475 28.585 28.197 27.972 28.27 28.915 29.167 28.892 28.842 27.155 26.967 27 27.027 27.102 27.142 27.142 27.187 27.252 27.332 27.435 27.57 27.757 28.03 28.265 28.397 28.51 28.622 28.707 28.822 28.912 28.952 29.012 29.127 29.23 29.3 29.385 29.55 29.63 29.83 29.867 29.965 30.45 30.332 32.337 31.06 30.48 30.637 30.765 30.9 31.04 31.182 31.35 31.47 31.567 31.655 31.817 31.925 32.04 32.21 32.375 32.555 32.767 32.937 33.04 33.097 33.18 33.265 33.997 34.617
28.072 28.422 28.65 27.825 27.235 27.505 27.245 27.742 28.36 29.46 28.297 28.967 29.1 29.222 28.785 28.31 27.825 27.495 27.935 27.505 27.312 28.58 27.51 28.36 27.785 27.862 28.195 29.79 29.792 28.68 28.735 28.82 28.972 29.052 29.127 29.185 29.275 29.34 29.455 30.247 32.445 30.52 29.985 30.132 30.16 30.172 30.757 31.56 31.132 30.602 30.8 30.915 31.035 31.165 31.287 31.422 31.542 31.665 31.795 31.925 32.095 32.257 32.395 32.522 32.715 32.897 33.015 33.145 33.22 33.34 33.425 33.507 33.64
29.005 27.88 27.377 29.675 28.997 29.535 27.235 27.49 27.575 27.945 27.74 27.697 29.655 29.6 29.242 30.77 29.995 29.22 30.127 28.165 28.982 29.717 28.865 28.442 31.02 28.815 29.637 32.85 30.21 31.095 31.852 30.947 30.672 30.822 29.65 30.52 31.515 30.612 33.265 33.422 32.312 30.89 30.635 30.55 31.715 30.297 30.495 32.595 32.182 30.735 30.957 31.12 31.222 31.315 31.44 31.605 31.707 31.847 32.002 32.142 32.302 32.452 32.585 32.71 32.867 33.017 33.147 33.332 33.377 33.492 33.592 33.675 33.822
29.925 27.105 27.72 29.907 30.027 28.61 28.372 29.895 30.712 31.765 29.76 28.697 28.447 27.945 29.82 30.865 30.65 30.175 29.742 29.687 31.125 29.335 29.43 28.755 29.807 29.98 31.017 29.09 29.36 29.865 30.94 31.557 32.505 33.907 31.435 32.095 30.682 31.147 32.292 31.435 31.262 32.08 31.272 33.26 31.745 30.515 30.602 31.65 32.985 31.275 31.075 31.292 31.452 31.585 31.675 31.797 31.942 32.057 32.202 32.312 32.447 32.627 32.73 32.852 33.022 33.165 33.302 33.445 33.547 33.69 33.762 33.95 34.087
26.962 26.897 29.405 31.055 29.525 29.247 27.487 28.842 31.285 28.535 29.017 29.052 28.032 28.592 28.982 28.8 30.105 27.93 28.015 28.22 30.122 30.85 30.04 30.482 29.795 30.972 30.185 29.837 29.962 30.692 30.21 29.772 29.7 29.805 29.92 30.985 32.33 32.102 32.032 32.602 32.087 32.032 30.81 30.945 30.982 30.717 30.662 31.645 33.345 32.495 31.252 31.522 31.697 31.862 31.947 32.085 32.135 32.245 32.375 32.485 32.587 32.705 32.85 32.975 33.172 33.315 33.465 33.6 33.725 33.855 33.877 33.962 34.09
28.175 28.06 28.305 28.975 28.94 29.48 28.672 27.695 29.557 29.932 29.572 29.442 30.08 29.607 29.712 29.427 29.772 29.46 31.14 30.23 31.035 30.84 30.922 30.265 29.945 31.282 32.135 31.512 32.142 32.98 34.605 33.162 29.932 29.917 30.07 30.205 30.342 31.282 30.982 30.782 30.825 30.855 30.927 30.995 30.962 30.852 30.897 32.565 34.587 31.955 31.602 31.75 31.945 32.167 32.222 32.27 32.312 32.37 32.475 32.565 32.67 32.802 32.925 33.085 33.285 33.462 33.62 33.732 33.865 33.96 34.007 34.1 34.187
31.05 30.277 29.23 30.077 29.95 30.335 29.842 29.902 29.227 29.02 30.04 31.047 29.872 30.495 30.31 29.32 29.307 30.51 31.47 31.367 30.712 30.89 30.83 29.572 29.562 31.48 31.19 31.285 31.402 31.1 31.107 32.415 29.902 30.07 30.217 30.367 30.48 30.575 30.697 30.845 30.957 31.077 31.172 31.257 31.295 31.287 31.327 32.012 34.885 32.712 31.947 32.02 32.172 32.372 32.427 32.465 32.485 32.5 32.567 32.645 32.757 32.885 33.03 33.16 33.35 33.562 33.715 33.852 33.982 34.065 34.147 34.237 34.315
31.4 30.955 30.63 29.837 29.687 29.82 30.167 30.25 29.645 29.402 30.367 30.872 30.69 31.102 28.897 28.467 28.287 28.36 29.157 29.587 28.827 29.017 28.687 28.745 28.81 28.985 29.26 29.625 29.632 29.752 29.865 29.967 30.072 30.24 30.395 30.567 30.652 30.712 30.835 30.997 31.155 31.297 31.382 31.492 31.57 31.637 31.62 31.912 34.465 34.515 32.795 32.302 32.392 32.522 32.55 32.62 32.657 32.667 32.737 32.812 32.885 33.03 33.122 33.255 33.412 33.622 33.792 33.962 34.075 34.177 34.317 34.402 34.46
30.34 29.925 28.522 28.155 28.752 28.905 29.257 29.805 29.312 28.697 29.355 29.16 28.31 28.19 28.29 28.4 28.492 28.53 28.562 28.652 28.725 28.79 28.855 28.952 29.06 29.172 29.34 29.592 29.777 29.88 30.005 30.102 30.225 30.415 30.585 30.702 30.787 30.88 31.015 31.185 31.327 31.457 31.582 31.71 31.842 31.897 31.857 31.89 32.982 33.21 32.475 32.55 32.592 32.655 32.702 32.737 32.805 32.88 32.93 33.005 33.117 33.257 33.345 33.435 33.56 33.685 33.842 34.075 34.237 34.377 34.485 34.615 34.69
