All_lidar/sz5794_DSM_2M.asc
ncols 500
nrows 500
xllcorner    457000
yllcorner    94000
cellsize     2
NODATA_value -9999
[rows 306 to 339 of 500, columns 75 to 149 of 500]
-2.162 -2.127 -2.194 -2.112 -2.187 -2.237 -2.292 -2.249 -2.157 -2.109 -2.094 -2.174 -2.159 -2.097 -2.174 -2.159 -2.152 -2.212 -2.194 -2.097 -2.157 -2.214 -2.119 -2.152 -2.202 -2.169 -2.182 -2.212 -2.197 -2.159 -2.129 -2.134 -2.134 -2.137 -2.087 -2.187 -2.189 -2.122 -2.192 -2.052 -2.282 -2.157 -2.169 -2.184 -2.162 -2.079 -2.289 -2.202 -2.107 -2.137 -2.257 -2.209 -2.124 -2.229 -2.207 -2.204 -2.132 -2.102 -2.187 -2.217 -2.119 -2.147 -2.184 -2.152 -2.104 -2.214 -2.234 -2.199 -2.127 -2.194 -2.169 -2.174 -2.164 -2.197 -2.144
-2.142 -2.129 -2.184 -2.132 -2.124 -2.247 -2.249 -2.159 -2.187 -2.172 -2.147 -2.097 -2.172 -2.084 -2.187 -2.179 -2.134 -2.114 -2.187 -2.139 -2.162 -2.139 -2.082 -2.214 -2.187 -2.199 -2.177 -2.207 -2.272 -2.197 -2.204 -2.149 -2.184 -2.119 -2.174 -2.199 -2.202 -2.152 -2.142 -2.114 -2.202 -2.137 -2.179 -2.154 -2.194 -2.157 -2.149 -2.177 -2.109 -2.084 -2.177 -2.214 -2.177 -2.174 -2.182 -2.199 -2.192 -2.144 -2.204 -2.234 -2.092 -2.169 -2.219 -2.099 -2.127 -2.142 -2.194 -2.167 -2.132 -2.214 -2.184 -2.147 -2.134 -2.204 -2.089
-2.084 -2.162 -2.239 -2.137 -2.164 -2.232 -2.307 -2.149 -2.192 -2.117 -2.167 -2.239 -2.217 -2.109 -2.174 -2.174 -2.212 -2.072 -2.197 -2.159 -2.132 -2.127 -2.152 -2.209 -2.204 -2.189 -2.179 -2.184 -2.239 -2.184 -2.144 -2.147 -2.122 -2.109 -2.252 -2.192 -2.204 -2.157 -2.119 -2.167 -2.169 -2.134 -2.237 -2.164 -2.197 -2.152 -2.252 -2.192 -2.144 -2.092 -2.154 -2.209 -2.179 -2.134 -2.159 -2.204 -2.107 -2.062 -2.219 -2.317 -2.142 -2.202 -2.257 -2.154 -2.109 -2.144 -2.177 -2.112 -2.192 -2.142 -2.172 -2.149 -2.222 -2.172 -2.107
-2.117 -2.149 -2.227 -2.082 -2.174 -2.189 -2.209 -2.174 -2.129 -2.167 -2.149 -2.202 -2.254 -2.152 -2.147 -2.167 -2.229 -2.107 -2.169 -2.199 -2.117 -2.102 -2.142 -2.139 -2.142 -2.152 -2.214 -2.182 -2.162 -2.172 -2.189 -2.194 -2.129 -2.174 -2.249 -2.142 -2.207 -2.152 -2.152 -2.182 -2.202 -2.152 -2.204 -2.209 -2.184 -2.192 -2.164 -2.164 -2.122 -2.119 -2.152 -2.177 -2.189 -2.179 -2.134 -2.149 -2.134 -2.062 -2.219 -2.277 -2.204 -2.207 -2.249 -2.184 -2.167 -2.159 -2.184 -2.127 -2.149 -2.122 -2.072 -2.154 -2.159 -2.127 -2.132
-2.157 -2.157 -2.164 -2.122 -2.169 -2.214 -2.222 -2.169 -2.159 -2.219 -2.162 -2.107 -2.224 -2.129 -2.077 -2.237 -2.209 -2.119 -2.169 -2.174 -2.129 -2.174 -2.144 -2.142 -2.132 -2.177 -2.192 -2.134 -2.164 -2.232 -2.172 -2.162 -2.169 -2.172 -2.217 -2.142 -2.152 -2.139 -2.147 -2.247 -2.152 -2.237 -2.199 -2.207 -2.152 -2.119 -2.149 -2.139 -2.107 -2.137 -2.214 -2.149 -2.192 -2.187 -2.102 -2.192 -2.149 -2.072 -2.147 -2.244 -2.209 -2.199 -2.304 -2.189 -2.157 -2.194 -2.202 -2.259 -2.259 -2.157 -2.104 -2.224 -2.242 -2.132 -2.092
-2.147 -2.212 -2.137 -2.124 -2.149 -2.177 -2.169 -2.107 -2.234 -2.152 -2.159 -2.112 -2.187 -2.187 -2.074 -2.234 -2.219 -2.134 -2.189 -2.124 -2.169 -2.172 -2.154 -2.142 -2.124 -2.189 -2.164 -2.167 -2.269 -2.212 -2.097 -2.174 -2.187 -2.214 -2.217 -2.167 -2.187 -2.177 -2.079 -2.224 -2.157 -2.132 -2.254 -2.209 -2.192 -2.179 -2.177 -2.164 -2.149 -2.179 -2.219 -2.139 -2.157 -2.174 -2.139 -2.237 -2.139 -2.109 -2.207 -2.212 -2.142 -2.127 -2.237 -2.169 -2.124 -2.204 -2.244 -2.194 -2.219 -2.184 -2.077 -2.192 -2.242 -2.137 -2.044
-2.202 -2.194 -2.177 -2.219 -2.192 -2.224 -2.152 -2.154 -2.224 -2.172 -2.169 -2.137 -2.147 -2.154 -2.127 -2.224 -2.239 -2.159 -2.209 -2.087 -2.154 -2.144 -2.104 -2.127 -2.127 -2.172 -2.144 -2.167 -2.247 -2.242 -2.154 -2.159 -2.117 -2.142 -2.172 -2.154 -2.149 -2.114 -2.119 -2.244 -2.129 -2.147 -2.257 -2.217 -2.172 -2.157 -2.169 -2.199 -2.174 -2.162 -2.239 -2.172 -2.174 -2.114 -2.139 -2.179 -2.109 -2.082 -2.129 -2.214 -2.092 -2.167 -2.209 -2.169 -2.087 -2.199 -2.092 -2.197 -2.334 -2.237 -2.204 -2.177 -2.199 -2.207 -2.124
-2.214 -2.189 -2.147 -2.239 -2.234 -2.184 -2.224 -2.194 -2.214 -2.209 -2.179 -2.157 -2.182 -2.192 -2.139 -2.189 -2.214 -2.134 -2.227 -2.129 -2.134 -2.139 -2.142 -2.152 -2.129 -2.219 -2.107 -2.187 -2.192 -2.202 -2.177 -2.194 -2.082 -2.182 -2.152 -2.172 -2.157 -2.172 -2.112 -2.199 -2.077 -2.092 -2.164 -2.232 -2.192 -2.189 -2.232 -2.237 -2.154 -2.162 -2.269 -2.244 -2.227 -2.087 -2.129 -2.177 -2.152 -2.094 -2.194 -2.189 -2.107 -2.169 -2.162 -2.197 -2.149 -2.179 -2.134 -2.134 -2.297 -2.202 -2.182 -2.132 -2.192 -2.279 -2.122
-2.179 -2.192 -2.139 -2.224 -2.212 -2.172 -2.239 -2.222 -2.147 -2.219 -2.224 -2.157 -2.237 -2.207 -2.134 -2.242 -2.219 -2.174 -2.227 -2.192 -2.112 -2.152 -2.159 -2.142 -2.174 -2.152 -2.167 -2.127 -2.154 -2.197 -2.142 -2.199 -2.082 -2.202 -2.199 -2.127 -2.167 -2.159 -2.192 -2.174 -2.067 -2.132 -2.184 -2.142 -2.164 -2.189 -2.194 -2.149 -2.187 -2.189 -2.207 -2.222 -2.222 -2.107 -2.117 -2.174 -2.117 -2.074 -2.184 -2.217 -2.147 -2.212 -2.152 -2.169 -2.202 -2.157 -2.112 -2.152 -2.232 -2.189 -2.184 -2.167 -2.192 -2.227 -2.144
-2.177 -2.177 -2.167 -2.242 -2.152 -2.174 -2.212 -2.184 -2.189 -2.209 -2.157 -2.154 -2.207 -2.209 -2.189 -2.209 -2.229 -2.167 -2.194 -2.222 -2.134 -2.122 -2.229 -2.219 -2.144 -2.164 -2.167 -2.172 -2.212 -2.137 -2.154 -2.237 -2.102 -2.229 -2.257 -2.107 -2.124 -2.122 -2.209 -2.177 -2.069 -2.197 -2.219 -1.984 -2.154 -2.189 -2.164 -2.144 -2.232 -2.229 -2.202 -2.214 -2.224 -2.182 -2.094 -2.164 -2.122 -2.164 -2.149 -2.157 -2.159 -2.202 -2.122 -2.127 -2.197 -2.164 -2.142 -2.137 -2.157 -2.209 -2.179 -2.139 -2.187 -2.194 -2.152
-2.217 -2.179 -2.157 -2.194 -2.169 -2.242 -2.199 -2.149 -2.234 -2.169 -2.167 -2.194 -2.124 -2.209 -2.192 -2.174 -2.242 -2.167 -2.207 -2.212 -2.179 -2.132 -2.227 -2.244 -2.104 -2.214 -2.194 -2.117 -2.174 -2.184 -2.202 -2.187 -2.172 -2.164 -2.194 -2.139 -2.197 -2.119 -2.199 -2.182 -2.084 -2.184 -2.129 -2.092 -2.169 -2.139 -2.187 -2.129 -2.222 -2.219 -2.157 -2.222 -2.169 -2.112 -2.082 -2.177 -2.184 -2.219 -2.092 -2.154 -2.209 -2.194 -2.122 -2.212 -2.194 -2.184 -2.109 -2.102 -2.164 -2.182 -2.179 -2.144 -2.237 -2.192 -2.137
-2.207 -2.234 -2.159 -2.219 -2.192 -2.237 -2.179 -2.167 -2.229 -2.169 -2.177 -2.152 -2.117 -2.209 -2.259 -2.109 -2.214 -2.224 -2.207 -2.109 -2.194 -2.124 -2.224 -2.202 -2.102 -2.194 -2.234 -2.059 -2.169 -2.192 -2.154 -2.187 -2.232 -2.197 -2.187 -2.189 -2.204 -2.157 -2.164 -2.224 -2.147 -2.154 -2.127 -2.134 -2.167 -2.137 -2.127 -2.097 -2.202 -2.237 -2.184 -2.214 -2.232 -2.142 -2.087 -2.119 -2.224 -2.182 -2.084 -2.169 -2.227 -2.174 -2.212 -2.164 -2.162 -2.177 -2.132 -2.144 -2.169 -2.197 -2.184 -2.162 -2.154 -2.147 -2.162
-2.212 -2.222 -2.154 -2.222 -2.132 -2.209 -2.267 -2.137 -2.184 -2.167 -2.139 -2.109 -2.124 -2.177 -2.209 -2.134 -2.162 -2.292 -2.202 -2.127 -2.182 -2.149 -2.177 -2.222 -2.134 -2.244 -2.204 -2.094 -2.184 -2.179 -2.177 -2.187 -2.227 -2.197 -2.197 -2.179 -2.204 -2.199 -2.162 -2.207 -2.167 -2.172 -2.159 -2.147 -2.169 -2.177 -2.189 -2.152 -2.137 -2.194 -2.207 -2.179 -2.269 -2.192 -2.084 -2.077 -2.224 -2.142 -2.179 -2.152 -2.182 -2.189 -2.234 -2.107 -2.214 -2.164 -2.177 -2.109 -2.194 -2.242 -2.199 -2.182 -2.114 -2.209 -2.184
-2.257 -2.157 -2.137 -2.279 -2.164 -2.144 -2.244 -2.137 -2.199 -2.202 -2.114 -2.184 -2.179 -2.164 -2.222 -2.109 -2.117 -2.237 -2.207 -2.154 -2.147 -2.247 -2.124 -2.159 -2.114 -2.144 -2.169 -2.059 -2.169 -2.184 -2.222 -2.152 -2.239 -2.192 -2.144 -2.194 -2.209 -2.217 -2.162 -2.174 -2.239 -2.204 -2.179 -2.182 -2.202 -2.134 -2.124 -2.182 -2.159 -2.189 -2.237 -2.184 -2.149 -2.154 -2.107 -2.127 -2.157 -2.119 -2.197 -2.202 -2.154 -2.224 -2.129 -2.054 -2.142 -2.142 -2.149 -2.084 -2.202 -2.319 -2.189 -2.237 -2.177 -2.169 -2.167
-2.259 -2.144 -2.104 -2.249 -2.142 -2.147 -2.177 -2.234 -2.084 -2.174 -2.082 -2.182 -2.117 -2.194 -2.172 -2.179 -2.214 -2.134 -2.187 -2.174 -2.127 -2.182 -2.207 -2.114 -2.177 -2.189 -2.167 -2.112 -2.144 -2.167 -2.192 -2.097 -2.174 -2.199 -2.144 -2.219 -2.127 -2.207 -2.197 -2.182 -2.209 -2.279 -2.149 -2.139 -2.234 -2.157 -2.097 -2.199 -2.169 -2.179 -2.174 -2.134 -2.139 -2.094 -2.127 -2.189 -2.097 -2.134 -2.189 -2.192 -2.172 -2.167 -2.209 -2.152 -2.077 -2.127 -2.197 -2.127 -2.219 -2.237 -2.154 -2.232 -2.132 -2.124 -2.192
-2.257 -2.162 -2.109 -2.172 -2.152 -2.092 -2.184 -2.217 -2.184 -2.117 -2.149 -2.237 -2.144 -2.142 -2.239 -2.182 -2.169 -2.117 -2.142 -2.222 -2.082 -2.122 -2.169 -2.142 -2.144 -2.204 -2.169 -2.057 -2.212 -2.209 -2.222 -2.144 -2.134 -2.187 -2.254 -2.229 -2.159 -2.174 -2.192 -2.179 -2.207 -2.247 -2.157 -2.157 -2.222 -2.184 -2.084 -2.229 -2.137 -2.199 -2.164 -2.207 -2.187 -2.154 -2.122 -2.199 -2.114 -2.182 -2.162 -2.204 -2.182 -2.067 -2.164 -2.154 -2.037 -2.164 -2.179 -2.117 -2.144 -2.164 -2.184 -2.194 -2.179 -2.182 -2.174
-2.172 -2.219 -2.082 -2.227 -2.189 -2.104 -2.182 -2.267 -2.164 -2.084 -2.142 -2.197 -2.132 -2.137 -2.194 -2.167 -2.142 -2.159 -2.184 -2.124 -2.174 -2.157 -2.137 -2.139 -2.167 -2.277 -2.094 -2.167 -2.237 -2.122 -2.194 -2.182 -2.147 -2.197 -2.209 -2.144 -2.154 -2.174 -2.194 -2.192 -2.237 -2.242 -2.197 -2.157 -2.189 -2.162 -2.184 -2.164 -2.172 -2.199 -2.197 -2.277 -2.227 -2.157 -2.194 -2.197 -2.167 -2.247 -2.182 -2.164 -2.092 -2.092 -2.197 -2.172 -2.079 -2.164 -2.184 -2.177 -2.154 -2.177 -2.219 -2.192 -2.169 -2.124 -2.114
-2.187 -2.187 -2.124 -2.164 -2.109 -2.149 -2.187 -2.219 -2.162 -2.079 -2.184 -2.214 -2.132 -2.132 -2.222 -2.202 -2.114 -2.189 -2.212 -2.037 -2.162 -2.222 -2.194 -2.119 -2.212 -2.282 -2.014 -2.132 -2.222 -2.087 -2.104 -2.182 -2.089 -2.204 -2.204 -2.119 -2.137 -2.184 -2.162 -2.202 -2.204 -2.212 -2.214 -2.182 -2.164 -2.164 -2.222 -2.112 -2.189 -2.217 -2.152 -2.227 -2.162 -2.144 -2.177 -2.197 -2.157 -2.259 -2.204 -2.184 -2.129 -2.144 -2.249 -2.112 -2.082 -2.164 -2.147 -2.147 -2.202 -2.147 -2.179 -2.154 -2.162 -2.082 -2.152
-2.182 -2.132 -2.144 -2.187 -2.112 -2.122 -2.197 -2.234 -2.162 -2.119 -2.184 -2.227 -2.134 -2.149 -2.247 -2.209 -2.084 -2.267 -2.177 -2.074 -2.167 -2.202 -2.199 -2.102 -2.237 -2.274 -2.067 -2.189 -2.229 -2.067 -2.214 -2.179 -2.137 -2.157 -2.174 -2.112 -2.239 -2.169 -2.144 -2.227 -2.177 -2.172 -2.242 -2.197 -2.129 -2.234 -2.214 -2.142 -2.224 -2.172 -2.117 -2.174 -2.172 -2.167 -2.179 -2.199 -2.182 -2.222 -2.184 -2.199 -2.139 -2.184 -2.214 -2.137 -2.109 -2.154 -2.127 -2.159 -2.207 -2.187 -2.109 -2.159 -2.124 -2.082 -2.137
-2.214 -2.084 -2.159 -2.204 -2.139 -2.179 -2.179 -2.252 -2.144 -2.124 -2.182 -2.219 -2.179 -2.149 -2.234 -2.169 -2.144 -2.177 -2.137 -2.084 -2.172 -2.274 -2.194 -2.097 -2.282 -2.207 -2.097 -2.187 -2.147 -2.089 -2.182 -2.189 -2.102 -2.197 -2.144 -2.157 -2.154 -2.179 -2.147 -2.184 -2.162 -2.189 -2.257 -2.127 -2.109 -2.249 -2.127 -2.189 -2.244 -2.147 -2.162 -2.202 -2.149 -2.142 -2.179 -2.082 -2.177 -2.207 -2.202 -2.172 -2.157 -2.172 -2.204 -2.144 -2.077 -2.162 -2.127 -2.147 -2.164 -2.182 -2.102 -2.124 -2.147 -2.067 -2.092
-2.199 -2.089 -2.154 -2.219 -2.134 -2.157 -2.212 -2.149 -2.154 -2.179 -2.159 -2.197 -2.182 -2.157 -2.152 -2.142 -2.144 -2.182 -2.079 -2.179 -2.172 -2.192 -2.159 -2.182 -2.252 -2.152 -2.067 -2.157 -2.127 -2.124 -2.157 -2.182 -2.169 -2.114 -2.122 -2.162 -2.157 -2.192 -2.162 -2.087 -2.169 -2.169 -2.217 -2.147 -2.159 -2.147 -2.147 -2.132 -2.299 -2.127 -2.182 -2.147 -2.167 -2.207 -2.174 -2.174 -2.194 -2.147 -2.129 -2.194 -2.192 -2.224 -2.237 -2.142 -2.162 -2.224 -2.199 -2.174 -2.189 -2.182 -2.109 -2.134 -2.189 -2.099 -2.142
-2.177 -2.179 -2.087 -2.214 -2.124 -2.124 -2.147 -2.192 -2.104 -2.192 -2.199 -2.152 -2.199 -2.179 -2.089 -2.172 -2.197 -2.184 -2.097 -2.169 -2.169 -2.159 -2.172 -2.204 -2.229 -2.132 -2.129 -2.177 -2.124 -2.177 -2.122 -2.157 -2.199 -2.162 -2.107 -2.157 -2.147 -2.177 -2.142 -2.067 -2.152 -2.214 -2.194 -2.172 -2.149 -2.162 -2.169 -2.154 -2.197 -2.122 -2.192 -2.112 -2.214 -2.227 -2.124 -2.194 -2.242 -2.177 -2.247 -2.199 -2.169 -2.204 -2.182 -2.167 -2.202 -2.169 -2.184 -2.129 -2.209 -2.192 -2.159 -2.182 -2.187 -2.142 -2.147
-2.159 -2.172 -2.077 -2.187 -2.139 -2.112 -2.139 -2.232 -2.134 -2.147 -2.194 -2.179 -2.112 -2.179 -2.114 -2.144 -2.229 -2.187 -2.099 -2.234 -2.184 -2.177 -2.202 -2.274 -2.227 -2.109 -2.194 -2.149 -2.149 -2.102 -2.134 -2.189 -2.227 -2.149 -2.097 -2.112 -2.167 -2.194 -2.144 -2.119 -2.139 -2.174 -2.162 -2.169 -2.184 -2.129 -2.172 -2.134 -2.209 -2.164 -2.224 -2.114 -2.194 -2.174 -2.149 -2.212 -2.219 -2.152 -2.157 -2.207 -2.189 -2.207 -2.162 -2.149 -2.237 -2.187 -2.194 -2.082 -2.204 -2.219 -2.172 -2.152 -2.152 -2.149 -2.149
-2.224 -2.159 -2.037 -2.182 -2.184 -2.077 -2.137 -2.189 -2.119 -2.152 -2.164 -2.237 -2.152 -2.139 -2.154 -2.167 -2.174 -2.169 -2.092 -2.117 -2.204 -2.179 -2.084 -2.302 -2.189 -2.112 -2.184 -2.134 -2.129 -2.149 -2.112 -2.197 -2.234 -2.129 -2.064 -2.142 -2.124 -2.212 -2.132 -2.177 -2.114 -2.127 -2.212 -2.204 -2.169 -2.139 -2.147 -2.229 -2.157 -2.129 -2.194 -2.137 -2.172 -2.192 -2.149 -2.222 -2.222 -2.142 -2.154 -2.159 -2.182 -2.202 -2.127 -2.174 -2.142 -2.212 -2.189 -2.147 -2.159 -2.184 -2.237 -2.172 -2.087 -2.067 -2.144
-2.187 -2.147 -2.059 -2.184 -2.204 -2.119 -2.139 -2.192 -2.174 -2.189 -2.164 -2.162 -2.189 -2.122 -2.162 -2.172 -2.202 -2.124 -2.112 -2.159 -2.172 -2.169 -2.087 -2.262 -2.192 -2.179 -2.152 -2.144 -2.139 -2.147 -2.132 -2.157 -2.237 -2.152 -2.139 -2.137 -2.139 -2.124 -2.172 -2.164 -2.109 -2.154 -2.164 -2.227 -2.179 -2.089 -2.179 -2.224 -2.129 -2.124 -2.202 -2.132 -2.149 -2.162 -2.169 -2.179 -2.189 -2.144 -2.154 -2.119 -2.182 -2.202 -2.099 -2.119 -2.152 -2.202 -2.204 -2.134 -2.174 -2.184 -2.224 -2.159 -2.099 -2.117 -2.182
-2.157 -2.169 -2.114 -2.189 -2.159 -2.134 -2.184 -2.147 -2.154 -2.167 -2.154 -2.154 -2.182 -2.154 -2.114 -2.157 -2.249 -2.139 -2.077 -2.134 -2.217 -2.174 -2.122 -2.259 -2.157 -2.157 -2.197 -2.157 -2.154 -2.154 -2.144 -2.184 -2.202 -2.197 -2.182 -2.182 -2.159 -2.154 -2.204 -2.167 -2.174 -2.177 -2.124 -2.209 -2.139 -2.137 -2.154 -2.194 -2.139 -2.139 -2.142 -2.179 -2.154 -2.122 -2.169 -2.209 -2.199 -2.102 -2.154 -2.114 -2.317 -2.212 -2.132 -2.212 -2.187 -2.254 -2.179 -2.174 -2.209 -2.177 -2.194 -2.157 -2.062 -2.209 -2.189
-2.119 -2.182 -2.142 -2.142 -2.112 -2.087 -2.252 -2.142 -2.139 -2.219 -2.132 -2.102 -2.182 -2.212 -2.114 -2.127 -2.167 -2.189 -2.102 -2.127 -2.219 -2.174 -2.152 -2.209 -2.159 -2.147 -2.227 -2.204 -2.122 -2.162 -2.207 -2.219 -2.162 -2.214 -2.219 -2.147 -2.174 -2.187 -2.234 -2.104 -2.174 -2.169 -2.107 -2.219 -2.137 -2.184 -2.174 -2.174 -2.172 -2.174 -2.177 -2.184 -2.207 -2.169 -2.174 -2.184 -2.177 -2.102 -2.152 -2.154 -2.174 -2.187 -2.114 -2.214 -2.214 -2.237 -2.192 -2.229 -2.147 -2.114 -2.159 -2.157 -2.099 -2.224 -2.179
-2.109 -2.097 -2.157 -2.209 -2.097 -2.082 -2.277 -2.144 -2.154 -2.162 -2.159 -2.077 -2.172 -2.172 -2.149 -2.179 -2.139 -2.199 -2.169 -2.149 -2.174 -2.224 -2.192 -2.182 -2.182 -2.172 -2.244 -2.207 -2.087 -2.197 -2.254 -2.232 -2.104 -2.217 -2.189 -2.102 -2.134 -2.222 -2.179 -2.097 -2.172 -2.214 -2.137 -2.219 -2.249 -2.209 -2.177 -2.194 -2.234 -2.207 -2.177 -2.179 -2.204 -2.217 -2.197 -2.187 -2.182 -2.134 -2.104 -2.139 -2.114 -2.154 -2.094 -2.232 -2.187 -2.102 -2.134 -2.209 -2.112 -2.109 -2.179 -2.224 -2.117 -2.117 -2.187
-2.079 -2.109 -2.177 -2.202 -2.084 -2.132 -2.199 -2.149 -2.184 -2.132 -2.142 -2.159 -2.197 -2.174 -2.189 -2.182 -2.157 -2.177 -2.207 -2.182 -2.204 -2.209 -2.197 -2.197 -2.124 -2.179 -2.229 -2.154 -2.147 -2.142 -2.187 -2.219 -2.152 -2.252 -2.134 -2.152 -2.154 -2.222 -2.159 -2.167 -2.117 -2.167 -2.147 -2.184 -2.209 -2.202 -2.184 -2.199 -2.167 -2.244 -2.167 -2.124 -2.172 -2.267 -2.229 -2.174 -2.227 -2.127 -2.134 -2.164 -2.177 -2.154 -2.102 -2.259 -2.192 -2.142 -2.119 -2.204 -2.134 -2.094 -2.142 -2.189 -2.127 -2.174 -2.184
-2.117 -2.152 -2.144 -2.189 -2.077 -2.192 -2.179 -2.089 -2.212 -2.179 -2.099 -2.202 -2.202 -2.159 -2.192 -2.214 -2.182 -2.179 -2.219 -2.197 -2.154 -2.207 -2.219 -2.244 -2.134 -2.202 -2.167 -2.137 -2.189 -2.194 -2.149 -2.172 -2.234 -2.187 -2.172 -2.144 -2.212 -2.219 -2.102 -2.214 -2.167 -2.174 -2.172 -2.172 -2.144 -2.194 -2.174 -2.127 -2.194 -2.139 -2.202 -2.114 -2.192 -2.297 -2.197 -2.162 -2.227 -2.152 -2.132 -2.114 -2.172 -2.184 -2.177 -2.224 -2.212 -2.192 -2.152 -2.207 -2.202 -2.112 -2.104 -2.237 -2.124 -2.254 -2.154
-2.132 -2.207 -2.154 -2.149 -2.127 -2.192 -2.189 -2.129 -2.197 -2.159 -2.094 -2.154 -2.247 -2.132 -2.179 -2.179 -2.202 -2.174 -2.234 -2.217 -2.122 -2.229 -2.222 -2.227 -2.134 -2.207 -2.217 -2.177 -2.204 -2.184 -2.119 -2.144 -2.232 -2.187 -2.099 -2.162 -2.202 -2.232 -2.152 -2.179 -2.207 -2.149 -2.137 -2.202 -2.147 -2.179 -2.214 -2.182 -2.162 -2.184 -2.207 -2.127 -2.182 -2.264 -2.202 -2.147 -2.254 -2.142 -2.169 -2.144 -2.089 -2.224 -2.224 -2.202 -2.184 -2.202 -2.177 -2.142 -2.204 -2.162 -2.189 -2.169 -2.162 -2.282 -2.172
-2.114 -2.187 -2.124 -2.112 -2.147 -2.189 -2.159 -2.164 -2.232 -2.222 -2.082 -2.182 -2.234 -2.154 -2.112 -2.234 -2.184 -2.132 -2.212 -2.187 -2.154 -2.199 -2.177 -2.227 -2.182 -2.212 -2.152 -2.194 -2.209 -2.197 -2.159 -2.154 -2.319 -2.194 -2.079 -2.174 -2.229 -2.212 -2.159 -2.164 -2.174 -2.122 -2.139 -2.239 -2.097 -2.182 -2.204 -2.124 -2.129 -2.192 -2.147 -2.129 -2.182 -2.284 -2.212 -2.129 -2.212 -2.154 -2.192 -2.144 -2.122 -2.282 -2.257 -2.119 -2.197 -2.209 -2.169 -2.212 -2.132 -2.119 -2.224 -2.139 -2.149 -2.294 -2.184
-2.192 -2.239 -2.147 -2.092 -2.174 -2.184 -2.129 -2.144 -2.214 -2.209 -2.072 -2.157 -2.237 -2.129 -2.112 -2.217 -2.199 -2.192 -2.227 -2.212 -2.172 -2.164 -2.142 -2.234 -2.169 -2.172 -2.117 -2.219 -2.214 -2.162 -2.142 -2.129 -2.214 -2.202 -2.062 -2.209 -2.204 -2.169 -2.124 -2.154 -2.157 -2.159 -2.174 -2.232 -2.149 -2.129 -2.134 -2.132 -2.119 -2.194 -2.134 -2.124 -2.202 -2.257 -2.207 -2.227 -2.187 -2.197 -2.142 -2.089 -2.142 -2.242 -2.207 -2.149 -2.192 -2.167 -2.162 -2.197 -2.164 -2.177 -2.232 -2.189 -2.134 -2.207 -2.207
-2.187 -2.192 -2.162 -2.114 -2.222 -2.169 -2.147 -2.182 -2.214 -2.197 -2.097 -2.159 -2.214 -2.119 -2.242 -2.192 -2.199 -2.212 -2.194 -2.202 -2.157 -2.184 -2.129 -2.197 -2.254 -2.167 -2.127 -2.209 -2.227 -2.177 -2.129 -2.167 -2.197 -2.169 -2.104 -2.212 -2.129 -2.154 -2.187 -2.129 -2.202 -2.197 -2.207 -2.179 -2.159 -2.209 -2.202 -2.127 -2.144 -2.177 -2.132 -2.187 -2.209 -2.212 -2.194 -2.272 -2.182 -2.144 -2.172 -2.097 -2.177 -2.204 -2.192 -2.229 -2.189 -2.157 -2.149 -2.229 -2.152 -2.147 -2.214 -2.237 -2.189 -2.222 -2.194
