All_lidar/sz5787_DSM_2M.asc
ncols 500
nrows 500
xllcorner    457000
yllcorner    87000
cellsize     2
NODATA_value -9999
[rows 210 to 239 of 500, columns 0 to 66 of 500]
97.217 97.372 97.515 97.655 97.79 97.955 98.102 98.262 98.427 98.602 98.782 98.957 99.167 99.362 99.565 99.767 99.992 100.19 100.417 100.6 100.8 100.995 101.215 101.364 101.58 101.766 101.936 102.107 102.267 102.411 102.568 102.728 102.886 103.031 103.201 103.373 103.561 103.727 103.865 104.027 104.192 104.36 104.535 104.68 104.857 105.012 105.177 105.342 105.515 105.657 105.78 105.94 106.045 106.125 106.23 106.415 107.062 107.52 107.757 107.897 108.08 108.267 108.415 108.57 108.742 108.892 109.055
97.327 97.475 97.632 97.777 97.915 98.065 98.2 98.385 98.535 98.702 98.897 99.077 99.282 99.447 99.667 99.892 100.095 100.297 100.502 100.707 100.892 101.092 101.3 101.454 101.654 101.836 102.012 102.196 102.337 102.514 102.676 102.824 102.985 103.141 103.307 103.468 103.643 103.795 103.96 104.122 104.287 104.475 104.632 104.787 104.962 105.122 105.302 105.455 105.625 105.772 105.912 106.055 106.165 106.245 106.332 106.49 108.875 108.287 107.86 107.975 108.177 108.342 108.497 108.68 108.885 109.012 109.16
97.445 97.63 97.777 97.92 98.052 98.19 98.355 98.502 98.657 98.832 99.012 99.197 99.375 99.577 99.77 99.982 100.195 100.405 100.597 100.807 100.99 101.185 101.377 101.563 101.773 101.961 102.121 102.3 102.457 102.629 102.781 102.943 103.094 103.253 103.42 103.599 103.755 103.933 104.065 104.25 104.412 104.562 104.737 104.895 105.05 105.222 105.402 105.552 105.71 105.85 105.977 106.142 106.265 106.34 106.44 106.647 108.77 107.925 107.952 108.057 108.257 108.452 108.597 108.775 108.98 109.125 109.267
97.582 97.72 97.88 98.03 98.175 98.305 98.472 98.597 98.765 98.925 99.117 99.292 99.485 99.682 99.89 100.102 100.302 100.51 100.715 100.917 101.1 101.3 101.502 101.672 101.873 102.066 102.235 102.426 102.562 102.727 102.897 103.067 103.218 103.393 103.543 103.714 103.858 104.008 104.17 104.329 104.485 104.645 104.802 104.962 105.125 105.292 105.465 105.62 105.78 105.927 106.08 106.212 106.367 106.43 106.53 106.63 108.922 108.712 108.04 108.16 108.342 108.55 108.707 108.895 109.042 109.21 109.347
97.687 97.842 97.98 98.135 98.272 98.405 98.565 98.712 98.882 99.04 99.23 99.397 99.605 99.8 100 100.207 100.427 100.65 100.835 101.05 101.227 101.435 101.612 101.816 101.991 102.165 102.354 102.547 102.699 102.861 103.003 103.148 103.304 103.466 103.625 103.784 103.935 104.096 104.253 104.399 104.555 104.732 104.875 105.027 105.207 105.392 105.532 105.695 105.852 106.01 106.152 106.327 106.445 106.535 106.64 106.902 107.952 108.032 108.122 108.207 108.43 108.622 108.802 108.972 109.17 109.327 109.455
97.795 97.957 98.097 98.237 98.38 98.525 98.7 98.817 99.002 99.177 99.345 99.555 99.73 99.935 100.13 100.332 100.562 100.78 100.987 101.177 101.352 101.54 101.727 101.92 102.093 102.266 102.449 102.632 102.761 102.908 103.085 103.23 103.398 103.549 103.706 103.867 104.007 104.171 104.34 104.482 104.649 104.801 104.965 105.13 105.297 105.465 105.64 105.79 105.972 106.13 106.255 106.397 106.54 106.61 106.727 106.815 108.51 108.085 108.205 108.325 108.522 108.725 108.897 109.047 109.252 109.432 109.552
97.89 98.062 98.22 98.362 98.522 98.655 98.825 98.975 99.145 99.325 99.49 99.67 99.852 100.047 100.245 100.445 100.645 100.87 101.072 101.25 101.44 101.615 101.815 101.977 102.17 102.341 102.531 102.711 102.859 103.022 103.175 103.332 103.482 103.635 103.796 103.947 104.108 104.277 104.442 104.598 104.754 104.917 105.068 105.205 105.38 105.567 105.73 105.895 106.06 106.217 106.355 106.522 106.657 106.707 106.81 106.87 107.477 109.225 108.257 108.41 108.592 108.79 108.982 109.142 109.337 109.517 109.65
98.055 98.202 98.355 98.512 98.66 98.822 98.95 99.092 99.245 99.437 99.597 99.77 99.947 100.122 100.317 100.502 100.725 100.95 101.14 101.325 101.507 101.69 101.867 102.05 102.265 102.444 102.626 102.789 102.943 103.106 103.266 103.413 103.582 103.726 103.891 104.063 104.229 104.39 104.557 104.707 104.858 105.025 105.175 105.352 105.512 105.66 105.827 106.007 106.152 106.302 106.455 106.58 106.72 106.822 106.907 106.982 107.427 108.05 108.34 108.49 108.645 108.852 109.05 109.235 109.435 109.597 109.71
98.165 98.327 98.472 98.627 98.757 98.887 99.042 99.202 99.357 99.522 99.682 99.872 100.015 100.21 100.39 100.595 100.81 101.037 101.25 101.442 101.625 101.8 101.98 102.155 102.34 102.511 102.697 102.887 103.03 103.191 103.367 103.515 103.679 103.852 104.012 104.173 104.328 104.501 104.667 104.819 104.972 105.13 105.281 105.452 105.627 105.777 105.96 106.11 106.267 106.41 106.54 106.662 106.8 106.902 106.995 107.087 107.487 107.977 108.492 108.607 108.722 108.885 109.107 109.287 109.517 109.677 109.79
98.262 98.402 98.552 98.7 98.845 99.015 99.147 99.297 99.452 99.637 99.787 99.955 100.142 100.312 100.512 100.712 100.922 101.135 101.322 101.5 101.702 101.877 102.06 102.25 102.44 102.625 102.815 102.968 103.138 103.307 103.472 103.633 103.803 103.964 104.131 104.293 104.447 104.617 104.772 104.922 105.073 105.236 105.405 105.543 105.71 105.875 106.045 106.21 106.362 106.497 106.625 106.762 106.902 107.005 107.105 107.195 107.512 108.19 108.882 108.667 108.817 108.995 109.2 109.377 109.585 109.71 109.827
98.355 98.502 98.662 98.815 98.955 99.107 99.242 99.397 99.552 99.732 99.89 100.075 100.225 100.42 100.605 100.817 101.01 101.235 101.412 101.617 101.81 101.967 102.152 102.332 102.525 102.705 102.91 103.076 103.251 103.42 103.584 103.731 103.908 104.068 104.233 104.402 104.552 104.709 104.866 105.015 105.174 105.33 105.467 105.641 105.793 105.967 106.122 106.285 106.442 106.577 106.725 106.84 106.98 107.07 107.177 107.292 107.782 108.26 108.885 108.73 108.882 109.072 109.242 109.45 109.622 109.742 109.89
98.48 98.622 98.777 98.927 99.067 99.205 99.352 99.492 99.675 99.865 99.985 100.185 100.335 100.525 100.7 100.89 101.112 101.32 101.527 101.715 101.897 102.077 102.267 102.437 102.637 102.817 103.007 103.196 103.348 103.523 103.688 103.836 103.999 104.162 104.316 104.485 104.638 104.788 104.945 105.106 105.24 105.404 105.565 105.718 105.894 106.049 106.214 106.372 106.512 106.655 106.805 106.92 107.04 107.185 107.26 107.387 107.492 108.05 108.57 108.795 108.955 109.142 109.3 109.487 109.687 109.822 109.962
98.575 98.727 98.872 99.027 99.172 99.332 99.47 99.617 99.785 99.94 100.112 100.287 100.452 100.63 100.825 101.007 101.195 101.435 101.63 101.822 102.012 102.2 102.362 102.535 102.707 102.892 103.09 103.272 103.456 103.618 103.78 103.931 104.079 104.227 104.389 104.551 104.707 104.878 105.025 105.174 105.347 105.505 105.655 105.823 105.979 106.128 106.29 106.447 106.56 106.72 106.867 106.987 107.115 107.262 107.337 107.477 107.557 108.042 109.342 108.837 109.035 109.19 109.36 109.545 109.737 109.862 110.042
98.7 98.847 99.005 99.14 99.297 99.44 99.585 99.72 99.88 100.042 100.21 100.37 100.555 100.717 100.907 101.112 101.305 101.527 101.727 101.91 102.095 102.272 102.425 102.61 102.785 102.97 103.162 103.347 103.527 103.684 103.853 104.001 104.17 104.319 104.48 104.646 104.791 104.956 105.123 105.273 105.421 105.581 105.751 105.897 106.047 106.199 106.349 106.499 106.644 106.785 106.94 107.047 107.17 107.325 107.432 107.552 107.655 108.437 110.085 108.87 109.112 109.275 109.427 109.632 109.785 109.92 110.077
98.822 98.972 99.097 99.255 99.385 99.547 99.677 99.815 99.972 100.13 100.292 100.44 100.632 100.79 100.98 101.18 101.387 101.59 101.79 101.98 102.152 102.325 102.48 102.655 102.857 103.032 103.22 103.397 103.577 103.777 103.945 104.089 104.266 104.412 104.567 104.704 104.885 105.049 105.201 105.358 105.519 105.682 105.825 105.977 106.124 106.275 106.441 106.596 106.74 106.879 107.035 107.145 107.275 107.41 107.51 107.64 107.757 108.642 109.515 108.922 109.152 109.332 109.502 109.705 109.84 109.995 110.142
98.89 99.05 99.185 99.345 99.51 99.64 99.76 99.902 100.067 100.21 100.385 100.53 100.71 100.872 101.082 101.275 101.452 101.665 101.88 102.06 102.227 102.41 102.572 102.735 102.922 103.115 103.302 103.485 103.67 103.832 104.025 104.197 104.359 104.503 104.659 104.824 104.969 105.122 105.294 105.445 105.592 105.752 105.902 106.052 106.207 106.359 106.507 106.671 106.824 106.973 107.106 107.22 107.352 107.485 107.58 107.71 107.83 107.975 108.672 108.985 109.217 109.4 109.552 109.737 109.9 110.055 110.212
98.987 99.14 99.277 99.432 99.58 99.737 99.847 99.997 100.152 100.287 100.47 100.62 100.785 100.967 101.157 101.36 101.557 101.76 101.94 102.14 102.327 102.502 102.635 102.815 102.98 103.18 103.382 103.56 103.745 103.912 104.102 104.267 104.436 104.593 104.745 104.92 105.063 105.221 105.375 105.526 105.684 105.831 105.969 106.121 106.273 106.41 106.587 106.738 106.89 107.031 107.145 107.295 107.437 107.585 107.685 107.805 107.92 108.032 108.632 109.025 109.265 109.437 109.63 109.79 109.972 110.122 110.28
99.09 99.23 99.377 99.535 99.675 99.81 99.952 100.09 100.237 100.387 100.555 100.735 100.887 101.042 101.23 101.432 101.627 101.83 102.02 102.205 102.392 102.562 102.707 102.872 103.052 103.245 103.422 103.617 103.83 103.997 104.17 104.352 104.519 104.671 104.849 104.998 105.147 105.295 105.435 105.583 105.734 105.871 106.027 106.18 106.337 106.5 106.66 106.821 106.964 107.094 107.252 107.381 107.527 107.69 107.795 107.88 107.997 108.097 108.675 109.052 109.292 109.49 109.687 109.842 110.007 110.16 110.262
99.192 99.342 99.467 99.625 99.755 99.905 100.035 100.187 100.325 100.482 100.632 100.802 100.962 101.135 101.315 101.502 101.695 101.9 102.08 102.262 102.457 102.635 102.77 102.935 103.107 103.297 103.47 103.687 103.877 104.07 104.255 104.417 104.605 104.758 104.917 105.068 105.218 105.36 105.514 105.651 105.806 105.966 106.114 106.272 106.438 106.596 106.767 106.914 107.051 107.184 107.389 107.475 107.61 107.744 107.88 107.962 108.037 108.167 108.722 109.077 109.377 109.507 109.697 109.875 110.007 110.115 110.137
99.29 99.432 99.567 99.72 99.835 99.985 100.137 100.272 100.412 100.562 100.715 100.875 101.027 101.2 101.392 101.577 101.762 101.945 102.155 102.35 102.525 102.702 102.855 103.01 103.185 103.367 103.565 103.752 103.957 104.147 104.32 104.477 104.67 104.82 104.981 105.149 105.304 105.448 105.596 105.74 105.897 106.045 106.202 106.378 106.535 106.703 106.847 106.986 107.132 107.266 107.59 107.638 107.708 107.832 107.941 108.022 108.072 108.25 108.727 109.095 109.332 109.492 109.66 109.827 109.922 109.94 109.945
99.37 99.51 99.635 99.792 99.937 100.065 100.2 100.347 100.487 100.63 100.78 100.94 101.095 101.27 101.455 101.655 101.827 102.027 102.217 102.42 102.617 102.777 102.95 103.09 103.265 103.437 103.61 103.812 104.017 104.21 104.385 104.547 104.73 104.907 105.062 105.229 105.389 105.544 105.686 105.845 106.019 106.151 106.315 106.456 106.607 106.754 106.904 107.048 107.198 107.342 107.481 107.629 107.774 107.891 107.985 108.048 108.152 108.395 109.057 109.205 109.315 109.435 109.622 109.655 109.697 109.812 109.962
99.447 99.59 99.715 99.875 100.005 100.162 100.317 100.415 100.56 100.712 100.84 101.027 101.177 101.345 101.542 101.727 101.902 102.105 102.292 102.482 102.655 102.842 103 103.147 103.332 103.502 103.672 103.885 104.075 104.265 104.45 104.64 104.822 104.985 105.152 105.335 105.486 105.631 105.795 105.938 106.096 106.223 106.39 106.513 106.653 106.821 106.956 107.101 107.259 107.429 107.579 107.737 107.877 107.987 108.097 108.209 108.495 108.902 109.605 109.397 109.23 109.222 109.282 109.447 109.605 109.82 109.955
99.517 99.65 99.79 99.955 100.095 100.242 100.367 100.49 100.635 100.775 100.915 101.095 101.262 101.407 101.58 101.767 101.942 102.135 102.325 102.527 102.72 102.902 103.062 103.23 103.412 103.592 103.782 103.982 104.195 104.387 104.57 104.745 104.917 105.092 105.237 105.387 105.552 105.706 105.872 106.013 106.169 106.301 106.454 106.597 106.725 106.882 107.038 107.158 107.32 107.495 107.659 107.844 107.984 108.087 108.405 108.989 108.747 108.739 108.782 108.787 108.945 109.175 109.32 109.482 109.687 109.845 110.052
99.615 99.75 99.875 100.017 100.17 100.315 100.44 100.567 100.697 100.852 100.982 101.142 101.312 101.457 101.635 101.822 101.992 102.197 102.402 102.592 102.817 103.005 103.182 103.355 103.54 103.72 103.902 104.11 104.29 104.49 104.665 104.847 105.017 105.182 105.317 105.485 105.617 105.792 105.941 106.101 106.241 106.378 106.522 106.674 106.816 106.968 107.137 107.461 107.441 107.565 107.708 107.801 107.908 108.08 108.103 108.24 108.352 108.479 108.636 108.817 108.97 109.155 109.32 109.517 109.742 110.002 110.41
99.69 99.832 99.95 100.097 100.252 100.387 100.517 100.627 100.777 100.932 101.057 101.23 101.39 101.532 101.727 101.887 102.092 102.295 102.502 102.71 102.912 103.092 103.28 103.452 103.632 103.815 103.997 104.187 104.397 104.58 104.757 104.917 105.1 105.247 105.397 105.555 105.707 105.882 106.04 106.191 106.385 106.57 106.708 106.846 106.926 107.033 107.131 107.21 107.31 107.413 107.527 107.652 107.772 107.943 108.048 108.213 108.372 108.558 108.675 108.804 108.977 109.195 109.517 109.855 110.355 111.087 111.557
99.757 99.887 100.02 100.167 100.317 100.465 100.58 100.72 100.872 101.027 101.155 101.335 101.497 101.65 101.82 102 102.182 102.4 102.575 102.792 102.972 103.167 103.342 103.525 103.7 103.887 104.067 104.25 104.447 104.622 104.807 104.982 105.172 105.342 105.49 105.665 106.162 106.332 106.742 106.985 107.055 106.864 106.604 106.618 106.727 106.838 106.951 107.072 107.226 107.362 107.508 107.629 107.791 107.955 108.1 108.286 108.402 108.524 108.652 108.847 109.364 109.685 110.115 110.447 111.635 112.192 111.117
99.837 99.975 100.115 100.262 100.407 100.557 100.702 100.867 100.992 101.135 101.272 101.427 101.577 101.742 101.895 102.062 102.237 102.422 102.625 102.827 103.03 103.195 103.385 103.567 103.727 103.915 104.102 104.31 104.492 104.702 104.9 105.107 105.322 105.517 105.652 105.93 106.107 106.105 106.16 106.06 106.172 106.264 106.405 106.593 106.692 106.805 106.997 107.1 107.24 107.372 107.511 107.663 107.788 107.958 108.102 108.279 108.42 108.557 108.635 109.309 109.938 110.807 110.598 110.539 110.737 110.975 111.087
99.942 100.085 100.232 100.352 100.525 100.667 100.812 100.955 101.097 101.23 101.347 101.507 101.65 101.8 101.98 102.125 102.297 102.48 102.665 102.87 103.055 103.245 103.43 103.617 103.812 104.02 104.237 104.69 104.99 104.857 105.005 105.165 105.197 105.3 105.417 105.477 105.64 105.755 105.892 106.035 106.162 106.344 106.449 106.598 106.698 106.84 106.976 107.132 107.251 107.41 107.532 107.685 107.728 107.924 108.147 108.324 108.486 108.582 108.771 109.583 110.936 111.153 110.582 110.637 110.775 110.935 111.083
100.017 100.172 100.312 100.452 100.605 100.742 100.895 101.017 101.167 101.29 101.43 101.567 101.695 101.842 102.025 102.182 102.352 102.542 102.74 102.942 103.152 103.35 103.577 103.75 103.905 104.077 104.19 104.33 104.435 104.57 104.72 104.837 105.012 105.152 105.365 105.452 105.637 105.757 105.945 106.05 106.21 106.34 106.493 106.63 106.802 107.04 107.293 107.558 107.829 108.083 108.277 108.369 108.436 108.204 108.205 108.418 108.6 108.657 108.888 109.852 111.41 110.537 110.599 110.754 110.852 110.968 111.125
100.09 100.22 100.352 100.505 100.647 100.792 100.94 101.062 101.212 101.327 101.457 101.625 101.752 101.91 102.122 102.29 102.495 102.67 102.857 103.07 103.227 103.327 103.435 103.56 103.712 103.837 103.987 104.18 104.34 104.535 104.717 104.867 105.025 105.147 105.3 105.475 105.617 105.74 105.97 106.17 106.47 106.735 107.03 107.3 107.518 107.762 107.949 108.13 108.266 108.374 108.477 108.581 108.742 108.821 108.688 108.553 108.685 108.794 108.919 110.135 111.055 110.531 110.65 110.803 110.89 111.025 111.174
