All_lidar/sz5791_DSM_2M.asc
ncols 500
nrows 500
xllcorner    457000
yllcorner    91000
cellsize     2
NODATA_value -9999
[rows 64 to 95 of 500, columns 71 to 141 of 500]
38.934 37.292 37.037 36.892 36.717 36.564 36.389 36.287 36.197 36.049 35.969 35.909 37.132 36.209 35.549 35.457 35.402 35.134 34.777 34.679 34.507 36.074 37.464 37.619 38.704 39.402 37.804 35.167 34.017 33.559 33.464 33.662 33.034 32.759 32.497 32.457 32.387 32.432 32.989 32.637 32.879 32.552 32.029 32.264 33.839 33.042 32.502 32.802 31.959 31.662 31.594 30.572 30.179 29.977 29.772 30.844 32.654 32.984 33.319 33.497 33.594 31.657 29.217 29.197 29.104 29.062 28.897 28.774 28.784 28.819 28.922
37.257 37.117 36.994 36.867 36.702 36.844 36.457 36.342 36.582 36.654 36.257 35.997 35.939 35.639 35.509 35.444 35.334 35.027 34.769 34.669 34.547 34.572 35.737 38.079 39.567 39.864 39.194 36.907 34.209 33.419 33.339 33.159 32.969 32.664 32.482 32.419 32.367 32.909 34.167 32.307 32.459 33.287 32.389 32.034 33.237 34.277 34.169 32.899 31.927 32.307 31.752 30.929 30.497 30.162 30.007 30.217 31.234 31.842 31.564 32.614 32.919 31.554 29.229 29.212 29.169 29.032 28.872 28.807 28.837 28.894 29.027
37.749 38.027 37.049 36.817 36.674 36.529 36.479 36.394 36.219 36.167 36.102 35.997 36.434 35.622 35.754 36.184 35.817 34.987 34.777 34.714 35.012 34.219 35.232 38.814 39.754 39.642 38.594 35.609 33.514 33.374 33.222 33.034 32.837 32.612 32.459 32.369 32.362 32.902 33.279 32.167 33.962 34.347 33.989 32.889 32.287 31.927 32.662 31.257 30.987 30.762 30.617 30.367 31.032 31.932 31.832 31.304 29.634 30.147 29.537 29.719 31.207 30.684 29.274 29.237 29.147 28.982 28.877 28.867 28.877 29.024 29.117
38.479 39.052 37.774 36.804 36.577 36.479 36.707 36.959 36.334 36.442 36.222 35.972 36.054 35.637 35.722 35.749 35.934 35.852 36.089 35.742 36.674 35.764 36.722 39.284 39.897 39.459 38.149 33.669 33.469 33.622 33.234 32.959 32.769 32.554 32.444 32.394 32.417 32.709 32.259 32.482 35.377 35.569 35.332 35.062 34.577 33.299 31.367 31.029 30.954 30.679 30.454 30.204 30.037 30.359 31.117 31.144 29.997 30.342 29.804 29.989 29.429 29.299 29.257 29.204 29.062 28.884 28.864 28.902 28.992 29.127 29.247
37.107 36.942 38.992 38.279 38.072 36.934 37.114 36.884 36.239 35.962 36.654 35.852 35.742 35.682 35.602 35.639 35.309 35.034 34.897 35.152 35.804 36.549 36.939 37.777 39.449 39.002 36.444 33.607 33.504 33.649 33.472 32.974 32.917 32.497 32.437 32.322 32.437 32.452 32.184 32.342 35.589 35.962 36.022 35.379 34.519 33.999 32.017 33.527 33.297 31.719 31.257 30.284 30.147 29.879 29.779 30.164 29.807 29.822 29.724 30.207 29.747 29.307 29.187 29.097 28.984 28.899 28.929 28.982 29.099 29.237 29.369
36.972 36.812 36.644 37.442 37.714 38.249 37.927 37.144 36.747 38.049 38.549 37.389 36.499 36.844 35.829 35.792 35.687 35.417 34.827 34.674 34.587 34.457 35.614 36.307 36.697 36.684 34.404 33.562 33.482 33.462 33.254 32.984 32.932 32.487 32.432 32.344 32.419 32.332 32.079 32.032 34.732 35.177 35.699 35.147 32.627 31.689 32.647 34.024 34.449 34.187 33.917 31.017 30.482 29.869 30.362 32.609 32.397 31.514 30.552 29.827 29.499 29.377 29.197 29.039 28.974 28.962 28.984 29.104 29.219 29.344 29.442
37.864 37.977 36.649 36.477 36.324 36.214 36.132 35.994 35.852 36.072 36.819 36.197 36.514 36.832 35.557 35.412 37.382 39.289 36.092 34.682 34.602 34.402 36.502 37.932 36.352 35.667 34.224 33.534 33.424 33.274 33.152 32.892 32.592 32.422 32.419 32.384 32.449 32.329 32.084 31.954 32.857 35.214 35.699 34.877 31.577 31.529 32.407 34.287 34.997 35.012 34.907 32.782 30.462 29.807 31.272 33.244 33.539 33.287 32.827 30.284 29.592 29.459 29.297 29.119 28.989 29.007 29.057 29.199 29.342 29.462 29.559
40.567 40.469 36.929 36.727 36.554 36.347 36.354 36.149 35.917 35.834 35.929 35.612 36.589 36.097 35.379 35.262 35.672 38.752 37.197 34.719 34.622 34.689 37.847 39.474 39.837 38.262 34.777 34.564 33.782 33.224 33.082 32.822 32.532 32.392 32.397 32.367 32.432 32.282 32.089 31.919 33.909 35.449 35.542 33.502 31.412 32.194 32.674 34.574 34.532 34.379 34.422 32.039 29.907 29.899 32.177 33.487 33.784 33.894 32.162 29.542 29.557 29.447 29.232 29.059 29.032 29.087 29.177 29.317 29.439 29.554 29.632
38.387 37.629 36.832 36.584 37.114 36.334 36.404 36.784 36.789 36.154 38.232 39.139 40.052 37.379 36.137 35.457 35.302 35.799 35.717 35.309 34.634 35.289 38.052 39.767 39.802 39.067 34.789 33.844 33.572 33.732 33.307 32.712 32.529 32.369 32.349 32.312 32.522 32.607 32.069 32.149 33.979 35.609 35.359 33.427 31.459 31.319 33.539 34.774 34.252 32.547 31.774 30.954 29.884 30.422 32.779 33.604 33.147 33.027 30.557 29.604 29.594 29.387 29.167 29.079 29.102 29.117 29.267 29.447 29.564 29.854 31.219
36.964 36.797 36.647 36.527 37.639 36.227 36.114 36.017 36.279 35.917 37.342 40.219 40.477 39.192 39.689 36.557 37.642 36.279 35.939 35.047 34.517 35.024 38.587 39.897 39.699 38.592 33.944 33.849 33.474 33.182 33.069 32.707 32.529 32.369 32.314 32.294 32.312 32.299 31.937 31.742 32.144 32.159 32.532 33.104 31.754 32.147 34.089 34.759 33.884 31.274 30.037 30.394 30.572 31.362 33.042 33.639 32.372 30.457 29.519 29.607 29.552 29.282 29.134 29.129 29.149 29.279 29.432 29.594 29.677 31.699 33.357
37.067 36.822 36.622 36.452 36.359 36.199 36.152 36.019 35.969 35.827 35.704 37.104 37.074 35.944 38.489 38.969 40.164 38.324 34.984 34.727 34.519 35.869 38.797 40.002 39.354 37.564 33.862 33.742 33.292 33.134 33.177 32.714 32.594 32.439 32.294 32.267 32.204 32.192 32.202 31.774 31.574 31.377 31.287 32.014 31.997 32.224 34.092 34.679 32.972 30.179 30.569 30.629 29.999 32.079 33.297 33.564 32.534 29.559 29.529 29.477 29.412 29.272 29.182 29.204 29.259 29.387 29.552 29.682 29.789 32.844 34.312
37.702 37.599 37.647 36.899 36.594 36.239 36.112 36.014 35.899 35.809 35.677 35.557 35.674 37.467 35.357 35.249 36.087 35.994 35.114 34.857 35.044 37.042 37.267 38.042 37.904 37.094 33.644 33.454 33.289 33.139 32.952 32.717 32.597 32.434 32.319 32.219 32.097 31.974 31.914 31.947 31.567 31.499 31.307 33.119 31.787 30.822 30.802 30.679 31.294 30.277 30.789 30.087 29.922 30.714 31.274 33.297 31.299 29.627 29.607 29.539 29.374 29.244 29.219 29.244 29.357 29.427 30.234 30.102 30.234 33.032 33.419
37.304 37.307 38.417 37.227 37.604 37.007 36.654 36.539 36.399 36.282 36.087 36.204 38.747 40.547 38.759 37.582 36.367 35.532 36.167 36.679 36.502 36.649 36.577 35.564 35.454 34.927 33.597 33.394 33.187 33.042 32.842 32.654 32.524 32.404 32.279 32.144 32.042 31.884 31.752 31.587 31.499 31.589 31.344 31.679 31.252 30.832 30.842 31.409 30.424 30.174 30.072 29.972 29.874 29.822 29.704 29.782 29.627 29.617 29.577 29.457 29.307 29.277 29.294 29.314 29.444 29.517 30.127 30.424 29.989 32.144 32.419
37.199 37.144 36.929 36.587 37.157 36.859 36.222 36.099 35.969 35.814 35.727 35.997 37.927 40.532 41.164 41.082 39.439 35.174 35.089 35.124 35.477 35.517 35.184 35.829 34.877 34.427 34.974 33.817 33.177 32.954 32.767 32.622 32.512 32.924 32.499 32.107 31.972 31.804 31.642 31.537 31.362 31.264 31.169 31.122 31.007 30.802 30.719 30.609 30.394 30.204 30.127 30.002 29.907 29.842 29.772 29.692 29.667 29.652 29.557 29.394 29.342 29.334 29.382 29.482 29.937 30.569 31.169 31.204 30.612 32.062 32.077
37.112 36.704 36.529 36.454 36.434 36.302 36.132 36.032 35.902 35.847 35.762 35.612 35.509 36.917 37.402 38.322 39.522 35.524 34.864 34.512 34.464 34.237 36.089 39.097 38.624 36.009 36.944 33.497 33.247 33.079 32.929 32.827 32.494 32.724 32.272 32.084 31.982 31.759 31.577 31.507 31.269 31.164 31.092 30.954 30.832 30.724 30.634 30.504 30.347 30.234 30.164 30.069 29.954 29.894 29.829 29.759 29.682 29.592 29.462 29.339 29.402 29.424 29.452 29.574 29.692 29.794 30.129 30.479 31.714 32.194 32.122
37.359 36.707 36.597 36.459 36.312 36.137 36.047 36.327 35.829 35.712 35.679 35.507 35.444 35.689 35.154 36.209 38.502 35.717 34.847 34.482 34.339 34.184 36.552 39.102 39.754 39.407 38.574 34.767 33.254 33.164 33.044 33.069 34.459 32.587 32.234 32.089 31.939 31.747 31.552 31.379 31.239 31.104 31.067 30.932 30.777 30.597 30.487 30.419 30.284 30.214 30.152 30.054 29.979 29.869 29.812 29.729 29.644 29.584 29.489 29.407 29.454 29.427 29.559 29.779 29.779 30.367 31.529 30.784 32.004 32.139 31.947
37.049 36.787 37.432 37.192 36.467 36.319 36.142 35.989 35.824 35.682 35.559 35.452 35.324 35.432 35.169 35.414 35.384 34.769 34.717 34.419 34.334 34.349 34.759 38.292 39.247 39.829 39.089 36.849 33.422 33.174 33.072 32.894 33.144 32.427 32.237 32.114 31.944 31.752 31.599 31.384 31.249 31.152 31.037 30.864 30.737 30.599 30.457 30.389 30.217 30.134 30.074 30.022 29.974 29.897 29.824 29.779 29.694 29.584 29.469 29.427 29.504 29.567 29.667 29.832 29.907 31.474 32.987 32.797 32.592 32.407 32.277
37.682 38.702 36.964 36.712 36.492 36.407 36.542 36.479 35.849 35.752 35.644 35.454 35.419 35.307 35.317 35.099 35.527 34.672 34.692 34.387 34.359 34.237 34.084 36.757 39.039 39.724 39.382 38.482 34.504 33.192 33.059 33.104 32.674 32.334 32.239 32.167 32.339 31.852 31.759 31.379 31.292 31.247 31.092 30.929 30.767 30.582 30.447 30.347 30.222 30.094 29.967 29.857 29.797 29.787 29.787 29.769 29.637 29.547 29.499 29.552 29.587 29.707 29.759 29.917 30.109 33.319 34.072 33.897 33.677 33.424 32.459
38.767 38.677 38.434 36.739 36.592 36.384 37.204 36.914 36.389 35.847 35.754 35.594 35.499 35.364 35.172 35.062 35.309 35.139 36.117 34.929 34.374 34.302 34.027 34.814 38.234 39.317 39.774 39.127 36.949 33.292 32.967 32.749 32.459 32.369 32.304 32.144 32.167 31.804 31.522 31.404 31.339 31.247 31.142 31.039 30.927 30.587 30.434 30.329 30.229 30.109 29.987 29.869 29.747 29.634 29.614 29.612 29.557 29.514 29.587 29.632 29.699 29.782 29.859 29.969 30.064 33.334 34.259 34.439 34.422 34.432 33.087
37.022 37.252 39.032 38.289 36.604 36.792 36.254 36.564 36.129 35.907 35.804 35.644 35.652 35.429 35.187 36.889 37.077 36.357 37.312 35.849 34.399 34.372 34.644 33.959 36.842 39.099 39.757 39.322 38.489 34.237 32.747 32.579 32.459 32.277 32.442 32.394 31.909 31.702 31.489 31.379 31.269 31.197 31.099 30.997 30.777 30.854 30.487 30.367 30.292 30.184 30.062 29.852 29.742 29.672 29.622 29.639 29.594 29.627 29.597 29.667 29.802 29.842 29.944 30.037 30.192 32.744 33.192 33.402 33.612 33.759 32.387
39.352 36.927 38.399 38.574 36.599 38.374 38.014 37.312 36.072 36.177 36.057 35.874 35.507 35.424 35.377 35.957 37.939 38.154 36.834 36.677 35.272 35.947 34.727 35.117 36.257 38.332 39.339 39.559 36.517 33.319 32.702 32.822 32.882 34.917 33.189 32.024 31.854 31.637 31.507 31.232 31.187 31.107 30.999 30.864 30.882 31.339 30.509 30.429 30.294 30.247 30.264 30.094 29.912 29.707 29.677 29.657 29.664 29.667 29.757 29.742 29.864 29.894 30.052 30.102 30.694 31.137 31.804 32.617 32.844 32.214 31.479
37.417 36.804 37.714 37.482 37.747 39.127 39.047 39.007 36.692 35.757 35.644 35.724 35.532 35.324 35.274 36.062 38.987 38.177 36.147 35.049 35.302 34.594 34.249 34.164 36.134 36.699 36.132 34.032 33.152 33.592 32.974 33.864 33.722 35.807 36.497 34.604 32.257 31.669 31.497 33.012 34.107 32.419 30.874 30.784 30.807 30.942 30.834 30.422 30.357 30.252 30.237 30.224 30.129 29.942 29.744 29.669 29.697 29.732 29.779 29.864 29.899 29.967 30.142 30.207 30.294 30.524 30.579 32.147 32.787 31.097 31.184
36.854 36.782 40.597 40.804 40.692 39.889 39.044 39.012 35.959 35.722 35.582 35.527 35.434 35.329 35.259 36.322 38.602 36.324 34.842 34.617 34.522 34.644 34.304 34.032 34.544 33.674 33.699 33.207 33.147 33.742 33.492 33.314 35.444 36.322 36.319 35.482 32.384 31.674 31.709 34.152 35.192 35.437 33.739 30.929 30.654 30.554 30.554 30.457 30.414 30.312 30.234 30.184 30.189 30.054 29.844 29.719 29.729 29.792 29.824 29.894 29.997 30.087 30.134 30.244 30.329 30.437 31.057 30.787 30.827 30.817 32.012
36.857 36.917 40.392 40.884 40.979 40.167 39.049 38.904 35.984 35.724 35.572 35.467 35.339 35.292 35.212 35.264 36.522 35.219 34.677 34.727 34.554 34.372 34.179 34.044 34.484 34.749 33.727 33.499 33.642 32.949 32.934 34.622 35.984 36.494 35.832 33.754 31.864 31.769 33.139 34.842 35.527 35.007 33.427 31.337 31.142 30.922 30.534 30.502 30.459 30.702 30.247 30.134 30.137 30.132 29.969 29.787 29.772 29.849 29.904 29.992 30.107 30.202 30.782 30.757 31.314 31.564 31.042 31.282 31.592 32.344 31.874
36.839 36.799 37.342 37.929 38.344 38.032 37.757 37.649 36.099 35.689 35.572 35.454 35.349 35.254 35.197 36.269 37.334 35.404 34.979 34.599 34.644 34.442 34.154 34.009 33.967 33.444 33.357 34.867 34.932 33.282 33.872 35.614 36.374 36.207 35.354 32.614 32.242 32.269 34.477 35.367 35.329 34.512 31.737 32.054 31.149 31.177 31.904 30.847 30.542 31.107 30.317 30.187 30.117 30.109 30.034 29.862 29.854 29.927 30.004 30.372 30.597 30.724 33.577 34.944 35.272 34.292 32.424 32.219 31.444 33.369 33.447
36.849 36.779 36.792 36.604 36.554 36.389 36.277 36.092 35.794 35.687 35.554 35.439 35.324 35.209 35.222 35.574 37.154 35.649 36.559 36.332 35.937 35.647 35.182 34.212 33.914 34.057 34.144 35.234 33.894 32.692 33.524 35.572 36.472 35.679 34.884 33.792 32.249 33.859 35.024 35.527 34.837 33.969 32.057 31.364 31.139 31.749 33.887 33.967 31.719 30.429 30.367 30.287 30.164 30.032 29.989 29.847 29.942 29.984 30.137 30.589 30.847 31.097 34.027 35.372 36.382 36.707 35.709 34.714 32.247 32.112 31.789
38.792 37.974 37.399 36.902 36.597 36.822 36.789 36.312 35.817 35.704 35.569 35.432 35.307 35.209 35.119 36.627 37.037 34.899 34.697 34.832 35.494 35.832 37.359 36.057 34.932 34.219 33.652 33.582 32.947 33.029 33.449 32.639 34.312 35.162 34.514 33.669 32.274 34.117 35.384 35.194 34.344 33.504 32.072 30.952 32.804 33.582 34.417 34.802 34.029 30.909 30.399 30.329 30.179 30.024 29.949 29.942 29.999 30.084 30.302 30.802 30.947 31.429 34.197 35.507 36.514 36.322 35.524 34.554 31.987 31.914 32.297
42.102 40.912 39.639 40.104 38.894 36.817 37.064 36.099 35.812 35.677 35.532 35.399 35.302 35.202 35.177 38.264 38.247 36.309 35.059 34.584 34.599 34.492 34.977 35.284 37.299 37.704 36.639 33.629 32.954 32.829 32.849 33.184 32.579 32.694 33.279 32.569 32.134 33.357 33.959 33.127 33.857 32.704 31.199 31.112 33.049 34.064 34.777 34.382 32.437 30.454 30.419 30.352 30.177 30.037 30.004 29.992 30.009 30.164 30.562 30.917 31.042 31.999 34.652 35.659 36.639 35.802 35.389 34.174 31.907 31.752 32.877
38.254 38.632 37.697 38.199 37.174 37.137 36.627 36.092 35.897 36.112 35.669 35.359 35.244 35.134 35.799 37.659 37.634 36.169 34.627 34.517 34.449 34.334 34.162 34.187 36.072 39.027 38.087 34.269 34.537 33.377 32.964 32.492 32.404 32.382 32.192 32.104 32.112 31.947 31.949 31.377 31.742 32.114 30.959 31.014 33.447 34.512 34.752 33.907 33.149 30.467 30.467 30.337 30.174 30.029 30.017 30.047 30.109 30.277 30.717 30.972 31.107 32.312 34.814 35.809 36.702 36.262 35.249 34.107 31.809 32.097 32.894
37.062 36.894 36.694 36.492 36.777 37.332 36.992 36.142 35.869 35.622 35.392 35.287 35.187 35.124 36.144 37.102 35.617 35.557 34.644 34.504 34.424 34.267 34.112 33.949 34.107 36.152 35.102 34.219 33.787 34.169 34.604 34.127 33.239 33.307 32.599 32.042 31.992 31.959 31.644 31.509 31.817 32.669 31.589 32.864 34.162 34.977 34.889 34.344 32.994 30.517 30.449 30.354 30.144 30.047 30.074 30.109 30.212 30.412 30.792 31.047 31.157 32.509 34.959 35.974 36.744 36.097 35.107 33.262 31.707 31.794 32.009
37.084 36.899 36.672 36.409 36.309 36.294 36.229 36.142 35.854 35.627 35.427 35.314 35.269 35.124 35.327 37.179 35.747 35.324 34.652 34.489 34.357 34.187 33.974 33.839 33.709 33.544 33.572 33.737 33.557 33.444 33.019 33.527 33.704 34.122 32.709 32.044 31.909 31.799 31.764 32.869 32.029 32.497 33.214 32.832 33.957 34.472 34.957 34.614 30.572 30.549 30.454 30.297 30.154 30.049 30.089 30.149 30.287 30.462 30.674 30.949 31.077 32.754 34.899 36.132 36.784 35.952 34.959 32.367 31.724 31.902 32.292
37.054 36.889 36.692 36.412 36.339 36.314 36.264 36.099 35.802 35.597 35.412 35.307 35.214 35.094 35.897 37.569 36.142 36.244 35.337 34.724 34.469 34.077 33.829 33.704 33.594 33.442 33.254 33.247 33.134 33.759 32.897 32.954 32.612 32.637 32.679 32.929 32.654 32.239 32.354 33.269 31.477 31.207 31.654 30.964 31.207 32.482 33.814 32.514 30.577 31.302 30.577 30.282 30.149 30.134 30.169 30.232 30.327 30.464 30.627 30.799 30.954 31.084 31.284 32.102 33.102 33.634 33.202 32.479 31.897 31.829 32.759
