All_lidar/sz5790_DSM_2M.asc
ncols 500
nrows 500
xllcorner    457000
yllcorner    90000
cellsize     2
NODATA_value -9999
[rows 192 to 223 of 500, columns 0 to 71 of 500]
32.126 32.04 32.14 32.135 32.13 32.156 32.211 32.187 32.169 32.185 32.17 32.15 32.159 32.187 32.287 32.259 32.312 32.348 32.379 32.423 32.488 32.429 32.404 32.168 31.854 32.059 32.972 32.77 32.482 32.61 32.705 32.797 32.885 32.947 33 33.065 33.13 33.152 33.222 33.225 33.267 33.305 33.322 33.357 33.405 33.452 33.542 33.587 33.662 33.697 33.77 33.837 33.907 34 34.105 34.155 34.215 34.302 34.372 34.43 34.53 34.607 34.69 34.757 34.82 34.875 34.947 35.037 35.117 35.737 36.375 36.532
32.11 32.016 32.042 31.98 32.12 32.126 32.099 32.119 32.101 32.084 32.03 32.078 32.082 32.077 32.161 32.115 32.243 32.209 32.282 32.311 32.329 32.243 32.255 31.913 32.112 32.956 32.79 32.362 32.46 32.555 32.64 32.712 32.807 32.837 32.915 32.95 33.01 33.057 33.115 33.137 33.162 33.185 33.235 33.25 33.307 33.355 33.415 33.495 33.542 33.597 33.687 33.762 33.81 33.91 33.982 34.05 34.135 34.207 34.28 34.347 34.46 34.532 34.617 34.695 34.765 34.825 34.86 34.95 34.995 35.067 35.115 35.48
31.98 31.86 31.982 31.941 31.977 31.998 32.06 32.002 31.993 31.998 31.975 31.984 32.08 32.037 32.094 32.102 32.136 32.135 32.244 32.222 32.161 32.021 31.834 32.296 33.314 33.093 32.269 32.357 32.435 32.485 32.547 32.63 32.682 32.755 32.822 32.897 32.892 32.972 33.002 33.012 33.06 33.1 33.11 33.17 33.225 33.27 33.332 33.395 33.43 33.54 33.592 33.667 33.762 33.812 33.885 33.95 34.012 34.11 34.175 34.255 34.352 34.462 34.55 34.625 34.7 34.752 34.827 34.865 34.917 34.967 35.002 35.067
31.851 31.81 31.88 31.87 31.875 31.904 31.89 31.903 31.911 31.824 31.834 31.88 31.922 31.912 32.037 32 32.035 32.057 32.135 32.061 32.027 31.752 31.651 32.871 33.434 32.409 32.217 32.282 32.357 32.415 32.465 32.53 32.592 32.67 32.725 32.782 32.825 32.842 32.902 32.92 32.955 32.972 33.012 33.065 33.125 33.192 33.247 33.305 33.375 33.44 33.497 33.57 33.667 33.697 33.767 33.847 33.915 34.012 34.072 34.165 34.282 34.372 34.455 34.525 34.61 34.682 34.732 34.815 34.845 34.885 34.947 34.987
31.82 31.82 31.768 31.78 31.826 31.854 31.864 31.817 31.79 31.759 31.84 31.77 31.867 31.853 31.897 31.917 32.007 31.972 31.957 31.933 31.687 31.721 32.875 33.368 32.442 32.103 32.166 32.23 32.277 32.352 32.395 32.43 32.505 32.58 32.645 32.652 32.7 32.745 32.79 32.81 32.852 32.877 32.925 32.99 33.057 33.09 33.152 33.242 33.302 33.355 33.435 33.497 33.577 33.625 33.692 33.757 33.832 33.915 34.002 34.085 34.195 34.295 34.355 34.437 34.505 34.58 34.627 34.72 34.765 34.837 34.855 34.912
31.685 31.681 31.688 31.663 31.77 31.722 31.737 31.707 31.704 31.695 31.7 31.715 31.76 31.778 31.801 31.851 31.89 31.85 31.804 31.692 31.266 32.657 33.465 32.855 31.95 32.037 32.082 32.152 32.202 32.272 32.335 32.377 32.435 32.485 32.542 32.58 32.612 32.65 32.697 32.715 32.742 32.8 32.85 32.9 32.965 33.005 33.072 33.152 33.177 33.275 33.37 33.4 33.475 33.535 33.615 33.68 33.747 33.845 33.93 34.017 34.115 34.22 34.29 34.347 34.415 34.482 34.55 34.642 34.7 34.755 34.77 34.807
31.618 31.58 31.62 31.579 31.605 31.662 31.66 31.627 31.615 31.603 31.604 31.647 31.664 31.603 31.723 31.75 31.779 31.716 31.636 31.635 32.355 33.238 33.042 32.014 31.926 31.974 32.038 32.087 32.14 32.225 32.237 32.3 32.352 32.385 32.447 32.47 32.512 32.542 32.595 32.63 32.66 32.715 32.775 32.837 32.9 32.935 33 33.045 33.115 33.205 33.272 33.312 33.392 33.442 33.527 33.6 33.692 33.772 33.852 33.94 34.047 34.147 34.187 34.257 34.312 34.38 34.46 34.555 34.575 34.647 34.73 34.772
31.54 31.52 31.526 31.482 31.509 31.562 31.55 31.541 31.52 31.54 31.54 31.52 31.575 31.549 31.644 31.677 31.714 31.472 31.235 31.715 33.016 32.861 31.936 31.801 31.83 31.91 31.989 32.012 32.045 32.105 32.145 32.195 32.232 32.292 32.33 32.367 32.43 32.472 32.495 32.545 32.607 32.685 32.722 32.74 32.835 32.877 32.92 32.99 33.04 33.12 33.222 33.23 33.31 33.36 33.43 33.517 33.605 33.69 33.805 33.865 33.97 34.04 34.102 34.142 34.242 34.305 34.367 34.437 34.497 34.57 34.655 34.7
31.417 31.427 31.434 31.421 31.42 31.435 31.444 31.433 31.425 31.455 31.45 31.445 31.46 31.52 31.578 31.583 31.562 31.424 31.172 32.303 32.836 32.237 31.64 31.746 31.792 31.848 31.907 31.947 31.98 32.025 32.057 32.102 32.157 32.197 32.252 32.282 32.342 32.367 32.415 32.475 32.555 32.597 32.647 32.702 32.757 32.82 32.87 32.925 32.987 33.035 33.135 33.132 33.212 33.28 33.35 33.46 33.537 33.65 33.74 33.81 33.892 33.965 33.995 34.077 34.142 34.217 34.282 34.352 34.43 34.492 34.552 34.592
31.291 31.291 31.41 31.33 31.3 31.321 31.35 31.344 31.355 31.379 31.31 31.359 31.368 31.411 31.487 31.523 31.5 31.338 32.115 32.402 32.072 31.596 31.577 31.66 31.724 31.756 31.816 31.867 31.892 31.925 31.977 32.027 32.072 32.125 32.15 32.192 32.252 32.305 32.355 32.407 32.485 32.53 32.572 32.63 32.687 32.772 32.822 32.87 32.915 32.972 33.02 33.085 33.137 33.185 33.26 33.375 33.465 33.59 33.66 33.755 33.792 33.875 33.942 33.982 34.072 34.15 34.202 34.255 34.32 34.385 34.445 34.512
31.29 31.16 31.194 31.189 31.233 31.254 31.247 31.242 31.27 31.271 31.248 31.22 31.303 31.389 31.396 31.438 31.349 30.868 32.521 32.614 31.562 31.481 31.567 31.59 31.624 31.682 31.75 31.755 31.795 31.832 31.885 31.937 31.99 32.032 32.075 32.125 32.167 32.22 32.275 32.342 32.422 32.445 32.51 32.57 32.637 32.705 32.75 32.8 32.85 32.88 32.937 33.002 33.05 33.112 33.202 33.33 33.405 33.507 33.585 33.655 33.707 33.765 33.852 33.927 33.99 34.065 34.127 34.172 34.245 34.305 34.362 34.385
31.138 31.095 31.127 31.142 31.13 31.173 31.166 31.121 31.121 31.205 31.29 31.235 31.21 31.33 31.317 31.305 31.649 32.296 32.693 31.874 31.314 31.382 31.475 31.521 31.567 31.609 31.639 31.685 31.717 31.752 31.815 31.862 31.895 31.96 32.017 32.05 32.075 32.15 32.202 32.275 32.345 32.417 32.482 32.53 32.587 32.637 32.667 32.732 32.772 32.81 32.882 32.947 33.007 33.042 33.152 33.247 33.335 33.44 33.515 33.552 33.627 33.702 33.787 33.852 33.915 33.985 34.06 34.115 34.167 34.24 34.255 34.305
31.097 31.038 31.041 31.01 31.021 31.069 31.08 31.045 31.059 31.11 31.1 31.169 31.05 31.165 31.257 31.451 32.282 32.533 31.77 31.261 31.227 31.284 31.335 31.437 31.498 31.527 31.556 31.597 31.637 31.682 31.725 31.782 31.825 31.87 31.932 31.972 32.015 32.07 32.142 32.222 32.28 32.345 32.397 32.46 32.525 32.562 32.6 32.65 32.682 32.745 32.787 32.855 32.907 32.99 33.075 33.212 33.257 33.36 33.412 33.485 33.53 33.65 33.7 33.787 33.855 33.915 33.98 34.055 34.092 34.14 34.19 34.21
31.06 30.96 30.98 30.929 30.968 31.002 30.991 30.969 31.06 31.049 31.034 31.01 30.905 30.946 30.591 30.709 32.645 32.064 31.089 31.121 31.148 31.222 31.288 31.367 31.388 31.418 31.484 31.522 31.557 31.615 31.647 31.702 31.76 31.785 31.847 31.9 31.967 32.012 32.09 32.165 32.237 32.28 32.345 32.41 32.46 32.495 32.522 32.567 32.605 32.68 32.715 32.78 32.862 32.927 33.025 33.122 33.182 33.262 33.322 33.397 33.452 33.552 33.607 33.685 33.78 33.835 33.907 33.987 34.015 34.067 34.085 34.13
30.856 30.859 30.847 30.855 30.92 30.916 30.915 30.892 30.931 30.981 31 30.817 30.704 30.477 30.838 32.443 31.717 31 30.966 31.031 31.021 31.143 31.218 31.278 31.306 31.349 31.419 31.42 31.482 31.537 31.567 31.622 31.687 31.727 31.78 31.835 31.915 31.95 32.002 32.087 32.14 32.197 32.282 32.327 32.38 32.417 32.465 32.487 32.555 32.587 32.652 32.692 32.785 32.885 32.96 33.03 33.09 33.19 33.26 33.32 33.4 33.472 33.56 33.632 33.695 33.792 33.88 33.89 33.932 33.962 34.025 34.07
30.789 30.792 30.762 30.78 30.87 30.844 30.93 30.818 30.873 30.833 30.83 30.658 30.34 31.727 32.358 32.046 31.014 30.838 30.872 30.932 31.01 31.085 31.135 31.188 31.24 31.276 31.328 31.372 31.412 31.455 31.507 31.55 31.587 31.672 31.712 31.777 31.84 31.885 31.967 32.03 32.08 32.147 32.205 32.26 32.297 32.357 32.38 32.422 32.467 32.515 32.572 32.637 32.74 32.82 32.865 32.947 33.015 33.092 33.16 33.23 33.33 33.402 33.485 33.57 33.652 33.712 33.762 33.832 33.872 33.9 33.937 33.972
30.77 30.71 30.74 30.729 30.71 30.769 30.789 30.758 30.87 30.742 30.645 30.33 30.875 32.055 32.044 31.705 30.784 30.75 30.843 30.877 30.928 31.022 31.08 31.126 31.158 31.202 31.246 31.282 31.342 31.375 31.432 31.472 31.512 31.567 31.632 31.68 31.752 31.83 31.895 31.955 32.032 32.087 32.135 32.185 32.222 32.257 32.312 32.347 32.387 32.422 32.502 32.582 32.665 32.722 32.78 32.862 32.932 33.02 33.087 33.172 33.242 33.32 33.405 33.5 33.562 33.615 33.7 33.765 33.787 33.812 33.837 33.89
30.602 30.593 30.611 30.647 30.666 30.685 30.67 30.696 30.688 30.534 30.12 31.066 31.599 32.117 31.63 30.729 30.633 30.661 30.742 30.783 30.878 30.958 31 31.054 31.096 31.132 31.182 31.217 31.26 31.317 31.35 31.372 31.44 31.505 31.572 31.627 31.697 31.757 31.817 31.907 31.947 32 32.055 32.105 32.14 32.185 32.242 32.295 32.33 32.37 32.452 32.517 32.575 32.637 32.702 32.782 32.857 32.93 33.032 33.065 33.135 33.242 33.325 33.41 33.472 33.557 33.607 33.647 33.697 33.72 33.772 33.82
30.545 30.543 30.557 30.558 30.59 30.589 30.59 30.624 30.601 30.368 30.652 31.536 32.02 30.981 30.566 30.505 30.586 30.637 30.67 30.746 30.863 30.879 30.955 31.002 31.026 31.077 31.105 31.142 31.19 31.237 31.275 31.3 31.375 31.45 31.51 31.565 31.63 31.702 31.747 31.837 31.882 31.932 31.982 32.007 32.05 32.107 32.147 32.195 32.255 32.337 32.4 32.45 32.5 32.565 32.625 32.695 32.755 32.84 32.93 32.987 33.06 33.155 33.252 33.34 33.392 33.452 33.515 33.547 33.597 33.632 33.677 33.732
30.462 30.46 30.5 30.489 30.41 30.482 30.53 30.558 30.68 30.157 30.865 32.01 31.651 30.551 30.538 30.481 30.581 30.635 30.713 30.707 30.741 30.854 30.899 30.938 30.976 31.003 31.056 31.097 31.15 31.162 31.187 31.247 31.305 31.372 31.467 31.517 31.582 31.635 31.7 31.767 31.825 31.882 31.907 31.96 31.977 32.032 32.082 32.142 32.192 32.26 32.362 32.382 32.432 32.482 32.535 32.597 32.702 32.765 32.825 32.89 32.99 33.072 33.172 33.222 33.315 33.357 33.417 33.46 33.517 33.56 33.61 33.655
30.321 30.336 30.402 30.443 30.439 30.453 30.44 30.569 30.606 30.525 31.81 31.501 30.37 30.309 30.411 30.379 30.527 30.56 30.654 30.693 30.723 30.819 30.832 30.886 30.934 30.958 31.007 31.06 31.075 31.112 31.14 31.207 31.242 31.327 31.392 31.455 31.497 31.56 31.647 31.7 31.73 31.8 31.845 31.905 31.92 31.955 32.015 32.075 32.14 32.197 32.247 32.3 32.337 32.38 32.442 32.522 32.6 32.685 32.735 32.802 32.892 32.967 33.077 33.127 33.227 33.247 33.325 33.392 33.415 33.477 33.532 33.557
30.287 30.295 30.348 30.363 30.36 30.39 30.383 30.641 30.953 31.516 31.696 30.963 30.386 30.334 30.369 30.372 30.498 30.548 30.548 30.672 30.678 30.763 30.82 30.854 30.908 30.929 30.978 31.03 31.06 31.082 31.15 31.15 31.22 31.262 31.332 31.387 31.452 31.517 31.587 31.64 31.662 31.72 31.765 31.822 31.86 31.9 31.942 31.992 32.075 32.147 32.157 32.215 32.277 32.34 32.377 32.462 32.512 32.587 32.67 32.705 32.79 32.857 32.972 33.02 33.095 33.162 33.242 33.267 33.33 33.385 33.437 33.457
30.216 30.15 30.24 30.222 30.26 30.298 30.363 30.729 31.68 31.513 31.018 30.332 30.214 30.193 30.356 30.358 30.466 30.504 30.615 30.634 30.665 30.701 30.752 30.791 30.86 30.909 30.944 31.01 31.06 31.065 31.12 31.107 31.182 31.22 31.267 31.327 31.402 31.465 31.5 31.54 31.6 31.637 31.687 31.71 31.757 31.822 31.895 31.955 32.015 32.052 32.075 32.145 32.165 32.227 32.3 32.365 32.445 32.485 32.535 32.605 32.7 32.782 32.845 32.917 33.002 33.075 33.125 33.172 33.252 33.295 33.33 33.382
30.166 30.172 30.206 30.204 30.208 30.264 30.34 30.683 31.52 31.105 30.54 30.068 30.13 30.19 30.292 30.324 30.445 30.477 30.533 30.581 30.625 30.649 30.678 30.746 30.822 30.863 30.91 30.937 30.965 31.022 31.067 31.097 31.127 31.17 31.22 31.29 31.345 31.385 31.422 31.462 31.512 31.565 31.602 31.667 31.702 31.77 31.83 31.885 31.91 31.965 31.985 32.037 32.085 32.15 32.217 32.292 32.32 32.397 32.467 32.53 32.597 32.685 32.755 32.837 32.9 32.967 33.04 33.087 33.145 33.18 33.242 33.262
30.085 30.1 30.155 30.125 29.9 30.099 30.454 31.186 31.38 30.702 29.97 29.92 30.104 30.125 30.287 30.324 30.364 30.451 30.493 30.527 30.573 30.606 30.653 30.675 30.721 30.767 30.816 30.877 30.935 30.982 31.01 31.062 31.112 31.152 31.207 31.247 31.287 31.315 31.362 31.402 31.437 31.492 31.527 31.592 31.627 31.707 31.762 31.785 31.83 31.89 31.905 31.952 32.012 32.055 32.102 32.157 32.222 32.305 32.37 32.442 32.522 32.597 32.685 32.735 32.812 32.887 32.945 32.995 33.045 33.062 33.137 33.17
30.052 30.061 30.09 30.076 30.18 30.007 30.726 31.224 31.06 30.212 29.942 29.944 30.075 30.044 30.205 30.264 30.374 30.417 30.469 30.463 30.535 30.551 30.594 30.616 30.648 30.726 30.78 30.847 30.872 30.932 30.96 31.015 31.082 31.142 31.182 31.21 31.262 31.285 31.317 31.37 31.385 31.415 31.48 31.525 31.552 31.645 31.68 31.707 31.747 31.79 31.832 31.887 31.935 31.972 32.032 32.09 32.155 32.23 32.287 32.342 32.415 32.507 32.587 32.652 32.757 32.782 32.86 32.89 32.927 32.957 33.042 33.092
29.964 30.01 29.747 29.702 29.986 30.836 31.29 30.836 30.093 29.928 29.919 29.943 30.03 30.09 30.17 30.174 30.344 30.382 30.37 30.423 30.464 30.476 30.478 30.553 30.588 30.662 30.734 30.797 30.877 30.915 30.965 31.012 31.072 31.105 31.145 31.182 31.192 31.257 31.272 31.3 31.33 31.385 31.41 31.46 31.502 31.575 31.61 31.637 31.69 31.722 31.775 31.815 31.842 31.892 31.952 32.02 32.095 32.13 32.202 32.26 32.32 32.407 32.512 32.577 32.647 32.697 32.752 32.79 32.842 32.91 32.955 33.035
29.903 29.92 29.655 29.451 29.25 31.03 31.33 30.292 29.751 29.816 29.87 29.93 29.997 30.042 30.126 30.167 30.272 30.306 30.356 30.385 30.366 30.411 30.423 30.465 30.539 30.605 30.688 30.75 30.827 30.88 30.925 30.98 31.037 31.067 31.095 31.147 31.152 31.202 31.252 31.265 31.292 31.317 31.372 31.425 31.457 31.505 31.545 31.565 31.617 31.667 31.707 31.737 31.787 31.842 31.912 31.955 31.997 32.072 32.115 32.155 32.24 32.362 32.445 32.527 32.582 32.63 32.675 32.72 32.775 32.812 32.88 32.937
29.756 29.7 29.437 29.614 31.12 31.045 30.323 29.803 29.76 29.75 29.86 29.881 29.979 29.932 30.126 30.119 30.204 30.238 30.282 30.298 30.309 30.316 30.358 30.391 30.473 30.545 30.635 30.707 30.775 30.827 30.897 30.93 30.97 31.03 31.062 31.077 31.117 31.15 31.192 31.225 31.237 31.29 31.352 31.37 31.402 31.46 31.492 31.515 31.552 31.61 31.657 31.715 31.747 31.792 31.86 31.905 31.952 32.007 32.047 32.102 32.182 32.287 32.375 32.457 32.515 32.557 32.617 32.66 32.732 32.74 32.81 32.882
29.566 29.476 30.45 30.506 30.908 30.468 29.6 29.639 29.67 29.707 29.809 29.868 29.95 29.967 30.033 30.001 30.122 30.159 30.196 30.216 30.214 30.224 30.283 30.34 30.434 30.492 30.578 30.657 30.722 30.78 30.87 30.905 30.922 30.967 31 31.007 31.052 31.082 31.135 31.17 31.19 31.255 31.3 31.322 31.352 31.39 31.427 31.462 31.517 31.575 31.607 31.647 31.695 31.76 31.815 31.85 31.91 31.952 31.997 32.07 32.135 32.237 32.347 32.422 32.46 32.527 32.61 32.627 32.682 32.73 32.792 32.845
29.285 29.553 30.672 30.808 30.82 29.823 29.59 29.558 29.582 29.684 29.795 29.822 29.872 29.861 29.996 30.023 30.049 30.082 30.091 30.099 30.105 30.17 30.243 30.275 30.376 30.444 30.527 30.602 30.685 30.727 30.8 30.837 30.887 30.895 30.937 30.962 31 31.035 31.075 31.102 31.167 31.227 31.28 31.302 31.33 31.345 31.372 31.432 31.49 31.542 31.587 31.61 31.65 31.732 31.77 31.82 31.877 31.94 32.002 32.09 32.157 32.24 32.345 32.407 32.462 32.53 32.585 32.63 32.697 32.78 32.825 32.892
29.344 30.66 30.91 30.631 29.45 29.475 29.41 29.522 29.6 29.655 29.72 29.784 29.838 29.829 29.913 29.998 30.019 30.038 30.021 30.029 30.096 30.09 30.162 30.251 30.31 30.401 30.468 30.557 30.637 30.695 30.717 30.76 30.8 30.842 30.867 30.915 30.95 30.965 31.035 31.075 31.142 31.192 31.21 31.232 31.272 31.297 31.332 31.41 31.44 31.48 31.532 31.57 31.635 31.705 31.76 31.832 31.892 31.955 32.057 32.127 32.217 32.32 32.397 32.475 32.545 32.585 32.65 32.712 32.755 32.842 32.91 32.972
