All_lidar/sz5793_DSM_2M.asc
ncols 500
nrows 500
xllcorner    457000
yllcorner    93000
cellsize     2
NODATA_value -9999
[rows 198 to 230 of 500, columns 73 to 145 of 500]
1.87 1.763 1.735 1.785 1.823 1.773 1.888 1.84 1.725 1.763 1.855 1.915 1.9 1.855 1.788 1.735 1.773 1.718 1.83 1.83 1.738 1.668 1.723 1.883 1.82 1.825 1.63 1.617 1.707 1.85 1.832 1.84 1.72 1.787 1.795 1.73 1.787 1.812 1.84 1.717 1.665 1.812 1.895 1.897 2.037 1.862 1.717 1.63 1.692 1.892 1.875 1.49 1.213 0.993 0.769 0.516 0.259 -0.069 -0.345 -0.581 -0.801 -1.147 -1.402 -1.612 -1.795 -1.927 -1.981 -1.991 -1.841 -1.621 -1.409 -1.316 -1.249
1.78 1.788 1.775 1.795 1.84 1.785 1.738 1.735 1.803 1.808 1.783 1.823 1.87 1.855 1.713 1.72 1.783 1.703 1.803 1.8 1.695 1.775 1.788 1.83 1.763 1.77 1.67 1.737 1.84 1.89 1.76 1.715 1.657 1.737 1.795 1.782 1.752 1.952 1.955 1.7 1.792 1.9 1.935 1.885 1.872 1.765 1.71 1.7 1.745 1.917 1.842 1.555 1.29 1.048 0.801 0.476 0.19 -0.087 -0.336 -0.573 -0.818 -1.141 -1.462 -1.683 -1.91 -2.225 -2.22 -2.265 -1.927 -1.681 -1.692 -1.611 -1.447
1.775 1.782 1.897 1.88 1.812 1.78 1.775 1.815 1.8 1.835 1.812 1.845 1.757 1.682 1.735 1.797 1.77 1.772 1.767 1.805 1.785 1.76 1.872 1.892 1.815 1.687 1.747 1.79 1.827 1.887 1.722 1.645 1.702 1.822 1.79 1.765 1.807 2.002 1.915 1.642 1.817 1.907 1.997 1.812 1.692 1.667 1.79 1.825 1.747 1.94 1.812 1.526 1.268 0.985 0.735 0.428 0.174 -0.09 -0.358 -0.567 -0.798 -1.098 -1.362 -1.642 -1.852 -1.944 -1.922 -2.22 -1.965 -1.919 -1.947 -1.858 -1.616
1.752 1.77 1.922 1.955 1.777 1.755 1.917 1.87 1.872 1.795 1.802 1.692 1.722 1.777 1.795 1.877 1.847 1.802 1.812 1.837 1.695 1.695 1.767 1.805 1.73 1.712 1.745 1.902 1.855 1.805 1.742 1.662 1.71 1.817 1.885 1.815 1.85 1.82 1.792 1.735 1.942 2.012 1.877 1.78 1.64 1.707 1.805 1.787 1.787 1.83 1.852 1.665 1.272 1.035 0.719 0.496 0.29 -0.011 -0.279 -0.477 -0.691 -0.976 -1.255 -1.48 -1.611 -1.643 -1.812 -1.961 -1.964 -2.198 -2.218 -1.993 -1.666
1.857 1.805 1.787 1.857 1.895 1.822 1.842 1.867 1.887 1.8 1.68 1.71 1.767 1.905 1.88 1.945 1.792 1.752 1.81 1.83 1.742 1.795 1.865 1.777 1.785 1.73 1.817 1.95 1.795 1.657 1.635 1.582 1.767 1.847 1.842 1.787 1.797 1.632 1.76 1.825 1.955 1.88 1.777 1.765 1.732 1.815 1.91 1.807 1.845 1.947 1.93 1.589 1.32 1.026 0.849 0.522 0.359 0.125 -0.106 -0.381 -0.568 -0.897 -1.092 -1.24 -1.37 -1.452 -1.523 -1.61 -1.957 -2.173 -2.258 -2.012 -1.666
1.852 1.84 1.89 1.782 1.802 1.765 1.8 1.75 1.85 1.845 1.69 1.7 1.757 1.947 1.877 1.867 1.702 1.75 1.822 1.932 1.815 1.832 1.765 1.915 1.867 1.672 1.832 1.797 1.765 1.76 1.73 1.765 1.952 1.847 1.905 1.765 1.857 1.715 1.845 1.935 1.907 1.73 1.645 1.672 1.76 1.892 1.955 1.805 1.73 1.855 1.795 1.68 1.411 1.189 0.963 0.657 0.483 0.21 0.014 -0.243 -0.455 -0.706 -0.909 -1.058 -1.077 -1.26 -1.398 -1.609 -1.957 -2.208 -1.957 -1.9 -1.655
1.825 1.835 1.73 1.79 1.787 1.715 1.787 1.767 1.73 1.715 1.735 1.797 1.845 1.845 1.855 1.87 1.782 1.787 1.93 1.905 1.722 1.79 1.747 1.805 1.757 1.637 1.84 1.817 1.74 1.77 1.745 1.807 1.997 1.85 1.767 1.69 1.827 1.867 1.737 1.815 1.852 1.817 1.702 1.727 1.842 1.782 1.807 1.762 1.76 1.797 1.8 1.794 1.508 1.294 1.015 0.786 0.599 0.287 0.113 -0.112 -0.315 -0.478 -0.58 -0.759 -0.821 -1.084 -1.343 -1.577 -1.825 -1.978 -1.834 -1.639 -1.49
1.75 1.752 1.73 1.79 1.777 1.827 1.802 1.755 1.692 1.762 1.85 1.802 1.825 1.867 1.77 1.797 1.742 1.772 1.837 1.842 1.775 1.715 1.785 1.84 1.777 1.657 1.705 1.792 1.677 1.952 1.857 1.92 2.037 1.887 1.705 1.682 1.795 1.747 1.72 1.867 1.847 1.777 1.74 1.812 1.75 1.782 1.747 1.72 1.807 1.8 1.78 1.752 1.629 1.4 1.174 0.892 0.726 0.431 0.242 0.079 -0.114 -0.234 -0.317 -0.449 -0.719 -1.059 -1.268 -1.46 -1.583 -1.668 -1.615 -1.5 -1.312
1.665 1.707 1.8 1.775 1.815 1.84 1.76 1.795 1.75 1.882 1.952 1.872 1.742 1.81 1.822 1.915 1.802 1.765 1.727 1.67 1.67 1.767 1.825 1.805 1.767 1.712 1.757 1.705 1.76 1.812 1.775 1.922 1.955 1.83 1.72 1.702 1.735 1.75 1.735 1.73 1.72 1.812 1.787 1.87 1.825 1.817 1.697 1.75 1.84 1.842 1.79 1.76 1.713 1.52 1.297 1.078 0.936 0.665 0.437 0.293 0.092 -0.091 -0.093 -0.383 -0.588 -0.995 -1.08 -1.202 -1.318 -1.406 -1.36 -1.196 -1.006
1.755 1.855 1.88 1.755 1.762 1.747 1.752 1.8 1.852 1.947 1.887 1.79 1.737 1.78 1.872 1.855 1.76 1.735 1.662 1.755 1.8 1.865 1.842 1.862 1.822 1.71 1.775 1.767 1.835 1.855 1.932 1.877 1.895 1.71 1.662 1.672 1.78 1.762 1.745 1.705 1.87 1.86 1.81 1.847 1.915 1.82 1.822 1.815 1.93 1.782 1.78 1.785 1.887 1.705 1.381 1.241 1.061 0.819 0.572 0.43 0.25 0.257 -0.017 -0.316 -0.462 -0.771 -0.91 -0.999 -1.054 -1.119 -1.134 -0.902 -0.805
1.702 1.805 1.817 1.732 1.825 1.695 1.712 1.782 1.855 1.96 1.792 1.717 1.847 1.832 1.8 1.785 1.727 1.77 1.78 1.885 1.865 1.902 1.777 1.817 1.772 1.665 1.715 1.785 1.965 1.915 1.927 1.765 1.812 1.727 1.71 1.802 1.767 1.78 1.777 1.775 1.892 1.752 1.772 1.9 1.85 1.797 1.745 1.89 1.952 1.822 1.752 1.807 1.925 1.805 1.571 1.486 1.138 0.932 0.735 0.661 0.635 0.38 0.214 -0.088 -0.335 -0.52 -0.717 -0.792 -0.791 -0.872 -0.866 -0.729 -0.565
1.7 1.75 1.79 1.817 1.84 1.735 1.715 1.777 1.895 1.83 1.69 1.745 1.845 1.76 1.737 1.732 1.682 1.8 1.902 1.867 1.882 1.717 1.85 1.837 1.772 1.73 1.757 1.8 1.907 1.895 1.732 1.622 1.742 1.785 1.837 1.84 1.897 1.812 1.775 1.745 1.94 1.802 1.822 1.75 1.75 1.867 1.73 1.827 1.937 1.757 1.66 1.895 1.87 1.865 1.726 1.603 1.315 1.162 1.12 1.065 0.695 0.516 0.337 0.038 -0.171 -0.265 -0.411 -0.546 -0.549 -0.585 -0.594 -0.53 -0.527
1.842 1.847 1.81 1.797 1.89 1.77 1.705 1.772 1.862 1.83 1.765 1.88 1.87 1.77 1.742 1.707 1.755 1.857 1.847 1.817 1.765 1.715 1.735 1.755 1.785 1.76 1.86 1.877 1.86 1.852 1.625 1.682 1.812 1.865 1.852 1.82 1.817 1.785 1.772 1.885 1.837 1.845 1.792 1.667 1.815 1.882 1.72 1.725 1.78 1.71 1.677 1.84 1.872 1.9 1.579 1.313 1.102 0.982 0.86 0.709 0.547 0.439 0.267 0.201 0.102 -0.035 -0.153 -0.253 -0.349 -0.308 -0.293 -0.333 -0.622
1.852 1.837 1.81 1.745 1.75 1.835 1.67 1.817 1.865 1.787 1.827 1.84 1.732 1.812 1.757 1.725 1.867 1.85 1.835 1.785 1.577 1.627 1.725 1.792 1.905 1.78 1.85 1.785 1.875 1.827 1.662 1.712 1.805 1.912 1.777 1.767 1.71 1.772 1.885 1.857 1.745 1.807 1.677 1.682 1.837 1.935 1.712 1.71 1.807 1.725 1.805 1.935 1.88 1.611 1.384 1.105 0.972 0.901 0.693 0.456 0.363 0.179 0.043 -0.071 -0.035 -0.037 0.019 -0.084 -0.114 -0.094 0.002 -0.248 -0.616
1.857 1.875 1.75 1.745 1.695 1.765 1.712 1.757 1.835 1.802 1.732 1.715 1.747 1.767 1.82 1.802 1.815 1.835 1.865 1.765 1.707 1.64 1.657 1.782 1.817 1.817 1.855 1.795 1.84 1.822 1.755 1.737 1.91 1.922 1.912 1.992 1.792 1.907 1.79 1.73 1.785 1.84 1.885 1.82 1.817 1.887 1.75 1.685 1.785 1.835 1.805 1.845 1.77 1.587 1.306 1.015 0.895 0.697 0.492 0.177 0.077 -0.077 -0.212 -0.296 -0.253 -0.283 -0.229 -0.312 -0.31 -0.183 -0.032 -0.283 -0.637
1.772 1.705 1.657 1.792 1.665 1.732 1.847 1.825 1.795 1.865 1.765 1.747 1.855 1.852 1.877 1.795 1.782 1.807 1.892 1.735 1.62 1.675 1.787 1.835 1.86 1.897 1.697 1.74 1.785 1.785 1.825 1.865 1.882 1.89 1.76 1.76 1.85 1.797 1.8 1.785 1.78 1.725 1.712 1.74 1.82 1.817 1.765 1.757 1.782 1.86 1.74 1.785 1.703 1.426 1.094 1.026 0.738 0.458 0.267 0.017 -0.186 -0.315 -0.459 -0.547 -0.487 -0.598 -0.577 -0.557 -0.529 -0.404 -0.204 -0.294 -0.534
1.65 1.707 1.692 1.782 1.755 1.732 1.835 1.825 1.777 1.867 1.802 1.795 1.77 1.75 1.86 1.727 1.725 1.772 1.74 1.68 1.655 1.822 1.86 1.915 1.865 1.777 1.637 1.722 1.762 1.762 1.782 1.922 1.927 1.822 1.765 1.9 1.837 1.782 1.692 1.785 1.792 1.78 1.732 1.755 1.837 1.855 1.807 1.737 1.74 1.795 1.87 1.791 1.516 1.249 1.004 0.914 0.603 0.278 0.061 -0.134 -0.36 -0.541 -0.671 -0.725 -0.813 -0.906 -0.892 -0.845 -0.798 -0.59 -0.492 -0.362 -0.456
1.622 1.72 1.752 1.75 1.775 1.817 1.81 1.762 1.792 1.867 1.84 1.922 1.777 1.662 1.862 1.86 1.847 1.752 1.78 1.79 1.807 1.825 1.865 1.86 1.812 1.73 1.672 1.717 1.7 1.77 1.93 1.935 1.932 1.757 1.73 1.785 1.82 1.832 1.882 1.842 1.862 1.74 1.85 1.82 1.812 1.787 1.822 1.757 1.822 1.83 1.656 1.512 1.38 1.18 0.952 0.67 0.42 0.198 -0.086 -0.255 -0.489 -0.681 -0.833 -0.931 -1.052 -1.129 -1.151 -1.082 -0.959 -0.827 -0.705 -0.528 -0.29
1.677 1.9 1.955 1.907 1.76 1.812 1.95 1.742 1.78 1.72 1.797 1.797 1.812 1.74 1.88 1.827 1.76 1.782 1.852 1.767 1.762 1.83 1.922 1.9 1.79 1.762 1.785 1.867 1.79 1.85 1.9 1.807 1.732 1.65 1.727 1.83 1.81 1.797 1.797 1.772 1.78 1.805 1.87 1.947 1.83 1.775 1.8 1.722 1.73 1.786 1.522 1.338 1.236 1.11 0.819 0.523 0.319 0.098 -0.15 -0.359 -0.611 -0.808 -1.015 -1.222 -1.381 -1.421 -1.397 -1.366 -1.155 -1.068 -0.897 -0.661 -0.418
1.807 1.93 1.86 1.815 1.722 1.792 1.782 1.647 1.59 1.732 1.772 1.84 1.872 1.822 1.84 1.77 1.7 1.717 1.877 1.755 1.75 1.825 2.01 1.89 1.712 1.745 1.77 1.785 1.93 1.98 1.82 1.71 1.777 1.645 1.785 1.772 1.81 1.842 1.78 1.762 1.787 1.815 1.847 1.772 1.737 1.742 1.777 1.762 1.815 1.727 1.363 1.142 1.035 0.879 0.724 0.49 0.253 0.011 -0.174 -0.454 -0.782 -0.962 -1.196 -1.455 -1.632 -1.654 -1.675 -1.579 -1.44 -1.25 -1.065 -0.795 -0.525
1.887 1.842 1.877 1.772 1.745 1.792 1.737 1.722 1.717 1.765 1.847 1.89 1.807 1.74 1.757 1.8 1.677 1.84 1.81 1.795 1.9 1.96 1.847 1.772 1.735 1.762 1.907 1.877 1.907 1.805 1.775 1.732 1.78 1.812 1.73 1.815 1.855 1.9 1.85 1.827 1.84 1.827 1.785 1.76 1.742 1.83 1.737 1.705 1.693 1.6 1.226 0.952 0.777 0.563 0.467 0.294 0.119 0.002 -0.237 -0.568 -0.858 -1.072 -1.352 -1.627 -1.841 -1.935 -1.936 -1.777 -1.641 -1.345 -1.106 -0.865 -0.559
1.81 1.785 1.832 1.82 1.802 1.765 1.85 1.805 1.79 1.76 1.777 1.815 1.855 1.917 1.867 1.832 1.69 1.72 1.755 1.747 1.86 2.02 1.882 1.705 1.682 1.8 1.945 1.925 1.867 1.74 1.787 1.707 1.787 1.805 1.825 1.84 1.845 1.93 1.895 1.812 1.81 1.852 1.747 1.745 1.79 1.765 1.755 1.732 1.564 1.325 1.059 0.814 0.557 0.387 0.272 0.083 -0.086 -0.167 -0.27 -0.66 -0.873 -1.101 -1.361 -1.623 -1.893 -2.195 -2.198 -1.992 -1.696 -1.408 -1.079 -0.896 -0.621
1.762 1.725 1.745 1.732 1.667 1.775 1.917 1.825 1.845 1.83 1.742 1.78 1.91 1.835 1.777 1.69 1.802 1.872 1.897 1.832 1.91 1.892 1.822 1.685 1.802 1.772 1.9 1.822 1.765 1.647 1.715 1.74 1.835 1.777 1.857 1.89 1.905 1.872 1.842 1.81 1.782 1.767 1.795 1.807 1.83 1.842 1.795 1.645 1.448 1.193 0.83 0.605 0.377 0.239 0.041 -0.141 -0.274 -0.486 -0.51 -0.604 -0.918 -1.176 -1.362 -1.626 -1.945 -2.17 -1.902 -1.837 -1.644 -1.341 -1.086 -0.814 -0.636
1.767 1.702 1.697 1.732 1.737 1.872 1.882 1.745 1.782 1.855 1.947 1.877 1.787 1.722 1.685 1.822 1.872 1.905 1.91 1.847 1.795 1.817 1.702 1.8 1.832 1.785 1.87 1.75 1.772 1.847 1.79 1.805 1.802 1.872 1.835 1.79 1.92 1.822 1.797 1.79 1.83 1.882 1.75 1.79 1.86 1.837 1.687 1.418 1.234 0.956 0.77 0.514 0.298 0.079 -0.115 -0.316 -0.481 -0.658 -0.765 -0.834 -0.886 -1.137 -1.336 -1.573 -1.836 -1.944 -1.825 -1.548 -1.481 -1.273 -0.999 -0.796 -0.562
1.917 1.772 1.725 1.817 1.852 1.94 1.827 1.725 1.807 1.827 1.91 1.777 1.687 1.682 1.777 1.802 1.892 1.83 1.837 1.92 1.692 1.687 1.75 1.862 1.83 1.757 1.76 1.792 1.747 1.827 1.852 1.885 1.79 1.762 1.86 1.78 1.72 1.73 1.797 1.767 1.857 1.797 1.772 1.82 1.957 1.81 1.555 1.38 1.178 0.9 0.748 0.421 0.14 -0.121 -0.268 -0.456 -0.629 -0.874 -1.026 -1.104 -1.123 -1.124 -1.243 -1.424 -1.64 -1.68 -1.566 -1.421 -1.216 -1.07 -0.869 -0.694 -0.519
1.845 1.712 1.772 1.862 1.845 1.88 1.852 1.767 1.772 1.79 1.767 1.685 1.71 1.797 2.132 1.952 1.92 1.795 1.65 1.64 1.667 1.72 1.902 1.922 1.837 1.742 1.75 1.857 1.757 1.79 1.877 1.807 1.7 1.695 1.877 1.83 1.745 1.8 1.725 1.71 1.802 1.782 1.815 1.835 1.875 1.807 1.518 1.386 1.117 0.799 0.545 0.264 0.088 -0.18 -0.414 -0.601 -0.874 -1.129 -1.259 -1.403 -1.396 -1.401 -1.194 -1.213 -1.431 -1.469 -1.363 -1.213 -1.043 -0.887 -0.664 -0.522 -0.361
1.85 1.732 1.79 1.852 1.842 1.845 1.845 1.725 1.822 1.782 1.722 1.705 1.817 1.895 2.062 1.97 1.84 1.712 1.65 1.827 1.807 1.755 1.847 1.91 1.785 1.73 1.792 1.91 1.795 1.757 1.907 1.797 1.725 1.792 2 1.82 1.72 1.725 1.832 1.832 1.706 1.721 1.586 1.546 1.593 1.6 1.538 1.261 1.101 0.792 0.456 0.213 0.058 -0.226 -0.504 -0.753 -0.956 -1.27 -1.464 -1.562 -1.56 -1.587 -1.425 -1.239 -1.128 -1.178 -1.092 -0.981 -0.839 -0.703 -0.478 -0.36 -0.134
1.787 1.782 1.872 1.892 1.767 1.812 1.665 1.732 1.812 1.707 1.705 1.782 1.867 1.947 1.857 1.815 1.692 1.722 1.862 1.812 1.902 1.622 1.727 1.8 1.737 1.767 1.712 1.895 1.807 1.767 1.81 1.757 1.762 1.842 1.95 1.772 1.692 1.725 1.795 1.593 1.4 1.324 1.268 1.265 1.346 1.281 1.21 1.204 1.037 0.748 0.408 0.174 -0.038 -0.341 -0.567 -0.849 -1.067 -1.33 -1.564 -1.768 -1.827 -1.783 -1.627 -1.421 -1.264 -1.021 -0.831 -0.771 -0.713 -0.571 -0.314 -0.096 0.161
1.822 1.8 1.935 1.825 1.732 1.805 1.69 1.857 2.017 1.785 1.745 1.82 1.79 1.862 1.772 1.752 1.645 1.77 1.89 1.8 1.777 1.695 1.695 1.757 1.762 1.85 1.75 1.762 1.78 1.797 1.807 1.772 1.8 1.965 1.915 1.587 1.514 1.614 1.531 1.237 1.116 1.214 1.083 1.08 1.056 1.09 1.024 1.108 1.147 0.767 0.393 0.174 -0.041 -0.348 -0.597 -0.853 -1.111 -1.387 -1.661 -1.898 -2.11 -1.926 -1.855 -1.59 -1.317 -1.069 -0.843 -0.565 -0.445 -0.382 -0.114 0.122 0.332
1.87 1.787 1.752 1.692 1.697 1.772 1.785 1.842 1.847 1.765 1.835 1.857 1.862 1.81 1.647 1.647 1.742 1.775 1.88 1.832 1.68 1.742 1.775 1.682 1.782 1.835 1.78 1.73 1.797 1.765 1.762 1.792 1.752 1.792 1.671 1.452 1.394 1.404 1.291 0.967 0.924 0.89 0.762 0.791 0.771 0.732 0.752 0.824 1.034 0.764 0.371 0.159 -0.106 -0.373 -0.617 -0.856 -1.13 -1.368 -1.615 -1.895 -2.148 -2.19 -1.975 -1.644 -1.342 -1.106 -0.853 -0.624 -0.343 -0.101 0.093 0.319 0.532
1.82 1.807 1.702 1.807 1.725 1.775 1.812 1.812 1.825 1.825 1.792 1.817 1.877 1.757 1.722 1.772 1.852 1.815 1.845 1.712 1.71 1.812 1.752 1.8 1.93 1.96 1.825 1.722 1.895 1.785 1.865 1.765 1.648 1.589 1.424 1.349 1.269 1.167 0.903 0.743 0.664 0.626 0.563 0.525 0.475 0.43 0.479 0.612 0.734 0.708 0.367 0.062 -0.074 -0.318 -0.592 -0.857 -1.084 -1.396 -1.582 -1.812 -1.958 -1.923 -1.81 -1.561 -1.313 -1.092 -0.866 -0.584 -0.281 -0.004 0.254 0.253 0.204
1.792 1.782 1.737 1.805 1.79 1.91 1.817 1.855 1.795 1.725 1.775 1.697 1.757 1.717 1.767 1.845 1.745 1.835 1.882 1.752 1.69 1.855 1.772 1.83 1.915 1.862 1.832 1.767 1.852 1.755 1.725 1.787 1.509 1.424 1.227 1.043 0.868 0.765 0.672 0.549 0.447 0.43 0.358 0.21 0.131 0.211 0.293 0.317 0.468 0.436 0.411 0.205 0.069 -0.223 -0.516 -0.804 -1.019 -1.274 -1.46 -1.636 -1.681 -1.651 -1.599 -1.422 -1.208 -0.959 -0.74 -0.525 -0.192 0.026 0.091 -0.055 -0.089
1.732 1.7 1.797 1.862 1.87 1.887 1.742 1.772 1.785 1.59 1.755 1.78 1.937 1.83 1.782 1.77 1.75 1.802 1.9 1.732 1.662 1.912 1.867 1.777 1.8 1.745 1.752 1.88 1.845 1.712 1.682 1.567 1.45 1.23 1.027 0.766 0.596 0.545 0.457 0.34 0.25 0.145 0.063 -0.058 -0.116 -0.017 0.077 0.064 0.19 0.189 0.093 0.22 0.12 -0.059 -0.401 -0.717 -0.893 -1.07 -1.206 -1.39 -1.306 -1.356 -1.292 -1.209 -1.032 -0.869 -0.596 -0.401 -0.302 -0.264 -0.174 -0.317 -0.32
