All_lidar/sz5792_DSM_2M.asc
ncols 500
nrows 500
xllcorner    457000
yllcorner    92000
cellsize     2
NODATA_value -9999
[rows 320 to 351 of 500, columns 355 to 425 of 500]
12.534 12.572 12.849 12.814 15.182 13.922 12.752 14.734 12.994 11.362 10.709 10.294 10.092 11.012 11.072 10.294 9.707 9.729 10.152 12.522 17.127 20.544 15.347 15.637 15.452 17.354 17.037 16.612 16.954 16.654 15.864 15.952 16.022 16.067 16.189 16.279 16.392 16.462 16.587 16.704 16.972 18.004 19.242 18.037 21.157 23.732 24.767 22.354 18.259 18.204 18.297 18.289 18.234 18.199 18.827 20.987 20.517 23.484 19.687 19.514 20.124 21.757 23.302 21.764 20.579 20.794 21.402 22.669 20.774 20.837 20.882
12.542 12.602 12.669 13.042 15.612 13.262 13.297 12.462 12.072 11.739 11.054 11.097 13.989 12.199 11.739 10.484 10.739 10.242 10.344 14.284 16.199 16.789 15.572 17.252 14.659 17.249 18.487 17.179 16.272 15.909 15.989 16.032 16.117 16.182 16.282 16.354 16.889 16.784 16.964 16.822 16.914 17.707 19.747 18.204 21.222 23.964 24.514 24.229 20.304 18.414 18.454 18.294 18.239 18.197 18.289 20.459 21.484 22.959 20.317 20.039 19.814 21.709 22.759 22.499 22.047 21.764 21.629 22.444 20.924 20.957 21.482
12.549 12.764 12.747 12.994 14.552 12.937 12.632 12.549 11.974 11.897 11.734 12.559 12.492 12.967 9.729 9.672 9.852 9.964 10.029 13.417 15.147 22.802 17.367 13.107 13.977 15.949 19.157 17.849 16.117 16.027 16.102 16.127 16.187 16.277 16.312 16.847 17.019 17.122 17.622 16.954 17.062 17.764 20.077 19.264 19.427 23.684 24.194 24.672 22.487 19.042 18.644 18.312 18.239 18.222 18.174 18.869 20.932 21.149 19.282 19.637 21.382 22.594 22.322 23.424 22.234 23.909 21.897 20.969 21.029 21.069 21.432
12.634 12.937 12.859 12.737 15.259 15.119 12.659 12.737 12.187 11.959 11.704 11.892 12.874 11.909 9.559 9.507 9.787 9.974 10.364 10.447 14.767 18.284 17.664 20.362 16.032 18.534 19.154 20.942 18.802 16.134 16.214 16.237 16.244 16.362 16.452 17.282 16.932 17.079 17.262 16.959 17.139 17.232 18.222 19.067 18.007 22.147 23.962 24.632 23.972 19.249 18.317 18.387 18.297 18.239 18.227 18.562 19.852 20.307 20.399 20.369 20.739 22.109 23.174 24.337 22.772 25.362 22.357 21.084 21.147 21.217 21.394
13.664 13.287 13.007 12.882 13.257 13.337 12.749 12.684 12.382 12.362 11.884 11.874 11.627 11.529 9.429 9.824 9.824 9.867 10.317 10.552 14.582 17.734 16.977 20.142 17.747 16.259 15.644 21.484 19.197 16.954 17.417 16.874 16.477 16.637 16.932 16.737 16.762 16.792 17.272 16.967 17.294 17.307 17.592 18.452 18.212 20.024 23.829 24.229 24.579 20.502 18.224 19.017 18.627 18.352 18.319 19.209 20.212 22.924 23.472 22.692 22.867 23.707 23.914 23.609 22.927 25.274 23.067 21.237 21.282 21.397 21.514
15.769 14.207 13.169 13.212 13.174 13.837 12.807 12.737 13.047 14.299 12.522 13.927 12.272 12.072 15.222 11.287 9.907 10.032 11.044 15.292 15.552 16.292 17.752 25.562 22.907 15.849 14.892 17.347 16.704 18.029 19.422 19.017 17.479 17.527 19.259 18.817 20.037 20.797 23.167 23.449 17.924 17.439 17.652 18.539 19.017 18.557 22.509 23.812 22.344 18.884 18.199 19.952 20.359 18.457 19.844 24.922 23.622 23.284 23.909 24.064 24.109 24.394 23.344 22.484 23.024 22.312 21.289 21.299 21.422 21.567 21.637
12.954 18.697 13.919 16.012 15.939 16.597 13.869 12.827 12.897 12.822 12.904 14.509 14.244 14.579 11.907 10.217 10.454 11.469 13.059 15.087 15.607 14.102 17.169 19.852 16.432 13.554 14.014 15.192 18.004 21.499 21.634 21.069 20.294 21.659 24.272 24.874 24.594 24.629 25.414 24.157 19.447 17.572 17.637 18.884 19.149 19.584 21.407 21.817 18.749 18.134 18.437 21.742 21.114 18.599 21.887 25.294 25.407 24.604 23.127 22.457 22.592 24.052 23.662 22.189 22.482 21.414 21.317 21.379 21.514 21.627 21.742
13.839 21.587 17.099 18.724 15.844 15.777 13.677 12.974 13.529 14.032 15.512 15.114 13.814 14.374 14.459 11.667 11.827 10.867 11.954 12.797 14.359 15.532 13.939 13.162 13.184 13.432 13.927 14.012 18.577 22.257 22.632 22.809 23.692 24.519 25.457 25.457 25.449 25.442 25.547 24.259 18.187 17.794 17.744 18.662 19.012 20.549 19.194 18.549 18.284 18.447 19.497 22.052 20.162 19.247 23.067 24.964 25.029 24.272 21.897 20.974 21.314 21.937 22.517 21.382 21.389 21.302 21.384 21.447 21.594 21.722 21.862
16.162 14.507 14.132 13.877 14.947 15.727 15.859 13.357 16.339 15.682 15.684 15.374 12.209 12.749 15.622 12.492 10.257 11.032 13.609 14.054 15.214 13.894 11.822 13.067 14.904 14.174 13.547 15.014 21.259 22.299 23.189 22.844 24.057 24.077 25.332 25.499 25.472 25.534 25.532 24.727 21.389 17.844 17.907 18.029 18.592 18.677 18.624 18.419 18.522 18.727 20.714 21.897 19.914 21.689 22.157 21.907 22.274 23.009 22.164 20.942 20.909 20.994 21.052 21.119 21.212 21.302 21.379 21.507 21.667 21.747 21.912
16.802 14.679 15.442 14.594 13.894 15.494 14.152 13.204 14.754 15.567 15.379 15.762 13.729 12.037 12.629 11.872 10.087 10.439 15.529 10.839 14.034 13.607 11.344 11.959 13.522 13.849 15.042 16.642 20.797 22.072 23.114 24.739 24.042 24.129 25.312 25.467 25.434 25.457 25.579 24.649 20.914 17.884 17.967 18.099 18.409 18.444 18.444 18.569 18.699 19.542 21.812 21.357 19.492 21.534 20.947 20.544 20.614 20.552 20.899 20.624 20.734 20.824 20.959 21.069 21.234 21.374 21.469 21.559 21.687 21.854 21.929
17.829 15.134 14.874 14.437 14.117 15.242 14.672 13.347 13.559 14.552 15.412 16.254 13.869 11.437 12.057 11.559 10.389 11.014 14.027 10.444 12.887 15.359 20.569 26.614 16.904 17.242 21.879 21.914 22.027 22.347 22.922 23.474 22.529 23.019 25.199 25.119 25.047 24.882 25.429 24.522 19.442 17.962 18.039 18.179 18.387 18.824 18.812 20.369 21.642 21.974 22.147 20.654 19.554 19.807 20.049 20.154 20.272 20.397 20.464 20.584 20.692 20.829 21.012 21.154 21.257 21.422 21.477 21.587 21.709 21.784 21.987
17.674 15.582 16.007 17.777 14.354 14.949 14.972 13.512 13.909 13.629 15.109 15.402 13.449 11.182 10.832 10.979 9.939 10.504 11.727 13.472 12.419 22.674 27.767 29.072 17.527 16.027 21.027 21.534 21.492 21.919 22.939 21.657 20.957 21.112 21.747 22.327 21.104 23.027 24.539 23.682 20.714 18.109 18.197 18.277 19.724 20.609 20.242 21.719 21.802 21.794 20.447 19.792 19.622 19.792 19.932 20.072 20.247 20.359 20.532 20.617 20.712 20.909 21.034 21.072 21.272 24.407 21.442 21.854 21.957 22.654 22.582
18.729 16.524 22.909 26.544 16.279 15.042 14.977 13.914 14.457 13.482 13.322 12.392 11.624 11.304 10.727 10.204 10.054 12.209 20.062 21.999 21.752 19.494 18.782 18.139 15.187 16.107 15.519 15.474 15.827 18.367 20.317 18.507 17.517 18.614 17.257 17.994 17.497 17.842 17.084 17.507 17.604 18.294 18.297 18.444 19.104 19.692 19.222 19.324 19.154 19.257 19.357 19.507 19.649 19.997 22.537 21.299 21.949 20.844 20.784 20.642 20.674 20.809 20.944 22.677 22.279 22.379 25.814 25.952 23.209 24.457 23.137
18.654 22.739 28.402 23.419 16.162 15.737 14.567 14.212 14.644 13.922 14.139 13.989 13.752 17.309 10.762 10.234 10.212 14.519 21.842 23.712 20.949 18.649 18.894 15.224 12.902 13.269 17.447 14.764 13.919 14.497 17.064 18.754 16.752 17.752 17.254 20.434 21.244 18.484 18.042 18.474 18.644 18.199 18.329 18.477 18.604 18.722 18.894 19.052 19.154 20.359 19.414 23.257 22.547 25.224 27.089 26.859 23.842 20.762 20.732 22.134 21.277 24.729 27.817 25.244 22.719 23.372 25.269 23.479 24.879 24.497 23.724
17.382 26.247 30.409 28.659 15.592 15.694 14.927 14.507 14.617 13.562 14.694 14.534 16.949 18.599 10.672 10.417 10.079 13.402 21.497 20.279 16.742 19.034 18.719 12.112 13.912 15.922 16.772 14.402 19.082 19.952 22.624 20.384 19.817 21.469 18.527 18.334 19.387 18.009 17.994 18.042 18.129 18.192 18.334 18.479 18.639 18.744 18.872 20.482 20.759 23.752 27.794 33.537 30.609 30.549 35.829 36.454 25.689 22.767 26.139 22.737 23.059 23.622 22.702 22.617 22.617 24.314 29.324 22.804 24.339 23.584 23.492
19.414 21.607 26.802 22.492 15.194 15.692 15.857 17.234 15.492 14.904 14.322 17.084 25.192 19.634 10.877 10.577 10.167 10.399 12.317 11.299 11.987 12.797 12.677 16.119 21.659 19.842 14.059 16.824 22.674 24.247 24.602 23.974 21.884 21.062 19.054 17.984 17.804 17.834 17.862 18.002 18.129 18.259 18.372 18.507 18.619 18.747 22.212 25.167 25.617 22.994 31.109 26.294 26.604 32.077 35.314 38.049 30.847 27.449 29.094 25.389 22.544 23.477 25.072 25.037 22.512 22.217 22.394 23.127 28.084 26.774 23.019
17.792 23.629 23.569 19.979 16.127 15.694 14.657 21.367 24.842 15.462 13.759 22.447 28.852 17.274 14.334 12.062 10.442 11.252 11.094 11.554 11.254 11.722 12.787 17.107 22.059 20.374 15.302 17.572 23.937 24.957 24.192 24.084 21.812 19.209 17.637 17.662 17.709 17.787 17.959 18.022 18.132 18.237 18.329 18.482 18.514 19.162 24.559 25.972 19.779 21.062 26.124 23.304 30.804 31.914 39.849 40.372 34.074 25.809 34.522 27.872 22.547 25.627 23.707 24.874 22.332 22.647 22.194 24.182 27.337 24.182 22.794
21.679 29.784 28.892 25.107 17.649 15.359 15.009 24.174 17.484 13.687 17.612 26.134 28.122 18.299 16.264 16.262 13.024 19.347 15.194 16.157 12.402 12.722 12.882 13.994 15.564 17.722 18.292 16.119 22.354 24.582 23.864 23.302 18.692 17.439 18.394 17.562 17.679 19.337 19.184 19.024 21.824 20.959 18.567 18.489 19.017 20.302 28.552 32.839 25.387 24.802 28.827 24.499 21.974 27.904 39.884 34.997 28.852 27.842 29.047 23.397 22.702 23.394 22.509 24.824 22.829 23.494 22.932 22.232 22.127 22.644 25.344
22.482 29.514 30.254 20.039 16.869 15.399 15.319 15.362 15.429 14.387 20.957 26.269 22.867 16.677 16.412 17.397 20.089 18.277 19.034 18.052 13.949 13.404 14.022 15.007 15.997 19.569 20.444 16.769 18.722 22.449 20.912 18.782 17.322 17.472 17.547 17.597 19.829 25.947 26.604 26.914 26.897 23.464 22.129 23.319 24.739 26.522 29.774 36.202 28.517 29.349 38.512 34.694 24.259 25.277 28.154 24.639 25.124 27.234 25.967 27.952 23.254 24.989 23.567 23.897 23.799 22.759 22.692 22.499 26.684 31.214 31.239
17.687 22.329 19.447 17.434 16.532 15.739 16.774 17.464 19.484 14.519 17.612 20.164 16.562 14.209 13.999 16.314 21.087 19.707 18.552 16.942 17.317 15.577 17.342 19.239 16.979 17.154 16.937 17.057 17.664 17.717 17.139 17.264 17.334 17.399 17.459 17.669 22.149 27.294 28.242 27.859 28.274 24.984 26.587 28.659 29.584 28.779 30.889 29.939 28.224 25.677 32.567 28.279 25.469 25.569 23.602 23.257 22.324 22.212 22.429 26.394 28.944 24.409 24.199 23.739 23.707 23.827 23.169 26.497 31.944 33.112 29.054
17.642 20.594 22.597 18.252 16.447 16.092 16.157 22.769 24.772 17.422 14.492 16.124 14.682 13.977 14.487 16.599 16.712 16.219 17.754 19.257 19.614 17.107 17.169 17.217 16.744 16.814 16.874 16.934 19.239 20.459 17.849 17.222 17.279 17.632 17.994 18.534 22.362 25.569 29.077 29.174 29.042 28.414 27.039 29.929 30.652 29.999 29.679 27.709 27.834 25.084 24.837 24.487 25.877 24.844 23.672 21.187 21.089 21.737 23.322 25.634 24.314 24.029 23.357 23.454 24.122 23.174 23.577 23.189 30.174 39.339 28.402
18.072 21.599 22.154 17.887 16.479 17.344 17.039 19.934 20.207 16.464 14.642 14.959 15.527 17.097 19.134 21.644 18.932 16.749 16.992 17.354 16.579 16.609 16.664 16.704 16.729 16.859 16.967 21.139 26.629 19.919 19.199 18.602 18.899 19.762 20.117 21.382 23.064 27.807 29.409 29.177 29.482 28.977 27.492 28.529 29.564 29.534 28.632 25.654 26.364 26.877 26.329 23.057 22.262 21.679 20.819 20.787 20.912 23.012 25.264 26.829 25.272 23.087 22.537 22.452 22.792 24.139 24.907 24.019 27.157 25.494 23.117
17.499 17.789 19.709 16.749 16.694 17.759 18.617 19.177 18.117 21.519 20.777 23.027 27.459 17.052 16.622 18.699 21.064 19.494 16.492 16.577 16.617 16.672 16.714 16.734 16.782 16.819 16.879 22.662 18.217 22.467 23.217 21.759 22.362 22.332 21.529 21.087 21.404 25.562 27.012 27.637 28.364 26.712 25.744 27.532 28.339 28.602 27.897 27.029 26.917 23.927 22.204 19.104 19.189 18.872 19.072 18.857 20.299 22.139 26.977 24.342 22.179 22.292 22.299 22.219 22.264 24.802 26.097 24.839 24.177 26.422 22.672
18.414 17.189 17.037 16.974 16.919 16.879 17.529 17.587 19.327 18.737 23.617 28.992 25.752 21.817 19.572 16.612 16.772 16.592 16.589 16.642 16.667 16.684 16.759 16.739 16.799 16.952 17.407 17.597 17.047 22.877 27.849 23.957 24.624 23.404 21.444 21.322 21.922 20.919 19.917 23.364 25.394 20.434 22.174 24.684 26.802 26.902 27.337 25.802 23.157 19.167 17.967 18.224 18.179 18.417 18.329 17.904 19.549 21.344 24.239 23.614 22.887 22.119 22.237 22.214 22.209 23.132 22.879 22.714 25.897 27.069 23.852
18.342 17.272 17.164 17.154 17.079 17.019 16.962 16.897 22.677 22.277 28.919 26.247 28.329 26.039 19.149 16.737 16.669 16.664 16.622 16.602 16.632 16.664 16.737 17.227 17.542 16.709 17.737 20.404 19.969 21.739 29.344 29.457 26.009 22.649 21.629 21.907 19.442 17.974 18.487 18.702 19.902 19.042 18.869 20.727 20.962 22.447 24.744 23.799 23.774 22.517 22.807 21.809 20.259 19.657 20.107 18.892 19.014 21.714 26.932 26.084 22.007 22.004 22.099 22.082 23.149 25.822 22.312 23.944 23.704 26.802 25.774
17.309 17.339 17.187 17.184 17.184 17.107 17.087 16.977 16.984 17.089 23.212 25.662 24.287 22.184 17.607 16.602 16.654 16.622 16.652 16.792 17.197 17.319 17.264 15.162 14.132 14.119 16.722 19.379 19.317 23.049 28.142 26.284 25.177 22.217 19.119 19.297 18.824 18.474 19.749 17.807 17.829 17.832 17.864 17.907 17.914 21.317 25.444 25.362 25.359 25.402 24.394 23.879 23.044 23.112 23.087 20.399 19.047 22.249 26.147 25.439 23.039 21.914 21.967 21.974 22.874 23.594 22.457 30.967 27.582 23.897 26.314
17.319 17.319 17.302 17.294 17.167 17.199 17.084 17.047 16.982 16.917 18.774 17.944 16.717 16.874 16.702 17.557 16.984 17.814 17.382 16.649 17.907 17.822 16.597 14.139 13.722 14.759 15.592 17.334 17.479 17.232 21.299 25.697 25.319 18.107 17.982 18.912 20.307 19.697 17.724 17.794 17.777 17.777 18.039 18.429 18.802 22.897 24.357 25.577 24.284 24.494 23.774 23.132 23.109 22.602 22.169 19.969 17.957 20.062 25.182 25.944 25.697 23.752 21.902 21.894 22.274 24.972 31.732 35.714 31.679 26.234 25.389
17.347 17.319 17.257 17.242 17.132 17.087 17.037 17.009 16.974 16.937 16.899 16.894 16.909 17.257 16.644 16.154 14.962 14.782 12.852 14.682 16.749 16.219 13.784 13.197 13.682 14.219 14.579 16.124 16.634 17.359 17.464 22.722 23.462 22.327 18.762 20.882 21.669 19.059 17.707 17.739 17.752 17.754 18.862 20.589 21.067 21.689 22.244 23.997 24.024 23.772 23.412 23.099 21.187 18.994 17.789 17.907 18.164 19.172 23.519 24.919 24.519 25.387 23.539 21.847 23.592 26.692 39.352 29.109 39.452 33.049 26.859
17.327 17.254 17.204 17.132 17.087 17.037 17.067 17.069 17.677 17.772 17.332 17.329 16.082 14.479 12.977 11.677 13.799 14.072 13.479 16.092 17.004 16.207 13.727 13.179 13.372 13.747 14.909 16.312 18.282 21.412 19.352 19.894 19.899 19.562 18.532 19.514 19.172 17.799 17.652 17.689 17.722 17.754 18.579 20.399 20.779 20.689 23.032 23.759 23.907 23.759 23.304 23.217 21.409 19.142 19.074 18.429 17.797 20.282 21.134 22.954 26.367 25.839 24.827 22.379 23.424 33.109 46.257 48.319 49.164 44.304 29.849
17.424 17.649 17.554 17.309 17.422 17.169 18.317 17.122 17.832 17.097 16.074 15.397 14.357 13.457 12.224 10.944 12.374 11.832 11.867 15.344 16.247 15.859 14.787 13.812 13.357 13.719 15.132 17.519 19.414 21.669 20.762 19.097 19.014 18.429 17.649 17.734 18.342 17.659 17.609 17.657 17.687 17.969 18.489 18.269 18.999 19.404 24.982 24.532 24.767 25.172 24.529 24.539 24.599 24.637 24.659 20.169 18.309 19.062 18.614 22.087 27.422 25.077 24.687 22.919 28.122 38.827 45.437 46.739 45.837 38.217 24.684
17.899 18.422 18.237 17.889 18.002 16.934 17.017 16.504 16.904 17.177 15.157 14.757 14.439 13.619 12.189 10.502 10.077 11.357 11.897 13.929 16.039 16.094 18.299 18.364 15.032 13.892 15.422 16.987 19.497 20.542 20.344 19.392 18.152 17.417 17.499 17.549 17.607 17.582 17.624 17.684 17.722 18.094 19.264 18.647 17.999 19.332 25.162 25.122 25.132 25.639 24.717 24.952 25.582 24.754 24.492 21.502 22.952 24.302 21.527 22.574 22.399 22.122 22.779 23.379 28.137 38.492 41.072 42.797 43.734 33.252 28.692
18.007 17.919 17.544 17.269 17.032 16.922 16.814 16.762 16.587 19.534 15.222 14.672 14.254 14.872 12.602 10.819 10.242 11.197 14.232 18.847 19.887 20.212 20.434 20.627 16.839 13.922 15.449 17.322 19.574 19.699 20.187 20.489 19.294 17.899 17.552 17.559 18.382 18.074 18.184 18.064 20.877 21.127 18.902 18.039 18.664 20.067 23.502 24.684 24.182 23.337 23.369 24.539 25.467 24.204 23.699 23.822 25.149 27.669 28.107 25.169 27.617 26.767 23.182 24.402 26.142 28.514 35.822 36.334 36.089 31.197 25.787
