All_lidar/sz5789_DSM_2M.asc
ncols 500
nrows 500
xllcorner    457000
yllcorner    89000
cellsize     2
NODATA_value -9999
[rows 0 to 31 of 500, columns 365 to 437 of 500]
75.018 75.028 75.04 75.058 75.14 75.165 75.12 75.093 75.113 75.17 75.183 75.138 75.11 75.11 75.033 74.93 74.768 74.663 74.558 74.383 74.215 74.093 74.195 74.64 75.315 77.458 78.58 75.008 73.638 73.543 73.44 73.318 73.183 73.02 72.885 72.791 72.683 72.591 72.518 72.418 72.331 72.201 72.056 71.948 71.831 71.773 71.641 71.523 71.371 71.251 71.136 70.981 70.888 70.773 70.688 70.578 70.513 70.423 70.263 70.123 69.953 69.801 69.696 69.563 69.438 69.276 69.203 69.071 68.961 68.883 68.753 68.643 68.576
75.07 75.068 75.065 75.085 75.085 75.118 75.128 75.113 75.153 75.155 75.153 75.123 75.11 75.05 74.983 74.85 74.713 74.585 74.468 74.293 74.28 74.785 75.295 75.06 74.503 74.04 73.855 73.71 73.6 73.543 73.418 73.27 73.09 72.91 72.77 72.681 72.616 72.581 72.533 72.428 72.318 72.186 72.068 71.946 71.876 71.778 71.663 71.486 71.376 71.266 71.128 71.013 70.913 70.788 70.733 70.638 70.523 70.416 70.318 70.176 69.983 69.831 69.751 69.603 69.443 69.336 69.243 69.098 69.011 68.916 68.763 68.648 68.581
75.098 75.098 75.12 75.115 75.135 75.09 75.11 75.095 75.123 75.108 75.168 75.098 75.055 74.993 74.873 74.733 74.615 74.47 74.378 74.678 75.225 75.605 74.953 74.193 73.92 73.873 73.808 73.68 73.575 73.45 73.298 73.12 72.888 72.688 72.535 72.481 72.518 72.508 72.476 72.413 72.303 72.176 72.071 71.986 71.878 71.778 71.678 71.541 71.383 71.268 71.141 71.063 70.948 70.831 70.766 70.661 70.553 70.471 70.328 70.178 69.988 69.863 69.751 69.596 69.478 69.341 69.253 69.108 68.988 68.863 68.748 68.646 68.616
75.105 75.105 75.093 75.1 75.153 75.145 75.118 75.088 75.08 75.03 75.038 75.023 74.94 74.858 74.745 74.615 74.5 74.543 75.088 76.04 76.445 74.47 74.058 73.928 73.83 73.73 73.655 73.585 73.47 73.315 73.13 72.875 72.658 72.41 72.258 72.278 72.341 72.373 72.378 72.356 72.296 72.193 72.086 71.978 71.883 71.803 71.636 71.503 71.388 71.266 71.148 71.091 70.966 70.866 70.783 70.676 70.568 70.456 70.308 70.156 70.031 69.896 69.743 69.576 69.451 69.316 69.211 69.101 68.953 68.831 68.758 68.686 68.626
75.105 75.093 75.1 75.145 75.178 75.158 75.135 75.105 75.033 75.003 74.935 74.873 74.798 74.71 74.593 74.55 74.985 75.68 75.045 75.168 75.148 73.945 73.85 73.7 73.59 73.543 73.52 73.425 73.32 73.173 72.908 72.643 72.41 72.228 72.143 72.136 72.136 72.201 72.286 72.308 72.281 72.211 72.108 71.998 71.891 71.776 71.676 71.523 71.411 71.258 71.178 71.128 71.013 70.898 70.786 70.673 70.576 70.486 70.346 70.191 70.063 69.936 69.783 69.608 69.456 69.336 69.226 69.131 68.966 68.873 68.776 68.681 68.638
75.095 75.118 75.14 75.158 75.165 75.198 75.155 75.083 74.983 74.898 74.805 74.733 74.613 74.515 74.65 75.113 75.853 76.758 74.168 73.9 73.755 73.65 73.548 73.39 73.285 73.295 73.298 73.19 73.095 72.955 72.72 72.518 72.37 72.18 72.048 71.968 71.978 72.048 72.193 72.241 72.241 72.191 72.141 72.051 71.896 71.786 71.676 71.548 71.421 71.293 71.188 71.148 71.013 70.931 70.838 70.723 70.583 70.501 70.388 70.216 70.081 69.926 69.773 69.623 69.491 69.391 69.253 69.121 68.991 68.903 68.768 68.708 68.636
75.11 75.135 75.16 75.158 75.168 75.193 75.138 75.04 74.875 74.753 74.608 74.538 74.428 74.43 75.145 75.143 74.42 73.958 73.79 73.645 73.505 73.375 73.238 73.125 72.97 72.983 72.973 72.903 72.8 72.678 72.498 72.373 72.248 72.08 71.945 71.883 71.896 71.951 72.101 72.178 72.246 72.246 72.201 72.076 71.931 71.811 71.698 71.563 71.413 71.321 71.253 71.158 71.041 70.928 70.816 70.696 70.596 70.503 70.391 70.231 70.071 69.916 69.746 69.631 69.533 69.371 69.213 69.103 69.016 68.916 68.798 68.726 68.646
75.115 75.153 75.123 75.125 75.153 75.095 74.995 74.878 74.71 74.535 74.453 74.398 74.268 75.8 74.885 73.973 73.778 73.61 73.503 73.398 73.305 73.145 72.975 72.85 72.793 72.743 72.678 72.658 72.568 72.433 72.308 72.19 72.07 71.955 71.86 71.866 71.868 71.948 72.086 72.191 72.271 72.296 72.221 72.133 71.976 71.848 71.716 71.588 71.436 71.331 71.261 71.173 71.061 70.956 70.823 70.746 70.643 70.506 70.363 70.233 70.073 69.928 69.793 69.683 69.546 69.373 69.221 69.116 69.003 68.931 68.806 68.693 68.666
75.1 75.123 75.123 75.075 75.018 74.923 74.808 74.67 74.488 74.343 74.27 74.225 74.103 75.438 76.98 74.44 73.505 73.38 73.303 73.265 73.143 72.968 72.823 72.67 72.655 72.643 72.58 72.47 72.353 72.27 72.14 71.998 71.9 71.875 71.855 71.836 71.828 71.921 72.058 72.168 72.276 72.323 72.248 72.141 71.996 71.851 71.728 71.616 71.503 71.391 71.313 71.213 71.093 70.983 70.881 70.756 70.641 70.523 70.378 70.246 70.071 69.968 69.816 69.681 69.551 69.398 69.238 69.141 69.031 68.928 68.818 68.746 68.673
75.108 75.095 75.068 75.018 74.885 74.733 74.585 74.45 74.313 74.2 74.095 73.948 73.978 74.57 74.848 73.37 73.275 73.188 73.165 73.108 72.985 72.86 72.755 72.643 72.59 72.583 72.593 72.45 72.295 72.133 71.975 71.913 71.873 71.84 71.833 71.813 71.811 71.908 72.026 72.148 72.271 72.356 72.286 72.153 72.023 71.888 71.788 71.641 71.523 71.396 71.311 71.218 71.081 70.988 70.883 70.798 70.688 70.536 70.381 70.216 70.068 69.983 69.841 69.666 69.516 69.386 69.258 69.143 69.033 68.921 68.833 68.753 68.636
75.115 75.08 75.023 74.905 74.71 74.53 74.35 74.233 74.125 74 73.863 73.83 73.995 75.093 74.08 73.153 73.108 73.045 73.035 72.968 72.883 72.808 72.693 72.63 72.598 72.65 72.618 72.443 72.245 72.025 71.958 71.925 71.863 71.808 71.783 71.773 71.768 71.841 71.991 72.161 72.298 72.353 72.291 72.191 72.048 71.901 71.783 71.651 71.551 71.431 71.368 71.238 71.111 70.973 70.883 70.763 70.663 70.528 70.378 70.206 70.096 69.991 69.826 69.676 69.551 69.391 69.238 69.131 69.048 68.918 68.846 68.761 68.671
75.083 75.028 74.923 74.76 74.533 74.293 74.16 74.053 73.933 73.745 73.64 73.845 74.22 75.018 73.538 73.028 72.958 72.955 72.913 72.848 72.823 72.728 72.665 72.623 72.638 72.64 72.563 72.415 72.248 72.088 71.98 71.958 71.928 71.833 71.795 71.733 71.761 71.843 71.968 72.176 72.306 72.371 72.313 72.191 72.063 71.926 71.801 71.668 71.566 71.458 71.376 71.243 71.138 71.011 70.908 70.801 70.663 70.561 70.411 70.258 70.131 70.003 69.853 69.708 69.548 69.393 69.256 69.193 69.036 68.918 68.841 68.751 68.686
75.037 74.905 74.766 74.585 74.343 74.138 73.985 73.883 73.7 73.488 73.373 74.053 74.475 74.468 73.493 72.92 72.863 72.84 72.843 72.815 72.763 72.685 72.62 72.583 72.615 72.613 72.54 72.398 72.263 72.15 72.065 72.025 71.965 71.873 71.785 71.743 71.748 71.828 71.921 72.131 72.268 72.326 72.293 72.181 72.083 71.946 71.783 71.686 71.613 71.521 71.386 71.236 71.108 70.956 70.881 70.796 70.668 70.553 70.458 70.301 70.173 70.023 69.851 69.691 69.541 69.426 69.326 69.206 69.056 68.926 68.848 68.763 68.671
74.952 74.819 74.66 74.421 74.163 73.855 73.793 73.66 73.428 73.253 73.333 74.493 74.035 74.613 72.96 72.805 72.793 72.795 72.828 72.785 72.705 72.635 72.643 72.605 72.6 72.59 72.538 72.455 72.313 72.24 72.155 72.133 72.068 71.908 71.84 71.763 71.748 71.776 71.916 72.091 72.231 72.281 72.301 72.208 72.093 71.963 71.823 71.743 71.648 71.508 71.431 71.251 71.148 71.038 70.946 70.831 70.703 70.603 70.458 70.331 70.168 70.063 69.866 69.731 69.583 69.471 69.361 69.211 69.043 68.926 68.826 68.736 68.673
74.883 74.705 74.491 74.265 73.95 73.675 73.608 73.475 73.265 73.133 73.583 75.003 74.845 73.293 72.765 72.745 72.743 72.748 72.78 72.77 72.71 72.64 72.635 72.633 72.623 72.583 72.55 72.458 72.318 72.23 72.228 72.225 72.125 71.99 71.875 71.828 71.776 71.776 71.931 72.073 72.221 72.303 72.308 72.216 72.121 71.996 71.868 71.781 71.668 71.561 71.446 71.291 71.206 71.228 71.038 70.896 70.758 70.616 70.506 70.356 70.198 70.061 69.901 69.753 69.633 69.511 69.383 69.198 69.051 68.913 68.816 68.733 68.666
74.798 74.611 74.34 74.073 73.792 73.55 73.46 73.298 73.135 73.118 73.928 75.095 73.503 72.763 72.718 72.763 72.768 72.835 72.855 72.833 72.765 72.728 72.705 72.668 72.65 72.598 72.575 72.463 72.318 72.263 72.23 72.25 72.183 72.035 71.91 71.838 71.728 71.723 71.838 71.988 72.198 72.276 72.303 72.226 72.131 72.028 71.901 71.778 71.713 71.563 71.428 71.298 71.196 71.161 71.003 70.891 70.828 70.661 70.543 70.446 70.241 70.066 69.938 69.811 69.663 69.543 69.381 69.196 69.058 68.903 68.808 68.713 68.641
74.722 74.51 74.22 73.92 73.654 73.471 73.33 73.195 73.06 73.408 74.838 74.323 72.743 72.73 72.725 72.748 72.823 72.908 72.908 72.86 72.808 72.783 72.703 72.673 72.608 72.555 72.505 72.388 72.305 72.228 72.245 72.245 72.145 71.995 71.928 71.853 71.758 71.751 71.793 71.936 72.076 72.226 72.266 72.236 72.148 72.071 71.931 71.786 71.681 71.571 71.436 71.326 71.216 71.098 70.973 70.898 70.783 70.628 70.491 70.386 70.206 70.078 69.968 69.831 69.683 69.561 69.416 69.233 69.063 68.921 68.786 68.688 68.616
74.664 74.43 74.125 73.829 73.574 73.418 73.24 73.093 73.003 74.083 75 73.125 72.728 72.73 72.723 72.78 72.868 72.925 72.923 72.898 72.84 72.76 72.723 72.675 72.593 72.538 72.455 72.333 72.268 72.198 72.205 72.195 72.088 71.958 71.868 71.853 71.768 71.736 71.781 71.848 71.968 72.106 72.208 72.228 72.173 72.066 71.921 71.806 71.678 71.528 71.446 71.328 71.221 71.121 71.018 70.913 70.781 70.628 70.483 70.351 70.223 70.116 69.973 69.848 69.718 69.576 69.451 69.271 69.111 68.953 68.808 68.698 68.551
74.612 74.379 74.096 73.789 73.544 73.358 73.159 73.033 73.403 74.453 73.998 72.89 72.718 72.748 72.75 72.753 72.85 72.875 72.893 72.85 72.8 72.703 72.665 72.648 72.575 72.505 72.405 72.268 72.198 72.135 72.153 72.12 72.01 71.933 71.835 71.846 71.801 71.723 71.731 71.751 71.878 71.988 72.126 72.226 72.161 72.058 71.921 71.753 71.663 71.538 71.421 71.321 71.233 71.151 71.053 70.896 70.776 70.641 70.478 70.346 70.226 70.113 69.991 69.848 69.748 69.601 69.456 69.286 69.098 68.963 68.836 68.676 68.543
74.559 74.345 74.085 73.714 73.49 73.29 73.103 73.033 74.038 74.875 72.985 72.745 72.73 72.74 72.745 72.763 72.805 72.798 72.828 72.763 72.685 72.615 72.583 72.575 72.53 72.47 72.348 72.225 72.12 72.048 72.028 72.015 71.938 71.853 71.803 71.793 71.753 71.741 71.681 71.666 71.768 71.886 72.028 72.136 72.146 72.051 71.921 71.778 71.651 71.531 71.478 71.348 71.251 71.173 71.028 70.911 70.768 70.628 70.478 70.361 70.243 70.116 69.993 69.856 69.736 69.556 69.416 69.263 69.141 68.988 68.816 68.648 68.528
74.51 74.314 74.004 73.631 73.389 73.227 73.11 74.324 75.085 73.803 72.833 72.708 72.763 72.728 72.775 72.82 72.81 72.745 72.74 72.64 72.58 72.5 72.465 72.465 72.44 72.418 72.278 72.185 72.07 71.988 71.928 71.943 71.905 71.795 71.753 71.731 71.718 71.666 71.606 71.591 71.656 71.778 71.886 71.991 72.076 72.083 71.921 71.806 71.663 71.583 71.458 71.358 71.278 71.168 71.011 70.866 70.748 70.613 70.483 70.408 70.251 70.133 69.963 69.836 69.691 69.548 69.401 69.266 69.171 69.016 68.823 68.673 68.551
74.523 74.293 73.933 73.587 73.364 73.215 73.376 75.037 73.438 74.545 72.968 72.78 72.72 72.778 72.805 72.848 72.808 72.755 72.688 72.595 72.493 72.395 72.375 72.36 72.345 72.315 72.225 72.125 71.998 71.97 71.888 71.855 71.853 71.775 71.703 71.693 71.661 71.618 71.596 71.561 71.578 71.633 71.733 71.808 71.926 71.938 71.936 71.803 71.696 71.608 71.486 71.391 71.311 71.163 71.033 70.898 70.773 70.633 70.526 70.393 70.246 70.128 69.988 69.843 69.698 69.556 69.426 69.316 69.188 69.083 68.878 68.723 68.556
74.525 74.274 73.872 73.524 73.472 73.203 73.291 74.402 73.713 73.875 73.358 72.86 72.78 72.748 72.82 72.85 72.833 72.75 72.67 72.598 72.493 72.373 72.305 72.27 72.275 72.225 72.158 72.055 71.92 71.875 71.825 71.768 71.758 71.71 71.68 71.643 71.626 71.628 71.611 71.583 71.528 71.558 71.581 71.658 71.828 71.896 71.878 71.781 71.686 71.616 71.476 71.383 71.266 71.153 71.023 70.858 70.733 70.596 70.481 70.361 70.243 70.108 69.961 69.828 69.701 69.548 69.423 69.351 69.208 69.088 68.928 68.778 68.606
74.526 74.29 73.9 73.571 73.609 73.696 73.864 74.028 73.915 73.263 73.203 73.528 75.31 73.343 72.96 72.93 72.833 72.778 72.698 72.613 72.483 72.353 72.31 72.288 72.3 72.238 72.158 72.063 71.905 71.823 71.75 71.708 71.705 71.69 71.65 71.598 71.606 71.613 71.633 71.631 71.546 71.516 71.501 71.583 71.733 71.798 71.776 71.756 71.701 71.568 71.488 71.373 71.233 71.108 70.983 70.841 70.706 70.571 70.446 70.323 70.213 70.088 69.946 69.823 69.691 69.558 69.456 69.361 69.231 69.088 68.986 68.821 68.636
74.588 74.299 73.937 73.733 73.441 73.521 74.677 74.488 73.575 74.128 74.78 75.878 74.423 74.625 74.07 73.885 73.618 73.523 73.973 72.64 72.513 72.423 72.365 72.323 72.303 72.213 72.153 72.038 71.895 71.765 71.685 71.695 71.67 71.63 71.625 71.598 71.578 71.566 71.553 71.548 71.471 71.426 71.466 71.501 71.558 71.633 71.661 71.661 71.633 71.573 71.438 71.346 71.196 71.078 70.948 70.796 70.673 70.538 70.428 70.296 70.183 70.038 69.906 69.793 69.683 69.543 69.451 69.346 69.216 69.106 68.988 68.843 68.623
74.521 74.299 74.066 74.247 73.506 73.958 76.041 77.576 76.055 76.038 74.19 75.168 74.058 79.073 76.18 75.345 75.905 74.978 74.28 73.803 74.223 73.748 72.565 72.435 72.383 72.295 72.193 72.073 71.925 71.765 71.703 71.64 71.633 71.605 71.588 71.541 71.528 71.506 71.463 71.438 71.423 71.353 71.373 71.398 71.411 71.441 71.533 71.531 71.531 71.533 71.428 71.323 71.186 71.071 70.938 70.796 70.668 70.538 70.421 70.281 70.146 70.048 69.921 69.788 69.646 69.518 69.431 69.338 69.208 69.103 69.001 68.856 68.593
74.569 74.723 74.22 73.955 73.682 74.678 74.875 76.383 77.483 77.235 77.065 77.07 75.943 76.835 74.413 74.86 75.74 76.898 76.058 74.56 75.418 75.908 75.758 73.723 73.04 72.463 72.26 72.173 71.97 71.768 71.703 71.67 71.663 71.608 71.563 71.526 71.476 71.423 71.363 71.318 71.288 71.233 71.188 71.223 71.228 71.238 71.306 71.373 71.388 71.406 71.418 71.251 71.163 71.028 70.903 70.778 70.641 70.516 70.383 70.276 70.133 69.996 69.886 69.768 69.646 69.516 69.436 69.321 69.193 69.108 69.001 68.833 68.601
74.75 74.633 74.485 74.273 74.552 75.187 74.23 76.878 77.423 77.453 77.438 77.27 77.065 75.503 73.358 73.45 73.815 74.325 75.053 74.963 74.778 74.64 75.713 74.413 75.013 73.58 72.37 72.165 71.96 71.793 71.753 71.7 71.678 71.62 71.558 71.488 71.413 71.358 71.286 71.203 71.186 71.128 71.023 71.006 71.021 71.038 71.061 71.088 71.146 71.166 71.221 71.333 71.123 70.976 70.866 70.728 70.596 70.503 70.371 70.256 70.106 69.981 69.886 69.751 69.613 69.456 69.373 69.271 69.168 69.061 68.976 68.831 68.613
75.504 74.91 74.745 74.749 74.866 75.348 74.763 76.762 76.905 77.008 77.145 77.25 77.305 74 73.308 73.275 73.253 73.265 73.59 73.585 73.658 73.84 74.598 74.343 74.87 75.003 75.17 72.908 72.088 71.855 71.783 71.745 71.673 71.59 71.518 71.423 71.368 71.281 71.208 71.131 71.026 70.976 70.893 70.846 70.853 70.823 70.891 70.871 70.913 70.971 71.081 71.113 71.046 70.933 70.838 70.713 70.606 70.473 70.338 70.206 70.096 69.948 69.826 69.733 69.593 69.478 69.381 69.268 69.163 69.066 68.971 68.811 68.623
75.66 75.193 74.981 75.173 75.504 75.307 73.896 73.991 74.43 75.768 76.223 76.54 76.598 73.728 73.265 73.233 73.185 73.203 73.19 73.22 73.223 73.293 73.61 73.733 74.47 74.973 75.228 74.57 73.143 72.56 71.99 71.815 71.695 71.57 71.465 71.381 71.336 71.241 71.128 71.013 70.936 70.863 70.778 70.741 70.756 70.736 70.706 70.756 70.821 70.873 70.986 71.041 70.986 70.886 70.793 70.671 70.568 70.436 70.311 70.183 70.071 69.931 69.803 69.701 69.588 69.476 69.351 69.243 69.158 69.061 68.978 68.853 68.618
75.634 75.147 74.955 75.487 75.607 74.505 73.887 73.699 73.83 73.933 73.978 73.755 73.883 73.783 73.275 73.225 73.18 73.158 73.128 73.23 73.145 73.478 73.55 73.61 74.008 74.185 74.615 73.38 74.248 74.87 73.958 73.028 71.75 71.673 71.418 71.323 71.258 71.148 71.041 70.948 70.848 70.776 70.718 70.688 70.701 70.653 70.643 70.661 70.723 70.803 70.908 70.991 70.971 70.866 70.766 70.671 70.551 70.408 70.263 70.133 70.018 69.918 69.803 69.688 69.573 69.448 69.311 69.226 69.136 69.081 68.968 68.828 68.613
75.184 74.991 75.423 75.798 75.287 74.069 73.749 73.635 73.605 73.605 73.57 73.583 73.438 73.435 73.263 73.218 73.173 73.16 73.13 73.238 73.295 73.348 73.365 73.748 74.235 74.14 73.963 73.37 74.258 74.178 74.015 75.265 75.973 72.895 71.425 71.251 71.163 71.061 70.978 70.881 70.811 70.738 70.678 70.673 70.651 70.621 70.623 70.636 70.666 70.758 70.868 70.968 70.943 70.823 70.736 70.631 70.498 70.376 70.241 70.118 70.016 69.876 69.803 69.666 69.531 69.398 69.273 69.198 69.138 69.071 68.948 68.776 68.556
