All_lidar/sz5788_DSM_2M.asc
ncols 500
nrows 500
xllcorner    457000
yllcorner    88000
cellsize     2
NODATA_value -9999
[rows 64 to 95 of 500, columns 146 to 218 of 500]
-9999 -9999 -9999 -9999 -9999 -9999 -9999 -9999 -9999 -9999 -9999 28.934 28.969 29.032 29.092 29.117 29.159 29.182 29.222 29.259 29.302 29.327 29.399 29.432 29.452 29.447 29.512 29.569 29.609 29.644 29.687 29.672 29.712 29.697 29.749 29.762 29.792 29.779 29.769 29.794 29.824 29.839 29.837 29.842 29.857 29.852 29.864 29.852 29.847 29.824 29.834 29.857 29.894 29.887 29.874 29.827 29.867 29.909 29.957 29.974 29.949 29.957 29.972 29.962 29.927 29.897 29.899 29.892 29.912 29.897 29.902 29.857 29.872
-9999 -9999 -9999 -9999 -9999 -9999 -9999 -9999 -9999 -9999 -9999 28.936 29.002 29.042 29.114 29.144 29.177 29.202 29.257 29.307 29.357 29.384 29.429 29.477 29.487 29.504 29.572 29.632 29.659 29.707 29.744 29.754 29.742 29.754 29.802 29.827 29.844 29.819 29.824 29.852 29.872 29.909 29.877 29.894 29.897 29.907 29.907 29.914 29.912 29.879 29.892 29.932 29.957 29.944 29.912 29.904 29.942 29.979 30.027 30.014 30.029 30.047 30.044 29.994 29.964 29.952 29.987 29.967 29.979 29.979 29.962 29.934 29.959
-9999 -9999 -9999 -9999 -9999 -9999 -9999 -9999 -9999 -9999 -9999 28.982 29.022 29.067 29.142 29.152 29.219 29.254 29.279 29.317 29.389 29.432 29.464 29.514 29.509 29.544 29.629 29.657 29.699 29.757 29.774 29.772 29.784 29.797 29.844 29.884 29.889 29.867 29.834 29.922 29.929 29.924 29.932 29.932 29.949 29.959 29.954 29.957 29.972 29.952 29.967 29.989 30.017 29.992 29.967 29.992 30.029 30.072 30.079 30.089 30.114 30.127 30.099 30.069 30.067 30.034 30.077 30.057 30.032 30.049 30.014 30.014 30.017
-9999 -9999 -9999 -9999 -9999 -9999 -9999 -9999 -9999 -9999 -9999 29.012 29.064 29.104 29.164 29.197 29.242 29.289 29.317 29.362 29.402 29.469 29.497 29.532 29.539 29.627 29.664 29.719 29.737 29.782 29.819 29.814 29.832 29.864 29.917 29.917 29.949 29.929 29.939 30.012 29.972 29.982 29.992 29.994 30.002 30.014 29.997 29.974 30.012 30.002 30.027 30.077 30.092 30.047 30.024 30.052 30.077 30.132 30.152 30.144 30.164 30.187 30.174 30.147 30.139 30.134 30.114 30.104 30.114 30.107 30.077 30.092 30.097
-9999 -9999 -9999 -9999 -9999 -9999 -9999 -9999 -9999 -9999 -9999 29.072 29.109 29.152 29.192 29.219 29.287 29.309 29.349 29.384 29.427 29.492 29.534 29.572 29.589 29.662 29.704 29.749 29.789 29.857 29.832 29.852 29.884 29.892 29.942 29.984 29.977 29.987 30.002 30.047 30.042 30.024 30.072 30.054 30.062 30.062 30.079 30.059 30.049 30.054 30.104 30.157 30.157 30.092 30.059 30.127 30.152 30.204 30.222 30.199 30.227 30.254 30.229 30.217 30.212 30.199 30.192 30.172 30.177 30.167 30.149 30.162 30.184
-9999 -9999 -9999 -9999 -9999 -9999 -9999 -9999 -9999 -9999 -9999 29.094 29.172 29.209 29.239 29.252 29.329 29.352 29.394 29.409 29.482 29.519 29.572 29.587 29.612 29.722 29.767 29.812 29.834 29.889 29.899 29.907 29.894 29.952 30.004 30.034 30.042 30.022 30.062 30.104 30.102 30.114 30.112 30.117 30.137 30.129 30.119 30.119 30.107 30.124 30.174 30.199 30.207 30.134 30.157 30.192 30.229 30.267 30.262 30.254 30.297 30.304 30.307 30.272 30.269 30.272 30.249 30.229 30.269 30.257 30.242 30.244 30.267
-9999 -9999 -9999 -9999 -9999 -9999 -9999 -9999 -9999 -9999 -9999 29.164 29.227 29.257 29.282 29.322 29.359 29.369 29.389 29.447 29.512 29.592 29.599 29.622 29.677 29.759 29.777 29.837 29.902 29.919 29.907 29.949 29.972 30.024 30.044 30.049 30.082 30.089 30.117 30.149 30.139 30.152 30.167 30.192 30.194 30.164 30.182 30.187 30.154 30.197 30.224 30.259 30.219 30.207 30.222 30.254 30.302 30.332 30.329 30.327 30.359 30.352 30.347 30.339 30.337 30.314 30.299 30.317 30.334 30.319 30.297 30.322 30.309
-9999 -9999 -9999 -9999 -9999 -9999 -9999 -9999 -9999 -9999 -9999 29.204 29.244 29.299 29.317 29.352 29.357 29.409 29.432 29.487 29.539 29.614 29.624 29.642 29.707 29.784 29.829 29.897 29.927 29.949 29.944 29.969 30.002 30.079 30.104 30.109 30.137 30.154 30.174 30.194 30.189 30.217 30.224 30.262 30.242 30.197 30.187 30.224 30.229 30.234 30.284 30.297 30.259 30.244 30.279 30.312 30.357 30.369 30.359 30.369 30.399 30.399 30.389 30.387 30.384 30.344 30.352 30.407 30.399 30.377 30.382 30.399 30.397
-9999 -9999 -9999 -9999 -9999 -9999 -9999 -9999 -9999 -9999 -9999 29.254 29.287 29.349 29.357 29.407 29.419 29.447 29.492 29.512 29.592 29.634 29.649 29.684 29.769 29.812 29.859 29.929 29.947 29.969 29.969 30.012 30.059 30.114 30.152 30.159 30.189 30.214 30.229 30.244 30.254 30.289 30.274 30.279 30.279 30.254 30.242 30.279 30.267 30.294 30.359 30.379 30.307 30.324 30.347 30.364 30.417 30.399 30.437 30.444 30.424 30.404 30.404 30.439 30.427 30.437 30.419 30.469 30.462 30.447 30.444 30.477 30.472
-9999 -9999 -9999 -9999 -9999 -9999 -9999 -9999 -9999 -9999 -9999 29.274 29.314 29.372 29.409 29.444 29.464 29.497 29.534 29.564 29.632 29.679 29.699 29.732 29.814 29.857 29.892 29.954 29.982 30.004 30.022 30.057 30.122 30.149 30.182 30.222 30.252 30.264 30.314 30.312 30.317 30.342 30.344 30.339 30.319 30.317 30.314 30.332 30.359 30.364 30.417 30.419 30.354 30.377 30.424 30.462 30.469 30.452 30.469 30.477 30.484 30.497 30.482 30.479 30.454 30.484 30.492 30.527 30.517 30.517 30.542 30.532 30.547
-9999 -9999 -9999 -9999 -9999 -9999 -9999 -9999 -9999 -9999 -9999 29.337 29.382 29.389 29.434 29.497 29.477 29.519 29.559 29.594 29.642 29.689 29.712 29.789 29.884 29.909 29.954 30.014 30.052 30.054 30.067 30.124 30.172 30.242 30.229 30.257 30.312 30.324 30.362 30.354 30.384 30.374 30.394 30.394 30.389 30.384 30.364 30.374 30.402 30.427 30.479 30.449 30.392 30.439 30.479 30.497 30.517 30.494 30.534 30.559 30.519 30.502 30.529 30.502 30.542 30.547 30.552 30.597 30.572 30.579 30.612 30.607 30.602
-9999 -9999 -9999 -9999 -9999 -9999 -9999 -9999 -9999 -9999 -9999 29.377 29.422 29.422 29.484 29.497 29.537 29.567 29.599 29.642 29.707 29.734 29.757 29.837 29.924 29.959 30.022 30.057 30.072 30.089 30.132 30.167 30.252 30.299 30.284 30.319 30.357 30.384 30.412 30.437 30.429 30.457 30.454 30.434 30.444 30.449 30.434 30.467 30.477 30.502 30.509 30.499 30.464 30.482 30.542 30.579 30.562 30.537 30.572 30.582 30.564 30.579 30.572 30.572 30.592 30.604 30.634 30.659 30.637 30.652 30.682 30.672 30.657
-9999 -9999 -9999 -9999 -9999 -9999 -9999 -9999 -9999 -9999 -9999 29.429 29.444 29.452 29.519 29.534 29.577 29.617 29.657 29.689 29.754 29.754 29.792 29.892 29.954 30.004 30.059 30.117 30.087 30.134 30.194 30.227 30.277 30.332 30.359 30.374 30.412 30.459 30.444 30.484 30.509 30.502 30.489 30.509 30.497 30.499 30.502 30.519 30.547 30.587 30.594 30.579 30.547 30.594 30.639 30.659 30.629 30.607 30.649 30.644 30.622 30.619 30.632 30.654 30.647 30.642 30.707 30.694 30.707 30.714 30.747 30.744 30.732
-9999 -9999 -9999 -9999 -9999 -9999 -9999 -9999 -9999 -9999 -9999 29.449 29.489 29.487 29.557 29.574 29.604 29.657 29.682 29.732 29.767 29.794 29.847 29.937 30.004 30.054 30.109 30.169 30.182 30.204 30.234 30.287 30.339 30.384 30.407 30.449 30.499 30.517 30.507 30.524 30.529 30.542 30.564 30.544 30.534 30.557 30.554 30.594 30.614 30.644 30.659 30.614 30.627 30.664 30.709 30.717 30.692 30.684 30.712 30.712 30.694 30.697 30.704 30.692 30.712 30.727 30.777 30.752 30.777 30.799 30.792 30.804 30.792
-9999 -9999 -9999 -9999 -9999 -9999 -9999 -9999 -9999 -9999 -9999 29.504 29.524 29.539 29.607 29.609 29.639 29.689 29.759 29.784 29.827 29.854 29.929 29.999 30.049 30.114 30.177 30.199 30.212 30.257 30.279 30.352 30.392 30.442 30.449 30.519 30.552 30.567 30.554 30.579 30.604 30.582 30.602 30.609 30.602 30.627 30.619 30.642 30.697 30.694 30.707 30.662 30.712 30.744 30.782 30.782 30.759 30.769 30.804 30.797 30.762 30.767 30.767 30.774 30.802 30.812 30.817 30.817 30.834 30.867 30.877 30.869 30.854
-9999 -9999 -9999 -9999 -9999 -9999 -9999 -9999 -9999 -9999 -9999 29.539 29.584 29.622 29.644 29.657 29.694 29.747 29.779 29.834 29.864 29.897 29.974 30.039 30.087 30.179 30.212 30.227 30.269 30.312 30.347 30.427 30.459 30.484 30.504 30.572 30.604 30.632 30.622 30.657 30.667 30.694 30.672 30.662 30.667 30.664 30.697 30.722 30.759 30.772 30.779 30.744 30.774 30.829 30.857 30.857 30.847 30.837 30.857 30.839 30.842 30.827 30.814 30.844 30.874 30.884 30.892 30.884 30.912 30.912 30.944 30.942 30.929
-9999 -9999 -9999 -9999 -9999 -9999 -9999 -9999 -9999 -9999 -9999 29.597 29.614 29.667 29.694 29.712 29.764 29.797 29.822 29.884 29.894 29.954 30.032 30.097 30.154 30.197 30.247 30.272 30.307 30.329 30.407 30.457 30.519 30.539 30.552 30.607 30.657 30.684 30.687 30.699 30.702 30.717 30.722 30.722 30.714 30.739 30.757 30.827 30.824 30.832 30.824 30.804 30.849 30.904 30.939 30.909 30.907 30.912 30.902 30.904 30.914 30.902 30.902 30.912 30.937 30.957 30.949 30.949 31.004 31.002 31.004 30.994 30.964
-9999 -9999 -9999 -9999 -9999 -9999 -9999 -9999 -9999 -9999 -9999 29.644 29.677 29.719 29.729 29.774 29.819 29.852 29.897 29.909 29.937 30.012 30.097 30.139 30.184 30.257 30.309 30.312 30.349 30.399 30.447 30.527 30.544 30.567 30.622 30.679 30.714 30.742 30.737 30.769 30.772 30.777 30.772 30.767 30.784 30.812 30.824 30.877 30.899 30.912 30.862 30.889 30.909 30.999 31.014 30.997 30.979 30.982 30.942 30.969 30.969 30.979 30.979 30.979 30.999 31.009 31.017 31.024 31.067 31.047 31.069 31.059 31.059
-9999 -9999 -9999 -9999 -9999 -9999 -9999 -9999 -9999 -9999 -9999 29.699 29.714 29.779 29.779 29.834 29.879 29.912 29.929 29.984 29.982 30.072 30.154 30.182 30.242 30.307 30.332 30.359 30.382 30.469 30.504 30.577 30.592 30.644 30.694 30.709 30.759 30.747 30.797 30.802 30.827 30.837 30.824 30.829 30.827 30.869 30.907 30.954 30.972 30.969 30.934 30.969 30.997 31.047 31.059 31.047 31.034 31.037 31.039 31.042 31.042 31.034 31.034 31.062 31.094 31.074 31.092 31.094 31.132 31.149 31.149 31.129 31.124
-9999 -9999 -9999 -9999 -9999 -9999 -9999 -9999 -9999 -9999 -9999 29.747 29.764 29.807 29.839 29.864 29.912 29.957 29.994 30.019 30.039 30.142 30.202 30.264 30.304 30.327 30.364 30.414 30.454 30.499 30.552 30.609 30.629 30.689 30.747 30.772 30.807 30.834 30.814 30.869 30.869 30.882 30.862 30.877 30.909 30.929 30.959 31.019 31.032 31.017 31.002 31.029 31.064 31.112 31.109 31.127 31.127 31.092 31.109 31.109 31.119 31.107 31.119 31.154 31.159 31.159 31.154 31.182 31.204 31.222 31.199 31.182 31.179
-9999 -9999 -9999 -9999 -9999 -9999 -9999 -9999 -9999 -9999 -9999 29.802 29.837 29.872 29.909 29.922 29.979 30.017 30.052 30.064 30.107 30.212 30.242 30.294 30.364 30.382 30.422 30.447 30.512 30.567 30.604 30.652 30.702 30.752 30.827 30.849 30.864 30.864 30.892 30.924 30.914 30.907 30.902 30.934 30.964 30.972 31.017 31.064 31.069 31.057 31.047 31.102 31.144 31.179 31.174 31.197 31.189 31.182 31.174 31.202 31.189 31.189 31.182 31.212 31.244 31.232 31.222 31.264 31.292 31.297 31.292 31.277 31.257
-9999 -9999 -9999 -9999 -9999 -9999 -9999 -9999 -9999 -9999 -9999 29.877 29.897 29.924 29.952 29.994 30.037 30.079 30.124 30.119 30.194 30.264 30.297 30.364 30.409 30.437 30.452 30.517 30.557 30.622 30.669 30.727 30.752 30.802 30.859 30.892 30.922 30.899 30.962 30.964 30.952 30.982 30.967 30.989 31.024 31.039 31.087 31.129 31.129 31.082 31.139 31.177 31.207 31.222 31.237 31.237 31.237 31.232 31.244 31.254 31.252 31.257 31.267 31.292 31.297 31.259 31.319 31.329 31.344 31.359 31.349 31.324 31.324
-9999 -9999 -9999 -9999 -9999 -9999 -9999 -9999 -9999 -9999 -9999 29.909 29.939 29.977 29.999 30.057 30.097 30.129 30.174 30.169 30.282 30.317 30.357 30.417 30.469 30.494 30.522 30.557 30.594 30.679 30.744 30.759 30.814 30.857 30.929 30.959 30.979 30.977 31.014 31.014 31.012 31.029 31.029 31.047 31.087 31.104 31.174 31.187 31.179 31.124 31.212 31.237 31.279 31.287 31.272 31.319 31.302 31.297 31.304 31.304 31.317 31.317 31.337 31.357 31.377 31.354 31.377 31.409 31.427 31.422 31.419 31.404 31.387
-9999 -9999 -9999 -9999 -9999 -9999 -9999 -9999 -9999 -9999 -9999 29.974 29.987 30.024 30.069 30.102 30.137 30.172 30.222 30.232 30.334 30.362 30.437 30.499 30.507 30.547 30.567 30.609 30.667 30.739 30.789 30.824 30.872 30.924 30.979 31.004 31.019 31.067 31.069 31.072 31.087 31.094 31.102 31.132 31.157 31.184 31.219 31.242 31.214 31.199 31.269 31.312 31.342 31.342 31.349 31.364 31.372 31.374 31.382 31.377 31.399 31.404 31.404 31.434 31.439 31.422 31.484 31.489 31.494 31.494 31.477 31.472 31.447
-9999 -9999 -9999 -9999 -9999 -9999 -9999 -9999 -9999 -9999 -9999 30.014 30.032 30.052 30.097 30.142 30.179 30.227 30.249 30.292 30.382 30.412 30.484 30.544 30.582 30.599 30.617 30.659 30.722 30.779 30.824 30.857 30.924 31.002 31.054 31.072 31.092 31.079 31.112 31.112 31.114 31.124 31.149 31.182 31.224 31.254 31.304 31.307 31.294 31.284 31.327 31.382 31.412 31.397 31.419 31.429 31.432 31.434 31.437 31.449 31.469 31.462 31.477 31.519 31.499 31.507 31.552 31.577 31.569 31.559 31.547 31.547 31.504
-9999 -9999 -9999 -9999 -9999 -9999 -9999 -9999 -9999 -9999 -9999 30.052 30.084 30.089 30.142 30.192 30.219 30.269 30.292 30.359 30.432 30.487 30.544 30.579 30.602 30.637 30.644 30.714 30.772 30.819 30.872 30.929 30.967 31.067 31.084 31.119 31.154 31.164 31.194 31.164 31.187 31.177 31.199 31.222 31.284 31.329 31.342 31.352 31.319 31.359 31.412 31.444 31.477 31.469 31.477 31.479 31.487 31.482 31.514 31.514 31.524 31.532 31.564 31.574 31.569 31.599 31.617 31.644 31.657 31.622 31.637 31.617 31.599
-9999 -9999 -9999 -9999 -9999 -9999 -9999 -9999 -9999 -9999 -9999 30.059 30.087 30.117 30.182 30.224 30.272 30.319 30.322 30.424 30.492 30.527 30.607 30.634 30.654 30.684 30.697 30.757 30.804 30.847 30.909 30.974 31.029 31.087 31.119 31.154 31.197 31.214 31.232 31.207 31.227 31.237 31.247 31.292 31.354 31.357 31.392 31.394 31.377 31.437 31.464 31.497 31.499 31.524 31.534 31.549 31.547 31.567 31.569 31.572 31.584 31.604 31.637 31.632 31.647 31.657 31.707 31.712 31.717 31.682 31.687 31.664 31.677
-9999 -9999 -9999 -9999 -9999 -9999 -9999 -9999 -9999 -9999 -9999 30.107 30.134 30.172 30.217 30.249 30.319 30.342 30.372 30.477 30.542 30.567 30.637 30.702 30.687 30.714 30.742 30.807 30.864 30.924 30.939 31.012 31.087 31.142 31.162 31.214 31.249 31.264 31.252 31.272 31.284 31.287 31.309 31.337 31.384 31.417 31.452 31.429 31.439 31.489 31.534 31.564 31.549 31.574 31.592 31.584 31.597 31.614 31.622 31.654 31.662 31.674 31.717 31.714 31.714 31.764 31.789 31.784 31.792 31.774 31.752 31.734 31.734
-9999 -9999 -9999 -9999 -9999 -9999 -9999 -9999 -9999 -9999 -9999 30.139 30.179 30.194 30.262 30.307 30.344 30.377 30.437 30.507 30.569 30.624 30.704 30.714 30.739 30.762 30.792 30.847 30.899 30.944 31.004 31.057 31.162 31.184 31.247 31.269 31.294 31.287 31.329 31.332 31.322 31.344 31.364 31.404 31.429 31.502 31.487 31.477 31.487 31.552 31.594 31.637 31.637 31.637 31.654 31.667 31.649 31.699 31.677 31.704 31.719 31.754 31.789 31.774 31.782 31.817 31.844 31.852 31.857 31.824 31.774 31.812 31.792
-9999 -9999 -9999 -9999 -9999 -9999 -9999 -9999 -9999 -9999 -9999 30.174 30.217 30.262 30.294 30.357 30.394 30.417 30.462 30.569 30.642 30.699 30.747 30.777 30.764 30.817 30.842 30.902 30.977 30.997 31.062 31.134 31.209 31.239 31.292 31.314 31.357 31.342 31.364 31.379 31.387 31.399 31.429 31.492 31.512 31.527 31.549 31.527 31.547 31.639 31.652 31.684 31.682 31.662 31.714 31.732 31.714 31.747 31.757 31.767 31.787 31.834 31.844 31.837 31.849 31.892 31.924 31.942 31.899 31.869 31.837 31.874 31.862
-9999 -9999 -9999 -9999 -9999 -9999 -9999 -9999 -9999 -9999 -9999 30.237 30.252 30.307 30.349 30.397 30.439 30.467 30.554 30.632 30.704 30.747 30.787 30.827 30.832 30.857 30.914 30.957 31.019 31.069 31.129 31.199 31.259 31.294 31.334 31.392 31.397 31.417 31.429 31.414 31.439 31.469 31.494 31.522 31.582 31.574 31.572 31.579 31.642 31.689 31.732 31.739 31.754 31.764 31.779 31.744 31.769 31.809 31.827 31.847 31.862 31.907 31.904 31.929 31.957 31.952 31.974 32.004 31.972 31.947 31.972 31.934 31.964
-9999 -9999 -9999 -9999 -9999 -9999 -9999 -9999 -9999 -9999 -9999 30.277 30.314 30.359 30.402 30.449 30.462 30.517 30.604 30.674 30.719 30.787 30.829 30.852 30.904 30.927 30.967 31.027 31.094 31.139 31.197 31.264 31.317 31.377 31.407 31.454 31.429 31.449 31.482 31.484 31.484 31.527 31.552 31.587 31.639 31.657 31.622 31.617 31.692 31.764 31.792 31.784 31.799 31.822 31.829 31.839 31.824 31.879 31.917 31.904 31.934 31.972 31.972 32.012 32.029 32.072 32.059 32.072 32.054 32.067 32.042 32.037 32.057
