All_lidar/sz5792_DSM_2M.asc
ncols 500
nrows 500
xllcorner    457000
yllcorner    92000
cellsize     2
NODATA_value -9999
[rows 128 to 159 of 500, columns 213 to 283 of 500]
24.991 21.809 21.961 22.989 24.346 23.029 23.221 25.501 25.526 24.944 23.451 21.926 21.689 21.684 21.641 21.539 32.144 34.106 34.564 33.616 30.134 26.164 25.129 23.729 22.309 21.951 21.299 21.259 22.691 23.296 22.714 22.339 22.239 22.239 22.116 22.199 22.699 22.919 21.651 21.589 22.691 22.136 21.711 22.009 22.244 22.449 22.796 24.609 26.296 26.871 24.936 23.421 21.426 20.986 20.974 21.156 23.294 22.709 21.739 21.936 21.911 20.994 20.771 20.924 21.911 20.384 20.276 20.174 20.069 19.966 19.831
26.189 22.989 22.041 22.024 25.824 24.831 24.299 22.784 25.534 23.759 21.794 21.704 21.664 21.654 21.614 21.789 24.964 29.181 29.239 30.109 28.581 27.041 24.856 22.619 22.539 23.001 21.351 21.289 21.561 22.711 23.166 23.291 22.861 22.486 22.516 22.776 22.829 22.486 21.551 22.029 22.421 22.214 22.771 23.936 24.771 24.669 23.954 23.294 22.801 23.714 22.694 22.299 21.481 21.036 21.024 21.844 23.994 23.144 21.529 21.714 21.339 20.939 21.116 20.914 20.979 20.381 20.294 20.201 20.109 19.991 19.881
29.109 30.139 24.376 22.821 22.734 25.491 21.711 21.789 22.124 22.711 21.691 21.699 21.771 21.819 21.661 21.824 22.611 25.686 26.776 29.779 29.006 27.529 24.279 22.259 22.804 23.601 21.341 21.394 21.454 21.554 21.819 22.154 22.676 23.231 23.111 23.131 22.196 21.691 21.591 22.366 22.609 22.756 23.106 23.474 23.921 23.691 24.274 21.881 22.379 21.966 22.724 22.424 22.399 21.564 21.144 22.956 24.811 23.584 20.979 23.154 20.646 22.034 22.284 21.534 20.494 20.426 20.334 20.256 20.149 20.056 19.929
30.241 29.809 31.066 27.911 26.649 21.984 21.726 21.639 22.166 23.261 22.576 22.979 24.224 23.426 23.871 23.796 24.866 24.216 26.791 29.581 27.369 26.626 24.466 23.114 23.829 21.964 21.459 21.506 21.566 21.551 21.541 21.911 23.514 24.796 25.144 21.969 21.766 21.694 22.254 22.484 22.604 22.459 23.786 23.924 21.819 23.184 23.786 24.469 25.014 25.366 24.064 23.141 23.526 22.471 21.366 23.679 25.159 24.049 20.911 22.384 20.619 22.026 22.236 21.594 20.571 20.464 20.401 20.334 20.221 20.131 19.999
31.156 29.431 31.076 30.419 25.701 21.921 21.664 21.739 22.099 25.859 26.699 30.344 29.926 29.034 26.056 24.736 26.186 25.981 26.019 30.261 24.976 23.934 23.009 22.294 21.666 21.559 21.614 21.571 21.616 21.799 22.789 26.361 29.549 29.906 26.749 24.139 21.779 21.754 21.836 22.296 23.931 23.401 25.974 25.651 25.009 22.714 22.439 23.994 25.701 26.736 22.956 22.724 23.984 22.991 21.516 21.979 24.251 22.219 21.949 20.629 20.586 20.639 21.006 23.429 20.609 21.349 20.931 21.244 20.279 20.159 20.061
30.321 30.594 29.271 27.404 25.646 24.176 21.789 21.776 22.149 24.416 28.376 29.954 28.509 25.214 26.959 25.456 26.111 27.799 28.746 29.196 25.339 23.266 22.834 21.656 21.641 22.359 23.261 23.434 23.194 24.621 27.054 30.111 30.991 31.024 29.304 26.026 23.584 21.836 21.856 23.876 21.931 23.434 24.124 24.986 25.644 27.239 25.589 24.601 24.326 25.014 21.704 21.674 23.104 23.896 23.316 22.776 22.951 23.026 22.329 20.696 21.236 21.274 24.896 23.649 21.014 23.916 24.319 23.896 21.009 20.191 20.084
30.661 32.094 29.749 29.001 27.476 26.654 22.836 22.436 26.274 26.819 28.409 30.294 26.644 29.256 28.569 24.904 27.691 28.406 29.174 26.251 23.426 23.209 22.111 22.079 23.711 24.154 23.624 23.181 23.151 25.029 28.549 32.246 31.506 31.834 31.094 29.099 24.176 21.869 22.589 26.411 23.561 21.936 21.944 22.476 23.344 27.969 26.764 24.111 24.441 25.021 22.586 22.324 22.939 23.766 23.709 22.889 23.101 22.434 22.124 20.706 21.191 21.931 22.689 22.131 21.131 23.681 24.586 23.921 21.806 20.241 20.156
31.701 32.671 34.141 30.926 26.014 29.344 27.996 29.074 32.936 29.841 27.649 28.174 28.159 28.421 26.779 25.876 30.386 27.146 26.071 23.524 23.264 21.891 22.096 23.846 23.741 22.911 22.291 22.154 22.146 22.409 26.864 31.061 31.951 31.626 30.499 29.916 25.701 22.229 21.994 22.789 23.451 22.539 22.004 21.954 21.969 22.726 22.996 22.271 23.521 24.276 22.281 22.109 23.281 24.561 24.189 23.019 23.196 22.444 21.071 20.874 21.724 21.819 22.354 22.064 21.754 22.176 23.054 22.851 21.511 20.336 20.249
31.709 32.009 33.449 29.369 31.991 34.266 30.834 27.591 33.796 31.384 29.221 27.881 26.401 26.026 27.134 28.001 28.579 24.691 23.034 23.554 21.921 22.031 23.729 23.371 22.356 22.761 22.661 21.916 21.921 21.971 24.996 28.454 30.144 30.464 30.589 28.556 27.706 25.104 23.016 23.446 24.034 22.259 21.956 21.946 21.959 21.949 21.986 21.974 21.969 21.934 21.946 21.949 24.019 25.646 25.661 25.219 23.014 23.076 21.931 21.089 22.599 22.116 22.369 21.834 21.726 22.381 21.074 20.641 20.476 20.956 20.446
31.319 30.799 27.114 26.279 30.776 29.656 28.321 25.481 32.669 34.511 34.119 27.971 24.149 27.071 29.084 30.826 24.436 22.804 23.201 22.089 21.901 23.416 24.539 22.626 22.316 24.906 22.596 21.834 21.839 22.039 22.214 24.574 25.381 28.121 22.804 24.366 29.381 29.966 27.161 22.444 24.111 22.009 21.946 21.949 21.956 22.309 21.961 21.969 21.961 21.971 21.971 21.991 22.104 23.454 24.329 23.996 21.999 22.599 23.176 21.966 21.736 22.079 21.849 21.559 21.794 22.444 21.011 20.659 21.826 24.081 22.631
31.089 28.486 27.494 27.504 29.124 30.299 28.619 25.201 30.959 34.899 34.779 27.469 23.999 27.451 27.326 26.394 23.544 23.369 22.756 21.981 22.409 23.874 25.919 24.371 24.729 26.384 27.416 23.624 22.894 22.261 22.606 22.866 22.859 22.389 21.861 21.904 26.281 28.586 25.439 22.256 23.629 23.366 21.976 21.986 21.996 22.246 22.104 21.984 22.019 22.016 22.054 22.464 23.041 23.054 22.179 22.186 22.031 23.244 23.566 23.116 22.884 22.444 21.716 21.729 21.841 21.241 20.936 20.721 22.779 24.066 22.044
28.484 26.101 25.646 28.526 28.189 30.749 26.771 24.366 28.071 29.019 31.314 25.901 26.079 26.561 27.136 26.614 23.164 22.666 22.001 22.136 23.194 23.326 27.139 27.501 26.786 27.859 28.446 27.794 28.039 26.351 24.756 24.126 22.349 22.389 22.296 21.989 26.101 30.239 29.684 23.299 23.699 22.476 22.024 22.009 21.981 22.044 22.031 22.029 22.034 22.099 22.114 24.181 26.026 26.184 25.186 24.009 22.104 22.161 22.461 22.191 22.764 22.324 21.451 21.439 23.056 21.196 20.789 20.674 21.314 20.824 20.629
25.556 23.731 23.931 25.544 27.006 29.234 28.564 25.786 26.769 22.461 24.241 26.149 25.814 24.899 26.226 25.039 22.326 22.071 22.116 24.004 24.414 25.276 29.389 29.786 28.539 28.684 28.239 28.626 28.399 26.491 24.776 24.304 22.676 21.914 21.906 21.924 23.519 29.339 30.101 22.156 22.504 23.384 22.231 22.069 22.046 22.054 22.066 22.071 22.106 22.159 22.584 25.031 27.259 28.484 26.349 23.746 22.186 22.111 22.009 22.009 22.641 22.249 22.589 21.659 22.931 21.266 20.824 20.684 20.624 20.544 20.524
24.421 23.094 26.141 26.651 28.001 28.586 28.666 28.506 27.591 23.606 23.356 24.689 23.974 23.634 26.306 22.341 22.034 22.089 22.411 24.149 24.556 27.016 28.761 30.324 29.574 29.586 29.499 29.581 29.134 25.976 24.791 24.731 24.279 23.789 22.774 21.941 22.766 27.666 28.174 27.241 25.281 23.461 22.209 22.161 22.139 22.101 22.139 22.089 22.126 22.186 23.204 26.424 27.441 27.494 26.009 22.869 22.189 22.111 22.074 22.604 23.211 23.946 24.171 22.021 21.426 21.001 20.854 20.726 20.699 20.644 20.564
22.639 22.059 26.301 27.974 27.749 29.251 29.371 30.334 28.746 29.706 25.456 22.899 23.141 29.684 27.659 24.199 22.051 22.131 22.471 23.174 22.716 25.831 27.486 28.704 28.741 28.416 28.476 28.884 28.976 25.251 24.804 24.746 25.261 25.076 23.301 21.991 22.039 25.531 29.666 25.371 24.951 23.479 23.331 22.191 22.174 22.191 22.229 22.209 22.146 22.219 24.504 26.516 27.676 27.419 25.181 22.324 22.211 22.154 22.099 22.071 22.171 23.816 25.879 23.256 22.999 22.816 25.214 21.056 21.009 20.644 20.599
22.176 21.946 22.189 24.581 25.474 24.434 24.511 24.066 26.626 24.636 22.736 22.126 22.061 25.801 25.286 22.584 22.799 23.311 22.216 22.159 22.579 25.289 27.859 28.661 26.859 25.389 26.249 27.394 25.939 24.296 24.694 24.784 25.209 24.859 22.454 22.051 22.064 22.779 30.816 28.689 28.221 23.186 22.904 22.291 22.249 22.291 22.326 23.209 25.099 24.646 25.199 26.819 27.826 27.056 24.109 22.349 22.314 22.221 22.171 22.111 22.046 22.066 24.599 24.741 21.641 26.294 29.816 22.964 22.311 20.604 20.569
23.559 26.899 26.684 23.026 21.981 21.999 22.334 22.921 22.854 22.164 22.811 22.811 22.029 21.994 23.139 23.779 24.104 23.579 22.249 22.114 23.686 25.831 28.354 28.381 24.616 23.859 24.179 24.581 22.574 21.946 21.971 22.059 23.361 23.571 22.039 22.079 23.321 22.914 28.914 30.121 23.854 23.021 23.299 22.346 22.359 22.354 22.344 24.366 26.429 26.824 26.641 27.011 27.841 26.519 24.044 22.344 22.246 22.274 22.216 22.169 22.116 22.069 22.909 22.984 23.441 23.279 23.236 21.444 21.341 20.589 20.681
32.079 33.741 35.239 22.009 22.114 22.154 22.079 22.066 22.151 22.199 22.134 22.079 22.086 23.226 25.109 24.964 24.149 23.834 22.251 22.051 23.739 27.351 28.599 27.726 23.796 22.199 22.234 22.259 21.946 21.981 21.996 22.034 22.059 22.061 22.094 22.071 24.104 22.279 26.884 32.954 28.409 22.939 23.914 24.324 23.701 23.376 23.271 24.714 25.319 25.931 26.314 26.644 27.061 25.641 22.734 22.476 23.141 22.384 22.281 22.226 22.551 23.264 22.039 22.439 23.604 25.684 23.114 22.139 21.176 20.741 21.551
26.211 28.156 30.639 22.506 22.584 22.816 22.529 22.049 22.144 22.184 22.114 22.171 23.544 26.459 28.376 27.746 25.139 24.386 22.716 22.124 22.319 24.994 27.149 25.254 22.189 21.994 21.954 22.919 23.014 21.981 22.019 22.071 22.109 22.114 22.106 22.146 22.171 22.191 25.511 30.486 27.104 24.604 23.551 24.019 24.394 24.551 24.681 24.454 23.761 24.124 24.144 24.501 25.339 25.221 24.081 27.004 26.591 23.799 22.464 22.194 22.069 22.066 21.864 21.739 22.134 22.679 22.086 21.274 21.006 21.364 21.016
22.464 23.261 28.131 22.814 22.854 23.431 23.826 22.114 22.159 22.121 22.481 22.429 25.089 27.996 28.949 27.306 24.734 24.264 22.756 22.294 22.221 22.264 23.394 22.431 22.091 22.109 22.059 23.899 22.806 21.981 22.046 22.106 22.144 22.159 22.166 22.181 22.224 22.234 22.531 29.281 27.186 22.704 23.904 22.719 24.321 24.651 24.541 23.464 23.919 24.329 24.154 23.109 23.184 23.664 26.854 29.029 29.204 27.994 25.391 22.114 22.006 21.891 21.759 21.641 21.459 21.866 23.341 23.624 23.869 21.511 20.764
23.079 22.754 22.691 23.206 23.019 23.279 22.739 22.171 22.146 22.116 22.846 22.941 25.359 28.846 28.871 26.559 23.754 22.899 24.326 22.751 22.661 22.456 24.189 22.691 22.164 22.311 22.131 23.926 23.084 22.034 22.104 22.139 22.159 22.181 22.179 22.201 22.229 22.229 22.519 27.344 27.751 23.426 22.754 23.339 23.976 24.529 24.424 23.174 24.484 24.976 24.254 22.906 23.071 23.966 23.851 26.661 28.259 28.104 23.864 22.041 21.911 21.779 21.641 21.471 21.514 25.184 28.854 28.924 28.321 26.051 21.571
25.521 23.769 22.734 23.454 24.026 23.221 22.394 22.171 22.146 22.189 22.484 22.886 26.419 28.414 28.429 25.409 22.941 22.819 24.936 24.714 24.566 23.539 25.054 23.411 22.199 22.189 22.136 24.539 22.436 22.081 22.131 22.159 22.179 22.201 22.191 22.184 22.239 22.229 22.569 25.176 25.969 23.356 22.769 23.556 22.719 23.169 23.826 24.309 26.086 27.119 28.231 26.299 23.534 22.691 22.274 22.381 25.899 25.859 22.469 21.946 21.844 21.699 21.551 21.356 25.404 30.834 31.901 31.811 32.166 31.106 25.494
25.451 23.034 22.814 23.811 23.666 22.726 22.159 22.171 22.146 22.354 23.576 23.184 22.906 24.604 25.674 24.784 23.999 24.166 25.024 25.089 25.131 25.111 24.366 23.219 22.154 22.141 22.759 25.186 22.349 22.064 22.556 22.286 22.214 22.216 22.211 22.209 22.226 22.254 24.171 27.806 25.099 22.839 23.046 23.406 23.289 22.566 22.526 23.084 27.754 29.134 29.401 28.444 25.881 22.849 22.261 23.056 23.709 22.136 21.986 21.939 21.866 21.724 21.511 23.244 30.234 32.001 32.939 33.184 32.324 31.221 25.931
22.631 22.729 23.564 24.759 23.666 22.316 22.181 22.161 23.179 23.614 24.426 23.869 24.079 24.989 24.951 24.736 24.529 24.829 25.059 25.379 25.469 25.044 23.226 22.604 23.011 22.184 22.211 23.611 22.169 22.096 24.171 24.986 22.379 22.199 22.206 22.181 22.194 22.234 23.016 24.131 24.464 23.401 23.001 23.331 24.316 22.801 22.509 22.436 25.146 29.129 28.954 27.616 25.626 22.891 22.396 23.249 22.514 22.096 22.006 22.064 24.704 23.411 24.339 29.569 32.979 32.976 32.639 33.409 32.379 31.186 25.619
22.796 23.194 23.826 23.881 23.186 22.276 22.634 24.334 25.601 25.186 23.886 24.441 25.869 26.356 25.429 25.051 23.856 24.191 24.384 25.946 26.426 24.659 22.599 22.584 22.814 22.294 22.171 22.019 22.081 22.369 24.611 24.886 22.654 22.159 22.206 22.156 22.164 22.179 22.731 25.209 27.741 24.336 22.779 23.866 23.309 23.459 23.661 22.431 23.421 25.406 25.951 25.054 23.671 22.971 23.021 23.689 22.231 22.314 24.156 24.074 30.919 30.181 34.641 38.506 37.346 36.356 36.399 35.289 32.031 30.391 24.159
22.851 23.151 23.461 23.116 22.314 22.621 23.901 25.001 25.104 23.471 22.739 25.561 27.461 27.904 27.466 25.709 23.069 22.654 23.136 24.036 25.861 24.806 25.499 23.771 23.066 23.329 22.314 22.176 22.116 22.159 22.366 22.584 22.249 22.169 22.144 22.106 22.109 22.174 22.406 26.739 28.514 23.189 23.099 24.424 24.244 24.834 24.769 24.101 23.264 24.571 24.529 23.729 23.471 23.239 24.359 24.196 22.161 23.731 30.269 31.896 31.746 29.629 38.209 39.329 38.344 38.571 38.044 33.904 30.836 26.499 21.429
24.234 24.859 23.444 22.489 22.224 22.366 23.984 24.484 23.239 22.586 22.639 26.066 28.516 28.146 27.701 25.799 22.694 22.569 22.561 22.756 23.234 23.119 26.611 26.144 25.531 25.389 23.216 22.434 23.104 22.231 22.254 22.349 22.304 22.226 22.151 22.124 22.116 22.166 22.259 26.276 28.716 26.809 23.036 23.561 23.076 23.294 24.161 23.811 23.969 24.656 23.819 23.849 24.764 24.829 23.081 22.711 22.161 24.026 32.036 32.386 27.559 33.461 39.856 38.894 38.951 40.071 39.734 34.629 27.571 20.964 20.381
24.501 24.959 23.061 22.216 22.201 22.181 23.269 23.029 22.574 22.576 22.789 27.246 29.464 29.186 28.841 24.881 22.991 23.379 23.604 23.211 23.131 22.554 22.554 23.374 25.349 26.131 25.039 22.856 23.761 23.391 22.454 22.326 22.366 22.294 22.184 22.156 22.151 22.191 22.396 26.676 28.539 25.264 23.231 22.584 22.294 22.201 22.214 22.701 22.496 24.131 24.224 24.024 24.296 24.881 25.679 25.416 22.976 22.409 26.429 27.569 28.584 38.181 39.036 37.984 37.956 40.171 39.844 38.151 29.974 25.459 20.376
23.466 23.651 22.536 22.211 22.249 23.166 23.396 22.589 22.589 22.591 23.161 28.031 28.736 29.101 29.079 23.126 22.869 23.994 24.694 24.046 23.074 22.576 22.611 22.679 23.741 25.666 25.089 23.529 25.066 29.741 29.694 23.656 22.386 22.369 22.314 22.256 22.214 22.336 22.606 26.339 28.606 23.381 23.391 23.589 22.431 23.674 23.769 24.791 24.344 23.011 22.516 22.269 22.406 23.976 25.214 25.751 24.434 23.029 24.726 23.206 23.631 36.239 38.874 37.674 37.729 38.984 39.506 38.484 36.384 30.414 23.051
23.794 23.166 22.234 22.229 24.476 25.359 25.589 23.369 22.611 22.581 24.301 26.864 27.466 27.981 26.104 22.794 22.636 22.601 22.604 23.466 22.969 22.596 22.634 23.421 23.096 23.884 23.326 27.086 30.034 33.881 33.839 28.884 22.414 22.394 22.369 22.374 22.314 22.684 22.789 28.139 27.239 22.766 23.049 23.284 23.484 25.506 25.804 25.979 25.596 24.224 23.109 25.024 24.011 22.556 23.949 24.789 25.226 25.009 24.891 24.246 24.541 28.716 29.866 34.259 37.484 38.456 39.651 39.764 38.734 36.761 24.481
23.361 22.629 22.241 22.229 24.449 26.374 27.636 23.781 24.724 24.186 25.141 25.854 26.141 26.444 23.426 22.729 22.611 22.554 22.576 23.699 24.656 22.611 22.691 24.366 23.574 23.104 27.849 30.651 33.499 35.396 35.114 31.951 24.351 22.404 22.369 22.349 22.446 22.876 23.181 27.611 25.561 22.736 22.766 25.646 27.109 27.469 27.511 27.276 27.289 26.569 25.326 26.264 26.109 23.096 22.476 24.109 24.686 25.331 24.991 24.051 22.499 24.159 23.819 25.469 35.886 36.654 38.751 38.516 38.929 37.621 27.491
22.811 22.296 22.236 22.271 22.884 25.514 23.249 25.399 24.629 25.969 24.814 24.824 25.314 25.071 22.626 22.594 22.634 23.474 24.559 23.094 24.401 25.069 23.019 24.694 25.824 25.876 30.216 30.936 33.651 35.114 34.651 32.994 26.886 22.849 22.426 22.424 22.626 22.986 24.131 28.129 27.096 22.766 23.621 25.731 27.869 27.871 27.844 27.771 27.386 24.041 25.559 26.036 24.784 22.959 22.796 24.256 24.331 24.814 26.054 23.124 22.569 22.179 21.859 22.191 31.446 33.984 36.521 36.801 37.851 35.951 28.354
