All_lidar/sz5786_DSM_2M.asc
ncols 500
nrows 500
xllcorner    457000
yllcorner    86000
cellsize     2
NODATA_value -9999
[rows 0 to 31 of 500, columns 216 to 287 of 500]
67.177 66.922 66.684 66.427 66.194 65.944 65.739 65.519 65.359 65.182 65.017 64.827 64.652 64.469 64.279 64.079 63.867 63.687 63.502 63.304 63.104 62.914 62.707 62.467 62.349 62.184 62.059 62.009 61.922 61.769 61.632 61.512 61.439 61.339 61.292 61.284 61.297 61.292 61.327 61.402 61.439 61.502 61.539 61.577 61.609 61.624 61.672 61.692 61.719 61.764 61.817 61.862 61.894 61.894 61.964 62.012 62.069 62.139 62.237 62.237 62.287 62.337 62.392 62.429 62.492 62.564 62.599 62.634 62.707 62.804 62.912 63.017
67.069 66.804 66.582 66.302 66.059 65.832 65.627 65.419 65.254 65.057 64.887 64.692 64.522 64.367 64.184 63.964 63.774 63.554 63.354 63.169 62.969 62.764 62.564 62.349 62.209 62.094 61.872 61.842 61.782 61.589 61.459 61.362 61.252 61.177 61.114 61.102 61.119 61.124 61.164 61.197 61.237 61.262 61.314 61.357 61.369 61.397 61.424 61.477 61.517 61.522 61.532 61.612 61.659 61.674 61.739 61.764 61.832 61.922 61.964 62.017 62.057 62.079 62.154 62.232 62.272 62.302 62.412 62.459 62.482 62.612 62.702 62.799
66.954 66.694 66.457 66.197 65.959 65.719 65.519 65.314 65.127 64.937 64.752 64.579 64.414 64.229 64.044 63.849 63.649 63.434 63.224 63.027 62.809 62.642 62.462 62.224 62.069 61.977 61.744 61.629 61.587 61.437 61.297 61.202 61.109 61.027 60.962 60.909 60.909 60.924 60.959 60.997 61.024 61.067 61.067 61.122 61.129 61.169 61.214 61.242 61.277 61.317 61.329 61.354 61.402 61.457 61.484 61.547 61.587 61.647 61.714 61.742 61.799 61.837 61.894 61.944 62.029 62.099 62.129 62.204 62.307 62.389 62.479 62.574
66.849 66.597 66.344 66.104 65.852 65.659 65.422 65.209 65.024 64.819 64.637 64.452 64.279 64.094 63.912 63.682 63.547 63.324 63.104 62.897 62.674 62.507 62.324 62.107 61.942 61.812 61.577 61.442 61.374 61.259 61.122 61.009 60.899 60.802 60.762 60.727 60.719 60.722 60.752 60.799 60.824 60.862 60.894 60.917 60.922 60.959 60.984 61.012 61.039 61.077 61.114 61.152 61.174 61.217 61.239 61.292 61.317 61.374 61.439 61.497 61.532 61.594 61.657 61.719 61.787 61.854 61.929 62.012 62.109 62.174 62.287 62.369
66.727 66.494 66.259 66.007 65.774 65.552 65.327 65.107 64.907 64.704 64.512 64.324 64.167 63.964 63.782 63.587 63.404 63.197 62.974 62.742 62.557 62.369 62.177 61.964 61.784 61.604 61.447 61.264 61.202 61.092 60.987 60.822 60.707 60.632 60.572 60.519 60.479 60.537 60.524 60.587 60.617 60.627 60.647 60.672 60.702 60.752 60.769 60.804 60.812 60.842 60.872 60.887 60.904 60.959 60.979 61.009 61.059 61.097 61.157 61.217 61.279 61.304 61.394 61.489 61.564 61.632 61.699 61.794 61.884 61.977 62.059 62.162
66.612 66.377 66.149 65.907 65.674 65.447 65.237 65.007 64.784 64.597 64.392 64.202 64.034 63.844 63.674 63.502 63.294 63.074 62.819 62.582 62.409 62.197 62.009 61.824 61.612 61.424 61.309 61.097 60.894 60.914 60.789 60.702 60.519 60.422 60.364 60.314 60.292 60.304 60.347 60.354 60.364 60.399 60.392 60.427 60.477 60.527 60.534 60.574 60.592 60.579 60.614 60.612 60.612 60.639 60.637 60.702 60.752 60.844 60.904 60.939 61.009 61.077 61.167 61.232 61.327 61.407 61.482 61.579 61.694 61.772 61.894 61.999
66.479 66.272 66.052 65.822 65.604 65.387 65.154 64.937 64.702 64.497 64.282 64.089 63.907 63.732 63.562 63.379 63.164 62.939 62.702 62.479 62.254 62.037 61.857 61.667 61.464 61.239 61.057 60.914 60.682 60.657 60.592 60.477 60.324 60.199 60.134 60.094 60.064 60.072 60.104 60.162 60.154 60.157 60.154 60.187 60.227 60.292 60.272 60.257 60.264 60.274 60.332 60.327 60.344 60.354 60.404 60.429 60.499 60.577 60.614 60.677 60.772 60.837 60.919 61.007 61.089 61.199 61.284 61.364 61.477 61.587 61.679 61.804
66.397 66.187 65.954 65.739 65.512 65.304 65.059 64.839 64.612 64.397 64.192 63.987 63.817 63.627 63.447 63.247 63.034 62.827 62.597 62.342 62.069 61.877 61.664 61.434 61.297 61.087 60.944 60.819 60.654 60.377 60.352 60.277 60.117 59.974 59.882 59.839 59.812 59.827 59.824 59.862 59.844 59.889 59.909 59.927 59.942 59.959 59.972 59.977 59.997 60.012 60.042 60.012 60.052 60.059 60.077 60.122 60.242 60.297 60.354 60.387 60.479 60.569 60.689 60.767 60.879 60.957 61.067 61.172 61.299 61.414 61.544 61.654
66.299 66.084 65.862 65.654 65.437 65.229 64.989 64.747 64.542 64.324 64.087 63.899 63.717 63.507 63.319 63.132 62.899 62.662 62.422 62.179 61.899 61.687 61.479 61.284 61.112 60.917 60.689 60.537 60.394 60.224 60.167 60.062 59.922 59.734 59.659 59.632 59.587 59.597 59.594 59.617 59.647 59.619 59.602 59.599 59.632 59.627 59.642 59.657 59.704 59.754 59.759 59.762 59.782 59.787 59.827 59.872 59.967 60.049 60.097 60.164 60.234 60.344 60.429 60.549 60.634 60.727 60.844 60.972 61.092 61.239 61.344 61.479
66.157 65.977 65.774 65.562 65.387 65.152 64.922 64.669 64.474 64.249 64.004 63.797 63.594 63.392 63.194 63.004 62.757 62.499 62.262 61.992 61.752 61.517 61.317 61.099 60.919 60.722 60.507 60.317 60.222 60.109 59.884 59.837 59.729 59.567 59.457 59.392 59.369 59.354 59.322 59.314 59.334 59.347 59.347 59.357 59.362 59.347 59.357 59.389 59.414 59.444 59.457 59.472 59.524 59.504 59.544 59.579 59.674 59.757 59.812 59.879 59.974 60.077 60.197 60.307 60.392 60.524 60.642 60.802 60.932 61.052 61.172 61.302
66.047 65.874 65.674 65.504 65.307 65.097 64.847 64.582 64.374 64.152 63.909 63.679 63.469 63.289 63.037 62.822 62.589 62.359 62.104 61.859 61.602 61.347 61.127 60.937 60.719 60.537 60.359 60.137 59.962 59.899 59.692 59.572 59.504 59.377 59.302 59.159 59.117 59.072 59.064 59.049 59.087 59.052 59.059 59.052 59.072 59.042 59.074 59.082 59.114 59.139 59.169 59.199 59.184 59.174 59.219 59.289 59.382 59.459 59.539 59.629 59.739 59.844 59.954 60.074 60.239 60.379 60.482 60.592 60.722 60.849 60.964 61.074
65.964 65.774 65.607 65.409 65.222 65.009 64.727 64.499 64.252 64.004 63.777 63.542 63.317 63.107 62.879 62.669 62.419 62.187 61.912 61.669 61.419 61.152 60.929 60.732 60.512 60.357 60.192 59.987 59.767 59.707 59.742 59.352 59.292 59.187 59.094 58.954 58.884 58.842 58.819 58.822 58.774 58.792 58.829 58.814 58.767 58.769 58.764 58.824 58.824 58.859 58.864 58.859 58.877 58.892 58.937 59.002 59.094 59.209 59.279 59.372 59.487 59.622 59.737 59.839 59.994 60.142 60.289 60.402 60.517 60.642 60.757 60.889
65.864 65.672 65.507 65.314 65.119 64.889 64.632 64.387 64.119 63.877 63.647 63.392 63.164 62.949 62.724 62.499 62.249 61.994 61.747 61.477 61.214 60.979 60.739 60.527 60.334 60.172 59.989 59.799 59.597 59.449 59.597 59.212 59.069 58.969 58.864 58.754 58.649 58.569 58.534 58.527 58.517 58.527 58.539 58.504 58.469 58.484 58.484 58.512 58.569 58.564 58.564 58.564 58.599 58.622 58.654 58.722 58.819 58.939 59.007 59.097 59.252 59.357 59.517 59.662 59.792 59.934 60.072 60.199 60.337 60.449 60.587 60.697
65.784 65.617 65.432 65.224 65.042 64.787 64.507 64.254 63.997 63.744 63.482 63.262 63.009 62.777 62.552 62.317 62.069 61.809 61.567 61.314 61.039 60.787 60.557 60.337 60.157 59.962 59.787 59.592 59.429 59.199 59.202 59.069 58.827 58.774 58.657 58.539 58.422 58.332 58.294 58.282 58.269 58.257 58.247 58.242 58.224 58.247 58.224 58.222 58.247 58.247 58.239 58.249 58.259 58.299 58.364 58.444 58.549 58.669 58.759 58.834 59.022 59.149 59.299 59.449 59.582 59.734 59.844 60.002 60.094 60.219 60.309 60.454
65.729 65.532 65.332 65.127 64.914 64.627 64.384 64.122 63.859 63.622 63.374 63.122 62.834 62.582 62.349 62.127 61.884 61.632 61.414 61.134 60.844 60.627 60.379 60.167 59.964 59.769 59.579 59.419 59.227 59.027 58.907 58.972 58.629 58.509 58.424 58.297 58.214 58.112 58.067 58.039 58.014 57.989 57.979 57.974 57.939 57.947 57.934 57.942 57.944 57.952 57.942 57.934 57.999 58.014 58.104 58.199 58.274 58.384 58.462 58.609 58.794 58.939 59.089 59.239 59.372 59.519 59.649 59.814 59.884 60.019 60.084 60.227
65.634 65.397 65.177 64.969 64.724 64.457 64.224 63.962 63.719 63.474 63.209 62.952 62.667 62.432 62.177 61.957 61.707 61.484 61.222 60.954 60.672 60.452 60.222 59.987 59.772 59.612 59.427 59.212 59.054 58.839 58.629 58.744 58.512 58.272 58.202 58.092 57.994 57.894 57.829 57.797 57.782 57.749 57.744 57.702 57.677 57.682 57.647 57.632 57.647 57.649 57.657 57.654 57.669 57.749 57.809 57.942 58.022 58.134 58.254 58.394 58.577 58.732 58.892 59.044 59.182 59.314 59.427 59.587 59.674 59.804 59.917 60.047
65.467 65.267 65.022 64.789 64.557 64.339 64.079 63.829 63.552 63.299 63.039 62.769 62.499 62.257 61.999 61.739 61.504 61.269 61.032 60.787 60.547 60.267 60.057 59.792 59.574 59.404 59.239 59.072 58.869 58.669 58.447 58.314 58.302 58.084 57.974 57.862 57.782 57.724 57.617 57.589 57.547 57.502 57.464 57.419 57.409 57.414 57.372 57.379 57.397 57.379 57.367 57.409 57.432 57.444 57.529 57.652 57.777 57.924 58.059 58.192 58.364 58.547 58.712 58.877 59.002 59.134 59.244 59.372 59.464 59.589 59.692 59.814
65.299 65.077 64.842 64.617 64.414 64.162 63.937 63.664 63.399 63.147 62.914 62.627 62.347 62.082 61.847 61.569 61.339 61.094 60.864 60.637 60.384 60.119 59.884 59.637 59.414 59.229 59.067 58.859 58.682 58.482 58.282 58.102 58.039 57.904 57.714 57.682 57.607 57.527 57.457 57.392 57.329 57.289 57.252 57.189 57.177 57.164 57.144 57.154 57.112 57.132 57.117 57.134 57.172 57.237 57.299 57.414 57.552 57.649 57.812 58.004 58.169 58.372 58.557 58.674 58.807 58.942 59.047 59.147 59.274 59.387 59.507 59.652
65.092 64.904 64.689 64.472 64.242 63.999 63.757 63.494 63.247 62.977 62.722 62.447 62.189 61.907 61.649 61.392 61.164 60.929 60.702 60.462 60.219 59.962 59.734 59.482 59.264 59.049 58.854 58.682 58.499 58.302 58.084 57.919 57.774 57.719 57.497 57.457 57.387 57.329 57.257 57.179 57.114 57.057 56.994 56.934 56.944 56.917 56.919 56.879 56.887 56.862 56.864 56.884 56.919 56.964 57.047 57.169 57.284 57.469 57.619 57.777 57.972 58.182 58.327 58.492 58.599 58.752 58.849 58.957 59.089 59.207 59.349 59.497
64.937 64.752 64.534 64.294 64.074 63.829 63.587 63.327 63.054 62.807 62.547 62.279 62.007 61.727 61.497 61.219 60.977 60.769 60.519 60.284 60.082 59.862 59.609 59.354 59.114 58.897 58.674 58.532 58.307 58.129 57.914 57.777 57.564 57.522 57.332 57.232 57.197 57.124 57.089 56.992 56.949 56.892 56.824 56.764 56.717 56.692 56.689 56.634 56.612 56.609 56.604 56.622 56.667 56.739 56.812 56.947 57.089 57.237 57.384 57.574 57.779 57.989 58.169 58.302 58.439 58.559 58.669 58.809 58.909 59.022 59.174 59.294
64.744 64.539 64.322 64.112 63.879 63.639 63.387 63.137 62.884 62.624 62.374 62.074 61.834 61.554 61.334 61.084 60.837 60.602 60.359 60.167 59.969 59.714 59.457 59.229 58.974 58.734 58.524 58.334 58.144 57.959 57.807 57.617 57.439 57.272 57.202 56.984 56.959 56.922 56.827 56.772 56.737 56.694 56.627 56.554 56.487 56.447 56.397 56.384 56.349 56.324 56.354 56.362 56.402 56.462 56.554 56.704 56.839 56.972 57.162 57.337 57.564 57.764 57.969 58.092 58.219 58.332 58.477 58.599 58.712 58.817 58.994 59.157
64.559 64.357 64.152 63.914 63.682 63.439 63.194 62.939 62.709 62.457 62.184 61.917 61.672 61.429 61.174 60.929 60.714 60.477 60.257 60.064 59.862 59.579 59.352 59.097 58.844 58.604 58.379 58.177 57.969 57.769 57.632 57.442 57.259 57.094 57.017 56.857 56.714 56.724 56.639 56.589 56.519 56.467 56.399 56.322 56.252 56.204 56.154 56.112 56.077 56.057 56.072 56.082 56.142 56.214 56.314 56.454 56.569 56.724 56.917 57.127 57.319 57.519 57.697 57.864 58.022 58.117 58.259 58.382 58.539 58.689 58.832 59.012
64.324 64.129 63.937 63.712 63.457 63.247 63.019 62.749 62.544 62.284 62.014 61.779 61.539 61.287 61.037 60.797 60.567 60.367 60.124 59.937 59.734 59.474 59.219 58.964 58.734 58.489 58.234 58.022 57.812 57.622 57.452 57.304 57.144 56.967 56.844 56.729 56.539 56.504 56.427 56.374 56.297 56.242 56.167 56.079 56.022 55.947 55.899 55.857 55.807 55.794 55.779 55.812 55.857 55.937 56.052 56.187 56.324 56.502 56.677 56.839 57.089 57.269 57.497 57.652 57.764 57.894 58.074 58.202 58.349 58.494 58.657 58.847
64.089 63.904 63.699 63.497 63.274 63.044 62.817 62.602 62.359 62.122 61.869 61.622 61.374 61.149 60.909 60.687 60.467 60.252 60.012 59.812 59.574 59.314 59.074 58.829 58.589 58.344 58.077 57.859 57.664 57.499 57.362 57.169 57.007 56.787 56.584 56.509 56.339 56.249 56.212 56.147 56.117 56.017 55.949 55.867 55.827 55.744 55.634 55.572 55.514 55.502 55.467 55.507 55.549 55.659 55.779 55.909 56.064 56.224 56.404 56.629 56.837 57.022 57.247 57.387 57.559 57.709 57.844 57.997 58.167 58.324 58.527 58.699
63.879 63.667 63.482 63.269 63.079 62.859 62.637 62.424 62.189 61.942 61.714 61.489 61.252 61.002 60.784 60.584 60.339 60.122 59.914 59.667 59.429 59.194 58.964 58.709 58.467 58.219 57.939 57.709 57.559 57.377 57.207 57.039 56.829 56.614 56.434 56.317 56.164 56.009 55.997 55.904 55.889 55.804 55.729 55.639 55.542 55.459 55.349 55.289 55.242 55.229 55.169 55.174 55.252 55.334 55.479 55.584 55.757 55.949 56.147 56.369 56.567 56.794 56.987 57.144 57.334 57.492 57.669 57.792 57.962 58.144 58.314 58.537
63.634 63.419 63.252 63.079 62.882 62.682 62.482 62.249 62.029 61.784 61.562 61.344 61.079 60.869 60.654 60.432 60.212 59.994 59.774 59.547 59.319 59.072 58.834 58.594 58.317 58.057 57.834 57.622 57.447 57.262 57.132 56.934 56.732 56.534 56.389 56.227 56.047 55.814 55.764 55.709 55.642 55.559 55.462 55.377 55.297 55.214 55.082 54.977 54.919 54.899 54.872 54.887 54.909 55.022 55.149 55.307 55.484 55.662 55.882 56.107 56.339 56.549 56.719 56.882 57.049 57.262 57.452 57.584 57.779 57.964 58.122 58.352
63.409 63.232 63.064 62.892 62.722 62.517 62.287 62.094 61.877 61.644 61.422 61.184 60.994 60.747 60.534 60.347 60.132 59.884 59.662 59.402 59.157 58.914 58.707 58.439 58.194 57.959 57.744 57.539 57.344 57.219 57.044 56.894 56.782 56.669 56.367 56.324 56.012 55.679 55.519 55.469 55.429 55.324 55.214 55.122 55.012 54.917 54.809 54.712 54.647 54.587 54.564 54.564 54.622 54.707 54.837 55.012 55.182 55.397 55.607 55.837 56.069 56.282 56.467 56.654 56.839 57.024 57.194 57.364 57.557 57.732 57.952 58.167
63.187 63.032 62.844 62.694 62.524 62.347 62.144 61.934 61.712 61.469 61.242 61.054 60.864 60.642 60.422 60.202 59.972 59.742 59.527 59.277 59.009 58.799 58.572 58.327 58.089 57.864 57.652 57.437 57.294 57.147 57.024 56.947 56.954 56.937 56.279 56.537 55.764 55.452 55.314 55.204 55.162 55.072 54.967 54.824 54.727 54.664 54.559 54.457 54.369 54.299 54.249 54.257 54.314 54.419 54.537 54.699 54.899 55.129 55.374 55.627 55.842 56.052 56.257 56.447 56.644 56.804 56.977 57.137 57.324 57.527 57.729 57.932
62.994 62.834 62.697 62.504 62.342 62.142 61.969 61.762 61.549 61.327 61.129 60.929 60.734 60.534 60.277 60.087 59.844 59.619 59.364 59.152 58.894 58.669 58.437 58.217 57.969 57.779 57.604 57.402 57.342 57.232 57.114 56.934 56.642 56.422 55.927 56.137 55.392 55.344 55.099 54.979 54.899 54.852 54.729 54.579 54.477 54.422 54.269 54.199 54.084 54.019 53.984 53.937 54.012 54.102 54.277 54.442 54.647 54.844 55.102 55.374 55.604 55.832 56.044 56.254 56.427 56.584 56.767 56.952 57.137 57.342 57.544 57.767
62.779 62.624 62.457 62.289 62.157 61.982 61.809 61.619 61.377 61.194 61.024 60.797 60.584 60.392 60.172 59.949 59.707 59.454 59.237 58.989 58.769 58.552 58.339 58.117 57.894 57.722 57.504 57.349 57.289 57.224 57.019 56.467 56.114 55.829 56.342 56.667 55.047 55.704 54.939 54.727 54.624 54.569 54.497 54.367 54.217 54.122 54.022 53.907 53.809 53.729 53.654 53.654 53.719 53.819 53.967 54.177 54.412 54.627 54.867 55.167 55.412 55.652 55.862 56.042 56.247 56.419 56.587 56.749 56.962 57.147 57.342 57.562
62.552 62.429 62.274 62.127 61.982 61.814 61.642 61.432 61.237 61.082 60.862 60.654 60.449 60.257 60.024 59.799 59.569 59.327 59.097 58.847 58.632 58.442 58.224 58.029 57.842 57.639 57.504 57.422 57.329 56.959 56.437 56.082 56.409 56.002 56.604 55.977 54.952 56.052 54.929 54.497 54.292 54.294 54.189 54.079 53.944 53.849 53.722 53.617 53.527 53.437 53.384 53.377 53.447 53.562 53.722 53.954 54.139 54.397 54.662 54.949 55.182 55.454 55.664 55.894 56.059 56.237 56.409 56.602 56.799 56.999 57.182 57.414
62.357 62.209 62.102 61.949 61.829 61.654 61.464 61.284 61.117 60.904 60.727 60.529 60.307 60.089 59.854 59.654 59.434 59.187 58.967 58.729 58.537 58.347 58.174 57.992 57.784 57.682 57.597 57.399 56.939 56.459 56.174 56.127 56.542 55.557 55.867 56.277 54.792 54.349 55.662 54.802 54.037 54.017 53.907 53.804 53.672 53.589 53.447 53.322 53.212 53.112 53.087 53.064 53.187 53.287 53.444 53.649 53.872 54.157 54.434 54.712 54.974 55.239 55.472 55.682 55.887 56.037 56.229 56.417 56.614 56.774 56.999 57.259
