All_lidar/sz5785_DSM_2M.asc
ncols 500
nrows 500
xllcorner    457000
yllcorner    85000
cellsize     2
NODATA_value -9999
[rows 396 to 428 of 500, columns 370 to 443 of 500]
31.667 31.702 31.664 31.607 31.534 31.459 31.389 31.339 31.249 31.142 31.062 31.042 31.029 31.059 31.132 31.182 31.269 31.354 31.447 31.517 31.567 31.639 31.647 31.659 31.629 31.602 31.584 31.537 31.497 31.464 31.457 31.472 31.489 31.457 31.414 31.342 31.277 31.224 31.149 31.099 31.047 30.942 30.872 30.774 30.697 30.632 30.532 30.444 30.314 30.217 30.082 29.939 29.804 29.684 29.567 29.459 29.319 30.749 30.932 29.909 28.209 28.194 28.969 28.569 27.674 28.109 28.502 27.097 25.969 26.747 25.542 24.732 25.109 23.697
31.844 31.874 31.829 31.782 31.694 31.644 31.579 31.534 31.464 31.374 31.292 31.269 31.284 31.297 31.342 31.377 31.452 31.519 31.584 31.662 31.687 31.732 31.714 31.719 31.677 31.627 31.614 31.579 31.544 31.529 31.514 31.534 31.519 31.524 31.472 31.389 31.339 31.262 31.234 31.169 31.109 31.032 30.947 30.887 30.844 30.742 30.637 30.577 30.467 30.389 30.309 30.172 30.044 29.909 29.777 29.684 29.567 29.449 29.229 29.052 28.827 29.019 29.144 29.382 29.347 28.767 28.852 27.674 26.932 27.302 26.582 26.644 28.009 24.962
32.014 32.022 31.979 31.924 31.877 31.839 31.782 31.717 31.639 31.567 31.499 31.484 31.489 31.494 31.517 31.547 31.607 31.657 31.682 31.737 31.787 31.812 31.802 31.752 31.734 31.677 31.662 31.634 31.609 31.597 31.582 31.589 31.557 31.549 31.497 31.429 31.374 31.307 31.264 31.212 31.154 31.094 31.024 30.969 30.917 30.849 30.764 30.709 30.614 30.552 30.462 30.377 30.302 30.157 30.049 29.899 29.789 29.674 29.544 29.392 29.294 29.457 29.364 29.384 30.269 29.414 31.057 30.887 28.392 27.894 27.262 27.267 26.482 25.957
32.164 32.134 32.087 32.039 32.007 31.982 31.929 31.902 31.829 31.747 31.689 31.659 31.674 31.682 31.687 31.722 31.779 31.819 31.817 31.877 31.879 31.892 31.867 31.817 31.777 31.714 31.707 31.672 31.632 31.577 31.609 31.597 31.577 31.552 31.514 31.457 31.389 31.319 31.279 31.214 31.162 31.114 31.062 31.012 30.994 30.947 30.872 30.809 30.732 30.657 30.592 30.497 30.417 30.347 30.264 30.159 30.007 29.874 29.779 29.664 29.582 29.482 29.497 29.504 29.934 29.747 32.587 33.772 29.237 28.527 27.787 27.569 27.214 26.557
32.245 32.24 32.207 32.15 32.107 32.07 32.042 31.992 31.962 31.902 31.845 31.832 31.832 31.872 31.85 31.9 31.907 31.942 31.952 31.955 31.97 31.952 31.917 31.882 31.815 31.742 31.715 31.685 31.645 31.63 31.61 31.617 31.595 31.585 31.515 31.477 31.407 31.345 31.307 31.265 31.212 31.162 31.117 31.067 31.02 30.947 30.912 30.877 30.815 30.762 30.697 30.64 30.587 30.495 30.43 30.332 30.23 30.095 29.977 29.847 29.767 29.69 29.585 29.432 30.3 29.26 32.847 32.762 30.165 28.815 28.56 28.44 28.087 27.457
32.327 32.332 32.297 32.252 32.24 32.21 32.18 32.142 32.102 32.077 32.002 31.992 32.007 32.005 32.01 32.037 32.047 32.052 32.062 32.057 32.052 32.015 31.962 31.937 31.86 31.807 31.797 31.747 31.717 31.692 31.66 31.67 31.63 31.585 31.562 31.507 31.457 31.375 31.32 31.297 31.21 31.16 31.09 31.042 31.022 30.975 30.917 30.907 30.87 30.837 30.795 30.747 30.7 30.617 30.535 30.415 30.347 30.267 30.185 30.045 29.957 29.87 29.782 29.712 29.682 30.075 31.722 31.28 29.705 29.435 29.15 29.107 28.717 28.207
32.422 32.43 32.432 32.407 32.355 32.335 32.317 32.257 32.22 32.197 32.15 32.15 32.135 32.137 32.165 32.162 32.177 32.182 32.175 32.162 32.145 32.085 32.067 32.02 31.932 31.872 31.85 31.8 31.76 31.735 31.727 31.692 31.652 31.585 31.527 31.492 31.425 31.362 31.32 31.285 31.225 31.182 31.102 31.052 31.022 30.995 30.977 30.945 30.935 30.892 30.842 30.797 30.775 30.73 30.655 30.582 30.485 30.41 30.322 30.24 30.152 30.062 29.967 29.905 29.865 29.822 29.715 29.6 29.715 30.107 30.232 29.62 29.27 29.215
32.555 32.545 32.525 32.497 32.465 32.457 32.41 32.362 32.327 32.297 32.29 32.265 32.28 32.272 32.285 32.287 32.27 32.29 32.27 32.23 32.215 32.142 32.112 32.052 32.002 31.915 31.882 31.835 31.815 31.787 31.78 31.77 31.707 31.642 31.57 31.51 31.452 31.387 31.342 31.32 31.29 31.217 31.152 31.125 31.06 31.047 31.002 30.992 30.972 30.935 30.912 30.87 30.832 30.792 30.735 30.65 30.577 30.53 30.467 30.375 30.295 30.26 30.185 30.097 30.047 29.957 29.907 29.875 29.905 29.945 29.94 30.017 29.43 29.322
32.655 32.632 32.617 32.58 32.56 32.542 32.52 32.497 32.447 32.432 32.402 32.395 32.355 32.345 32.365 32.355 32.357 32.332 32.3 32.277 32.247 32.18 32.16 32.12 32.08 32.045 32.005 31.952 31.922 31.892 31.895 31.857 31.805 31.74 31.667 31.605 31.507 31.45 31.405 31.352 31.32 31.27 31.225 31.15 31.13 31.08 31.077 31.055 31.025 30.962 30.957 30.912 30.877 30.84 30.782 30.727 30.682 30.665 30.585 30.507 30.442 30.395 30.375 30.3 30.237 30.155 30.072 29.995 29.975 29.927 30.392 30.255 29.207 29.467
32.737 32.73 32.697 32.682 32.665 32.637 32.622 32.597 32.545 32.505 32.495 32.442 32.417 32.41 32.417 32.397 32.422 32.417 32.405 32.4 32.352 32.317 32.3 32.245 32.215 32.17 32.115 32.07 32.037 32.002 31.967 31.917 31.882 31.8 31.73 31.647 31.587 31.505 31.457 31.382 31.337 31.267 31.255 31.212 31.18 31.13 31.107 31.065 31.047 30.997 30.965 30.935 30.925 30.892 30.842 30.787 30.73 30.707 30.657 30.592 30.55 30.522 30.497 30.457 30.38 30.29 30.24 30.145 30.072 29.995 29.912 31.115 31.045 30.017
32.82 32.797 32.767 32.747 32.71 32.695 32.652 32.612 32.57 32.547 32.525 32.517 32.51 32.542 32.56 32.57 32.565 32.567 32.59 32.54 32.502 32.455 32.4 32.357 32.322 32.26 32.21 32.177 32.115 32.072 32.032 32 31.927 31.86 31.775 31.71 31.637 31.575 31.525 31.48 31.425 31.35 31.287 31.255 31.205 31.182 31.145 31.107 31.077 31.042 30.992 30.957 30.917 30.88 30.835 30.76 30.757 30.73 30.677 30.63 30.607 30.602 30.582 30.56 30.517 30.422 30.34 30.277 30.237 30.13 30.012 29.895 29.865 30.035
32.857 32.825 32.79 32.77 32.73 32.722 32.69 32.672 32.685 32.69 32.7 32.695 32.697 32.685 32.725 32.705 32.702 32.697 32.67 32.62 32.595 32.542 32.492 32.462 32.41 32.362 32.31 32.255 32.207 32.18 32.1 32.072 32.042 31.96 31.872 31.785 31.735 31.66 31.625 31.542 31.53 31.452 31.37 31.332 31.267 31.215 31.182 31.155 31.117 31.057 31.032 31.002 30.95 30.88 30.842 30.802 30.78 30.765 30.707 30.675 30.645 30.642 30.647 30.61 30.6 30.517 30.447 30.36 30.325 30.277 30.185 30.04 29.875 29.777
32.857 32.832 32.842 32.852 32.87 32.895 32.857 32.857 32.832 32.82 32.837 32.8 32.805 32.792 32.822 32.815 32.82 32.82 32.807 32.745 32.692 32.67 32.592 32.562 32.522 32.47 32.395 32.345 32.28 32.225 32.167 32.117 32.055 31.982 31.882 31.787 31.7 31.622 31.595 31.54 31.48 31.45 31.385 31.357 31.335 31.295 31.245 31.2 31.152 31.107 31.037 30.997 30.965 30.905 30.86 30.792 30.76 30.715 30.677 30.65 30.637 30.62 30.647 30.627 30.587 30.532 30.51 30.435 30.37 30.292 30.237 30.157 29.99 29.86
33 32.987 33.007 33.04 33.04 33.027 32.99 32.97 32.93 32.91 32.907 32.935 32.915 32.907 32.945 32.965 32.96 32.945 32.905 32.857 32.785 32.735 32.685 32.615 32.557 32.46 32.397 32.342 32.27 32.23 32.18 32.12 32.047 31.965 31.877 31.8 31.705 31.632 31.587 31.537 31.497 31.437 31.39 31.355 31.297 31.262 31.245 31.227 31.182 31.137 31.09 31.04 30.975 30.942 30.87 30.795 30.757 30.705 30.657 30.647 30.647 30.635 30.625 30.597 30.552 30.522 30.487 30.447 30.372 30.32 30.255 30.145 30.057 29.965
33.125 33.13 33.107 33.12 33.117 33.092 33.085 33.06 33.045 33.05 33.067 33.057 33.042 33.032 33.035 33.017 33.04 32.992 32.95 32.892 32.8 32.747 32.702 32.652 32.61 32.535 32.447 32.37 32.32 32.275 32.237 32.17 32.107 32.017 31.91 31.845 31.737 31.677 31.6 31.552 31.49 31.437 31.395 31.347 31.287 31.277 31.242 31.217 31.2 31.16 31.1 31.04 31 30.945 30.877 30.835 30.807 30.752 30.685 30.65 30.627 30.63 30.622 30.615 30.55 30.532 30.47 30.422 30.377 30.305 30.23 30.175 30.09 29.997
33.202 33.22 33.21 33.227 33.23 33.245 33.225 33.207 33.165 33.142 33.137 33.115 33.097 33.095 33.087 33.105 33.1 33.052 33.01 32.942 32.86 32.8 32.732 32.692 32.652 32.58 32.502 32.422 32.36 32.315 32.282 32.225 32.137 32.04 31.937 31.875 31.767 31.682 31.6 31.542 31.47 31.425 31.372 31.312 31.282 31.257 31.232 31.22 31.185 31.192 31.137 31.077 31.01 30.95 30.887 30.81 30.782 30.75 30.707 30.7 30.68 30.652 30.635 30.607 30.545 30.505 30.437 30.4 30.365 30.317 30.25 30.167 30.12 30.055
33.327 33.317 33.305 33.332 33.335 33.307 33.272 33.235 33.21 33.21 33.205 33.205 33.185 33.175 33.162 33.187 33.195 33.13 33.067 33 32.925 32.875 32.802 32.745 32.702 32.632 32.54 32.477 32.422 32.367 32.31 32.24 32.147 32.057 31.955 31.865 31.782 31.687 31.597 31.522 31.455 31.402 31.34 31.295 31.24 31.212 31.19 31.19 31.167 31.125 31.075 31 30.945 30.89 30.865 30.807 30.767 30.72 30.677 30.675 30.685 30.655 30.645 30.657 30.565 30.512 30.45 30.372 30.327 30.292 30.23 30.187 30.115 30.062
33.387 33.375 33.377 33.397 33.375 33.367 33.327 33.312 33.315 33.307 33.287 33.31 33.285 33.252 33.247 33.255 33.252 33.2 33.152 33.087 33.002 32.925 32.875 32.82 32.755 32.665 32.567 32.502 32.452 32.385 32.325 32.22 32.157 32.06 31.98 31.865 31.802 31.727 31.655 31.58 31.505 31.455 31.385 31.322 31.27 31.207 31.205 31.17 31.152 31.102 31.05 30.98 30.94 30.885 30.825 30.812 30.75 30.71 30.672 30.647 30.625 30.602 30.592 30.597 30.527 30.497 30.45 30.38 30.31 30.247 30.172 30.135 30.097 30.035
33.417 33.425 33.437 33.465 33.485 33.46 33.425 33.397 33.38 33.377 33.377 33.38 33.347 33.357 33.345 33.36 33.327 33.28 33.195 33.117 33.045 32.975 32.917 32.82 32.78 32.657 32.585 32.515 32.457 32.415 32.335 32.265 32.15 32.082 32.012 31.922 31.832 31.76 31.692 31.62 31.552 31.467 31.41 31.335 31.277 31.23 31.185 31.142 31.11 31.06 31.015 30.942 30.882 30.837 30.802 30.75 30.7 30.67 30.655 30.622 30.615 30.602 30.582 30.557 30.477 30.432 30.407 30.377 30.315 30.227 30.147 30.077 30.04 29.99
33.547 33.555 33.555 33.567 33.58 33.52 33.482 33.452 33.457 33.472 33.462 33.46 33.43 33.417 33.422 33.385 33.38 33.335 33.257 33.167 33.107 33.042 32.97 32.887 32.83 32.742 32.672 32.587 32.517 32.44 32.387 32.307 32.237 32.132 32.047 31.97 31.885 31.83 31.745 31.64 31.57 31.487 31.417 31.345 31.31 31.23 31.175 31.147 31.095 31.042 30.98 30.917 30.835 30.797 30.762 30.715 30.652 30.615 30.56 30.56 30.555 30.53 30.537 30.512 30.467 30.437 30.402 30.34 30.27 30.177 30.13 30.027 29.952 29.895
33.635 33.622 33.632 33.65 33.657 33.635 33.565 33.532 33.537 33.537 33.522 33.512 33.505 33.457 33.46 33.422 33.42 33.365 33.3 33.237 33.185 33.122 33.047 32.987 32.882 32.8 32.727 32.655 32.57 32.52 32.43 32.342 32.252 32.165 32.07 32 31.95 31.862 31.77 31.665 31.572 31.502 31.44 31.35 31.3 31.242 31.207 31.152 31.092 31.04 30.98 30.917 30.842 30.782 30.705 30.647 30.61 30.562 30.525 30.507 30.492 30.485 30.477 30.422 30.41 30.372 30.347 30.307 30.222 30.157 30.092 30.002 29.947 29.86
33.72 33.717 33.687 33.732 33.725 33.695 33.635 33.6 33.6 33.617 33.6 33.595 33.585 33.55 33.512 33.512 33.477 33.445 33.357 33.305 33.25 33.177 33.112 33.03 32.942 32.875 32.807 32.735 32.617 32.57 32.455 32.385 32.292 32.185 32.075 32.007 31.917 31.847 31.732 31.655 31.565 31.495 31.405 31.345 31.287 31.212 31.15 31.112 31.045 30.99 30.935 30.872 30.812 30.765 30.692 30.627 30.56 30.497 30.437 30.385 30.375 30.38 30.345 30.312 30.32 30.302 30.275 30.215 30.132 30.077 29.992 29.907 29.845 29.755
33.775 33.797 33.787 33.807 33.792 33.757 33.725 33.697 33.692 33.69 33.68 33.65 33.647 33.602 33.575 33.56 33.505 33.472 33.405 33.347 33.287 33.222 33.14 33.077 32.99 32.925 32.847 32.772 32.687 32.575 32.48 32.392 32.272 32.157 32.09 31.98 31.89 31.817 31.767 31.662 31.61 31.512 31.44 31.405 31.3 31.225 31.16 31.132 31.06 31.085 30.99 31.42 30.9 30.845 30.662 30.607 30.527 30.432 30.39 30.34 30.297 30.275 30.267 30.242 30.202 30.17 30.14 30.08 30.01 29.937 29.867 29.765 29.69 29.607
33.887 33.907 33.9 33.91 33.89 33.86 33.81 33.787 33.76 33.772 33.737 33.73 33.705 33.667 33.612 33.6 33.55 33.497 33.425 33.372 33.315 33.245 33.18 33.072 32.99 32.927 32.857 32.777 32.687 32.575 32.47 32.375 32.315 32.312 32.302 32.325 32.237 32.342 32.49 32.447 32.457 32.765 32.482 32.53 32.37 32.787 32.772 32.337 31.992 31.887 31.5 31.072 31.857 31.375 31.88 31.297 31.125 30.732 30.51 30.41 30.265 30.247 30.19 30.162 30.105 30.06 30.015 29.927 29.862 29.765 29.697 29.597 29.497 29.397
33.987 34.022 34.012 33.98 33.975 33.942 33.905 33.865 33.83 33.835 33.805 33.785 33.762 33.73 33.68 33.66 33.587 33.507 33.425 33.352 33.3 33.232 33.167 33.1 32.995 32.92 32.847 32.802 32.782 32.925 32.855 33.175 33.15 33.135 32.857 32.62 32.327 32.152 31.947 31.947 31.732 31.755 31.495 31.437 31.275 31.582 31.572 31.182 30.7 30.57 31.707 32.412 31.157 30.21 30.335 31.192 31.542 31.587 31.635 31.395 30.642 30.835 30.475 30.147 30.067 29.965 29.925 29.852 29.692 29.592 29.502 29.377 29.292 29.197
34.097 34.087 34.07 34.067 34.025 34.005 33.975 33.932 33.895 33.877 33.83 33.787 33.775 33.732 33.695 33.675 33.61 33.535 33.46 33.372 33.307 33.24 33.285 33.2 33.292 33.38 33.415 33.682 33.355 33.062 32.697 32.327 31.95 31.665 31.537 31.44 31.355 31.3 31.207 31.147 31.12 31.032 30.965 30.902 30.847 30.752 30.712 30.67 30.507 30.405 31.255 35.247 31.725 31.117 30.092 29.962 29.94 29.995 30.175 30.527 31.815 30.882 31.07 30.525 30.232 30.272 29.9 29.732 29.582 29.437 29.322 29.225 29.1 28.992
34.195 34.155 34.15 34.12 34.095 34.055 34 33.957 33.892 33.862 33.827 33.812 33.8 33.78 33.767 33.75 33.76 33.73 33.74 33.752 33.782 34.055 34.287 34.222 33.7 33.08 32.907 32.462 32.205 32.02 31.912 31.825 31.785 31.892 32.002 32.13 32.13 32.11 32.085 32.31 32.027 32.097 32.072 31.857 31.8 31.69 31.497 31.245 31.405 31.17 31.945 34.627 31.415 31.34 32.355 30.155 30.79 29.785 29.65 30.857 29.597 29.12 29.125 29.632 30.395 30.272 30.232 30.042 29.94 29.372 29.202 29.072 28.927 28.812
34.24 34.212 34.19 34.165 34.072 34.055 34 33.975 33.937 33.895 33.982 34.227 34.277 34.4 34.68 34.887 34.78 34.665 34.475 34.142 33.9 33.607 33.175 32.77 32.632 32.457 32.365 32.267 32.312 32.52 32.687 32.772 32.75 32.692 32.535 32.35 32.125 31.882 31.807 31.805 31.597 31.54 31.47 31.345 31.372 31.105 31.035 30.767 30.78 30.785 31.045 30.992 30.697 31.342 31.86 31.125 35.337 34.167 30.86 32.735 31.612 29.11 28.76 28.487 28.372 28.432 28.945 29.712 30.66 30.272 29.665 29.3 28.837 28.682
34.255 34.207 34.172 34.15 34.19 34.385 34.695 34.725 34.995 35.2 35.03 35.19 34.667 34.162 33.957 33.542 33.345 33.23 33.11 33.07 33.065 33.077 33.087 33.15 33.415 32.77 32.535 32.457 33.235 32.897 32.685 32.625 32.357 32.21 31.99 31.777 31.685 31.537 31.432 31.325 31.225 31.105 31.002 30.917 30.81 30.702 30.605 30.507 30.422 30.335 30.237 30.175 30.065 30.047 30.01 30.142 33.437 34.407 30.742 31.192 30.447 30.507 29.88 29.497 30.337 28.32 28.015 27.885 28.342 28.897 29.215 29.707 29.587 29.225
34.32 34.64 34.922 35.342 35.47 35.442 35.01 34.965 34.342 34.042 33.722 33.567 33.547 33.512 33.512 33.462 33.637 33.632 33.775 33.917 33.982 34.122 34 33.982 34.085 33.512 32.64 32.527 32.56 32.44 32.362 32.17 32.035 31.95 31.83 31.682 31.572 31.455 31.357 31.25 31.155 31.047 30.935 30.83 30.705 30.587 30.487 30.39 30.277 30.202 30.107 30.002 29.94 29.815 29.705 29.595 29.655 29.375 29.36 29.625 29.947 30.262 29.84 29.7 29.79 29.515 28.922 28.205 27.722 27.442 27.195 27.132 27.815 28.552
35.71 35.662 35.247 34.885 34.612 34.182 33.84 33.782 33.702 33.77 33.862 34.077 34.167 34.437 34.277 34.262 34.375 34.102 33.895 33.792 33.615 33.512 33.435 33.38 33.292 33.012 32.667 32.46 32.36 32.255 32.145 32.037 31.94 31.84 31.735 31.63 31.525 31.435 31.337 31.235 31.092 30.975 30.855 30.745 30.612 30.482 30.365 30.252 30.162 30.062 29.942 29.857 29.79 29.707 29.577 29.515 29.342 29.157 28.995 28.857 28.737 28.637 29.385 29.13 28.982 29.282 29.072 29.172 28.93 28.242 27.552 27.102 26.707 26.497
34.365 34.165 34.077 34.027 34.035 34.097 34.375 34.61 34.665 34.71 34.537 34.407 34.212 34.1 34.002 33.867 33.765 33.665 33.55 33.462 33.375 33.292 33.235 33.165 32.985 32.795 32.58 32.447 32.322 32.21 32.095 32.007 31.925 31.805 31.702 31.557 31.48 31.37 31.24 31.12 31.005 30.857 30.712 30.59 30.47 30.37 30.247 30.112 30.005 29.892 29.775 29.682 29.61 29.505 29.387 29.332 29.207 29.005 28.807 28.647 28.522 28.41 28.252 28.11 27.945 27.835 27.972 28.23 28.545 28.102 28.155 28.14 27.7 27.077
34.342 34.465 34.632 34.752 34.872 34.955 34.875 34.642 34.427 34.265 34.19 34.097 34.012 33.915 33.865 33.747 33.672 33.57 33.482 33.422 33.355 33.3 33.237 33.162 32.99 32.732 32.575 32.435 32.282 32.147 32.037 31.925 31.84 31.727 31.617 31.512 31.387 31.305 31.172 31.027 30.882 30.737 30.605 30.482 30.335 30.227 30.11 30.002 29.862 29.722 29.622 29.537 29.41 29.315 29.177 29.02 29.007 28.802 28.637 28.492 28.352 28.195 28.077 27.907 27.73 27.527 27.34 27.21 27.115 27.405 27.29 27.872 27.477 28.292
