All_lidar/sz5789_DSM_2M.asc
ncols 500
nrows 500
xllcorner    457000
yllcorner    89000
cellsize     2
NODATA_value -9999
[rows 160 to 191 of 500, columns 146 to 218 of 500]
52.147 52.267 52.43 52.55 52.687 52.802 52.945 53.032 53.09 53.137 53.172 53.222 53.23 53.235 53.235 53.242 53.29 53.397 53.442 53.582 53.68 53.805 53.847 53.995 55.19 55.6 55.27 54.202 54.052 54.09 54.14 54.14 54.102 54.087 54.082 54.055 54.03 53.972 53.89 53.817 53.745 53.692 53.63 53.54 53.44 53.377 53.317 53.227 53.13 53.032 52.91 52.802 52.715 52.575 52.448 52.308 52.125 51.97 51.845 51.705 51.58 51.45 51.315 51.178 51.03 50.87 50.7 50.573 50.413 50.258 50.09 49.893 49.735
52.06 52.217 52.345 52.5 52.602 52.765 52.857 52.967 53.025 53.06 53.092 53.152 53.172 53.195 53.235 53.255 53.302 53.387 53.45 53.547 53.612 53.687 53.772 54.05 55.495 54.98 54.265 53.885 53.902 53.95 53.967 53.935 53.91 53.872 53.872 53.87 53.827 53.77 53.672 53.617 53.565 53.472 53.417 53.33 53.257 53.187 53.09 53.01 52.905 52.815 52.71 52.592 52.495 52.355 52.213 52.063 51.9 51.75 51.625 51.505 51.36 51.233 51.1 50.95 50.808 50.67 50.51 50.34 50.185 50.025 49.845 49.653 49.465
52.007 52.175 52.337 52.452 52.565 52.692 52.807 52.887 52.925 52.977 53.065 53.13 53.13 53.175 53.22 53.267 53.292 53.365 53.422 53.492 53.555 53.615 53.815 54.795 54.87 54.827 53.667 53.69 53.757 53.8 53.775 53.747 53.732 53.712 53.715 53.685 53.612 53.537 53.475 53.41 53.332 53.275 53.205 53.217 53.047 52.975 52.875 52.775 52.692 52.577 52.52 52.392 52.26 52.1 51.99 51.835 51.688 51.558 51.41 51.285 51.153 51 50.87 50.738 50.61 50.448 50.328 50.118 49.953 49.785 49.628 49.423 49.255
51.99 52.132 52.267 52.367 52.507 52.627 52.74 52.802 52.877 52.925 52.992 53.07 53.087 53.142 53.172 53.237 53.28 53.33 53.377 53.415 53.45 53.55 54.195 55.505 55.217 53.772 53.467 53.54 53.605 53.622 53.597 53.57 53.56 53.545 53.502 53.48 53.407 53.325 53.285 53.192 53.11 53.067 52.985 52.927 52.855 52.752 52.675 52.572 52.47 52.37 52.257 52.157 52.025 51.89 51.743 51.618 51.475 51.315 51.165 51.063 50.925 50.77 50.65 50.548 50.395 50.253 50.095 49.923 49.76 49.545 49.353 49.18 49.023
51.925 52.082 52.187 52.33 52.432 52.57 52.657 52.712 52.782 52.855 52.925 52.985 53.032 53.095 53.125 53.187 53.225 53.28 53.295 53.347 53.36 53.54 55.075 56.397 54.872 53.29 53.312 53.402 53.42 53.39 53.39 53.36 53.352 53.367 53.342 53.27 53.21 53.12 53.057 52.995 52.9 52.845 52.81 52.71 52.62 52.535 52.455 52.34 52.252 52.165 52.05 51.9 51.797 51.67 51.533 51.403 51.253 51.108 50.983 50.858 50.698 50.565 50.43 50.348 50.18 50.06 49.865 49.698 49.508 49.293 49.113 48.96 48.808
51.882 52.025 52.127 52.252 52.37 52.51 52.557 52.61 52.71 52.762 52.845 52.932 52.965 53.012 53.087 53.14 53.195 53.205 53.242 53.29 53.337 54.12 55.992 55.425 53.992 53.145 53.18 53.232 53.22 53.192 53.162 53.19 53.167 53.142 53.097 53.06 52.94 52.915 52.852 52.777 52.697 52.687 52.622 52.497 52.425 52.34 52.22 52.12 52.025 51.935 51.832 51.697 51.557 51.417 51.303 51.15 51.015 50.9 50.778 50.643 50.483 50.358 50.233 50.11 49.978 49.84 49.635 49.47 49.278 49.085 48.908 48.768 48.628
51.84 51.945 52.085 52.192 52.315 52.387 52.452 52.51 52.577 52.66 52.725 52.812 52.907 52.932 53.032 53.08 53.102 53.095 53.122 53.172 53.41 54.107 55.615 54.807 53.287 52.992 53.05 53.042 53.005 52.98 52.977 53 52.972 52.95 52.867 52.84 52.757 52.685 52.602 52.555 52.502 52.46 52.39 52.302 52.23 52.112 51.997 51.905 51.792 51.725 51.587 51.46 51.357 51.23 51.07 50.918 50.93 50.678 50.558 50.403 50.268 50.15 50.023 49.863 49.763 49.58 49.39 49.235 49.018 48.835 48.705 48.543 48.39
51.76 51.877 52.012 52.13 52.222 52.26 52.312 52.387 52.487 52.557 52.622 52.725 52.81 52.835 52.915 52.985 52.99 52.995 52.977 53.627 53.225 53.447 54.535 53.52 52.797 52.852 52.875 52.872 52.855 52.827 52.802 52.817 52.772 52.727 52.68 52.6 52.517 52.455 52.402 52.347 52.312 52.242 52.155 52.07 51.977 51.865 51.77 51.672 51.56 51.45 51.342 51.247 51.09 50.977 50.823 50.693 50.558 50.473 50.318 50.188 50.045 49.928 49.785 49.658 49.508 49.318 49.15 48.965 48.81 48.625 48.48 48.32 48.138
51.667 51.81 51.945 52.055 52.087 52.14 52.23 52.31 52.382 52.48 52.502 52.617 52.68 52.755 52.802 52.84 52.855 52.842 52.937 53.082 53.845 53.105 53.79 52.65 52.657 52.712 52.742 52.68 52.66 52.66 52.642 52.625 52.6 52.562 52.452 52.38 52.3 52.247 52.187 52.125 52.087 52.015 51.965 51.84 51.752 51.635 51.527 51.425 51.315 51.212 51.1 50.992 50.862 50.747 50.598 50.485 50.34 50.215 50.075 49.94 49.81 49.68 49.575 49.423 49.27 49.105 48.94 48.74 48.61 48.438 48.25 48.07 47.935
51.625 51.725 51.88 51.957 51.97 52.03 52.13 52.17 52.26 52.327 52.412 52.477 52.54 52.607 52.7 52.692 52.705 52.705 52.902 56.605 54.205 53.815 52.925 52.517 52.557 52.6 52.562 52.54 52.502 52.51 52.507 52.465 52.415 52.34 52.245 52.18 52.1 52.052 52 51.927 51.872 51.815 51.715 51.607 51.522 51.407 51.317 51.2 51.08 50.985 50.895 50.757 50.647 50.51 50.38 50.263 50.125 49.978 49.828 49.688 49.56 49.435 49.32 49.153 49.005 48.838 48.648 48.5 48.323 48.18 48.025 47.853 47.725
51.537 51.677 51.765 51.817 51.855 51.937 51.985 52.062 52.14 52.22 52.32 52.39 52.442 52.507 52.55 52.552 52.545 52.66 53.192 54.005 53.915 53.452 52.395 52.405 52.455 52.455 52.402 52.362 52.35 52.34 52.312 52.285 52.245 52.157 52.085 51.985 51.915 51.87 51.807 51.737 51.677 51.625 51.525 51.377 51.292 51.175 51.082 50.965 50.862 50.762 50.647 50.517 50.405 50.282 50.133 49.998 49.888 49.725 49.59 49.445 49.31 49.225 49.055 48.883 48.73 48.568 48.408 48.263 48.11 47.913 47.768 47.628 47.493
51.497 51.622 51.67 51.712 51.762 51.85 51.892 51.965 52.007 52.127 52.242 52.287 52.33 52.39 52.4 52.41 52.427 52.647 53.445 53.6 52.582 52.71 52.245 52.295 52.307 52.292 52.257 52.217 52.2 52.18 52.147 52.107 52.035 51.962 51.902 51.815 51.747 51.695 51.62 51.567 51.472 51.395 51.31 51.187 51.092 51 50.872 50.775 50.642 50.512 50.38 50.27 50.172 50.035 49.91 49.773 49.613 49.47 49.35 49.21 49.108 48.963 48.8 48.663 48.493 48.31 48.14 47.98 47.848 47.673 47.54 47.363 47.225
51.407 51.48 51.56 51.627 51.665 51.742 51.8 51.842 51.94 52.025 52.09 52.117 52.207 52.235 52.27 52.24 52.362 52.887 53.822 54.047 52.58 52.095 52.122 52.165 52.177 52.137 52.11 52.077 52.065 52.042 51.977 51.915 51.845 51.787 51.695 51.635 51.592 51.502 51.465 51.395 51.407 51.232 51.127 50.99 50.887 50.79 50.682 50.56 50.415 50.295 50.17 50.047 49.94 49.79 49.688 49.525 49.388 49.255 49.128 48.973 48.843 48.7 48.563 48.373 48.23 48.035 47.903 47.765 47.615 47.445 47.3 47.138 47.015
51.307 51.397 51.452 51.492 51.552 51.63 51.685 51.747 51.862 51.927 51.97 52.037 52.087 52.092 52.09 52.17 52.392 52.842 53.087 53.44 52.012 51.967 52 52.03 52.017 51.99 51.957 51.925 51.917 51.857 51.817 51.717 51.65 51.57 51.525 51.467 51.417 51.337 51.28 51.22 51.127 51.032 50.915 50.815 50.722 50.602 50.465 50.35 50.195 50.082 49.957 49.842 49.707 49.562 49.438 49.308 49.133 49.015 48.895 48.755 48.618 48.478 48.335 48.148 47.983 47.84 47.668 47.53 47.38 47.238 47.07 46.91 46.783
51.227 51.275 51.345 51.397 51.452 51.542 51.612 51.675 51.765 51.85 51.88 51.937 51.962 51.972 52 52.18 53.61 52.927 52.497 52.405 51.85 51.845 51.89 51.9 51.845 51.825 51.807 51.757 51.727 51.662 51.617 51.535 51.455 51.382 51.33 51.28 51.217 51.19 51.127 51.045 50.925 50.817 50.752 50.637 50.532 50.385 50.255 50.145 50.002 49.922 49.742 49.625 49.492 49.367 49.21 49.08 48.93 48.8 48.68 48.535 48.39 48.25 48.088 47.898 47.768 47.643 47.455 47.288 47.153 47.025 46.825 46.715 46.575
51.11 51.182 51.237 51.297 51.362 51.43 51.525 51.602 51.672 51.755 51.787 51.832 51.847 51.862 51.907 52.7 53.005 52.462 52.567 51.917 51.695 51.75 51.75 51.732 51.705 51.665 51.63 51.615 51.565 51.482 51.417 51.317 51.267 51.192 51.15 51.107 51.055 51.022 50.915 50.85 50.75 50.647 50.557 50.47 50.335 50.19 50.06 49.945 49.83 49.69 49.532 49.397 49.272 49.14 49.01 48.863 48.745 48.628 48.473 48.308 48.165 48.005 47.865 47.678 47.52 47.395 47.265 47.088 46.938 46.798 46.658 46.508 46.373
50.99 51.072 51.137 51.192 51.267 51.312 51.422 51.49 51.565 51.622 51.707 51.747 51.737 51.722 51.85 53.055 52.32 52.04 51.867 51.557 51.577 51.617 51.59 51.555 51.535 51.517 51.48 51.442 51.392 51.295 51.215 51.162 51.09 51.037 51.007 50.92 50.88 50.82 50.737 50.64 50.56 50.445 50.36 50.245 50.117 49.98 49.852 49.737 49.6 49.487 49.332 49.217 49.09 48.965 48.795 48.653 48.528 48.393 48.258 48.093 47.948 47.8 47.628 47.485 47.308 47.19 47.023 46.89 46.713 46.585 46.435 46.298 46.155
50.88 50.955 51.035 51.097 51.152 51.237 51.327 51.392 51.465 51.55 51.582 51.587 51.565 51.655 52.407 52.96 52.71 51.72 51.395 51.392 51.437 51.452 51.405 51.407 51.365 51.35 51.312 51.26 51.177 51.11 51.032 50.965 50.885 50.885 50.81 50.76 50.712 50.637 50.54 50.462 50.35 50.222 50.142 50.037 49.92 49.795 49.68 49.547 49.412 49.28 49.2 49.032 48.9 48.757 48.638 48.46 48.33 48.198 48.038 47.9 47.74 47.585 47.438 47.255 47.098 46.968 46.8 46.688 46.508 46.363 46.225 46.09 45.955
50.762 50.847 50.92 50.987 51.057 51.13 51.202 51.292 51.34 51.417 51.442 51.445 51.455 51.607 51.822 52.362 51.975 51.352 51.24 51.26 51.3 51.292 51.242 51.197 51.197 51.15 51.117 51.042 50.97 50.885 50.842 50.767 50.72 50.685 50.615 50.567 50.527 50.435 50.37 50.247 50.155 50.055 49.937 49.847 49.705 49.622 49.49 49.375 49.242 49.1 48.972 48.86 48.735 48.59 48.453 48.285 48.14 47.98 47.84 47.69 47.56 47.375 47.208 47.06 46.918 46.77 46.608 46.468 46.325 46.165 46.033 45.888 45.723
50.665 50.732 50.805 50.882 50.96 51.01 51.105 51.147 51.235 51.242 51.275 51.24 51.385 52.095 51.79 51.462 51.577 51.115 51.105 51.122 51.145 51.117 51.067 51.04 51.02 50.962 50.91 50.857 50.775 50.687 50.63 50.6 50.53 50.495 50.44 50.4 50.337 50.257 50.152 50.055 49.962 49.845 49.752 49.642 49.532 49.41 49.287 49.152 49.027 48.92 48.79 48.692 48.532 48.377 48.225 48.098 47.943 47.795 47.643 47.515 47.348 47.19 47.01 46.855 46.728 46.578 46.405 46.263 46.123 45.975 45.825 45.673 45.508
50.537 50.607 50.712 50.78 50.835 50.915 50.99 51.042 51.09 51.112 51.115 51.172 51.395 52.085 51.485 51.18 51 50.93 50.977 50.987 51.005 50.96 50.917 50.885 50.835 50.787 50.72 50.65 50.545 50.492 50.442 50.445 50.36 50.32 50.247 50.197 50.137 50.057 49.965 49.862 49.757 49.68 49.57 49.43 49.315 49.217 49.105 48.972 48.842 48.737 48.597 48.472 48.33 48.165 48.03 47.885 47.73 47.593 47.44 47.315 47.163 46.993 46.833 46.693 46.53 46.388 46.218 46.065 45.943 45.765 45.645 45.468 45.313
50.42 50.49 50.567 50.667 50.737 50.825 50.865 50.94 50.96 50.982 51.01 51.137 51.845 51.51 51.95 51.045 50.812 50.827 50.845 50.857 50.85 50.792 50.76 50.73 50.67 50.6 50.507 50.45 50.392 50.292 50.247 50.222 50.167 50.12 50.062 50.017 49.937 49.827 49.74 49.655 49.56 49.455 49.355 49.245 49.127 49.025 48.932 48.765 48.63 48.53 48.407 48.257 48.11 47.952 47.815 47.678 47.543 47.395 47.253 47.125 46.95 46.798 46.65 46.493 46.328 46.175 46.003 45.863 45.71 45.573 45.408 45.263 45.12
50.327 50.36 50.465 50.55 50.637 50.665 50.745 50.8 50.83 50.802 50.867 51.065 51.44 51.147 51.315 50.665 50.69 50.682 50.73 50.7 50.66 50.62 50.602 50.545 50.495 50.407 50.312 50.26 50.2 50.087 50.065 50.045 49.957 49.927 49.862 49.81 49.745 49.65 49.532 49.44 49.32 49.217 49.132 49.007 48.907 48.812 48.67 48.54 48.422 48.322 48.26 48.055 47.882 47.765 47.62 47.5 47.338 47.21 47.068 46.918 46.768 46.608 46.438 46.285 46.115 45.933 45.793 45.64 45.493 45.368 45.2 45.073 44.955
50.192 50.26 50.362 50.437 50.497 50.525 50.627 50.642 50.695 50.692 50.82 51.005 51.485 51.202 50.705 50.535 50.597 50.595 50.605 50.537 50.492 50.475 50.455 50.38 50.312 50.22 50.092 50.065 49.992 49.94 49.902 49.837 49.807 49.765 49.67 49.602 49.512 49.415 49.325 49.217 49.132 49 48.912 48.79 48.695 48.587 48.452 48.357 48.217 48.09 47.955 47.795 47.672 47.535 47.405 47.27 47.158 46.985 46.863 46.713 46.583 46.383 46.235 46.055 45.9 45.728 45.575 45.425 45.298 45.133 45.035 44.868 44.775
50.07 50.17 50.235 50.332 50.387 50.44 50.467 50.507 50.467 50.657 50.78 51.882 50.95 50.642 50.382 50.367 50.445 50.44 50.437 50.38 50.335 50.327 50.272 50.195 50.11 50.037 49.925 49.87 49.817 49.795 49.72 49.657 49.61 49.557 49.49 49.385 49.3 49.202 49.142 49.002 48.905 48.8 48.695 48.592 48.48 48.382 48.255 48.147 48.027 47.89 47.745 47.575 47.427 47.287 47.175 47.068 46.92 46.778 46.648 46.49 46.345 46.185 46.013 45.845 45.683 45.538 45.365 45.215 45.07 44.953 44.82 44.71 44.618
49.97 50.07 50.122 50.225 50.3 50.317 50.355 50.335 50.425 50.585 50.79 50.697 50.55 50.497 50.22 50.21 50.272 50.3 50.26 50.19 50.182 50.132 50.06 49.987 49.91 49.825 49.745 49.69 49.632 49.58 49.51 49.46 49.402 49.36 49.27 49.202 49.097 49.007 48.902 48.777 48.692 48.592 48.497 48.392 48.265 48.165 48.05 47.945 47.807 47.645 47.522 47.372 47.23 47.087 46.985 46.86 46.713 46.575 46.405 46.255 46.128 46.03 45.908 45.693 45.485 45.323 45.16 45.058 44.9 44.75 44.63 44.523 44.42
49.877 49.967 50.035 50.122 50.18 50.197 50.175 50.19 50.36 52.882 54.572 50.59 50.327 50.085 50.062 50.08 50.127 50.117 50.065 50.032 49.997 49.942 49.87 49.79 49.682 49.647 49.557 49.495 49.427 49.387 49.34 49.275 49.222 49.165 49.062 48.96 48.872 48.792 48.695 48.592 48.5 48.405 48.302 48.182 48.05 47.94 47.832 47.735 47.58 47.452 47.3 47.165 47.027 46.892 46.765 46.61 46.483 46.333 46.183 46.023 45.88 45.723 45.588 45.423 45.283 45.138 44.973 44.86 44.688 44.545 44.47 44.36 44.273
49.765 49.862 49.91 49.98 50.035 50.06 50.042 50.115 50.427 50.785 51.19 50.457 49.975 49.932 49.957 49.975 49.937 49.902 49.865 49.85 49.81 49.745 49.67 49.555 49.49 49.445 49.355 49.29 49.26 49.232 49.165 49.1 49.03 48.957 48.865 48.8 48.677 48.6 48.492 48.387 48.297 48.197 48.095 47.967 47.867 47.777 47.65 47.497 47.377 47.23 47.09 46.93 46.807 46.687 46.525 46.405 46.255 46.095 45.95 45.795 45.653 45.513 45.335 45.2 45.053 44.94 44.775 44.595 44.493 44.388 44.29 44.195 44.098
49.662 49.732 49.807 49.87 49.88 49.905 49.907 50.305 53.67 55.31 53.545 50.255 49.785 49.772 49.81 49.82 49.775 49.72 49.717 49.677 49.625 49.525 49.447 49.367 49.29 49.235 49.155 49.097 49.057 49.007 48.982 48.922 48.84 48.745 48.677 48.595 48.49 48.405 48.317 48.23 48.127 47.997 47.882 47.785 47.662 47.542 47.462 47.292 47.162 47.007 46.87 46.74 46.6 46.482 46.353 46.178 46.015 45.853 45.715 45.555 45.425 45.28 45.108 44.99 45.015 44.708 44.553 44.43 44.31 44.195 44.1 44.005 43.943
49.5 49.6 49.687 49.715 49.745 49.755 49.857 51.155 55.7 57.897 53.9 49.832 49.625 49.64 49.687 49.677 49.602 49.57 49.545 49.487 49.435 49.345 49.245 49.167 49.092 49.005 48.967 48.925 48.872 48.837 48.787 48.745 48.66 48.557 48.472 48.367 48.305 48.2 48.12 48.032 47.93 47.805 47.702 47.615 47.51 47.372 47.245 47.087 46.96 46.815 46.71 46.537 46.397 46.257 46.123 45.945 45.765 45.638 45.49 45.343 45.18 45.023 44.905 44.77 44.645 44.508 44.368 44.235 44.125 44.01 43.923 43.893 43.768
49.387 49.465 49.542 49.572 49.547 49.667 49.96 50.447 53.232 55.132 52.52 49.457 49.472 49.522 49.537 49.502 49.455 49.422 49.38 49.325 49.242 49.147 49.057 48.962 48.877 48.822 48.78 48.737 48.707 48.667 48.602 48.532 48.472 48.38 48.287 48.2 48.107 48.015 47.925 47.822 47.715 47.622 47.537 47.417 47.295 47.187 47.03 46.887 46.745 46.625 46.477 46.345 46.192 46.037 45.883 45.718 45.555 45.418 45.253 45.09 44.953 44.803 44.69 44.605 44.418 44.275 44.135 44.035 43.945 43.858 43.773 43.683 43.63
49.25 49.335 49.375 49.377 49.41 49.602 52.815 49.9 49.65 49.867 49.327 49.327 49.35 49.405 49.375 49.34 49.305 49.267 49.217 49.172 49.08 48.96 48.87 48.772 48.715 48.657 48.605 48.567 48.525 48.472 48.437 48.362 48.275 48.2 48.112 48.02 47.907 47.822 47.73 47.627 47.525 47.402 47.317 47.23 47.112 46.987 46.835 46.672 46.56 46.427 46.275 46.16 46.015 45.84 45.688 45.508 45.338 45.165 45.018 44.898 44.728 44.62 44.463 44.338 44.188 44.07 43.955 43.855 43.763 43.648 43.56 43.545 43.478
