All_lidar/sz5789_DSM_2M.asc
ncols 500
nrows 500
xllcorner    457000
yllcorner    89000
cellsize     2
NODATA_value -9999
[rows 64 to 95 of 500, columns 292 to 364 of 500]
66.43 66.553 66.678 66.75 66.873 66.938 67.008 67.05 67.123 67.193 67.298 67.358 67.455 67.525 67.613 67.683 67.78 67.848 67.958 68.055 68.128 68.18 68.225 68.298 68.388 68.443 68.528 68.635 68.725 68.778 68.87 68.95 69.045 69.133 69.208 69.263 69.35 69.428 69.535 69.593 69.678 69.725 69.795 69.908 70.008 70.08 70.15 70.21 70.26 70.258 70.298 70.933 72.29 72.868 71.618 71.158 71.188 71.223 71.288 71.348 71.475 71.553 71.673 71.8 71.885 71.973 72.003 72.05 72.093 72.133 72.163 72.153 72.163
66.383 66.493 66.618 66.703 66.793 66.873 66.94 67.015 67.058 67.158 67.255 67.303 67.42 67.498 67.6 67.673 67.763 67.838 67.928 68.02 68.08 68.165 68.175 68.24 68.335 68.405 68.488 68.585 68.683 68.755 68.848 68.91 68.993 69.07 69.15 69.188 69.293 69.375 69.465 69.505 69.57 69.678 69.758 69.855 69.935 70.003 70.068 70.128 70.16 70.168 70.213 71.078 72.218 72.36 71.105 71.058 71.105 71.128 71.218 71.308 71.418 71.5 71.638 71.75 71.818 71.858 71.92 71.99 72.03 72.063 72.115 72.13 72.128
66.315 66.45 66.565 66.69 66.743 66.808 66.863 66.95 67.033 67.1 67.213 67.28 67.38 67.498 67.573 67.645 67.718 67.845 67.893 67.97 68.038 68.075 68.138 68.205 68.288 68.363 68.453 68.543 68.62 68.718 68.818 68.88 68.96 69.025 69.115 69.143 69.223 69.305 69.395 69.445 69.518 69.585 69.688 69.79 69.855 69.925 70 70.038 70.055 70.07 70.273 71.535 72.253 71.808 70.998 70.963 71.028 71.068 71.163 71.248 71.363 71.435 71.55 71.663 71.733 71.79 71.86 71.89 71.938 71.973 72.008 72.088 72.09
66.263 66.395 66.505 66.608 66.663 66.75 66.808 66.89 66.983 67.07 67.18 67.25 67.34 67.448 67.548 67.603 67.688 67.788 67.853 67.945 68.005 68.038 68.093 68.158 68.228 68.323 68.44 68.528 68.585 68.67 68.753 68.825 68.918 68.983 69.05 69.115 69.165 69.25 69.308 69.383 69.468 69.52 69.613 69.693 69.775 69.855 69.918 69.968 69.978 70.035 70.283 71.485 72.283 71.6 70.858 70.908 70.935 70.993 71.083 71.218 71.285 71.38 71.495 71.588 71.655 71.733 71.805 71.833 71.865 71.883 71.915 71.983 72.005
66.203 66.345 66.458 66.525 66.61 66.678 66.745 66.843 66.925 67.015 67.108 67.193 67.29 67.403 67.51 67.565 67.643 67.725 67.815 67.893 67.955 67.973 68.035 68.11 68.195 68.29 68.405 68.463 68.563 68.635 68.713 68.798 68.88 68.94 69.005 69.073 69.115 69.178 69.268 69.315 69.41 69.473 69.555 69.645 69.703 69.773 69.845 69.888 69.888 69.958 70.715 71.413 72.143 71.035 70.728 70.81 70.828 70.93 71.015 71.133 71.193 71.288 71.405 71.52 71.595 71.67 71.718 71.77 71.775 71.81 71.855 71.88 71.908
66.16 66.285 66.405 66.493 66.56 66.623 66.735 66.793 66.88 66.953 67.063 67.148 67.25 67.338 67.425 67.528 67.608 67.703 67.775 67.838 67.893 67.91 68.02 68.068 68.145 68.25 68.33 68.413 68.505 68.623 68.7 68.763 68.83 68.9 68.955 69.023 69.085 69.145 69.213 69.278 69.345 69.425 69.495 69.598 69.643 69.69 69.768 69.818 69.85 69.925 70.87 71.803 71.698 70.58 70.638 70.7 70.77 70.85 70.94 71.033 71.13 71.238 71.355 71.423 71.508 71.58 71.623 71.658 71.705 71.728 71.755 71.803 71.838
66.108 66.235 66.393 66.445 66.525 66.6 66.655 66.733 66.833 66.905 67.01 67.113 67.205 67.273 67.363 67.483 67.565 67.645 67.733 67.775 67.823 67.878 67.943 68.018 68.123 68.228 68.318 68.395 68.49 68.585 68.653 68.738 68.793 68.855 68.923 68.968 69.045 69.09 69.155 69.233 69.3 69.358 69.445 69.523 69.6 69.633 69.718 69.738 69.795 70.003 71.185 71.823 71.02 70.475 70.57 70.63 70.708 70.773 70.878 70.983 71.078 71.203 71.288 71.363 71.445 71.493 71.535 71.58 71.585 71.613 71.66 71.708 71.728
66.06 66.188 66.338 66.38 66.453 66.553 66.605 66.668 66.785 66.865 66.955 67.043 67.14 67.223 67.333 67.418 67.518 67.593 67.675 67.718 67.755 67.813 67.92 67.998 68.07 68.173 68.263 68.34 68.44 68.525 68.6 68.688 68.74 68.8 68.883 68.958 68.993 69.065 69.133 69.178 69.263 69.338 69.418 69.48 69.545 69.598 69.64 69.668 69.725 70.123 71.288 71.585 70.62 70.428 70.515 70.535 70.613 70.71 70.825 70.928 71.015 71.14 71.238 71.305 71.39 71.42 71.473 71.478 71.49 71.515 71.585 71.6 71.628
66.025 66.123 66.263 66.323 66.383 66.505 66.553 66.648 66.748 66.815 66.898 67.008 67.078 67.175 67.29 67.37 67.46 67.535 67.6 67.64 67.7 67.77 67.87 67.94 68.023 68.115 68.2 68.303 68.403 68.458 68.573 68.658 68.7 68.73 68.83 68.915 68.97 69.028 69.073 69.145 69.2 69.268 69.363 69.425 69.47 69.528 69.568 69.613 69.665 70.555 71.135 71.465 70.278 70.345 70.403 70.455 70.53 70.628 70.738 70.845 70.928 71.063 71.165 71.233 71.328 71.358 71.375 71.398 71.43 71.448 71.495 71.498 71.535
65.993 66.098 66.195 66.298 66.345 66.438 66.498 66.61 66.678 66.788 66.85 66.958 67.025 67.105 67.233 67.335 67.393 67.488 67.52 67.573 67.645 67.733 67.783 67.88 67.965 68.068 68.158 68.26 68.32 68.365 68.5 68.6 68.64 68.71 68.785 68.845 68.898 68.973 69.005 69.068 69.15 69.24 69.333 69.365 69.413 69.455 69.488 69.535 69.68 70.865 71.203 71.165 70.178 70.265 70.31 70.35 70.418 70.543 70.65 70.75 70.853 70.99 71.083 71.13 71.203 71.263 71.273 71.288 71.318 71.355 71.393 71.41 71.428
65.928 66.045 66.143 66.22 66.31 66.42 66.45 66.535 66.625 66.745 66.838 66.925 66.99 67.055 67.17 67.253 67.34 67.428 67.465 67.518 67.578 67.66 67.725 67.813 67.915 67.98 68.075 68.18 68.248 68.315 68.425 68.525 68.56 68.645 68.698 68.758 68.843 68.908 68.98 69.043 69.115 69.198 69.263 69.295 69.348 69.423 69.41 69.45 69.785 70.903 71.01 70.965 70.115 70.165 70.203 70.27 70.338 70.458 70.535 70.665 70.77 70.89 70.963 71.038 71.093 71.145 71.18 71.203 71.22 71.26 71.31 71.325 71.325
65.89 66.013 66.083 66.168 66.235 66.333 66.4 66.505 66.593 66.705 66.788 66.868 66.958 67.023 67.128 67.21 67.283 67.36 67.385 67.448 67.508 67.59 67.668 67.755 67.828 67.915 68.03 68.118 68.203 68.255 68.328 68.41 68.493 68.573 68.633 68.685 68.743 68.843 68.923 68.99 69.063 69.16 69.19 69.24 69.3 69.335 69.343 69.385 70.01 70.795 71.243 70.293 70.043 70.093 70.11 70.193 70.27 70.368 70.47 70.55 70.693 70.805 70.87 70.96 70.988 71.055 71.1 71.123 71.158 71.195 71.208 71.24 71.263
65.875 65.97 66.07 66.108 66.173 66.263 66.38 66.483 66.558 66.643 66.73 66.84 66.923 67.005 67.08 67.163 67.235 67.303 67.333 67.378 67.45 67.533 67.6 67.68 67.778 67.833 67.948 68.05 68.143 68.213 68.273 68.358 68.408 68.475 68.575 68.65 68.698 68.793 68.863 68.91 69 69.078 69.12 69.155 69.22 69.233 69.243 69.388 70.623 71.228 71.163 70 69.96 70.018 70.06 70.09 70.2 70.283 70.393 70.475 70.6 70.715 70.76 70.845 70.875 70.938 70.99 71.018 71.045 71.065 71.103 71.105 71.163
65.868 65.948 66.023 66.08 66.145 66.215 66.335 66.468 66.543 66.625 66.708 66.803 66.873 66.965 67.065 67.133 67.225 67.26 67.295 67.345 67.415 67.475 67.52 67.63 67.678 67.783 67.908 67.983 68.058 68.155 68.228 68.283 68.338 68.39 68.488 68.545 68.61 68.713 68.788 68.85 68.918 68.995 69.025 69.07 69.14 69.128 69.14 69.588 70.56 71.028 70.743 69.833 69.863 69.908 69.993 70.038 70.118 70.18 70.288 70.41 70.53 70.613 70.665 70.745 70.79 70.838 70.868 70.883 70.965 70.965 70.993 71.015 71.058
65.84 65.953 66.023 66.07 66.133 66.218 66.315 66.41 66.505 66.62 66.693 66.763 66.85 66.933 66.988 67.075 67.163 67.21 67.25 67.295 67.35 67.415 67.463 67.568 67.635 67.723 67.82 67.933 68.018 68.065 68.123 68.185 68.255 68.335 68.415 68.495 68.548 68.595 68.668 68.765 68.86 68.9 68.943 68.978 69.04 69.045 69.075 69.903 70.928 71.185 70.245 69.718 69.773 69.815 69.865 69.935 70.013 70.085 70.215 70.32 70.443 70.525 70.575 70.648 70.683 70.72 70.748 70.793 70.823 70.868 70.893 70.908 70.933
65.815 65.873 65.955 66.05 66.095 66.225 66.33 66.403 66.503 66.588 66.663 66.738 66.795 66.903 66.99 67.06 67.12 67.145 67.218 67.275 67.328 67.37 67.435 67.5 67.565 67.685 67.805 67.865 67.948 67.993 68.048 68.108 68.2 68.285 68.328 68.41 68.47 68.53 68.583 68.68 68.77 68.81 68.888 68.913 68.943 68.953 69.048 70.148 70.438 70.65 69.785 69.638 69.673 69.718 69.783 69.878 69.943 70.04 70.113 70.263 70.34 70.423 70.473 70.53 70.59 70.623 70.648 70.665 70.72 70.783 70.81 70.83 70.845
65.765 65.838 65.9 65.985 66.07 66.193 66.293 66.363 66.453 66.535 66.618 66.703 66.795 66.893 66.953 67.035 67.07 67.11 67.175 67.248 67.303 67.328 67.408 67.44 67.525 67.638 67.73 67.823 67.883 67.935 68.013 68.073 68.128 68.198 68.27 68.365 68.408 68.468 68.528 68.63 68.7 68.748 68.793 68.805 68.85 68.885 69.138 70.52 70.868 70.703 69.638 69.55 69.568 69.63 69.7 69.795 69.833 69.938 70.028 70.18 70.248 70.325 70.393 70.435 70.465 70.52 70.533 70.575 70.618 70.673 70.718 70.693 70.713
65.72 65.813 65.868 65.933 66.025 66.145 66.253 66.343 66.405 66.503 66.605 66.688 66.76 66.853 66.913 66.993 67.045 67.095 67.155 67.218 67.22 67.275 67.35 67.4 67.493 67.595 67.653 67.74 67.813 67.868 67.943 68.015 68.088 68.153 68.198 68.28 68.325 68.393 68.458 68.553 68.605 68.63 68.698 68.748 68.78 68.793 69.12 70.313 70.803 69.925 69.478 69.473 69.498 69.565 69.615 69.73 69.778 69.865 69.945 70.068 70.148 70.223 70.278 70.355 70.378 70.413 70.445 70.468 70.52 70.523 70.573 70.605 70.645
65.665 65.77 65.825 65.893 66.01 66.108 66.198 66.255 66.36 66.468 66.548 66.65 66.73 66.813 66.868 66.95 66.995 67.058 67.118 67.16 67.193 67.26 67.308 67.343 67.42 67.513 67.593 67.678 67.773 67.81 67.858 67.925 67.995 68.088 68.17 68.223 68.27 68.345 68.405 68.48 68.528 68.553 68.593 68.648 68.693 68.725 69.723 70.655 70.62 69.393 69.345 69.383 69.408 69.488 69.575 69.633 69.69 69.768 69.865 69.978 70.045 70.11 70.163 70.228 70.255 70.283 70.348 70.363 70.403 70.433 70.46 70.498 70.515
65.618 65.715 65.788 65.88 65.93 66.055 66.148 66.23 66.348 66.433 66.503 66.608 66.685 66.76 66.833 66.908 66.943 66.998 67.05 67.108 67.133 67.185 67.253 67.325 67.393 67.49 67.553 67.635 67.695 67.73 67.79 67.88 67.943 67.998 68.065 68.14 68.213 68.275 68.343 68.418 68.448 68.493 68.555 68.603 68.608 68.685 69.643 70.718 70.268 69.27 69.28 69.29 69.348 69.398 69.478 69.555 69.623 69.688 69.78 69.89 69.948 70.023 70.06 70.13 70.143 70.168 70.215 70.258 70.29 70.315 70.37 70.418 70.44
65.61 65.663 65.745 65.8 65.905 66.018 66.118 66.203 66.298 66.383 66.46 66.548 66.628 66.703 66.793 66.843 66.88 66.948 66.993 67.03 67.07 67.135 67.173 67.25 67.345 67.428 67.483 67.555 67.645 67.683 67.733 67.805 67.883 67.958 67.995 68.075 68.143 68.2 68.293 68.345 68.4 68.45 68.513 68.52 68.53 68.813 70.075 70.343 69.633 69.208 69.19 69.22 69.278 69.338 69.423 69.508 69.528 69.65 69.74 69.79 69.863 69.933 69.988 70.038 70.065 70.068 70.098 70.145 70.183 70.235 70.268 70.315 70.323
65.58 65.64 65.738 65.813 65.878 65.978 66.083 66.158 66.21 66.305 66.433 66.495 66.553 66.625 66.695 66.765 66.815 66.885 66.925 66.965 67.013 67.08 67.108 67.2 67.285 67.335 67.41 67.513 67.575 67.64 67.703 67.76 67.81 67.888 67.94 67.98 68.078 68.183 68.245 68.268 68.353 68.398 68.435 68.44 68.488 68.995 70.22 70.385 69.363 69.115 69.145 69.153 69.21 69.298 69.338 69.413 69.463 69.605 69.663 69.708 69.775 69.823 69.893 69.935 69.933 69.973 70.008 70.028 70.058 70.12 70.165 70.19 70.215
65.525 65.598 65.678 65.783 65.868 65.933 66.045 66.105 66.158 66.25 66.365 66.435 66.498 66.568 66.645 66.698 66.763 66.833 66.86 66.888 66.933 67.005 67.068 67.15 67.233 67.278 67.34 67.45 67.52 67.568 67.645 67.705 67.765 67.838 67.885 67.928 68.038 68.16 68.21 68.25 68.29 68.328 68.348 68.365 68.415 69.525 70.295 70.173 69.07 69.03 69.043 69.083 69.143 69.21 69.298 69.333 69.415 69.518 69.58 69.65 69.693 69.778 69.81 69.835 69.86 69.903 69.893 69.948 69.973 70.02 70.068 70.088 70.125
65.515 65.588 65.65 65.773 65.805 65.89 66 66.055 66.113 66.21 66.293 66.35 66.433 66.498 66.573 66.635 66.71 66.765 66.803 66.8 66.893 66.945 67 67.075 67.168 67.208 67.275 67.375 67.445 67.49 67.57 67.62 67.705 67.768 67.853 67.893 67.963 68.095 68.15 68.19 68.228 68.245 68.278 68.288 68.41 69.725 70.323 69.818 68.91 68.935 68.973 69.008 69.08 69.125 69.218 69.258 69.363 69.468 69.528 69.57 69.628 69.685 69.713 69.758 69.775 69.805 69.83 69.85 69.898 69.948 69.983 70.003 70.055
65.468 65.525 65.603 65.728 65.778 65.865 65.965 66.025 66.08 66.15 66.248 66.318 66.36 66.433 66.505 66.56 66.65 66.67 66.735 66.763 66.838 66.883 66.94 67.015 67.083 67.14 67.21 67.303 67.355 67.405 67.48 67.568 67.62 67.713 67.788 67.853 67.93 68.018 68.085 68.138 68.165 68.183 68.205 68.203 68.688 70.045 70.198 69.453 68.825 68.873 68.88 68.93 68.995 69.048 69.118 69.203 69.275 69.38 69.46 69.485 69.53 69.6 69.655 69.663 69.695 69.713 69.758 69.798 69.835 69.853 69.898 69.938 69.935
65.39 65.485 65.568 65.658 65.718 65.783 65.9 65.98 66.025 66.115 66.205 66.275 66.305 66.41 66.443 66.49 66.548 66.613 66.66 66.705 66.758 66.805 66.868 66.95 67.008 67.103 67.163 67.23 67.285 67.343 67.418 67.49 67.56 67.633 67.735 67.808 67.865 67.963 68.013 68.063 68.115 68.12 68.128 68.145 68.94 70.06 70.055 68.935 68.745 68.795 68.815 68.893 68.958 69.02 69.058 69.13 69.203 69.29 69.365 69.42 69.453 69.503 69.538 69.583 69.618 69.643 69.68 69.738 69.775 69.79 69.835 69.833 69.873
65.345 65.43 65.52 65.61 65.678 65.745 65.808 65.915 65.995 66.07 66.148 66.198 66.238 66.318 66.388 66.443 66.485 66.52 66.58 66.623 66.685 66.745 66.82 66.915 66.953 67.003 67.095 67.14 67.193 67.273 67.35 67.433 67.515 67.575 67.645 67.728 67.82 67.88 67.93 67.988 68.003 68.01 68.033 68.143 69.335 69.935 69.348 68.655 68.67 68.715 68.773 68.83 68.89 68.938 69 69.075 69.153 69.238 69.325 69.345 69.385 69.448 69.483 69.495 69.518 69.565 69.625 69.615 69.68 69.698 69.728 69.75 69.773
65.275 65.378 65.48 65.545 65.605 65.703 65.748 65.848 65.938 65.995 66.053 66.145 66.195 66.233 66.305 66.378 66.4 66.46 66.478 66.568 66.63 66.693 66.758 66.818 66.85 66.933 67.013 67.09 67.168 67.225 67.265 67.375 67.423 67.53 67.588 67.678 67.753 67.805 67.865 67.918 67.933 67.95 67.96 68.333 69.523 70.135 69.023 68.568 68.565 68.603 68.663 68.743 68.83 68.86 68.913 68.998 69.09 69.155 69.233 69.26 69.31 69.33 69.393 69.395 69.43 69.428 69.508 69.558 69.603 69.635 69.635 69.675 69.678
65.245 65.333 65.408 65.475 65.565 65.665 65.72 65.778 65.865 65.923 65.98 66.08 66.128 66.178 66.258 66.31 66.365 66.39 66.433 66.49 66.56 66.653 66.7 66.738 66.79 66.888 66.963 67.033 67.085 67.155 67.23 67.29 67.365 67.438 67.5 67.593 67.683 67.755 67.798 67.828 67.845 67.86 67.903 68.663 69.755 69.84 68.515 68.485 68.468 68.495 68.568 68.65 68.713 68.778 68.825 68.91 68.99 69.068 69.155 69.195 69.25 69.255 69.3 69.32 69.355 69.385 69.413 69.485 69.515 69.533 69.545 69.578 69.6
65.213 65.298 65.388 65.438 65.515 65.598 65.655 65.723 65.813 65.86 65.935 66.008 66.048 66.085 66.16 66.225 66.283 66.293 66.363 66.428 66.478 66.56 66.633 66.683 66.743 66.815 66.868 66.955 67.01 67.085 67.143 67.215 67.29 67.348 67.42 67.52 67.61 67.685 67.723 67.768 67.77 67.768 67.84 68.66 69.578 70.145 68.41 68.358 68.388 68.408 68.468 68.538 68.63 68.68 68.745 68.858 68.9 68.983 69.058 69.09 69.14 69.185 69.203 69.238 69.243 69.275 69.323 69.373 69.41 69.423 69.448 69.48 69.5
65.155 65.255 65.335 65.378 65.468 65.525 65.595 65.675 65.738 65.815 65.87 65.935 65.968 66.015 66.118 66.175 66.193 66.243 66.288 66.358 66.423 66.483 66.548 66.595 66.668 66.733 66.805 66.863 66.938 67.013 67.098 67.153 67.21 67.263 67.345 67.438 67.528 67.588 67.688 67.723 67.715 67.715 68.013 69.108 69.783 69.285 68.34 68.283 68.298 68.32 68.383 68.46 68.543 68.585 68.68 68.77 68.825 68.89 68.945 69.01 69.043 69.088 69.123 69.148 69.188 69.2 69.233 69.298 69.338 69.36 69.363 69.39 69.395
65.093 65.183 65.243 65.328 65.388 65.44 65.52 65.603 65.645 65.743 65.795 65.88 65.923 65.968 66.03 66.07 66.108 66.173 66.243 66.275 66.34 66.423 66.465 66.533 66.62 66.653 66.718 66.77 66.84 66.923 66.978 67.055 67.13 67.188 67.243 67.345 67.425 67.498 67.558 67.628 67.63 67.638 67.91 69.118 69.593 68.613 68.185 68.155 68.178 68.235 68.295 68.383 68.438 68.518 68.59 68.675 68.715 68.795 68.863 68.92 68.94 68.975 69.015 69.053 69.088 69.09 69.148 69.2 69.235 69.27 69.28 69.298 69.308
