All_lidar/sz5793_DSM_2M.asc
ncols 500
nrows 500
xllcorner    457000
yllcorner    93000
cellsize     2
NODATA_value -9999
[rows 132 to 164 of 500, columns 0 to 72 of 500]
1.87 1.728 1.708 1.785 1.835 1.87 1.813 1.783 1.793 1.853 1.818 1.838 1.878 1.813 1.855 1.778 1.793 1.83 1.7 1.803 1.755 1.733 1.818 1.863 1.768 1.835 1.785 1.948 2.02 1.753 1.75 1.713 1.795 1.793 1.808 1.773 1.853 1.86 1.668 1.515 1.645 1.698 1.813 1.96 1.94 1.795 1.688 1.695 1.815 1.805 1.81 1.803 1.845 1.858 1.935 1.88 1.868 1.793 1.743 1.73 1.823 1.868 2.023 1.788 1.888 1.783 1.78 1.798 1.743 1.675 1.775 1.9 1.928
1.825 1.71 1.713 1.828 1.968 1.895 1.795 1.818 1.823 1.858 1.79 1.815 1.773 1.788 1.813 1.843 1.805 1.828 1.758 1.843 1.815 1.835 1.873 1.793 1.838 1.79 1.903 1.883 1.82 1.658 1.723 1.698 1.873 1.87 1.8 1.75 1.708 1.77 1.655 1.603 1.718 1.788 1.898 1.955 1.82 1.773 1.803 1.758 1.825 1.845 1.835 1.868 1.848 1.798 1.87 1.788 1.73 1.633 1.71 1.88 1.998 1.828 1.95 1.868 1.728 1.733 1.778 1.763 1.778 1.775 1.848 1.865 1.813
1.73 1.715 1.763 1.893 1.883 1.835 1.785 1.835 1.798 1.823 1.808 1.778 1.783 1.838 1.903 1.838 1.835 1.853 1.77 1.81 1.91 1.835 1.775 1.81 1.858 1.775 1.798 1.76 1.73 1.645 1.76 1.923 1.953 1.753 1.8 1.775 1.735 1.765 1.74 1.678 1.83 1.93 2.005 1.81 1.805 1.68 1.743 1.763 1.77 1.8 1.745 1.705 1.795 1.753 1.823 1.713 1.638 1.643 1.863 1.888 1.923 1.748 1.81 1.725 1.738 1.76 1.753 1.775 1.86 1.823 1.828 1.81 1.773
1.785 1.693 1.78 1.895 1.933 1.778 1.833 1.828 1.785 1.833 1.785 1.825 1.835 1.875 1.89 1.86 1.768 1.848 1.835 2.003 1.838 1.788 1.723 1.838 1.845 1.76 1.763 1.755 1.77 1.76 1.81 2.015 1.855 1.725 1.798 1.735 1.753 1.82 1.81 1.743 1.94 2.035 1.803 1.658 1.675 1.625 1.773 1.83 1.813 1.75 1.648 1.708 1.713 1.78 1.888 1.675 1.66 1.82 1.978 1.888 1.728 1.73 1.735 1.735 1.763 1.738 1.763 1.91 1.96 1.955 1.823 1.825 1.808
1.79 1.805 1.825 2 1.815 1.78 1.825 1.84 1.825 1.82 1.888 1.825 1.875 1.805 1.788 1.77 1.718 1.858 1.885 1.765 1.725 1.82 1.805 1.848 1.865 1.735 1.69 1.805 1.865 1.755 1.935 1.805 1.73 1.695 1.83 1.823 1.84 1.81 1.835 1.875 1.928 1.848 1.688 1.638 1.805 1.795 1.865 2.005 1.808 1.698 1.743 1.68 1.82 1.818 1.79 1.718 1.718 1.895 2.005 1.823 1.73 1.673 1.723 1.77 1.838 1.833 1.905 2.005 1.93 1.818 1.783 1.853 1.815
1.795 1.823 1.86 1.938 1.728 1.765 1.805 1.773 1.86 1.865 1.873 1.823 1.915 1.878 1.768 1.73 1.743 1.898 1.858 1.683 1.683 1.825 1.89 1.87 1.775 1.718 1.813 1.945 1.928 1.828 1.823 1.775 1.743 1.778 1.813 1.808 1.86 1.758 1.82 1.88 1.838 1.673 1.63 1.743 1.905 1.888 1.858 1.928 1.743 1.68 1.793 1.79 1.82 1.748 1.715 1.74 1.848 1.908 1.895 1.793 1.685 1.65 1.875 1.91 1.86 1.918 1.89 2.013 1.82 1.75 1.708 1.858 1.905
1.805 1.825 1.888 1.788 1.76 1.72 1.813 1.86 1.8 1.825 1.828 1.778 1.855 1.81 1.738 1.793 1.893 1.895 1.753 1.69 1.748 1.813 1.933 1.873 1.793 1.745 1.77 1.895 1.875 1.773 1.84 1.805 1.8 1.84 1.815 1.72 1.818 1.833 1.838 1.823 1.735 1.655 1.715 1.773 1.923 1.915 1.825 1.778 1.705 1.745 1.743 1.708 1.825 1.813 1.83 1.728 1.828 1.72 1.798 1.743 1.745 1.723 1.87 1.875 1.92 1.88 1.768 1.818 1.793 1.753 1.695 1.775 1.775
1.865 1.878 1.758 1.705 1.765 1.705 1.793 1.795 1.81 1.745 1.758 1.725 1.743 1.835 1.793 1.845 1.818 1.88 1.765 1.73 1.788 1.88 1.915 1.738 1.735 1.875 1.788 1.843 1.835 1.785 1.843 1.833 1.815 1.805 1.75 1.863 1.805 1.803 1.835 1.863 1.78 1.665 1.74 1.83 1.943 1.983 1.76 1.633 1.76 1.788 1.803 1.8 1.758 1.865 1.753 1.73 1.75 1.798 1.843 1.755 1.628 1.738 1.853 1.973 1.928 1.645 1.675 1.66 1.783 1.855 1.723 1.8 1.788
1.91 1.983 1.805 1.743 1.763 1.785 1.793 1.848 1.765 1.788 1.773 1.72 1.788 1.915 1.89 1.835 1.74 1.78 1.703 1.833 1.87 1.953 1.838 1.738 1.778 1.818 1.855 1.795 1.775 1.738 1.733 1.885 1.785 1.755 1.818 1.848 1.76 1.813 1.833 1.84 1.708 1.61 1.773 1.898 1.86 1.753 1.633 1.67 1.865 1.87 1.7 1.693 1.765 1.833 1.748 1.705 1.825 1.753 1.773 1.813 1.678 1.828 1.903 1.945 1.795 1.64 1.718 1.805 1.873 1.898 1.833 1.773 1.78
1.863 1.688 1.738 1.765 1.873 1.82 1.785 1.933 1.74 1.773 1.793 1.75 1.885 1.888 1.835 1.755 1.793 1.828 1.855 1.85 1.828 1.84 1.74 1.805 1.825 1.78 1.793 1.85 1.768 1.803 1.813 1.825 1.715 1.738 1.848 1.79 1.853 1.795 1.92 1.755 1.748 1.805 1.915 1.905 1.748 1.623 1.738 1.763 1.938 1.83 1.693 1.69 1.773 2.008 1.828 1.695 1.84 1.775 1.775 1.75 1.79 1.868 1.9 1.825 1.665 1.688 1.768 1.713 1.9 1.853 1.858 1.818 1.733
1.833 1.72 1.838 1.82 1.773 1.813 1.723 1.778 1.773 1.84 1.835 1.758 1.85 1.848 1.768 1.763 1.783 1.77 1.898 1.93 1.803 1.735 1.77 1.793 1.83 1.778 1.82 1.808 1.773 1.778 1.78 1.813 1.76 1.873 1.91 1.838 1.86 1.838 1.925 1.723 1.75 1.775 1.945 1.883 1.71 1.645 1.805 1.82 1.9 1.823 1.745 1.753 1.768 1.963 1.75 1.763 1.84 1.805 1.778 1.745 1.818 1.903 1.843 1.775 1.723 1.828 1.77 1.873 1.845 1.815 1.74 1.745 1.79
1.775 1.823 1.763 1.745 1.748 1.788 1.685 1.79 1.86 1.79 1.728 1.755 1.933 1.863 1.795 1.78 1.835 1.83 1.903 1.823 1.735 1.723 1.75 1.798 1.788 1.823 1.858 1.765 1.738 1.793 1.795 1.803 1.868 1.863 1.863 1.83 1.775 1.855 1.863 1.708 1.748 1.795 1.865 1.788 1.785 1.76 2.05 1.84 1.773 1.713 1.798 1.825 1.84 1.918 1.708 1.773 1.788 1.88 1.863 1.843 1.905 1.865 1.8 1.715 1.773 1.793 1.86 1.868 1.808 1.78 1.658 1.75 1.838
1.8 1.868 1.785 1.805 1.725 1.815 1.82 1.85 1.895 1.763 1.733 1.758 1.853 1.855 1.77 1.82 1.79 1.83 1.8 1.725 1.725 1.698 1.805 1.803 1.925 1.883 1.755 1.758 1.77 1.848 1.775 1.793 1.9 1.87 1.823 1.808 1.813 1.823 1.86 1.753 1.698 1.913 1.878 1.828 1.775 1.735 1.885 1.813 1.808 1.788 1.868 1.863 1.853 1.808 1.7 1.77 1.813 1.838 1.84 1.84 1.933 1.773 1.845 1.79 1.8 1.753 1.815 1.765 1.765 1.77 1.64 1.73 1.888
1.813 1.865 1.743 1.758 1.8 1.84 1.818 1.838 1.75 1.79 1.793 1.838 1.865 1.81 1.758 1.838 1.828 1.82 1.758 1.765 1.758 1.89 1.763 1.808 1.833 1.733 1.77 1.738 1.865 1.805 1.823 1.86 1.903 1.76 1.785 1.808 1.76 1.83 1.85 1.745 1.785 1.94 1.805 1.74 1.718 1.873 1.895 1.783 1.878 1.793 1.833 1.858 1.788 1.86 1.738 1.838 1.87 1.803 1.798 1.813 1.865 1.753 1.833 1.76 1.853 1.81 1.78 1.755 1.773 1.758 1.713 1.795 1.883
1.8 1.823 1.778 1.758 1.913 1.853 1.815 1.813 1.765 1.743 1.823 1.928 1.808 1.693 1.74 1.793 1.868 1.748 1.78 1.795 1.745 1.8 1.783 1.83 1.833 1.818 1.818 1.845 1.98 1.865 1.773 1.763 1.855 1.845 1.86 1.813 1.705 1.9 1.78 1.755 1.8 1.853 1.933 1.753 1.773 1.783 1.845 1.818 1.873 1.723 1.7 1.788 1.743 1.795 1.815 1.855 1.808 1.82 1.79 1.765 1.775 1.805 1.79 1.805 1.85 1.835 1.94 1.873 1.813 1.723 1.718 1.84 1.808
1.885 1.805 1.778 1.788 1.823 1.763 1.783 1.81 1.82 1.778 1.763 1.79 1.768 1.788 1.8 1.82 1.798 1.748 1.753 1.848 1.838 1.735 1.778 1.763 1.813 1.853 1.853 1.82 1.865 1.818 1.708 1.768 1.835 1.83 1.763 1.763 1.7 1.755 1.76 1.77 1.823 1.815 1.793 1.823 1.835 1.67 1.89 1.87 1.82 1.75 1.685 1.79 1.778 1.793 1.93 1.878 1.95 1.88 1.77 1.67 1.823 1.815 1.803 1.783 1.775 1.81 1.775 1.71 1.855 1.773 1.798 1.808 1.845
1.825 1.783 1.788 1.828 1.85 1.783 1.88 1.87 1.803 1.778 1.733 1.763 1.815 1.863 1.808 1.795 1.825 1.818 1.828 1.843 1.83 1.858 1.673 1.815 1.835 1.835 1.76 1.863 1.778 1.793 1.748 1.698 1.8 1.85 1.703 1.775 1.773 1.77 1.793 1.87 1.855 1.745 1.815 1.76 1.74 1.73 1.765 1.858 1.865 1.768 1.765 1.82 1.808 1.773 1.84 1.798 1.825 1.888 1.673 1.758 1.843 1.838 1.795 1.92 1.773 1.78 1.77 1.838 1.863 1.83 1.79 1.968 1.945
1.863 1.863 1.833 1.828 1.855 1.73 1.858 1.915 1.778 1.713 1.82 1.783 1.853 1.848 1.738 1.758 1.878 1.903 1.868 1.845 1.78 1.79 1.683 1.855 1.838 1.828 1.74 1.728 1.788 1.738 1.753 1.768 1.868 1.843 1.728 1.698 1.763 1.758 1.74 1.855 1.825 1.75 1.805 1.705 1.745 1.788 1.828 1.825 1.825 1.785 1.823 1.833 1.79 1.923 1.8 1.78 1.823 1.75 1.685 1.795 1.888 1.868 1.825 1.818 1.748 1.793 1.765 1.83 1.843 1.873 1.843 2.083 1.925
1.84 1.81 1.793 1.825 1.753 1.815 1.875 1.82 1.708 1.718 1.798 1.853 1.77 1.765 1.785 1.73 1.868 1.85 1.865 1.825 1.66 1.773 1.715 1.838 1.833 1.76 1.738 1.655 1.78 1.773 1.78 1.763 1.865 1.838 1.7 1.685 1.825 1.898 1.77 1.823 1.825 1.72 1.78 1.778 1.833 1.8 1.76 1.833 1.86 1.895 1.768 1.853 1.948 1.918 1.765 1.835 1.815 1.838 1.763 1.88 1.838 1.91 1.768 1.868 1.805 1.835 1.793 1.85 1.885 1.763 1.81 1.808 1.858
1.848 1.765 1.875 1.79 1.675 1.758 1.843 1.743 1.68 1.765 1.733 1.748 1.655 1.86 1.863 1.793 1.883 1.79 1.813 1.758 1.695 1.74 1.755 1.823 1.828 1.69 1.695 1.778 1.878 1.78 1.723 1.765 1.885 1.723 1.625 1.743 1.835 1.92 1.805 1.888 1.793 1.708 1.808 1.85 1.933 1.825 1.778 1.903 1.868 1.81 1.86 1.9 1.858 1.8 1.778 1.758 1.695 1.768 1.828 1.863 1.87 1.843 1.728 1.91 1.763 1.723 1.805 1.855 1.975 1.74 1.808 1.795 1.805
1.833 1.74 1.805 1.735 1.715 1.788 1.803 1.723 1.765 1.853 1.758 1.755 1.768 1.865 1.845 1.77 1.775 1.708 1.798 1.793 1.835 1.93 1.878 1.873 1.795 1.725 1.69 1.753 1.96 1.795 1.733 1.823 1.808 1.738 1.673 1.855 1.833 1.873 1.805 1.665 1.76 1.8 1.81 1.738 1.823 1.778 1.728 1.838 1.83 1.773 1.83 1.833 1.805 1.743 1.728 1.788 1.723 1.775 1.8 1.863 1.785 1.758 1.775 1.793 1.738 1.788 1.838 1.86 1.805 1.675 1.708 1.86 1.83
1.765 1.718 1.745 1.693 1.768 1.788 1.808 1.785 1.74 1.795 1.79 1.745 1.783 1.87 1.795 1.718 1.71 1.8 1.79 1.935 1.845 1.8 1.758 1.74 1.748 1.763 1.748 1.823 1.86 1.803 1.833 1.763 1.698 1.688 1.85 1.91 1.813 1.848 1.795 1.703 1.815 1.82 1.905 1.765 1.803 1.898 1.8 1.795 1.84 1.77 1.84 1.84 1.765 1.725 1.72 1.758 1.775 1.843 1.87 1.843 1.825 1.85 1.843 1.798 1.883 1.81 1.825 1.838 1.785 1.66 1.773 1.905 1.833
1.848 1.788 1.668 1.748 1.813 1.91 1.81 1.79 1.733 1.898 1.915 1.743 1.765 1.823 1.768 1.765 1.785 1.815 1.865 1.938 1.855 1.75 1.683 1.778 1.823 1.77 1.843 1.913 1.833 1.755 1.763 1.755 1.715 1.725 1.92 1.968 1.725 1.688 1.783 1.68 1.743 1.915 1.853 1.773 1.78 1.835 1.75 1.79 1.813 1.843 1.745 1.753 1.77 1.67 1.81 1.833 1.84 1.895 1.82 1.798 1.738 1.675 1.738 1.833 1.873 1.868 1.785 1.773 1.768 1.743 1.883 1.933 1.778
1.848 1.813 1.778 1.945 1.998 1.835 1.763 1.825 1.763 1.838 1.748 1.7 1.745 1.843 1.778 1.888 1.883 1.788 1.873 1.915 1.753 1.835 1.68 1.875 1.77 1.79 1.81 1.843 1.763 1.833 1.763 1.785 1.723 1.753 1.883 1.82 1.693 1.755 1.868 1.71 1.69 1.89 1.855 1.725 1.773 1.745 1.785 1.755 1.803 1.828 1.715 1.77 1.733 1.803 1.883 1.818 1.85 1.783 1.738 1.798 1.64 1.69 1.755 1.768 1.885 1.863 1.67 1.83 1.878 1.808 1.843 1.88 1.813
1.828 1.83 1.828 1.915 1.898 1.698 1.768 1.828 1.838 1.793 1.718 1.683 1.765 1.838 1.823 1.858 1.793 1.728 1.87 1.833 1.753 1.725 1.755 1.883 1.805 1.795 1.823 1.823 1.833 1.74 1.755 1.75 1.71 1.755 1.895 1.785 1.718 1.82 1.803 1.64 1.715 1.858 1.838 1.778 1.703 1.74 1.828 1.753 1.76 1.728 1.73 1.755 1.82 1.89 1.865 1.685 1.815 1.74 1.888 1.738 1.653 1.85 1.805 1.863 1.843 1.74 1.715 1.868 1.865 1.81 1.92 1.893 1.885
1.838 1.865 1.763 1.848 1.763 1.705 1.745 1.915 1.845 1.715 1.71 1.8 2.01 1.925 1.758 1.73 1.748 1.765 1.855 1.8 1.765 1.76 1.833 1.843 1.8 1.743 1.85 1.943 1.808 1.683 1.778 1.743 1.71 1.915 1.835 1.798 1.69 1.745 1.758 1.753 1.79 1.84 1.795 1.715 1.675 1.76 1.828 1.803 1.753 1.723 1.683 1.79 1.958 1.895 1.793 1.633 1.765 1.818 1.793 1.768 1.783 1.865 1.773 1.835 1.745 1.73 1.71 1.85 1.865 1.85 1.78 1.755 1.825
1.76 1.875 1.765 1.783 1.718 1.753 1.78 1.9 1.863 1.745 1.775 1.855 1.868 1.71 1.62 1.755 1.853 1.783 1.72 1.868 1.918 1.823 1.795 1.87 1.738 1.763 1.893 1.853 1.673 1.64 1.803 1.865 1.848 1.843 1.728 1.678 1.758 1.8 1.808 1.845 1.798 1.838 1.853 1.76 1.77 1.793 1.845 1.845 1.753 1.753 1.738 1.878 1.91 1.873 1.75 1.653 1.74 1.775 1.75 1.815 1.918 1.88 1.835 1.783 1.698 1.833 1.893 1.905 1.958 1.868 1.658 1.713 1.773
1.81 1.918 1.83 1.738 1.785 1.778 1.713 1.853 1.795 1.755 1.72 1.763 1.725 1.73 1.67 1.768 1.81 1.813 1.793 1.863 1.858 1.8 1.778 1.798 1.75 1.715 1.728 1.775 1.61 1.745 1.843 1.9 1.838 1.79 1.688 1.723 1.915 1.858 1.783 1.763 1.793 1.878 1.798 1.78 1.79 1.833 1.823 1.818 1.678 1.778 1.755 1.818 1.85 1.83 1.688 1.753 1.75 1.783 1.85 1.83 1.835 1.765 1.8 1.77 1.875 1.905 1.9 1.923 1.943 1.775 1.663 1.7 1.788
1.795 1.833 1.728 1.718 1.713 1.805 1.74 1.91 1.898 1.85 1.735 1.743 1.735 1.763 1.693 1.758 1.795 1.828 1.77 1.848 1.833 1.77 1.723 1.753 1.763 1.713 1.688 1.71 1.695 1.815 2.025 1.89 1.89 1.81 1.71 1.748 1.88 1.823 1.753 1.865 1.778 1.833 1.778 1.733 1.775 1.878 1.85 1.788 1.715 1.775 1.813 1.86 1.86 1.808 1.708 1.755 1.878 1.83 1.9 1.748 1.825 1.79 1.758 1.773 1.765 1.89 1.833 1.76 1.77 1.71 1.688 1.795 1.813
1.778 1.72 1.673 1.84 1.8 1.855 1.82 1.868 1.868 1.793 1.743 1.798 1.763 1.825 1.78 1.783 1.825 1.828 1.783 1.915 1.743 1.813 1.998 1.885 1.703 1.725 1.768 1.8 1.838 1.893 1.913 1.81 1.81 1.733 1.733 1.825 1.858 1.793 1.72 1.86 1.748 1.738 1.74 1.818 1.768 1.82 1.76 1.695 1.735 1.9 1.783 1.855 1.645 1.713 1.778 1.793 1.973 1.958 1.85 1.775 1.868 1.735 1.818 1.788 1.855 1.928 1.843 1.76 1.7 1.72 1.758 1.763 1.905
1.81 1.805 1.78 1.868 1.815 1.84 1.873 1.78 1.8 1.748 1.645 1.855 1.8 1.86 1.873 1.85 1.815 1.758 1.798 1.91 1.883 1.823 1.858 1.768 1.658 1.77 1.778 1.908 1.885 1.808 1.828 1.71 1.7 1.743 1.8 1.755 1.748 1.77 1.828 1.898 1.695 1.708 1.808 1.778 1.795 1.793 1.813 1.748 1.718 1.895 1.855 1.758 1.64 1.755 1.778 1.818 1.89 1.828 1.755 1.743 1.795 1.795 1.823 1.88 1.893 1.77 1.805 1.76 1.72 1.728 1.763 1.833 1.905
1.758 1.735 1.823 1.91 1.9 1.953 1.843 1.74 1.74 1.728 1.7 1.768 1.853 1.8 1.833 1.728 1.755 1.81 1.833 1.763 1.813 1.765 1.745 1.743 1.745 1.835 1.793 1.845 1.805 1.74 1.728 1.75 1.75 1.84 1.813 1.79 1.745 1.888 1.86 1.758 1.673 1.733 1.788 1.763 1.768 1.803 1.81 1.73 1.785 1.93 1.755 1.668 1.758 1.745 1.793 1.85 1.823 1.848 1.755 1.683 1.818 1.8 1.865 1.763 1.728 1.73 1.693 1.83 1.815 1.873 1.795 1.855 1.88
1.848 1.765 1.853 1.943 1.865 1.85 1.688 1.578 1.768 1.755 1.75 1.828 1.94 1.803 1.788 1.708 1.725 1.84 1.843 1.768 1.693 1.665 1.715 1.76 1.843 1.835 1.803 1.85 1.735 1.653 1.745 1.835 1.723 1.818 1.815 1.783 1.783 1.838 1.733 1.685 1.71 1.785 1.81 1.853 1.83 1.828 1.798 1.733 1.813 1.9 1.718 1.653 1.825 1.793 1.818 1.85 1.773 1.793 1.723 1.703 1.865 1.76 1.778 1.803 1.718 1.708 1.728 1.735 1.838 1.785 1.843 1.8 1.848
