All_lidar/sz5794_DSM_2M.asc
ncols 500
nrows 500
xllcorner    457000
yllcorner    94000
cellsize     2
NODATA_value -9999
[rows 408 to 441 of 500, columns 225 to 299 of 500]
-2.303 -2.198 -2.165 -2.22 -2.193 -2.195 -2.245 -2.18 -2.148 -2.223 -2.205 -2.213 -2.22 -2.173 -2.188 -2.178 -2.18 -2.175 -2.245 -2.225 -2.098 -2.203 -2.245 -2.215 -2.195 -2.125 -2.105 -2.165 -2.143 -2.168 -2.188 -2.135 -2.22 -2.185 -2.16 -2.2 -2.163 -2.123 -2.265 -2.188 -2.168 -2.12 -2.225 -2.183 -2.138 -2.205 -2.178 -2.123 -2.213 -2.138 -2.165 -2.19 -2.203 -2.243 -2.15 -2.183 -2.17 -2.163 -2.17 -2.173 -2.228 -2.235 -2.19 -2.193 -2.238 -2.205 -2.158 -2.163 -2.135 -2.075 -2.158 -2.19 -2.163 -2.138 -2.238
-2.255 -2.193 -2.165 -2.208 -2.225 -2.198 -2.26 -2.21 -2.145 -2.18 -2.165 -2.173 -2.188 -2.2 -2.203 -2.205 -2.165 -2.218 -2.228 -2.223 -2.168 -2.21 -2.125 -2.223 -2.215 -2.163 -2.145 -2.175 -2.2 -2.175 -2.183 -2.135 -2.12 -2.178 -2.218 -2.203 -2.18 -2.155 -2.225 -2.205 -2.2 -2.125 -2.208 -2.178 -2.115 -2.17 -2.175 -2.23 -2.168 -2.143 -2.228 -2.158 -2.26 -2.215 -2.133 -2.195 -2.16 -2.193 -2.165 -2.145 -2.185 -2.265 -2.2 -2.148 -2.275 -2.228 -2.145 -2.178 -2.135 -2.15 -2.15 -2.205 -2.19 -2.13 -2.2
-2.205 -2.203 -2.153 -2.163 -2.223 -2.163 -2.258 -2.215 -2.093 -2.185 -2.205 -2.218 -2.143 -2.205 -2.168 -2.183 -2.163 -2.17 -2.178 -2.255 -2.233 -2.173 -2.1 -2.225 -2.205 -2.113 -2.195 -2.133 -2.153 -2.188 -2.208 -2.148 -2.2 -2.198 -2.22 -2.198 -2.185 -2.235 -2.175 -2.15 -2.168 -2.118 -2.188 -2.188 -2.233 -2.155 -2.183 -2.195 -2.175 -2.145 -2.19 -2.143 -2.24 -2.15 -2.155 -2.19 -2.133 -2.085 -2.143 -2.193 -2.163 -2.253 -2.198 -2.13 -2.203 -2.218 -2.23 -2.183 -2.208 -2.14 -2.158 -2.185 -2.195 -2.13 -2.15
-2.173 -2.175 -2.163 -2.18 -2.253 -2.218 -2.243 -2.253 -2.155 -2.178 -2.233 -2.22 -2.155 -2.213 -2.23 -2.105 -2.22 -2.243 -2.188 -2.228 -2.258 -2.11 -2.083 -2.265 -2.205 -2.085 -2.243 -2.19 -2.118 -2.163 -2.208 -2.123 -2.183 -2.215 -2.215 -2.153 -2.183 -2.218 -2.178 -2.148 -2.253 -2.128 -2.165 -2.198 -2.165 -2.185 -2.173 -2.235 -2.19 -2.138 -2.203 -2.17 -2.198 -2.195 -2.143 -2.168 -2.16 -2.11 -2.21 -2.168 -2.155 -2.218 -2.208 -2.163 -2.19 -2.265 -2.168 -2.14 -2.223 -2.178 -2.188 -2.18 -2.203 -2.173 -2.178
-2.145 -2.165 -2.208 -2.163 -2.173 -2.25 -2.27 -2.273 -2.093 -2.143 -2.27 -2.19 -2.183 -2.208 -2.263 -2.2 -2.175 -2.255 -2.168 -2.17 -2.255 -2.118 -2.188 -2.23 -2.205 -2.15 -2.163 -2.23 -2.06 -2.148 -2.193 -2.133 -2.158 -2.18 -2.208 -2.218 -2.165 -2.235 -2.175 -2.15 -2.188 -2.133 -2.193 -2.21 -2.128 -2.145 -2.165 -2.22 -2.18 -2.185 -2.178 -2.15 -2.148 -2.183 -2.163 -2.225 -2.115 -2.11 -2.193 -2.148 -2.238 -2.193 -2.233 -2.195 -2.155 -2.223 -2.178 -2.208 -2.208 -2.138 -2.173 -2.15 -2.208 -2.22 -2.18
-2.14 -2.133 -2.213 -2.208 -2.158 -2.185 -2.275 -2.235 -2.115 -2.16 -2.213 -2.195 -2.188 -2.195 -2.25 -2.188 -2.188 -2.205 -2.16 -2.22 -2.265 -2.138 -2.193 -2.225 -2.183 -2.19 -2.183 -2.238 -2.118 -2.158 -2.208 -2.16 -2.12 -2.178 -2.203 -2.193 -2.205 -2.233 -2.175 -2.153 -2.193 -2.12 -2.19 -2.18 -2.108 -2.103 -2.19 -2.24 -2.215 -2.148 -2.163 -2.17 -2.238 -2.17 -2.175 -2.215 -2.13 -2.125 -2.16 -2.168 -2.185 -2.18 -2.223 -2.153 -2.16 -2.193 -2.203 -2.263 -2.205 -2.16 -2.14 -2.135 -2.21 -2.235 -2.225
-2.153 -2.098 -2.14 -2.155 -2.183 -2.195 -2.253 -2.228 -2.155 -2.218 -2.18 -2.238 -2.135 -2.208 -2.24 -2.18 -2.25 -2.27 -2.228 -2.18 -2.188 -2.113 -2.208 -2.218 -2.158 -2.17 -2.21 -2.205 -2.11 -2.16 -2.225 -2.183 -2.195 -2.168 -2.21 -2.23 -2.163 -2.193 -2.185 -2.153 -2.175 -2.12 -2.218 -2.183 -2.163 -2.123 -2.17 -2.178 -2.158 -2.183 -2.178 -2.098 -2.208 -2.185 -2.158 -2.203 -2.168 -2.125 -2.18 -2.173 -2.168 -2.193 -2.198 -2.148 -2.245 -2.168 -2.158 -2.26 -2.245 -2.108 -2.163 -2.2 -2.16 -2.19 -2.228
-2.26 -2.16 -2.103 -2.198 -2.183 -2.165 -2.208 -2.205 -2.17 -2.168 -2.185 -2.183 -2.183 -2.21 -2.2 -2.195 -2.215 -2.208 -2.138 -2.253 -2.17 -2.115 -2.235 -2.188 -2.175 -2.185 -2.223 -2.198 -2.17 -2.158 -2.19 -2.17 -2.19 -2.148 -2.13 -2.185 -2.195 -2.243 -2.168 -2.21 -2.163 -2.153 -2.245 -2.15 -2.163 -2.155 -2.153 -2.14 -2.145 -2.15 -2.138 -2.155 -2.208 -2.17 -2.128 -2.143 -2.175 -2.088 -2.195 -2.158 -2.128 -2.215 -2.183 -2.125 -2.243 -2.183 -2.143 -2.215 -2.213 -2.173 -2.188 -2.175 -2.205 -2.18 -2.193
-2.235 -2.153 -2.068 -2.138 -2.205 -2.158 -2.188 -2.235 -2.228 -2.198 -2.173 -2.145 -2.153 -2.265 -2.213 -2.19 -2.19 -2.175 -2.17 -2.288 -2.155 -2.068 -2.263 -2.263 -2.163 -2.243 -2.205 -2.21 -2.125 -2.19 -2.225 -2.16 -2.175 -2.165 -2.198 -2.208 -2.163 -2.22 -2.233 -2.155 -2.163 -2.16 -2.153 -2.173 -2.155 -2.15 -2.183 -2.128 -2.158 -2.205 -2.183 -2.163 -2.225 -2.205 -2.133 -2.195 -2.185 -2.08 -2.21 -2.125 -2.133 -2.2 -2.12 -2.185 -2.23 -2.198 -2.153 -2.21 -2.148 -2.21 -2.165 -2.23 -2.168 -2.188 -2.215
-2.243 -2.18 -2.11 -2.15 -2.198 -2.153 -2.188 -2.208 -2.253 -2.175 -2.18 -2.208 -2.133 -2.16 -2.208 -2.213 -2.25 -2.188 -2.163 -2.253 -2.155 -2.115 -2.165 -2.245 -2.198 -2.193 -2.188 -2.23 -2.148 -2.153 -2.268 -2.163 -2.153 -2.148 -2.23 -2.235 -2.188 -2.19 -2.133 -2.163 -2.18 -2.18 -2.18 -2.145 -2.138 -2.16 -2.17 -2.123 -2.15 -2.178 -2.25 -2.213 -2.185 -2.223 -2.118 -2.158 -2.133 -2.138 -2.15 -2.125 -2.225 -2.158 -2.163 -2.193 -2.173 -2.193 -2.193 -2.183 -2.193 -2.168 -2.163 -2.15 -2.148 -2.243 -2.22
-2.2 -2.175 -2.115 -2.195 -2.203 -2.145 -2.178 -2.208 -2.23 -2.188 -2.195 -2.178 -2.203 -2.135 -2.195 -2.253 -2.263 -2.128 -2.193 -2.19 -2.19 -2.165 -2.208 -2.203 -2.26 -2.268 -2.16 -2.213 -2.163 -2.133 -2.18 -2.155 -2.163 -2.198 -2.25 -2.16 -2.11 -2.26 -2.165 -2.133 -2.178 -2.195 -2.185 -2.183 -2.163 -2.185 -2.128 -2.215 -2.138 -2.188 -2.21 -2.185 -2.178 -2.185 -2.165 -2.145 -2.138 -2.19 -2.14 -2.16 -2.21 -2.16 -2.135 -2.148 -2.178 -2.183 -2.258 -2.163 -2.193 -2.193 -2.145 -2.145 -2.128 -2.188 -2.218
-2.173 -2.133 -2.093 -2.13 -2.205 -2.165 -2.148 -2.25 -2.2 -2.175 -2.208 -2.158 -2.178 -2.153 -2.223 -2.218 -2.215 -2.175 -2.195 -2.205 -2.198 -2.158 -2.228 -2.205 -2.21 -2.205 -2.2 -2.225 -2.165 -2.17 -2.178 -2.138 -2.23 -2.208 -2.233 -2.183 -2.11 -2.205 -2.173 -2.16 -2.175 -2.158 -2.18 -2.203 -2.135 -2.178 -2.18 -2.19 -2.135 -2.128 -2.21 -2.18 -2.188 -2.173 -2.178 -2.118 -2.15 -2.195 -2.135 -2.2 -2.153 -2.13 -2.138 -2.173 -2.183 -2.193 -2.253 -2.148 -2.198 -2.178 -2.17 -2.188 -2.188 -2.143 -2.198
-2.173 -2.105 -2.15 -2.188 -2.238 -2.183 -2.183 -2.203 -2.158 -2.148 -2.158 -2.135 -2.17 -2.14 -2.21 -2.228 -2.213 -2.188 -2.14 -2.18 -2.243 -2.178 -2.203 -2.238 -2.178 -2.25 -2.135 -2.193 -2.17 -2.145 -2.21 -2.19 -2.155 -2.213 -2.225 -2.193 -2.15 -2.148 -2.148 -2.163 -2.215 -2.133 -2.16 -2.153 -2.188 -2.158 -2.178 -2.165 -2.165 -2.128 -2.29 -2.183 -2.213 -2.19 -2.203 -2.143 -2.183 -2.163 -2.2 -2.215 -2.118 -2.178 -2.148 -2.14 -2.193 -2.19 -2.188 -2.13 -2.15 -2.14 -2.175 -2.183 -2.193 -2.178 -2.21
-2.13 -2.105 -2.185 -2.185 -2.225 -2.178 -2.178 -2.2 -2.185 -2.158 -2.138 -2.198 -2.12 -2.205 -2.195 -2.21 -2.245 -2.218 -2.198 -2.155 -2.213 -2.185 -2.183 -2.19 -2.228 -2.255 -2.185 -2.21 -2.165 -2.118 -2.175 -2.215 -2.16 -2.19 -2.258 -2.238 -2.15 -2.18 -2.163 -2.155 -2.245 -2.168 -2.153 -2.155 -2.193 -2.125 -2.143 -2.153 -2.135 -2.198 -2.22 -2.173 -2.21 -2.208 -2.17 -2.153 -2.165 -2.168 -2.203 -2.198 -2.133 -2.203 -2.195 -2.103 -2.203 -2.24 -2.225 -2.15 -2.173 -2.145 -2.16 -2.23 -2.225 -2.175 -2.178
-2.19 -2.123 -2.175 -2.178 -2.168 -2.165 -2.195 -2.185 -2.22 -2.125 -2.16 -2.14 -2.175 -2.243 -2.19 -2.165 -2.208 -2.21 -2.205 -2.18 -2.18 -2.163 -2.188 -2.235 -2.283 -2.205 -2.18 -2.325 -2.18 -2.098 -2.185 -2.24 -2.19 -2.175 -2.26 -2.14 -2.15 -2.193 -2.235 -2.19 -2.195 -2.2 -2.13 -2.138 -2.215 -2.155 -2.165 -2.2 -2.195 -2.198 -2.188 -2.2 -2.173 -2.2 -2.183 -2.15 -2.175 -2.183 -2.183 -2.193 -2.188 -2.16 -2.178 -2.083 -2.168 -2.228 -2.213 -2.158 -2.158 -2.123 -2.148 -2.233 -2.263 -2.123 -2.185
-2.138 -2.163 -2.158 -2.158 -2.19 -2.193 -2.15 -2.205 -2.19 -2.145 -2.135 -2.135 -2.153 -2.168 -2.158 -2.16 -2.205 -2.233 -2.158 -2.193 -2.158 -2.145 -2.168 -2.303 -2.265 -2.158 -2.165 -2.225 -2.188 -2.13 -2.158 -2.293 -2.245 -2.158 -2.225 -2.18 -2.14 -2.223 -2.175 -2.155 -2.238 -2.183 -2.15 -2.203 -2.203 -2.19 -2.163 -2.143 -2.188 -2.158 -2.17 -2.158 -2.188 -2.173 -2.188 -2.145 -2.163 -2.21 -2.14 -2.22 -2.183 -2.213 -2.208 -2.185 -2.125 -2.193 -2.175 -2.195 -2.17 -2.153 -2.12 -2.205 -2.255 -2.115 -2.208
-2.168 -2.155 -2.16 -2.208 -2.17 -2.16 -2.148 -2.18 -2.185 -2.185 -2.183 -2.118 -2.195 -2.185 -2.15 -2.218 -2.24 -2.19 -2.158 -2.178 -2.245 -2.19 -2.195 -2.238 -2.265 -2.168 -2.198 -2.265 -2.14 -2.228 -2.183 -2.25 -2.185 -2.165 -2.188 -2.14 -2.153 -2.185 -2.138 -2.17 -2.245 -2.195 -2.155 -2.203 -2.198 -2.163 -2.19 -2.153 -2.213 -2.213 -2.203 -2.178 -2.163 -2.14 -2.143 -2.125 -2.21 -2.23 -2.098 -2.19 -2.198 -2.153 -2.158 -2.16 -2.165 -2.205 -2.163 -2.163 -2.198 -2.138 -2.16 -2.2 -2.23 -2.108 -2.213
-2.215 -2.155 -2.155 -2.233 -2.18 -2.19 -2.133 -2.175 -2.215 -2.21 -2.18 -2.14 -2.228 -2.173 -2.165 -2.168 -2.185 -2.178 -2.143 -2.2 -2.178 -2.173 -2.225 -2.24 -2.25 -2.17 -2.225 -2.24 -2.19 -2.228 -2.183 -2.2 -2.155 -2.23 -2.2 -2.16 -2.168 -2.173 -2.18 -2.203 -2.213 -2.183 -2.203 -2.248 -2.178 -2.108 -2.135 -2.14 -2.195 -2.195 -2.153 -2.163 -2.153 -2.15 -2.138 -2.148 -2.235 -2.255 -2.105 -2.173 -2.165 -2.225 -2.17 -2.195 -2.14 -2.21 -2.123 -2.13 -2.223 -2.113 -2.19 -2.173 -2.225 -2.15 -2.208
-2.175 -2.168 -2.188 -2.13 -2.178 -2.228 -2.18 -2.163 -2.205 -2.21 -2.153 -2.158 -2.218 -2.178 -2.173 -2.148 -2.205 -2.198 -2.145 -2.218 -2.185 -2.14 -2.2 -2.193 -2.223 -2.228 -2.2 -2.198 -2.195 -2.19 -2.183 -2.19 -2.178 -2.248 -2.213 -2.145 -2.135 -2.23 -2.128 -2.205 -2.15 -2.245 -2.223 -2.228 -2.233 -2.15 -2.175 -2.178 -2.208 -2.173 -2.145 -2.21 -2.15 -2.173 -2.118 -2.223 -2.188 -2.205 -2.143 -2.168 -2.23 -2.208 -2.16 -2.2 -2.175 -2.265 -2.15 -2.15 -2.23 -2.075 -2.153 -2.235 -2.208 -2.158 -2.18
-2.158 -2.185 -2.255 -2.225 -2.185 -2.223 -2.183 -2.123 -2.218 -2.21 -2.11 -2.16 -2.198 -2.208 -2.225 -2.16 -2.21 -2.195 -2.14 -2.143 -2.145 -2.133 -2.193 -2.193 -2.18 -2.243 -2.238 -2.16 -2.225 -2.233 -2.158 -2.213 -2.175 -2.22 -2.258 -2.188 -2.13 -2.155 -2.208 -2.193 -2.14 -2.21 -2.198 -2.175 -2.215 -2.233 -2.123 -2.213 -2.19 -2.175 -2.16 -2.188 -2.148 -2.188 -2.218 -2.283 -2.185 -2.15 -2.18 -2.2 -2.155 -2.17 -2.168 -2.193 -2.208 -2.183 -2.18 -2.185 -2.185 -2.158 -2.168 -2.213 -2.188 -2.17 -2.203
-2.178 -2.188 -2.205 -2.18 -2.15 -2.193 -2.173 -2.228 -2.2 -2.198 -2.173 -2.208 -2.18 -2.185 -2.195 -2.183 -2.195 -2.223 -2.125 -2.115 -2.2 -2.18 -2.188 -2.175 -2.155 -2.29 -2.203 -2.158 -2.215 -2.225 -2.165 -2.188 -2.195 -2.18 -2.223 -2.24 -2.185 -2.143 -2.243 -2.233 -2.188 -2.188 -2.19 -2.15 -2.218 -2.26 -2.168 -2.15 -2.195 -2.16 -2.12 -2.193 -2.17 -2.113 -2.185 -2.225 -2.165 -2.2 -2.188 -2.165 -2.183 -2.13 -2.193 -2.195 -2.213 -2.188 -2.183 -2.158 -2.15 -2.223 -2.19 -2.228 -2.19 -2.105 -2.175
-2.22 -2.155 -2.18 -2.228 -2.19 -2.178 -2.205 -2.258 -2.158 -2.178 -2.19 -2.243 -2.163 -2.143 -2.213 -2.163 -2.188 -2.213 -2.103 -2.113 -2.22 -2.235 -2.175 -2.17 -2.163 -2.235 -2.15 -2.188 -2.2 -2.215 -2.245 -2.163 -2.2 -2.175 -2.183 -2.23 -2.19 -2.153 -2.253 -2.15 -2.15 -2.215 -2.208 -2.183 -2.203 -2.24 -2.245 -2.198 -2.2 -2.173 -2.143 -2.183 -2.173 -2.145 -2.165 -2.205 -2.163 -2.24 -2.195 -2.18 -2.188 -2.108 -2.18 -2.175 -2.19 -2.183 -2.185 -2.213 -2.125 -2.235 -2.183 -2.183 -2.163 -2.173 -2.245
-2.16 -2.2 -2.163 -2.22 -2.173 -2.168 -2.183 -2.258 -2.195 -2.183 -2.203 -2.218 -2.153 -2.205 -2.18 -2.183 -2.243 -2.208 -2.093 -2.17 -2.173 -2.193 -2.185 -2.165 -2.13 -2.235 -2.148 -2.213 -2.178 -2.183 -2.27 -2.243 -2.245 -2.21 -2.208 -2.208 -2.168 -2.2 -2.178 -2.188 -2.148 -2.198 -2.21 -2.175 -2.19 -2.268 -2.228 -2.135 -2.17 -2.16 -2.1 -2.173 -2.145 -2.193 -2.225 -2.218 -2.18 -2.203 -2.208 -2.118 -2.153 -2.09 -2.21 -2.165 -2.163 -2.168 -2.165 -2.173 -2.15 -2.178 -2.198 -2.17 -2.165 -2.208 -2.203
-2.205 -2.188 -2.123 -2.203 -2.193 -2.178 -2.2 -2.268 -2.225 -2.153 -2.213 -2.243 -2.263 -2.248 -2.195 -2.148 -2.205 -2.19 -2.198 -2.173 -2.208 -2.173 -2.188 -2.15 -2.173 -2.235 -2.16 -2.28 -2.195 -2.18 -2.238 -2.223 -2.2 -2.185 -2.255 -2.218 -2.203 -2.218 -2.23 -2.208 -2.16 -2.2 -2.263 -2.203 -2.165 -2.225 -2.24 -2.185 -2.155 -2.248 -2.183 -2.193 -2.123 -2.17 -2.173 -2.178 -2.2 -2.198 -2.205 -2.155 -2.185 -2.168 -2.185 -2.193 -2.193 -2.18 -2.18 -2.115 -2.175 -2.208 -2.295 -2.155 -2.17 -2.223 -2.23
-2.175 -2.175 -2.178 -2.18 -2.145 -2.2 -2.188 -2.16 -2.188 -2.148 -2.205 -2.215 -2.205 -2.203 -2.143 -2.168 -2.193 -2.158 -2.16 -2.168 -2.188 -2.138 -2.16 -2.145 -2.193 -2.18 -2.165 -2.24 -2.165 -2.17 -2.205 -2.2 -2.19 -2.203 -2.233 -2.19 -2.24 -2.14 -2.133 -2.255 -2.168 -2.23 -2.215 -2.168 -2.183 -2.278 -2.233 -2.178 -2.083 -2.255 -2.17 -2.143 -2.203 -2.173 -2.195 -2.173 -2.173 -2.193 -2.205 -2.188 -2.145 -2.215 -2.153 -2.203 -2.205 -2.195 -2.128 -2.133 -2.123 -2.145 -2.243 -2.168 -2.148 -2.175 -2.185
-2.215 -2.185 -2.175 -2.163 -2.138 -2.11 -2.153 -2.14 -2.185 -2.183 -2.23 -2.238 -2.205 -2.215 -2.143 -2.128 -2.185 -2.138 -2.175 -2.168 -2.195 -2.188 -2.145 -2.193 -2.245 -2.143 -2.12 -2.203 -2.188 -2.185 -2.155 -2.2 -2.183 -2.15 -2.165 -2.223 -2.198 -2.123 -2.16 -2.215 -2.183 -2.2 -2.238 -2.168 -2.265 -2.25 -2.205 -2.243 -2.138 -2.228 -2.208 -2.14 -2.195 -2.155 -2.208 -2.223 -2.173 -2.163 -2.273 -2.238 -2.153 -2.165 -2.153 -2.183 -2.21 -2.203 -2.085 -2.205 -2.148 -2.198 -2.235 -2.19 -2.188 -2.168 -2.185
-2.195 -2.19 -2.22 -2.158 -2.163 -2.14 -2.153 -2.165 -2.17 -2.238 -2.215 -2.123 -2.18 -2.235 -2.153 -2.185 -2.22 -2.2 -2.168 -2.218 -2.22 -2.165 -2.185 -2.153 -2.163 -2.19 -2.153 -2.22 -2.193 -2.188 -2.135 -2.188 -2.215 -2.165 -2.083 -2.255 -2.245 -2.125 -2.223 -2.208 -2.165 -2.165 -2.248 -2.183 -2.283 -2.255 -2.21 -2.203 -2.19 -2.165 -2.138 -2.125 -2.18 -2.128 -2.18 -2.218 -2.185 -2.185 -2.195 -2.225 -2.145 -2.15 -2.23 -2.105 -2.193 -2.205 -2.118 -2.19 -2.213 -2.208 -2.158 -2.098 -2.178 -2.138 -2.185
-2.183 -2.2 -2.18 -2.19 -2.205 -2.155 -2.153 -2.238 -2.135 -2.258 -2.148 -2.2 -2.163 -2.215 -2.165 -2.098 -2.208 -2.24 -2.215 -2.17 -2.193 -2.218 -2.238 -2.21 -2.185 -2.24 -2.208 -2.205 -2.183 -2.2 -2.14 -2.235 -2.175 -2.188 -2.17 -2.213 -2.18 -2.155 -2.198 -2.173 -2.21 -2.233 -2.22 -2.15 -2.175 -2.245 -2.253 -2.215 -2.205 -2.193 -2.148 -2.175 -2.175 -2.15 -2.218 -2.24 -2.165 -2.17 -2.193 -2.233 -2.128 -2.165 -2.16 -2.178 -2.165 -2.238 -2.188 -2.168 -2.158 -2.248 -2.155 -2.188 -2.23 -2.158 -2.15
-2.193 -2.283 -2.198 -2.203 -2.27 -2.173 -2.15 -2.188 -2.173 -2.193 -2.085 -2.195 -2.2 -2.15 -2.173 -2.175 -2.148 -2.163 -2.193 -2.23 -2.195 -2.185 -2.198 -2.21 -2.208 -2.203 -2.168 -2.115 -2.228 -2.218 -2.143 -2.17 -2.183 -2.18 -2.16 -2.2 -2.193 -2.215 -2.185 -2.15 -2.155 -2.233 -2.22 -2.203 -2.208 -2.238 -2.208 -2.173 -2.193 -2.188 -2.143 -2.17 -2.19 -2.145 -2.25 -2.163 -2.2 -2.143 -2.198 -2.215 -2.228 -2.215 -2.178 -2.175 -2.143 -2.203 -2.185 -2.18 -2.195 -2.255 -2.175 -2.158 -2.203 -2.183 -2.22
-2.22 -2.213 -2.2 -2.175 -2.203 -2.153 -2.15 -2.19 -2.195 -2.183 -2.223 -2.213 -2.203 -2.163 -2.18 -2.153 -2.145 -2.208 -2.225 -2.24 -2.218 -2.215 -2.215 -2.21 -2.205 -2.195 -2.21 -2.195 -2.183 -2.208 -2.173 -2.175 -2.15 -2.175 -2.218 -2.08 -2.165 -2.21 -2.19 -2.1 -2.14 -2.248 -2.213 -2.195 -2.23 -2.24 -2.24 -2.228 -2.26 -2.208 -2.245 -2.168 -2.155 -2.163 -2.253 -2.188 -2.24 -2.21 -2.24 -2.208 -2.205 -2.155 -2.143 -2.25 -2.16 -2.218 -2.175 -2.185 -2.145 -2.233 -2.185 -2.183 -2.175 -2.16 -2.208
-2.2 -2.218 -2.25 -2.208 -2.205 -2.175 -2.245 -2.18 -2.145 -2.225 -2.168 -2.215 -2.183 -2.175 -2.135 -2.163 -2.175 -2.175 -2.225 -2.145 -2.168 -2.233 -2.235 -2.175 -2.173 -2.158 -2.133 -2.22 -2.203 -2.23 -2.223 -2.203 -2.2 -2.175 -2.233 -2.133 -2.16 -2.13 -2.193 -2.13 -2.133 -2.193 -2.203 -2.18 -2.205 -2.2 -2.253 -2.235 -2.223 -2.17 -2.193 -2.228 -2.12 -2.195 -2.208 -2.173 -2.213 -2.248 -2.17 -2.135 -2.255 -2.175 -2.155 -2.218 -2.175 -2.2 -2.088 -2.23 -2.155 -2.218 -2.188 -2.125 -2.155 -2.17 -2.22
-2.228 -2.203 -2.225 -2.215 -2.198 -2.165 -2.288 -2.255 -2.163 -2.228 -2.245 -2.203 -2.205 -2.115 -2.25 -2.185 -2.143 -2.225 -2.235 -2.178 -2.238 -2.203 -2.2 -2.12 -2.17 -2.205 -2.16 -2.23 -2.218 -2.195 -2.163 -2.128 -2.188 -2.215 -2.215 -2.133 -2.183 -2.188 -2.233 -2.15 -2.14 -2.178 -2.195 -2.22 -2.185 -2.208 -2.233 -2.23 -2.19 -2.188 -2.18 -2.233 -2.165 -2.2 -2.23 -2.15 -2.175 -2.258 -2.198 -2.175 -2.175 -2.243 -2.178 -2.228 -2.19 -2.17 -2.185 -2.203 -2.185 -2.173 -2.19 -2.165 -2.198 -2.16 -2.218
-2.218 -2.19 -2.2 -2.193 -2.195 -2.185 -2.23 -2.22 -2.198 -2.185 -2.215 -2.183 -2.25 -2.193 -2.245 -2.223 -2.193 -2.193 -2.158 -2.143 -2.2 -2.165 -2.205 -2.133 -2.195 -2.29 -2.18 -2.195 -2.16 -2.223 -2.133 -2.18 -2.155 -2.23 -2.225 -2.218 -2.2 -2.163 -2.188 -2.185 -2.193 -2.135 -2.16 -2.21 -2.18 -2.175 -2.238 -2.203 -2.143 -2.16 -2.24 -2.22 -2.165 -2.233 -2.268 -2.2 -2.22 -2.218 -2.243 -2.153 -2.205 -2.24 -2.19 -2.158 -2.165 -2.173 -2.215 -2.23 -2.21 -2.19 -2.24 -2.233 -2.14 -2.19 -2.21
-2.203 -2.16 -2.198 -2.218 -2.178 -2.215 -2.233 -2.22 -2.208 -2.178 -2.205 -2.228 -2.21 -2.15 -2.23 -2.213 -2.145 -2.195 -2.208 -2.173 -2.15 -2.185 -2.233 -2.185 -2.19 -2.258 -2.188 -2.168 -2.205 -2.255 -2.208 -2.165 -2.265 -2.17 -2.203 -2.283 -2.175 -2.155 -2.155 -2.193 -2.143 -2.14 -2.22 -2.175 -2.185 -2.168 -2.188 -2.213 -2.148 -2.148 -2.25 -2.218 -2.213 -2.245 -2.233 -2.203 -2.15 -2.19 -2.225 -2.233 -2.263 -2.17 -2.243 -2.185 -2.123 -2.233 -2.228 -2.145 -2.175 -2.15 -2.208 -2.21 -2.165 -2.203 -2.198
