All_lidar/sz5791_DSM_2M.asc
ncols 500
nrows 500
xllcorner    457000
yllcorner    91000
cellsize     2
NODATA_value -9999
[rows 256 to 287 of 500, columns 71 to 141 of 500]
40.871 41.001 41.143 41.298 41.401 41.521 41.648 41.776 41.881 42.051 42.143 42.258 42.401 42.498 42.606 42.638 42.723 42.786 42.903 42.996 43.118 43.181 43.258 43.351 43.411 43.488 43.603 43.658 43.746 43.833 43.896 43.986 44.056 44.163 44.258 44.336 44.426 44.518 44.598 44.726 44.818 44.946 45.081 45.171 45.268 45.396 45.528 45.646 45.743 45.863 45.951 46.008 46.028 46.108 47.093 49.353 46.628 46.523 46.603 46.736 46.826 46.873 46.928 47.003 47.068 47.146 47.193 47.296 47.336 47.391 47.416
40.861 41.013 41.186 41.351 41.441 41.583 41.723 41.856 41.968 42.118 42.238 42.351 42.491 42.556 42.653 42.728 42.816 42.878 42.978 43.083 43.173 43.263 43.358 43.456 43.511 43.611 43.673 43.771 43.841 43.908 43.973 44.091 44.146 44.258 44.351 44.431 44.523 44.608 44.708 44.816 44.936 45.061 45.153 45.273 45.381 45.486 45.616 45.706 45.821 45.951 46.033 46.086 46.101 46.178 46.891 48.486 46.578 46.613 46.693 46.818 46.931 46.986 47.028 47.128 47.198 47.263 47.316 47.398 47.436 47.473 47.528
40.896 41.063 41.226 41.373 41.506 41.636 41.766 41.903 42.051 42.191 42.311 42.428 42.548 42.638 42.721 42.778 42.873 42.963 43.071 43.171 43.243 43.356 43.448 43.533 43.583 43.676 43.761 43.848 43.933 43.978 44.071 44.143 44.251 44.328 44.413 44.521 44.596 44.703 44.813 44.911 45.006 45.141 45.263 45.386 45.491 45.583 45.721 45.803 45.908 46.061 46.133 46.193 46.203 46.236 46.491 47.851 46.676 46.711 46.781 46.918 47.031 47.081 47.136 47.228 47.291 47.363 47.421 47.513 47.551 47.613 47.658
40.976 41.116 41.291 41.421 41.556 41.713 41.803 41.973 42.131 42.258 42.393 42.508 42.611 42.718 42.773 42.866 42.956 43.078 43.181 43.263 43.351 43.453 43.531 43.598 43.691 43.753 43.836 43.943 44.018 44.071 44.173 44.236 44.316 44.398 44.488 44.583 44.681 44.783 44.873 44.973 45.101 45.231 45.331 45.458 45.558 45.671 45.786 45.908 46.023 46.106 46.213 46.291 46.321 46.333 46.798 49.421 47.778 46.806 46.871 47.018 47.116 47.176 47.218 47.311 47.366 47.451 47.513 47.613 47.658 47.726 47.753
41.076 41.228 41.373 41.488 41.651 41.793 41.901 42.046 42.211 42.338 42.481 42.591 42.676 42.773 42.863 42.978 43.043 43.158 43.311 43.391 43.461 43.543 43.621 43.696 43.763 43.856 43.931 44.056 44.103 44.166 44.261 44.343 44.408 44.498 44.568 44.671 44.773 44.856 44.968 45.043 45.163 45.298 45.401 45.528 45.628 45.736 45.873 45.981 46.088 46.186 46.296 46.378 46.406 46.421 46.708 48.863 46.898 46.911 46.986 47.131 47.196 47.243 47.308 47.406 47.453 47.548 47.611 47.681 47.731 47.781 47.846
41.196 41.348 41.508 41.638 41.776 41.911 41.996 42.148 42.306 42.438 42.548 42.668 42.761 42.866 42.961 43.056 43.166 43.256 43.396 43.496 43.583 43.646 43.721 43.796 43.868 43.933 44.051 44.121 44.216 44.288 44.383 44.458 44.523 44.591 44.671 44.756 44.846 44.951 45.041 45.148 45.251 45.351 45.481 45.596 45.706 45.828 45.943 46.053 46.153 46.286 46.391 46.483 46.486 46.511 46.708 47.433 46.941 47.006 47.086 47.226 47.313 47.321 47.381 47.488 47.543 47.608 47.673 47.788 47.823 47.876 47.961
41.306 41.488 41.611 41.758 41.898 42.016 42.113 42.266 42.413 42.548 42.658 42.763 42.861 42.951 43.016 43.106 43.233 43.358 43.483 43.573 43.688 43.738 43.796 43.896 43.966 44.018 44.136 44.223 44.323 44.403 44.483 44.568 44.638 44.713 44.791 44.876 44.968 45.041 45.131 45.233 45.338 45.463 45.563 45.671 45.806 45.898 46.011 46.133 46.231 46.353 46.478 46.561 46.563 46.598 46.781 47.636 47.108 47.088 47.186 47.311 47.416 47.433 47.481 47.573 47.631 47.708 47.783 47.851 47.913 47.968 48.046
41.353 41.551 41.711 41.853 41.973 42.118 42.256 42.393 42.523 42.666 42.748 42.838 42.938 43.013 43.108 43.213 43.368 43.471 43.596 43.688 43.781 43.853 43.888 44.006 44.078 44.156 44.236 44.348 44.441 44.521 44.618 44.688 44.751 44.848 44.921 45.001 45.083 45.163 45.263 45.381 45.458 45.578 45.708 45.806 45.918 46.006 46.128 46.253 46.341 46.441 46.558 46.643 46.641 46.703 46.898 49.151 47.201 47.176 47.273 47.386 47.476 47.546 47.556 47.668 47.731 47.818 47.861 47.943 47.996 48.041 48.136
41.421 41.606 41.773 41.943 42.071 42.203 42.348 42.471 42.621 42.756 42.861 42.918 43.013 43.118 43.196 43.321 43.428 43.558 43.698 43.786 43.858 43.941 43.968 44.086 44.188 44.273 44.343 44.448 44.556 44.651 44.741 44.818 44.893 45.011 45.061 45.146 45.231 45.286 45.401 45.513 45.596 45.708 45.826 45.951 46.058 46.136 46.266 46.368 46.478 46.563 46.648 46.738 46.743 46.816 46.941 48.171 47.178 47.261 47.363 47.466 47.563 47.601 47.646 47.738 47.803 47.891 47.953 48.011 48.088 48.136 48.206
41.511 41.681 41.866 42.038 42.136 42.238 42.398 42.528 42.678 42.816 42.913 42.998 43.101 43.183 43.256 43.403 43.528 43.653 43.758 43.833 43.921 44.003 44.058 44.153 44.233 44.341 44.461 44.543 44.653 44.761 44.858 44.926 45.033 45.128 45.178 45.256 45.358 45.441 45.523 45.623 45.711 45.841 45.966 46.096 46.181 46.248 46.368 46.486 46.608 46.691 46.761 46.826 46.846 46.878 47.023 49.228 47.878 47.363 47.451 47.556 47.656 47.676 47.718 47.813 47.863 47.973 48.041 48.106 48.161 48.233 48.288
41.611 41.766 41.936 42.076 42.146 42.338 42.468 42.578 42.711 42.868 42.978 43.061 43.168 43.231 43.321 43.456 43.611 43.726 43.846 43.926 43.991 44.066 44.153 44.266 44.336 44.423 44.536 44.628 44.761 44.856 44.931 45.013 45.123 45.206 45.308 45.403 45.466 45.546 45.633 45.731 45.821 45.956 46.078 46.183 46.261 46.338 46.498 46.613 46.733 46.793 46.856 46.961 46.978 46.966 47.061 48.106 48.258 47.476 47.568 47.633 47.726 47.756 47.781 47.873 47.966 48.028 48.111 48.216 48.266 48.328 48.403
41.668 41.818 42.053 42.158 42.251 42.416 42.558 42.668 42.788 42.913 43.033 43.146 43.213 43.303 43.408 43.566 43.708 43.823 43.921 43.998 44.078 44.181 44.256 44.343 44.436 44.536 44.631 44.756 44.823 44.911 45.003 45.108 45.211 45.308 45.411 45.516 45.588 45.668 45.738 45.856 45.936 46.066 46.171 46.286 46.378 46.468 46.598 46.731 46.801 46.886 46.986 47.081 47.098 47.066 47.156 49.228 49.406 47.568 47.661 47.728 47.818 47.846 47.883 47.973 48.036 48.128 48.213 48.296 48.353 48.426 48.486
41.741 41.903 42.101 42.228 42.343 42.506 42.631 42.723 42.833 42.943 43.106 43.208 43.318 43.398 43.528 43.646 43.828 43.926 44.023 44.128 44.173 44.281 44.346 44.443 44.536 44.641 44.758 44.856 44.966 45.033 45.101 45.221 45.308 45.421 45.511 45.603 45.696 45.786 45.878 45.983 46.083 46.158 46.281 46.396 46.493 46.588 46.706 46.811 46.916 47.013 47.093 47.183 47.206 47.193 47.273 50.226 49.001 47.658 47.718 47.803 47.906 47.958 48.016 48.096 48.146 48.256 48.316 48.378 48.433 48.508 48.578
41.836 41.996 42.201 42.398 42.446 42.583 42.688 42.743 42.923 43.058 43.176 43.276 43.383 43.466 43.618 43.773 43.918 44.046 44.108 44.226 44.296 44.368 44.466 44.563 44.671 44.771 44.893 44.983 45.101 45.178 45.258 45.351 45.441 45.578 45.636 45.726 45.796 45.891 45.991 46.091 46.163 46.271 46.371 46.491 46.581 46.676 46.816 46.896 47.008 47.063 47.211 47.321 47.308 47.283 47.353 48.011 49.348 47.776 47.811 47.891 48.016 48.061 48.081 48.193 48.268 48.351 48.413 48.481 48.533 48.591 48.693
41.941 42.091 42.266 42.443 42.556 42.658 42.761 42.866 43.021 43.158 43.258 43.343 43.443 43.571 43.731 43.886 44.033 44.146 44.206 44.303 44.411 44.496 44.596 44.691 44.793 44.896 45.013 45.113 45.221 45.283 45.376 45.488 45.578 45.688 45.773 45.863 45.966 46.016 46.131 46.221 46.303 46.406 46.511 46.598 46.708 46.793 46.881 46.991 47.106 47.173 47.306 47.393 47.431 47.403 47.448 48.396 50.453 47.896 47.898 47.971 48.096 48.131 48.178 48.271 48.338 48.421 48.513 48.573 48.633 48.686 48.771
42.038 42.206 42.341 42.506 42.611 42.756 42.878 42.963 43.128 43.226 43.333 43.426 43.528 43.656 43.793 43.956 44.111 44.218 44.313 44.393 44.473 44.578 44.671 44.778 44.911 45.001 45.118 45.248 45.331 45.408 45.496 45.596 45.686 45.816 45.908 46.006 46.081 46.171 46.271 46.388 46.441 46.531 46.631 46.698 46.798 46.896 46.978 47.103 47.206 47.276 47.386 47.481 47.506 47.511 47.518 50.061 50.478 47.971 47.961 48.056 48.178 48.256 48.286 48.358 48.411 48.521 48.588 48.678 48.733 48.826 48.876
42.113 42.286 42.413 42.571 42.691 42.846 42.968 43.041 43.171 43.331 43.421 43.503 43.628 43.748 43.913 44.041 44.183 44.286 44.396 44.468 44.548 44.671 44.763 44.878 44.993 45.098 45.233 45.351 45.431 45.533 45.598 45.691 45.803 45.931 46.036 46.118 46.226 46.321 46.381 46.486 46.593 46.668 46.756 46.811 46.928 47.023 47.103 47.236 47.293 47.376 47.478 47.561 47.593 47.588 47.583 49.688 51.473 48.043 48.048 48.171 48.263 48.336 48.381 48.483 48.533 48.623 48.718 48.786 48.848 48.908 48.976
42.193 42.368 42.508 42.633 42.751 42.933 43.048 43.136 43.258 43.401 43.503 43.581 43.671 43.793 43.976 44.128 44.278 44.366 44.458 44.543 44.628 44.741 44.851 44.928 45.053 45.173 45.321 45.441 45.528 45.628 45.723 45.808 45.916 46.028 46.106 46.226 46.341 46.426 46.508 46.608 46.688 46.786 46.898 46.978 47.068 47.153 47.238 47.343 47.391 47.468 47.553 47.648 47.671 47.686 47.656 48.853 50.098 48.126 48.123 48.248 48.376 48.453 48.476 48.591 48.651 48.748 48.841 48.863 48.943 49.013 49.066
42.271 42.391 42.531 42.686 42.806 42.996 43.106 43.221 43.351 43.438 43.538 43.616 43.726 43.898 44.091 44.203 44.341 44.451 44.523 44.626 44.728 44.838 44.948 45.021 45.148 45.268 45.418 45.521 45.631 45.703 45.808 45.891 46.001 46.106 46.198 46.313 46.423 46.513 46.623 46.726 46.788 46.891 46.998 47.081 47.153 47.248 47.343 47.433 47.493 47.576 47.651 47.723 47.726 47.738 47.773 48.258 49.201 48.161 48.198 48.328 48.453 48.513 48.568 48.658 48.721 48.806 48.893 48.958 49.048 49.091 49.146
42.291 42.451 42.591 42.718 42.886 43.026 43.153 43.276 43.396 43.501 43.583 43.688 43.816 44.003 44.153 44.261 44.393 44.511 44.601 44.711 44.811 44.938 45.033 45.136 45.238 45.338 45.496 45.608 45.703 45.798 45.878 45.968 46.093 46.166 46.268 46.383 46.483 46.603 46.698 46.806 46.886 46.973 47.078 47.193 47.273 47.318 47.431 47.538 47.598 47.668 47.743 47.816 47.831 47.838 47.841 48.261 49.536 48.398 48.261 48.408 48.553 48.591 48.651 48.746 48.801 48.881 48.981 49.021 49.108 49.161 49.218
42.341 42.508 42.633 42.791 42.953 43.078 43.208 43.316 43.458 43.536 43.683 43.793 43.951 44.058 44.211 44.341 44.493 44.606 44.663 44.793 44.881 44.993 45.103 45.203 45.306 45.408 45.561 45.686 45.788 45.893 45.941 46.026 46.143 46.258 46.358 46.443 46.551 46.638 46.766 46.856 46.988 47.071 47.153 47.263 47.351 47.428 47.513 47.623 47.696 47.771 47.848 47.911 47.928 47.926 47.941 48.203 49.876 48.711 48.363 48.501 48.638 48.708 48.736 48.798 48.878 48.978 49.081 49.118 49.176 49.233 49.308
42.413 42.576 42.688 42.891 43.033 43.166 43.298 43.406 43.516 43.623 43.741 43.876 44.013 44.161 44.296 44.476 44.618 44.668 44.758 44.871 44.961 45.066 45.181 45.271 45.396 45.501 45.626 45.761 45.838 45.931 46.008 46.106 46.203 46.343 46.436 46.523 46.618 46.733 46.836 46.941 47.021 47.143 47.228 47.338 47.423 47.496 47.613 47.693 47.778 47.831 47.953 48.033 48.038 48.013 48.041 48.978 51.768 48.486 48.461 48.601 48.698 48.778 48.806 48.901 48.961 49.036 49.136 49.201 49.263 49.336 49.393
42.523 42.683 42.818 42.991 43.106 43.226 43.371 43.478 43.581 43.691 43.801 43.938 44.091 44.288 44.416 44.566 44.653 44.746 44.831 44.938 45.043 45.156 45.258 45.363 45.473 45.601 45.703 45.816 45.933 46.031 46.108 46.211 46.323 46.413 46.508 46.628 46.736 46.836 46.923 47.058 47.146 47.233 47.353 47.413 47.516 47.576 47.673 47.716 47.798 47.911 48.001 48.106 48.151 48.111 48.128 49.058 50.971 48.541 48.593 48.668 48.781 48.848 48.886 48.971 49.043 49.111 49.216 49.283 49.361 49.413 49.466
42.626 42.741 42.906 43.066 43.191 43.301 43.413 43.533 43.646 43.736 43.873 43.983 44.156 44.338 44.491 44.626 44.726 44.843 44.926 45.023 45.141 45.236 45.346 45.466 45.563 45.693 45.793 45.943 46.038 46.133 46.241 46.323 46.413 46.508 46.583 46.698 46.828 46.928 47.048 47.156 47.246 47.343 47.443 47.513 47.601 47.678 47.726 47.808 47.908 48.013 48.088 48.173 48.216 48.198 48.213 49.148 50.133 48.643 48.688 48.751 48.856 48.943 48.966 49.053 49.121 49.213 49.298 49.373 49.403 49.468 49.561
42.681 42.818 42.968 43.116 43.256 43.388 43.476 43.573 43.686 43.766 43.898 44.066 44.233 44.398 44.561 44.681 44.803 44.893 45.003 45.101 45.208 45.321 45.423 45.548 45.653 45.778 45.881 46.036 46.121 46.223 46.321 46.421 46.511 46.598 46.706 46.808 46.911 47.006 47.128 47.238 47.356 47.443 47.536 47.588 47.688 47.761 47.806 47.893 48.006 48.128 48.186 48.216 48.281 48.313 48.308 49.531 52.018 48.733 48.783 48.873 48.956 49.011 49.028 49.133 49.201 49.273 49.353 49.441 49.493 49.553 49.638
42.761 42.886 43.028 43.203 43.358 43.461 43.538 43.633 43.728 43.833 44.011 44.178 44.323 44.493 44.616 44.738 44.841 44.958 45.058 45.181 45.298 45.398 45.491 45.603 45.728 45.843 45.946 46.073 46.188 46.273 46.396 46.461 46.561 46.683 46.791 46.876 46.973 47.106 47.218 47.326 47.433 47.511 47.588 47.666 47.776 47.806 47.896 47.963 48.048 48.156 48.226 48.326 48.366 48.363 48.383 49.246 51.431 48.853 48.841 48.956 49.043 49.101 49.133 49.213 49.323 49.373 49.458 49.521 49.578 49.656 49.731
42.798 42.958 43.108 43.263 43.388 43.503 43.593 43.678 43.773 43.913 44.088 44.278 44.456 44.588 44.681 44.828 44.921 45.041 45.136 45.253 45.341 45.461 45.563 45.678 45.781 45.888 45.998 46.158 46.256 46.323 46.428 46.503 46.608 46.731 46.848 46.948 47.023 47.128 47.258 47.363 47.453 47.583 47.661 47.751 47.846 47.898 47.981 48.053 48.118 48.203 48.286 48.406 48.466 48.463 48.493 49.028 50.413 48.951 48.946 49.028 49.111 49.206 49.256 49.353 49.433 49.476 49.556 49.636 49.693 49.763 49.833
42.851 43.006 43.173 43.331 43.443 43.531 43.643 43.786 43.866 43.998 44.211 44.398 44.553 44.688 44.783 44.878 44.998 45.108 45.201 45.316 45.426 45.536 45.641 45.738 45.843 45.961 46.078 46.193 46.296 46.371 46.473 46.538 46.648 46.781 46.886 46.963 47.071 47.176 47.318 47.406 47.526 47.623 47.736 47.826 47.901 47.961 48.058 48.123 48.221 48.288 48.371 48.471 48.553 48.586 48.558 49.153 51.083 49.003 49.016 49.098 49.243 49.278 49.363 49.453 49.511 49.553 49.668 49.721 49.788 49.868 49.923
42.931 43.048 43.231 43.348 43.488 43.596 43.713 43.818 43.913 44.093 44.321 44.496 44.626 44.741 44.846 44.981 45.053 45.188 45.263 45.396 45.498 45.603 45.671 45.776 45.901 46.028 46.161 46.256 46.336 46.441 46.521 46.606 46.708 46.836 46.926 47.021 47.136 47.246 47.338 47.468 47.588 47.691 47.793 47.893 47.973 48.068 48.133 48.228 48.323 48.396 48.478 48.571 48.628 48.651 48.658 48.951 49.623 49.098 49.108 49.193 49.311 49.401 49.421 49.516 49.603 49.653 49.773 49.806 49.903 49.971 50.046
43.026 43.133 43.281 43.403 43.558 43.671 43.793 43.893 44.023 44.173 44.403 44.603 44.706 44.826 44.913 45.036 45.143 45.258 45.321 45.448 45.583 45.681 45.786 45.846 45.978 46.116 46.218 46.323 46.413 46.506 46.598 46.673 46.771 46.861 46.983 47.093 47.183 47.308 47.433 47.543 47.646 47.761 47.851 47.953 48.063 48.141 48.221 48.328 48.443 48.488 48.583 48.663 48.726 48.721 48.741 49.081 50.778 49.196 49.196 49.281 49.406 49.483 49.541 49.618 49.688 49.756 49.833 49.911 49.976 50.063 50.146
43.163 43.291 43.376 43.531 43.663 43.786 43.866 44.001 44.123 44.313 44.486 44.671 44.796 44.896 44.993 45.113 45.238 45.338 45.403 45.548 45.676 45.773 45.886 45.978 46.081 46.193 46.306 46.401 46.506 46.601 46.686 46.763 46.856 46.956 47.068 47.156 47.246 47.393 47.496 47.611 47.716 47.823 47.938 48.056 48.148 48.218 48.278 48.376 48.491 48.581 48.653 48.743 48.801 48.791 48.808 49.856 51.901 49.243 49.293 49.363 49.501 49.578 49.643 49.713 49.786 49.848 49.941 50.023 50.063 50.138 50.188
43.261 43.398 43.538 43.656 43.783 43.873 43.993 44.136 44.283 44.463 44.608 44.756 44.878 44.993 45.071 45.196 45.308 45.406 45.553 45.681 45.758 45.866 45.971 46.046 46.141 46.276 46.398 46.513 46.601 46.683 46.783 46.858 46.933 47.056 47.136 47.258 47.341 47.443 47.576 47.696 47.793 47.908 48.008 48.111 48.208 48.306 48.396 48.446 48.566 48.661 48.733 48.828 48.911 48.918 48.903 50.166 53.496 49.393 49.366 49.456 49.583 49.661 49.711 49.803 49.856 49.933 50.041 50.093 50.143 50.216 50.276
