All_lidar/sz5785_DSM_2M.asc
ncols 500
nrows 500
xllcorner    457000
yllcorner    85000
cellsize     2
NODATA_value -9999
[rows 297 to 329 of 500, columns 74 to 147 of 500]
20.555 20.802 20.415 20.662 21.105 24.852 24.455 26.287 28.987 27.327 22.837 23.095 24.192 25.092 24.715 24.885 24.935 24.877 24.965 25.02 25.04 25.07 25.412 28.542 26.355 27.852 39.117 42.104 42.819 37.424 28.514 25.432 24.932 24.484 24.312 24.179 24.184 24.124 25.529 25.674 28.282 30.529 28.532 25.659 25.179 25.377 26.784 25.524 25.824 26.409 30.914 28.294 30.947 31.177 31.564 34.429 30.969 31.267 32.734 36.882 37.964 32.654 31.192 31.452 31.917 31.864 32.137 34.074 36.227 36.177 36.147 36.137 35.782 34.297
20.482 21.427 21.395 20.74 21.297 22.757 21.992 22.505 22.672 24.312 23.157 23.575 25.415 25.757 24.805 24.82 25.945 26.365 26.637 25.217 25.297 25.215 25.42 25.747 26.092 27.575 31.552 39.324 35.827 32.999 26.929 25.762 25.539 25.374 25.229 24.874 24.714 25.037 25.202 26.414 29.537 29.722 26.972 26.457 25.854 25.842 26.727 26.469 26.429 29.472 36.604 35.434 30.834 30.444 31.552 36.794 31.769 31.354 31.564 35.237 32.507 31.792 31.329 32.402 33.099 32.159 32.274 33.474 36.969 36.949 37.027 36.987 36.594 34.699
21.15 20.762 20.75 21.105 21.61 21.92 22.632 22.622 22.807 23.095 23.45 24.147 24.417 24.602 24.752 25.035 27.622 27.807 28.032 27.837 27.385 25.397 25.632 26.052 26.97 31.012 28.879 28.102 29.837 27.194 26.584 26.279 28.572 29.012 27.924 29.887 28.077 26.167 25.572 26.369 30.547 32.127 29.529 27.729 27.517 27.004 30.879 30.427 27.737 28.827 37.807 40.554 34.024 31.412 33.554 34.717 32.022 31.309 31.207 31.232 31.214 31.317 31.884 33.049 33.217 32.552 32.527 33.857 36.002 36.164 36.849 36.567 35.624 32.767
20.965 21.112 21.267 21.545 21.805 22.097 22.4 22.802 22.995 23.345 23.617 28.192 28.772 27.787 28.66 28.957 28.615 28.817 29.12 29.392 29.06 25.882 25.715 26.29 27.772 31.537 28.497 30.617 35.799 28.494 26.947 28.602 33.512 32.187 29.974 32.182 29.534 27.064 26.344 26.899 29.337 31.812 30.017 28.512 31.764 30.844 33.102 34.294 30.687 29.347 29.979 37.389 35.842 34.324 32.764 33.534 31.949 31.274 31.282 31.294 31.387 31.699 32.657 33.032 33.019 32.749 32.674 32.922 33.464 35.782 36.917 36.444 34.827 32.777
21.06 21.22 21.415 21.797 22.147 22.34 23.002 23.312 23.317 23.507 23.795 26.375 29.095 29.05 29.452 29.617 29.605 29.677 29.572 29.387 29.132 26.43 25.67 26.417 31.067 34.26 32.264 32.822 36.092 29.557 27.639 28.767 31.792 33.647 34.947 37.979 35.384 33.994 28.062 27.492 27.947 29.677 29.832 28.907 30.384 32.579 30.137 31.204 36.437 33.844 31.694 31.784 32.212 32.622 32.487 33.542 31.402 31.382 31.392 31.417 31.627 32.469 33.042 33.099 33.042 32.849 32.764 33.007 32.877 35.807 36.864 36.434 34.399 32.807
21.312 21.35 21.655 22.05 22.3 22.55 22.995 23.68 24.065 23.8 23.917 26.572 29.342 29.145 29.115 29.675 29.255 28.875 28.582 28.6 27.422 25.975 25.755 26.612 31.427 31.96 28.982 32.834 35.109 32.617 34.589 35.072 34.172 35.547 36.584 36.964 39.412 34.382 31.149 28.132 28.964 29.392 30.182 30.322 31.379 34.277 31.477 31.219 32.769 32.057 31.982 32.289 32.767 33.714 32.937 31.532 31.507 31.467 31.522 31.689 32.387 32.974 33.152 33.112 33.109 32.909 32.862 33.872 34.089 36.012 36.932 36.399 34.472 32.797
21.27 21.505 21.902 22.18 22.457 22.73 23.117 25.222 25.2 24.652 24.512 25.025 28.205 27.325 28.662 29.685 29.06 27.24 25.532 25.48 25.485 25.662 26.187 26.935 27.715 28.082 28.354 31.414 32.269 36.222 36.794 35.667 34.754 34.819 33.542 37.419 40.202 34.109 30.392 29.384 30.149 30.499 30.539 31.377 33.629 34.899 34.052 33.554 32.704 32.502 34.634 32.777 33.397 32.724 31.824 31.702 31.644 31.677 31.799 32.049 32.742 33.532 37.649 34.424 33.332 33.059 33.097 33.434 33.349 35.904 36.887 36.354 34.294 32.757
21.435 21.697 22.04 22.335 22.677 22.902 23.195 24.017 24.695 27.372 26.64 24.745 25.26 25.522 27.902 29.352 28.985 27.647 25.535 25.815 26.605 26.68 27.07 27.522 28.412 28.442 28.707 29.612 31.687 35.982 35.732 32.739 35.327 35.127 33.637 36.697 36.327 32.692 32.352 30.767 31.492 31.742 31.379 31.424 34.504 34.952 34.532 34.349 34.429 34.384 36.044 32.812 32.234 31.984 31.942 31.862 31.794 31.909 32.734 32.752 32.564 33.032 35.939 35.094 33.329 34.824 35.377 34.804 33.152 34.297 33.814 33.477 33.399 32.764
21.637 21.847 22.167 22.497 22.95 23.262 23.45 26.09 26.477 26.16 27.32 26.61 26.3 26.24 26.452 26.997 25.392 25.477 26.042 26.54 27.16 27.52 29.257 31.217 30.3 28.77 28.989 29.339 29.174 29.694 29.769 31.267 32.787 32.167 34.007 38.107 34.404 35.039 36.409 32.482 32.922 33.489 32.597 32.319 33.162 35.507 43.862 36.857 33.239 33.784 33.699 32.557 32.282 32.189 32.132 32.102 32.077 32.247 32.477 33.119 33.409 33.017 33.239 33.842 33.307 35.169 35.339 34.627 32.922 32.894 32.844 32.844 32.844 33.094
21.727 21.98 23.045 23.137 23.187 23.65 26.557 28.342 27.675 26.762 25.355 24.545 25.057 25.345 25.37 25.527 25.72 25.907 26.467 27.115 27.907 28.375 29.867 31.455 30.992 28.98 29.374 29.429 29.549 29.682 29.772 29.992 30.172 30.322 36.369 41.537 37.762 35.884 35.494 33.712 33.684 33.624 33.522 33.734 35.539 42.144 44.747 42.399 33.707 32.899 32.707 32.514 32.407 32.299 32.274 32.402 32.639 32.679 32.737 32.969 33.577 33.974 33.254 33.372 33.467 33.982 34.277 33.874 33.204 33.027 32.969 32.904 32.887 32.819
21.917 22.297 22.857 23.327 23.67 26.457 27.627 28.167 28.305 27.592 26.18 24.637 24.812 25.19 25.587 26.237 26.76 26.43 26.765 28.657 29.14 28.33 29.347 31.197 30.13 29.272 29.502 29.759 30.122 30.279 30.314 30.334 30.714 31.499 36.184 38.449 36.144 34.567 34.534 34.299 33.679 34.139 35.589 37.844 39.777 44.229 44.799 39.194 34.764 32.904 32.774 32.679 32.582 32.547 32.677 32.832 33.869 33.132 33.194 33.224 33.734 33.812 34.177 33.619 33.419 34.459 34.537 34.659 33.119 33.064 32.994 32.942 33.069 32.997
22.222 22.92 23.295 23.792 26.1 27.612 27.992 27.705 28.147 28.285 27.332 25.217 25.222 25.375 25.82 26.59 26.962 26.742 27.212 27.877 28.15 28.932 28.235 28.525 28.767 29.215 29.812 30.194 32.844 35.727 30.957 31.492 31.554 32.087 35.524 41.847 35.522 33.639 35.232 34.859 34.472 35.459 39.544 39.412 36.134 38.987 40.697 39.957 36.219 33.014 32.912 32.847 32.804 33.017 33.279 34.369 33.579 33.292 34.379 33.622 34.144 33.879 35.034 33.759 33.989 35.819 35.629 34.452 33.119 33.057 32.997 33.264 33.204 32.882
22.472 23.97 23.567 26.017 27.72 27.97 27.617 27.222 27.425 28.122 25.16 25.382 26.077 25.727 26.055 26.477 28.117 27.21 27.34 28.722 28.292 28.937 28.742 29.035 29.31 29.81 30.202 30.732 36.142 39.472 35.104 42.732 34.474 36.479 33.704 36.022 37.272 34.449 34.429 34.559 35.182 34.967 38.999 43.962 37.459 34.422 35.164 33.439 33.294 33.187 33.174 33.299 33.467 33.517 34.244 33.359 33.374 33.387 33.584 33.929 35.202 35.039 36.664 36.444 34.187 34.994 34.832 33.849 33.839 33.064 33.317 32.949 32.897 34.012
22.882 23.507 23.607 25.73 27.942 27.595 27.162 25.785 25.31 24.475 24.742 25.797 26.18 26.065 26.36 26.775 30.455 28.325 27.672 28.64 28.567 28.73 29.087 29.467 29.82 30.277 32.357 32.052 33.567 33.374 34.059 43.827 34.757 33.379 33.962 34.794 34.264 34.464 34.449 34.279 34.214 34.284 34.639 40.432 42.602 38.327 33.859 33.534 33.474 33.559 35.262 33.977 33.742 33.694 33.699 33.494 33.494 33.517 33.769 34.779 36.619 35.649 35.099 35.994 34.334 33.924 34.219 33.442 33.307 33.329 33.844 32.929 33.317 36.747
24.467 23.71 23.592 23.66 25.36 27.062 25.662 24.195 24.18 24.582 25.445 25.79 26.31 26.395 26.69 27.075 27.45 27.74 27.965 28.23 28.522 28.875 29.27 29.625 30.017 30.402 32.687 31.864 31.917 32.054 32.744 42.704 34.894 33.094 33.339 33.557 33.759 33.969 34.007 34.102 34.114 34.172 34.114 38.854 39.952 35.662 33.737 33.672 33.819 34.147 34.707 34.144 34.434 34.454 34.447 33.672 33.584 33.579 35.119 36.404 37.099 37.734 36.702 34.244 33.704 33.602 33.704 33.854 33.934 33.184 33.437 34.209 33.902 36.159
24.127 24.597 23.677 23.605 24.445 25.35 24.277 24.252 24.58 25.015 25.802 26.297 27.28 26.7 26.957 27.2 27.417 27.617 27.87 28.145 28.45 28.832 29.217 29.572 29.982 30.56 33.642 34.134 39.092 39.922 34.344 39.437 33.604 33.142 33.342 33.589 33.812 33.974 34.054 34.119 34.162 34.184 34.192 34.092 34.809 33.959 33.847 33.924 34.212 34.374 35.182 34.387 34.139 35.004 34.872 33.984 33.959 33.642 35.269 36.859 37.532 37.562 36.952 36.157 34.809 33.737 33.672 33.477 33.872 33.604 33.159 33.164 34.289 33.839
25.16 26.142 24.505 24.115 24.132 24.305 24.4 24.752 25.082 25.505 26.172 26.485 27.015 26.75 26.917 27.137 27.297 27.517 27.765 28.047 28.38 28.725 29.14 29.482 29.895 30.295 30.729 33.789 34.299 32.354 33.902 32.632 32.932 33.222 33.472 33.709 33.882 34.004 34.147 34.227 34.259 34.272 34.207 34.174 34.099 34.029 33.987 34.102 34.577 34.947 37.657 35.387 34.097 34.099 34.649 34.279 34.117 35.374 36.577 37.292 37.704 37.172 36.499 35.767 35.469 33.712 33.549 33.457 33.587 34.337 32.974 33.429 34.339 34.287
25.757 25.972 24.995 23.262 24.232 24.287 24.622 24.997 25.465 26.185 26.247 26.372 26.452 26.612 26.775 26.987 27.19 27.49 27.787 28.087 28.455 28.837 29.24 29.637 30.097 30.487 31.064 31.294 31.719 32.499 32.482 32.802 33.129 33.514 33.667 33.867 34.024 34.192 34.297 34.347 34.399 34.392 34.382 34.247 34.192 34.112 34.084 34.299 34.692 35.757 34.572 34.404 34.212 34.062 34.022 34.214 34.437 34.319 35.287 37.594 37.407 36.739 35.189 33.737 33.619 33.502 33.434 33.537 33.779 33.482 33.199 33.897 38.329 39.907
24.235 24.517 23.152 23.207 23.992 24.38 24.887 25.37 25.71 25.925 26.035 26.142 26.275 26.49 26.687 26.952 27.252 27.6 27.965 28.357 28.59 28.832 32.325 30.162 30.542 31.507 32.234 32.584 32.552 33.197 32.924 33.197 33.589 33.962 34.164 34.297 34.382 34.434 34.444 34.477 34.647 34.664 34.457 34.387 34.224 34.182 34.147 34.352 35.452 35.662 34.442 34.414 34.249 34.152 34.082 34.082 34.109 34.604 33.704 34.479 35.772 35.997 33.559 33.552 33.499 33.474 33.387 33.344 35.014 38.442 38.112 35.474 36.772 36.762
24.605 22.947 23.145 23.502 23.892 24.535 25.105 25.45 25.612 25.73 25.895 25.97 26.17 26.465 26.737 27.252 27.65 28.082 28.42 28.6 29.32 29.357 30.117 30.927 30.787 32.407 33.164 32.142 32.379 32.332 33.072 33.534 33.922 34.237 34.447 34.494 34.584 34.562 34.507 34.747 36.314 36.884 35.634 34.469 34.324 34.279 34.192 34.342 35.622 36.412 34.369 34.317 34.202 34.157 34.072 34.057 34.149 34.152 34.114 33.772 33.649 35.187 33.704 33.564 33.609 33.649 33.412 33.294 35.887 39.997 40.269 36.704 35.707 33.327
25.922 23.062 23.112 23.835 24.232 24.765 25.217 25.327 25.43 25.552 25.732 25.89 26.22 26.762 27.352 27.822 28.18 28.822 30.57 32.28 32.337 30.092 29.565 30.355 30.885 31.48 32.322 34.449 34.472 33.792 34.062 33.959 34.142 34.449 34.567 34.602 34.637 34.639 34.542 34.547 34.752 36.039 34.872 34.527 34.382 34.307 34.262 34.362 34.459 34.462 34.364 34.297 34.214 34.122 34.107 34.237 35.099 34.322 36.042 35.229 34.574 36.014 35.384 33.714 33.572 33.504 33.399 33.624 37.479 39.569 38.857 36.187 34.394 32.914
23.122 22.752 23.197 24.037 24.51 24.895 25.055 25.165 25.27 25.385 25.64 25.997 26.687 27.37 27.865 28.142 28.712 29.627 31.957 33.037 32.7 31.197 29.53 30.19 30.8 31.475 32.102 35.422 35.427 35.247 34.644 34.217 34.592 34.682 34.874 34.604 35.224 35.584 37.347 37.242 36.784 35.464 34.604 34.577 34.384 34.342 34.302 34.602 35.027 34.739 34.914 34.559 34.262 34.252 34.184 36.029 35.957 35.012 37.229 37.504 36.357 35.404 35.082 34.467 33.687 33.544 33.482 35.527 41.077 36.977 35.602 35.377 33.234 32.839
23 23.075 23.737 25.017 24.66 24.807 24.94 24.987 25.15 25.365 25.767 26.625 27.185 28.027 28.717 30.07 31.725 31.887 32.142 32.722 32.977 31.97 29.682 30.397 30.925 31.837 32.969 35.087 35.114 35.079 34.194 33.689 34.322 35.452 37.694 37.599 37.472 37.449 38.102 38.782 37.772 35.224 34.682 34.677 34.519 34.454 34.384 34.609 34.799 34.522 34.432 34.369 34.262 34.222 35.542 37.199 37.874 37.659 35.144 35.902 35.407 35.347 33.997 34.989 34.659 34.792 34.814 35.254 41.942 36.054 33.607 33.562 32.902 32.829
23.022 23.582 24.175 24.447 24.57 24.657 24.787 24.915 25.19 25.687 26.622 27.042 28.045 28.117 29.08 32.095 32.287 32.495 32.647 32.76 33.112 32.32 30.665 30.495 31.305 31.847 32.609 34.187 33.982 33.809 33.932 33.687 34.237 36.124 38.242 38.129 38.097 38.044 38.289 38.692 37.414 34.772 34.659 34.714 34.577 34.444 34.422 34.709 34.949 34.577 34.479 34.377 34.284 34.319 36.814 37.677 38.289 38.172 37.397 35.297 34.379 34.077 33.897 33.934 33.869 34.882 34.167 37.419 38.852 34.609 33.859 33.054 32.877 32.807
23.647 24.395 24.695 24.352 24.432 24.512 24.71 24.94 25.885 26.232 26.605 27.75 27.75 27.92 28.305 31.742 32.73 32.597 32.285 32.05 31.787 30.065 28.88 29.7 30.822 31.695 32.752 34.154 32.989 34.224 33.674 33.752 34.422 35.817 38.169 38.187 38.259 38.334 38.509 38.679 37.507 34.877 34.704 34.754 34.594 34.547 34.499 34.647 34.682 34.612 34.514 34.357 34.427 35.649 37.409 38.089 38.359 37.714 36.832 34.532 34.134 34.007 33.879 33.679 33.564 35.672 37.542 38.374 37.374 34.984 34.962 35.274 33.052 33.062
23.575 24.04 24.147 24.205 24.282 24.4 24.675 25.207 26.84 26.345 26.485 27.6 27.922 27.825 28.107 30.287 31.95 31.592 31.335 29.675 28.872 28.912 29.097 29.587 30.915 31.72 32.554 34.114 33.692 34.082 33.629 33.912 34.294 35.514 35.787 36.282 36.799 37.467 38.259 37.852 37.234 34.879 34.734 34.774 34.669 34.577 34.579 34.699 34.752 34.757 34.647 34.397 34.299 36.114 37.862 38.397 37.949 37.257 35.337 34.292 34.052 33.949 33.809 33.662 33.567 34.907 42.562 43.237 38.547 36.664 37.252 34.822 34.467 33.789
23.712 23.95 23.967 24.06 24.14 24.377 24.895 25.577 26.325 26.212 26.467 27.342 27.732 27.91 27.99 28.425 31.12 31.17 30.702 29.727 29.075 29.62 30.002 30.487 31.255 31.732 32.622 33.892 34.229 33.917 33.657 33.942 34.157 34.392 34.514 34.537 34.574 34.542 34.939 34.564 34.734 34.692 34.882 34.827 34.682 34.687 34.664 34.737 34.724 34.704 34.664 34.467 34.569 34.647 35.414 37.917 37.484 36.807 35.912 34.272 34.034 33.912 33.787 33.687 33.929 34.587 42.687 42.404 39.917 35.767 33.542 32.967 32.752 33.534
23.71 23.777 23.835 23.932 24.147 24.442 25.19 25.552 25.665 25.967 26.247 27.255 26.96 28.135 27.957 28.48 30.072 29.83 29.112 29.327 29.505 29.99 30.202 30.555 31.155 31.575 33.499 33.282 33.582 34.642 34.352 33.939 34.137 34.332 34.449 34.504 34.504 34.822 35.312 34.527 34.677 34.769 34.874 34.837 34.734 34.694 34.717 34.764 34.732 34.727 34.629 34.579 34.657 34.589 34.449 35.847 36.379 36.149 35.332 34.102 33.994 33.897 33.814 33.724 35.999 38.904 40.652 41.512 35.367 33.467 32.907 32.824 32.749 32.674
23.567 23.615 23.72 23.865 24.205 24.607 24.947 25.32 25.64 25.885 26.55 27.025 27.52 29.267 28.145 28.575 28.69 28.797 29.05 29.367 29.772 30.082 30.24 31.56 31.815 33.16 33.039 32.499 33.182 33.692 34.662 34.447 34.159 34.477 34.647 36.669 35.167 34.739 35.449 34.964 34.912 34.789 34.902 34.807 34.787 34.732 34.777 34.822 34.739 34.634 34.617 34.637 35.167 34.844 34.572 34.387 34.357 34.212 34.417 34.144 34.042 33.947 33.844 34.092 36.319 39.054 39.804 38.782 34.102 33.022 32.922 32.812 32.759 32.649
23.462 23.52 23.66 23.972 24.37 24.742 25.015 25.252 25.657 25.985 26.59 26.747 27.755 30.09 28.885 29 28.67 28.855 29.015 29.33 29.727 30.045 30.26 31.6 34.02 32.807 32.112 32.634 33.142 33.372 34.544 35.934 35.889 35.202 36.597 37.859 37.524 35.489 34.769 34.797 34.804 34.959 34.914 34.819 34.787 34.774 34.889 34.889 34.819 34.704 34.574 34.537 34.759 35.122 34.864 35.904 35.872 34.562 34.282 34.242 34.107 33.999 33.942 34.699 37.639 37.564 38.094 36.912 33.454 33.042 32.964 32.854 32.782 32.707
23.34 23.397 23.695 25.73 28.465 24.855 25.067 25.257 25.495 25.99 26.71 26.772 28.18 29.567 29.38 28.707 29.035 28.865 30.96 30.867 29.777 30.247 31.495 31.285 32.665 31.74 32.417 32.812 33.159 33.324 33.842 36.139 37.342 36.072 37.084 37.979 37.442 35.437 34.742 34.734 34.862 35.019 34.879 34.809 34.802 34.847 34.964 34.857 34.709 34.599 34.724 35.354 34.527 34.507 35.394 37.787 37.429 34.502 34.544 34.442 34.232 34.069 35.192 37.077 37.242 36.709 36.117 33.322 33.204 33.094 32.997 32.904 32.837 32.727
23.282 23.375 23.865 26.522 25.802 24.917 25.157 25.38 25.455 26.822 26.825 26.545 28.84 29.79 29.105 28.212 28.82 28.832 29.022 32.547 36.137 31.522 31.272 32.42 31.58 32.292 32.777 32.989 33.309 34.614 36.814 35.382 35.207 34.562 34.917 36.209 35.654 34.649 34.724 34.789 35.022 34.989 34.857 34.839 34.797 34.877 34.927 34.824 34.644 34.582 37.392 37.449 36.339 35.419 37.429 38.047 37.582 36.422 34.669 34.257 34.284 34.204 36.687 36.762 36.207 34.807 34.747 33.382 33.279 33.144 33.034 32.927 32.872 32.867
23.245 23.542 24.042 24.417 24.717 25.007 25.247 25.397 25.862 25.885 26.19 26.077 27.387 28.83 28.257 27.977 28.792 28.817 28.995 31.25 32.98 36.78 32.077 31.232 32.252 32.445 32.827 33.109 34.397 36.572 37.512 38.092 35.362 34.194 35.252 35.229 35.192 34.759 34.762 34.814 35.347 35.034 34.809 34.782 34.839 34.922 34.889 34.737 34.614 36.082 38.159 38.119 37.657 36.512 35.642 37.127 35.994 35.152 35.579 34.559 34.172 35.414 38.017 36.782 36.117 35.967 33.657 33.397 33.284 33.199 33.052 32.952 32.817 33.004
