All_lidar/sz5792_DSM_2M.asc
ncols 500
nrows 500
xllcorner    457000
yllcorner    92000
cellsize     2
NODATA_value -9999
[rows 96 to 127 of 500, columns 71 to 141 of 500]
10.899 10.972 11.049 11.132 11.267 14.269 17.524 14.584 20.429 19.649 20.979 20.177 17.362 13.372 11.624 11.624 11.622 11.627 11.614 11.624 13.774 22.467 19.252 11.657 11.787 12.012 16.974 13.999 13.609 12.227 12.179 12.149 12.277 14.317 15.497 16.924 14.244 12.534 12.907 12.984 12.839 13.192 14.619 12.987 13.457 13.654 14.062 17.717 16.572 13.942 13.679 13.472 13.514 13.519 13.824 13.832 14.362 16.762 16.347 14.077 14.179 14.137 16.572 12.389 11.089 11.112 11.242 11.384 13.807 15.429 16.442
11.459 11.069 11.139 11.214 11.197 15.047 21.297 16.242 21.874 20.254 20.132 17.032 13.239 11.664 11.637 11.644 11.647 11.689 12.417 15.634 18.762 27.622 26.912 14.174 12.199 12.277 18.669 17.154 14.497 13.077 12.354 12.332 12.519 16.629 19.014 15.749 12.872 12.682 12.744 12.737 12.799 13.159 15.612 13.259 13.319 13.529 13.664 13.602 13.892 13.612 13.919 13.537 13.557 13.712 14.022 14.157 14.254 14.164 14.112 14.172 14.242 14.187 14.104 12.492 11.502 11.142 11.264 11.309 11.617 14.132 14.177
11.812 11.404 13.282 15.897 14.309 15.067 24.657 20.459 22.634 23.434 17.214 13.092 11.652 11.674 11.787 11.887 11.979 12.442 13.964 17.424 23.594 27.734 27.019 15.594 12.277 12.304 14.534 14.064 13.864 12.607 12.507 12.477 12.472 19.297 21.902 20.124 14.534 12.857 12.869 12.992 12.982 15.964 15.104 13.469 13.362 13.379 13.582 13.544 13.607 13.447 13.607 13.634 13.672 13.842 13.967 14.649 15.624 14.499 14.317 14.359 14.464 14.544 14.702 15.327 11.982 11.332 11.264 11.297 11.337 12.492 14.942
11.497 11.924 17.204 22.919 19.337 17.127 21.374 21.034 19.592 20.857 15.864 11.907 12.609 12.839 12.619 13.054 13.107 13.014 18.167 20.449 26.059 27.659 27.904 20.837 12.912 12.427 12.449 12.597 13.054 12.792 12.652 12.642 13.544 18.324 20.697 20.522 15.227 13.039 12.994 13.147 13.364 16.307 14.664 13.759 13.717 13.737 13.822 13.847 13.719 13.627 14.387 13.797 13.889 14.007 14.047 14.219 15.062 14.372 14.394 14.489 14.509 14.669 14.799 14.752 12.574 11.554 11.424 11.367 11.332 13.997 13.232
11.437 11.599 13.497 25.937 24.049 23.797 22.184 23.132 17.399 17.249 16.447 14.029 14.612 15.477 12.924 14.574 14.437 12.564 17.442 24.039 25.477 27.284 27.424 23.534 15.977 12.532 12.557 12.612 15.944 15.964 13.414 12.792 13.394 20.802 22.344 24.429 17.139 13.184 13.167 13.589 13.759 14.072 13.969 13.797 13.967 14.334 14.192 14.319 14.984 14.692 14.872 13.969 14.047 14.199 14.244 14.364 14.417 14.389 14.504 14.614 14.617 14.747 15.249 14.957 13.957 12.532 11.999 11.747 11.659 16.927 14.397
11.327 11.437 14.742 28.759 25.257 19.387 14.462 16.597 18.592 14.009 15.939 15.679 16.342 17.067 15.377 14.729 12.792 12.474 13.984 21.032 23.964 26.477 26.542 24.979 16.317 12.662 12.677 12.789 16.479 16.897 13.844 12.967 13.217 15.914 21.984 21.519 21.827 14.349 13.352 13.742 14.127 14.047 13.964 14.114 15.549 14.459 14.049 14.407 17.109 14.769 16.857 14.222 14.244 14.287 14.422 15.614 18.154 16.304 14.597 14.842 14.879 14.874 15.844 15.149 14.909 14.242 14.647 13.974 11.479 13.462 14.127
11.252 11.287 20.672 29.649 27.527 19.644 13.789 16.977 20.054 13.459 13.274 14.769 17.109 20.444 19.162 15.642 12.659 12.707 12.657 15.299 22.679 24.327 24.684 23.484 16.762 12.877 12.817 12.957 13.694 13.629 13.089 13.057 13.082 16.954 18.282 17.027 21.844 14.552 13.449 13.597 14.112 14.187 14.179 14.667 18.549 17.227 14.489 15.947 15.709 14.644 15.709 14.302 14.412 15.504 16.872 17.859 21.682 20.279 15.344 14.924 15.069 15.052 15.224 18.529 20.892 22.702 22.419 20.314 11.842 11.537 11.559
11.394 11.969 20.459 27.437 27.602 21.802 13.234 12.267 14.979 13.822 12.727 15.067 19.654 22.549 21.204 17.927 13.082 12.779 12.742 13.934 17.654 20.682 20.889 19.767 17.487 13.274 12.962 13.157 14.864 14.089 13.522 13.217 13.222 14.689 18.844 20.672 20.782 20.134 18.207 15.212 13.992 14.282 14.289 15.734 18.942 21.117 16.307 18.867 16.254 17.032 18.464 14.327 14.512 14.799 14.674 16.457 21.184 20.359 16.302 15.017 15.219 15.137 15.342 15.322 17.332 27.057 25.774 21.019 12.414 11.804 11.674
11.632 11.572 16.999 25.499 25.607 23.384 15.487 12.609 12.684 13.737 12.817 14.127 18.677 22.527 21.744 18.034 13.437 12.919 12.757 13.842 16.204 14.772 15.752 15.879 13.967 13.037 13.074 13.147 13.267 13.319 13.379 13.374 13.374 14.472 17.564 19.567 20.442 21.889 23.399 16.569 16.437 14.107 14.239 14.787 15.149 16.489 14.247 15.242 22.882 22.307 22.884 14.607 14.694 14.684 14.792 14.822 15.007 16.109 15.177 15.059 15.289 15.217 16.719 15.387 16.177 20.927 21.537 26.159 20.814 12.324 11.997
11.429 11.409 13.974 22.632 25.949 24.599 20.824 19.874 14.827 14.824 12.842 13.852 19.657 20.869 22.357 19.699 13.992 13.044 12.917 12.929 12.974 13.014 13.019 15.637 25.147 16.164 13.197 13.202 13.312 13.419 13.424 13.482 13.482 13.502 17.254 19.204 21.629 19.874 18.597 19.419 18.647 15.017 14.119 14.367 14.257 14.572 14.607 16.439 19.117 22.869 21.959 15.002 14.977 15.059 14.982 15.292 15.349 15.042 15.079 15.132 15.184 15.314 17.229 22.077 18.929 16.532 18.019 27.144 24.792 12.992 12.414
11.859 12.439 13.514 22.637 26.147 26.722 22.784 23.099 21.394 14.757 18.849 18.607 22.447 22.794 21.639 21.427 13.809 13.137 13.009 13.029 13.112 16.002 17.679 16.084 20.242 14.797 13.334 13.389 13.457 13.547 13.539 13.647 13.647 13.669 16.287 20.427 21.274 21.364 19.029 21.057 21.399 17.647 15.112 17.559 16.879 16.282 15.764 15.067 15.044 16.072 18.439 19.664 15.712 15.299 15.204 15.382 15.419 15.247 20.069 17.874 15.279 15.422 15.442 15.562 25.084 19.617 22.257 21.984 19.957 16.237 13.007
12.089 13.062 12.134 15.424 25.192 26.177 25.012 24.839 25.164 22.134 21.144 23.144 22.247 27.859 29.814 24.309 16.139 13.154 13.117 13.129 13.199 18.609 26.774 26.272 14.784 13.407 13.414 13.534 13.607 13.722 13.917 13.877 13.732 13.817 14.562 19.299 20.404 22.274 20.064 18.802 18.489 17.399 19.004 22.687 21.847 18.179 18.072 17.359 15.552 16.344 22.649 19.624 16.977 15.102 15.237 15.384 15.254 17.194 21.854 21.719 16.239 15.474 16.294 15.949 17.264 23.869 23.389 23.477 22.514 19.987 13.557
12.769 13.142 12.767 11.964 16.684 20.602 20.047 22.164 23.874 19.572 19.837 22.197 23.032 25.327 25.509 22.832 16.309 13.379 13.379 13.269 14.707 24.107 30.009 29.654 19.979 13.577 13.774 13.949 14.097 14.107 14.149 14.019 13.864 13.934 14.237 17.467 19.079 17.127 14.962 23.019 16.524 16.199 16.147 22.209 24.452 21.302 18.317 18.902 17.257 16.132 20.847 26.472 22.624 15.169 15.282 15.562 15.429 15.974 19.054 18.064 15.697 15.517 15.569 15.749 15.819 19.179 23.554 18.469 16.487 15.077 14.394
12.917 13.357 13.337 12.634 15.862 18.594 18.179 13.529 18.457 16.157 16.912 21.879 22.984 21.622 17.259 16.047 13.919 14.349 14.242 14.019 14.437 19.227 22.554 24.697 19.917 14.304 14.097 14.187 13.724 13.504 13.754 14.109 13.977 14.012 13.999 14.692 15.882 15.229 16.224 15.067 15.874 15.097 14.854 19.314 24.067 24.054 16.922 21.767 19.197 17.342 18.507 21.682 23.032 17.802 16.179 15.462 15.532 15.707 15.552 15.612 15.624 15.614 15.919 15.837 15.942 17.874 18.874 16.119 16.074 15.557 16.559
13.299 13.737 13.772 13.119 14.897 18.917 23.227 18.169 17.722 25.947 19.264 22.129 19.012 18.149 16.164 13.502 13.539 14.507 15.449 16.262 15.512 14.849 14.849 16.999 15.889 14.039 13.592 13.529 13.489 13.504 13.577 14.082 14.102 14.152 14.149 14.179 14.124 14.322 15.307 16.329 15.777 19.574 16.299 15.189 18.267 20.377 17.407 21.497 21.587 19.334 19.884 22.537 24.924 25.134 23.979 18.207 16.144 15.547 15.694 15.812 15.659 16.014 16.057 15.972 16.004 16.667 19.769 18.432 18.787 16.727 17.689
14.374 13.679 13.499 12.899 16.074 17.254 22.019 21.434 18.717 23.839 21.624 21.089 18.369 14.254 13.487 15.289 13.899 16.469 17.882 18.917 17.607 15.797 15.374 16.899 15.282 14.037 13.512 13.522 13.564 13.742 13.799 14.117 14.187 14.222 14.232 14.517 14.377 14.234 18.684 20.642 23.397 26.197 24.322 19.294 21.349 24.097 24.219 20.679 23.102 19.747 23.164 21.649 24.994 23.744 26.192 21.314 17.949 16.037 16.042 15.957 15.787 15.822 16.172 16.112 17.459 17.112 18.534 18.412 20.969 20.889 16.294
13.112 13.547 13.502 12.297 15.967 20.264 21.359 23.614 20.947 23.097 21.224 20.977 21.042 16.634 17.017 20.622 19.437 20.247 21.194 20.719 20.102 19.519 19.149 18.277 14.689 14.169 13.919 14.032 14.129 14.177 14.184 14.227 14.264 14.292 14.562 16.084 16.014 14.792 20.872 25.362 25.959 26.234 26.219 21.832 23.467 23.004 27.609 25.919 23.449 21.604 25.084 27.009 23.929 20.489 23.567 23.134 21.644 24.474 17.319 16.287 16.139 16.024 16.374 16.334 17.114 18.934 18.447 16.437 17.642 17.622 16.682
11.819 11.944 12.162 11.944 18.062 20.857 24.817 24.642 25.672 24.877 21.537 17.904 18.927 20.739 21.162 22.199 21.714 21.822 21.789 21.639 20.814 22.219 21.129 18.767 16.099 14.272 14.214 14.197 14.187 14.232 14.289 14.334 14.374 14.402 15.617 16.784 18.722 20.859 21.344 24.927 27.347 27.827 25.759 22.609 21.424 20.769 21.464 23.932 20.447 19.564 23.979 28.249 25.112 21.357 23.792 25.254 26.952 26.807 19.982 16.507 19.147 16.244 16.609 17.379 17.924 17.457 16.619 16.609 16.602 16.684 16.799
12.522 12.439 12.409 12.624 16.314 20.952 27.052 24.859 26.947 26.304 25.064 22.587 19.124 21.859 22.722 21.564 20.514 21.357 20.054 20.769 23.917 24.719 23.259 20.149 19.217 16.642 14.349 14.289 14.334 14.362 14.399 14.442 14.504 14.987 18.904 15.989 17.697 17.384 16.977 23.624 26.004 24.917 24.369 24.439 22.627 21.012 17.247 16.854 17.284 19.267 22.132 22.252 21.917 22.927 24.149 26.849 23.349 25.522 21.587 17.139 16.387 17.982 19.279 20.107 19.749 17.479 16.527 16.482 16.584 16.699 17.904
12.909 12.879 12.769 12.979 13.909 20.974 25.489 27.909 27.672 28.229 28.972 28.444 26.817 21.629 20.059 20.542 19.414 20.204 21.809 22.629 24.079 25.557 24.002 21.419 20.592 18.372 15.107 14.364 14.427 14.469 14.507 14.544 14.589 15.529 19.307 18.269 15.727 18.344 17.967 22.152 24.807 22.754 23.622 23.839 22.547 19.054 17.279 19.292 17.919 16.484 17.874 20.047 21.169 23.917 20.807 22.844 17.707 18.687 18.839 16.159 17.697 23.082 22.047 25.232 22.862 19.147 16.877 17.312 16.632 16.757 18.237
13.202 13.232 13.282 13.407 13.429 18.382 24.357 25.844 28.684 26.452 28.494 28.809 26.009 22.087 20.247 20.427 17.322 19.169 21.119 21.694 23.259 24.354 22.817 20.624 19.117 15.727 14.452 14.467 14.512 14.539 14.619 14.657 14.679 16.474 20.072 19.609 16.164 18.927 20.769 20.707 22.882 24.849 25.302 23.007 21.882 19.982 22.017 22.329 17.312 16.689 15.902 19.149 24.014 29.689 25.959 24.717 19.372 16.602 16.537 16.642 17.804 25.224 23.157 27.319 30.179 25.894 21.372 19.299 18.752 18.942 18.387
13.362 13.414 13.522 13.537 13.567 15.017 19.409 22.307 26.952 25.274 25.717 24.419 20.904 23.964 24.367 21.034 16.364 15.549 17.599 17.562 19.669 20.204 20.477 17.814 15.859 15.517 15.237 14.557 14.607 14.667 14.712 14.767 14.779 16.672 20.472 18.567 15.847 18.474 18.904 21.562 22.374 20.747 21.707 23.309 20.927 19.719 24.412 23.492 18.694 16.689 15.802 17.609 22.389 28.072 28.327 27.289 19.674 16.394 16.367 17.532 19.094 22.217 22.242 22.409 26.542 27.122 22.924 23.054 23.032 22.114 17.994
14.267 13.559 13.629 13.672 13.722 13.844 14.137 14.702 20.814 27.237 28.172 19.219 16.137 22.589 24.387 22.454 17.872 14.594 19.167 16.022 15.189 16.479 19.089 15.332 15.884 14.694 14.664 14.634 14.692 14.747 14.817 14.842 14.854 15.509 18.542 16.764 15.614 16.682 17.754 20.737 18.004 17.722 19.632 21.284 20.909 19.329 17.567 21.194 18.219 16.027 16.342 21.722 23.619 19.629 24.702 24.952 27.569 20.924 16.584 19.022 18.702 20.549 22.269 25.022 26.032 22.712 22.289 23.564 23.174 22.222 20.537
15.337 13.709 13.747 13.797 13.844 13.874 13.872 14.457 20.907 27.517 20.892 21.819 15.694 22.962 26.249 21.874 22.467 23.894 28.404 19.537 15.322 15.239 18.217 17.309 15.749 14.762 14.727 14.747 14.807 14.872 14.907 14.939 15.004 15.032 15.602 15.504 15.269 15.292 15.257 16.782 15.877 17.589 19.957 20.777 20.637 18.254 15.894 20.624 20.899 17.679 18.449 20.682 25.589 25.247 24.937 23.974 26.792 27.697 19.182 17.444 17.679 18.822 21.357 20.959 21.267 21.542 22.449 24.492 23.557 21.967 21.942
14.939 14.694 14.409 13.977 13.987 13.997 14.007 15.489 22.257 23.762 24.222 21.657 18.932 20.442 25.639 22.594 23.064 21.989 26.134 22.052 17.007 14.777 17.184 17.979 16.557 14.879 14.784 14.837 14.897 14.947 15.002 15.029 15.079 15.097 15.172 15.207 15.292 15.334 15.339 15.417 15.452 16.652 20.409 20.462 17.809 16.784 16.892 15.789 19.297 27.404 19.832 20.999 23.107 26.047 24.767 18.992 18.637 27.204 19.987 18.199 18.304 18.329 18.577 17.809 21.339 22.232 23.952 25.284 24.193 20.935 20.793
14.804 14.059 14.882 14.799 14.069 14.119 14.152 16.264 20.459 21.024 23.092 19.629 19.037 19.872 23.664 22.392 22.552 17.939 18.524 23.172 25.332 16.412 17.422 17.767 15.067 14.864 14.869 14.917 14.964 15.009 15.064 15.124 15.172 15.212 15.259 15.344 15.377 15.417 15.462 15.509 15.582 15.572 18.939 18.924 15.934 16.322 15.932 20.814 19.869 22.674 17.472 21.009 17.467 27.107 17.487 24.407 21.532 19.527 17.857 18.392 18.387 18.464 19.374 18.324 22.567 22.359 20.719 24.047 24.159 23.045 21.808
14.252 14.104 15.344 14.687 14.249 14.277 14.282 14.999 17.512 21.472 20.457 16.552 17.574 20.767 25.107 20.917 20.789 21.367 16.772 21.369 32.002 26.869 16.299 16.862 15.019 14.967 14.994 15.002 15.037 15.104 15.159 15.227 15.277 15.314 15.342 15.462 15.569 15.692 15.837 15.887 17.529 16.599 16.504 15.862 15.847 16.294 20.529 16.032 22.357 20.977 17.634 19.532 19.227 20.087 20.409 22.674 23.247 22.717 18.722 17.599 17.649 17.532 18.557 19.982 25.427 28.529 24.249 20.612 28.415 26.005 23.188
14.679 14.264 14.824 15.419 14.447 14.419 14.402 14.394 14.444 16.312 18.607 15.232 16.889 14.974 16.004 19.984 19.509 18.369 18.947 22.107 28.642 27.412 20.274 15.207 15.079 15.104 15.109 15.104 15.144 15.234 15.302 15.372 15.474 15.657 15.802 16.022 16.227 16.332 16.427 16.397 20.509 20.169 15.879 15.849 15.962 16.829 18.834 17.544 19.677 16.984 26.184 20.429 22.482 26.034 26.054 21.739 24.897 28.509 22.882 17.719 16.964 17.047 17.107 18.864 24.667 31.284 27.075 21.21 23.424 24.243 24.145
17.402 14.637 14.462 14.847 15.062 14.519 14.522 14.554 14.542 14.587 16.614 20.397 20.064 18.569 14.769 18.207 21.047 21.977 20.372 21.287 27.029 28.737 24.249 16.647 15.147 15.197 15.259 15.284 15.429 15.607 15.792 16.019 16.157 16.312 16.412 16.457 16.512 16.512 16.512 16.524 17.092 19.634 19.127 15.967 16.072 16.112 16.202 20.272 26.954 22.214 19.307 21.072 24.517 27.219 24.169 24.652 24.599 25.024 20.899 17.419 17.049 17.119 17.212 21.359 24.614 32.031 30.348 28.968 23.344 23.119 28.204
19.169 17.027 15.009 14.829 15.762 14.674 14.644 14.677 14.672 14.657 14.747 20.579 20.064 18.082 15.429 14.989 18.772 20.529 18.029 19.887 26.254 28.864 24.314 18.097 15.304 15.512 15.644 15.859 15.997 16.129 16.249 16.334 16.397 16.459 16.532 16.567 16.612 16.667 16.749 16.662 16.582 16.634 16.359 17.177 16.989 16.249 17.512 22.204 26.264 23.544 20.417 23.422 23.724 30.072 25.672 30.624 29.277 23.807 19.762 17.289 17.179 17.214 17.874 18.639 17.489 25.118 28.04 29.887 30.024 30.621 30.892
20.877 19.854 15.017 14.754 15.097 14.822 14.754 14.757 14.782 14.784 14.817 15.749 15.797 18.512 17.672 15.017 16.404 17.334 16.752 19.372 18.024 20.927 20.069 15.999 15.444 15.887 16.084 16.129 16.194 16.289 16.372 16.442 16.509 16.892 16.664 16.634 16.804 17.329 17.532 16.929 16.707 16.584 16.264 19.069 17.399 19.417 18.582 20.979 28.192 21.022 17.879 23.157 24.299 28.134 19.747 18.622 26.844 21.367 21.377 17.282 17.319 17.384 20.884 27.197 26.178 20.01 20.948 22.562 22.919 27.597 24.648
21.749 20.294 15.592 14.849 15.612 15.592 14.842 14.862 14.867 14.917 14.972 15.034 15.307 18.569 18.544 16.402 15.537 19.662 19.869 19.877 18.004 15.744 15.452 15.482 15.612 15.939 16.252 16.319 16.394 16.502 16.589 16.527 16.702 17.167 17.229 16.774 16.864 17.027 17.094 16.849 16.817 16.749 16.487 16.802 17.504 21.022 22.122 23.194 21.429 22.169 20.484 23.547 23.802 26.262 21.529 18.399 23.047 19.219 17.689 17.407 17.487 18.114 23.947 32.119 34.967 24.986 18.178 17.98 18.082 18.281 18.783
