All_lidar/sz5794_DSM_2M.asc
ncols 500
nrows 500
xllcorner    457000
yllcorner    94000
cellsize     2
NODATA_value -9999
[rows 442 to 475 of 500, columns 0 to 74 of 500]
-2.114 -2.169 -2.237 -2.254 -2.174 -2.249 -2.249 -2.227 -2.199 -2.222 -2.312 -2.267 -2.184 -2.209 -2.217 -2.272 -2.254 -2.187 -2.244 -2.189 -2.259 -2.297 -2.149 -2.169 -2.229 -2.172 -2.244 -2.189 -2.119 -2.257 -2.314 -2.229 -2.262 -2.227 -2.297 -2.227 -2.222 -2.257 -2.294 -2.327 -2.237 -2.109 -2.164 -2.192 -2.274 -2.347 -2.304 -2.174 -2.174 -2.139 -2.182 -2.212 -2.239 -2.242 -2.279 -2.272 -2.239 -2.287 -2.174 -2.132 -2.187 -2.259 -2.247 -2.197 -2.287 -2.279 -2.207 -2.219 -2.197 -2.227 -2.282 -2.282 -2.267 -2.172 -2.177
-2.144 -2.079 -2.184 -2.264 -2.192 -2.289 -2.262 -2.212 -2.199 -2.174 -2.177 -2.219 -2.252 -2.247 -2.229 -2.274 -2.147 -2.252 -2.319 -2.227 -2.317 -2.219 -2.222 -2.209 -2.227 -2.124 -2.197 -2.249 -2.172 -2.239 -2.242 -2.294 -2.279 -2.194 -2.302 -2.267 -2.284 -2.264 -2.214 -2.189 -2.187 -2.212 -2.229 -2.217 -2.189 -2.292 -2.269 -2.227 -2.229 -2.209 -2.209 -2.219 -2.189 -2.219 -2.204 -2.259 -2.149 -2.287 -2.212 -2.124 -2.177 -2.237 -2.209 -2.249 -2.259 -2.249 -2.284 -2.274 -2.267 -2.294 -2.289 -2.242 -2.192 -2.187 -2.242
-2.179 -2.182 -2.267 -2.249 -2.279 -2.264 -2.274 -2.187 -2.292 -2.224 -2.232 -2.242 -2.292 -2.209 -2.257 -2.347 -2.207 -2.287 -2.329 -2.227 -2.269 -2.239 -2.177 -2.179 -2.242 -2.044 -2.089 -2.179 -2.222 -2.254 -2.224 -2.237 -2.177 -2.129 -2.192 -2.144 -2.229 -2.212 -2.212 -2.122 -2.244 -2.207 -2.194 -2.242 -2.209 -2.294 -2.279 -2.277 -2.307 -2.177 -2.239 -2.162 -2.224 -2.264 -2.222 -2.277 -2.197 -2.282 -2.259 -2.159 -2.299 -2.249 -2.252 -2.302 -2.374 -2.274 -2.227 -2.297 -2.257 -9999 -9999 -2.299 -2.282 -2.259 -2.252
-2.242 -2.209 -2.192 -2.207 -2.274 -2.207 -2.222 -2.217 -2.264 -2.162 -2.289 -2.269 -2.264 -2.242 -2.249 -2.252 -2.192 -2.202 -2.277 -2.292 -2.324 -2.279 -2.212 -2.184 -2.237 -2.139 -2.189 -2.172 -2.314 -2.289 -2.262 -2.312 -2.134 -2.217 -2.282 -2.229 -2.124 -2.137 -2.144 -2.174 -2.234 -2.237 -2.189 -2.247 -2.267 -2.284 -2.189 -2.187 -2.267 -2.127 -2.107 -2.174 -2.209 -2.239 -2.264 -2.277 -2.252 -2.234 -2.262 -2.134 -2.159 -2.252 -2.319 -2.279 -2.302 -2.244 -2.164 -2.252 -2.244 -9999 -9999 -2.302 -2.224 -2.227 -2.314
-2.249 -2.252 -2.164 -2.167 -2.219 -2.239 -2.204 -2.212 -2.284 -2.214 -2.229 -2.229 -2.234 -2.222 -2.247 -2.277 -2.254 -2.212 -2.214 -2.277 -2.279 -2.324 -2.254 -2.199 -2.232 -2.182 -2.207 -2.182 -2.257 -2.262 -2.314 -2.239 -2.167 -2.292 -2.322 -2.222 -2.184 -2.212 -2.179 -2.169 -2.162 -2.207 -2.249 -2.219 -2.194 -2.254 -2.177 -2.209 -2.262 -2.207 -2.202 -2.207 -2.204 -2.192 -2.252 -2.279 -2.242 -2.162 -2.134 -2.154 -2.169 -2.192 -2.192 -2.202 -2.272 -2.239 -2.174 -2.204 -2.234 -2.267 -2.284 -2.264 -2.152 -2.144 -2.252
-2.327 -2.222 -2.207 -2.187 -2.179 -2.249 -2.269 -2.297 -2.244 -2.209 -2.247 -2.252 -2.189 -2.224 -2.212 -2.297 -2.314 -2.222 -2.162 -2.202 -2.287 -2.277 -2.232 -2.239 -2.257 -2.219 -2.192 -2.202 -2.237 -2.214 -2.194 -2.257 -2.244 -2.287 -2.332 -2.239 -2.187 -2.202 -2.189 -2.157 -2.157 -2.187 -2.274 -2.197 -2.194 -2.254 -2.187 -2.189 -2.274 -2.244 -2.162 -2.209 -2.199 -2.204 -2.214 -2.247 -2.202 -2.157 -2.157 -2.277 -2.232 -2.234 -2.257 -2.189 -2.252 -2.292 -2.234 -2.257 -2.219 -2.257 -2.267 -2.232 -2.172 -2.164 -2.264
-2.274 -2.207 -2.284 -2.284 -2.254 -2.174 -2.202 -2.242 -2.229 -2.214 -2.277 -2.197 -2.149 -2.254 -2.219 -2.272 -2.294 -2.262 -2.204 -2.232 -2.279 -2.232 -2.207 -2.234 -2.229 -2.282 -2.232 -2.147 -2.089 -2.134 -2.229 -2.147 -2.222 -2.277 -2.239 -2.212 -2.204 -2.212 -2.237 -2.247 -2.252 -2.284 -2.324 -2.219 -2.234 -2.314 -2.189 -2.224 -2.267 -2.202 -2.172 -2.194 -2.257 -2.199 -2.192 -2.224 -2.249 -2.277 -2.239 -2.294 -2.267 -2.197 -2.257 -2.219 -2.247 -2.274 -2.292 -2.282 -2.214 -2.269 -2.254 -2.172 -2.194 -2.199 -2.294
-2.327 -2.242 -2.219 -2.292 -2.264 -2.262 -2.252 -2.207 -2.232 -2.199 -2.207 -2.144 -2.227 -2.272 -2.237 -2.217 -2.254 -2.304 -2.312 -2.219 -2.202 -2.294 -2.237 -2.269 -2.232 -2.254 -2.232 -2.152 -2.097 -2.189 -2.222 -2.187 -2.254 -2.267 -2.259 -2.164 -2.249 -2.232 -2.184 -2.187 -2.324 -2.224 -2.339 -2.232 -2.142 -2.224 -2.214 -2.227 -2.242 -2.212 -2.202 -2.217 -2.262 -2.224 -2.254 -2.307 -2.342 -2.284 -2.217 -2.187 -2.254 -2.117 -2.182 -2.194 -2.204 -2.272 -2.344 -2.322 -2.287 -2.222 -2.247 -2.244 -2.207 -2.239 -2.262
-2.207 -2.237 -2.167 -2.212 -2.182 -2.249 -2.292 -2.227 -2.274 -2.234 -2.222 -2.179 -2.222 -2.169 -2.172 -2.249 -2.234 -2.259 -2.294 -2.219 -2.187 -2.174 -2.262 -2.199 -2.219 -2.209 -2.264 -2.222 -2.092 -2.197 -2.242 -2.162 -2.077 -2.224 -2.279 -2.177 -2.212 -2.204 -2.189 -2.197 -2.292 -2.244 -2.254 -2.314 -2.202 -2.207 -2.224 -2.224 -2.257 -2.229 -2.177 -2.182 -2.24 -2.265 -2.225 -2.24 -2.232 -2.232 -2.187 -2.13 -2.222 -2.197 -2.202 -2.222 -2.222 -2.195 -2.265 -2.237 -2.227 -2.225 -2.207 -2.215 -2.217 -2.217 -2.172
-2.244 -2.249 -2.262 -2.249 -2.182 -2.154 -2.247 -2.232 -2.264 -2.317 -2.247 -2.132 -2.159 -2.147 -2.194 -2.257 -2.277 -2.262 -2.344 -2.224 -2.132 -2.087 -2.309 -2.272 -2.234 -2.207 -2.287 -2.194 -2.177 -2.209 -2.147 -2.172 -2.199 -2.249 -2.294 -2.169 -2.202 -2.214 -2.207 -2.142 -2.257 -2.287 -2.222 -2.267 -2.227 -2.237 -2.194 -2.189 -2.232 -2.202 -2.197 -2.227 -2.282 -2.187 -2.195 -2.21 -2.202 -2.34 -2.175 -2.18 -2.19 -2.2 -2.202 -2.202 -2.247 -2.255 -2.257 -2.25 -2.257 -2.215 -2.205 -2.175 -2.192 -2.192 -2.27
-2.237 -2.177 -2.217 -2.159 -2.159 -2.194 -2.212 -2.274 -2.307 -2.239 -2.289 -2.237 -2.172 -2.209 -2.204 -2.237 -2.199 -2.259 -2.357 -2.219 -2.217 -2.149 -2.267 -2.274 -2.249 -2.232 -2.227 -2.212 -2.232 -2.282 -2.129 -2.149 -2.159 -2.214 -2.284 -2.199 -2.229 -2.244 -2.179 -2.224 -2.244 -2.259 -2.217 -2.254 -2.277 -2.244 -2.244 -2.174 -2.277 -2.237 -2.212 -2.17 -2.24 -2.162 -2.17 -2.182 -2.21 -2.245 -2.27 -2.192 -2.2 -2.232 -2.202 -2.19 -2.28 -2.265 -2.355 -2.302 -2.267 -2.26 -2.297 -2.187 -2.142 -2.177 -2.205
-2.212 -2.137 -2.234 -2.162 -2.237 -2.272 -2.272 -2.237 -2.229 -2.199 -2.277 -2.254 -2.164 -2.237 -2.227 -2.299 -2.294 -2.177 -2.232 -2.264 -2.174 -2.162 -2.274 -2.227 -2.222 -2.252 -2.214 -2.254 -2.239 -2.232 -2.187 -2.177 -2.192 -2.192 -2.259 -2.259 -2.212 -2.227 -2.204 -2.212 -2.192 -2.237 -2.269 -2.249 -2.252 -2.197 -2.199 -2.139 -2.269 -2.212 -2.195 -2.177 -2.232 -2.197 -2.22 -2.165 -2.205 -2.285 -2.252 -2.207 -2.237 -2.255 -2.25 -2.18 -2.27 -2.222 -2.257 -2.23 -2.255 -2.25 -2.302 -2.222 -2.172 -2.162 -2.227
-2.257 -2.219 -2.244 -2.169 -2.212 -2.184 -2.237 -2.244 -2.252 -2.184 -2.279 -2.269 -2.152 -2.272 -2.244 -2.207 -2.192 -2.284 -2.247 -2.294 -2.194 -2.139 -2.227 -2.247 -2.207 -2.297 -2.277 -2.257 -2.242 -2.239 -2.117 -2.172 -2.217 -2.204 -2.269 -2.204 -2.192 -2.242 -2.214 -2.214 -2.144 -2.247 -2.247 -2.257 -2.284 -2.249 -2.207 -2.172 -2.219 -2.127 -2.155 -2.23 -2.182 -2.215 -2.35 -2.192 -2.14 -2.162 -2.222 -2.247 -2.332 -2.282 -2.21 -2.217 -2.247 -2.19 -2.192 -2.207 -2.252 -2.245 -2.325 -2.202 -2.192 -2.157 -2.26
-2.234 -2.239 -2.224 -2.154 -2.234 -2.157 -2.182 -2.282 -2.252 -2.212 -2.269 -2.269 -2.172 -2.212 -2.279 -2.237 -2.177 -2.262 -2.269 -2.257 -2.222 -2.164 -2.187 -2.234 -2.254 -2.284 -2.287 -2.219 -2.262 -2.317 -2.194 -2.219 -2.244 -2.282 -2.227 -2.242 -2.232 -2.227 -2.242 -2.172 -2.159 -2.234 -2.297 -2.222 -2.229 -2.192 -2.154 -2.219 -2.177 -2.142 -2.175 -2.277 -2.187 -2.217 -2.28 -2.2 -2.212 -2.2 -2.217 -2.2 -2.305 -2.24 -2.225 -2.067 -2.16 -2.225 -2.197 -2.16 -2.225 -2.282 -2.322 -2.28 -2.195 -2.155 -2.257
-2.242 -2.269 -2.212 -2.177 -2.124 -2.179 -2.222 -2.309 -2.244 -2.284 -2.289 -2.274 -2.174 -2.162 -2.242 -2.169 -2.182 -2.214 -2.179 -2.284 -2.219 -2.144 -2.164 -2.224 -2.237 -2.324 -2.332 -2.179 -2.237 -2.267 -2.239 -2.222 -2.227 -2.229 -2.162 -2.257 -2.269 -2.237 -2.204 -2.192 -2.192 -2.274 -2.259 -2.234 -2.312 -2.244 -2.242 -2.157 -2.227 -2.234 -2.18 -2.24 -2.157 -2.202 -2.27 -2.225 -2.285 -2.267 -2.202 -2.175 -2.295 -2.315 -2.262 -2.197 -2.185 -2.177 -2.282 -2.26 -2.242 -2.22 -2.255 -2.167 -2.167 -2.162 -2.222
-2.239 -2.292 -2.192 -2.169 -2.237 -2.144 -2.217 -2.272 -2.249 -2.317 -2.299 -2.277 -2.154 -2.157 -2.137 -2.189 -2.252 -2.224 -2.182 -2.219 -2.239 -2.204 -2.184 -2.234 -2.179 -2.312 -2.274 -2.239 -2.274 -2.314 -2.222 -2.192 -2.227 -2.317 -2.182 -2.244 -2.242 -2.197 -2.184 -2.219 -2.209 -2.242 -2.227 -2.197 -2.274 -2.229 -2.307 -2.259 -2.252 -2.149 -2.13 -2.232 -2.16 -2.23 -2.255 -2.205 -2.255 -2.205 -2.19 -2.187 -2.21 -2.24 -2.265 -2.18 -2.17 -2.132 -2.197 -2.267 -2.142 -2.142 -2.3 -2.23 -2.167 -2.287 -2.267
-2.227 -2.327 -2.219 -2.159 -2.214 -2.209 -2.259 -2.234 -2.239 -2.252 -2.302 -2.249 -2.197 -2.212 -2.237 -2.164 -2.237 -2.234 -2.239 -2.169 -2.292 -2.242 -2.237 -2.234 -2.217 -2.244 -2.252 -2.197 -2.199 -2.254 -2.277 -2.174 -2.179 -2.232 -2.247 -2.257 -2.192 -2.209 -2.224 -2.184 -2.252 -2.194 -2.144 -2.224 -2.287 -2.244 -2.247 -2.232 -2.197 -2.159 -2.182 -2.215 -2.172 -2.232 -2.255 -2.172 -2.21 -2.19 -2.175 -2.28 -2.24 -2.215 -2.265 -2.23 -2.17 -2.117 -2.225 -2.322 -2.132 -2.155 -2.225 -2.275 -2.162 -2.197 -2.215
-2.219 -2.274 -2.249 -2.177 -2.224 -2.137 -2.257 -2.239 -2.237 -2.247 -2.219 -2.249 -2.212 -2.264 -2.247 -2.172 -2.189 -2.232 -2.207 -2.222 -2.244 -2.204 -2.214 -2.242 -2.244 -2.257 -2.269 -2.272 -2.204 -2.234 -2.284 -2.182 -2.164 -2.192 -2.232 -2.242 -2.182 -2.217 -2.234 -2.182 -2.182 -2.214 -2.089 -2.239 -2.294 -2.194 -2.234 -2.219 -2.244 -2.244 -2.225 -2.177 -2.095 -2.225 -2.217 -2.212 -2.232 -2.215 -2.175 -2.242 -2.21 -2.185 -2.287 -2.24 -2.22 -2.197 -2.25 -2.267 -2.267 -2.217 -2.182 -2.282 -2.187 -2.165 -2.2
-2.287 -2.244 -2.269 -2.157 -2.189 -2.212 -2.199 -2.217 -2.262 -2.272 -2.254 -2.292 -2.169 -2.227 -2.219 -2.189 -2.224 -2.217 -2.162 -2.187 -2.234 -2.217 -2.247 -2.249 -2.209 -2.282 -2.279 -2.259 -2.202 -2.247 -2.264 -2.209 -2.217 -2.184 -2.137 -2.192 -2.212 -2.294 -2.304 -2.229 -2.197 -2.264 -2.159 -2.217 -2.219 -2.169 -2.232 -2.242 -2.167 -2.192 -2.262 -2.237 -2.212 -2.235 -2.21 -2.24 -2.252 -2.167 -2.142 -2.272 -2.197 -2.2 -2.28 -2.29 -2.17 -2.205 -2.265 -2.132 -2.262 -2.187 -2.255 -2.317 -2.17 -2.18 -2.22
-2.207 -2.247 -2.259 -2.202 -2.129 -2.232 -2.217 -2.202 -2.257 -2.337 -2.239 -2.242 -2.207 -2.284 -2.217 -2.219 -2.207 -2.172 -2.184 -2.204 -2.177 -2.209 -2.199 -2.269 -2.174 -2.134 -2.259 -2.214 -2.239 -2.334 -2.234 -2.214 -2.192 -2.217 -2.167 -2.229 -2.269 -2.317 -2.289 -2.237 -2.224 -2.179 -2.172 -2.184 -2.232 -2.269 -2.232 -2.227 -2.229 -2.197 -2.212 -2.23 -2.265 -2.207 -2.207 -2.227 -2.195 -2.147 -2.177 -2.247 -2.182 -2.215 -2.255 -2.26 -2.16 -2.277 -2.275 -2.185 -2.257 -2.28 -2.22 -2.35 -2.212 -2.195 -2.207
-2.164 -2.214 -2.292 -2.264 -2.169 -2.227 -2.232 -2.247 -2.234 -2.232 -2.237 -2.212 -2.162 -2.292 -2.212 -2.209 -2.234 -2.184 -2.152 -2.194 -2.217 -2.304 -2.199 -2.182 -2.227 -2.264 -2.227 -2.229 -2.214 -2.282 -2.279 -2.259 -2.177 -2.197 -2.224 -2.259 -2.179 -2.214 -2.219 -2.254 -2.299 -2.224 -2.159 -2.224 -2.172 -2.282 -2.232 -2.279 -2.272 -2.224 -2.222 -2.195 -2.232 -2.147 -2.21 -2.232 -2.23 -2.227 -2.325 -2.24 -2.185 -2.172 -2.25 -2.27 -2.232 -2.237 -2.245 -2.157 -2.237 -2.307 -2.212 -2.262 -2.16 -2.185 -2.172
-2.229 -2.237 -2.287 -2.279 -2.204 -2.219 -2.084 -2.169 -2.227 -2.229 -2.214 -2.274 -2.209 -2.227 -2.234 -2.227 -2.274 -2.202 -2.179 -2.174 -2.247 -2.274 -2.214 -2.182 -2.182 -2.257 -2.207 -2.279 -2.264 -2.264 -2.269 -2.322 -2.207 -2.214 -2.197 -2.199 -2.257 -2.222 -2.229 -2.252 -2.242 -2.229 -2.127 -2.237 -2.152 -2.264 -2.259 -2.327 -2.269 -2.329 -2.205 -2.235 -2.217 -2.21 -2.142 -2.212 -2.217 -2.237 -2.295 -2.217 -2.19 -2.185 -2.207 -2.192 -2.187 -2.25 -2.297 -2.217 -2.245 -2.23 -2.16 -2.21 -2.205 -2.245 -2.24
-2.247 -2.239 -2.247 -2.209 -2.272 -2.182 -2.159 -2.227 -2.194 -2.259 -2.254 -2.239 -2.257 -2.254 -2.154 -2.242 -2.314 -2.252 -2.259 -2.182 -2.169 -2.239 -2.209 -2.229 -2.214 -2.192 -2.184 -2.234 -2.204 -2.209 -2.244 -2.247 -2.267 -2.292 -2.222 -2.202 -2.239 -2.237 -2.169 -2.249 -2.287 -2.312 -2.174 -2.139 -2.189 -2.242 -2.274 -2.267 -2.164 -2.339 -2.252 -2.24 -2.272 -2.192 -2.162 -2.192 -2.215 -2.237 -2.242 -2.217 -2.177 -2.232 -2.26 -2.205 -2.212 -2.25 -2.297 -2.197 -2.287 -2.272 -2.162 -2.197 -2.157 -2.247 -2.28
-2.252 -2.217 -2.254 -2.217 -2.279 -2.212 -2.179 -2.237 -2.154 -2.319 -2.269 -2.214 -2.217 -2.264 -2.202 -2.244 -2.294 -2.257 -2.284 -2.262 -2.259 -2.282 -2.179 -2.209 -2.232 -2.247 -2.174 -2.229 -2.197 -2.202 -2.277 -2.199 -2.287 -2.332 -2.252 -2.262 -2.222 -2.244 -2.197 -2.244 -2.294 -2.252 -2.197 -2.104 -2.152 -2.139 -2.137 -2.217 -2.189 -2.234 -2.247 -2.222 -2.22 -2.185 -2.197 -2.212 -2.225 -2.257 -2.265 -2.167 -2.14 -2.242 -2.255 -2.215 -2.277 -2.262 -2.297 -2.245 -2.272 -2.212 -2.197 -2.205 -2.175 -2.235 -2.295
-2.247 -2.307 -2.237 -2.239 -2.244 -2.209 -2.189 -2.232 -2.149 -2.224 -2.267 -2.242 -2.239 -2.159 -2.207 -2.222 -2.204 -2.224 -2.242 -2.302 -2.247 -2.192 -2.177 -2.227 -2.154 -2.214 -2.212 -2.247 -2.177 -2.197 -2.272 -2.187 -2.249 -2.354 -2.227 -2.224 -2.292 -2.319 -2.204 -2.244 -2.307 -2.222 -2.234 -2.154 -2.164 -2.179 -2.204 -2.197 -2.239 -2.294 -2.34 -2.18 -2.207 -2.205 -2.285 -2.23 -2.167 -2.24 -2.262 -2.202 -2.137 -2.222 -2.222 -2.215 -2.28 -2.242 -2.217 -2.277 -2.272 -2.165 -2.255 -2.22 -2.232 -2.235 -2.227
-2.264 -2.334 -2.294 -2.224 -2.297 -2.257 -2.274 -2.242 -2.252 -2.214 -2.239 -2.279 -2.239 -2.189 -2.237 -2.222 -2.229 -2.267 -2.197 -2.137 -2.229 -2.202 -2.217 -2.199 -2.219 -2.189 -2.199 -2.234 -2.197 -2.227 -2.287 -2.149 -2.214 -2.339 -2.179 -2.194 -2.269 -2.347 -2.234 -2.312 -2.259 -2.267 -2.174 -2.172 -2.209 -2.159 -2.237 -2.184 -2.199 -2.152 -2.2 -2.192 -2.21 -2.245 -2.28 -2.247 -2.21 -2.2 -2.232 -2.247 -2.237 -2.205 -2.215 -2.2 -2.287 -2.237 -2.245 -2.23 -2.242 -2.252 -2.28 -2.287 -2.175 -2.197 -2.245
-2.217 -2.269 -2.269 -2.227 -2.262 -2.242 -2.297 -2.249 -2.267 -2.202 -2.172 -2.229 -2.204 -2.229 -2.189 -2.227 -2.257 -2.224 -2.169 -2.152 -2.244 -2.219 -2.179 -2.224 -2.222 -2.202 -2.199 -2.182 -2.222 -2.254 -2.244 -2.154 -2.189 -2.307 -2.179 -2.197 -2.217 -2.252 -2.309 -2.229 -2.282 -2.307 -2.149 -2.164 -2.247 -2.147 -2.194 -2.214 -2.194 -2.234 -2.242 -2.21 -2.177 -2.215 -2.18 -2.247 -2.215 -2.27 -2.212 -2.232 -2.252 -2.25 -2.225 -2.205 -2.187 -2.277 -2.21 -2.237 -2.297 -2.252 -2.297 -2.26 -2.18 -2.212 -2.282
-2.247 -2.272 -2.224 -2.274 -2.239 -2.214 -2.292 -2.254 -2.279 -2.234 -2.164 -2.222 -2.177 -2.192 -2.172 -2.167 -2.297 -2.232 -2.187 -2.152 -2.217 -2.297 -2.224 -2.229 -2.222 -2.219 -2.192 -2.182 -2.232 -2.282 -2.222 -2.167 -2.212 -2.269 -2.237 -2.222 -2.237 -2.274 -2.262 -2.239 -2.234 -2.392 -2.197 -2.187 -2.202 -2.192 -2.234 -2.199 -2.214 -2.184 -2.17 -2.197 -2.19 -2.21 -2.145 -2.225 -2.265 -2.28 -2.252 -2.275 -2.247 -2.187 -2.227 -2.25 -2.21 -2.267 -2.257 -2.262 -2.322 -2.267 -2.177 -2.26 -2.185 -2.167 -2.25
-2.169 -2.239 -2.204 -2.212 -2.234 -2.214 -2.262 -2.297 -2.237 -2.242 -2.232 -2.264 -2.222 -2.162 -2.197 -2.172 -2.229 -2.199 -2.129 -2.192 -2.237 -2.254 -2.177 -2.187 -2.219 -2.204 -2.192 -2.212 -2.217 -2.289 -2.272 -2.214 -2.247 -2.267 -2.199 -2.182 -2.267 -2.237 -2.159 -2.254 -2.202 -2.264 -2.227 -2.242 -2.234 -2.172 -2.219 -2.219 -2.244 -2.247 -2.215 -2.222 -2.25 -2.19 -2.107 -2.235 -2.342 -2.26 -2.19 -2.262 -2.257 -2.24 -2.237 -2.245 -2.195 -2.237 -2.257 -2.232 -2.26 -2.217 -2.205 -2.277 -2.202 -2.192 -2.235
-2.194 -2.194 -2.259 -2.187 -2.217 -2.212 -2.259 -2.277 -2.312 -2.269 -2.292 -2.224 -2.267 -2.239 -2.222 -2.169 -2.237 -2.169 -2.212 -2.239 -2.199 -2.202 -2.229 -2.129 -2.187 -2.212 -2.192 -2.209 -2.267 -2.287 -2.242 -2.199 -2.202 -2.199 -2.247 -2.222 -2.269 -2.239 -2.197 -2.269 -2.262 -2.242 -2.229 -2.244 -2.267 -2.239 -2.254 -2.192 -2.202 -2.239 -2.205 -2.155 -2.235 -2.212 -2.14 -2.262 -2.29 -2.325 -2.247 -2.23 -2.247 -2.237 -2.242 -2.255 -2.207 -2.217 -2.247 -2.2 -2.28 -2.227 -2.227 -2.182 -2.237 -2.202 -2.27
-2.224 -2.222 -2.242 -2.162 -2.179 -2.177 -2.197 -2.232 -2.314 -2.279 -2.254 -2.282 -2.294 -2.227 -2.212 -2.252 -2.197 -2.184 -2.184 -2.212 -2.144 -2.162 -2.214 -2.147 -2.189 -2.162 -2.237 -2.147 -2.214 -2.257 -2.169 -2.239 -2.234 -2.222 -2.249 -2.237 -2.254 -2.204 -2.189 -2.272 -2.262 -2.257 -2.229 -2.214 -2.224 -2.174 -2.207 -2.182 -2.224 -2.199 -2.167 -2.175 -2.235 -2.222 -2.135 -2.252 -2.255 -2.28 -2.307 -2.24 -2.23 -2.212 -2.192 -2.26 -2.225 -2.252 -2.295 -2.177 -2.237 -2.312 -2.237 -2.145 -2.165 -2.247 -2.232
-2.217 -2.212 -2.272 -2.229 -2.187 -2.184 -2.219 -2.257 -2.254 -2.269 -2.259 -2.272 -2.252 -2.259 -2.217 -2.272 -2.267 -2.242 -2.192 -2.199 -2.189 -2.214 -2.174 -2.154 -2.167 -2.202 -2.264 -2.174 -2.147 -2.219 -2.202 -2.207 -2.307 -2.272 -2.309 -2.237 -2.272 -2.229 -2.194 -2.249 -2.232 -2.217 -2.234 -2.237 -2.227 -2.149 -2.239 -2.174 -2.287 -2.207 -2.187 -2.252 -2.25 -2.165 -2.14 -2.197 -2.177 -2.23 -2.26 -2.185 -2.185 -2.182 -2.242 -2.25 -2.25 -2.202 -2.275 -2.185 -2.19 -2.272 -2.262 -2.197 -2.277 -2.292 -2.185
-2.299 -2.202 -2.152 -2.214 -2.214 -2.219 -2.162 -2.237 -2.202 -2.272 -2.252 -2.244 -2.239 -2.207 -2.249 -2.227 -2.232 -2.249 -2.212 -2.234 -2.209 -2.214 -2.247 -2.244 -2.252 -2.204 -2.267 -2.179 -2.187 -2.227 -2.229 -2.239 -2.267 -2.197 -2.252 -2.192 -2.282 -2.184 -2.204 -2.197 -2.269 -2.269 -2.272 -2.264 -2.267 -2.212 -2.137 -2.232 -2.277 -2.217 -2.215 -2.21 -2.23 -2.147 -2.145 -2.23 -2.257 -2.182 -2.26 -2.207 -2.225 -2.217 -2.177 -2.195 -2.162 -2.227 -2.22 -2.255 -2.235 -2.24 -2.297 -2.21 -2.155 -2.307 -2.177
-2.212 -2.177 -2.177 -2.177 -2.247 -2.184 -2.169 -2.242 -2.177 -2.232 -2.237 -2.207 -2.217 -2.227 -2.272 -2.292 -2.224 -2.252 -2.297 -2.179 -2.292 -2.252 -2.187 -2.252 -2.254 -2.142 -2.212 -2.169 -2.162 -2.159 -2.264 -2.214 -2.232 -2.214 -2.229 -2.312 -2.227 -2.164 -2.204 -2.267 -2.304 -2.327 -2.264 -2.227 -2.209 -2.177 -2.172 -2.247 -2.269 -2.182 -2.192 -2.2 -2.2 -2.212 -2.185 -2.28 -2.292 -2.167 -2.185 -2.3 -2.172 -2.195 -2.225 -2.217 -2.21 -2.197 -2.212 -2.245 -2.257 -2.252 -2.277 -2.26 -2.217 -2.31 -2.21
