All_lidar/sz5787_DSM_2M.asc
ncols 500
nrows 500
xllcorner    457000
yllcorner    87000
cellsize     2
NODATA_value -9999
[rows 420 to 449 of 500, columns 201 to 267 of 500]
82.257 81.144 82.267 75.814 75.814 76.017 76.217 76.452 76.777 76.982 76.982 77.172 77.459 78.002 78.064 78.437 78.407 78.707 78.697 78.929 79.307 79.452 79.647 80.619 80.087 80.242 80.752 80.842 81.029 81.002 81.014 80.997 80.974 80.889 80.867 81.034 80.889 80.852 80.967 81.524 81.044 81.242 81.234 81.207 81.462 81.199 81.089 81.044 81.049 81.012 81.039 81.084 81.277 81.277 81.272 81.412 81.459 81.487 81.469 81.582 81.712 81.717 81.847 82.112 82.074 82.274 82.684
76.412 80.467 77.197 78.284 76.624 76.317 76.539 76.774 77.032 77.387 77.434 77.612 77.864 78.202 78.504 78.672 78.952 79.372 79.914 79.439 79.597 79.749 80.024 80.214 80.494 80.579 80.587 80.902 80.964 81.089 81.199 81.324 81.254 81.249 81.452 81.559 81.484 81.504 81.784 81.634 82.052 81.612 81.779 81.787 81.739 81.744 81.659 81.677 81.704 81.609 81.684 81.599 81.607 81.944 81.949 82.349 82.354 82.202 82.452 82.537 82.802 82.764 82.994 84.857 83.299 83.184 83.602
75.589 76.024 76.147 76.239 76.607 76.694 76.989 77.209 77.447 77.777 78.049 78.079 78.237 78.464 78.952 78.959 79.099 79.382 79.964 79.674 80.039 80.172 80.204 80.457 80.587 80.757 80.917 81.102 81.272 81.269 81.644 81.762 81.652 81.979 81.799 81.934 82.119 82.112 82.112 82.292 82.277 82.254 82.314 82.344 82.219 82.187 82.424 82.262 82.404 82.359 82.232 82.134 82.197 82.539 82.689 82.692 82.969 83.259 83.387 83.452 83.522 85.062 86.317 84.799 84.487 84.499 84.692
75.874 76.189 76.329 76.582 76.857 77.067 77.359 77.654 77.979 78.107 78.454 78.499 78.624 78.802 79.192 79.209 79.339 79.692 79.887 80.119 80.177 80.289 80.462 80.572 80.809 80.989 81.239 81.474 81.614 81.937 81.889 82.539 82.814 82.614 82.522 82.569 82.752 82.882 82.742 82.757 82.739 82.902 82.959 82.689 82.899 82.739 83.379 82.914 82.989 83.127 82.809 82.864 83.187 83.297 83.434 83.682 83.997 83.954 84.444 84.804 84.752 85.389 85.022 85.394 85.347 85.482 85.434
76.162 76.387 76.679 76.909 77.177 79.587 78.562 78.007 78.179 78.419 78.442 78.674 79.022 79.057 79.199 79.474 79.642 79.824 79.994 80.247 81.284 80.722 80.757 80.994 81.197 81.427 81.687 81.949 82.124 82.282 82.484 82.849 83.142 83.692 83.034 83.097 82.934 82.997 83.117 83.097 83.127 83.017 83.189 83.084 83.169 83.202 83.182 83.494 83.464 85.039 83.924 83.754 84.077 84.339 84.384 84.907 84.884 85.122 85.399 85.482 85.622 85.404 85.524 85.669 85.892 86.154 85.919
76.414 76.709 76.929 77.147 79.592 77.569 77.882 78.052 78.519 78.417 79.089 79.259 79.182 79.324 79.379 79.604 80.042 80.039 80.292 80.617 80.769 81.069 81.264 81.652 81.802 81.944 82.409 82.572 82.689 82.839 83.247 83.412 83.604 83.904 83.574 83.519 83.577 83.479 83.719 83.609 83.697 83.957 84.087 83.952 83.864 84.484 84.499 84.382 84.999 84.859 84.752 84.659 85.004 85.054 85.289 85.934 85.779 86.042 86.174 86.187 85.917 85.842 85.657 85.572 85.997 85.857 86.177
76.737 76.947 77.139 82.619 78.752 77.747 78.022 78.329 78.517 78.784 78.927 79.187 79.444 79.594 79.732 79.862 80.202 80.549 80.784 81.057 82.144 81.507 81.939 82.062 82.307 82.487 82.567 83.154 83.067 83.367 84.237 83.837 83.799 84.037 83.959 83.962 84.137 84.114 84.997 84.899 84.599 84.772 85.037 85.034 85.534 85.849 85.594 85.324 85.402 85.517 85.572 85.574 85.739 85.684 85.847 86.179 86.124 86.277 86.172 85.999 85.937 86.352 85.702 85.692 85.874 85.869 86.267
76.852 77.089 77.302 77.522 77.724 78.104 78.507 78.564 78.849 78.999 79.277 79.602 79.744 80.094 80.277 80.334 80.684 81.114 81.349 81.677 82.429 82.034 82.327 82.564 82.824 82.897 83.222 83.359 83.527 83.719 83.764 84.022 84.372 84.549 84.789 84.942 84.882 84.959 85.162 85.322 85.539 85.859 86.049 86.119 86.214 86.092 86.177 85.924 85.942 85.827 85.837 85.959 86.054 86.094 86.212 86.214 86.112 86.129 86.299 85.967 85.934 86.237 85.909 85.862 86.007 85.974 86.519
77.007 77.262 77.544 77.864 78.119 78.217 78.529 78.827 79.089 79.749 79.687 79.887 80.134 80.347 80.632 80.799 81.092 81.637 81.789 82.084 82.564 82.767 82.832 83.009 83.137 83.364 83.542 83.772 83.979 84.567 84.534 85.002 85.469 85.434 85.422 85.729 86.117 85.962 86.027 86.244 86.352 86.534 86.652 86.822 86.809 86.412 86.314 86.349 86.429 86.039 86.024 86.087 86.194 86.149 86.174 86.257 86.167 86.067 86.279 86.189 86.119 86.239 86.124 86.334 86.574 86.312 86.279
77.224 77.487 77.769 78.002 78.377 78.579 79.079 79.417 79.752 80.284 80.212 80.399 80.582 80.802 81.057 81.517 81.749 81.944 82.254 82.554 82.759 83.204 83.319 83.447 83.717 83.959 84.532 84.594 84.819 84.982 85.402 85.959 85.989 86.172 86.424 86.587 86.604 86.599 86.714 86.809 86.797 87.252 87.387 87.367 87.259 86.792 86.509 86.447 86.419 86.512 86.329 86.337 86.324 86.474 86.454 86.497 86.364 86.317 86.319 86.284 86.362 86.532 86.689 87.144 87.434 87.187 86.924
77.477 77.759 78.259 78.462 78.759 79.149 79.574 79.817 80.139 80.432 80.662 80.877 81.062 81.319 81.567 81.779 82.044 82.372 82.727 82.977 83.337 83.692 83.959 84.052 84.389 84.737 84.852 85.362 85.829 86.094 86.327 86.552 86.687 86.922 86.847 86.992 86.874 86.919 86.939 87.004 87.089 87.382 87.612 87.562 87.569 87.224 86.764 87.344 87.454 87.739 87.389 86.957 87.119 87.234 87.444 87.354 86.919 86.987 86.694 86.682 86.807 86.994 87.302 87.457 87.857 87.589 87.497
77.917 78.212 78.639 79.037 79.334 79.877 80.162 80.484 80.829 80.882 80.964 81.239 81.522 81.772 81.804 82.414 82.629 82.737 83.169 83.452 83.867 84.144 84.452 84.777 85.149 85.464 85.862 86.224 86.474 86.967 87.204 87.194 86.944 86.904 87.199 87.362 87.112 87.187 87.239 87.204 87.489 87.859 88.004 87.829 87.529 87.424 87.289 87.334 88.769 87.569 87.589 87.624 87.602 87.529 87.789 87.624 87.567 87.469 87.382 87.709 88.047 88.282 87.957 88.027 87.929 87.844 87.802
78.467 78.937 79.272 79.684 79.967 80.364 80.742 80.857 81.067 81.539 81.382 81.589 81.722 82.312 82.449 82.584 83.109 83.329 83.772 84.064 84.489 84.809 85.344 85.589 85.989 86.294 86.497 86.832 87.327 87.484 87.584 87.369 87.392 87.227 87.394 87.352 87.484 87.662 87.874 88.039 87.532 87.574 88.047 87.807 87.674 87.604 87.452 87.092 87.469 87.572 87.627 88.314 87.822 87.604 87.507 87.889 88.074 87.639 87.829 88.279 90.437 90.267 88.619 88.272 87.809 87.594 87.757
78.864 79.432 79.759 80.022 80.514 80.779 80.934 81.199 81.482 81.697 81.744 82.227 82.299 82.544 82.892 83.329 83.799 84.052 85.157 84.844 85.509 85.627 85.924 86.177 86.519 86.704 86.944 87.197 87.702 87.799 87.797 87.679 87.519 87.374 87.419 87.467 87.872 87.974 87.852 87.794 88.097 88.172 88.074 87.689 87.777 87.664 87.752 87.554 87.484 87.749 88.209 88.202 88.242 87.954 88.382 88.902 88.804 88.557 88.827 88.594 89.527 90.122 88.599 88.279 87.799 87.829 88.084
79.317 79.579 80.009 80.299 80.684 80.814 81.314 81.507 81.612 81.832 82.062 82.489 82.804 83.232 83.472 83.982 84.369 84.779 85.274 85.709 86.327 86.417 86.609 86.722 86.834 86.949 87.154 87.409 87.582 87.644 87.614 87.722 87.644 87.744 87.817 87.879 88.214 88.002 87.829 87.852 88.062 88.362 88.034 87.884 88.014 87.839 87.717 87.694 87.734 88.219 88.429 88.099 88.449 88.159 88.324 88.527 88.917 88.804 88.917 89.147 88.987 88.502 88.527 88.264 88.302 88.077 88.167
79.727 79.862 80.194 80.509 80.709 81.044 81.364 81.792 82.044 82.497 82.639 83.122 83.517 83.977 84.299 84.752 85.179 85.797 86.314 86.614 87.187 86.907 86.907 86.957 87.057 87.257 87.497 87.549 87.709 88.157 88.152 88.169 88.144 88.299 88.049 88.237 88.482 88.217 88.302 88.302 87.987 88.254 88.519 88.409 88.109 88.254 88.102 88.087 88.012 88.139 88.707 88.449 88.242 88.137 87.989 88.629 88.862 88.797 89.379 89.127 89.119 88.677 88.629 88.362 88.377 88.364 88.449
79.787 80.027 80.427 80.789 81.157 81.449 81.994 82.182 82.609 82.994 83.459 83.974 84.404 84.934 85.544 85.674 86.252 86.747 87.002 86.947 86.859 86.949 87.202 87.099 87.189 87.999 87.817 87.867 87.962 88.664 88.829 88.744 88.874 88.832 88.879 89.264 88.602 88.732 88.479 88.884 88.479 88.442 89.064 88.952 88.354 88.457 88.454 88.692 88.317 88.384 88.614 88.834 88.539 88.334 88.349 88.789 89.042 88.937 89.117 89.047 89.134 89.007 88.897 88.777 88.984 89.142 88.892
80.149 80.592 80.992 81.277 81.617 84.544 83.704 82.862 83.374 83.959 84.549 84.819 85.484 86.139 86.232 86.412 86.717 86.939 87.074 87.019 87.004 87.072 87.237 87.444 87.587 87.764 88.069 88.319 88.769 88.697 88.982 89.174 89.349 88.902 88.917 88.874 88.829 88.792 88.884 89.107 88.662 88.787 88.997 89.017 88.779 88.694 88.754 88.907 88.762 88.829 88.614 89.044 89.224 88.627 88.639 88.767 89.242 89.152 89.152 88.969 89.024 89.264 89.347 89.582 89.269 89.342 89.544
80.619 81.032 81.384 81.907 86.162 94.164 86.777 83.702 84.344 85.667 85.349 86.372 86.299 86.649 86.899 86.744 86.852 86.932 87.129 87.137 87.274 87.439 87.727 88.257 88.087 88.344 89.369 90.947 89.654 89.104 89.232 89.312 89.504 89.299 88.967 89.369 89.397 89.009 89.144 89.014 89.099 89.044 89.699 92.977 89.599 89.337 89.257 89.339 89.604 89.617 89.087 89.239 89.417 88.859 89.029 88.882 89.504 89.454 89.467 89.282 89.467 89.647 89.597 89.509 89.462 89.594 89.957
81.114 81.504 81.939 82.657 83.669 89.887 86.747 84.754 85.282 85.842 86.724 86.492 86.597 86.877 86.912 86.847 86.922 87.272 87.262 87.257 87.539 87.794 88.264 88.614 88.677 88.889 89.319 90.042 89.149 88.934 89.477 89.314 89.554 89.527 89.452 89.437 89.302 89.289 89.277 89.179 89.319 89.674 90.579 92.572 92.749 91.522 89.539 90.014 90.229 89.357 89.169 89.689 89.654 89.227 89.522 89.284 89.602 89.907 89.759 89.799 89.772 89.772 89.524 89.642 89.464 89.652 89.607
81.724 82.137 82.757 83.509 83.894 84.402 85.182 85.649 86.144 86.469 86.649 86.774 86.959 87.052 87.037 87.029 87.124 87.244 87.337 87.597 87.787 88.149 88.484 88.554 88.912 89.669 89.282 89.632 89.109 89.137 89.269 89.539 89.862 89.497 89.457 89.517 89.377 89.539 89.492 89.349 89.334 89.694 89.507 90.934 89.724 89.439 89.727 89.647 90.507 89.699 89.397 89.654 89.794 89.494 89.437 89.457 89.644 89.584 89.494 89.624 89.354 89.329 89.344 89.284 89.292 89.307 90.962
82.689 83.177 83.767 84.097 84.809 85.449 86.117 86.432 86.719 87.024 86.922 86.899 87.019 87.149 87.174 87.307 87.349 87.594 87.627 87.807 87.917 88.222 88.469 88.699 89.202 89.019 89.062 88.969 89.232 89.257 89.364 89.612 89.582 89.394 89.407 89.624 89.382 89.809 89.494 89.409 89.374 89.334 89.359 94.602 89.387 89.452 89.469 89.459 89.477 89.522 89.542 89.599 89.594 89.542 89.509 89.479 89.424 89.387 89.372 89.364 89.362 89.327 89.277 89.239 89.194 89.179 90.129
83.414 84.004 84.749 85.184 85.774 86.384 87.334 87.077 87.007 87.064 87.034 87.099 87.209 87.289 87.547 87.679 87.787 87.867 87.922 88.429 88.239 88.509 88.914 89.087 89.187 89.672 89.197 89.212 89.332 89.352 89.352 89.409 89.392 89.367 89.399 89.394 89.447 89.439 89.437 89.402 89.382 89.377 89.352 89.374 89.482 89.462 89.492 89.437 89.459 89.479 89.507 89.537 89.542 89.522 89.472 89.507 89.497 89.474 89.484 89.757 89.204 89.482 89.177 89.024 88.882 88.872 91.597
83.957 84.839 86.227 86.154 86.559 86.929 87.074 87.117 87.277 87.214 87.244 87.297 87.447 87.704 87.814 88.107 88.144 88.292 88.474 88.547 88.557 88.759 89.059 89.342 89.269 89.387 89.322 89.289 89.289 89.294 89.342 89.399 89.384 89.362 89.389 89.452 89.462 89.457 89.404 89.392 89.509 89.924 89.382 89.307 89.542 89.432 89.409 89.272 89.572 89.482 89.587 89.549 89.932 89.574 89.712 89.582 89.324 89.399 89.369 89.632 89.362 89.147 88.822 88.552 88.464 88.247 88.412
85.172 85.817 86.412 86.807 87.089 87.187 87.229 87.279 87.322 87.394 87.374 87.822 88.462 88.389 88.194 88.252 88.324 88.682 89.029 89.004 88.829 89.114 88.949 89.159 89.332 89.252 89.274 89.289 89.482 89.304 89.372 89.554 89.504 89.349 89.362 89.644 89.782 89.757 89.509 89.474 89.704 89.817 89.419 89.339 89.284 89.274 89.197 89.177 89.382 89.584 89.617 89.669 89.542 89.154 89.372 89.449 88.957 88.869 88.452 88.787 88.962 88.687 88.712 88.102 87.914 87.814 88.369
86.352 86.614 86.984 87.179 87.197 87.289 87.299 87.407 87.519 87.719 87.642 87.884 88.414 88.464 88.462 88.474 88.507 88.774 89.054 89.002 88.922 89.079 89.212 89.217 89.219 89.287 89.212 90.299 90.449 89.697 89.952 90.037 89.777 89.307 89.257 89.707 89.924 89.814 89.507 89.499 89.539 89.399 89.459 89.324 89.314 89.157 89.099 89.127 89.474 89.489 89.539 89.264 89.102 88.777 88.737 88.612 88.467 88.562 88.732 88.027 88.314 88.317 87.847 87.767 87.337 87.379 87.922
86.822 87.042 87.317 87.252 87.272 87.362 87.417 87.562 87.734 87.967 87.969 88.107 88.472 88.639 88.672 88.537 88.857 89.109 89.224 89.077 89.154 89.222 89.199 89.182 89.287 89.407 89.692 90.727 89.984 89.674 89.907 90.004 89.932 89.572 89.342 89.509 89.294 89.422 89.707 89.762 89.544 89.427 89.252 89.127 89.052 89.024 88.699 88.869 89.319 89.122 88.827 88.969 88.367 88.249 87.772 87.949 88.047 88.092 88.272 87.404 88.039 87.414 87.062 87.039 86.712 86.924 87.434
87.132 87.344 87.244 87.299 87.444 87.509 87.792 87.947 88.187 88.159 88.469 88.567 88.719 89.012 89.057 88.962 89.392 89.122 89.074 89.217 89.222 89.199 89.344 89.357 89.657 89.772 89.952 90.052 89.777 89.622 89.694 89.832 89.992 90.092 89.469 89.324 89.254 89.174 89.682 89.552 89.529 89.194 88.929 88.717 88.679 88.559 88.099 88.222 88.332 88.289 87.984 87.884 87.889 87.374 87.154 87.212 87.309 87.082 87.229 87.222 87.572 86.834 86.677 86.714 86.192 86.222 87.052
87.069 87.179 87.354 87.417 87.439 87.637 88.079 88.347 88.652 88.607 88.807 88.944 89.107 89.404 89.317 89.387 89.587 89.152 89.194 89.199 89.207 89.254 89.552 89.652 89.799 89.662 89.577 89.627 89.447 89.384 89.852 89.767 90.032 90.204 89.532 89.067 89.012 89.097 89.184 89.052 88.734 88.522 88.249 87.974 87.714 87.547 87.247 87.439 87.379 87.632 87.219 87.292 87.184 86.847 86.904 86.617 86.497 86.192 86.322 86.759 87.177 86.334 86.044 85.922 85.482 85.537 86.327
87.079 87.234 87.454 87.549 87.612 87.844 88.217 88.634 88.809 88.952 89.092 89.247 89.254 89.657 89.467 89.072 89.049 89.102 89.172 89.319 89.387 89.597 89.514 89.442 89.429 89.554 89.462 89.497 89.342 89.174 89.299 89.509 89.602 89.419 89.107 88.667 88.352 88.617 88.269 88.149 87.654 87.524 87.222 87.182 86.909 86.607 86.519 86.449 86.662 86.874 86.774 86.837 86.627 86.337 85.869 85.799 85.807 85.679 85.779 86.104 87.277 85.127 84.907 84.747 84.767 84.669 85.069
