All_lidar/sz5794_DSM_2M.asc
ncols 500
nrows 500
xllcorner    457000
yllcorner    94000
cellsize     2
NODATA_value -9999
[rows 340 to 373 of 500, columns 150 to 224 of 500]
-2.194 -2.149 -2.177 -2.182 -2.117 -2.199 -2.187 -2.169 -2.157 -2.177 -2.217 -2.159 -2.202 -2.127 -2.089 -2.159 -2.149 -2.122 -2.229 -2.204 -2.229 -2.152 -2.239 -2.122 -2.172 -2.174 -2.119 -2.184 -2.114 -2.149 -2.132 -2.199 -2.204 -2.129 -2.117 -2.207 -2.252 -2.137 -2.204 -2.284 -2.139 -2.169 -2.244 -2.209 -2.132 -2.102 -2.179 -2.127 -2.212 -2.159 -2.132 -2.257 -2.205 -2.107 -2.092 -2.142 -2.16 -2.145 -2.22 -2.227 -2.182 -2.14 -2.182 -2.157 -2.172 -2.142 -2.252 -2.302 -2.157 -2.107 -2.21 -2.217 -2.08 -2.142 -2.28
-2.204 -2.082 -2.149 -2.202 -2.167 -2.214 -2.212 -2.164 -2.169 -2.172 -2.227 -2.214 -2.172 -2.082 -2.162 -2.222 -2.179 -2.122 -2.182 -2.177 -2.219 -2.157 -2.272 -2.204 -2.132 -2.087 -2.142 -2.134 -2.227 -2.239 -2.137 -2.147 -2.154 -2.192 -2.077 -2.139 -2.267 -2.112 -2.184 -2.237 -2.197 -2.214 -2.209 -2.092 -2.094 -2.129 -2.202 -2.117 -2.227 -2.209 -2.21 -2.225 -2.17 -2.147 -2.115 -2.19 -2.207 -2.122 -2.13 -2.242 -2.21 -2.125 -2.222 -2.225 -2.155 -2.145 -2.192 -2.237 -2.172 -2.2 -2.227 -2.155 -2.197 -2.227 -2.227
-2.144 -2.092 -2.082 -2.182 -2.162 -2.224 -2.207 -2.229 -2.199 -2.167 -2.249 -2.222 -2.187 -2.127 -2.227 -2.174 -2.099 -2.162 -2.129 -2.124 -2.239 -2.192 -2.189 -2.257 -2.122 -2.134 -2.157 -2.114 -2.174 -2.229 -2.132 -2.177 -2.164 -2.197 -2.137 -2.137 -2.194 -2.157 -2.189 -2.237 -2.149 -2.132 -2.162 -2.147 -2.129 -2.172 -2.194 -2.124 -2.157 -2.204 -2.217 -2.157 -2.17 -2.17 -2.082 -2.19 -2.147 -2.145 -2.17 -2.225 -2.175 -2.142 -2.217 -2.145 -2.187 -2.16 -2.142 -2.2 -2.152 -2.127 -2.22 -2.137 -2.14 -2.2 -2.132
-2.239 -2.147 -2.117 -2.214 -2.182 -2.212 -2.202 -2.207 -2.192 -2.207 -2.172 -2.147 -2.184 -2.179 -2.224 -2.172 -2.174 -2.224 -2.152 -2.092 -2.182 -2.139 -2.147 -2.229 -2.084 -2.129 -2.157 -2.119 -2.142 -2.222 -2.214 -2.132 -2.139 -2.194 -2.154 -2.189 -2.224 -2.164 -2.212 -2.222 -2.124 -2.154 -2.182 -2.189 -2.122 -2.139 -2.222 -2.094 -2.214 -2.207 -2.152 -2.185 -2.155 -2.14 -2.075 -2.182 -2.205 -2.17 -2.16 -2.165 -2.127 -2.207 -2.165 -2.157 -2.18 -2.192 -2.125 -2.212 -2.195 -2.11 -2.202 -2.102 -2.102 -2.202 -2.162
-2.202 -2.094 -2.117 -2.272 -2.192 -2.217 -2.189 -2.162 -2.217 -2.244 -2.217 -2.157 -2.139 -2.234 -2.159 -2.137 -2.137 -2.259 -2.159 -2.134 -2.249 -2.199 -2.182 -2.227 -2.057 -2.129 -2.169 -2.112 -2.167 -2.217 -2.237 -2.129 -2.167 -2.157 -2.134 -2.129 -2.192 -2.217 -2.174 -2.164 -2.154 -2.139 -2.154 -2.142 -2.072 -2.219 -2.244 -2.119 -2.219 -2.257 -2.14 -2.2 -2.217 -2.12 -2.092 -2.117 -2.185 -2.13 -2.24 -2.177 -2.227 -2.232 -2.162 -2.127 -2.182 -2.175 -2.132 -2.152 -2.287 -2.192 -2.185 -2.162 -2.12 -2.115 -2.165
-2.189 -2.162 -2.124 -2.202 -2.129 -2.197 -2.132 -2.227 -2.204 -2.162 -2.154 -2.104 -2.147 -2.247 -2.164 -2.112 -2.184 -2.192 -2.159 -2.102 -2.197 -2.209 -2.237 -2.234 -2.102 -2.144 -2.204 -2.127 -2.129 -2.237 -2.197 -2.084 -2.104 -2.119 -2.152 -2.214 -2.202 -2.189 -2.209 -2.139 -2.189 -2.162 -2.132 -2.047 -2.119 -2.192 -2.189 -2.144 -2.239 -2.272 -2.092 -2.182 -2.195 -2.175 -2.12 -2.127 -2.092 -2.155 -2.187 -2.087 -2.13 -2.272 -2.177 -2.08 -2.175 -2.205 -2.09 -2.127 -2.2 -2.225 -2.235 -2.17 -2.155 -2.12 -2.165
-2.114 -2.182 -2.174 -2.149 -2.152 -2.234 -2.154 -2.132 -2.234 -2.162 -2.102 -2.167 -2.129 -2.189 -2.162 -2.152 -2.194 -2.182 -2.212 -2.097 -2.152 -2.229 -2.267 -2.174 -2.144 -2.154 -2.204 -2.149 -2.144 -2.294 -2.199 -2.124 -2.094 -2.139 -2.172 -2.174 -2.167 -2.174 -2.169 -2.167 -2.172 -2.169 -2.132 -2.127 -2.134 -2.132 -2.154 -2.147 -2.217 -2.289 -2.15 -2.212 -2.187 -2.11 -2.152 -2.185 -2.042 -2.195 -2.225 -2.065 -2.145 -2.247 -2.19 -1.997 -2.175 -2.162 -2.142 -2.197 -2.172 -2.227 -2.205 -2.097 -2.14 -2.172 -2.147
-2.062 -2.137 -2.187 -2.232 -2.159 -2.172 -2.192 -2.147 -2.184 -2.172 -2.157 -2.187 -2.169 -2.192 -2.169 -2.164 -2.164 -2.124 -2.204 -2.112 -2.137 -2.222 -2.242 -2.169 -2.169 -2.142 -2.134 -2.157 -2.132 -2.244 -2.222 -2.152 -2.187 -2.129 -2.239 -2.187 -2.182 -2.244 -2.172 -2.152 -2.112 -2.117 -2.074 -2.117 -2.174 -2.154 -2.119 -2.172 -2.187 -2.232 -2.115 -2.172 -2.227 -2.147 -2.152 -2.172 -2.05 -2.237 -2.275 -2.127 -2.255 -2.2 -2.135 -2.065 -2.165 -2.137 -2.172 -2.24 -2.15 -2.202 -2.165 -2.107 -2.147 -2.165 -2.145
-2.129 -2.092 -2.167 -2.204 -2.169 -2.177 -2.187 -2.137 -2.139 -2.152 -2.222 -2.117 -2.159 -2.224 -2.154 -2.184 -2.182 -2.184 -2.204 -2.127 -2.189 -2.247 -2.157 -2.129 -2.252 -2.192 -2.077 -2.169 -2.232 -2.254 -2.222 -2.187 -2.157 -2.107 -2.232 -2.192 -2.169 -2.207 -2.154 -2.144 -2.197 -2.172 -2.087 -2.109 -2.149 -2.169 -2.132 -2.174 -2.189 -2.284 -2.112 -2.132 -2.172 -2.065 -2.157 -2.165 -1.997 -2.232 -2.232 -2.182 -2.147 -2.207 -2.152 -2.077 -2.155 -2.15 -2.187 -2.215 -2.175 -2.22 -2.145 -2.092 -2.217 -2.155 -2.087
-2.134 -2.119 -2.132 -2.269 -2.209 -2.182 -2.189 -2.137 -2.169 -2.174 -2.194 -2.152 -2.137 -2.247 -2.182 -2.147 -2.142 -2.184 -2.129 -2.102 -2.174 -2.157 -2.139 -2.162 -2.232 -2.174 -2.072 -2.199 -2.202 -2.189 -2.184 -2.154 -2.194 -2.102 -2.182 -2.169 -2.177 -2.262 -2.179 -2.129 -2.222 -2.202 -2.174 -2.097 -2.134 -2.132 -2.149 -2.114 -2.182 -2.187 -2.165 -2.182 -2.12 -2.195 -2.182 -2.117 -2.097 -2.137 -2.267 -2.212 -2.167 -2.212 -2.22 -2.125 -2.127 -2.207 -2.15 -2.145 -2.182 -2.247 -2.085 -2.165 -2.207 -2.132 -2.145
-2.12 -2.15 -2.1 -2.247 -2.195 -2.187 -2.2 -2.122 -2.2 -2.212 -2.165 -2.167 -2.082 -2.21 -2.17 -2.175 -2.157 -2.187 -2.14 -2.17 -2.15 -2.165 -2.13 -2.162 -2.245 -2.182 -2.097 -2.142 -2.192 -2.157 -2.24 -2.187 -2.102 -2.115 -2.245 -2.097 -2.112 -2.282 -2.155 -2.13 -2.12 -2.165 -2.195 -2.17 -2.13 -2.177 -2.232 -2.14 -2.167 -2.175 -2.125 -2.262 -2.132 -2.165 -2.157 -2.12 -2.092 -2.155 -2.212 -2.23 -2.16 -2.155 -2.22 -2.145 -2.157 -2.295 -2.2 -2.142 -2.2 -2.257 -2.077 -2.147 -2.222 -2.172 -2.147
-2.21 -2.147 -2.13 -2.197 -2.207 -2.177 -2.197 -2.115 -2.16 -2.225 -2.132 -2.16 -2.11 -2.235 -2.16 -2.192 -2.097 -2.167 -2.142 -2.12 -2.12 -2.187 -2.122 -2.18 -2.255 -2.122 -2.135 -2.185 -2.207 -2.107 -2.212 -2.2 -2.06 -2.102 -2.255 -2.112 -2.127 -2.28 -2.195 -2.15 -2.172 -2.147 -2.212 -2.225 -2.177 -2.18 -2.205 -2.225 -2.205 -2.2 -2.132 -2.23 -2.127 -2.172 -2.147 -2.097 -2.182 -2.13 -2.115 -2.242 -2.162 -2.202 -2.247 -2.12 -2.11 -2.282 -2.15 -2.12 -2.192 -2.227 -2.082 -2.132 -2.205 -2.182 -2.227
-2.187 -2.157 -2.135 -2.18 -2.205 -2.152 -2.15 -2.14 -2.122 -2.187 -2.13 -2.142 -2.135 -2.187 -2.217 -2.185 -2.13 -2.145 -2.172 -2.117 -2.095 -2.17 -2.125 -2.122 -2.172 -2.2 -2.14 -2.205 -2.227 -2.13 -2.21 -2.282 -2.075 -2.185 -2.27 -2.142 -2.135 -2.235 -2.22 -2.152 -2.157 -2.187 -2.24 -2.227 -2.142 -2.107 -2.247 -2.212 -2.215 -2.24 -2.147 -2.225 -2.125 -2.217 -2.122 -2.105 -2.157 -2.14 -2.137 -2.187 -2.2 -2.14 -2.165 -2.125 -2.14 -2.282 -2.175 -2.097 -2.135 -2.215 -2.13 -2.172 -2.185 -2.22 -2.182
-2.215 -2.145 -2.137 -2.2 -2.167 -2.172 -2.17 -2.167 -2.1 -2.165 -2.192 -2.16 -2.137 -2.17 -2.22 -2.15 -2.15 -2.175 -2.165 -2.13 -2.115 -2.237 -2.17 -2.145 -2.247 -2.237 -2.06 -2.112 -2.172 -2.127 -2.16 -2.23 -2.097 -2.24 -2.282 -2.21 -2.132 -2.225 -2.185 -2.065 -2.225 -2.122 -2.197 -2.242 -2.092 -2.085 -2.24 -2.182 -2.157 -2.252 -2.187 -2.202 -2.185 -2.19 -2.13 -2.162 -2.15 -2.16 -2.185 -2.14 -2.105 -2.2 -2.147 -2.185 -2.137 -2.185 -2.152 -2.115 -2.09 -2.197 -2.145 -2.222 -2.155 -2.185 -2.205
-2.2 -2.095 -2.145 -2.227 -2.137 -2.15 -2.237 -2.15 -2.105 -2.217 -2.167 -2.167 -2.147 -2.157 -2.225 -2.122 -2.162 -2.18 -2.172 -2.16 -2.127 -2.165 -2.185 -2.145 -2.157 -2.207 -2.132 -2.14 -2.155 -2.127 -2.135 -2.21 -2.175 -2.1 -2.23 -2.212 -2.14 -2.242 -2.172 -2.147 -2.177 -2.102 -2.142 -2.2 -2.1 -2.185 -2.195 -2.112 -2.207 -2.26 -2.152 -2.18 -2.18 -2.197 -2.167 -2.205 -2.147 -2.162 -2.162 -2.157 -2.115 -2.185 -2.13 -2.145 -2.16 -2.187 -2.192 -2.167 -2.125 -2.19 -2.092 -2.147 -2.12 -2.14 -2.212
-2.167 -2.117 -2.137 -2.232 -2.19 -2.142 -2.217 -2.152 -2.11 -2.155 -2.155 -2.175 -2.145 -2.157 -2.192 -2.205 -2.127 -2.155 -2.18 -2.077 -2.132 -2.157 -2.167 -2.152 -2.182 -2.215 -2.165 -2.11 -2.14 -2.152 -2.127 -2.195 -2.197 -2.1 -2.225 -2.24 -2.077 -2.165 -2.235 -2.147 -2.152 -2.145 -2.22 -2.162 -2.16 -2.197 -2.162 -2.105 -2.187 -2.182 -2.147 -2.212 -2.125 -2.21 -2.145 -2.205 -2.19 -2.192 -2.255 -2.155 -2.175 -2.137 -2.2 -2.18 -2.145 -2.19 -2.165 -2.205 -2.102 -2.125 -2.087 -2.18 -2.157 -2.097 -2.247
-2.19 -2.147 -2.177 -2.21 -2.2 -2.132 -2.217 -2.177 -2.112 -2.142 -2.162 -2.127 -2.13 -2.21 -2.162 -2.22 -2.135 -2.152 -2.215 -2.132 -2.145 -2.13 -2.207 -2.112 -2.165 -2.197 -2.075 -2.15 -2.137 -2.175 -2.12 -2.195 -2.147 -2.162 -2.155 -2.207 -2.125 -2.217 -2.21 -2.142 -2.105 -2.225 -2.232 -2.087 -2.08 -2.17 -2.105 -2.157 -2.202 -2.16 -2.18 -2.19 -2.142 -2.222 -2.237 -2.22 -2.182 -2.115 -2.147 -2.195 -2.152 -2.16 -2.21 -2.207 -2.12 -2.127 -2.177 -2.157 -2.137 -2.065 -2.14 -2.195 -2.152 -2.087 -2.16
-2.19 -2.132 -2.205 -2.205 -2.215 -2.17 -2.22 -2.23 -2.127 -2.105 -2.205 -2.162 -2.177 -2.215 -2.117 -2.265 -2.18 -2.13 -2.232 -2.212 -2.182 -2.18 -2.207 -2.15 -2.222 -2.177 -2.122 -2.16 -2.137 -2.157 -2.125 -2.192 -2.157 -2.21 -2.18 -2.227 -2.147 -2.105 -2.187 -2.097 -2.145 -2.192 -2.217 -2.065 -2.212 -2.302 -2.132 -2.132 -2.212 -2.132 -2.13 -2.195 -2.157 -2.092 -2.19 -2.235 -2.237 -2.155 -2.11 -2.187 -2.187 -2.152 -2.185 -2.245 -2.197 -2.162 -2.185 -2.135 -2.142 -2.115 -2.145 -2.15 -2.15 -2.167 -2.12
-2.207 -2.18 -2.197 -2.242 -2.252 -2.112 -2.165 -2.24 -2.155 -2.152 -2.212 -2.11 -2.265 -2.197 -2.167 -2.285 -2.202 -2.077 -2.22 -2.177 -2.15 -2.22 -2.2 -2.125 -2.215 -2.177 -2.142 -2.177 -2.147 -2.17 -2.197 -2.235 -2.097 -2.172 -2.155 -2.185 -2.095 -2.145 -2.23 -2.07 -2.145 -2.152 -2.142 -2.107 -2.19 -2.21 -2.17 -2.155 -2.192 -2.17 -2.197 -2.127 -2.202 -2.042 -2.222 -2.22 -2.19 -2.127 -2.067 -2.142 -2.162 -2.117 -2.187 -2.23 -2.16 -2.162 -2.222 -2.192 -2.132 -2.167 -2.18 -2.13 -2.135 -2.267 -2.18
-2.217 -2.192 -2.105 -2.255 -2.27 -2.102 -2.152 -2.195 -2.162 -2.192 -2.272 -2.182 -2.192 -2.217 -2.202 -2.222 -2.155 -2.107 -2.165 -2.18 -2.145 -2.215 -2.16 -2.182 -2.24 -2.157 -2.177 -2.2 -2.185 -2.185 -2.205 -2.192 -2.195 -2.192 -2.152 -2.145 -2.135 -2.14 -2.17 -2.075 -2.142 -2.22 -2.12 -2.122 -2.19 -2.19 -2.222 -2.155 -2.182 -2.195 -2.167 -2.115 -2.217 -2.095 -2.182 -2.22 -2.172 -2.195 -2.12 -2.125 -2.162 -2.185 -2.22 -2.167 -2.212 -2.202 -2.182 -2.142 -2.142 -2.207 -2.28 -2.19 -2.15 -2.187 -2.205
-2.222 -2.147 -2.19 -2.26 -2.235 -2.16 -2.187 -2.172 -2.17 -2.137 -2.222 -2.207 -2.18 -2.175 -2.21 -2.257 -2.165 -2.085 -2.152 -2.17 -2.21 -2.227 -2.155 -2.157 -2.215 -2.185 -2.217 -2.18 -2.14 -2.127 -2.18 -2.21 -2.15 -2.24 -2.207 -2.11 -2.21 -2.202 -2.182 -2.147 -2.232 -2.22 -2.135 -2.12 -2.227 -2.18 -2.207 -2.18 -2.187 -2.16 -2.15 -2.177 -2.115 -2.12 -2.087 -2.197 -2.202 -2.172 -2.127 -2.16 -2.117 -2.172 -2.175 -2.152 -2.177 -2.21 -2.16 -2.15 -2.197 -2.157 -2.2 -2.147 -2.132 -2.187 -2.207
-2.232 -2.14 -2.15 -2.27 -2.197 -2.157 -2.235 -2.22 -2.107 -2.137 -2.22 -2.165 -2.16 -2.205 -2.172 -2.232 -2.167 -2.125 -2.177 -2.19 -2.215 -2.252 -2.185 -2.22 -2.17 -2.182 -2.192 -2.137 -2.117 -2.182 -2.172 -2.17 -2.157 -2.237 -2.162 -2.127 -2.217 -2.237 -2.145 -2.105 -2.232 -2.217 -2.155 -2.155 -2.18 -2.212 -2.14 -2.217 -2.23 -2.127 -2.117 -2.18 -2.17 -2.162 -2.14 -2.152 -2.132 -2.125 -2.125 -2.182 -2.105 -2.197 -2.155 -2.15 -2.197 -2.217 -2.145 -2.065 -2.16 -2.12 -2.17 -2.182 -2.162 -2.16 -2.22
-2.27 -2.18 -2.152 -2.235 -2.185 -2.147 -2.25 -2.207 -2.125 -2.11 -2.237 -2.14 -2.137 -2.17 -2.16 -2.25 -2.187 -2.185 -2.192 -2.175 -2.135 -2.222 -2.177 -2.2 -2.212 -2.192 -2.2 -2.042 -2.19 -2.212 -2.105 -2.195 -2.212 -2.197 -2.172 -2.217 -2.167 -2.2 -2.207 -2.122 -2.185 -2.222 -2.237 -2.177 -2.227 -2.197 -2.18 -2.182 -2.175 -2.145 -2.162 -2.19 -2.137 -2.145 -2.117 -2.17 -2.202 -2.125 -2.122 -2.192 -2.14 -2.19 -2.23 -2.207 -2.172 -2.21 -2.21 -2.092 -2.137 -2.172 -2.277 -2.13 -2.122 -2.2 -2.195
-2.272 -2.15 -2.12 -2.195 -2.175 -2.19 -2.202 -2.215 -2.102 -2.19 -2.22 -2.145 -2.242 -2.162 -2.207 -2.202 -2.207 -2.117 -2.137 -2.19 -2.205 -2.147 -2.185 -2.155 -2.187 -2.212 -2.192 -2.092 -2.245 -2.222 -2.085 -2.167 -2.252 -2.165 -2.152 -2.217 -2.097 -2.172 -2.165 -2.165 -2.185 -2.23 -2.232 -2.137 -2.22 -2.222 -2.165 -2.205 -2.192 -2.205 -2.185 -2.142 -2.182 -2.172 -2.115 -2.197 -2.247 -2.167 -2.205 -2.205 -2.152 -2.13 -2.18 -2.15 -2.162 -2.177 -2.192 -2.127 -2.117 -2.195 -2.215 -2.152 -2.1 -2.175 -2.162
-2.26 -2.197 -2.145 -2.202 -2.195 -2.18 -2.215 -2.22 -2.132 -2.155 -2.177 -2.152 -2.202 -2.182 -2.232 -2.217 -2.227 -2.147 -2.12 -2.19 -2.235 -2.117 -2.182 -2.15 -2.227 -2.232 -2.14 -2.167 -2.205 -2.215 -2.09 -2.21 -2.25 -2.132 -2.12 -2.242 -2.142 -2.197 -2.242 -2.205 -2.15 -2.215 -2.232 -2.127 -2.175 -2.192 -2.117 -2.152 -2.232 -2.227 -2.212 -2.202 -2.16 -2.197 -2.177 -2.14 -2.282 -2.16 -2.112 -2.167 -2.16 -2.14 -2.17 -2.172 -2.13 -2.132 -2.245 -2.152 -2.132 -2.192 -2.192 -2.155 -2.1 -2.187 -2.147
-2.19 -2.25 -2.18 -2.197 -2.197 -2.147 -2.14 -2.225 -2.187 -2.14 -2.187 -2.282 -2.17 -2.2 -2.102 -2.205 -2.24 -2.117 -2.09 -2.237 -2.215 -2.152 -2.2 -2.095 -2.15 -2.22 -2.092 -2.175 -2.16 -2.187 -2.12 -2.167 -2.212 -2.162 -2.135 -2.22 -2.197 -2.195 -2.23 -2.205 -2.127 -2.22 -2.232 -2.172 -2.097 -2.21 -2.152 -2.172 -2.22 -2.202 -2.19 -2.175 -2.16 -2.185 -2.215 -2.157 -2.222 -2.18 -2.18 -2.207 -2.175 -2.147 -2.127 -2.087 -2.16 -2.192 -2.217 -2.147 -2.16 -2.155 -2.067 -2.192 -2.202 -2.155 -2.15
-2.205 -2.207 -2.23 -2.19 -2.195 -2.207 -2.175 -2.24 -2.215 -2.13 -2.23 -2.242 -2.14 -2.202 -2.122 -2.197 -2.28 -2.145 -2.09 -2.207 -2.162 -2.125 -2.23 -2.107 -2.165 -2.195 -2.157 -2.157 -2.172 -2.217 -2.167 -2.182 -2.192 -2.217 -2.095 -2.165 -2.2 -2.172 -2.13 -2.197 -2.14 -2.11 -2.212 -2.132 -2.145 -2.217 -2.177 -2.095 -2.165 -2.25 -2.187 -2.205 -2.155 -2.165 -2.18 -2.147 -2.267 -2.222 -2.182 -2.215 -2.177 -2.115 -2.157 -2.13 -2.122 -2.145 -2.215 -2.142 -2.182 -2.16 -2.125 -2.165 -2.23 -2.165 -2.082
-2.2 -2.187 -2.205 -2.232 -2.212 -2.16 -2.172 -2.257 -2.232 -2.132 -2.235 -2.262 -2.14 -2.17 -2.19 -2.24 -2.297 -2.145 -2.12 -2.162 -2.187 -2.167 -2.217 -2.142 -2.182 -2.155 -2.157 -2.16 -2.17 -2.207 -2.2 -2.185 -2.187 -2.21 -2.09 -2.192 -2.157 -2.112 -2.162 -2.22 -2.125 -2.14 -2.177 -2.1 -2.15 -2.19 -2.175 -2.167 -2.202 -2.23 -2.2 -2.197 -2.165 -2.13 -2.152 -2.127 -2.265 -2.242 -2.21 -2.22 -2.122 -2.135 -2.195 -2.167 -2.16 -2.187 -2.187 -2.155 -2.197 -2.245 -2.095 -2.17 -2.215 -2.11 -2.112
-2.197 -2.192 -2.19 -2.187 -2.192 -2.167 -2.187 -2.205 -2.192 -2.142 -2.252 -2.235 -2.14 -2.205 -2.157 -2.192 -2.26 -2.155 -2.147 -2.11 -2.162 -2.192 -2.205 -2.147 -2.127 -2.122 -2.175 -2.165 -2.207 -2.2 -2.185 -2.207 -2.165 -2.12 -2.157 -2.17 -2.132 -2.14 -2.19 -2.175 -2.162 -2.205 -2.14 -2.112 -2.212 -2.162 -2.145 -2.167 -2.142 -2.202 -2.205 -2.2 -2.125 -2.2 -2.135 -2.15 -2.23 -2.235 -2.207 -2.235 -2.147 -2.167 -2.197 -2.192 -2.15 -2.247 -2.192 -2.165 -2.265 -2.22 -2.105 -2.19 -2.165 -2.072 -2.145
-2.2 -2.257 -2.215 -2.18 -2.222 -2.147 -2.23 -2.202 -2.125 -2.19 -2.242 -2.165 -2.092 -2.107 -2.165 -2.137 -2.237 -2.192 -2.132 -2.097 -2.172 -2.175 -2.232 -2.167 -2.102 -2.167 -2.205 -2.095 -2.185 -2.19 -2.14 -2.26 -2.187 -2.072 -2.17 -2.152 -2.087 -2.125 -2.215 -2.142 -2.15 -2.162 -2.137 -2.155 -2.145 -2.152 -2.117 -2.182 -2.177 -2.215 -2.187 -2.17 -2.115 -2.16 -2.13 -2.125 -2.147 -2.212 -2.192 -2.235 -2.137 -2.15 -2.202 -2.207 -2.112 -2.237 -2.24 -2.227 -2.237 -2.23 -2.125 -2.16 -2.147 -2.117 -2.115
-2.167 -2.275 -2.175 -2.17 -2.2 -2.152 -2.235 -2.197 -2.17 -2.175 -2.24 -2.165 -2.107 -2.217 -2.17 -2.147 -2.21 -2.147 -2.205 -2.16 -2.087 -2.145 -2.225 -2.197 -2.087 -2.127 -2.192 -2.135 -2.17 -2.16 -2.152 -2.28 -2.217 -2.065 -2.167 -2.215 -2.12 -2.177 -2.25 -2.192 -2.137 -2.167 -2.175 -2.135 -2.152 -2.135 -2.12 -2.257 -2.242 -2.25 -2.207 -2.15 -2.097 -2.14 -2.117 -2.147 -2.165 -2.205 -2.19 -2.262 -2.185 -2.172 -2.147 -2.195 -2.087 -2.225 -2.207 -2.28 -2.197 -2.207 -2.152 -2.107 -2.16 -2.18 -2.145
-2.155 -2.262 -2.202 -2.167 -2.19 -2.19 -2.197 -2.182 -2.247 -2.177 -2.21 -2.185 -2.142 -2.152 -2.16 -2.207 -2.177 -2.117 -2.212 -2.187 -2.065 -2.172 -2.197 -2.2 -2.087 -2.152 -2.142 -2.175 -2.192 -2.162 -2.142 -2.172 -2.202 -2.147 -2.147 -2.192 -2.135 -2.162 -2.26 -2.21 -2.147 -2.132 -2.16 -2.122 -2.202 -2.125 -2.132 -2.175 -2.222 -2.182 -2.175 -2.145 -2.182 -2.155 -2.09 -2.145 -2.152 -2.165 -2.265 -2.237 -2.152 -2.08 -2.137 -2.147 -2.085 -2.175 -2.232 -2.26 -2.245 -2.155 -2.25 -2.155 -2.117 -2.145 -2.185
-2.162 -2.24 -2.185 -2.167 -2.21 -2.202 -2.185 -2.182 -2.24 -2.112 -2.19 -2.197 -2.097 -2.157 -2.145 -2.22 -2.185 -2.19 -2.227 -2.165 -2.095 -2.165 -2.127 -2.195 -2.115 -2.137 -2.162 -2.197 -2.215 -2.18 -2.185 -2.172 -2.215 -2.122 -2.102 -2.202 -2.135 -2.102 -2.255 -2.19 -2.157 -2.187 -2.212 -2.172 -2.177 -2.117 -2.177 -2.195 -2.202 -2.24 -2.172 -2.112 -2.175 -2.135 -2.11 -2.162 -2.155 -2.165 -2.237 -2.21 -2.157 -2.14 -2.16 -2.105 -2.132 -2.14 -2.205 -2.225 -2.212 -2.16 -2.185 -2.175 -2.145 -2.125 -2.152
-2.227 -2.272 -2.16 -2.162 -2.212 -2.232 -2.132 -2.187 -2.235 -2.117 -2.18 -2.23 -2.132 -2.152 -2.225 -2.22 -2.25 -2.167 -2.245 -2.157 -2.172 -2.185 -2.175 -2.192 -2.14 -2.065 -2.152 -2.21 -2.162 -2.157 -2.207 -2.132 -2.22 -2.092 -2.175 -2.175 -2.067 -2.145 -2.272 -2.182 -2.162 -2.212 -2.17 -2.14 -2.132 -2.19 -2.145 -2.21 -2.18 -2.2 -2.185 -2.092 -2.165 -2.15 -2.075 -2.16 -2.167 -2.152 -2.195 -2.242 -2.16 -2.21 -2.1 -2.11 -2.115 -2.147 -2.18 -2.307 -2.255 -2.177 -2.147 -2.2 -2.125 -2.142 -2.167
