All_lidar/sz5790_DSM_2M.asc
ncols 500
nrows 500
xllcorner    457000
yllcorner    90000
cellsize     2
NODATA_value -9999
[rows 256 to 287 of 500, columns 144 to 215 of 500]
42.945 43.077 43.227 43.357 43.5 43.635 43.79 43.928 44.053 44.215 44.365 44.495 44.615 44.715 44.803 44.943 45.065 45.173 45.245 45.363 45.45 45.568 45.633 45.73 45.818 45.893 45.94 45.998 46.048 46.083 46.123 46.2 46.283 46.328 46.325 46.358 46.375 46.39 46.405 46.445 46.458 46.488 46.523 46.538 46.553 46.555 46.545 46.558 46.55 46.525 46.513 46.495 46.445 46.435 46.396 46.382 46.324 46.278 46.255 46.196 46.139 46.109 46.045 45.977 45.973 45.92 45.856 45.782 45.747 45.703 45.659 45.632
43.025 43.175 43.325 43.46 43.59 43.74 43.893 44.028 44.15 44.303 44.435 44.578 44.698 44.815 44.913 45.045 45.165 45.255 45.358 45.448 45.563 45.628 45.728 45.8 45.913 45.983 46.053 46.098 46.14 46.19 46.265 46.313 46.37 46.41 46.418 46.438 46.46 46.475 46.508 46.528 46.56 46.59 46.613 46.63 46.643 46.64 46.64 46.615 46.613 46.61 46.591 46.547 46.535 46.512 46.466 46.442 46.401 46.354 46.293 46.251 46.216 46.171 46.111 46.069 46.016 45.982 45.915 45.849 45.819 45.758 45.72 45.701
43.122 43.275 43.422 43.54 43.667 43.825 43.98 44.123 44.25 44.405 44.533 44.648 44.773 44.9 45.033 45.15 45.245 45.353 45.463 45.55 45.643 45.72 45.823 45.92 45.988 46.088 46.148 46.183 46.225 46.275 46.353 46.415 46.465 46.49 46.513 46.533 46.563 46.58 46.605 46.623 46.643 46.658 46.68 46.705 46.708 46.72 46.732 46.72 46.701 46.691 46.656 46.634 46.618 46.584 46.562 46.498 46.466 46.407 46.365 46.32 46.275 46.232 46.178 46.124 46.074 46.026 45.973 45.918 45.866 45.842 45.804 45.751
43.24 43.367 43.495 43.635 43.762 43.9 44.06 44.195 44.335 44.47 44.6 44.748 44.88 45.018 45.135 45.235 45.363 45.438 45.528 45.63 45.705 45.813 45.923 46.005 46.073 46.175 46.24 46.28 46.33 46.365 46.418 46.508 46.56 46.59 46.62 46.62 46.668 46.678 46.693 46.713 46.73 46.743 46.764 46.776 46.77 46.778 46.785 46.789 46.773 46.759 46.741 46.723 46.688 46.643 46.612 46.568 46.533 46.489 46.432 46.394 46.335 46.273 46.218 46.178 46.128 46.064 46.028 45.968 45.936 45.889 45.854 45.825
43.305 43.43 43.582 43.735 43.867 44.01 44.16 44.308 44.433 44.575 44.723 44.848 44.975 45.103 45.21 45.323 45.42 45.52 45.608 45.71 45.805 45.898 45.998 46.073 46.17 46.235 46.325 46.345 46.383 46.475 46.533 46.598 46.66 46.678 46.713 46.718 46.753 46.775 46.785 46.799 46.828 46.84 46.837 46.856 46.866 46.867 46.864 46.862 46.857 46.843 46.829 46.79 46.755 46.725 46.665 46.64 46.596 46.543 46.507 46.449 46.386 46.334 46.294 46.235 46.178 46.137 46.08 46.037 45.992 45.952 45.922 45.904
43.387 43.525 43.657 43.805 43.942 44.105 44.263 44.405 44.528 44.68 44.83 44.958 45.093 45.215 45.325 45.42 45.51 45.613 45.713 45.803 45.915 46.018 46.085 46.18 46.255 46.335 46.395 46.448 46.49 46.555 46.633 46.688 46.76 46.798 46.805 46.805 46.836 46.846 46.873 46.898 46.915 46.923 46.941 46.933 46.941 46.948 46.94 46.939 46.924 46.912 46.894 46.877 46.827 46.78 46.74 46.705 46.684 46.62 46.557 46.499 46.46 46.414 46.367 46.298 46.252 46.19 46.136 46.092 46.04 46.003 45.988 45.936
43.472 43.61 43.752 43.907 44.04 44.192 44.36 44.5 44.638 44.773 44.923 45.055 45.195 45.3 45.41 45.503 45.608 45.713 45.795 45.89 45.985 46.083 46.178 46.28 46.35 46.438 46.513 46.55 46.588 46.66 46.725 46.798 46.855 46.885 46.878 46.902 46.911 46.935 46.96 46.968 46.987 47.008 47.02 47.021 47.041 47.036 47.031 47.01 47.018 47.006 46.97 46.934 46.912 46.87 46.843 46.794 46.758 46.709 46.623 46.56 46.514 46.463 46.406 46.353 46.301 46.252 46.189 46.156 46.104 46.073 46.055 46
43.55 43.69 43.835 43.995 44.145 44.285 44.445 44.578 44.733 44.86 45.013 45.148 45.268 45.373 45.483 45.6 45.695 45.805 45.895 45.993 46.093 46.173 46.275 46.373 46.445 46.525 46.583 46.64 46.705 46.731 46.82 46.888 46.928 46.957 46.964 46.983 46.998 47.012 47.041 47.075 47.076 47.101 47.111 47.111 47.122 47.105 47.112 47.11 47.11 47.093 47.057 47.011 46.975 46.937 46.9 46.864 46.806 46.768 46.701 46.629 46.6 46.534 46.455 46.416 46.351 46.306 46.244 46.206 46.161 46.134 46.104 46.076
43.622 43.777 43.937 44.08 44.212 44.38 44.528 44.68 44.838 44.97 45.088 45.248 45.35 45.445 45.563 45.665 45.795 45.885 45.988 46.098 46.173 46.285 46.37 46.47 46.538 46.61 46.678 46.725 46.805 46.865 46.913 46.994 47.007 47.038 47.046 47.058 47.094 47.11 47.128 47.161 47.176 47.196 47.196 47.2 47.209 47.218 47.209 47.206 47.202 47.152 47.129 47.09 47.053 47.021 46.991 46.95 46.897 46.839 46.783 46.73 46.646 46.577 46.537 46.467 46.401 46.345 46.298 46.261 46.22 46.18 46.154 46.148
43.69 43.847 44.02 44.16 44.295 44.442 44.593 44.748 44.888 45.018 45.17 45.29 45.4 45.523 45.625 45.75 45.888 45.98 46.083 46.174 46.29 46.377 46.465 46.551 46.629 46.707 46.754 46.808 46.879 46.94 47.021 47.099 47.122 47.164 47.137 47.165 47.178 47.192 47.226 47.242 47.274 47.289 47.293 47.301 47.308 47.306 47.297 47.285 47.282 47.25 47.223 47.186 47.152 47.118 47.074 47.027 46.964 46.914 46.859 46.805 46.743 46.645 46.598 46.515 46.462 46.41 46.349 46.325 46.283 46.246 46.212 46.202
43.722 43.912 44.072 44.197 44.367 44.512 44.66 44.805 44.95 45.105 45.235 45.353 45.465 45.598 45.733 45.876 45.977 46.084 46.159 46.28 46.358 46.478 46.547 46.62 46.693 46.785 46.844 46.89 46.958 47.049 47.122 47.171 47.215 47.23 47.249 47.246 47.272 47.309 47.325 47.341 47.362 47.384 47.38 47.388 47.375 47.398 47.369 47.369 47.349 47.332 47.309 47.279 47.227 47.208 47.156 47.124 47.044 46.996 46.932 46.885 46.802 46.728 46.676 46.599 46.529 46.459 46.431 46.384 46.352 46.3 46.278 46.282
43.805 43.97 44.122 44.287 44.445 44.567 44.75 44.925 45.048 45.18 45.305 45.446 45.597 45.699 45.816 45.944 46.058 46.163 46.256 46.363 46.463 46.549 46.625 46.705 46.785 46.87 46.931 47.011 47.07 47.164 47.225 47.258 47.308 47.307 47.343 47.357 47.377 47.402 47.42 47.455 47.457 47.473 47.493 47.487 47.493 47.488 47.483 47.466 47.434 47.428 47.399 47.346 47.332 47.287 47.233 47.172 47.126 47.069 47.039 46.954 46.886 46.817 46.724 46.644 46.582 46.517 46.496 46.46 46.415 46.37 46.365 46.308
43.872 44.02 44.15 44.322 44.487 44.652 44.795 44.955 45.118 45.235 45.352 45.515 45.674 45.796 45.907 46.041 46.161 46.252 46.335 46.46 46.559 46.64 46.712 46.795 46.87 46.951 47.018 47.097 47.184 47.281 47.334 47.377 47.404 47.404 47.434 47.449 47.48 47.499 47.511 47.551 47.576 47.563 47.578 47.58 47.599 47.589 47.587 47.582 47.543 47.538 47.481 47.452 47.447 47.368 47.325 47.272 47.217 47.171 47.11 47.019 46.981 46.904 46.804 46.736 46.688 46.605 46.565 46.528 46.46 46.448 46.42 46.393
43.892 44.052 44.223 44.38 44.538 44.702 44.861 44.998 45.159 45.314 45.457 45.606 45.737 45.861 46.01 46.122 46.226 46.334 46.449 46.538 46.639 46.73 46.807 46.895 46.969 47.054 47.113 47.178 47.271 47.372 47.419 47.493 47.508 47.527 47.553 47.586 47.6 47.624 47.628 47.657 47.69 47.695 47.707 47.706 47.69 47.678 47.686 47.675 47.657 47.633 47.614 47.539 47.513 47.482 47.412 47.343 47.298 47.233 47.204 47.113 47.07 46.993 46.903 46.823 46.755 46.685 46.633 46.598 46.535 46.505 46.478 46.453
43.955 44.114 44.298 44.451 44.595 44.783 44.939 45.095 45.217 45.392 45.537 45.683 45.826 45.952 46.081 46.203 46.302 46.419 46.529 46.638 46.731 46.818 46.899 46.988 47.07 47.142 47.212 47.302 47.397 47.475 47.539 47.588 47.627 47.625 47.65 47.692 47.708 47.733 47.758 47.779 47.828 47.827 47.824 47.819 47.807 47.798 47.792 47.769 47.752 47.723 47.706 47.664 47.617 47.563 47.486 47.449 47.395 47.327 47.268 47.16 47.138 47.06 46.988 46.91 46.828 46.765 46.73 46.685 46.613 46.608 46.568 46.525
43.984 44.156 44.319 44.509 44.68 44.828 45.002 45.174 45.321 45.477 45.619 45.758 45.9 46.043 46.152 46.275 46.392 46.498 46.614 46.712 46.822 46.917 47.019 47.097 47.169 47.241 47.321 47.418 47.519 47.607 47.667 47.692 47.724 47.747 47.776 47.8 47.827 47.865 47.889 47.906 47.943 47.943 47.936 47.945 47.929 47.923 47.925 47.879 47.856 47.822 47.798 47.767 47.724 47.675 47.628 47.545 47.468 47.418 47.358 47.27 47.233 47.158 47.063 47.003 46.923 46.845 46.788 46.773 46.748 46.703 46.658 46.595
44.048 44.235 44.406 44.58 44.741 44.905 45.079 45.245 45.401 45.538 45.693 45.842 45.984 46.135 46.259 46.375 46.501 46.618 46.707 46.798 46.916 47.013 47.123 47.201 47.28 47.358 47.454 47.555 47.639 47.7 47.766 47.817 47.842 47.888 47.903 47.917 47.907 47.969 48 48.027 48.043 48.034 48.067 48.064 48.059 48.014 48.018 47.983 47.953 47.925 47.922 47.865 47.82 47.763 47.713 47.638 47.573 47.528 47.443 47.393 47.308 47.235 47.143 47.083 47.018 46.933 46.888 46.838 46.818 46.783 46.74 46.678
44.125 44.295 44.475 44.635 44.807 44.992 45.152 45.307 45.477 45.632 45.79 45.951 46.079 46.208 46.346 46.463 46.586 46.706 46.811 46.908 47.027 47.127 47.228 47.299 47.384 47.462 47.575 47.674 47.78 47.841 47.889 47.929 47.946 47.98 47.986 48.045 48.069 48.091 48.116 48.135 48.148 48.166 48.186 48.168 48.184 48.15 48.152 48.105 48.07 48.028 48.015 47.975 47.928 47.865 47.803 47.738 47.693 47.605 47.543 47.473 47.4 47.36 47.28 47.2 47.113 47.06 46.985 46.928 46.9 46.86 46.83 46.785
44.19 44.36 44.537 44.713 44.882 45.069 45.221 45.401 45.575 45.725 45.886 46.037 46.185 46.323 46.447 46.566 46.68 46.819 46.946 47.035 47.126 47.231 47.31 47.407 47.498 47.578 47.665 47.786 47.894 47.957 47.99 48.022 48.038 48.079 48.086 48.131 48.164 48.203 48.219 48.266 48.266 48.274 48.309 48.275 48.263 48.26 48.24 48.235 48.19 48.17 48.125 48.07 48.02 47.978 47.935 47.858 47.79 47.708 47.635 47.59 47.503 47.443 47.375 47.323 47.223 47.158 47.095 47.025 46.988 46.95 46.91 46.84
44.248 44.421 44.586 44.76 44.941 45.12 45.306 45.495 45.64 45.807 45.974 46.117 46.281 46.431 46.534 46.672 46.785 46.919 47.022 47.161 47.249 47.341 47.429 47.53 47.61 47.691 47.801 47.914 47.991 48.038 48.082 48.117 48.144 48.179 48.197 48.243 48.309 48.339 48.357 48.38 48.378 48.368 48.423 48.39 48.39 48.36 48.358 48.338 48.315 48.278 48.23 48.185 48.153 48.108 48.048 47.968 47.893 47.84 47.76 47.693 47.628 47.558 47.498 47.423 47.343 47.263 47.198 47.14 47.085 47.05 46.998 46.963
44.297 44.455 44.645 44.826 45.006 45.189 45.369 45.547 45.735 45.911 46.056 46.208 46.35 46.488 46.613 46.747 46.881 47.001 47.124 47.264 47.345 47.459 47.573 47.644 47.737 47.819 47.934 48.037 48.084 48.133 48.197 48.208 48.259 48.266 48.293 48.33 48.385 48.433 48.445 48.488 48.503 48.518 48.518 48.493 48.483 48.503 48.483 48.445 48.425 48.37 48.335 48.313 48.28 48.215 48.163 48.098 47.998 47.94 47.865 47.8 47.765 47.663 47.6 47.505 47.445 47.365 47.298 47.245 47.193 47.153 47.085 47.025
44.365 44.528 44.694 44.869 45.054 45.244 45.44 45.609 45.78 45.962 46.129 46.279 46.439 46.561 46.723 46.843 46.971 47.091 47.228 47.332 47.477 47.592 47.668 47.731 47.864 47.954 48.042 48.149 48.219 48.234 48.284 48.275 48.337 48.383 48.41 48.435 48.478 48.553 48.578 48.575 48.588 48.623 48.635 48.635 48.613 48.605 48.58 48.563 48.53 48.475 48.455 48.448 48.395 48.333 48.245 48.175 48.143 48.05 47.978 47.92 47.85 47.788 47.72 47.635 47.545 47.473 47.428 47.355 47.288 47.228 47.183 47.12
44.368 44.545 44.716 44.911 45.104 45.312 45.492 45.648 45.836 46.027 46.189 46.358 46.514 46.632 46.775 46.905 47.057 47.205 47.311 47.425 47.543 47.645 47.739 47.82 47.968 48.04 48.168 48.224 48.297 48.3 48.353 48.368 48.435 48.46 48.51 48.555 48.593 48.633 48.693 48.705 48.72 48.708 48.728 48.745 48.718 48.723 48.708 48.688 48.658 48.61 48.618 48.55 48.485 48.428 48.35 48.318 48.223 48.165 48.09 48.01 47.94 47.9 47.835 47.723 47.638 47.575 47.508 47.45 47.39 47.315 47.295 47.22
44.391 44.595 44.764 44.946 45.141 45.339 45.536 45.722 45.902 46.069 46.245 46.396 46.562 46.689 46.881 46.996 47.133 47.277 47.372 47.533 47.661 47.727 47.814 47.915 48.053 48.133 48.255 48.333 48.36 48.368 48.425 48.48 48.52 48.543 48.608 48.665 48.735 48.753 48.785 48.82 48.818 48.813 48.815 48.833 48.838 48.833 48.82 48.79 48.76 48.74 48.705 48.683 48.623 48.555 48.468 48.415 48.345 48.255 48.193 48.108 48.045 47.96 47.91 47.828 47.758 47.69 47.608 47.55 47.48 47.433 47.375 47.303
44.417 44.604 44.792 44.977 45.181 45.377 45.573 45.749 45.941 46.13 46.298 46.429 46.603 46.774 46.92 47.057 47.197 47.347 47.455 47.567 47.67 47.775 47.893 47.973 48.098 48.213 48.345 48.408 48.455 48.5 48.535 48.565 48.643 48.658 48.74 48.773 48.833 48.883 48.903 48.933 48.915 48.915 48.903 48.9 48.918 48.925 48.935 48.9 48.883 48.858 48.838 48.755 48.723 48.658 48.575 48.508 48.435 48.368 48.3 48.213 48.153 48.088 48.015 47.913 47.838 47.768 47.698 47.625 47.563 47.523 47.445 47.398
44.418 44.639 44.827 45.019 45.201 45.41 45.608 45.785 45.977 46.16 46.329 46.497 46.654 46.786 46.963 47.135 47.273 47.388 47.503 47.618 47.735 47.823 47.925 48.08 48.178 48.295 48.403 48.455 48.543 48.558 48.65 48.648 48.728 48.798 48.855 48.875 48.938 48.993 49.02 49.043 49 49.033 49.04 49.033 49.038 49.043 49.023 49.01 49.015 48.958 48.945 48.923 48.833 48.778 48.658 48.62 48.54 48.468 48.403 48.333 48.245 48.183 48.11 48.018 47.933 47.853 47.808 47.718 47.645 47.603 47.523 47.498
44.436 44.637 44.837 45.028 45.223 45.449 45.624 45.812 45.974 46.192 46.345 46.515 46.718 46.853 47.003 47.153 47.328 47.485 47.565 47.698 47.793 47.883 48.01 48.153 48.265 48.38 48.48 48.568 48.613 48.655 48.683 48.733 48.798 48.9 48.918 48.983 49.043 49.08 49.105 49.14 49.123 49.14 49.15 49.123 49.11 49.125 49.105 49.095 49.073 49.055 49.033 48.978 48.95 48.893 48.795 48.743 48.658 48.59 48.498 48.413 48.318 48.298 48.193 48.105 48.093 47.995 47.895 47.843 47.783 47.68 47.633 47.59
44.421 44.598 44.823 45.016 45.23 45.45 45.62 45.8 46.008 46.193 46.365 46.558 46.713 46.888 47.06 47.233 47.335 47.483 47.605 47.748 47.833 47.938 48.048 48.18 48.328 48.463 48.568 48.65 48.688 48.723 48.755 48.818 48.888 48.975 49.05 49.11 49.12 49.175 49.183 49.203 49.235 49.23 49.22 49.21 49.22 49.215 49.208 49.213 49.175 49.148 49.118 49.093 49.02 48.96 48.903 48.828 48.773 48.705 48.605 48.515 48.425 48.355 48.278 48.203 48.138 48.065 48.013 47.96 47.88 47.803 47.75 47.685
44.403 44.612 44.852 45.007 45.217 45.437 45.643 45.838 46.018 46.215 46.4 46.57 46.77 46.893 47.035 47.238 47.395 47.523 47.63 47.755 47.86 47.943 48.125 48.258 48.383 48.54 48.61 48.68 48.735 48.808 48.81 48.893 48.973 49.083 49.128 49.195 49.208 49.228 49.27 49.3 49.323 49.348 49.32 49.32 49.323 49.303 49.305 49.275 49.248 49.238 49.218 49.19 49.15 49.093 49.038 48.958 48.873 48.79 48.7 48.625 48.505 48.433 48.368 48.288 48.21 48.188 48.085 48.04 47.963 47.898 47.84 47.758
44.38 44.572 44.772 45.002 45.19 45.39 45.62 45.845 46.033 46.213 46.385 46.57 46.76 46.903 47.068 47.26 47.413 47.558 47.708 47.8 47.91 48.045 48.195 48.328 48.438 48.578 48.668 48.723 48.778 48.87 48.895 48.975 49.02 49.133 49.203 49.288 49.293 49.313 49.338 49.378 49.41 49.408 49.395 49.423 49.405 49.41 49.398 49.348 49.335 49.308 49.313 49.278 49.203 49.155 49.105 49.02 48.965 48.9 48.805 48.71 48.63 48.553 48.455 48.375 48.333 48.253 48.168 48.09 48.045 47.978 47.935 47.835
44.395 44.572 44.78 45.01 45.192 45.41 45.613 45.805 45.993 46.203 46.378 46.578 46.748 46.933 47.09 47.25 47.43 47.568 47.725 47.795 47.94 48.085 48.25 48.398 48.5 48.593 48.715 48.765 48.838 48.895 48.938 49.025 49.115 49.203 49.243 49.323 49.365 49.388 49.428 49.455 49.465 49.483 49.48 49.503 49.488 49.493 49.485 49.46 49.455 49.433 49.403 49.34 49.305 49.258 49.21 49.145 49.08 48.995 48.908 48.8 48.698 48.628 48.568 48.49 48.425 48.368 48.31 48.243 48.168 48.085 48.018 47.938
44.38 44.59 44.77 44.99 45.177 45.417 45.608 45.788 45.973 46.193 46.393 46.555 46.74 46.898 47.083 47.268 47.415 47.573 47.693 47.795 47.96 48.098 48.278 48.44 48.543 48.658 48.753 48.808 48.868 48.973 49.028 49.095 49.188 49.238 49.338 49.388 49.405 49.43 49.483 49.525 49.493 49.563 49.538 49.545 49.558 49.56 49.578 49.563 49.553 49.508 49.463 49.475 49.418 49.343 49.313 49.245 49.165 49.098 48.998 48.923 48.84 48.743 48.675 48.618 48.555 48.485 48.428 48.285 48.248 48.178 48.103 48.065
