All_lidar/sz5790_DSM_2M.asc
ncols 500
nrows 500
xllcorner    457000
yllcorner    90000
cellsize     2
NODATA_value -9999
[rows 128 to 159 of 500, columns 0 to 71 of 500]
41.52 41.577 41.585 41.605 41.602 41.63 41.687 41.655 41.622 41.602 41.605 41.585 41.588 41.55 41.538 41.526 41.521 41.515 41.483 41.486 41.487 41.499 41.462 41.46 41.452 41.457 41.47 41.477 41.452 41.435 41.405 41.545 41.642 41.675 41.655 41.612 43.81 44.097 42.285 41.57 41.55 41.557 41.542 43.262 43.657 43.632 41.732 41.517 41.482 41.407 41.4 41.462 41.695 41.6 42.052 41.992 42.99 42.16 41.467 41.5 41.505 41.522 41.532 41.52 41.525 41.497 41.475 41.435 41.462 41.455 41.507 41.497
41.362 41.402 41.425 41.44 41.455 41.52 41.532 41.49 41.482 41.462 41.435 41.425 41.412 41.402 41.389 41.375 41.361 41.348 41.335 41.342 41.329 41.335 41.333 41.342 41.329 41.33 41.317 41.317 41.347 41.335 41.312 41.33 41.34 41.35 41.425 41.505 43.42 43.472 41.96 41.42 41.435 41.402 41.42 42.392 42.517 42.497 41.59 41.372 41.425 41.517 42.01 41.47 41.707 41.487 41.34 41.32 41.325 41.357 41.385 41.41 41.445 41.47 41.47 41.452 41.435 41.43 41.392 41.375 41.38 41.36 41.415 41.437
41.195 41.232 41.26 41.282 41.352 41.377 41.35 41.315 41.332 41.312 41.285 41.272 41.243 41.237 41.229 41.225 41.224 41.223 41.197 41.191 41.18 41.187 41.183 41.181 41.173 41.192 41.167 41.18 41.202 41.227 41.197 41.2 41.245 41.265 41.312 41.235 42.402 43.022 41.497 41.317 41.34 41.482 41.38 41.305 41.857 42.492 42.59 43.435 43.76 44.125 42.027 41.557 41.437 41.452 41.375 41.252 41.287 41.285 41.277 41.297 41.387 41.417 41.382 41.382 41.37 41.355 41.332 41.312 41.297 41.3 41.302 41.322
41.022 41.06 41.087 41.132 41.22 41.197 41.182 41.157 41.15 41.135 41.13 41.1 41.084 41.1 41.08 41.079 41.076 41.074 41.07 41.057 41.043 41.045 41.054 41.05 41.052 41.037 41.04 41.072 41.075 41.067 41.067 41.062 41.145 41.16 41.137 41.13 41.982 42.852 41.447 41.19 41.262 41.482 41.297 43.267 44.52 44.717 44.925 45.12 45.272 45.442 43.495 42.325 41.482 41.382 41.595 41.192 41.237 41.215 41.247 41.252 41.285 41.325 41.307 41.302 41.302 41.292 41.265 41.24 41.227 41.242 41.207 41.23
40.86 40.88 40.895 41.002 41.037 41.01 41.015 41.017 40.98 40.97 40.957 40.937 40.94 40.951 40.948 40.964 40.944 40.945 40.949 40.916 40.913 40.911 40.925 40.937 40.92 40.896 40.927 40.915 40.927 40.92 40.892 40.915 40.98 41.002 40.995 40.99 41.18 43.38 41.867 41.102 41.215 41.345 41.187 44.355 45.655 45.732 45.772 45.735 45.59 45.51 43.127 42.64 41.247 41.107 41.207 41.11 41.135 41.155 41.142 41.162 41.187 41.197 41.205 41.212 41.215 41.2 41.217 41.172 41.162 41.175 41.125 41.147
40.715 40.732 40.755 40.82 40.84 40.835 40.847 40.86 40.857 40.82 40.797 40.797 40.787 40.798 40.81 40.81 40.811 40.798 40.79 40.784 40.78 40.776 40.784 40.775 40.779 40.754 40.772 40.775 40.792 40.805 40.772 40.765 40.812 40.865 40.857 40.875 40.97 43.057 41.855 40.992 41.21 41.215 41.115 42.575 45.105 44.925 44.857 44.695 44.51 44.295 42.902 41.547 41.087 41.122 41.465 41.427 41.05 41.072 41.07 41.072 41.102 41.13 41.12 41.115 41.142 41.145 41.14 41.095 41.06 41.052 41.037 41.02
40.547 40.575 40.65 40.675 40.697 40.71 40.7 40.68 40.72 40.692 40.67 40.64 40.645 40.652 40.67 40.671 40.674 40.656 40.643 40.637 40.621 40.623 40.632 40.627 40.632 40.657 40.67 40.655 40.647 40.635 40.635 40.645 40.647 40.707 40.725 40.712 40.595 42.16 41.825 40.887 41.025 41.2 41.092 41.727 42.83 42.572 41.882 42.195 41.462 41.055 41.01 40.905 40.887 40.965 41.387 41.642 41.017 41.017 41.007 40.982 41.025 41.072 41.03 41.002 41.055 41.037 41.047 41.022 40.977 40.96 40.94 40.967
40.4 40.447 40.505 40.525 40.517 40.542 40.56 40.565 40.57 40.537 40.517 40.502 40.519 40.521 40.545 40.528 40.523 40.51 40.493 40.484 40.472 40.471 40.481 40.474 40.502 40.515 40.542 40.555 40.522 40.492 40.52 40.517 40.552 40.585 40.61 40.612 40.575 41.742 42.11 40.812 40.837 40.937 40.917 40.987 40.962 40.94 40.867 40.89 40.84 40.765 40.812 40.802 41.012 40.902 41.085 41.787 41.075 40.91 40.917 40.947 40.935 40.965 40.96 40.967 40.96 40.912 40.88 40.895 40.86 40.892 40.91 40.9
40.262 40.337 40.332 40.347 40.352 40.38 40.39 40.41 40.405 40.387 40.375 40.365 40.393 40.389 40.382 40.369 40.346 40.336 40.327 40.329 40.324 40.311 40.326 40.332 40.355 40.372 40.392 40.372 40.37 40.38 40.37 40.38 40.417 40.457 40.49 40.477 40.475 40.522 42.595 41.195 40.652 40.737 40.782 40.75 40.782 40.68 40.67 40.74 40.672 40.682 40.965 40.785 40.837 40.837 41.042 41.635 41.09 40.8 40.85 40.872 40.827 40.822 40.82 40.787 40.78 40.772 40.745 40.785 40.82 40.822 40.805 40.832
40.135 40.177 40.177 40.192 40.227 40.247 40.252 40.227 40.237 40.237 40.227 40.2 40.209 40.226 40.232 40.207 40.176 40.182 40.159 40.162 40.155 40.17 40.167 40.177 40.195 40.225 40.22 40.22 40.23 40.24 40.25 40.262 40.275 40.32 40.362 40.357 40.31 40.4 42.37 41.165 40.53 40.542 40.517 40.555 40.595 40.54 40.567 40.497 40.512 40.535 40.612 40.575 40.54 40.595 40.595 40.875 40.7 40.735 40.807 40.795 40.74 40.725 40.712 40.707 40.705 40.717 40.69 40.765 40.77 40.75 40.72 40.802
39.977 39.997 40.01 40.045 40.08 40.097 40.11 40.112 40.09 40.087 40.085 40.057 40.029 40.041 40.04 40.04 40.014 40.019 39.995 40.009 39.992 40 40.01 40.02 40.032 40.057 40.06 40.067 40.107 40.105 40.11 40.137 40.167 40.207 40.227 40.225 40.185 40.257 41.967 41.252 40.38 40.537 40.602 40.427 40.52 40.397 40.505 40.38 40.395 40.377 40.467 40.455 40.437 40.43 40.417 40.67 40.54 40.612 40.66 40.69 40.697 40.645 40.625 40.662 40.677 40.657 40.602 40.662 40.717 40.617 40.68 40.735
39.822 39.832 39.857 39.9 39.92 39.94 39.952 39.945 39.925 39.912 39.905 39.882 39.862 39.851 39.847 39.861 39.879 39.863 39.862 39.842 39.838 39.841 39.842 39.848 39.859 39.916 39.905 39.93 39.952 39.952 39.942 39.985 40.005 40.05 40.1 40.072 40.052 40.085 41.142 41.47 40.285 40.477 40.537 40.335 40.38 40.427 40.28 40.325 40.305 40.332 40.46 40.48 40.357 40.365 40.355 40.385 40.407 40.497 40.522 40.52 40.525 40.525 40.547 40.587 40.595 40.552 40.542 40.585 40.57 40.575 40.627 40.655
39.665 39.695 39.695 39.73 39.745 39.745 39.78 39.757 39.757 39.735 39.737 39.715 39.711 39.672 39.695 39.699 39.717 39.711 39.702 39.675 39.671 39.673 39.696 39.714 39.739 39.75 39.769 39.795 39.807 39.85 39.827 39.862 39.885 39.912 39.937 39.93 39.932 39.947 40.94 41.895 40.23 40.232 40.225 40.19 40.202 40.187 40.215 40.3 40.27 40.305 40.375 40.337 40.262 40.252 40.26 40.305 40.335 40.387 40.38 40.347 40.352 40.42 40.475 40.52 40.515 40.5 40.497 40.502 40.517 40.525 40.55 40.577
39.47 39.505 39.53 39.542 39.545 39.562 39.577 39.58 39.575 39.58 39.567 39.58 39.567 39.526 39.551 39.554 39.544 39.543 39.546 39.54 39.527 39.53 39.564 39.582 39.604 39.62 39.652 39.652 39.672 39.7 39.717 39.717 39.735 39.747 39.782 39.805 39.817 39.827 39.885 42.077 40.655 40.122 40.12 40.092 40.502 40.265 40.13 40.13 40.495 40.477 40.165 40.18 40.16 40.125 40.17 40.18 40.175 40.16 40.182 40.212 40.277 40.337 40.39 40.405 40.387 40.405 40.405 40.42 40.44 40.465 40.49 40.497
39.317 39.327 39.36 39.37 39.355 39.392 39.39 39.41 39.395 39.41 39.405 39.392 39.386 39.386 39.4 39.399 39.412 39.418 39.415 39.4 39.409 39.401 39.436 39.442 39.464 39.489 39.5 39.527 39.527 39.56 39.555 39.582 39.58 39.632 39.672 39.687 39.695 39.695 39.722 41.335 40.867 39.997 40.115 40.545 40.96 40.36 40.067 40.207 40.112 40.042 40.022 39.965 39.957 39.927 39.967 39.992 39.992 40.027 40.1 40.175 40.202 40.207 40.245 40.252 40.307 40.32 40.32 40.332 40.367 40.372 40.412 40.43
39.155 39.16 39.202 39.197 39.232 39.207 39.197 39.207 39.227 39.24 39.245 39.232 39.224 39.245 39.259 39.272 39.278 39.276 39.282 39.267 39.276 39.281 39.295 39.333 39.339 39.334 39.374 39.402 39.427 39.427 39.45 39.457 39.465 39.492 39.522 39.57 39.575 39.575 39.582 40.642 41.542 39.865 39.992 40.567 40.695 40.68 40.705 40.395 39.872 39.812 39.812 39.797 39.817 39.86 39.917 39.91 39.91 39.972 40 40.097 40.09 40.095 40.12 40.177 40.21 40.197 40.245 40.265 40.28 40.287 40.345 40.355
38.995 39.022 39.065 39.057 39.087 39.065 39.052 39.06 39.085 39.087 39.077 39.07 39.079 39.112 39.106 39.122 39.115 39.136 39.142 39.142 39.158 39.164 39.159 39.185 39.198 39.215 39.244 39.27 39.285 39.29 39.295 39.32 39.355 39.35 39.377 39.44 39.48 39.467 39.462 40.437 41.66 39.785 40.067 40.68 40.22 40.425 40.172 39.665 39.652 39.687 39.717 39.71 39.74 39.78 39.832 39.812 39.842 39.855 39.92 39.995 40.042 40.037 40.05 40.075 40.102 40.105 40.157 40.172 40.167 40.172 40.245 40.275
38.89 38.907 38.892 38.935 38.925 38.895 38.912 38.94 38.945 38.935 38.935 38.927 38.932 38.951 38.963 38.971 38.988 39.006 39.007 39.027 39.037 39.048 39.037 39.05 39.067 39.102 39.122 39.135 39.137 39.137 39.15 39.182 39.195 39.227 39.235 39.282 39.335 39.32 39.337 40.002 41.425 40.11 39.832 40.55 40.1 39.635 39.605 39.607 39.575 39.607 39.612 39.602 39.627 39.66 39.71 39.71 39.727 39.76 39.847 39.92 39.95 39.947 39.952 39.99 40.02 40.025 40.065 40.067 40.08 40.082 40.155 40.2
38.775 38.785 38.787 38.792 38.78 38.767 38.785 38.782 38.807 38.792 38.777 38.797 38.822 38.806 38.828 38.849 38.856 38.862 38.872 38.913 38.917 38.924 38.924 38.93 38.931 38.972 38.981 38.992 38.99 39.012 39.002 39.042 39.06 39.072 39.13 39.152 39.19 39.172 39.175 39.135 41.092 40.115 39.525 39.507 39.405 39.48 39.505 39.505 39.487 39.472 39.485 39.5 39.507 39.527 39.567 39.587 39.62 39.68 39.745 39.812 39.842 39.852 39.86 39.912 39.9 39.92 39.97 39.997 40 39.995 40.077 40.1
38.69 38.66 38.705 38.68 38.67 38.652 38.655 38.657 38.645 38.655 38.655 38.662 38.67 38.677 38.699 38.711 38.728 38.745 38.743 38.776 38.768 38.786 38.781 38.81 38.818 38.835 38.832 38.857 38.877 38.877 38.88 38.89 38.905 38.92 38.98 39.012 39.035 39.037 39.04 39.072 40.002 40.412 39.33 39.32 39.287 39.32 39.375 39.377 39.355 39.362 39.365 39.367 39.405 39.402 39.465 39.482 39.497 39.572 39.637 39.677 39.72 39.727 39.767 39.812 39.807 39.837 39.845 39.905 39.892 39.895 39.972 40.027
38.605 38.595 38.58 38.57 38.57 38.537 38.547 38.537 38.53 38.54 38.54 38.552 38.535 38.551 38.567 38.583 38.595 38.608 38.62 38.625 38.642 38.642 38.637 38.656 38.666 38.689 38.676 38.707 38.725 38.737 38.76 38.767 38.782 38.83 38.845 38.85 38.902 38.887 38.867 38.947 39.907 40.75 39.18 39.28 39.162 39.19 39.207 39.227 39.22 39.207 39.237 39.255 39.262 39.325 39.36 39.365 39.407 39.482 39.5 39.532 39.6 39.622 39.647 39.657 39.715 39.722 39.762 39.815 39.807 39.787 39.89 39.942
38.507 38.495 38.472 38.46 38.447 38.447 38.445 38.425 38.422 38.427 38.417 38.397 38.4 38.432 38.433 38.433 38.453 38.482 38.483 38.478 38.494 38.506 38.519 38.512 38.532 38.562 38.564 38.57 38.582 38.582 38.592 38.625 38.617 38.66 38.675 38.707 38.745 38.767 38.767 38.792 39.14 40.802 39.057 39.075 39 39.045 39.055 39.052 39.052 39.072 39.105 39.132 39.16 39.202 39.252 39.262 39.287 39.365 39.44 39.455 39.507 39.51 39.54 39.577 39.582 39.617 39.642 39.672 39.697 39.705 39.745 39.802
38.407 38.37 38.37 38.36 38.36 38.345 38.347 38.327 38.32 38.32 38.295 38.29 38.29 38.285 38.301 38.312 38.331 38.351 38.337 38.348 38.356 38.373 38.381 38.402 38.409 38.422 38.407 38.43 38.427 38.417 38.42 38.452 38.465 38.49 38.51 38.547 38.577 38.637 38.625 38.657 38.602 40.707 39.372 38.925 38.967 38.91 38.902 38.912 38.935 38.957 38.975 39.012 39.04 39.077 39.115 39.155 39.195 39.285 39.305 39.365 39.39 39.372 39.415 39.46 39.477 39.5 39.517 39.567 39.582 39.597 39.645 39.707
38.247 38.245 38.247 38.255 38.257 38.23 38.22 38.207 38.235 38.222 38.18 38.172 38.165 38.167 38.183 38.196 38.211 38.214 38.223 38.235 38.243 38.248 38.248 38.246 38.27 38.283 38.271 38.3 38.31 38.292 38.3 38.302 38.307 38.302 38.34 38.397 38.427 38.487 38.482 38.502 38.547 39.407 39.715 38.747 38.75 38.74 38.742 38.765 38.777 38.812 38.84 38.885 38.915 38.952 39.002 39.02 39.05 39.162 39.195 39.222 39.27 39.282 39.312 39.345 39.37 39.39 39.38 39.452 39.472 39.505 39.52 39.607
38.077 38.095 38.122 38.145 38.122 38.09 38.087 38.1 38.122 38.097 38.085 38.077 38.055 38.062 38.067 38.064 38.091 38.095 38.111 38.119 38.133 38.133 38.136 38.137 38.13 38.148 38.168 38.167 38.18 38.167 38.147 38.152 38.142 38.152 38.22 38.24 38.29 38.345 38.38 38.342 38.41 39.225 40.025 38.597 38.61 38.592 38.59 38.605 38.645 38.677 38.697 38.767 38.782 38.825 38.857 38.882 38.917 38.992 39.075 39.092 39.142 39.19 39.207 39.21 39.247 39.297 39.29 39.357 39.387 39.375 39.43 39.52
37.927 37.94 37.97 38.005 38.007 38.012 38.007 38 38.002 37.972 37.982 37.965 37.947 37.939 37.947 37.955 37.953 37.961 37.981 37.992 37.981 37.992 38.005 38.013 38.029 38.043 38.026 38.017 38.002 38.007 37.982 37.982 37.995 38.02 38.075 38.092 38.115 38.187 38.207 38.21 38.245 38.167 40.302 38.452 38.5 38.422 38.397 38.44 38.477 38.525 38.567 38.627 38.655 38.677 38.73 38.782 38.825 38.885 38.947 39.01 39.037 39.072 39.097 39.125 39.125 39.152 39.19 39.24 39.287 39.28 39.345 39.422
37.877 37.807 37.842 37.865 37.895 37.91 37.895 37.885 37.867 37.872 37.847 37.835 37.832 37.836 37.834 37.829 37.834 37.838 37.848 37.851 37.859 37.869 37.902 37.895 37.894 37.87 37.86 37.887 37.877 37.857 37.872 37.86 37.867 37.897 37.917 37.917 37.985 38.027 38.08 38.062 38.11 38.077 40.052 38.632 38.377 38.38 38.267 38.302 38.345 38.382 38.455 38.495 38.505 38.552 38.592 38.65 38.712 38.75 38.81 38.867 38.915 38.965 38.985 39 39.022 39.072 39.067 39.125 39.197 39.217 39.27 39.345
38.505 37.965 37.717 37.7 37.727 37.737 37.77 37.755 37.772 37.79 37.75 37.735 37.737 37.727 37.745 37.741 37.718 37.716 37.734 37.737 37.734 37.74 37.758 37.762 37.765 37.754 37.762 37.745 37.747 37.742 37.715 37.707 37.707 37.742 37.767 37.805 37.832 37.88 37.932 37.967 37.957 37.995 38.987 39.187 38.217 38.232 38.142 38.162 38.185 38.242 38.29 38.342 38.367 38.412 38.467 38.52 38.552 38.597 38.657 38.737 38.777 38.795 38.822 38.882 38.91 38.977 38.987 39.06 39.117 39.145 39.165 39.24
38.592 38.62 38.245 37.602 37.54 37.567 37.592 37.617 37.68 37.68 37.632 37.63 37.612 37.616 37.626 37.621 37.609 37.629 37.632 37.606 37.611 37.6 37.619 37.621 37.624 37.599 37.633 37.627 37.607 37.577 37.547 37.57 37.555 37.567 37.637 37.66 37.71 37.74 37.767 37.8 37.822 37.872 38.537 39.117 38.022 38.14 37.982 38.025 38.05 38.082 38.137 38.157 38.195 38.255 38.315 38.347 38.402 38.425 38.485 38.562 38.572 38.65 38.702 38.765 38.817 38.84 38.87 38.942 39 39.045 39.107 39.142
37.28 37.507 38.48 38.387 37.72 37.407 37.417 37.482 37.532 37.522 37.5 37.505 37.492 37.495 37.495 37.486 37.488 37.5 37.514 37.489 37.485 37.479 37.498 37.505 37.476 37.454 37.464 37.482 37.457 37.467 37.435 37.445 37.435 37.447 37.455 37.517 37.56 37.567 37.59 37.625 37.675 37.7 38.145 39.42 37.917 37.987 37.867 37.825 37.877 37.922 37.965 38.012 38.055 38.115 38.165 38.2 38.235 38.275 38.315 38.39 38.437 38.527 38.597 38.652 38.715 38.727 38.777 38.837 38.902 38.985 39.017 39.082
37.012 36.9 37.382 38.447 38.297 37.775 37.367 37.315 37.322 37.342 37.367 37.387 37.392 37.369 37.353 37.352 37.362 37.359 37.365 37.354 37.362 37.378 37.359 37.351 37.354 37.334 37.327 37.33 37.36 37.307 37.295 37.322 37.295 37.312 37.325 37.355 37.402 37.415 37.427 37.472 37.472 37.53 37.492 39.39 38.102 37.825 37.812 37.65 37.727 37.785 37.83 37.867 37.915 37.975 38.002 38.045 38.1 38.162 38.195 38.267 38.337 38.39 38.487 38.522 38.562 38.61 38.685 38.762 38.83 38.88 38.895 39.002
36.942 36.875 36.815 37.205 37.515 37.872 38.207 37.482 37.152 37.177 37.212 37.237 37.24 37.231 37.227 37.221 37.205 37.204 37.202 37.221 37.229 37.233 37.215 37.233 37.212 37.216 37.207 37.222 37.217 37.21 37.192 37.182 37.175 37.16 37.17 37.22 37.222 37.245 37.252 37.297 37.327 37.347 37.392 38.552 38.555 37.637 38.027 37.512 37.572 37.637 37.672 37.705 37.757 37.84 37.882 37.955 38.01 38.045 38.112 38.185 38.19 38.245 38.322 38.39 38.452 38.505 38.565 38.655 38.732 38.785 38.83 38.945
