All_lidar/sz5789_DSM_2M.asc
ncols 500
nrows 500
xllcorner    457000
yllcorner    89000
cellsize     2
NODATA_value -9999
[rows 416 to 447 of 500, columns 146 to 218 of 500]
25.975 26.042 26.102 26.142 26.205 26.285 26.342 26.402 26.472 26.552 26.665 26.767 26.827 26.872 26.937 27.02 27.085 27.187 27.25 27.342 27.46 27.53 27.615 27.7 27.765 27.825 27.885 27.935 28.017 28.05 28.09 28.165 28.232 28.272 28.352 28.42 28.505 28.59 28.67 28.74 28.817 28.89 28.972 29.022 29.105 29.2 29.307 29.41 29.507 29.58 29.62 29.715 29.76 29.782 29.852 29.92 29.987 30.065 30.097 30.147 30.175 30.232 30.282 30.332 30.405 30.497 30.592 30.677 30.77 30.822 30.887 30.952 31.012
25.98 26.07 26.115 26.19 26.267 26.335 26.405 26.44 26.522 26.6 26.682 26.745 26.842 26.89 26.945 27.017 27.102 27.21 27.35 27.392 27.482 27.562 27.657 27.697 27.79 27.837 27.905 27.965 28.03 28.082 28.13 28.212 28.252 28.322 28.375 28.432 28.532 28.625 28.695 28.77 28.842 28.912 29.007 29.057 29.122 29.22 29.28 29.387 29.445 29.557 29.605 29.667 29.722 29.787 29.825 29.897 29.982 30.04 30.1 30.15 30.19 30.225 30.272 30.36 30.447 30.55 30.62 30.72 30.805 30.832 30.912 30.982 31.055
26.012 26.115 26.187 26.23 26.272 26.337 26.407 26.497 26.557 26.675 26.742 26.83 26.867 26.937 27 27.057 27.122 27.215 27.317 27.42 27.512 27.607 27.68 27.73 27.805 27.85 27.912 27.982 28.04 28.112 28.14 28.225 28.275 28.367 28.417 28.48 28.592 28.652 28.707 28.79 28.857 28.942 29.015 29.072 29.177 29.26 29.325 29.372 29.45 29.542 29.61 29.637 29.727 29.777 29.842 29.915 29.947 30.032 30.082 30.15 30.185 30.202 30.287 30.365 30.432 30.532 30.622 30.72 30.797 30.875 30.947 30.992 31.072
26.02 26.105 26.165 26.217 26.3 26.36 26.42 26.495 26.567 26.665 26.747 26.82 26.882 26.92 27.007 27.09 27.167 27.237 27.322 27.437 27.507 27.605 27.687 27.762 27.815 27.875 27.942 28.002 28.077 28.14 28.207 28.247 28.32 28.395 28.467 28.55 28.61 28.707 28.767 28.852 28.91 28.997 29.052 29.13 29.207 29.255 29.35 29.422 29.497 29.562 29.572 29.64 29.697 29.732 29.832 29.877 29.95 30.012 30.085 30.11 30.175 30.212 30.28 30.332 30.427 30.567 30.65 30.722 30.792 30.845 30.94 31.002 31.065
25.99 26.045 26.122 26.212 26.275 26.335 26.405 26.49 26.595 26.687 26.762 26.825 26.892 26.92 26.962 27.052 27.17 27.285 27.385 27.45 27.575 27.63 27.67 27.75 27.822 27.905 27.96 28.047 28.117 28.177 28.227 28.275 28.357 28.452 28.507 28.587 28.68 28.747 28.802 28.862 28.965 29.027 29.115 29.172 29.24 29.32 29.42 29.45 29.52 29.537 29.605 29.64 29.685 29.775 29.822 29.887 29.947 29.987 30.06 30.1 30.13 30.185 30.275 30.357 30.45 30.537 30.63 30.722 30.782 30.83 30.925 30.987 31.082
26.027 26.062 26.095 26.147 26.25 26.297 26.365 26.475 26.552 26.652 26.755 26.825 26.91 26.977 27.025 27.077 27.18 27.302 27.407 27.487 27.57 27.647 27.752 27.79 27.855 27.93 27.995 28.045 28.14 28.2 28.26 28.305 28.385 28.45 28.53 28.622 28.715 28.772 28.842 28.915 28.997 29.087 29.145 29.217 29.307 29.37 29.435 29.495 29.512 29.55 29.602 29.632 29.71 29.772 29.835 29.91 29.952 29.985 30.032 30.08 30.097 30.162 30.252 30.307 30.417 30.545 30.635 30.712 30.782 30.867 30.947 31.015 31.075
26.055 26.115 26.147 26.177 26.237 26.282 26.357 26.427 26.54 26.592 26.702 26.775 26.847 26.935 26.992 27.132 27.222 27.297 27.42 27.48 27.582 27.685 27.74 27.8 27.872 27.957 28.027 28.107 28.17 28.175 28.262 28.325 28.412 28.512 28.575 28.632 28.707 28.795 28.84 28.927 29.017 29.115 29.18 29.27 29.337 29.387 29.432 29.505 29.567 29.617 29.66 29.697 29.727 29.785 29.842 29.942 29.96 30.05 30.08 30.095 30.115 30.16 30.275 30.362 30.455 30.515 30.627 30.715 30.762 30.835 30.94 31.03 31.115
26.017 26.082 26.15 26.19 26.235 26.282 26.365 26.47 26.562 26.65 26.732 26.82 26.855 26.945 27.01 27.037 27.192 27.28 27.407 27.517 27.615 27.677 27.755 27.83 27.895 27.955 28.042 28.095 28.172 28.207 28.287 28.345 28.44 28.547 28.605 28.64 28.72 28.812 28.842 28.917 29.032 29.12 29.2 29.287 29.352 29.42 29.43 29.502 29.572 29.64 29.692 29.745 29.762 29.855 29.892 29.967 30.02 30.002 30.087 30.112 30.167 30.21 30.297 30.387 30.46 30.572 30.65 30.715 30.78 30.847 30.94 31.012 31.115
26.052 26.092 26.13 26.19 26.272 26.302 26.367 26.43 26.565 26.677 26.762 26.84 26.897 26.955 27.012 27.11 27.187 27.305 27.392 27.492 27.59 27.695 27.762 27.83 27.902 27.975 28.052 28.112 28.175 28.227 28.29 28.385 28.475 28.57 28.64 28.705 28.74 28.827 28.9 28.98 29.027 29.157 29.215 29.267 29.345 29.422 29.48 29.525 29.58 29.605 29.647 29.71 29.772 29.862 29.912 29.94 29.982 30.027 30.087 30.11 30.155 30.217 30.295 30.362 30.472 30.565 30.632 30.717 30.787 30.865 30.95 31.005 31.107
26.052 26.122 26.145 26.212 26.257 26.317 26.395 26.445 26.545 26.64 26.707 26.81 26.92 26.98 27.057 27.157 27.22 27.342 27.44 27.505 27.587 27.655 27.742 27.812 27.917 28.015 28.06 28.12 28.16 28.22 28.305 28.407 28.472 28.567 28.63 28.727 28.792 28.865 28.922 28.97 29.03 29.117 29.19 29.272 29.357 29.407 29.465 29.522 29.54 29.58 29.645 29.71 29.78 29.88 29.98 30.012 30.05 30.06 30.082 30.102 30.142 30.242 30.297 30.365 30.477 30.577 30.632 30.74 30.745 30.847 30.977 31.052 31.137
26.027 26.105 26.14 26.185 26.252 26.34 26.442 26.495 26.562 26.682 26.757 26.82 26.895 26.955 27.06 27.185 27.282 27.385 27.452 27.577 27.645 27.7 27.77 27.857 27.925 27.985 28.08 28.13 28.175 28.235 28.287 28.412 28.49 28.552 28.645 28.702 28.795 28.845 28.94 29.01 29.082 29.175 29.237 29.262 29.327 29.405 29.465 29.517 29.562 29.59 29.63 29.7 29.78 29.83 29.932 29.962 29.997 30.027 30.06 30.102 30.145 30.23 30.307 30.385 30.465 30.542 30.62 30.737 30.79 30.877 30.962 31.04 31.137
26.047 26.102 26.18 26.207 26.255 26.337 26.447 26.522 26.592 26.677 26.735 26.812 26.902 26.99 27.047 27.137 27.262 27.382 27.49 27.575 27.647 27.742 27.79 27.87 27.925 28.022 28.057 28.115 28.175 28.245 28.307 28.41 28.487 28.57 28.67 28.73 28.79 28.86 28.945 29.025 29.097 29.172 29.255 29.327 29.392 29.42 29.47 29.535 29.57 29.612 29.677 29.685 29.76 29.81 29.862 29.912 29.96 30.002 30.04 30.11 30.187 30.247 30.312 30.437 30.51 30.575 30.652 30.732 30.785 30.855 30.915 30.995 31.105
26.09 26.115 26.162 26.225 26.267 26.307 26.402 26.51 26.585 26.692 26.752 26.84 26.897 26.97 27.07 27.167 27.265 27.375 27.46 27.575 27.65 27.72 27.787 27.892 27.965 28.045 28.072 28.137 28.177 28.255 28.335 28.395 28.507 28.577 28.64 28.712 28.815 28.9 28.945 29.047 29.107 29.182 29.267 29.272 29.34 29.425 29.48 29.552 29.56 29.602 29.637 29.677 29.762 29.832 29.905 29.945 29.97 29.99 29.995 30.072 30.135 30.232 30.317 30.41 30.535 30.58 30.672 30.745 30.827 30.915 30.96 31.035 31.125
26.075 26.145 26.18 26.215 26.282 26.342 26.412 26.49 26.592 26.682 26.77 26.815 26.887 26.967 27.02 27.132 27.242 27.34 27.457 27.57 27.615 27.682 27.77 27.85 27.942 28.035 28.097 28.177 28.237 28.287 28.375 28.43 28.527 28.585 28.657 28.742 28.812 28.872 28.967 29.05 29.132 29.182 29.267 29.327 29.382 29.452 29.517 29.532 29.545 29.602 29.64 29.67 29.77 29.847 29.887 29.94 29.982 30 30.02 30.08 30.155 30.22 30.315 30.42 30.51 30.567 30.667 30.737 30.817 30.905 30.987 31.09 31.17
26.057 26.105 26.19 26.222 26.277 26.352 26.445 26.53 26.6 26.702 26.76 26.815 26.87 26.92 26.995 27.132 27.245 27.355 27.442 27.565 27.622 27.71 27.792 27.86 27.94 28.007 28.077 28.157 28.222 28.307 28.397 28.475 28.555 28.635 28.687 28.742 28.797 28.855 28.965 29.04 29.132 29.202 29.255 29.32 29.37 29.405 29.497 29.52 29.555 29.607 29.655 29.762 29.787 29.827 29.872 29.94 29.982 30.002 30.052 30.105 30.195 30.237 30.312 30.412 30.505 30.572 30.632 30.74 30.822 30.895 30.982 31.057 31.127
26.06 26.152 26.217 26.237 26.28 26.337 26.437 26.515 26.637 26.715 26.76 26.81 26.84 26.945 27.005 27.112 27.26 27.352 27.46 27.542 27.637 27.692 27.787 27.872 27.937 28.017 28.062 28.13 28.202 28.32 28.385 28.502 28.565 28.622 28.68 28.732 28.817 28.882 28.962 29.03 29.12 29.177 29.222 29.295 29.357 29.412 29.462 29.51 29.555 29.625 29.655 29.745 29.817 29.87 29.897 29.94 29.967 29.99 30.007 30.095 30.185 30.252 30.342 30.412 30.497 30.56 30.657 30.75 30.79 30.877 30.96 31.04 31.127
26.052 26.122 26.185 26.27 26.31 26.36 26.422 26.52 26.627 26.73 26.787 26.825 26.87 26.93 27.037 27.17 27.29 27.37 27.45 27.525 27.63 27.717 27.782 27.84 27.927 28.015 28.065 28.132 28.202 28.287 28.372 28.467 28.532 28.6 28.67 28.755 28.832 28.9 28.975 29.065 29.137 29.225 29.267 29.31 29.36 29.395 29.452 29.525 29.557 29.61 29.672 29.732 29.79 29.86 29.892 29.9 29.945 29.962 30.007 30.092 30.187 30.275 30.377 30.432 30.5 30.57 30.64 30.727 30.765 30.862 30.975 31.052 31.122
26.047 26.085 26.15 26.227 26.262 26.377 26.45 26.557 26.62 26.69 26.777 26.835 26.955 27.015 27.087 27.162 27.267 27.387 27.482 27.592 27.647 27.707 27.8 27.852 27.902 27.99 28.045 28.09 28.167 28.29 28.317 28.425 28.485 28.537 28.672 28.712 28.795 28.882 28.95 29.045 29.112 29.172 29.24 29.307 29.377 29.4 29.44 29.467 29.51 29.562 29.625 29.712 29.797 29.822 29.865 29.905 29.92 29.977 30.02 30.07 30.16 30.262 30.352 30.435 30.48 30.572 30.647 30.715 30.762 30.845 30.927 31.022 31.092
26.052 26.127 26.165 26.215 26.28 26.347 26.44 26.547 26.622 26.697 26.79 26.857 26.95 27.017 27.107 27.205 27.3 27.412 27.492 27.587 27.677 27.767 27.84 27.872 27.967 28.04 28.075 28.107 28.175 28.292 28.372 28.477 28.552 28.585 28.65 28.707 28.795 28.88 28.937 29.02 29.07 29.145 29.217 29.272 29.34 29.402 29.457 29.467 29.49 29.53 29.62 29.682 29.735 29.812 29.822 29.837 29.89 29.927 29.995 30.067 30.137 30.237 30.34 30.412 30.477 30.57 30.65 30.707 30.77 30.845 30.95 31.015 31.075
26.047 26.097 26.177 26.237 26.292 26.347 26.43 26.53 26.607 26.692 26.772 26.865 26.945 27.045 27.117 27.205 27.305 27.427 27.53 27.627 27.682 27.765 27.88 27.965 28.032 28.055 28.092 28.132 28.235 28.305 28.385 28.475 28.55 28.605 28.657 28.722 28.802 28.865 28.945 29.012 29.06 29.11 29.18 29.242 29.307 29.33 29.402 29.43 29.475 29.512 29.575 29.647 29.727 29.76 29.805 29.84 29.865 29.907 29.957 30.042 30.14 30.245 30.335 30.395 30.46 30.542 30.63 30.685 30.742 30.825 30.92 31.007 31.055
26.022 26.09 26.167 26.217 26.277 26.352 26.435 26.532 26.667 26.707 26.787 26.865 26.937 27.05 27.167 27.267 27.34 27.435 27.537 27.627 27.72 27.797 27.867 27.927 28.037 28.117 28.16 28.21 28.312 28.377 28.407 28.475 28.56 28.61 28.662 28.712 28.785 28.837 28.95 28.997 29.04 29.087 29.167 29.24 29.27 29.327 29.362 29.405 29.45 29.482 29.575 29.657 29.72 29.742 29.782 29.79 29.835 29.895 29.95 30.032 30.137 30.215 30.327 30.397 30.437 30.497 30.562 30.637 30.732 30.815 30.917 30.97 31.005
26.005 26.08 26.145 26.215 26.287 26.375 26.45 26.537 26.635 26.7 26.76 26.847 26.94 27.06 27.15 27.245 27.367 27.462 27.542 27.645 27.71 27.807 27.922 27.975 28.032 28.11 28.192 28.267 28.355 28.425 28.462 28.52 28.565 28.605 28.667 28.74 28.817 28.887 28.915 28.975 29.007 29.087 29.16 29.212 29.267 29.3 29.317 29.375 29.442 29.495 29.552 29.61 29.66 29.767 29.795 29.8 29.82 29.87 29.945 30.04 30.102 30.177 30.257 30.337 30.4 30.485 30.572 30.635 30.73 30.772 30.862 30.94 30.985
25.932 26.027 26.097 26.172 26.265 26.342 26.44 26.537 26.605 26.682 26.782 26.857 26.947 27.05 27.147 27.262 27.342 27.45 27.54 27.632 27.73 27.815 27.905 27.987 28.06 28.145 28.19 28.247 28.342 28.422 28.497 28.552 28.607 28.655 28.717 28.775 28.807 28.887 28.935 28.95 28.992 29.037 29.125 29.167 29.217 29.277 29.305 29.332 29.407 29.49 29.542 29.617 29.63 29.662 29.722 29.767 29.827 29.882 29.945 29.977 30.08 30.145 30.222 30.317 30.38 30.465 30.535 30.62 30.695 30.785 30.845 30.932 30.995
25.892 25.995 26.065 26.125 26.217 26.32 26.422 26.512 26.6 26.682 26.752 26.837 26.917 27.01 27.117 27.26 27.347 27.47 27.555 27.642 27.705 27.787 27.852 27.947 28.03 28.125 28.182 28.275 28.362 28.447 28.487 28.55 28.597 28.697 28.782 28.832 28.88 28.895 28.947 28.97 28.977 29.077 29.135 29.18 29.202 29.257 29.297 29.322 29.382 29.442 29.502 29.565 29.622 29.64 29.705 29.72 29.762 29.825 29.885 29.97 30.067 30.125 30.185 30.28 30.347 30.402 30.497 30.592 30.645 30.74 30.787 30.897 30.96
25.832 25.94 26.032 26.105 26.187 26.305 26.39 26.48 26.542 26.617 26.732 26.83 26.895 27.002 27.12 27.217 27.325 27.435 27.522 27.612 27.705 27.757 27.827 27.922 27.987 28.067 28.165 28.237 28.325 28.42 28.485 28.545 28.582 28.67 28.737 28.84 28.902 28.937 28.96 28.997 29.015 29.07 29.127 29.197 29.25 29.272 29.307 29.317 29.347 29.407 29.467 29.545 29.58 29.637 29.687 29.705 29.762 29.802 29.875 29.932 30.012 30.1 30.19 30.247 30.322 30.4 30.472 30.545 30.63 30.707 30.777 30.822 30.912
25.857 25.92 26.015 26.082 26.157 26.27 26.335 26.415 26.52 26.605 26.677 26.787 26.892 27.01 27.147 27.242 27.335 27.412 27.495 27.607 27.682 27.762 27.817 27.875 27.965 28.037 28.122 28.21 28.292 28.385 28.45 28.51 28.605 28.677 28.73 28.805 28.87 28.915 28.972 29.01 29.03 29.085 29.152 29.202 29.23 29.235 29.292 29.325 29.365 29.412 29.472 29.507 29.552 29.59 29.615 29.655 29.747 29.77 29.837 29.905 29.97 30.06 30.157 30.245 30.32 30.357 30.432 30.525 30.607 30.69 30.75 30.8 30.875
25.815 25.905 25.97 26.077 26.142 26.262 26.332 26.382 26.472 26.57 26.667 26.755 26.86 26.977 27.112 27.217 27.335 27.427 27.49 27.57 27.65 27.707 27.78 27.865 27.957 28.025 28.117 28.197 28.25 28.325 28.392 28.467 28.55 28.62 28.707 28.785 28.862 28.887 28.932 28.985 29.047 29.09 29.15 29.205 29.27 29.297 29.325 29.337 29.362 29.407 29.455 29.51 29.575 29.575 29.587 29.637 29.68 29.747 29.827 29.92 29.98 30.06 30.095 30.21 30.297 30.35 30.402 30.47 30.535 30.64 30.717 30.797 30.877
25.8 25.885 25.962 26.042 26.13 26.222 26.325 26.4 26.48 26.532 26.64 26.725 26.832 26.955 27.09 27.187 27.295 27.385 27.477 27.565 27.622 27.657 27.737 27.845 27.93 28.007 28.08 28.177 28.235 28.315 28.36 28.402 28.487 28.575 28.662 28.722 28.77 28.845 28.882 28.932 28.975 29.035 29.105 29.175 29.23 29.267 29.302 29.325 29.387 29.422 29.457 29.515 29.557 29.575 29.6 29.637 29.662 29.707 29.777 29.867 29.917 30.007 30.1 30.155 30.232 30.302 30.412 30.477 30.552 30.635 30.687 30.76 30.837
25.805 25.88 25.96 26.017 26.117 26.215 26.277 26.337 26.43 26.52 26.612 26.7 26.805 26.975 27.057 27.147 27.247 27.342 27.427 27.492 27.567 27.64 27.715 27.797 27.892 27.992 28.08 28.15 28.21 28.275 28.355 28.397 28.47 28.577 28.677 28.722 28.76 28.787 28.83 28.852 28.91 28.94 28.99 29.095 29.125 29.165 29.205 29.27 29.327 29.402 29.445 29.472 29.512 29.547 29.575 29.657 29.68 29.732 29.8 29.82 29.882 29.962 30.067 30.145 30.235 30.307 30.385 30.457 30.505 30.595 30.675 30.737 30.82
25.81 25.877 25.9 26.002 26.065 26.167 26.252 26.342 26.43 26.507 26.617 26.697 26.797 26.927 27.047 27.125 27.235 27.325 27.407 27.47 27.55 27.597 27.68 27.755 27.84 27.935 28.025 28.115 28.187 28.22 28.28 28.332 28.43 28.537 28.66 28.715 28.74 28.752 28.792 28.817 28.892 28.912 28.952 29.025 29.065 29.135 29.157 29.185 29.227 29.292 29.372 29.422 29.43 29.485 29.525 29.61 29.682 29.765 29.802 29.84 29.882 29.937 30.015 30.077 30.175 30.24 30.362 30.412 30.48 30.545 30.625 30.7 30.785
25.755 25.857 25.925 26.022 26.077 26.15 26.22 26.315 26.39 26.505 26.567 26.692 26.79 26.882 26.992 27.087 27.182 27.27 27.355 27.435 27.517 27.587 27.66 27.757 27.83 27.907 27.977 28.075 28.117 28.167 28.217 28.287 28.387 28.485 28.597 28.66 28.692 28.747 28.755 28.77 28.807 28.897 28.925 28.97 29.05 29.052 29.135 29.18 29.225 29.245 29.302 29.375 29.4 29.447 29.465 29.492 29.615 29.692 29.767 29.802 29.87 29.932 29.987 30.06 30.132 30.202 30.26 30.345 30.43 30.51 30.592 30.652 30.762
25.74 25.815 25.89 26.022 26.117 26.167 26.23 26.315 26.382 26.442 26.565 26.607 26.73 26.845 26.957 27.055 27.14 27.235 27.315 27.395 27.47 27.547 27.625 27.72 27.775 27.862 27.935 28.03 28.092 28.135 28.165 28.235 28.365 28.435 28.507 28.612 28.65 28.662 28.697 28.757 28.792 28.862 28.91 28.94 28.992 29.022 29.077 29.155 29.187 29.247 29.275 29.327 29.365 29.422 29.457 29.462 29.58 29.647 29.73 29.772 29.847 29.907 29.952 30.005 30.097 30.197 30.26 30.325 30.412 30.465 30.552 30.627 30.715
