All_lidar/sz5792_DSM_2M.asc
ncols 500
nrows 500
xllcorner    457000
yllcorner    92000
cellsize     2
NODATA_value -9999
[rows 224 to 255 of 500, columns 213 to 283 of 500]
27.334 27.958 24.104 27.229 29.744 27.299 25.455 24.25 25.906 27.296 27.011 29.317 29.293 29.568 32.27 34.284 34.258 30.723 26.606 24.167 23.574 23.816 24.201 23.301 22.874 22.801 22.794 22.751 22.666 22.626 22.514 22.429 22.376 24.084 28.591 28.444 28.226 27.479 27.684 29.271 26.341 22.546 22.816 23.254 24.091 22.234 22.111 22.349 22.026 25.254 24.224 19.406 18.939 18.254 17.904 17.789 17.904 18.494 20.949 21.296 20.646 18.874 17.711 17.726 17.646 17.524 17.409 17.291 17.164 17.066 17.281
25.756 24.745 23.231 23.387 24.381 24.176 23.649 23.552 23.676 23.97 23.741 23.982 24.096 27.275 33.162 33.704 33.271 30.927 26.091 25.429 25.268 25.316 25.304 24.023 22.786 22.744 22.734 22.696 22.634 22.546 22.456 22.384 22.941 24.974 27.074 26.686 26.291 25.636 25.301 26.949 26.096 23.356 22.476 22.631 23.009 22.209 22.116 22.136 22.901 24.561 23.154 22.281 21.156 18.471 17.974 17.781 17.751 17.674 17.869 20.071 18.666 17.686 17.654 17.626 17.584 17.949 18.681 17.429 17.111 17.051 17.051
24.768 22.749 22.79 22.743 22.784 22.786 22.789 23.643 24.51 24.043 23.735 23.435 23.024 25.687 31.105 31.787 29.448 24.817 26.424 26.334 25.44 24.89 24.279 24.06 23.281 24.021 22.749 22.686 22.634 22.494 22.401 22.339 22.594 24.861 25.941 26.444 26.554 25.859 25.156 26.111 25.424 23.259 22.256 23.229 24.286 22.191 22.139 22.034 23.016 22.674 21.381 21.574 21.026 18.739 18.351 17.919 17.736 17.649 17.664 17.606 19.291 18.876 17.624 17.601 17.554 20.389 22.009 19.584 17.106 17.006 16.969
23.906 22.776 22.784 23.03 22.828 22.804 22.771 23.758 24.592 23.182 22.813 23.217 23.103 22.854 24.068 24.49 23.893 23.634 25.271 25.344 25.971 23.395 22.98 23.959 26.289 25.836 22.694 22.661 22.549 22.454 22.384 23.154 23.311 24.679 25.941 26.639 26.476 25.994 25.064 24.366 22.839 23.804 25.156 25.491 25.489 22.956 22.194 22.139 22.381 23.284 22.676 21.159 20.781 21.804 21.676 18.566 17.996 17.801 17.774 17.671 17.691 17.619 17.524 17.539 19.471 20.161 19.476 18.751 17.389 16.989 17.941
24.547 23.584 22.881 23.006 22.842 22.754 23.064 23.898 24.497 23.496 22.906 23.237 23.27 22.933 22.782 22.711 23.091 23.887 23.83 24.706 24.662 22.867 24.066 23.509 22.771 22.666 23.876 22.574 22.449 22.369 22.594 24.499 24.794 24.659 25.511 25.734 25.481 25.161 24.904 24.384 24.761 25.424 25.364 25.444 25.449 23.919 22.196 22.136 22.016 22.671 22.906 21.441 20.796 21.414 21.484 19.039 18.621 18.654 17.906 21.119 19.021 17.531 17.509 17.541 20.266 20.541 18.084 18.659 21.309 17.049 17.006
24.591 24.947 23.435 22.901 22.8 23.017 22.986 23.77 24.27 24.225 23.378 23.372 23.171 23.147 22.769 23.003 22.871 24.014 24.74 24.931 23.84 22.709 22.809 23.659 23.946 22.589 23.049 22.976 22.424 22.324 23.279 23.614 24.144 23.549 23.571 23.464 24.249 24.339 24.856 24.861 24.884 24.046 23.454 22.779 24.679 24.859 22.144 22.146 22.004 21.986 22.444 22.429 21.499 20.994 20.496 19.746 19.319 20.611 18.139 17.929 17.694 17.561 18.351 19.454 17.374 17.534 18.061 17.184 18.346 17.084 18.579
24.24 24.413 24.37 23.857 22.864 23.441 24.111 23.872 23.936 23.465 23.971 23.677 23.531 22.954 22.729 22.988 23.56 23.495 24.094 24.446 24.334 22.719 22.679 23.491 23.044 22.594 23.686 22.579 22.381 22.646 24.489 22.341 22.619 24.141 24.469 24.814 24.821 25.029 24.649 24.766 23.089 22.551 22.611 22.546 22.629 22.459 22.141 22.066 22.061 22.014 21.946 22.121 22.221 21.861 21.326 22.664 20.291 20.971 19.234 23.024 24.204 18.684 18.579 18.991 17.371 17.314 17.239 17.139 17.556 17.054 17.076
24.931 24.612 23.949 24.169 24.079 23.567 23.966 24.157 23.925 24.216 24.206 23.959 23.54 22.872 23.265 25.184 25.006 22.993 23.469 22.756 22.719 22.719 22.694 23.239 25.059 22.746 23.689 22.831 25.034 25.974 25.191 23.199 24.291 25.041 24.906 24.584 24.016 22.854 22.209 23.209 22.671 22.459 22.426 22.256 22.214 22.224 23.424 22.546 22.081 22.009 21.964 21.864 21.794 21.769 21.626 22.376 24.049 23.786 21.654 24.654 23.406 23.556 22.451 19.236 17.764 17.474 17.276 17.156 17.936 17.106 17.184
26.744 24.346 23.267 23.305 23.372 23.814 25.528 24.084 22.996 24.234 25.485 25.543 25.361 23.38 23.212 22.86 22.875 23.321 24.006 22.714 22.659 22.669 22.691 23.456 24.396 22.954 24.029 25.704 26.489 25.869 25.084 25.066 24.544 23.509 22.821 22.044 21.949 21.964 21.979 21.964 21.989 22.124 22.134 22.119 22.216 22.949 25.391 22.714 22.011 21.976 21.911 21.904 21.854 21.734 21.706 21.479 21.439 21.629 24.114 26.854 25.504 25.216 24.476 21.919 21.241 19.696 17.636 17.276 20.351 17.096 17.061
26.499 23.469 22.874 22.829 23.136 23.634 23.696 23.109 22.934 23.82 24.596 26.251 27.562 23.831 23.497 23.481 23.241 23.521 24.074 23.051 22.674 22.649 22.649 22.776 23.836 23.346 25.426 26.094 26.899 25.229 24.174 23.264 22.084 21.966 21.934 21.946 22.034 22.109 22.016 21.991 21.976 21.974 22.024 22.179 22.544 23.949 25.626 23.214 21.919 21.834 22.471 26.774 24.654 25.121 26.254 22.101 21.459 21.284 21.164 21.074 21.551 25.856 23.659 22.079 21.876 22.169 21.569 19.436 17.344 17.584 18.029
23.386 22.869 22.861 22.846 22.949 23.381 23.104 22.971 23.076 22.876 23.574 27.264 25.299 23.359 23.394 23.491 22.559 23.391 24.514 25.081 23.426 22.694 22.659 22.944 24.751 24.181 23.289 22.919 23.881 24.254 22.466 22.554 22.031 21.951 21.929 21.999 22.139 22.211 22.091 21.946 21.954 21.954 22.049 22.406 22.654 24.446 23.924 22.081 21.866 22.529 27.529 25.164 26.114 28.361 30.504 25.216 23.186 22.334 27.721 23.766 21.081 20.991 21.101 21.539 21.996 22.449 23.571 23.709 19.599 17.884 17.141
22.831 22.824 22.859 22.854 22.839 23.149 22.899 22.814 23.114 23.106 23.016 24.899 25.234 25.706 24.134 23.536 24.756 23.319 24.616 23.224 22.916 22.686 22.681 22.651 25.519 24.134 22.504 22.876 24.114 25.699 25.554 23.356 22.109 22.021 21.906 21.956 22.066 22.164 22.039 21.894 21.941 22.139 22.379 22.829 23.704 23.451 22.119 23.046 22.749 26.924 27.844 28.274 29.216 28.954 28.614 25.314 24.934 25.751 29.299 26.419 22.379 21.476 21.754 20.706 20.914 21.374 21.696 21.696 22.646 21.174 19.326
23.381 25.241 25.334 23.991 22.844 23.101 22.934 22.816 22.944 23.039 22.811 23.434 24.811 24.279 24.616 24.256 23.386 25.264 25.449 23.184 22.904 22.664 22.644 22.661 23.284 22.929 24.146 25.969 26.826 27.336 26.829 24.126 22.701 22.446 21.891 21.821 21.934 21.946 21.914 21.919 22.231 22.856 25.459 32.164 34.399 36.101 30.964 24.479 23.384 24.706 26.356 26.186 37.001 29.721 28.571 27.559 24.039 25.641 24.429 25.021 24.614 25.366 27.699 22.689 22.814 24.694 22.856 23.861 22.019 23.916 22.761
25.774 25.454 27.056 26.054 23.001 23.124 23.154 22.994 23.254 22.906 23.016 25.016 25.381 25.166 24.239 26.424 27.519 26.499 25.921 23.979 22.651 22.611 22.621 22.624 23.371 24.656 26.044 27.759 29.276 27.831 26.454 24.161 22.346 22.421 21.884 21.836 21.859 21.901 21.991 22.431 23.616 23.831 33.111 39.584 40.926 41.014 37.516 25.194 22.161 22.374 23.591 26.621 26.931 25.874 23.611 21.509 23.384 24.596 24.494 25.239 26.824 26.309 26.681 25.256 26.019 26.184 35.679 37.381 30.841 21.601 22.521
23.036 25.969 27.086 26.064 23.556 24.094 23.316 23.131 22.926 23.271 25.294 26.159 26.976 27.361 24.251 23.979 25.974 26.721 25.879 24.581 22.729 22.729 22.719 22.619 23.129 24.839 25.686 27.761 29.156 28.834 27.469 25.484 23.494 21.971 21.881 21.889 21.974 22.256 22.871 23.259 22.746 24.619 33.586 39.641 40.821 40.949 37.931 24.784 21.894 21.801 21.894 23.334 22.484 23.919 23.724 21.554 21.691 23.066 23.431 25.449 27.606 28.181 31.091 33.209 32.261 39.419 41.531 34.836 32.809 23.434 21.296
24.344 25.111 26.101 24.061 23.524 23.456 23.191 22.836 23.026 25.314 26.149 26.979 27.729 27.541 26.271 23.494 22.579 24.149 26.009 25.686 23.346 22.661 22.679 22.659 22.796 24.546 25.126 27.034 28.279 29.126 27.729 27.109 25.631 22.231 21.914 21.874 22.676 23.214 22.899 22.009 23.859 25.541 30.589 37.551 40.429 40.429 31.304 22.401 21.874 21.801 21.831 22.461 22.821 24.004 25.159 24.024 21.041 20.931 23.316 24.674 26.034 30.311 32.934 29.839 27.611 35.541 30.859 21.014 21.336 22.081 20.669
24.224 25.904 23.469 22.924 23.264 23.414 22.961 22.841 25.106 26.129 26.936 27.714 27.591 26.851 26.091 25.466 22.931 22.991 25.891 26.061 24.849 22.936 22.666 22.651 22.666 23.594 25.094 26.091 27.571 27.991 27.259 26.491 25.161 22.034 22.174 22.716 22.856 22.159 22.426 26.001 25.881 25.281 25.214 33.419 36.474 35.859 27.089 21.889 21.969 21.859 21.784 21.886 22.764 25.144 25.566 25.049 22.134 21.236 22.014 23.744 25.716 30.664 30.976 31.036 26.276 26.594 31.469 27.101 21.511 20.271 20.196
22.954 22.894 22.919 22.936 23.126 23.171 23.304 25.076 26.076 26.896 27.676 27.644 26.829 26.474 26.441 25.254 23.386 23.009 25.181 25.956 25.669 23.691 22.931 22.756 22.671 22.611 24.251 27.296 27.096 27.426 25.261 24.001 21.961 22.314 22.756 22.059 26.879 24.511 23.499 25.199 24.709 23.511 23.049 27.264 31.656 28.456 21.834 21.914 22.071 21.941 21.726 21.874 23.331 24.686 25.589 27.009 22.794 21.636 21.394 22.074 23.899 26.791 26.389 25.756 27.071 26.219 24.079 23.261 24.699 21.489 20.169
23.021 23.386 23.366 22.931 22.866 22.794 24.829 26.031 26.879 27.619 27.676 26.891 26.036 25.776 26.426 24.526 23.201 22.624 24.086 25.191 26.079 25.096 23.109 22.809 22.626 22.644 23.276 25.876 25.321 24.524 22.836 22.154 23.524 27.169 26.469 23.551 24.984 23.751 24.659 25.044 24.601 24.811 23.574 24.161 23.731 22.929 21.851 22.029 22.036 21.986 21.734 23.619 27.166 27.059 22.551 24.644 21.924 21.704 21.539 21.586 24.334 26.289 25.439 26.474 28.434 26.651 23.036 21.729 25.071 25.154 21.714
23.309 24.409 24.611 24.726 23.449 23.431 24.924 26.759 27.641 27.739 26.931 26.109 25.031 24.216 23.869 24.194 23.781 24.279 25.086 25.569 25.911 25.814 24.541 22.774 22.659 23.064 24.174 24.899 23.791 22.336 24.051 22.526 22.631 28.846 28.034 23.919 24.784 22.229 23.569 24.594 24.559 24.549 23.769 22.734 22.019 21.819 21.944 22.791 22.929 21.909 25.046 33.554 32.646 26.824 23.404 22.446 22.799 22.386 22.434 22.656 23.891 27.326 28.804 28.209 26.899 31.471 31.241 24.476 23.701 26.821 21.319
23.046 23.106 23.614 25.049 23.961 22.916 23.174 26.041 27.641 27.024 26.264 25.434 23.399 22.599 22.494 23.194 23.841 24.051 25.366 25.801 25.391 25.929 25.561 24.566 23.864 24.664 25.356 24.989 23.216 21.911 22.639 22.954 26.256 26.754 24.249 24.309 23.289 22.461 22.226 23.494 22.829 21.711 21.579 21.789 21.829 21.891 22.009 22.271 22.486 21.849 27.439 27.621 33.141 33.369 27.959 23.459 23.214 23.574 22.364 23.106 25.046 30.494 32.351 29.821 28.991 37.441 37.116 26.256 22.584 23.166 23.511
23.866 23.709 23.276 23.099 22.921 22.644 22.616 24.256 25.806 26.549 26.644 25.931 22.849 22.426 22.396 22.466 23.661 23.336 23.839 25.209 23.806 24.531 26.414 25.424 25.204 25.546 25.716 24.731 22.589 23.051 24.221 24.471 23.876 22.629 23.081 22.409 23.134 22.369 21.621 21.394 21.366 21.451 22.541 24.884 22.376 22.081 21.976 21.941 21.926 21.776 21.681 23.554 28.684 28.906 27.311 23.731 25.846 23.381 21.666 21.939 24.689 31.221 32.394 28.954 25.539 25.569 24.941 24.196 22.754 28.176 27.139
24.924 25.051 25.371 24.269 23.311 22.784 22.901 23.181 24.296 25.716 26.474 23.674 22.449 22.426 22.414 22.351 23.121 22.444 22.364 23.176 23.209 22.754 27.591 28.296 25.951 24.939 23.384 22.289 22.249 27.029 25.761 22.879 23.101 22.024 22.006 22.301 22.949 23.211 21.536 21.236 22.131 21.691 25.946 29.129 28.274 27.901 26.184 22.759 22.639 21.694 22.639 23.091 23.299 25.154 23.266 23.619 23.179 22.616 22.846 21.399 21.736 26.386 29.274 27.609 28.554 25.814 27.051 25.564 23.394 21.644 21.636
25.479 24.761 26.809 26.351 24.834 25.296 24.506 23.871 22.934 23.946 23.734 22.491 22.426 22.434 22.406 22.354 23.191 22.949 24.719 24.831 23.694 23.651 28.846 29.946 26.874 23.291 22.989 25.291 27.291 23.024 23.371 23.036 23.336 23.534 22.609 23.649 22.654 21.564 21.931 21.964 22.491 22.271 28.591 30.531 30.381 30.146 29.861 29.664 26.924 21.696 21.604 21.616 21.496 21.524 21.716 21.369 21.346 21.469 21.544 21.244 23.249 27.824 27.801 28.606 25.691 21.214 25.721 25.699 22.619 26.731 22.021
25.699 24.639 26.544 26.356 23.274 24.214 22.949 23.704 24.391 25.601 23.959 23.469 22.749 22.531 22.576 22.419 22.791 27.369 30.699 31.284 31.949 27.851 27.339 27.529 28.284 28.286 29.374 28.386 22.561 24.524 23.496 22.124 22.671 23.926 24.059 23.444 21.321 21.984 24.379 22.716 23.854 22.356 28.026 29.564 30.201 29.656 29.966 29.856 27.009 21.746 21.646 21.589 21.559 21.461 21.579 21.734 21.681 21.309 21.324 21.209 22.209 27.699 29.364 26.296 26.519 21.919 20.189 21.846 22.939 22.586 21.816
33.291 24.709 23.881 24.109 22.824 22.819 22.804 22.829 22.831 23.206 24.094 25.599 25.594 25.964 26.186 22.889 26.189 30.479 31.709 33.559 34.274 32.484 23.194 23.001 28.354 30.434 31.034 25.881 22.474 22.314 22.096 21.981 21.896 22.424 23.466 20.764 20.469 20.844 22.626 23.259 23.281 22.769 27.626 28.226 28.354 28.791 29.136 29.491 24.051 21.689 21.686 21.916 23.574 23.366 22.899 23.971 23.861 22.496 21.271 21.136 22.101 26.936 28.371 30.171 29.254 22.784 20.124 21.371 22.244 21.881 22.541
38.166 29.271 22.804 22.789 22.779 22.801 22.789 22.766 22.826 22.884 23.559 23.304 23.739 24.064 23.859 24.406 27.999 30.261 31.564 33.736 34.321 32.759 27.254 24.711 24.521 27.046 27.506 24.061 22.259 22.146 21.979 21.934 21.979 23.114 22.079 20.464 20.274 20.621 24.039 24.679 24.296 22.544 27.584 29.156 29.346 29.459 28.941 28.679 24.951 21.731 21.719 24.226 24.271 26.304 23.651 23.056 23.131 25.816 32.729 31.431 30.064 30.426 29.486 30.251 26.649 21.029 20.196 21.536 23.076 23.509 24.836
38.706 33.466 22.861 22.741 22.799 22.776 22.781 22.769 22.786 23.794 23.366 22.944 23.514 22.946 22.814 23.031 23.741 28.941 30.991 32.151 32.261 28.829 27.466 23.176 22.764 22.574 22.389 22.206 22.051 21.889 21.786 21.819 21.846 20.974 20.739 20.881 20.579 21.419 24.989 26.129 25.084 23.214 22.859 25.714 29.136 29.791 28.411 28.264 24.849 22.029 21.689 23.571 24.169 24.024 21.494 21.874 21.564 25.239 33.221 32.851 33.066 33.341 32.814 30.091 27.976 23.116 20.166 23.939 24.249 24.449 23.644
37.774 31.291 22.719 22.744 22.689 22.736 22.771 22.766 22.801 23.186 24.641 23.744 26.274 24.839 26.106 24.331 24.776 27.656 29.666 30.201 27.424 29.381 27.126 23.411 22.799 22.576 22.544 22.166 21.971 21.689 21.589 21.646 21.471 20.409 20.339 20.601 20.286 22.634 25.314 26.271 24.896 23.546 22.079 26.649 29.366 28.914 27.786 27.549 23.911 22.854 21.766 21.556 21.416 21.286 21.189 21.154 21.114 21.504 28.494 32.604 34.896 34.766 33.854 30.459 27.689 25.204 23.309 25.404 25.141 24.349 23.816
34.534 26.846 22.811 22.706 22.691 22.724 22.714 22.751 22.736 23.534 26.349 24.849 24.724 27.164 24.129 24.424 23.071 24.919 27.619 26.119 23.111 27.904 26.894 25.126 22.954 22.546 23.889 24.159 21.981 21.651 21.514 21.614 21.644 21.031 20.399 20.316 20.179 21.819 25.569 26.386 25.691 25.246 24.981 28.686 29.929 29.926 29.856 27.464 21.916 22.261 21.664 21.554 21.424 21.279 21.174 21.121 21.081 21.331 27.011 33.611 34.699 36.314 34.401 30.059 28.501 24.079 23.321 24.689 25.046 24.394 23.651
36.206 22.926 22.806 22.969 22.909 22.776 22.731 22.719 23.174 23.004 23.401 23.199 24.431 29.116 23.846 22.906 22.871 26.494 25.414 24.819 24.761 23.421 23.819 25.824 24.239 22.574 23.196 23.281 22.079 21.704 21.521 21.399 21.659 21.976 21.461 21.384 21.621 23.714 25.104 25.716 26.041 26.446 27.041 29.341 30.111 29.416 28.769 25.814 22.011 21.711 21.614 21.529 21.371 21.286 21.191 21.151 21.074 21.601 25.309 24.854 26.204 32.821 32.714 27.641 24.239 23.381 22.876 24.006 23.381 23.244 23.781
33.171 23.999 22.861 22.859 22.884 22.856 22.806 23.494 24.421 27.231 24.521 23.934 24.091 27.121 25.171 22.979 22.826 24.716 25.166 28.406 29.851 28.799 27.884 25.701 24.831 23.371 24.331 22.589 22.099 21.891 21.616 21.276 21.336 21.341 21.296 21.289 21.074 21.159 21.451 23.069 25.416 26.831 27.059 29.134 29.909 29.306 27.994 27.521 21.764 21.684 21.604 21.511 21.404 21.294 21.241 21.179 21.054 21.664 24.311 24.526 23.559 24.706 27.984 25.344 26.546 23.831 25.256 25.119 23.106 23.104 25.974
