All_lidar/sz5787_DSM_2M.asc
ncols 500
nrows 500
xllcorner    457000
yllcorner    87000
cellsize     2
NODATA_value -9999
[rows 450 to 479 of 500, columns 402 to 468 of 500]
90.559 90.337 90.087 89.874 89.677 89.459 89.287 89.087 88.897 88.722 88.564 88.464 88.404 88.339 88.307 88.267 88.227 88.519 88.622 88.397 88.377 88.354 88.322 88.262 88.224 88.184 88.164 88.157 88.142 88.172 88.132 88.144 88.157 88.174 88.137 88.094 88.052 87.992 87.924 87.827 87.754 87.669 87.567 87.457 87.304 87.142 86.977 86.822 86.632 86.494 86.292 86.099 85.877 85.744 85.534 85.364 85.197 85.037 84.872 84.717 84.589 84.444 84.287 84.114 83.982 83.829 83.662
90.114 89.872 89.627 89.427 89.237 89.049 88.847 88.627 88.437 88.287 88.129 88.034 87.944 87.874 87.862 87.847 87.807 88.314 88.149 87.957 87.917 87.899 87.874 87.794 87.737 87.699 87.697 87.697 87.642 87.667 87.667 87.697 87.692 87.709 87.679 87.632 87.587 87.532 87.502 87.379 87.294 87.207 87.114 86.999 86.847 86.707 86.534 86.369 86.217 86.039 85.844 85.642 85.459 85.292 85.092 84.939 84.789 84.632 84.464 84.277 84.159 84.019 83.847 83.672 83.534 83.379 83.244
89.647 89.417 89.187 88.984 88.772 88.567 88.384 88.189 88.019 87.847 87.669 87.592 87.499 87.437 87.417 87.387 87.352 87.742 87.654 87.509 87.472 87.484 87.404 87.337 87.277 87.242 87.217 87.222 87.202 87.184 87.209 87.244 87.222 87.262 87.234 87.204 87.142 87.062 87.027 86.924 86.844 86.764 86.637 86.549 86.384 86.254 86.062 85.919 85.764 85.594 85.389 85.182 85.044 84.864 84.667 84.497 84.349 84.184 84.014 83.867 83.709 83.562 83.414 83.247 83.082 82.954 82.804
89.204 88.952 88.747 88.539 88.324 88.117 87.922 87.724 87.557 87.362 87.234 87.142 87.072 86.987 86.952 86.937 86.929 87.409 87.154 87.052 87.022 87.002 86.952 86.849 86.832 86.749 86.767 86.727 86.722 86.717 86.729 86.752 86.774 86.807 86.744 86.747 86.684 86.599 86.547 86.467 86.384 86.289 86.179 86.067 85.952 85.787 85.619 85.474 85.317 85.149 84.964 84.782 84.609 84.402 84.229 84.074 83.907 83.764 83.577 83.419 83.292 83.117 82.967 82.804 82.649 82.494 82.369
88.747 88.507 88.289 88.072 87.857 87.639 87.442 87.267 87.109 86.922 86.794 86.704 86.627 86.542 86.514 86.484 86.524 87.184 86.682 86.599 86.567 86.547 86.474 86.402 86.359 86.262 86.324 86.269 86.259 86.257 86.279 86.294 86.314 86.314 86.287 86.267 86.229 86.149 86.079 86.002 85.927 85.839 85.699 85.614 85.492 85.344 85.187 85.039 84.872 84.687 84.502 84.304 84.164 83.957 83.799 83.632 83.469 83.282 83.134 82.984 82.827 82.669 82.514 82.367 82.214 82.057 81.929
88.282 88.062 87.847 87.612 87.399 87.189 86.977 86.814 86.644 86.459 86.337 86.252 86.157 86.092 86.077 86.054 86.154 86.379 86.234 86.134 86.132 86.072 85.987 85.934 85.887 85.794 85.837 85.792 85.817 85.812 85.837 85.839 85.852 85.849 85.832 85.797 85.749 85.684 85.617 85.524 85.497 85.382 85.249 85.122 85.039 84.887 84.757 84.599 84.444 84.234 84.052 83.879 83.702 83.529 83.342 83.202 83.027 82.837 82.689 82.524 82.372 82.207 82.049 81.914 81.759 81.599 81.462
87.854 87.617 87.392 87.187 86.962 86.777 86.544 86.359 86.199 86.017 85.882 85.792 85.699 85.634 85.617 85.619 85.834 86.084 85.744 85.659 85.637 85.584 85.522 85.457 85.414 85.354 85.379 85.344 85.352 85.339 85.382 85.372 85.399 85.384 85.377 85.332 85.297 85.224 85.152 85.074 85.019 84.919 84.797 84.687 84.589 84.457 84.322 84.187 83.992 83.804 83.627 83.432 83.267 83.042 82.927 82.742 82.569 82.402 82.229 82.049 81.914 81.787 81.609 81.462 81.289 81.149 81.007
87.394 87.169 86.959 86.734 86.507 86.329 86.117 85.924 85.744 85.547 85.439 85.329 85.227 85.159 85.149 85.159 85.322 85.494 85.262 85.199 85.129 85.112 85.007 84.974 84.914 84.904 84.902 84.892 84.892 84.879 84.932 84.929 84.909 84.912 84.924 84.869 84.832 84.767 84.699 84.619 84.577 84.464 84.369 84.232 84.149 84.009 83.892 83.717 83.554 83.369 83.162 83.017 82.792 82.624 82.472 82.304 82.122 81.947 81.792 81.627 81.464 81.327 81.172 81.012 80.852 80.722 80.567
86.952 86.727 86.494 86.279 86.047 85.874 85.652 85.479 85.284 85.099 84.984 84.884 84.802 84.749 84.704 84.684 85.314 84.992 84.739 84.709 84.669 84.652 84.532 84.502 84.432 84.444 84.432 84.407 84.437 84.439 84.457 84.462 84.469 84.457 84.444 84.429 84.349 84.312 84.229 84.182 84.107 84.014 83.927 83.797 83.714 83.602 83.462 83.317 83.127 82.949 82.737 82.562 82.372 82.189 82.017 81.839 81.672 81.509 81.354 81.194 81.037 80.887 80.722 80.564 80.417 80.269 80.112
86.537 86.299 86.057 85.817 85.607 85.419 85.182 85.009 84.829 84.659 84.557 84.429 84.367 84.307 84.262 84.212 85.112 84.599 84.239 84.257 84.222 84.189 84.089 84.052 83.959 83.982 83.942 83.939 83.954 84.014 83.982 84.002 84.027 84.019 83.992 83.977 83.907 83.867 83.769 83.762 83.677 83.607 83.477 83.377 83.289 83.154 83.012 82.867 82.692 82.489 82.299 82.139 81.907 81.774 81.587 81.432 81.237 81.084 80.887 80.722 80.579 80.444 80.272 80.102 79.959 79.817 79.672
86.189 85.942 85.697 85.442 85.237 85.019 84.772 84.587 84.412 84.249 84.134 84.022 83.969 83.919 83.844 83.777 85.102 84.324 83.792 83.794 83.799 83.707 83.639 83.589 83.502 83.534 83.497 83.487 83.509 83.542 83.537 83.532 83.559 83.587 83.549 83.524 83.449 83.432 83.322 83.302 83.232 83.172 83.057 82.964 82.832 82.712 82.589 82.414 82.242 82.049 81.847 81.699 81.492 81.344 81.134 80.979 80.794 80.627 80.462 80.262 80.147 79.972 79.832 79.674 79.529 79.349 79.264
85.772 85.542 85.334 85.087 84.869 84.647 84.434 84.217 84.039 83.884 83.787 83.674 83.572 83.517 83.437 83.554 84.502 83.437 83.329 83.352 83.347 83.242 83.172 83.124 83.034 83.054 83.022 83.044 83.024 83.057 83.079 83.107 83.099 83.129 83.082 83.039 82.997 82.974 82.887 82.864 82.789 82.722 82.589 82.502 82.402 82.272 82.137 81.964 81.777 81.599 81.404 81.234 81.059 80.897 80.689 80.522 80.387 80.187 80.012 79.822 79.709 79.512 79.362 79.222 79.084 78.929 78.807
85.334 85.082 84.864 84.639 84.412 84.214 83.982 83.789 83.607 83.489 83.359 83.274 83.179 83.087 82.997 83.317 83.962 82.994 82.892 82.874 82.889 82.769 82.724 82.679 82.602 82.617 82.592 82.572 82.564 82.592 82.637 82.674 82.667 82.687 82.647 82.587 82.547 82.542 82.434 82.389 82.344 82.259 82.134 82.057 81.922 81.809 81.639 81.497 81.334 81.157 80.949 80.774 80.607 80.439 80.237 80.087 79.909 79.734 79.567 79.384 79.254 79.082 78.924 78.799 78.667 78.504 78.354
84.932 84.664 84.452 84.207 84.019 83.757 83.557 83.347 83.162 83.027 82.902 82.817 82.714 82.637 82.579 82.774 83.404 82.509 82.429 82.404 82.389 82.294 82.249 82.187 82.152 82.149 82.117 82.104 82.127 82.152 82.169 82.199 82.207 82.182 82.167 82.112 82.092 82.042 81.967 81.914 81.852 81.759 81.657 81.582 81.439 81.334 81.184 81.009 80.864 80.649 80.489 80.302 80.149 79.982 79.792 79.617 79.452 79.287 79.122 78.957 78.839 78.644 78.482 78.354 78.199 78.072 77.929
84.534 84.289 84.052 83.812 83.619 83.369 83.164 82.969 82.769 82.627 82.489 82.382 82.274 82.189 82.119 82.719 82.882 82.067 81.929 81.899 81.932 81.817 81.754 81.704 81.679 81.667 81.624 81.642 81.649 81.669 81.669 81.697 81.712 81.697 81.677 81.609 81.584 81.529 81.477 81.409 81.352 81.244 81.154 81.077 80.962 80.812 80.692 80.532 80.367 80.164 80.022 79.827 79.624 79.487 79.312 79.157 78.982 78.827 78.672 78.494 78.364 78.199 78.032 77.894 77.767 77.604 77.449
84.089 83.834 83.579 83.367 83.174 82.917 82.724 82.529 82.334 82.217 82.047 81.922 81.789 81.702 81.624 82.824 82.614 81.527 81.444 81.387 81.402 81.294 81.259 81.189 81.164 81.177 81.122 81.144 81.147 81.159 81.184 81.169 81.214 81.169 81.144 81.084 81.082 80.994 80.934 80.869 80.837 80.717 80.644 80.547 80.422 80.297 80.194 80.029 79.849 79.662 79.517 79.334 79.159 78.994 78.824 78.684 78.484 78.339 78.172 78.047 77.862 77.707 77.569 77.432 77.264 77.159 77.014
83.522 83.277 83.037 82.847 82.599 82.384 82.194 81.979 81.809 81.664 81.499 81.379 81.289 81.192 81.127 82.227 81.952 81.024 80.939 80.902 80.839 80.769 80.732 80.674 80.669 80.647 80.624 80.642 80.627 80.642 80.649 80.647 80.639 80.662 80.624 80.532 80.547 80.439 80.389 80.324 80.237 80.179 80.077 79.994 79.897 79.752 79.644 79.497 79.302 79.152 78.972 78.799 78.634 78.502 78.312 78.184 78.002 77.834 77.672 77.547 77.387 77.242 77.084 76.957 76.814 76.687 76.582
82.917 82.677 82.452 82.274 82.037 81.797 81.629 81.434 81.259 81.102 80.924 80.834 80.757 80.672 80.674 82.042 81.412 80.462 80.434 80.374 80.354 80.237 80.184 80.147 80.102 80.104 80.064 80.104 80.089 80.109 80.097 80.092 80.082 80.117 80.049 79.997 79.942 79.894 79.839 79.759 79.679 79.602 79.484 79.437 79.322 79.202 79.082 78.944 78.769 78.582 78.404 78.274 78.114 77.984 77.789 77.652 77.489 77.359 77.139 77.064 76.909 76.729 76.599 76.477 76.352 76.224 76.122
82.297 82.064 81.864 81.657 81.439 81.224 81.042 80.859 80.734 80.559 80.397 80.307 80.222 80.182 80.204 81.604 80.672 79.919 79.904 79.852 79.829 79.694 79.669 79.637 79.574 79.542 79.517 79.549 79.497 79.539 79.527 79.537 79.507 79.529 79.487 79.402 79.354 79.312 79.247 79.189 79.084 79.017 78.907 78.834 78.729 78.637 78.477 78.364 78.182 78.037 77.862 77.732 77.584 77.442 77.274 77.127 76.969 76.824 76.654 76.559 76.402 76.244 76.127 76.004 75.887 75.757 75.649
81.684 81.457 81.244 81.054 80.862 80.624 80.459 80.292 80.132 80.002 79.842 79.752 79.689 79.667 79.737 81.089 79.872 79.384 79.382 79.342 79.287 79.157 79.112 79.064 79.049 78.974 78.952 78.969 78.962 78.967 78.964 78.972 78.952 78.954 78.872 78.827 78.757 78.717 78.654 78.584 78.477 78.417 78.302 78.222 78.122 78.017 77.892 77.759 77.614 77.462 77.302 77.169 77.037 76.887 76.749 76.607 76.469 76.329 76.137 76.052 75.909 75.777 75.647 75.514 75.397 75.269 75.177
81.127 80.887 80.664 80.459 80.249 80.064 79.872 79.679 79.582 79.412 79.274 79.192 79.162 79.124 79.647 80.552 79.329 78.857 78.852 78.822 78.727 78.639 78.597 78.504 78.504 78.412 78.424 78.402 78.404 78.402 78.404 78.392 78.404 78.324 78.284 78.224 78.162 78.092 78.039 77.957 77.882 77.792 77.722 77.609 77.529 77.409 77.289 77.144 77.027 76.862 76.744 76.612 76.484 76.349 76.239 76.084 75.954 75.794 75.667 75.549 75.394 75.304 75.159 75.054 74.929 74.834 74.704
80.549 80.332 80.069 79.874 79.672 79.482 79.314 79.149 79.009 78.847 78.722 78.659 78.599 78.594 79.307 79.779 78.589 78.312 78.309 78.299 78.194 78.092 78.042 77.949 77.934 77.852 77.877 77.837 77.819 77.827 77.832 77.812 77.802 77.729 77.709 77.622 77.572 77.489 77.447 77.337 77.309 77.187 77.102 77.024 76.909 76.794 76.709 76.554 76.452 76.282 76.184 76.067 75.962 75.824 75.714 75.574 75.434 75.307 75.162 75.079 74.909 74.809 74.682 74.587 74.462 74.372 74.274
80.022 79.824 79.584 79.372 79.149 78.959 78.737 78.622 78.449 78.294 78.204 78.162 78.129 78.109 78.932 79.267 77.939 77.822 77.819 77.774 77.642 77.567 77.492 77.417 77.387 77.307 77.304 77.279 77.269 77.279 77.272 77.254 77.232 77.157 77.102 77.034 76.952 76.877 76.837 76.727 76.669 76.552 76.499 76.417 76.324 76.217 76.114 76.017 75.877 75.762 75.639 75.534 75.399 75.289 75.214 75.072 74.939 74.822 74.702 74.599 74.432 74.334 74.202 74.127 74.032 73.932 73.849
79.584 79.339 79.107 78.902 78.669 78.482 78.257 78.099 77.924 77.789 77.709 77.674 77.639 77.617 78.459 78.542 77.419 77.337 77.284 77.214 77.124 77.052 76.984 76.897 76.857 76.807 76.767 76.722 76.712 76.729 76.727 76.704 76.642 76.559 76.514 76.439 76.372 76.277 76.229 76.132 76.054 75.957 75.887 75.827 75.737 75.632 75.552 75.449 75.309 75.189 75.097 75.009 74.879 74.799 74.727 74.589 74.439 74.352 74.229 74.139 73.964 73.889 73.789 73.692 73.584 73.519 73.407
79.157 78.937 78.689 78.497 78.277 78.042 77.847 77.657 77.492 77.347 77.327 77.264 77.209 77.312 78.584 77.947 76.924 76.857 76.762 76.714 76.627 76.549 76.472 76.384 76.344 76.297 76.249 76.217 76.207 76.207 76.164 76.162 76.039 76.004 75.952 75.854 75.777 75.689 75.602 75.499 75.439 75.367 75.307 75.249 75.122 75.044 74.974 74.864 74.742 74.674 74.592 74.489 74.387 74.312 74.204 74.104 73.984 73.849 73.752 73.672 73.512 73.447 73.329 73.262 73.157 73.089 72.974
78.802 78.549 78.324 78.109 77.869 77.652 77.427 77.254 77.114 76.999 76.932 76.864 76.829 76.932 78.324 77.284 76.472 76.402 76.309 76.212 76.162 76.084 75.982 75.894 75.839 75.782 75.749 75.707 75.699 75.677 75.624 75.609 75.527 75.452 75.374 75.317 75.189 75.069 75.012 74.902 74.829 74.752 74.722 74.649 74.547 74.482 74.399 74.319 74.229 74.169 74.094 74.009 73.892 73.832 73.737 73.607 73.514 73.407 73.304 73.189 73.089 72.999 72.899 72.837 72.772 72.654 72.572
78.427 78.187 77.949 77.722 77.462 77.232 77.022 76.877 76.712 76.607 76.537 76.459 76.414 76.424 77.929 76.559 76.042 75.962 75.864 75.794 75.684 75.597 75.497 75.414 75.384 75.284 75.262 75.204 75.184 75.154 75.132 75.059 74.969 74.927 74.849 74.752 74.652 74.527 74.424 74.307 74.249 74.154 74.124 74.087 73.992 73.932 73.879 73.819 73.729 73.677 73.604 73.497 73.429 73.357 73.294 73.169 73.107 72.979 72.894 72.739 72.674 72.589 72.512 72.424 72.337 72.264 72.179
78.002 77.767 77.562 77.337 77.099 76.879 76.682 76.532 76.374 76.274 76.209 76.119 76.074 76.187 77.374 75.962 75.614 75.524 75.419 75.362 75.229 75.139 75.044 74.969 74.917 74.799 74.764 74.729 74.689 74.637 74.629 74.532 74.447 74.414 74.337 74.219 74.117 73.962 73.869 73.747 73.682 73.627 73.582 73.534 73.482 73.422 73.367 73.304 73.267 73.212 73.137 73.057 72.984 72.927 72.862 72.744 72.669 72.547 72.459 72.347 72.242 72.174 72.092 72.027 71.969 71.874 71.794
77.634 77.394 77.177 76.927 76.774 76.527 76.349 76.207 76.062 75.964 75.884 75.809 75.747 76.027 76.997 75.619 75.234 75.114 75.009 74.924 74.809 74.737 74.594 74.507 74.434 74.347 74.324 74.254 74.219 74.189 74.139 74.042 73.987 73.942 73.844 73.702 73.622 73.452 73.347 73.224 73.199 73.149 73.067 73.034 72.979 72.932 72.879 72.859 72.837 72.799 72.729 72.629 72.579 72.537 72.449 72.379 72.269 72.149 72.084 71.989 71.902 71.812 71.709 71.679 71.609 71.497 71.439
77.227 77.022 76.822 76.602 76.394 76.197 76.039 75.904 75.764 75.629 75.534 75.462 75.439 75.544 76.454 75.107 74.837 74.702 74.642 74.539 74.394 74.322 74.169 74.104 74.007 73.929 73.882 73.809 73.772 73.719 73.692 73.592 73.522 73.499 73.377 73.257 73.142 73.014 72.862 72.792 72.744 72.699 72.629 72.587 72.552 72.507 72.464 72.492 72.427 72.394 72.324 72.274 72.207 72.144 72.057 71.972 71.884 71.792 71.712 71.627 71.542 71.444 71.362 71.317 71.227 71.157 71.079
