All_lidar/sz5791_DSM_2M.asc
ncols 500
nrows 500
xllcorner    457000
yllcorner    91000
cellsize     2
NODATA_value -9999
[rows 192 to 223 of 500, columns 71 to 141 of 500]
40.989 37.691 36.584 36.526 36.419 36.311 36.189 36.096 36.004 35.904 35.866 35.861 35.814 36.366 36.594 36.014 36.116 36.756 36.196 35.869 35.904 35.954 35.979 36.009 36.091 36.211 37.144 36.604 36.621 37.191 36.576 36.474 36.549 36.644 36.751 36.831 36.936 37.044 37.064 37.229 37.346 37.396 37.596 37.734 37.841 37.941 38.001 37.996 37.984 38.049 38.079 38.054 38.241 38.819 40.879 40.069 40.351 40.926 41.791 42.026 42.539 43.144 42.904 41.319 40.586 40.576 41.011 41.279 41.529 41.241 41.009
39.594 36.809 36.581 36.521 36.389 36.286 36.274 36.299 36.344 36.081 36.291 36.084 36.009 35.944 35.904 35.969 35.944 35.944 35.949 36.001 36.029 36.086 36.121 36.131 36.306 36.256 36.389 36.449 36.976 36.769 36.719 36.536 36.576 36.651 36.766 36.899 36.909 37.076 37.144 37.284 37.364 37.444 37.524 37.676 37.739 37.816 37.889 37.901 37.966 37.991 38.029 38.169 38.426 40.146 40.899 39.789 39.731 40.401 42.516 43.886 44.909 45.451 44.654 43.379 40.516 40.579 41.044 41.934 41.221 41.244 41.044
38.726 37.659 38.126 36.514 36.404 36.331 36.404 36.439 36.254 36.141 36.391 36.541 36.529 36.499 36.291 36.419 36.459 36.359 36.291 36.341 36.334 36.336 36.254 36.631 37.161 36.514 36.551 36.739 37.549 37.539 37.559 37.604 37.876 37.129 37.009 37.269 37.294 37.214 37.234 37.596 38.194 37.559 37.544 37.691 37.761 37.799 37.861 37.889 37.901 37.934 38.079 38.341 38.626 40.096 40.374 39.711 40.146 40.444 42.354 43.854 44.854 45.484 44.709 43.699 41.796 40.809 40.771 41.684 41.304 41.344 41.101
38.456 37.336 37.041 37.076 38.136 37.066 36.531 36.449 36.256 36.171 36.341 36.659 36.869 36.881 37.324 37.666 37.459 37.464 36.631 36.656 36.531 36.519 36.421 36.729 37.304 36.679 36.756 36.876 37.644 37.051 37.084 37.269 37.856 37.886 37.264 37.654 37.894 38.329 38.459 37.911 37.619 37.501 37.546 37.619 37.699 37.781 37.831 37.926 37.941 38.106 38.309 38.589 39.051 39.954 39.671 39.786 40.411 40.554 42.279 43.771 44.786 45.496 44.769 43.751 42.081 40.586 40.964 41.849 41.581 41.856 41.146
38.959 36.676 36.654 37.956 38.599 38.566 36.819 36.386 36.259 36.236 36.366 36.321 36.721 37.011 37.186 36.821 36.806 38.471 37.241 36.881 36.711 36.979 37.221 37.309 36.969 36.694 36.749 37.191 37.864 37.266 38.084 37.619 37.886 37.971 37.749 37.686 37.749 38.236 38.396 38.229 38.516 38.196 38.099 37.801 38.066 38.144 38.219 38.189 38.296 39.201 38.469 38.691 39.054 39.889 39.826 40.236 40.564 40.326 42.066 43.736 44.724 45.509 44.819 43.819 41.954 40.376 40.651 41.004 41.709 42.121 41.199
38.546 37.174 37.109 36.666 37.429 38.369 36.809 36.379 36.289 36.321 36.436 36.394 37.069 38.634 37.429 36.589 36.616 37.971 36.916 36.831 36.744 37.954 38.984 38.711 36.944 36.759 36.756 37.134 37.484 37.359 38.166 38.521 39.269 39.666 37.911 37.734 37.889 38.546 38.284 38.586 39.226 38.671 38.704 38.756 39.501 38.951 38.771 39.151 38.664 39.226 38.771 38.834 39.224 39.794 39.786 39.716 39.824 40.039 41.956 43.676 44.679 45.541 44.879 43.871 41.851 40.381 40.749 41.264 41.494 41.559 41.249
37.819 37.089 37.106 36.711 36.711 36.616 36.486 36.384 36.316 36.409 36.491 36.471 37.036 38.599 36.676 36.596 36.716 37.089 36.884 36.799 36.824 38.641 38.946 38.681 36.691 36.824 36.819 37.189 37.349 37.419 37.424 39.036 39.719 39.691 37.859 37.771 38.114 39.464 38.394 38.399 39.306 40.256 40.089 39.139 40.059 39.471 38.794 39.386 39.139 40.344 38.989 38.961 39.261 40.146 39.801 39.669 39.771 39.986 41.676 43.636 44.646 45.539 44.941 43.909 42.739 40.424 40.931 41.979 41.361 41.514 41.304
37.349 37.429 36.736 36.796 36.756 36.634 36.481 36.384 36.351 36.484 36.621 36.529 36.919 37.509 36.451 36.714 36.829 37.124 37.431 37.006 36.736 37.506 37.859 37.921 36.999 37.161 36.879 37.479 37.676 37.586 37.441 39.639 39.706 39.074 37.736 37.821 38.166 39.711 38.396 38.374 38.919 40.624 40.609 39.679 39.144 38.974 39.069 39.981 39.549 39.739 39.614 39.404 39.261 39.491 40.014 40.256 40.016 40.261 40.149 42.611 43.606 43.424 42.229 41.774 41.031 40.514 40.766 41.191 41.674 42.349 41.339
36.951 37.059 36.739 36.741 36.684 36.564 36.466 36.424 36.406 36.534 36.584 36.604 36.714 37.104 39.119 39.609 39.684 39.994 41.486 41.479 38.319 36.771 36.939 37.171 40.004 40.239 40.299 42.006 41.881 41.524 38.966 38.704 40.689 39.651 38.219 38.136 39.024 40.011 39.011 38.644 38.871 40.611 40.611 39.859 39.824 39.641 39.479 39.831 39.529 39.561 41.246 41.416 39.481 39.496 39.719 41.436 41.876 42.126 42.334 41.194 41.166 41.719 40.986 41.011 42.111 41.299 41.509 41.691 41.744 42.526 41.409
37.241 36.846 36.756 36.734 36.771 37.526 37.409 37.159 36.796 36.926 36.551 36.744 36.766 37.516 41.416 41.509 42.004 42.244 43.881 44.359 40.094 36.906 37.014 37.691 41.354 42.426 42.504 43.251 44.631 44.456 42.541 39.811 39.586 40.324 41.314 41.569 41.636 43.351 44.001 42.856 39.209 40.616 40.176 39.781 40.486 39.851 39.541 39.519 39.466 39.446 41.141 41.021 40.181 40.931 41.241 41.674 41.564 41.656 43.774 44.106 43.864 43.591 43.859 43.006 42.201 42.229 42.519 41.844 41.446 41.414 41.474
39.994 40.174 39.826 39.266 38.911 38.409 37.809 39.756 40.254 40.296 38.889 38.691 37.009 37.654 42.414 42.779 42.751 42.931 44.019 44.191 40.546 36.966 36.936 38.911 43.346 43.311 43.246 43.611 44.864 44.284 42.544 40.451 38.516 40.941 43.216 43.496 43.564 44.716 45.854 44.879 39.064 40.189 40.469 40.559 41.994 41.129 39.966 40.776 40.124 39.601 41.079 40.331 41.036 42.509 40.721 40.541 40.724 41.591 45.116 46.429 46.071 45.906 46.031 44.721 41.551 41.659 41.551 41.479 41.554 41.524 41.541
41.601 42.331 42.191 41.526 39.599 37.079 39.389 41.951 42.131 42.144 41.391 39.631 38.334 37.419 41.474 42.174 42.284 42.846 44.086 43.981 39.831 36.999 36.924 39.764 42.389 42.576 42.571 43.644 45.024 44.139 41.951 39.246 38.209 41.139 44.191 44.276 44.211 44.979 45.784 44.716 39.166 38.994 39.936 42.771 42.931 43.046 43.604 45.736 45.889 42.581 40.959 39.766 42.396 42.141 40.296 40.291 40.671 41.476 45.356 46.399 46.721 46.551 46.399 43.216 41.104 41.209 41.464 41.614 41.624 41.546 41.614
42.661 42.794 42.889 42.851 39.751 37.264 39.239 42.446 42.639 42.586 42.639 38.354 37.874 37.206 39.999 40.819 41.349 41.979 44.179 43.769 39.851 37.074 37.066 37.986 39.986 41.134 40.884 43.736 45.051 43.661 39.414 38.214 38.251 40.314 43.509 43.576 43.849 45.081 45.746 44.516 39.521 39.666 40.239 44.276 44.581 44.661 45.021 46.474 46.826 43.106 40.196 40.501 42.449 40.459 40.231 40.479 40.989 41.409 44.734 46.281 46.184 45.129 43.566 42.484 41.156 41.386 41.564 41.691 41.704 41.631 41.671
41.551 41.926 41.986 42.264 37.991 37.196 38.421 41.024 41.486 41.951 41.811 37.939 38.454 36.771 36.721 36.749 37.649 38.551 38.706 39.629 39.726 37.309 37.414 37.249 37.261 37.284 39.224 41.456 41.774 41.784 38.126 38.791 39.221 39.781 40.616 41.754 43.084 45.246 45.726 44.101 39.744 39.484 40.064 44.624 45.251 45.359 45.591 46.569 46.604 42.806 40.006 40.481 41.824 40.326 40.364 40.504 41.624 42.734 44.589 46.224 46.311 44.576 42.099 41.139 41.369 41.516 41.621 41.894 42.021 41.699 41.736
37.476 38.676 39.226 40.031 38.116 36.891 36.859 37.516 39.106 39.954 39.984 37.761 38.046 37.156 37.124 37.066 37.241 37.721 37.489 37.491 37.491 37.719 37.659 37.661 37.711 37.781 39.036 39.636 40.586 40.031 38.141 38.316 38.369 38.479 38.226 38.249 39.176 42.104 42.579 40.994 39.239 39.299 40.059 43.559 44.504 44.621 45.416 46.736 46.419 43.051 40.294 42.024 41.326 40.439 40.544 40.621 41.156 42.571 44.364 45.599 45.236 44.394 41.879 41.319 41.501 41.591 41.754 41.916 42.159 41.766 41.769
36.894 39.501 37.739 37.946 38.459 37.666 36.661 36.719 38.736 39.734 39.729 38.066 37.021 37.111 37.226 37.311 37.526 37.929 37.846 37.831 37.821 37.964 37.911 37.931 37.984 37.999 39.359 38.714 38.379 38.441 38.521 39.039 38.734 38.864 38.794 38.884 39.466 40.604 40.811 39.506 39.894 39.571 39.384 40.851 41.284 42.124 44.964 46.779 46.199 43.149 40.506 41.731 41.419 40.659 40.701 40.759 41.086 43.276 44.491 43.974 41.664 42.156 42.631 41.646 41.606 41.809 41.976 42.039 42.306 41.811 41.836
36.899 38.864 37.069 36.804 37.686 37.939 36.774 36.711 38.246 37.854 38.279 37.536 37.231 37.301 37.416 37.514 37.701 37.999 38.026 38.049 38.076 38.109 38.149 38.181 38.271 38.321 39.424 38.861 38.784 38.856 38.919 39.151 39.134 39.621 39.716 39.759 41.041 39.771 39.544 39.494 40.861 40.339 39.719 40.259 39.839 40.236 41.404 43.324 42.594 40.991 40.821 41.771 41.771 40.909 40.874 41.049 42.199 42.984 45.226 44.361 42.196 45.671 45.756 43.779 42.024 41.999 42.059 42.144 42.526 41.924 41.901
36.956 36.979 36.981 37.169 37.999 37.401 36.909 36.946 36.921 36.936 36.911 37.319 37.419 37.474 37.629 37.789 37.964 38.134 38.169 38.206 38.586 39.046 38.466 38.499 38.609 38.704 39.291 38.959 39.061 39.164 39.234 39.406 39.469 39.636 39.916 40.519 41.629 40.201 39.786 39.839 41.219 40.696 40.311 40.319 40.614 40.919 41.019 41.546 41.624 40.564 40.921 41.426 41.481 41.836 43.616 43.524 42.904 42.594 43.104 42.536 45.504 47.859 47.276 46.411 43.624 42.044 42.116 42.169 42.726 42.129 41.984
37.476 37.336 37.121 37.656 38.566 37.039 37.044 37.049 37.084 37.119 37.569 37.776 37.636 37.714 37.861 37.991 38.164 38.236 38.286 38.396 38.961 39.179 38.656 38.789 38.934 39.064 39.511 39.109 39.259 39.589 39.456 40.081 39.734 40.226 40.196 40.821 41.891 40.386 40.659 40.509 41.934 41.796 40.894 40.724 41.051 41.564 40.774 40.661 40.666 41.011 41.259 41.891 42.106 43.581 42.309 41.541 41.596 41.641 41.724 43.144 46.636 47.736 47.954 47.341 45.794 43.056 42.169 42.524 43.131 42.331 42.076
37.744 37.889 38.089 38.496 38.729 37.254 37.639 38.076 37.599 38.309 38.409 38.089 37.861 37.979 38.044 38.174 38.189 38.251 38.351 38.474 38.951 39.059 38.934 39.084 39.226 39.611 40.599 39.609 39.634 39.724 40.489 42.531 40.116 40.454 40.606 40.874 42.051 40.634 40.919 41.239 42.174 41.781 40.929 40.931 41.701 43.156 42.321 41.211 41.416 41.344 41.484 42.286 42.481 43.811 42.006 41.591 41.739 41.866 41.896 42.319 44.611 47.124 47.809 47.884 46.054 42.794 42.241 42.784 43.376 42.321 42.159
37.409 37.326 37.344 38.521 39.401 37.821 37.656 37.856 37.799 38.031 37.951 38.519 37.954 38.136 38.149 38.269 38.281 38.331 38.456 38.631 38.949 39.061 39.109 39.229 39.379 40.536 42.276 41.006 39.919 39.856 40.536 41.756 40.276 40.294 40.454 41.066 41.989 40.851 41.116 41.836 42.534 43.499 41.984 41.211 42.901 43.596 41.669 41.441 41.521 42.241 42.651 41.666 42.504 43.081 41.866 41.779 41.926 42.039 42.121 42.329 42.679 45.179 47.204 47.174 44.949 42.451 42.351 42.819 42.656 42.244 42.271
37.399 37.234 37.421 39.029 40.309 39.161 38.321 38.854 39.616 40.219 37.794 38.309 38.131 38.181 38.266 38.276 38.431 38.389 38.516 38.736 38.914 39.059 39.199 39.304 39.441 40.156 40.391 40.629 39.909 40.001 40.326 40.291 40.379 40.464 40.581 41.091 41.366 40.934 40.999 41.741 42.301 41.476 41.361 41.409 41.704 41.926 41.669 41.711 41.794 42.319 42.489 42.031 41.939 42.074 43.391 42.319 42.336 42.329 42.324 42.369 43.121 44.109 45.276 44.874 43.681 43.724 42.394 42.416 42.366 42.329 42.436
37.216 37.274 37.166 38.059 39.969 38.416 38.639 39.009 39.749 40.659 37.869 38.756 38.534 38.176 38.254 38.231 38.729 38.966 39.274 39.251 39.424 39.076 39.226 39.354 39.451 40.126 39.914 39.951 40.034 40.134 40.464 40.466 40.596 40.961 40.701 40.971 41.119 40.974 41.116 42.859 45.704 42.919 41.486 41.609 41.854 41.996 41.836 41.914 42.184 42.591 42.186 42.216 42.199 42.076 42.176 42.521 43.641 43.864 42.934 42.524 42.504 43.561 42.669 44.389 45.924 45.791 44.681 43.504 43.264 42.454 43.926
37.874 38.226 37.829 37.754 38.431 37.951 38.644 38.841 38.841 39.421 38.429 37.934 37.974 37.886 37.994 38.361 38.154 38.364 38.591 38.856 39.336 39.416 39.141 39.619 39.541 40.174 40.021 40.171 40.164 40.134 40.481 40.806 41.164 43.134 42.311 42.261 42.479 41.279 41.486 43.176 47.379 46.189 41.866 41.801 42.176 42.284 42.114 42.181 42.421 42.761 42.371 42.286 42.309 42.576 42.894 43.196 44.734 45.306 45.186 45.301 45.236 44.696 44.881 46.266 46.926 45.769 47.651 47.509 46.419 42.731 43.066
38.171 38.849 38.041 39.176 38.856 37.949 37.656 38.191 37.966 38.476 38.914 38.224 37.576 37.604 37.631 37.929 38.016 38.156 38.349 38.551 38.664 38.881 39.254 39.726 39.574 40.401 41.401 41.554 41.691 41.514 41.486 42.006 42.379 42.434 42.384 44.394 42.669 42.031 42.366 42.429 43.011 43.091 41.714 41.814 42.154 42.651 42.659 42.189 42.226 42.299 42.371 42.434 42.646 44.191 45.264 43.576 42.914 42.604 43.496 43.846 46.476 45.816 43.564 45.294 46.841 43.584 45.899 44.429 44.209 42.764 42.826
38.891 40.649 39.139 38.409 38.214 37.669 37.731 37.859 37.919 37.711 37.819 37.699 37.766 37.786 37.804 37.864 38.026 38.199 38.369 38.564 38.826 38.994 39.629 40.456 40.679 40.876 41.289 40.964 41.434 41.014 40.674 41.221 41.124 41.354 41.471 41.826 41.161 41.281 41.356 41.436 41.541 41.701 41.774 41.861 41.941 42.049 42.141 42.224 42.329 42.426 42.504 42.546 42.694 45.121 45.986 43.826 43.251 43.069 42.439 42.436 42.861 43.734 42.569 43.041 42.939 43.216 42.739 43.006 43.569 44.281 43.051
40.386 41.346 40.484 38.614 37.291 37.464 38.126 38.041 38.044 37.899 37.876 37.989 38.029 38.039 38.029 38.054 38.171 38.366 38.501 38.649 38.819 38.994 39.186 39.376 39.651 39.956 40.266 40.984 40.874 40.579 40.566 41.094 41.394 41.591 41.594 41.199 41.276 41.381 41.471 41.581 41.691 41.774 41.866 41.946 42.031 42.136 42.244 42.326 42.424 42.514 42.571 42.636 42.619 43.366 45.484 44.604 45.846 46.651 45.856 44.624 44.334 46.216 45.391 45.236 45.264 45.569 45.509 44.736 45.361 46.384 44.011
38.556 39.146 40.846 39.259 37.229 37.589 37.966 38.056 37.996 38.049 38.054 38.144 38.224 38.194 38.186 38.226 38.336 38.524 38.664 38.759 38.916 39.076 39.249 39.444 39.644 39.789 39.924 40.096 40.224 40.379 40.466 40.586 40.714 40.844 40.984 41.161 41.301 41.454 41.541 41.674 41.784 41.884 41.946 42.029 42.116 42.239 42.329 42.404 42.509 42.586 42.656 42.686 42.714 43.106 44.454 44.539 44.961 46.196 45.509 44.489 44.514 44.689 44.299 44.499 44.081 44.159 44.049 43.826 43.819 43.984 43.746
37.961 38.844 40.034 37.551 37.479 37.859 38.011 38.149 38.176 38.204 38.309 38.354 38.404 38.411 38.406 38.449 38.584 38.724 38.846 38.951 39.121 39.251 39.369 39.534 39.709 39.874 40.021 40.159 40.271 40.394 40.526 40.679 40.796 40.949 41.096 41.204 41.376 41.511 41.634 41.754 41.874 41.966 42.034 42.134 42.234 42.319 42.419 42.506 42.586 42.676 42.741 42.759 42.786 42.949 43.771 43.894 43.414 43.386 43.319 43.386 43.454 43.491 43.556 43.586 43.644 43.691 43.736 43.769 43.799 43.866 43.844
37.131 37.431 39.539 37.661 37.741 38.054 38.174 38.256 38.299 38.349 38.459 38.531 38.559 38.596 38.596 38.644 38.774 38.926 39.034 39.164 39.306 39.396 39.546 39.739 39.871 40.036 40.181 40.299 40.444 40.596 40.696 40.856 40.984 41.129 41.286 41.399 41.546 41.691 41.779 41.904 42.031 42.101 42.226 42.301 42.394 42.499 42.571 42.646 42.731 42.759 42.811 42.884 42.866 43.251 44.416 43.861 43.164 43.294 43.396 43.416 43.476 43.524 43.589 43.624 43.686 43.739 43.766 43.811 43.864 43.934 43.984
37.254 37.251 39.266 38.164 38.001 38.204 38.331 38.386 38.421 38.486 38.579 38.649 38.709 38.741 38.781 38.806 38.939 39.069 39.196 39.289 39.434 39.591 39.734 39.904 40.041 40.234 40.399 40.521 40.646 40.786 40.866 41.029 41.161 41.314 41.479 41.596 41.731 41.829 41.919 42.044 42.179 42.271 42.349 42.446 42.534 42.601 42.676 42.744 42.799 42.859 42.891 42.914 42.941 44.291 45.829 43.976 43.256 43.344 43.431 43.496 43.554 43.611 43.684 43.709 43.731 43.779 43.856 43.876 43.904 43.986 44.046
37.086 37.694 39.856 38.481 38.171 38.351 38.431 38.516 38.544 38.601 38.704 38.739 38.799 38.879 38.906 38.941 39.044 39.191 39.314 39.426 39.591 39.721 39.851 40.014 40.186 40.371 40.546 40.694 40.814 40.924 41.041 41.174 41.279 41.434 41.604 41.726 41.834 41.914 42.034 42.141 42.261 42.379 42.469 42.534 42.631 42.716 42.756 42.806 42.904 42.936 42.996 43.009 43.044 43.509 46.529 43.814 43.349 43.454 43.506 43.586 43.636 43.704 43.769 43.804 43.846 43.866 43.894 43.904 43.991 44.076 44.099
