All_lidar/sz5785_DSM_2M.asc
ncols 500
nrows 500
xllcorner    457000
yllcorner    85000
cellsize     2
NODATA_value -9999
[rows 363 to 395 of 500, columns 222 to 295 of 500]
20.484 20.192 19.922 19.697 19.604 19.789 20.004 20.259 20.609 21.049 21.484 21.917 22.379 22.827 23.269 23.724 24.164 24.547 24.962 25.419 25.764 26.222 26.464 26.714 26.937 27.122 27.264 27.409 27.554 27.647 27.822 27.974 27.994 27.934 28.029 28.074 28.057 28.109 28.152 28.207 28.197 28.169 28.079 28.004 27.862 27.712 27.502 27.224 26.897 26.499 26.082 25.692 25.327 24.962 24.587 24.264 23.917 23.524 23.124 22.747 22.429 22.017 21.649 21.269 20.924 20.574 20.247 19.877 19.547 19.202 18.854 18.529 18.284 17.952
20.822 20.522 20.257 20.052 19.994 20.192 20.409 20.727 21.054 21.472 21.899 22.362 22.827 23.247 23.694 24.152 24.584 24.972 25.347 25.807 26.157 26.519 26.874 27.219 27.454 27.647 27.807 27.942 28.104 28.232 28.292 28.434 28.514 28.524 28.564 28.602 28.644 28.647 28.694 28.729 28.732 28.672 28.584 28.472 28.317 28.152 27.949 27.607 27.239 26.804 26.429 26.039 25.687 25.322 24.967 24.614 24.264 23.829 23.417 22.972 22.619 22.234 21.844 21.467 21.079 20.714 20.362 19.992 19.644 19.307 18.957 18.589 18.262 18.017
21.124 20.854 20.599 20.407 20.389 20.624 20.839 21.179 21.529 21.927 22.382 22.827 23.257 23.712 24.137 24.524 24.969 25.369 25.772 26.209 26.579 26.927 27.349 27.694 27.964 28.182 28.357 28.487 28.612 28.742 28.862 28.949 28.994 29.022 29.087 29.104 29.152 29.149 29.212 29.247 29.204 29.149 29.032 28.919 28.782 28.572 28.297 27.934 27.539 27.149 26.757 26.419 26.074 25.724 25.337 24.912 24.507 24.082 23.642 23.207 22.809 22.424 22.032 21.624 21.222 20.849 20.482 20.112 19.747 19.402 19.022 18.677 18.322 17.967
21.469 21.207 20.967 20.774 20.812 21.009 21.297 21.622 22.002 22.389 22.802 23.262 23.697 24.154 24.562 25.007 25.394 25.797 26.189 26.587 26.977 27.387 27.777 28.059 28.362 28.629 28.869 29.034 29.144 29.252 29.357 29.409 29.459 29.517 29.527 29.522 29.582 29.637 29.659 29.652 29.637 29.574 29.467 29.304 29.144 28.912 28.577 28.259 27.872 27.487 27.132 26.789 26.452 26.037 25.624 25.222 24.782 24.319 23.839 23.419 23.017 22.594 22.209 21.822 21.419 21.004 20.622 20.217 19.847 19.489 19.099 18.772 18.419 18.014
21.837 21.594 21.352 21.219 21.209 21.424 21.747 22.089 22.447 22.839 23.257 23.704 24.174 24.612 25.037 25.489 25.864 26.209 26.602 26.967 27.357 27.774 28.137 28.512 28.802 29.079 29.317 29.484 29.637 29.724 29.809 29.842 29.837 29.867 29.892 29.924 29.954 29.982 30.004 30.019 30.004 29.937 29.829 29.677 29.517 29.252 28.922 28.609 28.244 27.869 27.552 27.197 26.832 26.412 25.939 25.494 25.027 24.549 24.087 23.644 23.214 22.817 22.374 21.977 21.567 21.159 20.752 20.354 19.957 19.574 19.209 18.834 18.439 18.064
22.247 21.982 21.814 21.632 21.674 21.869 22.187 22.512 22.909 23.299 23.742 24.182 24.639 25.067 25.524 25.957 26.329 26.679 27.037 27.392 27.767 28.154 28.569 28.914 29.199 29.524 29.719 29.882 29.987 30.064 30.139 30.137 30.119 30.144 30.169 30.197 30.244 30.299 30.337 30.322 30.299 30.207 30.104 29.997 29.807 29.569 29.282 28.964 28.647 28.304 27.969 27.619 27.209 26.744 26.264 25.717 25.249 24.754 24.317 23.862 23.427 23.022 22.594 22.162 21.722 21.302 20.904 20.487 20.062 19.684 19.294 18.879 18.452 18.117
22.629 22.394 22.189 22.027 22.102 22.302 22.634 22.982 23.334 23.747 24.224 24.657 25.122 25.532 25.967 26.407 26.802 27.129 27.472 27.832 28.194 28.574 28.942 29.269 29.524 29.812 30.027 30.142 30.214 30.269 30.302 30.317 30.289 30.302 30.339 30.387 30.474 30.527 30.584 30.577 30.514 30.432 30.329 30.234 30.084 29.864 29.619 29.337 29.039 28.722 28.347 27.957 27.504 27.022 26.484 25.914 25.437 24.964 24.519 24.089 23.642 23.244 22.794 22.327 21.889 21.467 21.054 20.644 20.187 19.769 19.362 18.934 18.527 18.147
23.027 22.767 22.537 22.394 22.517 22.719 23.087 23.422 23.802 24.202 24.662 25.124 25.567 25.994 26.412 26.817 27.222 27.612 27.959 28.299 28.657 29.019 29.354 29.614 29.867 30.069 30.189 30.264 30.332 30.384 30.404 30.409 30.414 30.399 30.424 30.512 30.559 30.632 30.692 30.697 30.654 30.579 30.482 30.359 30.249 30.102 29.897 29.654 29.379 29.049 28.699 28.217 27.709 27.247 26.697 26.177 25.664 25.179 24.747 24.297 23.857 23.439 22.982 22.532 22.097 21.639 21.197 20.754 20.294 19.872 19.419 18.994 18.589 18.202
23.404 23.139 22.922 22.779 22.909 23.174 23.514 23.857 24.239 24.652 25.102 25.567 26.004 26.409 26.869 27.284 27.714 28.072 28.409 28.769 29.112 29.459 29.719 29.972 30.142 30.259 30.369 30.412 30.449 30.444 30.462 30.427 30.444 30.442 30.459 30.524 30.577 30.649 30.694 30.722 30.719 30.654 30.574 30.474 30.357 30.229 30.089 29.889 29.637 29.314 28.952 28.477 27.964 27.452 26.897 26.374 25.869 25.374 24.939 24.499 24.064 23.604 23.152 22.692 22.264 21.797 21.342 20.854 20.414 19.967 19.519 19.039 18.612 18.249
23.799 23.557 23.277 23.164 23.307 23.604 23.919 24.314 24.702 25.109 25.562 26.012 26.427 26.852 27.287 27.709 28.137 28.487 28.867 29.232 29.542 29.844 30.089 30.282 30.404 30.444 30.469 30.492 30.514 30.537 30.527 30.532 30.509 30.474 30.484 30.519 30.547 30.597 30.657 30.694 30.692 30.647 30.577 30.537 30.424 30.314 30.194 30.029 29.792 29.502 29.147 28.762 28.234 27.679 27.072 26.532 26.032 25.539 25.127 24.687 24.234 23.769 23.319 22.857 22.392 21.904 21.442 20.989 20.537 20.049 19.589 19.119 18.659 18.264
24.174 23.952 23.714 23.587 23.754 24.047 24.352 24.727 25.154 25.569 26.007 26.444 26.869 27.327 27.734 28.172 28.567 28.937 29.307 29.599 29.939 30.209 30.402 30.559 30.612 30.592 30.602 30.564 30.574 30.557 30.547 30.627 30.702 30.497 30.549 30.529 30.527 30.562 30.607 30.619 30.614 30.572 30.547 30.477 30.402 30.337 30.224 30.074 29.794 29.534 29.232 28.882 28.417 27.854 27.254 26.707 26.202 25.729 25.287 24.849 24.399 23.927 23.459 22.979 22.534 22.047 21.544 21.084 20.589 20.084 19.609 19.152 18.692 18.274
24.572 24.339 24.074 24.049 24.259 24.542 24.852 25.182 25.634 26.119 26.534 26.907 27.324 27.759 28.199 28.604 28.964 29.327 29.679 29.979 30.282 30.509 30.697 30.784 30.819 30.749 30.689 30.644 30.589 30.562 30.609 30.734 30.602 30.552 30.749 30.559 30.502 30.519 30.552 30.549 30.549 30.504 30.472 30.424 30.377 30.307 30.207 29.997 29.812 29.552 29.239 28.914 28.489 27.949 27.382 26.839 26.339 25.864 25.414 24.977 24.507 24.034 23.589 23.099 22.622 22.134 21.632 21.132 20.622 20.122 19.617 19.182 18.742 18.322
24.927 24.679 24.474 24.544 24.762 25.062 25.367 25.682 26.107 26.649 27.047 27.339 27.744 28.154 28.592 28.972 29.344 29.692 30.022 30.324 30.592 30.809 30.954 31.014 30.982 30.904 30.802 30.707 30.632 30.564 30.557 30.607 30.514 30.467 30.577 30.482 30.449 30.459 30.484 30.472 30.457 30.447 30.419 30.379 30.304 30.264 30.147 30.039 29.852 29.574 29.287 28.937 28.494 27.997 27.492 26.952 26.467 25.997 25.542 25.084 24.624 24.137 23.679 23.179 22.674 22.179 21.707 21.202 20.707 20.207 19.729 19.279 18.827 18.379
25.289 25.072 24.894 24.969 25.172 25.449 25.812 26.162 26.557 27.012 27.347 27.739 28.159 28.582 28.992 29.362 29.722 30.067 30.354 30.647 30.889 31.059 31.187 31.227 31.174 31.087 30.967 30.822 30.722 30.637 30.604 30.489 30.449 30.444 30.437 30.432 30.447 30.427 30.429 30.414 30.394 30.362 30.329 30.284 30.239 30.157 30.079 29.977 29.829 29.612 29.302 28.927 28.524 28.032 27.542 27.034 26.557 26.074 25.617 25.177 24.724 24.237 23.767 23.264 22.779 22.299 21.819 21.327 20.829 20.319 19.834 19.374 18.924 18.492
25.679 25.464 25.302 25.349 25.559 25.924 26.234 26.637 26.957 27.362 27.792 28.212 28.542 28.944 29.354 29.727 30.072 30.349 30.639 30.897 31.112 31.284 31.387 31.407 31.342 31.267 31.132 30.974 30.852 30.744 30.739 30.604 30.764 30.539 30.439 30.419 30.432 30.427 30.402 30.402 30.344 30.269 30.232 30.177 30.112 30.039 29.952 29.874 29.737 29.542 29.282 28.947 28.572 28.134 27.659 27.157 26.679 26.204 25.754 25.299 24.844 24.364 23.902 23.407 22.912 22.469 21.944 21.449 20.984 20.507 19.999 19.524 19.057 18.604
26.044 25.822 25.744 25.772 25.972 26.339 26.714 27.057 27.437 27.787 28.209 28.662 28.934 29.287 29.644 30.024 30.352 30.629 30.862 31.077 31.292 31.467 31.562 31.589 31.547 31.449 31.327 31.209 31.032 30.892 30.822 30.712 30.679 30.534 30.494 30.462 30.467 30.454 30.422 30.389 30.297 30.219 30.159 30.092 29.994 29.934 29.854 29.752 29.634 29.452 29.247 28.984 28.624 28.209 27.772 27.332 26.867 26.407 25.937 25.444 24.974 24.489 24.024 23.539 23.092 22.622 22.129 21.672 21.169 20.689 20.182 19.697 19.217 18.764
26.367 26.184 26.129 26.247 26.464 26.772 27.154 27.494 27.827 28.219 28.649 29.079 29.307 29.637 29.907 30.294 30.629 30.849 31.054 31.254 31.457 31.607 31.712 31.769 31.719 31.664 31.572 31.434 31.259 31.112 30.994 30.874 30.732 30.619 30.654 30.597 30.514 30.497 30.459 30.377 30.302 30.187 30.109 30.042 29.952 29.882 29.774 29.692 29.572 29.414 29.252 29.004 28.704 28.339 27.929 27.509 27.047 26.559 26.094 25.642 25.167 24.689 24.227 23.757 23.294 22.822 22.352 21.854 21.357 20.839 20.354 19.884 19.419 18.952
26.632 26.544 26.572 26.762 26.957 27.222 27.617 27.962 28.294 28.647 29.037 29.404 29.712 29.972 30.252 30.552 30.864 31.074 31.262 31.439 31.629 31.757 31.859 31.892 31.907 31.907 31.804 31.709 31.537 31.329 31.157 30.992 30.819 30.789 30.917 30.662 30.572 30.572 30.509 30.419 30.322 30.229 30.144 30.067 29.977 29.882 29.807 29.699 29.602 29.454 29.274 29.074 28.804 28.472 28.097 27.679 27.222 26.749 26.309 25.849 25.397 24.929 24.432 23.994 23.517 23.009 22.527 22.077 21.579 21.049 20.532 20.032 19.587 19.124
26.949 26.934 27.034 27.207 27.434 27.717 28.047 28.404 28.722 29.057 29.379 29.737 30.062 30.349 30.564 30.864 31.092 31.269 31.452 31.614 31.752 31.854 31.944 32.007 32.049 32.049 32.034 31.942 31.797 31.614 31.422 31.229 31.062 30.924 30.884 30.729 30.667 30.637 30.572 30.502 30.419 30.317 30.229 30.162 30.069 29.957 29.859 29.769 29.649 29.507 29.344 29.142 28.897 28.627 28.254 27.867 27.419 26.994 26.557 26.099 25.639 25.172 24.684 24.224 23.752 23.244 22.754 22.292 21.797 21.277 20.739 20.222 19.759 19.287
27.287 27.339 27.474 27.652 27.907 28.202 28.532 28.817 29.139 29.467 29.787 30.069 30.337 30.602 30.817 31.099 31.269 31.429 31.584 31.764 31.877 31.989 32.059 32.117 32.172 32.192 32.184 32.147 32.024 31.872 31.707 31.509 31.354 31.179 31.037 30.917 30.844 30.732 30.694 30.609 30.534 30.434 30.354 30.282 30.194 30.094 29.984 29.874 29.737 29.597 29.442 29.262 29.017 28.767 28.444 28.097 27.677 27.272 26.837 26.377 25.914 25.442 24.949 24.487 23.987 23.479 22.964 22.489 22.004 21.459 20.924 20.422 19.949 19.462
27.734 27.814 27.912 28.132 28.352 28.657 28.979 29.247 29.547 29.817 30.104 30.364 30.639 30.867 31.092 31.287 31.442 31.599 31.774 31.877 31.982 32.079 32.162 32.204 32.299 32.317 32.327 32.287 32.224 32.124 31.997 31.832 31.629 31.442 31.287 31.107 30.972 30.884 30.824 30.772 30.679 30.579 30.507 30.454 30.372 30.259 30.169 30.029 29.872 29.732 29.587 29.374 29.177 28.967 28.662 28.309 27.967 27.594 27.187 26.682 26.192 25.729 25.234 24.724 24.224 23.724 23.229 22.709 22.189 21.704 21.167 20.619 20.107 19.592
28.139 28.239 28.372 28.554 28.772 29.084 29.367 29.677 29.944 30.162 30.389 30.584 30.844 31.092 31.294 31.444 31.617 31.782 31.897 32.002 32.097 32.159 32.232 32.282 32.352 32.389 32.424 32.429 32.389 32.317 32.222 32.067 31.917 31.717 31.547 31.312 31.129 31.017 30.944 30.917 30.784 30.714 30.652 30.587 30.537 30.447 30.354 30.209 30.044 29.897 29.727 29.584 29.397 29.192 28.922 28.579 28.179 27.894 27.512 26.992 26.482 26.022 25.512 25.009 24.522 23.967 23.439 22.899 22.354 21.847 21.349 20.822 20.294 19.732
28.537 28.629 28.764 28.949 29.169 29.492 29.774 30.042 30.267 30.402 30.659 30.837 31.092 31.289 31.472 31.604 31.757 31.889 31.992 32.094 32.177 32.247 32.339 32.379 32.422 32.459 32.502 32.502 32.494 32.467 32.404 32.302 32.149 31.962 31.764 31.512 31.294 31.204 31.167 30.997 30.917 30.902 30.802 30.742 30.724 30.649 30.567 30.432 30.277 30.107 29.937 29.794 29.604 29.422 29.177 28.859 28.504 28.157 27.742 27.257 26.739 26.297 25.779 25.247 24.734 24.194 23.659 23.107 22.562 22.014 21.484 20.939 20.389 19.842
28.919 29.057 29.212 29.419 29.637 29.879 30.087 30.309 30.494 30.722 30.922 31.127 31.292 31.454 31.629 31.759 31.892 32.032 32.114 32.197 32.262 32.329 32.419 32.439 32.494 32.524 32.557 32.599 32.614 32.579 32.534 32.447 32.354 32.204 31.999 31.769 31.534 31.449 31.352 31.229 31.137 31.137 31.022 30.914 30.894 30.854 30.782 30.667 30.524 30.339 30.167 29.994 29.837 29.649 29.407 29.114 28.799 28.344 27.912 27.517 27.022 26.459 26.032 25.484 24.964 24.379 23.792 23.229 22.689 22.144 21.597 21.017 20.474 19.924
29.332 29.459 29.612 29.827 30.014 30.172 30.384 30.589 30.792 30.969 31.162 31.337 31.479 31.619 31.767 31.914 32.029 32.142 32.207 32.299 32.374 32.409 32.472 32.514 32.549 32.602 32.617 32.659 32.667 32.644 32.624 32.584 32.529 32.367 32.167 31.962 31.769 31.684 31.579 31.492 31.449 31.367 31.284 31.157 31.104 31.104 31.022 30.924 30.772 30.602 30.412 30.212 30.049 29.864 29.624 29.334 29.017 28.604 28.204 27.737 27.159 26.677 26.242 25.744 25.187 24.577 23.947 23.354 22.817 22.227 21.729 21.144 20.569 20.004
29.727 29.839 29.992 30.194 30.367 30.562 30.739 30.922 31.054 31.209 31.377 31.539 31.674 31.807 31.954 32.069 32.172 32.252 32.319 32.384 32.444 32.494 32.547 32.569 32.584 32.629 32.672 32.709 32.727 32.717 32.699 32.677 32.637 32.524 32.382 32.217 32.047 31.919 31.757 31.687 31.634 31.547 31.499 31.389 31.337 31.332 31.289 31.197 31.017 30.839 30.629 30.432 30.239 30.054 29.827 29.554 29.244 28.909 28.437 27.937 27.414 26.817 26.349 25.939 25.429 24.779 24.127 23.544 22.972 22.387 21.887 21.269 20.612 20.039
30.092 30.212 30.374 30.562 30.704 30.877 31.019 31.169 31.297 31.452 31.607 31.752 31.872 31.999 32.117 32.224 32.294 32.377 32.422 32.477 32.529 32.539 32.612 32.647 32.684 32.714 32.717 32.737 32.759 32.754 32.762 32.742 32.709 32.654 32.557 32.439 32.284 32.104 31.962 31.909 31.812 31.722 31.662 31.617 31.559 31.549 31.497 31.404 31.234 31.024 30.802 30.597 30.377 30.184 29.959 29.777 29.472 29.097 28.672 28.177 27.637 26.977 26.357 25.967 25.589 24.999 24.272 23.592 23.097 22.582 21.902 21.294 20.644 20.102
30.394 30.544 30.699 30.874 30.994 31.179 31.297 31.429 31.547 31.687 31.822 31.932 32.034 32.159 32.244 32.334 32.419 32.469 32.524 32.569 32.622 32.622 32.674 32.702 32.742 32.782 32.789 32.787 32.804 32.817 32.829 32.787 32.779 32.744 32.694 32.597 32.469 32.322 32.182 32.099 31.992 31.939 31.892 31.817 31.784 31.749 31.679 31.567 31.382 31.144 30.907 30.709 30.497 30.324 30.094 29.887 29.572 29.284 28.872 28.379 27.822 27.142 26.467 26.012 25.649 25.049 24.299 23.709 23.137 22.569 21.934 21.267 20.664 20.137
30.729 30.874 30.999 31.152 31.262 31.389 31.519 31.662 31.779 31.879 31.989 32.084 32.189 32.294 32.409 32.454 32.517 32.589 32.639 32.667 32.704 32.734 32.772 32.809 32.832 32.844 32.844 32.879 32.857 32.884 32.832 32.847 32.829 32.829 32.772 32.724 32.647 32.517 32.382 32.269 32.199 32.132 32.074 31.984 31.977 31.909 31.814 31.654 31.462 31.207 30.959 30.752 30.559 30.397 30.199 29.964 29.624 29.339 28.962 28.449 27.914 27.279 26.637 26.169 25.659 24.964 24.384 23.804 23.177 22.554 21.924 21.292 20.702 20.162
30.999 31.132 31.267 31.394 31.507 31.614 31.744 31.869 31.967 32.044 32.157 32.242 32.337 32.424 32.489 32.572 32.622 32.682 32.714 32.754 32.797 32.807 32.849 32.887 32.904 32.919 32.929 32.914 32.942 32.909 32.892 32.892 32.892 32.907 32.864 32.829 32.782 32.707 32.609 32.497 32.389 32.302 32.227 32.189 32.112 32.029 31.904 31.734 31.537 31.277 31.027 30.807 30.597 30.437 30.294 30.087 29.752 29.434 28.992 28.489 27.917 27.304 26.799 26.292 25.669 25.027 24.434 23.794 23.167 22.524 21.904 21.319 20.732 20.182
31.259 31.379 31.492 31.579 31.699 31.812 31.924 32.027 32.119 32.177 32.287 32.409 32.474 32.564 32.597 32.664 32.714 32.742 32.799 32.809 32.874 32.882 32.909 32.952 32.969 32.969 32.979 32.989 32.974 32.947 32.947 32.959 32.944 32.929 32.939 32.912 32.887 32.832 32.754 32.669 32.579 32.499 32.427 32.354 32.267 32.167 31.984 31.802 31.582 31.307 31.059 30.847 30.657 30.489 30.327 30.137 29.899 29.502 29.007 28.424 27.892 27.357 26.822 26.267 25.714 25.074 24.459 23.774 23.137 22.554 21.909 21.359 20.752 20.189
31.499 31.587 31.694 31.799 31.902 32.002 32.077 32.179 32.252 32.347 32.407 32.484 32.582 32.647 32.682 32.729 32.779 32.824 32.859 32.879 32.932 32.974 32.977 33.012 33.009 33.032 33.047 33.044 33.027 33.024 33.022 33.014 32.987 32.982 32.994 32.977 32.934 32.899 32.847 32.807 32.727 32.667 32.559 32.484 32.377 32.279 32.122 31.914 31.672 31.422 31.167 30.909 30.717 30.527 30.374 30.167 29.939 29.542 29.037 28.457 27.944 27.389 26.764 26.224 25.699 25.057 24.367 23.724 23.162 22.554 21.904 21.352 20.767 20.194
31.719 31.802 31.879 31.989 32.082 32.157 32.259 32.327 32.379 32.449 32.554 32.622 32.662 32.709 32.752 32.804 32.847 32.884 32.942 32.962 32.999 33.062 33.062 33.074 33.107 33.117 33.127 33.104 33.084 33.099 33.107 33.087 33.064 33.037 33.032 33.002 32.964 32.937 32.902 32.857 32.804 32.714 32.634 32.579 32.479 32.357 32.229 32.049 31.807 31.522 31.239 30.999 30.802 30.632 30.407 30.199 29.929 29.514 28.972 28.429 27.922 27.327 26.722 26.164 25.589 24.967 24.314 23.677 23.079 22.489 21.949 21.314 20.772 20.227
