All_lidar/sz5788_DSM_2M.asc
ncols 500
nrows 500
xllcorner    457000
yllcorner    88000
cellsize     2
NODATA_value -9999
[rows 224 to 255 of 500, columns 146 to 218 of 500]
-9999 -9999 -9999 -9999 -9999 -9999 -9999 -9999 -9999 34.284 33.521 33.454 33.489 33.509 33.529 33.584 33.581 33.611 33.629 33.691 33.731 33.759 33.824 33.921 33.971 34.031 34.086 34.149 34.216 34.274 34.314 34.386 34.439 34.529 34.589 34.639 34.704 34.776 34.839 34.856 34.899 34.936 35.004 35.049 35.096 35.174 35.266 35.361 35.439 35.524 35.604 35.704 35.809 35.919 36.014 36.129 36.246 36.306 36.399 36.521 36.626 36.741 36.844 36.969 37.089 37.201 37.334 37.429 37.526 37.636 37.774 37.869 37.971
-9999 -9999 -9999 -9999 -9999 -9999 -9999 -9999 -9999 34.339 33.384 33.511 33.544 33.579 33.596 33.624 33.649 33.666 33.694 33.711 33.794 33.804 33.881 33.921 33.989 34.044 34.106 34.156 34.224 34.306 34.336 34.389 34.439 34.539 34.599 34.661 34.736 34.781 34.826 34.861 34.911 34.934 35.004 35.031 35.111 35.179 35.274 35.361 35.446 35.534 35.616 35.719 35.834 35.926 36.041 36.144 36.211 36.316 36.419 36.536 36.636 36.756 36.854 36.966 37.106 37.219 37.331 37.446 37.549 37.656 37.764 37.871 37.989
-9999 -9999 -9999 -9999 -9999 -9999 -9999 -9999 -9999 34.289 33.359 33.569 33.601 33.621 33.629 33.659 33.679 33.696 33.754 33.776 33.819 33.836 33.921 33.969 34.036 34.084 34.149 34.199 34.251 34.309 34.349 34.434 34.466 34.546 34.606 34.684 34.766 34.796 34.836 34.859 34.924 34.951 34.991 35.046 35.129 35.201 35.269 35.361 35.461 35.554 35.646 35.739 35.831 35.959 36.046 36.149 36.221 36.344 36.414 36.544 36.639 36.766 36.879 36.999 37.116 37.244 37.336 37.474 37.584 37.684 37.791 37.889 37.984
-9999 -9999 -9999 -9999 -9999 -9999 -9999 -9999 -9999 34.344 33.391 33.646 33.661 33.669 33.681 33.699 33.744 33.769 33.791 33.841 33.866 33.884 33.961 34.036 34.074 34.109 34.166 34.236 34.259 34.314 34.364 34.426 34.474 34.546 34.609 34.694 34.749 34.794 34.854 34.869 34.894 34.974 35.011 35.061 35.129 35.216 35.276 35.374 35.449 35.544 35.639 35.764 35.839 35.974 36.086 36.161 36.231 36.341 36.441 36.566 36.659 36.781 36.881 37.006 37.119 37.229 37.366 37.479 37.589 37.689 37.791 37.906 37.991
-9999 -9999 -9999 -9999 -9999 -9999 -9999 -9999 -9999 34.424 33.459 33.694 33.694 33.721 33.739 33.781 33.804 33.834 33.869 33.889 33.906 33.939 34.016 34.046 34.134 34.154 34.226 34.279 34.319 34.349 34.391 34.439 34.506 34.584 34.644 34.689 34.776 34.794 34.854 34.876 34.931 34.964 35.029 35.069 35.129 35.216 35.316 35.381 35.454 35.556 35.659 35.766 35.874 36.011 36.094 36.181 36.249 36.331 36.444 36.571 36.689 36.789 36.909 36.994 37.121 37.239 37.384 37.481 37.584 37.679 37.791 37.896 38.001
-9999 -9999 -9999 -9999 -9999 -9999 -9999 -9999 -9999 34.454 33.541 33.734 33.746 33.784 33.801 33.804 33.866 33.904 33.946 33.939 33.991 34.001 34.066 34.111 34.194 34.206 34.254 34.336 34.351 34.379 34.446 34.484 34.556 34.621 34.696 34.754 34.796 34.834 34.881 34.921 34.951 34.984 35.031 35.079 35.149 35.239 35.319 35.421 35.486 35.579 35.664 35.779 35.891 36.011 36.104 36.199 36.289 36.366 36.469 36.584 36.676 36.794 36.909 37.006 37.136 37.271 37.366 37.466 37.576 37.681 37.794 37.901 38.009
-9999 -9999 -9999 -9999 -9999 -9999 -9999 -9999 -9999 34.439 33.601 33.784 33.816 33.826 33.856 33.889 33.934 33.971 34.024 34.046 34.081 34.089 34.146 34.199 34.231 34.239 34.314 34.379 34.409 34.434 34.471 34.534 34.576 34.646 34.736 34.774 34.836 34.866 34.921 34.961 34.996 35.021 35.076 35.111 35.184 35.254 35.361 35.459 35.529 35.621 35.719 35.849 35.934 36.066 36.166 36.259 36.341 36.429 36.531 36.614 36.726 36.851 36.956 37.051 37.199 37.314 37.429 37.514 37.629 37.729 37.834 37.941 38.046
-9999 -9999 -9999 -9999 -9999 -9999 -9999 -9999 -9999 34.549 33.671 33.839 33.869 33.884 33.929 33.971 34.001 34.036 34.076 34.114 34.131 34.154 34.231 34.246 34.304 34.281 34.351 34.419 34.466 34.486 34.496 34.544 34.606 34.666 34.726 34.799 34.871 34.901 34.951 34.974 35.019 35.049 35.109 35.149 35.221 35.286 35.394 35.496 35.584 35.661 35.786 35.886 35.999 36.119 36.206 36.301 36.394 36.474 36.571 36.684 36.789 36.896 36.996 37.124 37.244 37.339 37.464 37.541 37.679 37.781 37.894 37.989 38.096
-9999 -9999 -9999 -9999 -9999 -9999 -9999 -9999 -9999 34.569 33.761 33.881 33.916 33.961 33.999 34.041 34.084 34.114 34.146 34.176 34.186 34.259 34.266 34.306 34.351 34.346 34.396 34.466 34.469 34.519 34.546 34.586 34.634 34.706 34.774 34.814 34.894 34.936 34.961 35.014 35.044 35.101 35.134 35.176 35.254 35.319 35.419 35.514 35.589 35.694 35.819 35.906 36.026 36.129 36.244 36.331 36.416 36.534 36.616 36.726 36.819 36.934 37.039 37.159 37.274 37.384 37.504 37.594 37.709 37.821 37.936 38.034 38.166
-9999 -9999 -9999 -9999 -9999 -9999 -9999 -9999 -9999 34.564 33.849 33.929 33.979 34.016 34.069 34.111 34.144 34.201 34.209 34.241 34.264 34.294 34.359 34.379 34.426 34.386 34.441 34.504 34.524 34.564 34.596 34.649 34.671 34.736 34.811 34.876 34.931 34.961 35.019 35.041 35.066 35.129 35.156 35.201 35.271 35.379 35.446 35.539 35.634 35.754 35.846 35.954 36.041 36.166 36.274 36.369 36.466 36.559 36.661 36.771 36.844 36.966 37.074 37.204 37.311 37.434 37.534 37.651 37.744 37.836 37.979 38.061 38.184
-9999 -9999 -9999 -9999 -9999 -9999 -9999 -9999 -9999 34.619 33.949 33.989 34.041 34.079 34.114 34.144 34.206 34.246 34.276 34.294 34.341 34.364 34.409 34.431 34.444 34.441 34.521 34.534 34.564 34.614 34.659 34.689 34.721 34.799 34.846 34.891 34.964 34.984 35.059 35.106 35.089 35.146 35.191 35.229 35.301 35.391 35.481 35.581 35.689 35.781 35.864 35.981 36.101 36.224 36.319 36.409 36.489 36.606 36.701 36.789 36.896 37.024 37.119 37.214 37.351 37.479 37.579 37.676 37.771 37.881 37.996 38.109 38.219
-9999 -9999 -9999 -9999 -9999 -9999 -9999 -9999 -9999 34.159 34.004 34.026 34.064 34.141 34.169 34.216 34.254 34.296 34.351 34.356 34.391 34.436 34.469 34.496 34.526 34.494 34.569 34.586 34.616 34.654 34.709 34.716 34.774 34.826 34.876 34.944 34.996 35.006 35.054 35.106 35.131 35.166 35.209 35.286 35.354 35.434 35.514 35.604 35.721 35.804 35.919 36.016 36.134 36.246 36.349 36.436 36.529 36.624 36.721 36.829 36.944 37.046 37.176 37.286 37.394 37.499 37.621 37.716 37.809 37.909 38.024 38.126 38.261
-9999 -9999 -9999 -9999 -9999 -9999 -9999 -9999 -9999 34.434 34.081 34.101 34.116 34.204 34.229 34.279 34.309 34.369 34.404 34.424 34.449 34.496 34.549 34.549 34.561 34.549 34.614 34.641 34.641 34.701 34.716 34.761 34.814 34.859 34.921 34.974 35.001 35.046 35.099 35.139 35.174 35.206 35.231 35.286 35.399 35.456 35.554 35.641 35.744 35.831 35.954 36.049 36.159 36.294 36.389 36.464 36.534 36.651 36.736 36.869 36.966 37.081 37.199 37.306 37.404 37.531 37.649 37.724 37.846 37.951 38.071 38.169 38.294
-9999 -9999 -9999 -9999 -9999 -9999 -9999 -9999 -9999 34.034 34.106 34.139 34.169 34.236 34.271 34.316 34.364 34.436 34.436 34.479 34.521 34.529 34.574 34.591 34.626 34.611 34.676 34.666 34.699 34.729 34.754 34.811 34.839 34.911 34.966 34.999 35.044 35.086 35.101 35.171 35.194 35.234 35.264 35.331 35.426 35.511 35.586 35.686 35.769 35.864 35.979 36.099 36.216 36.309 36.404 36.481 36.581 36.686 36.796 36.889 37.001 37.104 37.226 37.349 37.459 37.571 37.691 37.766 37.879 37.976 38.089 38.196 38.321
-9999 -9999 -9999 -9999 -9999 -9999 -9999 -9999 -9999 33.844 34.154 34.191 34.246 34.304 34.331 34.369 34.419 34.489 34.489 34.544 34.579 34.594 34.619 34.654 34.681 34.674 34.699 34.734 34.744 34.776 34.781 34.839 34.879 34.946 34.979 35.054 35.096 35.111 35.156 35.209 35.226 35.261 35.321 35.374 35.466 35.534 35.631 35.721 35.799 35.899 36.014 36.121 36.234 36.361 36.446 36.516 36.601 36.694 36.819 36.949 37.046 37.146 37.284 37.369 37.499 37.601 37.721 37.801 37.919 38.006 38.121 38.239 38.334
-9999 -9999 -9999 -9999 -9999 -9999 -9999 -9999 -9999 33.864 34.224 34.246 34.304 34.351 34.369 34.406 34.469 34.544 34.526 34.591 34.646 34.641 34.691 34.716 34.721 34.724 34.756 34.786 34.789 34.809 34.824 34.871 34.906 34.959 35.031 35.081 35.131 35.139 35.179 35.236 35.276 35.301 35.349 35.414 35.489 35.584 35.669 35.751 35.836 35.949 36.054 36.146 36.266 36.376 36.474 36.541 36.661 36.754 36.861 36.964 37.056 37.174 37.289 37.411 37.541 37.629 37.759 37.849 37.954 38.041 38.154 38.281 38.384
-9999 -9999 -9999 -9999 -9999 -9999 -9999 -9999 -9999 33.919 34.269 34.311 34.356 34.414 34.421 34.451 34.506 34.559 34.586 34.611 34.644 34.674 34.719 34.759 34.789 34.781 34.821 34.824 34.819 34.871 34.879 34.906 34.949 34.999 35.069 35.104 35.169 35.194 35.244 35.276 35.339 35.339 35.399 35.459 35.539 35.639 35.699 35.804 35.894 35.999 36.114 36.184 36.289 36.396 36.509 36.591 36.676 36.774 36.874 36.974 37.089 37.196 37.314 37.451 37.541 37.651 37.774 37.871 37.979 38.079 38.201 38.331 38.404
-9999 -9999 -9999 -9999 -9999 -9999 -9999 -9999 -9999 33.989 34.336 34.349 34.419 34.434 34.476 34.526 34.549 34.566 34.634 34.669 34.679 34.734 34.759 34.781 34.851 34.839 34.839 34.849 34.864 34.896 34.906 34.951 34.984 35.054 35.106 35.166 35.206 35.246 35.271 35.324 35.369 35.404 35.446 35.504 35.579 35.686 35.751 35.849 35.946 36.031 36.124 36.226 36.346 36.459 36.539 36.624 36.721 36.829 36.904 37.024 37.121 37.229 37.354 37.471 37.574 37.696 37.804 37.891 38.001 38.111 38.241 38.359 38.439
-9999 -9999 -9999 -9999 -9999 -9999 -9999 -9999 -9999 34.079 34.381 34.394 34.444 34.466 34.499 34.506 34.556 34.601 34.629 34.676 34.691 34.739 34.786 34.821 34.881 34.871 34.886 34.904 34.899 34.936 34.956 34.996 35.014 35.079 35.121 35.194 35.244 35.276 35.321 35.361 35.411 35.439 35.469 35.514 35.599 35.699 35.779 35.866 35.986 36.066 36.151 36.256 36.379 36.504 36.569 36.636 36.761 36.849 36.954 37.046 37.179 37.271 37.389 37.499 37.611 37.729 37.836 37.954 38.024 38.141 38.286 38.374 38.469
-9999 -9999 -9999 -9999 -9999 -9999 -9999 -9999 -9999 34.124 34.416 34.429 34.506 34.496 34.519 34.544 34.599 34.629 34.649 34.681 34.721 34.781 34.821 34.856 34.869 34.889 34.911 34.949 34.941 34.949 34.979 35.026 35.051 35.099 35.164 35.221 35.256 35.286 35.336 35.386 35.436 35.464 35.504 35.556 35.641 35.724 35.796 35.891 35.989 36.099 36.169 36.286 36.384 36.519 36.609 36.694 36.776 36.876 36.984 37.086 37.201 37.304 37.416 37.534 37.646 37.764 37.871 37.984 38.091 38.181 38.306 38.399 38.494
-9999 -9999 -9999 -9999 -9999 -9999 -9999 -9999 -9999 34.229 34.474 34.481 34.504 34.536 34.541 34.576 34.609 34.641 34.696 34.729 34.784 34.801 34.836 34.899 34.911 34.919 34.921 34.964 34.969 35.001 35.031 35.066 35.096 35.141 35.204 35.239 35.286 35.324 35.366 35.411 35.459 35.474 35.536 35.576 35.674 35.751 35.826 35.921 36.021 36.101 36.201 36.316 36.406 36.526 36.604 36.699 36.789 36.896 37.004 37.114 37.204 37.334 37.429 37.551 37.644 37.769 37.876 37.999 38.086 38.219 38.336 38.389 38.531
-9999 -9999 -9999 -9999 -9999 -9999 -9999 -9999 -9999 34.299 34.519 34.519 34.554 34.556 34.599 34.621 34.641 34.691 34.716 34.766 34.819 34.836 34.869 34.926 34.921 34.976 34.966 34.991 34.999 35.056 35.086 35.111 35.151 35.206 35.226 35.269 35.341 35.374 35.409 35.441 35.469 35.521 35.559 35.616 35.686 35.784 35.866 35.956 36.044 36.141 36.229 36.339 36.434 36.549 36.629 36.731 36.821 36.916 37.019 37.149 37.246 37.354 37.476 37.591 37.696 37.791 37.906 38.001 38.106 38.226 38.364 38.461 38.564
-9999 -9999 -9999 -9999 -9999 -9999 -9999 -9999 -9999 34.419 34.571 34.561 34.606 34.606 34.636 34.654 34.694 34.744 34.749 34.801 34.849 34.876 34.901 34.981 34.984 34.999 34.991 35.019 35.044 35.094 35.101 35.161 35.199 35.246 35.279 35.324 35.379 35.409 35.441 35.499 35.506 35.564 35.609 35.666 35.724 35.826 35.901 36.001 36.059 36.169 36.264 36.364 36.476 36.576 36.649 36.754 36.841 36.936 37.056 37.176 37.294 37.391 37.501 37.606 37.729 37.819 37.949 38.039 38.129 38.219 38.361 38.496 38.614
-9999 -9999 -9999 -9999 -9999 -9999 -9999 -9999 -9999 34.464 34.624 34.606 34.614 34.629 34.666 34.689 34.729 34.774 34.794 34.819 34.834 34.901 34.934 34.984 34.991 35.019 35.046 35.051 35.076 35.131 35.159 35.199 35.244 35.284 35.346 35.361 35.421 35.464 35.526 35.556 35.569 35.606 35.661 35.696 35.789 35.871 35.941 36.009 36.101 36.199 36.281 36.384 36.514 36.614 36.701 36.764 36.871 36.971 37.086 37.194 37.321 37.424 37.534 37.639 37.761 37.874 37.964 38.066 38.171 38.279 38.411 38.531 38.651
-9999 -9999 -9999 -9999 -9999 -9999 -9999 -9999 -9999 34.504 34.659 34.629 34.654 34.661 34.681 34.701 34.751 34.776 34.799 34.846 34.864 34.931 34.956 35.016 35.016 35.059 35.074 35.079 35.126 35.169 35.209 35.246 35.269 35.314 35.369 35.409 35.476 35.524 35.559 35.586 35.629 35.664 35.694 35.751 35.841 35.919 35.986 36.084 36.169 36.256 36.329 36.449 36.541 36.659 36.734 36.816 36.919 37.014 37.121 37.239 37.341 37.444 37.566 37.679 37.766 37.879 37.986 38.099 38.229 38.326 38.449 38.556 38.686
-9999 -9999 -9999 -9999 -9999 -9999 -9999 -9999 -9999 34.624 34.661 34.681 34.709 34.731 34.711 34.741 34.751 34.816 34.844 34.861 34.884 34.939 34.989 35.024 35.044 35.066 35.109 35.106 35.154 35.194 35.241 35.269 35.316 35.369 35.429 35.446 35.504 35.524 35.591 35.629 35.656 35.681 35.749 35.816 35.881 35.951 36.034 36.136 36.211 36.294 36.399 36.484 36.599 36.691 36.781 36.849 36.944 37.024 37.154 37.271 37.399 37.489 37.601 37.714 37.819 37.919 38.041 38.164 38.269 38.371 38.496 38.604 38.726
-9999 -9999 -9999 -9999 -9999 -9999 -9999 -9999 -9999 34.678 34.703 34.716 34.721 34.738 34.753 34.761 34.791 34.846 34.896 34.901 34.913 34.961 35.001 35.033 35.056 35.086 35.116 35.113 35.153 35.226 35.281 35.296 35.373 35.416 35.458 35.528 35.543 35.586 35.621 35.681 35.696 35.746 35.806 35.866 35.931 36.011 36.091 36.168 36.251 36.346 36.413 36.526 36.643 36.733 36.813 36.891 36.983 37.103 37.188 37.326 37.426 37.538 37.643 37.733 37.846 37.963 38.078 38.191 38.301 38.398 38.518 38.633 38.753
-9999 -9999 -9999 -9999 -9999 -9999 -9999 -9999 -9999 34.718 34.741 34.753 34.766 34.798 34.788 34.811 34.808 34.858 34.891 34.943 34.966 34.991 35.021 35.078 35.111 35.133 35.153 35.166 35.221 35.258 35.311 35.366 35.403 35.458 35.516 35.596 35.606 35.651 35.686 35.741 35.771 35.783 35.813 35.896 35.968 36.053 36.126 36.208 36.298 36.391 36.486 36.591 36.681 36.768 36.851 36.931 37.023 37.146 37.238 37.346 37.443 37.543 37.671 37.768 37.883 37.986 38.101 38.203 38.328 38.443 38.551 38.676 38.816
-9999 -9999 -9999 -9999 -9999 -9999 -9999 -9999 -9999 34.783 34.773 34.826 34.816 34.803 34.836 34.823 34.871 34.893 34.931 34.953 34.983 35.033 35.061 35.106 35.153 35.166 35.196 35.216 35.248 35.286 35.343 35.401 35.448 35.493 35.561 35.618 35.646 35.693 35.741 35.788 35.806 35.841 35.873 35.956 36.021 36.118 36.196 36.251 36.333 36.426 36.528 36.626 36.718 36.806 36.901 36.958 37.046 37.156 37.271 37.393 37.478 37.576 37.706 37.821 37.936 38.048 38.146 38.246 38.368 38.483 38.611 38.716 38.836
-9999 -9999 -9999 -9999 -9999 -9999 -9999 -9999 -9999 34.813 34.841 34.841 34.846 34.871 34.878 34.871 34.911 34.948 34.951 34.978 35.011 35.073 35.113 35.131 35.186 35.198 35.226 35.226 35.273 35.328 35.338 35.436 35.476 35.533 35.608 35.658 35.713 35.736 35.776 35.833 35.858 35.883 35.933 35.996 36.066 36.153 36.246 36.311 36.383 36.456 36.581 36.681 36.766 36.843 36.943 36.996 37.076 37.193 37.308 37.423 37.523 37.636 37.743 37.851 37.966 38.081 38.186 38.286 38.383 38.513 38.641 38.771 38.853
-9999 -9999 -9999 -9999 -9999 -9999 -9999 -9999 -9999 34.853 34.853 34.923 34.896 34.901 34.926 34.933 34.936 34.958 34.978 34.996 35.021 35.061 35.093 35.141 35.198 35.226 35.271 35.271 35.278 35.331 35.388 35.461 35.511 35.573 35.628 35.668 35.746 35.791 35.823 35.856 35.878 35.906 35.963 36.038 36.116 36.208 36.291 36.343 36.426 36.511 36.613 36.693 36.783 36.866 36.973 37.053 37.131 37.236 37.333 37.448 37.541 37.653 37.786 37.878 37.976 38.121 38.223 38.323 38.421 38.531 38.656 38.771 38.881
-9999 -9999 -9999 -9999 -9999 -9999 -9999 -9999 -9999 34.893 34.886 34.923 34.906 34.911 34.953 34.936 34.938 34.993 35.006 35.021 35.048 35.103 35.151 35.183 35.221 35.251 35.278 35.313 35.321 35.393 35.416 35.461 35.528 35.581 35.638 35.728 35.768 35.833 35.858 35.903 35.913 35.953 36.016 36.083 36.158 36.233 36.313 36.386 36.468 36.551 36.636 36.718 36.828 36.918 37.003 37.081 37.176 37.271 37.356 37.451 37.571 37.691 37.798 37.873 37.978 38.118 38.246 38.333 38.458 38.568 38.668 38.801 38.918
