All_lidar/sz5787_DSM_2M.asc
ncols 500
nrows 500
xllcorner    457000
yllcorner    87000
cellsize     2
NODATA_value -9999
[rows 420 to 449 of 500, columns 0 to 66 of 500]
35.477 35.452 35.452 35.467 35.482 35.499 35.517 35.537 35.599 35.664 35.739 35.807 35.864 35.904 35.934 36.014 36.044 36.149 36.257 36.287 36.349 36.417 36.454 36.492 36.542 36.599 36.654 36.702 36.749 36.797 36.904 37.009 37.102 37.214 37.324 37.429 37.537 37.637 37.762 37.882 37.957 38.087 38.182 38.312 38.459 38.594 38.749 38.904 39.047 39.189 39.344 39.537 39.684 39.882 40.064 40.244 40.422 40.607 40.792 41.004 41.197 41.379 41.554 41.792 42.012 42.217 42.452
35.227 35.232 35.197 35.229 35.274 35.297 35.329 35.357 35.434 35.499 35.554 35.642 35.692 35.779 35.859 35.924 35.957 36.022 36.167 36.207 36.289 36.329 36.399 36.472 36.502 36.582 36.627 36.697 36.789 36.839 36.922 37.037 37.142 37.264 37.382 37.489 37.639 37.719 37.827 37.954 38.064 38.227 38.327 38.454 38.607 38.759 38.914 39.107 39.247 39.422 39.604 39.797 39.957 40.149 40.339 40.502 40.709 40.917 41.072 41.279 41.492 41.709 41.874 42.094 42.322 42.544 42.754
34.982 34.984 34.994 35.017 35.042 35.099 35.129 35.209 35.262 35.342 35.422 35.542 35.564 35.637 35.714 35.807 35.899 35.949 36.094 36.144 36.227 36.307 36.349 36.447 36.502 36.579 36.652 36.742 36.807 36.894 37.009 37.122 37.239 37.342 37.452 37.554 37.717 37.824 37.942 38.079 38.214 38.384 38.497 38.652 38.782 38.957 39.129 39.299 39.489 39.684 39.854 40.054 40.229 40.432 40.634 40.819 41.042 41.229 41.432 41.599 41.819 42.017 42.219 42.437 42.647 42.854 43.092
34.757 34.782 34.804 34.839 34.899 34.927 34.982 35.047 35.122 35.214 35.262 35.384 35.462 35.562 35.654 35.717 35.832 35.899 36.042 36.099 36.179 36.279 36.354 36.452 36.522 36.614 36.684 36.779 36.867 36.964 37.087 37.197 37.317 37.414 37.527 37.679 37.824 37.984 38.077 38.232 38.409 38.549 38.719 38.849 39.012 39.194 39.402 39.574 39.737 39.964 40.142 40.354 40.549 40.754 40.982 41.152 41.344 41.584 41.789 41.939 42.134 42.367 42.559 42.802 43.022 43.249 43.492
34.572 34.592 34.637 34.654 34.727 34.799 34.824 34.937 35.024 35.084 35.169 35.284 35.354 35.469 35.592 35.672 35.779 35.844 35.982 36.097 36.182 36.277 36.362 36.464 36.557 36.667 36.744 36.844 36.924 37.024 37.144 37.269 37.372 37.532 37.674 37.817 37.987 38.144 38.282 38.452 38.602 38.764 38.947 39.094 39.272 39.467 39.657 39.847 40.047 40.247 40.439 40.672 40.884 41.097 41.299 41.519 41.719 41.927 42.124 42.322 42.499 42.749 42.952 43.187 43.412 43.657 43.884
34.419 34.397 34.479 34.514 34.602 34.662 34.697 34.807 34.872 34.984 35.089 35.222 35.329 35.424 35.529 35.647 35.749 35.922 35.954 36.107 36.177 36.294 36.412 36.529 36.619 36.722 36.814 36.927 37.032 37.102 37.232 37.362 37.499 37.662 37.834 38.004 38.172 38.317 38.469 38.647 38.832 38.989 39.187 39.362 39.567 39.759 39.949 40.189 40.382 40.604 40.787 41.012 41.229 41.467 41.672 41.867 42.079 42.292 42.512 42.702 42.922 43.139 43.364 43.604 43.839 44.074 44.322
34.249 34.242 34.314 34.382 34.447 34.537 34.604 34.684 34.812 34.917 35.017 35.154 35.267 35.382 35.497 35.629 35.729 35.844 36.047 36.152 36.244 36.347 36.462 36.567 36.687 36.797 36.907 37.027 37.119 37.247 37.372 37.514 37.672 37.857 38.002 38.177 38.377 38.542 38.719 38.912 39.094 39.282 39.467 39.654 39.852 40.084 40.279 40.504 40.727 40.967 41.184 41.389 41.609 41.847 42.037 42.244 42.469 42.697 42.917 43.134 43.347 43.567 43.754 44.059 44.312 44.519 44.757
34.114 34.124 34.189 34.254 34.352 34.432 34.527 34.642 34.754 34.867 34.987 35.142 35.249 35.367 35.487 35.644 35.724 35.854 36.049 36.154 36.299 36.407 36.529 36.664 36.782 36.912 37.002 37.157 37.287 37.407 37.549 37.689 37.892 38.067 38.239 38.419 38.597 38.777 38.977 39.169 39.374 39.567 39.772 39.979 40.187 40.419 40.637 40.867 41.072 41.327 41.554 41.777 42.012 42.212 42.442 42.662 42.864 43.107 43.327 43.562 43.807 44.054 44.234 44.507 44.747 44.997 45.202
33.977 34.022 34.092 34.177 34.274 34.369 34.492 34.602 34.729 34.849 34.959 35.104 35.244 35.364 35.519 35.694 35.777 35.909 36.039 36.209 36.392 36.514 36.614 36.789 36.917 37.044 37.187 37.337 37.469 37.614 37.754 37.922 38.099 38.304 38.489 38.689 38.879 39.059 39.264 39.477 39.677 39.889 40.099 40.314 40.544 40.764 41.012 41.237 41.482 41.709 41.949 42.152 42.394 42.629 42.874 43.099 43.339 43.562 43.762 44.022 44.294 44.507 44.719 44.974 45.219 45.437 45.654
33.872 33.944 34.022 34.102 34.212 34.354 34.459 34.562 34.707 34.832 34.967 35.102 35.254 35.429 35.554 35.737 35.859 36.004 36.127 36.314 36.502 36.619 36.772 36.924 37.074 37.217 37.362 37.532 37.672 37.812 37.977 38.147 38.352 38.532 38.749 38.969 39.164 39.364 39.592 39.797 40.022 40.224 40.464 40.687 40.907 41.152 41.372 41.614 41.869 42.124 42.354 42.592 42.804 43.054 43.294 43.542 43.787 44.032 44.264 44.504 44.772 45.014 45.227 45.459 45.667 45.897 46.104
33.807 33.904 33.979 34.062 34.222 34.377 34.462 34.557 34.712 34.847 34.974 35.144 35.274 35.449 35.612 35.782 35.922 36.067 36.224 36.442 36.627 36.779 36.927 37.097 37.249 37.409 37.582 37.732 37.912 38.059 38.222 38.412 38.592 38.814 39.052 39.267 39.484 39.704 39.907 40.144 40.394 40.602 40.814 41.062 41.299 41.527 41.769 42.019 42.272 42.534 42.782 43.029 43.267 43.524 43.774 44.012 44.264 44.502 44.762 45.007 45.272 45.502 45.734 45.972 46.144 46.342 46.522
33.739 33.912 33.974 34.044 34.202 34.302 34.464 34.579 34.687 34.862 35.004 35.139 35.309 35.494 35.689 35.859 36.039 36.192 36.344 36.544 36.779 36.959 37.142 37.307 37.492 37.654 37.814 37.982 38.159 38.334 38.532 38.714 38.922 39.139 39.364 39.609 39.839 40.062 40.277 40.487 40.744 40.979 41.227 41.464 41.682 41.947 42.197 42.427 42.687 42.957 43.219 43.459 43.722 43.987 44.244 44.499 44.749 44.997 45.264 45.519 45.752 46.012 46.274 46.459 46.609 46.807 46.964
33.727 33.879 33.959 34.159 34.177 34.322 34.439 34.604 34.754 34.909 35.062 35.204 35.422 35.579 35.777 35.949 36.172 36.324 36.539 36.714 36.967 37.164 37.339 37.517 37.709 37.899 38.067 38.267 38.434 38.644 38.814 39.019 39.232 39.444 39.699 39.954 40.177 40.404 40.652 40.869 41.109 41.357 41.612 41.874 42.124 42.362 42.607 42.877 43.147 43.407 43.689 43.952 44.222 44.489 44.719 44.992 45.237 45.502 45.774 46.049 46.272 46.534 46.767 46.947 47.112 47.302 47.459
33.734 33.839 33.934 34.114 34.222 34.324 34.469 34.652 34.824 34.972 35.149 35.324 36.064 36.082 35.927 36.114 36.307 36.497 36.757 36.912 37.154 37.397 37.564 37.752 37.947 38.147 38.354 38.542 38.749 38.932 39.139 39.349 39.564 39.779 40.052 40.319 40.539 40.777 41.029 41.257 41.509 41.767 42.022 42.287 42.534 42.782 43.062 43.352 43.597 43.877 44.159 44.407 44.677 44.974 45.227 45.492 45.754 46.032 46.307 46.544 46.819 47.059 47.267 47.434 47.632 47.829 47.979
33.724 33.832 33.987 34.104 34.237 34.359 34.539 34.719 34.899 35.097 35.264 35.414 36.284 36.644 36.057 36.282 36.484 36.709 36.939 37.119 37.362 37.617 37.809 38.017 38.217 38.427 38.642 38.844 39.057 39.269 39.459 39.694 39.924 40.152 40.444 40.699 40.947 41.192 41.419 41.654 41.914 42.172 42.434 42.732 42.984 43.257 43.554 43.829 44.079 44.374 44.647 44.907 45.187 45.497 45.747 46.007 46.269 46.562 46.839 47.102 47.359 47.562 47.799 47.927 48.149 48.304 48.457
33.694 33.839 34.009 34.157 34.307 34.457 34.637 34.869 35.024 35.184 35.404 35.572 36.287 37.009 36.204 36.449 36.699 36.929 37.112 37.349 37.604 37.869 38.074 38.289 38.499 38.744 38.939 39.147 39.374 39.592 39.832 40.074 40.259 40.499 40.782 41.049 41.322 41.562 41.814 42.077 42.337 42.627 42.869 43.169 43.444 43.739 44.029 44.334 44.589 44.862 45.169 45.429 45.702 45.999 46.287 46.519 46.817 47.094 47.352 47.622 47.872 48.067 48.299 48.464 48.627 48.804 48.934
33.727 33.902 34.069 34.249 34.369 34.569 34.747 34.977 35.102 35.332 35.552 35.722 35.947 36.297 36.414 36.662 36.887 37.129 37.347 37.624 37.829 38.129 38.372 38.574 38.809 39.047 39.267 39.487 39.719 39.929 40.179 40.427 40.632 40.877 41.154 41.457 41.719 41.992 42.244 42.509 42.784 43.064 43.349 43.642 43.922 44.214 44.522 44.839 45.104 45.402 45.662 45.942 46.222 46.504 46.772 47.054 47.337 47.617 47.864 48.142 48.389 48.627 48.799 48.982 49.154 49.322 49.642
33.774 34.004 34.154 34.342 34.469 34.674 34.897 35.077 35.267 35.502 35.709 35.909 36.117 36.344 36.604 36.852 37.122 37.379 37.602 37.879 38.097 38.369 38.619 38.862 39.109 39.352 39.599 39.814 40.059 40.274 40.534 40.777 41.024 41.254 41.572 41.872 42.149 42.402 42.687 42.949 43.237 43.532 43.824 44.134 44.414 44.722 45.007 45.317 45.619 45.879 46.189 46.459 46.734 47.019 47.309 47.602 47.882 48.169 48.409 48.679 48.917 49.167 49.347 49.502 49.684 49.817 50.924
33.867 34.102 34.249 34.427 34.604 34.819 35.009 35.247 35.467 35.697 35.892 36.102 36.329 36.552 36.812 37.082 37.347 37.642 37.887 38.154 38.369 38.654 38.917 39.189 39.414 39.642 39.914 40.149 40.382 40.639 40.872 41.124 41.409 41.664 41.969 42.254 42.577 42.837 43.127 43.407 43.692 43.984 44.307 44.607 44.897 45.217 45.537 45.817 46.119 46.399 46.712 46.997 47.272 47.552 47.829 48.109 48.402 48.657 48.944 49.199 49.429 49.679 49.867 50.042 50.209 50.479 52.007
33.962 34.184 34.387 34.562 34.764 34.974 35.177 35.402 35.624 35.842 36.097 36.294 36.537 36.757 37.044 37.327 37.612 37.887 38.152 38.407 38.657 38.902 39.194 39.482 39.714 39.969 40.212 40.462 40.752 41.002 41.259 41.514 41.802 42.074 42.392 42.679 42.977 43.272 43.577 43.872 44.157 44.457 44.769 45.092 45.389 45.712 46.019 46.329 46.642 46.919 47.212 47.509 47.769 48.072 48.347 48.657 48.942 49.217 49.492 49.732 49.949 50.167 50.342 50.539 50.702 51.239 53.397
34.114 34.317 34.517 34.714 34.887 35.109 35.352 35.589 35.832 36.069 36.292 36.492 36.749 37.019 37.287 37.554 37.857 38.124 38.419 38.687 38.957 39.184 39.499 39.809 40.029 40.274 40.544 40.804 41.074 41.349 41.632 41.917 42.179 42.479 42.797 43.119 43.434 43.729 44.027 44.344 44.624 44.937 45.229 45.562 45.882 46.187 46.489 46.792 47.119 47.429 47.724 48.007 48.289 48.589 48.872 49.164 49.462 49.747 49.977 50.252 50.462 50.657 50.842 51.054 51.267 52.544 52.714
34.269 34.457 34.654 34.839 35.029 35.269 35.557 35.779 36.014 36.269 36.514 36.759 37.012 37.269 37.547 37.812 38.099 38.384 38.692 38.959 39.244 39.482 39.814 40.109 40.354 40.619 40.897 41.167 41.447 41.732 42.014 42.314 42.594 42.894 43.219 43.539 43.857 44.182 44.492 44.812 45.107 45.419 45.707 46.039 46.347 46.662 46.997 47.279 47.619 47.922 48.217 48.514 48.784 49.092 49.407 49.692 49.964 50.252 50.519 50.742 50.952 51.137 51.334 51.529 52.049 53.384 54.452
34.387 34.587 34.799 35.007 35.234 35.512 35.752 35.969 36.237 36.492 36.752 36.999 37.234 37.522 37.792 38.062 38.362 38.659 38.944 39.239 39.522 39.784 40.117 40.417 40.687 40.947 41.262 41.537 41.814 42.107 42.394 42.722 43.017 43.312 43.639 43.977 44.287 44.592 44.947 45.279 45.557 45.857 46.174 46.499 46.812 47.157 47.507 47.787 48.104 48.429 48.712 49.009 49.284 49.614 49.897 50.212 50.487 50.757 51.019 51.239 51.434 51.622 51.817 51.967 52.879 52.974 53.102
34.532 34.787 34.984 35.204 35.459 35.724 35.972 36.199 36.462 36.732 36.987 37.254 37.474 37.762 38.037 38.322 38.624 38.939 39.217 39.524 39.827 40.147 40.412 40.732 41.054 41.312 41.599 41.889 42.189 42.492 42.812 43.132 43.417 43.729 44.062 44.389 44.714 45.054 45.404 45.707 46.034 46.317 46.632 46.967 47.302 47.624 47.949 48.249 48.572 48.892 49.197 49.499 49.809 50.089 50.409 50.702 50.984 51.249 51.459 51.684 51.877 52.082 52.252 52.452 53.429 53.654 53.497
34.712 34.947 35.197 35.407 35.677 35.937 36.184 36.442 36.717 36.954 37.232 37.484 37.734 38.027 38.312 38.597 38.899 39.217 39.487 39.834 40.119 40.429 40.707 41.082 41.399 41.684 41.952 42.264 42.564 42.897 43.209 43.537 43.837 44.129 44.497 44.847 45.139 45.492 45.852 46.157 46.474 46.769 47.092 47.422 47.764 48.097 48.412 48.729 49.049 49.374 49.677 50.009 50.282 50.592 50.892 51.172 51.427 51.672 51.897 52.117 52.334 52.522 52.649 53.524 53.844 54.087 54.762
34.902 35.159 35.404 35.642 35.907 36.152 36.424 36.687 36.972 37.214 37.469 37.744 37.997 38.299 38.567 38.862 39.164 39.494 39.797 40.139 40.432 40.767 41.049 41.399 41.717 42.024 42.292 42.614 42.952 43.274 43.604 43.924 44.269 44.584 44.919 45.242 45.584 45.914 46.272 46.614 46.917 47.229 47.544 47.887 48.234 48.544 48.869 49.209 49.534 49.857 50.167 50.459 50.764 51.074 51.344 51.609 51.859 52.102 52.299 52.507 52.744 52.857 53.079 54.469 54.109 54.189 54.187
35.132 35.377 35.612 35.882 36.132 36.394 36.667 36.949 37.214 37.484 37.762 38.029 38.269 38.557 38.854 39.142 39.454 39.784 40.102 40.447 40.752 41.119 41.389 41.712 42.052 42.394 42.674 42.987 43.319 43.677 43.994 44.334 44.657 44.992 45.332 45.664 46.004 46.337 46.687 47.042 47.327 47.672 47.997 48.352 48.699 49.007 49.332 49.662 49.992 50.297 50.604 50.932 51.229 51.499 51.759 51.992 52.239 52.462 52.659 52.869 53.079 53.229 53.757 54.554 54.322 54.602 54.814
35.369 35.597 35.832 36.107 36.379 36.649 36.937 37.202 37.444 37.749 38.042 38.297 38.569 38.824 39.169 39.439 39.739 40.089 40.412 40.762 41.104 41.419 41.744 42.054 42.402 42.749 43.029 43.357 43.664 44.042 44.359 44.717 45.052 45.407 45.759 46.089 46.427 46.754 47.089 47.457 47.772 48.109 48.422 48.787 49.117 49.454 49.779 50.094 50.444 50.772 51.064 51.349 51.637 51.884 52.159 52.374 52.617 52.797 52.997 53.222 53.389 53.634 54.109 54.199 54.574 54.682 55.249
35.622 35.844 36.072 36.362 36.624 36.914 37.219 37.444 37.737 38.019 38.297 38.597 38.867 39.127 39.467 39.737 40.044 40.399 40.757 41.057 41.422 41.752 42.092 42.372 42.734 43.109 43.392 43.697 44.054 44.422 44.747 45.122 45.462 45.797 46.152 46.504 46.867 47.194 47.519 47.849 48.224 48.534 48.867 49.237 49.549 49.882 50.187 50.529 50.854 51.172 51.479 51.737 52.002 52.254 52.489 52.697 52.927 53.129 53.359 53.519 53.744 54.162 54.357 54.567 54.934 55.162 58.542
35.882 36.097 36.362 36.599 36.884 37.192 37.454 37.739 38.027 38.292 38.572 38.867 39.187 39.437 39.742 40.042 40.364 40.714 41.052 41.387 41.744 42.107 42.432 42.727 43.109 43.442 43.759 44.069 44.444 44.807 45.127 45.499 45.877 46.182 46.547 46.897 47.257 47.592 47.934 48.294 48.629 48.949 49.294 49.672 49.982 50.317 50.624 50.922 51.232 51.554 51.847 52.094 52.334 52.564 52.807 53.022 53.242 53.462 53.609 53.852 54.247 54.732 54.677 54.944 55.342 55.849 57.554
