All_lidar/sz5790_DSM_2M.asc
ncols 500
nrows 500
xllcorner    457000
yllcorner    90000
cellsize     2
NODATA_value -9999
[rows 352 to 383 of 500, columns 360 to 431 of 500]
70.753 70.663 70.598 70.508 70.44 70.36 70.305 70.26 70.203 70.143 70.063 70.003 69.958 69.883 69.873 69.813 69.783 69.76 69.733 69.673 69.643 69.605 69.595 69.548 69.498 69.5 69.483 69.465 69.51 69.525 69.55 69.618 69.69 70.05 70.925 71.403 71.1 71.46 71.403 70.828 70.363 69.833 69.753 69.746 69.856 69.963 70.048 70.108 70.191 70.263 70.351 70.458 70.526 70.576 70.646 70.733 70.793 70.883 70.983 71.043 71.118 71.201 71.256 71.271 71.291 71.303 71.298 71.681 73.068 72.393 71.508 71.543
70.98 70.91 70.82 70.75 70.685 70.603 70.538 70.495 70.413 70.335 70.273 70.228 70.188 70.14 70.098 70.058 70.013 69.95 69.92 69.865 69.855 69.775 69.778 69.75 69.698 69.663 69.643 69.653 69.655 69.655 69.663 69.68 69.703 69.755 69.818 69.975 70.498 71.2 71.7 71.648 71.873 71.838 71.503 71.446 70.808 70.598 70.171 70.303 70.383 70.466 70.543 70.618 70.716 70.811 70.896 70.971 71.048 71.141 71.213 71.243 71.303 71.401 71.493 71.491 71.481 71.501 71.501 72.368 73.491 72.431 71.706 71.743
71.195 71.123 71.03 70.973 70.885 70.815 70.758 70.705 70.638 70.578 70.485 70.42 70.385 70.35 70.29 70.265 70.215 70.16 70.14 70.088 70.07 70.013 69.99 69.955 69.878 69.823 69.805 69.83 69.815 69.793 69.813 69.828 69.858 69.89 69.913 69.988 70 70.075 70.245 70.365 71.003 71.683 72.046 72.436 72.526 72.421 72.081 71.226 71.228 71.103 70.708 70.826 70.941 70.991 71.081 71.161 71.241 71.333 71.468 71.463 71.536 71.631 71.651 71.653 71.698 71.706 71.731 72.586 73.593 72.451 71.898 71.938
71.403 71.325 71.25 71.185 71.1 71.013 70.998 70.918 70.86 70.785 70.7 70.633 70.608 70.573 70.525 70.488 70.435 70.363 70.345 70.293 70.285 70.215 70.2 70.15 70.115 70.068 70.055 70.035 70.03 70.01 70.02 70.043 70.048 70.078 70.108 70.125 70.178 70.21 70.278 70.34 70.451 70.588 70.863 71.311 72.111 72.676 72.831 72.801 72.413 72.933 72.298 72.206 71.776 71.201 71.291 71.353 71.443 71.528 71.593 71.678 71.761 71.823 71.846 71.866 71.903 71.906 71.916 73.196 73.741 72.368 72.053 72.096
71.59 71.515 71.443 71.358 71.3 71.253 71.183 71.113 71.038 70.97 70.91 70.855 70.835 70.79 70.748 70.695 70.648 70.578 70.553 70.518 70.5 70.438 70.395 70.353 70.32 70.283 70.285 70.273 70.28 70.273 70.245 70.29 70.258 70.293 70.305 70.348 70.363 70.378 70.458 70.498 70.603 70.698 70.791 70.903 71.041 71.221 71.663 71.746 72.651 72.588 73.221 73.488 73.373 73.248 72.671 72.238 72.046 71.686 71.761 71.823 71.903 71.993 72.026 72.046 72.103 72.071 72.141 73.211 73.871 72.468 72.198 72.231
71.77 71.73 71.67 71.59 71.518 71.473 71.38 71.31 71.248 71.133 71.09 71.073 71.003 70.983 70.91 70.898 70.838 70.795 70.753 70.743 70.698 70.673 70.615 70.575 70.543 70.5 70.498 70.493 70.503 70.493 70.513 70.51 70.513 70.528 70.52 70.543 70.593 70.625 70.66 70.693 70.796 70.886 70.968 71.076 71.181 71.248 71.311 71.423 71.556 71.763 72.023 72.758 73.503 73.798 73.818 73.926 73.853 73.263 72.931 72.386 72.178 72.096 72.196 72.186 72.173 72.106 72.131 73.671 73.461 72.326 72.346 72.413
72.01 71.928 71.873 71.768 71.693 71.648 71.605 71.525 71.443 71.383 71.303 71.255 71.205 71.173 71.125 71.08 71.028 71.005 70.98 70.95 70.89 70.87 70.855 70.793 70.768 70.75 70.73 70.718 70.723 70.733 70.74 70.73 70.755 70.775 70.77 70.805 70.83 70.87 70.89 70.958 71.008 71.086 71.173 71.273 71.336 71.413 71.493 71.566 71.646 71.708 71.788 71.896 72.076 72.341 72.918 73.243 73.433 73.638 73.968 73.921 73.611 73.446 72.748 72.316 72.223 72.156 72.253 74.113 73.433 72.483 72.518 72.543
72.213 72.14 72.083 72.005 71.908 71.85 71.788 71.73 71.66 71.558 71.47 71.43 71.413 71.413 71.333 71.283 71.253 71.18 71.148 71.133 71.083 71.065 71.03 70.98 70.973 70.958 70.945 70.943 70.95 70.943 70.945 70.908 70.965 70.98 71 71.035 71.083 71.113 71.148 71.208 71.256 71.313 71.396 71.458 71.541 71.628 71.718 71.786 71.853 71.908 71.983 72.061 72.143 72.198 72.273 72.356 72.421 72.546 72.738 72.758 73.018 73.886 74.023 74.198 73.561 72.401 72.778 74.348 73.236 72.658 72.648 72.671
72.448 72.375 72.285 72.178 72.125 72.053 71.985 71.905 71.81 71.745 71.66 71.623 71.595 71.59 71.528 71.5 71.418 71.373 71.348 71.325 71.263 71.255 71.233 71.178 71.165 71.165 71.155 71.173 71.148 71.16 71.158 71.148 71.193 71.21 71.218 71.25 71.283 71.325 71.385 71.423 71.488 71.558 71.633 71.673 71.763 71.866 71.958 72.003 72.066 72.111 72.163 72.236 72.286 72.333 72.373 72.461 72.503 72.593 72.646 72.716 72.758 72.821 72.933 73.351 73.451 72.548 72.846 74.618 73.296 72.798 72.798 72.818
72.67 72.593 72.505 72.44 72.34 72.268 72.188 72.115 72.025 71.958 71.878 71.82 71.79 71.74 71.688 71.653 71.623 71.585 71.54 71.498 71.455 71.455 71.405 71.358 71.345 71.335 71.353 71.378 71.353 71.363 71.363 71.373 71.398 71.403 71.435 71.468 71.485 71.53 71.59 71.64 71.703 71.771 71.831 71.896 72.006 72.078 72.111 72.198 72.251 72.286 72.331 72.413 72.483 72.533 72.556 72.598 72.653 72.708 72.738 72.783 72.828 72.873 72.886 72.873 72.733 72.643 74.418 76.601 74.333 72.938 72.936 72.923
72.893 72.81 72.75 72.648 72.588 72.49 72.408 72.32 72.235 72.143 72.065 72.023 71.973 71.938 71.878 71.82 71.788 71.765 71.718 71.698 71.668 71.648 71.598 71.563 71.528 71.513 71.523 71.563 71.56 71.55 71.535 71.558 71.58 71.62 71.635 71.663 71.688 71.745 71.793 71.85 71.896 71.976 72.013 72.086 72.198 72.268 72.326 72.383 72.443 72.486 72.541 72.606 72.673 72.701 72.726 72.751 72.803 72.853 72.908 72.953 72.978 73.011 72.978 72.916 72.793 72.818 74.778 76.111 74.658 73.048 73.003 73.011
73.093 73.023 72.948 72.868 72.785 72.7 72.628 72.533 72.443 72.36 72.28 72.233 72.188 72.12 72.08 72.02 71.988 71.973 71.92 71.883 71.84 71.798 71.755 71.723 71.713 71.743 71.745 71.733 71.715 71.72 71.72 71.725 71.78 71.813 71.825 71.878 71.9 71.968 71.998 72.065 72.118 72.193 72.223 72.313 72.401 72.458 72.506 72.588 72.658 72.691 72.748 72.788 72.838 72.871 72.921 72.953 72.988 73.043 73.078 73.093 73.116 73.108 73.101 73.068 72.981 73.196 74.751 74.583 73.356 73.143 73.111 73.083
73.293 73.205 73.135 73.083 73.01 72.93 72.853 72.738 72.665 72.55 72.49 72.455 72.4 72.34 72.27 72.208 72.155 72.138 72.09 72.048 72.02 71.955 71.94 71.898 71.895 71.91 71.913 71.91 71.91 71.925 71.923 71.938 71.963 71.983 72.025 72.048 72.098 72.135 72.188 72.245 72.323 72.418 72.446 72.518 72.603 72.673 72.733 72.776 72.836 72.863 72.916 72.961 72.988 73.041 73.106 73.118 73.141 73.198 73.193 73.201 73.203 73.201 73.216 73.183 73.121 73.373 75.118 74.818 73.363 73.191 73.183 73.151
73.493 73.425 73.32 73.263 73.215 73.133 73.03 72.948 72.885 72.778 72.7 72.653 72.6 72.543 72.475 72.43 72.408 72.32 72.27 72.228 72.173 72.145 72.098 72.093 72.085 72.098 72.1 72.095 72.1 72.103 72.088 72.12 72.148 72.183 72.22 72.23 72.293 72.315 72.39 72.438 72.498 72.563 72.628 72.688 72.788 72.848 72.908 72.951 72.996 73.041 73.086 73.131 73.186 73.186 73.251 73.283 73.306 73.338 73.331 73.306 73.343 73.343 73.306 73.261 73.198 73.396 74.666 74.753 73.516 73.248 73.226 73.203
73.693 73.618 73.555 73.49 73.395 73.36 73.24 73.138 73.09 72.993 72.9 72.895 72.848 72.75 72.688 72.62 72.575 72.523 72.475 72.413 72.368 72.34 72.283 72.295 72.27 72.28 72.29 72.27 72.278 72.308 72.303 72.308 72.343 72.355 72.4 72.423 72.453 72.518 72.568 72.62 72.671 72.753 72.838 72.873 72.911 73.001 73.078 73.113 73.151 73.208 73.256 73.298 73.343 73.321 73.373 73.411 73.426 73.418 73.426 73.428 73.441 73.433 73.398 73.343 73.288 74.093 75.288 75.041 73.391 73.331 73.298 73.241
73.89 73.818 73.748 73.673 73.618 73.53 73.44 73.353 73.268 73.198 73.118 73.083 73.04 72.933 72.873 72.815 72.773 72.725 72.68 72.628 72.535 72.525 72.505 72.495 72.458 72.44 72.46 72.453 72.45 72.48 72.48 72.48 72.518 72.543 72.593 72.603 72.67 72.73 72.753 72.798 72.861 72.923 72.978 73.053 73.086 73.151 73.233 73.248 73.306 73.353 73.391 73.443 73.473 73.441 73.466 73.501 73.526 73.568 73.546 73.546 73.546 73.531 73.506 73.436 73.371 74.198 75.328 74.696 73.448 73.373 73.338 73.283
74.068 74.008 73.918 73.868 73.808 73.71 73.61 73.543 73.483 73.395 73.335 73.305 73.18 73.135 73.07 72.988 72.955 72.91 72.853 72.805 72.743 72.735 72.71 72.69 72.668 72.64 72.65 72.643 72.638 72.638 72.65 72.665 72.688 72.71 72.748 72.78 72.823 72.885 72.915 73 73.043 73.116 73.158 73.203 73.248 73.321 73.376 73.416 73.448 73.466 73.498 73.553 73.551 73.581 73.588 73.628 73.676 73.658 73.666 73.663 73.656 73.588 73.553 73.533 73.503 74.108 74.868 74.853 73.473 73.396 73.396 73.323
74.235 74.19 74.098 74.05 73.96 73.888 73.805 73.72 73.648 73.595 73.52 73.45 73.383 73.308 73.24 73.193 73.148 73.095 73.055 72.99 72.968 72.918 72.9 72.865 72.858 72.845 72.828 72.828 72.825 72.81 72.828 72.85 72.868 72.893 72.93 72.963 73.01 73.06 73.085 73.178 73.168 73.221 73.321 73.358 73.408 73.453 73.533 73.528 73.563 73.583 73.641 73.663 73.663 73.701 73.706 73.721 73.748 73.761 73.743 73.728 73.678 73.656 73.616 73.573 73.591 74.406 74.996 74.591 73.516 73.411 73.381 73.336
74.38 74.313 74.27 74.213 74.14 74.058 73.955 73.89 73.835 73.753 73.705 73.625 73.578 73.495 73.423 73.385 73.353 73.26 73.205 73.173 73.113 73.075 73.068 73.043 73.01 72.993 72.99 73.013 73.008 73.013 73.048 73.053 73.043 73.078 73.103 73.135 73.173 73.218 73.258 73.3 73.358 73.411 73.491 73.498 73.543 73.611 73.656 73.658 73.668 73.723 73.758 73.771 73.773 73.781 73.778 73.826 73.798 73.818 73.783 73.771 73.751 73.713 73.678 73.636 73.906 76.118 75.786 74.333 73.523 73.446 73.403 73.328
74.53 74.465 74.42 74.373 74.305 74.203 74.118 74.03 73.968 73.93 73.873 73.798 73.723 73.673 73.618 73.583 73.538 73.46 73.39 73.315 73.29 73.245 73.223 73.2 73.168 73.165 73.18 73.18 73.183 73.223 73.235 73.228 73.23 73.265 73.31 73.35 73.393 73.405 73.423 73.45 73.526 73.558 73.606 73.671 73.703 73.748 73.748 73.763 73.796 73.843 73.858 73.833 73.838 73.861 73.896 73.901 73.903 73.863 73.858 73.806 73.773 73.761 73.721 73.638 73.631 74.923 74.518 74.721 73.493 73.441 73.386 73.341
74.683 74.65 74.583 74.523 74.448 74.358 74.268 74.193 74.138 74.088 73.988 73.948 73.883 73.818 73.775 73.72 73.673 73.608 73.553 73.485 73.48 73.438 73.385 73.368 73.338 73.308 73.33 73.335 73.335 73.355 73.39 73.388 73.4 73.448 73.48 73.535 73.563 73.593 73.613 73.655 73.691 73.731 73.778 73.791 73.796 73.861 73.868 73.916 73.926 73.933 73.953 73.941 73.951 73.903 73.943 73.941 73.968 73.936 73.893 73.858 73.818 73.773 73.748 73.678 73.706 74.123 74.231 74.493 73.536 73.418 73.381 73.313
74.85 74.783 74.708 74.61 74.57 74.48 74.403 74.325 74.303 74.235 74.133 74.075 74.018 73.995 73.92 73.868 73.83 73.788 73.73 73.665 73.638 73.6 73.565 73.548 73.525 73.513 73.518 73.49 73.493 73.518 73.533 73.548 73.558 73.575 73.608 73.68 73.715 73.748 73.785 73.803 73.836 73.878 73.913 73.936 73.973 73.988 73.988 74.016 74.016 74.021 74.053 74.041 73.993 74.006 73.981 74.018 74.006 73.968 73.938 73.911 73.831 73.793 73.733 73.706 73.803 75.208 74.311 74.348 73.463 73.398 73.371 73.291
75.033 74.93 74.878 74.818 74.755 74.618 74.55 74.505 74.45 74.385 74.303 74.238 74.188 74.143 74.073 74.028 73.97 73.93 73.858 73.798 73.763 73.733 73.735 73.708 73.678 73.688 73.678 73.665 73.683 73.673 73.683 73.688 73.738 73.743 73.808 73.82 73.853 73.895 73.92 73.938 73.983 74.016 74.028 74.078 74.101 74.116 74.096 74.108 74.121 74.128 74.126 74.111 74.088 74.086 74.086 74.066 74.036 73.976 73.931 73.923 73.871 73.801 73.761 73.731 73.783 74.391 74.988 74.226 73.438 73.363 73.341 73.238
75.168 75.103 75.05 74.943 74.845 74.763 74.72 74.628 74.585 74.553 74.47 74.37 74.32 74.298 74.245 74.21 74.128 74.08 74.028 73.958 73.923 73.91 73.868 73.865 73.843 73.853 73.83 73.823 73.84 73.858 73.845 73.87 73.88 73.905 73.938 73.973 74.005 74.005 74.025 74.088 74.103 74.133 74.186 74.168 74.213 74.228 74.228 74.201 74.248 74.221 74.198 74.173 74.138 74.143 74.128 74.076 74.096 74.033 74.011 73.948 73.886 73.823 73.758 73.716 73.813 75.643 75.343 74.278 73.418 73.333 73.301 73.233
75.298 75.245 75.178 75.103 75.008 74.938 74.873 74.785 74.738 74.685 74.61 74.52 74.47 74.433 74.355 74.345 74.28 74.253 74.185 74.143 74.085 74.053 74.025 74.02 74.015 73.998 73.968 73.985 73.978 74.02 74.025 74.023 74.045 74.028 74.078 74.11 74.135 74.133 74.148 74.205 74.246 74.253 74.286 74.283 74.313 74.341 74.331 74.296 74.318 74.316 74.298 74.273 74.201 74.171 74.153 74.156 74.123 74.056 74.003 73.958 73.928 73.856 73.751 73.691 73.861 74.666 74.126 73.966 73.358 73.311 73.263 73.206
75.44 75.343 75.285 75.233 75.148 75.073 75 74.965 74.888 74.82 74.755 74.698 74.63 74.558 74.51 74.485 74.435 74.393 74.315 74.248 74.255 74.218 74.188 74.16 74.145 74.138 74.118 74.14 74.135 74.123 74.163 74.138 74.18 74.203 74.228 74.225 74.23 74.27 74.283 74.308 74.353 74.368 74.378 74.408 74.416 74.398 74.411 74.368 74.353 74.353 74.356 74.316 74.276 74.241 74.228 74.178 74.136 74.096 74.006 73.996 73.946 73.873 73.748 73.673 73.888 75.353 75.136 73.718 73.353 73.286 73.228 73.166
75.545 75.475 75.418 75.373 75.295 75.193 75.145 75.078 75.038 74.993 74.925 74.848 74.773 74.7 74.658 74.63 74.575 74.508 74.448 74.415 74.378 74.363 74.35 74.323 74.305 74.278 74.24 74.263 74.308 74.285 74.273 74.275 74.3 74.305 74.325 74.363 74.38 74.39 74.425 74.435 74.461 74.481 74.483 74.491 74.478 74.456 74.456 74.476 74.436 74.398 74.388 74.338 74.316 74.273 74.258 74.208 74.151 74.106 74.038 73.976 73.926 73.851 73.746 73.668 73.801 75.068 74.708 73.756 73.313 73.281 73.218 73.203
75.72 75.645 75.565 75.488 75.403 75.33 75.263 75.223 75.19 75.123 75.063 75.01 74.945 74.878 74.845 74.8 74.713 74.66 74.61 74.55 74.548 74.493 74.443 74.425 74.395 74.4 74.388 74.38 74.395 74.428 74.41 74.393 74.398 74.415 74.428 74.445 74.45 74.475 74.513 74.545 74.546 74.556 74.568 74.573 74.536 74.538 74.523 74.513 74.473 74.451 74.423 74.373 74.338 74.313 74.281 74.211 74.166 74.108 74.036 73.981 73.928 73.841 73.746 73.633 74.153 75.161 75.073 73.538 73.288 73.226 73.178 73.128
75.81 75.788 75.683 75.61 75.545 75.463 75.41 75.353 75.303 75.265 75.208 75.145 75.078 75.045 75.008 74.95 74.868 74.815 74.798 74.705 74.683 74.643 74.613 74.58 74.558 74.533 74.545 74.5 74.53 74.545 74.54 74.545 74.533 74.543 74.528 74.53 74.555 74.598 74.598 74.598 74.646 74.626 74.641 74.631 74.618 74.578 74.573 74.583 74.546 74.493 74.433 74.393 74.358 74.326 74.291 74.226 74.188 74.096 74.003 73.978 73.928 73.826 73.728 73.623 74.258 75.248 74.498 73.316 73.228 73.178 73.123 73.063
75.905 75.863 75.785 75.733 75.683 75.615 75.58 75.495 75.438 75.393 75.328 75.265 75.24 75.203 75.155 75.098 75.033 74.98 74.933 74.865 74.82 74.77 74.733 74.718 74.703 74.658 74.685 74.65 74.63 74.653 74.638 74.623 74.653 74.64 74.62 74.628 74.638 74.7 74.688 74.683 74.686 74.681 74.676 74.693 74.686 74.656 74.643 74.583 74.576 74.511 74.463 74.443 74.381 74.326 74.291 74.226 74.181 74.091 73.998 73.963 73.901 73.788 73.688 73.601 74.443 75.263 74.563 73.326 73.166 73.118 73.061 73.018
76.003 75.94 75.888 75.843 75.773 75.738 75.7 75.65 75.585 75.518 75.488 75.433 75.375 75.325 75.29 75.245 75.188 75.13 75.078 75.02 74.953 74.915 74.898 74.865 74.848 74.795 74.81 74.765 74.743 74.735 74.743 74.708 74.72 74.713 74.718 74.74 74.745 74.775 74.755 74.775 74.751 74.771 74.731 74.746 74.708 74.678 74.668 74.616 74.593 74.533 74.468 74.421 74.396 74.361 74.301 74.233 74.161 74.063 74.001 73.943 73.868 73.748 73.671 73.618 74.891 75.106 74.213 73.191 73.131 73.088 73.021 72.943
76.098 76.06 75.985 75.93 75.903 75.848 75.8 75.773 75.73 75.675 75.618 75.593 75.565 75.488 75.435 75.39 75.313 75.263 75.208 75.17 75.11 75.053 75.023 75.008 75.003 74.985 74.93 74.928 74.878 74.843 74.833 74.818 74.818 74.823 74.81 74.798 74.803 74.8 74.82 74.83 74.801 74.796 74.813 74.771 74.753 74.723 74.693 74.636 74.601 74.523 74.488 74.451 74.418 74.386 74.281 74.241 74.143 74.043 73.991 73.918 73.821 73.708 73.633 73.543 74.778 74.666 73.706 73.158 73.086 73.021 72.953 72.928
