All_lidar/sz5785_DSM_2M.asc
ncols 500
nrows 500
xllcorner    457000
yllcorner    85000
cellsize     2
NODATA_value -9999
[rows 33 to 65 of 500, columns 370 to 443 of 500]
10.543 10.481 10.438 10.373 10.321 10.246 10.163 10.123 10.078 10.068 10.023 9.981 10.051 10.126 10.136 10.166 10.163 10.183 10.198 10.243 10.268 10.326 10.306 10.313 10.348 10.441 10.438 10.381 10.356 10.386 12.473 13.516 11.191 11.036 11.081 11.163 11.213 11.358 11.473 11.568 11.661 11.756 11.863 11.986 12.048 12.133 12.206 12.303 12.378 12.453 12.471 12.541 12.606 12.671 12.711 12.676 12.698 12.713 12.738 12.781 12.808 12.856 12.841 12.851 12.933 13.028 13.076 13.101 13.128 13.128 13.113 13.113 13.111 13.168
10.473 10.398 10.388 10.306 10.263 10.193 10.136 10.058 10.048 10.016 9.946 9.988 10.053 10.093 10.121 10.136 10.143 10.138 10.178 10.206 10.241 10.273 10.293 10.273 10.293 10.351 10.393 10.343 10.321 10.418 11.446 12.066 11.013 10.978 11.023 11.073 11.186 11.316 11.411 11.501 11.603 11.688 11.801 11.891 11.968 12.051 12.163 12.226 12.283 12.326 12.418 12.466 12.543 12.593 12.608 12.591 12.633 12.648 12.683 12.711 12.766 12.773 12.778 12.811 12.896 12.971 13.023 13.036 13.016 12.993 13.003 13.001 13.041 13.083
10.431 10.378 10.318 10.256 10.198 10.141 10.078 10.021 9.998 9.943 9.928 9.963 10.028 10.053 10.063 10.081 10.126 10.106 10.141 10.166 10.203 10.228 10.243 10.253 10.256 10.296 10.331 10.286 10.288 10.323 11.223 11.048 10.928 10.911 10.988 11.026 11.146 11.253 11.343 11.438 11.518 11.628 11.718 11.796 11.878 11.968 12.063 12.156 12.218 12.253 12.353 12.411 12.473 12.496 12.518 12.546 12.556 12.591 12.633 12.636 12.673 12.693 12.721 12.771 12.851 12.918 12.938 12.923 12.906 12.901 12.916 12.911 12.968 13.008
10.351 10.308 10.256 10.196 10.151 10.076 10.031 9.971 9.936 9.911 9.873 9.958 10.006 10.031 10.051 10.061 10.078 10.101 10.113 10.136 10.183 10.231 10.206 10.208 10.216 10.266 10.266 10.238 10.236 10.381 11.016 10.931 10.838 10.861 10.923 10.996 11.106 11.203 11.283 11.381 11.468 11.578 11.651 11.718 11.833 11.908 11.983 12.078 12.108 12.218 12.296 12.338 12.413 12.423 12.418 12.458 12.491 12.516 12.546 12.576 12.588 12.598 12.681 12.743 12.818 12.861 12.853 12.846 12.813 12.818 12.826 12.873 12.901 12.938
10.291 10.226 10.186 10.118 10.088 10.038 9.993 9.941 9.891 9.846 9.871 9.948 9.956 10.008 10.021 10.008 10.048 10.061 10.061 10.108 10.148 10.186 10.146 10.151 10.168 10.211 10.208 10.153 10.243 10.938 12.041 11.116 10.741 10.798 10.853 10.971 11.053 11.128 11.216 11.348 11.406 11.486 11.593 11.666 11.758 11.858 11.938 12.011 12.041 12.153 12.191 12.281 12.321 12.318 12.353 12.393 12.416 12.446 12.471 12.491 12.501 12.521 12.623 12.708 12.771 12.776 12.768 12.743 12.736 12.743 12.761 12.793 12.838 12.876
10.268 10.203 10.158 10.076 10.023 9.966 9.933 9.893 9.853 9.816 9.861 9.923 9.931 9.971 9.976 9.963 9.981 10.008 10.053 10.083 10.113 10.126 10.126 10.131 10.138 10.168 10.151 10.116 10.273 11.266 13.073 11.336 10.706 10.736 10.808 10.941 10.983 11.063 11.148 11.253 11.351 11.433 11.533 11.611 11.708 11.786 11.876 11.926 11.993 12.066 12.118 12.208 12.238 12.223 12.278 12.296 12.321 12.361 12.383 12.436 12.438 12.468 12.541 12.646 12.688 12.713 12.683 12.651 12.658 12.668 12.703 12.728 12.763 12.813
10.226 10.208 10.168 10.106 10.008 9.961 9.916 9.868 9.848 9.793 9.838 9.891 9.908 9.918 9.918 9.943 9.971 9.988 10.013 10.038 10.083 10.113 10.081 10.093 10.121 10.156 10.106 10.111 10.168 10.451 11.038 10.671 10.658 10.673 10.821 10.893 10.926 11.031 11.098 11.196 11.313 11.373 11.466 11.551 11.673 11.761 11.813 11.861 11.961 12.003 12.076 12.143 12.136 12.148 12.176 12.216 12.243 12.296 12.321 12.348 12.348 12.406 12.506 12.581 12.646 12.611 12.601 12.588 12.583 12.608 12.658 12.661 12.728 12.743
10.116 10.088 10.053 10.006 9.976 9.943 9.903 9.881 9.808 9.788 9.853 9.886 9.881 9.921 9.906 9.906 9.911 9.953 9.963 9.998 10.021 10.038 10.023 10.036 10.063 10.101 10.063 10.063 10.106 10.156 10.556 10.643 10.633 10.688 10.783 10.843 10.901 10.976 11.061 11.148 11.248 11.343 11.433 11.508 11.603 11.696 11.741 11.808 11.878 11.951 12.043 12.073 12.048 12.086 12.098 12.138 12.188 12.203 12.253 12.263 12.306 12.378 12.471 12.508 12.561 12.531 12.513 12.516 12.521 12.546 12.588 12.623 12.666 12.693
10.063 10.028 9.996 9.926 9.883 9.831 9.798 9.763 9.733 9.778 9.883 9.911 9.916 9.911 9.913 9.888 9.918 9.921 9.951 9.973 10.006 9.991 9.996 9.998 10.021 10.081 10.026 10.026 10.043 10.051 10.566 10.581 10.578 10.673 10.751 10.813 10.856 10.921 11.026 11.118 11.191 11.283 11.363 11.468 11.551 11.631 11.671 11.778 11.826 11.896 11.933 11.981 11.973 12.003 12.028 12.078 12.108 12.136 12.151 12.183 12.248 12.351 12.418 12.428 12.453 12.431 12.423 12.448 12.453 12.498 12.521 12.573 12.588 12.606
10.013 9.976 9.943 9.888 9.846 9.778 9.753 9.701 9.651 9.728 9.768 9.818 9.818 9.841 9.881 9.901 9.913 9.923 9.971 9.991 10.016 10.001 9.983 9.961 9.993 10.031 9.993 9.991 10.043 10.161 10.551 10.561 10.538 10.651 10.701 10.741 10.823 10.898 10.993 11.063 11.151 11.226 11.316 11.416 11.506 11.561 11.623 11.708 11.766 11.836 11.856 11.871 11.903 11.943 11.963 11.996 12.033 12.068 12.101 12.121 12.213 12.308 12.346 12.368 12.358 12.356 12.346 12.356 12.376 12.423 12.453 12.513 12.551 12.591
9.938 9.886 9.841 9.808 9.778 9.736 9.733 9.633 9.618 9.693 9.726 9.781 9.778 9.781 9.791 9.818 9.846 9.868 9.936 9.948 9.986 10.016 10.011 9.966 9.986 10.003 9.923 9.963 10.021 10.101 10.591 10.526 10.523 10.621 10.678 10.718 10.768 10.863 10.953 11.031 11.108 11.186 11.281 11.381 11.468 11.501 11.581 11.663 11.716 11.773 11.791 11.796 11.843 11.868 11.913 11.933 11.956 11.993 12.018 12.088 12.188 12.261 12.281 12.288 12.238 12.281 12.286 12.288 12.311 12.351 12.408 12.451 12.483 12.528
9.881 9.828 9.801 9.751 9.723 9.673 9.618 9.578 9.603 9.666 9.726 9.743 9.746 9.748 9.758 9.786 9.801 9.828 9.863 9.883 9.891 9.903 9.893 9.881 9.928 9.943 9.856 9.886 9.916 10.016 10.591 10.498 10.463 10.583 10.651 10.683 10.746 10.833 10.923 11.006 11.086 11.176 11.266 11.371 11.413 11.461 11.543 11.603 11.661 11.683 11.678 11.731 11.781 11.801 11.848 11.871 11.906 11.928 11.978 12.053 12.131 12.173 12.183 12.181 12.141 12.213 12.221 12.231 12.263 12.306 12.351 12.383 12.426 12.461
9.821 9.788 9.761 9.728 9.678 9.618 9.566 9.536 9.583 9.641 9.666 9.703 9.693 9.716 9.741 9.763 9.788 9.796 9.828 9.838 9.873 9.848 9.821 9.836 9.853 9.886 9.801 9.876 9.886 10.208 10.518 10.458 10.433 10.538 10.606 10.636 10.706 10.783 10.878 10.966 11.058 11.158 11.253 11.311 11.353 11.451 11.506 11.543 11.601 11.611 11.611 11.688 11.716 11.773 11.778 11.803 11.841 11.883 11.946 12.021 12.096 12.118 12.128 12.071 12.093 12.103 12.133 12.168 12.181 12.238 12.281 12.301 12.356 12.396
9.756 9.736 9.688 9.641 9.611 9.576 9.531 9.491 9.568 9.593 9.608 9.653 9.661 9.681 9.701 9.703 9.738 9.776 9.798 9.823 9.858 9.843 9.818 9.793 9.801 9.848 9.798 9.823 9.878 10.283 10.466 10.401 10.386 10.496 10.551 10.583 10.678 10.756 10.836 10.923 11.021 11.136 11.261 11.278 11.321 11.423 11.493 11.521 11.566 11.573 11.603 11.628 11.653 11.696 11.726 11.733 11.766 11.843 11.893 11.983 12.028 12.033 12.026 12.023 12.026 12.008 12.073 12.101 12.141 12.191 12.196 12.246 12.293 12.296
9.711 9.653 9.638 9.603 9.538 9.488 9.456 9.453 9.528 9.553 9.583 9.598 9.601 9.613 9.651 9.683 9.723 9.738 9.763 9.793 9.806 9.778 9.766 9.736 9.763 9.798 9.753 9.776 9.856 10.163 10.413 10.333 10.331 10.443 10.498 10.533 10.618 10.698 10.793 10.878 11.003 11.126 11.198 11.236 11.293 11.393 11.468 11.511 11.506 11.516 11.563 11.596 11.611 11.648 11.696 11.691 11.711 11.781 11.878 11.943 11.946 11.941 11.933 11.928 11.951 11.966 12.011 12.041 12.086 12.121 12.158 12.203 12.238 12.236
9.641 9.621 9.591 9.548 9.508 9.471 9.403 9.441 9.503 9.538 9.526 9.526 9.553 9.583 9.631 9.646 9.656 9.698 9.711 9.746 9.751 9.738 9.706 9.693 9.731 9.736 9.666 9.728 9.731 10.098 10.358 10.268 10.291 10.398 10.466 10.476 10.578 10.646 10.733 10.843 10.973 11.096 11.148 11.201 11.276 11.358 11.428 11.471 11.478 11.511 11.518 11.553 11.606 11.653 11.673 11.653 11.681 11.766 11.833 11.883 11.903 11.878 11.873 11.861 11.876 11.888 11.978 12.018 12.038 12.053 12.106 12.136 12.146 12.181
9.576 9.538 9.513 9.496 9.471 9.426 9.381 9.408 9.456 9.481 9.478 9.486 9.513 9.533 9.576 9.611 9.608 9.613 9.666 9.688 9.711 9.681 9.661 9.643 9.641 9.653 9.603 9.656 9.618 10.871 11.408 10.238 10.238 10.356 10.401 10.471 10.536 10.611 10.676 10.796 10.941 11.041 11.073 11.173 11.233 11.303 11.393 11.436 11.441 11.483 11.498 11.523 11.583 11.611 11.626 11.633 11.683 11.756 11.801 11.831 11.823 11.821 11.821 11.813 11.806 11.836 11.898 11.966 11.978 11.996 12.061 12.071 12.063 12.141
9.556 9.521 9.481 9.453 9.416 9.366 9.326 9.363 9.391 9.403 9.423 9.451 9.458 9.473 9.503 9.548 9.556 9.591 9.643 9.656 9.666 9.611 9.588 9.571 9.596 9.576 9.558 9.591 9.678 11.168 10.743 10.171 10.198 10.328 10.381 10.416 10.493 10.561 10.628 10.753 10.866 10.971 11.018 11.118 11.203 11.278 11.348 11.353 11.413 11.431 11.478 11.503 11.521 11.573 11.583 11.618 11.666 11.748 11.786 11.796 11.771 11.758 11.761 11.756 11.778 11.816 11.878 11.878 11.896 11.948 11.998 12.001 12.006 12.061
9.488 9.476 9.423 9.393 9.356 9.321 9.276 9.353 9.378 9.386 9.391 9.386 9.418 9.448 9.481 9.513 9.543 9.546 9.571 9.591 9.593 9.556 9.538 9.516 9.518 9.473 9.448 9.523 9.591 10.178 10.171 10.123 10.201 10.278 10.333 10.386 10.426 10.528 10.616 10.706 10.821 10.898 10.991 11.098 11.141 11.231 11.253 11.288 11.356 11.386 11.438 11.483 11.506 11.541 11.583 11.623 11.698 11.758 11.753 11.751 11.723 11.716 11.713 11.688 11.731 11.803 11.836 11.831 11.851 11.903 11.953 11.951 11.978 12.023
9.428 9.421 9.383 9.353 9.321 9.273 9.231 9.293 9.313 9.331 9.343 9.348 9.366 9.406 9.423 9.433 9.461 9.491 9.513 9.526 9.516 9.488 9.448 9.433 9.438 9.393 9.373 9.388 9.453 10.203 10.111 10.063 10.143 10.243 10.291 10.323 10.398 10.483 10.596 10.696 10.758 10.836 10.948 11.028 11.101 11.153 11.163 11.243 11.291 11.351 11.386 11.436 11.478 11.496 11.556 11.583 11.693 11.728 11.741 11.738 11.686 11.673 11.663 11.671 11.696 11.768 11.803 11.776 11.818 11.863 11.868 11.873 11.953 11.973
9.401 9.358 9.333 9.298 9.266 9.216 9.191 9.243 9.268 9.278 9.273 9.303 9.301 9.333 9.363 9.393 9.401 9.426 9.438 9.456 9.443 9.378 9.356 9.343 9.321 9.268 9.241 9.286 9.721 10.203 10.046 10.003 10.111 10.203 10.243 10.271 10.363 10.481 10.576 10.646 10.693 10.811 10.908 10.976 11.011 11.056 11.096 11.203 11.223 11.263 11.346 11.378 11.431 11.466 11.518 11.583 11.666 11.708 11.683 11.656 11.651 11.646 11.658 11.666 11.683 11.728 11.756 11.781 11.793 11.818 11.783 11.846 11.898 11.931
9.343 9.333 9.303 9.278 9.236 9.186 9.126 9.196 9.231 9.223 9.228 9.243 9.268 9.288 9.308 9.326 9.333 9.363 9.376 9.378 9.356 9.301 9.263 9.238 9.228 9.146 9.131 9.286 9.728 10.058 9.943 9.956 10.078 10.171 10.203 10.266 10.351 10.446 10.531 10.603 10.666 10.748 10.863 10.951 10.981 10.998 11.036 11.116 11.153 11.201 11.271 11.311 11.338 11.403 11.458 11.556 11.643 11.668 11.643 11.638 11.608 11.641 11.631 11.661 11.678 11.706 11.716 11.733 11.773 11.766 11.778 11.806 11.851 11.893
9.298 9.268 9.233 9.238 9.198 9.178 9.088 9.128 9.143 9.156 9.161 9.186 9.231 9.248 9.253 9.231 9.256 9.266 9.283 9.291 9.253 9.208 9.148 9.138 9.106 9.023 9.058 9.238 9.871 10.513 9.876 9.888 10.041 10.113 10.151 10.231 10.321 10.413 10.498 10.531 10.636 10.718 10.848 10.903 10.913 10.941 11.011 11.068 11.118 11.163 11.206 11.226 11.296 11.373 11.451 11.528 11.596 11.616 11.576 11.573 11.573 11.573 11.608 11.621 11.651 11.668 11.716 11.713 11.753 11.711 11.738 11.798 11.831 11.843
9.233 9.208 9.186 9.178 9.166 9.148 9.068 9.048 9.093 9.113 9.151 9.146 9.153 9.163 9.168 9.173 9.178 9.186 9.216 9.186 9.131 9.091 9.041 9.033 9.003 8.908 8.956 9.271 10.243 10.646 9.783 9.848 9.993 10.066 10.091 10.153 10.256 10.373 10.456 10.493 10.596 10.696 10.788 10.838 10.861 10.883 10.956 11.016 11.056 11.088 11.133 11.166 11.223 11.348 11.431 11.478 11.531 11.533 11.523 11.528 11.521 11.523 11.576 11.593 11.646 11.653 11.721 11.716 11.723 11.711 11.723 11.776 11.823 11.823
9.181 9.181 9.151 9.123 9.096 9.076 9.051 8.983 9.028 9.076 9.088 9.071 9.083 9.101 9.111 9.096 9.108 9.108 9.103 9.101 9.061 9.008 8.963 8.958 8.873 8.833 8.898 9.078 9.526 9.743 9.716 9.773 9.928 9.981 10.008 10.091 10.213 10.293 10.386 10.456 10.556 10.661 10.753 10.771 10.783 10.873 10.916 10.963 11.006 11.028 11.078 11.118 11.206 11.298 11.373 11.418 11.451 11.443 11.433 11.456 11.453 11.483 11.521 11.563 11.601 11.631 11.681 11.723 11.678 11.711 11.716 11.758 11.783 11.811
9.128 9.111 9.088 9.066 9.043 9.066 9.033 8.971 8.943 9.001 9.013 9.026 9.033 9.033 9.046 9.018 9.028 9.011 9.023 8.958 8.913 8.881 8.843 8.858 8.768 8.751 8.796 8.971 9.601 9.636 9.636 9.711 9.818 9.886 9.941 10.053 10.156 10.246 10.306 10.423 10.516 10.596 10.658 10.683 10.731 10.833 10.848 10.908 10.968 10.976 11.036 11.083 11.173 11.248 11.323 11.343 11.343 11.331 11.328 11.351 11.401 11.418 11.496 11.516 11.541 11.593 11.623 11.651 11.638 11.691 11.723 11.733 11.768 11.783
9.073 9.086 9.046 9.056 9.013 9.001 8.981 8.946 8.891 8.973 9.003 9.001 8.976 8.966 8.938 8.938 8.958 8.931 8.913 8.871 8.808 8.771 8.763 8.741 8.648 8.661 8.703 10.216 10.778 9.536 9.541 9.653 9.753 9.816 9.868 9.986 10.083 10.153 10.246 10.363 10.463 10.548 10.581 10.628 10.706 10.751 10.803 10.868 10.903 10.946 10.978 11.038 11.111 11.213 11.251 11.276 11.241 11.266 11.268 11.258 11.326 11.356 11.426 11.431 11.476 11.541 11.568 11.578 11.608 11.653 11.688 11.718 11.758 11.776
9.036 9.033 9.021 8.996 9.001 8.968 8.951 8.913 8.858 8.873 8.921 8.921 8.916 8.903 8.881 8.858 8.846 8.828 8.801 8.733 8.693 8.693 8.651 8.613 8.561 8.593 8.653 9.113 9.641 9.451 9.476 9.601 9.691 9.746 9.813 9.943 10.006 10.081 10.206 10.318 10.418 10.476 10.508 10.586 10.646 10.698 10.751 10.808 10.838 10.881 10.933 11.013 11.116 11.166 11.186 11.186 11.193 11.206 11.176 11.218 11.281 11.296 11.341 11.351 11.416 11.476 11.493 11.531 11.578 11.621 11.653 11.696 11.711 11.741
8.986 8.986 8.991 8.963 8.946 8.931 8.913 8.868 8.828 8.841 8.866 8.876 8.866 8.821 8.786 8.756 8.743 8.741 8.701 8.653 8.643 8.596 8.581 8.528 8.491 8.498 8.538 9.173 9.441 9.346 9.393 9.528 9.593 9.656 9.786 9.866 9.926 10.031 10.163 10.246 10.351 10.386 10.433 10.536 10.598 10.656 10.668 10.746 10.776 10.831 10.908 11.003 11.068 11.131 11.116 11.083 11.106 11.118 11.121 11.196 11.206 11.248 11.276 11.318 11.361 11.393 11.423 11.458 11.511 11.556 11.591 11.631 11.656 11.703
8.946 8.946 8.961 8.953 8.931 8.916 8.868 8.848 8.796 8.793 8.808 8.818 8.783 8.766 8.728 8.688 8.671 8.631 8.586 8.533 8.516 8.478 8.501 8.411 8.408 8.421 8.576 9.393 9.248 9.258 9.321 9.451 9.513 9.621 9.726 9.786 9.863 9.998 10.096 10.211 10.273 10.301 10.378 10.476 10.541 10.591 10.628 10.703 10.731 10.796 10.858 10.968 11.008 11.048 11.048 11.043 11.053 11.053 11.056 11.103 11.158 11.216 11.223 11.253 11.296 11.288 11.356 11.391 11.421 11.476 11.533 11.558 11.566 11.631
8.913 8.928 8.928 8.901 8.888 8.856 8.823 8.808 8.771 8.748 8.706 8.738 8.733 8.701 8.671 8.636 8.586 8.553 8.503 8.458 8.448 8.416 8.431 8.296 8.338 8.356 8.538 9.228 9.173 9.151 9.278 9.388 9.443 9.573 9.643 9.713 9.813 9.938 10.058 10.143 10.183 10.238 10.336 10.421 10.498 10.541 10.578 10.641 10.693 10.741 10.836 10.913 10.973 10.983 10.951 10.943 10.968 10.998 11.028 11.053 11.116 11.131 11.183 11.211 11.236 11.236 11.281 11.326 11.353 11.398 11.453 11.481 11.521 11.571
8.876 8.873 8.853 8.831 8.833 8.798 8.788 8.746 8.726 8.721 8.678 8.641 8.656 8.618 8.583 8.528 8.503 8.476 8.406 8.381 8.336 8.353 8.343 8.243 8.296 8.321 8.753 9.126 9.091 9.088 9.236 9.281 9.361 9.503 9.558 9.596 9.743 9.863 9.998 10.056 10.106 10.191 10.286 10.358 10.433 10.498 10.528 10.593 10.646 10.728 10.816 10.871 10.863 10.891 10.886 10.873 10.916 10.938 11.001 11.018 11.061 11.083 11.118 11.151 11.163 11.183 11.231 11.288 11.283 11.323 11.361 11.411 11.451 11.456
8.818 8.833 8.838 8.833 8.796 8.761 8.741 8.706 8.698 8.691 8.648 8.611 8.521 8.498 8.506 8.471 8.421 8.401 8.326 8.311 8.291 8.308 8.253 8.193 8.233 8.276 8.778 9.016 9.001 9.001 9.146 9.216 9.306 9.391 9.453 9.536 9.671 9.791 9.903 9.978 10.033 10.128 10.221 10.298 10.371 10.421 10.476 10.531 10.616 10.701 10.763 10.798 10.796 10.791 10.816 10.836 10.843 10.898 10.918 10.973 10.991 11.021 11.076 11.106 11.093 11.123 11.201 11.206 11.213 11.266 11.288 11.323 11.346 11.383
