All_lidar/sz5788_DSM_2M.asc
ncols 500
nrows 500
xllcorner    457000
yllcorner    88000
cellsize     2
NODATA_value -9999
[rows 384 to 415 of 500, columns 292 to 364 of 500]
44.508 44.511 44.471 44.451 44.466 44.493 44.491 44.516 44.508 44.486 44.496 44.493 44.433 44.413 44.371 44.376 44.396 44.391 44.356 44.373 44.283 44.198 44.231 44.351 44.461 44.488 44.478 44.498 44.493 44.536 44.521 44.501 44.446 44.411 44.353 44.341 44.328 44.331 44.341 44.301 44.311 44.336 44.368 44.391 44.388 44.383 44.381 44.403 44.461 44.463 44.483 44.526 44.533 44.606 44.628 44.673 44.721 44.751 44.803 44.803 44.826 44.826 44.841 44.858 44.876 44.868 44.868 44.831 44.813 44.811 44.788 44.763 44.751
45.701 45.898 45.563 45.771 45.551 45.481 45.701 45.596 45.328 45.073 45.261 45.433 45.001 45.023 45.003 45.056 44.776 44.813 44.713 44.643 44.533 44.488 44.508 44.518 44.551 44.566 44.551 44.553 44.573 44.566 44.583 44.543 44.506 44.461 44.461 44.441 44.426 44.413 44.416 44.413 44.441 44.461 44.508 44.531 44.521 44.508 44.528 44.548 44.583 44.611 44.636 44.663 44.678 44.751 44.766 44.808 44.878 44.911 44.946 44.946 44.931 44.963 44.998 45.008 45.008 44.986 44.978 44.938 44.913 44.901 44.876 44.861 44.831
45.973 46.051 45.933 46.001 46.266 46.148 46.251 46.271 46.368 46.456 46.388 46.308 46.323 46.451 46.361 46.383 46.036 46.248 46.161 45.648 45.811 45.968 46.053 46.061 45.748 45.658 45.131 45.158 45.533 45.583 45.038 45.256 44.923 44.928 44.863 44.808 44.868 44.678 44.718 44.601 44.746 44.863 44.598 44.693 44.813 44.758 44.678 44.696 44.743 44.753 44.758 44.803 44.826 44.896 44.903 44.941 44.998 45.031 45.086 45.063 45.058 45.091 45.116 45.123 45.126 45.123 45.116 45.071 45.046 45.013 44.971 44.956 44.943
45.633 45.666 45.628 45.596 45.581 45.596 45.568 45.626 45.568 45.546 45.498 45.676 45.521 45.428 45.503 45.706 45.543 45.671 45.751 45.536 45.541 45.793 45.708 45.968 45.881 45.723 46.023 45.963 45.866 45.946 46.136 45.853 46.013 46.023 46.138 46.131 46.146 46.118 45.828 46.043 46.068 46.068 45.918 46.063 46.071 45.998 45.818 45.876 45.773 45.713 45.488 45.528 45.503 45.338 45.463 45.378 45.536 45.433 45.591 45.706 45.456 45.501 45.573 45.408 45.301 45.293 45.228 45.298 45.326 45.128 45.098 45.078 45.013
45.726 45.746 45.626 45.711 45.658 45.603 45.591 45.551 45.533 45.493 45.486 45.488 45.461 45.431 45.408 45.416 45.401 45.371 45.378 45.331 45.348 45.318 45.313 45.351 45.336 45.308 45.313 45.306 45.291 45.298 45.278 45.301 45.301 45.343 45.368 45.328 45.361 45.388 45.343 45.421 45.383 45.686 45.611 45.478 45.466 45.786 45.788 45.581 45.841 45.813 45.933 46.003 45.911 45.948 46.141 46.243 46.376 46.621 46.503 46.441 46.633 46.613 46.663 46.601 46.393 46.383 46.468 46.596 46.546 46.241 46.503 46.043 46.036
46.636 46.768 46.251 46.838 46.528 46.453 46.298 46.386 46.036 45.928 45.951 45.788 45.703 45.808 45.791 45.673 45.546 45.681 45.678 45.458 45.436 45.343 45.393 45.461 45.328 45.298 45.293 45.313 45.281 45.278 45.271 45.278 45.293 45.301 45.276 45.318 45.311 45.303 45.333 45.346 45.381 45.358 45.383 45.376 45.423 45.428 45.433 45.433 45.468 45.488 45.531 45.576 45.593 45.643 45.663 45.723 45.753 45.808 45.818 45.836 45.856 45.926 45.918 45.878 45.936 46.088 45.991 45.981 45.986 46.136 45.981 45.968 46.176
45.913 45.876 45.858 45.843 45.838 45.821 45.778 45.978 45.933 45.976 45.836 46.003 45.986 45.836 45.993 45.983 45.963 46.231 46.268 46.166 46.098 46.018 46.323 46.336 46.201 46.076 46.276 46.053 46.051 45.948 46.001 45.868 45.998 45.618 45.643 45.813 45.706 45.686 45.626 45.636 45.663 45.618 45.563 45.513 45.511 45.516 45.481 45.561 45.593 45.588 45.551 45.573 45.596 45.651 45.718 45.741 45.733 45.811 45.858 45.831 45.868 45.866 45.873 45.911 45.891 45.876 45.886 45.866 45.851 45.838 45.776 45.776 45.753
46.138 46.086 46.061 46.036 46.008 45.993 45.953 45.938 45.898 45.856 45.816 45.801 45.733 45.691 45.638 45.598 45.576 45.513 45.498 45.453 45.421 45.423 45.401 45.413 45.391 45.513 45.541 45.321 45.478 45.623 45.508 45.358 45.613 45.448 45.466 45.651 45.628 45.498 45.841 45.971 45.958 45.856 46.008 46.136 46.356 46.053 46.213 46.328 46.343 46.423 46.406 46.433 46.478 46.576 46.411 46.421 46.316 46.261 46.326 46.368 46.061 46.173 46.113 46.076 46.071 45.943 45.961 46.041 45.853 45.843 45.856 45.843 45.758
46.221 46.198 46.171 46.161 46.151 46.118 46.096 46.063 46.048 45.993 45.943 45.921 45.878 45.866 45.793 45.763 45.728 45.681 45.656 45.606 45.586 45.558 45.551 45.543 45.536 45.531 45.521 45.526 45.533 45.533 45.486 45.498 45.536 45.536 45.538 45.553 45.576 45.603 45.606 45.621 45.636 45.641 45.658 45.686 45.726 45.731 45.763 45.796 45.831 45.861 45.921 45.923 45.971 46.096 46.058 46.046 46.348 46.293 46.266 46.573 46.583 46.578 46.671 46.716 46.601 46.506 46.728 46.861 46.713 46.551 46.838 46.703 46.493
46.303 46.286 46.236 46.218 46.211 46.196 46.158 46.123 46.131 46.083 46.056 46.023 45.986 45.938 45.891 45.861 45.806 45.783 45.736 45.691 45.658 45.663 45.648 45.648 45.648 45.626 45.633 45.638 45.626 45.628 45.643 45.636 45.641 45.678 45.688 45.683 45.721 45.746 45.738 45.773 45.846 45.851 45.863 45.896 45.933 45.956 45.991 46.021 46.061 46.098 46.118 46.161 46.168 46.198 46.218 46.243 46.281 46.298 46.318 46.313 46.318 46.316 46.298 46.276 46.283 46.263 46.256 46.216 46.143 46.116 46.118 46.013 45.986
46.416 46.378 46.356 46.321 46.331 46.296 46.271 46.221 46.198 46.191 46.166 46.133 46.108 46.043 45.981 45.951 45.891 45.866 45.833 45.793 45.758 45.736 45.713 45.713 45.693 45.698 45.703 45.688 45.708 45.696 45.698 45.726 45.716 45.756 45.753 45.791 45.816 45.873 45.871 45.876 45.921 45.936 45.951 45.993 46.061 46.068 46.118 46.131 46.163 46.211 46.258 46.276 46.318 46.328 46.346 46.381 46.406 46.408 46.413 46.441 46.451 46.441 46.468 46.446 46.423 46.408 46.373 46.356 46.316 46.276 46.233 46.183 46.161
46.541 46.513 46.456 46.451 46.446 46.403 46.416 46.373 46.351 46.328 46.296 46.286 46.238 46.186 46.116 46.081 46.023 45.976 45.951 45.923 45.846 45.846 45.818 45.793 45.783 45.756 45.763 45.771 45.788 45.761 45.768 45.791 45.823 45.833 45.851 45.888 45.918 45.946 45.951 45.968 46.006 46.026 46.053 46.088 46.143 46.188 46.223 46.258 46.268 46.303 46.331 46.368 46.391 46.406 46.463 46.501 46.491 46.493 46.513 46.543 46.551 46.546 46.556 46.548 46.511 46.501 46.481 46.446 46.421 46.396 46.343 46.301 46.263
46.668 46.648 46.611 46.598 46.596 46.583 46.541 46.516 46.491 46.461 46.446 46.433 46.356 46.308 46.271 46.218 46.183 46.113 46.066 46.031 46.003 45.968 45.931 45.886 45.883 45.901 45.903 45.898 45.893 45.856 45.883 45.933 45.956 45.971 45.968 45.996 46.043 46.078 46.091 46.101 46.151 46.171 46.206 46.233 46.258 46.296 46.333 46.368 46.376 46.436 46.438 46.463 46.501 46.546 46.578 46.598 46.608 46.606 46.638 46.658 46.653 46.668 46.663 46.658 46.638 46.636 46.591 46.563 46.548 46.503 46.441 46.391 46.343
46.853 46.821 46.773 46.761 46.771 46.756 46.698 46.681 46.643 46.623 46.596 46.573 46.513 46.436 46.418 46.371 46.321 46.281 46.226 46.188 46.136 46.096 46.028 46.016 46.038 46.016 46.018 46.018 46.008 46.038 46.043 46.066 46.116 46.131 46.128 46.131 46.153 46.206 46.231 46.266 46.278 46.318 46.353 46.388 46.393 46.423 46.496 46.503 46.516 46.543 46.563 46.628 46.646 46.696 46.706 46.753 46.781 46.786 46.796 46.813 46.796 46.806 46.818 46.798 46.776 46.761 46.736 46.708 46.668 46.611 46.558 46.548 46.476
47.048 47.006 46.956 46.948 46.921 46.883 46.878 46.848 46.811 46.783 46.776 46.733 46.656 46.598 46.553 46.526 46.463 46.416 46.398 46.338 46.306 46.256 46.186 46.193 46.191 46.173 46.156 46.178 46.193 46.191 46.226 46.248 46.288 46.276 46.293 46.303 46.311 46.338 46.363 46.401 46.448 46.508 46.506 46.531 46.576 46.598 46.643 46.641 46.673 46.708 46.756 46.786 46.818 46.831 46.893 46.898 46.946 46.966 46.973 46.936 46.913 46.938 46.956 46.973 46.923 46.893 46.896 46.856 46.798 46.751 46.706 46.686 46.611
47.251 47.208 47.143 47.146 47.106 47.081 47.056 47.033 47.001 46.981 46.956 46.906 46.833 46.761 46.713 46.681 46.638 46.611 46.573 46.521 46.488 46.436 46.396 46.383 46.378 46.383 46.361 46.356 46.366 46.373 46.383 46.423 46.491 46.466 46.426 46.478 46.471 46.543 46.556 46.556 46.621 46.691 46.716 46.733 46.776 46.813 46.841 46.831 46.873 46.913 46.941 46.966 46.988 47.021 47.071 47.076 47.111 47.121 47.141 47.118 47.101 47.116 47.101 47.103 47.091 47.083 47.026 46.983 46.973 46.908 46.861 46.836 46.786
47.455 47.423 47.37 47.36 47.333 47.29 47.253 47.223 47.213 47.155 47.11 47.053 47 46.953 46.913 46.86 46.82 46.788 46.758 46.715 46.668 46.625 46.573 46.578 46.578 46.568 46.563 46.558 46.588 46.58 46.588 46.653 46.7 46.66 46.71 46.695 46.688 46.713 46.755 46.78 46.81 46.863 46.9 46.918 46.96 46.985 47.02 47.033 47.075 47.103 47.113 47.135 47.168 47.218 47.22 47.268 47.298 47.32 47.33 47.298 47.31 47.298 47.323 47.305 47.273 47.27 47.188 47.153 47.125 47.048 46.998 47.005 46.955
47.675 47.633 47.57 47.56 47.558 47.483 47.455 47.448 47.378 47.333 47.29 47.26 47.21 47.14 47.113 47.06 47.03 46.993 46.943 46.945 46.885 46.843 46.773 46.773 46.785 46.793 46.773 46.783 46.823 46.805 46.808 46.873 46.89 46.885 46.905 46.913 46.89 46.915 46.943 46.98 47.03 47.1 47.1 47.088 47.128 47.158 47.195 47.21 47.258 47.3 47.333 47.355 47.358 47.383 47.438 47.463 47.498 47.525 47.503 47.483 47.47 47.468 47.473 47.473 47.433 47.428 47.36 47.32 47.308 47.26 47.183 47.143 47.11
47.88 47.825 47.778 47.79 47.753 47.7 47.675 47.655 47.59 47.515 47.5 47.465 47.385 47.355 47.325 47.263 47.218 47.18 47.143 47.115 47.085 47.038 46.988 46.998 47 47 46.995 47.008 47.038 47.023 47.04 47.093 47.115 47.12 47.108 47.115 47.11 47.118 47.183 47.19 47.225 47.293 47.3 47.33 47.338 47.378 47.425 47.44 47.468 47.498 47.523 47.553 47.545 47.608 47.63 47.683 47.675 47.713 47.718 47.698 47.658 47.673 47.675 47.683 47.643 47.598 47.558 47.528 47.475 47.415 47.36 47.33 47.268
48.085 48.05 47.978 47.975 47.958 47.903 47.87 47.823 47.785 47.708 47.685 47.648 47.595 47.555 47.518 47.458 47.413 47.39 47.355 47.31 47.28 47.255 47.208 47.225 47.2 47.193 47.213 47.233 47.245 47.268 47.245 47.27 47.315 47.32 47.315 47.32 47.335 47.36 47.378 47.423 47.46 47.508 47.51 47.54 47.545 47.585 47.62 47.62 47.683 47.688 47.733 47.74 47.753 47.803 47.865 47.84 47.885 47.95 47.893 47.908 47.893 47.885 47.87 47.873 47.84 47.8 47.793 47.738 47.69 47.655 47.578 47.528 47.46
48.285 48.27 48.18 48.165 48.16 48.095 48.055 48.02 47.968 47.93 47.893 47.865 47.795 47.75 47.703 47.68 47.605 47.583 47.563 47.518 47.488 47.463 47.433 47.433 47.425 47.433 47.453 47.44 47.45 47.465 47.475 47.5 47.563 47.513 47.51 47.538 47.555 47.56 47.583 47.615 47.678 47.71 47.728 47.733 47.768 47.79 47.823 47.828 47.878 47.9 47.935 47.948 47.975 48 48.04 48.06 48.073 48.13 48.09 48.07 48.078 48.078 48.06 48.09 48.05 48.013 47.975 47.933 47.878 47.838 47.773 47.725 47.655
48.483 48.463 48.4 48.385 48.353 48.303 48.26 48.223 48.185 48.12 48.108 48.085 48.008 47.965 47.943 47.903 47.833 47.78 47.778 47.733 47.715 47.683 47.635 47.65 47.63 47.613 47.663 47.673 47.673 47.715 47.685 47.735 47.765 47.733 47.708 47.773 47.753 47.758 47.803 47.828 47.865 47.918 47.935 47.938 47.965 48.033 48.01 48.015 48.078 48.105 48.123 48.153 48.178 48.195 48.258 48.25 48.258 48.27 48.275 48.263 48.26 48.265 48.27 48.26 48.235 48.21 48.183 48.123 48.078 48.035 47.975 47.923 47.868
48.685 48.64 48.643 48.6 48.53 48.495 48.465 48.435 48.405 48.345 48.305 48.253 48.205 48.173 48.15 48.075 48.048 47.993 47.983 47.948 47.905 47.88 47.853 47.848 47.858 47.835 47.863 47.865 47.88 47.9 47.9 47.943 47.985 47.955 47.925 47.933 47.97 48.01 48.003 48.045 48.095 48.11 48.108 48.133 48.158 48.195 48.203 48.225 48.268 48.303 48.318 48.32 48.383 48.395 48.42 48.45 48.47 48.498 48.475 48.458 48.453 48.438 48.445 48.445 48.423 48.385 48.353 48.32 48.258 48.195 48.16 48.108 48.04
48.905 48.865 48.805 48.788 48.733 48.69 48.665 48.65 48.613 48.538 48.515 48.453 48.41 48.358 48.365 48.31 48.243 48.183 48.183 48.14 48.103 48.078 48.048 48.053 48.068 48.048 48.07 48.1 48.098 48.098 48.13 48.17 48.198 48.178 48.163 48.153 48.188 48.195 48.195 48.253 48.313 48.318 48.333 48.328 48.348 48.38 48.403 48.44 48.478 48.493 48.513 48.545 48.56 48.593 48.63 48.645 48.655 48.678 48.68 48.638 48.665 48.645 48.645 48.625 48.623 48.578 48.575 48.523 48.44 48.38 48.33 48.283 48.238
49.108 49.07 49.033 49 48.965 48.915 48.863 48.88 48.805 48.733 48.72 48.673 48.593 48.573 48.585 48.508 48.453 48.385 48.38 48.353 48.3 48.283 48.273 48.268 48.273 48.263 48.295 48.323 48.318 48.303 48.375 48.38 48.425 48.413 48.378 48.388 48.4 48.395 48.423 48.458 48.535 48.54 48.535 48.535 48.515 48.588 48.618 48.618 48.685 48.718 48.705 48.735 48.765 48.828 48.855 48.84 48.873 48.873 48.863 48.823 48.838 48.833 48.83 48.81 48.765 48.723 48.718 48.69 48.643 48.573 48.525 48.47 48.435
49.305 49.273 49.228 49.198 49.13 49.1 49.075 49.023 49.003 48.938 48.905 48.895 48.825 48.758 48.765 48.708 48.65 48.605 48.593 48.563 48.513 48.495 48.463 48.485 48.478 48.463 48.503 48.503 48.533 48.535 48.573 48.6 48.63 48.628 48.615 48.593 48.605 48.635 48.65 48.688 48.745 48.735 48.765 48.77 48.75 48.788 48.82 48.848 48.89 48.925 48.935 48.918 48.98 49.01 49.033 49.055 49.04 49.08 49.065 49.01 49.03 49.028 49.015 48.988 48.95 48.898 48.883 48.858 48.79 48.725 48.69 48.63 48.558
49.533 49.483 49.445 49.395 49.343 49.283 49.27 49.228 49.18 49.12 49.105 49.06 49.023 48.975 48.965 48.903 48.855 48.833 48.813 48.775 48.735 48.705 48.675 48.713 48.695 48.695 48.71 48.723 48.748 48.768 48.808 48.825 48.843 48.833 48.84 48.833 48.83 48.853 48.853 48.888 48.948 48.953 48.948 48.963 48.975 49.04 49.05 49.063 49.105 49.128 49.113 49.128 49.158 49.178 49.213 49.223 49.225 49.25 49.205 49.17 49.175 49.175 49.145 49.14 49.093 49.07 49.045 49.018 48.965 48.9 48.853 48.768 48.698
49.778 49.7 49.663 49.638 49.563 49.51 49.5 49.453 49.385 49.383 49.3 49.278 49.215 49.188 49.175 49.125 49.075 49.048 49.025 48.985 48.953 48.91 48.89 48.91 48.923 48.923 48.955 48.973 48.978 48.995 49.018 49.065 49.068 49.065 49.07 49.075 49.068 49.075 49.07 49.123 49.178 49.185 49.165 49.17 49.188 49.258 49.263 49.273 49.305 49.333 49.32 49.318 49.363 49.378 49.413 49.395 49.375 49.393 49.38 49.335 49.328 49.345 49.313 49.328 49.278 49.24 49.215 49.153 49.113 49.03 49 48.953 48.88
49.99 49.933 49.875 49.853 49.795 49.748 49.718 49.688 49.63 49.603 49.563 49.513 49.463 49.44 49.398 49.358 49.29 49.26 49.24 49.205 49.185 49.15 49.13 49.14 49.14 49.155 49.183 49.2 49.22 49.218 49.25 49.323 49.32 49.31 49.293 49.283 49.285 49.313 49.323 49.335 49.385 49.413 49.383 49.363 49.4 49.455 49.473 49.525 49.543 49.54 49.54 49.528 49.56 49.568 49.593 49.575 49.575 49.583 49.573 49.503 49.483 49.49 49.478 49.468 49.453 49.41 49.393 49.355 49.285 49.208 49.16 49.078 49.005
50.203 50.135 50.085 50.06 50.013 49.948 49.958 49.915 49.873 49.825 49.788 49.725 49.685 49.668 49.618 49.583 49.518 49.5 49.473 49.465 49.408 49.35 49.37 49.39 49.373 49.39 49.425 49.453 49.445 49.45 49.498 49.53 49.545 49.548 49.558 49.528 49.543 49.533 49.545 49.57 49.608 49.64 49.608 49.61 49.638 49.693 49.718 49.745 49.778 49.77 49.748 49.73 49.775 49.783 49.798 49.775 49.78 49.738 49.715 49.683 49.678 49.663 49.63 49.615 49.57 49.538 49.503 49.473 49.418 49.38 49.315 49.258 49.188
50.448 50.39 50.348 50.308 50.245 50.195 50.183 50.168 50.108 50.063 50.028 49.96 49.923 49.9 49.875 49.815 49.77 49.745 49.71 49.69 49.643 49.575 49.578 49.608 49.615 49.628 49.67 49.698 49.703 49.69 49.725 49.775 49.793 49.765 49.75 49.765 49.765 49.763 49.78 49.818 49.855 49.863 49.845 49.845 49.863 49.923 49.938 49.945 49.978 49.965 49.945 49.933 49.948 49.958 49.988 49.948 49.94 49.9 49.888 49.868 49.838 49.828 49.813 49.763 49.713 49.703 49.678 49.6 49.543 49.48 49.445 49.383 49.313
50.678 50.615 50.608 50.563 50.503 50.445 50.413 50.363 50.32 50.285 50.265 50.208 50.153 50.133 50.113 50.033 49.998 49.958 49.945 49.905 49.885 49.84 49.835 49.848 49.845 49.853 49.868 49.903 49.945 49.913 49.955 50.018 50.04 49.993 50.01 49.968 50.003 50.013 50.025 50.04 50.075 50.095 50.073 50.043 50.08 50.143 50.158 50.163 50.183 50.205 50.173 50.16 50.148 50.16 50.173 50.13 50.13 50.105 50.063 50.023 49.985 49.993 49.95 49.933 49.86 49.828 49.81 49.78 49.713 49.628 49.61 49.535 49.483
