All_lidar/sz5793_DSM_2M.asc
ncols 500
nrows 500
xllcorner    457000
yllcorner    93000
cellsize     2
NODATA_value -9999
[rows 264 to 296 of 500, columns 219 to 291 of 500]
-1.984 -1.909 -1.846 -1.876 -1.805 -1.896 -2.15 -2.183 -2.16 -2.188 -2.185 -2.253 -2.158 -2.173 -2.153 -2.193 -2.265 -2.208 -2.22 -2.168 -2.23 -2.175 -2.225 -2.203 -2.183 -2.225 -2.2 -2.243 -2.175 -2.205 -2.238 -2.121 -2.088 -2.044 -2.054 -2.028 -2.013 -2.011 -2.022 -2.053 -2.031 -1.978 -1.994 -2.114 -2.115 -2.098 -2.04 -2.006 -1.978 -1.957 -1.978 -1.933 -1.875 -1.904 -1.901 -1.903 -1.909 -1.919 -1.879 -1.869 -1.851 -1.836 -1.821 -1.819 -1.838 -1.809 -1.791 -1.799 -1.768 -1.769 -1.773 -1.815 -1.819
-1.969 -2.23 -2.208 -2.165 -1.922 -1.895 -2.163 -2.148 -2.155 -2.19 -2.16 -2.15 -2.22 -2.19 -2.145 -2.093 -2.155 -2.235 -2.165 -2.213 -1.917 -2.195 -2.188 -2.178 -2.16 -2.23 -2.213 -2.208 -2.173 -2.148 -2.208 -2.154 -2.107 -2.1 -2.124 -2.067 -2.064 -2.077 -2.081 -2.076 -2.086 -2.054 -2.083 -2.105 -2.106 -2.144 -2.084 -2.034 -2.033 -2.005 -1.967 -2.032 -1.948 -1.96 -1.891 -1.896 -1.947 -1.939 -1.914 -1.902 -1.892 -1.894 -1.86 -1.856 -1.863 -1.832 -1.832 -1.813 -1.797 -1.805 -1.792 -1.84 -1.796
-1.934 -1.949 -2.233 -2.218 -2.215 -2.185 -2.173 -2.218 -2.155 -2.233 -2.258 -2.15 -2.233 -2.238 -2.215 -2.15 -2.073 -2.22 -2.21 -2.158 -1.895 -2.205 -2.205 -2.223 -2.21 -2.193 -2.223 -2.213 -2.195 -2.17 -2.155 -2.158 -2.165 -2.129 -2.179 -2.081 -2.081 -2.094 -2.103 -2.138 -2.088 -2.087 -2.149 -2.121 -2.139 -2.151 -2.131 -2.109 -2.109 -2.078 -2.015 -1.993 -1.994 -1.998 -1.934 -1.919 -1.953 -1.965 -1.938 -1.923 -1.941 -1.903 -1.884 -1.898 -1.884 -1.88 -1.861 -1.862 -1.828 -1.821 -1.875 -1.846 -1.811
-1.894 -2.138 -2.18 -2.258 -2.153 -2.168 -2.163 -2.23 -1.9 -2.15 -2.125 -2.185 -2.09 -1.935 -1.956 -2.173 -2.11 -2.13 -2.225 -2.243 -2.163 -2.178 -2.175 -2.238 -2.21 -2.118 -2.13 -2.19 -2.21 -2.175 -2.218 -2.194 -1.917 -1.872 -2.225 -2.131 -2.123 -2.133 -2.158 -2.136 -2.114 -2.108 -2.16 -2.196 -2.192 -2.061 -2.15 -2.095 -2.056 -2.169 -2.087 -1.995 -2.014 -2.06 -2.017 -1.957 -1.946 -2.017 -2.005 -1.963 -1.942 -1.948 -1.926 -1.941 -1.93 -1.896 -1.863 -1.891 -1.879 -1.878 -1.888 -1.861 -1.85
-2.16 -2.238 -2.203 -2.213 -2.233 -2.208 -2.23 -2.188 -1.936 -1.89 -1.871 -2.21 -2.188 -2.205 -2.233 -2.19 -2.198 -2.193 -2.243 -1.933 -2.228 -2.15 -2.18 -2.22 -2.258 -2.215 -2.188 -2.198 -2.233 -2.2 -2.208 -2.251 -1.901 -1.901 -2.199 -2.157 -2.165 -2.156 -2.148 -2.137 -2.171 -2.173 -2.171 -2.206 -2.23 -2.162 -2.094 -2.145 -2.095 -2.143 -2.13 -2.111 -2.066 -2.105 -2.094 -2.038 -1.994 -2.04 -2.029 -2.001 -1.958 -1.981 -1.963 -2.034 -1.955 -1.939 -1.917 -1.911 -1.898 -1.905 -1.887 -1.871 -1.844
-2.163 -2.215 -2.16 -2.143 -2.173 -2.203 -2.205 -2.253 -2.235 -1.945 -2.208 -2.2 -2.178 -2.143 -2.138 -2.173 -2.223 -2.16 -2.173 -2.183 -1.92 -2.178 -2.14 -2.243 -2.228 -2.223 -2.143 -2.17 -2.19 -2.16 -2.165 -2.171 -2.146 -1.923 -2.126 -2.166 -2.273 -2.196 -2.158 -2.191 -2.186 -2.163 -2.178 -2.176 -2.233 -2.268 -2.175 -2.165 -2.174 -2.172 -2.126 -2.127 -2.117 -2.084 -2.092 -2.143 -2.106 -2.007 -2.01 -1.988 -2.021 -2.072 -2.018 -2.063 -1.974 -1.964 -1.969 -1.936 -1.949 -1.934 -1.927 -1.931 -1.876
-2.158 -2.148 -2.198 -2.158 -2.168 -2.175 -2.168 -2.198 -2.163 -2.205 -2.25 -2.175 -2.163 -2.218 -2.203 -2.195 -2.185 -2.198 -2.158 -2.19 -2.168 -2.228 -2.15 -2.165 -2.198 -2.213 -2.168 -2.173 -2.158 -2.228 -2.208 -2.208 -2.181 -2.151 -2.166 -2.188 -2.148 -2.186 -2.193 -2.203 -2.163 -2.208 -2.271 -2.271 -2.178 -2.206 -2.193 -2.169 -2.148 -2.12 -2.008 -2.111 -2.166 -2.12 -2.105 -2.153 -2.146 -2.11 -2.027 -2.097 -2.074 -2.036 -2.069 -2.065 -2.023 -2.034 -2.024 -1.979 -1.999 -1.997 -1.943 -1.953 -1.895
-1.871 -1.899 -2.208 -2.18 -2.18 -2.203 -2.17 -2.18 -2.193 -2.165 -2.21 -2.183 -2.193 -2.22 -1.972 -2.208 -2.15 -2.185 -1.914 -2.173 -2.153 -2.22 -2.215 -2.188 -2.118 -2.138 -2.17 -2.17 -2.17 -2.218 -2.218 -2.203 -2.198 -2.166 -2.203 -2.203 -2.133 -2.153 -2.183 -2.168 -2.188 -2.173 -2.203 -2.218 -2.208 -2.238 -2.213 -2.191 -2.223 -2.225 -2.095 -2.176 -2.188 -2.176 -2.096 -2.081 -2.122 -2.193 -2.099 -2.115 -2.133 -2.081 -2.095 -2.099 -2.068 -2.069 -2.059 -2.017 -2.034 -1.984 -1.991 -1.93 -1.877
-1.938 -1.78 -1.901 -2.185 -2.12 -2.248 -2.195 -2.173 -2.193 -2.208 -2.22 -2.195 -2.188 -2.208 -2.203 -2.193 -2.173 -2.153 -2.18 -2.178 -2.155 -2.205 -2.205 -2.233 -2.21 -2.17 -2.145 -2.238 -2.135 -2.16 -2.215 -2.228 -2.136 -2.216 -2.278 -2.193 -2.153 -2.143 -2.143 -2.161 -2.203 -2.143 -2.188 -2.178 -2.186 -2.273 -2.218 -2.236 -2.231 -2.183 -2.206 -2.223 -2.203 -2.233 -2.201 -2.147 -2.172 -2.239 -2.214 -2.16 -2.131 -2.143 -2.149 -2.108 -2.103 -2.1 -2.099 -2.03 -1.998 -1.996 -2.011 -1.961 -1.924
-1.983 -1.789 -1.9 -2.183 -2.173 -2.155 -2.188 -1.915 -1.941 -2.203 -2.17 -2.215 -2.163 -2.208 -2.175 -2.205 -2.178 -2.21 -2.205 -2.208 -2.18 -2.218 -2.173 -2.163 -2.223 -2.183 -2.16 -2.268 -2.198 -2.12 -2.13 -2.228 -2.156 -2.138 -2.226 -2.203 -2.216 -2.178 -2.196 -2.183 -2.148 -2.151 -2.156 -2.251 -2.236 -2.228 -2.151 -2.201 -2.243 -2.218 -2.211 -2.211 -2.176 -2.186 -2.303 -2.196 -2.163 -2.156 -2.169 -2.208 -2.119 -2.131 -2.165 -2.136 -2.091 -2.09 -2.101 -2.074 -2.083 -2.048 -2.029 -1.995 -1.977
-2.153 -1.924 -1.888 -2.19 -2.148 -2.188 -2.21 -2.243 -2.19 -2.178 -2.198 -2.18 -2.228 -2.195 -2.195 -2.223 -2.21 -2.163 -2.19 -2.23 -2.218 -2.183 -1.904 -2.17 -2.225 -2.235 -2.155 -2.225 -2.203 -2.153 -2.158 -2.191 -2.213 -2.198 -2.171 -2.191 -2.193 -2.228 -2.173 -2.196 -2.183 -2.188 -2.141 -2.193 -2.206 -2.248 -2.181 -2.218 -2.166 -2.213 -2.213 -2.238 -2.253 -2.226 -2.216 -2.218 -2.196 -2.198 -2.188 -2.226 -2.216 -2.253 -2.194 -2.217 -2.168 -2.169 -2.135 -2.153 -2.169 -2.079 -2.046 -1.997 -2.048
-2.193 -2.24 -1.902 -2.195 -2.175 -2.168 -2.123 -2.205 -2.23 -2.188 -2.148 -2.168 -2.193 -2.208 -2.203 -2.19 -2.193 -2.168 -2.188 -2.215 -2.205 -2.213 -2.195 -2.165 -2.19 -2.215 -2.138 -2.118 -2.16 -2.263 -2.175 -2.168 -2.246 -2.246 -2.181 -2.236 -2.158 -2.246 -2.173 -2.176 -2.156 -2.226 -2.211 -2.151 -2.206 -2.173 -2.218 -2.191 -2.171 -2.226 -2.221 -2.241 -2.236 -2.208 -2.173 -2.146 -2.263 -2.161 -2.206 -2.238 -2.166 -2.246 -2.173 -2.228 -2.225 -2.22 -2.223 -2.172 -2.198 -2.127 -2.065 -2.009 -2.054
-2.143 -2.173 -2.263 -2.19 -2.225 -2.185 -2.148 -2.183 -2.178 -2.188 -2.188 -2.158 -2.223 -2.21 -2.193 -2.23 -2.205 -2.16 -2.175 -2.165 -2.233 -2.19 -2.198 -2.19 -2.218 -2.21 -2.155 -2.168 -2.158 -2.168 -2.165 -2.136 -2.198 -2.223 -2.186 -2.196 -2.216 -2.166 -2.236 -2.186 -2.223 -2.258 -2.238 -2.163 -2.211 -2.206 -2.211 -2.248 -2.211 -2.178 -2.188 -2.208 -2.248 -2.278 -2.236 -2.213 -2.166 -2.138 -2.186 -2.143 -2.186 -2.236 -2.183 -2.243 -2.236 -2.256 -2.218 -2.157 -2.184 -2.156 -2.106 -2.065 -2.026
-2.183 -2.11 -2.203 -2.175 -2.165 -2.165 -2.148 -2.143 -2.15 -2.168 -2.188 -2.163 -2.18 -2.145 -2.188 -2.2 -2.163 -2.208 -2.183 -2.188 -2.22 -2.185 -2.218 -2.173 -2.2 -2.203 -2.215 -2.2 -2.158 -2.148 -2.143 -2.096 -2.158 -2.228 -2.196 -2.168 -2.213 -2.166 -2.218 -2.238 -2.201 -2.216 -2.223 -2.201 -2.218 -2.181 -2.133 -2.228 -2.203 -2.196 -2.181 -2.163 -2.188 -2.263 -2.243 -2.211 -2.191 -2.188 -2.231 -2.158 -2.211 -2.213 -2.271 -2.261 -2.198 -2.176 -2.218 -2.193 -2.171 -2.135 -2.058 -2.037 -2.059
-2.2 -2.198 -2.17 -2.223 -2.208 -2.248 -2.203 -2.175 -2.185 -2.19 -2.23 -2.178 -2.158 -2.15 -2.17 -2.243 -2.185 -2.195 -2.185 -2.208 -2.153 -2.178 -2.205 -2.193 -2.193 -2.188 -2.233 -2.21 -2.193 -2.183 -2.213 -2.148 -2.148 -2.143 -2.188 -2.163 -2.163 -2.183 -2.163 -2.208 -2.186 -2.201 -2.166 -2.191 -2.203 -2.163 -2.178 -2.158 -2.206 -2.186 -2.193 -2.196 -2.198 -2.201 -2.213 -2.231 -2.188 -2.213 -2.268 -2.173 -2.163 -2.201 -2.193 -2.143 -2.198 -2.173 -2.193 -2.183 -2.176 -2.152 -2.118 -2.165 -2.071
-2.205 -2.198 -2.215 -2.19 -2.208 -2.188 -2.16 -2.208 -2.21 -2.16 -2.14 -2.168 -2.165 -2.148 -2.158 -2.13 -2.25 -2.225 -2.183 -2.203 -2.18 -2.175 -2.178 -2.195 -2.165 -2.183 -2.165 -2.25 -2.23 -2.158 -2.21 -2.203 -2.146 -2.146 -2.153 -2.148 -2.131 -2.168 -2.153 -2.208 -2.206 -2.176 -2.208 -2.251 -2.188 -2.218 -2.156 -2.203 -2.141 -2.138 -2.166 -2.221 -2.196 -2.151 -2.141 -2.241 -2.213 -2.176 -2.208 -2.196 -2.231 -2.241 -2.228 -2.161 -2.208 -2.213 -2.156 -2.216 -2.206 -2.253 -2.185 -2.129 -2.033
-2.193 -2.188 -2.165 -2.17 -2.153 -1.902 -2.203 -2.253 -2.215 -2.188 -2.15 -2.155 -2.125 -2.193 -2.153 -2.145 -2.165 -2.168 -2.203 -2.178 -2.17 -2.193 -2.215 -2.14 -2.158 -2.173 -2.183 -2.193 -2.183 -2.165 -2.185 -2.246 -2.191 -2.168 -2.121 -2.213 -2.201 -2.161 -2.146 -2.133 -2.198 -2.186 -2.158 -2.201 -2.258 -2.176 -2.223 -2.203 -2.161 -2.198 -2.178 -2.163 -2.191 -2.151 -2.171 -2.191 -2.233 -2.208 -2.163 -2.211 -2.216 -2.181 -2.231 -2.216 -2.228 -2.263 -2.256 -2.213 -2.186 -2.196 -2.126 -2.072 -2.064
-2.173 -2.19 -2.208 -2.193 -1.906 -1.917 -2.203 -2.165 -2.22 -2.18 -2.218 -2.2 -2.178 -1.908 -1.913 -2.203 -2.165 -2.138 -2.14 -2.153 -2.183 -2.17 -2.183 -2.19 -2.15 -2.178 -2.108 -2.175 -2.185 -2.22 -2.205 -2.188 -2.263 -2.193 -2.171 -2.198 -2.173 -2.186 -2.181 -2.156 -2.188 -2.208 -2.196 -2.153 -2.211 -2.218 -2.211 -2.201 -2.268 -2.243 -2.181 -2.193 -2.176 -2.188 -2.191 -2.203 -2.191 -2.216 -2.218 -2.178 -2.223 -2.191 -2.201 -2.191 -2.188 -2.183 -2.186 -2.163 -2.211 -2.196 -2.108 -2.154 -2.118
-2.17 -2.183 -2.165 -1.926 -2.155 -2.215 -2.173 -2.178 -2.185 -2.218 -2.23 -2.233 -2.208 -1.919 -1.893 -1.922 -2.165 -2.155 -2.12 -2.17 -2.205 -2.205 -2.203 -2.188 -2.188 -2.193 -2.165 -2.178 -2.193 -2.208 -2.223 -2.181 -2.231 -2.251 -2.153 -2.208 -2.156 -2.233 -2.206 -2.136 -2.116 -2.198 -2.191 -2.156 -2.133 -2.206 -2.173 -2.171 -2.218 -2.236 -2.233 -2.186 -2.161 -2.208 -2.221 -2.188 -2.188 -2.226 -2.176 -2.133 -2.208 -2.218 -2.206 -2.178 -2.188 -2.196 -2.226 -2.283 -2.236 -2.173 -2.16 -2.209 -2.178
-2.178 -2.153 -1.942 -2.16 -2.148 -2.173 -2.245 -2.158 -2.2 -2.203 -2.225 -2.255 -2.258 -2.205 -2.2 -2.238 -2.215 -2.18 -2.138 -2.133 -2.175 -2.183 -2.203 -2.195 -2.195 -2.195 -2.19 -2.128 -2.188 -2.195 -2.183 -2.166 -2.173 -2.246 -2.201 -2.186 -2.171 -2.188 -2.266 -2.181 -2.153 -2.203 -2.206 -2.191 -2.196 -2.148 -2.143 -2.191 -2.193 -2.256 -2.213 -2.146 -2.158 -2.246 -2.186 -2.206 -2.193 -2.206 -2.218 -2.163 -2.131 -2.193 -2.233 -2.213 -2.173 -2.153 -2.173 -2.223 -2.193 -2.231 -2.201 -2.17 -2.168
-2.215 -2.188 -2.165 -2.233 -2.173 -2.155 -2.24 -2.16 -2.153 -2.175 -2.18 -2.22 -2.238 -2.188 -2.188 -2.24 -2.205 -2.185 -2.153 -2.158 -2.215 -2.2 -2.18 -2.273 -2.21 -2.228 -2.213 -2.165 -2.14 -2.13 -2.18 -2.173 -2.153 -2.203 -2.273 -2.208 -2.156 -2.153 -2.151 -2.243 -2.203 -2.188 -2.191 -2.203 -2.191 -2.131 -2.128 -2.188 -2.198 -2.208 -2.193 -2.156 -2.201 -2.201 -2.238 -2.226 -2.181 -2.178 -2.271 -2.216 -2.156 -2.178 -2.273 -2.208 -2.276 -2.203 -2.171 -2.148 -2.138 -2.191 -2.198 -2.243 -2.189
-2.173 -2.155 -2.148 -2.208 -2.185 -2.163 -2.19 -2.24 -2.17 -2.183 -2.14 -2.198 -2.195 -2.198 -2.248 -2.175 -2.205 -2.213 -2.208 -2.163 -2.16 -2.17 -2.165 -2.193 -2.193 -2.163 -2.198 -2.213 -2.165 -2.138 -2.15 -2.201 -2.168 -2.186 -2.198 -2.208 -2.208 -2.183 -2.163 -2.226 -2.238 -2.206 -2.186 -2.216 -2.191 -2.146 -2.153 -2.118 -2.193 -2.133 -2.153 -2.146 -2.188 -2.206 -2.223 -2.173 -2.203 -2.151 -2.173 -2.256 -2.233 -2.191 -2.191 -2.198 -2.223 -2.196 -2.191 -2.183 -2.118 -2.128 -2.223 -2.208 -2.223
-2.198 -2.165 -2.145 -2.195 -2.225 -2.2 -2.195 -2.168 -2.188 -2.168 -2.16 -2.213 -2.18 -2.188 -2.195 -2.18 -2.195 -2.22 -2.26 -2.243 -2.205 -2.183 -2.17 -1.926 -1.908 -2.16 -2.193 -2.218 -2.223 -2.18 -2.215 -2.208 -2.206 -2.166 -2.163 -2.151 -2.218 -2.173 -2.121 -2.171 -2.241 -2.236 -2.203 -2.241 -2.231 -2.251 -2.168 -2.138 -2.138 -2.173 -2.118 -2.111 -2.218 -2.186 -2.168 -2.186 -2.191 -2.176 -2.161 -2.211 -2.208 -2.253 -2.201 -2.178 -2.198 -2.178 -2.213 -2.171 -2.163 -2.226 -2.188 -2.223 -2.238
-2.158 -2.193 -2.17 -2.165 -2.183 -2.23 -2.143 -2.195 -2.238 -2.238 -2.218 -2.223 -2.23 -2.143 -2.215 -2.158 -2.188 -2.23 -2.24 -2.225 -2.225 -2.185 -2.153 -1.897 -1.911 -1.948 -2.155 -2.195 -2.193 -2.22 -2.175 -2.166 -2.221 -2.203 -2.176 -2.133 -2.188 -2.158 -2.183 -2.151 -2.201 -2.181 -2.248 -2.201 -2.216 -2.196 -2.233 -2.183 -2.158 -2.191 -2.196 -2.156 -2.201 -2.233 -2.166 -2.196 -2.163 -2.181 -2.178 -2.208 -2.166 -2.246 -2.188 -2.171 -2.203 -2.198 -2.151 -2.193 -2.221 -2.178 -2.146 -2.143 -2.198
-2.178 -2.18 -2.173 -2.148 -2.168 -2.148 -2.15 -2.14 -2.16 -2.17 -2.223 -2.228 -2.17 -2.163 -2.195 -2.243 -1.944 -2.163 -2.175 -2.203 -2.178 -2.178 -2.178 -2.213 -2.193 -2.17 -2.148 -2.11 -2.18 -1.928 -1.894 -2.153 -2.118 -2.213 -2.186 -2.193 -2.148 -2.228 -2.206 -2.131 -2.138 -2.183 -2.286 -2.193 -2.198 -2.141 -2.263 -2.243 -2.218 -2.188 -2.256 -2.186 -2.151 -2.176 -2.196 -2.161 -2.171 -2.176 -2.201 -2.231 -2.146 -2.113 -2.138 -2.168 -2.201 -2.196 -2.178 -2.166 -2.161 -2.198 -2.146 -2.093 -2.191
-2.158 -2.168 -2.168 -2.17 -2.175 -2.188 -2.185 -2.168 -2.168 -2.198 -2.19 -2.223 -2.19 -2.168 -2.193 -2.218 -1.896 -1.894 -2.14 -2.163 -2.173 -2.19 -2.213 -2.22 -2.235 -2.18 -2.183 -2.155 -2.178 -1.91 -1.951 -2.173 -2.186 -2.181 -2.203 -2.226 -2.188 -2.181 -2.181 -2.163 -2.096 -2.198 -2.193 -2.193 -2.151 -2.183 -2.188 -2.223 -2.258 -2.221 -2.196 -2.228 -2.123 -2.183 -2.203 -2.153 -2.151 -2.221 -2.176 -2.188 -2.116 -2.136 -2.158 -2.211 -2.261 -2.248 -2.243 -2.218 -2.176 -2.166 -2.201 -2.191 -2.188
-2.18 -2.148 -2.195 -2.143 -2.125 -2.205 -2.185 -2.17 -2.125 -2.188 -2.183 -2.18 -2.19 -2.223 -2.203 -1.873 -1.931 -2.2 -2.148 -2.19 -2.213 -2.218 -2.193 -2.183 -2.223 -2.213 -2.17 -2.178 -2.185 -2.165 -2.225 -2.161 -2.168 -2.181 -2.208 -2.186 -2.206 -2.173 -2.203 -2.188 -2.158 -2.221 -2.176 -2.153 -2.153 -2.161 -2.206 -2.206 -2.251 -2.191 -2.221 -2.203 -2.208 -2.188 -2.218 -2.223 -2.171 -2.163 -2.161 -2.173 -2.218 -2.166 -2.123 -2.161 -2.191 -2.201 -2.221 -2.223 -2.221 -2.191 -2.191 -2.206 -2.221
-2.183 -2.195 -2.173 -2.2 -2.163 -2.163 -2.238 -2.153 -2.16 -2.155 -2.173 -2.163 -2.18 -2.193 -2.185 -2.2 -2.15 -2.253 -2.17 -2.185 -2.23 -2.205 -2.195 -2.2 -2.21 -2.188 -2.143 -2.16 -2.19 -2.185 -2.198 -2.196 -2.168 -2.141 -2.141 -2.188 -2.201 -2.181 -2.188 -2.191 -2.178 -2.208 -2.196 -2.161 -2.156 -2.166 -2.133 -2.176 -2.186 -2.241 -2.206 -2.238 -2.246 -2.163 -2.196 -2.181 -2.203 -2.171 -2.171 -2.181 -2.191 -2.241 -2.166 -2.221 -2.166 -2.213 -2.216 -2.218 -2.188 -2.263 -2.188 -2.211 -2.206
-2.155 -2.173 -2.133 -2.175 -2.135 -2.1 -2.138 -2.165 -2.13 -2.178 -2.165 -2.163 -2.165 -2.14 -2.183 -2.225 -2.158 -2.208 -2.205 -2.16 -2.155 -2.168 -2.19 -2.215 -2.175 -2.193 -2.208 -2.203 -2.195 -2.185 -2.188 -1.919 -2.191 -2.143 -2.146 -2.146 -2.206 -2.201 -2.186 -2.193 -2.238 -2.178 -2.191 -2.171 -2.096 -2.156 -2.158 -2.186 -2.161 -2.193 -2.166 -2.193 -2.166 -2.156 -2.228 -2.211 -2.246 -2.216 -2.191 -2.156 -2.201 -2.163 -2.161 -2.201 -2.123 -2.178 -2.203 -2.158 -2.183 -2.238 -2.208 -2.248 -2.188
-2.128 -2.158 -2.17 -2.188 -2.16 -2.133 -2.145 -2.228 -2.188 -2.2 -2.165 -2.18 -2.15 -2.16 -2.183 -2.165 -2.14 -2.148 -2.173 -2.208 -2.175 -2.178 -2.205 -2.235 -2.185 -2.2 -2.25 -2.21 -2.2 -2.195 -2.138 -2.188 -2.208 -2.183 -2.151 -2.173 -2.151 -2.218 -2.193 -2.193 -2.161 -2.226 -2.188 -2.228 -2.208 -2.183 -2.178 -2.156 -2.176 -2.196 -2.221 -2.206 -2.186 -2.186 -2.221 -2.243 -2.198 -2.208 -2.181 -2.183 -2.196 -2.176 -2.193 -2.158 -2.173 -2.151 -2.198 -2.168 -2.188 -2.213 -2.241 -2.208 -2.163
-2.175 -2.125 -2.145 -2.203 -2.198 -2.153 -2.133 -2.21 -2.195 -2.158 -2.193 -2.168 -2.14 -2.165 -2.135 -2.14 -2.168 -2.168 -2.183 -2.195 -2.19 -2.195 -2.188 -2.205 -2.223 -2.178 -2.183 -2.168 -2.215 -2.183 -2.175 -2.176 -2.188 -2.233 -2.211 -2.158 -2.158 -2.156 -2.131 -2.198 -2.181 -2.191 -2.198 -2.158 -2.231 -1.896 -2.173 -2.198 -2.143 -2.158 -2.171 -2.156 -2.183 -2.148 -2.163 -2.263 -2.173 -2.176 -2.213 -2.203 -2.183 -2.241 -2.226 -2.198 -2.221 -2.148 -2.208 -2.166 -2.193 -2.228 -2.208 -2.198 -2.236
-2.18 -2.155 -2.15 -2.133 -2.158 -2.145 -2.178 -2.17 -2.17 -2.145 -2.188 -2.185 -2.17 -2.17 -2.175 -2.223 -2.223 -2.165 -2.15 -2.133 -2.18 -2.233 -2.205 -2.193 -2.183 -2.205 -1.897 -2.208 -2.173 -2.208 -2.198 -2.191 -2.166 -2.198 -2.181 -2.183 -2.153 -2.168 -2.173 -2.201 -2.161 -2.181 -2.208 -2.176 -2.193 -2.161 -2.186 -2.178 -2.196 -2.138 -2.181 -2.203 -2.183 -2.213 -2.181 -2.173 -2.208 -2.216 -2.218 -2.181 -2.153 -2.198 -2.173 -2.198 -2.176 -2.218 -2.158 -2.163 -2.153 -2.213 -2.193 -2.133 -2.188
-2.155 -2.183 -2.15 -2.09 -2.173 -2.2 -2.213 -2.175 -2.215 -2.188 -2.163 -2.155 -2.143 -2.173 -2.13 -2.215 -2.195 -2.19 -2.15 -2.138 -2.155 -2.19 -2.178 -2.168 -2.15 -2.18 -1.856 -2.173 -2.168 -2.173 -2.228 -2.216 -2.193 -2.161 -2.156 -2.223 -2.238 -2.211 -2.228 -2.178 -2.153 -2.171 -2.161 -2.161 -2.151 -2.161 -2.221 -2.161 -2.191 -2.161 -2.151 -2.161 -2.168 -2.171 -2.216 -2.168 -2.186 -2.173 -2.181 -2.206 -2.236 -2.211 -2.213 -2.181 -2.201 -2.191 -2.203 -2.233 -2.203 -2.191 -2.151 -2.098 -2.151
