All_lidar/sz5786_DSM_2M.asc
ncols 500
nrows 500
xllcorner    457000
yllcorner    86000
cellsize     2
NODATA_value -9999
[rows 320 to 351 of 500, columns 360 to 431 of 500]
30.676 29.846 29.806 29.816 29.864 29.964 30.009 30.016 30.079 30.149 30.244 30.364 30.389 30.381 30.391 30.416 30.424 30.439 30.506 30.521 30.569 30.611 30.606 30.629 30.644 30.639 30.619 30.589 30.586 30.551 30.524 30.471 30.436 30.376 30.331 30.244 30.181 30.086 29.994 29.899 29.779 29.619 29.491 29.304 29.156 28.961 28.781 28.584 28.389 28.161 27.946 27.734 27.499 27.286 27.069 26.811 26.576 26.374 26.134 25.909 25.689 25.476 25.269 25.066 24.886 24.694 24.481 24.274 24.079 23.914 23.769 23.659
29.901 29.804 29.799 29.841 29.896 29.976 30.009 30.051 30.111 30.211 30.284 30.346 30.389 30.404 30.401 30.439 30.489 30.489 30.539 30.566 30.591 30.649 30.656 30.691 30.706 30.691 30.659 30.684 30.659 30.619 30.576 30.519 30.501 30.461 30.394 30.326 30.249 30.161 30.079 29.989 29.834 29.701 29.574 29.424 29.249 29.051 28.874 28.666 28.456 28.236 28.019 27.806 27.576 27.371 27.121 26.871 26.626 26.414 26.199 25.951 25.751 25.524 25.324 25.104 24.894 24.676 24.484 24.294 24.094 23.874 23.741 23.624
29.824 29.786 29.834 29.866 29.951 29.969 30.016 30.061 30.151 30.241 30.309 30.369 30.394 30.396 30.409 30.434 30.489 30.544 30.579 30.634 30.626 30.681 30.711 30.704 30.724 30.739 30.741 30.729 30.721 30.666 30.646 30.594 30.536 30.509 30.461 30.399 30.336 30.256 30.144 30.061 29.939 29.801 29.676 29.499 29.329 29.151 28.971 28.766 28.559 28.304 28.114 27.859 27.666 27.426 27.171 26.921 26.696 26.459 26.231 25.999 25.801 25.566 25.334 25.121 24.931 24.726 24.521 24.281 24.081 23.866 23.741 23.614
29.806 29.791 29.841 29.911 29.944 29.974 30.029 30.084 30.179 30.274 30.329 30.339 30.381 30.406 30.439 30.481 30.506 30.546 30.586 30.639 30.684 30.724 30.766 30.764 30.801 30.791 30.774 30.744 30.739 30.726 30.709 30.649 30.601 30.556 30.539 30.466 30.421 30.329 30.226 30.146 30.049 29.901 29.766 29.604 29.444 29.261 29.069 28.851 28.636 28.421 28.201 27.959 27.729 27.496 27.251 26.999 26.754 26.531 26.296 26.049 25.819 25.611 25.371 25.154 24.936 24.711 24.504 24.314 24.104 23.901 23.716 23.556
29.799 29.831 29.861 29.944 29.961 30.024 30.081 30.151 30.241 30.306 30.316 30.349 30.374 30.424 30.449 30.461 30.524 30.569 30.641 30.671 30.699 30.761 30.759 30.814 30.821 30.816 30.811 30.801 30.789 30.761 30.721 30.704 30.654 30.639 30.614 30.551 30.476 30.394 30.326 30.224 30.111 29.989 29.831 29.721 29.519 29.329 29.151 28.939 28.736 28.494 28.276 28.041 27.829 27.574 27.321 27.059 26.826 26.589 26.349 26.124 25.879 25.664 25.424 25.204 24.971 24.759 24.549 24.339 24.094 23.886 23.699 23.561
29.809 29.844 29.924 29.939 29.976 30.059 30.121 30.191 30.276 30.334 30.344 30.376 30.386 30.439 30.461 30.486 30.524 30.601 30.654 30.691 30.729 30.761 30.814 30.831 30.839 30.836 30.846 30.859 30.836 30.809 30.774 30.736 30.701 30.666 30.646 30.581 30.546 30.469 30.381 30.271 30.156 30.051 29.946 29.774 29.606 29.424 29.234 29.024 28.789 28.576 28.361 28.134 27.896 27.646 27.379 27.139 26.889 26.649 26.404 26.174 25.934 25.701 25.444 25.221 24.996 24.779 24.561 24.366 24.136 23.906 23.711 23.524
29.824 29.874 29.921 29.946 30.044 30.111 30.189 30.244 30.324 30.381 30.401 30.399 30.431 30.439 30.479 30.534 30.564 30.624 30.654 30.736 30.759 30.789 30.811 30.846 30.859 30.864 30.861 30.856 30.841 30.821 30.796 30.776 30.749 30.721 30.709 30.636 30.584 30.509 30.426 30.366 30.251 30.116 30.004 29.831 29.666 29.501 29.271 29.104 28.891 28.664 28.416 28.179 27.956 27.716 27.479 27.189 26.931 26.696 26.476 26.244 25.969 25.734 25.494 25.244 25.034 24.801 24.579 24.361 24.164 23.926 23.724 23.516
29.851 29.921 29.949 29.989 30.056 30.154 30.239 30.286 30.346 30.359 30.389 30.406 30.436 30.476 30.514 30.559 30.599 30.629 30.681 30.746 30.771 30.821 30.826 30.846 30.864 30.879 30.864 30.886 30.866 30.871 30.844 30.824 30.789 30.744 30.749 30.681 30.619 30.566 30.499 30.426 30.326 30.191 30.059 29.931 29.739 29.564 29.361 29.169 28.971 28.721 28.489 28.246 28.014 27.766 27.509 27.271 26.991 26.766 26.501 26.264 26.046 25.786 25.559 25.286 25.031 24.831 24.619 24.379 24.179 23.944 23.704 23.536
29.909 29.941 29.989 30.021 30.089 30.214 30.299 30.351 30.384 30.404 30.406 30.441 30.491 30.486 30.516 30.566 30.619 30.669 30.731 30.756 30.784 30.831 30.851 30.856 30.876 30.861 30.876 30.891 30.886 30.861 30.871 30.829 30.816 30.784 30.744 30.711 30.679 30.604 30.546 30.459 30.376 30.259 30.131 29.956 29.799 29.616 29.429 29.224 29.011 28.786 28.549 28.344 28.089 27.836 27.594 27.356 27.069 26.801 26.564 26.339 26.096 25.839 25.571 25.329 25.071 24.879 24.636 24.394 24.149 23.939 23.736 23.536
29.914 29.989 30.039 30.099 30.196 30.276 30.319 30.374 30.394 30.426 30.456 30.471 30.506 30.541 30.571 30.631 30.659 30.689 30.739 30.794 30.859 30.869 30.881 30.876 30.881 30.881 30.889 30.909 30.879 30.889 30.889 30.836 30.829 30.786 30.769 30.724 30.694 30.641 30.586 30.514 30.409 30.311 30.151 30.001 29.836 29.669 29.456 29.286 29.091 28.859 28.631 28.389 28.131 27.894 27.646 27.391 27.139 26.901 26.664 26.399 26.129 25.874 25.629 25.349 25.129 24.899 24.641 24.414 24.199 23.964 23.721 23.491
29.971 30.009 30.081 30.161 30.261 30.316 30.389 30.399 30.424 30.459 30.481 30.494 30.516 30.586 30.626 30.654 30.696 30.734 30.794 30.836 30.869 30.871 30.884 30.906 30.911 30.931 30.904 30.921 30.904 30.914 30.889 30.856 30.839 30.829 30.814 30.761 30.691 30.654 30.604 30.524 30.436 30.321 30.186 30.039 29.876 29.694 29.491 29.331 29.146 28.891 28.661 28.444 28.191 27.969 27.704 27.434 27.186 26.936 26.694 26.421 26.171 25.929 25.674 25.406 25.156 24.926 24.666 24.429 24.179 23.976 23.744 23.491
30.011 30.051 30.134 30.241 30.294 30.361 30.419 30.429 30.451 30.486 30.524 30.549 30.554 30.596 30.624 30.661 30.734 30.764 30.821 30.846 30.886 30.909 30.916 30.914 30.929 30.931 30.931 30.931 30.921 30.911 30.901 30.889 30.851 30.849 30.794 30.784 30.739 30.701 30.631 30.554 30.474 30.346 30.204 30.054 29.894 29.721 29.559 29.356 29.161 28.951 28.726 28.484 28.226 27.976 27.724 27.509 27.251 26.981 26.739 26.471 26.221 25.966 25.714 25.449 25.206 24.964 24.686 24.414 24.201 23.966 23.736 23.514
30.084 30.104 30.179 30.284 30.341 30.404 30.439 30.456 30.464 30.511 30.546 30.556 30.606 30.626 30.679 30.719 30.751 30.801 30.829 30.881 30.924 30.926 30.946 30.949 30.959 30.954 30.939 30.949 30.931 30.934 30.941 30.886 30.881 30.834 30.811 30.791 30.754 30.679 30.631 30.574 30.491 30.356 30.234 30.076 29.921 29.746 29.566 29.381 29.184 28.976 28.764 28.511 28.266 28.026 27.776 27.529 27.269 27.011 26.776 26.539 26.254 25.996 25.729 25.474 25.224 24.969 24.729 24.481 24.214 23.964 23.734 23.506
30.116 30.166 30.254 30.341 30.381 30.414 30.446 30.474 30.499 30.539 30.556 30.584 30.616 30.636 30.684 30.736 30.786 30.839 30.871 30.901 30.931 30.931 30.974 30.969 30.971 30.981 30.966 30.964 30.954 30.944 30.916 30.916 30.889 30.856 30.831 30.799 30.741 30.704 30.669 30.571 30.481 30.364 30.221 30.089 29.934 29.756 29.584 29.414 29.191 28.994 28.759 28.541 28.299 28.049 27.786 27.559 27.309 27.064 26.814 26.561 26.296 26.039 25.786 25.511 25.246 25.004 24.761 24.509 24.244 23.979 23.761 23.514
30.201 30.261 30.311 30.379 30.404 30.446 30.479 30.521 30.529 30.546 30.571 30.619 30.654 30.686 30.714 30.746 30.779 30.831 30.889 30.906 30.939 30.941 30.969 30.974 30.986 30.981 30.994 30.971 30.966 30.949 30.949 30.921 30.896 30.844 30.814 30.794 30.781 30.741 30.676 30.581 30.491 30.366 30.216 30.076 29.946 29.784 29.619 29.421 29.229 29.009 28.764 28.536 28.291 28.071 27.836 27.591 27.331 27.076 26.841 26.579 26.336 26.064 25.794 25.541 25.301 25.039 24.786 24.501 24.256 24.004 23.746 23.529
30.281 30.311 30.386 30.441 30.464 30.481 30.509 30.511 30.546 30.571 30.614 30.669 30.664 30.686 30.734 30.769 30.824 30.854 30.896 30.924 30.946 30.971 30.986 30.989 31.004 30.996 31.004 30.994 30.954 30.956 30.954 30.934 30.896 30.854 30.841 30.824 30.794 30.716 30.664 30.584 30.484 30.371 30.229 30.084 29.944 29.759 29.589 29.424 29.226 29.019 28.766 28.526 28.311 28.076 27.814 27.584 27.334 27.084 26.851 26.594 26.326 26.081 25.849 25.579 25.324 25.031 24.769 24.521 24.266 24.026 23.764 23.516
30.331 30.379 30.444 30.481 30.494 30.509 30.526 30.574 30.586 30.606 30.614 30.666 30.689 30.736 30.766 30.801 30.819 30.879 30.906 30.921 30.959 30.969 30.999 31.006 30.994 30.991 30.989 30.996 30.971 30.964 30.941 30.934 30.916 30.871 30.851 30.829 30.784 30.721 30.656 30.581 30.471 30.359 30.219 30.074 29.929 29.759 29.594 29.419 29.209 28.979 28.739 28.509 28.294 28.076 27.816 27.586 27.349 27.096 26.844 26.596 26.351 26.106 25.839 25.584 25.306 25.046 24.794 24.531 24.249 24.009 23.739 23.526
30.396 30.459 30.499 30.511 30.524 30.526 30.576 30.609 30.619 30.634 30.646 30.694 30.714 30.746 30.759 30.809 30.871 30.906 30.924 30.941 30.949 30.979 30.999 31.011 31.009 31.009 31.006 31.014 31.009 30.974 30.936 30.926 30.904 30.874 30.836 30.826 30.781 30.734 30.661 30.569 30.461 30.334 30.206 30.064 29.921 29.759 29.581 29.401 29.169 28.949 28.741 28.499 28.276 28.049 27.809 27.576 27.341 27.106 26.846 26.611 26.354 26.084 25.829 25.571 25.299 25.044 24.784 24.516 24.261 23.996 23.759 23.504
30.479 30.496 30.524 30.536 30.559 30.589 30.609 30.629 30.636 30.661 30.696 30.731 30.719 30.761 30.804 30.831 30.876 30.906 30.911 30.964 30.971 30.996 31.001 31.001 30.981 31.014 30.996 30.994 30.989 30.969 30.954 30.914 30.874 30.861 30.826 30.799 30.771 30.694 30.626 30.549 30.454 30.316 30.181 30.031 29.881 29.714 29.531 29.354 29.171 28.939 28.694 28.479 28.254 28.026 27.811 27.584 27.324 27.091 26.839 26.589 26.351 26.079 25.816 25.566 25.284 25.026 24.779 24.531 24.266 23.999 23.724 23.491
30.506 30.554 30.591 30.569 30.601 30.624 30.629 30.646 30.671 30.686 30.706 30.726 30.751 30.779 30.821 30.849 30.859 30.916 30.934 30.951 30.956 30.969 31.001 31.009 30.996 30.999 30.994 30.974 30.954 30.939 30.941 30.901 30.864 30.829 30.806 30.781 30.726 30.684 30.601 30.514 30.411 30.296 30.169 30.011 29.871 29.691 29.506 29.316 29.094 28.894 28.671 28.471 28.234 28.011 27.776 27.571 27.326 27.061 26.821 26.564 26.321 26.086 25.824 25.566 25.291 25.019 24.799 24.504 24.244 23.979 23.711 23.481
30.556 30.626 30.616 30.606 30.626 30.666 30.676 30.679 30.694 30.694 30.726 30.751 30.779 30.799 30.816 30.854 30.884 30.929 30.939 30.934 30.949 30.964 30.984 30.994 30.971 30.979 30.971 30.971 30.946 30.921 30.886 30.859 30.844 30.801 30.789 30.744 30.709 30.651 30.546 30.476 30.364 30.249 30.106 29.961 29.809 29.659 29.479 29.294 29.069 28.861 28.656 28.426 28.189 27.986 27.766 27.534 27.279 27.039 26.794 26.564 26.304 26.056 25.801 25.546 25.286 25.021 24.749 24.469 24.224 23.966 23.724 23.459
30.586 30.601 30.629 30.669 30.696 30.691 30.711 30.711 30.709 30.729 30.776 30.774 30.796 30.814 30.839 30.869 30.891 30.926 30.919 30.941 30.961 30.966 30.961 30.964 30.969 30.969 30.956 30.931 30.911 30.901 30.886 30.869 30.829 30.784 30.769 30.734 30.686 30.591 30.521 30.409 30.296 30.184 30.051 29.906 29.759 29.589 29.396 29.209 29.014 28.829 28.601 28.404 28.176 27.924 27.721 27.491 27.264 27.034 26.781 26.561 26.274 26.026 25.771 25.531 25.286 25.001 24.736 24.481 24.219 23.944 23.656 23.436
30.646 30.666 30.679 30.689 30.724 30.726 30.736 30.734 30.754 30.741 30.764 30.769 30.801 30.824 30.844 30.886 30.879 30.924 30.926 30.939 30.944 30.924 30.949 30.949 30.959 30.951 30.936 30.896 30.889 30.836 30.814 30.801 30.771 30.734 30.719 30.681 30.634 30.544 30.486 30.374 30.241 30.134 29.996 29.856 29.686 29.521 29.359 29.151 28.961 28.756 28.529 28.334 28.121 27.911 27.664 27.449 27.226 27.004 26.759 26.516 26.284 26.044 25.769 25.484 25.239 24.986 24.714 24.476 24.191 23.909 23.659 23.409
30.696 30.704 30.706 30.714 30.741 30.741 30.761 30.769 30.781 30.776 30.766 30.799 30.824 30.826 30.851 30.866 30.884 30.914 30.911 30.931 30.931 30.916 30.954 30.951 30.944 30.921 30.916 30.884 30.866 30.801 30.769 30.751 30.706 30.699 30.651 30.619 30.579 30.504 30.426 30.309 30.194 30.066 29.909 29.756 29.601 29.459 29.261 29.074 28.861 28.676 28.479 28.274 28.056 27.839 27.644 27.419 27.199 26.951 26.739 26.511 26.269 25.999 25.736 25.494 25.236 24.956 24.689 24.414 24.161 23.876 23.634 23.374
30.701 30.714 30.729 30.741 30.784 30.789 30.764 30.781 30.784 30.799 30.799 30.816 30.836 30.851 30.849 30.871 30.879 30.904 30.889 30.904 30.909 30.914 30.924 30.931 30.901 30.894 30.886 30.831 30.811 30.774 30.749 30.721 30.676 30.639 30.616 30.574 30.501 30.406 30.341 30.236 30.114 29.991 29.831 29.676 29.549 29.371 29.186 28.989 28.791 28.586 28.396 28.206 28.024 27.821 27.591 27.354 27.126 26.899 26.696 26.441 26.211 25.946 25.694 25.446 25.211 24.944 24.666 24.409 24.144 23.854 23.601 23.336
30.734 30.754 30.756 30.786 30.786 30.786 30.786 30.809 30.826 30.821 30.799 30.819 30.831 30.846 30.864 30.869 30.864 30.884 30.879 30.911 30.889 30.889 30.914 30.904 30.871 30.856 30.831 30.801 30.744 30.696 30.674 30.649 30.619 30.586 30.569 30.476 30.409 30.334 30.246 30.149 30.014 29.886 29.771 29.594 29.446 29.269 29.091 28.904 28.689 28.526 28.329 28.124 27.924 27.726 27.494 27.316 27.104 26.859 26.651 26.414 26.181 25.959 25.686 25.416 25.166 24.901 24.634 24.366 24.124 23.834 23.589 23.324
30.781 30.789 30.781 30.789 30.804 30.804 30.809 30.809 30.821 30.811 30.816 30.834 30.849 30.856 30.866 30.841 30.866 30.864 30.856 30.859 30.846 30.859 30.871 30.846 30.834 30.796 30.759 30.754 30.709 30.676 30.634 30.599 30.561 30.489 30.454 30.401 30.344 30.279 30.154 30.019 29.909 29.789 29.661 29.504 29.339 29.194 29.026 28.829 28.631 28.441 28.256 28.056 27.856 27.654 27.456 27.246 27.021 26.804 26.604 26.376 26.124 25.879 25.634 25.386 25.149 24.881 24.629 24.346 24.084 23.829 23.541 23.284
30.754 30.781 30.796 30.816 30.829 30.814 30.811 30.801 30.806 30.809 30.801 30.839 30.841 30.864 30.851 30.841 30.839 30.854 30.826 30.816 30.836 30.824 30.821 30.814 30.784 30.746 30.729 30.689 30.661 30.614 30.586 30.556 30.509 30.426 30.389 30.329 30.256 30.169 30.069 29.946 29.821 29.699 29.554 29.406 29.234 29.074 28.906 28.731 28.534 28.341 28.159 27.974 27.779 27.571 27.384 27.179 26.966 26.734 26.529 26.296 26.049 25.806 25.596 25.344 25.104 24.816 24.561 24.314 24.061 23.804 23.496 23.256
30.786 30.804 30.816 30.804 30.819 30.796 30.799 30.814 30.811 30.806 30.806 30.816 30.839 30.846 30.821 30.834 30.824 30.819 30.816 30.806 30.809 30.771 30.764 30.754 30.724 30.694 30.644 30.641 30.594 30.564 30.511 30.464 30.434 30.391 30.341 30.269 30.179 30.079 29.956 29.856 29.736 29.609 29.474 29.301 29.129 28.946 28.781 28.599 28.434 28.251 28.059 27.876 27.694 27.486 27.286 27.091 26.886 26.664 26.439 26.231 26.014 25.761 25.516 25.281 25.024 24.789 24.534 24.271 23.999 23.739 23.474 23.209
30.804 30.799 30.824 30.816 30.811 30.824 30.809 30.784 30.784 30.799 30.809 30.819 30.821 30.816 30.804 30.796 30.786 30.791 30.799 30.771 30.771 30.746 30.731 30.721 30.676 30.641 30.584 30.561 30.536 30.469 30.449 30.424 30.386 30.321 30.234 30.166 30.084 29.994 29.864 29.749 29.626 29.516 29.344 29.171 29.031 28.851 28.681 28.516 28.329 28.149 27.971 27.774 27.586 27.406 27.201 27.006 26.811 26.581 26.361 26.151 25.914 25.696 25.461 25.244 24.986 24.729 24.451 24.211 23.971 23.709 23.416 23.154
30.794 30.821 30.819 30.811 30.814 30.814 30.784 30.786 30.796 30.791 30.766 30.799 30.786 30.784 30.794 30.776 30.766 30.756 30.741 30.709 30.714 30.699 30.671 30.636 30.601 30.564 30.524 30.489 30.459 30.421 30.369 30.329 30.286 30.236 30.156 30.074 29.969 29.869 29.764 29.661 29.541 29.409 29.234 29.074 28.911 28.749 28.574 28.419 28.214 28.066 27.876 27.669 27.481 27.316 27.121 26.921 26.721 26.501 26.289 26.076 25.849 25.619 25.389 25.146 24.901 24.656 24.421 24.166 23.899 23.629 23.351 23.111
30.811 30.821 30.816 30.824 30.804 30.791 30.766 30.754 30.761 30.799 30.786 30.789 30.751 30.749 30.729 30.731 30.711 30.734 30.716 30.689 30.674 30.624 30.614 30.579 30.524 30.484 30.456 30.419 30.374 30.334 30.301 30.261 30.201 30.119 30.074 29.951 29.886 29.796 29.659 29.564 29.406 29.276 29.146 28.976 28.804 28.644 28.471 28.286 28.111 27.921 27.769 27.584 27.404 27.209 27.001 26.811 26.626 26.401 26.216 26.004 25.764 25.546 25.314 25.074 24.831 24.591 24.369 24.116 23.851 23.584 23.304 23.034
