All_lidar/sz5786_DSM_2M.asc
ncols 500
nrows 500
xllcorner    457000
yllcorner    86000
cellsize     2
NODATA_value -9999
[rows 192 to 223 of 500, columns 144 to 215 of 500]
23.009 22.867 22.797 22.797 22.804 23.319 22.342 22.637 23.192 23.212 23.427 27.454 25.087 25.842 26.889 27.507 28.322 29.414 30.579 31.482 32.354 33.567 34.207 35.114 36.997 39.392 38.427 39.182 39.714 39.909 40.102 40.257 40.397 40.534 40.707 40.897 41.107 41.334 41.499 41.592 41.702 41.789 41.922 41.792 40.244 38.582 37.029 35.564 34.397 33.609 32.967 32.209 31.907 31.529 31.312 31.609 31.479 30.264 29.404 29.402 29.552 29.689 29.772 29.899 30.197 30.512 30.712 29.197 28.302 27.099 26.064 25.739
22.789 22.772 22.592 22.597 22.642 22.464 21.724 22.789 23.104 23.317 24.049 25.564 26.209 26.747 27.504 28.282 29.147 30.064 31.347 32.572 32.967 33.907 34.634 35.467 36.737 38.512 38.859 39.262 39.559 39.759 39.977 40.129 40.277 40.457 40.634 40.767 40.934 41.179 41.324 41.449 41.504 41.642 41.757 41.489 39.957 38.244 36.759 35.514 34.529 33.932 33.582 32.397 31.964 31.432 31.129 31.439 30.962 29.714 29.309 29.374 29.502 29.662 29.779 29.919 30.084 31.579 31.107 30.157 29.009 27.599 26.307 25.832
22.709 22.579 22.554 22.504 22.322 21.632 22.439 22.869 23.124 23.542 24.749 26.012 27.317 27.832 28.542 29.452 29.939 30.787 31.569 32.417 33.267 34.104 35.019 36.322 38.597 38.322 38.847 39.132 39.402 39.614 39.857 39.977 40.084 40.257 40.462 40.589 40.777 41.014 41.214 41.257 41.379 41.502 41.589 41.219 39.614 38.057 36.784 35.847 34.954 34.087 33.609 32.607 31.652 31.149 31.112 31.034 30.242 29.289 29.319 29.414 29.494 29.617 29.767 29.897 29.962 30.884 30.714 30.352 29.019 27.579 26.652 25.847
22.474 25.357 27.442 24.209 23.209 22.257 22.679 23.257 23.267 24.222 25.299 26.569 27.907 28.659 29.997 30.127 30.569 31.442 32.249 32.867 33.719 35.249 35.447 38.537 38.159 38.504 38.762 39.004 39.237 39.482 39.652 39.777 39.972 40.139 40.274 40.424 40.607 40.847 40.979 41.127 41.219 41.282 41.347 41.057 39.544 38.194 36.974 36.014 35.134 34.272 33.504 32.589 31.487 30.769 30.892 30.369 29.387 29.184 29.272 29.402 29.627 29.592 29.727 29.849 29.937 32.077 30.762 30.099 28.932 27.729 26.934 25.909
22.292 23.164 23.747 22.634 22.129 24.477 22.727 23.619 24.037 25.327 26.052 27.729 28.682 29.449 30.279 30.892 31.354 32.062 32.579 33.489 34.342 35.427 37.344 39.649 38.309 38.439 38.709 38.904 39.152 39.349 39.494 39.659 39.817 39.992 40.119 40.302 40.494 40.739 40.812 40.967 41.069 41.089 41.144 40.922 39.689 38.532 37.264 36.067 35.207 34.184 33.169 32.317 32.367 31.342 30.837 29.539 28.987 29.122 29.202 29.617 29.894 29.592 29.667 29.807 30.019 30.157 30.592 29.857 28.794 27.894 26.792 25.797
22.242 22.134 22.119 21.467 22.149 22.672 22.984 23.817 24.499 25.594 27.037 28.412 29.734 30.169 30.717 31.847 31.892 32.464 33.204 34.219 37.132 36.994 37.537 38.074 38.082 38.367 38.617 38.794 39.012 39.219 39.367 39.537 39.679 39.844 40.027 40.187 40.414 40.554 40.679 40.772 40.852 40.887 40.949 40.747 39.622 38.429 37.102 36.137 35.004 33.917 32.727 31.767 32.417 31.684 29.862 28.882 28.859 29.049 29.164 29.834 29.864 29.532 29.672 29.774 30.879 30.717 30.409 29.597 28.752 27.722 26.427 25.882
21.922 21.409 21.464 22.257 22.487 22.714 23.644 24.544 25.389 26.309 27.669 28.659 29.617 30.434 31.099 31.712 32.697 33.159 34.602 38.132 37.882 37.172 37.467 37.792 38.014 38.272 38.487 38.669 38.809 39.002 39.204 39.367 39.542 39.737 39.927 40.079 40.224 40.352 40.477 40.562 40.637 40.689 40.702 40.282 39.127 38.099 36.874 35.739 34.717 33.477 32.207 31.142 30.217 29.792 28.719 28.642 28.804 29.012 29.262 29.959 29.787 29.449 29.604 29.747 31.007 30.237 30.767 29.534 28.622 27.437 26.154 25.727
20.919 21.854 22.332 22.479 22.572 23.197 24.199 25.214 26.084 26.939 27.947 28.997 30.029 31.152 32.089 32.307 33.787 34.374 35.317 36.707 37.017 37.127 37.379 37.629 37.897 38.142 38.337 38.474 38.649 38.852 39.024 39.192 39.362 39.579 39.764 39.894 40.034 40.147 40.282 40.339 40.427 40.462 40.457 39.919 38.839 37.702 36.577 35.387 34.159 33.022 31.804 30.694 29.549 28.774 28.464 28.557 28.732 28.964 29.434 30.202 29.747 29.364 29.559 30.042 31.237 30.209 30.052 29.407 28.547 27.162 25.859 25.889
21.472 22.247 22.422 22.474 22.832 23.549 24.769 25.814 26.597 27.492 28.282 29.429 30.484 31.644 32.169 32.819 34.029 35.129 36.117 36.289 36.769 36.989 37.252 37.492 37.719 37.974 38.149 38.294 38.477 38.619 38.777 39.029 39.219 39.402 39.562 39.722 39.822 39.932 40.064 40.152 40.222 40.267 40.259 39.427 38.384 37.157 35.869 34.647 33.447 32.422 31.382 30.324 29.372 28.439 28.397 28.534 28.682 28.889 29.599 29.952 29.267 29.299 29.477 29.827 30.887 30.392 29.657 28.967 28.029 27.002 25.822 25.907
22.207 22.332 22.484 22.789 23.419 24.357 25.557 26.927 27.224 27.949 28.972 29.707 31.102 32.004 32.717 33.557 35.319 36.207 36.392 36.434 36.644 36.874 37.092 37.369 37.564 37.797 37.944 38.144 38.257 38.419 38.594 38.844 39.019 39.232 39.367 39.524 39.634 39.699 39.794 39.919 39.994 40.022 39.974 39.094 38.057 36.782 35.382 34.079 32.894 31.872 31.089 29.999 28.869 28.332 28.377 28.512 28.652 28.854 29.927 29.752 29.117 29.227 29.419 29.584 29.667 30.209 29.424 28.632 27.832 26.879 25.709 25.799
22.217 22.494 23.009 23.499 24.467 25.334 26.259 27.462 28.182 28.807 29.564 31.182 31.654 32.544 35.409 35.087 35.354 35.767 36.224 36.389 36.602 36.787 36.999 37.204 37.399 37.567 37.757 37.937 38.074 38.269 38.462 38.677 38.849 38.969 39.142 39.157 39.194 39.314 39.432 39.492 39.514 39.449 39.297 38.652 37.719 36.429 35.087 33.774 32.612 31.594 30.769 29.539 28.509 28.237 28.332 28.464 28.607 28.999 29.834 29.199 29.042 29.154 29.354 29.497 29.729 29.979 29.207 28.527 27.537 26.477 25.709 25.909
22.432 23.137 24.287 24.729 25.529 26.367 27.137 28.164 28.902 29.724 31.624 33.789 36.957 35.242 35.549 34.909 35.462 35.949 36.137 36.367 36.542 36.732 36.919 37.094 37.227 37.387 37.557 37.764 37.924 38.094 38.344 38.534 38.662 38.482 38.037 37.912 37.857 37.872 37.994 38.089 38.037 38.104 38.144 38.084 37.464 36.229 34.942 33.682 32.274 31.244 30.354 29.037 28.197 28.192 28.299 28.389 28.559 28.972 29.404 28.902 28.984 29.164 29.369 29.752 30.069 29.794 28.844 28.097 27.172 26.069 25.824 25.804
23.132 23.952 24.642 25.577 26.239 27.247 28.987 28.874 29.562 30.364 32.972 35.664 35.422 35.359 34.719 35.417 35.659 35.892 36.064 36.269 36.469 36.647 36.794 36.947 37.104 37.199 37.357 37.539 37.692 37.917 38.102 38.297 38.244 37.402 36.789 36.447 36.429 36.349 36.377 36.422 36.469 36.724 36.862 37.262 36.737 35.819 34.572 33.144 31.899 30.859 29.944 28.534 28.157 28.139 28.199 28.477 28.447 28.757 28.854 28.774 28.949 29.222 29.837 30.254 30.027 29.629 28.382 27.454 26.774 25.927 25.862 25.307
24.194 24.662 25.289 26.749 26.769 28.947 29.092 29.472 30.184 31.047 32.084 33.259 33.877 34.427 35.029 35.389 35.617 35.829 36.012 36.194 36.342 36.517 36.717 36.827 36.949 36.992 37.119 37.314 37.512 37.704 37.892 37.964 37.632 36.857 36.122 35.384 35.084 34.979 34.952 34.899 34.954 35.219 35.459 35.722 35.632 35.047 34.032 33.289 31.677 30.419 29.247 28.127 28.147 28.034 28.182 28.369 28.489 28.607 28.599 28.722 28.937 29.236 30.005 29.903 29.786 29.514 28.343 27.226 26.517 25.949 25.984 25.297
24.864 25.244 25.664 26.462 27.352 28.412 29.512 30.154 30.859 31.914 33.019 34.124 34.012 34.812 35.222 35.354 35.579 35.784 35.979 36.092 36.227 36.389 36.564 36.637 36.752 36.787 36.942 37.134 37.324 37.509 37.644 37.619 37.284 36.447 35.692 34.772 33.922 33.699 33.667 33.644 34.147 35.322 35.062 34.969 34.677 34.097 33.922 34.932 32.649 30.207 28.679 27.944 28.002 27.939 28.094 28.614 29.044 28.799 28.541 28.709 29.132 29.454 30.092 29.863 29.718 29.195 28.174 27.162 26.399 25.977 26.433 26.009
25.452 25.779 26.064 26.719 27.757 28.944 30.059 30.792 31.499 33.699 33.544 34.882 34.324 34.937 35.177 35.329 35.559 35.729 35.869 35.984 36.137 36.272 36.349 36.477 36.602 36.684 36.757 36.932 37.079 37.269 37.377 37.192 37.392 37.159 35.797 34.217 33.197 32.607 32.557 32.809 34.892 35.227 35.292 35.354 35.229 33.644 34.047 34.277 31.142 29.752 28.379 28.152 27.829 27.839 27.892 28.096 28.368 28.348 28.466 29.121 30.243 30.63 30.945 30.363 29.966 29.172 28.138 27.027 26.163 26.029 26.902 26.475
25.974 26.264 26.624 27.177 28.374 29.474 30.684 31.479 32.329 33.092 33.719 36.272 34.987 35.174 35.169 35.269 35.427 35.602 35.762 35.912 36.014 36.127 36.232 36.359 36.457 36.564 36.674 36.779 36.894 37.032 37.127 37.087 36.874 36.117 35.187 33.844 32.722 32.194 31.832 33.222 33.469 33.874 33.499 34.869 32.892 33.284 33.064 31.694 30.037 28.847 27.894 27.979 27.759 27.776 27.851 27.974 28.119 28.241 28.433 29.203 30.433 31.074 30.616 29.94 29.689 28.922 27.867 26.698 25.941 26.126 26.781 26.027
26.507 26.812 27.344 28.304 29.369 30.429 31.462 33.637 33.854 34.202 34.049 34.244 34.972 35.329 35.122 35.207 35.349 35.469 35.634 35.789 35.942 36.042 36.047 36.222 36.309 36.429 36.544 36.647 36.769 36.884 36.969 36.989 36.702 35.824 34.724 33.417 32.427 31.914 31.194 33.389 32.622 34.104 32.539 32.859 31.524 32.019 32.264 31.129 29.047 27.849 27.979 27.909 27.691 27.738 27.781 27.884 28.058 28.18 28.304 28.855 29.592 29.849 29.419 29.144 28.907 28.222 27.239 26.244 25.702 26.088 26.254 25.565
28.112 28.134 28.532 29.207 30.537 31.234 31.987 34.517 33.934 33.754 34.187 34.467 34.744 34.932 34.942 35.129 35.259 35.402 35.559 35.702 35.837 35.949 35.982 36.079 36.239 36.377 36.474 36.582 36.694 36.809 36.949 36.792 36.289 35.527 34.364 32.927 31.982 31.594 30.844 30.949 32.044 31.574 30.549 30.222 30.082 30.112 30.597 29.352 28.012 27.807 28.082 27.619 27.627 27.652 27.744 27.84 27.975 28.08 28.148 28.238 28.383 28.414 28.289 28.244 28.227 27.533 26.655 25.944 25.544 25.785 25.656 25.136
28.259 28.974 29.739 30.204 31.524 31.964 32.657 33.612 33.784 34.232 34.409 35.082 35.269 34.942 34.879 35.067 35.264 35.394 35.507 35.659 35.809 35.909 35.989 36.072 36.182 36.287 36.409 36.524 36.647 36.762 36.919 36.599 36.067 35.322 34.084 32.582 31.509 31.192 31.182 30.017 30.517 31.159 30.929 29.714 29.547 29.267 28.522 28.014 27.614 27.902 27.617 27.516 27.533 27.569 27.658 27.782 27.913 27.999 27.964 27.844 27.616 27.355 27.114 26.928 26.816 26.54 26.133 25.689 25.331 25.516 25.078 24.811
29.327 30.279 30.729 31.607 33.547 34.069 33.064 33.739 34.139 34.257 34.224 34.799 35.062 34.594 34.752 34.952 35.159 35.367 35.467 35.632 35.744 35.852 36.002 36.062 36.127 36.222 36.379 36.474 36.634 36.737 36.787 36.372 35.864 35.024 33.737 32.184 31.184 30.954 30.422 29.269 28.747 29.619 30.157 27.942 27.777 27.879 27.434 27.497 27.472 27.467 27.428 27.434 27.47 27.503 27.58 27.701 27.855 27.906 27.734 27.364 27.103 26.912 26.739 26.358 26.014 25.749 25.522 25.337 25.158 25.07 24.839 24.817
30.669 30.919 31.554 33.109 34.539 33.617 33.659 34.387 34.337 33.924 33.897 34.192 34.444 34.467 34.657 34.819 35.069 35.264 35.397 35.539 35.699 35.797 35.922 36.012 36.082 36.127 36.289 36.507 36.587 36.784 36.579 36.144 35.677 34.789 33.352 31.929 31.224 30.657 30.092 28.627 27.644 27.384 27.784 27.497 27.567 27.549 27.377 27.357 27.407 27.399 27.405 27.386 27.399 27.43 27.494 27.474 27.446 27.96 28.089 28.039 26.912 26.77 26.74 26.291 25.917 25.589 25.367 25.155 25.003 24.903 24.818 24.781
31.789 31.329 32.407 33.197 33.614 33.552 33.289 33.657 33.724 33.667 33.804 33.964 34.209 34.452 34.592 34.814 34.962 35.214 35.357 35.444 35.579 35.684 35.809 35.962 36.032 36.109 36.272 36.447 36.567 36.779 36.462 36.017 35.484 34.324 32.894 31.802 31.362 30.299 28.879 27.612 27.344 27.422 27.549 27.552 27.432 27.379 27.362 27.319 27.339 27.355 27.343 27.34 27.342 27.395 27.125 26.849 26.812 27.287 28.137 28.091 26.04 26.278 25.811 25.542 25.663 25.68 25.379 25.126 24.999 24.886 24.816 24.739
31.134 32.359 32.354 33.072 33.554 33.007 32.942 33.204 33.304 33.519 33.767 33.904 34.169 34.402 34.579 34.759 34.917 35.104 35.264 35.339 35.452 35.552 35.689 35.877 35.957 36.054 36.229 36.429 36.654 36.904 36.259 35.847 35.179 33.979 32.549 31.627 31.094 30.397 28.494 27.339 27.374 27.587 27.589 27.554 27.537 27.354 27.302 27.294 27.319 27.372 27.336 27.306 27.25 26.989 26.657 26.329 26.076 25.997 26.812 25.769 24.897 25.333 24.726 24.274 24.427 24.604 24.919 24.975 24.869 24.901 24.971 24.793
31.302 31.379 32.277 32.924 33.189 33.099 32.914 33.119 33.299 33.424 33.664 33.844 34.057 34.297 34.497 34.729 34.847 35.014 35.144 35.279 35.347 35.482 35.624 35.832 35.924 36.082 36.172 36.374 36.592 36.564 36.097 35.672 34.982 33.594 32.154 31.459 30.637 29.859 28.139 27.212 27.422 28.037 27.959 28.237 27.879 27.397 27.282 27.254 27.287 27.283 27.277 27.227 26.942 26.609 26.268 25.771 25.51 25.424 25.806 24.795 24.683 24.736 24.436 23.956 23.952 24.169 24.523 25.051 24.845 24.895 25.015 24.839
30.964 31.249 32.052 32.649 32.677 32.732 32.799 33.037 33.224 33.394 33.547 33.664 33.879 34.139 34.374 34.574 34.742 34.869 35.034 35.107 35.277 35.444 35.559 35.757 35.882 36.054 36.174 36.404 36.567 36.669 36.094 35.657 34.624 33.339 31.919 31.052 30.239 29.429 27.697 27.227 27.587 28.762 28.957 29.324 28.447 27.579 27.197 27.194 27.199 27.19 27.158 26.906 26.618 26.289 25.841 25.426 25.458 25.15 25.212 24.324 24.296 24.802 25.05 24.266 24.009 24.123 24.829 25.317 24.817 24.941 25.076 24.883
31.087 31.174 31.737 32.297 32.332 32.572 32.757 32.942 33.092 33.282 33.449 33.592 33.774 34.012 34.269 34.484 34.654 34.769 34.892 35.017 35.254 35.402 35.539 35.699 35.842 35.972 36.124 36.237 36.417 36.552 36.024 35.854 34.482 33.027 31.692 30.817 29.772 28.614 27.304 27.167 27.764 28.887 29.937 29.959 29.099 27.752 27.117 27.124 27.117 27.155 26.869 26.583 26.322 26.154 25.67 25.05 24.831 24.707 24.503 23.792 24.201 24.501 24.764 24.136 24.172 24.237 24.834 25.265 24.873 24.916 25.321 24.886
31.062 31.049 31.512 32.222 32.302 32.419 32.657 32.834 32.984 33.092 33.322 33.522 33.717 33.952 34.127 34.372 34.529 34.679 34.807 34.997 35.137 35.297 35.474 35.607 35.779 35.929 36.077 36.144 36.187 36.269 36.029 35.209 34.169 32.817 31.547 30.569 29.417 28.292 27.009 27.099 27.654 28.822 29.772 29.752 29.114 27.784 27.079 27.052 27.063 26.953 26.654 26.358 26.662 26.645 25.922 25.256 24.749 24.419 23.957 24.387 24.822 24.884 24.827 24.309 24.243 24.313 24.869 25.319 24.972 24.936 24.975 24.948
31.052 30.999 31.302 32.072 32.189 32.254 32.464 32.704 32.852 33.042 33.194 33.389 33.602 33.834 34.004 34.267 34.469 34.664 34.777 34.924 35.107 35.289 35.432 35.592 35.722 35.862 35.999 36.094 36.172 36.219 35.982 35.014 34.072 32.542 31.287 30.349 29.199 27.942 26.922 27.039 27.299 28.324 29.282 29.397 28.729 27.567 27.037 27.024 27.033 26.876 26.556 26.21 27.227 26.988 25.675 24.864 24.365 23.943 23.213 23.33 23.655 24.003 24.991 24.526 24.313 24.424 24.984 25.414 25.508 25.567 25.224 25.047
30.679 30.912 31.159 31.722 32.062 32.157 32.354 32.532 32.717 32.957 33.104 33.307 33.507 33.727 33.934 34.157 34.409 34.612 34.764 34.924 35.062 35.184 35.397 35.517 35.687 35.799 35.922 36.062 36.112 36.142 35.912 35.009 35.039 34.374 31.172 30.084 30.577 29.844 27.134 27.007 27.029 27.639 28.347 28.342 27.922 27.242 26.997 27.027 27.033 26.861 26.534 26.275 27.144 25.971 25.209 24.45 23.972 23.44 22.472 22.542 22.988 24.504 25.106 24.659 24.466 24.598 25.104 25.633 26.057 26.826 25.557 25.246
30.604 30.802 31.002 31.377 31.804 31.969 32.139 32.367 32.574 32.777 32.987 33.187 33.409 33.649 33.849 34.089 34.284 34.487 34.684 34.912 35.072 35.224 35.384 35.512 35.629 35.737 35.844 35.927 36.112 36.074 35.612 34.934 35.144 34.522 31.339 29.869 29.502 27.442 26.977 27.042 26.929 27.032 27.244 27.222 27.052 26.927 26.952 27.017 26.97 26.917 26.569 26.384 26.77 25.6 24.843 23.979 23.517 22.935 22.128 22.176 22.758 24.402 24.709 24.707 24.507 24.627 25.069 25.532 25.914 26.109 25.705 25.184
30.607 30.664 30.837 31.182 31.577 31.819 31.932 32.134 32.397 32.677 32.847 33.127 33.357 33.537 33.774 33.999 34.234 34.422 34.589 34.769 34.987 35.177 35.309 35.414 35.582 35.689 35.827 35.847 35.937 35.892 35.294 34.502 34.152 33.037 30.654 30.027 28.832 27.507 26.859 26.989 26.942 26.894 26.897 26.862 26.867 26.867 26.894 26.934 26.932 26.836 26.538 26.811 26.137 24.874 24.355 23.686 23.129 22.488 21.599 22.16 22.735 24.623 24.857 24.732 24.64 24.735 25.153 25.24 25.358 25.443 25.204 25.088
