All_lidar/sz5793_DSM_2M.asc
ncols 500
nrows 500
xllcorner    457000
yllcorner    93000
cellsize     2
NODATA_value -9999
[rows 198 to 230 of 500, columns 0 to 72 of 500]
1.893 1.845 1.803 1.898 1.8 1.723 1.648 1.738 1.78 1.843 1.81 1.698 1.83 1.908 1.86 1.908 1.77 1.69 1.838 1.818 1.765 1.79 1.853 1.76 1.725 1.663 1.7 1.865 1.773 1.77 1.833 1.825 1.758 1.763 1.82 1.698 1.773 1.743 1.728 1.795 1.793 1.75 1.938 1.883 1.678 1.715 1.758 1.77 1.768 1.773 1.76 1.698 1.718 1.813 1.84 1.903 1.795 1.735 1.803 1.893 1.74 1.708 1.778 1.788 1.723 1.698 1.718 1.84 1.875 1.873 1.818 1.738 1.825
1.843 1.79 1.778 1.81 1.703 1.68 1.768 1.775 1.858 1.935 1.853 1.77 1.833 1.908 1.833 1.79 1.81 1.693 1.763 1.768 1.835 1.84 1.793 1.753 1.755 1.688 1.75 1.823 1.73 1.825 1.82 1.908 1.72 1.748 1.818 1.783 1.828 1.685 1.878 1.893 1.795 1.825 1.853 1.748 1.638 1.703 1.745 1.795 1.868 1.733 1.783 1.793 1.828 1.808 1.933 1.848 1.775 1.818 1.775 1.718 1.675 1.638 1.795 1.75 1.67 1.725 1.885 1.853 1.76 1.715 1.773 1.76 1.725
1.94 1.853 1.765 1.713 1.633 1.735 1.953 1.838 1.895 2.015 1.813 1.768 1.865 1.808 1.728 1.763 1.73 1.723 1.718 1.828 1.868 1.785 1.748 1.713 1.75 1.818 1.823 1.738 1.76 1.793 1.813 1.828 1.64 1.733 1.84 1.75 1.775 1.733 1.855 1.845 1.815 1.835 1.758 1.655 1.738 1.773 1.783 1.823 1.825 1.848 1.732 1.817 1.802 1.752 1.85 1.885 1.825 1.797 1.657 1.715 1.692 1.712 1.812 1.767 1.81 1.935 1.875 1.772 1.725 1.677 1.815 1.812 1.747
1.908 1.73 1.69 1.708 1.738 1.813 1.973 1.925 2.015 1.82 1.758 1.75 1.833 1.71 1.693 1.725 1.803 1.77 1.728 1.86 1.86 1.75 1.685 1.75 1.823 1.8 1.76 1.815 1.848 1.753 1.728 1.825 1.693 1.763 1.848 1.768 1.78 1.798 1.793 1.785 1.763 1.8 1.685 1.673 1.765 1.808 1.825 1.853 1.82 1.79 1.795 1.85 1.76 1.71 1.75 1.757 1.772 1.72 1.6 1.735 1.812 1.85 1.82 1.805 1.727 1.74 1.722 1.8 1.705 1.735 1.78 1.83 1.752
1.783 1.693 1.74 1.833 1.828 1.915 1.925 1.838 1.83 1.775 1.76 1.693 1.815 1.725 1.685 1.87 1.9 1.815 1.768 1.838 1.78 1.695 1.683 1.795 1.83 1.758 1.775 1.808 1.848 1.733 1.713 1.86 1.72 1.8 1.823 1.77 1.835 1.808 1.818 1.8 1.768 1.728 1.703 1.77 1.808 1.855 1.735 1.755 1.85 1.795 1.79 1.81 1.72 1.652 1.6 1.66 1.935 1.67 1.72 1.847 1.817 1.825 1.825 1.795 1.792 1.72 1.712 1.74 1.745 1.75 1.775 1.742 1.78
1.763 1.78 1.875 1.78 1.818 1.825 1.84 1.793 1.753 1.74 1.75 1.765 1.835 1.748 1.693 1.893 1.96 1.845 1.763 1.81 1.905 1.78 1.75 1.805 1.848 1.818 1.863 1.803 1.788 1.745 1.775 1.785 1.73 1.87 1.815 1.778 1.825 1.848 1.788 1.803 1.805 1.763 1.683 1.755 1.875 1.853 1.77 1.833 1.803 1.778 1.712 1.795 1.837 1.695 1.675 1.715 1.907 1.73 1.767 1.93 1.822 1.782 1.79 1.827 1.772 1.755 1.752 1.762 1.8 1.81 1.777 1.697 1.907
1.828 1.833 1.925 1.758 1.81 1.63 1.775 1.728 1.71 1.743 1.77 1.773 1.81 1.72 1.793 1.908 1.908 1.71 1.678 1.778 1.833 1.758 1.743 1.845 1.863 1.838 1.903 1.813 1.695 1.755 1.77 1.75 1.808 1.813 1.725 1.763 1.773 1.85 1.815 1.773 1.77 1.728 1.713 1.898 1.898 1.878 1.763 1.858 1.78 1.718 1.685 1.74 1.795 1.75 1.737 1.757 1.815 1.805 1.792 1.752 1.837 1.857 1.765 1.735 1.69 1.775 1.702 1.875 1.832 1.72 1.79 1.835 1.857
1.883 1.84 1.823 1.88 1.78 1.715 1.74 1.753 1.79 1.805 1.81 1.848 1.855 1.748 1.795 1.84 1.753 1.71 1.83 1.835 1.808 1.718 1.76 1.773 1.79 1.803 1.71 1.76 1.73 1.723 1.813 1.79 1.783 1.778 1.778 1.863 1.795 1.893 1.783 1.745 1.768 1.773 1.87 1.968 1.788 1.688 1.693 1.79 1.728 1.75 1.72 1.715 1.7 1.78 1.705 1.73 1.772 1.812 1.79 1.797 1.737 1.682 1.76 1.667 1.76 1.807 1.822 1.732 1.682 1.647 1.842 1.895 1.765
1.908 1.743 1.71 1.79 1.775 1.898 1.858 1.815 1.81 1.81 1.86 1.87 1.858 1.71 1.728 1.788 1.763 1.683 1.835 1.765 1.81 1.78 1.738 1.755 1.848 1.78 1.758 1.88 1.838 1.73 1.888 1.818 1.75 1.713 1.735 1.858 1.868 1.923 1.805 1.723 1.743 1.908 1.905 1.815 1.775 1.713 1.775 1.825 1.775 1.748 1.772 1.875 1.937 1.867 1.832 1.862 1.845 1.84 1.765 1.747 1.727 1.755 1.737 1.767 1.835 1.852 1.81 1.742 1.705 1.725 1.847 1.92 1.747
1.805 1.718 1.783 1.665 1.765 1.828 1.798 1.835 1.84 1.855 1.853 1.86 1.768 1.743 1.78 1.853 1.76 1.678 1.783 1.845 1.788 1.738 1.758 1.74 1.73 1.763 1.845 1.88 1.785 1.735 1.825 1.818 1.805 1.713 1.763 1.835 1.778 1.765 1.758 1.73 1.733 1.848 1.793 1.735 1.655 1.71 1.8 1.893 1.815 1.753 1.732 1.827 1.85 1.845 1.887 1.77 1.712 1.84 1.78 1.685 1.715 1.852 1.802 1.787 1.777 1.735 1.707 1.735 1.772 1.807 1.917 1.8 1.677
1.808 1.798 1.733 1.725 1.875 1.695 1.798 1.828 1.733 1.765 1.88 1.825 1.78 1.718 1.728 1.743 1.75 1.693 1.908 1.793 1.833 1.775 1.738 1.785 1.808 1.835 1.838 1.753 1.735 1.738 1.86 1.86 1.79 1.663 1.785 1.74 1.728 1.728 1.778 1.69 1.865 1.933 1.77 1.74 1.705 1.728 1.848 1.885 1.793 1.878 1.752 1.792 1.742 1.785 1.965 1.74 1.697 1.71 1.735 1.705 1.737 1.835 1.807 1.797 1.755 1.757 1.735 1.747 1.772 1.822 1.922 1.832 1.69
1.835 1.715 1.733 1.795 1.868 1.743 1.883 1.818 1.773 1.745 1.9 1.788 1.868 1.785 1.76 1.78 1.82 1.693 1.813 1.893 1.898 1.82 1.863 1.848 1.858 1.915 1.755 1.72 1.745 1.785 1.798 1.848 1.693 1.715 1.863 1.68 1.758 1.75 1.885 1.795 1.89 1.755 1.628 1.673 1.75 1.845 1.818 1.813 1.798 1.825 1.772 1.782 1.785 1.865 1.81 1.762 1.725 1.692 1.832 1.77 1.812 1.877 1.872 1.677 1.725 1.81 1.807 1.815 1.877 1.917 1.805 1.655 1.657
1.728 1.748 1.765 1.81 1.853 1.793 1.835 1.81 1.805 1.8 1.815 1.793 1.74 1.835 1.763 1.785 1.778 1.805 1.838 1.898 1.893 1.793 1.89 1.893 1.843 1.763 1.695 1.663 1.77 1.78 1.77 1.795 1.808 1.678 1.675 1.753 1.833 1.788 1.768 1.723 1.815 1.688 1.775 1.73 1.86 1.928 1.92 1.78 1.725 1.758 1.8 1.795 1.765 1.94 1.75 1.675 1.63 1.69 1.792 1.867 1.847 1.76 1.8 1.775 1.68 1.685 1.812 1.79 1.897 1.817 1.692 1.675 1.76
1.728 1.765 1.755 1.898 1.828 1.748 1.808 1.868 1.818 1.795 1.718 1.823 1.783 1.785 1.798 1.738 1.758 1.818 1.788 1.81 1.828 1.788 1.773 1.855 1.803 1.68 1.653 1.715 1.798 1.833 1.845 1.785 1.745 1.73 1.785 1.903 1.793 1.8 1.653 1.693 1.753 1.78 1.835 1.793 1.88 1.855 1.88 1.753 1.755 1.763 1.79 1.84 1.772 1.827 1.737 1.615 1.667 1.83 1.9 1.86 1.68 1.73 1.775 1.8 1.677 1.7 1.82 1.912 1.807 1.687 1.6 1.742 1.855
1.835 1.793 1.73 1.808 1.788 1.753 1.725 1.87 1.738 1.8 1.745 1.765 1.805 1.73 1.665 1.698 1.823 1.865 1.808 1.703 1.745 1.715 1.773 1.913 1.773 1.698 1.615 1.758 1.863 1.843 1.785 1.723 1.69 1.74 1.843 1.993 1.865 1.873 1.74 1.65 1.748 1.8 1.775 1.803 1.87 1.855 1.84 1.773 1.803 1.753 1.672 1.757 1.742 1.735 1.665 1.705 1.81 1.912 2.06 1.81 1.67 1.727 1.81 1.807 1.747 1.772 1.83 1.827 1.635 1.627 1.662 1.865 1.967
1.838 1.87 1.723 1.763 1.818 1.773 1.743 1.723 1.65 1.838 1.765 1.703 1.79 1.775 1.753 1.863 1.895 1.77 1.718 1.695 1.725 1.753 1.84 1.778 1.798 1.7 1.733 1.815 1.828 1.775 1.678 1.688 1.77 1.83 1.885 1.878 1.745 1.563 1.63 1.733 1.79 1.835 1.75 1.775 1.835 1.86 1.743 1.69 1.735 1.725 1.745 1.772 1.672 1.677 1.787 1.97 1.935 2 1.855 1.717 1.74 1.717 1.85 1.792 1.835 1.777 1.81 1.805 1.63 1.705 1.912 1.97 1.85
1.943 1.825 1.73 1.73 1.808 1.793 1.748 1.67 1.765 1.833 1.675 1.845 1.848 1.785 1.798 1.803 1.803 1.775 1.785 1.785 1.81 1.808 1.89 1.813 1.735 1.773 1.878 1.863 1.815 1.698 1.655 1.77 1.835 1.868 1.733 1.765 1.663 1.645 1.735 1.798 1.848 1.803 1.765 1.788 1.79 1.778 1.76 1.763 1.74 1.708 1.745 1.747 1.707 1.82 1.882 1.985 1.865 1.755 1.732 1.712 1.715 1.772 1.845 1.737 1.707 1.71 1.795 1.75 1.697 1.835 1.92 1.95 1.752
1.748 1.69 1.708 1.838 1.8 1.79 1.755 1.748 1.805 1.818 1.72 1.945 1.938 1.855 1.798 1.748 1.758 1.75 1.845 1.828 1.785 1.793 1.76 1.73 1.775 1.805 1.853 1.76 1.745 1.74 1.81 1.878 1.813 1.853 1.74 1.74 1.66 1.79 1.83 1.898 1.923 1.875 1.88 1.795 1.948 1.83 1.798 1.85 1.723 1.733 1.797 1.792 1.777 1.94 1.8 1.762 1.797 1.84 1.737 1.762 1.79 1.785 1.822 1.785 1.602 1.67 1.78 1.735 1.765 1.795 1.867 1.935 1.642
1.818 1.718 1.733 1.875 1.79 1.793 1.783 1.795 1.79 1.773 1.788 1.91 1.883 1.825 1.783 1.828 1.755 1.78 1.885 1.853 1.71 1.683 1.815 1.838 1.79 1.8 1.725 1.71 1.708 1.758 1.768 1.803 1.745 1.758 1.72 1.71 1.688 1.843 1.845 1.805 1.795 1.793 1.803 1.765 1.89 1.768 1.755 1.735 1.673 1.813 1.902 1.915 1.822 1.887 1.757 1.75 1.782 1.762 1.742 1.835 1.935 1.832 1.697 1.717 1.605 1.735 1.867 1.85 1.877 1.75 1.652 1.61 1.597
1.848 1.725 1.638 1.795 1.785 1.8 1.733 1.798 1.79 1.76 1.895 1.895 1.91 1.79 1.76 1.868 1.755 1.91 1.88 1.793 1.635 1.73 1.805 1.915 1.885 1.8 1.758 1.775 1.81 1.838 1.858 1.748 1.753 1.805 1.745 1.713 1.78 1.843 1.9 1.768 1.733 1.778 1.7 1.723 1.818 1.898 1.708 1.808 1.715 1.833 1.952 1.88 1.797 1.815 1.612 1.717 1.847 1.805 1.777 1.942 1.965 1.73 1.745 1.707 1.67 1.782 1.935 1.872 1.727 1.677 1.682 1.755 1.762
1.705 1.718 1.65 1.835 1.803 1.788 1.778 1.825 1.793 1.818 1.823 1.708 1.815 1.81 1.798 1.8 1.72 1.893 1.855 1.755 1.69 1.79 1.838 1.875 1.72 1.793 1.765 1.895 1.795 1.8 1.763 1.748 1.775 1.825 1.845 1.78 1.76 1.808 1.785 1.748 1.685 1.698 1.59 1.813 1.775 1.775 1.663 1.75 1.808 1.93 1.955 1.83 1.777 1.795 1.77 1.77 1.8 1.782 1.832 1.927 1.852 1.667 1.765 1.792 1.845 1.862 1.925 1.76 1.68 1.735 1.76 1.852 1.85
1.773 1.708 1.708 1.81 1.785 1.913 1.82 1.855 1.79 1.82 1.7 1.635 1.758 1.835 1.848 1.835 1.733 1.833 1.783 1.75 1.703 1.943 1.945 1.775 1.665 1.788 1.873 1.878 1.728 1.728 1.725 1.788 1.78 1.855 1.783 1.855 1.76 1.76 1.845 1.765 1.75 1.788 1.833 1.875 1.81 1.703 1.688 1.913 1.968 1.848 1.792 1.742 1.702 1.675 1.76 1.825 1.92 1.845 1.832 1.93 1.85 1.67 1.832 1.817 1.917 1.875 1.702 1.62 1.642 1.807 1.882 1.887 1.8
1.773 1.828 1.763 1.875 1.818 1.813 1.868 1.828 1.778 1.77 1.72 1.67 1.755 1.918 1.795 1.795 1.775 1.925 1.833 1.833 1.72 1.768 1.908 1.685 1.685 1.83 1.888 1.72 1.693 1.78 1.765 1.838 1.798 1.82 1.753 1.75 1.76 1.768 1.745 1.758 1.88 1.775 1.84 1.81 1.78 1.745 1.825 1.965 1.838 1.71 1.68 1.697 1.74 1.74 1.81 1.937 1.945 1.825 1.707 1.885 1.77 1.73 1.767 1.837 1.83 1.777 1.672 1.727 1.735 1.805 1.85 1.78 1.797
1.818 1.828 1.773 1.775 1.863 1.868 1.77 1.683 1.778 1.71 1.713 1.788 1.843 1.84 1.835 1.85 1.883 1.91 1.808 1.715 1.713 1.755 1.85 1.72 1.763 1.805 1.91 1.763 1.738 1.78 1.825 1.78 1.66 1.73 1.703 1.715 1.698 1.71 1.783 1.748 1.748 1.75 1.888 1.758 1.783 1.718 1.795 1.82 1.795 1.745 1.755 1.775 1.775 1.815 1.82 1.857 1.8 1.732 1.767 1.745 1.765 1.777 1.782 1.867 1.82 1.83 1.687 1.722 1.8 1.865 1.772 1.657 1.79
1.86 1.763 1.725 1.758 1.818 1.808 1.79 1.73 1.74 1.743 1.785 1.783 1.795 1.798 1.818 1.85 1.88 1.78 1.75 1.703 1.81 1.848 1.88 1.738 1.768 1.765 1.825 1.86 1.765 1.815 1.808 1.795 1.798 1.718 1.718 1.808 1.803 1.745 1.718 1.703 1.795 1.753 1.78 1.723 1.845 1.688 1.785 1.818 1.715 1.698 1.9 1.827 1.83 2.002 1.827 1.932 1.737 1.652 1.75 1.75 1.77 1.835 1.965 1.897 1.852 1.912 1.672 1.772 1.775 1.827 1.74 1.752 1.857
1.78 1.638 1.778 1.745 1.73 1.785 1.805 1.72 1.805 1.855 1.928 1.873 1.898 1.808 1.84 1.813 1.785 1.773 1.738 1.723 1.823 1.84 1.918 1.68 1.693 1.79 1.825 1.875 1.745 1.758 1.755 1.74 1.68 1.705 1.765 1.903 1.825 1.76 1.733 1.693 1.83 1.865 1.793 1.76 1.73 1.745 1.833 1.768 1.748 1.708 1.8 1.892 1.812 1.9 1.86 1.825 1.727 1.63 1.7 1.83 1.807 1.857 1.842 1.747 1.737 1.742 1.635 1.765 1.83 1.897 1.765 1.792 1.81
1.768 1.67 1.813 1.895 1.835 1.83 1.788 1.853 1.808 1.845 1.858 1.89 1.813 1.763 1.688 1.74 1.753 1.78 1.725 1.835 1.835 1.805 1.675 1.673 1.69 1.833 1.865 1.873 1.72 1.75 1.72 1.75 1.728 1.76 1.878 1.908 1.848 1.728 1.698 1.7 1.905 1.9 1.898 1.728 1.73 1.825 1.8 1.728 1.678 1.718 1.8 1.88 1.757 1.777 1.757 1.727 1.732 1.77 1.772 1.782 1.73 1.812 1.817 1.775 1.757 1.74 1.842 1.842 1.922 1.757 1.627 1.722 1.792
1.72 1.75 1.8 1.875 1.758 1.785 1.78 1.835 1.828 1.9 2 1.825 1.605 1.628 1.708 1.76 1.9 1.818 1.758 1.848 1.77 1.848 1.76 1.738 1.825 1.843 1.88 1.91 1.783 1.683 1.758 1.723 1.718 1.88 1.885 1.943 1.845 1.69 1.705 1.86 1.885 1.848 1.75 1.718 1.755 1.803 1.73 1.688 1.64 1.763 1.92 1.897 1.695 1.752 1.762 1.695 1.757 1.712 1.777 1.792 1.72 1.817 1.757 1.697 1.787 1.84 1.857 1.89 1.767 1.717 1.662 1.647 1.76
1.76 1.738 1.783 1.863 1.843 1.853 1.823 1.79 1.848 1.863 1.848 1.725 1.608 1.683 1.778 1.84 1.853 1.763 1.828 1.798 1.783 1.755 1.723 1.755 1.873 1.835 1.753 1.74 1.598 1.628 1.8 1.765 1.828 1.875 1.843 1.788 1.705 1.703 1.74 1.883 1.858 1.845 1.835 1.79 1.67 1.728 1.75 1.743 1.77 1.82 1.98 1.902 1.692 1.745 1.775 1.755 1.722 1.8 1.84 1.905 1.732 1.712 1.657 1.73 1.79 1.852 1.857 1.787 1.762 1.752 1.705 1.662 1.815
1.725 1.735 1.843 1.835 1.818 1.808 1.743 1.805 1.81 1.798 1.773 1.628 1.738 1.79 1.865 1.825 1.79 1.78 1.778 1.775 1.725 1.703 1.778 1.863 1.938 1.843 1.693 1.683 1.598 1.738 1.893 1.815 1.893 1.838 1.678 1.7 1.645 1.713 1.868 1.858 1.855 1.718 1.655 1.645 1.708 1.798 1.78 1.795 1.82 1.843 1.935 1.797 1.737 1.802 1.817 1.765 1.815 1.795 1.757 1.75 1.742 1.725 1.642 1.737 1.872 1.862 1.85 1.75 1.742 1.822 1.84 1.755 1.822
1.783 1.813 1.85 1.778 1.773 1.768 1.768 1.74 1.765 1.748 1.77 1.745 1.768 1.795 1.83 1.805 1.67 1.698 1.828 1.865 1.745 1.753 1.853 1.885 1.995 1.748 1.688 1.71 1.738 1.97 1.938 1.89 1.83 1.65 1.623 1.738 1.67 1.883 1.928 1.845 1.688 1.723 1.653 1.705 1.83 1.825 1.86 1.8 1.803 1.768 1.732 1.707 1.785 1.787 1.787 1.82 1.82 1.817 1.775 1.71 1.782 1.737 1.75 1.812 1.952 1.937 1.85 1.795 1.772 1.772 1.76 1.755 1.792
1.87 1.868 1.77 1.688 1.723 1.855 1.813 1.805 1.87 1.853 1.878 1.735 1.768 1.865 1.875 1.82 1.68 1.78 1.835 1.828 1.865 1.875 1.813 1.798 1.798 1.625 1.683 1.87 1.875 1.91 1.885 1.733 1.673 1.65 1.718 1.778 1.76 1.808 1.893 1.843 1.68 1.643 1.743 1.808 1.868 1.828 1.825 1.783 1.72 1.8 1.865 1.857 1.822 1.82 1.777 1.805 1.872 1.747 1.825 1.837 1.765 1.847 1.782 1.88 1.872 1.827 1.802 1.82 1.792 1.777 1.797 1.802 1.912
1.808 1.753 1.64 1.635 1.8 1.82 1.853 1.808 1.783 1.838 1.823 1.825 1.778 1.84 1.93 1.76 1.67 1.79 1.908 1.833 1.798 1.77 1.748 1.728 1.695 1.66 1.843 1.92 1.853 1.845 1.703 1.648 1.713 1.703 1.8 1.86 1.84 1.735 1.75 1.708 1.745 1.713 1.883 1.895 1.805 1.813 1.835 1.715 1.788 1.698 1.745 1.797 1.822 1.702 1.762 1.827 1.707 1.695 1.742 1.78 1.772 1.865 1.732 1.78 1.905 1.79 1.817 1.72 1.732 1.797 1.902 1.942 1.867
