All_lidar/sz5791_DSM_2M.asc
ncols 500
nrows 500
xllcorner    457000
yllcorner    91000
cellsize     2
NODATA_value -9999
[rows 352 to 383 of 500, columns 71 to 141 of 500]
45.138 45.183 45.418 46.573 46.935 46.868 47.053 47.148 47.323 47.405 47.57 47.718 47.86 47.943 48.008 48.13 48.298 48.443 48.585 48.7 48.828 48.978 49.118 49.183 49.26 49.385 49.518 49.69 49.81 49.921 49.991 50.088 50.161 50.248 50.371 50.471 50.558 50.646 50.698 50.798 50.898 50.971 51.026 51.116 51.203 51.303 51.393 51.476 51.521 51.608 51.666 51.746 51.848 51.896 51.973 52.021 52.088 52.186 52.271 52.363 52.468 52.718 53.058 53.331 53.516 53.598 53.641 53.608 53.631 53.636 53.636
45.378 45.28 45.42 45.805 46.858 46.95 46.963 47.315 47.49 47.46 47.598 47.765 47.873 48.003 48.068 48.148 48.298 48.448 48.58 48.728 48.825 48.955 49.098 49.2 49.243 49.335 49.51 49.653 49.775 49.898 49.986 50.066 50.131 50.236 50.348 50.448 50.536 50.601 50.671 50.776 50.886 50.966 51.023 51.093 51.181 51.286 51.373 51.438 51.503 51.571 51.638 51.736 51.836 51.891 51.943 52.003 52.088 52.181 52.213 52.311 52.426 52.648 52.968 53.263 53.446 53.558 53.638 53.591 53.601 53.626 53.638
46.63 45.91 45.523 45.63 46.15 47.09 47.08 47.13 47.968 47.495 47.63 47.79 47.91 48.028 48.08 48.158 48.318 48.478 48.593 48.708 48.855 48.948 49.07 49.138 49.245 49.355 49.49 49.635 49.773 49.888 49.978 50.056 50.118 50.201 50.333 50.418 50.508 50.568 50.648 50.751 50.846 50.933 51.003 51.073 51.166 51.268 51.378 51.433 51.476 51.556 51.613 51.693 51.791 51.863 51.918 51.983 52.066 52.133 52.158 52.276 52.368 52.573 52.891 53.201 53.388 53.538 53.583 53.581 53.601 53.616 53.616
45.415 46.633 45.925 45.695 45.783 46.575 47.253 47.183 47.465 48.063 47.608 47.798 47.953 48.078 48.15 48.188 48.353 48.46 48.573 48.693 48.81 48.955 49.075 49.125 49.22 49.34 49.458 49.613 49.733 49.841 49.951 50.001 50.123 50.176 50.318 50.401 50.488 50.561 50.641 50.726 50.811 50.936 50.941 51.006 51.126 51.218 51.333 51.391 51.438 51.531 51.586 51.681 51.756 51.858 51.883 51.998 52.043 52.131 52.203 52.271 52.341 52.493 52.791 53.108 53.361 53.473 53.548 53.558 53.598 53.603 53.608
45.56 46.225 47.088 45.973 45.943 46.095 47.22 47.383 47.348 47.933 47.923 47.813 47.978 48.068 48.18 48.23 48.353 48.443 48.563 48.688 48.785 48.918 49.035 49.11 49.198 49.31 49.45 49.595 49.728 49.833 49.933 50.001 50.066 50.151 50.276 50.358 50.438 50.528 50.608 50.691 50.781 50.863 50.893 50.986 51.113 51.236 51.343 51.421 51.463 51.523 51.593 51.711 51.778 51.848 51.926 51.981 52.051 52.126 52.188 52.248 52.326 52.436 52.716 53.048 53.328 53.446 53.511 53.553 53.576 53.598 53.606
45.843 45.613 46.715 47.03 46.045 46.14 46.66 47.688 47.488 47.47 48.23 47.885 47.985 48.09 48.168 48.295 48.368 48.433 48.56 48.673 48.785 48.9 49.013 49.1 49.17 49.258 49.403 49.553 49.665 49.776 49.896 49.943 50.048 50.153 50.276 50.398 50.441 50.531 50.616 50.701 50.788 50.836 50.883 50.971 51.111 51.251 51.356 51.408 51.461 51.546 51.603 51.693 51.763 51.846 51.928 52.001 52.041 52.098 52.133 52.203 52.258 52.363 52.601 52.951 53.241 53.428 53.501 53.526 53.568 53.596 53.613
45.528 45.58 45.738 47.338 46.885 46.238 46.31 47.215 47.903 47.585 47.738 48.585 47.998 48.085 48.15 48.268 48.343 48.44 48.528 48.66 48.768 48.868 48.985 49.058 49.158 49.253 49.413 49.545 49.68 49.798 49.891 49.958 50.046 50.138 50.251 50.376 50.431 50.518 50.608 50.678 50.756 50.811 50.866 50.983 51.113 51.213 51.333 51.423 51.461 51.518 51.583 51.683 51.783 51.863 51.936 51.998 52.023 52.083 52.173 52.201 52.226 52.298 52.536 52.856 53.148 53.328 53.466 53.531 53.566 53.591 53.588
45.373 45.46 45.53 46.103 47.63 46.68 46.445 46.695 47.985 47.928 47.725 48.12 48.603 48.093 48.165 48.24 48.335 48.46 48.593 48.703 48.793 48.895 48.988 49.078 49.145 49.233 49.403 49.545 49.66 49.781 49.871 49.933 50.043 50.143 50.233 50.336 50.421 50.483 50.613 50.701 50.778 50.833 50.883 50.986 51.098 51.221 51.336 51.393 51.431 51.516 51.583 51.683 51.781 51.866 51.953 52.028 52.038 52.113 52.181 52.183 52.208 52.256 52.418 52.731 53.091 53.318 53.478 53.563 53.571 53.596 53.606
45.418 45.515 45.613 45.76 46.748 47.61 46.64 46.633 46.993 48.065 47.913 47.82 48.385 48.52 48.19 48.255 48.38 48.49 48.605 48.713 48.795 48.898 49.005 49.1 49.138 49.245 49.403 49.538 49.665 49.778 49.886 49.936 50.011 50.111 50.216 50.331 50.403 50.473 50.588 50.691 50.781 50.848 50.901 50.973 51.121 51.236 51.356 51.423 51.471 51.526 51.588 51.673 51.778 51.881 51.943 52.018 51.991 52.091 52.113 52.191 52.243 52.253 52.321 52.653 53.008 53.256 53.446 53.548 53.566 53.606 53.628
45.495 45.62 45.838 45.878 46.16 47.798 47.368 46.723 46.81 48.495 50.54 47.958 47.998 48.755 48.295 48.285 48.413 48.513 48.635 48.753 48.823 48.91 49 49.088 49.143 49.238 49.38 49.503 49.625 49.933 49.816 49.888 49.986 50.073 50.216 50.316 50.378 50.486 50.566 50.666 50.753 50.826 50.868 50.951 51.106 51.211 51.318 51.391 51.456 51.498 51.561 51.636 51.733 51.826 51.903 51.961 51.973 52.061 52.086 52.131 52.186 52.243 52.278 52.578 52.921 53.181 53.346 53.551 53.606 53.638 53.651
45.588 45.743 45.813 46.143 47.218 47.078 47.085 47.025 46.915 47.288 48.973 48.25 48.01 48.238 48.8 48.333 48.418 48.633 48.603 48.768 48.853 48.918 48.988 49.07 49.125 49.225 49.38 49.493 49.613 49.726 49.848 49.893 49.996 50.081 50.198 50.293 50.363 50.466 50.538 50.626 50.711 50.786 50.826 50.938 51.056 51.186 51.283 51.376 51.421 51.471 51.523 51.593 51.696 51.776 51.843 51.881 51.931 51.991 52.048 52.111 52.158 52.191 52.286 52.503 52.861 53.141 53.291 53.548 53.593 53.633 53.643
45.598 45.658 46.198 46.425 45.955 45.923 46.335 47.18 47.038 47.085 47.135 48.563 48.31 48.083 48.405 48.573 48.493 48.505 48.63 48.745 48.855 48.925 49.013 49.083 49.105 49.2 49.355 49.483 49.578 49.678 49.796 49.866 49.956 50.023 50.181 50.268 50.351 50.423 50.516 50.588 50.676 50.756 50.806 50.903 51.006 51.111 51.238 51.288 51.353 51.413 51.488 51.531 51.621 51.728 51.791 51.893 51.883 51.966 52.063 52.111 52.106 52.166 52.283 52.486 52.788 53.101 53.246 53.551 53.488 53.533 53.628
45.633 46.733 46.268 45.93 45.885 45.9 46.043 46.835 47.21 47.138 47.215 47.55 48.84 48.238 48.17 48.803 48.648 48.503 48.61 48.72 48.865 48.933 49.013 49.045 49.09 49.18 49.313 49.443 49.555 49.658 49.753 49.798 49.908 49.998 50.153 50.228 50.286 50.361 50.468 50.508 50.606 50.691 50.751 50.826 50.953 51.076 51.188 51.256 51.321 51.376 51.416 51.478 51.596 51.696 51.778 51.841 51.906 51.968 52.023 52.111 52.143 52.188 52.286 52.443 52.696 52.976 53.178 53.323 53.411 53.533 53.608
46.353 46.038 45.903 45.845 45.845 45.86 45.905 46.313 47.06 47.308 47.253 47.333 47.923 48.605 48.258 48.318 49.17 48.688 48.62 48.72 48.803 48.903 48.998 49.04 49.063 49.14 49.26 49.408 49.67 49.608 49.696 49.753 49.836 49.916 50.048 50.166 50.228 50.326 50.403 50.491 50.611 50.676 50.738 50.811 50.931 51.056 51.168 51.238 51.303 51.343 51.406 51.478 51.581 51.671 51.748 51.821 51.886 51.961 51.988 52.076 52.151 52.186 52.256 52.388 52.628 52.926 53.181 53.553 53.551 53.576 53.603
45.875 45.858 45.843 45.81 45.833 45.848 45.898 46.045 46.623 47.435 47.353 47.423 47.465 48.525 48.643 48.288 48.648 49.565 48.673 48.698 48.783 48.86 48.955 49 49.038 49.128 49.223 49.328 49.633 49.553 49.653 49.728 49.831 49.906 50.088 50.168 50.228 50.316 50.411 50.473 50.568 50.648 50.696 50.793 50.916 51.041 51.143 51.211 51.268 51.306 51.348 51.421 51.536 51.641 51.716 51.806 51.848 51.938 51.988 52.073 52.123 52.166 52.226 52.328 52.611 52.948 53.186 53.513 53.541 53.603 53.603
45.873 45.84 45.845 45.875 45.908 45.933 45.905 46.013 46.273 47.108 47.555 47.458 47.568 47.593 49.025 48.553 48.368 48.888 48.925 48.7 48.783 48.888 48.943 49.045 49.083 49.125 49.225 49.333 49.458 49.541 49.638 49.733 49.798 49.906 50.033 50.131 50.208 50.288 50.378 50.463 50.596 50.636 50.703 50.783 50.896 51.013 51.101 51.171 51.213 51.261 51.288 51.371 51.473 51.586 51.648 51.728 51.823 51.888 51.943 52.043 52.106 52.141 52.216 52.296 52.531 52.876 53.161 53.323 53.558 53.581 53.583
45.805 45.86 45.868 45.93 45.94 45.928 45.965 46.02 46.115 46.58 47.505 47.553 47.568 47.685 47.98 49.02 48.49 48.453 48.658 48.723 48.805 48.89 48.943 49.013 49.113 49.165 49.23 49.32 49.428 49.518 49.618 49.701 49.811 49.888 50.003 50.123 50.198 50.256 50.353 50.423 50.528 50.573 50.653 50.723 50.841 50.963 51.031 51.121 51.153 51.196 51.271 51.348 51.438 51.531 51.613 51.653 51.733 51.841 51.908 51.991 52.063 52.083 52.138 52.246 52.476 52.816 53.141 53.323 53.558 53.568 53.596
45.853 45.918 45.945 45.935 45.968 45.97 45.998 46.063 46.108 46.288 47.1 47.663 47.59 47.703 47.74 48.41 48.83 48.543 48.558 48.785 48.825 48.858 48.955 49 49.055 49.15 49.24 49.29 49.403 49.506 49.603 49.668 49.753 49.843 49.961 50.066 50.146 50.228 50.321 50.393 50.488 50.536 50.623 50.678 50.826 50.943 51.028 51.086 51.116 51.158 51.233 51.321 51.413 51.498 51.553 51.621 51.678 51.761 51.858 51.928 51.998 52.046 52.073 52.176 52.398 52.758 53.098 53.326 53.436 53.561 53.588
45.948 46.005 45.968 45.995 46.008 46.03 46.078 46.108 46.118 46.2 46.595 47.63 47.703 47.685 47.795 47.808 48.768 48.828 48.593 48.673 48.903 48.858 48.918 48.973 49.043 49.14 49.223 49.293 49.368 49.471 49.566 49.641 49.721 49.796 49.921 50.033 50.138 50.203 50.273 50.348 50.461 50.498 50.548 50.641 50.756 50.871 50.956 51.016 51.078 51.116 51.203 51.321 51.376 51.453 51.513 51.561 51.631 51.733 51.848 51.898 51.931 52.006 52.076 52.126 52.343 52.668 53.018 53.271 53.418 53.563 53.593
45.903 45.93 45.983 46.01 46.06 46.063 46.108 46.135 46.12 46.195 46.343 47.113 47.768 47.768 47.788 47.88 47.94 49.115 48.905 48.588 48.78 48.898 48.888 48.985 49.045 49.118 49.2 49.268 49.36 49.441 49.546 49.618 49.698 49.768 49.881 49.988 50.066 50.141 50.216 50.318 50.416 50.458 50.501 50.581 50.666 50.788 50.863 50.956 51.028 51.126 51.206 51.291 51.358 51.443 51.503 51.536 51.611 51.688 51.778 51.856 51.903 51.973 52.031 52.101 52.268 52.573 52.943 53.251 53.431 53.556 53.591
45.928 45.953 45.993 46.043 46.07 46.093 46.13 46.14 46.17 46.2 46.255 46.633 47.603 47.87 47.795 47.913 47.978 48.338 49.283 48.795 48.698 48.898 48.935 48.985 49.06 49.15 49.21 49.248 49.333 49.428 49.498 49.558 49.646 49.741 49.833 49.931 50.033 50.101 50.196 50.288 50.368 50.406 50.448 50.531 50.626 50.716 50.806 50.921 51.013 51.071 51.116 51.188 51.288 51.373 51.441 51.493 51.543 51.638 51.711 51.738 51.838 51.961 51.983 52.071 52.201 52.488 52.878 53.198 53.383 53.511 53.581
45.975 45.978 45.998 46.058 46.06 46.103 46.133 46.123 46.175 46.213 46.258 46.365 47.1 47.79 47.915 47.903 48.028 48.04 48.945 49.458 48.793 48.83 49.05 48.993 49.048 49.088 49.165 49.24 49.303 49.366 49.461 49.561 49.613 49.718 49.813 49.911 49.988 50.043 50.138 50.208 50.266 50.298 50.393 50.471 50.561 50.653 50.786 50.898 50.923 50.983 51.043 51.098 51.198 51.323 51.378 51.448 51.501 51.571 51.608 51.673 51.761 51.873 51.906 51.983 52.153 52.406 52.838 53.178 53.408 53.536 53.598
45.983 45.985 46.028 46.05 46.093 46.1 46.163 46.17 46.198 46.268 46.28 46.318 46.598 47.555 47.948 47.963 47.983 48.085 48.08 49.303 49.11 48.84 48.955 49.043 49.028 49.095 49.13 49.178 49.28 49.346 49.418 49.508 49.613 49.666 49.776 49.873 49.903 49.976 50.043 50.151 50.206 50.281 50.358 50.476 50.576 50.683 50.781 50.848 50.908 50.966 51.008 51.076 51.186 51.288 51.351 51.441 51.461 51.538 51.596 51.678 51.731 51.796 51.843 51.938 52.098 52.356 52.796 53.186 53.408 53.491 53.596
45.985 46.025 46.04 46.088 46.128 46.153 46.215 46.213 46.235 46.273 46.283 46.305 46.393 47.053 47.833 48.048 48.013 48.048 48.108 48.32 49.295 49.075 48.955 49.08 49.08 49.073 49.115 49.16 49.235 49.291 49.321 49.423 49.513 49.611 49.683 49.771 49.823 49.911 50.016 50.131 50.183 50.266 50.353 50.431 50.521 50.646 50.741 50.806 50.851 50.906 50.963 51.028 51.151 51.273 51.351 51.413 51.466 51.546 51.628 51.706 51.758 51.806 51.861 51.926 52.061 52.278 52.738 53.141 53.356 53.458 53.583
46.068 46.075 46.073 46.113 46.19 46.193 46.225 46.208 46.233 46.275 46.3 46.35 46.39 46.595 47.378 48.02 48.1 48.073 48.14 48.168 48.603 49.465 49.12 48.988 49.1 49.045 49.06 49.125 49.165 49.196 49.238 49.348 49.438 49.508 49.581 49.706 49.831 49.921 49.996 50.101 50.186 50.231 50.311 50.411 50.491 50.611 50.723 50.818 50.876 50.948 51.006 51.068 51.188 51.276 51.353 51.421 51.471 51.541 51.638 51.698 51.753 51.786 51.838 51.903 51.988 52.191 52.636 53.048 53.308 53.436 53.566
46.125 46.138 46.14 46.145 46.183 46.208 46.25 46.235 46.263 46.285 46.313 46.415 46.463 46.623 47.265 47.918 48.13 48.15 48.123 48.213 48.21 48.97 49.643 48.91 48.958 49.24 49.04 49.093 49.115 49.173 49.251 49.351 49.406 49.473 49.591 49.658 49.788 49.886 49.981 50.073 50.156 50.233 50.306 50.403 50.481 50.598 50.721 50.823 50.858 50.931 50.973 51.036 51.133 51.231 51.311 51.403 51.433 51.498 51.583 51.676 51.738 51.756 51.791 51.833 51.921 52.126 52.556 52.981 53.268 53.431 53.566
46.173 46.16 46.165 46.18 46.21 46.253 46.28 46.258 46.275 46.283 46.333 46.393 46.42 46.613 47.248 47.703 47.99 48.128 48.178 48.218 48.26 48.258 49.233 48.933 48.713 49.008 49.128 49.138 49.048 49.166 49.226 49.246 49.346 49.481 49.596 49.678 49.783 49.898 49.963 50.018 50.111 50.193 50.251 50.326 50.428 50.553 50.663 50.753 50.821 50.861 50.911 50.991 51.058 51.148 51.256 51.348 51.381 51.443 51.516 51.606 51.693 51.696 51.751 51.803 51.866 52.048 52.438 52.851 53.191 53.373 53.483
46.223 46.213 46.195 46.208 46.233 46.25 46.305 46.278 46.278 46.338 46.34 46.395 46.415 46.515 47.005 46.93 47.605 48.063 48.3 48.225 48.305 48.305 48.298 48.523 48.535 48.735 48.94 49.103 48.993 49.098 49.143 49.276 49.351 49.441 49.566 49.686 49.771 49.838 49.913 49.966 50.061 50.123 50.178 50.296 50.378 50.483 50.586 50.661 50.743 50.808 50.863 50.918 51.023 51.121 51.193 51.298 51.348 51.408 51.478 51.551 51.601 51.638 51.723 51.761 51.816 51.988 52.328 52.731 53.096 53.318 53.563
46.248 46.25 46.228 46.228 46.263 46.308 46.328 46.31 46.293 46.353 46.355 46.345 46.43 46.703 47.213 47.443 47.323 47.833 48.215 48.265 48.27 48.348 48.345 48.313 48.433 48.553 48.75 48.878 49.06 49.053 49.173 49.273 49.351 49.431 49.543 49.628 49.701 49.768 49.833 49.888 49.986 50.068 50.148 50.246 50.323 50.431 50.528 50.613 50.688 50.748 50.818 50.858 50.963 51.066 51.171 51.243 51.288 51.361 51.441 51.503 51.563 51.611 51.661 51.686 51.761 51.913 52.251 52.663 53.003 53.253 53.563
46.23 46.283 46.303 46.27 46.278 46.31 46.325 46.353 46.335 46.353 46.38 46.393 46.468 46.715 47.05 47.66 47.608 47.935 48.245 48.163 48.213 48.328 48.398 48.325 48.37 48.463 48.59 48.778 49.125 49.071 49.201 49.303 49.391 49.433 49.503 49.573 49.631 49.718 49.786 49.858 49.928 49.993 50.096 50.186 50.293 50.403 50.481 50.578 50.656 50.716 50.778 50.841 50.941 51.043 51.126 51.193 51.253 51.308 51.371 51.451 51.516 51.538 51.628 51.636 51.716 51.813 52.128 52.496 52.878 53.188 53.443
46.28 46.288 46.313 46.295 46.3 46.295 46.303 46.333 46.363 46.38 46.39 46.448 46.448 46.488 46.71 47.56 48.065 48.045 48.223 48.168 48.153 48.295 48.405 48.433 48.368 48.42 48.525 48.72 49.04 49.118 49.198 49.303 49.373 49.411 49.433 49.516 49.581 49.681 49.756 49.816 49.886 49.961 50.038 50.138 50.231 50.341 50.431 50.528 50.588 50.638 50.713 50.783 50.876 50.988 51.068 51.138 51.178 51.238 51.308 51.386 51.448 51.513 51.558 51.583 51.671 51.738 51.996 52.383 52.763 53.143 54.286
46.298 46.303 46.305 46.308 46.358 46.35 46.348 46.358 46.353 46.405 46.435 46.448 46.503 46.565 46.853 47.57 47.73 48.158 48.218 48.235 48.103 48.215 48.363 48.465 48.448 48.42 48.505 48.73 49 49.168 49.198 49.303 49.321 49.368 49.398 49.436 49.536 49.633 49.688 49.786 49.848 49.933 49.978 50.083 50.191 50.278 50.378 50.478 50.553 50.596 50.673 50.743 50.826 50.906 50.988 51.063 51.096 51.146 51.213 51.261 51.363 51.438 51.458 51.488 51.563 51.683 51.918 52.256 52.753 54.008 54.991
