All_lidar/sz5786_DSM_2M.asc
ncols 500
nrows 500
xllcorner    457000
yllcorner    86000
cellsize     2
NODATA_value -9999
[rows 160 to 191 of 500, columns 72 to 143 of 500]
41.767 41.869 42.012 42.122 42.239 42.369 42.472 42.569 42.692 42.767 42.872 42.947 43.002 43.059 43.112 43.132 43.167 43.199 43.224 43.244 43.252 43.232 43.244 43.242 43.232 43.229 43.187 43.194 43.162 43.132 43.074 43.042 42.989 42.949 42.892 42.822 42.752 42.679 42.577 42.492 42.404 42.302 42.167 42.034 41.877 41.702 41.462 41.262 41.014 40.784 40.502 40.269 40.037 39.824 39.644 39.457 39.254 39.037 38.842 38.622 38.437 38.234 38.014 37.772 37.534 37.287 37.097 36.949 36.769 36.689 36.639 36.527
41.647 41.747 41.874 41.982 42.084 42.197 42.284 42.409 42.499 42.582 42.652 42.732 42.787 42.852 42.909 42.944 42.987 43.027 43.027 43.034 43.029 43.032 43.037 43.037 43.039 43.022 43.002 42.992 42.959 42.939 42.882 42.829 42.797 42.734 42.689 42.617 42.537 42.444 42.377 42.294 42.187 42.097 41.967 41.829 41.667 41.449 41.239 41.002 40.762 40.509 40.267 40.052 39.874 39.644 39.459 39.272 39.079 38.879 38.677 38.494 38.294 38.097 37.867 37.602 37.347 37.192 36.949 36.812 36.699 36.617 36.604 36.369
41.514 41.627 41.737 41.809 41.929 42.059 42.124 42.229 42.319 42.394 42.467 42.554 42.592 42.669 42.709 42.739 42.777 42.787 42.812 42.834 42.824 42.847 42.839 42.824 42.844 42.822 42.797 42.762 42.739 42.709 42.662 42.637 42.567 42.507 42.447 42.414 42.334 42.252 42.199 42.099 41.987 41.864 41.734 41.612 41.422 41.204 40.992 40.744 40.502 40.257 40.044 39.839 39.652 39.469 39.302 39.099 38.944 38.727 38.544 38.344 38.152 37.924 37.682 37.429 37.227 37.034 36.857 36.697 36.609 36.557 36.547 36.117
41.367 41.467 41.569 41.662 41.769 41.877 41.964 42.054 42.137 42.229 42.294 42.354 42.402 42.464 42.484 42.517 42.564 42.597 42.597 42.619 42.602 42.594 42.594 42.599 42.599 42.587 42.572 42.534 42.514 42.464 42.432 42.377 42.334 42.282 42.242 42.179 42.137 42.052 41.982 41.874 41.789 41.659 41.499 41.342 41.147 40.942 40.712 40.484 40.257 40.064 39.867 39.659 39.464 39.297 39.129 38.937 38.772 38.574 38.382 38.189 37.994 37.754 37.502 37.269 37.079 36.874 36.722 36.614 36.552 36.554 36.469 35.897
41.229 41.324 41.422 41.509 41.622 41.714 41.784 41.897 41.972 42.057 42.112 42.174 42.222 42.262 42.304 42.319 42.357 42.364 42.384 42.372 42.369 42.359 42.357 42.364 42.344 42.327 42.327 42.297 42.267 42.222 42.197 42.177 42.109 42.057 42.012 41.952 41.889 41.807 41.744 41.677 41.557 41.429 41.284 41.099 40.894 40.682 40.459 40.259 40.037 39.832 39.672 39.482 39.299 39.129 38.954 38.799 38.609 38.434 38.237 38.049 37.822 37.577 37.307 37.109 36.937 36.742 36.642 36.539 36.492 36.449 36.277 35.462
41.099 41.184 41.282 41.379 41.452 41.544 41.639 41.719 41.794 41.862 41.917 41.984 42.022 42.074 42.074 42.092 42.109 42.119 42.119 42.124 42.114 42.102 42.102 42.092 42.097 42.102 42.089 42.064 42.054 42.007 41.954 41.927 41.879 41.807 41.762 41.699 41.642 41.582 41.507 41.422 41.299 41.144 40.982 40.824 40.612 40.427 40.227 40.012 39.829 39.649 39.467 39.297 39.137 38.977 38.789 38.629 38.429 38.257 38.064 37.862 37.639 37.374 37.149 36.964 36.797 36.659 36.567 36.494 36.492 36.412 36.019 35.039
40.954 41.047 41.137 41.232 41.329 41.394 41.474 41.549 41.614 41.672 41.729 41.769 41.812 41.844 41.852 41.859 41.847 41.862 41.869 41.859 41.857 41.839 41.834 41.849 41.864 41.862 41.844 41.809 41.784 41.774 41.754 41.704 41.654 41.589 41.512 41.474 41.394 41.322 41.237 41.142 41.022 40.892 40.729 40.542 40.337 40.132 39.977 39.787 39.612 39.452 39.304 39.134 38.969 38.812 38.649 38.462 38.294 38.092 37.912 37.672 37.449 37.187 37.004 36.847 36.697 36.584 36.517 36.462 36.464 36.549 36.399 34.729
40.847 40.907 40.997 41.082 41.144 41.204 41.292 41.332 41.412 41.449 41.497 41.549 41.579 41.584 41.587 41.614 41.607 41.614 41.587 41.597 41.574 41.579 41.609 41.594 41.584 41.607 41.589 41.557 41.537 41.542 41.509 41.442 41.382 41.349 41.269 41.232 41.159 41.084 40.969 40.889 40.752 40.607 40.412 40.229 40.072 39.927 39.719 39.567 39.414 39.259 39.087 38.957 38.802 38.647 38.482 38.297 38.117 37.949 37.739 37.497 37.272 37.059 36.864 36.719 36.589 36.502 36.432 36.414 36.524 36.232 35.319 34.637
40.689 40.764 40.832 40.897 40.967 41.019 41.079 41.137 41.199 41.244 41.274 41.319 41.322 41.332 41.339 41.342 41.357 41.364 41.339 41.334 41.334 41.324 41.347 41.314 41.307 41.309 41.319 41.314 41.292 41.282 41.227 41.204 41.127 41.069 41.022 40.942 40.874 40.789 40.679 40.577 40.452 40.297 40.122 39.944 39.779 39.614 39.474 39.334 39.214 39.069 38.919 38.782 38.617 38.459 38.302 38.127 37.942 37.779 37.567 37.339 37.074 36.884 36.744 36.602 36.509 36.387 36.387 36.452 36.452 35.897 35.074 34.219
40.517 40.597 40.642 40.734 40.769 40.824 40.857 40.902 40.974 41.012 41.037 41.062 41.077 41.099 41.122 41.097 41.084 41.077 41.079 41.077 41.052 41.054 41.057 41.049 41.049 41.047 41.049 41.049 41.019 40.994 40.942 40.912 40.862 40.794 40.734 40.662 40.589 40.492 40.384 40.252 40.122 39.974 39.827 39.672 39.517 39.377 39.247 39.102 38.987 38.877 38.709 38.602 38.427 38.292 38.127 37.942 37.784 37.589 37.359 37.124 36.899 36.757 36.624 36.507 36.399 36.334 36.352 36.324 36.119 35.329 34.777 33.837
40.347 40.402 40.457 40.502 40.542 40.594 40.637 40.682 40.714 40.784 40.797 40.827 40.842 40.849 40.829 40.849 40.832 40.822 40.787 40.772 40.789 40.754 40.752 40.772 40.772 40.777 40.774 40.752 40.742 40.712 40.677 40.639 40.559 40.507 40.437 40.394 40.302 40.204 40.077 39.977 39.849 39.714 39.559 39.412 39.272 39.152 39.059 38.929 38.799 38.672 38.554 38.399 38.254 38.097 37.934 37.767 37.582 37.387 37.144 36.952 36.789 36.674 36.539 36.407 36.347 36.309 36.357 36.257 37.102 34.897 34.277 33.414
40.157 40.199 40.254 40.307 40.329 40.377 40.409 40.459 40.472 40.529 40.552 40.567 40.584 40.589 40.572 40.577 40.544 40.524 40.514 40.484 40.472 40.464 40.457 40.489 40.462 40.472 40.467 40.457 40.444 40.399 40.387 40.352 40.302 40.219 40.154 40.114 40.024 39.904 39.774 39.664 39.519 39.407 39.294 39.179 39.054 38.937 38.847 38.724 38.599 38.487 38.349 38.222 38.099 37.919 37.752 37.577 37.357 37.152 36.987 36.844 36.719 36.554 36.417 36.324 36.297 36.304 36.309 35.847 35.189 34.577 33.787 32.999
39.962 40.019 40.067 40.119 40.132 40.157 40.182 40.217 40.262 40.292 40.292 40.309 40.334 40.319 40.287 40.294 40.274 40.257 40.237 40.189 40.179 40.169 40.154 40.167 40.184 40.172 40.174 40.167 40.152 40.119 40.089 40.034 39.999 39.937 39.867 39.794 39.704 39.597 39.459 39.357 39.229 39.117 39.019 38.902 38.814 38.709 38.614 38.517 38.417 38.304 38.172 38.052 37.884 37.729 37.539 37.324 37.139 36.947 36.844 36.732 36.582 36.444 36.334 36.309 36.367 36.367 36.052 35.459 34.762 34.324 33.379 32.577
39.787 39.817 39.867 39.894 39.929 39.954 39.979 39.999 40.012 40.034 40.062 40.064 40.067 40.027 40.022 40.004 39.972 39.944 39.904 39.882 39.869 39.867 39.857 39.884 39.879 39.874 39.879 39.872 39.859 39.804 39.774 39.739 39.714 39.672 39.594 39.489 39.404 39.279 39.179 39.059 38.944 38.854 38.754 38.664 38.604 38.514 38.424 38.307 38.222 38.109 37.977 37.839 37.649 37.489 37.334 37.154 36.994 36.827 36.719 36.612 36.457 36.362 36.297 36.367 36.452 36.214 35.612 35.832 34.662 33.834 32.909 32.097
39.604 39.637 39.674 39.699 39.722 39.717 39.727 39.749 39.784 39.762 39.752 39.759 39.769 39.754 39.734 39.712 39.682 39.629 39.609 39.579 39.564 39.574 39.557 39.559 39.547 39.552 39.522 39.532 39.529 39.499 39.512 39.479 39.444 39.387 39.294 39.197 39.079 38.994 38.882 38.802 38.709 38.599 38.529 38.462 38.369 38.277 38.217 38.117 38.009 37.882 37.727 37.574 37.434 37.282 37.154 36.992 36.839 36.709 36.604 36.482 36.379 36.304 36.319 36.282 36.202 35.747 35.174 34.642 33.992 33.659 32.467 31.657
39.402 39.404 39.439 39.462 39.489 39.489 39.469 39.487 39.494 39.487 39.489 39.472 39.444 39.432 39.409 39.392 39.334 39.317 39.299 39.267 39.242 39.237 39.239 39.237 39.249 39.252 39.237 39.247 39.242 39.237 39.222 39.184 39.174 39.097 38.997 38.919 38.807 38.704 38.629 38.524 38.452 38.369 38.312 38.214 38.137 38.042 37.959 37.849 37.744 37.632 37.492 37.377 37.217 37.092 36.917 36.834 36.729 36.609 36.532 36.402 36.357 36.409 36.399 36.644 35.779 35.182 34.587 34.067 33.472 32.732 32.184 31.152
39.194 39.214 39.237 39.219 39.219 39.229 39.219 39.209 39.217 39.209 39.227 39.212 39.182 39.152 39.114 39.102 39.049 39.009 38.997 38.962 38.949 38.934 38.942 38.947 38.952 38.944 38.952 38.959 38.947 38.942 38.934 38.924 38.879 38.799 38.722 38.627 38.527 38.432 38.349 38.244 38.192 38.109 38.037 37.999 37.922 37.837 37.764 37.642 37.522 37.384 37.239 37.142 37.037 36.927 36.872 36.739 36.644 36.534 36.452 36.452 36.439 36.439 36.172 35.892 35.419 34.627 34.122 33.504 32.872 32.327 31.664 30.629
38.969 38.989 38.979 38.977 38.994 38.962 38.957 38.949 38.939 38.919 38.939 38.917 38.902 38.859 38.837 38.794 38.759 38.707 38.697 38.664 38.642 38.662 38.634 38.629 38.647 38.647 38.649 38.649 38.667 38.639 38.624 38.594 38.559 38.484 38.412 38.327 38.242 38.177 38.079 37.987 37.924 37.867 37.824 37.787 37.694 37.604 37.499 37.389 37.279 37.192 37.094 37.039 36.929 36.859 36.757 36.652 36.549 36.519 36.534 36.492 36.347 36.197 35.779 35.274 34.674 34.142 33.574 32.964 32.437 31.684 30.877 30.039
38.727 38.742 38.752 38.739 38.709 38.709 38.674 38.679 38.662 38.659 38.649 38.619 38.604 38.572 38.537 38.512 38.444 38.419 38.402 38.382 38.352 38.337 38.314 38.329 38.337 38.329 38.304 38.294 38.302 38.294 38.312 38.302 38.252 38.184 38.107 38.042 37.987 37.917 37.829 37.774 37.702 37.662 37.604 37.542 37.472 37.399 37.329 37.244 37.167 37.082 36.984 36.894 36.792 36.727 36.689 36.617 36.609 36.692 36.567 37.514 36.967 35.849 35.274 34.829 34.169 33.617 32.979 32.334 31.779 30.992 30.189 29.347
38.507 38.507 38.497 38.477 38.479 38.462 38.449 38.409 38.389 38.359 38.357 38.339 38.294 38.292 38.247 38.219 38.164 38.137 38.082 38.089 38.032 38.022 37.992 37.949 37.959 37.972 37.972 38.002 38.019 38.002 38.014 37.992 37.939 37.892 37.869 37.834 37.754 37.709 37.604 37.544 37.494 37.447 37.409 37.372 37.332 37.289 37.194 37.114 37.052 36.967 36.879 36.822 36.742 36.722 36.679 36.677 36.754 36.939 36.612 40.907 40.417 35.349 34.767 34.309 33.677 33.107 32.409 31.874 31.172 30.299 29.572 28.894
38.259 38.262 38.254 38.232 38.234 38.197 38.162 38.122 38.092 38.072 38.059 38.057 38.014 37.977 37.937 37.912 37.889 37.847 37.787 37.759 37.732 37.672 37.644 37.624 37.617 37.647 37.659 37.679 37.699 37.702 37.732 37.682 37.689 37.654 37.624 37.574 37.532 37.464 37.409 37.369 37.357 37.317 37.292 37.257 37.199 37.159 37.084 37.042 36.989 36.924 36.887 36.864 36.949 36.852 36.829 37.014 37.547 37.169 37.957 37.809 35.879 34.672 34.209 33.707 33.172 32.434 31.762 31.212 30.494 29.732 28.977 28.427
38.027 38.044 38.002 37.992 37.949 37.917 37.879 37.847 37.842 37.799 37.789 37.762 37.709 37.674 37.664 37.627 37.572 37.502 37.467 37.419 37.379 37.342 37.342 37.329 37.299 37.314 37.327 37.357 37.389 37.447 37.464 37.509 37.522 37.517 37.474 37.929 37.389 37.297 37.317 37.289 37.247 37.244 37.232 37.207 37.152 37.109 37.034 37.044 37.149 37.142 37.059 37.097 36.987 36.839 37.382 36.542 36.397 35.874 35.492 35.107 34.547 34.047 33.532 32.992 32.309 31.759 31.062 30.377 29.744 29.009 28.299 27.722
37.819 37.797 37.759 37.732 37.707 37.667 37.632 37.569 37.559 37.524 37.462 37.439 37.394 37.382 37.342 37.284 37.232 37.149 37.119 37.082 37.032 37.012 36.989 36.987 36.989 37.059 37.094 37.144 37.214 37.289 37.347 37.379 37.424 37.432 37.424 39.934 38.432 39.939 37.897 37.267 37.214 37.184 37.212 37.172 37.179 37.244 37.237 37.487 37.557 37.544 37.142 36.962 36.822 37.317 37.224 36.039 35.572 35.239 34.809 34.384 33.862 33.349 32.842 32.244 31.549 30.972 30.277 29.652 29.174 28.472 28.854 27.034
37.587 37.559 37.514 37.484 37.454 37.389 37.334 37.277 37.247 37.204 37.134 37.139 37.102 37.069 36.982 36.924 36.889 36.859 36.817 36.747 36.704 36.687 36.709 36.732 36.774 36.822 36.884 36.987 37.102 37.197 37.309 37.444 37.464 38.949 38.634 40.599 44.842 42.872 39.597 37.397 37.384 37.334 37.309 37.472 37.339 37.149 37.177 37.227 37.412 37.057 36.857 36.672 36.672 36.477 35.559 35.177 34.957 35.269 34.089 33.564 33.162 32.697 32.084 31.482 30.812 30.184 29.554 28.969 28.474 28.479 27.037 26.469
37.352 37.294 37.272 37.207 37.144 37.084 37.039 36.997 36.957 36.899 36.852 36.819 36.757 36.719 36.667 36.609 36.554 36.512 36.472 36.414 36.409 36.424 36.472 36.517 36.589 36.662 36.784 37.024 37.157 37.219 37.274 37.469 37.309 39.102 40.237 43.424 42.597 43.252 40.449 37.329 37.214 37.089 37.142 37.019 37.069 36.744 36.609 36.569 36.577 36.212 36.007 35.767 38.064 39.412 35.052 34.432 34.122 33.907 33.372 32.874 32.472 31.912 31.324 30.709 30.784 29.684 28.889 28.197 27.604 27.172 26.554 25.919
37.094 37.029 36.967 36.902 36.844 36.824 36.757 36.704 36.657 36.587 36.504 36.449 36.429 36.412 36.357 36.297 36.217 36.162 36.167 36.212 36.179 36.229 36.269 36.329 36.479 36.649 36.879 36.977 37.012 36.967 36.842 36.972 37.049 36.962 36.764 37.214 38.692 39.242 37.444 36.514 36.324 36.312 36.232 36.159 36.327 36.179 35.632 35.517 35.479 35.284 35.759 34.874 34.644 34.237 33.954 33.762 33.277 33.014 32.719 32.267 31.692 31.182 30.594 29.817 29.204 28.754 28.139 27.484 26.822 26.334 26.084 25.439
36.809 36.727 36.699 36.652 36.597 36.534 36.452 36.392 36.324 36.232 36.197 36.159 36.124 36.062 36.017 35.944 35.912 35.949 35.987 36.017 35.994 36.042 36.192 36.412 36.547 36.599 36.644 36.547 36.509 36.372 36.104 35.859 35.794 35.887 35.814 35.759 35.772 36.217 35.547 35.372 35.439 35.339 35.299 35.242 35.949 35.279 34.877 34.647 34.552 34.254 34.394 34.079 33.977 33.434 33.232 32.939 32.549 32.254 31.959 31.442 30.829 30.249 29.659 29.004 28.574 28.079 27.847 27.137 26.149 25.674 25.234 24.844
36.539 36.499 36.454 36.377 36.327 36.227 36.139 36.039 35.984 35.952 35.897 35.817 35.769 35.729 35.717 35.722 35.722 35.759 35.799 35.957 36.032 36.072 36.162 36.234 37.674 36.394 36.384 35.782 35.734 35.374 34.984 35.094 35.044 35.114 35.027 34.912 34.729 34.727 34.654 34.602 34.399 34.329 34.324 34.294 35.089 34.019 33.849 33.702 33.567 33.477 33.379 33.234 32.987 32.662 32.547 32.482 31.857 31.429 30.944 30.474 30.057 29.379 28.829 28.404 27.792 27.219 26.654 26.157 25.534 25.112 24.752 30.037
36.297 36.252 36.157 36.084 36.002 35.924 35.842 35.769 35.709 35.647 35.572 35.504 35.487 35.497 35.527 35.524 35.569 35.694 35.894 36.254 36.259 35.912 37.077 38.044 35.832 35.224 35.369 34.727 34.357 34.192 34.219 34.172 34.084 34.364 34.152 33.912 34.187 33.707 33.597 33.422 33.352 33.152 33.179 33.157 33.217 33.449 33.084 33.249 32.859 32.689 32.574 32.399 32.214 31.884 31.674 31.324 31.557 30.504 30.139 29.577 29.127 28.672 27.959 27.484 26.887 26.407 25.832 25.432 24.907 24.567 24.317 28.469
36.017 35.952 35.854 35.782 35.684 35.604 35.539 35.467 35.349 35.307 35.294 35.274 35.319 35.339 35.384 35.469 35.842 35.962 36.084 36.167 35.712 35.189 34.912 34.477 34.317 33.874 33.629 33.367 33.149 33.222 33.144 33.099 33.294 33.274 33.114 32.982 32.807 32.602 32.584 32.449 32.467 32.429 32.309 32.392 32.417 32.337 32.154 32.057 31.967 31.872 31.789 31.527 31.289 30.929 30.607 30.334 30.017 29.597 29.229 28.664 28.234 27.737 27.237 26.707 26.157 25.599 25.122 24.672 24.352 24.164 23.964 23.857
35.717 35.624 35.564 35.479 35.354 35.282 35.214 35.154 35.099 35.104 35.104 35.087 35.167 35.229 35.419 35.479 35.702 35.614 35.559 35.182 34.684 34.657 33.847 33.387 33.174 32.867 32.562 32.462 32.472 32.419 32.237 32.409 32.517 32.767 32.022 32.329 33.352 32.637 31.782 31.547 31.614 31.527 31.532 31.544 31.412 31.459 31.399 31.639 31.269 31.049 30.742 30.592 30.344 30.072 29.747 29.414 29.132 28.762 28.252 27.899 27.507 27.537 26.532 26.024 25.419 24.929 24.494 24.247 24.082 27.949 24.624 23.604
35.429 35.349 35.234 35.149 35.064 35.014 34.977 34.922 34.919 34.904 34.937 35.022 35.179 35.309 35.489 35.377 35.117 34.804 34.339 34.057 33.542 33.339 32.789 32.334 32.097 31.924 31.789 31.689 31.709 31.622 31.364 32.182 31.852 32.297 31.129 34.282 31.732 30.944 30.749 30.584 30.729 31.514 30.762 30.419 30.554 30.529 30.379 32.562 30.589 30.077 29.944 29.842 29.557 29.232 28.872 28.557 28.194 27.864 27.419 27.039 26.759 26.219 25.704 25.237 24.717 24.389 24.114 23.884 23.749 25.327 25.042 23.984
