All_lidar/sz5788_DSM_2M.asc
ncols 500
nrows 500
xllcorner    457000
yllcorner    88000
cellsize     2
NODATA_value -9999
[rows 320 to 351 of 500, columns 146 to 218 of 500]
38.288 38.311 38.308 38.363 39.108 38.286 38.426 38.483 38.498 38.521 38.553 38.581 38.611 38.641 38.663 38.716 38.748 38.791 38.861 38.936 39.026 39.108 39.216 39.291 39.383 39.486 39.566 39.623 39.708 39.786 39.856 39.918 39.986 40.018 40.088 40.156 40.228 40.306 40.356 40.426 40.501 40.591 40.703 40.788 40.858 40.918 40.993 41.081 41.176 41.246 41.336 41.393 41.441 41.506 41.548 41.591 41.646 41.688 41.728 41.768 41.793 41.836 41.903 41.971 41.971 42.013 42.036 42.061 42.088 42.113 42.126 42.116 42.141
38.343 38.368 38.371 38.381 39.213 38.866 38.526 38.543 38.586 38.611 38.641 38.646 38.683 38.716 38.766 38.788 38.826 38.868 38.936 38.996 39.101 39.178 39.261 39.363 39.441 39.536 39.613 39.703 39.756 39.818 39.903 39.961 40.041 40.061 40.133 40.188 40.271 40.348 40.408 40.476 40.541 40.636 40.736 40.821 40.888 40.981 41.046 41.141 41.201 41.291 41.376 41.451 41.478 41.541 41.586 41.638 41.691 41.721 41.778 41.813 41.846 41.901 41.943 41.988 42.026 42.068 42.093 42.106 42.141 42.148 42.158 42.176 42.178
38.411 38.443 38.458 38.461 38.993 39.153 38.593 38.601 38.658 38.676 38.693 38.733 38.758 38.771 38.831 38.848 38.888 38.928 38.991 39.071 39.168 39.251 39.323 39.426 39.511 39.596 39.673 39.741 39.816 39.886 39.943 40.023 40.083 40.141 40.198 40.283 40.308 40.388 40.451 40.521 40.611 40.676 40.776 40.868 40.948 41.023 41.083 41.143 41.243 41.346 41.413 41.468 41.523 41.586 41.616 41.661 41.711 41.766 41.801 41.846 41.896 41.931 41.976 42.018 42.053 42.093 42.128 42.151 42.181 42.206 42.201 42.196 42.186
38.493 38.518 38.538 38.538 38.953 38.898 38.641 38.666 38.701 38.718 38.738 38.791 38.826 38.853 38.886 38.911 38.943 38.996 39.081 39.126 39.226 39.306 39.403 39.481 39.571 39.636 39.733 39.783 39.858 39.931 39.998 40.071 40.133 40.218 40.258 40.328 40.368 40.426 40.491 40.568 40.666 40.743 40.846 40.903 40.991 41.056 41.113 41.193 41.286 41.391 41.458 41.511 41.573 41.641 41.643 41.713 41.758 41.788 41.811 41.868 41.896 41.928 41.996 42.036 42.091 42.121 42.151 42.171 42.196 42.218 42.211 42.216 42.203
38.561 38.586 38.606 38.623 39.153 38.673 38.671 38.733 38.791 38.788 38.796 38.823 38.888 38.918 38.943 39.001 39.033 39.093 39.158 39.206 39.273 39.378 39.473 39.556 39.636 39.723 39.796 39.853 39.938 39.986 40.061 40.141 40.226 40.233 40.318 40.381 40.441 40.483 40.556 40.643 40.708 40.801 40.886 40.963 41.058 41.116 41.173 41.251 41.343 41.411 41.503 41.558 41.611 41.666 41.706 41.748 41.796 41.843 41.868 41.906 41.928 41.978 42.036 42.081 42.113 42.143 42.198 42.208 42.223 42.246 42.248 42.256 42.236
38.613 38.661 38.666 38.741 39.413 38.726 38.781 38.801 38.833 38.856 38.876 38.908 38.933 38.981 39.016 39.061 39.098 39.158 39.201 39.276 39.363 39.466 39.543 39.618 39.708 39.801 39.851 39.918 40.001 40.056 40.126 40.198 40.251 40.291 40.343 40.408 40.506 40.561 40.613 40.703 40.773 40.871 40.946 41.013 41.091 41.158 41.231 41.311 41.406 41.473 41.546 41.611 41.651 41.726 41.758 41.816 41.841 41.873 41.888 41.953 41.993 42.026 42.083 42.116 42.156 42.183 42.231 42.231 42.276 42.286 42.268 42.263 42.251
38.656 38.696 38.703 38.731 39.581 39.013 38.823 38.846 38.911 38.923 38.941 38.973 39.021 39.041 39.101 39.133 39.156 39.216 39.288 39.356 39.418 39.508 39.606 39.676 39.758 39.856 39.931 40.011 40.068 40.116 40.193 40.223 40.293 40.343 40.398 40.478 40.551 40.591 40.663 40.758 40.843 40.913 41.016 41.071 41.166 41.238 41.278 41.366 41.456 41.513 41.591 41.658 41.703 41.771 41.808 41.848 41.891 41.918 41.953 42.013 42.041 42.083 42.113 42.168 42.193 42.218 42.268 42.296 42.293 42.311 42.308 42.313 42.288
38.721 38.751 38.796 38.786 39.538 39.098 38.908 38.926 38.993 39.003 38.996 39.018 39.051 39.088 39.156 39.186 39.211 39.286 39.356 39.428 39.483 39.583 39.653 39.753 39.823 39.908 39.986 40.066 40.128 40.171 40.228 40.291 40.346 40.368 40.461 40.531 40.601 40.653 40.713 40.796 40.883 40.963 41.058 41.148 41.208 41.271 41.313 41.411 41.503 41.561 41.633 41.721 41.758 41.811 41.851 41.908 41.933 41.953 42.006 42.051 42.088 42.133 42.163 42.196 42.241 42.268 42.301 42.306 42.321 42.306 42.318 42.323 42.291
38.751 38.791 38.816 38.838 39.708 38.573 38.973 38.991 39.063 39.051 39.053 39.086 39.123 39.141 39.181 39.261 39.288 39.346 39.393 39.466 39.533 39.636 39.726 39.806 39.893 39.973 40.041 40.101 40.158 40.221 40.281 40.326 40.373 40.426 40.496 40.561 40.633 40.681 40.763 40.838 40.931 41.006 41.108 41.188 41.251 41.321 41.386 41.461 41.543 41.616 41.688 41.761 41.803 41.856 41.888 41.941 41.961 42.013 42.061 42.076 42.123 42.158 42.206 42.218 42.268 42.303 42.328 42.343 42.376 42.356 42.346 42.343 42.316
38.843 38.873 38.888 39.101 39.768 39.008 39.013 39.041 39.101 39.106 39.121 39.153 39.171 39.211 39.256 39.301 39.331 39.403 39.461 39.543 39.616 39.696 39.786 39.856 39.936 40.006 40.096 40.151 40.208 40.278 40.333 40.381 40.408 40.461 40.526 40.591 40.676 40.738 40.791 40.888 40.973 41.053 41.141 41.226 41.296 41.361 41.418 41.488 41.598 41.666 41.728 41.786 41.848 41.886 41.923 41.958 42.006 42.046 42.088 42.121 42.163 42.201 42.233 42.291 42.291 42.326 42.371 42.391 42.388 42.393 42.401 42.388 42.356
38.921 38.918 38.938 39.183 39.831 39.043 39.063 39.086 39.141 39.138 39.176 39.223 39.256 39.288 39.348 39.386 39.421 39.466 39.526 39.591 39.683 39.771 39.856 39.916 40.023 40.111 40.158 40.218 40.258 40.316 40.366 40.411 40.463 40.516 40.576 40.633 40.701 40.756 40.821 40.923 40.983 41.088 41.171 41.251 41.316 41.393 41.451 41.551 41.621 41.701 41.763 41.798 41.873 41.916 41.966 42.011 42.043 42.086 42.126 42.158 42.196 42.241 42.276 42.296 42.348 42.376 42.386 42.403 42.433 42.433 42.416 42.418 42.383
38.918 38.966 39.003 39.111 39.973 39.293 39.123 39.151 39.263 39.208 39.231 39.276 39.311 39.323 39.381 39.441 39.491 39.513 39.601 39.693 39.751 39.853 39.921 39.991 40.078 40.168 40.236 40.288 40.336 40.386 40.436 40.473 40.521 40.558 40.628 40.668 40.746 40.806 40.886 40.948 41.053 41.103 41.203 41.291 41.378 41.441 41.501 41.588 41.681 41.748 41.806 41.853 41.908 41.948 42.003 42.018 42.081 42.126 42.156 42.186 42.221 42.268 42.286 42.318 42.368 42.391 42.408 42.421 42.438 42.441 42.418 42.431 42.411
38.963 39.036 39.073 39.146 40.046 39.183 39.181 39.213 39.301 39.276 39.288 39.331 39.381 39.406 39.441 39.498 39.528 39.586 39.671 39.753 39.818 39.911 40.003 40.066 40.151 40.238 40.303 40.371 40.391 40.446 40.516 40.528 40.581 40.608 40.668 40.718 40.793 40.843 40.923 40.988 41.071 41.166 41.243 41.336 41.416 41.461 41.538 41.611 41.711 41.801 41.831 41.886 41.953 42.003 42.038 42.083 42.131 42.153 42.191 42.236 42.273 42.308 42.336 42.363 42.433 42.433 42.458 42.463 42.481 42.461 42.466 42.453 42.421
39.066 39.101 39.126 39.266 40.058 39.003 39.248 39.263 39.328 39.328 39.336 39.376 39.408 39.451 39.493 39.536 39.598 39.628 39.693 39.791 39.876 39.976 40.038 40.101 40.208 40.273 40.353 40.411 40.451 40.483 40.538 40.558 40.618 40.668 40.721 40.778 40.831 40.903 40.963 41.013 41.113 41.208 41.288 41.373 41.441 41.506 41.566 41.656 41.736 41.831 41.888 41.933 42.006 42.058 42.076 42.136 42.176 42.196 42.243 42.261 42.313 42.351 42.398 42.428 42.461 42.496 42.513 42.516 42.506 42.496 42.508 42.491 42.476
39.121 39.166 39.208 39.678 39.723 39.073 39.296 39.316 39.368 39.371 39.408 39.428 39.448 39.488 39.526 39.586 39.636 39.681 39.746 39.846 39.923 40.013 40.093 40.153 40.236 40.313 40.371 40.418 40.461 40.511 40.543 40.611 40.626 40.678 40.748 40.818 40.873 40.921 40.993 41.078 41.156 41.248 41.313 41.396 41.481 41.528 41.591 41.676 41.771 41.846 41.921 41.966 42.038 42.103 42.096 42.166 42.211 42.221 42.276 42.293 42.361 42.388 42.423 42.463 42.498 42.521 42.531 42.538 42.538 42.551 42.538 42.523 42.503
39.243 39.283 39.301 39.658 40.078 39.198 39.348 39.381 39.418 39.436 39.471 39.506 39.528 39.541 39.608 39.653 39.681 39.733 39.801 39.878 39.948 40.038 40.093 40.198 40.278 40.338 40.391 40.466 40.506 40.563 40.593 40.633 40.663 40.698 40.778 40.848 40.901 40.943 41.011 41.101 41.206 41.276 41.351 41.438 41.493 41.561 41.618 41.708 41.796 41.873 41.936 41.991 42.038 42.086 42.131 42.161 42.211 42.243 42.268 42.306 42.371 42.431 42.451 42.483 42.508 42.533 42.553 42.553 42.563 42.568 42.566 42.558 42.518
39.376 39.381 39.388 39.566 40.343 39.473 39.416 39.463 39.466 39.503 39.531 39.588 39.596 39.631 39.678 39.713 39.758 39.808 39.866 39.948 40.018 40.111 40.178 40.273 40.341 40.406 40.458 40.503 40.583 40.633 40.648 40.693 40.723 40.766 40.826 40.888 40.926 40.993 41.071 41.128 41.241 41.316 41.378 41.476 41.531 41.606 41.661 41.741 41.828 41.901 41.976 42.011 42.071 42.093 42.136 42.191 42.216 42.246 42.298 42.331 42.378 42.396 42.463 42.493 42.513 42.556 42.566 42.573 42.581 42.588 42.553 42.556 42.541
39.453 39.436 39.393 40.063 40.526 39.531 39.498 39.518 39.558 39.586 39.638 39.681 39.681 39.708 39.743 39.786 39.851 39.876 39.928 40.011 40.078 40.188 40.268 40.323 40.391 40.478 40.508 40.573 40.613 40.663 40.703 40.748 40.778 40.828 40.881 40.943 40.988 41.048 41.121 41.186 41.281 41.376 41.446 41.533 41.598 41.661 41.708 41.786 41.861 41.953 41.996 42.066 42.108 42.148 42.171 42.223 42.276 42.281 42.353 42.388 42.396 42.446 42.471 42.518 42.543 42.563 42.586 42.588 42.603 42.603 42.596 42.568 42.558
40.108 39.853 39.493 40.113 40.151 39.358 39.551 39.588 39.628 39.666 39.701 39.728 39.753 39.806 39.846 39.853 39.898 39.968 40.023 40.076 40.168 40.221 40.303 40.378 40.456 40.541 40.553 40.631 40.663 40.733 40.758 40.778 40.813 40.866 40.928 40.993 41.053 41.106 41.166 41.253 41.336 41.401 41.493 41.576 41.638 41.688 41.751 41.856 41.908 41.988 42.046 42.101 42.141 42.188 42.218 42.263 42.308 42.353 42.388 42.413 42.458 42.481 42.523 42.538 42.598 42.613 42.623 42.628 42.653 42.638 42.626 42.606 42.576
39.743 39.956 39.833 39.748 40.078 39.543 39.601 39.643 39.698 39.768 39.768 39.803 39.833 39.861 39.891 39.916 39.961 40.028 40.053 40.118 40.213 40.306 40.378 40.428 40.486 40.563 40.626 40.643 40.696 40.766 40.796 40.823 40.866 40.898 40.963 41.036 41.086 41.126 41.198 41.278 41.363 41.468 41.536 41.606 41.671 41.718 41.793 41.898 41.958 42.021 42.068 42.121 42.166 42.221 42.276 42.313 42.366 42.378 42.406 42.453 42.496 42.531 42.543 42.586 42.601 42.621 42.641 42.646 42.671 42.656 42.638 42.633 42.611
39.671 39.736 39.828 39.928 40.166 39.578 39.643 39.723 39.763 39.811 39.828 39.858 39.896 39.926 39.961 39.991 40.023 40.086 40.121 40.178 40.281 40.363 40.438 40.468 40.543 40.608 40.658 40.688 40.728 40.828 40.866 40.886 40.918 40.951 40.998 41.063 41.121 41.183 41.261 41.336 41.411 41.513 41.576 41.643 41.706 41.758 41.826 41.893 42.001 42.038 42.113 42.163 42.213 42.256 42.313 42.336 42.386 42.388 42.436 42.466 42.516 42.556 42.611 42.606 42.633 42.653 42.663 42.686 42.676 42.668 42.671 42.656 42.628
39.688 39.783 39.868 40.146 40.586 39.693 39.721 39.796 39.861 39.876 39.893 39.926 39.951 39.991 40.038 40.056 40.106 40.136 40.183 40.246 40.338 40.411 40.453 40.533 40.588 40.658 40.678 40.743 40.806 40.846 40.913 40.901 40.946 40.991 41.053 41.093 41.178 41.208 41.283 41.376 41.471 41.543 41.623 41.686 41.748 41.816 41.861 41.943 42.016 42.083 42.146 42.198 42.241 42.303 42.353 42.381 42.411 42.438 42.473 42.506 42.558 42.576 42.661 42.658 42.653 42.676 42.693 42.708 42.703 42.711 42.686 42.658 42.668
39.758 39.806 39.898 39.978 40.453 39.833 39.811 39.878 39.923 39.941 39.963 40.008 40.026 40.058 40.091 40.121 40.136 40.208 40.258 40.301 40.391 40.476 40.536 40.578 40.611 40.698 40.718 40.788 40.836 40.911 40.928 40.951 40.978 41.043 41.103 41.133 41.208 41.248 41.328 41.418 41.483 41.553 41.643 41.711 41.768 41.818 41.891 41.988 42.048 42.118 42.183 42.226 42.273 42.321 42.376 42.428 42.448 42.476 42.493 42.531 42.581 42.601 42.643 42.698 42.711 42.721 42.743 42.738 42.753 42.738 42.733 42.706 42.688
39.811 39.861 39.971 39.933 39.971 39.848 39.888 39.943 40.001 40.021 40.023 40.073 40.108 40.098 40.146 40.183 40.226 40.273 40.321 40.371 40.456 40.503 40.571 40.626 40.663 40.738 40.771 40.843 40.866 40.911 40.956 40.986 41.053 41.071 41.113 41.148 41.263 41.311 41.346 41.438 41.506 41.576 41.668 41.711 41.796 41.851 41.913 41.993 42.063 42.156 42.216 42.261 42.313 42.348 42.401 42.443 42.471 42.478 42.531 42.561 42.601 42.646 42.688 42.726 42.758 42.748 42.768 42.791 42.791 42.786 42.781 42.758 42.731
39.881 39.948 40.021 40.086 39.956 39.986 39.991 40.048 40.078 40.101 40.103 40.156 40.166 40.186 40.228 40.236 40.271 40.331 40.393 40.438 40.521 40.578 40.631 40.661 40.718 40.781 40.811 40.893 40.913 40.976 41.003 41.033 41.066 41.106 41.181 41.208 41.263 41.328 41.361 41.466 41.536 41.626 41.688 41.756 41.836 41.878 41.958 42.016 42.108 42.171 42.223 42.273 42.316 42.363 42.403 42.446 42.483 42.506 42.543 42.588 42.638 42.676 42.703 42.723 42.773 42.763 42.798 42.816 42.813 42.808 42.806 42.776 42.763
39.953 39.981 39.996 40.628 40.553 40.061 40.066 40.126 40.153 40.138 40.166 40.211 40.231 40.236 40.273 40.296 40.321 40.401 40.436 40.491 40.591 40.633 40.698 40.721 40.776 40.836 40.873 40.923 40.963 41.006 41.041 41.081 41.123 41.141 41.196 41.256 41.306 41.346 41.413 41.493 41.571 41.623 41.713 41.796 41.838 41.891 41.971 42.063 42.136 42.181 42.228 42.283 42.356 42.393 42.428 42.483 42.511 42.543 42.583 42.601 42.668 42.698 42.733 42.771 42.798 42.796 42.826 42.851 42.838 42.831 42.816 42.811 42.793
40.003 40.003 40.031 40.606 40.673 40.148 40.141 40.183 40.191 40.213 40.228 40.253 40.273 40.273 40.318 40.341 40.403 40.438 40.501 40.551 40.623 40.691 40.728 40.771 40.833 40.883 40.921 40.953 40.998 41.038 41.093 41.126 41.173 41.181 41.236 41.283 41.351 41.396 41.458 41.548 41.588 41.678 41.723 41.791 41.856 41.923 41.976 42.068 42.141 42.201 42.248 42.321 42.353 42.406 42.448 42.483 42.523 42.566 42.581 42.633 42.678 42.733 42.771 42.801 42.828 42.811 42.841 42.873 42.858 42.861 42.843 42.831 42.826
40.048 40.043 40.083 40.426 40.448 40.208 40.213 40.246 40.238 40.253 40.278 40.318 40.326 40.363 40.388 40.401 40.471 40.498 40.551 40.628 40.693 40.776 40.786 40.838 40.853 40.921 40.966 40.981 41.051 41.071 41.133 41.168 41.198 41.248 41.286 41.338 41.373 41.441 41.483 41.561 41.618 41.696 41.758 41.821 41.878 41.948 41.991 42.081 42.158 42.226 42.283 42.341 42.396 42.426 42.458 42.496 42.531 42.578 42.626 42.641 42.711 42.753 42.776 42.796 42.826 42.833 42.858 42.871 42.871 42.876 42.856 42.858 42.856
40.118 40.136 40.158 40.381 40.211 40.283 40.288 40.286 40.318 40.303 40.341 40.388 40.398 40.398 40.423 40.461 40.511 40.556 40.603 40.683 40.748 40.796 40.843 40.883 40.923 40.973 40.996 41.053 41.103 41.173 41.173 41.213 41.281 41.308 41.341 41.391 41.433 41.491 41.548 41.626 41.673 41.726 41.783 41.843 41.896 41.948 42.016 42.106 42.186 42.263 42.306 42.346 42.381 42.431 42.466 42.518 42.558 42.601 42.628 42.698 42.718 42.766 42.801 42.828 42.856 42.856 42.888 42.878 42.901 42.893 42.866 42.881 42.861
40.176 40.201 40.241 41.151 40.613 40.361 40.346 40.368 40.393 40.396 40.431 40.461 40.466 40.458 40.491 40.546 40.558 40.618 40.663 40.736 40.803 40.858 40.876 40.943 40.986 41.036 41.066 41.133 41.178 41.201 41.248 41.248 41.306 41.371 41.411 41.456 41.491 41.541 41.613 41.686 41.736 41.778 41.841 41.881 41.946 42.001 42.056 42.141 42.218 42.276 42.331 42.368 42.423 42.451 42.506 42.531 42.588 42.618 42.658 42.693 42.763 42.793 42.811 42.838 42.878 42.886 42.898 42.896 42.916 42.901 42.878 42.901 42.868
40.246 40.283 40.318 41.286 40.843 40.413 40.393 40.436 40.463 40.463 40.531 40.506 40.521 40.568 40.581 40.621 40.653 40.708 40.741 40.786 40.863 40.926 40.958 41.001 41.046 41.101 41.148 41.206 41.251 41.308 41.321 41.351 41.391 41.421 41.486 41.526 41.581 41.618 41.678 41.743 41.788 41.836 41.891 41.923 41.991 42.043 42.103 42.211 42.258 42.306 42.368 42.418 42.446 42.503 42.518 42.581 42.608 42.641 42.691 42.731 42.786 42.826 42.863 42.901 42.921 42.921 42.931 42.946 42.928 42.926 42.923 42.928 42.898
40.316 40.333 40.396 41.188 40.413 40.483 40.496 40.498 40.516 40.543 40.573 40.598 40.616 40.618 40.658 40.708 40.731 40.773 40.808 40.878 40.928 40.983 41.031 41.078 41.118 41.173 41.193 41.261 41.306 41.366 41.426 41.426 41.478 41.506 41.568 41.611 41.653 41.711 41.743 41.803 41.858 41.893 41.966 42.006 42.051 42.091 42.161 42.241 42.283 42.366 42.391 42.453 42.501 42.558 42.583 42.608 42.626 42.688 42.728 42.753 42.826 42.853 42.893 42.941 42.931 42.943 42.956 42.978 42.956 42.961 42.971 42.941 42.933
