All_lidar/sz5890_DSM_2M.asc
ncols 500
nrows 500
xllcorner    458000
yllcorner    90000
cellsize     2
NODATA_value -9999
[rows 352 to 383 of 500, columns 72 to 143 of 500]
65.245 65.15 65.063 64.96 64.843 64.685 64.573 64.468 64.343 64.2 64.093 63.965 63.805 63.678 63.548 63.435 63.298 63.175 63.073 62.948 62.835 62.673 62.583 62.445 62.3 62.163 62.038 61.898 61.775 61.638 61.49 61.31 61.125 60.955 60.813 60.623 60.468 60.34 60.225 60.11 60.055 59.988 59.955 59.848 59.655 59.67 59.993 59.368 59.27 59.243 59.85 59.815 58.943 58.838 58.738 58.67 58.588 58.493 58.41 58.348 58.288 58.213 58.155 58.145 58.088 58.038 58.015 57.978 57.918 57.875 57.78 57.718
65.193 65.083 64.96 64.863 64.725 64.58 64.46 64.358 64.255 64.145 64.003 63.853 63.698 63.583 63.473 63.343 63.21 63.09 63 62.883 62.703 62.583 62.468 62.353 62.225 62.115 61.948 61.845 61.685 61.568 61.398 61.243 61.065 60.888 60.713 60.528 60.428 60.298 60.125 60.013 59.945 59.955 59.933 60.683 59.533 59.485 59.573 59.293 59.16 59.075 59.205 59.338 58.908 58.718 58.603 58.508 58.443 58.38 58.318 58.253 58.163 58.138 58.11 58.033 58.015 57.975 57.92 57.868 57.838 57.748 57.675 57.575
65.13 65 64.848 64.745 64.633 64.523 64.378 64.255 64.17 64.045 63.903 63.75 63.603 63.47 63.365 63.255 63.108 63.035 62.985 62.838 62.613 62.5 62.34 62.253 62.133 62.045 61.893 61.765 61.625 61.48 61.293 61.143 60.973 60.82 60.63 60.49 60.358 60.24 60.078 59.923 59.84 59.83 59.778 59.7 59.41 59.378 59.388 59.188 59.063 58.98 58.938 58.92 58.72 58.595 58.453 58.383 58.32 58.25 58.198 58.165 58.125 58.06 58.01 57.98 57.95 57.91 57.825 57.775 57.708 57.62 57.563 57.47
65.008 64.908 64.748 64.623 64.518 64.405 64.29 64.178 64.098 63.943 63.803 63.67 63.505 63.373 63.245 63.168 63.045 62.958 62.84 62.66 62.545 62.415 62.28 62.17 62.05 61.93 61.833 61.71 61.573 61.42 61.23 61.06 60.89 60.725 60.583 60.43 60.285 60.135 60.01 59.845 59.793 59.718 59.635 59.55 59.335 59.193 59.285 59.133 58.965 58.87 58.803 58.695 58.58 58.443 58.353 58.3 58.255 58.198 58.205 58.15 58.038 57.985 57.98 57.95 57.88 57.808 57.723 57.66 57.585 57.538 57.45 57.338
64.873 64.763 64.63 64.52 64.41 64.285 64.168 64.11 63.983 63.845 63.693 63.573 63.433 63.283 63.16 63.078 62.94 62.948 62.703 62.573 62.45 62.333 62.22 62.1 61.945 61.838 61.73 61.61 61.49 61.353 61.188 60.99 60.79 60.623 60.49 60.36 60.22 60.098 59.943 59.795 59.723 59.643 59.498 59.525 59.488 59.098 59.153 59.035 58.865 58.738 58.645 58.555 58.445 58.32 58.258 58.26 58.303 58.2 58.208 58.128 58.145 57.985 57.94 57.883 57.813 57.743 57.638 57.563 57.488 57.405 57.31 57.238
64.738 64.63 64.51 64.413 64.275 64.133 64.06 63.973 63.883 63.76 63.613 63.493 63.355 63.225 63.07 62.953 62.853 62.808 62.583 62.503 62.355 62.248 62.125 62.015 61.88 61.768 61.643 61.493 61.353 61.27 61.103 60.93 60.718 60.548 60.41 60.303 60.178 60.035 59.915 59.765 59.665 59.605 59.5 59.335 59.26 58.998 58.965 58.925 58.745 58.63 58.528 58.425 58.293 58.238 58.215 58.223 58.713 58.295 58.023 58.438 58.33 57.965 57.848 57.758 57.688 57.59 57.545 57.458 57.385 57.288 57.23 57.17
64.603 64.538 64.445 64.323 64.17 64.06 63.978 63.855 63.725 63.635 63.498 63.398 63.243 63.115 62.978 62.865 62.805 62.605 62.48 62.38 62.243 62.128 62.035 61.923 61.815 61.695 61.575 61.425 61.268 61.168 61.028 60.885 60.673 60.523 60.385 60.235 60.113 60.005 59.895 59.755 59.63 59.563 59.49 59.395 59.145 58.815 58.808 58.758 58.548 58.48 58.358 58.258 58.203 58.145 58.113 58.125 58.143 58.143 58.075 57.925 57.88 57.853 57.77 57.673 57.605 57.49 57.425 57.34 57.273 57.21 57.17 57.11
64.523 64.415 64.323 64.208 64.09 64.005 63.888 63.74 63.623 63.493 63.37 63.275 63.143 63.04 62.91 62.818 62.665 62.505 62.4 62.278 62.153 62.018 61.953 61.848 61.73 61.61 61.5 61.373 61.23 61.09 60.93 60.788 60.64 60.495 60.353 60.185 60.038 59.93 59.833 59.718 59.6 59.548 59.58 59.293 59.048 58.718 58.685 58.635 58.418 58.933 58.803 58.063 58.01 57.998 57.99 57.938 57.953 58.063 58.05 57.958 57.963 57.848 57.718 57.555 57.478 57.363 57.283 57.218 57.165 57.088 57.055 57.008
64.385 64.32 64.2 64.125 64.025 63.89 63.79 63.643 63.508 63.363 63.278 63.183 63.065 62.943 62.823 62.705 62.555 62.453 62.298 62.183 62.065 61.953 61.853 61.765 61.645 61.52 61.395 61.275 61.143 61.013 60.865 60.725 60.57 60.448 60.295 60.155 60.028 59.868 59.778 59.7 59.59 59.473 59.628 59.228 59.038 58.705 58.6 58.53 58.225 62.643 60.99 57.888 57.863 57.888 57.895 57.978 57.893 57.895 57.8 57.95 57.948 57.82 57.613 57.415 57.325 57.243 57.175 57.108 57.05 56.985 56.93 56.923
64.26 64.17 64.118 64.03 63.925 63.795 63.67 63.555 63.435 63.28 63.183 63.075 62.938 62.823 62.693 62.575 62.438 62.35 62.26 62.11 62.01 61.87 61.768 61.665 61.558 61.438 61.31 61.175 61.043 60.89 60.768 60.655 60.513 60.373 60.248 60.123 59.993 59.87 59.748 59.65 59.55 59.415 59.273 59.11 58.955 58.663 58.465 58.405 58.04 59.175 60.575 58.048 57.783 57.735 57.845 57.848 57.755 57.875 57.898 57.973 57.775 57.575 57.34 57.303 57.25 57.318 57.313 57.27 57.013 56.91 56.828 56.803
64.165 64.055 63.98 63.895 63.79 63.683 63.558 63.435 63.325 63.18 63.073 62.958 62.828 62.715 62.608 62.453 62.365 62.255 62.128 62.038 61.923 61.795 61.698 61.563 61.445 61.335 61.218 61.095 60.925 60.8 60.658 60.543 60.445 60.318 60.188 60.06 59.945 59.825 59.713 59.595 59.483 59.3 59.163 59.035 58.925 58.763 58.34 58.243 58.065 58.44 57.758 57.755 57.668 57.683 57.64 57.628 57.61 57.698 57.828 57.79 57.56 57.903 58.155 57.195 57.253 57.453 57.505 57.233 57.005 56.9 56.758 56.703
64.083 63.953 63.848 63.74 63.66 63.553 63.44 63.34 63.215 63.073 62.973 62.84 62.72 62.605 62.475 62.373 62.268 62.18 62.04 61.963 61.91 61.82 61.63 61.49 61.34 61.23 61.093 60.975 60.86 60.723 60.575 60.453 60.335 60.248 60.14 60.013 59.9 59.78 59.68 59.55 59.415 59.22 59.055 59.008 58.97 58.685 58.235 58.093 57.985 63.415 59.923 57.628 57.613 57.525 57.478 57.48 57.465 57.453 57.545 57.508 57.43 61.07 63.39 57.148 57.13 57.265 57.125 56.923 56.898 56.848 56.675 56.593
63.953 63.85 63.748 63.65 63.523 63.445 63.318 63.2 63.105 62.978 62.865 62.758 62.618 62.488 62.365 62.278 62.168 62.06 61.955 61.86 61.835 61.655 61.57 61.41 61.278 61.125 60.988 60.858 60.753 60.623 60.52 60.375 60.273 60.15 60.058 59.968 59.855 59.743 59.605 59.43 59.328 59.12 58.955 58.93 58.865 58.928 58.223 58.035 58.058 64.273 60.075 57.535 57.488 57.42 57.36 57.473 57.448 57.348 57.393 57.37 57.425 58.438 60.323 57.055 56.973 56.968 56.9 57.053 57.245 56.853 56.585 56.513
63.848 63.73 63.655 63.565 63.415 63.268 63.185 63.115 62.995 62.863 62.768 62.638 62.528 62.403 62.285 62.143 62.045 61.968 61.873 61.77 61.665 61.573 61.445 61.333 61.2 61.053 60.885 60.73 60.618 60.525 60.42 60.305 60.175 60.063 59.945 59.86 59.79 59.7 59.573 59.358 59.193 59.015 58.898 58.88 58.795 58.888 58.193 58.01 58.038 57.76 57.525 57.443 57.335 57.323 57.29 57.383 57.278 57.205 57.2 57.363 57.3 57.115 58.108 57.008 56.953 56.895 56.918 57.178 57.763 56.878 56.513 56.465
63.713 63.638 63.58 63.453 63.32 63.163 63.045 62.98 62.89 62.76 62.643 62.525 62.388 62.285 62.183 62.045 61.938 61.83 61.765 61.693 61.593 61.473 61.373 61.238 61.12 60.963 60.813 60.658 60.523 60.42 60.328 60.213 60.098 59.973 59.863 59.775 59.74 59.643 59.493 59.318 59.105 58.953 58.848 58.833 58.713 58.583 58.873 57.915 57.82 58.08 57.745 57.425 57.408 57.348 57.223 57.225 57.183 57.18 57.233 57.595 57.093 57.363 57.638 57.035 57.59 57.47 56.75 57.29 57.303 56.843 56.355 56.318
63.608 63.528 63.45 63.353 63.22 63.09 62.953 62.843 62.77 62.673 62.55 62.408 62.283 62.178 62.055 61.933 61.825 61.723 61.645 61.56 61.5 61.375 61.27 61.163 61.02 60.87 60.733 60.59 60.445 60.348 60.225 60.113 60.033 59.915 59.79 59.718 59.648 59.558 59.518 59.273 59.043 58.935 60.188 58.908 58.63 58.45 58.653 57.868 57.705 57.993 57.85 57.66 58.833 58.203 57.183 57.083 57.095 57.763 59.15 57.803 56.828 56.853 57.76 57.175 57.823 57.335 56.56 56.525 56.658 56.763 56.225 56.215
63.458 63.378 63.32 63.218 63.098 62.975 62.86 62.725 62.63 62.55 62.42 62.288 62.15 62.058 61.938 61.835 61.733 61.623 61.538 61.443 61.36 61.288 61.2 61.08 60.92 60.783 60.675 60.515 60.368 60.255 60.15 60.01 59.938 59.833 59.735 59.658 59.578 59.738 60.075 59.143 59.013 60.105 60.883 58.513 58.455 58.305 58.605 57.918 57.64 57.565 58.758 62.098 63.003 60.33 57.208 56.975 56.943 58.373 59.66 57.123 57.003 56.77 56.78 57.058 57.37 56.823 56.433 56.358 56.303 56.218 56.12 56.115
63.318 63.228 63.15 63.063 62.948 62.863 62.755 62.635 62.515 62.418 62.343 62.173 62.085 61.93 61.813 61.715 61.62 61.533 61.428 61.345 61.243 61.173 61.105 61.003 60.855 60.743 60.585 60.463 60.325 60.193 60.08 59.96 59.84 59.735 59.665 59.59 59.51 59.355 59.22 59.078 58.98 59.395 58.938 58.363 58.205 58.125 58.09 57.81 57.548 57.458 58.4 62.525 62.42 59.41 57.17 56.94 56.85 56.783 56.595 57.368 57.88 57.715 57.57 57.125 56.67 56.318 56.243 56.223 56.163 56.103 56.048 56.018
63.218 63.098 63.005 62.95 62.838 62.728 62.63 62.513 62.4 62.298 62.18 62.028 61.923 61.825 61.705 61.615 61.518 61.44 61.35 61.248 61.135 61.05 60.98 60.893 60.818 60.703 60.503 60.395 60.253 60.13 60 59.893 59.79 59.678 59.603 59.52 59.41 59.265 59.123 59 58.898 58.685 58.433 58.288 58.145 57.988 57.883 58.603 57.868 57.368 57.43 59.305 58.99 57.4 56.923 56.838 56.9 56.778 56.61 57.198 57.513 57.428 57.668 57.128 56.365 56.17 56.03 56.07 56.01 55.98 55.955 55.905
63.16 63.035 62.903 62.8 62.698 62.593 62.513 62.4 62.303 62.165 62.075 61.938 61.783 61.683 61.595 61.498 61.418 61.335 61.235 61.148 61.045 60.945 60.843 60.745 60.685 60.553 60.44 60.303 60.193 60.055 59.94 59.84 59.72 59.643 59.555 59.438 59.32 59.19 59.04 58.93 58.758 58.558 58.35 58.223 58.058 57.89 57.833 58.11 58.983 57.325 57.238 58.103 58.525 57.795 57.71 57.388 57.883 57.738 56.743 56.545 56.51 56.478 56.515 56.585 56.248 56.038 55.895 55.92 55.943 55.9 55.865 55.788
63.088 62.92 62.833 62.695 62.555 62.463 62.373 62.273 62.178 62.05 61.925 61.823 61.775 61.593 61.463 61.408 61.323 61.23 61.13 61.068 60.963 60.868 60.745 60.643 60.54 60.42 60.35 60.215 60.08 59.968 59.88 59.768 59.66 59.613 59.468 59.358 59.228 59.103 59.005 58.86 58.673 58.478 58.275 58.13 57.96 57.835 57.713 57.768 58.458 57.673 57.185 57.255 58.105 58.038 59.318 59.885 58.335 57.443 56.535 56.37 56.36 56.345 56.218 56.185 55.995 55.95 55.88 55.775 55.865 55.773 55.763 55.695
62.98 62.82 62.673 62.565 62.46 62.338 62.248 62.15 62.05 61.958 61.828 61.71 61.58 61.525 61.393 61.31 61.225 61.138 61.053 60.96 60.85 60.745 60.64 60.545 60.405 60.313 60.228 60.118 60.013 59.918 59.825 59.715 59.61 59.515 59.375 59.238 59.108 59.043 59.01 58.838 58.608 58.438 58.2 58.078 57.878 57.748 57.625 57.495 58.488 57.985 57.135 57.103 57.53 58.29 60.615 60.528 58.18 56.955 56.43 56.255 56.158 56.218 56.158 56.045 55.928 55.875 55.925 55.99 58.793 55.97 55.6 55.628
62.868 62.688 62.538 62.433 62.345 62.228 62.135 62.028 61.933 61.825 61.72 61.61 61.46 61.39 61.318 61.205 61.12 61.05 60.953 60.83 60.735 60.625 60.535 60.42 60.315 60.203 60.115 60.015 59.97 59.878 59.768 59.665 59.56 59.435 59.285 59.14 59.045 59.003 58.97 58.73 58.485 58.305 58.145 58.023 57.845 57.705 57.555 57.42 57.378 58.478 57.448 57.035 57.073 58.268 59.183 58.848 58.018 57.1 56.335 56.183 56.055 56.095 56.083 55.995 55.915 55.91 56.015 55.888 55.44 55.268 55.585 55.64
63.24 62.615 62.463 62.34 62.215 62.11 62.04 61.91 61.788 61.705 61.59 61.49 61.398 61.285 61.21 61.11 61.01 60.948 60.843 60.745 60.63 60.508 60.438 60.32 60.223 60.123 60.015 59.925 59.868 59.793 59.7 59.585 59.465 59.34 59.178 59.06 59.055 58.953 58.81 58.6 58.365 58.218 58.07 57.955 57.82 58.138 59.095 57.715 57.275 57.733 57.663 56.978 56.985 57.508 58.415 58.013 57.558 56.658 56.23 56.208 56.13 56.09 56.038 55.933 55.898 55.858 55.483 55.413 55.323 55.108 55.21 55.388
65.073 62.705 62.365 62.195 62.103 61.973 61.91 61.835 61.67 61.578 61.483 61.388 61.308 61.233 61.13 61.02 60.928 60.82 60.753 60.703 60.575 60.493 60.33 60.228 60.138 60.055 59.94 59.855 59.76 59.7 59.623 59.48 59.338 59.228 59.09 59.033 58.98 58.845 58.678 58.493 58.288 58.123 58.015 57.883 57.733 57.815 58.513 57.685 57.213 57.275 57.478 57.05 56.938 56.96 58.068 57.91 57.42 56.835 56.258 56.073 55.968 55.938 55.878 55.823 55.71 55.563 55.483 55.315 55.178 55.145 54.993 55.043
62.995 62.723 62.44 62.113 61.973 61.893 61.843 61.708 61.598 61.485 61.355 61.293 61.205 61.133 61.058 60.953 60.833 60.71 60.63 60.528 60.448 60.343 60.233 60.153 60.065 59.973 59.873 59.808 59.713 59.643 59.52 59.378 59.213 59.125 59.068 59.058 58.998 58.825 58.613 58.43 58.253 58.065 57.925 57.795 57.665 57.563 57.48 57.338 57.175 57.133 57.758 59.268 56.94 56.993 58.29 58.208 57.658 56.955 56.265 56.003 55.898 55.828 55.75 55.665 55.533 55.385 55.288 55.165 54.993 55.003 55.1 54.938
62.45 62.303 63.015 62.413 64.908 63.955 61.72 61.645 61.52 61.365 61.265 61.185 61.128 61.035 60.975 60.873 60.74 60.635 60.553 60.423 60.333 60.228 60.178 60.058 59.96 59.878 59.813 59.735 59.67 59.56 59.415 59.26 59.13 59.08 59.063 59.058 58.888 58.735 58.553 58.365 58.185 58.028 57.885 57.755 57.653 57.563 57.428 57.263 57.098 56.963 57.055 57.743 57.405 56.883 57.875 58.595 57.805 57.035 56.118 55.903 55.795 55.728 55.645 55.513 55.41 55.263 55.313 55.658 55.075 55.228 54.943 54.67
62.395 62.248 62.11 63.853 67.7 67.803 65.55 62.03 61.423 61.313 61.233 61.118 61.035 60.953 60.86 60.76 60.673 60.583 60.48 60.343 60.268 60.143 60.058 59.973 59.888 59.818 59.745 59.683 59.6 59.5 59.34 59.165 59.088 59.048 59.038 58.948 58.76 58.615 58.453 58.283 58.128 57.955 57.855 57.728 57.613 57.51 57.413 57.255 57.063 56.973 56.843 58.6 60.283 57.398 57.12 58.213 58.18 56.685 55.943 55.78 55.675 55.623 55.52 55.345 55.265 55.12 55.658 56.158 55.243 55.37 54.963 55.04
62.298 62.223 62.088 62.775 66.04 67.935 67.578 63.513 62.565 61.25 61.135 61.03 60.91 60.81 60.728 60.655 60.57 60.493 60.385 60.273 60.2 60.078 59.935 59.878 59.82 59.735 59.678 59.618 59.523 59.39 59.245 59.128 59.088 59.035 58.998 58.84 58.675 58.49 58.35 58.205 58.053 57.91 57.823 57.658 57.563 57.498 57.39 57.263 57.108 56.95 58.35 60.855 59.715 58.038 56.9 57.673 58.885 57.898 55.82 55.62 55.533 55.51 55.38 55.238 55.11 54.943 55.025 55.303 55.443 55.655 55.258 55.15
62.183 62.128 62.038 61.915 61.77 63.753 65.18 67 67.258 62.23 61.1 60.948 60.815 60.695 60.623 60.538 60.468 60.405 60.298 60.263 60.123 60.018 59.908 59.783 59.71 59.653 59.613 59.52 59.413 59.29 59.148 59.08 59.063 59.023 58.893 58.728 58.555 58.413 58.288 58.158 57.998 57.858 57.75 57.665 57.553 57.46 57.363 57.25 57.45 58.38 62.13 61.93 59.328 58.335 56.935 57.098 58.383 57.945 55.78 55.523 55.388 55.325 55.183 55.078 54.963 54.845 54.713 54.663 54.78 55.005 55.033 57.01
62.56 62.043 61.958 61.858 61.74 61.568 61.635 64.383 65.195 61.64 61.015 60.848 60.74 60.655 60.583 60.498 60.375 60.305 60.255 60.175 60.043 59.943 59.873 59.755 59.65 59.58 59.525 59.43 59.34 59.203 59.098 59.058 59.075 58.998 58.808 58.65 58.53 58.39 58.228 58.06 57.908 57.798 57.703 57.6 57.505 57.405 57.293 57.833 61.11 61.39 60.34 59.79 59.398 58.935 57.513 56.895 57.31 57.593 56.36 55.588 55.208 55.15 55.038 54.918 54.813 54.71 54.618 54.555 54.53 54.478 54.368 55.185
65.713 62.983 61.858 61.763 61.685 61.558 61.43 61.233 61.128 61.118 61.548 64.073 64.015 61.015 60.53 60.423 60.333 60.22 60.163 60.1 59.973 59.9 59.785 59.685 59.603 59.5 59.44 59.348 59.253 59.118 59.068 59.098 59.035 58.893 58.73 58.57 58.435 58.305 58.143 57.995 57.87 57.743 57.653 57.553 57.498 57.643 57.165 60.13 61.72 61.35 58.695 59.125 58.628 57.258 56.973 56.888 57.59 57.618 57.14 56.363 55.065 54.99 55.038 54.76 54.628 54.605 54.488 54.425 54.375 54.29 54.235 54.195
