All_lidar/sz5892_DSM_2M.asc
ncols 500
nrows 500
xllcorner    458000
yllcorner    92000
cellsize     2
NODATA_value -9999
[rows 224 to 255 of 500, columns 142 to 212 of 500]
30.514 31.564 33.004 30.254 30.039 30.096 30.161 30.201 30.209 30.246 30.319 30.396 30.616 33.059 34.271 35.021 34.134 32.476 30.689 30.514 30.479 30.486 30.476 30.464 32.674 32.361 30.521 30.679 31.554 33.621 34.114 34.441 34.336 31.281 30.804 30.726 32.331 30.854 30.874 31.419 30.406 32.011 35.591 38.051 37.631 34.956 31.889 30.931 30.711 30.954 30.619 31.514 33.536 34.221 32.691 33.504 30.666 31.139 31.744 30.299 29.964 30.379 29.656 29.464 29.394 30.284 32.646 33.776 32.191 29.644 31.461
31.259 31.766 31.769 31.329 30.091 30.179 30.179 30.226 30.276 30.341 30.404 30.429 30.424 32.149 33.934 34.859 34.464 33.216 30.686 30.564 30.581 30.574 30.789 31.061 32.446 31.491 30.591 30.946 32.434 34.894 35.141 35.376 35.519 32.021 30.939 30.856 31.666 31.666 30.971 31.806 30.614 31.166 34.676 37.484 37.911 34.434 31.736 30.594 31.549 30.894 31.371 30.921 32.134 32.631 34.091 34.431 33.844 31.844 30.986 31.356 30.454 29.684 29.561 29.469 29.526 31.724 33.004 32.219 34.279 30.519 30.604
34.254 30.701 31.421 30.474 30.221 30.264 30.264 30.291 30.381 30.424 30.779 30.589 30.484 31.514 33.561 34.641 34.821 33.776 31.626 30.551 30.614 30.619 31.056 32.676 32.739 31.544 30.646 30.844 31.924 35.601 36.004 36.254 36.459 35.391 31.976 30.971 31.204 32.519 30.891 31.374 31.459 30.991 32.426 31.956 31.471 30.409 30.521 30.449 30.504 30.474 30.596 30.419 30.509 32.109 33.259 36.186 36.289 33.234 30.079 30.116 29.814 29.664 29.589 29.874 31.911 33.094 33.571 32.111 31.091 30.109 29.664
30.459 32.414 32.031 30.444 30.359 30.404 31.069 32.076 31.754 31.446 32.504 31.554 30.674 31.001 33.161 34.276 34.934 34.081 31.589 30.589 30.621 30.624 32.444 34.899 35.314 31.396 30.691 30.851 31.004 33.344 36.894 37.101 37.341 36.374 32.849 31.094 31.011 31.909 31.996 30.959 32.056 31.486 30.474 30.436 30.436 30.436 30.461 30.476 30.476 30.454 30.449 30.426 30.436 31.596 34.131 35.861 36.106 32.904 29.906 29.821 29.736 29.671 31.179 33.096 33.051 33.181 33.374 31.696 29.789 29.639 29.596
31.741 30.499 32.059 30.601 31.211 30.629 30.646 31.204 31.196 30.834 31.209 30.616 30.591 30.641 32.271 32.354 32.914 30.876 30.619 30.719 30.754 30.746 32.079 39.844 36.266 31.659 30.764 30.856 30.984 33.189 37.584 37.564 37.486 37.234 34.396 31.376 31.129 31.401 32.804 31.516 31.479 32.374 32.551 33.606 31.056 30.471 30.499 30.494 30.516 30.541 30.491 30.431 30.406 31.149 33.251 34.394 34.264 31.361 29.916 29.846 29.979 31.029 32.954 32.584 32.264 32.909 31.906 30.064 29.711 29.666 29.646
31.259 30.701 30.499 30.541 30.849 30.544 30.546 30.569 30.574 30.566 30.759 30.611 32.271 33.396 32.629 31.009 30.596 30.676 30.726 30.746 30.749 30.754 34.804 43.136 42.149 32.386 30.851 30.934 31.041 31.646 36.004 36.771 36.266 35.696 34.434 31.636 31.164 31.104 31.879 32.651 31.221 31.536 32.681 34.129 31.409 30.486 30.466 30.434 30.504 30.571 30.586 30.556 30.704 30.786 30.726 30.701 30.076 29.961 29.926 29.869 31.221 33.354 32.479 31.739 30.706 30.736 29.906 29.844 29.806 29.756 29.694
30.446 30.501 30.536 30.554 30.656 30.729 30.601 31.099 31.229 32.011 32.844 32.936 34.359 34.754 34.674 34.174 31.171 30.774 30.809 30.789 30.806 30.889 34.834 41.031 35.576 31.854 30.944 30.986 31.089 31.156 33.151 34.779 34.056 34.071 33.721 32.236 31.216 31.169 31.156 32.101 31.919 30.981 31.199 32.146 32.411 31.664 31.094 30.541 30.539 30.591 30.624 30.826 31.904 32.796 30.576 30.199 30.089 30.019 30.019 31.341 33.334 32.904 31.286 30.124 30.071 29.944 29.941 29.926 29.904 29.844 29.771
30.459 30.584 31.086 32.539 32.399 32.399 32.074 32.444 32.474 33.596 34.824 34.806 34.851 35.149 35.114 34.069 30.774 30.789 30.799 30.846 30.834 32.111 38.859 40.184 34.994 34.484 30.969 31.024 31.144 31.201 31.966 33.281 32.329 31.386 31.404 32.161 33.026 32.251 32.471 31.644 31.139 31.049 31.024 30.984 31.434 32.131 32.246 32.156 32.514 32.746 30.766 30.709 30.814 31.679 30.284 30.214 30.136 30.571 31.966 32.986 33.299 32.631 30.664 30.161 30.131 30.071 30.061 29.984 29.979 29.914 29.799
30.476 33.591 35.206 35.739 34.404 31.746 32.789 31.416 30.799 30.884 33.199 34.709 35.186 35.264 35.296 33.089 30.881 30.871 30.871 30.914 30.874 30.961 35.171 38.151 39.556 40.711 33.501 31.081 31.431 32.246 32.239 32.116 32.369 33.201 33.541 33.494 33.799 34.131 36.076 34.681 31.866 31.501 31.076 30.996 30.954 31.011 31.434 33.736 34.416 34.659 32.106 30.739 30.534 30.394 30.329 30.304 30.776 32.509 33.191 32.616 33.196 32.151 30.296 30.271 30.214 30.174 30.121 30.041 30.029 29.981 29.826
30.496 31.106 33.501 35.874 32.856 30.754 30.824 30.796 31.606 31.544 32.641 31.489 32.581 34.404 33.391 31.539 30.971 30.956 30.979 30.971 30.976 30.934 32.244 37.901 40.829 40.961 35.784 31.336 32.184 33.411 33.349 33.329 33.371 33.261 33.281 32.116 32.231 32.924 35.811 33.794 34.636 33.369 31.356 31.109 31.056 30.994 30.924 31.184 33.019 33.371 30.994 30.599 30.476 30.441 30.401 30.739 32.121 33.379 32.996 32.126 32.591 32.214 31.429 31.359 30.939 30.236 30.141 30.081 30.091 30.031 29.901
30.566 30.621 31.766 31.911 31.021 30.831 31.261 31.336 31.389 32.314 32.111 30.964 30.974 31.414 31.834 31.551 31.096 31.051 31.036 31.021 31.036 31.059 32.826 38.921 40.909 40.614 31.814 33.171 32.899 32.629 33.059 32.901 32.369 32.201 32.166 32.034 33.146 32.299 32.179 33.141 34.561 34.164 32.956 31.529 31.129 31.071 31.034 30.954 30.794 30.844 30.626 30.589 30.586 30.559 31.306 32.201 32.979 32.524 31.229 31.294 32.534 31.699 33.126 33.056 32.944 30.459 30.241 30.169 30.146 30.051 29.966
30.729 30.646 30.761 30.856 30.886 30.894 30.904 30.956 30.956 32.259 31.064 31.076 31.084 31.611 35.251 34.414 33.544 32.336 31.544 31.161 31.219 31.921 34.111 38.894 40.444 38.716 33.314 32.601 31.689 32.001 32.111 32.019 33.504 33.314 34.259 32.981 32.081 33.596 31.844 32.599 33.876 33.789 34.161 32.576 31.229 31.144 31.056 31.431 31.264 30.759 30.664 30.619 30.664 31.511 31.879 31.169 31.159 30.701 30.741 30.561 30.639 31.689 33.124 33.084 32.954 30.506 30.279 30.214 30.166 30.061 30.016
30.789 30.774 30.771 30.854 30.956 31.009 31.029 31.079 31.144 31.136 31.161 31.191 31.226 32.864 35.649 36.341 36.744 36.124 35.349 32.076 31.766 33.539 37.354 39.609 40.174 37.074 33.034 32.364 31.941 31.984 32.176 33.754 34.949 35.029 35.086 35.131 33.189 32.096 32.089 34.046 34.216 33.521 32.366 31.639 31.301 31.211 31.729 32.536 31.144 30.776 30.736 30.914 31.839 32.856 31.416 30.801 30.714 30.659 30.634 30.561 32.889 36.136 36.964 36.544 34.096 30.364 30.304 30.296 30.274 30.094 30.041
30.884 30.889 30.776 30.884 31.029 31.104 31.159 31.176 31.231 31.229 31.279 31.306 31.329 34.346 35.866 36.581 36.631 35.901 35.256 31.739 32.774 38.156 40.509 40.206 41.901 34.951 32.709 32.006 32.111 32.391 34.249 34.981 35.056 35.126 35.266 36.649 35.559 32.976 32.121 32.914 33.704 32.999 32.259 32.486 31.616 31.554 32.501 31.911 30.866 30.811 31.001 32.029 33.944 31.069 30.931 30.854 30.814 30.754 30.644 30.564 32.849 36.666 37.284 36.674 34.904 30.581 30.604 30.399 30.484 30.191 30.106
30.984 31.044 31.001 30.896 31.084 31.221 31.276 31.346 31.401 31.371 31.416 31.476 31.976 35.346 36.084 36.751 36.421 35.664 34.254 32.246 35.521 39.849 38.551 36.986 36.759 32.744 32.166 32.276 32.484 34.121 34.964 35.024 35.051 35.179 36.171 37.924 36.981 34.984 32.539 32.151 32.014 31.901 31.779 31.589 31.741 32.659 31.654 30.956 30.926 31.444 32.454 31.769 31.206 32.261 30.961 30.916 30.894 30.819 30.904 32.551 34.856 36.764 37.231 36.581 33.839 30.501 30.579 30.414 30.374 30.271 30.219
31.061 31.131 31.139 31.036 31.126 31.324 31.546 31.556 31.589 31.654 31.616 31.619 33.214 35.681 36.346 36.759 36.156 35.461 33.314 33.374 35.699 34.706 36.384 32.754 32.036 32.036 33.841 35.296 34.934 34.959 35.004 35.059 35.104 35.546 36.576 37.276 37.881 36.741 34.941 32.351 32.191 31.979 31.769 31.754 32.686 32.086 31.034 31.026 32.041 35.771 33.369 37.259 33.974 32.081 30.966 30.926 30.904 30.854 32.296 35.161 36.034 36.846 37.244 36.511 31.984 30.461 30.446 30.471 30.429 30.326 30.294
31.246 31.249 31.279 31.276 31.264 31.416 31.899 32.401 31.714 31.806 32.059 32.584 34.529 35.894 36.591 36.596 35.899 35.251 32.104 34.769 37.644 34.356 32.829 32.499 32.446 35.104 38.016 36.721 35.354 35.041 35.061 35.159 35.711 36.806 36.769 36.094 37.296 35.506 32.336 32.526 33.266 31.971 32.129 33.131 32.364 31.156 31.104 31.251 32.791 37.591 37.636 38.299 34.541 31.866 31.891 30.994 30.931 30.899 31.841 35.026 36.239 36.886 37.151 36.411 31.124 30.511 30.484 30.559 30.476 30.399 30.389
31.449 31.579 31.471 31.354 31.296 31.466 31.914 32.149 31.836 31.881 32.024 34.659 35.536 36.126 36.744 36.399 35.704 34.136 31.969 35.331 38.949 37.299 34.356 32.524 33.199 35.884 37.466 37.754 36.454 35.281 35.211 35.936 36.961 36.531 35.391 34.384 34.701 32.224 32.089 32.061 32.409 31.869 32.986 32.201 31.244 31.194 31.166 31.324 32.454 35.826 37.869 37.164 35.431 33.829 32.569 31.501 32.084 31.751 31.626 33.914 33.199 32.171 33.759 33.699 31.629 30.621 30.571 30.626 30.541 30.449 30.469
31.696 31.809 31.776 31.584 31.546 31.576 31.754 31.821 31.886 31.969 32.664 35.811 36.051 36.391 36.711 36.116 35.436 33.219 32.221 37.816 39.009 35.571 32.709 32.214 32.766 34.211 36.291 37.716 37.604 36.159 36.194 37.091 36.361 34.914 32.936 32.679 34.224 32.194 32.026 31.939 31.799 31.604 31.396 31.304 31.221 31.256 31.334 31.406 31.894 33.874 36.824 36.971 36.664 33.511 33.911 32.789 32.624 32.139 32.061 32.809 31.629 31.079 30.884 30.776 30.764 30.809 31.529 30.859 30.566 30.506 30.669
31.864 31.874 31.911 31.744 31.664 31.681 31.846 31.869 31.931 31.996 33.661 36.509 36.524 36.666 36.571 35.921 35.214 32.071 33.201 38.316 36.706 32.269 31.999 32.291 32.901 33.639 35.494 36.774 37.866 37.341 36.864 36.079 34.859 33.119 32.079 33.509 32.146 34.964 31.854 31.786 31.604 31.449 31.369 31.311 31.346 31.411 31.546 31.661 32.719 35.994 36.111 38.019 38.391 33.989 31.561 31.581 31.504 31.846 31.979 32.754 33.766 32.001 31.871 31.869 32.536 32.369 33.291 31.569 30.626 30.571 30.796
31.954 31.961 31.961 31.976 31.894 31.734 31.914 32.064 32.034 32.126 34.639 35.859 36.256 36.724 36.344 35.661 34.026 32.024 34.186 36.116 34.601 31.949 32.624 34.266 36.134 35.819 36.489 36.881 37.606 37.964 37.076 35.524 33.284 32.076 32.016 31.936 33.994 35.476 34.266 31.566 31.454 31.401 31.389 31.506 31.449 31.654 31.801 32.339 34.336 36.419 36.196 35.576 37.711 32.296 31.619 31.804 32.859 32.909 32.851 34.014 34.946 32.071 31.706 31.059 31.496 32.589 32.106 31.021 30.686 30.621 30.641
32.021 32.064 32.039 32.051 32.026 31.906 32.011 32.134 32.131 32.171 33.541 34.896 36.394 36.724 36.124 35.404 33.124 32.314 35.106 34.784 32.799 31.966 32.731 35.579 36.754 36.746 36.891 36.969 36.904 37.236 37.881 34.781 32.214 31.931 31.934 31.896 32.806 34.319 32.776 31.456 31.431 31.746 31.539 31.586 31.704 31.899 31.981 32.964 35.449 35.859 36.154 32.871 32.684 31.694 31.674 31.939 34.011 32.754 32.429 31.641 31.641 31.631 32.296 31.149 31.151 31.419 30.989 30.904 30.729 30.671 30.749
32.094 32.101 32.114 32.114 32.036 31.951 32.081 32.181 32.616 33.801 32.269 32.404 33.771 34.506 34.996 34.909 33.764 35.066 36.159 34.014 32.054 32.036 31.981 33.746 35.846 36.864 36.896 36.856 36.229 35.934 33.674 32.199 32.191 31.851 31.869 31.806 31.741 31.709 31.611 31.519 31.461 32.381 32.176 31.794 31.989 32.059 32.104 32.756 34.979 34.666 34.049 31.814 31.806 31.811 31.806 31.879 33.151 31.644 31.534 31.461 31.486 32.631 31.249 31.249 31.216 31.144 31.124 31.074 30.794 30.721 30.806
32.091 32.121 32.144 32.136 32.076 32.054 32.189 32.564 36.071 35.176 33.576 32.491 32.366 32.351 32.401 32.209 35.004 36.936 34.916 33.529 32.101 31.961 32.211 32.759 34.261 36.119 36.886 36.279 34.074 32.896 32.369 34.809 35.301 32.339 31.776 31.756 31.689 31.566 31.546 31.639 35.476 34.561 36.711 32.051 32.174 32.231 32.236 32.469 35.021 34.566 33.074 31.901 31.934 31.924 31.909 31.871 32.144 31.716 31.616 31.519 31.909 32.091 31.381 31.369 31.326 31.251 31.204 31.116 30.864 30.821 30.899
32.106 32.161 32.179 32.184 32.189 32.141 32.881 33.376 32.999 33.629 36.259 36.211 34.274 32.679 32.781 33.454 37.724 37.636 38.629 35.681 32.471 31.921 32.481 34.511 32.401 34.186 36.339 35.601 34.731 32.314 32.929 35.144 35.504 33.546 31.786 31.701 31.599 31.634 32.246 32.006 31.999 33.479 32.729 33.584 33.384 32.326 33.094 33.069 34.686 33.621 32.139 32.689 32.234 32.631 32.051 32.649 31.934 31.744 31.626 31.579 31.564 31.436 31.449 31.446 31.404 31.324 31.381 31.206 30.929 30.916 30.946
32.164 32.221 32.246 32.286 32.249 32.299 33.194 32.759 32.416 34.066 40.616 39.144 35.054 34.404 35.919 38.804 40.956 36.234 36.284 39.584 37.561 32.414 32.539 32.016 32.044 32.441 33.984 33.931 32.521 31.939 31.866 32.479 33.571 32.059 31.766 31.616 31.621 31.774 32.141 32.144 32.164 32.144 32.889 34.749 33.924 32.196 32.539 33.581 35.204 33.334 32.869 37.281 38.036 37.234 36.834 34.714 31.999 31.936 31.724 31.636 31.616 31.529 31.501 31.501 31.436 31.369 31.339 31.186 31.016 30.949 31.006
32.204 32.259 32.316 32.394 32.259 32.464 33.196 33.204 33.166 33.096 34.801 36.216 34.651 34.804 36.684 37.189 41.614 40.351 34.324 39.716 39.991 33.911 33.474 33.359 32.616 32.091 34.189 34.249 35.349 33.376 31.881 31.846 31.849 31.786 31.646 31.716 31.734 31.949 32.206 32.366 35.619 32.284 32.606 33.926 32.914 32.211 32.454 34.974 35.301 33.099 33.424 37.661 38.431 38.516 37.599 31.991 31.919 31.909 32.389 31.729 31.686 31.606 31.569 31.541 31.486 31.424 31.359 31.204 31.071 31.009 31.109
32.211 32.329 32.454 32.471 32.376 32.509 32.966 32.719 32.781 34.744 36.394 37.844 36.914 36.146 36.466 37.369 34.049 35.204 34.254 33.666 34.326 37.629 35.864 35.821 33.054 32.249 32.026 33.701 35.541 33.326 32.631 31.901 31.849 31.726 31.806 32.339 32.054 32.266 32.409 36.544 38.609 37.579 33.594 34.069 33.884 32.229 32.531 34.796 36.049 32.856 33.124 37.649 38.494 38.499 37.669 33.014 32.914 32.269 32.861 31.889 31.736 31.709 31.666 31.634 31.589 31.519 31.454 31.269 31.129 31.071 31.239
32.314 32.426 32.549 32.491 32.471 32.969 33.104 33.871 34.256 34.414 34.601 35.794 34.161 33.331 33.726 33.371 33.441 35.619 35.954 36.126 38.044 41.709 41.816 40.229 40.116 39.174 33.946 32.089 32.314 32.089 32.064 31.956 31.816 31.944 32.464 32.466 32.326 32.336 33.864 38.306 39.584 39.189 38.009 37.886 38.329 35.246 32.896 35.181 36.161 33.689 32.821 37.149 38.489 38.484 37.626 34.806 33.834 32.684 31.896 31.859 31.824 31.811 31.759 31.701 31.644 31.576 31.501 31.319 31.254 31.166 31.214
32.486 32.586 32.639 32.529 32.599 32.776 32.986 34.439 35.741 33.814 33.529 33.636 35.234 32.884 32.869 32.844 33.849 34.229 35.481 38.526 42.801 43.616 41.364 38.439 34.679 42.334 36.569 32.374 32.656 32.106 31.986 31.859 31.864 32.181 32.254 32.329 32.364 33.859 38.139 39.524 40.156 40.066 39.361 39.241 38.829 36.576 32.931 34.841 35.974 33.871 34.226 37.669 38.479 38.496 37.904 37.739 35.409 32.639 31.914 31.884 31.901 31.871 31.804 31.761 31.701 31.681 31.509 31.399 31.296 31.226 31.151
32.631 32.864 32.806 32.619 32.724 33.074 33.064 33.016 33.134 33.321 32.926 32.946 34.476 33.406 33.404 32.951 32.949 34.256 34.384 37.194 42.216 42.911 42.294 38.824 38.084 37.094 32.404 33.691 34.166 32.416 31.934 31.941 32.071 32.261 32.334 32.346 33.714 37.781 39.404 40.051 39.531 39.596 40.124 39.556 38.674 35.811 32.446 35.266 36.729 34.601 35.761 37.671 38.469 38.704 38.549 38.494 36.484 32.306 31.826 31.914 31.936 32.209 32.216 31.879 31.831 31.656 31.544 31.459 31.381 31.289 31.229
32.634 32.759 32.866 32.769 32.814 33.169 33.104 33.169 33.161 33.156 32.986 32.971 33.089 33.071 33.069 33.066 33.194 33.829 34.119 34.304 39.734 39.456 43.464 45.874 45.166 41.361 33.279 33.986 32.399 32.036 32.079 32.169 32.264 32.346 32.384 32.636 36.994 39.269 40.131 39.594 38.509 38.844 39.814 40.051 39.189 38.236 35.466 35.429 36.689 34.801 35.934 37.696 38.514 38.721 38.381 38.406 37.029 32.049 31.756 31.929 31.996 31.981 31.916 31.859 31.766 31.686 31.594 31.546 31.456 31.396 31.311
