All_lidar/sz5887_DSM_2M.asc
ncols 500
nrows 500
xllcorner    458000
yllcorner    87000
cellsize     2
NODATA_value -9999
[rows 31 to 61 of 500, columns 280 to 349 of 500]
54.921 55.201 55.474 55.764 56.054 56.326 56.611 56.906 57.184 57.429 57.714 57.959 58.219 58.424 58.629 58.811 58.989 59.139 59.274 59.411 59.541 59.646 59.739 59.851 59.924 59.989 60.046 60.079 60.114 60.134 60.149 60.181 60.171 60.181 60.166 60.196 60.171 60.146 60.111 60.059 60.034 59.984 59.914 59.866 59.791 59.754 59.674 59.599 59.539 59.461 59.376 59.309 59.229 59.144 59.059 58.949 58.809 58.719 58.581 58.504 58.436 58.346 58.276 58.191 58.099 58.401 58.604 57.301 57.139 57.004
55.051 55.319 55.591 55.914 56.184 56.461 56.776 57.064 57.331 57.606 57.849 58.089 58.316 58.534 58.766 58.944 59.096 59.259 59.401 59.546 59.641 59.754 59.864 59.931 60.031 60.106 60.179 60.209 60.251 60.286 60.304 60.301 60.324 60.326 60.306 60.316 60.316 60.299 60.269 60.229 60.189 60.126 60.066 59.999 59.944 59.866 59.804 59.739 59.671 59.579 59.499 59.421 59.339 59.256 59.161 59.014 58.921 58.804 58.694 58.626 58.564 58.471 58.404 58.349 58.221 58.716 58.656 57.411 57.246 57.139
55.141 55.449 55.766 56.034 56.311 56.621 56.899 57.209 57.451 57.701 57.969 58.194 58.426 58.619 58.851 59.049 59.194 59.364 59.516 59.656 59.751 59.851 59.959 60.039 60.114 60.221 60.274 60.319 60.369 60.386 60.421 60.434 60.444 60.446 60.446 60.459 60.439 60.431 60.404 60.381 60.334 60.284 60.194 60.136 60.079 60.009 59.931 59.856 59.779 59.709 59.621 59.554 59.469 59.371 59.251 59.136 59.026 58.911 58.821 58.751 58.679 58.609 58.531 58.466 58.374 58.979 58.226 57.521 57.386 57.246
55.286 55.561 55.859 56.174 56.454 56.739 57.034 57.319 57.584 57.821 58.106 58.334 58.561 58.756 58.989 59.151 59.334 59.469 59.629 59.791 59.911 59.971 60.046 60.151 60.251 60.326 60.409 60.444 60.504 60.496 60.534 60.556 60.576 60.599 60.581 60.581 60.554 60.541 60.526 60.504 60.449 60.401 60.341 60.279 60.201 60.134 60.046 60.006 59.914 59.844 59.761 59.654 59.626 59.489 59.381 59.256 59.144 59.026 58.941 58.841 58.786 58.731 58.684 58.569 58.691 58.974 58.019 57.616 57.514 57.361
55.379 55.679 55.994 56.289 56.599 56.864 57.164 57.439 57.696 57.976 58.231 58.461 58.701 58.876 59.104 59.274 59.441 59.591 59.729 59.874 60.009 60.121 60.216 60.284 60.359 60.426 60.486 60.531 60.594 60.619 60.654 60.661 60.696 60.711 60.729 60.709 60.734 60.689 60.669 60.644 60.596 60.544 60.464 60.411 60.334 60.259 60.186 60.099 60.029 59.946 59.856 59.771 59.691 59.616 59.481 59.359 59.256 59.119 59.039 58.989 58.904 58.859 58.791 58.704 58.844 58.881 58.019 57.741 57.634 57.484
55.499 55.799 56.114 56.401 56.706 57.004 57.281 57.566 57.829 58.066 58.356 58.569 58.796 59.006 59.214 59.351 59.546 59.684 59.844 59.981 60.096 60.236 60.329 60.421 60.479 60.549 60.606 60.636 60.696 60.709 60.741 60.776 60.814 60.839 60.839 60.819 60.836 60.814 60.794 60.759 60.716 60.661 60.601 60.536 60.469 60.394 60.296 60.216 60.136 60.066 59.981 59.876 59.771 59.671 59.559 59.451 59.344 59.219 59.144 59.091 59.039 58.996 58.921 58.879 59.321 58.804 58.039 57.866 57.724 57.589
55.594 55.904 56.174 56.501 56.809 57.124 57.404 57.664 57.911 58.156 58.436 58.676 58.894 59.104 59.314 59.466 59.651 59.794 59.961 60.091 60.189 60.316 60.409 60.496 60.559 60.651 60.699 60.736 60.799 60.826 60.849 60.896 60.911 60.961 60.969 60.934 60.944 60.929 60.914 60.884 60.821 60.781 60.729 60.639 60.576 60.501 60.421 60.341 60.246 60.201 60.084 59.999 59.901 59.786 59.651 59.544 59.444 59.326 59.259 59.201 59.179 59.111 59.034 59.006 59.966 58.764 58.146 57.986 57.834 57.691
55.709 56.006 56.299 56.601 56.921 57.226 57.506 57.749 57.994 58.274 58.529 58.761 58.994 59.186 59.384 59.554 59.711 59.866 60.014 60.154 60.279 60.396 60.476 60.596 60.644 60.739 60.791 60.844 60.904 60.954 60.986 61.019 61.034 61.064 61.076 61.054 61.066 61.046 61.016 60.984 60.946 60.871 60.826 60.751 60.704 60.629 60.566 60.489 60.391 60.299 60.229 60.119 60.011 59.884 59.759 59.676 59.541 59.456 59.369 59.326 59.264 59.244 59.111 59.069 59.534 58.656 58.221 58.096 57.941 57.841
55.769 56.046 56.386 56.686 56.964 57.254 57.531 57.809 58.094 58.334 58.596 58.816 59.039 59.251 59.426 59.621 59.771 59.946 60.071 60.211 60.334 60.446 60.546 60.644 60.726 60.801 60.866 60.931 60.976 61.046 61.094 61.124 61.111 61.164 61.171 61.146 61.159 61.161 61.134 61.101 61.061 60.996 60.936 60.876 60.811 60.754 60.656 60.606 60.484 60.411 60.354 60.231 60.114 59.996 59.894 59.739 59.624 59.556 59.491 59.436 59.371 59.331 59.176 59.554 59.829 58.499 58.301 58.199 58.059 57.956
55.831 56.136 56.449 56.736 57.039 57.316 57.589 57.864 58.154 58.409 58.656 58.896 59.114 59.319 59.516 59.686 59.869 60.039 60.169 60.281 60.419 60.529 60.629 60.701 60.786 60.859 60.916 60.979 61.041 61.094 61.146 61.164 61.199 61.231 61.226 61.249 61.246 61.229 61.209 61.199 61.144 61.104 61.054 60.986 60.916 60.859 60.794 60.716 60.624 60.549 60.454 60.369 60.246 60.111 59.986 59.846 59.734 59.656 59.604 59.541 59.496 59.399 59.299 60.189 59.351 58.546 58.431 58.316 58.196 58.091
55.904 56.196 56.464 56.801 57.096 57.369 57.656 57.926 58.211 58.469 58.704 58.901 59.146 59.371 59.559 59.771 59.921 60.096 60.234 60.369 60.489 60.604 60.701 60.759 60.859 60.944 61.004 61.044 61.109 61.161 61.214 61.241 61.271 61.319 61.319 61.339 61.339 61.319 61.306 61.266 61.234 61.171 61.134 61.079 61.021 60.951 60.866 60.819 60.716 60.649 60.546 60.466 60.346 60.221 60.101 59.929 59.821 59.766 59.714 59.656 59.624 59.504 60.061 60.686 59.384 58.656 58.551 58.399 58.306 58.209
55.941 56.261 56.536 56.839 57.134 57.419 57.711 57.969 58.226 58.484 58.721 58.951 59.156 59.381 59.606 59.781 59.946 60.111 60.254 60.399 60.519 60.631 60.741 60.834 60.914 61.024 61.081 61.136 61.171 61.249 61.281 61.341 61.379 61.416 61.411 61.436 61.419 61.396 61.356 61.319 61.286 61.251 61.204 61.164 61.096 61.049 60.986 60.894 60.806 60.751 60.656 60.576 60.451 60.314 60.154 60.049 59.959 59.884 59.836 59.789 59.731 59.636 59.886 60.739 59.076 58.739 58.654 58.511 58.459 58.326
56.021 56.334 56.641 56.924 57.221 57.519 57.804 58.079 58.321 58.566 58.794 59.006 59.239 59.434 59.631 59.814 59.966 60.104 60.286 60.431 60.546 60.644 60.774 60.884 60.969 61.036 61.139 61.214 61.224 61.299 61.359 61.396 61.444 61.466 61.486 61.491 61.486 61.436 61.426 61.391 61.346 61.321 61.271 61.236 61.191 61.136 61.071 61.014 60.919 60.876 60.769 60.711 60.586 60.426 60.276 60.161 60.066 60.001 59.941 59.916 59.851 62.956 59.764 59.909 58.921 58.814 58.749 58.624 58.546 58.449
56.089 56.386 56.696 57.006 57.279 57.571 57.861 58.106 58.376 58.646 58.856 59.101 59.316 59.521 59.694 59.886 60.064 60.211 60.344 60.494 60.614 60.721 60.834 60.916 61.026 61.101 61.174 61.246 61.324 61.366 61.419 61.466 61.514 61.541 61.546 61.539 61.539 61.524 61.501 61.476 61.426 61.381 61.329 61.286 61.234 61.196 61.141 61.079 61.004 60.906 60.861 60.769 60.661 60.539 60.396 60.274 60.219 60.119 60.069 60.054 60.036 62.374 61.026 59.359 59.026 58.939 58.836 58.714 58.641 58.516
56.119 56.444 56.744 57.019 57.329 57.614 57.874 58.141 58.401 58.659 58.871 59.114 59.309 59.516 59.721 59.909 60.079 60.249 60.394 60.524 60.644 60.766 60.866 60.976 61.071 61.144 61.224 61.306 61.389 61.419 61.479 61.521 61.571 61.589 61.609 61.606 61.614 61.581 61.559 61.516 61.494 61.456 61.406 61.356 61.311 61.276 61.201 61.161 61.079 60.991 60.911 60.826 60.724 60.626 60.499 60.376 60.346 60.249 60.224 60.166 60.339 61.511 60.031 59.351 59.094 59.041 58.889 58.799 58.704 58.581
56.204 56.499 56.774 57.074 57.384 57.659 57.909 58.199 58.436 58.684 58.924 59.131 59.351 59.556 59.751 59.926 60.101 60.264 60.431 60.559 60.696 60.811 60.906 61.024 61.121 61.219 61.286 61.356 61.414 61.471 61.544 61.579 61.606 61.651 61.669 61.676 61.684 61.639 61.604 61.596 61.599 61.539 61.524 61.454 61.409 61.351 61.314 61.234 61.166 61.089 61.006 60.921 60.819 60.676 60.561 60.494 60.424 60.389 60.331 60.309 60.371 60.761 60.301 59.404 59.219 59.134 59.019 58.896 58.771 58.641
56.251 56.556 56.851 57.136 57.401 57.701 57.956 58.206 58.479 58.694 58.934 59.169 59.396 59.596 59.781 59.946 60.136 60.284 60.446 60.574 60.706 60.834 60.936 61.049 61.149 61.259 61.356 61.411 61.494 61.549 61.606 61.656 61.696 61.731 61.719 61.721 61.706 61.706 61.661 61.606 61.601 61.574 61.524 61.476 61.414 61.381 61.364 61.246 61.206 61.124 61.076 60.969 60.869 60.766 60.644 60.571 60.521 60.481 60.449 60.406 60.376 61.114 60.394 59.436 59.326 59.191 59.089 58.959 58.849 58.731
56.311 56.596 56.889 57.179 57.441 57.709 57.949 58.196 58.444 58.701 58.911 59.179 59.386 59.619 59.824 59.981 60.149 60.299 60.466 60.601 60.706 60.841 60.971 61.049 61.161 61.256 61.374 61.461 61.526 61.604 61.664 61.731 61.766 61.786 61.791 61.796 61.791 61.789 61.741 61.709 61.671 61.611 61.596 61.534 61.501 61.439 61.379 61.314 61.269 61.199 61.146 61.016 60.934 60.806 60.744 60.664 60.611 60.556 60.541 60.501 60.421 60.949 60.054 59.569 59.436 59.281 59.149 59.039 58.906 58.799
56.361 56.649 56.931 57.194 57.466 57.746 57.996 58.249 58.511 58.739 58.959 59.184 59.419 59.596 59.819 60.001 60.189 60.336 60.496 60.644 60.759 60.871 60.976 61.076 61.176 61.294 61.369 61.446 61.526 61.619 61.699 61.759 61.831 61.859 61.864 61.871 61.866 61.824 61.784 61.754 61.714 61.684 61.636 61.599 61.539 61.486 61.466 61.394 61.339 61.264 61.199 61.096 60.989 60.891 60.806 60.749 60.681 60.629 60.609 60.589 60.471 60.411 59.951 59.654 59.526 59.361 59.251 59.116 58.954 58.834
56.381 56.646 56.961 57.201 57.474 57.739 57.994 58.249 58.534 58.761 58.954 59.171 59.396 59.604 59.791 59.996 60.164 60.349 60.516 60.651 60.776 60.861 60.989 61.119 61.211 61.301 61.409 61.489 61.569 61.651 61.736 61.819 61.854 61.904 61.904 61.929 61.901 61.894 61.839 61.811 61.756 61.721 61.671 61.626 61.541 61.504 61.486 61.436 61.374 61.304 61.239 61.151 61.041 60.931 60.871 60.814 60.754 60.719 60.689 60.621 60.546 60.814 59.939 59.684 59.586 59.431 59.294 59.164 59.029 58.916
56.361 56.664 56.941 57.244 57.476 57.754 58.009 58.266 58.489 58.741 58.939 59.181 59.394 59.604 59.806 60.011 60.191 60.349 60.519 60.661 60.789 60.906 61.014 61.131 61.211 61.319 61.419 61.516 61.616 61.689 61.776 61.839 61.879 61.911 61.941 61.951 61.951 61.936 61.899 61.876 61.839 61.804 61.751 61.681 61.609 61.574 61.514 61.451 61.389 61.309 61.259 61.201 61.099 61.004 60.936 60.861 60.794 60.769 60.734 60.666 60.964 61.251 59.929 59.721 59.629 59.516 59.374 59.224 59.119 58.991
56.351 56.634 56.909 57.199 57.469 57.729 57.984 58.221 58.459 58.704 58.926 59.146 59.361 59.596 59.786 59.989 60.174 60.339 60.509 60.679 60.819 60.934 61.056 61.156 61.254 61.384 61.481 61.579 61.651 61.764 61.841 61.911 61.931 61.981 61.981 61.996 62.009 61.981 61.961 61.949 61.891 61.834 61.764 61.736 61.686 61.591 61.541 61.464 61.426 61.374 61.291 61.204 61.124 61.036 60.951 60.886 60.829 60.824 60.779 60.726 60.921 60.949 59.916 59.729 59.681 59.571 59.471 59.329 59.194 59.106
56.309 56.596 56.871 57.144 57.416 57.674 57.921 58.181 58.411 58.676 58.909 59.126 59.329 59.541 59.739 59.974 60.149 60.319 60.506 60.651 60.811 60.946 61.064 61.199 61.314 61.439 61.521 61.629 61.716 61.801 61.874 61.956 61.996 62.024 62.041 62.039 62.046 62.016 62.009 61.989 61.956 61.931 61.866 61.814 61.766 61.689 61.619 61.531 61.464 61.376 61.316 61.226 61.144 61.059 61.004 60.926 60.879 60.856 60.811 60.789 61.301 61.459 59.906 59.711 59.686 59.636 59.541 59.424 59.299 59.176
56.259 56.551 56.819 57.096 57.369 57.639 57.879 58.144 58.369 58.616 58.861 59.061 59.291 59.506 59.699 59.911 60.116 60.304 60.484 60.619 60.769 60.926 61.069 61.209 61.331 61.446 61.571 61.656 61.764 61.854 61.904 61.989 62.024 62.064 62.086 62.094 62.106 62.069 62.059 62.026 62.009 61.964 61.921 61.891 61.821 61.761 61.689 61.619 61.506 61.421 61.329 61.254 61.149 61.086 61.029 61.004 60.946 60.916 60.851 60.831 61.444 61.586 59.946 59.729 59.659 59.651 59.609 59.491 59.384 59.231
56.229 56.509 56.786 57.049 57.326 57.611 57.869 58.104 58.359 58.601 58.841 59.054 59.281 59.494 59.684 59.906 60.086 60.266 60.461 60.634 60.809 60.931 61.091 61.239 61.351 61.479 61.566 61.721 61.816 61.884 61.994 62.024 62.066 62.084 62.099 62.116 62.124 62.111 62.121 62.111 62.069 62.031 61.981 61.931 61.879 61.824 61.741 61.679 61.586 61.509 61.391 61.299 61.221 61.131 61.091 61.031 60.986 60.936 60.901 60.879 61.564 61.454 60.339 59.851 59.724 59.674 59.634 59.534 59.401 59.266
56.214 56.484 56.749 56.996 57.279 57.534 57.794 58.069 58.314 58.524 58.789 59.016 59.219 59.454 59.654 59.856 60.066 60.251 60.436 60.629 60.806 60.951 61.099 61.234 61.394 61.536 61.631 61.761 61.881 61.976 62.039 62.076 62.136 62.171 62.196 62.186 62.186 62.186 62.164 62.149 62.114 62.079 62.021 61.966 61.911 61.861 61.789 61.714 61.644 61.536 61.441 61.346 61.274 61.171 61.119 61.069 61.036 60.951 60.914 60.854 61.174 61.806 61.804 61.201 60.424 59.761 59.611 59.544 59.431 59.311
56.169 56.429 56.669 56.916 57.201 57.469 57.714 57.979 58.229 58.464 58.716 58.941 59.171 59.384 59.606 59.799 60.021 60.226 60.409 60.586 60.764 60.929 61.079 61.244 61.379 61.519 61.656 61.784 61.889 61.999 62.064 62.146 62.174 62.231 62.254 62.256 62.244 62.236 62.239 62.204 62.176 62.134 62.084 62.024 61.936 61.859 61.799 61.724 61.644 61.554 61.479 61.391 61.309 61.216 61.136 61.116 61.049 60.974 60.914 60.849 60.749 60.716 60.784 61.089 61.296 61.366 60.706 59.621 59.426 59.301
56.119 56.366 56.631 56.859 57.126 57.376 57.631 57.891 58.161 58.384 58.636 58.879 59.089 59.306 59.531 59.771 59.976 60.171 60.386 60.549 60.729 60.884 61.039 61.211 61.394 61.526 61.654 61.796 61.914 62.006 62.111 62.186 62.261 62.299 62.334 62.334 62.324 62.309 62.296 62.284 62.254 62.184 62.139 62.094 62.006 61.919 61.846 61.739 61.661 61.564 61.479 61.386 61.334 61.256 61.159 61.109 61.051 60.996 60.924 60.846 60.736 60.654 60.581 60.474 60.431 60.556 60.589 60.524 59.684 59.486
56.016 56.254 56.529 56.771 57.029 57.289 57.544 57.799 58.066 58.281 58.549 58.756 58.989 59.236 59.449 59.684 59.889 60.104 60.299 60.494 60.696 60.864 61.041 61.186 61.361 61.531 61.669 61.816 61.911 62.024 62.139 62.221 62.296 62.346 62.366 62.406 62.401 62.416 62.371 62.356 62.331 62.244 62.191 62.149 62.031 61.951 61.874 61.754 61.686 61.604 61.464 61.384 61.321 61.259 61.184 61.111 61.034 60.991 60.921 60.836 60.759 60.674 60.576 60.499 60.411 60.299 60.156 59.994 59.844 60.049
55.934 56.156 56.436 56.661 56.936 57.184 57.436 57.696 57.969 58.199 58.449 58.704 58.914 59.144 59.406 59.599 59.819 60.059 60.244 60.449 60.646 60.829 61.004 61.154 61.334 61.499 61.651 61.804 61.931 62.066 62.171 62.256 62.326 62.384 62.416 62.424 62.429 62.426 62.444 62.401 62.381 62.324 62.244 62.174 62.081 61.996 61.881 61.784 61.679 61.594 61.511 61.416 61.334 61.229 61.151 61.096 61.031 60.966 60.889 60.801 60.746 60.649 60.589 60.519 60.401 60.291 60.099 59.894 59.734 59.621
55.851 56.104 56.346 56.609 56.849 57.096 57.356 57.599 57.881 58.131 58.394 58.621 58.851 59.101 59.324 59.549 59.734 59.974 60.171 60.361 60.589 60.746 60.959 61.114 61.304 61.476 61.644 61.791 61.919 62.029 62.166 62.266 62.339 62.414 62.436 62.456 62.496 62.489 62.509 62.474 62.446 62.401 62.314 62.241 62.146 62.041 61.936 61.836 61.746 61.644 61.559 61.436 61.344 61.254 61.184 61.091 61.019 60.939 60.844 60.801 60.704 60.649 60.564 60.489 60.411 60.291 60.161 59.951 59.804 59.619
