All_lidar/sz5885_DSM_2M.asc
ncols 500
nrows 500
xllcorner    458000
yllcorner    85000
cellsize     2
NODATA_value -9999
[rows 442 to 475 of 500, columns 304 to 379 of 500]
1.788 3.173 2.048 2.435 2.475 2.033 1.758 2.418 2.243 1.753 2.17 2.965 1.773 2.015 2.263 1.758 1.728 1.553 1.52 1.443 1.325 1.183 1.41 1.91 3.713 1.745 2.638 2.58 2.535 2.45 3.238 6.833 3.56 7.105 3.22 1.61 1.16 1.17 1.505 1.483 1.335 1.355 1.318 1.568 1.24 1.205 1.288 1.238 1.21 1.23 1.27 1.298 1.528 1.34 1.328 1.365 1.413 1.633 1.643 1.52 1.458 1.325 1.393 1.528 1.475 1.548 1.635 1.51 1.518 1.53 1.403 1.4 1.583 1.678 1.665 1.72
1.865 1.73 1.733 3.998 2.28 2.098 1.888 2.608 2.903 2.815 2.153 2.273 2.163 1.948 1.858 2.14 1.528 1.57 1.578 1.43 1.348 1.248 1.198 1.2 1.37 2 1.125 1.22 1.555 2.61 5.118 6.04 7.963 5.475 6.058 1.42 1.255 1.49 1.233 1.14 1.27 1.235 1.36 1.63 1.205 1.265 1.365 1.255 1.22 1.235 1.283 1.235 1.645 1.563 1.303 1.263 1.363 1.413 1.32 1.275 1.565 1.865 1.405 1.475 1.608 1.548 1.575 1.635 1.535 1.57 1.513 1.54 1.398 1.515 1.513 1.425
1.805 1.753 1.753 2.633 2.143 2.215 2.033 1.998 2.545 2.418 3.585 2.865 2.768 3.553 4.548 2.858 2.4 1.623 1.723 1.523 1.403 1.308 1.253 1.188 1.488 1.163 1.1 2.83 1.175 2.91 6.528 5.528 6.715 5.228 3.663 1.34 1.218 1.258 1.228 1.163 1.388 1.285 1.203 1.193 1.2 1.285 1.165 1.17 1.22 1.275 1.188 1.2 1.4 1.728 1.545 2.008 2.058 1.583 1.368 1.328 1.313 1.895 1.46 1.405 1.51 1.628 1.728 1.355 1.703 1.623 1.598 1.6 1.55 1.58 1.603 1.368
1.878 1.843 1.865 3.425 3.953 2.185 2.008 1.905 1.985 2.458 3.345 2.703 2.253 2.285 2.965 1.765 2.315 1.658 1.66 1.525 1.46 1.39 1.31 1.233 2.135 3.508 3.265 1.248 1.245 2.518 3.118 4.86 4.323 4.14 2.283 1.293 2.525 1.555 1.99 2.263 1.81 1.44 1.333 1.183 1.14 1.135 1.14 1.163 1.148 1.265 1.203 1.295 1.19 1.333 1.99 2.905 2.815 2.508 1.193 1.248 1.413 1.9 1.405 1.398 1.433 1.418 1.34 1.465 1.653 1.483 1.533 1.6 1.463 1.605 1.633 1.533
2.03 2.045 1.93 1.818 1.77 2.015 2.125 2.04 2.12 2.238 2.288 2.39 2.433 2.578 1.858 1.765 1.803 1.738 1.66 1.568 1.533 1.463 1.64 1.253 3.92 1.178 3.948 2.148 2.103 2.8 1.393 1.3 1.868 2.068 3.975 4.21 2.233 2.6 2.195 3.23 3.573 2.89 2.065 1.553 1.178 1.175 1.245 1.258 1.198 1.193 1.203 1.223 1.255 1.305 2.443 3.983 1.678 2.223 1.345 1.175 1.433 1.46 1.353 1.165 1.245 1.353 1.373 1.348 1.668 1.573 1.523 1.423 1.508 1.78 1.465 1.45
2.715 2.078 1.78 1.838 2.165 2.895 2.275 2.158 1.935 1.898 2.048 2.38 3.083 2.138 1.95 1.873 1.86 1.77 1.695 1.678 1.615 1.623 1.69 1.385 1.273 1.283 1.36 1.153 1.245 1.29 2.023 1.113 1.925 3.058 4.325 4.71 3.85 3.303 3.955 4.313 3.053 2.71 3.345 3.148 1.078 1.1 1.123 1.213 1.17 1.23 1.195 1.318 1.313 1.615 1.553 1.463 1.245 1.435 1.393 1.143 1.135 1.163 1.123 1.293 1.285 1.283 1.263 1.305 1.5 1.395 1.308 1.27 1.423 1.468 1.72 1.263
2.17 1.838 1.873 1.75 2.033 2.17 3.158 2.178 2.058 1.865 2.133 2.153 1.995 2.003 1.825 1.828 1.835 3.918 2.863 1.85 1.755 2.275 1.555 1.493 1.755 1.423 1.373 1.555 1.428 1.645 1.15 1.108 3.15 1.11 3.738 3.363 1.943 1.203 5.033 3.673 2.67 1.698 2.79 3.423 3.223 1.398 1.168 1.258 1.165 1.398 1.205 1.875 1.405 1.25 1.265 1.505 1.34 1.408 1.905 1.258 1.223 1.26 1.59 1.198 1.388 1.48 1.37 1.605 1.85 1.33 1.418 1.445 1.255 1.28 1.315 1.72
2.423 1.898 1.825 2.333 1.815 1.893 2.273 1.923 2.44 2.165 1.85 2.03 1.96 2.02 2.153 1.893 1.863 2.118 1.903 1.983 2.213 1.998 1.605 2.8 2.525 1.595 1.39 1.355 1.403 1.31 1.245 1.208 4.095 1.243 1.793 1.51 1.1 3.568 4.728 5.415 5.238 5.963 4.083 4.885 6.985 2.208 1.65 2.113 1.113 1.165 1.225 1.208 1.33 1.47 1.315 1.203 1.298 1.3 1.155 1.233 1.148 1.395 1.28 1.168 1.393 1.273 2.315 1.22 1.188 1.28 1.34 1.233 1.325 1.593 1.298 1.3
2.171 1.943 2.026 2.526 2.013 1.831 1.943 1.991 2.308 2.671 2.048 2.126 2.048 2.066 2.513 2.433 2.121 1.963 2.028 2.898 2.953 1.823 1.676 1.641 1.596 1.746 1.718 1.416 1.303 1.283 1.253 1.393 1.733 1.223 2.273 1.988 1.318 3.518 3.488 2.738 5.586 5.673 7.383 7.593 5.473 1.851 1.836 1.501 1.378 1.156 1.256 1.183 1.096 1.251 1.121 1.131 1.193 1.263 1.276 1.191 1.456 1.821 1.356 1.263 1.493 1.203 1.661 1.683 1.178 1.416 1.728 1.396 1.736 1.876 1.311 1.491
2.076 2.238 2.548 2.613 1.888 1.968 2.073 1.788 2.053 1.993 2.171 2.388 2.378 2.353 3.686 2.568 2.231 2.016 1.893 2.546 2.311 2.171 1.793 1.768 1.736 1.688 1.843 1.866 1.778 1.386 1.473 1.496 1.366 1.283 1.463 1.233 1.578 1.608 1.518 1.223 2.876 1.853 4.108 4.541 4.673 1.788 1.393 1.736 1.328 1.136 1.496 1.188 1.176 1.168 1.123 1.266 1.226 1.118 1.118 1.176 1.206 1.953 1.303 3.601 2.506 2.946 2.953 4.013 1.283 1.561 1.321 1.336 1.383 1.296 1.378 1.618
2.046 2.878 2.416 2.343 2.356 2.033 2.313 2.166 2.443 3.761 3.731 2.598 2.421 2.496 3.038 2.636 2.216 2.036 1.906 1.848 1.853 1.876 1.966 1.841 1.823 1.763 1.868 1.968 1.778 1.546 1.426 1.458 1.351 1.286 1.143 1.133 1.181 1.253 2.061 1.426 2.388 4.316 2.136 4.363 3.046 2.011 2.243 2.043 2.663 1.901 1.481 1.501 1.513 1.463 1.253 1.281 1.323 1.358 1.266 1.223 1.948 1.328 5.356 4.928 1.471 1.306 6.138 4.818 1.916 2.066 1.371 1.811 1.686 1.316 1.273 1.501
2.101 2.186 2.018 2.193 1.861 2.063 2.128 1.871 3.301 5.031 2.436 2.851 2.991 1.963 2.178 2.103 1.988 1.968 1.921 2.056 1.966 2.016 2.273 2.063 1.906 1.848 1.878 2.138 1.566 2.011 1.536 1.456 1.441 1.351 1.211 1.221 1.281 1.608 2.191 1.598 4.343 1.956 2.908 2.483 1.443 1.498 3.436 1.593 1.681 2.208 1.931 1.653 1.678 1.678 1.943 1.626 1.643 1.798 1.973 3.651 5.253 4.773 3.701 4.216 8.638 1.618 2.356 2.141 3.276 4.111 1.666 1.496 1.686 1.426 1.398 1.873
2.441 2.536 2.211 2.238 1.873 1.938 2.043 1.911 4.258 4.753 1.978 2.111 2.148 2.103 2.006 1.946 2.023 2.023 2.061 1.913 1.878 2.016 1.998 2.093 1.876 1.783 1.768 1.678 1.581 1.843 1.813 1.508 1.948 1.783 1.583 1.698 1.726 2.168 1.478 2.978 8.383 3.793 2.703 1.821 1.688 1.718 2.051 1.663 1.756 2.796 7.033 2.161 1.783 2.231 1.783 1.696 1.698 1.823 1.786 3.538 2.543 3.348 2.356 5.276 9.598 4.701 3.876 3.501 5.561 6.826 1.583 1.741 1.591 1.681 2.313 3.111
2.723 2.566 2.688 3.051 2.646 2.413 2.998 1.841 3.021 1.846 5.338 1.938 1.973 2.171 1.868 2.068 2.176 2.248 1.983 2.071 2.038 1.958 2.048 1.908 1.836 1.888 1.793 2.638 2.043 2.406 3.326 2.171 1.836 1.793 1.996 1.588 2.528 2.873 1.761 1.768 4.673 5.283 1.908 1.553 1.626 1.658 2.976 1.638 1.871 3.583 3.788 1.748 1.861 2.476 1.798 1.858 1.743 1.873 1.688 1.703 5.363 4.711 4.738 5.291 5.143 10.173 3.521 7.993 10.306 6.703 1.316 1.456 1.591 1.628 1.846 1.928
2.396 2.313 2.398 3.118 4.498 3.441 1.988 1.881 1.938 1.886 3.083 1.996 1.906 2.073 2.293 2.858 3.103 2.073 1.956 1.978 2.023 2.433 2.058 1.966 1.891 1.883 1.823 2.051 2.491 3.548 2.208 1.871 2.026 3.186 2.733 1.751 1.853 2.158 1.666 1.628 1.943 4.908 2.541 1.703 2.321 1.598 2.071 1.608 1.851 2.228 1.708 2.141 2.178 1.688 1.641 2.671 1.863 1.906 1.768 1.683 3.608 4.941 1.583 3.053 4.651 7.041 6.221 3.956 7.838 1.773 1.293 1.616 1.648 1.651 2.156 2.866
2.261 2.301 2.136 2.228 3.388 4.216 2.441 1.958 2.796 2.541 4.021 2.503 5.543 4.743 2.076 2.021 2.013 2.266 2.371 2.081 2.018 1.946 2.428 1.893 1.878 2.016 1.793 2.978 2.716 2.173 1.946 2.271 1.846 1.976 1.703 1.926 2.348 1.553 1.508 1.478 1.668 2.403 1.823 1.911 2.308 1.356 1.538 1.451 1.351 1.226 1.396 2.671 2.831 1.578 1.348 2.083 1.663 1.791 4.933 3.491 1.683 3.136 1.283 4.883 8.598 8.438 7.808 2.711 1.248 1.233 1.281 1.591 1.696 1.786 1.668 1.638
2.146 2.231 2.158 2.126 3.961 3.678 2.591 2.378 2.246 2.528 1.941 1.886 4.841 2.091 2.113 1.768 1.896 2.411 2.063 2.026 1.908 2.013 2.016 1.953 1.866 1.901 1.821 1.776 2.278 1.833 3.501 1.606 1.591 1.448 1.663 1.671 1.536 1.643 1.433 1.463 2.123 1.363 1.461 1.776 1.928 1.326 1.338 1.571 1.696 1.276 1.368 1.388 1.778 1.818 1.183 1.138 1.196 1.401 2.466 1.868 1.736 1.238 1.188 6.428 5.338 7.333 3.796 2.858 1.403 1.258 1.291 1.701 1.846 1.771 2.568 2.456
2.338 2.183 2.201 3.321 3.313 2.508 2.633 2.306 2.266 3.118 1.871 1.968 3.738 2.026 1.763 1.811 2.623 2.871 1.956 1.981 2.071 2.113 2.191 2.048 1.936 2.186 1.756 1.746 1.753 2.138 3.878 1.693 1.648 1.756 1.643 1.503 1.448 1.508 1.473 1.643 1.488 1.268 1.301 1.808 1.283 1.241 1.258 1.356 1.263 1.236 1.326 1.338 1.426 1.276 1.226 1.083 1.113 1.876 1.283 1.278 1.281 1.168 1.221 4.568 2.698 1.303 2.266 1.758 1.323 1.403 1.391 1.413 1.473 1.481 1.913 2.073
2.613 2.376 2.303 3.096 2.281 2.336 2.148 2.623 3.028 2.063 1.918 2.171 2.113 2.221 2.053 1.913 2.176 1.928 1.901 2.128 2.043 2.098 2.193 2.141 1.956 1.846 1.906 1.821 1.781 1.963 2.548 1.861 1.736 1.656 1.603 1.546 1.661 1.496 1.461 1.461 1.473 1.496 1.683 1.483 1.238 1.293 1.298 1.446 1.293 1.208 1.261 1.613 1.288 1.168 1.133 1.168 1.473 2.131 1.226 1.196 1.251 1.273 1.248 1.286 1.221 1.368 1.348 1.273 1.276 1.453 1.311 1.293 1.371 1.578 1.343 2.728
2.613 2.351 2.483 2.461 3.431 2.346 2.236 2.168 2.531 2.646 2.008 1.973 2.181 2.128 1.866 2.196 1.856 1.858 2.048 2.051 1.856 1.983 2.073 1.923 3.278 3.366 2.046 2.836 1.968 2.251 2.038 2.983 1.938 1.611 1.621 1.601 1.893 1.758 1.538 1.603 1.568 1.401 1.493 1.851 1.633 1.698 2.233 1.743 1.458 1.203 1.188 1.508 1.376 1.221 1.226 1.611 1.201 1.306 1.263 1.523 1.383 1.273 1.273 1.256 1.246 2.438 4.448 1.638 1.386 1.548 1.418 1.458 1.471 2.841 2.228 2.721
2.378 2.403 2.473 2.593 2.628 2.336 2.118 2.283 2.378 2.253 2.303 2.521 2.931 2.113 1.966 2.903 1.861 1.823 1.986 2.376 2.081 1.868 1.901 1.783 3.633 4.066 2.003 2.016 2.078 2.061 1.848 1.826 1.833 1.771 2.131 2.031 1.813 1.691 1.648 1.596 1.586 1.638 1.593 2.601 2.123 1.911 1.656 3.048 1.443 1.568 1.956 1.426 1.303 1.323 1.403 1.543 1.456 1.468 2.408 1.508 3.001 1.493 1.453 1.381 2.413 3.018 1.508 1.443 1.431 1.473 1.461 1.426 1.968 1.946 1.731 1.728
3.656 2.633 2.511 2.516 2.461 2.623 2.278 2.283 2.166 3.201 2.426 2.373 2.573 2.531 2.066 1.993 1.938 1.896 2.026 2.331 2.108 2.646 2.881 2.631 3.253 2.448 2.148 2.236 2.213 2.273 2.551 3.111 2.573 1.766 1.821 1.761 1.733 1.731 1.701 1.673 1.693 1.626 1.581 2.221 1.881 2.498 2.166 4.143 2.991 1.973 3.006 1.946 1.478 2.673 1.533 1.938 1.561 1.461 1.603 1.423 1.746 1.336 1.376 1.353 1.593 1.628 1.268 4.941 1.621 1.233 1.216 1.348 1.573 2.223 1.421 1.218
3.058 2.576 2.621 2.561 2.646 2.953 2.228 2.201 4.248 5.491 3.173 2.716 2.391 2.608 2.106 2.306 2.293 2.143 2.291 2.148 1.903 2.201 4.701 2.426 2.398 2.386 2.186 2.258 2.023 2.721 2.311 2.756 1.831 1.838 2.353 1.763 1.696 1.668 1.636 1.756 1.778 2.468 1.816 4.293 2.603 2.701 2.688 2.498 1.871 2.138 2.061 1.606 2.816 3.361 2.433 1.683 1.673 1.351 1.258 1.356 1.923 1.403 1.528 1.381 1.743 1.496 1.386 2.971 2.573 1.331 1.271 1.366 1.728 1.701 1.351 1.203
2.908 2.943 2.648 2.751 2.843 2.338 2.496 3.868 6.136 3.068 2.778 2.526 3.226 2.671 2.421 2.551 2.791 2.601 2.593 2.141 1.798 2.101 3.046 2.201 2.043 2.121 2.576 2.446 2.186 2.406 2.886 1.896 1.988 1.823 2.398 1.906 2.458 1.696 2.291 1.686 2.031 1.616 1.998 3.263 4.448 2.651 2.333 1.698 1.796 2.423 1.491 3.251 3.753 5.431 4.668 2.308 1.948 1.476 1.273 1.353 1.306 1.643 1.593 1.588 1.678 1.391 1.366 1.281 1.141 1.236 1.466 1.556 1.481 1.528 1.388 1.468
2.808 2.926 2.931 2.781 2.613 2.556 2.468 6.763 2.973 2.661 2.553 2.416 2.803 2.598 2.638 3.028 3.218 2.973 2.571 2.316 2.163 2.071 2.128 2.091 2.178 2.511 1.981 1.993 1.926 2.066 2.063 2.118 2.113 2.018 2.278 1.976 2.291 1.631 2.021 2.688 2.313 2.166 1.821 2.628 2.821 2.021 1.668 1.716 3.666 1.796 2.016 2.533 3.796 4.276 2.948 2.273 2.886 2.781 1.383 1.368 1.336 1.543 1.536 1.928 1.613 2.013 1.443 1.441 1.376 1.323 1.431 1.761 1.543 1.481 1.616 1.541
2.786 2.728 2.748 3.003 2.846 2.783 2.836 3.588 2.728 2.781 3.003 2.676 3.566 2.651 3.048 3.996 2.991 3.418 3.071 2.778 2.816 2.508 2.056 2.391 2.326 2.251 2.138 1.896 1.801 1.818 1.931 2.046 2.301 2.371 2.776 2.091 2.183 1.966 2.426 2.408 2.936 2.291 1.661 1.731 2.106 1.836 1.693 1.753 3.108 2.531 2.901 1.896 4.281 5.228 3.358 2.083 2.843 3.711 2.286 1.601 1.953 3.566 4.121 3.331 1.486 1.561 1.413 1.281 1.583 1.403 1.476 1.781 1.551 1.613 1.433 1.138
3.231 3.011 2.596 2.706 2.656 2.601 3.018 2.906 2.681 2.798 3.286 3.408 3.821 2.983 2.938 2.956 2.511 3.058 3.071 3.071 3.093 2.593 2.456 2.511 3.206 2.603 2.368 1.916 2.043 3.128 1.983 1.766 1.846 2.158 2.333 2.161 1.801 1.736 1.753 2.041 2.811 1.853 1.681 1.648 1.716 1.668 1.813 2.628 2.103 1.896 1.983 2.446 2.421 2.343 1.978 2.083 2.431 3.618 2.911 2.518 3.651 3.068 3.873 1.583 1.358 1.378 1.388 1.218 1.271 1.418 1.298 1.373 1.523 1.738 1.611 1.418
3.048 2.726 2.751 3.403 3.196 3.568 2.751 2.516 2.551 2.413 2.661 2.471 3.296 2.636 2.716 2.828 2.613 3.218 3.531 2.938 2.521 2.213 2.228 2.233 2.293 2.001 1.918 1.893 2.053 6.928 6.441 2.061 1.836 1.786 1.743 1.798 2.083 1.916 1.956 1.763 1.738 1.853 1.938 1.796 1.778 1.708 1.698 1.778 2.163 2.013 2.383 3.816 2.071 2.171 1.986 4.696 2.506 2.493 2.246 2.158 1.876 2.031 1.428 2.793 1.956 1.571 1.658 1.496 1.373 1.491 1.623 1.641 1.571 1.866 1.503 1.446
2.941 2.876 3.113 3.363 2.811 2.548 3.001 2.361 2.248 2.351 2.473 2.263 3.781 2.548 2.486 2.541 2.751 5.776 3.206 2.553 2.433 2.076 2.176 2.393 2.458 2.273 2.073 2.093 2.018 7.081 4.156 2.153 1.981 2.348 2.353 2.206 1.858 1.806 1.971 2.063 2.098 2.208 1.783 1.711 2.298 1.978 1.756 1.846 2.388 3.413 3.353 2.303 2.058 1.881 2.403 5.108 3.281 3.513 2.026 2.716 1.996 1.998 2.096 4.356 2.476 1.818 1.748 1.551 1.518 1.433 1.433 1.398 1.338 1.531 1.343 1.266
3.733 2.993 2.926 3.441 3.178 3.613 2.606 2.456 2.268 2.388 2.421 2.406 3.601 2.836 2.668 2.633 2.996 3.023 2.373 2.236 2.286 2.156 2.221 2.168 2.258 2.068 2.063 2.108 2.283 2.611 2.293 2.168 2.046 2.388 2.611 2.246 2.176 1.931 1.776 1.848 1.971 1.948 1.878 1.956 2.456 2.336 1.968 2.061 3.016 3.258 2.898 2.556 2.166 2.051 2.121 1.936 3.226 2.846 2.171 2.108 1.898 2.601 4.031 6.146 3.178 2.713 2.251 1.738 1.646 1.416 1.451 1.381 1.396 1.413 1.398 1.316
3.353 3.088 2.893 2.861 3.163 2.596 2.733 2.476 2.193 2.183 2.246 2.241 2.941 2.646 2.483 2.401 2.313 2.326 2.703 2.111 2.763 3.043 2.143 2.518 2.366 2.056 2.156 2.078 2.173 2.191 2.378 2.023 1.863 2.136 2.193 2.083 2.311 2.526 2.071 1.791 1.821 1.843 1.768 2.186 2.991 2.738 2.518 2.148 2.078 2.038 1.888 1.916 1.918 1.861 1.903 1.896 3.923 2.368 2.473 2.076 1.836 2.733 5.081 4.826 6.523 2.376 1.761 1.528 1.571 1.411 1.461 1.498 1.433 1.373 1.721 1.333
3.291 3.303 2.926 2.978 3.016 2.828 2.901 2.678 2.498 2.366 2.686 2.531 2.536 2.561 2.546 2.323 2.336 2.178 2.408 2.641 2.726 2.208 2.256 2.308 2.256 2.323 2.366 2.208 2.086 2.096 2.161 2.083 2.128 2.098 2.013 2.071 2.153 2.656 2.858 3.146 3.108 2.571 1.923 2.698 2.883 2.211 3.336 2.401 2.151 2.601 1.911 1.631 1.661 1.683 1.656 3.658 2.363 2.473 2.823 1.933 1.668 1.896 4.333 4.678 2.918 1.868 1.891 1.646 1.581 1.523 1.521 1.708 1.651 1.403 1.501 1.523
3.373 3.336 3.168 3.223 3.321 3.591 4.436 3.046 3.071 3.038 2.806 2.758 2.616 2.651 2.523 2.273 2.238 2.183 2.263 2.411 2.841 2.316 2.271 2.301 2.511 2.558 2.318 2.121 2.138 2.191 2.148 2.216 2.368 2.088 2.038 2.033 2.346 2.473 2.353 2.073 5.036 4.621 2.626 3.193 3.666 3.273 2.231 2.233 2.136 2.671 3.341 5.268 2.128 2.553 2.288 3.116 2.456 3.468 4.046 3.281 3.151 1.793 3.036 2.408 2.716 1.776 1.526 1.663 1.493 1.593 1.546 1.563 1.661 1.806 1.888 1.946
3.356 3.736 3.613 3.316 3.428 3.528 3.173 4.186 3.578 3.043 2.891 2.806 2.731 3.443 3.031 2.521 2.258 2.288 2.416 2.283 2.413 2.343 2.276 2.393 2.618 2.501 2.273 2.221 2.256 2.271 2.236 2.241 2.278 2.248 2.146 2.363 2.206 2.216 3.376 3.178 3.196 4.286 3.308 3.681 3.271 3.048 2.508 2.071 2.688 3.186 3.756 5.716 5.718 3.363 3.381 3.406 2.336 2.613 1.883 1.826 2.196 2.326 4.963 3.066 1.956 2.126 1.633 2.201 2.168 1.821 1.916 1.703 1.633 1.673 1.591 2.136
