All_lidar/sz5891_DSM_2M.asc
ncols 500
nrows 500
xllcorner    458000
yllcorner    91000
cellsize     2
NODATA_value -9999
[rows 0 to 31 of 500, columns 360 to 431 of 500]
48.171 47.416 48.584 50.651 56.464 50.334 47.864 47.966 48.056 48.131 48.181 48.209 48.324 48.304 48.281 48.296 48.464 48.526 48.571 48.541 48.569 51.064 54.469 54.924 52.099 48.776 48.864 48.841 48.884 49.114 48.999 49.274 49.251 49.591 49.941 58.061 55.406 52.864 49.801 49.969 49.526 49.519 49.516 49.606 49.639 49.704 49.921 49.991 49.881 49.916 50.009 50.059 50.071 50.131 50.254 50.296 50.269 50.309 50.684 51.344 51.024 50.584 50.634 50.586 50.574 50.586 50.551 50.656 50.654 50.799 52.324 51.396
48.794 47.939 49.129 54.001 55.551 49.924 47.906 47.979 48.094 48.191 49.224 52.591 48.639 49.291 48.466 48.391 48.479 48.514 48.599 48.606 48.684 48.841 49.714 48.679 48.684 48.801 48.864 48.921 48.931 48.979 49.014 49.371 49.251 49.421 50.146 49.989 50.886 49.616 50.596 51.069 49.539 51.069 50.786 49.824 49.624 49.729 49.866 49.996 49.939 49.934 50.006 50.089 50.061 50.116 50.231 50.314 50.276 50.294 50.579 50.719 50.661 50.686 50.661 50.616 50.604 50.576 50.599 50.626 50.711 50.689 51.649 51.009
48.719 47.884 47.904 51.994 49.749 49.774 48.921 48.054 48.139 48.206 49.341 53.501 50.316 49.729 48.761 48.409 48.434 48.579 48.731 48.601 48.661 48.674 48.694 48.726 48.766 48.829 48.884 48.936 48.979 48.989 49.061 49.256 49.544 50.399 51.119 50.119 49.306 49.356 49.754 49.724 50.091 53.346 57.276 55.216 54.656 52.086 49.786 49.911 49.986 49.976 50.009 50.101 50.099 50.144 50.199 50.349 50.359 50.361 50.579 50.714 50.849 50.676 50.641 50.626 50.594 50.611 50.619 50.636 50.696 50.656 50.681 50.761
50.681 49.186 49.231 49.184 48.009 50.274 48.571 48.081 48.144 48.234 48.489 49.191 48.536 48.376 48.381 48.481 48.549 48.569 48.661 48.714 48.761 48.826 48.776 48.836 48.864 48.891 48.911 48.901 48.991 49.011 49.086 49.216 52.639 56.044 50.689 49.276 49.439 52.636 50.759 50.939 52.361 56.779 61.366 62.459 63.586 58.126 52.956 49.884 49.949 49.991 50.064 50.171 50.164 50.189 50.239 50.274 50.296 50.314 50.619 50.889 51.031 50.626 50.591 50.626 50.654 50.581 50.616 50.639 50.624 50.644 50.621 50.731
47.496 47.579 47.779 48.579 49.211 49.604 48.649 48.076 48.214 48.219 48.326 48.396 48.401 48.416 48.369 48.464 48.629 48.664 48.686 48.664 48.744 48.761 48.784 49.056 48.849 48.899 48.966 48.949 49.021 49.059 49.146 49.624 54.631 55.591 51.369 49.534 52.189 53.834 50.926 50.626 55.184 61.194 62.731 63.764 64.581 60.944 62.179 59.991 55.131 50.921 49.996 50.136 50.176 50.254 50.394 50.336 50.296 50.346 50.556 50.719 50.979 50.679 50.604 50.611 50.611 50.576 51.351 51.411 50.654 50.719 50.716 50.764
47.491 47.599 47.804 47.981 48.039 48.756 48.056 48.111 48.204 48.204 48.301 48.411 48.476 48.516 48.516 48.576 48.651 48.694 48.729 48.734 48.894 48.821 48.801 48.821 48.926 49.004 49.031 49.049 49.044 49.099 49.154 49.316 49.664 49.829 49.384 50.606 52.694 54.851 52.806 50.399 56.476 62.976 63.874 65.109 63.451 59.326 60.869 57.629 59.734 50.409 50.149 50.176 50.229 50.319 50.416 50.374 50.304 50.371 50.684 50.674 50.736 50.744 52.946 50.561 50.514 50.634 51.616 51.779 50.621 50.701 50.719 50.699
47.571 47.736 47.834 47.899 48.459 49.636 48.171 48.211 48.281 48.261 48.311 48.361 48.374 48.471 48.526 48.569 48.626 48.679 48.719 48.749 48.764 48.776 48.821 48.886 48.936 48.989 49.059 49.106 49.059 49.164 49.286 49.279 49.299 49.364 49.606 49.429 51.006 52.121 51.456 49.619 54.371 63.114 64.326 65.229 65.411 58.796 61.311 60.096 57.071 52.389 50.101 50.229 50.256 50.301 50.374 50.366 50.341 50.424 50.654 52.101 51.866 51.546 52.209 50.756 50.584 50.634 50.621 50.631 50.626 50.641 50.686 50.846
47.699 47.829 47.904 48.556 49.801 50.941 49.561 49.286 49.451 48.384 48.416 49.144 48.851 48.909 48.661 48.599 48.711 48.746 48.764 48.769 48.811 49.759 49.504 49.436 49.006 49.029 48.974 49.041 49.064 49.161 49.201 49.241 49.359 49.406 49.491 49.456 49.869 49.644 49.634 49.734 50.571 50.279 58.451 64.694 63.309 62.614 61.804 62.556 56.499 50.144 50.221 50.259 50.266 50.306 50.401 50.466 50.366 50.456 50.714 52.494 53.121 54.641 51.371 52.931 50.786 50.606 50.689 50.871 50.664 50.656 50.696 50.729
47.849 47.954 48.364 48.896 51.559 54.171 53.614 51.599 52.869 53.751 51.169 50.841 50.276 50.874 50.284 49.426 49.556 49.321 49.319 49.024 49.439 50.486 51.049 50.941 50.324 50.174 50.314 50.411 49.516 49.274 49.301 49.424 49.331 49.381 49.404 49.499 49.531 49.589 49.676 49.614 49.706 49.734 50.529 58.586 61.839 59.951 56.094 55.241 50.739 50.089 50.174 50.291 50.334 50.371 50.394 50.726 50.384 50.581 51.201 51.649 56.499 53.164 52.356 50.969 51.169 52.496 53.944 56.124 53.721 50.651 50.679 50.701
48.444 48.284 48.509 48.606 49.744 52.434 51.549 52.501 55.564 55.571 53.444 51.726 52.084 52.089 52.091 52.086 51.844 51.661 51.131 51.416 51.714 51.861 51.846 51.931 51.414 51.426 52.111 51.699 52.334 50.926 51.289 53.081 52.554 51.661 49.594 49.664 49.729 50.089 50.529 50.614 50.221 50.074 50.144 50.699 53.379 60.666 55.424 52.786 50.489 51.384 51.389 51.149 50.861 50.876 51.669 50.306 50.636 50.411 51.624 50.771 51.159 52.269 51.011 51.951 51.089 51.429 56.651 58.451 56.461 51.006 50.709 50.721
49.739 49.476 49.194 49.599 48.741 48.664 48.841 53.246 55.399 55.076 50.609 49.364 50.339 50.499 50.759 50.896 50.856 50.274 51.316 51.741 51.779 51.679 51.874 52.324 52.306 52.271 52.879 52.374 53.446 52.896 55.364 56.641 56.416 54.189 52.189 52.036 51.139 51.239 50.989 50.876 50.431 50.274 50.591 50.851 51.791 57.564 53.674 51.784 50.761 52.041 52.244 51.761 51.676 53.664 55.399 55.446 56.874 54.809 50.566 50.986 51.624 50.711 53.589 51.419 50.866 51.351 54.911 58.911 55.254 52.051 50.839 50.909
51.681 51.604 51.541 51.629 50.714 50.774 50.484 52.129 54.399 54.316 50.856 49.099 49.126 49.196 49.189 49.146 49.164 49.701 49.074 49.154 49.519 49.474 49.469 49.624 51.879 53.364 54.576 52.536 52.754 51.174 54.734 56.426 55.769 52.694 52.179 52.671 52.281 52.581 52.154 51.946 51.166 52.186 51.379 51.596 52.589 52.664 53.306 53.446 52.414 52.281 52.461 52.551 52.779 55.506 56.729 58.616 58.981 58.536 52.966 52.411 52.304 51.681 51.481 52.794 50.874 51.361 52.956 56.631 52.801 50.751 50.749 51.036
51.871 51.869 52.016 52.261 52.241 52.246 52.261 53.189 54.349 55.204 52.821 49.786 49.964 49.411 49.314 49.269 49.169 49.106 49.086 49.739 49.254 49.444 49.351 49.759 53.336 55.669 56.471 56.404 55.906 51.261 51.211 52.434 50.271 49.726 49.671 50.179 50.039 50.616 50.344 50.091 50.101 50.329 50.589 50.706 51.509 51.691 52.341 53.031 53.119 52.951 53.194 53.299 53.449 55.519 57.071 59.209 59.496 59.081 54.489 51.101 51.066 52.184 53.296 52.509 51.776 51.366 51.521 51.349 51.719 52.509 51.001 51.799
51.896 51.869 52.129 52.654 52.761 52.611 52.544 52.664 54.331 55.389 52.644 49.429 50.684 50.209 49.666 49.699 49.671 49.741 49.704 49.984 50.256 50.561 50.861 51.236 52.911 55.656 57.039 57.254 56.129 52.804 49.661 50.099 49.929 49.669 49.724 49.789 50.201 50.606 49.989 49.831 49.819 49.861 49.896 49.951 49.986 50.016 50.479 50.764 50.621 50.801 51.259 51.101 50.606 51.181 55.051 58.606 58.734 57.876 53.471 51.541 51.616 52.039 52.814 52.509 52.789 53.274 55.841 55.464 52.944 51.994 51.726 51.489
51.951 51.954 52.186 52.854 53.479 53.464 52.836 52.876 54.469 54.294 49.571 49.084 49.299 49.331 49.101 49.104 49.104 49.109 49.106 49.124 49.711 50.291 51.531 52.391 52.991 56.231 57.709 57.719 55.976 50.234 49.809 50.156 49.836 49.724 49.776 49.841 49.836 49.851 49.876 49.909 49.919 49.964 49.979 49.984 50.006 50.036 50.581 50.749 50.394 51.081 51.276 50.786 50.306 50.299 50.314 54.414 56.036 54.111 50.846 50.546 50.781 50.999 51.161 50.719 51.241 51.866 51.359 51.346 51.534 51.851 51.559 51.354
49.261 48.839 52.261 52.904 53.506 53.386 52.744 52.886 54.571 54.589 49.254 49.094 49.109 49.131 49.094 49.091 49.101 49.124 49.081 49.074 49.251 49.571 51.719 52.304 53.921 55.961 57.306 57.131 56.044 50.649 49.771 49.899 49.809 49.744 49.816 49.824 49.831 49.841 49.834 49.879 49.886 49.939 49.969 49.986 50.024 50.091 50.119 50.181 50.206 50.249 50.331 50.349 50.371 50.344 50.371 50.406 51.284 50.691 50.554 50.574 50.706 51.171 51.426 50.676 52.039 52.784 52.591 51.071 50.859 50.859 51.721 51.971
48.239 48.334 51.671 52.914 53.494 53.276 52.696 52.471 53.606 53.916 50.459 49.099 49.384 49.106 49.101 49.101 49.086 49.116 49.461 50.141 49.579 49.589 51.396 52.409 54.916 56.059 56.764 56.676 54.966 50.176 49.756 50.196 49.739 49.771 49.819 49.821 49.781 49.831 49.819 49.826 49.884 49.904 50.279 50.691 50.191 50.059 50.449 50.876 50.504 50.319 50.599 50.696 50.346 50.364 50.434 50.631 50.499 50.524 50.549 50.604 50.674 50.664 50.676 50.704 50.724 50.771 50.801 50.834 50.899 50.856 51.254 51.256
48.294 49.044 52.304 52.961 53.499 53.186 52.619 51.984 52.266 52.159 49.081 49.084 49.301 49.899 50.449 49.499 49.159 49.204 49.919 50.791 50.559 49.836 50.601 51.184 51.751 52.604 54.056 55.526 52.839 50.249 50.876 49.889 49.731 49.779 49.821 49.789 49.756 49.866 49.944 49.944 49.919 49.971 50.059 50.079 50.061 50.091 50.166 50.426 50.416 50.286 50.716 50.911 50.381 50.361 50.814 51.299 50.491 50.446 50.524 50.601 51.176 50.894 50.819 51.126 50.964 51.246 51.229 50.871 51.041 50.916 50.881 50.859
48.319 49.139 52.406 53.016 53.484 53.106 52.551 52.026 52.411 51.864 50.956 50.289 49.164 49.139 49.174 50.776 50.149 49.346 49.261 50.079 51.299 49.946 49.581 49.931 50.684 50.286 50.366 49.821 49.634 50.126 50.281 50.106 49.749 49.824 49.826 49.784 49.831 50.071 50.014 50.016 50.029 50.066 50.221 50.486 50.999 52.029 50.289 50.306 50.651 50.474 50.319 50.371 50.451 50.429 50.461 50.516 50.451 50.454 50.474 50.526 50.961 50.779 50.731 51.256 51.154 51.929 52.354 51.181 51.584 51.759 50.884 51.354
48.374 49.406 52.511 53.109 53.539 53.086 52.631 52.176 52.321 51.681 51.379 50.179 49.141 49.194 49.166 49.209 49.264 49.394 49.286 49.321 49.336 49.936 49.744 52.499 55.636 55.894 54.204 53.951 51.389 50.954 51.026 50.086 49.779 49.826 49.864 49.774 50.029 50.494 50.451 52.864 54.779 53.344 52.764 53.001 51.976 50.494 51.481 51.874 52.566 52.379 50.699 50.426 50.806 50.606 50.514 50.649 50.894 50.581 50.604 50.624 50.771 50.779 50.951 51.074 51.234 51.066 50.979 51.064 50.844 50.934 50.879 50.849
48.399 49.661 52.581 53.194 53.564 53.074 52.561 52.421 52.264 51.704 50.971 49.809 49.151 49.754 49.329 49.451 49.286 49.299 49.331 49.536 49.359 49.934 49.914 52.101 55.154 56.769 57.146 56.334 52.619 49.816 50.454 50.244 49.801 49.884 49.844 49.814 49.921 50.146 50.226 55.021 56.904 57.169 57.119 56.654 56.224 52.524 56.094 56.604 56.646 56.461 56.261 55.634 53.499 54.589 55.476 55.169 55.096 54.306 52.376 50.971 50.846 50.764 51.524 51.896 51.261 51.516 50.971 51.141 50.946 51.286 51.131 51.309
48.436 49.999 52.646 53.241 53.609 53.039 52.399 51.896 51.934 51.436 50.514 50.406 51.716 50.294 49.926 50.546 51.291 50.959 50.194 50.834 50.901 50.231 50.401 52.371 55.491 57.034 57.584 56.459 54.041 49.751 49.901 50.041 49.874 49.916 49.899 49.844 50.209 50.234 51.256 55.984 57.494 57.971 57.979 57.589 56.361 54.139 56.559 57.679 58.279 57.999 57.501 56.641 54.464 56.344 57.299 57.656 57.239 57.081 56.536 52.459 51.076 50.926 54.759 56.596 56.511 56.494 54.139 51.276 51.254 52.331 52.414 52.566
48.434 50.264 52.711 53.374 53.564 53.061 52.339 51.791 50.989 51.356 50.051 50.501 52.421 50.081 49.829 51.984 51.691 49.574 50.006 50.469 49.784 51.324 52.131 52.716 55.711 57.551 57.826 56.254 52.161 49.791 50.274 50.204 49.894 49.934 49.926 49.859 50.004 50.119 51.081 55.904 56.734 57.629 57.106 56.986 56.239 52.884 56.624 57.704 58.001 58.211 57.866 56.544 53.234 56.831 58.089 58.614 58.366 57.934 56.586 51.804 52.284 52.886 56.231 57.339 58.244 57.481 56.494 51.506 52.599 57.161 57.786 57.481
48.471 49.339 51.021 50.239 51.719 50.869 51.299 50.884 50.744 51.329 50.064 51.279 52.231 50.551 50.146 52.784 51.274 49.529 49.521 49.564 49.566 51.091 52.669 54.079 55.886 57.179 57.354 56.236 52.954 49.826 50.034 50.046 49.916 49.936 49.909 49.904 50.401 50.339 51.861 54.559 54.801 54.574 53.656 54.274 54.221 51.856 56.146 56.424 56.949 56.809 56.819 55.284 53.659 56.781 57.301 58.181 57.621 57.461 56.259 52.421 52.679 52.979 56.176 56.906 56.946 56.844 55.509 52.561 54.931 57.046 57.859 57.394
48.531 48.576 48.629 48.704 48.834 48.939 48.974 49.039 49.189 49.946 50.119 49.959 49.169 49.666 49.574 51.369 50.814 50.806 50.889 50.974 50.691 49.839 50.599 54.714 55.966 56.231 56.356 55.866 50.566 49.886 50.204 50.024 49.949 49.961 49.951 49.916 50.909 50.841 50.561 51.816 52.399 51.666 50.641 50.339 50.989 52.329 54.029 54.386 54.219 54.256 54.981 54.781 53.836 55.489 55.741 55.589 55.109 56.021 56.091 52.014 51.274 52.474 56.476 57.349 57.936 57.271 54.589 52.069 55.469 57.304 57.744 57.389
48.551 48.571 48.626 48.674 48.769 48.849 48.911 48.964 48.979 49.006 49.446 49.644 49.424 49.266 49.516 49.984 50.469 50.299 50.636 51.231 51.516 51.336 50.959 52.526 53.074 53.981 54.251 53.919 49.906 49.904 50.016 49.939 49.949 50.001 49.999 49.951 50.594 50.256 50.129 50.146 50.194 50.446 50.524 50.434 51.729 51.769 52.471 52.509 53.044 51.934 52.151 52.536 52.829 53.449 53.279 52.676 51.301 53.524 53.981 51.084 50.661 50.854 54.716 56.676 56.691 56.651 53.844 52.056 55.494 56.966 57.384 57.301
48.611 48.591 48.656 48.676 48.736 48.784 48.816 48.911 48.904 49.014 49.944 51.081 50.574 49.771 50.139 50.469 49.529 49.399 49.476 49.529 49.886 50.339 50.276 49.956 50.311 50.101 50.441 50.176 50.159 50.079 49.976 49.884 49.986 50.024 49.969 50.071 51.356 51.406 50.201 50.189 50.176 50.841 50.351 50.204 50.656 50.759 50.481 50.501 51.354 50.511 50.491 50.841 51.136 51.884 51.934 51.971 50.854 51.559 51.339 51.429 50.766 50.804 54.369 56.806 57.116 56.001 53.501 51.569 54.781 56.631 57.459 56.976
48.629 48.666 48.716 48.726 48.789 48.789 48.844 48.911 48.986 49.011 49.224 49.309 49.394 49.336 49.659 50.011 49.366 49.411 49.434 49.494 50.056 51.236 51.351 50.254 51.271 51.364 50.259 50.684 50.226 49.936 49.911 49.984 50.036 50.079 50.011 50.021 51.061 51.114 50.779 50.199 50.291 51.099 50.559 50.199 50.471 50.639 50.509 50.549 50.686 50.554 50.531 50.759 51.199 50.644 50.711 51.991 50.889 50.804 51.226 51.436 51.024 52.149 52.726 53.396 53.696 54.064 52.129 51.141 52.944 56.014 56.429 56.401
48.806 48.879 48.899 48.876 48.924 49.409 50.776 50.989 49.981 49.079 49.111 49.131 49.166 49.209 49.281 49.306 49.321 49.434 49.441 49.509 49.571 49.714 49.944 49.834 50.464 50.276 49.916 50.301 50.154 49.976 49.961 50.024 50.061 50.091 50.046 50.216 50.699 50.219 50.221 50.644 50.514 51.679 50.734 50.356 50.959 50.931 50.454 50.646 51.274 50.541 50.556 50.946 50.764 50.584 50.611 51.671 50.804 50.789 51.206 51.449 52.354 53.691 52.689 50.879 51.719 51.019 51.504 51.411 52.584 53.126 53.444 53.519
48.974 49.011 49.111 49.411 49.199 51.246 52.614 53.304 55.089 52.664 49.479 49.349 49.384 49.419 50.291 49.914 49.786 49.809 49.551 49.594 49.639 49.679 49.749 49.766 49.819 49.861 49.896 49.899 49.929 49.961 49.964 50.036 50.084 50.139 50.084 50.179 50.541 50.244 50.224 50.724 51.724 52.036 52.176 51.781 51.256 50.694 50.499 50.681 51.289 50.951 50.954 50.811 50.624 50.586 50.674 51.519 50.869 51.079 51.864 51.331 52.954 53.644 52.799 50.839 51.771 51.079 51.956 51.264 51.249 51.279 51.986 52.476
49.049 49.099 49.089 49.161 49.189 51.611 54.341 55.509 56.321 55.959 50.489 49.926 50.524 50.601 50.894 51.586 52.324 51.954 50.494 50.446 51.191 50.819 50.066 50.096 50.271 50.031 49.974 49.986 50.011 50.036 50.019 50.056 50.149 50.141 50.089 50.586 50.649 51.429 50.414 50.499 51.546 50.444 50.376 50.494 51.149 50.969 50.624 50.686 51.206 50.989 51.069 51.234 50.759 50.609 50.781 51.936 51.554 52.374 52.549 51.101 52.009 53.206 51.976 50.846 51.449 51.229 52.269 51.251 51.279 51.641 51.654 51.314
49.094 49.279 50.524 49.466 49.314 52.784 55.784 56.766 56.001 51.951 49.414 49.534 50.551 50.029 49.556 50.239 51.899 51.289 51.511 51.131 51.236 51.489 50.401 50.144 51.134 51.001 50.994 50.246 50.154 50.086 50.066 50.089 50.189 50.184 50.394 50.246 50.299 51.294 50.411 50.716 51.911 50.674 50.236 50.299 51.476 52.269 50.526 50.769 51.274 51.256 50.694 51.066 51.191 50.921 51.681 52.486 52.736 52.801 52.366 51.079 50.944 51.556 51.469 51.566 51.976 51.514 52.049 51.531 51.221 51.716 51.799 52.234
