All_lidar/sz5888_DSM_2M.asc
ncols 500
nrows 500
xllcorner    458000
yllcorner    88000
cellsize     2
NODATA_value -9999
[rows 320 to 351 of 500, columns 142 to 212 of 500]
47.883 47.843 47.821 47.803 47.798 47.716 47.663 47.596 47.483 47.398 47.306 47.186 47.096 47.018 46.966 46.933 47.043 47.013 46.996 46.993 46.871 46.593 46.423 46.771 46.468 46.121 48.868 46.001 45.721 45.763 45.846 45.828 45.763 45.763 45.658 45.473 45.321 45.173 44.976 44.803 44.643 44.456 44.313 44.201 44.038 43.876 43.746 43.603 43.471 43.343 43.243 43.103 42.963 42.846 42.733 42.636 42.518 42.371 42.218 42.051 41.931 41.786 41.641 41.481 41.358 41.236 41.123 41.003 40.846 40.716 40.601
47.848 47.751 47.681 47.641 47.583 47.508 47.461 47.468 47.403 47.321 47.201 47.031 46.898 46.863 46.826 46.788 46.881 46.873 46.746 46.751 46.626 46.393 46.201 46.103 46.008 45.818 47.441 45.626 45.911 45.431 45.561 45.668 45.621 45.503 45.413 45.321 45.158 44.958 44.768 44.606 44.451 44.258 44.148 43.998 43.861 43.716 43.578 43.436 43.323 43.181 43.093 42.968 42.821 42.713 42.566 42.481 42.371 42.246 42.046 41.893 41.773 41.658 41.503 41.326 41.198 41.081 40.953 40.851 40.768 40.621 40.471
47.773 47.643 47.588 47.526 47.406 47.376 47.418 47.493 47.408 47.273 47.091 46.911 46.753 46.733 46.696 46.673 47.051 47.393 46.648 46.533 46.576 46.361 46.068 45.943 45.928 45.681 44.961 44.963 45.076 45.026 45.218 45.403 45.421 45.323 45.236 45.091 44.931 44.733 44.576 44.413 44.243 44.081 43.948 43.796 43.641 43.543 43.416 43.271 43.168 43.053 42.946 42.828 42.698 42.566 42.426 42.306 42.198 42.058 41.878 41.761 41.626 41.518 41.373 41.206 41.078 40.966 40.821 40.733 40.651 40.538 40.376
47.613 47.543 47.493 47.393 47.281 47.263 47.328 47.356 47.223 47.003 46.836 46.748 46.671 46.743 47.793 48.106 48.668 48.648 46.703 46.343 46.308 46.273 46.658 45.928 45.551 44.773 44.191 44.411 44.486 44.586 44.783 45.151 45.116 45.056 44.986 44.878 44.691 44.548 44.373 44.248 44.081 43.921 43.763 43.633 43.478 43.343 43.211 43.101 43.013 42.896 42.781 42.686 42.541 42.393 42.281 42.153 42.051 41.918 41.768 41.653 41.486 41.368 41.248 41.103 40.948 40.828 40.701 40.598 40.523 40.411 40.268
47.418 47.421 47.333 47.206 47.156 47.111 47.098 46.973 46.901 46.766 47.093 47.221 47.868 48.578 48.901 48.966 49.086 49.086 46.731 46.133 46.153 46.081 46.468 45.623 44.651 44.346 44.116 44.198 44.223 44.318 44.406 44.478 44.608 44.666 44.663 44.576 44.446 44.298 44.163 44.043 43.931 43.753 43.593 43.456 43.333 43.208 43.078 42.956 42.871 42.761 42.653 42.538 42.411 42.268 42.143 42.033 41.901 41.798 41.671 41.523 41.361 41.248 41.126 40.981 40.831 40.711 40.596 40.493 40.391 40.286 40.148
47.248 47.151 47.378 47.498 47.051 46.933 46.866 46.963 47.071 48.076 48.818 48.928 49.031 49.151 49.226 49.348 49.423 49.516 46.998 46.036 46.013 45.908 46.536 47.118 45.231 44.871 44.128 44.053 43.956 44.028 44.036 44.066 44.133 44.216 44.231 44.211 44.173 44.083 43.996 43.891 43.753 43.618 43.473 43.331 43.193 43.058 42.928 42.818 42.731 42.621 42.501 42.393 42.258 42.136 42.003 41.891 41.771 41.703 41.556 41.391 41.241 41.116 40.986 40.868 40.716 40.608 40.496 40.351 40.278 40.181 40.066
47.713 48.076 49.026 49.248 47.403 46.708 46.633 48.541 49.006 49.008 49.128 49.251 49.333 49.436 49.546 49.641 49.696 49.838 49.013 46.066 45.973 45.913 46.133 46.151 45.506 45.278 44.151 44.766 44.046 43.963 43.933 43.918 43.858 43.816 43.851 43.958 43.973 43.921 43.838 43.771 43.658 43.536 43.381 43.251 43.123 42.953 42.813 42.681 42.583 42.481 42.376 42.276 42.143 42.023 41.876 41.768 41.656 41.561 41.458 41.276 41.138 40.983 40.878 40.776 40.638 40.501 40.376 40.273 40.183 40.101 39.986
49.223 49.358 49.548 49.711 49.691 49.636 50.888 51.146 49.513 49.298 49.418 49.536 49.656 49.746 49.838 49.933 50.018 50.151 50.261 46.543 45.951 45.841 45.761 45.766 45.436 44.851 44.413 44.448 45.123 44.043 43.973 43.958 43.901 43.793 43.708 43.751 43.873 43.846 43.766 43.693 43.613 43.513 43.378 43.246 43.091 42.898 42.763 42.611 42.463 42.353 42.241 42.138 42.026 41.923 41.781 41.651 41.536 41.436 41.326 41.191 41.008 40.878 40.791 40.688 40.561 40.411 40.313 40.186 40.091 40.023 39.923
49.681 49.808 50.006 50.163 50.383 50.966 52.823 51.786 49.998 49.623 49.738 49.843 49.961 50.038 50.161 50.266 50.373 50.496 50.626 49.301 45.991 45.786 45.716 46.263 45.271 44.828 44.728 44.401 45.241 44.111 44.008 43.973 43.958 43.823 43.733 43.716 43.873 43.851 43.781 43.693 43.623 43.613 43.396 43.276 43.136 42.953 42.741 42.533 42.353 42.251 42.116 41.998 41.896 41.798 41.673 41.538 41.426 41.323 41.193 41.063 40.898 40.798 40.703 40.598 40.478 40.346 40.216 40.148 40.026 39.961 39.896
50.158 50.348 50.486 50.543 50.381 50.373 52.306 52.246 50.536 49.978 50.068 50.196 50.298 50.396 50.516 50.608 50.706 50.908 51.208 50.551 46.306 45.758 45.666 45.786 45.591 45.173 45.106 44.918 44.761 44.326 44.051 43.933 43.941 43.828 43.723 43.666 43.753 43.783 43.726 43.676 43.598 43.576 43.506 43.518 43.501 43.393 42.966 42.526 42.261 42.168 42.013 41.828 41.751 41.646 41.523 41.421 41.303 41.198 41.081 40.956 40.823 40.746 40.641 40.523 40.418 40.306 40.183 40.073 39.998 39.918 39.871
50.563 50.466 50.088 49.576 48.521 49.171 51.573 52.583 51.141 50.318 50.416 50.526 50.628 50.753 50.921 51.193 51.596 52.153 52.761 52.216 47.421 45.661 45.618 46.131 46.828 46.361 47.056 46.363 44.948 44.488 44.186 43.961 43.906 43.763 43.656 43.611 43.616 43.658 43.616 43.581 43.483 43.388 43.451 43.653 43.736 43.583 43.113 42.493 42.156 42.013 41.903 41.726 41.626 41.506 41.408 41.281 41.183 41.063 40.966 40.883 40.756 40.701 40.608 40.508 40.398 40.278 40.141 40.058 40.003 39.901 39.816
49.618 49.073 47.546 46.468 45.833 47.081 50.843 52.726 51.748 50.671 50.771 50.911 51.183 51.566 52.131 52.721 53.338 53.673 53.591 53.248 50.578 45.588 45.536 45.808 46.326 46.003 45.676 45.516 44.981 44.606 44.318 44.008 43.813 43.701 43.556 43.513 43.541 43.526 43.451 43.388 43.276 43.128 43.153 43.451 43.628 43.583 42.953 42.386 42.036 41.841 41.768 41.628 41.516 41.396 41.323 41.206 41.108 40.988 40.913 40.836 40.746 40.683 40.593 40.476 40.343 40.246 40.106 40.003 39.951 39.873 39.793
46.208 45.778 45.618 45.591 45.733 46.151 49.396 52.278 52.388 51.246 51.638 52.138 52.726 53.276 53.628 53.568 53.201 52.703 52.096 51.496 50.203 45.543 45.526 45.543 45.521 45.463 45.346 45.271 45.101 44.758 44.421 44.106 43.851 43.691 43.483 43.443 43.456 43.403 43.301 43.143 43.041 42.866 42.781 42.978 44.731 44.123 42.636 42.171 41.896 41.733 41.656 41.543 41.428 41.303 41.236 41.126 41.056 40.943 40.891 40.791 40.716 40.648 40.553 40.438 40.308 40.228 40.108 40.008 39.898 39.751 39.628
45.626 45.883 45.538 45.558 45.711 45.986 47.411 51.581 52.976 52.718 53.246 53.688 53.696 53.353 52.698 52.121 51.541 50.968 50.351 49.758 47.703 45.663 45.536 45.528 45.521 45.451 45.371 45.361 45.518 44.838 44.786 44.958 44.231 43.791 43.386 43.398 43.388 43.313 43.203 43.036 42.836 42.741 43.058 42.421 43.936 44.761 42.126 41.918 41.766 41.633 41.558 41.453 41.351 41.251 41.156 41.078 40.988 40.893 40.821 40.741 40.658 40.598 40.483 40.373 40.288 40.163 40.008 39.883 39.666 39.413 39.226
45.531 45.693 45.496 45.506 45.606 45.816 47.616 50.856 52.901 53.693 53.288 52.708 52.168 51.566 50.943 50.376 49.783 48.386 46.431 45.526 45.513 45.553 45.538 45.496 45.503 45.441 45.411 46.068 45.948 45.118 45.168 46.826 45.143 43.901 43.508 43.241 43.198 43.186 43.048 42.936 42.851 42.566 43.416 42.116 42.068 42.038 41.966 41.868 41.713 42.801 41.473 41.388 41.266 41.181 41.096 41.031 40.946 40.833 40.716 40.646 40.561 40.483 40.361 40.258 40.191 40.028 39.776 39.543 39.323 39.161 39.048
45.501 45.441 45.413 45.431 45.478 45.603 46.616 49.991 52.268 52.476 51.646 50.958 50.383 49.513 47.646 46.568 45.501 45.501 45.531 45.496 45.516 45.678 45.816 45.838 46.956 47.296 46.028 45.156 44.831 44.716 45.351 46.603 44.663 43.731 43.553 42.906 42.936 42.906 42.806 42.826 42.801 42.546 42.111 41.881 41.758 41.843 41.823 41.738 41.566 41.501 41.401 41.313 41.211 41.126 41.033 40.968 40.898 40.776 40.636 40.506 40.423 40.321 40.198 40.088 39.956 39.721 39.496 39.286 39.156 39.071 39.001
45.431 45.423 45.358 45.383 45.443 45.546 45.661 48.651 51.561 52.456 50.643 48.161 46.393 45.601 45.403 45.418 45.486 45.528 45.776 46.778 48.918 50.671 49.953 46.806 47.371 48.783 46.533 44.596 44.253 43.928 43.843 44.503 43.913 43.526 43.276 42.756 42.631 42.588 42.511 42.576 42.596 42.283 41.923 41.691 41.573 41.533 41.656 41.598 41.531 41.406 41.333 41.226 41.138 41.051 40.956 40.893 40.811 40.701 40.513 40.403 40.276 40.161 40.026 39.891 39.716 39.528 39.351 39.188 39.108 39.021 38.971
45.311 45.448 45.306 45.363 45.558 45.643 45.738 45.733 49.106 48.013 45.773 45.331 45.328 45.366 45.406 45.433 46.193 47.656 49.636 51.293 53.228 53.171 51.573 46.726 45.281 46.783 46.018 44.388 43.931 43.693 43.921 43.888 44.458 43.756 43.168 42.983 42.483 42.308 42.318 42.386 42.266 41.946 41.596 41.426 41.318 41.408 41.391 41.433 41.381 41.316 41.231 41.158 41.048 40.981 40.881 40.803 40.703 40.568 40.426 40.278 40.183 40.048 39.928 39.786 39.663 39.496 39.326 39.183 39.083 39.011 38.983
45.543 45.493 45.278 45.443 45.578 45.266 45.238 45.228 45.266 45.311 45.321 45.331 45.376 45.451 45.466 47.163 49.126 50.188 50.636 51.393 52.818 53.573 52.123 47.811 45.346 44.378 44.191 43.816 43.716 43.528 44.948 45.216 43.296 43.271 43.026 42.988 42.466 42.068 42.096 42.626 41.938 41.541 41.251 41.153 41.103 41.131 41.166 41.208 41.223 41.198 41.131 41.063 40.971 40.876 40.766 40.676 40.581 40.446 40.331 40.171 40.081 39.958 39.881 39.756 39.661 39.478 39.328 39.198 39.106 39.043 38.993
45.486 45.218 45.188 45.186 45.191 45.206 45.218 45.236 45.266 45.293 45.328 45.458 45.443 45.361 45.573 46.816 49.428 50.016 50.456 51.023 52.293 53.591 52.626 51.146 44.961 44.146 43.653 44.091 43.816 43.463 48.386 46.933 44.533 44.633 43.076 43.091 42.553 41.983 41.813 42.146 41.366 41.111 41.003 40.938 40.923 40.923 40.946 40.993 41.038 41.036 41.016 40.938 40.863 40.771 40.691 40.566 40.461 40.343 40.208 40.093 39.988 39.888 39.826 39.751 39.681 39.526 39.318 39.211 39.146 39.091 39.021
45.053 45.083 45.116 45.156 45.171 45.236 45.283 45.278 45.328 45.146 45.198 45.361 45.583 45.323 45.478 45.756 48.031 49.841 50.283 50.768 51.843 53.273 53.031 51.643 48.161 44.053 43.468 44.086 43.806 43.996 44.183 45.331 45.288 47.171 43.138 42.981 42.876 41.973 41.651 41.433 41.156 40.963 40.868 40.811 40.811 40.803 40.801 40.813 40.871 40.893 40.858 40.816 40.753 40.673 40.581 40.463 40.338 40.228 40.128 40.031 39.936 39.863 39.798 39.761 39.706 39.566 39.401 39.233 39.161 39.093 39.008
45.033 45.078 45.131 45.153 45.228 45.611 45.456 44.998 44.991 44.741 44.703 45.266 48.031 45.766 45.291 45.353 45.493 49.568 50.138 50.608 51.421 52.773 53.321 52.128 49.658 44.336 43.418 45.166 44.596 45.073 45.021 43.201 45.128 43.588 43.003 42.938 42.621 42.078 41.551 41.288 41.043 40.918 40.781 40.738 40.741 40.726 40.706 40.706 40.753 40.751 40.731 40.683 40.651 40.581 40.491 40.408 40.266 40.161 40.056 39.981 39.878 39.838 39.788 39.748 39.653 39.518 39.508 39.298 39.223 39.118 39.021
45.121 45.778 45.716 45.563 45.118 44.811 44.771 44.733 44.628 44.578 44.516 46.058 48.823 45.843 45.413 45.353 45.443 48.968 49.991 50.433 51.063 52.311 53.421 52.581 49.918 44.583 43.973 45.908 46.068 45.633 44.971 43.843 43.681 43.098 43.531 43.018 42.741 42.298 41.528 41.196 40.981 40.823 40.733 40.681 40.653 40.668 40.666 40.656 40.651 40.628 40.596 40.543 40.518 40.486 40.398 40.313 40.193 40.103 40.006 39.928 39.863 39.798 39.788 39.736 39.703 39.621 39.498 39.323 39.236 39.153 39.021
45.356 45.211 44.886 44.731 44.666 44.621 44.581 44.491 44.648 44.438 44.398 44.336 45.131 46.046 45.381 45.436 45.673 48.851 49.833 50.263 50.528 51.141 51.701 51.273 49.631 44.996 46.241 46.058 45.003 45.593 46.181 44.996 44.228 43.916 43.941 43.241 42.871 42.411 41.791 41.186 40.953 40.808 40.701 40.686 40.643 40.638 40.638 40.656 40.578 40.536 40.496 40.466 40.443 40.386 40.313 40.238 40.151 40.081 40.003 39.906 39.853 39.786 39.778 39.781 39.758 39.708 39.603 39.373 39.283 39.121 39.013
44.518 44.553 44.586 44.561 44.496 44.483 44.451 44.491 44.396 44.326 44.286 44.213 44.256 46.556 45.328 44.971 47.573 49.321 49.231 49.366 48.286 49.606 51.073 51.718 49.778 45.068 44.318 43.463 43.961 44.536 45.101 45.018 45.336 45.746 44.758 43.101 42.963 42.626 41.978 41.153 40.898 40.753 40.668 40.658 40.618 40.603 40.618 40.598 40.566 40.521 40.436 40.396 40.371 40.328 40.276 40.226 40.141 40.083 40.028 39.901 39.828 39.768 39.796 39.781 39.776 39.786 39.688 39.491 39.253 39.096 39.051
44.401 44.398 44.436 44.451 44.361 44.373 44.346 44.353 44.281 44.183 44.128 44.248 44.991 45.713 45.481 47.326 48.831 49.248 47.606 47.121 47.231 48.951 49.111 48.858 46.476 45.816 44.863 44.973 43.181 43.676 44.981 45.041 44.668 46.371 45.121 43.308 42.956 42.688 42.046 41.283 40.831 40.756 40.658 40.626 40.596 40.618 40.616 40.636 40.578 40.473 40.416 40.363 40.356 40.293 40.248 40.208 40.151 40.081 39.996 39.893 39.828 39.763 39.701 39.703 39.788 39.768 39.648 39.461 39.256 39.171 39.121
44.276 44.256 44.261 44.298 44.258 44.231 44.166 44.143 43.921 44.008 44.733 45.343 46.241 44.681 47.001 49.758 50.673 49.488 47.956 46.716 45.663 45.686 45.756 45.853 45.578 44.588 44.511 43.353 43.513 43.161 43.701 44.731 43.896 43.691 43.123 42.481 42.623 42.486 42.446 41.243 40.788 40.726 40.643 40.598 40.568 40.598 40.648 40.686 40.621 40.518 40.438 40.386 40.348 40.308 40.286 40.231 40.173 40.078 39.983 39.893 39.808 39.728 39.563 39.606 39.708 39.678 39.606 39.441 39.273 39.186 39.126
44.163 44.138 44.748 44.623 44.126 44.091 44.133 44.228 44.318 44.081 44.661 43.853 43.106 43.153 45.601 49.213 50.618 50.003 48.193 44.576 43.343 43.381 44.331 43.576 43.136 43.538 44.948 44.401 46.161 44.133 43.348 43.131 43.223 42.461 43.128 43.138 42.526 42.333 42.211 41.626 40.748 40.706 40.631 40.588 40.556 40.591 40.641 40.651 40.603 40.536 40.458 40.411 40.376 40.341 40.266 40.208 40.141 40.051 39.951 39.876 39.768 39.711 39.591 39.563 39.548 39.578 39.528 39.436 39.308 39.168 39.126
44.071 45.153 47.298 45.618 45.401 44.383 44.651 44.941 43.363 43.123 43.088 43.053 43.066 43.128 44.766 48.256 50.213 50.473 48.786 44.931 43.281 43.313 44.028 44.246 43.078 43.151 45.801 51.891 51.153 45.206 42.876 42.996 42.786 43.848 42.861 43.496 42.261 42.166 42.051 41.673 40.703 40.691 40.618 40.566 40.538 40.561 40.593 40.621 40.583 40.521 40.468 40.418 40.398 40.326 40.261 40.216 40.161 40.068 39.996 39.873 39.776 39.681 39.706 39.543 39.538 39.536 39.431 39.338 39.226 39.118 39.068
43.911 43.871 45.991 44.916 45.318 43.343 43.173 43.073 43.068 43.063 43.058 43.026 43.068 43.098 43.183 46.011 49.693 50.763 49.483 47.423 43.201 43.178 43.451 43.581 43.626 43.156 45.556 53.508 53.833 48.413 42.966 43.261 42.616 43.303 42.431 42.661 42.266 42.021 41.931 41.651 40.878 40.663 40.623 40.573 40.546 40.551 40.583 40.636 40.588 40.548 40.496 40.573 40.666 40.483 40.381 40.261 40.191 40.121 40.043 39.938 39.751 39.666 39.578 39.543 39.488 39.406 39.323 39.171 39.116 39.078 39.061
43.808 43.748 43.743 43.708 43.678 43.183 43.108 43.103 43.078 43.026 43.058 43.046 43.058 43.088 43.143 43.448 49.076 50.686 49.921 46.156 43.198 43.338 44.881 47.503 45.401 45.111 43.601 47.586 48.246 44.081 44.796 43.506 42.728 42.523 42.316 45.566 42.766 41.971 41.818 41.856 41.191 40.568 40.621 40.566 40.538 40.548 40.586 40.653 40.633 40.591 40.636 40.571 40.503 40.441 40.406 40.341 40.273 40.203 40.156 40.148 39.878 39.661 39.581 39.513 39.403 39.298 39.288 39.138 39.138 39.138 39.146
43.678 43.65 43.985 44.453 43.728 43.33 43.083 43.123 43.056 43.018 43.021 43.051 43.048 43.098 43.108 43.226 46.401 45.568 43.936 43.151 43.178 43.758 48.693 49.236 46.806 44.431 46.303 45.571 44.761 43.876 44.703 44.178 43.633 42.311 42.281 43.263 42.808 41.898 41.818 41.751 41.446 40.513 40.571 40.551 40.551 40.573 40.596 40.688 40.668 40.646 40.593 40.528 40.511 40.488 40.453 40.398 40.401 40.373 40.373 40.381 40.291 39.631 39.453 39.483 39.383 39.296 39.301 39.318 39.273 39.278 39.268
