All_lidar/sz5886_DSM_2M.asc
ncols 500
nrows 500
xllcorner    458000
yllcorner    86000
cellsize     2
NODATA_value -9999
[rows 288 to 319 of 500, columns 360 to 431 of 500]
63.465 63.482 63.425 63.417 63.192 63.247 63.31 62.972 62.625 62.46 62.44 62.245 62.205 62.012 62.327 61.572 61.232 61.267 60.837 60.62 60.435 60.312 60.172 59.945 59.677 59.345 59.797 58.89 58.372 58.087 57.682 56.685 55.902 55.412 55.235 55.135 55.012 54.832 54.64 54.382 54.165 53.925 53.72 53.49 53.24 53.002 52.755 52.487 52.24 51.985 51.73 51.522 51.282 51.065 50.857 50.65 50.452 50.295 50.155 49.995 49.842 49.722 49.6 49.47 49.357 49.257 49.18 49.097 49.012 48.915 48.872 48.825
62.785 62.895 62.817 62.937 62.63 62.612 62.497 62.627 62.432 62.177 62.032 62.295 61.782 61.722 61.557 61.035 60.77 60.627 60.425 60.265 60.152 59.942 59.787 59.54 59.315 59.04 60.292 58.857 58.145 57.792 57.257 56.277 55.485 55.182 55.102 55.005 54.875 54.667 54.445 54.225 54.025 53.787 53.57 53.337 53.105 52.84 52.595 52.35 52.137 51.887 51.655 51.395 51.16 50.965 50.727 50.547 50.36 50.207 50.055 49.905 49.75 49.64 49.5 49.395 49.29 49.16 49.067 48.977 48.89 48.81 48.755 48.707
62.69 62.54 62.437 62.222 62.325 62.352 62.272 61.97 61.88 61.94 61.83 61.715 61.337 61.085 60.862 60.63 60.507 60.357 60.192 59.977 59.81 59.61 59.465 59.215 58.99 58.8 58.46 58.087 57.752 57.34 57.105 55.797 55.21 55.08 54.985 54.845 54.697 54.477 54.282 54.085 53.877 53.67 53.44 53.22 52.977 52.732 52.482 52.23 51.992 51.755 51.51 51.29 51.075 50.87 50.66 50.467 50.3 50.125 49.987 49.812 49.665 49.54 49.43 49.3 49.195 49.072 49.002 48.892 48.792 48.727 48.68 48.62
62.232 62.062 62.237 62.17 61.84 61.742 61.917 61.722 61.492 61.395 61.345 61.332 61.232 60.642 60.452 60.332 60.13 59.93 59.78 59.635 59.472 59.435 59.175 58.93 58.64 58.322 58.032 57.75 57.332 57.315 56.715 55.462 55.06 54.965 54.862 54.707 54.54 54.33 54.117 53.94 53.732 53.522 53.312 53.092 52.84 52.592 52.357 52.09 51.865 51.642 51.412 51.18 50.99 50.775 50.575 50.395 50.225 50.025 49.882 49.747 49.59 49.47 49.33 49.215 49.115 49.002 48.907 48.817 48.74 48.662 48.575 48.527
61.96 61.732 61.75 61.782 61.652 61.512 61.81 61.255 61.507 60.957 60.682 60.597 60.487 60.272 60.147 60.025 59.955 59.677 59.515 59.43 59.175 58.96 58.79 58.577 58.32 58.007 58.195 57.35 57.195 56.857 56.007 55.052 54.895 54.82 54.702 54.54 54.36 54.17 53.982 53.81 53.61 53.377 53.167 52.935 52.697 52.45 52.205 51.965 51.757 51.525 51.302 51.08 50.885 50.677 50.49 50.31 50.142 49.96 49.802 49.66 49.517 49.37 49.247 49.147 49.04 48.925 48.817 48.732 48.645 48.552 48.482 48.432
61.367 61.482 61.192 61.167 61.307 61.162 61.085 60.69 61.5 60.835 60.312 60.255 60.107 60.055 59.885 59.815 59.617 59.32 59.14 59.095 58.785 58.527 58.317 58.112 57.925 57.685 57.5 56.877 57.015 55.987 55.237 54.867 54.762 54.667 54.55 54.38 54.2 54.017 53.847 53.622 53.425 53.202 53.002 52.79 52.54 52.325 52.077 51.852 51.645 51.407 51.18 50.972 50.775 50.582 50.395 50.195 50.03 49.885 49.722 49.577 49.435 49.297 49.155 49.05 48.937 48.822 48.712 48.64 48.565 48.472 48.395 48.342
60.745 60.772 60.627 60.732 60.582 60.517 60.527 60.387 60.265 60.122 60.025 60.02 59.862 59.605 59.49 59.57 59.592 59.445 58.717 58.64 58.367 58.08 57.895 57.727 57.562 57.502 56.99 56.527 56.98 55.865 54.932 54.715 54.632 54.54 54.387 54.227 54.052 53.87 53.665 53.455 53.25 53.05 52.842 52.637 52.405 52.172 51.942 51.715 51.497 51.29 51.055 50.857 50.655 50.465 50.277 50.082 49.925 49.775 49.632 49.472 49.362 49.202 49.092 48.965 48.857 48.782 48.632 48.56 48.462 48.392 48.325 48.267
60.42 60.305 60.332 60.295 60.262 60.222 60.327 60.14 59.942 59.817 59.687 59.54 59.395 59.277 59.07 58.862 58.737 58.462 58.23 59.06 58.315 57.595 57.43 57.27 57.062 56.975 56.44 56.567 55.882 55.035 54.665 54.577 54.492 54.372 54.22 54.042 53.882 53.712 53.517 53.317 53.1 52.892 52.67 52.47 52.242 52.025 51.81 51.585 51.375 51.155 50.925 50.74 50.552 50.36 50.155 50.002 49.842 49.692 49.522 49.395 49.25 49.122 49.007 48.89 48.762 48.657 48.572 48.47 48.372 48.295 48.232 48.187
60.177 60.082 59.895 59.887 59.9 59.892 59.892 59.672 59.63 59.577 59.395 59.19 58.885 58.7 58.637 58.227 58.085 57.87 57.635 58.035 58.84 56.952 56.842 56.827 56.672 56.34 55.68 56.345 55.28 54.56 54.517 54.46 54.327 54.197 54.03 53.89 53.727 53.525 53.327 53.142 52.927 52.747 52.52 52.302 52.115 51.887 51.68 51.472 51.26 51.04 50.837 50.65 50.427 50.27 50.08 49.92 49.735 49.585 49.44 49.31 49.195 49.045 48.915 48.802 48.692 48.577 48.492 48.377 48.3 48.232 48.147 48.08
59.45 60.847 59.452 59.477 59.452 59.477 59.392 59.352 59.25 59.13 58.89 58.66 58.282 58.01 57.815 57.67 57.402 57.197 56.982 56.76 57.12 56.455 56.432 56.427 56.215 55.99 55.712 55.602 55.055 54.427 54.36 54.295 54.175 54.032 53.852 53.697 53.537 53.35 53.16 52.977 52.777 52.56 52.367 52.16 51.95 51.732 51.54 51.327 51.107 50.93 50.73 50.53 50.357 50.167 49.985 49.837 49.67 49.51 49.377 49.237 49.09 48.982 48.847 48.735 48.605 48.507 48.415 48.307 48.227 48.16 48.065 48.022
58.987 59.03 59.097 59.007 59.045 59.08 59.105 59.07 58.917 58.577 58.245 57.962 58.14 57.457 57.22 56.997 56.79 56.642 56.38 56.897 56.755 56.115 56.165 56.165 55.77 56.327 56.282 55.297 54.43 54.275 54.202 54.11 53.992 53.855 53.687 53.52 53.345 53.147 53 52.785 52.615 52.405 52.207 52.02 51.81 51.605 51.405 51.225 50.997 50.815 50.622 50.427 50.23 50.057 49.907 49.742 49.587 49.45 49.325 49.182 49.047 48.93 48.79 48.672 48.55 48.435 48.342 48.245 48.172 48.072 48.012 47.955
58.75 58.725 58.6 58.54 58.502 58.57 58.687 58.792 58.26 57.98 57.625 57.272 57.112 56.837 56.655 56.48 56.337 56.11 55.99 56.387 55.925 55.952 55.912 55.652 56.622 56.302 55.28 54.84 54.225 54.14 54.07 53.952 53.84 53.672 53.512 53.347 53.185 53 52.797 52.627 52.457 52.265 52.055 51.857 51.677 51.485 51.29 51.09 50.907 50.712 50.515 50.352 50.177 49.99 49.817 49.695 49.537 49.39 49.237 49.12 49.015 48.875 48.775 48.617 48.525 48.402 48.287 48.197 48.125 48.032 47.972 47.902
58.087 58.117 58.04 58.09 58.09 58.022 58 57.797 57.672 57.387 57.07 56.68 56.475 56.285 56.16 56.12 55.935 55.745 55.677 55.82 55.767 55.7 55.482 54.922 56.495 55.422 54.382 54.195 54.055 54.005 53.9 53.785 53.652 53.497 53.37 53.192 53.025 52.812 52.63 52.46 52.287 52.097 51.91 51.725 51.547 51.365 51.185 50.985 50.802 50.612 50.425 50.255 50.067 49.927 49.767 49.615 49.467 49.32 49.205 49.08 48.955 48.812 48.712 48.58 48.472 48.357 48.242 48.145 48.067 47.98 47.927 47.867
57.537 57.505 57.467 57.567 57.487 57.452 58.345 58.565 56.872 56.612 56.372 56.192 55.967 55.86 55.742 55.702 55.72 55.48 55.44 55.415 55.392 55.395 54.955 54.415 54.387 54.247 54 53.945 53.9 53.837 53.73 53.6 53.462 53.345 53.165 52.99 52.835 52.682 52.472 52.282 52.15 51.96 51.787 51.605 51.422 51.24 51.06 50.895 50.692 50.517 50.342 50.15 50.002 49.847 49.71 49.552 49.4 49.262 49.137 48.99 48.885 48.765 48.652 48.507 48.437 48.307 48.195 48.097 48.007 47.912 47.87 47.797
57.062 57.035 57.307 57.435 57.04 56.942 57.742 56.925 56.237 56.05 55.857 55.68 55.532 55.472 55.395 55.422 55.482 55.222 55.16 55.2 55.207 55.03 54.44 54.705 54.615 54.052 53.872 53.827 53.777 53.675 53.552 53.415 53.277 53.127 52.987 52.825 52.662 52.507 52.315 52.15 51.975 51.82 51.632 51.457 51.295 51.127 50.955 50.767 50.58 50.405 50.235 50.072 49.917 49.757 49.612 49.472 49.347 49.21 49.072 48.965 48.825 48.697 48.592 48.47 48.347 48.247 48.152 48.042 47.947 47.87 47.795 47.745
56.375 56.345 56.442 56.872 56.335 56.27 56.042 55.905 55.692 55.585 55.502 55.295 55.215 55.162 55.132 55.012 54.962 54.96 55.017 55.077 55.032 55.585 54.46 54.432 53.98 53.817 53.777 53.7 53.637 53.507 53.375 53.257 53.097 52.947 52.822 52.662 52.505 52.332 52.152 51.985 51.84 51.657 51.495 51.327 51.185 51.005 50.832 50.655 50.485 50.33 50.162 50 49.85 49.672 49.537 49.407 49.285 49.147 49.005 48.882 48.765 48.64 48.52 48.402 48.275 48.182 48.09 47.997 47.895 47.815 47.735 47.68
55.715 55.74 55.68 55.66 55.63 55.512 55.482 55.352 55.232 55.15 55.087 55.002 55.02 54.91 54.877 54.817 54.897 54.757 54.79 54.952 54.847 54.75 54.37 54.382 53.912 53.712 53.655 53.575 53.465 53.352 53.195 53.095 52.955 52.812 52.657 52.492 52.335 52.182 51.977 51.845 51.687 51.527 51.357 51.185 51.042 50.875 50.705 50.55 50.385 50.23 50.07 49.922 49.77 49.615 49.465 49.345 49.207 49.072 48.955 48.827 48.717 48.58 48.462 48.34 48.23 48.14 48.032 47.932 47.855 47.777 47.7 47.625
55.255 55.23 55.197 55.247 55.097 55.205 55.357 55.52 54.925 54.962 55.585 54.88 55.302 55.025 54.665 54.677 54.707 54.712 55.272 55.415 55.297 54.17 54.242 54.13 53.667 53.55 53.517 53.417 53.315 53.175 53.062 52.925 52.78 52.67 52.505 52.347 52.2 52.042 51.87 51.717 51.557 51.39 51.215 51.062 50.942 50.785 50.62 50.477 50.3 50.15 49.992 49.85 49.707 49.542 49.417 49.29 49.147 49.015 48.907 48.767 48.65 48.547 48.417 48.282 48.167 48.087 47.98 47.89 47.82 47.722 47.647 47.582
55.095 55.02 54.975 55.46 55.02 55.352 54.932 54.892 54.9 54.86 54.915 54.75 54.735 54.727 54.675 54.915 54.725 54.632 54.957 54.582 54.31 54.155 53.972 53.737 53.482 53.42 53.37 53.265 53.127 53.012 52.917 52.772 52.65 52.517 52.375 52.205 52.082 51.905 51.747 51.6 51.437 51.29 51.132 50.977 50.835 50.71 50.537 50.39 50.235 50.077 49.947 49.797 49.657 49.497 49.365 49.232 49.112 48.967 48.862 48.735 48.595 48.485 48.375 48.235 48.12 48.042 47.927 47.86 47.767 47.675 47.597 47.547
55.095 55.142 55.415 55.405 55.287 55.082 55 55.582 56.502 55.842 54.972 54.415 54.795 55.282 57.302 57.995 54.875 54.227 53.892 53.947 54.187 54.415 54.24 53.615 53.34 53.27 53.212 53.097 52.972 52.842 52.75 52.64 52.512 52.367 52.217 52.09 51.93 51.772 51.61 51.46 51.335 51.175 51.042 50.895 50.75 50.627 50.477 50.312 50.167 50.047 49.887 49.75 49.607 49.462 49.32 49.2 49.067 48.947 48.817 48.682 48.582 48.437 48.33 48.205 48.09 47.985 47.887 47.812 47.732 47.657 47.595 47.5
54.457 55.142 54.632 54.9 54.537 54.36 54.617 57.042 55.727 54.71 56.412 56.567 56.227 54.75 54.927 54.917 53.59 53.542 53.635 53.82 54.087 55.242 54.765 53.445 53.2 53.155 53.097 52.98 52.84 52.7 52.612 52.5 52.365 52.225 52.075 51.92 51.787 51.63 51.497 51.345 51.212 51.062 50.932 50.802 50.652 50.537 50.412 50.267 50.105 49.967 49.815 49.702 49.545 49.415 49.28 49.14 49.017 48.905 48.775 48.657 48.53 48.407 48.3 48.162 48.07 47.97 47.872 47.767 47.69 47.64 47.562 47.477
53.695 53.677 53.672 53.66 53.635 53.75 53.92 53.64 53.512 53.83 53.707 53.552 53.44 53.402 53.362 53.38 53.407 53.472 53.51 53.7 54.68 54.885 54.74 53.412 53.075 53.022 52.95 52.832 52.705 52.6 52.485 52.342 52.21 52.09 51.952 51.795 51.66 51.505 51.365 51.217 51.095 50.972 50.82 50.705 50.577 50.437 50.33 50.19 50.052 49.905 49.765 49.64 49.507 49.372 49.24 49.115 48.972 48.86 48.722 48.63 48.5 48.375 48.272 48.147 48.02 47.925 47.84 47.757 47.662 47.592 47.527 47.44
53.625 53.605 53.582 53.547 53.53 53.525 53.477 53.46 53.427 53.415 53.39 53.35 53.332 53.305 53.292 53.307 53.34 53.365 53.337 53.317 53.67 54.452 54.465 53.285 52.947 52.9 52.82 52.685 52.59 52.467 52.35 52.212 52.085 51.967 51.845 51.682 51.552 51.4 51.275 51.12 50.985 50.855 50.737 50.627 50.502 50.37 50.255 50.122 49.987 49.86 49.722 49.582 49.47 49.32 49.197 49.077 48.955 48.832 48.71 48.587 48.467 48.345 48.245 48.125 48.01 47.93 47.832 47.735 47.622 47.56 47.485 47.402
53.545 53.512 53.5 53.497 53.467 53.452 53.42 53.41 53.38 53.305 53.28 53.277 53.305 53.282 53.267 53.257 53.232 53.195 53.177 53.19 53.285 53.975 55.257 53.467 52.807 52.785 52.717 52.585 52.457 52.34 52.237 52.142 51.985 51.86 51.715 51.575 51.427 51.307 51.175 51.02 50.887 50.79 50.67 50.54 50.44 50.287 50.18 50.047 49.955 49.802 49.665 49.545 49.415 49.31 49.18 49.04 48.917 48.805 48.687 48.56 48.452 48.332 48.205 48.075 47.982 47.877 47.785 47.702 47.61 47.522 47.46 47.367
53.415 53.407 53.395 53.402 53.375 53.377 53.342 53.327 53.275 53.227 53.195 53.197 53.232 53.202 53.197 53.152 53.122 53.077 53.06 53.067 53.157 53.932 54.915 52.89 52.672 52.685 52.587 52.46 52.337 52.242 52.12 52.025 51.905 51.76 51.637 51.487 51.352 51.21 51.092 50.957 50.832 50.715 50.57 50.465 50.352 50.245 50.14 50.002 49.892 49.757 49.632 49.512 49.377 49.265 49.145 49.017 48.892 48.78 48.68 48.55 48.41 48.302 48.187 48.07 47.957 47.857 47.77 47.672 47.597 47.515 47.39 47.31
53.285 53.292 53.285 53.295 53.277 53.245 53.232 53.195 53.157 53.105 53.09 53.107 53.142 53.095 53.107 53.065 53.017 52.975 52.957 52.97 53.047 53.73 54.177 52.562 52.575 52.555 52.46 52.347 52.217 52.105 52.015 51.91 51.817 51.695 51.545 51.402 51.25 51.12 50.982 50.87 50.757 50.635 50.51 50.397 50.29 50.195 50.065 49.94 49.835 49.705 49.557 49.442 49.347 49.207 49.077 48.965 48.845 48.732 48.63 48.512 48.38 48.267 48.155 48.047 47.917 47.817 47.727 47.625 47.522 47.42 47.325 47.242
53.147 53.165 53.172 53.19 53.18 53.137 53.122 53.085 53.045 53.007 53.002 53.025 53.03 53.037 53.012 52.95 52.91 52.902 52.89 52.88 53.115 54.03 53.435 52.422 52.447 52.395 52.295 52.182 52.07 51.957 51.857 51.77 51.675 51.557 51.405 51.275 51.135 51.017 50.9 50.75 50.65 50.53 50.41 50.305 50.205 50.105 49.985 49.862 49.757 49.605 49.5 49.375 49.275 49.137 49.027 48.902 48.787 48.662 48.545 48.437 48.332 48.222 48.107 47.965 47.862 47.752 47.635 47.565 47.462 47.377 47.267 47.175
53.047 53.075 53.087 53.092 53.07 53.047 53.037 53.005 52.925 52.93 52.93 52.955 52.955 52.962 52.932 52.867 52.82 52.82 52.812 52.847 53.087 53.835 52.577 52.307 52.322 52.242 52.157 52.06 51.947 51.83 51.725 51.645 51.542 51.405 51.272 51.152 50.997 50.872 50.757 50.652 50.54 50.42 50.287 50.192 50.072 49.985 49.88 49.777 49.67 49.542 49.422 49.305 49.18 49.057 48.957 48.835 48.72 48.605 48.472 48.375 48.262 48.142 48.03 47.91 47.782 47.675 47.58 47.477 47.382 47.295 47.185 47.075
52.957 52.995 53.017 53 52.997 52.972 52.947 52.905 52.837 52.845 52.87 52.877 52.887 52.867 52.85 52.79 52.755 52.755 52.755 52.805 53.985 53.52 52.235 52.227 52.18 52.1 52.025 51.902 51.805 51.67 51.6 51.495 51.41 51.265 51.13 51.027 50.895 50.782 50.645 50.537 50.432 50.31 50.202 50.092 49.965 49.875 49.772 49.685 49.557 49.427 49.327 49.212 49.11 48.982 48.867 48.745 48.625 48.517 48.39 48.275 48.177 48.08 47.96 47.83 47.702 47.59 47.492 47.38 47.287 47.17 47.1 46.955
52.882 52.905 52.932 52.922 52.92 52.877 52.877 52.847 52.792 52.772 52.83 52.812 52.82 52.787 52.77 52.725 52.68 52.69 52.7 53.002 54.262 52.732 52.157 52.15 52.06 51.99 51.905 51.81 51.667 51.572 51.492 51.385 51.29 51.167 51.05 50.935 50.772 50.665 50.552 50.45 50.342 50.21 50.092 50.005 49.89 49.767 49.67 49.57 49.452 49.357 49.245 49.125 49.005 48.877 48.777 48.667 48.547 48.437 48.305 48.205 48.09 47.975 47.862 47.75 47.652 47.535 47.405 47.287 47.17 47.067 46.965 46.815
52.797 52.81 52.845 52.825 52.845 52.822 52.795 52.752 52.705 52.705 52.727 52.752 52.74 52.735 52.68 52.657 52.632 52.635 52.672 53.405 53.802 52.055 52.077 52.022 51.935 51.88 51.807 51.697 51.582 51.49 51.39 51.295 51.177 51.065 50.955 50.82 50.707 50.567 50.455 50.35 50.225 50.125 50.012 49.897 49.812 49.695 49.577 49.487 49.385 49.27 49.157 49.027 48.915 48.81 48.717 48.57 48.465 48.357 48.22 48.117 48.015 47.895 47.762 47.665 47.532 47.44 47.295 47.195 47.077 46.94 46.822 46.665
52.707 52.735 52.735 52.737 52.745 52.717 52.695 52.645 52.622 52.665 52.66 52.687 52.66 52.652 52.602 52.585 52.572 52.575 52.73 53.69 52.842 52.007 51.982 51.902 51.827 51.752 51.69 51.58 51.462 51.39 51.275 51.145 51.057 50.957 50.835 50.725 50.59 50.465 50.35 50.255 50.145 50.032 49.922 49.805 49.705 49.617 49.497 49.402 49.295 49.167 49.07 48.957 48.847 48.707 48.62 48.505 48.387 48.252 48.142 48 47.92 47.8 47.667 47.555 47.46 47.307 47.197 47.092 46.955 46.825 46.702 46.555
