All_lidar/sz5887_DSM_2M.asc
ncols 500
nrows 500
xllcorner    458000
yllcorner    87000
cellsize     2
NODATA_value -9999
[rows 310 to 340 of 500, columns 420 to 489 of 500]
76.033 75.726 75.386 75.048 74.751 74.463 74.203 73.931 73.703 73.491 73.263 73.041 72.863 72.736 72.598 72.441 72.263 72.178 72.098 71.991 71.903 71.838 71.801 71.778 71.756 71.751 71.678 71.646 71.616 71.628 71.638 71.681 71.741 71.758 71.781 71.713 71.656 71.338 71.351 71.323 71.356 71.536 71.941 72.558 72.813 73.001 73.253 73.426 73.623 73.788 74.056 74.331 74.573 74.831 75.008 75.768 76.418 75.048 74.911 74.826 74.863 75.656 75.613 75.961 75.726 76.053 76.528 76.438 76.023 75.506
76.066 75.738 75.383 75.078 74.798 74.473 74.216 74.011 73.738 73.521 73.336 73.088 72.933 72.773 72.643 72.516 72.376 72.276 72.176 72.096 72.021 71.973 71.961 71.888 71.848 71.826 71.813 71.806 71.756 71.773 71.791 71.863 71.898 71.958 71.941 71.916 71.856 71.598 71.576 71.543 71.703 72.046 72.488 72.988 73.236 73.501 73.741 73.906 74.131 74.361 74.683 74.991 75.268 75.536 75.706 75.843 75.981 75.896 75.876 75.988 76.708 77.221 76.203 75.213 75.048 75.738 76.521 77.051 76.866 77.533
76.078 75.743 75.413 75.081 74.778 74.506 74.271 74.008 73.813 73.586 73.396 73.188 73.028 72.861 72.703 72.593 72.471 72.413 72.313 72.183 72.123 72.081 72.081 72.036 71.991 71.958 71.933 71.916 71.901 71.928 71.971 72.038 72.078 72.128 72.113 72.161 72.001 71.821 71.768 71.836 72.116 72.566 73.053 73.433 73.673 73.931 74.153 74.381 74.621 74.896 75.273 75.618 75.908 76.148 76.398 76.568 76.671 76.711 76.651 76.533 76.483 76.753 76.421 75.943 75.771 75.691 75.511 75.451 76.111 77.063
76.061 75.748 75.426 75.093 74.826 74.526 74.326 74.086 73.846 73.641 73.476 73.278 73.088 72.933 72.791 72.661 72.583 72.476 72.418 72.348 72.253 72.248 72.248 72.221 72.138 72.093 72.093 72.068 72.043 72.086 72.181 72.221 72.283 72.306 72.323 72.363 72.148 71.976 71.938 72.231 72.541 72.991 73.531 73.838 74.106 74.366 74.611 74.861 75.111 75.426 75.831 76.181 76.458 76.723 76.966 77.161 77.331 77.461 77.493 77.441 77.288 77.143 77.006 76.851 76.733 76.571 76.383 76.341 77.116 77.533
76.096 75.756 75.426 75.138 74.841 74.568 74.361 74.116 73.928 73.696 73.526 73.328 73.196 73.041 72.881 72.781 72.683 72.601 72.511 72.458 72.391 72.398 72.361 72.318 72.266 72.258 72.218 72.211 72.223 72.268 72.333 72.406 72.458 72.498 72.531 72.568 72.318 72.168 72.278 72.641 73.051 73.458 73.876 74.221 74.496 74.796 75.058 75.338 75.658 76.033 76.398 76.688 76.936 77.196 77.443 77.688 77.918 78.078 78.198 78.208 78.168 78.073 77.883 77.723 77.546 77.351 77.166 76.941 77.091 76.931
76.093 75.748 75.431 75.121 74.868 74.616 74.373 74.153 73.956 73.758 73.608 73.416 73.276 73.096 73.003 72.888 72.783 72.718 72.621 72.541 72.538 72.531 72.538 72.446 72.431 72.406 72.393 72.386 72.398 72.458 72.523 72.593 72.673 72.686 72.751 72.691 72.471 72.388 72.701 73.203 73.543 73.958 74.338 74.608 74.951 75.253 75.561 75.826 76.193 76.603 76.936 77.216 77.466 77.706 77.933 78.181 78.406 78.613 78.743 78.811 78.821 78.751 78.631 78.506 78.388 78.206 77.953 77.718 77.496 77.323
76.068 75.763 75.451 75.158 74.868 74.626 74.383 74.178 73.993 73.818 73.663 73.473 73.368 73.183 73.091 73.016 72.918 72.836 72.761 72.691 72.643 72.658 72.666 72.628 72.593 72.563 72.573 72.543 72.583 72.658 72.718 72.796 72.836 72.878 73.038 72.826 72.671 72.753 73.226 73.771 74.073 74.456 74.811 75.108 75.386 75.713 75.986 76.301 76.741 77.166 77.476 77.741 78.011 78.243 78.498 78.756 78.956 79.121 79.236 79.301 79.338 79.316 79.231 79.201 79.183 79.046 78.831 78.591 78.321 78.058
76.058 75.713 75.436 75.161 74.886 74.646 74.416 74.223 74.053 73.863 73.698 73.558 73.441 73.291 73.196 73.098 73.001 72.941 72.876 72.833 72.826 72.818 72.761 72.736 72.741 72.721 72.691 72.736 72.771 72.861 72.908 73.011 73.026 73.108 73.238 72.973 72.896 73.208 73.851 74.288 74.543 74.926 75.301 75.601 75.891 76.153 76.471 76.846 77.328 77.678 77.968 78.266 78.496 78.763 79.041 79.331 79.518 79.658 79.761 79.823 79.866 79.858 79.811 79.803 79.778 79.691 79.608 79.771 79.418 78.886
76.051 75.733 75.406 75.141 74.868 74.673 74.451 74.233 74.046 73.908 73.761 73.616 73.503 73.436 73.281 73.216 73.143 73.043 72.993 73.003 72.968 72.991 72.936 72.888 72.881 72.876 72.871 72.878 72.976 73.036 73.083 73.178 73.203 73.418 73.371 73.156 73.208 73.803 74.426 74.808 75.098 75.446 75.806 76.093 76.383 76.653 76.941 77.376 77.846 78.178 78.496 78.746 79.003 79.298 79.598 79.831 79.998 80.141 80.266 80.361 80.396 80.416 80.406 80.398 80.361 80.286 80.193 80.426 80.181 79.703
76.043 75.691 75.413 75.133 74.863 74.658 74.493 74.283 74.136 73.941 73.813 73.703 73.578 73.496 73.398 73.306 73.258 73.193 73.148 73.151 73.098 73.091 73.063 73.058 73.028 73.008 73.011 73.058 73.158 73.228 73.313 73.366 73.433 73.723 73.446 73.343 73.621 74.431 74.923 75.286 75.638 75.963 76.313 76.603 76.903 77.181 77.531 77.866 78.278 78.653 78.956 79.258 79.548 79.861 80.143 80.313 80.491 80.628 80.733 80.838 80.896 80.936 80.961 80.988 80.921 80.848 80.761 80.693 80.556 80.411
76.048 75.726 75.408 75.163 74.921 74.688 74.496 74.341 74.203 74.031 73.893 73.761 73.653 73.566 73.513 73.431 73.361 73.293 73.291 73.283 73.236 73.211 73.198 73.201 73.196 73.173 73.168 73.261 73.343 73.441 73.508 73.548 73.738 73.921 73.651 73.626 74.158 74.978 75.398 75.801 76.136 76.468 76.818 77.111 77.406 77.788 78.223 78.541 78.781 79.066 79.411 79.763 80.086 80.421 80.678 80.813 80.978 81.068 81.163 81.253 81.311 81.376 81.463 81.506 81.461 81.403 81.306 81.231 81.156 81.046
76.056 75.713 75.408 75.173 74.933 74.751 74.523 74.338 74.226 74.123 73.961 73.846 73.761 73.671 73.608 73.526 73.451 73.426 73.421 73.443 73.406 73.361 73.351 73.338 73.338 73.316 73.386 73.456 73.543 73.626 73.693 73.733 74.151 73.996 73.831 73.991 74.876 75.501 75.873 76.301 76.631 76.993 77.338 77.633 77.958 78.401 78.926 79.256 79.471 79.711 79.971 80.308 80.651 80.941 81.118 81.281 81.426 81.526 81.636 81.701 81.778 81.846 81.941 81.996 81.953 81.893 81.846 81.763 81.698 81.638
76.058 75.748 75.451 75.196 74.948 74.783 74.578 74.393 74.261 74.136 74.003 73.928 73.863 73.766 73.693 73.631 73.586 73.573 73.546 73.548 73.561 73.531 73.501 73.488 73.486 73.486 73.576 73.671 73.728 73.838 73.856 74.076 74.441 74.163 74.048 74.581 75.536 75.976 76.351 76.803 77.163 77.501 77.856 78.156 78.503 79.043 79.483 79.833 80.078 80.358 80.613 80.891 81.213 81.418 81.548 81.681 81.808 81.921 82.043 82.148 82.258 82.351 82.476 82.496 82.456 82.398 82.361 82.306 82.231 82.193
76.066 75.771 75.461 75.236 74.998 74.808 74.643 74.491 74.318 74.191 74.078 73.996 73.926 73.861 73.811 73.738 73.651 73.688 73.688 73.678 73.696 73.668 73.661 73.666 73.658 73.688 73.761 73.858 73.916 74.001 74.023 74.541 74.603 74.338 74.373 75.273 76.036 76.441 76.851 77.293 77.671 77.996 78.358 78.653 79.108 79.638 80.021 80.316 80.616 80.923 81.251 81.518 81.723 81.841 81.976 82.136 82.258 82.361 82.471 82.573 82.668 82.821 82.943 82.991 82.996 82.971 82.903 82.816 82.738 82.698
76.073 75.763 75.506 75.253 75.038 74.826 74.673 74.528 74.416 74.278 74.183 74.091 73.983 73.941 73.893 73.826 73.821 73.838 73.841 73.833 73.863 73.811 73.801 73.806 73.813 73.893 73.961 74.023 74.116 74.141 74.296 74.841 74.673 74.546 74.916 75.903 76.528 76.888 77.336 77.756 78.138 78.461 78.806 79.158 79.698 80.181 80.506 80.813 81.131 81.463 81.821 82.071 82.163 82.258 82.418 82.576 82.688 82.798 82.943 83.026 83.148 83.266 83.373 83.421 83.463 83.516 83.463 83.363 83.281 83.198
76.091 75.786 75.518 75.278 75.116 74.913 74.751 74.596 74.461 74.358 74.253 74.166 74.088 74.028 73.998 73.958 73.958 73.951 73.948 73.941 73.946 73.968 73.946 73.938 73.996 74.051 74.116 74.176 74.273 74.316 74.713 75.071 74.843 74.861 75.503 76.471 76.936 77.358 77.758 78.206 78.591 78.948 79.266 79.668 80.236 80.658 80.961 81.276 81.628 81.973 82.331 82.461 82.576 82.711 82.858 83.006 83.126 83.273 83.393 83.516 83.668 83.776 83.838 83.871 83.926 83.951 83.921 83.846 83.783 83.736
76.111 75.816 75.558 75.301 75.118 74.968 74.808 74.651 74.528 74.406 74.328 74.246 74.196 74.146 74.121 74.041 74.048 74.081 74.051 74.056 74.078 74.111 74.121 74.093 74.173 74.233 74.286 74.368 74.443 74.551 75.178 75.216 75.018 75.223 76.193 76.971 77.348 77.808 78.193 78.641 79.043 79.401 79.713 80.183 80.721 81.103 81.396 81.766 82.153 82.531 82.728 82.826 82.963 83.148 83.313 83.463 83.618 83.743 83.868 83.993 84.128 84.251 84.306 84.336 84.381 84.383 84.341 84.291 84.306 84.286
76.161 75.891 75.623 75.381 75.171 75.018 74.866 74.758 74.621 74.496 74.426 74.351 74.283 74.278 74.191 74.191 74.186 74.221 74.216 74.206 74.203 74.223 74.238 74.266 74.348 74.413 74.488 74.558 74.603 74.951 75.548 75.306 75.191 75.673 76.786 77.336 77.766 78.241 78.626 79.088 79.471 79.818 80.136 80.656 81.198 81.518 81.853 82.253 82.671 82.951 83.063 83.211 83.413 83.573 83.743 83.926 84.106 84.223 84.376 84.508 84.623 84.713 84.773 84.843 84.921 84.943 84.938 84.936 84.861 84.778
76.173 75.923 75.671 75.458 75.258 75.081 74.913 74.808 74.728 74.636 74.523 74.451 74.386 74.346 74.323 74.333 74.303 74.306 74.296 74.338 74.331 74.376 74.396 74.418 74.536 74.598 74.661 74.718 74.793 75.443 75.916 75.453 75.446 76.236 77.236 77.723 78.143 78.648 79.046 79.481 79.898 80.213 80.563 81.093 81.598 81.943 82.293 82.708 83.096 83.306 83.438 83.638 83.866 84.018 84.201 84.368 84.538 84.716 84.898 85.078 85.226 85.316 85.406 85.391 85.401 85.356 85.316 85.238 85.113 85.053
76.238 75.966 75.721 75.523 75.351 75.178 75.018 74.883 74.786 74.693 74.631 74.591 74.508 74.453 74.421 74.431 74.426 74.421 74.433 74.456 74.458 74.486 74.538 74.593 74.686 74.758 74.828 74.883 75.093 76.081 76.091 75.643 75.876 76.841 77.668 78.106 78.588 79.006 79.438 79.861 80.261 80.578 80.991 81.563 81.993 82.341 82.753 83.156 83.458 83.648 83.838 84.063 84.278 84.458 84.651 84.888 85.088 85.311 85.518 85.668 85.706 85.718 85.688 85.626 85.573 85.523 85.486 85.448 85.428 85.393
76.281 76.006 75.813 75.588 75.423 75.258 75.143 75.016 74.903 74.806 74.736 74.676 74.631 74.583 74.541 74.551 74.561 74.571 74.578 74.566 74.608 74.626 74.666 74.748 74.851 74.928 75.023 75.078 75.563 76.618 76.003 75.843 76.416 77.506 78.036 78.486 78.978 79.398 79.851 80.243 80.618 80.951 81.401 81.981 82.398 82.776 83.226 83.596 83.801 84.008 84.231 84.478 84.671 84.961 85.246 85.493 85.698 85.811 85.871 85.903 85.888 85.866 85.861 85.916 85.958 86.021 86.063 86.118 86.141 86.101
76.318 76.056 75.856 75.683 75.503 75.333 75.203 75.098 74.993 74.916 74.838 74.776 74.738 74.706 74.708 74.656 74.671 74.703 74.708 74.736 74.756 74.776 74.816 74.936 75.018 75.113 75.171 75.296 76.126 76.533 76.098 76.136 76.948 77.933 78.396 78.896 79.341 79.783 80.198 80.606 80.931 81.286 81.858 82.368 82.768 83.206 83.661 83.966 84.126 84.368 84.611 84.881 85.208 85.536 85.758 85.881 85.978 86.006 86.011 86.098 86.226 86.381 86.488 86.561 86.578 86.646 86.708 86.716 86.711 86.663
76.413 76.128 75.911 75.768 75.566 75.431 75.303 75.186 75.093 75.028 74.961 74.893 74.886 74.828 74.818 74.806 74.836 74.833 74.848 74.853 74.888 74.946 75.018 75.106 75.206 75.296 75.351 75.698 76.491 76.413 76.258 76.486 77.621 78.303 78.753 79.266 79.733 80.151 80.553 80.938 81.246 81.661 82.256 82.756 83.181 83.631 84.028 84.248 84.466 84.741 85.058 85.443 85.703 85.908 85.976 86.028 86.133 86.308 86.508 86.718 86.853 86.951 86.998 87.018 87.096 87.198 87.223 87.233 87.246 87.223
76.456 76.246 76.028 75.838 75.663 75.533 75.391 75.266 75.183 75.106 75.081 75.021 74.981 74.968 74.946 74.938 74.936 74.986 74.991 75.018 75.026 75.091 75.198 75.286 75.361 75.453 75.536 76.118 76.916 76.643 76.453 76.946 78.108 78.691 79.138 79.633 80.096 80.526 80.908 81.253 81.608 82.076 82.696 83.141 83.583 84.051 84.353 84.551 84.806 85.196 85.593 85.853 85.961 86.041 86.151 86.408 86.691 86.963 87.113 87.278 87.358 87.436 87.448 87.478 87.583 87.663 87.738 87.751 87.746 87.698
76.511 76.278 76.088 75.931 75.798 75.631 75.486 75.381 75.286 75.201 75.181 75.141 75.103 75.108 75.111 75.083 75.096 75.101 75.118 75.173 75.191 75.238 75.356 75.453 75.543 75.641 75.743 76.503 77.333 76.648 76.688 77.578 78.508 79.033 79.503 79.956 80.438 80.863 81.233 81.553 81.901 82.488 83.098 83.546 83.973 84.408 84.611 84.901 85.293 85.681 85.881 86.001 86.088 86.318 86.701 87.018 87.286 87.466 87.586 87.723 87.816 87.878 87.913 87.993 88.088 88.136 88.186 88.213 88.231 88.243
76.591 76.383 76.148 75.983 75.851 75.703 75.598 75.501 75.413 75.316 75.298 75.261 75.228 75.213 75.228 75.248 75.226 75.241 75.251 75.311 75.328 75.433 75.543 75.606 75.716 75.788 76.066 76.838 77.361 76.771 77.021 78.188 78.868 79.361 79.853 80.313 80.778 81.163 81.541 81.866 82.251 82.898 83.468 83.898 84.341 84.691 84.951 85.373 85.696 85.886 85.998 86.173 86.533 86.933 87.278 87.556 87.751 87.851 88.001 88.151 88.226 88.308 88.383 88.488 88.606 88.636 88.683 88.668 88.693 88.723
76.686 76.473 76.283 76.093 75.938 75.796 75.688 75.611 75.516 75.441 75.413 75.378 75.376 75.368 75.353 75.371 75.376 75.388 75.431 75.448 75.491 75.611 75.718 75.786 75.883 75.938 76.498 77.573 77.161 76.973 77.478 78.723 79.251 79.708 80.196 80.661 81.103 81.486 81.863 82.171 82.636 83.288 83.836 84.286 84.691 84.983 85.383 85.736 85.883 85.981 86.263 86.711 87.121 87.458 87.743 88.006 88.166 88.266 88.418 88.571 88.643 88.731 88.858 88.993 89.081 89.138 89.173 89.186 89.208 89.206
76.801 76.568 76.391 76.218 76.016 75.896 75.786 75.711 75.651 75.568 75.516 75.498 75.501 75.498 75.476 75.493 75.506 75.513 75.581 75.611 75.661 75.778 75.861 75.963 76.033 76.133 77.006 78.013 77.188 77.206 78.121 79.078 79.538 80.041 80.523 80.956 81.401 81.786 82.143 82.481 83.008 83.668 84.161 84.643 84.988 85.381 85.738 85.908 86.016 86.343 86.841 87.243 87.571 87.876 88.163 88.398 88.533 88.696 88.866 88.998 89.048 89.173 89.321 89.468 89.553 89.601 89.653 89.693 89.733 89.706
76.898 76.708 76.496 76.293 76.158 76.006 75.911 75.821 75.736 75.693 75.631 75.613 75.596 75.631 75.618 75.623 75.641 75.688 75.721 75.751 75.858 75.953 76.058 76.136 76.206 76.508 77.226 77.671 77.341 77.553 78.738 79.376 79.866 80.343 80.838 81.268 81.686 82.071 82.411 82.776 83.416 84.031 84.518 84.961 85.346 85.738 85.916 86.016 86.346 86.873 87.286 87.618 87.943 88.273 88.561 88.743 88.921 89.123 89.283 89.411 89.498 89.641 89.781 89.926 90.006 90.053 90.101 90.201 90.206 90.203
77.001 76.788 76.616 76.433 76.281 76.136 76.056 75.946 75.861 75.801 75.776 75.766 75.751 75.736 75.761 75.758 75.798 75.826 75.853 75.898 76.031 76.113 76.218 76.308 76.388 76.921 77.496 77.563 77.536 77.983 79.186 79.698 80.161 80.636 81.106 81.531 81.953 82.326 82.668 83.116 83.838 84.406 84.863 85.293 85.718 85.926 86.001 86.326 86.883 87.316 87.668 88.006 88.321 88.663 88.901 89.098 89.323 89.486 89.673 89.813 89.953 90.111 90.271 90.381 90.438 90.501 90.591 90.633 90.653 90.678
77.126 76.891 76.726 76.541 76.406 76.273 76.168 76.081 76.001 75.936 75.898 75.876 75.871 75.866 75.893 75.896 75.943 75.976 75.993 76.088 76.198 76.276 76.388 76.483 76.653 77.306 77.658 77.686 77.738 78.531 79.543 79.978 80.468 80.926 81.371 81.798 82.211 82.573 82.926 83.483 84.208 84.706 85.166 85.643 85.891 86.011 86.226 86.808 87.298 87.688 88.036 88.378 88.743 89.011 89.248 89.456 89.701 89.878 90.036 90.198 90.416 90.606 90.731 90.831 90.913 90.973 91.036 91.063 91.086 91.118
