All_lidar/sz5892_DSM_2M.asc
ncols 500
nrows 500
xllcorner    458000
yllcorner    92000
cellsize     2
NODATA_value -9999
[rows 352 to 383 of 500, columns 71 to 141 of 500]
35.557 35.457 35.389 35.409 35.664 35.087 35.962 35.282 35.274 36.124 37.032 37.147 36.124 35.752 35.804 35.792 35.772 36.374 36.307 35.547 35.532 35.557 35.829 35.477 35.499 35.582 35.602 35.627 35.572 35.479 35.512 38.999 42.089 41.032 35.557 35.669 36.684 36.487 34.829 34.867 35.884 34.929 35.442 36.262 35.092 34.484 36.304 36.932 36.732 36.564 35.147 35.194 36.179 37.102 37.847 38.474 38.947 39.772 35.014 34.979 35.072 35.172 35.334 35.519 36.107 39.347 39.884 38.874 36.927 36.632 36.857
35.892 35.342 35.409 36.012 35.969 35.069 35.677 36.537 36.179 36.212 36.944 37.142 36.204 35.982 35.897 36.374 36.089 35.737 36.307 36.147 35.627 35.697 35.679 36.069 35.687 35.652 35.692 35.707 35.619 35.592 36.984 40.984 42.624 42.407 38.949 36.114 36.307 35.697 35.244 34.717 35.042 35.752 35.422 35.364 36.467 35.537 36.074 36.684 36.077 34.647 34.879 36.494 37.369 37.849 38.442 41.027 39.557 37.442 36.292 35.619 34.984 35.079 36.484 35.837 35.797 37.929 38.697 37.442 36.422 36.594 36.897
36.234 35.542 35.854 37.677 36.402 35.674 36.832 36.424 36.412 35.509 36.682 36.259 38.974 39.382 38.784 37.849 38.702 40.307 38.404 36.307 36.204 35.769 35.829 36.259 35.767 35.739 35.747 35.782 35.932 36.082 36.059 39.829 41.897 42.784 42.089 37.814 35.569 35.462 36.792 35.682 36.099 35.282 34.904 37.549 38.632 36.869 36.099 35.399 34.307 34.249 35.567 37.829 35.947 35.722 37.419 37.779 41.637 37.917 34.852 34.952 35.037 36.272 35.102 35.257 35.394 35.547 36.804 36.892 36.217 36.572 36.909
36.144 35.357 35.284 36.927 36.282 35.639 35.884 36.659 35.664 35.362 36.099 36.662 39.387 39.504 37.599 37.832 41.137 41.952 42.462 38.254 36.694 35.892 35.932 35.839 35.809 35.819 35.807 35.909 36.167 37.014 36.037 36.209 40.722 42.279 42.754 41.504 36.432 35.737 36.849 35.994 35.494 35.597 37.337 36.549 37.934 37.007 34.894 34.409 34.469 36.204 37.677 36.559 35.212 35.239 38.967 39.974 43.114 42.614 38.024 34.862 34.919 37.362 35.004 35.142 35.284 35.532 37.254 35.842 36.127 36.539 36.874
36.162 35.334 35.292 37.007 36.182 35.617 35.849 36.807 35.757 35.477 35.777 37.089 38.077 38.359 38.837 39.874 42.082 42.554 41.974 40.909 35.959 35.987 36.027 35.974 35.897 35.929 35.919 36.022 36.072 36.434 36.839 36.912 40.397 42.024 43.049 42.597 40.639 37.637 35.792 35.229 35.004 36.292 37.434 36.694 35.457 34.684 34.447 34.437 35.764 37.432 37.257 37.357 36.087 36.652 37.742 35.587 39.714 41.452 37.357 37.392 35.112 34.857 34.899 35.402 36.197 35.344 36.797 35.752 36.062 36.967 38.834
36.772 35.362 35.694 37.819 35.884 35.932 38.334 37.354 36.109 35.542 35.614 36.112 36.982 38.757 41.132 42.147 42.589 41.877 39.994 37.714 35.999 36.392 36.122 36.102 36.052 36.039 36.024 36.104 36.204 36.219 36.507 36.284 37.114 39.822 42.402 43.457 42.367 39.424 35.569 35.477 35.497 36.249 37.067 35.632 34.614 34.622 35.457 36.807 37.014 36.627 37.204 37.324 36.589 35.057 35.544 37.574 37.927 36.752 36.249 40.697 36.159 35.189 34.892 35.019 35.424 35.257 35.429 35.664 36.644 38.394 39.264
40.927 39.372 39.117 37.814 35.622 35.584 36.684 36.659 37.822 39.197 37.922 38.334 37.242 37.987 41.554 42.537 41.729 39.682 36.719 36.164 36.177 36.237 36.267 36.237 36.174 36.129 36.147 36.214 36.324 36.302 36.192 36.512 36.267 36.999 41.574 42.727 43.084 42.047 38.267 36.022 37.157 36.509 35.404 34.762 34.707 35.929 37.152 37.639 36.532 35.799 36.597 36.682 35.534 34.797 35.357 37.964 39.932 39.064 37.427 35.974 36.319 35.317 34.922 35.007 35.089 35.179 35.407 36.017 39.309 38.492 38.204
42.289 42.022 41.292 39.092 37.107 40.299 40.779 40.967 42.117 42.359 42.609 41.829 37.432 37.192 37.692 41.434 40.302 37.464 36.699 36.362 36.329 36.337 36.377 36.452 36.747 36.287 36.234 36.292 36.372 36.367 36.317 36.242 37.607 37.627 39.064 41.874 42.939 42.739 41.732 37.977 36.999 36.937 36.297 36.132 37.322 37.917 36.594 35.859 35.699 36.272 35.339 34.777 34.754 36.294 38.382 40.717 40.252 38.389 37.047 35.679 35.587 35.074 34.989 35.029 35.099 35.217 35.394 35.702 36.832 37.262 36.599
42.082 42.252 41.092 38.074 37.262 41.597 42.884 43.189 43.312 43.237 43.039 42.094 38.074 37.657 37.842 38.604 37.744 37.214 36.887 36.739 36.424 36.872 37.352 36.512 37.494 36.399 36.312 36.417 36.489 36.457 36.394 36.359 36.437 36.989 37.382 40.314 41.844 42.637 42.572 40.634 36.347 37.792 37.714 37.622 38.697 36.597 35.184 35.989 36.477 35.367 36.487 37.204 35.729 36.512 38.194 38.879 38.732 37.487 36.097 36.007 35.742 36.844 37.457 35.337 35.164 35.297 35.442 35.727 36.297 36.104 36.687
40.724 40.722 40.239 37.727 37.174 41.067 42.584 42.517 42.314 42.064 41.849 41.639 38.692 36.854 37.204 36.749 38.937 41.019 37.789 36.537 36.777 39.857 40.447 37.379 36.989 36.457 36.422 36.544 36.617 36.562 36.507 36.477 36.419 37.239 38.692 38.617 40.632 41.744 42.759 42.302 40.117 37.804 38.012 36.087 35.817 35.042 35.272 36.409 35.257 35.724 36.599 37.647 38.817 37.052 36.359 36.717 36.979 36.537 36.159 36.209 36.719 39.709 37.412 35.224 35.267 35.549 37.024 37.619 36.962 36.174 36.494
36.449 36.769 37.337 37.789 38.847 40.264 40.644 38.072 36.989 37.857 37.284 36.794 36.324 36.389 37.219 40.112 41.622 40.302 37.449 36.672 36.667 39.869 40.649 37.504 36.507 36.552 36.529 36.609 36.737 36.702 36.654 36.589 36.557 36.459 37.664 38.304 37.787 40.877 42.019 42.292 38.279 37.669 37.669 38.172 35.259 35.182 36.019 35.317 35.182 35.232 37.874 39.547 37.307 37.084 36.849 36.777 36.544 36.587 36.324 36.214 36.247 38.694 37.042 35.554 35.312 35.417 35.962 36.587 35.942 36.429 36.572
35.792 37.049 36.984 37.642 38.154 36.809 36.507 36.279 36.344 36.602 36.429 36.439 36.592 36.704 38.914 41.344 40.742 36.749 36.789 36.767 36.984 39.017 37.462 36.632 36.659 36.669 36.672 36.684 36.794 36.829 36.777 36.742 36.692 36.639 36.674 37.219 36.512 38.064 39.579 37.914 37.804 37.884 40.502 40.987 38.632 37.947 35.899 35.282 35.287 35.877 36.792 36.517 36.669 37.047 36.987 36.774 36.932 36.867 36.877 36.827 37.182 37.754 37.164 37.397 36.627 35.384 35.509 40.404 36.522 36.717 37.364
36.177 36.912 36.759 36.529 36.219 36.279 36.472 36.567 36.504 36.562 36.564 36.642 36.654 36.707 37.609 39.569 37.834 36.767 36.802 36.819 36.789 36.789 36.739 36.727 36.747 36.777 36.767 36.747 36.817 36.904 36.914 36.912 36.829 36.762 36.659 37.042 36.729 36.267 36.527 38.784 37.012 38.017 42.152 42.387 42.092 41.499 40.139 37.194 35.547 35.409 35.997 36.264 36.809 36.942 36.854 37.084 37.259 37.237 37.264 37.267 37.242 37.417 37.127 37.052 37.334 35.879 35.689 40.032 41.297 40.989 40.219
35.937 36.059 36.214 36.364 36.329 36.384 36.459 36.474 36.517 36.557 36.594 36.649 36.669 36.734 36.794 36.777 36.782 36.782 36.772 36.794 36.789 36.804 36.824 36.814 36.832 36.879 36.882 36.874 36.837 36.907 36.914 36.909 36.919 36.882 36.857 36.757 37.324 37.697 39.257 39.369 36.237 38.002 40.612 41.464 42.004 42.369 42.189 41.679 36.022 35.934 36.057 36.297 36.697 36.514 37.462 38.934 37.772 37.232 37.089 38.104 37.589 37.812 36.922 36.262 37.589 36.882 35.724 36.849 40.612 43.269 41.644
36.057 36.164 36.217 36.282 36.919 36.439 36.454 36.472 36.524 36.574 36.622 36.649 36.732 36.774 36.802 36.819 36.822 36.847 36.827 36.879 36.854 36.842 36.844 36.864 36.879 36.889 36.912 36.924 36.924 36.934 36.892 36.834 37.187 37.209 36.897 36.884 37.009 38.512 39.479 38.114 36.367 36.177 36.249 38.129 40.574 41.284 41.867 40.244 36.157 37.127 36.314 35.662 36.127 37.072 39.857 39.574 37.582 37.499 37.167 38.082 37.044 38.157 38.087 36.522 37.099 38.349 38.254 40.339 37.447 38.509 37.884
36.132 36.184 36.222 36.269 36.292 36.367 36.442 36.489 36.544 36.584 36.629 36.662 36.754 36.769 36.847 37.257 37.347 37.384 36.884 36.877 36.887 36.889 36.882 36.872 36.907 36.892 36.907 36.944 36.907 36.922 36.884 36.869 37.302 37.509 37.077 37.382 37.217 37.077 37.274 36.967 36.787 36.579 36.494 37.052 36.634 38.577 40.472 38.259 36.827 36.914 36.142 36.837 37.532 40.282 42.737 42.387 39.484 38.252 38.032 37.112 37.529 37.449 37.834 37.182 37.244 38.174 37.954 37.007 36.882 36.959 36.987
36.149 36.199 36.207 36.279 36.337 36.392 36.702 37.099 36.754 36.562 36.647 36.657 36.747 36.819 39.649 41.362 38.364 37.279 36.912 36.939 36.929 36.967 36.997 36.974 36.997 36.907 36.889 36.887 36.882 36.879 36.874 36.897 36.852 36.847 36.874 37.119 37.264 37.127 37.514 36.969 36.787 37.017 37.049 37.282 36.512 36.187 35.987 36.692 36.272 35.999 35.999 37.374 40.072 44.424 44.019 43.232 42.379 39.569 37.507 38.464 37.849 37.679 36.904 37.024 37.317 37.059 37.197 37.284 36.932 36.982 37.049
36.159 36.272 36.262 36.279 36.319 36.372 36.632 37.004 36.692 36.779 36.827 36.854 36.899 37.004 38.657 39.052 37.104 37.077 37.122 37.117 37.119 37.177 37.227 37.149 37.169 37.147 37.127 37.079 37.089 36.952 36.884 36.879 36.914 36.814 36.832 36.814 36.792 36.794 37.012 36.934 37.374 37.417 36.892 36.932 36.904 36.724 36.432 37.234 36.532 36.392 36.357 38.497 42.107 44.272 44.639 44.089 43.292 41.857 39.084 39.317 38.554 37.167 36.982 37.362 37.554 37.192 37.834 37.499 37.174 37.039 37.142
36.209 36.259 36.297 36.367 36.497 36.592 36.732 36.787 36.804 36.892 37.294 37.089 37.144 37.227 37.277 37.317 37.284 37.407 37.554 37.734 37.297 37.359 37.394 37.407 37.312 37.332 37.289 37.487 37.302 37.149 37.112 37.092 37.107 37.009 36.962 36.849 36.789 36.749 36.737 36.722 36.962 37.622 37.094 37.074 36.924 36.882 37.439 37.277 36.812 37.687 37.947 38.139 42.419 43.407 44.247 44.599 44.074 43.317 41.832 39.334 37.494 37.462 37.387 37.282 37.794 37.869 37.422 38.034 37.404 37.134 37.142
36.302 36.409 36.537 36.627 36.672 36.772 37.192 38.102 37.769 37.147 37.372 37.784 37.444 37.414 37.409 37.417 37.369 37.717 38.344 37.634 37.532 38.232 37.829 37.674 37.437 37.449 37.429 37.839 37.424 37.447 37.379 37.659 37.252 37.214 37.067 37.039 36.999 36.887 36.777 36.752 36.764 36.742 36.704 37.019 37.499 36.957 36.802 36.814 37.242 38.489 37.477 37.089 38.894 42.434 43.252 43.694 44.284 44.182 43.412 42.472 38.984 37.457 38.202 37.729 37.494 37.844 37.482 37.839 37.774 37.104 37.182
36.487 36.674 36.682 36.819 36.899 36.972 37.072 37.497 37.242 37.182 37.507 38.324 37.522 37.472 37.504 37.939 38.612 38.034 38.279 37.774 37.779 37.954 38.339 37.877 37.692 37.652 37.624 37.984 37.454 37.814 37.967 38.369 37.394 37.299 37.259 37.339 37.094 37.082 36.972 36.889 36.814 36.742 36.717 36.724 36.764 36.739 36.739 36.752 37.022 37.174 37.032 37.054 37.189 38.467 38.787 42.472 43.544 44.267 44.237 43.434 42.619 39.032 37.882 37.279 37.617 38.817 38.394 37.272 37.949 38.244 37.277
36.677 37.172 37.632 37.759 37.322 37.322 37.129 37.727 37.302 37.377 38.032 40.334 41.077 41.074 39.009 39.409 38.694 38.662 37.767 37.979 41.899 42.599 41.409 41.357 41.344 40.164 39.814 39.197 38.652 37.847 37.744 38.199 37.497 37.447 37.422 37.719 37.464 37.252 37.064 37.017 36.997 36.954 36.844 36.749 36.724 36.767 36.797 36.769 36.779 36.822 36.917 37.084 37.224 37.189 37.197 40.092 42.692 43.499 44.239 44.244 41.499 39.577 37.397 37.544 37.967 37.542 37.442 37.664 37.984 37.774 37.292
36.677 37.024 38.057 38.624 38.787 38.409 37.607 37.852 37.359 37.412 37.784 41.194 44.219 44.127 44.002 43.804 43.649 42.679 40.549 39.002 43.444 44.437 44.409 44.192 44.034 43.804 43.692 43.494 43.157 41.009 37.759 38.037 37.572 37.517 37.507 37.502 37.724 37.369 37.229 37.249 37.159 37.037 36.959 36.967 36.864 36.794 36.742 36.757 36.792 36.772 36.802 36.917 37.114 37.119 37.139 37.924 39.954 41.514 43.472 41.604 39.837 42.869 41.184 37.614 38.149 37.354 37.524 37.784 37.299 37.227 37.249
36.694 37.307 38.487 37.597 41.549 41.954 41.732 39.959 39.664 39.544 38.509 42.764 44.632 45.107 45.169 45.069 44.942 44.109 39.994 39.159 43.529 44.552 44.789 44.862 44.884 44.857 45.114 44.824 44.389 42.077 38.317 40.979 40.512 38.334 37.952 38.129 37.882 37.767 37.442 37.622 37.914 37.282 37.162 37.029 36.972 36.974 36.817 36.774 36.814 36.824 36.807 36.822 36.922 37.194 37.109 37.157 37.182 37.704 40.659 40.972 44.179 43.914 43.034 41.077 38.154 37.299 37.904 38.349 37.622 37.289 37.314
37.292 38.082 39.394 39.317 43.784 43.822 43.699 43.464 43.327 43.147 38.382 42.027 43.244 43.849 44.032 44.257 44.399 43.904 39.897 38.279 42.454 43.269 43.397 43.539 43.692 43.724 44.014 44.164 44.152 41.152 38.609 43.519 43.944 43.714 43.519 42.699 41.439 41.407 39.062 37.854 37.859 37.517 37.894 37.369 37.157 37.037 37.002 36.962 36.849 36.827 36.862 36.817 36.864 36.934 37.084 37.182 37.152 37.472 39.619 42.897 44.042 44.479 43.974 43.167 39.932 37.332 37.784 37.357 37.367 37.592 37.724
38.304 39.784 38.612 39.679 43.262 43.789 43.977 44.159 44.104 43.309 37.859 37.947 39.332 41.829 40.104 41.424 42.317 42.889 39.424 39.899 40.482 40.607 40.057 40.089 40.807 39.417 41.547 41.209 42.739 39.494 38.592 43.389 45.059 45.224 45.169 44.884 44.657 43.824 39.327 38.422 37.814 37.792 37.859 38.387 37.339 37.239 37.122 37.069 37.027 36.904 36.827 36.889 36.939 36.929 36.962 37.059 37.174 37.359 37.542 40.857 43.197 43.999 44.529 43.989 43.232 39.927 37.782 37.437 37.454 37.447 37.657
42.032 43.039 39.339 39.462 41.379 42.442 42.554 42.529 42.969 42.994 37.907 38.299 38.952 39.294 38.979 38.147 38.287 38.777 39.534 40.364 38.339 38.232 38.617 38.197 38.087 38.104 38.389 38.052 38.037 39.197 40.129 43.759 44.347 44.552 44.754 44.884 44.862 43.762 39.459 38.062 37.847 37.794 38.047 38.789 37.849 37.414 37.402 37.259 37.092 37.022 36.989 36.907 36.924 36.967 36.964 36.992 37.077 37.219 37.262 37.722 41.579 43.212 44.042 44.499 44.032 41.724 38.929 37.554 37.689 38.564 38.242
44.162 43.764 41.584 39.072 37.857 37.807 39.557 37.952 38.574 39.034 38.114 38.584 38.112 38.504 38.394 38.534 39.684 40.257 40.217 40.397 38.679 38.332 38.897 39.217 38.569 38.922 38.467 38.249 38.222 38.614 39.424 41.044 41.917 42.754 42.892 42.232 43.592 43.399 38.402 38.059 37.889 37.877 38.402 38.462 38.522 38.452 37.722 37.479 37.309 37.127 37.064 37.029 36.967 36.967 37.012 37.002 37.047 37.072 37.244 37.337 38.447 40.359 43.204 43.952 44.312 43.734 43.009 38.472 37.644 38.612 37.737
44.159 43.517 42.567 39.087 38.317 38.634 39.247 37.992 37.859 38.289 39.212 38.284 38.239 38.422 38.492 38.522 40.367 40.514 39.429 40.592 39.962 39.062 38.659 38.574 38.727 39.317 38.807 38.352 38.352 40.237 41.059 39.134 39.384 39.429 38.899 38.532 39.262 39.424 38.189 38.047 37.974 37.967 38.272 40.532 39.642 38.089 38.414 38.632 38.092 37.909 37.207 37.204 37.089 37.029 37.014 37.039 37.052 37.077 37.129 37.297 37.322 37.334 39.269 42.499 43.507 44.109 43.757 42.969 40.274 37.487 37.397
42.937 41.774 39.129 37.919 38.792 39.049 39.914 38.107 38.029 39.349 39.824 38.189 38.262 38.589 38.509 38.677 40.702 40.797 39.637 39.629 40.054 38.949 38.832 38.557 38.537 38.739 38.687 38.482 38.572 40.377 40.282 39.957 39.019 40.052 40.549 38.734 38.564 38.599 39.054 38.262 38.172 38.157 38.454 43.139 43.559 42.889 42.107 38.109 38.059 38.162 37.529 37.482 37.387 37.147 37.077 37.074 37.102 37.104 37.149 37.199 37.322 37.427 37.607 37.604 41.034 43.459 44.097 42.294 37.469 37.347 37.429
39.967 38.029 37.707 38.327 39.719 39.582 39.877 38.792 39.007 40.622 40.757 38.334 38.374 39.057 38.894 38.482 39.422 39.289 38.704 38.737 38.797 38.749 38.824 38.702 38.694 39.702 39.582 40.342 40.799 40.732 39.882 42.724 39.134 42.657 40.377 38.857 39.417 39.619 39.087 38.422 38.377 38.252 39.692 44.529 45.514 45.254 42.612 38.399 38.002 37.897 37.719 37.694 37.592 37.399 37.159 37.089 37.104 37.139 37.184 37.192 37.269 37.402 37.454 37.459 38.847 41.712 42.819 37.724 37.409 37.442 37.509
39.097 38.349 38.199 38.879 39.969 40.662 38.192 38.539 39.544 40.134 39.717 39.899 39.072 40.147 40.602 38.687 38.667 39.104 38.819 38.869 38.967 38.874 39.384 38.887 38.852 39.304 39.609 40.434 41.562 41.567 40.787 41.279 40.284 43.492 39.122 39.137 40.644 40.822 39.427 38.589 38.554 38.434 39.457 44.564 46.159 45.467 43.417 38.207 38.099 38.032 37.934 37.887 37.732 37.577 37.312 37.177 37.154 37.122 37.197 37.202 37.244 37.307 37.447 37.467 37.664 38.834 37.839 37.424 37.457 37.512 37.569
