All_lidar/sz5893_DSM_2M.asc
ncols 500
nrows 500
xllcorner    458000
yllcorner    93000
cellsize     2
NODATA_value -9999
[rows 192 to 223 of 500, columns 288 to 359 of 500]
-2.168 -2.188 -2.148 -2.22 -2.19 -2.188 -2.213 -2.2 -2.243 -2.24 -2.153 -2.22 -2.228 -2.12 -2.183 -2.188 -2.243 -2.24 -2.188 -2.225 -2.2 -2.165 -2.245 -2.203 -2.198 -2.198 -2.235 -2.173 -2.21 -2.188 -2.185 -2.193 -2.16 -2.158 -2.233 -2.23 -2.22 -2.165 -2.165 -2.22 -2.253 -2.21 -2.183 -2.148 -2.148 -2.16 -2.22 -2.205 -2.195 -2.198 -2.18 -2.218 -2.17 -2.135 -2.198 -2.248 -2.155 -2.173 -2.148 -2.138 -2.153 -2.21 -2.16 -2.193 -2.203 -2.185 -2.195 -2.203 -2.163 -2.165 -2.173 -2.17
-2.18 -2.148 -2.205 -2.193 -2.155 -2.22 -2.173 -2.13 -2.205 -2.21 -2.175 -2.185 -2.21 -2.168 -2.248 -2.195 -2.138 -2.178 -2.188 -2.198 -2.203 -2.253 -2.233 -2.23 -2.238 -2.225 -2.223 -2.183 -2.175 -2.185 -2.183 -2.195 -2.233 -2.18 -2.173 -2.19 -2.188 -2.158 -2.185 -2.168 -2.22 -2.178 -2.213 -2.163 -2.163 -2.195 -2.2 -2.188 -2.215 -2.17 -2.13 -2.25 -2.203 -2.12 -2.143 -2.24 -2.163 -2.205 -2.158 -2.18 -2.178 -2.195 -2.16 -2.138 -2.198 -2.243 -2.193 -2.168 -2.165 -2.168 -2.185 -2.163
-2.18 -2.18 -2.213 -2.218 -2.228 -2.243 -2.188 -2.153 -2.203 -2.19 -2.123 -2.185 -2.21 -2.193 -2.17 -2.21 -2.15 -2.193 -2.24 -2.23 -2.193 -2.238 -2.25 -2.205 -2.235 -2.238 -2.228 -2.18 -2.19 -2.16 -2.17 -2.158 -2.173 -2.195 -2.215 -2.14 -2.205 -2.12 -2.165 -2.183 -2.215 -2.21 -2.203 -2.185 -2.183 -2.178 -2.13 -2.18 -2.218 -2.193 -2.188 -2.235 -2.233 -2.17 -2.183 -2.203 -2.18 -2.18 -2.183 -2.2 -2.16 -2.153 -2.203 -2.198 -2.148 -2.18 -2.195 -2.19 -2.155 -2.195 -2.188 -2.15
-2.17 -2.215 -2.205 -2.233 -2.163 -2.19 -2.238 -2.175 -2.158 -2.198 -2.198 -2.205 -2.185 -2.215 -2.208 -2.228 -2.175 -2.158 -2.203 -2.188 -2.175 -2.178 -2.235 -2.233 -2.258 -2.223 -2.21 -2.2 -2.245 -2.175 -2.17 -2.188 -2.178 -2.183 -2.213 -2.188 -2.193 -2.11 -2.173 -2.22 -2.183 -2.21 -2.253 -2.158 -2.153 -2.17 -2.165 -2.19 -2.185 -2.233 -2.18 -2.155 -2.195 -2.183 -2.153 -2.213 -2.238 -2.198 -2.203 -2.23 -2.203 -2.188 -2.18 -2.163 -2.148 -2.188 -2.19 -2.215 -2.175 -2.18 -2.2 -2.16
-2.21 -2.228 -2.19 -2.243 -2.198 -2.165 -2.203 -2.215 -2.173 -2.23 -2.198 -2.188 -2.248 -2.118 -2.225 -2.193 -2.195 -2.18 -2.17 -2.223 -2.178 -2.205 -2.26 -2.22 -2.235 -2.22 -2.21 -2.22 -2.238 -2.198 -2.223 -2.22 -2.2 -2.173 -2.18 -2.185 -2.193 -2.198 -2.178 -2.183 -2.178 -2.168 -2.215 -2.223 -2.22 -2.225 -2.218 -2.193 -2.183 -2.205 -2.173 -2.158 -2.2 -2.215 -2.133 -2.188 -2.205 -2.225 -2.215 -2.185 -2.185 -2.123 -2.15 -2.163 -2.145 -2.17 -2.193 -2.195 -2.178 -2.168 -2.198 -2.213
-2.23 -2.205 -2.24 -2.24 -2.21 -2.183 -2.193 -2.17 -2.243 -2.28 -2.18 -2.215 -2.223 -2.198 -2.243 -2.238 -2.188 -2.158 -2.18 -2.215 -2.205 -2.218 -2.17 -2.23 -2.215 -2.21 -2.2 -2.215 -2.25 -2.255 -2.215 -2.173 -2.2 -2.188 -2.18 -2.205 -2.183 -2.203 -2.188 -2.175 -2.208 -2.173 -2.195 -2.205 -2.18 -2.155 -2.188 -2.19 -2.208 -2.195 -2.198 -2.17 -2.178 -2.203 -2.183 -2.2 -2.178 -2.21 -2.203 -2.225 -2.205 -2.15 -2.133 -2.158 -2.18 -2.175 -2.193 -2.195 -2.19 -2.178 -2.2 -2.188
-2.195 -2.228 -2.218 -2.233 -2.205 -2.21 -2.235 -2.193 -2.175 -2.275 -2.208 -2.183 -2.213 -2.225 -2.198 -2.213 -2.158 -2.18 -2.128 -2.178 -2.203 -2.198 -2.145 -2.18 -2.198 -2.223 -2.248 -2.17 -2.21 -2.245 -2.253 -2.218 -2.22 -2.213 -2.208 -2.215 -2.215 -2.293 -2.205 -2.11 -2.228 -2.18 -2.228 -2.255 -2.21 -2.158 -2.168 -2.18 -2.23 -2.208 -2.2 -2.143 -2.17 -2.193 -2.15 -2.173 -2.198 -2.18 -2.203 -2.215 -2.2 -2.183 -2.138 -2.17 -2.145 -2.195 -2.155 -2.173 -2.205 -2.175 -2.218 -2.19
-2.223 -2.173 -2.208 -2.178 -2.253 -2.2 -2.188 -2.203 -2.16 -2.223 -2.22 -2.14 -2.185 -2.238 -2.218 -2.2 -2.183 -2.178 -2.188 -2.2 -2.193 -2.195 -2.198 -2.185 -2.2 -2.23 -2.203 -2.183 -2.18 -2.203 -2.23 -2.265 -2.195 -2.183 -2.208 -2.215 -2.165 -2.218 -2.2 -2.165 -2.223 -2.175 -2.155 -2.238 -2.245 -2.2 -2.188 -2.198 -2.19 -2.17 -2.225 -2.175 -2.108 -2.183 -2.185 -2.188 -2.223 -2.15 -2.19 -2.19 -2.193 -2.208 -2.16 -2.198 -2.155 -2.163 -2.185 -2.188 -2.213 -2.195 -2.16 -2.178
-2.198 -2.196 -2.198 -2.181 -2.226 -2.146 -2.236 -2.251 -2.221 -2.221 -2.233 -2.196 -2.22 -2.21 -2.225 -2.308 -2.185 -2.188 -2.185 -2.21 -2.2 -2.23 -2.178 -2.213 -2.148 -2.155 -2.213 -2.15 -2.185 -2.215 -2.185 -2.22 -2.273 -2.215 -2.228 -2.258 -2.185 -2.198 -2.203 -2.21 -2.22 -2.18 -2.168 -2.17 -2.22 -2.19 -2.205 -2.173 -2.19 -2.175 -2.203 -2.208 -2.148 -2.145 -2.16 -2.23 -2.21 -2.205 -2.19 -2.255 -2.208 -2.203 -2.203 -2.148 -2.155 -2.14 -2.188 -2.18 -2.193 -2.168 -2.19 -2.193
-2.226 -2.208 -2.226 -2.228 -2.196 -2.286 -2.203 -2.236 -2.183 -2.158 -2.246 -2.228 -2.218 -2.143 -2.228 -2.288 -2.245 -2.218 -2.165 -2.195 -2.195 -2.268 -2.223 -2.213 -2.205 -2.168 -2.218 -2.14 -2.18 -2.235 -2.17 -2.155 -2.208 -2.238 -2.203 -2.195 -2.193 -2.21 -2.218 -2.218 -2.243 -2.203 -2.19 -2.145 -2.215 -2.185 -2.19 -2.208 -2.21 -2.163 -2.2 -2.235 -2.21 -2.175 -2.175 -2.2 -2.208 -2.165 -2.188 -2.208 -2.22 -2.203 -2.19 -2.203 -2.213 -2.138 -2.125 -2.158 -2.188 -2.143 -2.158 -2.19
-2.251 -2.246 -2.196 -2.233 -2.221 -2.251 -2.233 -2.146 -2.223 -2.188 -2.203 -2.193 -2.168 -2.153 -2.213 -2.28 -2.268 -2.248 -2.19 -2.145 -2.198 -2.24 -2.203 -2.2 -2.183 -2.24 -2.238 -2.148 -2.15 -2.208 -2.188 -2.18 -2.195 -2.163 -2.23 -2.188 -2.198 -2.198 -2.258 -2.228 -2.243 -2.198 -2.223 -2.225 -2.198 -2.193 -2.175 -2.205 -2.188 -2.18 -2.215 -2.22 -2.18 -2.158 -2.14 -2.198 -2.243 -2.233 -2.18 -2.18 -2.183 -2.2 -2.2 -2.205 -2.193 -2.143 -2.145 -2.13 -2.155 -2.15 -2.15 -2.155
-2.198 -2.281 -2.196 -2.216 -2.186 -2.221 -2.251 -2.218 -2.268 -2.206 -2.183 -2.231 -2.178 -2.13 -2.21 -2.195 -2.218 -2.235 -2.323 -2.213 -2.205 -2.205 -2.188 -2.155 -2.183 -2.168 -2.2 -2.235 -2.163 -2.205 -2.215 -2.228 -2.193 -2.2 -2.183 -2.185 -2.17 -2.213 -2.233 -2.19 -2.208 -2.208 -2.195 -2.188 -2.188 -2.225 -2.218 -2.235 -2.225 -2.203 -2.193 -2.203 -2.138 -2.205 -2.193 -2.185 -2.195 -2.17 -2.183 -2.143 -2.158 -2.2 -2.195 -2.228 -2.208 -2.178 -2.165 -2.15 -2.195 -2.195 -2.218 -2.235
-2.203 -2.203 -2.181 -2.203 -2.156 -2.181 -2.261 -2.201 -2.208 -2.226 -2.248 -2.221 -2.17 -2.178 -2.185 -2.215 -2.2 -2.268 -2.245 -2.18 -2.188 -2.218 -2.253 -2.258 -2.213 -2.22 -2.203 -2.16 -2.168 -2.148 -2.238 -2.238 -2.19 -2.193 -2.205 -2.213 -2.18 -2.193 -2.183 -2.21 -2.218 -2.255 -2.208 -2.233 -2.21 -2.218 -2.253 -2.245 -2.27 -2.235 -2.168 -2.205 -2.255 -2.163 -2.168 -2.218 -2.185 -2.138 -2.18 -2.19 -2.2 -2.215 -2.193 -2.218 -2.18 -2.225 -2.193 -2.155 -2.2 -2.225 -2.173 -2.203
-2.178 -2.231 -2.203 -2.236 -2.171 -2.241 -2.243 -2.208 -2.218 -2.238 -2.221 -2.278 -2.255 -2.155 -2.183 -2.195 -2.178 -2.183 -2.183 -2.188 -2.188 -2.218 -2.235 -2.263 -2.245 -2.273 -2.18 -2.168 -2.188 -2.183 -2.208 -2.26 -2.195 -2.185 -2.198 -2.193 -2.168 -2.125 -2.203 -2.173 -2.188 -2.183 -2.173 -2.248 -2.243 -2.235 -2.23 -2.218 -2.19 -2.233 -2.183 -2.248 -2.233 -2.213 -2.17 -2.218 -2.148 -2.143 -2.155 -2.193 -2.185 -2.188 -2.195 -2.173 -2.173 -2.205 -2.223 -2.16 -2.148 -2.173 -2.153 -2.17
-2.166 -2.203 -2.188 -2.201 -2.226 -2.178 -2.268 -2.221 -2.178 -2.236 -2.236 -2.178 -2.213 -2.2 -2.165 -2.198 -2.238 -2.21 -2.24 -2.25 -2.228 -2.21 -2.24 -2.193 -2.203 -2.198 -2.245 -2.145 -2.235 -2.228 -2.188 -2.215 -2.19 -2.225 -2.23 -2.203 -2.203 -2.165 -2.21 -2.23 -2.188 -2.203 -2.213 -2.213 -2.225 -2.195 -2.208 -2.18 -2.218 -2.22 -2.193 -2.21 -2.23 -2.233 -2.188 -2.185 -2.225 -2.175 -2.165 -2.198 -2.21 -2.18 -2.208 -2.218 -2.215 -2.193 -2.228 -2.168 -2.17 -2.18 -2.17 -2.158
-2.188 -2.188 -2.146 -2.176 -2.223 -2.218 -2.246 -2.161 -2.198 -2.276 -2.186 -2.246 -2.243 -2.243 -2.148 -2.245 -2.173 -2.165 -2.22 -2.275 -2.188 -2.15 -2.27 -2.225 -2.218 -2.235 -2.29 -2.183 -2.198 -2.238 -2.203 -2.253 -2.203 -2.215 -2.258 -2.218 -2.175 -2.158 -2.193 -2.203 -2.17 -2.21 -2.265 -2.22 -2.215 -2.203 -2.22 -2.193 -2.258 -2.23 -2.185 -2.2 -2.223 -2.203 -2.273 -2.205 -2.19 -2.213 -2.198 -2.185 -2.213 -2.19 -2.17 -2.228 -2.223 -2.24 -2.198 -2.218 -2.18 -2.203 -2.163 -2.21
-2.183 -2.183 -2.146 -2.231 -2.223 -2.216 -2.218 -2.213 -2.241 -2.208 -2.203 -2.268 -2.21 -2.205 -2.148 -2.23 -2.208 -2.213 -2.233 -2.238 -2.31 -2.145 -2.183 -2.215 -2.205 -2.22 -2.245 -2.26 -2.185 -2.163 -2.135 -2.233 -2.215 -2.193 -2.228 -2.213 -2.183 -2.19 -2.195 -2.135 -2.168 -2.245 -2.2 -2.18 -2.2 -2.183 -2.16 -2.205 -2.205 -2.23 -2.15 -2.21 -2.21 -2.195 -2.178 -2.19 -2.193 -2.22 -2.208 -2.158 -2.15 -2.183 -2.185 -2.208 -2.143 -2.215 -2.183 -2.21 -2.22 -2.175 -2.225 -2.158
-2.143 -2.183 -2.181 -2.236 -2.276 -2.166 -2.163 -2.193 -2.206 -2.171 -2.151 -2.231 -2.218 -2.243 -2.245 -2.218 -2.218 -2.203 -2.183 -2.205 -2.218 -2.215 -2.165 -2.225 -2.193 -2.19 -2.225 -2.265 -2.205 -2.23 -2.188 -2.17 -2.285 -2.245 -2.22 -2.285 -2.238 -2.198 -2.21 -2.185 -2.143 -2.205 -2.198 -2.223 -2.255 -2.195 -2.155 -2.165 -2.198 -2.218 -2.21 -2.2 -2.203 -2.21 -2.183 -2.193 -2.263 -2.263 -2.23 -2.18 -2.19 -2.253 -2.15 -2.155 -2.158 -2.188 -2.198 -2.24 -2.2 -2.173 -2.178 -2.178
-2.231 -2.231 -2.138 -2.208 -2.228 -2.188 -2.131 -2.163 -2.158 -2.188 -2.198 -2.233 -2.238 -2.245 -2.223 -2.27 -2.28 -2.265 -2.223 -2.215 -2.23 -2.215 -2.233 -2.21 -2.19 -2.205 -2.203 -2.223 -2.223 -2.238 -2.245 -2.223 -2.23 -2.265 -2.173 -2.228 -2.188 -2.21 -2.253 -2.275 -2.198 -2.185 -2.185 -2.168 -2.21 -2.26 -2.173 -2.208 -2.213 -2.168 -2.208 -2.213 -2.198 -2.24 -2.19 -2.21 -2.255 -2.218 -2.268 -2.2 -2.185 -2.268 -2.208 -2.133 -2.18 -2.165 -2.183 -2.195 -2.175 -2.183 -2.208 -2.17
-2.258 -2.206 -2.193 -2.201 -2.238 -2.291 -2.248 -2.171 -2.163 -2.211 -2.241 -2.243 -2.248 -2.238 -2.288 -2.233 -2.24 -2.258 -2.195 -2.163 -2.185 -2.325 -2.26 -2.185 -2.195 -2.195 -2.195 -2.2 -2.208 -2.245 -2.24 -2.205 -2.258 -2.188 -2.223 -2.233 -2.255 -2.198 -2.218 -2.275 -2.153 -2.183 -2.208 -2.195 -2.208 -2.23 -2.238 -2.165 -2.188 -2.17 -2.168 -2.158 -2.178 -2.228 -2.245 -2.203 -2.235 -2.208 -2.228 -2.24 -2.198 -2.215 -2.188 -2.145 -2.188 -2.178 -2.178 -2.193 -2.2 -2.185 -2.168 -2.198
-2.173 -2.188 -2.273 -2.253 -2.266 -2.243 -2.216 -2.143 -2.171 -2.198 -2.188 -2.131 -2.275 -2.218 -2.213 -2.228 -2.185 -2.258 -2.248 -2.193 -2.168 -2.285 -2.28 -2.21 -2.17 -2.18 -2.22 -2.283 -2.23 -2.305 -2.24 -2.17 -2.193 -2.203 -2.238 -2.265 -2.235 -2.188 -2.178 -2.275 -2.24 -2.168 -2.228 -2.2 -2.153 -2.165 -2.193 -2.213 -2.165 -2.15 -2.2 -2.21 -2.14 -2.188 -2.21 -2.213 -2.143 -2.23 -2.208 -2.19 -2.188 -2.2 -2.145 -2.143 -2.145 -2.208 -2.153 -2.165 -2.203 -2.218 -2.178 -2.22
-2.214 -2.291 -2.206 -2.208 -2.268 -2.276 -2.236 -2.151 -2.251 -2.146 -2.137 -2.178 -2.213 -2.248 -2.255 -2.312 -2.205 -2.183 -2.203 -2.225 -2.203 -2.175 -2.222 -2.212 -2.228 -2.176 -2.185 -2.215 -2.225 -2.238 -2.253 -2.223 -2.198 -2.193 -2.223 -2.255 -2.275 -2.223 -2.158 -2.2 -2.195 -2.198 -2.225 -2.243 -2.19 -2.173 -2.213 -2.238 -2.19 -2.228 -2.203 -2.178 -2.138 -2.185 -2.19 -2.163 -2.188 -2.248 -2.243 -2.235 -2.228 -2.203 -2.208 -2.183 -2.17 -2.188 -2.163 -2.18 -2.218 -2.213 -2.213 -2.178
-2.226 -2.228 -2.19 -2.142 -2.202 -2.261 -2.211 -2.161 -2.136 -2.148 -2.188 -2.178 -2.201 -2.265 -2.205 -2.204 -2.243 -2.238 -2.123 -2.168 -2.178 -2.185 -2.175 -2.186 -2.217 -2.23 -2.14 -2.228 -2.188 -2.26 -2.255 -2.205 -2.175 -2.205 -2.238 -2.225 -2.233 -2.25 -2.165 -2.175 -2.223 -2.215 -2.18 -2.168 -2.213 -2.198 -2.225 -2.248 -2.22 -2.22 -2.238 -2.145 -2.175 -2.2 -2.205 -2.21 -2.193 -2.183 -2.233 -2.22 -2.27 -2.203 -2.245 -2.218 -2.198 -2.155 -2.185 -2.193 -2.18 -2.175 -2.193 -2.178
-2.191 -2.216 -2.228 -2.218 -2.136 -2.246 -2.189 -2.172 -2.1 -2.123 -2.178 -2.111 -2.147 -2.21 -2.263 -2.255 -2.31 -2.205 -2.17 -2.12 -2.2 -2.159 -2.142 -2.158 -2.35 -2.265 -2.203 -2.213 -2.155 -2.22 -2.228 -2.213 -2.245 -2.22 -2.203 -2.213 -2.228 -2.208 -2.21 -2.21 -2.208 -2.175 -2.185 -2.238 -2.243 -2.225 -2.238 -2.153 -2.2 -2.2 -2.23 -2.178 -2.228 -2.2 -2.198 -2.195 -2.183 -2.168 -2.188 -2.21 -2.203 -2.218 -2.205 -2.185 -2.188 -2.218 -2.195 -2.24 -2.168 -2.165 -2.183 -2.185
-2.196 -2.196 -2.183 -2.191 -2.221 -2.276 -2.233 -2.248 -2.12 -2.182 -2.238 -2.201 -2.14 -2.142 -2.208 -2.228 -2.23 -2.195 -2.26 -2.153 -2.16 -2.083 -2.163 -2.248 -2.22 -2.295 -2.263 -2.168 -2.098 -2.183 -2.254 -2.213 -2.248 -2.255 -2.238 -2.145 -2.228 -2.19 -2.215 -2.218 -2.268 -2.233 -2.235 -2.238 -2.24 -2.225 -2.193 -2.21 -2.18 -2.223 -2.19 -2.18 -2.195 -2.133 -2.19 -2.22 -2.168 -2.195 -2.19 -2.173 -2.175 -2.195 -2.22 -2.235 -2.18 -2.278 -2.2 -2.203 -2.183 -2.225 -2.213 -2.22
-2.186 -2.208 -2.191 -2.203 -2.153 -2.176 -2.211 -2.246 -2.218 -2.052 -2.061 -2.233 -2.185 -2.098 -2.162 -2.129 -2.193 -2.17 -2.25 -2.24 -2.2 -2.198 -2.208 -2.22 -2.084 -2.223 -2.111 -2.14 -2.093 -2.153 -2.258 -2.22 -2.18 -2.233 -2.243 -2.2 -2.245 -2.235 -2.23 -2.2 -2.2 -2.25 -2.258 -2.263 -2.26 -2.178 -2.245 -2.183 -2.16 -2.17 -2.238 -2.228 -2.198 -2.158 -2.16 -2.175 -2.203 -2.215 -2.208 -2.205 -2.18 -2.178 -2.195 -2.205 -2.228 -2.215 -2.193 -2.175 -2.195 -2.245 -2.175 -2.193
-2.228 -2.261 -2.268 -2.241 -1.985 -2.05 -2.068 -2.318 -2.206 -2.099 -2.063 -2.228 -2.18 -2.063 -2.113 -2.218 -2.076 -2.103 -2.223 -2.228 -2.185 -2.22 -2.205 -2.225 -2.228 -2.218 -2.08 -2.225 -2.21 -2.168 -2.2 -2.268 -2.205 -2.205 -2.225 -2.17 -2.178 -2.295 -2.23 -2.203 -2.215 -2.203 -2.225 -2.218 -2.243 -2.22 -2.265 -2.228 -2.238 -2.193 -2.215 -2.253 -2.225 -2.185 -2.175 -2.213 -2.238 -2.238 -2.223 -2.195 -2.163 -2.18 -2.195 -2.175 -2.205 -2.195 -2.198 -2.228 -2.2 -2.23 -2.278 -2.218
-2.236 -2.196 -2.258 -2.273 -2.256 -2.039 -2.161 -2.283 -2.223 -1.975 -2.033 -2.251 -2.168 -2.14 -2.021 -2.203 -2.205 -2.077 -2.173 -2.18 -2.14 -2.28 -2.034 -2.208 -2.213 -2.228 -2.155 -2.2 -2.117 -2.155 -2.188 -2.22 -2.223 -2.21 -2.28 -2.175 -2.155 -2.263 -2.223 -2.198 -2.16 -2.195 -2.26 -2.215 -2.203 -2.218 -2.2 -2.253 -2.265 -2.228 -2.168 -2.233 -2.218 -2.233 -2.218 -2.255 -2.21 -2.193 -2.213 -2.205 -2.205 -2.185 -2.118 -2.235 -2.223 -2.205 -2.19 -2.253 -2.195 -2.168 -2.24 -2.215
-2.198 -2.123 -2.241 -2.228 -2.248 -2.213 -2.233 -1.955 -2.163 -2.113 -1.962 -2.014 -2.198 -2.158 -2.158 -2.24 -2.042 -2.069 -2.21 -2.238 -2.19 -2.18 -2.205 -2.22 -2.253 -2.193 -2.223 -2.26 -2.213 -2.084 -2.208 -2.253 -2.205 -2.181 -2.21 -2.18 -2.233 -2.238 -2.288 -2.168 -2.195 -2.25 -2.258 -2.238 -2.16 -2.22 -2.193 -2.193 -2.2 -2.26 -2.233 -2.238 -2.245 -2.273 -2.22 -2.25 -2.2 -2.188 -2.193 -2.255 -2.205 -2.133 -2.143 -2.2 -2.185 -2.233 -2.265 -2.175 -2.218 -2.2 -2.235 -2.198
-2.191 -2.032 -2.258 -2.243 -2.216 -2.221 -2.188 -2.248 -2.002 -2.173 -1.989 -1.999 -2.233 -2.28 -2.233 -2.215 -2.235 -2.315 -2.195 -2.003 -2.25 -2.303 -2.305 -2.193 -2.275 -2.033 -2.205 -2.21 -2.23 -2.14 -2.099 -2.164 -2.188 -2.137 -2.143 -2.243 -2.233 -2.305 -2.27 -2.2 -2.213 -2.235 -2.208 -2.21 -2.195 -2.18 -2.175 -2.21 -2.238 -2.205 -2.265 -2.21 -2.2 -2.19 -2.245 -2.26 -2.193 -2.2 -2.188 -2.18 -2.175 -2.21 -2.188 -2.18 -2.228 -2.17 -2.228 -2.21 -2.17 -2.2 -2.243 -2.268
-2.153 -2.231 -2.196 -2.301 -2.126 -2.173 -2.216 -2.223 -2.183 -1.907 -2.008 -2.218 -2.27 -2.012 -2.218 -2.193 -2.188 -1.957 -2.188 -2.23 -2.223 -2.228 -2.293 -2.178 -2.138 -2.078 -2.223 -2.22 -2.086 -2.089 -2.215 -2.223 -2.218 -2.218 -2.242 -2.255 -2.233 -2.22 -2.258 -2.23 -2.213 -2.243 -2.193 -2.235 -2.235 -2.17 -2.213 -2.243 -2.185 -2.185 -2.243 -2.203 -2.243 -2.233 -2.248 -2.25 -2.263 -2.255 -2.173 -2.19 -2.213 -2.225 -2.178 -2.21 -2.173 -2.17 -2.183 -2.193 -2.228 -2.153 -2.153 -2.225
-2.158 -2.263 -2.191 -2.213 -2.201 -2.253 -2.223 -2.183 -2.146 -2.138 -2.228 -2.266 -2.243 -2.248 -2.22 -2.225 -2.288 -2.208 -2.238 -2.178 -2.21 -2.225 -2.228 -2.288 -2.21 -2.218 -2.215 -2.213 -2.273 -2.273 -2.24 -2.24 -2.071 -2.245 -2.235 -2.188 -2.21 -2.215 -2.215 -2.235 -2.195 -2.205 -2.29 -2.228 -2.235 -2.188 -2.165 -2.195 -2.18 -2.155 -2.22 -2.205 -2.205 -2.198 -2.22 -2.23 -2.183 -2.245 -2.253 -2.258 -2.228 -2.223 -2.203 -2.205 -2.18 -2.193 -2.21 -2.18 -2.198 -2.15 -2.145 -2.183
