All_lidar/sz5889_DSM_2M.asc
ncols 500
nrows 500
xllcorner    458000
yllcorner    89000
cellsize     2
NODATA_value -9999
[rows 352 to 383 of 500, columns 72 to 143 of 500]
41.43 36 40.327 35.772 34.867 35.06 34.467 34.225 36.527 35.222 34.265 34.292 34.662 34.255 33.455 33.845 33.417 33.192 32.68 32.3 32.202 32.145 32.115 33.017 40.452 35.325 40.707 35.052 31.997 32.935 33.037 31.885 31.627 31.645 31.537 31.48 31.477 31.402 31.29 31.2 31.135 31.047 30.95 30.89 30.847 30.785 30.732 30.7 30.65 30.6 30.51 30.47 30.412 30.365 30.3 30.225 30.182 30.112 30.062 29.985 29.937 29.867 29.807 29.717 29.645 29.597 29.55 29.49 29.435 29.367 29.32 29.252
36.93 39.585 37.685 35.687 35.605 40.045 37.17 35.087 34.835 34.157 35.037 34.54 36.305 34.35 34.827 34.865 34.407 34.232 33.46 33.297 33.495 32.48 32.18 32.44 34.562 33.652 35.182 31.917 31.962 31.98 31.927 31.89 31.852 31.8 31.72 31.657 31.577 31.467 31.387 31.297 31.2 31.11 31 30.965 30.935 30.852 30.762 30.717 30.685 30.622 30.555 30.502 30.44 30.392 30.307 30.245 30.23 30.142 30.075 30.007 29.935 29.915 29.845 29.755 29.642 29.587 29.55 29.5 29.45 29.39 29.327 29.265
36.282 36.67 35.83 35.645 35.492 39.707 35.795 35.432 34.825 34.725 34.65 35.007 34.387 34.147 34.022 35.017 34.575 33.705 33.6 33.347 33.94 34.825 33.057 32.587 32.395 32.557 32.185 32.102 32.112 32.162 32.105 32.075 32.027 31.967 31.897 31.817 31.695 31.565 31.485 31.39 31.275 31.185 31.055 31.007 30.967 30.887 30.837 30.76 30.71 30.655 30.617 30.56 30.495 30.392 30.405 30.327 32.17 30.91 30.16 30.022 29.942 29.915 29.865 29.747 29.667 29.592 29.57 29.512 29.46 29.387 29.33 29.277
36.427 36.215 35.93 35.72 36.667 35.575 35.272 35.05 34.93 34.82 34.637 34.55 34.37 34.185 34.095 33.96 33.925 33.917 33.84 34.135 37.687 36.577 34.247 33.585 33.062 32.43 32.3 32.275 32.312 32.382 32.327 32.227 32.2 32.102 32.02 31.935 31.812 31.697 31.647 31.515 31.395 31.262 31.14 31.065 31.022 30.92 30.87 30.812 30.755 30.71 30.665 30.62 30.55 30.455 31.205 33.135 35.495 33.217 30.155 30.045 29.982 29.905 29.852 29.762 29.677 29.605 29.572 29.532 29.475 29.395 29.33 29.26
36.602 36.355 36.102 35.895 35.762 35.497 35.327 35.165 35.002 34.835 34.67 34.497 34.347 34.245 34.165 34.057 33.997 33.922 33.832 34.602 34.68 33.972 33.68 33.247 33.017 32.602 32.452 32.472 32.527 32.537 32.482 32.392 32.312 32.215 32.105 32.052 31.942 31.835 31.762 31.665 31.495 31.375 31.22 31.132 31.085 31.027 30.942 30.885 30.82 30.745 30.715 30.655 30.595 30.525 31.16 32.335 35.047 32.255 33.567 30.642 30.002 29.95 29.847 29.767 29.695 29.622 29.582 29.52 29.437 29.39 29.337 29.25
36.792 36.552 36.295 36.092 35.9 35.695 35.502 35.32 35.16 35.027 34.835 34.66 34.495 34.372 34.245 34.167 34.077 33.995 33.885 33.807 33.792 33.662 33.565 33.287 32.907 32.745 32.6 32.7 32.967 32.685 32.647 32.515 32.445 32.367 32.27 32.205 32.11 32.002 31.89 31.795 31.627 31.475 31.325 31.202 31.14 31.082 30.997 30.937 30.867 30.805 30.745 30.695 30.62 30.565 30.48 30.397 30.685 30.282 30.287 30.832 30.002 29.945 29.845 29.78 29.71 29.677 29.612 29.517 29.427 29.38 29.337 29.242
36.992 36.755 36.467 36.25 36.05 35.892 35.72 35.562 35.385 35.26 35.032 34.847 34.697 34.505 34.355 34.215 34.107 34.012 33.96 33.972 33.932 33.907 33.602 33.487 33.32 32.852 32.865 32.807 33.09 32.792 32.735 32.637 32.595 32.54 32.437 32.377 32.295 32.147 32.02 31.897 31.767 31.597 31.422 31.32 31.237 31.14 31.06 31.002 30.935 30.882 30.792 30.71 30.662 30.602 30.517 30.455 30.352 30.262 30.195 30.075 30 29.937 29.845 29.765 29.737 29.685 29.625 29.54 29.452 29.42 29.335 29.22
37.115 36.865 36.587 36.36 36.197 36.027 35.887 35.837 35.805 35.915 35.372 35.097 34.832 34.647 34.48 34.31 34.15 34.042 33.967 33.99 33.98 34 34.15 33.605 33.162 33.03 32.987 32.95 32.907 32.875 32.817 32.767 32.735 32.685 32.6 32.512 32.435 32.315 32.17 32.005 31.88 31.7 31.525 31.375 31.282 31.187 31.115 31.047 30.952 30.91 30.837 30.72 30.675 30.615 30.5 30.46 30.365 30.25 30.195 30.067 29.997 29.935 29.867 29.805 29.747 29.66 29.625 29.547 29.45 29.407 29.325 29.217
37.255 37.082 36.865 36.545 36.307 36.225 36.487 36.47 36.295 36.31 38.09 36.497 35.845 34.847 34.69 34.49 34.352 34.307 35.035 34.672 34.152 37.812 34.21 33.577 33.252 33.172 33.107 33.057 32.925 32.877 32.865 32.83 32.805 32.77 32.7 32.64 32.562 32.442 32.29 32.087 31.962 31.785 31.582 31.415 31.302 31.217 31.135 31.085 31.012 30.957 30.88 30.795 30.725 30.63 30.537 30.537 30.355 30.252 30.205 30.1 30.037 29.947 29.892 29.83 29.75 29.675 29.62 29.55 29.495 29.412 29.302 29.22
38.487 38.377 37.96 37.622 36.895 36.545 36.997 37.06 36.682 39.69 42.865 39.125 40.3 35.365 35.172 35.097 34.652 35.27 35.447 34.57 34.957 36.557 34.412 33.497 33.357 33.29 33.19 33.105 33.015 32.977 32.95 32.89 32.84 32.795 32.77 32.687 32.625 32.515 32.365 32.237 32.055 31.877 31.67 31.497 31.352 31.245 31.18 31.097 31.04 30.962 30.895 30.84 30.752 30.647 30.547 30.437 30.347 30.277 30.182 30.097 30.045 29.992 29.897 29.827 29.755 29.687 29.62 29.55 29.485 29.407 29.305 29.215
37.882 37.602 37.355 36.982 36.78 36.565 36.41 36.257 36.192 41.57 39.585 36.262 36.287 36.135 35.677 35.18 35 35.005 34.83 35.545 35.717 35.227 34.15 33.567 33.427 33.35 33.255 33.182 33.095 33.057 33.022 32.927 32.86 32.842 32.81 32.73 32.655 32.545 32.4 32.277 32.152 31.96 31.715 31.55 31.397 31.272 31.215 31.13 31.05 30.99 30.932 30.865 30.782 30.682 30.555 30.46 30.377 30.307 30.205 30.105 30.027 29.955 29.877 29.827 29.755 29.69 29.637 29.562 29.487 29.407 29.315 29.197
37.52 37.337 37.165 36.965 36.8 36.617 36.42 36.33 36.132 36.497 36.142 35.712 36.762 36.442 35.482 35.277 34.997 34.87 34.795 34.84 35.47 35.027 33.917 33.672 33.517 33.425 33.357 33.232 33.157 33.102 33.065 32.952 32.91 32.88 32.827 32.775 32.677 32.555 32.44 32.305 32.192 32.02 31.77 31.587 31.45 31.325 31.225 31.12 31.055 30.972 30.9 30.877 30.78 30.682 30.59 30.492 30.382 30.312 30.197 30.125 30.047 29.957 29.897 29.84 29.76 29.677 29.622 29.545 29.502 29.405 29.277 29.212
37.755 37.45 37.267 37.132 36.962 36.852 36.715 36.635 36.312 36.097 35.837 35.697 35.552 35.42 35.29 35.205 35.572 35.892 34.852 35.96 36.997 36.037 33.957 33.785 33.627 33.507 33.39 33.302 33.242 33.165 33.087 33.002 32.962 32.917 32.89 32.802 32.68 32.592 32.48 32.345 32.205 32.047 31.83 31.655 31.482 31.362 31.265 31.152 31.08 30.987 30.915 30.872 30.787 30.687 30.62 30.517 30.385 30.307 30.21 30.15 30.062 29.95 29.887 29.835 29.755 29.687 29.605 29.535 29.462 29.367 29.272 29.205
38.075 37.72 37.45 37.317 37.302 37.262 37.125 36.91 36.607 36.32 36.12 35.725 35.59 35.425 35.287 35.167 35.01 36.095 35.912 35.49 37.922 36.965 35.68 34.3 33.725 33.567 33.47 33.402 33.33 33.22 33.145 33.062 33.002 32.942 32.912 32.782 32.672 32.607 32.5 32.387 32.257 32.057 31.862 31.68 31.532 31.442 31.325 31.202 31.102 31.032 30.975 30.892 30.795 30.695 30.61 30.505 30.372 30.317 30.217 30.132 30.04 29.947 29.88 29.83 29.76 29.7 29.617 29.522 29.445 29.352 29.272 29.197
38.35 37.982 37.647 37.562 37.552 37.535 37.385 37.195 36.987 36.705 36.412 35.997 35.785 35.572 35.672 35.597 35.067 34.945 34.81 35.382 38.237 34.805 35.545 35.61 35.432 34.405 33.967 33.54 33.377 33.285 33.185 33.105 33.045 32.992 32.925 32.782 32.66 32.61 32.512 32.412 32.275 32.102 31.912 31.702 31.55 31.465 31.347 31.237 31.127 31.052 31 30.92 30.807 30.695 30.622 30.5 30.382 30.292 30.22 30.127 30.042 29.965 29.865 29.812 29.74 29.697 29.61 29.502 29.45 29.352 29.265 29.197
39.39 38.125 37.815 37.755 37.75 37.757 37.65 37.452 37.24 36.985 36.727 36.36 36.302 36.095 35.747 36.39 36.302 35.72 34.95 34.702 34.54 34.455 34.412 34.847 35.592 35.795 35.602 35.122 34.33 33.595 33.372 33.13 33.045 32.98 32.907 32.8 32.7 32.637 32.52 32.402 32.25 32.115 31.917 31.722 31.592 31.51 31.375 31.265 31.157 31.047 31 30.912 30.815 30.707 30.615 30.495 30.387 30.265 30.197 30.102 30.05 29.962 29.867 29.802 29.727 29.657 29.56 29.497 29.417 29.335 29.26 29.165
39.672 38.242 38.02 37.93 37.895 37.855 37.772 37.707 37.547 37.31 37.02 36.715 36.37 35.982 35.73 35.85 35.23 35.655 36.527 34.715 34.597 34.917 34.537 34.245 34.105 34.205 35.182 35.312 35.227 34.825 34.475 34.09 33.32 32.995 32.907 32.825 32.722 32.62 32.517 32.392 32.242 32.097 31.935 31.737 31.617 31.53 31.407 31.282 31.187 31.107 31.025 30.93 30.817 30.72 30.61 30.485 30.337 30.255 30.192 30.122 30.055 29.955 29.89 29.772 29.722 29.62 29.527 29.477 29.405 29.317 29.23 29.13
39.252 38.272 38.16 38.097 38.012 37.947 37.812 37.747 37.68 37.56 37.43 37.177 36.772 36.375 36.012 35.597 35.245 34.992 34.815 34.7 34.667 34.827 35.52 35.577 35.182 33.985 33.832 33.77 33.83 34.177 34.782 35.227 34.855 34.462 33.905 33.265 32.762 32.592 32.477 32.337 32.21 32.07 31.922 31.77 31.63 31.522 31.467 31.312 31.215 31.107 31.03 30.935 30.825 30.702 30.615 30.467 30.347 30.27 30.192 30.13 30.035 29.942 29.87 29.775 29.705 29.602 29.54 29.477 29.387 29.287 29.217 29.122
39.74 42.492 39.107 38.175 38.12 38.322 38.83 37.795 37.725 37.677 38.247 37.467 37.152 37.277 36.445 35.96 35.34 34.877 34.837 34.845 34.795 34.595 34.525 34.697 36.155 36.675 35.087 33.837 33.637 33.527 33.422 33.865 34.147 34.812 34.352 33.89 33.81 33.487 32.907 32.325 32.172 32.05 31.897 31.765 31.652 31.582 31.482 31.347 31.227 31.092 31.037 30.932 30.82 30.722 30.602 30.437 30.31 30.237 30.18 30.09 30.012 29.96 29.895 29.785 29.715 29.59 29.492 29.44 29.377 29.265 29.195 29.125
39.987 42.467 42.187 38.32 38.225 38.26 38.77 39.515 39.23 40.88 43.535 39.925 38.257 41.007 38.177 36.372 35.862 35.027 34.752 34.897 35.525 34.635 34.455 34.287 35.907 34.272 33.99 35.155 34.312 35.615 33.627 33.285 33.2 33.182 33.28 33.327 33.832 34.2 33.99 33.442 32.53 32.235 31.867 31.757 31.655 31.607 32.232 32.08 31.23 31.132 31.025 30.917 30.815 30.687 30.572 30.427 30.312 30.222 30.145 30.06 29.987 29.927 29.852 29.765 29.672 29.57 29.485 29.417 29.325 29.237 29.16 29.1
40.125 39.392 40.912 38.63 38.27 38.307 40.39 41.54 40.937 41.062 46.045 42.772 38.272 38.547 37.427 37.21 36.475 36.26 35.137 35.767 35.52 34.862 34.635 34.342 34.17 33.9 33.697 33.615 33.55 35.115 35.09 35.532 33.77 33.322 32.977 32.822 32.85 32.98 33.535 33.502 33.92 32.877 32.372 32.035 31.675 31.575 31.562 31.422 31.29 31.142 30.997 30.905 30.782 30.675 30.535 30.39 30.292 30.202 30.107 30.037 29.932 29.89 29.807 29.722 29.642 29.552 29.462 29.39 29.317 29.205 29.17 29.085
39.687 40.165 40.617 42.587 40.197 40.132 39.69 40.965 41.292 41.642 41.955 41.017 38.287 37.485 37.517 37.802 37.35 37.122 38.665 35.83 34.91 34.855 34.802 34.545 34.217 33.987 33.74 33.592 33.502 33.365 33.272 33.442 33.425 36.452 34.542 33.392 32.822 32.627 32.495 32.387 32.422 32.57 32.55 33.512 32.992 32.412 34.257 31.5 31.785 33.005 33.03 32.667 30.797 30.645 30.51 30.382 30.3 30.18 30.065 30.002 29.912 29.857 29.782 29.695 29.615 29.53 29.435 29.342 29.275 29.2 29.137 29.08
43.115 42.63 42.615 48.845 46.307 41.31 38.542 41.105 42.002 42.09 42.207 42.235 38.995 37.495 37.537 37.315 37.077 36.927 36.85 36.69 35.907 34.84 34.642 34.637 34.432 34.12 33.847 33.642 33.527 33.43 33.322 33.175 33.03 33.407 33.32 33.532 34.347 34.94 35.067 34.685 32.257 32.152 32.01 31.952 32.332 33.872 33.967 36.24 32.722 33.677 31.242 33.302 30.8 30.697 30.532 30.4 30.292 30.18 30.077 30.005 29.935 29.862 29.777 29.692 29.62 29.545 29.44 29.365 29.282 29.21 29.147 29.082
45.375 46.9 47.427 48.47 47.347 40.332 38.655 41.86 42.46 42.412 42.442 42.367 39.275 37.58 37.752 37.565 38.417 38.025 37.235 37.097 36.922 35.675 34.507 34.475 34.48 34.272 33.99 33.74 33.605 33.457 33.335 33.21 33.087 32.965 32.827 32.695 32.535 32.685 32.607 33.125 34.727 34.235 32.182 31.93 31.795 31.88 35.317 36.195 34.63 35.135 36.932 34.675 34.492 30.785 30.52 30.422 30.297 30.187 30.107 30.012 29.937 29.86 29.785 29.68 29.622 29.545 29.435 29.357 29.31 29.227 29.15 29.092
41.097 44.927 48.127 47.57 42.302 38.455 39.205 41.237 41.745 41.705 41.625 41.562 39.24 37.715 38.157 40.14 40.547 39.97 38.672 37.587 37.272 36.282 34.91 34.207 34.337 34.3 34 33.797 33.57 33.425 33.315 33.187 33.087 32.952 32.84 32.69 32.515 32.375 32.227 32.267 33.855 35.185 33.667 33.337 33.157 32.41 36.4 34.71 31.382 31.54 36.387 37.27 33.53 32.417 31.78 31.18 30.69 30.43 30.112 30.017 29.925 29.84 29.742 29.67 29.582 29.507 29.437 29.355 29.28 29.217 29.145 29.07
39.407 46.407 46.717 46.127 41.905 38.482 38.457 39.96 41.192 41.16 41.147 41.075 39.412 37.825 39.185 39.677 40.41 40.19 39.12 37.362 37.43 36.55 38.445 35.045 34.462 34.12 33.962 33.782 33.545 33.4 33.255 33.147 33.027 32.925 32.825 32.702 32.582 32.412 32.252 32.115 31.962 31.952 32.02 33.23 33.262 33.19 32.122 31.94 32.055 35.687 41.542 33.1 32.717 31.73 31.992 32.482 32.097 31.637 31.232 30.402 29.975 29.83 29.732 29.602 29.507 29.47 29.415 29.347 29.295 29.215 29.16 29.13
40.34 45.415 43.19 43.61 40.217 38.54 38.492 39.355 40.332 40.31 40.29 39.717 38.782 37.947 38.502 39.35 40.27 40.232 39.345 37.827 36.21 35.312 35.467 37.082 36.235 34.892 33.93 33.855 33.61 33.397 33.26 33.115 32.997 32.875 32.77 32.68 32.587 32.447 32.312 32.167 32.005 31.865 31.765 31.67 31.56 31.727 31.712 32.447 34.342 34.012 34.74 31.445 30.895 30.805 30.715 31.045 31.297 31.617 32.022 31.5 31.17 30.59 29.855 29.58 29.507 29.46 29.4 29.322 29.252 29.197 29.155 29.107
46.355 44.815 40.262 40.897 40.382 38.542 38.522 38.47 38.387 38.35 38.185 38.075 37.99 37.937 38.07 38.94 39.61 39.357 38.807 37.257 35.692 35.152 34.892 34.81 34.965 34.76 33.94 33.805 33.675 33.51 33.32 33.1 32.977 32.852 32.78 32.665 32.55 32.417 32.28 32.132 32.005 31.87 31.782 31.677 31.557 31.427 31.33 32.115 32.542 32.542 33.002 32.937 32.537 31.587 31.137 30.612 30.535 30.422 30.557 31.025 31.287 30.985 31.46 30.805 29.83 29.645 29.357 29.31 29.272 29.18 29.135 29.065
40.33 44.49 42.705 41.465 40.59 38.545 38.465 38.435 38.39 38.325 38.215 38.112 38.04 37.935 37.937 38.5 38.662 38.107 36.48 35.625 35.327 35.112 34.865 34.605 34.372 34.29 35.42 34.98 33.55 33.52 33.332 33.125 32.972 32.84 32.732 32.627 32.547 32.425 32.265 32.1 31.962 31.87 31.752 31.645 31.527 31.42 31.33 31.635 31.78 31.64 31.62 31.532 31.975 31.932 32.262 32.11 31.4 30.562 30.322 30.205 30.187 30.12 30.69 31.15 31.385 30.985 30.597 30.037 29.445 29.207 29.112 29.032
40.13 40.825 41.01 40.727 39.477 38.59 38.5 38.445 38.395 38.285 38.197 38.105 37.99 37.885 37.755 37.302 36.647 36.342 36.035 35.705 35.427 35.175 34.905 34.595 34.4 34.255 34.16 35.16 36.127 33.732 33.347 33.147 32.97 32.835 32.715 32.617 32.522 32.39 32.237 32.092 31.935 31.837 31.702 31.587 31.477 31.382 31.322 31.312 31.192 31.07 30.89 30.752 30.627 30.59 30.92 31.055 31.5 31.892 31.7 31.105 30.352 30.112 30 29.947 30.272 30.71 31.317 30.585 30.697 30.015 29.622 29.137
39.8 39.867 39.715 39.762 39.292 38.585 38.48 38.455 38.37 38.257 38.18 38.05 37.92 37.837 37.692 37.23 36.56 36.287 36.022 35.732 35.475 35.175 34.935 34.687 34.502 34.315 34.192 34.06 35.905 35.447 33.535 33.18 33.037 32.842 32.695 32.577 32.487 32.34 32.217 32.062 31.91 31.787 31.675 31.555 31.435 31.347 31.28 31.205 31.117 31.01 30.935 30.785 30.697 30.567 30.465 30.34 30.28 30.355 30.957 31.202 31.467 31.79 30.87 30.565 29.86 29.757 29.722 29.715 30.305 30.732 30.935 30.892
39.66 39.465 39.302 39.087 38.86 38.615 38.537 38.46 38.417 38.23 38.217 38.075 37.865 37.7 37.597 37.137 36.53 36.277 36.035 35.78 35.515 35.245 34.97 34.73 34.535 34.377 34.242 34.32 34.57 35.792 34.507 33.112 33.095 32.892 32.697 32.577 32.46 32.322 32.177 32.097 31.942 31.79 31.652 31.527 31.427 31.33 31.262 31.195 31.075 30.967 30.902 30.8 30.707 30.62 30.532 30.39 30.29 30.19 30.09 29.96 29.895 30.347 30.952 31.31 31.25 30.255 29.842 29.662 29.595 29.532 29.657 29.835
