All_lidar/sz5890_DSM_2M.asc
ncols 500
nrows 500
xllcorner    458000
yllcorner    90000
cellsize     2
NODATA_value -9999
[rows 96 to 127 of 500, columns 216 to 287 of 500]
33.828 33.725 33.575 33.44 33.303 33.29 33.238 33.203 33.113 32.99 32.955 32.938 32.883 32.893 32.858 32.82 32.778 32.73 32.618 32.543 32.545 32.478 32.495 32.05 33.063 31.773 31.55 35.415 32.658 31.243 31.16 30.925 30.835 30.755 30.76 30.692 30.667 30.625 30.63 30.535 30.437 30.375 30.365 30.34 30.345 30.31 30.292 30.252 30.21 30.181 30.098 30.045 29.973 29.85 29.737 29.585 29.472 29.379 29.304 29.22 29.139 29.083 28.986 28.917 28.821 28.733 28.665 28.59 28.492 28.395 28.36 28.3
33.935 33.855 33.798 33.678 33.643 33.533 33.448 33.393 33.303 33.23 33.143 33.105 33.075 33.075 33.063 33.008 32.968 32.9 32.82 32.865 32.928 32.633 32.778 32.445 33.37 32.515 31.693 32.333 31.705 31.203 31.145 30.948 30.795 30.703 30.735 30.702 30.615 30.577 30.467 30.4 30.392 30.37 30.357 30.357 30.375 30.37 30.335 30.322 30.237 30.145 30.082 30.031 30.003 29.888 29.744 29.584 29.475 29.41 29.327 29.237 29.174 29.106 29.031 28.943 28.856 28.788 28.728 28.657 28.565 28.492 28.405 28.355
34.075 34.003 33.935 33.903 33.88 33.743 33.645 33.58 33.51 33.435 33.333 33.265 33.248 33.248 33.233 33.198 33.133 33.028 33.175 33.768 33.268 32.728 32.56 32.405 31.935 31.733 33.63 32.35 31.645 31.228 31.125 30.96 30.835 30.755 30.697 30.66 30.62 30.49 30.38 30.315 30.412 30.375 30.365 30.41 30.422 30.395 30.374 30.322 30.23 30.147 30.076 30.017 29.968 29.862 29.718 29.618 29.487 29.395 29.338 29.26 29.218 29.166 29.065 28.972 28.91 28.841 28.798 28.717 28.64 28.58 28.505 28.422
34.23 34.153 34.15 34.075 34.038 33.94 33.828 33.755 33.668 33.573 33.528 33.46 33.46 33.398 33.435 33.365 33.3 33.32 33.64 34.52 33.828 33.673 34.838 32.67 32.05 33.08 34.533 31.65 31.205 31.3 31.205 31.018 30.845 30.803 30.717 30.64 30.585 30.482 30.407 30.387 30.387 30.387 30.395 30.447 30.43 30.418 30.401 30.269 30.196 30.141 30.076 30.019 29.948 29.847 29.759 29.664 29.547 29.424 29.374 29.321 29.278 29.219 29.126 29.027 28.976 28.908 28.863 28.776 28.688 28.615 28.56 28.482
34.647 34.435 34.362 34.345 34.33 34.152 34.035 33.895 33.827 33.775 33.737 33.702 33.685 33.66 33.617 33.57 33.63 33.812 33.602 33.715 33.517 34.437 35.19 33.195 32.132 32.75 34.062 31.455 31.375 31.322 31.21 31.087 30.965 30.865 30.707 30.627 30.562 30.502 30.465 30.46 30.447 30.44 30.41 30.475 30.494 30.511 30.467 30.297 30.191 30.132 30.059 29.957 29.905 29.873 29.822 29.722 29.618 29.506 29.438 29.394 29.316 29.262 29.186 29.089 29.023 28.961 28.89 28.808 28.73 28.649 28.583 28.51
36.032 34.822 35.262 34.615 34.792 34.367 34.162 34.08 34.017 33.985 33.947 33.905 33.902 33.902 33.822 33.777 33.942 34.287 34.172 33.535 33.39 34.49 36.357 33.367 32.28 31.9 31.532 31.47 31.492 31.41 31.347 31.24 31.092 30.922 30.755 30.607 30.55 30.542 30.517 30.447 30.432 30.442 30.462 30.47 30.544 30.465 30.398 30.27 30.19 30.106 30.037 29.939 29.912 29.869 29.826 29.77 29.702 29.596 29.545 29.502 29.422 29.352 29.245 29.152 29.076 29.006 28.924 28.849 28.788 28.706 28.625 28.526
35.792 35.027 35.807 35.537 36.59 34.62 34.342 34.325 34.28 34.197 34.15 34.125 34.09 34.05 34.065 34.087 34.132 34.31 34.472 34.995 35 33.867 35.052 33.815 32.742 32.185 31.977 31.835 31.74 31.625 31.535 31.425 31.23 31.07 30.967 30.725 30.642 30.587 30.542 30.467 30.447 30.45 30.508 30.496 30.499 30.438 30.388 30.28 30.208 30.105 30.048 29.979 29.93 29.873 29.831 29.784 29.727 29.67 29.646 29.61 29.507 29.432 29.313 29.227 29.154 29.069 28.994 28.917 28.844 28.76 28.677 28.583
35.452 35.195 35.8 35.847 35.207 34.61 34.57 34.62 34.565 34.465 34.392 34.355 34.315 34.29 34.275 34.265 34.307 34.932 34.9 34.552 34.597 34.427 33.76 33.667 33.105 32.537 32.38 32.245 32.13 31.925 31.84 31.695 31.595 31.427 31.2 30.94 30.82 30.732 30.587 30.475 30.442 30.412 30.517 30.533 30.461 30.432 30.383 30.3 30.209 30.118 30.069 30.013 29.953 29.888 29.847 29.797 29.744 29.728 29.716 29.69 29.601 29.484 29.69 29.288 29.244 29.164 29.068 28.985 28.916 28.82 28.748 28.653
35.842 36.43 37.197 35.84 34.897 34.86 34.885 34.89 34.797 34.767 34.635 34.567 34.575 34.497 34.505 34.495 34.66 35.475 35.13 35.49 35.007 34.792 33.637 33.385 33.127 32.885 32.747 32.637 32.437 32.27 32.15 32.037 31.862 31.66 31.97 31.44 31.452 30.655 31.252 30.497 30.402 30.488 30.447 30.403 30.436 30.4 30.345 30.304 30.193 30.093 30.09 30.054 29.999 29.936 29.884 29.833 29.812 30.186 30.125 31.057 30.608 29.633 29.758 29.387 29.309 29.259 29.181 29.092 29.023 28.999 29.019 28.738
35.567 36.252 39.312 36.947 35.317 35.157 35.167 35.162 35.08 35.027 34.922 34.792 34.73 34.732 34.682 34.64 34.702 34.62 34.632 34.482 34.472 34.145 33.76 33.52 33.392 33.147 33.045 32.917 32.782 32.6 32.407 32.232 32.082 32.252 32.12 31.26 31.582 31.06 30.525 30.437 30.4 30.573 30.571 30.43 30.355 30.358 30.329 30.288 30.208 30.122 30.115 30.077 30.051 29.973 29.903 29.883 30.071 31.84 30.501 32.321 32.291 31.039 29.669 29.423 29.368 29.323 29.304 29.219 29.148 29.449 29.297 28.837
36.5 36.075 36.727 35.625 35.487 35.445 35.407 35.382 35.302 35.25 35.15 35.132 34.99 34.905 34.855 34.767 34.662 34.545 34.467 34.287 34.14 34 33.86 33.745 33.615 33.447 33.277 33.125 32.952 32.767 32.577 32.487 32.897 32.98 31.727 32.96 35.152 32.375 30.342 30.337 30.338 30.52 30.604 30.455 30.318 30.336 30.323 30.289 30.26 30.186 30.163 30.121 30.066 29.985 29.934 29.894 29.908 30.549 31.425 32.875 33.192 32.37 31.292 29.862 29.458 29.423 29.407 29.628 30.13 29.486 29.011 28.885
35.912 35.677 35.705 35.712 35.65 35.68 35.7 35.67 35.562 35.74 35.557 35.83 35.22 35.097 35.03 34.95 34.862 34.662 34.547 34.455 34.32 34.112 34.015 33.877 33.687 33.53 33.38 33.2 33.07 32.922 32.86 32.875 34.26 33.742 33.485 39.917 40.13 33.72 30.275 30.425 30.473 30.677 30.707 30.496 30.318 30.314 30.3 30.263 30.258 30.231 30.22 30.182 30.116 30.055 29.935 29.695 29.519 29.502 33.895 35.082 33.958 31.206 31.281 30.184 29.772 30.654 31.267 32.052 31.733 30.433 29.863 29.371
36.257 38.5 38.652 37.622 36.04 36.16 35.987 35.932 35.912 35.8 36.04 36.755 35.91 35.305 35.205 35.08 34.982 34.855 34.74 34.585 34.427 34.312 34.145 34.032 33.845 33.637 33.46 33.272 33.147 33.03 32.985 33.762 32.625 31.857 35.17 40.762 40.65 36.155 30.44 30.578 30.411 30.728 30.537 30.355 30.28 30.291 30.282 30.253 30.249 30.24 30.222 30.21 30.192 29.946 29.763 29.342 29.705 30.022 31.956 35.265 34.72 33.246 31.579 32.86 32.751 31.769 32.385 31.131 31.063 30.401 30.083 30.447
38.822 40.417 37.832 37.61 36.235 36.407 37.24 36.22 35.975 37.93 36.167 35.897 35.912 35.475 35.375 35.222 35.127 35.025 34.925 34.747 34.63 34.477 34.347 34.207 33.967 33.687 33.51 33.25 33.125 33.027 33.02 33.305 33.705 34.372 32.872 36.655 39.342 36.372 30.725 30.8 30.393 30.421 30.33 30.865 30.277 30.269 30.278 30.265 30.256 30.249 30.22 30.211 30.064 29.813 29.352 29.287 -9999 -9999 32.796 34.178 33.257 32.648 33.397 33.398 35.058 32.682 30.544 29.827 29.993 29.797 29.715 30.162
38.81 37.98 39.765 37.245 37.73 37.622 39.815 42.077 36.375 36.615 36.105 36 35.855 35.637 35.542 35.475 35.372 35.267 35.112 34.967 34.825 34.677 34.522 34.352 34.05 33.725 34.85 33.352 33.115 32.962 32.872 32.807 32.747 32.275 31.422 31.767 35.85 32.705 31.093 30.827 30.577 30.571 30.438 30.973 30.27 30.238 30.266 30.294 30.264 30.233 30.186 30.057 29.7 29.27 29.25 -9999 -9999 -9999 -9999 -9999 -9999 29.325 29.342 29.272 29.3 29.537 29.472 29.775 29.891 29.605 29.536 29.779
37.887 37.945 39.192 38.057 38.917 41.79 41.092 37.74 36.85 36.525 36.3 36.165 36.047 35.89 35.797 35.717 35.627 35.482 35.32 35.14 34.967 34.85 34.732 34.537 34.22 34.737 34.165 33.357 33.152 32.937 32.817 32.692 32.647 32.78 31.752 31.137 31.125 31.123 30.996 31.102 30.894 30.544 30.436 30.307 30.289 30.279 30.262 30.262 30.251 30.166 30.064 29.938 29.39 29.3 29.305 -9999 -9999 -9999 -9999 -9999 -9999 -9999 29.373 29.28 29.302 29.295 29.396 29.712 30.225 30.601 29.715 29.403
37.86 37.91 38.117 38.277 39.072 40.55 40.07 37.235 39.415 38.507 37.14 36.495 36.35 36.282 36.127 36.005 35.91 35.727 35.515 35.322 35.132 35.017 34.92 35.037 37.427 35.852 36.322 33.205 33.152 33.137 33.025 32.755 32.515 32.09 31.552 31.333 31.375 31.169 30.788 30.742 30.467 30.387 30.361 30.393 30.664 30.706 30.307 30.195 30.147 29.969 29.75 29.402 29.312 -9999 -9999 -9999 -9999 -9999 -9999 -9999 -9999 -9999 -9999 29.41 29.375 29.325 29.377 29.692 30.592 30.875 30.121 29.461
38.055 38.207 38.25 38.507 38.752 39.115 38.67 39.277 39.735 43.077 38.12 36.767 36.655 36.537 36.427 36.342 36.172 35.962 35.8 35.572 35.4 35.235 35.095 37.752 43.02 38.722 34.775 33.077 33.205 33.077 33.002 32.735 32.455 31.972 31.586 31.475 31.464 31.147 32.165 30.722 30.447 30.609 30.411 30.521 31.555 31.197 30.21 30.292 30.814 34.686 29.282 29.315 29.287 -9999 -9999 -9999 -9999 -9999 -9999 -9999 -9999 -9999 29.36 29.385 29.32 29.292 29.267 29.59 29.682 29.778 29.665 29.589
38.157 38.465 38.585 39.005 39.3 39.062 38.942 39.685 38.74 40.765 38.502 37.567 37.16 36.665 36.557 36.67 36.502 36.235 36.097 35.915 35.72 35.495 35.305 35.285 39.37 35.472 34.027 33.407 33.67 32.455 32.092 32.427 32.34 31.752 31.625 31.454 31.114 32.415 35.563 35.632 31.035 30.504 30.525 30.597 31.575 31.075 30.242 34.701 36.677 36.202 35.547 30.045 29.427 29.306 -9999 -9999 -9999 -9999 -9999 -9999 -9999 -9999 33.9 34.59 34.51 32.738 30.601 29.271 29.612 29.606 29.663 29.681
38.375 38.987 38.557 39.105 39.34 38.967 38.862 38.975 38.877 40.242 39.207 39.03 38.46 37.062 36.825 36.72 36.605 36.535 36.382 36.262 35.967 35.732 35.507 35.365 39.192 35.95 36.262 33.68 34.982 35.44 32.69 31.39 32.025 31.919 31.807 31.657 32.382 32.517 31.64 31.902 30.982 30.625 30.667 30.49 31.077 30.645 30.006 32.722 33.199 32.233 35.066 37.148 36.537 -9999 -9999 -9999 -9999 -9999 -9999 -9999 -9999 -9999 35.194 34.68 34.71 32.784 30.82 30.395 29.74 30.099 29.698 29.647
38.505 38.467 38.517 38.882 38.86 38.565 38.46 38.487 38.672 38.58 38.222 38.405 38.08 37.847 37.825 37.75 37.895 36.777 36.72 36.435 36.237 36.012 35.8 35.66 39.942 40.02 36.017 33.035 32.89 32.492 31.435 31.34 31.806 31.904 31.613 30.895 31.336 32.422 31.015 31.32 32.644 33.436 33.633 31.315 30.685 30.504 33.335 30.628 31.109 32.837 35.407 37.36 36.812 -9999 -9999 -9999 -9999 -9999 -9999 -9999 -9999 29.35 33.484 34.759 33.257 30.534 31.112 31.355 31.012 30.91 30.156 29.602
38.64 38.62 38.66 38.597 38.58 38.495 38.512 38.445 38.582 38.462 38.785 38.665 38.28 38.495 38.165 38.14 39.257 37.427 36.847 36.655 36.45 36.225 36.027 36.035 39.58 40.185 36.962 32.895 32.397 32.027 31.617 31.37 31.567 31.934 31.685 31.73 31.278 30.334 30.74 33.493 32.178 33.198 34.394 31.725 31.979 38.932 36.8 31.035 32.756 33.966 35.65 36.784 35.537 -9999 -9999 -9999 34.552 35.593 37.836 37.908 34.618 29.823 30.843 32.826 32.19 30.205 31.029 32.669 31.251 31.117 31.034 29.662
38.79 38.792 38.735 38.655 38.632 38.602 38.577 38.545 38.58 38.457 38.417 38.352 38.51 38.435 38.31 38.027 38.372 38.85 38.315 37.607 36.987 36.47 36.227 36.072 38.202 38.56 35.982 32.927 32.442 32.042 31.98 32.53 33.982 32.873 31.888 31.788 30.964 30.308 30.213 32.844 31.984 31.481 33.403 33.547 35.562 35.171 33.073 29.91 30.065 33.012 38.116 38.029 36.111 -9999 -9999 -9999 37.032 35.965 36.994 34.578 30.099 30.861 31.381 30.802 30.95 30.75 30.928 32.278 31.06 30.886 30.693 29.657
38.957 38.925 38.87 38.807 38.747 38.742 38.685 38.76 38.597 38.607 38.545 38.362 38.412 38.475 38.367 38.132 38.025 39.11 41.695 40.602 39.225 38.05 37.522 36.145 35.897 35.555 36.042 34.595 33.075 32.355 32.005 31.967 31.747 31.578 31.378 31.291 31.079 30.917 30.415 32.887 31.817 32.868 32.588 35.804 37.637 32.811 30.084 30.366 32.843 38.147 39.244 37.373 35.114 40.55 33.8 33.608 34.063 32.022 31.793 30.6 30.489 30.129 30.737 31.59 31.403 31.274 30.361 31.323 31.001 29.999 30.32 30.352
39.135 39.052 39 38.95 38.905 38.895 38.827 38.782 38.712 38.667 38.582 38.497 38.432 38.445 38.352 38.142 38.007 37.99 38.382 38.88 39.15 38.397 38.49 38.415 38.11 35.917 36.877 36.412 34.452 32.757 32.495 31.971 31.574 31.35 31.279 31.817 30.869 30.688 30.864 31.606 32.823 32.613 31.093 31.222 33.555 31.391 30.021 33.871 37.615 37.66 36.579 40.431 40.469 35.654 32.246 32.023 32.158 30.677 30.87 31.755 32.981 31.216 31.106 32.973 32.771 32.012 30.913 31.096 30.905 30.008 30.456 30.545
39.31 39.215 39.167 39.117 39.04 39.05 38.962 38.902 38.865 38.785 38.69 38.595 38.525 38.5 38.385 38.147 38.04 37.935 38.457 38.825 39.35 39.495 39.452 37.327 37.115 35.155 36.662 35.16 33.44 33.227 32.622 32.088 31.766 31.576 31.301 33.748 31.66 30.467 31.451 32.777 32.252 30.745 29.624 29.471 30.121 32.544 35.61 29.355 36.176 38.057 37.449 36.399 36.73 35.298 32.294 31.874 31.7 30.897 32.301 32.871 32.701 32.98 31.942 33.007 32.754 32.348 31.8 31.165 31.175 30.749 30.123 30.117
39.612 39.442 39.35 39.305 39.245 39.185 39.102 39.057 39.005 38.917 38.787 38.705 38.64 38.532 38.352 38.242 38.107 37.93 38.022 38.492 38.615 38.775 39.462 39.737 37.58 36.707 37.672 36.202 34.1 34.657 32.89 33.948 31.957 31.785 31.621 33.405 32.736 30.334 30.604 32.185 32.018 34.101 29.424 29.538 30.505 35.675 31.765 29.445 29.355 38.124 38.322 32.787 30.525 31.401 30.72 30.478 31.274 30.738 31.206 33.05 32.791 33.294 32.757 31.72 31.874 32.194 31.845 31.439 31.621 31.389 30.279 29.793
39.77 39.647 39.575 39.507 39.427 39.355 39.275 39.21 39.127 39.027 38.912 38.862 38.7 38.6 38.455 38.327 38.205 38.067 37.95 37.872 37.797 37.75 38.19 39.42 39.14 38.485 36.977 37.042 34.35 35.387 33.005 35.912 32.383 32.193 31.837 32.972 32.424 34.034 33.471 32.915 31.868 33.504 29.243 29.285 29.35 -9999 -9999 29.26 29.307 29.385 35.519 32.451 29.951 30.015 31.315 32.329 32.502 30.948 30.917 33.124 33.11 33.952 33.954 30.913 31.207 32.034 31.226 31.248 31.911 31.351 30.314 29.768
39.975 39.9 39.76 39.722 39.605 39.537 39.44 39.342 39.265 39.187 39.065 38.935 38.837 38.712 38.56 38.485 38.337 38.242 38.117 37.957 37.847 37.792 38.12 39.187 39.83 38.927 37.96 35.655 35.58 36.147 33.145 34.022 37.407 32.336 32.185 34.551 34.683 32.929 32.819 32.013 31.358 35.584 29.324 29.272 29.292 -9999 -9999 -9999 -9999 29.393 29.402 29.347 29.27 30.022 32.089 34.201 31.65 30.376 30.951 31.854 31.775 32.255 31.896 31.052 31.275 32.149 31.56 31.595 31.079 30.586 30.066 29.852
40.127 40.04 39.932 39.877 39.787 39.695 39.58 39.472 39.412 39.307 39.187 39.042 38.955 38.865 38.675 38.617 38.427 38.347 38.225 38.065 37.93 37.847 37.735 38.252 38.63 38.862 39.062 37.01 34.862 33.892 33.162 34.583 35.251 32.438 32.289 33.526 35.996 32.267 31.768 30.897 31.388 36.642 36.189 29.655 29.322 -9999 -9999 -9999 -9999 -9999 -9999 29.337 29.317 29.628 30.206 31.425 30.333 30.812 31.348 31.561 31.276 31.205 31.2 31.13 31.306 31.842 31.425 30.964 30.491 30.361 30.014 30.082
40.297 40.18 40.12 40.035 39.92 39.832 39.7 39.615 39.515 39.417 39.285 39.155 39.005 38.877 38.757 38.675 38.482 38.392 38.275 38.132 38.015 37.875 37.74 37.68 38.29 38.342 38.21 37.91 35.485 34.33 33.497 33.046 33.032 33.272 32.536 33.246 35.552 31.41 31.304 30.858 32.015 33.053 32.426 32.082 30.307 -9999 -9999 -9999 -9999 -9999 -9999 29.24 29.262 29.526 29.862 30.049 30.542 31.216 31.529 32.093 31.577 31.465 31.874 31.33 31.122 31.115 30.815 30.659 31.083 30.378 30.116 30.026
40.432 40.577 40.267 40.12 40.067 39.945 39.835 39.735 39.602 39.515 39.375 39.207 39.1 38.96 38.792 38.73 38.542 38.432 38.317 38.217 38.042 37.897 37.732 37.68 38.152 37.397 37.595 38.075 35.362 34.527 33.832 33.337 33.131 33.032 33.722 33.97 32.636 31.794 32.352 32.013 33.87 36.589 32.277 30.211 29.917 29.64 -9999 -9999 -9999 -9999 -9999 29.235 29.267 31.688 29.806 30.006 30.447 31.148 32.343 33.206 32.079 32.158 32.044 31.422 31.2 30.974 30.894 30.906 30.62 30.328 30.2 30.622
