All_lidar/sz5886_DSM_2M.asc
ncols 500
nrows 500
xllcorner    458000
yllcorner    86000
cellsize     2
NODATA_value -9999
[rows 384 to 415 of 500, columns 216 to 287 of 500]
34.317 34.749 34.654 34.699 34.699 34.767 34.889 35.062 35.252 35.434 35.624 35.777 35.929 36.107 36.289 36.504 36.704 36.899 37.109 37.314 37.534 37.759 38.009 38.222 38.447 38.674 38.874 39.067 39.284 39.487 39.682 39.882 40.082 40.264 40.464 40.627 40.844 41.029 41.232 41.399 41.592 41.747 41.907 42.042 42.177 42.307 42.474 42.514 42.727 43.199 44.497 43.644 43.747 43.842 43.957 44.097 44.239 44.389 44.532 44.692 44.864 45.027 45.212 45.382 45.609 45.809 46.002 46.227 46.364 46.532 46.734 46.922
34.737 34.699 34.657 34.642 34.689 34.797 34.954 35.127 35.324 35.517 35.674 35.854 36.062 36.262 36.419 36.632 36.832 37.042 37.264 37.457 37.679 37.917 38.172 38.369 38.604 38.797 39.004 39.219 39.429 39.649 39.817 40.024 40.222 40.402 40.597 40.804 40.979 41.167 41.357 41.519 41.644 41.839 41.944 42.157 42.274 42.409 43.137 42.697 43.172 44.434 44.479 43.727 43.807 43.907 44.032 44.174 44.319 44.464 44.619 44.769 44.922 45.102 45.299 45.512 45.707 45.902 46.144 46.342 46.499 46.652 46.849 47.062
34.469 34.579 34.612 34.627 34.704 34.844 35.022 35.232 35.437 35.619 35.794 35.982 36.142 36.344 36.552 36.772 36.967 37.192 37.407 37.619 37.847 38.079 38.314 38.494 38.719 38.929 39.124 39.362 39.549 39.772 39.959 40.174 40.342 40.534 40.709 40.904 41.102 41.277 41.462 41.622 41.752 41.919 42.052 42.249 42.337 43.502 43.059 42.819 43.447 44.057 43.749 43.792 43.879 44.002 44.134 44.279 44.412 44.537 44.732 44.852 45.044 45.189 45.377 45.599 45.789 46.019 46.274 46.462 46.644 46.812 46.992 47.234
34.484 34.562 34.582 34.639 34.759 34.939 35.137 35.327 35.532 35.712 35.897 36.074 36.274 36.462 36.674 36.927 37.159 37.364 37.554 37.752 38.009 38.234 38.442 38.654 38.872 39.059 39.254 39.469 39.674 39.874 40.099 40.282 40.447 40.647 40.819 41.024 41.229 41.389 41.572 41.707 41.862 42.009 42.157 42.304 42.937 43.212 42.767 42.852 43.222 43.619 43.747 43.829 43.957 44.119 44.257 44.362 44.489 44.662 44.814 44.972 45.144 45.289 45.482 45.714 45.884 46.132 46.389 46.582 46.737 46.934 47.172 47.394
34.502 34.502 34.549 34.692 34.844 35.024 35.229 35.409 35.612 35.802 36.007 36.162 36.392 36.594 36.839 37.054 37.307 37.492 37.719 37.932 38.162 38.372 38.577 38.794 38.979 39.164 39.352 39.577 39.797 39.997 40.209 40.407 40.592 40.764 40.934 41.117 41.322 41.497 41.662 41.827 41.977 42.102 42.279 42.407 43.064 42.777 42.807 43.224 44.634 44.132 43.834 43.927 44.044 44.229 44.382 44.517 44.647 44.762 44.919 45.097 45.272 45.404 45.609 45.822 45.984 46.222 46.467 46.664 46.859 47.064 47.319 47.532
34.487 34.464 34.609 34.757 34.924 35.122 35.312 35.522 35.719 35.899 36.104 36.329 36.524 36.739 36.957 37.192 37.429 37.639 37.842 38.089 38.289 38.529 38.699 38.922 39.109 39.289 39.467 39.702 39.904 40.117 40.297 40.482 40.682 40.862 41.039 41.274 41.459 41.612 41.754 41.927 42.057 42.199 42.379 42.937 42.804 42.877 43.692 43.949 44.112 43.969 44.049 44.159 44.162 44.329 44.519 44.669 44.824 44.912 45.064 45.214 45.379 45.567 45.784 45.937 46.134 46.342 46.559 46.777 46.964 47.179 47.417 47.672
34.467 34.522 34.642 34.809 35.029 35.232 35.457 35.634 35.824 36.029 36.232 36.414 36.669 36.869 37.092 37.339 37.554 37.767 37.989 38.217 38.454 38.642 38.837 39.044 39.242 39.439 39.652 39.844 40.039 40.209 40.439 40.574 40.797 40.957 41.187 41.382 41.567 41.712 41.864 41.987 42.112 42.232 42.952 43.027 42.892 43.852 44.744 44.259 44.074 44.374 44.227 44.294 44.359 44.664 45.329 45.317 45.687 45.699 45.384 45.497 45.592 45.759 45.967 46.189 46.377 46.594 46.797 47.039 47.242 47.389 47.554 47.762
34.469 34.569 34.742 34.902 35.129 35.312 35.559 35.774 35.957 36.144 36.374 36.564 36.807 37.022 37.242 37.467 37.669 37.917 38.109 38.342 38.574 38.787 38.999 39.179 39.372 39.569 39.757 39.949 40.122 40.319 40.534 40.684 40.872 41.079 41.289 41.472 41.644 41.807 41.904 42.052 42.184 42.539 43.037 42.744 43.999 44.584 43.992 43.947 44.082 44.224 44.282 44.372 44.577 44.807 45.137 45.342 45.629 45.932 45.902 45.967 46.267 46.259 46.537 46.999 47.012 47.297 48.009 49.037 49.272 48.447 48.074 48.514
34.484 34.642 34.812 35.027 35.217 35.444 35.672 35.882 36.057 36.272 36.519 36.739 36.939 37.152 37.342 37.544 37.799 38.029 38.257 38.457 38.694 38.912 39.109 39.269 39.472 39.689 39.892 40.079 40.249 40.447 40.592 40.804 41.009 41.207 41.434 41.579 41.754 41.869 41.972 42.127 42.344 43.069 42.752 43.599 44.152 43.817 43.927 44.159 44.304 44.294 44.334 44.537 44.754 44.932 45.092 45.264 45.449 45.659 45.902 46.119 46.362 46.564 46.777 47.047 47.282 47.539 47.814 48.062 48.314 48.437 48.487 48.639
34.554 34.717 34.904 35.122 35.352 35.562 35.782 35.984 36.184 36.377 36.642 36.854 37.059 37.259 37.474 37.674 37.922 38.154 38.377 38.607 38.804 39.014 39.217 39.392 39.572 39.797 39.977 40.159 40.367 40.549 40.752 40.932 41.127 41.272 41.519 41.659 41.822 41.937 42.059 42.207 42.834 42.842 43.147 44.379 43.719 43.834 43.944 44.054 44.209 44.322 44.412 44.667 44.857 45.024 45.187 45.369 45.582 45.814 46.012 46.207 46.429 46.642 46.874 47.074 47.314 47.584 47.877 48.182 48.429 48.572 48.689 48.889
34.662 34.804 35.014 35.202 35.454 35.669 35.852 36.072 36.274 36.517 36.742 36.959 37.174 37.417 37.589 37.834 38.024 38.262 38.489 38.692 38.887 39.119 39.322 39.492 39.689 39.904 40.082 40.294 40.482 40.672 40.859 41.024 41.204 41.409 41.599 41.782 41.892 41.982 42.149 42.337 43.004 42.677 44.039 43.787 43.739 43.869 43.972 44.064 44.199 44.367 44.497 44.704 44.884 45.042 45.207 45.389 45.604 45.814 46.047 46.252 46.469 46.697 46.934 47.137 47.397 47.644 47.934 48.222 48.472 48.697 48.832 49.044
34.734 34.907 35.119 35.354 35.569 35.759 35.967 36.172 36.404 36.614 36.864 37.074 37.317 37.509 37.699 37.929 38.142 38.367 38.599 38.777 38.982 39.207 39.359 39.587 39.794 39.984 40.189 40.414 40.577 40.764 40.952 41.142 41.329 41.532 41.699 41.832 41.924 42.077 42.239 42.959 42.674 43.267 43.999 43.644 43.779 43.879 43.972 44.092 44.209 44.374 44.544 44.699 44.874 45.029 45.187 45.339 45.554 45.799 46.022 46.252 46.452 46.682 46.934 47.212 47.459 47.694 47.957 48.257 48.559 48.777 48.947 49.144
34.799 35.012 35.254 35.482 35.674 35.877 36.064 36.314 36.512 36.737 36.949 37.184 37.404 37.624 37.832 38.082 38.259 38.464 38.657 38.854 39.052 39.264 39.477 39.674 39.892 40.097 40.277 40.497 40.654 40.854 41.037 41.234 41.427 41.629 41.747 41.902 42.004 42.177 42.554 42.812 42.684 43.904 43.697 43.679 43.802 43.899 43.997 44.114 44.237 44.384 44.542 44.709 44.867 45.017 45.184 45.349 45.527 45.744 46.002 46.232 46.457 46.694 46.959 47.222 47.469 47.742 48.029 48.314 48.632 48.857 49.052 49.259
34.892 35.117 35.344 35.559 35.812 36.017 36.204 36.389 36.642 36.842 37.037 37.297 37.517 37.754 37.964 38.152 38.362 38.584 38.802 38.962 39.152 39.334 39.592 39.769 40.002 40.164 40.372 40.582 40.749 40.939 41.134 41.329 41.529 41.727 41.869 41.967 42.064 42.264 42.952 42.574 43.564 43.762 43.604 43.719 43.817 43.897 44.017 44.132 44.239 44.399 44.509 44.704 44.864 45.034 45.172 45.362 45.544 45.764 46.024 46.259 46.487 46.702 46.979 47.227 47.522 47.769 48.037 48.329 48.654 48.912 49.137 49.392
35.007 35.257 35.462 35.677 35.889 36.117 36.299 36.512 36.727 36.959 37.179 37.402 37.622 37.832 37.999 38.222 38.444 38.677 38.904 39.042 39.254 39.439 39.704 39.897 40.077 40.237 40.454 40.617 40.799 41.007 41.219 41.414 41.614 41.782 41.904 42.027 42.152 42.557 42.752 42.899 43.994 43.522 43.627 43.732 43.822 43.929 44.014 44.119 44.257 44.397 44.557 44.709 44.857 45.022 45.212 45.384 45.569 45.769 46.039 46.289 46.507 46.742 46.997 47.282 47.539 47.812 48.062 48.354 48.639 48.929 49.234 49.477
35.139 35.342 35.584 35.787 36.014 36.207 36.394 36.624 36.849 37.054 37.252 37.484 37.702 37.909 38.107 38.314 38.534 38.774 38.937 39.137 39.339 39.542 39.759 39.969 40.172 40.349 40.512 40.702 40.912 41.079 41.324 41.522 41.699 41.852 41.977 42.087 42.279 42.722 42.567 43.689 43.714 43.539 43.642 43.727 43.837 43.932 44.044 44.124 44.257 44.432 44.589 44.709 44.877 45.049 45.242 45.392 45.602 45.822 46.097 46.334 46.569 46.769 47.054 47.314 47.584 47.849 48.099 48.374 48.674 48.959 49.259 49.502
35.247 35.454 35.692 35.909 36.109 36.277 36.507 36.717 36.937 37.142 37.354 37.584 37.804 38.029 38.202 38.407 38.662 38.854 39.009 39.197 39.389 39.624 39.827 39.999 40.237 40.404 40.589 40.824 40.999 41.189 41.394 41.577 41.739 41.884 41.987 42.137 42.544 42.774 42.984 44.027 43.472 43.552 43.654 43.737 43.844 43.922 44.029 44.157 44.274 44.452 44.627 44.787 44.922 45.092 45.269 45.454 45.647 45.877 46.142 46.364 46.577 46.809 47.082 47.362 47.637 47.902 48.147 48.439 48.742 49.022 49.287 49.542
35.379 35.587 35.779 35.967 36.167 36.397 36.604 36.827 37.049 37.262 37.462 37.682 37.907 38.089 38.294 38.552 38.747 38.937 39.082 39.269 39.494 39.717 39.907 40.089 40.277 40.507 40.664 40.857 41.067 41.289 41.469 41.639 41.774 41.894 42.032 42.267 42.974 42.497 43.769 43.497 43.482 43.587 43.684 43.744 43.824 43.944 44.032 44.147 44.314 44.499 44.692 44.832 44.997 45.134 45.294 45.519 45.707 45.909 46.177 46.442 46.632 46.874 47.154 47.422 47.689 47.962 48.204 48.492 48.739 49.029 49.312 49.587
35.507 35.677 35.907 36.082 36.262 36.454 36.699 36.919 37.122 37.347 37.539 37.797 37.967 38.197 38.394 38.619 38.812 39.007 39.159 39.359 39.584 39.772 39.964 40.162 40.364 40.554 40.762 40.934 41.147 41.314 41.519 41.687 41.827 41.937 42.074 42.609 42.644 42.824 43.809 43.374 43.509 43.594 43.717 43.739 43.829 43.942 44.064 44.224 44.354 44.564 44.732 44.892 45.072 45.254 45.369 45.572 45.792 45.994 46.239 46.484 46.692 46.914 47.194 47.459 47.717 47.974 48.234 48.522 48.792 49.077 49.359 49.634
35.627 35.812 36.004 36.184 36.389 36.577 36.792 36.997 37.189 37.427 37.637 37.874 38.059 38.244 38.464 38.687 38.869 39.064 39.222 39.422 39.639 39.842 40.034 40.227 40.434 40.617 40.817 41.009 41.229 41.412 41.589 41.739 41.829 41.972 42.112 42.719 42.482 43.942 43.514 43.409 43.524 43.582 43.662 43.757 43.867 43.989 44.127 44.292 44.424 44.657 44.809 44.962 45.147 45.319 45.464 45.604 45.832 46.054 46.282 46.522 46.727 46.967 47.242 47.514 47.764 48.044 48.284 48.547 48.854 49.147 49.439 49.739
35.754 35.912 36.117 36.282 36.472 36.697 36.887 37.104 37.317 37.489 37.737 37.947 38.132 38.362 38.534 38.732 38.907 39.124 39.282 39.524 39.704 39.907 40.087 40.277 40.472 40.679 40.882 41.067 41.282 41.447 41.632 41.754 41.862 41.987 42.489 42.517 43.067 44.304 43.417 43.422 43.512 43.594 43.677 43.834 43.899 44.062 44.249 44.369 44.497 44.707 44.887 45.009 45.217 45.394 45.554 45.679 45.869 46.119 46.332 46.587 46.804 47.029 47.297 47.584 47.844 48.107 48.357 48.637 48.942 49.237 49.522 49.817
35.854 36.029 36.232 36.414 36.604 36.819 37.024 37.232 37.384 37.592 37.809 38.029 38.252 38.419 38.587 38.749 38.972 39.179 39.394 39.592 39.767 39.977 40.154 40.369 40.532 40.729 40.912 41.107 41.317 41.514 41.662 41.784 41.897 42.054 42.694 42.447 43.989 43.452 43.347 43.444 43.542 43.614 43.757 43.989 43.967 44.127 44.354 44.419 44.582 44.744 44.937 45.094 45.279 45.464 45.612 45.767 45.942 46.167 46.392 46.644 46.852 47.092 47.359 47.637 47.882 48.139 48.387 48.659 48.964 49.244 49.534 49.832
35.959 36.154 36.334 36.537 36.747 36.927 37.157 37.324 37.474 37.692 37.929 38.109 38.314 38.474 38.604 38.827 39.039 39.229 39.432 39.629 39.799 40.034 40.222 40.412 40.574 40.744 40.932 41.132 41.307 41.534 41.629 41.749 41.934 42.479 42.557 42.897 44.069 43.277 43.364 43.449 43.542 43.647 43.764 43.932 44.107 44.187 44.347 44.492 44.654 44.797 45.009 45.182 45.342 45.512 45.669 45.822 45.994 46.219 46.469 46.692 46.897 47.134 47.384 47.622 47.877 48.147 48.397 48.707 48.997 49.297 49.612 49.894
36.027 36.217 36.422 36.619 36.814 37.007 37.217 37.399 37.587 37.767 38.007 38.204 38.374 38.512 38.677 38.879 39.094 39.277 39.482 39.689 39.897 40.082 40.257 40.467 40.614 40.799 40.962 41.177 41.347 41.527 41.619 41.794 41.992 42.437 42.369 43.844 43.504 43.304 43.367 43.477 43.569 43.667 43.797 43.952 44.074 44.222 44.397 44.549 44.692 44.872 45.062 45.227 45.387 45.554 45.724 45.879 46.057 46.277 46.514 46.747 46.949 47.202 47.429 47.682 47.949 48.234 48.474 48.764 49.054 49.362 49.649 49.944
36.102 36.267 36.479 36.679 36.907 37.124 37.294 37.447 37.689 37.922 38.104 38.272 38.427 38.567 38.737 38.939 39.149 39.372 39.519 39.727 39.934 40.104 40.312 40.504 40.657 40.824 41.019 41.219 41.377 41.492 41.634 41.807 42.289 42.274 42.924 44.017 43.252 43.322 43.387 43.489 43.584 43.694 43.832 43.974 44.442 44.299 44.439 44.594 44.749 44.924 45.129 45.269 45.439 45.599 45.764 45.917 46.109 46.314 46.572 46.809 47.004 47.267 47.517 47.757 48.012 48.252 48.537 48.789 49.107 49.412 49.717 49.997
36.172 36.339 36.547 36.749 36.987 37.202 37.352 37.554 37.752 37.944 38.162 38.339 38.504 38.652 38.842 39.019 39.209 39.404 39.632 39.802 39.984 40.164 40.347 40.547 40.687 40.877 41.099 41.244 41.397 41.524 41.654 41.914 42.459 42.222 43.829 43.279 43.234 43.329 43.392 43.487 43.597 43.732 43.862 44.014 44.337 44.359 44.494 44.647 44.802 44.967 45.157 45.307 45.472 45.657 45.814 45.982 46.202 46.392 46.659 46.879 47.072 47.287 47.532 47.802 48.032 48.304 48.549 48.827 49.129 49.442 49.749 49.994
36.212 36.419 36.584 36.837 37.042 37.239 37.397 37.622 37.792 38.019 38.202 38.397 38.587 38.739 38.922 39.104 39.287 39.477 39.674 39.857 40.047 40.229 40.389 40.544 40.757 40.964 41.117 41.277 41.417 41.537 41.704 42.309 42.192 43.002 43.612 43.159 43.254 43.347 43.427 43.514 43.607 43.762 43.924 44.084 44.232 44.377 44.539 44.689 44.862 45.119 45.202 45.344 45.524 45.707 45.887 46.044 46.244 46.437 46.659 46.902 47.132 47.337 47.587 47.852 48.074 48.337 48.592 48.874 49.167 49.464 49.772 50.029
36.297 36.479 36.644 36.872 37.092 37.264 37.454 37.654 37.874 38.084 38.267 38.467 38.667 38.822 38.992 39.184 39.354 39.549 39.732 39.927 40.102 40.269 40.422 40.612 40.804 40.994 41.154 41.264 41.412 41.549 41.799 42.314 42.224 43.812 43.254 43.154 43.282 43.377 43.464 43.547 43.669 43.812 43.962 44.124 44.277 44.574 44.594 44.737 44.887 45.042 45.239 45.402 45.587 45.757 45.937 46.082 46.272 46.467 46.712 46.944 47.134 47.364 47.627 47.892 48.129 48.372 48.624 48.889 49.184 49.484 49.757 50.034
36.339 36.524 36.682 36.899 37.144 37.302 37.507 37.702 37.907 38.099 38.297 38.499 38.707 38.889 39.072 39.262 39.412 39.589 39.804 39.959 40.132 40.297 40.474 40.647 40.819 41.049 41.179 41.314 41.407 41.564 42.152 41.987 42.757 43.407 43.099 43.182 43.307 43.394 43.494 43.582 43.732 43.867 44.019 44.232 44.322 44.527 44.627 44.779 44.932 45.119 45.304 45.449 45.614 45.814 45.974 46.137 46.312 46.514 46.764 46.977 47.182 47.432 47.679 47.912 48.159 48.387 48.602 48.892 49.204 49.487 49.772 50.057
36.399 36.574 36.774 36.957 37.197 37.369 37.527 37.727 37.917 38.129 38.329 38.554 38.762 38.942 39.119 39.287 39.474 39.667 39.857 40.007 40.187 40.342 40.519 40.707 40.904 41.069 41.189 41.284 41.407 41.704 42.217 42.109 43.647 43.107 43.082 43.217 43.349 43.427 43.514 43.622 43.767 43.897 44.074 44.247 44.402 44.552 44.702 44.864 45.009 45.177 45.359 45.517 45.682 45.867 46.039 46.169 46.352 46.559 46.789 47.044 47.229 47.434 47.684 47.937 48.182 48.397 48.629 48.907 49.189 49.494 49.784 50.062
36.499 36.627 36.819 37.002 37.192 37.384 37.562 37.757 37.957 38.164 38.354 38.614 38.757 38.977 39.147 39.372 39.522 39.719 39.924 40.069 40.242 40.412 40.587 40.794 40.959 41.114 41.194 41.294 41.467 42.089 42.024 42.824 43.364 43.007 43.129 43.234 43.352 43.442 43.544 43.652 43.809 43.972 44.149 44.317 44.462 44.612 44.767 44.942 45.087 45.229 45.399 45.584 45.752 45.922 46.084 46.222 46.394 46.614 46.827 47.059 47.249 47.432 47.672 47.912 48.169 48.402 48.634 48.919 49.199 49.492 49.789 50.072
36.554 36.702 36.879 37.032 37.242 37.384 37.592 37.812 38.012 38.177 38.397 38.639 38.787 38.977 39.189 39.422 39.592 39.757 39.952 40.124 40.317 40.469 40.659 40.824 41.022 41.144 41.224 41.332 41.567 41.947 42.109 43.189 42.909 43.037 43.134 43.264 43.394 43.487 43.592 43.714 43.857 44.047 44.204 44.402 44.537 44.692 44.857 45.022 45.159 45.309 45.509 45.669 45.839 45.997 46.169 46.312 46.452 46.649 46.874 47.057 47.257 47.444 47.702 47.952 48.174 48.434 48.649 48.937 49.219 49.502 49.797 50.042
