All_lidar/sz5888_DSM_2M.asc
ncols 500
nrows 500
xllcorner    458000
yllcorner    88000
cellsize     2
NODATA_value -9999
[rows 224 to 255 of 500, columns 0 to 70 of 500]
38.944 38.956 38.904 38.901 38.899 38.886 38.871 38.816 38.799 38.809 38.796 38.794 38.816 38.819 38.849 38.881 38.859 38.874 38.871 38.896 38.911 38.901 38.869 38.844 38.819 38.814 38.821 38.826 38.866 38.866 38.856 38.861 38.879 38.856 38.846 38.829 38.829 38.796 38.734 38.884 39.274 38.476 38.661 40.929 39.519 38.734 38.461 38.414 38.331 38.249 38.174 37.911 37.734 37.794 37.919 37.946 37.859 37.806 37.709 37.641 37.606 37.526 37.431 37.306 37.194 37.074 37.014 36.891 36.736 36.679 36.559
39.039 39.039 39.021 39.006 39.039 39.041 38.994 38.956 38.939 38.951 38.946 38.956 38.939 38.989 38.996 39.029 39.046 39.051 39.069 39.086 39.109 39.096 39.064 39.016 39.014 39.006 39.024 39.054 39.094 39.104 39.099 39.099 39.081 39.061 39.049 39.029 38.979 38.971 38.924 38.854 39.079 39.486 38.519 38.674 39.531 39.714 38.699 38.499 38.446 38.411 38.359 38.114 37.836 37.889 37.991 38.001 37.926 37.909 37.829 37.831 37.751 37.676 37.614 37.424 37.371 37.231 37.081 36.979 36.861 36.726 36.654
39.094 39.109 39.091 39.104 39.126 39.149 39.126 39.116 39.131 39.154 39.121 39.139 39.129 39.161 39.181 39.224 39.229 39.256 39.254 39.284 39.294 39.291 39.286 39.259 39.221 39.214 39.236 39.236 39.296 39.296 39.271 39.291 39.269 39.201 39.184 39.184 39.131 39.119 39.064 38.994 38.966 39.294 39.251 38.611 38.981 39.506 38.841 38.649 38.521 38.994 41.606 40.149 37.939 38.016 38.091 38.081 38.029 38.024 37.954 37.976 37.881 37.791 37.724 37.591 37.481 37.386 37.176 37.184 37.074 36.821 36.746
39.186 39.181 39.179 39.204 39.234 39.239 39.244 39.254 39.256 39.284 39.274 39.296 39.289 39.304 39.341 39.364 39.366 39.414 39.439 39.421 39.439 39.471 39.476 39.456 39.401 39.349 39.371 39.391 39.411 39.411 39.421 39.459 39.419 39.329 39.319 39.301 39.301 39.271 39.211 39.149 39.071 39.014 39.736 39.089 38.709 39.179 39.106 38.731 40.074 38.811 41.196 39.451 38.059 38.101 38.196 38.189 38.146 38.116 38.086 38.044 38.001 37.919 37.816 37.769 37.634 37.451 37.371 37.324 37.169 37.004 36.871
39.254 39.279 39.264 39.309 39.324 39.329 39.329 39.334 39.374 39.389 39.411 39.414 39.449 39.444 39.464 39.454 39.469 39.521 39.544 39.541 39.574 39.609 39.614 39.596 39.541 39.506 39.489 39.501 39.519 39.549 39.566 39.546 39.489 39.469 39.431 39.376 39.391 39.331 39.294 39.246 39.194 39.099 39.079 39.606 38.984 38.814 39.624 39.006 38.766 38.721 38.631 38.356 38.131 39.036 38.269 38.274 38.289 38.181 38.151 38.149 38.154 38.024 37.944 37.819 37.771 37.636 37.429 37.366 37.279 37.144 36.969
39.351 39.369 39.369 39.396 39.429 39.439 39.434 39.451 39.499 39.526 39.564 39.571 39.606 39.614 39.594 39.581 39.586 39.659 39.671 39.681 39.714 39.746 39.759 39.736 39.709 39.669 39.684 39.646 39.619 39.671 39.666 39.649 39.609 39.579 39.544 39.499 39.466 39.431 39.374 39.329 39.271 39.214 39.124 39.284 39.636 38.871 39.099 39.994 39.466 38.834 38.669 38.451 38.131 38.219 38.374 38.401 38.391 38.316 38.201 38.141 38.161 38.144 38.009 37.884 37.801 37.694 37.544 37.374 37.349 37.211 37.086
39.441 39.471 39.471 39.509 39.519 39.514 39.519 39.536 39.584 39.629 39.664 39.706 39.716 39.739 39.736 39.731 39.774 39.796 39.816 39.789 39.819 39.849 39.871 39.829 39.849 39.851 39.821 39.771 39.739 39.734 39.751 39.761 39.731 39.706 39.696 39.641 39.589 39.561 39.519 39.454 39.381 39.309 39.251 39.181 39.551 39.551 38.979 40.639 41.059 39.039 38.801 38.484 38.181 38.296 38.481 38.536 38.536 38.526 38.366 38.246 38.151 38.109 38.104 37.974 37.921 37.774 37.616 37.451 37.371 37.281 37.176
39.551 39.556 39.581 39.631 39.641 39.626 39.631 39.641 39.684 39.706 39.746 39.771 39.829 39.841 39.819 39.824 39.846 39.896 39.926 39.891 39.941 39.946 39.934 39.936 39.949 39.961 39.959 39.924 39.884 39.901 39.884 39.846 39.809 39.799 39.794 39.769 39.706 39.669 39.641 39.591 39.526 39.421 39.366 39.306 39.269 39.869 39.439 39.136 39.561 40.499 39.479 38.604 38.256 38.431 38.561 38.594 38.624 38.689 38.531 38.336 38.274 38.211 38.086 37.991 37.939 37.886 37.746 37.551 37.484 37.356 37.186
39.671 39.674 39.689 39.716 39.719 39.709 39.739 39.754 39.796 39.831 39.851 39.854 39.904 39.909 39.881 39.896 39.916 39.944 39.961 39.969 40.001 40.019 40.024 40.034 40.026 40.049 40.049 40.034 40.069 40.074 40.021 39.956 39.899 39.889 39.884 39.844 39.809 39.794 39.771 39.709 39.654 39.581 39.496 39.441 39.409 39.534 40.139 39.191 39.174 40.496 40.239 40.579 38.501 38.449 38.629 38.719 38.739 38.729 38.669 38.506 38.354 38.359 38.221 38.066 37.994 37.929 37.804 37.696 37.546 37.366 37.214
39.769 39.776 39.796 39.786 39.799 39.801 39.829 39.854 39.876 39.896 39.924 39.961 39.986 39.971 39.971 39.986 40.019 40.034 40.036 40.054 40.081 40.096 40.106 40.121 40.149 40.174 40.176 40.191 40.246 40.231 40.189 40.116 40.016 39.999 39.991 39.976 39.926 39.934 39.884 39.826 39.766 39.699 39.634 39.569 39.511 39.456 39.671 39.986 39.269 39.294 40.869 40.776 39.991 38.549 38.699 38.774 38.794 38.736 38.724 38.591 38.459 38.446 38.364 38.231 38.086 38.074 37.914 37.799 37.616 37.381 37.111
39.861 39.906 39.936 39.904 39.899 39.911 39.929 39.964 39.966 40.006 40.046 40.101 40.121 40.109 40.126 40.156 40.161 40.164 40.166 40.189 40.191 40.184 40.204 40.241 40.261 40.269 40.299 40.319 40.381 40.391 40.339 40.266 40.206 40.144 40.121 40.091 40.059 40.039 40.019 39.969 39.881 39.809 39.754 39.701 39.634 39.584 39.519 40.109 39.744 39.229 39.831 40.689 40.544 38.809 38.806 38.796 38.826 38.784 38.801 38.709 38.569 38.476 38.426 38.411 38.229 38.164 38.036 37.866 37.641 37.331 37.216
39.956 40.024 40.059 40.031 40.029 40.041 40.084 40.131 40.161 40.204 40.256 40.276 40.301 40.309 40.291 40.324 40.339 40.346 40.349 40.349 40.349 40.354 40.336 40.341 40.369 40.389 40.431 40.429 40.489 40.494 40.496 40.431 40.399 40.334 40.286 40.239 40.196 40.189 40.151 40.071 39.979 39.904 39.859 39.809 39.714 39.659 39.634 39.534 39.966 39.771 39.291 39.579 40.469 39.761 38.849 38.854 38.859 38.809 38.801 38.784 38.681 38.541 38.479 38.424 38.354 38.251 38.059 37.839 37.594 37.496 37.351
40.054 40.116 40.144 40.161 40.166 40.189 40.236 40.281 40.331 40.384 40.439 40.464 40.469 40.461 40.436 40.481 40.501 40.514 40.524 40.504 40.476 40.494 40.481 40.501 40.529 40.569 40.564 40.554 40.576 40.576 40.601 40.576 40.566 40.539 40.464 40.394 40.364 40.306 40.254 40.159 40.076 40.011 39.974 39.879 39.806 39.736 39.706 39.624 39.776 40.346 39.534 39.341 39.811 40.939 39.071 38.919 38.944 38.901 38.879 38.841 38.776 38.629 38.579 38.509 38.419 38.296 38.089 37.784 37.704 37.656 37.456
40.169 40.224 40.254 40.251 40.301 40.341 40.381 40.431 40.479 40.536 40.554 40.581 40.569 40.566 40.584 40.614 40.634 40.631 40.666 40.671 40.649 40.641 40.651 40.656 40.674 40.701 40.716 40.709 40.716 40.706 40.699 40.689 40.689 40.694 40.651 40.579 40.529 40.459 40.369 40.254 40.174 40.154 40.086 39.996 39.931 39.844 39.786 39.711 39.636 39.671 40.309 39.424 39.594 41.474 42.486 39.661 38.986 38.961 38.916 38.899 38.811 38.721 38.651 38.574 38.486 38.301 38.056 37.911 37.851 37.739 37.569
40.396 40.589 40.354 40.379 40.444 40.481 40.534 40.574 40.629 40.646 40.684 40.669 40.654 40.669 40.714 40.739 40.771 40.814 40.846 40.839 40.854 40.816 40.834 40.854 40.864 40.876 40.889 40.874 40.864 40.846 40.799 40.794 40.784 40.796 40.774 40.726 40.696 40.611 40.466 40.386 40.296 40.269 40.234 40.166 40.084 40.031 39.894 39.821 39.754 39.666 40.254 40.391 39.406 40.039 40.364 40.709 39.041 39.019 38.946 38.914 38.829 38.794 38.719 38.591 38.446 38.286 38.196 38.081 37.961 37.826 37.689
40.696 41.036 40.561 40.531 40.604 40.621 40.674 40.736 40.759 40.791 40.804 40.806 40.794 40.811 40.861 40.886 40.929 40.946 40.991 40.986 41.021 40.984 41.001 41.026 41.046 41.064 41.059 41.056 41.059 41.014 40.956 40.924 40.886 40.859 40.856 40.841 40.814 40.729 40.604 40.506 40.436 40.371 40.336 40.299 40.239 40.164 40.071 39.976 39.876 39.801 39.779 40.364 39.849 39.436 40.326 40.676 39.271 39.051 39.016 38.986 38.924 38.846 38.739 38.554 38.399 38.371 38.304 38.179 38.046 37.911 37.776
40.769 40.719 40.684 40.724 40.789 40.774 40.849 40.861 40.904 40.899 40.954 40.929 40.946 40.971 41.001 41.064 41.104 41.149 41.194 41.181 41.191 41.171 41.179 41.214 41.229 41.236 41.246 41.254 41.214 41.166 41.101 41.049 41.021 40.984 40.961 40.959 40.949 40.866 40.759 40.674 40.576 40.489 40.469 40.426 40.361 40.326 40.244 40.136 40.024 39.916 39.851 39.904 40.531 39.734 39.604 40.724 42.184 39.234 39.091 39.009 38.969 38.911 38.734 38.674 38.564 38.496 38.389 38.254 38.124 38.016 37.879
40.769 40.811 40.839 40.911 40.916 40.951 41.039 41.261 41.509 41.369 41.104 41.091 41.116 41.174 41.221 41.256 41.309 41.339 41.401 41.361 41.381 41.369 41.359 41.374 41.381 41.376 41.389 41.404 41.374 41.319 41.274 41.209 41.171 41.109 41.094 41.076 41.031 40.981 40.914 40.796 40.699 40.621 40.599 40.519 40.471 40.421 40.351 40.254 40.166 40.074 39.969 39.846 40.089 40.234 39.581 40.651 43.149 41.599 39.209 39.071 38.986 38.869 38.811 38.789 38.676 38.551 38.471 38.321 38.181 38.099 37.956
40.924 40.964 41.009 41.029 41.081 41.149 41.259 41.379 41.666 41.379 41.301 41.261 41.301 41.346 41.664 41.394 41.419 41.486 41.436 41.486 41.509 41.521 42.026 41.541 41.521 41.521 41.559 41.549 41.509 41.466 41.426 41.349 41.316 41.276 41.224 41.204 41.169 41.116 41.026 40.941 40.831 40.771 40.669 40.619 40.536 40.479 40.399 40.326 40.261 40.151 40.056 39.954 39.879 40.509 40.419 39.561 40.094 40.924 40.689 39.099 38.931 38.891 38.951 38.864 38.734 38.646 38.541 38.419 38.276 38.191 38.039
41.039 41.099 41.169 41.246 41.291 41.386 41.381 41.396 41.424 41.416 41.404 41.491 41.511 41.529 45.811 41.556 41.936 41.619 41.484 41.596 42.266 42.386 42.354 41.596 41.636 41.691 41.709 41.691 41.669 41.646 41.594 41.539 41.506 41.476 41.414 41.381 41.316 41.266 41.194 41.114 41.006 40.889 40.776 40.714 40.634 40.576 40.491 40.416 40.316 40.251 40.134 40.014 39.926 40.059 40.661 39.771 39.561 40.489 43.801 39.854 39.004 38.961 38.946 38.941 38.821 38.709 38.604 38.499 38.346 38.219 38.109
41.186 41.251 41.299 41.374 41.499 41.756 42.111 41.586 41.574 41.579 41.586 41.629 42.771 47.184 50.861 49.821 42.546 41.816 44.334 41.719 43.109 42.756 42.079 42.676 41.909 42.869 41.886 41.871 41.819 41.761 41.744 41.741 41.659 41.624 41.579 41.539 41.464 41.386 41.296 41.241 41.124 41.011 40.909 40.836 40.746 40.666 40.566 40.494 40.404 40.309 40.209 40.076 39.991 39.904 40.034 40.631 39.584 39.709 40.794 41.119 40.431 39.011 39.004 38.959 38.914 38.769 38.679 38.549 38.411 38.281 38.154
41.304 41.374 41.436 41.819 44.534 44.934 41.716 41.676 41.709 41.731 41.769 45.826 49.024 49.501 50.039 53.021 42.286 42.474 43.016 41.964 42.019 42.011 42.059 42.001 42.074 42.286 42.249 42.886 43.409 42.334 41.876 41.846 41.796 41.779 41.709 41.636 41.549 41.494 41.409 41.339 41.211 41.124 41.046 40.949 40.874 40.791 40.666 40.581 40.491 40.411 40.306 40.139 40.054 39.979 39.884 40.321 40.016 39.601 40.856 43.591 43.371 39.109 39.041 39.016 38.946 38.856 38.744 38.594 38.416 38.304 38.166
41.434 41.459 41.524 42.006 43.669 47.869 46.179 44.724 41.916 41.906 41.969 54.489 47.479 53.721 47.961 46.126 42.181 42.161 42.259 42.196 42.194 42.221 42.214 42.226 42.214 42.219 42.389 42.901 43.331 42.941 42.606 41.946 41.929 41.876 41.811 41.749 41.626 41.589 41.516 41.431 41.336 41.274 41.159 41.054 40.961 40.851 40.766 40.646 40.561 40.486 40.391 40.251 40.136 40.054 39.964 39.881 40.346 39.899 39.664 41.914 42.669 40.329 39.111 39.169 39.004 38.934 38.829 38.674 38.496 38.329 38.209
41.489 41.549 41.626 41.719 44.209 51.801 51.951 45.439 42.149 42.066 45.254 48.839 44.194 49.856 48.656 45.484 42.866 42.401 42.379 42.466 42.394 42.396 42.379 42.391 42.389 42.316 42.289 42.259 42.211 42.369 43.156 42.076 42.019 41.969 41.901 41.811 41.726 41.689 41.611 41.546 41.456 41.391 41.309 41.204 41.101 40.969 40.849 40.741 40.654 40.551 40.461 40.334 40.249 40.149 40.041 39.944 40.054 40.556 39.704 39.774 42.969 40.419 39.209 39.164 39.124 39.021 38.874 38.729 38.581 38.439 38.304
41.641 41.696 41.801 42.444 49.706 50.464 50.291 43.734 42.196 42.254 46.456 45.889 45.399 48.379 42.431 42.509 47.274 42.531 42.599 42.651 42.624 42.621 42.564 42.539 42.576 42.534 42.501 42.374 42.356 42.389 42.409 42.281 42.321 42.144 42.046 41.969 41.864 41.799 41.716 41.634 41.536 41.469 41.381 41.291 41.186 41.054 40.956 40.836 40.751 40.649 40.531 40.431 40.326 40.226 40.131 40.021 39.916 40.281 40.131 39.689 40.284 41.886 40.089 39.221 39.131 39.046 38.896 38.766 38.624 38.506 38.406
41.794 41.826 42.004 42.061 50.391 53.019 44.094 45.449 42.746 42.424 43.441 45.576 47.199 45.564 42.601 42.644 42.729 49.334 49.014 42.759 42.784 42.786 42.721 42.706 42.754 42.664 42.626 42.546 42.889 42.471 42.436 42.361 42.371 42.364 42.396 42.489 42.054 41.909 41.811 41.721 41.649 41.596 41.506 41.421 41.344 41.176 41.046 40.931 40.856 40.734 40.634 40.539 40.444 40.331 40.226 40.109 40.029 39.931 40.429 39.846 39.796 41.031 41.624 39.451 39.166 39.099 38.949 38.956 38.716 38.634 38.534
41.913 42.033 42.143 42.193 47.256 45.536 44.086 45.126 42.481 42.558 43.126 42.578 42.641 42.688 44.791 43.173 42.883 47.188 44.708 47.846 44.493 42.986 42.928 42.886 42.911 42.801 42.753 42.828 42.706 42.691 42.636 42.611 42.511 42.376 42.508 42.221 42.131 42.318 41.901 41.826 41.768 41.713 41.618 41.521 41.478 41.326 41.153 41.061 40.956 40.843 40.738 40.633 40.541 40.418 40.303 40.181 40.098 39.996 40.168 40.416 39.781 40.058 41.203 39.941 39.241 39.163 39.043 38.988 38.868 38.763 38.631
42.018 42.136 42.133 42.238 42.401 43.321 42.503 42.526 42.591 42.671 42.721 42.753 42.816 42.888 44.571 44.181 43.038 47.288 49.926 45.018 45.816 43.111 43.088 43.036 43.088 42.978 42.876 42.868 42.788 42.806 42.833 42.886 42.631 42.548 42.448 42.388 43.143 42.303 42.008 41.916 41.886 41.831 41.748 41.678 41.611 41.483 41.326 41.208 41.071 40.938 40.813 40.746 40.626 40.511 40.386 40.266 40.146 40.088 40.006 40.413 39.926 39.836 40.688 40.388 39.348 39.233 39.143 39.023 38.883 38.793 38.666
42.178 42.163 46.961 44.716 42.533 42.696 42.733 42.786 43.036 42.811 42.916 42.968 42.981 43.416 44.841 48.123 43.186 43.256 43.243 43.221 43.261 43.251 43.246 43.213 43.178 43.151 43.156 43.078 43.026 42.966 43.043 42.836 42.753 42.688 42.606 43.508 44.153 42.701 42.431 42.116 42.036 41.961 41.901 41.818 41.746 41.621 41.476 41.323 41.186 41.068 40.931 40.828 40.713 40.591 40.438 40.346 40.196 40.121 40.048 40.108 40.548 39.891 39.991 40.371 39.908 39.271 39.196 39.116 38.946 38.883 38.766
42.228 42.511 45.083 42.876 42.721 42.781 42.861 42.893 43.038 43.023 43.046 43.101 43.153 43.196 43.256 43.301 43.346 43.408 43.363 43.391 43.406 43.406 43.431 43.493 43.333 43.276 43.306 43.316 43.266 43.286 43.203 43.111 43.068 42.876 42.911 45.628 42.673 43.603 42.853 42.373 42.201 42.103 42.038 41.951 41.878 41.748 41.613 41.433 41.301 41.173 41.041 40.933 40.776 40.646 40.518 40.406 40.273 40.188 40.111 40.051 40.786 40.111 39.918 40.736 42.313 39.848 39.201 39.081 38.981 38.898 38.836
42.433 42.551 42.691 42.746 43.136 43.013 43.093 43.091 43.113 43.161 43.216 43.281 43.378 43.426 43.418 43.408 43.513 43.426 43.473 43.526 43.546 43.573 43.596 43.563 43.581 43.518 43.466 43.443 43.476 43.366 43.348 43.243 43.398 43.098 43.156 45.856 43.831 42.803 43.603 43.041 42.331 42.283 42.151 42.078 41.968 41.863 41.723 41.563 41.416 41.273 41.163 41.016 40.878 40.721 40.596 40.478 40.358 40.236 40.156 40.081 40.121 40.313 39.933 40.083 41.376 40.358 39.591 39.161 39.053 38.966 38.888
42.613 42.688 42.831 42.958 44.748 43.186 43.288 43.293 43.306 43.483 43.423 43.413 45.906 43.621 43.486 43.541 43.576 43.573 43.638 43.626 43.671 43.728 43.791 43.793 43.773 43.701 43.791 43.763 43.666 43.611 43.678 43.526 43.323 43.243 43.178 43.141 43.481 42.953 42.728 43.728 42.623 42.381 42.316 42.201 42.098 41.996 41.861 41.718 41.568 41.393 41.266 41.126 40.956 40.826 40.701 40.561 40.401 40.306 40.223 40.133 40.028 40.393 40.163 40.003 41.636 42.301 41.486 39.306 39.106 39.018 38.976
