All_lidar/sz5887_DSM_2M.asc
ncols 500
nrows 500
xllcorner    458000
yllcorner    87000
cellsize     2
NODATA_value -9999
[rows 155 to 185 of 500, columns 70 to 139 of 500]
67.528 67.848 68.668 68.828 68.993 69.788 69.21 69.288 69.368 69.518 69.463 69.588 69.73 70.265 70.685 70.4 72.405 72.015 70.935 72.583 72.338 72.148 72.078 72.283 72.528 72.46 72.895 73.19 73.415 75.795 74.26 74.223 74.445 74.735 75.653 75.215 75.695 76.453 76.17 77.413 76.683 77.038 78.918 79.22 78.813 79.675 79.145 79.438 79.793 80.26 80.613 81.348 81.605 81.903 81.89 82.225 82.425 82.743 83.098 83.443 83.793 84.185 84.5 84.925 85.305 85.673 86.023 86.388 86.778 87.12
68.235 68.643 69.03 69.18 69.413 69.685 69.453 69.63 69.725 69.653 69.808 70.035 71.565 70.728 71.383 71.025 71.233 72.038 71.96 75.595 72.698 72.31 72.385 72.6 72.878 74.288 73.805 73.63 74.973 75.195 74.59 74.715 75.013 75.855 76.715 75.735 76.56 76.61 80.148 77.773 78.725 81.01 80.62 84.768 81.68 81.945 79.7 80.088 80.65 81.23 81.493 81.56 82.275 82.808 82.563 83.805 83.023 83.388 83.718 84.063 84.405 84.778 85.168 85.513 85.875 86.283 86.63 87.005 87.353 87.673
69.098 69.433 69.838 69.503 69.598 69.718 69.778 69.883 69.953 70.08 70.338 70.485 72.268 70.953 71.148 71.36 71.548 71.78 74.565 76.973 74.993 73.918 73.47 73.633 73.39 75.195 74.785 78.568 80.6 76.508 75.728 75.428 76.578 78.278 79.298 77.043 76.69 76.92 79.895 79.715 81.32 83.278 82.525 82.75 82.038 82.395 80.405 80.835 81.16 81.458 81.808 82.113 82.363 82.875 83.2 83.94 83.665 83.995 84.335 84.648 85.038 85.408 85.75 86.11 86.488 86.883 87.225 87.58 87.875 88.21
69.505 69.615 69.745 69.835 69.928 70.03 70.11 70.27 70.45 70.603 70.828 71.048 71.303 71.505 71.685 71.93 72.503 72.505 72.553 72.825 72.988 73.14 75.348 73.838 74.418 76.405 75.34 78.925 78.215 77.355 76.633 75.913 76.713 77.45 78.618 77.563 77.345 77.54 77.875 85.728 81.155 85.118 81.33 80.678 80.175 80.843 81.133 81.463 81.893 82.475 82.423 82.763 83.015 83.318 83.788 83.99 84.235 84.633 84.955 85.328 85.67 85.998 86.353 86.735 87.135 87.44 87.798 88.125 88.433 88.73
69.853 69.96 70.038 70.158 70.325 70.52 70.61 70.753 70.93 71.228 71.4 71.63 71.768 72.048 72.3 72.545 74.828 73.288 73.128 73.355 73.648 74.825 79.503 77.515 74.723 74.98 75.593 75.588 75.905 76.373 77.238 76.848 77.478 78.253 77.46 77.693 77.963 78.228 79.13 82.08 82.423 81.923 83.71 80.473 80.855 82.155 83.19 82.625 82.473 83.368 83.468 83.325 83.97 83.913 84.408 84.625 84.92 85.253 85.61 85.96 86.293 86.608 86.97 87.348 87.688 88.023 88.338 88.663 88.95 89.263
70.528 70.508 71.008 70.673 70.798 70.993 71.12 71.32 71.478 71.778 72.055 72.913 72.385 72.725 72.953 73.42 73.925 73.553 73.948 74.233 74.725 80.69 80.69 76.765 75.66 75.618 75.69 76.085 77.33 76.793 79.79 78.888 77.37 77.71 77.933 79.435 78.59 78.775 79.41 80.673 80.7 80.458 80.798 81.133 81.55 83.07 84.665 82.778 83.485 83.47 83.74 84.005 84.253 84.605 84.953 85.223 85.538 85.908 86.22 86.558 86.893 87.248 87.593 87.925 88.233 88.58 88.903 89.18 89.545 89.818
70.905 70.985 71.118 71.208 71.303 71.42 71.668 71.933 72.018 72.418 72.548 72.875 72.978 73.238 73.555 73.825 73.943 74.233 74.728 74.958 75.448 85.325 79.975 77.01 76.448 76.855 76.49 77.055 82.283 77.993 83.203 77.775 77.863 78.633 78.533 79.318 79.185 79.975 86.52 80.26 81.105 81.093 81.433 81.9 82.298 83.853 85.025 84.25 83.728 84.008 84.78 84.655 84.84 85.253 85.565 85.908 86.203 86.51 86.883 87.175 87.54 87.875 88.155 88.485 88.81 89.115 89.423 89.753 90.05 90.275
71.54 71.71 71.86 71.905 71.875 71.928 72.128 72.388 72.52 72.808 72.963 73.305 73.648 73.938 74.025 74.595 74.51 74.71 75.093 75.243 75.583 80.335 76.528 76.245 76.568 78.363 77.06 77.378 82.213 79.838 79.035 78.233 78.385 78.718 79.123 80.583 84.358 82.588 85.87 80.87 81.518 81.925 83.038 83.09 83.055 84.91 83.855 84.308 84.338 84.623 84.89 85.25 85.555 85.853 86.168 86.483 86.793 87.21 87.688 87.85 88.145 88.43 88.728 89.048 89.37 89.67 90 90.27 90.535 90.765
72.15 72.56 72.483 72.555 72.518 72.513 72.708 72.763 73.005 73.59 73.535 73.823 74.265 74.29 74.48 74.773 74.955 75.83 75.445 75.788 77.635 76.513 78.68 77.805 77.293 79.025 78.038 80.11 80.568 83.74 78.995 80.813 79.623 79.228 79.683 84.008 84.763 81.208 81.108 81.473 81.888 82.74 87.283 85.05 84.15 83.978 85.275 84.685 85.355 85.945 85.563 85.823 86.168 86.468 86.83 87.17 87.515 87.865 88.203 88.513 88.7 89.008 89.328 89.623 89.94 90.28 90.57 90.793 91.043 91.298
72.858 78.57 74.758 74.945 73.128 73.155 73.27 73.325 73.478 74.695 74.138 74.365 74.663 75.078 75.57 75.788 75.628 77.65 75.948 76.415 77.01 78.385 77.63 77.838 78.698 78.713 78.283 78.645 80.775 80.468 79.78 79.815 80.65 80.03 80.333 81.548 81.928 81.975 81.813 86.695 86.15 83.4 87.405 86.72 85.445 84.555 84.85 85.213 85.538 85.868 86.158 86.483 86.76 87.068 87.418 87.77 88.053 88.425 88.8 89.043 89.33 89.623 89.9 90.21 90.52 90.805 91.06 91.285 91.515 91.803
73.25 75.725 74.125 77.258 73.673 73.805 73.858 73.948 74.01 74.203 74.48 74.903 75.018 75.213 75.923 76.795 76.388 76.398 76.47 76.84 79.39 78.068 77.743 78.09 78.123 79.6 78.78 79.568 79.63 79.508 79.898 80.055 80.508 80.905 81.013 81.598 81.63 82.558 88.79 96.433 86.74 83.815 87.135 88.308 86.865 85.223 85.443 85.853 86.153 86.46 86.865 87.128 87.403 87.705 88.05 88.41 88.763 89.085 89.323 89.615 89.868 90.198 90.495 90.755 91.073 91.268 91.545 91.803 92.015 92.298
73.788 73.863 73.945 74.06 74.25 74.47 74.56 74.63 74.708 74.808 74.96 75.185 75.44 76.625 76.87 76.478 76.713 77.573 77.068 77.36 77.748 78.18 78.43 78.763 79.51 79.128 82.208 81.81 80.853 80.04 80.315 80.555 80.918 81.53 82.028 82.808 84.858 83.388 88.71 92.178 83.813 85.173 85.268 90.053 88.943 86.02 86.07 86.438 86.798 87.063 87.433 87.753 88.055 88.318 88.698 89.033 89.328 89.643 89.908 90.145 90.498 90.915 91.545 91.32 91.523 91.79 92.028 92.305 92.558 92.798
74.27 74.378 74.463 74.643 74.828 75.03 75.223 75.25 75.375 75.405 75.57 75.84 76.415 79.98 76.573 77.12 77.333 77.325 77.585 77.913 78.168 78.478 78.745 79.358 79.858 79.928 82.49 80.173 80.928 80.623 80.845 81.09 82.483 83.315 82.635 89.52 87.47 83.69 83.783 84.565 84.473 85.455 90.148 97.715 88.86 86.31 86.63 87.02 87.368 87.705 87.968 88.273 88.648 88.945 89.32 89.728 89.903 90.19 90.45 90.773 91.11 91.385 92.298 91.838 92.16 92.31 92.523 92.795 92.998 93.218
74.815 74.935 75.088 75.235 75.448 75.623 75.76 75.86 76.02 76.06 76.253 78.008 80.123 78.915 77.455 77.398 77.55 77.793 78.203 80.023 84.32 78.993 79.34 79.853 80.938 80.215 80.55 80.635 82.25 81.01 81.3 81.813 82.328 82.828 83.31 86.473 86.99 83.89 84.22 84.74 85.398 85.71 88.655 91.95 86.933 86.93 87.258 87.61 87.948 88.273 88.618 88.925 89.208 89.498 89.873 90.148 90.438 90.713 91.033 91.395 91.625 91.843 92.05 92.275 92.578 92.948 93.035 93.215 93.453 93.7
75.488 75.595 75.728 75.883 76.008 76.173 76.285 76.368 76.548 76.64 76.79 77.608 77.868 77.34 77.508 77.795 78.445 78.82 80.545 84.673 82.138 79.65 80.388 80.505 80.225 80.643 80.945 81.388 81.778 81.675 82.605 82.735 85.725 86.048 84.068 84.325 85.18 85 84.993 85.265 85.63 86.213 86.52 87.478 87.683 87.965 87.898 88.573 88.483 88.88 89.158 89.44 89.773 90.08 90.303 90.64 91.08 91.325 91.625 91.825 92.19 92.48 92.523 92.778 92.99 93.285 93.478 93.648 93.965 94.285
76.903 76.515 76.333 76.473 76.585 76.71 76.825 76.9 77.145 77.35 77.5 77.625 77.81 77.938 78.093 78.395 78.758 79.225 79.65 79.568 79.783 79.985 80.3 81.158 81.22 82.645 81.943 81.653 82.015 82.495 83.623 87.353 88.923 84.993 84.838 84.833 85.973 85.678 85.955 85.925 87.158 92.218 88.408 87.458 87.788 90.245 90.058 88.773 89.088 89.445 89.823 90.035 90.328 90.648 90.91 91.188 91.51 91.755 92.078 92.35 92.56 92.79 93.06 93.28 93.538 93.765 93.91 94.135 94.448 94.945
77.093 76.885 76.963 77.115 77.15 77.255 77.433 77.59 78.295 78.51 78.255 78.278 78.938 78.715 78.818 79.13 79.295 79.523 79.78 80.195 80.413 80.658 80.793 82.415 82.738 82.213 83.093 84.765 83.323 83.308 84.323 84.13 84.538 84.663 85.033 85.533 86.043 86.83 86.965 86.965 92.563 90.508 88.473 87.888 88.738 89.623 90.31 90.148 89.848 89.943 90.303 90.623 90.863 91.188 91.475 91.743 92.08 92.335 92.543 92.785 93.045 93.295 93.555 93.773 93.953 94.223 94.508 94.64 95.048 95.268
77.298 77.388 77.528 77.675 77.768 78.005 78.015 78.25 78.665 79.013 78.8 78.968 79.153 79.43 79.578 79.89 81.133 81.8 80.565 80.725 80.84 81.15 81.388 82.508 82.743 82.555 84.593 84.393 83.718 84.035 84.395 84.758 85.593 85.343 87.128 86.443 86.96 87.353 87.7 87.8 88.973 88.228 88.328 88.583 89.438 90.263 94.628 92.568 90.463 90.638 90.89 91.168 91.413 91.71 92.03 92.29 92.513 92.743 93.175 93.98 93.6 93.81 94.005 94.255 94.488 95.153 95.713 95.043 95.233 95.448
77.775 77.878 78.055 78.21 78.35 79.623 81.24 78.968 79.108 79.278 79.33 79.493 79.75 79.955 80.225 80.568 82.465 83.383 81.203 82.345 82.243 82.605 82.085 82.723 83.413 83.2 83.895 83.975 84.31 85.848 84.79 85.938 85.628 86.185 87.748 87.233 87.775 87.905 88.365 88.503 88.718 88.975 89.36 90.268 91.67 93.923 96.19 91.895 90.928 91.163 91.435 91.775 92.02 92.24 92.428 92.76 92.958 93.218 93.603 93.968 94.053 94.25 94.473 94.81 95.053 97.005 95.48 95.505 96.035 96.373
78.31 78.37 78.89 78.903 78.948 80.983 82.263 79.563 79.808 79.98 80.223 81.018 80.428 80.7 80.955 81.188 81.598 81.823 81.928 82.423 82.62 82.468 82.888 83.465 83.64 84.865 84.97 84.6 84.715 85.005 85.428 86.135 86.56 87.203 87.413 88.285 88.19 88.588 88.845 89.008 89.455 89.848 93.47 91.09 90.858 96.158 96.863 91.42 91.595 91.638 92.823 92.278 92.528 92.758 92.998 93.175 93.63 94.223 94.025 94.238 94.483 94.695 94.915 95.703 95.69 95.595 95.895 96.135 98.163 97.4
79.313 79.183 79.718 79.64 79.6 82.098 81.878 80.108 81.1 80.963 81.343 82.768 81.738 81.53 81.94 82.028 82.22 82.43 82.615 82.82 83.018 83.263 83.773 83.868 84.255 84.608 86.168 85.153 85.243 85.623 85.995 86.645 87.078 87.458 87.768 89.09 88.865 92.833 89.735 89.638 89.955 90.498 91.418 91.395 91.93 96.155 94.023 92.008 91.95 92.038 92.735 92.85 93.03 93.245 93.73 93.715 94.598 96.055 94.688 94.645 94.953 95.148 95.423 95.643 95.82 96.065 96.295 96.51 96.895 97.105
79.77 79.463 79.763 79.988 80.285 82.4 83.61 81.038 82.135 81.703 81.88 82.5 82.385 82.438 82.655 83.288 83.125 83.153 83.345 83.505 83.7 84.065 84.995 84.738 84.828 85.308 85.293 86.065 86.283 86.245 86.855 87.805 87.655 87.885 88.35 88.505 89.85 91.818 89.68 90.545 91.768 91.128 91.575 91.688 92.13 92.288 92.433 92.725 92.733 92.75 92.823 93.13 93.41 93.88 94.095 94.248 95.54 95.005 95.77 95.155 96.828 95.618 95.86 96.005 96.268 96.523 96.795 97.09 97.263 97.415
80.163 80.125 80.46 80.75 80.87 81.358 81.195 81.258 81.728 82.195 82.443 82.698 83.085 84.03 84.21 83.228 83.558 83.83 83.958 84.19 84.398 84.688 85.808 85.173 85.385 86.568 85.873 87.52 88.37 87.168 87.583 88.523 88.533 92.515 89.32 89.145 91.153 90.743 91.243 90.568 91.16 91.788 92.07 92.52 93.425 92.928 93.04 93.31 93.405 93.548 95.48 95.163 93.768 94.125 94.473 94.815 96.17 95.42 95.33 95.59 95.805 96.058 96.295 96.455 96.753 96.965 97.218 97.525 97.673 97.895
82.03 81.055 80.955 81.098 81.498 82.02 82.633 82.33 82.75 83.12 82.8 83.025 83.403 83.903 84.258 84.083 84.105 84.338 84.613 84.76 84.948 85.245 85.513 85.595 86.165 86.553 86.55 87.003 87.445 88.03 88.43 88.85 97.028 100.198 91.948 90.623 93.058 92.773 90.828 91.093 91.555 93.295 93.133 92.555 93.775 93.138 93.418 93.705 94.108 94.223 96.373 96.188 94.56 94.69 94.645 95.048 95.355 95.665 95.87 96.055 96.255 96.543 96.71 96.928 97.135 97.408 97.65 97.875 98.15 98.265
82.36 81.795 81.518 81.758 82.055 82.39 82.795 83.003 83.348 84 83.375 84.34 85.145 84.508 84.668 84.585 84.813 85.028 85.155 85.538 85.683 85.925 86.148 86.85 87.083 87.335 87.333 88.475 88.65 88.805 89.2 90.85 102.163 97.055 92.648 91.015 92.468 91.028 91.255 91.67 92.288 93.485 95.423 93.108 93.363 93.558 93.87 94.165 94.463 94.73 94.93 95.065 95.318 96.055 95.465 95.6 95.608 95.87 96.25 96.49 96.67 96.96 97.16 97.37 97.623 97.845 98.098 98.403 98.503 98.58
86.56 83.49 84.92 82.805 82.698 83.093 83.128 83.67 84.453 83.818 83.908 84.453 84.708 84.753 85.038 85.135 85.37 85.548 85.83 86.248 86.265 86.413 86.718 86.873 87.958 88.093 88.198 91.333 89.863 89.333 89.52 91.545 92.545 94.338 93.308 90.758 94.385 92.208 91.845 92.438 92.925 93.353 93.318 93.53 93.74 93.95 94.198 94.455 94.723 95.028 95.283 95.583 95.88 95.99 96.155 96.435 96.403 96.365 96.608 96.783 97.22 97.588 97.798 99.193 99.738 98.22 98.57 98.75 98.838 98.95
86.803 85.26 88.39 84.38 83.813 84.295 84.09 84.608 84.6 84.7 84.76 84.973 85.3 87.365 85.473 85.62 85.86 86.1 86.608 87.6 86.878 87.975 88.038 87.565 88.258 88.5 89.323 89.59 90 89.835 89.975 90.515 91.975 90.783 91.245 91.49 92.793 92.283 92.52 93.51 93.285 93.54 93.735 93.92 94.13 94.348 94.545 94.76 95.018 95.33 95.608 95.843 96.158 96.468 96.678 96.878 97.083 97.105 97.153 97.285 98.01 97.685 98.095 101.015 99.483 98.745 99.005 99.115 99.2 99.303
83.528 83.403 83.475 83.893 84.735 85.903 85.288 84.753 84.913 85.268 85.315 85.625 85.868 86.188 86.128 86.285 86.5 86.748 87.818 89.068 88.085 87.52 87.945 88.215 88.718 89.705 90.425 90.035 90.515 90.56 90.543 90.748 92.105 91.403 92.065 94.27 94.615 92.803 93.245 93.555 94.265 93.945 94.175 94.335 94.523 94.733 94.913 95.13 95.358 95.628 95.905 96.18 96.44 96.753 97.058 97.335 97.588 98.03 98.118 97.975 98.038 98.583 98.528 99.445 99.325 99.193 99.365 99.488 99.565 99.683
84.223 84.75 84.348 84.33 85.268 85.853 85.528 85.183 85.425 85.945 86.138 86.148 86.345 86.615 86.81 87.065 87.21 88.178 87.98 87.728 87.878 88.14 88.568 89.005 91.86 90.383 90.2 90.598 91.248 90.845 91.163 91.488 91.753 91.93 93.46 93.193 93.415 93.47 93.85 93.998 94.16 94.34 94.518 94.698 94.915 95.07 95.265 95.475 95.708 95.96 96.223 96.51 96.785 97.068 97.365 97.658 97.975 98.245 98.465 98.888 98.785 101.178 99.435 99.288 99.393 99.618 99.783 99.853 99.948 100.075
84.45 84.973 85.038 85.61 86.228 85.473 85.748 85.798 86.083 86.42 86.89 86.99 87.105 87.398 87.313 87.443 87.588 87.91 88.053 88.165 88.38 88.88 89.213 89.545 90.658 90.645 90.995 91.288 92.835 91.633 91.81 91.893 92.615 93.063 93.038 93.36 93.78 94.073 94.25 94.393 94.538 94.708 94.875 95.065 95.25 95.468 95.658 95.853 96.073 96.323 96.58 96.833 97.108 97.39 97.69 97.998 98.285 98.585 98.858 99.003 99.175 99.468 99.62 99.768 99.933 100.038 100.143 100.27 100.368 100.465
84.94 85.515 85.448 85.37 85.675 85.96 86.268 86.4 86.653 86.973 87.455 88.045 88.135 87.775 87.895 87.985 88.575 89.008 89.178 88.748 88.963 89.388 90.713 90.608 91.338 91.773 92.123 94.005 95.303 92.198 92.285 92.443 94.068 93.86 93.765 94.095 94.3 94.413 94.538 94.763 94.94 95.088 95.258 95.46 95.66 95.845 96.038 96.265 96.435 96.718 96.978 97.19 97.47 97.788 98.065 98.343 98.65 98.905 99.19 99.43 99.65 99.775 99.923 100.165 100.313 100.425 100.545 100.633 100.733 100.85
