All_lidar/sz5887_DSM_2M.asc
ncols 500
nrows 500
xllcorner    458000
yllcorner    87000
cellsize     2
NODATA_value -9999
[rows 310 to 340 of 500, columns 350 to 419 of 500]
92.233 92.233 92.183 92.148 92.121 92.108 92.078 92.018 91.986 91.921 91.873 91.786 91.708 91.636 91.538 91.443 91.321 91.198 91.081 90.971 90.831 90.693 90.531 90.361 90.178 89.996 89.776 89.571 89.338 89.111 88.851 88.606 88.348 88.056 87.763 87.443 87.146 86.841 86.498 86.163 85.838 85.496 85.218 84.888 84.578 84.256 83.911 83.571 83.258 82.943 82.641 82.306 81.978 81.641 81.323 81.028 80.708 80.381 80.028 79.688 79.368 79.063 78.713 78.386 78.066 77.718 77.363 77.068 76.723 76.386
92.618 92.573 92.508 92.466 92.426 92.428 92.383 92.351 92.263 92.216 92.131 92.073 91.993 91.903 91.798 91.703 91.563 91.451 91.318 91.181 91.056 90.918 90.736 90.571 90.391 90.221 90.011 89.813 89.598 89.356 89.141 88.878 88.601 88.316 88.011 87.693 87.341 87.026 86.726 86.386 86.018 85.701 85.351 85.031 84.696 84.366 84.016 83.681 83.346 83.023 82.698 82.383 82.061 81.726 81.391 81.071 80.746 80.413 80.068 79.738 79.411 79.076 78.738 78.416 78.096 77.763 77.408 77.058 76.748 76.413
92.933 92.886 92.851 92.793 92.776 92.708 92.658 92.618 92.578 92.518 92.406 92.338 92.223 92.146 92.011 91.936 91.813 91.688 91.543 91.418 91.253 91.118 90.966 90.801 90.603 90.443 90.236 90.043 89.846 89.623 89.398 89.148 88.861 88.578 88.256 87.936 87.623 87.271 86.946 86.591 86.233 85.881 85.553 85.191 84.808 84.488 84.096 83.763 83.451 83.078 82.736 82.416 82.118 81.798 81.448 81.093 80.783 80.436 80.116 79.798 79.448 79.108 78.763 78.451 78.121 77.776 77.443 77.103 76.763 76.418
93.268 93.246 93.196 93.143 93.113 93.046 92.958 92.908 92.836 92.778 92.681 92.603 92.476 92.368 92.228 92.138 92.028 91.918 91.786 91.641 91.501 91.328 91.168 90.996 90.831 90.638 90.446 90.261 90.061 89.863 89.621 89.381 89.126 88.823 88.526 88.173 87.858 87.516 87.178 86.798 86.426 86.091 85.726 85.351 84.991 84.596 84.231 83.868 83.506 83.166 82.818 82.493 82.148 81.851 81.526 81.183 80.831 80.488 80.153 79.833 79.498 79.158 78.793 78.476 78.131 77.803 77.473 77.113 76.778 76.413
93.603 93.563 93.523 93.491 93.451 93.348 93.286 93.223 93.128 93.043 92.943 92.853 92.726 92.611 92.486 92.336 92.223 92.106 91.988 91.848 91.701 91.528 91.408 91.221 91.026 90.873 90.681 90.476 90.263 90.076 89.856 89.613 89.348 89.091 88.781 88.461 88.101 87.748 87.396 87.021 86.651 86.268 85.881 85.531 85.128 84.726 84.338 83.938 83.578 83.223 82.893 82.546 82.228 81.891 81.563 81.241 80.901 80.548 80.228 79.886 79.543 79.211 78.858 78.523 78.196 77.826 77.458 77.123 76.798 76.438
93.936 93.931 93.886 93.813 93.761 93.693 93.606 93.516 93.438 93.351 93.218 93.116 92.968 92.853 92.703 92.571 92.448 92.303 92.163 92.038 91.881 91.736 91.581 91.411 91.263 91.063 90.886 90.703 90.501 90.263 90.056 89.826 89.566 89.306 88.996 88.711 88.371 87.986 87.613 87.298 86.903 86.478 86.093 85.673 85.273 84.858 84.446 84.043 83.643 83.273 82.946 82.613 82.283 81.918 81.596 81.261 80.928 80.586 80.263 79.933 79.593 79.226 78.898 78.543 78.241 77.868 77.476 77.146 76.786 76.423
94.306 94.241 94.193 94.151 94.076 94.008 93.921 93.811 93.721 93.608 93.508 93.346 93.206 93.073 92.953 92.826 92.696 92.541 92.368 92.233 92.108 91.936 91.761 91.586 91.421 91.241 91.078 90.891 90.701 90.501 90.268 90.028 89.761 89.513 89.243 88.921 88.611 88.253 87.898 87.506 87.093 86.691 86.291 85.896 85.431 84.981 84.598 84.138 83.731 83.376 82.993 82.631 82.321 81.993 81.648 81.308 80.966 80.623 80.313 79.986 79.633 79.281 78.946 78.593 78.253 77.881 77.516 77.166 76.763 76.436
94.643 94.591 94.521 94.438 94.381 94.316 94.208 94.111 93.993 93.886 93.748 93.616 93.456 93.308 93.178 93.053 92.921 92.781 92.611 92.453 92.286 92.116 91.951 91.776 91.608 91.431 91.258 91.081 90.901 90.698 90.478 90.261 90.001 89.721 89.448 89.161 88.821 88.478 88.113 87.763 87.361 86.921 86.501 86.058 85.613 85.163 84.686 84.278 83.823 83.463 83.058 82.708 82.351 82.013 81.666 81.331 81.006 80.648 80.333 80.023 79.703 79.341 78.986 78.613 78.268 77.871 77.498 77.131 76.776 76.436
94.941 94.916 94.858 94.773 94.676 94.593 94.523 94.418 94.283 94.158 94.018 93.858 93.713 93.556 93.381 93.253 93.126 92.973 92.828 92.653 92.501 92.313 92.128 91.958 91.788 91.618 91.453 91.258 91.078 90.901 90.681 90.453 90.193 89.943 89.648 89.368 89.048 88.721 88.368 87.983 87.596 87.158 86.713 86.258 85.798 85.331 84.841 84.403 83.958 83.551 83.133 82.743 82.371 82.018 81.676 81.368 81.046 80.693 80.331 80.033 79.701 79.363 78.996 78.663 78.256 77.891 77.483 77.113 76.768 76.426
95.241 95.196 95.153 95.071 94.996 94.896 94.806 94.683 94.558 94.423 94.263 94.116 93.978 93.781 93.648 93.483 93.313 93.163 92.996 92.838 92.678 92.503 92.323 92.148 91.956 91.801 91.613 91.421 91.256 91.068 90.841 90.646 90.401 90.106 89.848 89.561 89.246 88.923 88.581 88.198 87.801 87.386 86.923 86.468 85.968 85.428 84.993 84.533 84.061 83.631 83.216 82.811 82.428 82.081 81.733 81.408 81.053 80.723 80.381 80.051 79.711 79.353 79.018 78.658 78.281 77.908 77.496 77.131 76.761 76.398
95.531 95.463 95.411 95.368 95.286 95.196 95.088 94.941 94.788 94.676 94.538 94.361 94.213 94.046 93.883 93.706 93.576 93.388 93.221 93.046 92.858 92.678 92.518 92.323 92.151 91.958 91.756 91.601 91.431 91.241 91.043 90.821 90.598 90.321 90.036 89.751 89.443 89.111 88.778 88.401 88.021 87.593 87.116 86.633 86.153 85.616 85.136 84.678 84.211 83.751 83.338 82.916 82.518 82.161 81.763 81.428 81.086 80.728 80.436 80.106 79.761 79.378 79.036 78.658 78.301 77.901 77.523 77.143 76.793 76.391
95.826 95.758 95.681 95.598 95.533 95.466 95.366 95.246 95.101 94.918 94.791 94.656 94.466 94.298 94.138 93.971 93.773 93.623 93.453 93.233 93.066 92.861 92.681 92.501 92.326 92.141 91.948 91.766 91.616 91.433 91.251 91.006 90.788 90.506 90.238 89.971 89.686 89.341 89.028 88.646 88.221 87.768 87.331 86.818 86.286 85.788 85.281 84.773 84.308 83.851 83.416 82.993 82.578 82.226 81.841 81.466 81.138 80.788 80.446 80.113 79.781 79.436 79.086 78.653 78.263 77.878 77.506 77.153 76.786 76.401
96.126 96.036 95.956 95.888 95.771 95.678 95.603 95.508 95.378 95.201 95.038 94.883 94.726 94.553 94.383 94.206 94.013 93.851 93.653 93.461 93.281 93.063 92.863 92.691 92.496 92.328 92.128 91.948 91.771 91.578 91.406 91.203 90.976 90.713 90.423 90.136 89.893 89.561 89.206 88.846 88.413 87.978 87.483 86.986 86.468 85.933 85.438 84.936 84.411 83.931 83.496 83.081 82.666 82.263 81.898 81.533 81.186 80.858 80.518 80.153 79.823 79.453 79.091 78.711 78.293 77.903 77.498 77.138 76.791 76.423
96.386 96.303 96.208 96.133 96.048 95.943 95.841 95.703 95.581 95.451 95.303 95.131 94.941 94.786 94.643 94.466 94.273 94.076 93.908 93.676 93.476 93.286 93.081 92.866 92.676 92.473 92.308 92.118 91.936 91.766 91.536 91.328 91.123 90.891 90.631 90.363 90.078 89.756 89.408 89.023 88.616 88.178 87.651 87.176 86.636 86.101 85.586 85.056 84.541 84.063 83.593 83.163 82.743 82.336 81.946 81.583 81.253 80.908 80.561 80.213 79.838 79.493 79.076 78.708 78.321 77.941 77.536 77.136 76.773 76.426
96.623 96.553 96.461 96.371 96.308 96.181 96.083 95.961 95.816 95.658 95.506 95.381 95.218 95.046 94.866 94.688 94.501 94.331 94.123 93.918 93.708 93.501 93.273 93.083 92.893 92.661 92.478 92.278 92.096 91.913 91.726 91.501 91.253 91.028 90.796 90.531 90.286 89.958 89.636 89.228 88.843 88.376 87.858 87.353 86.776 86.251 85.701 85.198 84.686 84.188 83.688 83.248 82.808 82.418 82.026 81.646 81.321 80.981 80.608 80.271 79.903 79.521 79.118 78.708 78.313 77.941 77.558 77.156 76.773 76.418
96.876 96.788 96.708 96.641 96.541 96.421 96.316 96.168 96.046 95.908 95.718 95.583 95.436 95.273 95.113 94.933 94.713 94.548 94.358 94.136 93.911 93.711 93.476 93.291 93.083 92.881 92.658 92.466 92.258 92.051 91.883 91.666 91.433 91.233 90.983 90.723 90.428 90.163 89.816 89.466 89.028 88.538 88.038 87.508 86.948 86.418 85.878 85.333 84.798 84.308 83.801 83.376 82.921 82.526 82.116 81.733 81.353 81.008 80.676 80.323 79.931 79.563 79.178 78.748 78.348 77.936 77.533 77.141 76.756 76.391
97.158 97.073 96.953 96.871 96.781 96.673 96.551 96.431 96.296 96.136 95.976 95.806 95.638 95.476 95.326 95.168 94.968 94.748 94.563 94.356 94.128 93.921 93.703 93.468 93.286 93.076 92.858 92.651 92.413 92.238 92.021 91.806 91.603 91.411 91.158 90.898 90.633 90.318 90.011 89.643 89.216 88.726 88.223 87.671 87.143 86.573 86.043 85.498 84.921 84.393 83.933 83.461 83.001 82.608 82.206 81.813 81.441 81.083 80.721 80.351 79.968 79.593 79.186 78.761 78.393 77.951 77.551 77.151 76.786 76.426
97.393 97.311 97.206 97.131 97.013 96.903 96.791 96.653 96.518 96.361 96.208 96.051 95.881 95.688 95.498 95.348 95.168 94.973 94.766 94.561 94.341 94.131 93.908 93.691 93.456 93.228 93.038 92.813 92.618 92.391 92.166 91.936 91.741 91.518 91.318 91.071 90.808 90.501 90.176 89.806 89.391 88.926 88.413 87.836 87.298 86.706 86.166 85.611 85.091 84.556 84.048 83.551 83.103 82.676 82.288 81.916 81.541 81.171 80.776 80.398 80.006 79.651 79.233 78.816 78.401 77.968 77.548 77.151 76.791 76.466
97.616 97.561 97.466 97.381 97.258 97.133 96.993 96.878 96.748 96.598 96.431 96.253 96.093 95.923 95.746 95.541 95.351 95.178 94.981 94.798 94.546 94.331 94.111 93.898 93.711 93.443 93.208 92.998 92.788 92.556 92.348 92.101 91.871 91.653 91.431 91.203 90.948 90.663 90.341 89.978 89.551 89.091 88.581 88.046 87.476 86.921 86.348 85.766 85.211 84.686 84.183 83.663 83.208 82.796 82.356 81.996 81.603 81.241 80.863 80.456 80.058 79.656 79.263 78.843 78.416 77.971 77.591 77.166 76.808 76.478
97.878 97.791 97.696 97.621 97.498 97.363 97.231 97.093 96.948 96.801 96.658 96.503 96.336 96.148 95.973 95.756 95.566 95.346 95.171 94.978 94.758 94.536 94.311 94.056 93.861 93.648 93.398 93.188 92.971 92.718 92.506 92.278 92.056 91.818 91.596 91.348 91.091 90.831 90.481 90.128 89.718 89.266 88.746 88.193 87.633 87.058 86.506 85.928 85.356 84.788 84.293 83.801 83.298 82.883 82.448 82.073 81.693 81.316 80.963 80.558 80.136 79.711 79.298 78.873 78.443 78.011 77.613 77.213 76.866 76.508
98.123 98.056 97.946 97.833 97.721 97.593 97.468 97.321 97.183 97.001 96.868 96.696 96.543 96.373 96.191 95.983 95.783 95.576 95.343 95.143 94.918 94.716 94.513 94.281 94.056 93.823 93.588 93.368 93.143 92.903 92.681 92.446 92.231 92.001 91.781 91.503 91.258 90.963 90.643 90.283 89.843 89.383 88.928 88.381 87.808 87.226 86.658 86.058 85.513 84.953 84.431 83.913 83.428 82.956 82.543 82.148 81.786 81.408 81.011 80.633 80.201 79.783 79.348 78.906 78.463 78.043 77.628 77.266 76.883 76.576
98.406 98.296 98.213 98.086 97.948 97.811 97.703 97.533 97.396 97.213 97.081 96.903 96.748 96.581 96.406 96.213 96.006 95.791 95.566 95.328 95.101 94.878 94.706 94.476 94.258 94.008 93.766 93.516 93.283 93.061 92.838 92.608 92.361 92.161 91.913 91.673 91.423 91.096 90.753 90.398 90.021 89.546 89.041 88.506 87.956 87.386 86.781 86.226 85.668 85.101 84.548 84.041 83.538 83.096 82.661 82.231 81.853 81.476 81.088 80.691 80.263 79.838 79.408 78.973 78.528 78.071 77.661 77.296 76.928 76.608
98.686 98.591 98.473 98.341 98.193 98.048 97.918 97.746 97.613 97.456 97.301 97.126 96.951 96.793 96.618 96.423 96.196 95.991 95.748 95.548 95.316 95.071 94.826 94.626 94.393 94.201 93.941 93.708 93.456 93.221 93.001 92.766 92.546 92.281 92.063 91.798 91.548 91.268 90.918 90.553 90.123 89.688 89.201 88.673 88.093 87.533 86.953 86.383 85.818 85.246 84.691 84.156 83.641 83.198 82.771 82.363 81.948 81.511 81.158 80.778 80.333 79.883 79.438 79.011 78.573 78.136 77.691 77.308 76.971 76.661
98.963 98.823 98.708 98.578 98.443 98.273 98.131 97.961 97.821 97.651 97.508 97.326 97.181 96.998 96.783 96.601 96.398 96.191 95.946 95.721 95.508 95.256 95.036 94.793 94.546 94.326 94.103 93.883 93.638 93.386 93.136 92.923 92.693 92.458 92.213 91.948 91.698 91.388 91.086 90.716 90.261 89.793 89.331 88.818 88.273 87.681 87.101 86.526 85.948 85.376 84.828 84.306 83.776 83.313 82.868 82.463 82.048 81.641 81.213 80.818 80.386 79.958 79.486 79.041 78.601 78.163 77.756 77.348 77.011 76.696
99.211 99.118 98.973 98.848 98.676 98.536 98.346 98.193 98.033 97.883 97.703 97.538 97.383 97.178 96.996 96.776 96.551 96.353 96.128 95.903 95.673 95.436 95.193 94.976 94.726 94.483 94.268 94.026 93.796 93.558 93.306 93.056 92.798 92.578 92.358 92.103 91.816 91.513 91.198 90.833 90.441 89.973 89.476 88.953 88.396 87.833 87.241 86.658 86.066 85.503 84.951 84.408 83.923 83.453 83.001 82.591 82.148 81.713 81.308 80.876 80.443 79.993 79.543 79.088 78.658 78.213 77.828 77.441 77.108 76.783
99.491 99.358 99.221 99.116 98.946 98.783 98.586 98.398 98.221 98.061 97.888 97.701 97.553 97.363 97.156 96.961 96.751 96.501 96.276 96.066 95.868 95.603 95.358 95.138 94.878 94.653 94.376 94.146 93.916 93.683 93.458 93.206 92.976 92.703 92.478 92.228 91.938 91.641 91.333 90.971 90.568 90.123 89.636 89.106 88.536 87.958 87.386 86.808 86.228 85.676 85.093 84.533 84.053 83.568 83.151 82.711 82.283 81.818 81.396 80.951 80.533 80.028 79.583 79.141 78.713 78.291 77.873 77.508 77.173 76.883
99.768 99.658 99.486 99.333 99.198 99.026 98.838 98.646 98.428 98.228 98.088 97.911 97.706 97.533 97.323 97.128 96.916 96.693 96.461 96.213 96.003 95.783 95.543 95.313 95.058 94.821 94.568 94.303 94.053 93.806 93.568 93.338 93.118 92.876 92.623 92.356 92.068 91.776 91.448 91.091 90.686 90.228 89.758 89.263 88.681 88.086 87.526 86.948 86.366 85.776 85.226 84.706 84.193 83.706 83.238 82.836 82.411 81.943 81.503 81.053 80.606 80.141 79.651 79.226 78.771 78.331 77.948 77.576 77.253 76.966
100.073 99.916 99.771 99.591 99.428 99.263 99.078 98.866 98.683 98.473 98.278 98.056 97.903 97.708 97.503 97.291 97.056 96.861 96.646 96.381 96.156 95.933 95.708 95.473 95.213 94.948 94.716 94.453 94.196 93.931 93.686 93.466 93.228 92.976 92.758 92.508 92.218 91.891 91.586 91.221 90.811 90.363 89.896 89.386 88.833 88.248 87.646 87.036 86.441 85.928 85.348 84.818 84.308 83.841 83.373 82.936 82.516 82.081 81.618 81.171 80.701 80.206 79.758 79.286 78.816 78.408 78.016 77.668 77.348 77.061
100.311 100.206 100.046 99.858 99.701 99.501 99.301 99.113 98.926 98.708 98.508 98.318 98.103 97.861 97.663 97.471 97.236 97.013 96.783 96.558 96.351 96.068 95.843 95.611 95.366 95.101 94.846 94.586 94.318 94.068 93.816 93.561 93.328 93.093 92.836 92.596 92.321 92.033 91.678 91.331 90.946 90.498 90.036 89.533 88.933 88.381 87.808 87.211 86.561 86.053 85.488 84.938 84.433 83.936 83.498 83.056 82.623 82.191 81.733 81.268 80.791 80.323 79.833 79.381 78.916 78.503 78.103 77.743 77.421 77.138
100.601 100.451 100.286 100.111 99.961 99.758 99.563 99.343 99.158 98.941 98.751 98.521 98.311 98.083 97.843 97.626 97.383 97.156 96.928 96.686 96.478 96.231 95.991 95.753 95.481 95.221 94.976 94.711 94.448 94.196 93.946 93.688 93.446 93.196 92.933 92.688 92.403 92.141 91.811 91.458 91.053 90.621 90.178 89.651 89.093 88.511 87.941 87.321 86.743 86.153 85.583 85.083 84.561 84.056 83.591 83.163 82.743 82.278 81.838 81.376 80.923 80.448 79.946 79.486 79.033 78.591 78.196 77.836 77.511 77.228
100.843 100.716 100.546 100.366 100.196 100.018 99.828 99.631 99.428 99.163 98.968 98.728 98.488 98.278 98.046 97.801 97.538 97.286 97.068 96.836 96.596 96.371 96.123 95.883 95.626 95.371 95.086 94.838 94.573 94.311 94.063 93.808 93.568 93.326 93.056 92.796 92.526 92.218 91.901 91.576 91.196 90.746 90.263 89.746 89.203 88.656 88.061 87.458 86.873 86.283 85.738 85.193 84.691 84.203 83.756 83.283 82.841 82.401 81.933 81.506 81.028 80.548 80.056 79.561 79.136 78.718 78.313 77.968 77.646 77.348
