All_lidar/sz5891_DSM_2M.asc
ncols 500
nrows 500
xllcorner    458000
yllcorner    91000
cellsize     2
NODATA_value -9999
[rows 448 to 479 of 500, columns 144 to 215 of 500]
48.84 48.27 48.235 48.303 48.925 49.15 49.335 48.495 48.15 49.14 50.088 50.385 49.773 50.143 49.163 49.185 49.66 47.858 47.443 47.825 47.388 47.113 47.003 46.898 46.768 49.068 49.353 48.175 48.543 47.41 46.098 46.535 45.988 46.173 46.518 46.23 47.228 45.883 46.298 45.383 44.843 44.493 44.105 43.765 43.833 43.323 43.203 43.263 43.805 42.645 42.615 44.635 45.635 47.048 47.798 48.13 48.265 48.065 48.478 48.248 47.885 47.27 46.92 45.303 42.513 40.108 39.938 40.14 39.648 40.003 39.13 39.2
48.308 48.345 48.243 48.283 49.655 49.075 48.193 48.018 48.445 49.203 50.31 50.248 49.683 50.273 48.978 47.695 47.663 47.408 47.293 47.7 47.745 48.143 47.7 47.298 46.815 48.49 49.105 47.025 46.013 46.015 46.298 46.148 45.57 46.815 46.13 45.44 45.668 45.358 44.6 44.57 44.593 45.858 44.733 44.463 43.78 43.335 43.288 43.238 43.213 42.625 42.453 42.44 42.4 42.173 43.095 46.035 44.57 47.15 47.443 47.86 47.64 47.493 47.628 47.47 41.008 40.69 42.193 44.353 41.998 42.573 39.925 40.228
48.335 48.355 48.348 48.565 52.833 53.25 52.438 48.985 48.048 47.823 48.27 48.945 48.375 48.87 47.768 47.638 47.403 47.285 47.205 47.205 47.018 46.973 47.74 48.01 47.5 48.54 47.938 46.69 45.903 45.923 46.088 46.05 45.875 46.825 45.403 45.118 44.998 44.755 44.653 44.62 44.473 46.455 45.26 46.048 45.735 44.685 43.755 43.445 42.888 42.738 42.588 42.528 42.548 42.215 42.32 41.923 41.425 41.563 43.183 44.925 44.785 46.61 46.993 44.67 40.603 41.223 43.998 46.505 46.03 45.718 45.378 44.373
48.4 48.333 48.765 49.825 54.123 54.758 54.338 53.245 53.083 51.05 48.483 47.97 48.33 48.725 48.958 48.145 47.34 47.2 47.08 47.183 46.938 46.87 47.03 46.913 46.693 46.765 47.23 46.148 45.94 45.95 46.308 46.115 46.25 45.805 45.268 45.14 45.16 44.615 44.743 44.915 44.513 44.593 44.205 46.128 45.363 44.478 44.845 43.658 43.005 42.823 42.885 43.47 42.77 42.64 42.148 42.158 41.44 41.353 41.378 41.453 40.93 41 43.87 41.668 42.103 42.215 45.423 46.81 46.808 46.675 46.215 45.965
48.42 48.375 48.39 51.918 54.388 55.225 54.53 53.685 53.86 52.668 50.893 48.285 47.803 47.68 48.223 47.683 47.265 47.775 47.968 47.52 47.038 46.753 46.755 46.665 46.64 46.85 47.36 46.14 45.978 46.025 45.978 45.75 45.64 45.37 45.21 46.13 45.39 45.483 45.118 44.403 45.55 45.41 44.513 46.455 45.018 44.028 45.073 44.31 43.303 44.738 45.02 43.898 42.823 42.343 42.323 41.678 41.468 41.418 41.4 41.06 40.933 40.878 40.748 40.53 43.253 42.763 45.358 46.115 46.443 46.203 46.45 46.553
48.393 48.528 48.313 51.473 53.628 54.13 53.95 51.458 51.825 51.788 50.773 47.938 47.893 47.988 47.468 47.295 47.175 47.113 47.068 47.073 47.78 48.105 47.555 47.118 46.673 47.56 47.298 46.74 46.158 46.04 45.873 45.63 45.308 45.27 45.105 45.623 46.37 46.195 44.625 44.51 44.833 43.998 45.148 45.903 43.81 43.898 43.85 44.015 43.108 45.59 46.713 46.205 43.165 44.965 42.958 42.26 41.913 41.628 41.298 41.058 40.985 40.81 40.625 40.473 40.678 41.913 43.688 43.933 45 44.978 45.61 45.463
48.4 49.178 48.63 48.305 51.22 51.665 52.105 50.848 50.855 50.845 49.228 47.705 48.475 48.243 47.595 47.278 48.055 47.393 46.963 46.98 46.843 46.59 47.13 47.84 47.993 48.463 46.948 47.913 49.9 46.718 45.743 45.43 45.23 45.695 46.535 46.265 46.738 44.705 44.458 44.375 44.063 43.983 44.17 44.93 45.24 43.628 43.35 43.17 42.955 42.97 43.388 43.838 44.005 47.02 43.89 42.56 42.473 44.378 41.848 41.118 40.968 40.785 40.67 40.605 40.333 40.77 41.865 40.62 40.103 40.51 42.22 43.668
48.443 48.723 48.915 49.073 48.725 48.165 47.945 48.103 49.363 49.385 47.82 47.58 47.753 48.168 48.435 48.163 49.52 47.62 47.018 47.63 47.553 46.595 46.71 47.24 48.045 48.388 46.383 49.178 50.608 47.353 48.048 45.538 45.538 46.883 46.6 46.713 46.193 44.58 44.505 44.53 44.068 43.985 43.91 44.053 43.53 43.473 43.315 43.453 43.688 42.958 42.738 42.633 43.095 44.883 43.958 44.195 44.673 42.923 43.425 43.615 40.918 41.063 41.103 40.705 40.353 40.208 40.19 40.238 40.065 39.383 39.505 39.935
48.475 48.385 48.3 48.398 48.693 49.303 48.965 48.315 48.048 48.75 49.95 48.543 47.513 47.42 47.493 48.645 47.538 47.34 49.373 49.058 46.943 46.83 46.723 46.715 47.538 48.53 47.155 50.473 51.538 49.423 47.22 45.483 45.503 46.65 46.045 46.688 44.8 44.548 44.53 44.79 44.28 44.043 43.885 43.638 43.555 43.46 43.458 44.163 45.038 43.065 42.638 42.585 42.325 42.595 43.503 43.638 42.635 42.258 43.175 43.898 41.613 42.873 42.613 41.338 40.445 40.175 40.15 40.188 39.503 39.343 39.393 39.125
48.595 48.413 48.248 48.193 48.113 47.993 47.878 48.25 48.718 48.988 49.065 48.225 47.478 47.378 47.673 48.648 47.34 47.358 47.59 47.06 47.33 47.283 46.76 46.753 47.43 47.325 51.273 51.445 51.523 50.098 46.753 45.853 45.35 46.675 45.285 45.838 44.633 44.53 44.498 44.505 44.465 44.02 44.27 43.768 43.565 43.408 43.463 44.34 43.448 42.748 42.623 42.35 42.55 42.27 41.918 43.338 41.928 41.633 41.465 42.52 44.28 44.97 44.783 42.835 40.505 40.475 40.085 39.933 39.55 39.52 39.28 39.093
48.733 48.843 48.98 49.325 49.35 48.513 48.045 47.768 47.728 47.665 47.975 48.218 48.095 47.888 47.608 47.533 47.198 47.158 47.15 46.975 46.965 47.238 46.855 46.408 46.3 49.205 51.815 52.72 52.248 50.735 46.43 45.66 46.005 46.038 44.67 44.66 45.528 45.08 44.703 44.543 44.253 43.968 44.208 45.365 44.423 43.303 43.463 43.52 42.978 42.74 42.758 42.198 42.51 41.693 41.843 43.968 41.94 41.595 43.133 44.508 44.573 43.605 42.853 42.433 40.988 40.793 40.553 39.688 40.548 40.525 39.748 39.143
50.825 52.24 51.463 48.655 48.683 49.1 49.528 49.305 48.65 47.975 47.563 47.365 47.29 47.495 47.565 47.645 47.805 47.408 46.98 46.803 47.058 47.273 47.263 46.523 46.56 50.2 52.203 52.885 52.158 50.74 46.028 45.638 45.94 45.248 45.365 45.123 46.88 46.38 44.53 44.555 44.095 44.068 44.918 46.973 46.093 43.225 43.125 43.073 42.985 42.738 42.76 42.253 42.318 41.668 41.768 42.978 41.495 41.405 42.565 43.28 41.893 42.338 41.243 40.803 40.498 40.223 40.285 40.245 40.2 41.283 40.1 39.503
52.715 54.895 55.605 53.273 50.405 48.728 48.145 48.178 48.633 48.91 49.133 48.49 47.968 47.345 47.008 46.953 46.963 47.055 47.385 47.62 46.49 46.425 46.585 46.075 45.853 51.253 51.938 52.693 51.878 49.388 47.04 46.38 46.02 45.265 49.15 49.255 47.243 46.915 44.493 44.375 44.09 45.555 49.155 48.785 46.31 43.385 43.113 43.233 42.823 42.68 42.333 42.253 41.988 41.698 42.01 41.698 41.413 41.435 43.248 41.598 41.31 41.163 40.758 40.728 40.453 40.143 40.07 40.01 41.953 44.67 42.048 39.88
54.058 55.483 55.288 53.983 51 50.905 49.91 48.17 48.543 48.16 47.773 47.828 48.273 48.573 48.633 47.938 47.068 46.748 46.623 46.71 46.398 46.33 46.168 45.985 45.885 47.023 49.205 50.468 51.03 47.355 46.795 47.363 45.243 47.138 50.34 49.455 47.488 49.828 48.503 45.6 44.298 46.93 50.08 49.88 44.94 43.22 43.165 43.105 42.81 42.88 42.253 42.313 41.768 41.72 41.703 41.48 41.425 41.823 43.393 41.43 41.208 41.015 41.043 41.345 40.258 40.09 40.143 40.34 42.51 42.353 39.525 39.688
54.503 55.565 54.76 52.925 50.965 50.913 49.985 48.383 48.48 48.245 47.708 47.548 47.47 47.368 47.398 47.9 48.008 47.883 46.83 46.483 46.418 46.343 46.223 46.065 45.993 46.775 46.493 45.863 45.918 45.363 45.533 46.425 45.423 48.445 50.355 49.375 49.078 50.333 50.025 45.308 45.025 47.948 50.275 49.608 45.483 46.033 44.868 42.853 42.775 42.738 42.363 42.783 42.148 41.745 42.075 41.835 41.583 42.385 42.515 41.208 41.335 41.085 40.755 41.095 41.038 40.165 40.055 40.723 40.365 39.415 39.193 38.803
51.683 54.073 54.24 51.965 50.925 50.72 49.62 49.325 50.323 48.505 47.765 47.56 47.5 47.378 47.343 47.233 47.63 46.973 46.81 46.498 46.46 46.618 46.143 46.063 46.003 45.885 45.75 45.643 45.403 45.3 45.203 45.363 45.47 49.47 50.288 50.46 50.363 50.475 48.658 45.085 44.963 49.408 50.228 48.123 45.848 46.225 45.608 42.788 43.753 43.008 42.883 45.138 44.413 42.798 44.935 43.945 43.05 43.115 41.583 41.12 41.245 40.958 41.093 40.468 40.213 40.195 40.003 41.068 39.433 39.26 39.035 38.87
49.168 48.705 50.578 50.133 50.678 50.643 49.038 49.045 50.42 51.005 49.408 48.763 48.04 47.443 47.673 48.715 47.85 47.103 46.653 47.515 47.195 46.565 46.29 46.298 45.93 45.815 45.683 45.575 45.425 45.265 45.18 45.215 45.223 44.68 45.785 47.048 49.588 50.17 46.438 44.458 45.523 48.153 49.42 46.078 46.588 47.645 46.653 45.715 47.98 45.26 45.515 47.178 45.283 46.74 48.503 48.168 45.763 43.023 41.205 40.945 41.193 41.173 41.695 40.345 40.18 40.153 40.153 40.33 39.383 39.215 38.723 38.615
53.235 50.548 49.243 48.873 48.733 49.168 48.158 48.728 48.298 48.24 48.788 49.918 49.835 49.2 49.148 50.085 48.43 47.398 46.723 48.158 47.07 48.01 47.57 47.083 46.195 45.818 45.613 45.473 45.368 45.223 45.175 45.25 45.348 44.778 44.48 44.398 44.398 45.675 45.17 44.55 44.068 43.895 44.263 44.458 47.46 48.948 48.818 48.388 48.178 47.07 47.578 47.843 44.04 48.563 49.5 49.11 42.793 41.535 41.24 41.128 41.305 41.528 41.068 40.305 40.203 40.09 40.503 40.343 39.35 39.105 38.73 38.593
54.523 52.12 50.653 48.878 48.475 48.393 48.843 48.925 48.205 47.88 48.018 49.103 49.645 48.903 50.133 51.685 48.708 47.435 47.213 47.455 47.163 49.7 50.228 51.23 49.775 47.58 46.273 45.433 45.253 45.053 45.015 44.863 44.728 44.585 44.435 44.323 44.24 44.23 44.458 44.038 44.623 44.445 44.968 44.738 48.235 49.25 49.615 49.565 49.24 48.803 48.425 47.993 42.548 48.748 49.135 49.413 42.13 42.92 43.565 43.065 41.608 42.928 43.53 42.403 40.885 40.195 40.945 39.555 39.283 39.06 38.658 38.753
54.11 51.518 50.955 49.018 48.443 48.133 48.135 48.64 48.573 49.568 48.638 47.633 47.59 47.71 47.2 48.828 48.14 48.76 48.765 47.768 48.335 49.995 52.423 52.39 52.043 50.93 48.228 45.433 45.803 45.03 44.895 44.79 44.658 44.49 44.34 44.25 44.12 43.978 43.833 43.665 43.788 44.748 43.993 43.975 45.77 47.733 48.428 48.85 49.315 49.695 48.988 46.455 44.853 47.65 47.605 45.688 43.173 45.78 45.76 44.805 42.68 43.753 46.248 46.363 44.61 41.08 40.71 39.803 39.18 38.805 39.083 40.498
53.105 51.043 51.003 49.165 48.61 48.163 48.083 48.1 47.84 47.898 48.473 49.04 48.365 47.525 47.345 47.423 47.568 47.968 48.27 47 48.245 48.573 51.295 51.895 52.235 51.963 46.213 45.833 47.405 47.998 49.583 46.628 45.443 44.478 44.543 44.31 44.085 43.9 43.783 43.638 43.518 43.35 43.235 43.868 43.883 43.098 45.643 46.988 47.385 48.47 48.458 44.178 44.34 44.275 43.505 42.083 42.978 46.28 46.103 41.605 42.258 45.96 47.175 47.128 46.013 40.843 41.043 41.305 38.908 40.268 40.958 41.455
52.198 51.073 51.02 48.663 48.938 48.945 48.445 49.163 48.908 48.425 48.933 49.7 49.225 48.548 48.123 47.103 46.853 46.753 47.315 48.31 48.33 47.12 49.303 50.603 51.028 49.698 46.268 45.7 47.695 49.225 50.51 49.965 48.41 45.87 45.443 44.593 44.315 44.063 43.68 43.615 43.45 43.3 43.155 43.23 43.038 43.255 43.095 43.665 42.953 43.168 46.065 42.933 42.418 42.588 42.6 41.67 43.66 46.66 45.028 40.853 42.613 46.438 47.21 46.845 44.468 41.193 39.953 39.308 38.73 40.995 41.233 41.188
51.348 51.118 50.648 49.235 48.53 48.413 48.748 49.705 49.133 49.913 49.205 48.588 48.338 47.535 47.365 47.413 47.685 47.365 46.75 47.56 46.585 46.54 49.005 50.178 49.155 48.235 46.015 46.295 47.768 50.105 50.415 49.678 49.63 46.87 44.538 45.863 47.665 45.245 43.8 43.585 43.383 43.203 43.11 42.968 42.845 42.738 42.82 42.373 42.575 42.745 42.38 42.403 42.03 43.575 42.383 41.243 44.318 46.553 42.29 40.473 42.715 46.758 47.245 46.568 41.913 41.18 39.605 39.05 41.17 41.983 42.363 41.595
50.985 51.088 50.908 49.47 48.703 48.69 48.558 48.103 47.885 48.655 49.633 50.148 47.99 48.29 47.755 47.538 47.383 47.763 47.958 47.793 46.775 46.825 48.285 47.87 47.023 46.895 45.785 45.618 48.015 49.753 49.783 49.7 49.363 48.935 45.56 47.56 49.41 49.07 48.103 46.513 44.335 43.25 43.173 42.91 42.775 42.603 42.48 42.345 42.273 42.658 41.938 41.67 41.573 42.1 41.618 41.165 43.503 46.16 41.173 40.37 40.503 41.63 44.6 45.498 40.93 39.495 39.345 38.883 44.055 44.585 44.433 43.87
49.045 49.63 50.228 48.875 48.368 48.665 48.255 47.98 47.873 48.005 47.72 47.943 47.39 48.265 47.953 47.583 47.58 46.993 47.515 46.793 46.32 47.008 47.26 46.548 46.065 45.955 45.338 45.845 48.143 48.903 49.643 49.52 47.64 45.24 45.855 48.96 50.028 50.028 49.778 49.295 48.63 43.96 44.288 42.928 44.068 43.34 42.455 42.215 42.07 41.88 41.743 41.585 41.455 42.005 41.995 41.185 41.053 41.473 40.968 40.308 40.345 40.51 41.303 40.943 41.08 39.328 39.298 40.913 44.148 44.358 44.49 43.665
48.835 48.908 49.098 48.643 48.245 48.248 48.003 47.743 47.658 47.53 47.785 47.803 48.95 48.708 47.843 47.01 47.748 47.603 47.535 46.993 46.355 46.513 46.455 46.12 45.87 46.803 45.04 46.995 47.39 47.858 49.705 50.068 48.025 44.538 46.045 48.173 48.933 49.365 49.808 50.073 46.585 44.273 43.505 47.305 46.938 46.008 43.413 42.208 42.008 41.873 41.705 41.648 41.375 41.305 41.273 40.935 40.75 40.6 40.428 40.213 40.145 40.445 40.678 40.51 40.32 39.298 39.453 41.82 44.59 44.933 44.378 41.898
48.61 48.723 48.96 48.685 48.49 48.278 47.798 47.808 47.603 47.49 47.358 47.235 47.125 48.085 48.983 47.443 47.263 47.52 47.28 46.31 46.31 46.263 46.045 45.978 46.565 46.215 45.208 45.745 46.643 47.573 49.748 50.008 47.42 44.29 46.083 46.193 46.513 47.343 48.613 49.083 45.01 43.698 43.05 48.545 48.885 48.89 48.688 45.508 42.01 41.87 41.738 41.645 41.53 41.215 40.98 40.858 40.708 40.55 40.38 40.218 40.028 39.943 39.825 40.003 39.63 39.34 39.305 40.428 42.22 43.558 44.425 41.82
48.618 48.538 48.508 48.208 48.023 47.88 47.73 47.905 47.925 47.455 47.358 47.298 48.043 47.98 48.475 48.048 46.975 46.95 46.62 46.248 46.323 46.09 46.003 45.913 47.295 45.563 45.205 45.068 45.16 45.085 45.775 48.205 44.978 44.208 45.115 45.255 46.138 46.178 46.168 47.025 44.113 44.055 44.52 47.778 48.083 48.9 48.56 46.128 42.37 41.983 42.818 41.74 41.375 41.11 41.003 40.818 40.648 40.478 40.36 40.165 40.015 39.84 39.653 39.43 39.248 39.22 39.198 39.158 39.363 40.878 39.238 38.715
49.05 49.445 48.708 48.125 47.963 47.818 47.698 47.588 47.593 47.535 47.748 47.533 48.48 47.863 48.465 47.35 46.86 46.963 46.43 46.243 46.22 46.033 45.955 46.12 46.398 45.25 45.303 45.008 45.863 46.228 44.665 44.413 44.928 44.215 44.063 44.293 46 45.98 46.145 46.145 43.758 43.565 44.713 47.028 48.098 48.653 46.33 44.038 45.21 44.765 47.548 43.803 42.685 45.46 44.028 40.803 40.675 40.513 40.413 40.233 40.025 39.825 39.583 39.42 39.253 39.05 38.823 38.735 38.86 38.878 38.615 37.813
48.928 49.123 48.128 47.975 48.05 48.183 47.66 48.358 47.44 47.418 47.375 47.303 47.26 47.448 47.883 47.455 46.695 46.665 46.313 46.24 46.1 45.978 45.883 46.83 45.46 45.25 45.49 45.558 45.238 45.14 44.655 45.085 44.805 45.203 43.935 43.89 45.21 43.658 44.64 44.455 43.428 42.92 45.278 45.605 45.793 46.425 44.203 42.823 47.698 48.195 47.868 44.02 44.76 47.568 47.645 47.233 42.935 42.208 41.023 40.468 40.385 40.263 39.675 39.63 39.13 38.953 38.78 38.553 38.393 38.19 37.99 37.798
48.368 48.19 48.068 47.905 47.858 47.683 48.795 51.088 47.998 47.595 47.343 47.59 48.63 48.333 47.575 46.86 46.705 46.598 46.335 46.38 46.005 45.935 46.435 46.295 45.463 45.19 45.385 45.875 44.643 44.635 44.63 44.52 45.735 45.075 43.71 44.26 45.08 43.398 43.375 43.385 43.693 43.015 42.935 43.95 44.083 44.758 42.77 45.418 48.1 48.565 47.398 42.703 46.873 47.04 47.233 47.378 44.29 45.783 44.44 43.22 43.665 41.14 39.835 39.443 39.275 39.668 39.033 39.013 38.413 38.153 37.898 37.743
49.518 49.055 48.418 47.923 47.913 47.653 47.995 48.073 47.445 47.633 47.673 48.17 48.8 48.703 47.218 46.628 46.67 46.538 46.283 46.09 45.968 45.888 46.993 45.465 45.288 45.345 45.3 45.133 44.64 44.573 44.56 44.978 46.308 45.003 44.04 44.395 44.155 43.4 43.403 43.53 43.228 42.768 42.605 42.615 42.548 42.503 43.04 46.983 48.495 48.228 44.525 43.233 47.35 47.685 47.433 46.838 44.705 45.97 43.735 45.428 45.633 45.315 44.388 39.843 39.333 40.213 39.72 39.51 38.758 38.085 37.915 37.67
