All_lidar/sz5890_DSM_2M.asc
ncols 500
nrows 500
xllcorner    458000
yllcorner    90000
cellsize     2
NODATA_value -9999
[rows 64 to 95 of 500, columns 360 to 431 of 500]
20.007 19.977 19.964 19.937 19.889 19.874 19.804 19.794 19.759 19.719 19.682 19.679 19.622 19.612 19.587 19.574 19.567 19.542 19.557 19.554 19.529 19.539 19.514 19.512 19.484 19.459 19.412 19.384 19.352 19.317 19.317 19.282 19.277 19.262 19.237 19.187 19.129 19.074 19.039 19.034 19.004 18.967 18.904 18.897 18.842 18.842 18.752 18.737 18.744 18.709 18.684 18.639 18.584 18.549 18.499 18.454 18.387 18.329 18.312 18.284 18.214 18.152 18.074 18.009 17.982 17.899 17.862 17.777 17.712 17.689 17.629 17.604
19.997 19.967 20.022 19.984 19.912 19.874 19.844 19.842 19.784 19.772 19.752 19.719 19.684 19.647 19.649 19.647 19.632 19.637 19.627 19.644 19.639 19.639 19.654 19.647 19.614 19.564 19.527 19.517 19.487 19.434 19.417 19.409 19.367 19.322 19.284 19.239 19.209 19.152 19.142 19.124 19.057 19.037 18.994 19.007 18.982 18.939 18.844 18.842 18.799 18.784 18.747 18.742 18.697 18.634 18.582 18.534 18.474 18.419 18.377 18.367 18.317 18.252 18.164 18.102 18.039 17.992 17.904 17.827 17.812 17.737 17.697 17.659
20.134 20.099 20.044 20.034 19.997 19.939 19.899 19.872 19.849 19.837 19.794 19.757 19.732 19.704 19.679 19.692 19.687 19.707 19.679 19.699 19.702 19.694 19.704 19.702 19.684 19.652 19.602 19.609 19.592 19.527 19.524 19.472 19.459 19.432 19.414 19.399 19.329 19.289 19.204 19.177 19.132 19.114 19.117 19.099 19.019 18.952 18.939 18.914 18.869 18.867 18.824 18.817 18.782 18.714 18.662 18.607 18.567 18.502 18.467 18.447 18.362 18.284 18.194 18.154 18.084 18.017 17.947 17.877 17.844 17.794 17.749 17.747
20.162 20.144 20.114 20.069 19.997 19.992 19.929 19.902 19.894 19.857 19.844 19.814 19.759 19.749 19.782 19.789 19.779 19.764 19.742 19.747 19.754 19.747 19.759 19.749 19.717 19.697 19.684 19.697 19.677 19.619 19.624 19.569 19.557 19.542 19.519 19.452 19.412 19.347 19.314 19.244 19.219 19.179 19.202 19.134 19.097 19.057 19.034 18.994 18.999 18.954 18.894 18.839 18.802 18.704 18.684 18.637 18.562 18.517 18.432 18.419 18.364 18.319 18.227 18.197 18.117 18.084 18.007 17.922 17.887 17.864 17.802 17.794
20.244 20.194 20.164 20.102 20.057 20.047 20.012 19.974 19.964 19.919 19.897 19.852 19.832 19.844 19.874 19.847 19.837 19.819 19.832 19.809 19.809 19.832 19.829 19.849 19.842 19.779 19.774 19.752 19.734 19.734 19.702 19.647 19.604 19.599 19.549 19.502 19.449 19.407 19.382 19.354 19.329 19.312 19.297 19.237 19.189 19.119 19.069 19.022 18.992 18.942 18.914 18.877 18.812 18.732 18.692 18.669 18.619 18.567 18.532 18.454 18.442 18.369 18.282 18.272 18.204 18.107 18.044 17.967 17.957 17.902 17.834 17.794
20.277 20.222 20.217 20.172 20.132 20.089 20.042 20.017 20.014 19.984 19.952 19.957 19.934 19.919 19.929 19.914 19.904 19.887 19.882 19.884 19.897 19.924 19.932 19.907 19.924 19.889 19.852 19.854 19.822 19.797 19.767 19.727 19.704 19.652 19.619 19.577 19.519 19.494 19.459 19.429 19.397 19.337 19.322 19.272 19.177 19.104 19.064 18.994 18.992 18.947 18.939 18.907 18.884 18.842 18.779 18.732 18.657 18.629 18.574 18.497 18.494 18.409 18.347 18.302 18.242 18.164 18.109 18.039 17.994 17.944 17.889 17.852
20.312 20.284 20.279 20.229 20.192 20.134 20.107 20.069 20.049 20.054 20.022 20.012 19.999 19.992 19.982 19.992 19.992 19.984 19.989 19.989 20.002 19.992 19.989 19.989 19.984 19.932 19.912 19.909 19.892 19.862 19.832 19.784 19.762 19.759 19.714 19.654 19.599 19.539 19.512 19.487 19.474 19.394 19.364 19.312 19.217 19.127 19.092 19.079 19.034 19.012 18.997 18.969 18.924 18.847 18.822 18.742 18.664 18.617 18.597 18.557 18.524 18.447 18.347 18.294 18.237 18.179 18.149 18.102 18.049 18.009 17.969 17.882
20.407 20.377 20.307 20.262 20.222 20.194 20.159 20.134 20.127 20.119 20.094 20.087 20.077 20.112 20.087 20.089 20.084 20.089 20.102 20.132 20.082 20.092 20.107 20.077 20.049 20.007 20.007 19.972 19.977 19.922 19.902 19.839 19.792 19.774 19.727 19.674 19.632 19.582 19.577 19.529 19.504 19.462 19.434 19.369 19.282 19.217 19.187 19.144 19.097 19.044 18.984 18.947 18.909 18.844 18.789 18.774 18.687 18.589 18.542 18.532 18.477 18.417 18.389 18.332 18.282 18.244 18.157 18.114 18.042 17.977 17.949 17.887
20.407 20.332 20.319 20.319 20.264 20.247 20.227 20.204 20.189 20.154 20.144 20.147 20.152 20.172 20.159 20.157 20.137 20.177 20.194 20.202 20.187 20.179 20.192 20.184 20.139 20.099 20.057 20.047 20.044 20.002 19.937 19.907 19.874 19.807 19.754 19.734 19.662 19.632 19.577 19.567 19.509 19.462 19.434 19.379 19.327 19.254 19.199 19.142 19.109 19.084 19.062 18.984 18.877 18.812 18.757 18.722 18.687 18.634 18.594 18.542 18.472 18.444 18.364 18.297 18.257 18.242 18.157 18.114 18.057 18.007 17.954 17.897
20.462 20.429 20.414 20.382 20.332 20.332 20.319 20.244 20.249 20.227 20.219 20.229 20.232 20.229 20.232 20.222 20.232 20.254 20.272 20.264 20.254 20.279 20.272 20.239 20.189 20.159 20.119 20.134 20.097 20.032 19.977 19.934 19.877 19.819 19.769 19.749 19.702 19.657 19.627 19.614 19.557 19.529 19.449 19.419 19.339 19.282 19.247 19.199 19.149 19.107 19.059 18.992 18.922 18.884 18.839 18.772 18.717 18.642 18.579 18.542 18.474 18.444 18.354 18.304 18.279 18.204 18.129 18.072 18.019 17.977 17.912 17.869
20.534 20.494 20.439 20.414 20.397 20.372 20.369 20.337 20.304 20.294 20.309 20.312 20.327 20.344 20.349 20.322 20.359 20.344 20.342 20.342 20.334 20.317 20.337 20.309 20.247 20.234 20.187 20.164 20.129 20.049 19.992 19.959 19.912 19.852 19.824 19.784 19.712 19.654 19.692 19.617 19.592 19.559 19.507 19.457 19.384 19.327 19.262 19.247 19.189 19.124 19.104 19.017 18.982 18.917 18.827 18.774 18.702 18.629 18.549 18.519 18.452 18.434 18.392 18.344 18.294 18.207 18.152 18.059 18.017 17.979 17.929 17.867
20.554 20.489 20.474 20.459 20.444 20.417 20.422 20.399 20.397 20.379 20.389 20.389 20.389 20.397 20.407 20.409 20.412 20.412 20.392 20.404 20.384 20.374 20.382 20.362 20.332 20.259 20.254 20.209 20.172 20.134 20.084 20.014 19.969 19.897 19.837 19.802 19.742 19.697 19.722 19.687 19.642 19.607 19.539 19.499 19.424 19.344 19.272 19.277 19.229 19.132 19.084 19.022 18.952 18.902 18.827 18.772 18.722 18.629 18.557 18.507 18.447 18.417 18.367 18.297 18.262 18.212 18.139 18.062 18.027 17.969 17.917 17.877
20.584 20.569 20.547 20.552 20.549 20.509 20.512 20.447 20.437 20.432 20.459 20.482 20.479 20.477 20.487 20.502 20.489 20.462 20.444 20.444 20.432 20.404 20.389 20.374 20.344 20.312 20.274 20.252 20.227 20.167 20.092 20.049 19.992 19.912 19.882 19.844 19.784 19.714 19.709 19.674 19.644 19.594 19.529 19.467 19.399 19.327 19.294 19.269 19.257 19.152 19.109 19.019 18.982 18.899 18.857 18.809 18.744 18.659 18.604 18.544 18.507 18.462 18.397 18.352 18.314 18.252 18.189 18.129 18.049 18.002 17.967 17.922
20.672 20.664 20.624 20.612 20.612 20.614 20.564 20.529 20.494 20.529 20.517 20.539 20.547 20.579 20.584 20.572 20.569 20.559 20.539 20.507 20.474 20.439 20.462 20.449 20.404 20.372 20.329 20.279 20.229 20.189 20.119 20.052 19.987 19.937 19.869 19.819 19.824 19.782 19.734 19.742 19.672 19.589 19.514 19.454 19.382 19.344 19.327 19.262 19.192 19.137 19.109 19.059 18.984 18.919 18.872 18.799 18.739 18.662 18.642 18.589 18.532 18.482 18.434 18.392 18.347 18.289 18.212 18.132 18.069 18.002 17.937 17.899
20.702 20.689 20.694 20.694 20.639 20.662 20.634 20.592 20.587 20.594 20.639 20.629 20.632 20.649 20.649 20.639 20.607 20.619 20.592 20.562 20.509 20.494 20.474 20.429 20.397 20.369 20.364 20.314 20.277 20.207 20.144 20.094 20.039 19.994 19.954 19.884 19.879 19.864 19.802 19.732 19.657 19.567 19.494 19.447 19.422 19.342 19.299 19.282 19.229 19.162 19.142 19.074 19.012 18.939 18.897 18.817 18.759 18.667 18.627 18.559 18.492 18.459 18.424 18.377 18.302 18.232 18.152 18.082 18.054 18.004 17.937 17.879
20.754 20.757 20.752 20.737 20.699 20.729 20.662 20.642 20.682 20.697 20.734 20.719 20.729 20.722 20.719 20.714 20.684 20.657 20.644 20.579 20.562 20.539 20.487 20.479 20.454 20.424 20.394 20.349 20.329 20.252 20.194 20.092 20.062 20.019 19.949 19.919 19.877 19.844 19.824 19.769 19.667 19.602 19.559 19.519 19.459 19.387 19.322 19.309 19.262 19.207 19.149 19.109 19.042 18.959 18.882 18.824 18.767 18.687 18.634 18.552 18.469 18.409 18.352 18.284 18.229 18.192 18.152 18.074 18.027 18.002 17.917 17.887
20.837 20.827 20.804 20.819 20.789 20.782 20.719 20.722 20.732 20.749 20.764 20.769 20.772 20.804 20.804 20.764 20.759 20.757 20.722 20.659 20.652 20.599 20.572 20.554 20.504 20.464 20.427 20.387 20.309 20.229 20.184 20.109 20.057 20.004 20.002 19.964 19.909 19.869 19.849 19.767 19.697 19.642 19.592 19.527 19.472 19.402 19.367 19.314 19.292 19.239 19.174 19.117 19.017 18.962 18.887 18.817 18.719 18.624 18.584 18.504 18.432 18.387 18.362 18.304 18.234 18.187 18.132 18.057 18.002 17.962 17.879 17.829
20.867 20.867 20.859 20.829 20.842 20.827 20.792 20.784 20.812 20.829 20.844 20.854 20.842 20.854 20.854 20.867 20.827 20.797 20.762 20.702 20.672 20.637 20.597 20.594 20.527 20.482 20.444 20.407 20.352 20.297 20.212 20.154 20.104 20.072 20.019 19.989 19.974 19.942 19.884 19.812 19.717 19.629 19.582 19.529 19.484 19.404 19.357 19.324 19.272 19.222 19.159 19.099 19.022 18.974 18.894 18.804 18.687 18.612 18.582 18.537 18.472 18.444 18.364 18.312 18.254 18.172 18.094 18.057 17.972 17.924 17.884 17.824
20.927 20.914 20.889 20.899 20.909 20.922 20.919 20.897 20.917 20.919 20.922 20.894 20.892 20.899 20.904 20.874 20.897 20.832 20.799 20.734 20.692 20.667 20.647 20.637 20.559 20.522 20.494 20.409 20.367 20.312 20.227 20.164 20.104 20.097 20.034 20.007 19.967 19.939 19.872 19.807 19.717 19.647 19.584 19.519 19.472 19.402 19.337 19.312 19.264 19.217 19.142 19.097 19.017 18.927 18.854 18.782 18.694 18.634 18.587 18.542 18.467 18.439 18.367 18.329 18.259 18.177 18.102 18.052 17.984 17.939 17.877 17.827
21.017 20.997 20.984 20.972 20.962 20.969 20.957 20.969 20.972 20.992 20.974 20.979 20.962 20.967 20.952 20.949 20.912 20.847 20.814 20.782 20.752 20.722 20.692 20.639 20.597 20.567 20.522 20.442 20.377 20.344 20.269 20.189 20.132 20.089 20.067 20.039 20.009 19.967 19.897 19.827 19.764 19.679 19.624 19.552 19.502 19.424 19.374 19.329 19.282 19.207 19.149 19.079 18.987 18.899 18.827 18.742 18.674 18.592 18.572 18.504 18.432 18.387 18.322 18.277 18.219 18.132 18.059 18.009 17.959 17.937 17.882 17.817
21.044 21.059 21.017 21.022 21.022 21.044 21.002 21.042 21.044 21.034 21.027 21.029 21.034 21.039 21.047 20.999 20.952 20.919 20.894 20.862 20.832 20.767 20.732 20.672 20.674 20.587 20.544 20.484 20.437 20.369 20.299 20.202 20.182 20.152 20.117 20.109 20.037 19.984 19.909 19.832 19.757 19.687 19.634 19.579 19.537 19.459 19.407 19.327 19.277 19.234 19.142 19.084 19.007 18.924 18.844 18.757 18.669 18.587 18.522 18.477 18.409 18.342 18.289 18.254 18.182 18.112 18.067 18.022 17.919 17.894 17.862 17.819
21.109 21.114 21.097 21.059 21.079 21.067 21.077 21.107 21.094 21.079 21.077 21.047 21.064 21.059 21.054 21.027 20.987 20.952 20.912 20.872 20.859 20.789 20.757 20.714 20.669 20.604 20.564 20.497 20.427 20.349 20.334 20.304 20.262 20.244 20.149 20.097 20.059 19.997 19.914 19.847 19.757 19.699 19.644 19.582 19.539 19.454 19.404 19.344 19.289 19.229 19.149 19.057 18.999 18.892 18.809 18.719 18.654 18.574 18.549 18.489 18.407 18.369 18.292 18.232 18.184 18.117 18.077 18.034 17.944 17.872 17.837 17.767
21.192 21.184 21.157 21.144 21.157 21.157 21.154 21.149 21.142 21.144 21.139 21.097 21.099 21.097 21.069 21.024 20.997 20.964 20.927 20.899 20.852 20.794 20.764 20.724 20.674 20.619 20.554 20.519 20.447 20.382 20.327 20.267 20.254 20.222 20.159 20.114 20.069 19.987 19.929 19.847 19.784 19.722 19.659 19.612 19.549 19.469 19.407 19.344 19.279 19.222 19.134 19.027 18.984 18.877 18.817 18.724 18.667 18.587 18.552 18.524 18.447 18.377 18.297 18.262 18.209 18.097 18.037 17.972 17.912 17.837 17.797 17.767
21.254 21.244 21.234 21.244 21.222 21.237 21.237 21.222 21.212 21.207 21.184 21.182 21.167 21.164 21.134 21.077 21.042 21.004 20.942 20.882 20.829 20.777 20.742 20.707 20.654 20.599 20.554 20.499 20.464 20.354 20.322 20.249 20.219 20.192 20.164 20.124 20.074 20.022 19.929 19.819 19.772 19.727 19.657 19.624 19.544 19.464 19.404 19.354 19.287 19.204 19.139 19.057 18.967 18.907 18.839 18.754 18.659 18.592 18.562 18.502 18.449 18.377 18.329 18.237 18.179 18.097 18.014 17.974 17.864 17.832 17.759 17.709
21.317 21.322 21.319 21.332 21.314 21.317 21.339 21.297 21.292 21.272 21.252 21.224 21.239 21.199 21.177 21.129 21.049 21.029 20.969 20.914 20.872 20.799 20.759 20.689 20.647 20.582 20.529 20.489 20.444 20.374 20.347 20.267 20.227 20.177 20.139 20.097 20.019 19.962 19.879 19.814 19.737 19.707 19.654 19.587 19.537 19.452 19.412 19.344 19.262 19.202 19.132 19.072 18.982 18.869 18.822 18.724 18.667 18.612 18.554 18.512 18.457 18.389 18.314 18.254 18.184 18.097 18.019 17.932 17.884 17.782 17.719 17.662
21.424 21.397 21.394 21.379 21.392 21.379 21.384 21.374 21.334 21.317 21.302 21.272 21.252 21.224 21.162 21.124 21.079 21.062 20.992 20.954 20.912 20.834 20.779 20.699 20.649 20.602 20.552 20.512 20.429 20.362 20.329 20.242 20.199 20.142 20.087 20.014 19.957 19.899 19.837 19.764 19.739 19.669 19.617 19.547 19.489 19.444 19.369 19.317 19.249 19.184 19.102 19.037 18.974 18.859 18.782 18.714 18.679 18.592 18.579 18.502 18.442 18.367 18.322 18.239 18.139 18.062 17.959 17.899 17.862 17.779 17.714 17.667
21.474 21.469 21.487 21.432 21.454 21.434 21.452 21.389 21.372 21.367 21.349 21.302 21.312 21.237 21.207 21.169 21.122 21.089 21.004 20.964 20.892 20.834 20.749 20.717 20.664 20.599 20.559 20.479 20.422 20.339 20.274 20.234 20.212 20.162 20.122 20.017 19.919 19.884 19.829 19.742 19.717 19.627 19.572 19.532 19.479 19.409 19.327 19.287 19.189 19.114 19.052 19.017 18.944 18.847 18.769 18.749 18.692 18.602 18.564 18.464 18.407 18.362 18.272 18.192 18.127 18.019 17.957 17.902 17.844 17.769 17.692 17.619
21.534 21.529 21.507 21.517 21.532 21.534 21.529 21.464 21.447 21.407 21.399 21.344 21.287 21.212 21.189 21.152 21.129 21.082 21.032 20.969 20.894 20.822 20.774 20.749 20.657 20.597 20.502 20.449 20.412 20.347 20.279 20.232 20.187 20.139 20.082 19.999 19.952 19.864 19.809 19.774 19.659 19.602 19.574 19.519 19.449 19.414 19.324 19.254 19.164 19.092 19.049 18.952 18.894 18.819 18.739 18.697 18.654 18.542 18.514 18.474 18.379 18.314 18.222 18.142 18.084 18.004 17.912 17.862 17.777 17.689 17.634 17.599
21.562 21.597 21.554 21.539 21.549 21.559 21.539 21.519 21.469 21.462 21.402 21.337 21.319 21.264 21.237 21.192 21.144 21.117 21.069 21.019 20.962 20.879 20.842 20.769 20.657 20.579 20.532 20.442 20.412 20.337 20.254 20.209 20.184 20.114 20.072 20.004 19.972 19.897 19.837 19.767 19.699 19.637 19.599 19.537 19.452 19.397 19.302 19.219 19.152 19.062 18.989 18.934 18.849 18.797 18.709 18.667 18.607 18.539 18.512 18.444 18.367 18.279 18.204 18.109 18.037 17.949 17.879 17.797 17.742 17.679 17.602 17.572
21.617 21.627 21.602 21.584 21.589 21.569 21.574 21.519 21.469 21.464 21.414 21.409 21.374 21.319 21.272 21.239 21.207 21.154 21.082 21.014 20.977 20.929 20.859 20.762 20.647 20.599 20.544 20.487 20.454 20.369 20.299 20.234 20.187 20.139 20.079 20.012 19.942 19.902 19.794 19.739 19.644 19.594 19.579 19.492 19.417 19.354 19.279 19.204 19.119 19.082 19.027 18.954 18.879 18.789 18.712 18.637 18.549 18.489 18.422 18.352 18.282 18.229 18.137 18.059 18.002 17.907 17.812 17.759 17.704 17.649 17.592 17.559
21.697 21.704 21.672 21.647 21.682 21.664 21.619 21.592 21.539 21.494 21.437 21.429 21.352 21.289 21.262 21.212 21.197 21.147 21.104 21.054 21.007 20.944 20.879 20.807 20.709 20.629 20.562 20.507 20.432 20.379 20.287 20.237 20.177 20.137 20.104 20.032 19.952 19.887 19.799 19.729 19.684 19.589 19.547 19.474 19.402 19.359 19.294 19.214 19.147 19.084 18.989 18.887 18.819 18.747 18.687 18.639 18.567 18.507 18.432 18.359 18.252 18.144 18.094 17.999 17.942 17.867 17.797 17.752 17.662 17.597 17.537 17.494
21.839 21.804 21.792 21.752 21.702 21.687 21.632 21.594 21.567 21.519 21.464 21.422 21.407 21.334 21.292 21.262 21.227 21.197 21.137 21.059 20.974 20.889 20.814 20.734 20.679 20.622 20.524 20.477 20.402 20.349 20.304 20.249 20.204 20.134 20.094 20.047 19.972 19.884 19.789 19.729 19.669 19.614 19.547 19.477 19.397 19.322 19.259 19.212 19.134 19.024 18.962 18.892 18.827 18.759 18.669 18.599 18.534 18.509 18.422 18.324 18.249 18.149 18.079 18.037 17.957 17.902 17.804 17.724 17.664 17.584 17.502 17.434
