All_lidar/sz5892_DSM_2M.asc
ncols 500
nrows 500
xllcorner    458000
yllcorner    92000
cellsize     2
NODATA_value -9999
[rows 352 to 383 of 500, columns 213 to 283 of 500]
45.184 44.719 45.679 46.344 46.799 46.706 45.766 43.616 42.369 42.214 42.624 41.449 41.789 41.621 41.376 41.289 41.361 41.834 42.394 44.039 44.809 44.439 43.374 43.414 41.584 41.479 41.736 42.251 41.224 40.916 42.539 42.861 42.169 39.861 39.556 41.211 40.534 41.251 40.234 40.481 39.146 38.796 38.874 39.059 39.066 38.634 38.761 39.276 39.189 40.774 42.061 40.379 39.709 39.746 40.666 40.911 40.144 38.846 38.236 39.524 40.171 38.961 39.691 40.011 39.804 39.686 39.654 39.756 39.856 39.864 39.959
45.286 44.766 45.481 46.486 46.706 46.066 45.426 43.741 42.084 42.086 42.776 41.724 41.481 41.689 41.394 41.381 41.349 41.669 41.681 43.281 44.434 44.921 44.254 44.489 44.766 42.001 42.224 41.471 41.199 40.476 41.386 43.104 42.294 41.414 40.739 43.031 42.446 39.716 40.021 41.671 40.851 39.219 38.969 40.226 39.816 38.764 39.536 43.519 43.744 43.376 43.096 43.809 39.234 39.914 39.444 38.766 38.836 39.449 39.146 40.099 40.124 39.981 39.869 39.736 39.751 39.766 39.769 39.794 39.911 39.909 40.006
42.669 42.849 44.509 45.901 46.614 45.934 43.949 42.221 42.459 42.899 42.716 41.761 41.349 41.384 41.416 41.426 41.419 41.466 41.971 42.131 43.799 44.774 44.921 44.729 44.086 42.809 42.504 41.551 40.754 40.934 41.534 42.266 41.624 41.004 40.734 41.129 40.584 39.569 41.836 44.156 41.616 41.761 41.204 40.816 39.559 39.269 39.654 43.446 43.176 43.339 43.211 43.631 39.284 39.634 40.074 40.071 40.424 40.256 39.934 39.779 39.744 39.729 39.699 39.701 39.759 39.809 39.826 39.849 39.874 39.951 39.989
42.609 42.416 42.959 45.134 46.329 44.444 42.601 43.106 42.859 42.181 41.756 41.609 41.399 41.361 41.441 41.506 41.466 41.474 41.726 41.849 43.026 44.136 44.879 44.179 41.991 41.366 42.819 41.909 41.549 40.779 41.331 41.761 41.286 42.146 41.249 41.091 40.836 40.714 40.544 42.939 42.371 40.889 41.831 41.431 40.374 42.376 43.456 43.854 43.964 43.571 43.644 42.649 40.054 40.304 39.959 39.841 39.836 39.891 40.459 40.699 39.859 39.821 39.794 39.774 39.766 39.796 39.804 39.764 39.801 39.826 39.829
42.686 42.616 42.519 43.764 43.176 43.159 42.891 42.314 42.149 41.919 41.711 41.641 41.489 41.439 41.489 41.501 41.499 41.519 41.471 41.619 42.014 43.054 43.609 41.031 41.021 41.051 41.964 42.811 40.756 40.569 40.594 40.841 40.889 41.906 41.901 41.799 41.419 42.314 42.161 41.591 42.121 40.591 41.374 42.686 44.051 44.311 44.466 43.674 41.559 40.494 40.039 40.109 39.891 39.876 39.919 39.891 39.824 40.094 40.514 40.696 39.954 39.789 39.784 39.796 39.759 39.699 39.706 39.729 39.871 40.276 41.359
42.959 42.691 42.631 42.741 42.956 42.541 42.384 42.181 42.064 41.984 41.834 41.709 41.554 41.549 41.519 41.544 41.581 41.591 41.499 41.529 41.916 41.649 41.104 41.174 41.141 41.079 41.264 42.796 42.371 41.724 40.684 40.889 41.044 40.791 40.894 41.376 40.191 40.266 41.271 41.774 42.379 41.981 41.384 41.491 42.384 42.141 41.021 40.411 40.084 40.359 40.409 40.134 40.006 39.984 39.956 39.916 39.899 39.929 39.864 39.794 39.746 39.756 39.766 39.769 39.776 40.111 40.151 40.121 42.929 43.504 41.146
43.334 42.794 42.719 42.639 42.546 42.456 42.304 42.246 42.101 42.041 41.929 41.761 41.731 42.016 41.636 41.586 41.649 41.644 41.661 41.554 41.539 41.841 42.116 41.544 41.229 41.081 41.166 42.874 42.564 42.199 41.414 40.966 41.611 42.419 42.656 42.954 42.074 42.106 41.961 41.326 41.099 40.981 40.454 40.434 40.291 40.204 40.194 40.176 40.146 40.249 40.334 40.074 40.014 39.904 39.916 39.864 39.869 39.864 39.816 39.831 39.829 39.841 40.039 41.589 42.821 43.591 43.461 42.461 41.716 42.271 40.519
43.114 42.794 42.671 42.569 42.509 42.459 42.391 42.254 42.161 42.061 42.059 42.549 43.469 43.536 42.264 41.611 41.666 41.669 41.804 41.676 41.974 41.741 41.609 41.941 42.011 41.651 41.464 42.051 42.864 43.434 43.176 43.404 43.749 43.226 42.974 42.644 41.501 40.806 40.749 40.659 40.581 40.491 40.431 40.439 40.376 40.311 40.259 40.216 40.149 40.091 40.066 40.004 39.979 39.954 39.936 40.189 39.946 40.651 42.411 40.456 41.186 41.979 44.701 43.244 43.886 43.709 42.364 40.124 39.731 41.231 40.174
42.774 42.701 42.666 42.609 42.556 42.439 42.341 42.371 42.334 42.331 44.389 43.931 42.631 42.461 42.346 41.959 41.681 41.691 41.761 41.836 41.811 41.969 41.596 41.549 41.661 41.824 41.749 41.966 41.971 43.164 43.311 43.151 42.016 41.261 41.061 40.894 40.801 40.751 40.741 40.684 40.619 40.564 40.551 40.421 40.369 40.319 40.271 40.184 40.134 40.099 40.041 40.096 39.989 40.714 44.489 42.784 42.759 44.736 44.651 40.926 40.156 40.294 39.624 40.109 41.824 41.029 40.114 40.869 40.936 40.581 39.696
42.769 42.684 42.704 42.604 42.576 42.526 42.566 42.589 43.539 46.709 47.249 44.291 46.496 43.731 43.171 42.436 41.761 41.761 41.799 41.889 41.974 41.829 41.716 41.579 41.561 41.486 41.469 41.439 41.401 41.411 41.259 41.101 41.046 41.034 40.944 40.906 40.874 40.881 40.834 40.669 41.069 41.776 40.674 40.399 40.356 40.339 40.296 40.266 40.294 40.471 40.164 41.004 40.471 41.921 44.604 44.639 43.331 42.621 42.359 39.731 39.566 39.639 39.591 39.536 39.946 39.991 39.536 41.326 42.344 41.666 39.816
42.826 42.731 42.701 42.706 42.691 42.889 43.424 45.474 48.499 49.814 49.684 49.224 49.746 49.196 42.851 43.144 41.991 41.869 41.849 41.896 41.944 41.986 41.954 41.851 41.746 41.664 41.551 41.476 41.416 41.314 41.284 41.194 41.159 41.081 41.014 40.959 40.886 40.806 40.751 40.671 40.646 40.546 40.551 40.486 40.501 42.966 41.829 41.549 41.631 40.634 40.236 40.499 41.326 40.454 44.179 43.676 39.859 40.136 41.971 40.261 39.576 39.604 39.604 39.566 39.606 41.021 39.546 39.971 39.901 40.426 39.719
42.849 42.834 42.979 43.976 44.346 43.436 44.541 45.094 46.831 50.054 50.161 50.016 50.246 49.359 45.354 43.216 42.351 41.866 41.966 41.896 41.941 41.926 41.991 41.911 41.896 41.824 41.769 41.594 41.499 41.486 41.749 41.269 41.179 41.066 40.971 40.986 40.899 40.821 40.811 40.739 40.704 40.634 40.704 40.674 40.811 43.749 42.059 40.879 41.094 40.251 40.551 40.711 41.441 40.181 40.301 40.871 39.686 40.486 43.349 40.431 39.549 39.554 39.549 39.536 39.516 41.164 41.009 40.129 39.379 39.416 39.409
43.129 43.834 45.294 44.891 44.166 43.156 43.291 42.941 42.614 48.629 50.196 49.301 50.131 50.371 47.531 44.801 42.661 42.024 41.911 41.959 42.009 41.946 41.959 41.954 41.909 41.814 41.724 41.599 41.511 41.814 42.019 41.476 41.176 41.094 41.021 40.981 40.989 40.921 40.931 41.026 40.799 40.731 40.731 40.791 41.529 41.511 40.616 40.739 41.146 40.739 40.584 41.166 41.409 41.276 39.616 39.629 39.634 39.659 40.779 40.439 39.539 39.521 39.534 39.489 39.551 40.466 39.776 39.386 39.366 39.379 39.394
45.286 47.429 45.761 43.466 43.226 43.196 43.021 42.691 42.924 46.229 50.589 49.646 49.949 50.104 49.429 44.496 42.999 42.389 42.036 42.039 42.069 42.039 42.039 41.961 41.899 41.834 41.749 41.601 41.566 41.519 41.804 42.371 41.374 41.834 42.286 41.819 40.996 40.961 40.934 40.991 40.824 40.791 40.954 41.041 41.441 41.079 41.196 41.386 41.559 41.564 40.529 40.881 40.654 41.584 40.359 39.599 39.486 39.499 41.426 43.191 41.051 39.459 39.486 39.441 39.434 39.614 40.421 40.389 40.579 41.386 40.236
43.989 46.434 44.444 43.306 43.269 43.231 43.194 43.286 43.671 46.156 49.486 50.201 49.984 48.974 46.871 42.664 43.644 43.624 42.166 42.079 42.079 42.094 42.274 42.721 41.989 41.786 41.696 41.699 41.989 42.234 43.576 44.414 41.576 41.801 43.626 41.811 41.064 41.004 40.959 40.994 40.961 40.834 41.219 41.699 41.159 40.826 41.459 41.361 42.189 41.261 41.421 40.854 41.384 42.964 40.664 39.774 39.419 39.409 39.844 42.841 40.656 39.476 39.446 39.374 40.159 40.379 39.836 44.459 45.421 45.866 43.784
43.341 43.811 44.029 44.566 43.274 43.719 43.536 43.226 42.929 44.106 48.866 50.091 49.981 48.359 45.906 44.154 42.834 42.671 42.274 42.131 42.149 42.131 42.149 42.101 41.974 41.886 41.856 42.196 41.859 42.879 43.804 43.371 41.656 42.926 45.574 42.651 41.571 41.209 41.344 41.721 41.226 40.899 40.991 41.539 41.024 41.589 41.401 41.139 43.874 43.444 46.246 46.706 47.224 42.344 40.489 39.484 39.504 39.611 39.506 39.481 39.781 39.459 40.744 42.959 45.149 45.131 41.259 44.274 46.964 47.134 44.206
43.256 43.841 44.904 45.634 44.089 44.886 42.961 42.914 43.129 47.199 48.884 49.434 49.096 46.824 45.046 43.951 43.871 42.671 42.996 42.179 42.141 42.151 42.159 42.064 42.066 41.981 42.076 41.839 41.766 41.886 43.389 41.851 41.586 41.496 42.156 41.891 41.481 41.256 41.146 41.606 42.436 44.349 44.059 42.889 41.311 42.636 44.961 48.236 48.981 49.214 49.511 49.719 49.556 47.121 41.531 39.721 39.676 40.719 41.161 44.714 40.681 39.571 44.404 46.994 47.551 45.889 41.356 43.019 47.021 47.586 45.999
43.759 46.404 48.869 45.091 44.854 45.771 43.351 43.199 44.904 47.309 47.956 47.154 44.854 43.629 46.674 47.746 48.661 44.381 42.894 42.811 42.186 42.206 42.201 42.186 42.116 42.446 42.321 41.926 41.899 41.789 43.259 41.739 41.696 41.574 41.796 41.961 41.211 41.146 43.214 46.604 47.319 49.026 49.389 48.064 45.349 42.851 49.109 49.604 49.804 50.354 49.771 49.399 49.259 45.599 41.491 40.349 42.391 46.324 47.029 46.786 42.309 39.684 41.874 46.904 48.396 47.569 43.164 41.049 46.254 47.781 46.696
44.479 47.994 50.396 48.584 47.789 43.831 43.809 43.314 44.109 44.696 44.651 45.756 47.586 47.754 49.344 49.714 49.906 46.484 43.356 42.894 42.274 42.181 42.251 42.169 42.209 42.724 43.656 42.469 41.996 42.536 42.709 42.676 41.764 41.684 41.641 41.551 41.414 41.944 47.231 49.469 49.744 50.344 49.846 49.566 47.506 41.731 48.129 49.396 49.296 49.166 49.406 49.436 49.681 49.389 42.654 40.454 41.739 46.774 48.426 47.656 43.651 39.774 40.211 45.594 48.081 47.804 44.811 41.256 45.554 47.014 46.541
44.274 44.674 47.724 49.469 46.101 45.321 44.299 43.456 43.731 43.409 43.561 45.621 48.424 48.876 49.531 49.416 49.646 49.226 45.454 42.871 42.746 42.361 42.269 42.279 42.251 42.434 42.619 42.099 42.066 42.011 42.144 43.206 42.531 45.034 44.576 42.291 41.599 42.266 49.306 49.734 49.696 49.471 49.129 49.046 48.921 41.181 46.534 49.349 49.671 49.764 50.439 49.699 49.484 49.139 44.589 41.586 40.236 46.304 48.091 47.961 44.274 40.616 39.591 45.586 47.411 47.441 46.026 40.041 43.546 44.981 44.106
44.514 43.831 43.479 43.816 44.659 44.254 44.614 43.839 43.444 43.426 43.559 44.416 48.839 49.171 49.451 49.559 49.274 49.594 47.484 43.611 43.301 42.374 42.524 42.306 42.339 42.426 42.806 42.246 42.131 42.101 46.054 46.264 46.716 49.994 49.411 48.259 42.444 42.244 47.711 49.094 49.071 49.894 49.479 49.474 49.141 42.366 44.084 49.386 49.531 49.234 48.529 45.934 46.719 46.049 44.099 42.866 39.966 44.779 47.749 48.299 46.589 40.814 39.701 41.679 46.019 45.286 45.216 42.574 41.676 42.029 41.764
44.339 43.871 43.561 44.004 45.341 44.629 43.909 43.979 44.101 43.851 45.001 45.434 47.784 48.761 48.849 49.346 49.144 49.206 46.129 45.364 43.496 43.031 42.354 42.341 42.314 42.431 42.764 42.544 42.911 44.371 49.944 49.901 50.351 50.426 49.969 50.026 47.034 41.491 46.876 49.479 49.469 49.296 47.281 47.474 48.216 45.119 42.506 47.266 49.099 45.861 41.471 40.826 42.151 45.074 43.584 41.174 40.776 41.481 46.691 45.441 44.419 40.464 39.879 40.341 42.526 42.584 41.311 40.349 40.254 40.004 39.736
43.924 43.806 43.731 43.714 44.321 43.714 44.236 45.089 45.789 45.701 45.666 45.584 44.864 45.479 44.569 46.499 45.749 45.739 47.664 47.951 45.894 44.391 43.169 42.406 42.376 42.411 42.771 43.601 43.679 47.846 49.841 50.514 50.894 50.219 49.856 49.814 47.899 43.624 44.031 48.709 48.356 43.739 42.594 42.006 47.386 48.234 41.349 45.021 49.159 42.899 40.754 41.746 41.956 43.241 42.386 42.506 43.849 40.706 41.076 40.529 40.221 39.856 40.479 39.744 41.619 41.336 39.894 39.729 40.909 40.654 39.696
44.481 43.856 43.861 43.666 43.621 44.031 43.621 44.591 45.324 44.746 44.059 44.519 43.564 43.564 44.246 46.189 46.911 48.346 48.756 48.601 47.806 47.244 46.429 42.436 42.464 42.441 42.521 43.874 45.551 49.641 50.041 49.999 49.819 49.899 50.019 50.424 49.836 44.506 42.974 46.544 45.639 43.546 42.059 41.946 45.624 47.741 43.756 42.956 47.844 43.254 41.159 42.896 42.684 41.149 40.906 40.599 42.881 41.601 40.566 40.034 39.756 40.109 41.001 40.021 39.809 39.806 39.769 39.756 40.651 41.446 39.806
43.846 43.819 43.881 43.894 43.671 43.926 44.364 44.166 44.936 45.394 45.411 44.436 44.601 46.414 47.686 48.264 48.771 48.591 49.009 48.616 47.769 47.564 46.346 43.459 42.754 42.486 42.474 43.344 44.799 48.794 49.734 49.949 50.236 50.861 50.544 50.136 49.839 46.719 42.146 44.826 44.384 42.489 42.356 42.319 42.171 44.294 42.036 41.886 41.924 41.046 41.411 43.379 42.704 40.476 40.514 40.604 41.829 43.374 41.854 39.876 39.819 40.589 42.296 41.041 40.054 39.914 39.811 39.791 39.959 41.066 40.269
46.246 43.861 44.064 44.124 44.006 43.826 44.194 44.211 44.854 46.071 45.661 44.539 45.344 47.609 48.589 48.669 48.844 48.784 48.391 48.826 47.941 46.199 44.604 43.119 42.901 43.044 42.509 42.669 43.256 47.811 50.039 50.471 50.319 50.004 49.394 48.669 49.651 48.171 42.564 42.909 42.399 41.434 41.349 41.904 41.191 41.086 41.074 41.889 41.136 40.949 40.979 41.719 43.759 41.999 40.791 41.016 41.781 43.231 42.604 40.549 40.416 40.939 43.101 42.549 40.096 39.994 39.934 39.871 39.829 41.019 40.919
45.061 43.869 43.896 44.796 47.079 46.151 44.269 44.544 44.161 44.726 44.349 44.141 45.249 46.654 47.471 47.099 47.721 48.879 48.391 48.809 48.416 46.779 43.684 44.226 42.661 43.349 42.571 42.571 43.464 43.976 49.636 49.799 49.346 47.774 46.069 45.521 48.089 49.284 45.396 43.496 42.436 41.494 41.416 42.126 41.536 41.251 41.319 41.899 42.566 41.224 41.014 44.006 45.209 42.911 41.636 40.564 41.031 42.214 41.679 40.786 40.611 40.416 41.176 41.821 40.501 40.044 40.004 39.954 39.969 40.179 40.024
44.204 44.616 45.416 46.421 48.246 47.879 43.971 44.321 44.664 44.166 44.121 44.066 44.731 45.176 46.174 45.741 46.904 48.571 48.864 48.624 49.644 49.326 46.641 44.114 42.961 42.629 42.611 42.586 42.806 43.496 48.061 49.869 48.374 45.179 45.191 44.929 45.976 45.174 42.696 43.301 43.094 43.061 41.514 41.631 42.411 41.606 41.641 41.736 44.716 42.421 41.159 43.644 46.616 45.121 40.609 41.064 40.939 43.491 41.961 40.936 40.534 40.511 40.561 42.766 42.056 40.546 40.064 40.096 40.109 40.156 41.009
44.476 45.474 45.931 45.869 47.441 49.216 46.434 45.846 44.939 45.444 45.906 46.609 47.974 46.874 46.889 45.434 46.464 48.031 49.221 48.076 49.801 50.444 49.061 44.064 42.981 42.666 42.674 42.639 42.636 42.899 44.631 49.699 49.136 45.369 44.794 44.754 44.256 42.964 42.124 42.766 43.319 42.566 42.129 41.671 42.234 42.696 41.386 41.406 41.711 43.791 41.099 42.824 46.504 43.799 41.526 40.871 41.359 44.539 42.091 40.854 40.769 40.736 40.641 41.204 41.961 42.014 40.344 40.246 40.346 40.414 40.369
44.266 44.841 45.881 45.701 47.154 48.939 48.056 51.521 50.211 47.504 49.839 49.184 48.991 48.979 47.574 46.299 46.474 47.086 46.936 47.379 48.721 49.064 47.589 43.126 42.999 42.901 42.676 42.704 42.674 42.761 44.114 48.094 47.086 45.031 44.666 45.491 43.714 42.166 42.114 42.229 42.306 42.624 45.134 42.596 41.686 42.219 41.469 41.409 41.719 41.679 41.199 41.691 42.816 43.054 41.751 42.674 40.999 43.271 43.971 41.121 40.796 40.736 40.649 40.659 41.231 41.559 40.634 40.824 40.996 41.499 41.951
44.441 44.616 45.421 45.156 45.909 48.196 49.299 49.814 51.681 49.034 49.411 49.314 48.406 47.181 45.639 46.866 47.034 46.551 46.466 46.524 47.674 48.489 48.284 45.061 44.739 44.361 42.799 42.716 42.721 42.734 43.384 44.711 45.289 44.011 43.066 42.889 42.594 42.164 42.124 42.109 42.404 42.744 42.869 41.826 41.981 42.434 41.674 41.534 42.054 42.619 41.356 41.269 41.234 41.524 42.784 43.271 41.264 41.314 43.961 43.026 40.816 40.744 40.744 41.059 41.304 41.239 42.174 43.939 46.146 44.384 42.421
44.599 45.119 44.676 44.454 45.444 47.051 48.104 47.691 50.119 49.111 46.571 47.101 47.521 47.576 46.789 47.049 47.359 46.136 46.016 46.104 47.999 49.294 48.889 46.631 44.264 43.326 42.841 42.776 42.759 42.746 42.831 44.366 43.714 42.834 42.539 42.556 43.239 42.296 42.189 42.146 42.166 42.459 42.031 41.766 41.784 42.136 42.199 41.714 42.506 42.304 41.761 42.601 42.919 41.384 41.689 42.056 42.961 43.919 45.726 43.054 42.061 42.144 42.629 42.561 43.106 43.629 45.556 46.876 45.994 43.951 41.731
