All_lidar/sz5891_DSM_2M.asc
ncols 500
nrows 500
xllcorner    458000
yllcorner    91000
cellsize     2
NODATA_value -9999
[rows 192 to 223 of 500, columns 360 to 431 of 500]
57.666 59.046 56.183 54.291 58.571 63.351 62.866 62.148 63.276 64.031 64.153 62.966 61.216 61.986 61.401 56.466 55.438 55.411 56.231 57.816 58.461 58.148 55.098 52.486 52.256 54.191 58.408 59.318 59.526 58.433 57.473 56.933 54.163 51.231 51.131 51.081 51.141 52.333 50.508 48.518 48.475 48.38 48.238 48.023 47.92 47.653 47.473 47.35 47.275 47.255 51.888 53.163 53.643 54.288 53.595 48.508 47.403 48.088 47.135 47.018 47.288 45.983 45.998 45.893 45.863 45.908 45.935 45.353 46.118 47.925 50.178 51.165
56.756 57.316 54.421 54.153 54.908 56.541 54.988 55.508 54.373 55.753 57.133 57.848 59.216 58.736 58.653 55.978 54.311 54.186 56.508 58.138 58.473 57.916 54.433 52.446 52.273 54.691 58.471 59.378 59.256 58.351 53.178 52.051 51.621 51.248 51.168 51.493 52.738 49.366 48.761 48.673 48.513 48.38 48.23 48.183 48.135 47.9 47.438 47.445 47.843 49.56 51.048 53.57 54.57 54.83 54.32 51.595 47.325 47.165 47.31 48.233 47.9 46.5 45.998 45.94 45.87 45.873 45.958 45.43 45.075 47.855 50.033 51.343
56.616 60.938 54.673 54.223 54.158 54.131 54.178 54.393 54.216 54.861 55.848 55.773 56.513 55.258 55.106 54.281 53.228 53.638 56.503 58.018 58.453 57.681 54.398 52.861 53.011 54.686 57.733 59.241 59.181 58.291 52.648 51.461 51.381 51.256 52.001 52.121 49.173 49.023 48.861 48.783 48.623 48.443 48.518 50.005 51.07 48.475 47.563 48.188 50.14 50.765 51.44 54.15 54.653 54.03 53.385 50.883 47.26 47.823 47.458 48.25 47.66 46.36 46.003 46.03 45.915 45.935 46.915 47.408 45.243 45.583 49.428 51.155
56.211 58.371 55.633 54.336 54.226 54.658 55.713 55.433 54.658 54.128 54.201 55.886 56.493 55.348 54.901 54.186 54.451 53.853 56.306 57.991 58.088 56.628 53.991 52.721 53.098 52.808 52.918 52.776 53.413 52.611 51.606 51.516 51.781 52.343 51.693 49.323 49.251 49.136 49.026 48.796 48.713 48.798 50.388 55.045 54.16 50.233 48.2 47.458 50.635 51.703 52.025 51.993 53.465 53.093 49.545 47.59 47.23 47.615 47.185 47.093 46.723 46.195 45.943 46.035 45.988 45.988 48.315 48.08 45.335 45.123 48.993 50.503
55.906 54.543 54.346 54.373 54.271 54.783 56.193 56.581 54.466 54.018 53.963 55.653 55.158 54.983 54.928 56.316 58.463 55.793 53.521 53.111 53.643 53.906 53.208 52.666 52.341 52.246 52.238 52.331 52.213 52.038 51.673 51.798 53.168 51.181 49.588 49.498 49.363 49.208 49.043 49.011 49.363 51.91 54.38 55.388 55.45 53.88 49.338 48.08 48.02 52.075 51.435 50.78 50.62 48.528 47.453 48.005 48.598 47.67 47.113 46.908 46.598 46.25 45.958 46.01 45.978 45.908 45.868 45.753 45.765 45.888 45.07 46.44
55.786 54.556 54.376 54.468 54.346 54.433 54.581 55.913 58.446 58.503 56.381 55.671 54.046 54.383 54.631 57.338 59.021 59.081 58.246 53.356 53.328 53.101 53.008 52.823 52.401 52.236 52.216 52.223 52.198 52.128 52.723 52.878 50.348 49.866 49.786 49.598 49.456 49.281 49.291 49.386 53.248 54.463 55.045 55.628 55.813 55.263 53.19 49.618 47.708 49.455 50.508 49.17 48.248 47.575 49.66 52.525 53.125 50.7 47.068 46.968 46.765 46.683 46.273 45.98 45.99 45.913 45.885 46.218 45.768 45.723 45.708 46.605
55.546 54.981 54.438 54.451 54.391 54.921 55.843 58.273 63.406 64.031 62.566 56.288 53.931 54.853 53.866 55.286 58.696 60.008 59.148 53.658 53.508 53.456 53.063 53.051 52.301 52.253 52.221 52.196 52.413 53.258 53.021 50.728 50.143 50.058 49.856 49.681 49.541 49.828 50.603 49.106 53.22 55.225 55.643 55.568 55.148 55.028 50.868 48.685 48.585 47.91 49.403 49.72 47.65 50.32 53.53 54.555 53.83 53.783 49.358 47.543 46.898 46.938 46.575 46.01 45.99 45.98 45.928 45.98 45.938 45.538 45.57 47.803
57.366 54.608 54.446 56.138 55.973 55.291 57.766 58.473 64.076 64.153 62.283 57.911 53.953 55.611 53.883 53.831 54.571 55.068 56.331 56.383 58.153 55.483 53.543 53.593 52.321 52.353 52.516 53.016 53.381 51.526 50.516 50.426 50.288 50.151 49.968 49.893 50.333 50.793 50.733 49.858 49.37 55.348 55.398 54.815 53.128 49.24 48.71 48.68 48.615 49.738 50.48 48.63 47.383 48.835 53.07 54.353 54.23 53.145 50.388 47.473 47.503 46.688 46.3 46.013 45.993 46.003 45.948 47.193 49.03 46.143 45.573 46.553
56.47 54.575 55.693 58.548 58.423 58.055 55.953 56.683 59.655 57.62 55.418 56.278 54.64 54.943 54.228 53.893 53.985 54.015 56.075 57.26 58.865 54.428 55.325 58.545 53.928 52.708 53.07 52.3 51.335 50.81 50.678 50.58 50.475 50.325 50.153 50.238 51.45 50.755 50.963 51.16 49.08 49.61 54.668 53.818 51.94 49.123 52.528 50.59 49.82 50.575 51.765 48.703 47.653 47.403 51.865 53.793 54.585 53.538 51.763 47.335 46.958 46.658 46.343 46.058 45.95 45.96 45.968 45.97 49.193 46.755 45.105 46.19
55.353 54.975 56.923 57.82 56.113 58.14 55.973 55.14 54.588 55.088 54.875 55.13 54.553 54.24 54.3 54.46 54.935 55.61 55.375 54.23 56.76 57.343 58.79 59.7 56.493 53.09 51.34 51.165 51.083 50.925 50.755 50.638 50.538 50.435 50.323 50.23 51 50.958 50.908 51.02 50.173 48.978 50.433 51.323 50.083 49.465 53.468 52.238 49.973 50.74 50.303 48.46 47.933 47.333 48.865 53.24 54.393 54.09 53.893 48.743 47.538 46.758 46.643 46.283 46.018 46.033 45.993 46 48.313 48.673 45.168 46.263
55.703 55.145 56.028 57.86 59.523 60.508 59.51 55.18 54.638 54.565 54.415 54.305 54.125 54.028 53.893 54.283 56.02 56.01 54.66 53.603 55.235 58.793 58.693 57.843 54.098 52.07 51.415 51.3 51.143 50.973 50.815 50.71 50.565 50.54 50.498 50.448 51.02 50.948 50.83 50.568 50.5 50.19 50.148 49.393 50.135 50.38 51.133 50.07 49.988 50.515 49.598 48.653 48.135 47.453 47.72 52.093 53.438 52.475 54.26 56.36 48.368 49.07 50.728 48.085 46.48 46.035 46.008 46.003 47.608 49.24 45.3 45.08
55.648 55.783 57.423 58.708 60.47 60.998 60.358 56.285 56.083 55.203 55.01 54.873 54.115 53.97 53.785 53.873 54.77 54.55 54.258 53.46 54.333 55.955 54.953 52.295 51.728 51.615 51.455 51.308 51.153 51.03 50.97 50.868 50.71 50.685 50.628 50.53 50.925 50.915 50.698 51.04 50.888 50.573 51.573 50.58 50.51 50.408 50.303 50.198 50.065 50.15 50.565 48.853 48.385 47.835 47.29 51.108 54.295 57.375 53.33 58.578 57.358 55.128 55.81 55.8 52.965 46.015 46.015 46.038 47.053 49.4 46.418 45.235
55.368 54.873 55.308 58.305 60.423 60.96 60.41 59.37 58.4 55.948 54.478 54.38 54.235 53.905 53.698 53.515 53.743 54.38 55.065 54.75 52.353 52.13 52.065 51.913 51.79 51.648 51.495 51.313 51.288 51.32 51.388 51.525 51.18 51.905 50.77 50.693 50.64 50.735 50.91 51.463 51.2 50.76 51.133 51.043 50.608 50.508 50.405 50.28 50.143 50.04 50.253 49.528 48.853 48.16 47.703 54.12 56.38 56.18 57.878 59.448 56.125 55.678 56.34 56.905 54.555 46.033 46.083 46.05 46.47 49.135 48.538 45.448
55.573 55.35 54.983 57.39 60.378 60.948 60.455 59.43 58.448 56.753 54.568 55.375 55.318 53.925 53.968 53.298 53.103 54.128 53.685 52.495 52.368 52.293 52.153 51.968 51.82 51.688 51.653 51.61 52.268 52.518 54.1 54.685 52.483 51.8 51.123 50.818 50.683 50.758 50.77 52.285 55.093 56.403 54.44 54.718 52.743 50.608 50.488 50.333 50.195 50.12 50.065 50.473 53.34 50.265 52.703 57.42 57.62 60.32 58.488 57.24 54.828 54.98 54.345 55.753 50.968 46.05 46.098 46.08 46.028 47.375 48.808 46.105
55.618 54.928 54.788 56.078 58.245 58.2 58.083 55.535 56.843 55.518 55.1 55.685 54.22 54.313 55.275 53.125 52.91 52.768 52.675 52.575 52.42 52.273 52.098 52.013 51.998 52.11 52.108 51.935 53.228 55.265 55.54 55.768 53.428 51.04 51.018 50.893 50.768 51.315 51.005 56.938 57.918 58.008 57.983 57.713 55.01 51.75 50.533 50.388 50.268 50.218 50.22 50.67 54.84 56.768 58.625 60.918 61.948 62.62 60.39 53.898 48.295 47.838 47.678 47.87 50.59 47.17 46.125 46.135 46.085 46.01 46.128 45.985
55.398 54.805 54.8 56.195 57.905 57.543 55.46 55.145 54.733 54.863 54.9 54.358 54.128 53.69 53.285 53.07 52.985 52.86 52.755 52.593 52.403 52.29 52.298 52.545 52.678 52.495 52.225 52.055 54.093 55.723 57.205 57.765 52.3 51.323 50.975 50.98 50.88 51.293 51.573 54.608 57.99 58.403 58.4 58.243 56.428 52.573 50.56 50.42 50.625 50.09 49.648 49.26 53.748 59.985 58.195 56.973 57.5 61.435 53.34 48.788 48.058 47.873 47.828 48.403 50.318 46.963 46.133 46.173 46.16 46.065 46.033 45.943
55.238 54.815 54.833 54.875 56.18 56.46 57.335 56.858 56.013 55.413 55.51 53.858 53.46 53.365 53.298 53.198 53.063 52.915 52.74 52.588 52.668 52.805 52.753 52.885 53.068 53.245 53.485 53.343 58.37 58.418 59.115 58.83 53.033 51.758 51.05 51.075 50.965 51.023 51.798 52.368 57.678 58.443 58.053 57.67 54.905 51.05 50.535 50.455 50.278 49.895 49.703 50.123 55.275 56.973 59.003 55.335 55.175 52.728 50.943 49.453 48.208 47.925 48.568 48.178 50.698 48.203 46.173 46.165 46.21 46.108 46.073 46.048
55.248 54.85 54.883 55.173 54.938 54.95 55.213 56.17 55.21 54.2 53.898 53.643 53.543 53.42 53.32 53.175 52.978 52.925 52.828 52.733 53.51 53.17 53.99 56.865 57.508 57.94 56.633 53.443 58.305 58.765 58.963 58.028 53.298 52.06 51.65 51.213 51.093 50.965 51.22 51.073 55.53 58.26 57.93 55.32 52.158 51.175 50.78 51.425 51.525 51.328 51.425 51.115 54.095 52.503 51.233 49.315 50.353 52.433 53.268 54.185 50.438 48.15 48.25 48.298 49.813 49.48 46.308 46.188 46.233 46.17 46.11 46.208
56.135 55.045 55.135 55.455 55.395 55.315 54.975 54.745 53.938 53.835 53.768 53.71 53.583 53.398 53.3 53.223 53.228 53.275 52.99 52.91 53.775 53.518 55.173 58.553 58.583 58.338 57.778 52.873 55.82 58.288 58.998 58.228 55.348 52.71 53.97 51.753 51.15 51.043 51.753 51.283 53.12 55.53 53.56 50.978 51.34 52.425 52.803 53.63 53.165 51.785 50.4 50.738 50.89 50.505 48.888 53.158 55.363 56.21 55.423 54.913 51.77 48.17 47.76 47.773 48.485 50.785 46.695 46.223 46.26 46.205 46.16 46.173
57.025 55.678 56.288 55.285 55.053 54.235 54.125 54.065 54.008 53.893 53.76 53.643 53.545 53.52 53.573 53.638 53.7 53.67 53.188 53.038 53.368 53.548 53.663 58.105 58.223 58.488 58.44 53.428 54.863 57.985 58.998 58.5 57.215 53.233 53.96 51.89 51.205 51.12 51.218 52.098 51.543 50.955 50.728 52.378 53.815 54.59 54.258 52.438 51.075 50.735 49.948 49.93 50.778 51.56 48.873 52.398 55.108 56.123 55.733 54.635 51.15 48.108 47.775 48.24 50.765 50.54 47.278 46.228 46.293 46.245 46.155 46.158
57.418 56.413 55.033 54.42 54.315 54.253 54.173 54.06 53.908 53.815 53.75 53.73 53.745 53.818 53.833 53.783 53.708 53.668 53.42 53.443 53.19 53.183 53.385 57.15 58.643 58.385 58.38 55.358 54.095 57.74 58.735 58.723 57.82 52.67 52.43 51.623 51.42 51.193 51.098 53.003 52.613 53.155 53.435 55.993 56.548 57.018 55.583 53.55 51.578 51.21 51.558 50.185 50.385 52.105 49.8 50.143 54.77 55.858 56.078 54.985 51.363 48.365 47.825 47.48 47.965 46.748 46.455 46.265 46.43 46.3 46.18 46.198
54.705 54.498 54.443 54.393 54.3 54.19 54.078 53.995 54.313 55.588 54.793 54.158 53.895 53.79 53.77 53.995 54.878 55.728 55.408 54.048 53.353 53.233 53.183 56.328 58.33 58.083 58.265 56.043 53.528 57.56 58.258 57.07 55.863 52.638 53.113 51.823 51.518 51.268 51.145 53.393 52.548 52.533 56.625 57.245 57.52 57.615 57.273 52.88 51.813 50.995 51.48 51.138 51.655 51.588 51.558 50.995 54.105 55.52 56.285 55.33 52.14 48.893 48.178 49.43 47.453 47.768 47.358 46.618 47.125 46.345 46.233 46.248
54.608 54.48 54.398 54.275 54.218 54.165 54.14 54.265 54.858 55.748 54.735 54.46 54.113 54.58 56.628 58.625 59.513 59.668 56.473 53.48 53.323 53.26 53.275 54.52 57.528 55.54 53.78 53.108 52.945 53.788 52.72 54.613 54.163 52.29 52.865 51.453 51.41 51.298 51.195 52.325 51.505 52.005 56.918 57.52 57.295 56.993 56.673 51.683 52.908 51.895 51.555 50.638 50.003 49.668 51.61 50.053 52.913 54.578 53.92 51.205 48.668 49.24 50.148 51.875 49.65 48.038 47.028 46.508 47.055 46.403 46.313 46.31
54.468 54.405 54.37 54.535 55 54.358 54.35 54.783 54.543 55.693 57.333 58.773 56.23 57.065 59.78 60.163 60.36 60.2 58.57 53.618 53.935 53.31 53.29 53.178 53.108 53.19 53.408 53.303 53.325 52.558 52.43 53.35 54.448 52.843 52.698 51.793 52.118 51.38 51.255 51.538 51.753 51.285 54.808 56.72 55.298 52.703 52.09 53.758 52.808 52.578 50.418 50.213 50.078 49.618 51.26 50.913 49.728 51.413 50.875 51.165 51.328 50.798 50.51 49.585 47.943 47.188 46.918 46.718 46.608 46.455 46.39 46.338
54.513 54.61 55.64 55.173 55.77 54.688 54.498 54.805 57.325 59.73 60.35 60.435 58.33 54.618 59.56 60.203 59.825 60.11 59.608 53.958 54.268 53.495 53.375 53.388 53.483 53.353 53.335 53.298 53.308 53.07 52.675 52.985 53.16 52.765 53.058 52.398 51.915 51.47 51.32 51.158 51.33 51.495 53.205 52.703 53.518 55.26 55.798 56.368 55.425 53.693 51.233 50.253 50.2 49.75 51.023 52.028 49.735 51.145 51.158 50.688 49.898 48.695 48.67 48.153 47.803 47.518 47.54 47.663 46.83 46.45 46.445 46.428
55.035 55.335 55.445 55.228 56.31 58.303 58.135 55.155 56.278 60.243 60.2 60.29 60.023 54.545 58.955 60.093 59.518 59.87 59.84 56.038 53.775 53.51 53.35 53.508 53.528 53.815 54.26 53.21 53.208 53.925 53.905 53.923 54.735 53.835 53.705 53.205 51.398 51.45 51.373 51.195 52.503 52.003 51.978 51.08 55.485 56.61 56.84 56.975 57.043 53.64 50.868 50.39 50.98 50.538 50.31 52.298 51.215 49.905 49.39 50.59 51.11 51.313 50.108 48.325 48.11 48.025 48.073 48.705 47.253 46.465 46.5 47.088
55.573 55.853 55.093 58.938 60.208 60.728 60.458 56.683 55.775 60.033 60.343 60.35 60.113 56.54 56.985 59.883 59.578 58.223 56.723 55.988 53.488 53.43 53.393 53.74 55.083 55.765 55.208 53.53 53.688 56.533 57.46 58.498 58.543 54.22 52.18 52.608 51.81 51.883 51.39 51.208 51.315 51.195 50.928 50.9 55.183 57.04 56.863 56.598 56.34 53.738 50.953 50.433 50.135 49.698 49.415 49.338 49.115 49.118 49.325 52.14 52.258 53.523 50.65 48.768 48.54 48.238 48.21 47.99 47.233 46.445 46.498 46.9
58.675 58.348 55.258 59.458 60.698 60.863 60.303 57.503 55.645 58.725 59.808 59.588 58.253 54.845 54.798 56.17 54.818 53.985 53.82 53.918 53.913 54.165 53.573 53.458 55.283 54.793 56.07 57.943 58.49 59.16 59.395 59.348 59.035 55.403 52.178 52.108 51.605 52.395 51.41 51.263 51.27 51.24 50.968 51.095 53.88 56.275 54.603 53.783 52.618 53.745 53.268 50.788 50.075 49.798 49.545 49.405 49.203 49.113 53.443 54.903 55.558 55.045 51.555 48.848 49.028 48.31 48.228 48.508 47.635 46.513 46.555 46.488
60.81 60.25 55.048 56.94 59.833 59.615 59.203 57.81 55.405 55.918 57.805 58.975 58.273 55.783 54.13 53.938 53.91 53.988 53.908 53.94 54.125 54.285 53.58 53.778 54.31 53.583 56.02 58.915 58.908 58.86 58.56 57.085 54.133 52.448 52.355 52.513 51.848 51.525 51.455 51.335 51.248 51.218 51.058 50.903 51.815 53.28 53.943 55.143 55.938 56.51 54.43 51.245 50.198 49.875 49.685 49.833 49.545 49.26 53.345 55.503 55.995 55.293 52.723 48.613 48.823 48.365 48.255 48.535 47.833 46.865 46.55 46.548
60.41 60.065 56.763 56.033 57.943 57.043 57.44 57.423 55.673 56.083 56.635 57.41 55.89 55.26 54.315 54.045 54.003 54.048 54.05 53.888 53.798 53.458 53.408 53.543 53.573 53.34 53.805 53.99 53.025 54.215 53.903 52.915 52.673 52.608 52.345 52.285 51.585 51.383 51.418 51.408 51.258 51.415 51.183 51.138 50.995 53.33 56.29 56.723 56.923 57.023 55.948 50.633 50.353 49.985 49.788 50.413 50.885 49.295 51.968 55.248 56.018 55.55 53.678 48.5 48.445 48.483 48.223 48.138 47.898 47.275 46.578 46.57
59.118 58.65 56.845 56.44 57.54 56.92 56.978 56.195 54.965 57.195 56.948 57.12 54.83 55.29 56.03 54.795 54.013 54.343 55.523 56.948 56.108 53.515 53.88 53.375 53.77 53.973 53.783 53.44 53.878 53.638 53.833 53.468 52.558 52.61 52.313 52.415 52.015 51.413 51.423 51.43 51.27 51.263 51.178 51.878 51.605 51.448 56.225 56.905 56.645 56.393 55.253 51.395 51.103 50.13 51.268 49.665 50.675 49.363 50.438 55.025 55.863 55.77 54.913 48.713 48.498 48.4 48.235 48.135 48.968 48.845 46.593 46.608
57.308 57.558 57.16 55.453 55.155 54.918 55.14 54.865 54.803 56.568 57.223 56.665 55.37 54.875 55.12 55.583 58.098 58.278 59.165 59.735 58.828 53.598 54.193 53.378 53.988 53.893 53.753 53.523 53.41 53.62 52.938 54.195 55.403 57.268 55.66 52.278 52.978 51.548 51.408 51.423 51.285 51.253 51.203 51.348 51.48 51.158 53.295 54.988 53.798 53.19 54.145 55.565 54.105 50.215 49.938 49.685 50.638 49.373 49.408 54.33 55.643 56.08 53.043 49.268 48.583 48.625 48.953 49 48.565 47.865 46.723 46.613
