All_lidar/sz5891_DSM_2M.asc
ncols 500
nrows 500
xllcorner    458000
yllcorner    91000
cellsize     2
NODATA_value -9999
[rows 352 to 383 of 500, columns 288 to 359 of 500]
50.693 44.558 44.603 44.833 44.328 46 45.37 43.823 43.668 43.535 43.35 43.088 42.815 42.627 43.11 44.442 43.91 42.447 42.852 42.182 45.027 46.52 42.375 41.472 41.512 40.927 41.672 41.62 41.175 42.022 40.617 40.057 40.187 39.852 39.635 39.44 39.245 39.045 39.54 39.17 38.65 38.485 39.08 39.817 38.195 38.242 38.275 38.472 39.42 38.39 40.452 41.64 42.71 44.042 44.607 44.532 38.797 39.235 41.065 42.43 44.072 42.86 39.747 39.865 40.005 40.052 40.212 40.277 40.29 40.287 40.332 40.36
50.453 44.435 44.58 45.218 44.9 46.233 44.738 43.725 43.683 43.51 43.298 43.055 42.81 43.712 44.61 42.417 42.13 41.875 42.332 46.202 47.55 47.61 45.955 41.997 41.282 40.945 40.932 40.685 40.57 42.947 40.212 40.045 39.867 39.717 39.447 39.197 39.057 38.927 38.997 39.302 39.825 39.365 38.825 39.572 38.625 38.135 38.432 39.082 39.19 38.3 43.21 45.142 45.462 45.84 45.595 44.957 40.287 39.845 40.005 39.415 39.56 39.472 39.65 39.785 39.892 39.865 40.202 40.262 39.995 40.117 40.197 40.22
50.378 44.903 45.27 45.08 44.685 46.318 44.475 43.688 43.59 43.513 43.265 42.95 43.9 43.83 42.577 42.232 42.447 44.065 42.985 45.895 47.412 48.14 47.457 45.387 41.27 40.837 40.887 41.41 40.37 42.342 40.05 39.957 39.927 39.667 39.385 39.52 41.502 42.81 43.505 44.35 44.6 44.42 38.492 39.045 39.76 38 38.595 39.035 38.79 38.027 42.077 45.117 45.48 45.575 45.15 44.872 41.145 38.727 39.505 39.647 39.3 39.377 39.527 39.602 39.702 39.797 39.785 39.76 39.825 40.282 39.88 40.017
50.358 45.303 45.185 45.23 45.283 46.318 44.258 43.578 43.498 43.433 43.498 44.865 43.152 42.86 42.515 42.695 42.007 42 41.93 42.552 46.48 47.782 48.07 47.197 43.255 41.162 41.525 40.735 41.75 43.19 43.75 44.635 45.577 40.632 40.422 40.642 44.017 45.12 45.42 45.635 45.59 44.395 38.33 39.085 39.73 37.857 37.99 38.045 38.43 37.907 41.037 44.297 43.757 43.527 43.262 42.637 39.68 40.045 40.737 40.135 39.435 39.222 39.36 39.417 39.525 39.632 39.665 39.675 39.695 39.715 39.695 39.792
50.165 44.233 44.025 44.14 44.118 46.07 43.913 43.95 43.38 43.825 43.97 43.058 42.57 42.44 42.807 43.962 42.03 42.095 41.89 42.35 43.672 46.957 47.765 47.305 45.787 41.332 42.135 44.912 46.2 46.402 46.712 46.635 45.972 40.81 40.575 39.45 43.092 45.127 45.2 45.085 44.915 44.602 40.012 38.335 39.372 37.755 37.822 38.475 38.835 38.06 38.545 39.175 38.73 39.442 38.84 38.232 38.28 38.692 38.75 38.93 39.225 39.155 39.3 39.317 39.372 39.515 39.65 39.667 39.742 39.77 39.815 39.807
47.203 44.368 44.363 44.67 44.32 45.513 43.583 43.385 44.608 44.99 42.988 42.703 42.582 42.39 42.305 42.362 41.89 42.175 42.735 41.937 41.51 45.157 46.942 44.307 41.615 41.642 41.142 44.115 46.492 46.767 46.845 46.405 46.002 40.41 41.807 40.785 41.432 43.905 43.765 43.23 41.235 40.262 38.102 38.947 39.975 37.62 37.715 38.147 38.745 38.267 37.682 37.725 37.807 38.637 38.445 38.17 38.23 38.332 38.315 38.452 38.667 39.652 39.195 39.427 39.3 39.557 39.55 39.57 39.732 39.737 39.745 39.747
44.198 44.11 43.983 44.258 43.908 44.41 43.46 44.89 44.608 43.188 42.83 42.613 42.495 42.23 42.052 41.935 41.892 43.227 43.215 41.547 43.02 44.11 43.677 41.23 41.627 41.377 40.77 44.39 45.665 45.542 45.067 44.725 44.297 41.82 44.767 42.697 40.19 41.145 41.07 40.225 38.98 38.042 37.93 38 39.37 37.987 37.59 37.82 38.167 37.912 37.517 37.56 37.637 37.845 38.012 38.042 38.55 38.215 38.235 38.282 38.37 38.675 39.437 39.122 39.135 39.252 39.365 39.382 39.55 39.48 39.53 39.535
44.03 44.233 43.985 43.878 43.733 45.138 45.183 44.805 43.445 43.97 42.693 42.51 42.325 42.145 41.997 41.887 42.065 42.787 41.915 41.265 41.507 43.81 42.362 41.09 41.085 42.977 44.697 44.575 42.952 42.762 41.487 40.4 40.077 40.15 43.612 42.395 39.212 39.512 38.992 39.44 39.822 37.995 37.892 37.79 39.497 38.245 37.522 37.96 37.91 37.84 37.36 37.41 37.52 37.807 38.405 37.87 37.985 38.01 38.085 38.135 38.197 38.292 39.217 39.085 38.852 38.92 39.012 38.995 39.022 39.08 39.097 39.05
43.913 44.015 43.94 43.853 43.69 45.255 43.635 42.98 42.81 42.713 42.485 42.428 42.485 42.207 41.957 41.957 42.385 42.595 41.342 41.597 43.697 42.502 41.175 44.105 44.54 42.285 43.957 43.792 40.975 42.232 42.042 40.267 39.51 39.387 40.31 39.91 38.967 38.645 38.587 39.34 39.745 37.975 37.865 37.755 39.145 37.957 37.405 37.512 37.525 38.025 37.322 37.412 37.64 37.812 38.355 38.357 37.78 37.85 37.912 38.045 38.03 38.127 39 38.955 38.395 38.465 38.517 38.49 38.527 38.56 38.582 38.602
44.595 45.478 45.513 43.79 43.533 43.54 43.66 42.94 42.693 42.575 42.483 42.398 42.417 42.182 41.987 42.48 42.272 41.36 41.287 41.23 43.63 43.485 42 45.005 45.532 42.865 40.577 41.257 41.962 40.735 42.14 39.827 39.42 39.472 39.74 39.767 39.372 38.81 38.567 38.967 40.165 37.932 37.795 37.655 39.265 38.86 37.34 37.395 37.322 37.47 37.362 38.005 38.202 39.04 38.685 39.57 38.112 38.557 40.607 38.417 38.105 37.907 37.552 38.02 38.162 38.257 38.305 38.367 38.352 38.36 38.382 38.402
47.845 48.713 48.518 45.888 43.735 44.32 45.168 43.538 42.618 42.485 42.493 42.368 42.087 42.045 42.54 42.467 41.517 41.32 41.177 41.297 42.112 42.987 42.887 42.895 42.922 41.485 40.437 40.25 45.517 46.055 42.73 39.445 39.35 39.29 39.257 39.287 40.575 38.802 38.545 38.895 40.715 38.077 37.737 37.987 40.175 38.922 37.245 37.322 37.237 37.245 37.777 37.795 37.867 38.365 40.115 43.295 44.44 44.392 43.53 41.545 40.352 38.31 37.197 37.652 38.095 38.167 38.21 38.267 38.227 38.235 38.245 38.28
50.345 50.288 50.24 50.2 43.878 44.76 44.485 43.22 42.438 42.38 42.668 43.028 42.092 42.127 42.01 41.63 41.342 41.25 41.055 41.22 42.25 41.845 42.02 42.755 41.815 40.487 40.612 40.185 45.877 46.65 42.345 39.505 39.305 39.205 39.092 39.24 40.915 39.782 38.87 38.982 40.42 39.247 38.04 39.98 40.175 37.512 37.185 37.232 37.192 37.087 37.127 37.387 37.987 37.82 40.205 43.177 44.297 44.555 43.457 41.662 40.607 38.417 37.257 37.707 38.145 38.147 38.17 38.172 38.155 38.195 38.12 38.145
51.503 51.413 51.405 51.355 43.325 43.593 42.953 42.438 42.418 42.353 42.43 42.883 42.127 41.865 41.517 41.4 41.997 44.8 42.502 41.217 41.2 40.772 40.897 42.942 41.852 40.472 39.875 39.722 41.717 40.745 41.04 40.197 39.247 39.07 38.982 39.207 40.877 40.037 39.542 38.637 40.12 40.447 40.66 40.082 37.84 37.17 37.132 37.175 37.262 37.325 37.382 37.062 37.15 37.177 39.797 42.997 44.142 44.667 43.637 40.55 39.18 38.39 37.45 37.695 37.827 37.84 37.715 37.802 37.74 37.792 37.722 37.735
51.338 51.358 51.43 51.453 43.238 42.903 42.473 42.38 42.595 42.358 42.108 42.39 42.137 41.585 41.447 41.992 43.302 45.942 44.08 41.142 42.23 40.712 40.037 40.087 39.617 39.41 39.372 39.35 39.337 39.597 39.507 39.535 39.08 39.007 38.84 38.84 39.722 38.63 38.185 37.92 38.47 39.235 39.027 37.662 37.242 37.115 37.082 37.082 37.48 37.735 38.845 37.077 37.792 37.627 38.807 42.827 43.97 44.732 43.812 41.53 37.49 37.377 37.345 37.392 37.385 37.427 37.415 37.465 37.472 37.507 37.522 37.552
50.193 50.248 50.275 50.018 43.183 42.943 42.343 42.253 42.228 42.113 42.033 42.07 41.725 41.515 42.805 44.64 44.275 40.407 39.975 41.492 44.175 42.895 42.82 42.632 43.025 39.462 39.387 39.34 39.28 40.107 39.23 39.622 38.732 38.592 38.43 38.282 38.14 38.022 37.842 37.672 37.577 37.422 37.362 37.27 37.11 37.047 37.035 37.022 37.22 37.362 38.477 38.27 37.637 37.172 37.172 41.437 43.782 44.72 43.972 42.152 37.702 37.157 37.18 37.187 37.152 37.227 37.22 37.262 37.275 37.342 37.367 37.372
48.01 46.885 47.423 47.62 43.01 42.463 42.27 42.183 42.11 42.038 42.018 41.75 41.665 41.507 46.132 49.947 48.875 39.542 39.385 42.47 45.81 45.932 46.067 46.125 44.92 39.43 39.44 39.317 39.142 39 38.907 38.727 38.547 38.412 38.275 38.16 38.022 37.83 37.72 37.565 37.47 37.36 37.282 37.225 37.04 36.98 36.95 36.977 37.017 37.292 37.755 37.025 36.89 36.825 37.342 41.785 43.657 44.707 44.142 43.017 37.085 36.935 37.035 39.297 39.047 38.767 37.377 37.935 37.882 39.22 39.775 40.197
45.648 43.525 44.558 45.028 43.315 43.49 42.258 42.145 42.03 42.433 41.95 41.618 41.557 41.62 47.297 49.777 49.517 43.465 39.422 40.465 45.407 46.825 47.26 46.687 45.177 41.632 39.35 39.147 38.967 38.822 38.727 38.545 38.415 38.265 38.135 37.967 37.862 37.742 37.635 37.52 37.412 37.307 37.365 37.577 37.245 36.972 36.9 36.915 36.962 36.967 36.995 36.782 37.032 37.51 37.122 41.182 43.482 44.427 44.085 42.075 36.862 37.11 37.94 40.202 39.575 40.092 40.827 39.15 37.86 39.32 39.262 38.277
43.558 43.335 43.145 43.075 43.893 43.408 42.21 42.068 42.28 43.155 42.09 41.643 41.5 41.397 44.787 47.962 48 41.69 39.485 40.142 45.185 46.807 47.695 46.802 45.627 42.625 39.395 38.992 38.82 38.707 38.547 38.445 38.3 38.19 38.125 38.095 37.852 37.735 37.637 37.51 37.392 37.3 37.232 37.722 37.577 37.152 36.93 36.872 36.897 36.837 36.727 36.712 36.757 37.097 36.642 38.667 40.052 38.772 38.105 38.075 37.787 36.925 36.93 37.88 38.19 37.77 38.64 37.76 37.245 36.882 36.652 36.86
43.918 43.013 43.26 43.28 46.128 46.683 44.373 42.828 43.37 42.518 41.758 41.595 41.562 41.112 41.99 45.207 43.682 40.032 39.515 40.37 45.11 46.542 46.985 46.687 45.747 40.935 39.415 39.24 38.775 38.685 39.17 38.552 38.31 38.2 38.16 39.06 37.84 37.752 37.61 37.512 37.41 37.305 37.215 37.542 37.54 37.347 36.97 36.807 36.87 37.13 36.802 38.432 39.132 38.98 36.79 36.507 36.465 36.502 37.045 37.085 37.82 36.557 36.57 36.552 36.317 36.357 36.952 36.79 36.527 36.557 36.507 36.567
42.58 42.083 41.915 43.375 46.363 45.635 43.673 41.92 45.273 47.823 45.653 42.078 41.417 41.755 43.46 43.417 42.247 40.04 39.667 39.952 44.46 46.112 45.81 45.462 44.675 41.917 39.407 39.487 38.752 38.645 39.092 38.462 38.262 38.165 38.03 38.65 37.925 37.712 37.62 37.577 37.457 37.805 38.382 38.57 37.85 37.837 39.195 37.315 36.797 37.38 36.835 37.487 38.12 36.847 36.63 36.375 36.772 37.975 37.64 36.405 36.44 36.362 36.385 36.265 36.225 36.257 36.782 38.185 36.435 36.407 36.275 36.372
41.595 41.41 41.428 43.148 44.125 42.883 42.938 41.673 45.313 48.973 47.7 43.135 41.105 41.452 42.93 42.197 41.137 40.19 39.62 39.315 43.542 44.727 42.922 41.165 40.407 39.757 39.37 39.345 38.707 38.56 38.857 39.672 42.255 42.142 43.15 43.09 40.292 38.065 37.987 39.832 40.455 39.685 39.93 39.737 37.797 37.28 39.915 37.47 36.732 36.872 36.632 36.495 36.587 36.347 36.302 36.772 37.555 38.422 37.705 36.315 36.437 36.32 36.337 36.192 36.152 36.235 36.617 36.457 36.345 36.427 36.215 36.165
41.393 41.375 41.41 42.235 43.013 41.563 41.608 41.463 44.453 48.65 47.92 41.993 41.16 41.345 40.595 40.472 40.557 40.015 39.65 39.332 40.33 40.327 40.082 40.302 40.037 39.647 40.357 39.585 40.15 39.745 38.875 42.415 43.175 43.082 43.115 43.792 40.792 38.027 38.03 39.245 40.042 38.09 38.97 39.55 37.255 37.047 37.795 37.697 36.667 36.735 36.585 36.475 36.322 36.312 36.447 36.547 37.075 37.782 38.005 36.192 36.255 36.255 36.432 36.145 36.122 36.152 36.232 35.84 35.802 35.8 35.615 36.392
41.72 41.32 41.363 42.293 42.785 41.573 41.63 41.608 42.585 47.51 46.928 41.345 41.272 41.987 40.45 40.537 40.637 39.93 39.802 39.577 40.527 39.642 39.797 41.047 40.562 41.152 41.08 39.88 40.99 39.51 38.71 39.977 40.652 39.835 39.377 40.207 38.175 37.822 37.815 39.465 38.725 37.417 38.197 38.69 37.08 37.08 37.54 39.117 36.607 36.815 37.015 36.485 36.28 36.28 36.205 36.982 36.045 36.147 37.005 36.375 36.15 36.13 36.847 35.93 36.587 37.037 35.867 38.772 39.595 36.522 35.632 39.15
44.448 41.12 41.075 41.675 41.78 41.628 41.483 41.405 42.063 43.708 41.733 40.853 40.73 41.467 40.187 40.15 40.135 40.277 40.93 40.897 39.767 39.517 39.737 41.182 39.845 39.675 39.15 39.187 39.87 38.687 38.642 38.62 40.602 39.09 38.04 38.332 38.602 37.767 37.692 38.602 38.16 37.372 37.397 37.81 37.09 36.965 37.105 38.455 36.522 36.975 37.982 36.372 36.185 36.165 36.075 36.607 35.912 35.9 36.165 36.325 38.97 37.172 35.535 35.69 40.33 40.58 35.682 39.885 41.25 39.447 39.687 40.597
44.098 41.73 41.008 41.7 41.388 41.34 41.263 41.14 41.103 40.993 40.878 40.635 40.517 41.142 40.01 39.947 39.917 39.817 39.792 39.94 39.3 39.332 39.117 39.432 39.152 39.09 38.77 38.71 39.145 38.582 38.81 38.72 38.43 38.27 38.085 39.08 38.06 37.69 37.64 38.262 38.517 37.447 37.285 37.687 37.075 36.677 36.682 36.852 36.472 36.595 37.722 36.317 36.002 35.917 35.935 36.172 35.832 38.412 38.377 36.452 40.682 40.142 38.78 39.677 41.137 41.34 36.45 38.702 41.625 41.972 42.167 42.252
46.355 46.13 43.115 41.123 41.245 41.223 41.15 41.01 40.878 40.92 41.26 40.513 40.33 41.367 40.32 39.825 39.807 39.677 39.322 39.33 39.167 39.205 38.967 38.932 38.822 38.752 38.685 38.55 38.807 38.357 38.417 38.312 38.655 38.032 37.897 37.837 37.712 37.587 37.54 37.495 38.37 37.585 37.95 38.405 37.167 37.127 37.15 37.3 36.432 36.505 36.462 36.357 36.63 39.942 38.055 36.137 36.35 41.19 40.1 36.502 40.342 41.642 41.872 42.075 42.19 41.502 37.597 37.85 41.637 42.177 42.06 41.842
46.518 46.12 42.915 41.645 41.063 41.053 41.015 40.905 40.723 40.75 41.645 40.683 40.257 41.45 40.522 39.747 40.07 39.652 39.23 39.13 39.047 39.025 38.807 38.772 38.702 38.332 37.93 37.965 37.952 38.062 38 38.03 38.17 37.812 38.142 37.59 37.582 37.575 39.145 37.935 38.172 39.657 40.115 39.895 37.592 39.79 40.727 37.37 36.457 36.425 36.405 36.292 37.127 41.57 40.612 39.125 41.042 41.68 41.43 36.807 40.432 41.952 42.205 42.087 41.9 41.547 37.302 37.045 41.102 40.425 39.412 38.712
46.345 46.138 42.683 41.953 41.233 40.9 40.835 40.75 40.588 40.713 41.42 40.27 40.302 40.78 40.385 39.647 39.605 39.517 39.165 39.082 38.96 38.855 38.74 38.687 38.692 38.385 37.797 38.017 38.28 38.515 38.142 38.667 38.295 38.932 41.305 38.872 37.832 38.757 43.112 40.465 39.367 42.492 42.485 42.352 40.3 42.155 42.59 37.45 37.005 36.385 36.38 36.24 36.32 40.837 42.152 42.435 42.575 42.582 41.555 36.242 38.982 41.265 40.415 39.84 39.192 38.455 36.457 35.532 35.9 35.777 35.795 35.51
46.14 46.158 42.373 41.585 40.875 40.763 40.648 40.585 40.418 40.388 40.435 40.13 40.02 39.885 39.737 39.572 39.522 39.432 39.595 39.192 38.857 38.512 38.472 38.51 39.39 38.265 39.577 41.98 41.847 38.982 41.075 43.482 38.352 38.87 43.285 41.495 40.982 42.167 43.305 42.792 38.382 42.557 42.745 42.69 42.83 42.952 42.855 39.107 36.885 36.315 36.335 36.192 35.942 40.057 42.29 42.402 42.26 42.057 41.655 36.442 35.882 36.487 36.295 35.665 35.382 35.407 35.412 35.322 35.852 35.58 35.967 35.46
43.85 43.783 41.963 41.018 40.605 40.5 40.438 40.483 40.203 40.1 40.025 39.87 39.732 39.697 38.885 39.165 39.087 38.93 38.837 40.195 39.635 37.945 38.307 42.382 42.845 38.025 41.917 43.465 43.155 42.042 42.8 43.66 39.727 39.01 43.237 43.772 43.972 44.09 44.025 43.067 37.397 41.695 43.36 43.775 43.827 43.827 43.027 38.775 37.125 36.265 36.237 36.107 35.962 40.13 41.312 40.095 39.522 38.627 37.9 36.175 35.287 35.222 35.96 35.48 35.372 35.282 35.232 34.957 35.035 34.852 34.78 34.905
42.94 42.895 41.133 40.315 42.438 40.18 39.95 39.88 39.763 39.773 40.098 40.175 40.535 39.332 38.435 39.32 43.637 41.322 38.402 43.077 41.802 40.185 42.02 43.42 43.712 39.427 42.122 43.76 44.002 44.217 44.325 44.032 40.58 38.422 43.132 44.112 44.142 43.955 43.772 43.022 37.385 40.382 43.237 43.35 43.192 42.975 42.327 38.387 37.275 36.36 36.21 36.07 36.01 36.33 36.44 36.16 36.115 35.4 35.315 35.242 35.252 35.012 35.027 34.97 34.955 34.892 34.925 35.42 34.765 34.73 35.405 35.68
42.418 42.9 41.453 40.443 45.913 40.215 39.23 38.855 39.105 39.93 40.183 42.66 44.26 40.61 40.862 41.75 43.867 42.932 38.702 43.032 43.952 44.117 44.292 44.415 43.942 39.535 39.215 43.772 44.557 44.507 44.345 44.04 41.95 38.51 42.227 43.06 42.637 41.67 41.067 39.562 37.365 38.757 41.6 40.047 39.862 38.407 37.682 36.827 37.34 36.4 36.197 36.057 35.93 35.882 35.73 35.635 35.48 35.3 35.197 35.132 35.047 34.957 34.915 35.352 36.015 35.325 34.965 34.922 34.84 34.81 34.81 34.777
