All_lidar/sz5888_DSM_2M.asc
ncols 500
nrows 500
xllcorner    458000
yllcorner    88000
cellsize     2
NODATA_value -9999
[rows 192 to 223 of 500, columns 142 to 212 of 500]
36.894 36.949 36.961 37.066 37.141 37.196 37.299 37.384 37.456 37.534 37.599 37.664 37.784 37.861 37.976 38.064 38.151 38.276 38.384 38.509 38.664 38.774 38.896 39.021 39.099 39.191 39.294 39.404 39.504 39.629 39.736 39.844 39.954 40.039 40.141 40.304 40.436 40.556 40.704 40.771 40.914 41.039 41.159 41.316 41.386 41.496 41.644 41.766 41.866 41.999 42.131 42.236 42.374 42.476 42.569 42.726 42.866 43.039 43.204 43.349 43.441 43.609 43.711 43.836 43.934 44.059 44.219 44.341 44.451 44.596 44.741
37.064 37.144 37.221 37.266 37.341 37.439 37.514 37.574 37.649 37.721 37.799 37.866 37.979 38.081 38.194 38.276 38.389 38.481 38.586 38.721 38.904 39.009 39.136 39.211 39.306 39.411 39.499 39.559 39.656 39.804 39.939 40.029 40.141 40.264 40.381 40.461 40.584 40.726 40.861 40.964 41.091 41.214 41.329 41.466 41.581 41.731 41.846 41.936 42.044 42.156 42.301 42.399 42.544 42.691 42.826 42.939 43.044 43.191 43.374 43.514 43.604 43.749 43.909 44.041 44.146 44.261 44.396 44.539 44.704 44.804 44.976
37.256 37.361 37.429 37.509 37.589 37.656 37.746 37.806 37.914 37.941 38.026 38.091 38.191 38.301 38.411 38.501 38.576 38.696 38.814 38.949 39.091 39.224 39.326 39.441 39.494 39.589 39.719 39.794 39.884 39.971 40.079 40.181 40.319 40.449 40.576 40.671 40.769 40.904 41.046 41.189 41.311 41.429 41.556 41.669 41.804 41.921 42.041 42.156 42.246 42.331 42.479 42.589 42.711 42.881 43.016 43.154 43.299 43.436 43.539 43.661 43.784 43.934 44.091 44.226 44.314 44.444 44.579 44.719 44.891 45.011 45.194
37.434 37.541 37.626 37.726 37.819 37.899 37.976 38.064 38.139 38.201 38.279 38.361 38.446 38.536 38.629 38.706 38.814 38.931 39.039 39.166 39.296 39.434 39.549 39.644 39.719 39.819 39.876 39.976 40.131 40.204 40.286 40.366 40.524 40.666 40.769 40.879 41.014 41.126 41.256 41.379 41.499 41.656 41.786 41.891 42.004 42.126 42.231 42.306 42.419 42.549 42.704 42.784 42.889 43.039 43.234 43.391 43.574 43.646 43.781 43.854 43.966 44.129 44.281 44.421 44.524 44.644 44.789 44.946 45.091 45.229 45.379
37.654 37.774 37.859 37.941 38.066 38.146 38.209 38.304 38.356 38.456 38.569 38.631 38.681 38.746 38.834 38.904 39.054 39.196 39.284 39.359 39.504 39.621 39.729 39.871 39.936 40.031 40.126 40.239 40.289 40.386 40.489 40.599 40.714 40.829 40.961 41.084 41.216 41.356 41.494 41.594 41.709 41.851 41.991 42.126 42.241 42.329 42.411 42.494 42.636 42.766 42.894 42.991 43.101 43.256 43.439 43.651 43.831 43.904 44.049 44.111 44.221 44.314 44.421 44.599 44.749 44.891 45.031 45.161 45.314 45.446 45.584
37.916 37.989 38.081 38.186 38.304 38.381 38.491 38.586 38.636 38.711 38.839 38.924 38.961 38.994 39.071 39.116 39.256 39.379 39.504 39.606 39.709 39.814 39.914 40.059 40.129 40.221 40.314 40.416 40.509 40.601 40.734 40.836 40.926 41.026 41.161 41.289 41.424 41.569 41.736 41.864 41.936 42.044 42.164 42.306 42.429 42.549 42.629 42.709 42.799 42.954 43.101 43.186 43.361 43.546 43.696 43.869 44.041 44.169 44.281 44.374 44.429 44.546 44.631 44.774 44.929 45.084 45.249 45.364 45.514 45.629 45.811
38.144 38.214 38.334 38.436 38.511 38.634 38.751 38.849 38.911 38.984 39.074 39.144 39.206 39.251 39.331 39.379 39.499 39.604 39.696 39.821 39.936 40.054 40.159 40.244 40.319 40.441 40.534 40.634 40.734 40.849 40.931 41.029 41.149 41.279 41.401 41.506 41.621 41.796 41.921 42.056 42.171 42.256 42.366 42.461 42.611 42.749 42.839 42.936 43.011 43.126 43.284 43.474 43.636 43.776 43.924 44.059 44.184 44.304 44.379 44.501 44.621 44.751 44.906 44.996 45.149 45.246 45.399 45.564 45.691 45.849 46.026
38.376 38.446 38.581 38.659 38.764 38.871 38.989 39.101 39.181 39.254 39.319 39.419 39.464 39.504 39.591 39.646 39.731 39.826 39.926 40.041 40.134 40.244 40.351 40.436 40.519 40.669 40.741 40.836 40.931 41.064 41.179 41.274 41.344 41.481 41.626 41.734 41.866 41.994 42.126 42.249 42.389 42.466 42.591 42.674 42.779 42.884 43.039 43.134 43.256 43.349 43.511 43.686 43.829 43.976 44.106 44.219 44.331 44.446 44.564 44.679 44.776 44.949 45.111 45.229 45.306 45.441 45.591 45.739 45.904 46.054 46.279
38.616 38.731 38.834 38.899 39.016 39.104 39.229 39.354 39.413 39.481 39.551 39.658 39.701 39.753 39.831 39.913 39.973 40.051 40.141 40.221 40.333 40.426 40.528 40.643 40.733 40.848 40.953 41.066 41.143 41.273 41.398 41.496 41.638 41.721 41.851 41.996 42.081 42.188 42.316 42.423 42.576 42.706 42.808 42.908 43.013 43.073 43.213 43.356 43.466 43.573 43.708 43.886 44.006 44.108 44.228 44.391 44.516 44.616 44.761 44.851 44.958 45.141 45.311 45.448 45.526 45.631 45.773 45.951 46.078 46.296 46.538
38.826 38.971 39.076 39.184 39.261 39.349 39.459 39.564 39.656 39.716 39.773 39.843 39.916 40.013 40.106 40.143 40.206 40.298 40.391 40.488 40.576 40.651 40.736 40.876 40.953 41.066 41.148 41.281 41.366 41.501 41.606 41.728 41.876 41.973 42.098 42.223 42.311 42.426 42.523 42.623 42.751 42.903 43.011 43.133 43.243 43.318 43.403 43.481 43.648 43.763 43.923 44.046 44.176 44.283 44.438 44.538 44.668 44.796 44.916 45.011 45.171 45.321 45.473 45.606 45.726 45.831 45.951 46.156 46.298 46.513 46.791
39.086 39.176 39.269 39.386 39.526 39.634 39.679 39.774 39.858 39.931 39.981 40.036 40.148 40.266 40.338 40.398 40.473 40.531 40.626 40.703 40.783 40.876 40.971 41.051 41.168 41.261 41.386 41.496 41.611 41.726 41.838 41.961 42.098 42.236 42.331 42.446 42.541 42.621 42.716 42.821 42.941 43.046 43.201 43.301 43.413 43.508 43.626 43.716 43.836 43.938 44.091 44.258 44.383 44.493 44.618 44.706 44.871 45.011 45.121 45.243 45.378 45.498 45.618 45.766 45.918 46.053 46.183 46.383 46.581 46.778 47.041
39.309 39.404 39.509 39.619 39.731 39.854 39.944 39.996 40.073 40.138 40.228 40.296 40.396 40.468 40.563 40.661 40.728 40.776 40.851 40.961 41.041 41.103 41.203 41.291 41.391 41.481 41.606 41.703 41.806 41.958 42.063 42.181 42.346 42.461 42.526 42.638 42.721 42.811 42.951 43.041 43.108 43.231 43.368 43.446 43.601 43.746 43.848 43.938 44.056 44.178 44.271 44.423 44.551 44.706 44.841 44.993 45.116 45.218 45.323 45.428 45.548 45.676 45.791 45.923 46.096 46.243 46.418 46.608 46.803 47.031 47.336
39.526 39.639 39.719 39.839 39.959 40.054 40.169 40.244 40.303 40.373 40.443 40.528 40.633 40.716 40.798 40.883 40.976 41.048 41.101 41.148 41.261 41.368 41.423 41.503 41.603 41.701 41.758 41.896 42.051 42.186 42.318 42.426 42.543 42.656 42.771 42.876 42.956 43.061 43.118 43.221 43.303 43.403 43.521 43.643 43.773 43.908 44.021 44.128 44.286 44.376 44.483 44.588 44.713 44.896 45.058 45.191 45.311 45.396 45.468 45.588 45.716 45.823 45.938 46.106 46.276 46.446 46.641 46.868 47.103 47.291 47.583
39.741 39.839 39.939 40.051 40.194 40.229 40.339 40.439 40.533 40.588 40.668 40.766 40.861 40.958 41.011 41.096 41.196 41.278 41.353 41.428 41.476 41.556 41.666 41.758 41.841 41.931 42.023 42.136 42.243 42.396 42.543 42.641 42.766 42.873 43.026 43.093 43.181 43.271 43.338 43.426 43.513 43.608 43.721 43.868 43.973 44.086 44.176 44.321 44.473 44.566 44.676 44.778 44.908 45.081 45.221 45.343 45.488 45.571 45.648 45.726 45.856 45.958 46.113 46.263 46.473 46.651 46.891 47.138 47.413 47.641 47.981
39.959 40.046 40.149 40.254 40.361 40.429 40.551 40.619 40.696 40.826 40.923 40.998 41.091 41.173 41.266 41.356 41.406 41.518 41.613 41.691 41.723 41.821 41.876 41.973 42.066 42.146 42.236 42.356 42.451 42.621 42.776 42.891 42.998 43.128 43.221 43.308 43.378 43.473 43.553 43.661 43.741 43.838 43.936 44.051 44.191 44.261 44.363 44.468 44.653 44.766 44.876 45.016 45.148 45.246 45.343 45.493 45.593 45.713 45.841 45.931 46.018 46.198 46.331 46.508 46.703 46.916 47.153 47.436 47.738 48.041 48.298
40.164 40.274 40.351 40.481 40.541 40.629 40.749 40.814 40.928 41.041 41.151 41.273 41.366 41.438 41.523 41.581 41.628 41.666 41.863 41.918 41.953 42.038 42.106 42.218 42.306 42.393 42.478 42.586 42.728 42.883 42.961 43.111 43.196 43.303 43.401 43.471 43.561 43.681 43.781 43.861 43.948 44.066 44.131 44.246 44.361 44.496 44.603 44.666 44.798 44.963 45.081 45.243 45.358 45.458 45.531 45.608 45.721 45.891 45.986 46.111 46.243 46.401 46.578 46.778 46.983 47.193 47.446 47.723 47.991 48.238 48.458
40.401 40.499 40.571 40.666 40.754 40.834 40.951 41.046 41.146 41.276 41.391 41.498 41.601 41.698 41.761 41.811 41.888 41.936 42.048 42.161 42.206 42.263 42.358 42.406 42.496 42.598 42.711 42.856 42.971 43.101 43.198 43.303 43.413 43.488 43.563 43.656 43.776 43.896 44.011 44.076 44.151 44.271 44.328 44.436 44.546 44.688 44.796 44.918 45.031 45.171 45.293 45.433 45.561 45.681 45.756 45.846 45.963 46.061 46.208 46.331 46.481 46.656 46.863 47.071 47.301 47.511 47.728 48.021 48.291 48.496 48.671
40.564 40.714 40.779 40.864 40.966 41.054 41.151 41.271 41.386 41.511 41.616 41.701 41.808 41.913 42.016 42.083 42.148 42.223 42.293 42.368 42.451 42.516 42.578 42.653 42.723 42.823 42.961 43.106 43.203 43.303 43.401 43.506 43.616 43.691 43.751 43.841 43.966 44.113 44.201 44.253 44.331 44.448 44.536 44.648 44.743 44.896 45.028 45.138 45.251 45.386 45.498 45.641 45.741 45.888 45.998 46.088 46.213 46.348 46.481 46.623 46.751 46.976 47.141 47.366 47.633 47.796 48.046 48.303 48.516 48.723 48.898
40.791 40.879 40.971 41.074 41.176 41.261 41.349 41.441 41.576 41.723 41.826 41.938 42.021 42.126 42.218 42.356 42.396 42.461 42.521 42.606 42.681 42.748 42.801 42.883 42.981 43.093 43.211 43.318 43.418 43.521 43.628 43.701 43.796 43.891 43.966 44.086 44.173 44.288 44.383 44.456 44.541 44.631 44.741 44.856 45.016 45.131 45.228 45.348 45.463 45.621 45.736 45.853 45.973 46.111 46.221 46.321 46.486 46.621 46.733 46.868 47.051 47.283 47.431 47.676 47.903 48.088 48.293 48.533 48.731 48.953 49.148
40.986 41.059 41.151 41.279 41.381 41.476 41.559 41.669 41.778 41.928 42.001 42.123 42.228 42.341 42.418 42.543 42.651 42.713 42.763 42.843 42.891 42.961 43.043 43.141 43.226 43.328 43.431 43.561 43.646 43.728 43.818 43.893 43.968 44.093 44.188 44.266 44.363 44.443 44.531 44.658 44.743 44.861 44.961 45.076 45.206 45.348 45.483 45.588 45.703 45.866 46.003 46.141 46.246 46.361 46.508 46.603 46.771 46.926 47.088 47.286 47.411 47.548 47.761 47.986 48.198 48.386 48.548 48.773 48.983 49.208 49.438
41.221 41.264 41.374 41.466 41.591 41.691 41.781 41.881 41.991 42.123 42.238 42.331 42.443 42.533 42.636 42.728 42.828 42.923 42.996 43.046 43.118 43.186 43.266 43.351 43.458 43.528 43.663 43.761 43.876 43.958 44.033 44.133 44.201 44.283 44.371 44.493 44.583 44.671 44.728 44.873 44.941 45.056 45.166 45.321 45.411 45.561 45.733 45.883 45.988 46.113 46.251 46.368 46.548 46.676 46.801 46.951 47.091 47.228 47.411 47.633 47.761 47.913 48.111 48.343 48.538 48.683 48.908 49.076 49.258 49.463 49.673
41.394 41.484 41.591 41.659 41.789 41.899 41.989 42.099 42.218 42.321 42.411 42.531 42.628 42.726 42.836 42.953 43.038 43.093 43.213 43.263 43.326 43.436 43.493 43.553 43.656 43.723 43.828 43.941 44.058 44.171 44.243 44.306 44.408 44.496 44.593 44.698 44.801 44.878 44.953 45.051 45.128 45.283 45.401 45.543 45.691 45.793 45.951 46.113 46.281 46.421 46.536 46.671 46.836 46.966 47.111 47.233 47.361 47.448 47.646 47.931 48.108 48.338 48.548 48.733 48.856 49.016 49.216 49.396 49.556 49.731 49.941
41.574 41.671 41.781 41.859 41.966 42.076 42.154 42.294 42.381 42.513 42.591 42.721 42.821 42.933 43.036 43.131 43.223 43.306 43.386 43.463 43.546 43.631 43.701 43.771 43.896 43.933 44.058 44.136 44.246 44.371 44.453 44.538 44.583 44.721 44.828 44.901 45.011 45.118 45.211 45.296 45.371 45.501 45.628 45.798 45.901 46.031 46.203 46.378 46.548 46.701 46.853 46.963 47.101 47.261 47.381 47.506 47.668 47.803 47.906 48.188 48.421 48.636 48.848 48.988 49.141 49.313 49.496 49.653 49.826 50.008 50.163
41.776 41.874 41.984 42.064 42.154 42.254 42.364 42.481 42.548 42.668 42.783 42.886 42.993 43.128 43.213 43.298 43.401 43.506 43.596 43.661 43.763 43.796 43.881 43.963 44.096 44.136 44.223 44.348 44.456 44.556 44.641 44.733 44.828 44.923 45.031 45.101 45.211 45.321 45.413 45.546 45.643 45.756 45.866 45.996 46.133 46.283 46.498 46.633 46.731 46.928 47.151 47.288 47.426 47.516 47.658 47.808 47.996 48.133 48.278 48.483 48.711 48.918 49.116 49.293 49.431 49.581 49.741 49.906 50.078 50.243 50.388
41.969 42.061 42.156 42.231 42.351 42.474 42.551 42.669 42.746 42.863 42.933 43.053 43.173 43.278 43.401 43.496 43.598 43.733 43.788 43.846 43.911 43.973 44.071 44.153 44.263 44.356 44.458 44.558 44.618 44.696 44.816 44.916 45.011 45.146 45.241 45.356 45.446 45.558 45.661 45.786 45.888 46.008 46.116 46.246 46.381 46.576 46.781 46.908 47.071 47.238 47.431 47.571 47.713 47.833 47.933 48.141 48.301 48.446 48.598 48.781 48.951 49.131 49.333 49.526 49.701 49.878 49.988 50.138 50.281 50.443 50.593
42.121 42.199 42.316 42.429 42.519 42.639 42.734 42.831 42.946 43.036 43.133 43.246 43.376 43.473 43.551 43.648 43.773 43.848 43.953 44.038 44.128 44.203 44.253 44.341 44.431 44.533 44.656 44.706 44.813 44.888 45.001 45.131 45.248 45.358 45.473 45.571 45.681 45.801 45.886 46.006 46.126 46.266 46.371 46.516 46.666 46.846 47.043 47.201 47.371 47.541 47.726 47.848 47.966 48.113 48.276 48.423 48.588 48.698 48.871 49.068 49.211 49.376 49.571 49.766 49.966 50.093 50.171 50.363 50.541 50.718 50.853
42.304 42.384 42.469 42.601 42.696 42.831 42.889 42.991 43.108 43.231 43.303 43.418 43.511 43.588 43.718 43.848 43.928 44.021 44.118 44.193 44.276 44.366 44.433 44.526 44.638 44.743 44.826 44.883 44.978 45.078 45.216 45.341 45.456 45.591 45.703 45.841 45.958 46.076 46.131 46.268 46.406 46.541 46.648 46.816 46.988 47.151 47.313 47.513 47.686 47.853 48.033 48.181 48.243 48.403 48.591 48.731 48.881 48.978 49.143 49.296 49.468 49.628 49.781 49.976 50.146 50.296 50.401 50.576 50.753 50.873 51.023
42.441 42.576 42.659 42.789 42.896 42.991 43.071 43.159 43.256 43.381 43.476 43.561 43.638 43.761 43.921 44.023 44.083 44.181 44.268 44.378 44.446 44.521 44.623 44.691 44.801 44.911 45.011 45.103 45.221 45.311 45.441 45.551 45.676 45.813 45.946 46.083 46.241 46.348 46.406 46.531 46.648 46.826 46.988 47.128 47.281 47.443 47.608 47.828 47.998 48.163 48.286 48.396 48.526 48.728 48.906 48.998 49.113 49.283 49.413 49.566 49.716 49.851 50.028 50.188 50.378 50.526 50.673 50.823 50.926 51.051 51.183
42.626 42.706 42.826 42.919 43.046 43.159 43.261 43.336 43.446 43.536 43.696 43.771 43.833 43.951 44.048 44.188 44.261 44.358 44.446 44.558 44.616 44.706 44.806 44.891 44.983 45.056 45.181 45.258 45.433 45.536 45.653 45.758 45.893 46.021 46.203 46.321 46.471 46.611 46.706 46.786 46.896 47.108 47.288 47.466 47.598 47.723 47.893 48.111 48.276 48.423 48.506 48.633 48.808 49.011 49.181 49.248 49.396 49.503 49.671 49.816 49.958 50.108 50.251 50.396 50.571 50.766 50.876 51.026 51.141 51.253 51.358
42.791 42.874 42.976 43.079 43.204 43.339 43.406 43.524 43.618 43.698 43.808 43.916 44.031 44.123 44.193 44.301 44.423 44.536 44.638 44.701 44.806 44.871 44.978 45.058 45.138 45.223 45.348 45.486 45.583 45.736 45.888 46.013 46.133 46.288 46.443 46.561 46.681 46.848 47.026 47.146 47.261 47.446 47.571 47.768 47.916 48.076 48.238 48.403 48.576 48.703 48.783 48.931 49.111 49.271 49.421 49.536 49.693 49.786 49.931 50.076 50.236 50.378 50.546 50.703 50.891 51.038 51.166 51.241 51.328 51.463 51.586
42.969 43.036 43.136 43.244 43.354 43.466 43.604 43.666 43.786 43.873 43.993 44.091 44.211 44.276 44.391 44.486 44.608 44.698 44.776 44.886 44.948 45.028 45.136 45.213 45.303 45.408 45.548 45.663 45.793 45.956 46.108 46.251 46.408 46.551 46.693 46.781 46.883 47.113 47.311 47.451 47.596 47.743 47.901 48.088 48.228 48.406 48.536 48.643 48.803 48.911 49.071 49.251 49.383 49.518 49.638 49.796 49.918 50.023 50.151 50.311 50.486 50.631 50.793 51.016 51.163 51.286 51.378 51.486 51.538 51.636 51.781
43.081 43.206 43.299 43.419 43.491 43.639 43.734 43.859 43.941 44.031 44.118 44.241 44.363 44.471 44.578 44.678 44.746 44.846 44.948 45.048 45.126 45.208 45.308 45.398 45.503 45.621 45.753 45.871 46.001 46.176 46.326 46.463 46.626 46.816 46.968 47.088 47.201 47.403 47.598 47.743 47.903 48.031 48.206 48.381 48.568 48.716 48.851 48.928 49.068 49.228 49.391 49.551 49.663 49.793 49.901 50.046 50.176 50.286 50.433 50.606 50.726 50.866 51.083 51.266 51.378 51.453 51.556 51.671 51.741 51.848 51.928
