All_lidar/sz5889_DSM_2M.asc
ncols 500
nrows 500
xllcorner    458000
yllcorner    89000
cellsize     2
NODATA_value -9999
[rows 64 to 95 of 500, columns 72 to 143 of 500]
52.298 52.053 51.801 51.539 51.3 51.054 50.8 50.575 50.291 50.049 49.784 49.52 49.273 49.053 48.822 48.583 48.365 48.145 47.925 47.683 47.465 47.235 47.023 46.79 46.56 46.318 46.048 45.82 45.608 45.413 45.165 44.933 44.695 44.47 44.248 44.025 43.798 43.61 43.388 43.163 42.92 42.73 42.55 42.353 42.158 41.963 41.743 41.58 41.42 41.283 41.168 41.053 40.928 40.73 40.598 40.4 40.953 41.765 43.36 40.12 38.998 38.878 38.718 38.515 38.305 38.123 37.955 37.818 37.648 37.54 37.408 37.21
52.253 51.982 51.722 51.472 51.215 51.004 50.765 50.528 50.262 49.984 49.72 49.455 49.198 48.963 48.73 48.503 48.268 48.025 47.833 47.578 47.385 47.13 46.913 46.703 46.473 46.233 45.97 45.74 45.533 45.295 45.073 44.868 44.608 44.393 44.13 43.928 43.673 43.468 43.288 43.095 42.885 42.648 42.48 42.29 42.08 41.87 41.698 41.513 41.343 41.215 41.115 40.988 40.815 40.655 40.52 40.338 41.135 46.913 43.555 40.635 39.775 38.808 38.653 38.458 38.258 38.043 37.9 37.72 37.543 37.443 37.268 37.133
52.157 51.911 51.649 51.393 51.154 50.919 50.731 50.455 50.209 49.95 49.681 49.402 49.135 48.913 48.662 48.428 48.195 47.948 47.718 47.485 47.28 47.045 46.803 46.615 46.418 46.173 45.933 45.675 45.448 45.213 44.948 44.728 44.528 44.295 44.033 43.828 43.588 43.385 43.183 42.955 42.758 42.538 42.38 42.178 42.02 41.798 41.625 41.418 41.278 41.143 41.018 40.875 40.743 40.58 40.403 40.238 40.873 42.633 40.97 39.043 38.91 38.748 38.595 38.413 38.22 37.993 37.84 37.663 37.473 37.328 37.143 37
52.088 51.828 51.561 51.309 51.09 50.873 50.644 50.385 50.123 49.876 49.632 49.356 49.088 48.828 48.586 48.377 48.113 47.883 47.65 47.4 47.178 46.978 46.72 46.508 46.285 46.06 45.848 45.645 45.39 45.13 44.898 44.638 44.42 44.165 43.925 43.72 43.5 43.27 43.103 42.863 42.635 42.43 42.258 42.075 41.91 41.708 41.523 41.318 41.183 41.053 40.93 40.823 40.653 40.508 40.32 40.71 40.523 45.645 39.155 38.943 38.825 38.683 38.518 38.33 38.13 37.908 37.765 37.618 37.463 37.29 37.128 36.935
52.04 51.749 51.502 51.257 51.022 50.785 50.549 50.297 50.071 49.815 49.578 49.326 49.057 48.777 48.526 48.363 48.078 47.838 47.583 47.31 47.068 46.855 46.635 46.403 46.188 45.938 45.723 45.56 45.33 45.055 44.845 44.573 44.313 44.048 43.823 43.608 43.388 43.2 42.98 42.788 42.54 42.343 42.133 41.958 41.775 41.605 41.425 41.235 41.1 40.955 40.845 40.74 40.57 40.403 40.215 40.045 40.64 41.808 39.165 38.935 38.745 38.603 38.405 38.223 38.038 37.85 37.698 37.558 37.415 37.248 37.073 36.898
51.958 51.68 51.425 51.184 50.936 50.708 50.47 50.244 49.991 49.75 49.493 49.24 48.974 48.718 48.479 48.235 48.013 47.775 47.49 47.243 46.993 46.775 46.563 46.328 46.073 45.833 45.63 45.415 45.203 44.955 44.728 44.493 44.24 43.97 43.745 43.483 43.295 43.095 42.898 42.7 42.48 42.288 42.06 41.86 41.653 41.483 41.293 41.135 40.985 40.855 40.738 40.638 40.458 40.29 40.085 40.473 40.553 39.265 40.773 38.833 38.658 38.503 38.34 38.165 37.953 37.763 37.66 37.498 37.345 37.178 36.98 36.815
51.905 51.647 51.392 51.134 50.881 50.644 50.384 50.131 49.882 49.653 49.4 49.149 48.908 48.666 48.405 48.175 47.948 47.7 47.398 47.15 46.938 46.71 46.455 46.238 45.993 45.75 45.523 45.295 45.16 44.855 44.618 44.383 44.135 43.905 43.66 43.428 43.213 43.015 42.8 42.6 42.373 42.178 41.958 41.763 41.585 41.363 41.158 41.023 40.883 40.753 40.66 40.505 40.345 40.155 39.96 39.825 40.14 39.043 38.898 38.71 38.565 38.438 38.26 38.05 37.855 37.67 37.573 37.435 37.28 37.1 36.91 36.748
51.86 51.616 51.343 51.091 50.827 50.536 50.3 50.038 49.805 49.547 49.318 49.049 48.798 48.562 48.326 48.101 47.84 47.6 47.37 47.133 46.903 46.633 46.385 46.158 45.91 45.685 45.448 45.23 45.02 44.748 44.518 44.26 44.05 43.803 43.6 43.353 43.138 42.94 42.708 42.513 42.313 42.09 41.865 41.658 41.475 41.283 41.085 40.918 40.763 40.633 40.55 40.383 40.2 40.043 39.868 40.43 40.353 39.238 40.62 38.62 38.505 38.338 38.14 37.935 37.75 37.6 37.48 37.353 37.208 37.02 36.885 36.695
51.78 51.518 51.271 51.043 50.791 50.514 50.23 49.969 49.71 49.471 49.203 48.957 48.722 48.47 48.21 47.971 47.758 47.505 47.29 47.04 46.813 46.56 46.315 46.003 45.798 45.583 45.36 45.14 44.903 44.653 44.408 44.163 43.955 43.73 43.51 43.293 43.068 42.833 42.64 42.43 42.23 42.023 41.813 41.573 41.368 41.153 40.985 40.833 40.665 40.54 40.43 40.273 40.093 39.98 39.74 41.913 39.35 42.5 39.285 38.51 38.405 38.243 38.038 37.808 37.64 37.5 37.393 37.238 37.113 36.943 36.808 36.64
51.673 51.443 51.21 50.972 50.719 50.449 50.186 49.935 49.664 49.398 49.129 48.856 48.586 48.354 48.098 47.886 47.66 47.428 47.188 46.943 46.715 46.47 46.238 45.915 45.608 45.45 45.293 45.048 44.783 44.543 44.323 44.068 43.863 43.663 43.43 43.213 42.965 42.768 42.57 42.358 42.14 41.935 41.743 41.503 41.288 41.06 40.89 40.695 40.548 40.435 40.338 40.208 39.985 39.865 40.243 41.76 41.903 44.693 41.333 38.353 38.285 38.138 37.938 37.72 37.545 37.408 37.295 37.175 37.01 36.863 36.718 36.503
51.605 51.355 51.095 50.846 50.621 50.365 50.121 49.87 49.616 49.324 49.054 48.798 48.513 48.265 48.007 47.767 47.543 47.333 47.073 46.825 46.628 46.39 46.123 45.91 45.635 45.435 45.205 44.928 44.708 44.45 44.23 43.993 43.793 43.573 43.333 43.133 42.9 42.665 42.46 42.293 42.05 41.84 41.653 41.44 41.198 40.998 40.8 40.63 40.463 40.355 40.215 40.058 39.88 39.738 43.54 46.43 40.98 41.785 45.008 38.343 38.195 38.058 37.863 37.63 37.478 37.34 37.208 37.088 36.898 36.768 36.598 36.408
51.493 51.258 51.036 50.754 50.5 50.254 50.043 49.807 49.548 49.29 49.008 48.742 48.476 48.178 47.914 47.68 47.414 47.165 46.945 46.73 46.48 46.275 46.053 45.868 45.613 45.378 45.115 44.848 44.618 44.385 44.145 43.945 43.715 43.535 43.3 43.038 42.833 42.59 42.39 42.19 41.958 41.753 41.56 41.353 41.145 40.958 40.76 40.565 40.403 40.27 40.13 39.915 39.74 39.61 39.375 46.338 42.77 41.293 43.765 40.03 38.113 37.933 37.733 37.513 37.375 37.248 37.133 37.01 36.82 36.668 36.488 36.303
51.438 51.17 50.915 50.651 50.408 50.175 49.94 49.707 49.453 49.217 48.949 48.663 48.388 48.115 47.852 47.581 47.324 47.065 46.79 46.575 46.338 46.103 45.89 45.708 45.49 45.283 45.023 44.76 44.533 44.288 44.068 43.853 43.673 43.47 43.228 42.98 42.75 42.538 42.333 42.113 41.888 41.693 41.468 41.278 41.06 40.895 40.705 40.513 40.34 40.173 40.028 39.805 39.645 39.45 39.278 40.618 39.938 38.415 38.63 38.125 37.998 37.805 37.61 37.428 37.29 37.158 37.03 36.888 36.718 36.565 36.375 36.19
51.34 51.093 50.835 50.564 50.303 50.06 49.836 49.603 49.363 49.123 48.857 48.586 48.318 48.045 47.78 47.522 47.225 46.931 46.69 46.478 46.243 46 45.75 45.508 45.32 45.128 44.913 44.658 44.428 44.195 44.003 43.775 43.61 43.395 43.17 42.903 42.688 42.468 42.235 42.058 41.843 41.608 41.415 41.19 41.013 40.815 40.648 40.448 40.258 40.088 39.953 39.713 39.57 39.36 39.42 40.69 39.515 38.318 38.238 37.975 37.855 37.69 37.483 37.298 37.195 37.05 36.923 36.778 36.61 36.445 36.27 36.073
51.245 50.985 50.725 50.468 50.228 50.003 49.767 49.506 49.28 49.02 48.741 48.484 48.227 47.969 47.721 47.441 47.148 46.868 46.605 46.383 46.15 45.928 45.7 45.445 45.183 44.978 44.755 44.545 44.31 44.088 43.893 43.71 43.51 43.333 43.113 42.858 42.628 42.413 42.183 41.99 41.77 41.543 41.34 41.118 40.928 40.713 40.55 40.36 40.193 40.038 39.89 39.645 39.46 39.265 39.265 40.488 39.545 38.223 38.12 37.913 37.693 37.565 37.345 37.18 37.088 36.93 36.818 36.655 36.51 36.34 36.155 35.95
51.15 50.91 50.638 50.391 50.146 49.913 49.677 49.449 49.189 48.922 48.638 48.367 48.117 47.873 47.59 47.327 47.047 46.781 46.534 46.308 46.075 45.855 45.618 45.36 45.098 44.875 44.635 44.423 44.215 43.993 43.8 43.605 43.438 43.245 43.033 42.785 42.56 42.358 42.133 41.908 41.705 41.488 41.275 41.06 40.87 40.65 40.453 40.268 40.095 39.94 39.77 39.563 39.36 39.175 39.11 40.208 39.78 38.643 38.045 37.91 37.59 37.405 37.215 37.063 36.975 36.825 36.69 36.54 36.39 36.218 36.04 35.813
51.038 50.825 50.565 50.315 50.073 49.856 49.611 49.368 49.124 48.863 48.56 48.285 48.032 47.768 47.484 47.195 46.968 46.697 46.484 46.22 45.99 45.778 45.535 45.275 45.053 44.805 44.54 44.325 44.085 43.865 43.698 43.498 43.325 43.133 42.955 42.713 42.49 42.303 42.048 41.83 41.618 41.408 41.183 40.998 40.798 40.595 40.368 40.195 40.02 39.86 39.663 39.468 39.248 39.07 39.058 40.453 39.563 38.945 38.023 37.885 37.508 37.308 37.128 36.99 36.873 36.723 36.573 36.413 36.265 36.113 35.92 35.698
50.943 50.695 50.453 50.258 50.015 49.774 49.534 49.288 49.045 48.768 48.491 48.216 47.945 47.651 47.347 47.079 46.822 46.586 46.393 46.155 45.898 45.645 45.43 45.183 44.97 44.733 44.463 44.22 43.983 43.768 43.58 43.395 43.19 42.988 42.82 42.603 42.4 42.228 41.983 41.763 41.563 41.353 41.1 40.908 40.695 40.493 40.283 40.108 39.935 39.805 39.588 39.39 39.158 38.978 39.283 40.13 38.343 38.045 37.885 37.698 37.385 37.205 37.063 36.923 36.79 36.608 36.46 36.305 36.16 35.983 35.768 35.585
50.823 50.618 50.388 50.168 49.93 49.701 49.47 49.2 48.961 48.713 48.414 48.125 47.866 47.573 47.256 46.981 46.727 46.491 46.269 46.068 45.81 45.558 45.323 45.068 44.838 44.618 44.368 44.145 43.9 43.68 43.515 43.315 43.1 42.895 42.683 42.485 42.29 42.11 41.89 41.673 41.468 41.24 41.023 40.833 40.6 40.398 40.193 40.01 39.848 39.715 39.528 39.305 39.123 38.935 39.42 38.978 38.075 37.965 37.783 37.57 37.288 37.133 36.985 36.843 36.7 36.51 36.37 36.218 36.03 35.833 35.64 35.448
50.738 50.508 50.288 50.068 49.843 49.583 49.376 49.112 48.866 48.617 48.32 48.043 47.785 47.49 47.183 46.916 46.637 46.396 46.164 45.943 45.728 45.478 45.248 44.998 44.773 44.523 44.31 44.058 43.833 43.648 43.458 43.265 43.008 42.803 42.543 42.388 42.148 41.96 41.773 41.573 41.36 41.15 40.953 40.738 40.503 40.285 40.1 39.908 39.753 39.61 39.458 39.255 39.075 38.843 39.383 38.315 37.99 37.883 37.738 37.438 37.233 37.085 36.918 36.775 36.608 36.435 36.283 36.11 35.933 35.743 35.55 35.343
50.658 50.43 50.198 49.983 49.725 49.504 49.267 49.03 48.769 48.534 48.267 47.989 47.703 47.412 47.104 46.836 46.581 46.319 46.027 45.783 45.618 45.39 45.123 44.89 44.695 44.455 44.198 43.998 43.75 43.553 43.375 43.17 42.948 42.708 42.46 42.253 42.023 41.823 41.648 41.46 41.248 41.048 40.855 40.628 40.438 40.215 39.985 39.808 39.655 39.545 39.383 39.193 39.025 38.783 39.683 38.158 37.953 37.815 37.658 37.35 37.178 37.01 36.845 36.715 36.53 36.33 36.16 36.013 35.835 35.633 35.43 35.25
50.553 50.305 50.085 49.848 49.643 49.404 49.156 48.922 48.664 48.404 48.168 47.943 47.63 47.334 47.04 46.755 46.484 46.235 45.968 45.661 45.47 45.23 45.013 44.798 44.575 44.355 44.115 43.893 43.675 43.495 43.278 43.053 42.868 42.64 42.388 42.17 41.948 41.708 41.483 41.335 41.138 40.935 40.72 40.54 40.323 40.105 39.903 39.74 39.603 39.463 39.29 39.15 39 38.78 38.865 38.325 37.888 37.785 37.515 37.273 37.105 36.903 36.743 36.62 36.448 36.26 36.108 35.92 35.735 35.548 35.338 35.13
50.415 50.2 49.99 49.755 49.51 49.29 49.074 48.822 48.568 48.324 48.085 47.831 47.561 47.278 46.952 46.663 46.393 46.135 45.914 45.659 45.41 45.13 44.918 44.715 44.485 44.26 44.033 43.815 43.608 43.435 43.225 42.973 42.77 42.523 42.308 42.103 41.845 41.635 41.38 41.195 41.03 40.808 40.613 40.418 40.188 39.973 39.778 39.653 39.543 39.368 39.205 39.065 38.95 38.993 38.925 38 37.838 37.658 37.405 37.208 36.998 36.8 36.665 36.533 36.375 36.18 36.033 35.828 35.668 35.455 35.253 35.05
50.335 50.08 49.883 49.655 49.403 49.159 48.929 48.722 48.487 48.233 47.997 47.751 47.483 47.178 46.87 46.553 46.299 46.045 45.84 45.599 45.329 45.108 44.828 44.608 44.39 44.17 43.948 43.713 43.515 43.325 43.135 42.885 42.668 42.438 42.208 41.995 41.743 41.528 41.31 41.098 40.91 40.703 40.505 40.325 40.063 39.873 39.665 39.538 39.44 39.305 39.153 39.033 38.848 38.79 38.765 38.563 37.928 37.51 37.315 37.115 36.873 36.678 36.593 36.435 36.283 36.105 35.945 35.74 35.563 35.36 35.175 34.96
50.198 49.955 49.735 49.508 49.258 49.013 48.798 48.604 48.379 48.161 47.914 47.625 47.339 47.06 46.749 46.462 46.183 45.906 45.681 45.468 45.257 45.025 44.788 44.575 44.34 44.11 43.875 43.638 43.47 43.24 43.028 42.8 42.56 42.345 42.155 41.948 41.685 41.44 41.225 41 40.833 40.62 40.42 40.235 40.005 39.76 39.59 39.428 39.35 39.218 39.075 38.973 38.778 41.2 41.288 38.673 38.325 37.418 37.213 36.985 36.77 36.595 36.5 36.333 36.178 35.998 35.83 35.653 35.48 35.25 35.073 34.873
50.07 49.845 49.603 49.39 49.123 48.92 48.675 48.476 48.274 48.048 47.818 47.541 47.237 46.916 46.642 46.359 46.088 45.814 45.585 45.387 45.149 44.945 44.698 44.48 44.283 44.058 43.818 43.575 43.378 43.153 42.923 42.665 42.463 42.253 42.07 41.863 41.618 41.37 41.13 40.915 40.74 40.52 40.383 40.155 39.913 39.708 39.523 39.335 39.26 39.1 38.988 38.855 38.663 40.44 38.558 40.438 38.493 37.57 37.1 36.885 36.648 36.513 36.37 36.208 36.065 35.878 35.69 35.53 35.365 35.16 34.985 34.768
49.903 49.693 49.473 49.278 49.033 48.8 48.552 48.363 48.178 47.933 47.676 47.402 47.122 46.808 46.461 46.229 45.987 45.723 45.472 45.266 45.06 44.843 44.635 44.413 44.175 43.978 43.743 43.51 43.29 43.065 42.82 42.578 42.333 42.128 41.958 41.77 41.54 41.283 41.065 40.858 40.653 40.458 40.293 40.085 39.833 39.615 39.445 39.27 39.175 38.985 38.868 38.765 38.533 39.51 38.81 38.24 37.345 37.183 36.94 36.743 36.53 36.415 36.233 36.085 35.928 35.74 35.55 35.42 35.243 35.055 34.883 34.708
49.798 49.583 49.32 49.113 48.89 48.67 48.436 48.241 48.035 47.773 47.527 47.263 46.984 46.679 46.39 46.126 45.877 45.625 45.405 45.161 44.962 44.747 44.553 44.323 44.093 43.888 43.67 43.435 43.193 42.968 42.713 42.468 42.265 42.053 41.88 41.673 41.458 41.22 41.018 40.8 40.578 40.403 40.253 39.993 39.73 39.535 39.358 39.205 39.133 38.978 38.818 38.708 38.498 39.168 38.323 37.46 37.245 37.033 36.838 36.615 36.415 36.288 36.125 35.968 35.79 35.628 35.443 35.295 35.105 34.935 34.78 34.583
49.675 49.455 49.215 49.025 48.793 48.553 48.358 48.121 47.89 47.623 47.34 47.101 46.819 46.554 46.274 46.001 45.767 45.511 45.267 45.074 44.869 44.645 44.463 44.218 43.998 43.8 43.578 43.343 43.115 42.853 42.618 42.378 42.173 41.973 41.76 41.55 41.328 41.128 40.905 40.695 40.498 40.335 40.14 39.908 39.673 39.483 39.288 39.18 39.068 38.895 38.758 38.633 38.383 39.683 38.26 37.303 37.16 36.933 36.723 36.5 36.325 36.163 35.983 35.843 35.665 35.493 35.325 35.18 34.96 34.83 34.668 34.495
49.543 49.313 49.085 48.878 48.668 48.44 48.23 48.005 47.771 47.525 47.267 46.983 46.648 46.386 46.11 45.865 45.642 45.382 45.169 44.959 44.757 44.551 44.34 44.128 43.91 43.703 43.47 43.25 43.04 42.793 42.523 42.288 42.088 41.89 41.69 41.485 41.233 41.02 40.825 40.615 40.428 40.26 40.058 39.833 39.595 39.405 39.205 39.108 38.975 38.813 38.68 38.523 38.525 39.71 37.79 37.173 37.043 36.85 36.633 36.39 36.245 36.055 35.888 35.748 35.568 35.388 35.225 35.065 34.868 34.705 34.52 34.378
49.398 49.18 48.958 48.75 48.535 48.3 48.083 47.851 47.63 47.394 47.117 46.838 46.541 46.265 45.99 45.743 45.524 45.287 45.053 44.834 44.663 44.436 44.238 44.018 43.808 43.578 43.363 43.15 42.92 42.69 42.433 42.23 42.02 41.818 41.588 41.385 41.175 40.928 40.733 40.55 40.358 40.16 39.938 39.735 39.505 39.288 39.138 39.028 38.885 38.73 38.6 38.428 38.53 39.073 37.368 37.09 36.933 36.75 36.523 36.283 36.163 35.973 35.823 35.64 35.458 35.285 35.11 34.953 34.755 34.6 34.445 34.288
49.293 49.05 48.84 48.608 48.38 48.188 47.978 47.673 47.427 47.217 46.95 46.698 46.434 46.174 45.906 45.634 45.417 45.191 44.973 44.753 44.564 44.339 44.14 43.923 43.695 43.435 43.238 43.033 42.793 42.583 42.34 42.118 41.933 41.708 41.498 41.31 41.098 40.878 40.655 40.503 40.313 40.063 39.83 39.615 39.408 39.203 39.035 38.925 38.805 38.655 38.56 38.355 38.405 38.825 37.24 37 36.843 36.645 36.423 36.195 36.08 35.89 35.723 35.533 35.348 35.175 35.035 34.83 34.67 34.515 34.35 34.175
