All_lidar/sz5886_DSM_2M.asc
ncols 500
nrows 500
xllcorner    458000
yllcorner    86000
cellsize     2
NODATA_value -9999
[rows 320 to 351 of 500, columns 360 to 431 of 500]
52.605 52.63 52.662 52.667 52.655 52.632 52.612 52.557 52.555 52.582 52.605 52.6 52.585 52.567 52.515 52.507 52.497 52.505 52.892 53.16 51.985 51.952 51.875 51.797 51.72 51.642 51.555 51.46 51.352 51.255 51.152 51.052 50.947 50.822 50.727 50.6 50.475 50.35 50.252 50.142 50.012 49.932 49.805 49.705 49.622 49.512 49.407 49.297 49.187 49.082 48.965 48.845 48.725 48.612 48.5 48.397 48.27 48.165 48.032 47.917 47.797 47.692 47.572 47.46 47.342 47.2 47.102 46.97 46.85 46.717 46.585 46.447
52.525 52.572 52.567 52.552 52.567 52.555 52.497 52.475 52.472 52.52 52.525 52.527 52.517 52.482 52.437 52.415 52.445 52.487 53.142 52.357 51.88 51.887 51.765 51.697 51.612 51.532 51.427 51.35 51.242 51.152 51.027 50.925 50.84 50.702 50.597 50.492 50.37 50.237 50.107 50.04 49.927 49.827 49.717 49.585 49.502 49.397 49.305 49.202 49.087 48.975 48.872 48.757 48.635 48.51 48.412 48.292 48.175 48.047 47.942 47.82 47.687 47.575 47.482 47.382 47.245 47.122 47 46.847 46.737 46.61 46.48 46.332
52.442 52.462 52.482 52.475 52.47 52.462 52.417 52.387 52.422 52.46 52.457 52.447 52.442 52.397 52.367 52.347 52.357 52.445 52.532 51.812 51.837 51.775 51.662 51.585 51.497 51.405 51.31 51.225 51.122 51.03 50.94 50.83 50.725 50.615 50.497 50.377 50.262 50.135 50.017 49.907 49.815 49.722 49.605 49.485 49.382 49.29 49.18 49.062 48.982 48.862 48.772 48.637 48.51 48.402 48.305 48.18 48.09 47.962 47.877 47.74 47.597 47.497 47.36 47.267 47.137 47.022 46.902 46.747 46.62 46.507 46.377 46.24
52.317 52.355 52.37 52.382 52.385 52.347 52.33 52.315 52.347 52.377 52.372 52.377 52.337 52.312 52.285 52.3 52.335 52.82 52.112 51.767 51.752 51.655 51.56 51.475 51.39 51.317 51.232 51.13 51.035 50.947 50.852 50.73 50.627 50.492 50.395 50.272 50.162 50.04 49.92 49.815 49.725 49.62 49.477 49.38 49.3 49.195 49.077 48.972 48.872 48.755 48.657 48.522 48.42 48.31 48.22 48.095 47.977 47.865 47.757 47.625 47.512 47.42 47.295 47.182 47.027 46.912 46.787 46.662 46.55 46.44 46.3 46.162
52.247 52.25 52.29 52.297 52.285 52.26 52.242 52.217 52.26 52.295 52.29 52.262 52.252 52.237 52.245 52.247 52.537 52.887 51.755 51.732 51.652 51.557 51.455 51.38 51.287 51.207 51.132 51.05 50.947 50.857 50.727 50.645 50.555 50.437 50.305 50.195 50.092 49.96 49.84 49.722 49.63 49.515 49.412 49.31 49.205 49.087 48.967 48.892 48.77 48.655 48.557 48.452 48.325 48.21 48.112 48.01 47.877 47.78 47.66 47.522 47.435 47.297 47.197 47.077 46.96 46.825 46.705 46.595 46.47 46.347 46.232 46.072
52.175 52.205 52.2 52.222 52.23 52.187 52.16 52.165 52.182 52.23 52.222 52.185 52.19 52.195 52.202 52.312 53 51.95 51.677 51.645 51.537 51.452 51.362 51.297 51.197 51.1 51.027 50.96 50.872 50.792 50.677 50.567 50.452 50.36 50.232 50.125 49.992 49.88 49.755 49.65 49.562 49.447 49.31 49.215 49.117 49.005 48.905 48.82 48.69 48.577 48.467 48.352 48.25 48.127 48.02 47.91 47.79 47.7 47.582 47.455 47.362 47.227 47.11 46.982 46.867 46.73 46.612 46.505 46.382 46.25 46.145 45.98
52.097 52.12 52.14 52.17 52.125 52.107 52.087 52.095 52.122 52.155 52.162 52.14 52.125 52.147 52.172 52.745 52.852 51.792 51.647 51.552 51.437 51.37 51.285 51.19 51.11 51.042 50.992 50.897 50.807 50.74 50.635 50.505 50.402 50.262 50.137 50.042 49.932 49.812 49.695 49.567 49.472 49.355 49.242 49.155 49.045 48.927 48.83 48.717 48.602 48.49 48.387 48.257 48.155 48.05 47.937 47.835 47.717 47.615 47.505 47.382 47.287 47.165 47.042 46.927 46.807 46.65 46.542 46.425 46.3 46.172 46.062 45.897
52.06 52.065 52.077 52.092 52.067 52.04 52.025 52.027 52.077 52.12 52.102 52.087 52.092 52.107 52.16 52.955 52.225 51.622 51.585 51.48 51.392 51.285 51.215 51.14 51.042 50.995 50.922 50.842 50.757 50.66 50.545 50.427 50.327 50.202 50.1 49.975 49.85 49.722 49.645 49.532 49.417 49.287 49.197 49.092 48.975 48.87 48.762 48.652 48.547 48.442 48.307 48.202 48.1 47.995 47.865 47.757 47.657 47.557 47.432 47.317 47.215 47.085 46.972 46.825 46.697 46.57 46.477 46.355 46.235 46.11 45.982 45.837
52.002 52.015 52.03 52.037 51.997 51.98 51.99 52.002 52.047 52.055 52.062 52.077 52.065 52.085 52.37 52.925 51.62 51.585 51.52 51.415 51.292 51.235 51.17 51.072 50.995 50.93 50.86 50.775 50.7 50.597 50.505 50.385 50.285 50.147 50.027 49.907 49.807 49.687 49.577 49.462 49.337 49.25 49.142 49.03 48.925 48.802 48.715 48.597 48.495 48.372 48.27 48.13 48.027 47.92 47.805 47.702 47.587 47.49 47.36 47.245 47.14 47 46.887 46.767 46.63 46.515 46.417 46.285 46.167 46.047 45.912 45.75
51.965 51.987 51.985 51.985 51.962 51.935 51.94 51.985 51.987 52.007 52.005 52.03 52.032 52.09 52.852 52.122 51.587 51.55 51.457 51.34 51.247 51.202 51.1 50.997 50.92 50.857 50.807 50.725 50.64 50.547 50.43 50.35 50.225 50.097 49.975 49.87 49.777 49.647 49.527 49.415 49.322 49.212 49.102 48.997 48.885 48.772 48.68 48.552 48.462 48.337 48.21 48.08 47.985 47.872 47.757 47.655 47.535 47.402 47.28 47.177 47.077 46.94 46.85 46.722 46.587 46.482 46.34 46.202 46.097 45.957 45.835 45.67
51.917 51.93 51.952 51.927 51.885 51.9 51.92 51.935 51.96 51.985 52.005 52.012 52.007 52.607 52.855 51.602 51.535 51.482 51.36 51.262 51.2 51.13 51.032 50.965 50.9 50.837 50.767 50.675 50.595 50.487 50.412 50.287 50.2 50.055 49.952 49.84 49.735 49.602 49.492 49.37 49.27 49.16 49.067 48.952 48.84 48.727 48.632 48.51 48.407 48.29 48.187 48.062 47.962 47.835 47.712 47.622 47.497 47.37 47.247 47.135 47.03 46.89 46.787 46.662 46.517 46.397 46.26 46.13 46.027 45.892 45.76 45.59
51.897 51.905 51.905 51.867 51.857 51.872 51.875 51.902 51.94 51.965 51.97 51.985 52.072 53.077 52.245 51.505 51.507 51.42 51.317 51.21 51.147 51.055 50.995 50.922 50.845 50.797 50.72 50.632 50.532 50.447 50.345 50.235 50.122 50.005 49.897 49.785 49.67 49.55 49.455 49.34 49.242 49.132 49.027 48.905 48.797 48.697 48.582 48.482 48.367 48.255 48.135 48.015 47.887 47.797 47.675 47.562 47.437 47.305 47.185 47.09 46.962 46.845 46.722 46.575 46.462 46.352 46.205 46.087 45.98 45.82 45.672 45.517
51.855 51.87 51.852 51.822 51.84 51.835 51.87 51.875 51.917 51.935 51.962 51.97 52.287 52.845 51.685 51.487 51.455 51.345 51.26 51.165 51.105 51.002 50.952 50.882 50.79 50.737 50.68 50.565 50.48 50.382 50.302 50.192 50.082 49.972 49.86 49.737 49.615 49.515 49.405 49.312 49.175 49.092 48.987 48.87 48.747 48.657 48.542 48.442 48.327 48.21 48.09 47.967 47.825 47.745 47.622 47.532 47.38 47.265 47.14 47.025 46.92 46.79 46.667 46.532 46.387 46.27 46.145 46.03 45.885 45.75 45.605 45.445
51.842 51.86 51.817 51.795 51.81 51.825 51.835 51.872 51.9 51.92 51.947 51.967 52.762 52.205 51.472 51.475 51.385 51.287 51.205 51.122 51.045 50.97 50.9 50.842 50.755 50.7 50.637 50.545 50.452 50.342 50.25 50.122 50.04 49.932 49.825 49.697 49.597 49.487 49.372 49.265 49.16 49.045 48.94 48.83 48.727 48.617 48.497 48.377 48.277 48.142 48.032 47.92 47.775 47.687 47.56 47.442 47.337 47.215 47.085 46.995 46.872 46.727 46.595 46.47 46.35 46.205 46.077 45.937 45.807 45.665 45.522 45.35
51.83 51.837 51.797 51.77 51.785 51.817 51.835 51.867 51.912 51.94 51.927 52.247 52.837 51.605 51.477 51.432 51.322 51.22 51.142 51.067 51.005 50.92 50.86 50.79 50.722 50.657 50.582 50.477 50.407 50.335 50.222 50.125 49.995 49.895 49.77 49.66 49.555 49.445 49.35 49.237 49.125 49.017 48.915 48.807 48.692 48.577 48.457 48.342 48.232 48.12 48.007 47.857 47.745 47.655 47.52 47.407 47.292 47.165 47.047 46.935 46.815 46.667 46.572 46.455 46.295 46.152 46.007 45.86 45.722 45.6 45.44 45.29
51.815 51.802 51.777 51.767 51.792 51.797 51.812 51.852 51.9 51.905 51.89 52.607 52.307 51.522 51.48 51.385 51.26 51.177 51.095 51.02 50.937 50.887 50.817 50.755 50.697 50.622 50.555 50.462 50.385 50.3 50.197 50.09 49.98 49.87 49.76 49.65 49.505 49.422 49.307 49.207 49.107 48.99 48.875 48.765 48.65 48.545 48.422 48.305 48.187 48.072 47.937 47.832 47.717 47.595 47.477 47.387 47.25 47.102 46.985 46.885 46.75 46.63 46.497 46.367 46.22 46.08 45.927 45.772 45.637 45.532 45.38 45.225
51.792 51.787 51.75 51.755 51.807 51.792 51.817 51.855 51.875 51.875 51.915 52.917 51.855 51.49 51.447 51.362 51.215 51.135 51.075 50.98 50.897 50.86 50.79 50.75 50.662 50.572 50.527 50.432 50.35 50.267 50.162 50.052 49.94 49.842 49.752 49.625 49.477 49.392 49.282 49.197 49.077 48.982 48.867 48.75 48.635 48.52 48.397 48.285 48.155 48.027 47.915 47.79 47.667 47.547 47.417 47.315 47.19 47.047 46.95 46.81 46.682 46.585 46.425 46.302 46.157 46.022 45.875 45.697 45.592 45.462 45.31 45.135
51.76 51.74 51.725 51.75 51.775 51.78 51.815 51.865 51.852 51.842 52.317 52.82 51.562 51.467 51.415 51.307 51.2 51.125 51.037 50.947 50.87 50.845 50.785 50.712 50.657 50.582 50.507 50.402 50.317 50.252 50.162 50.05 49.925 49.81 49.697 49.607 49.485 49.367 49.26 49.16 49.07 48.937 48.817 48.712 48.61 48.497 48.352 48.25 48.125 47.99 47.887 47.75 47.63 47.482 47.387 47.27 47.132 47.01 46.877 46.75 46.63 46.49 46.367 46.22 46.105 45.935 45.792 45.655 45.497 45.38 45.235 45.055
51.747 51.725 51.742 51.76 51.767 51.772 51.807 51.86 51.847 51.812 52.525 52.292 51.495 51.47 51.385 51.285 51.167 51.095 51.025 50.942 50.892 50.852 50.765 50.715 50.63 50.567 50.5 50.415 50.332 50.235 50.147 50.05 49.932 49.822 49.717 49.6 49.485 49.362 49.247 49.157 49.037 48.91 48.82 48.685 48.58 48.455 48.325 48.217 48.085 47.967 47.852 47.712 47.592 47.465 47.332 47.21 47.095 46.95 46.82 46.692 46.57 46.432 46.295 46.162 46.015 45.865 45.737 45.592 45.432 45.3 45.157 44.995
51.75 51.72 51.742 51.76 51.775 51.772 51.835 51.87 51.84 51.81 52.37 51.742 51.505 51.447 51.332 51.252 51.167 51.107 51.017 50.955 50.915 50.872 50.775 50.717 50.645 50.575 50.495 50.417 50.325 50.222 50.137 50.032 49.942 49.815 49.712 49.59 49.472 49.367 49.252 49.152 49.025 48.942 48.8 48.682 48.565 48.432 48.312 48.195 48.075 47.937 47.822 47.655 47.532 47.415 47.295 47.172 47.037 46.885 46.767 46.65 46.497 46.38 46.247 46.092 45.955 45.802 45.67 45.515 45.352 45.225 45.092 44.92
51.752 51.717 51.755 51.76 51.792 51.807 51.84 51.86 51.805 51.88 52.567 51.572 51.5 51.422 51.33 51.26 51.205 51.115 51.05 50.982 50.922 50.87 50.787 50.74 50.665 50.595 50.507 50.422 50.32 50.247 50.142 50.045 49.945 49.825 49.702 49.607 49.472 49.357 49.237 49.127 49.035 48.92 48.792 48.66 48.537 48.43 48.315 48.192 48.052 47.92 47.79 47.66 47.51 47.365 47.265 47.115 46.977 46.845 46.705 46.57 46.43 46.322 46.155 46.03 45.882 45.75 45.602 45.43 45.29 45.13 45.005 44.83
51.72 51.737 51.762 51.78 51.78 51.817 51.852 51.845 51.815 52.292 52.292 51.577 51.527 51.442 51.337 51.27 51.2 51.117 51.04 51.005 50.945 50.875 50.815 50.74 50.672 50.605 50.51 50.437 50.347 50.255 50.167 50.057 49.947 49.832 49.712 49.622 49.485 49.37 49.252 49.127 49.012 48.905 48.802 48.67 48.54 48.405 48.3 48.172 48.022 47.887 47.735 47.61 47.462 47.342 47.22 47.08 46.945 46.82 46.657 46.547 46.395 46.255 46.107 45.972 45.812 45.677 45.527 45.377 45.222 45.062 44.92 44.747
51.725 51.752 51.77 51.79 51.792 51.815 51.86 51.857 51.845 52.562 51.83 51.557 51.525 51.43 51.335 51.265 51.202 51.12 51.067 51.01 50.94 50.897 50.822 50.757 50.67 50.602 50.562 50.452 50.37 50.287 50.175 50.067 49.947 49.86 49.735 49.6 49.49 49.385 49.265 49.15 49.03 48.93 48.802 48.68 48.53 48.392 48.297 48.14 48.005 47.875 47.725 47.595 47.442 47.307 47.16 47.017 46.895 46.745 46.62 46.482 46.345 46.207 46.05 45.92 45.767 45.6 45.465 45.312 45.152 44.987 44.852 44.665
51.725 51.742 51.777 51.777 51.82 51.852 51.87 51.825 52.01 52.685 51.65 51.6 51.527 51.427 51.35 51.282 51.22 51.125 51.072 51.025 50.967 50.902 50.84 50.79 50.71 50.625 50.562 50.48 50.397 50.312 50.2 50.1 49.967 49.872 49.767 49.627 49.522 49.407 49.275 49.162 49.045 48.917 48.8 48.687 48.54 48.402 48.28 48.142 48.007 47.847 47.745 47.582 47.407 47.287 47.142 47.002 46.85 46.702 46.577 46.432 46.295 46.132 46.002 45.847 45.695 45.54 45.38 45.247 45.077 44.92 44.78 44.597
51.737 51.77 51.792 51.797 51.825 51.85 51.862 51.802 52.177 52.727 51.612 51.592 51.54 51.425 51.365 51.282 51.207 51.145 51.1 51.06 50.99 50.935 50.852 50.79 50.735 50.647 50.59 50.49 50.417 50.33 50.245 50.132 49.987 49.92 49.797 49.66 49.547 49.42 49.275 49.18 49.045 48.922 48.797 48.687 48.557 48.395 48.265 48.142 47.99 47.857 47.702 47.55 47.407 47.265 47.122 46.97 46.837 46.685 46.537 46.387 46.242 46.082 45.912 45.802 45.655 45.467 45.297 45.155 44.992 44.822 44.66 44.507
51.735 51.787 51.792 51.797 51.847 51.872 51.855 51.77 52.172 52.24 51.64 51.607 51.522 51.43 51.365 51.31 51.27 51.175 51.127 51.085 51.035 50.965 50.9 50.835 50.765 50.705 50.602 50.517 50.467 50.362 50.252 50.152 50.03 49.927 49.812 49.697 49.557 49.44 49.312 49.195 49.082 48.94 48.81 48.685 48.562 48.407 48.285 48.125 47.977 47.837 47.685 47.535 47.405 47.225 47.087 46.93 46.795 46.642 46.465 46.332 46.202 46.03 45.87 45.725 45.582 45.425 45.235 45.07 44.915 44.75 44.602 44.445
51.765 51.78 51.802 51.84 51.85 51.872 51.845 51.835 52.437 52.015 51.662 51.62 51.52 51.437 51.397 51.327 51.295 51.23 51.172 51.122 51.077 51.002 50.93 50.88 50.805 50.732 50.655 50.562 50.505 50.407 50.28 50.175 50.07 49.947 49.837 49.742 49.597 49.475 49.317 49.215 49.077 48.957 48.825 48.685 48.545 48.407 48.267 48.125 47.942 47.81 47.68 47.525 47.355 47.22 47.06 46.9 46.745 46.6 46.44 46.277 46.122 45.965 45.81 45.655 45.502 45.355 45.16 45.005 44.84 44.67 44.515 44.357
51.785 51.815 51.802 51.862 51.907 51.917 51.872 51.925 52.457 51.757 51.7 51.632 51.542 51.482 51.422 51.35 51.317 51.287 51.23 51.175 51.13 51.065 51.002 50.935 50.852 50.767 50.715 50.635 50.527 50.435 50.317 50.222 50.117 49.977 49.86 49.747 49.637 49.515 49.357 49.232 49.095 48.952 48.825 48.69 48.535 48.395 48.257 48.097 47.942 47.775 47.63 47.475 47.325 47.167 47.01 46.85 46.717 46.555 46.382 46.217 46.037 45.897 45.73 45.582 45.427 45.26 45.09 44.92 44.765 44.597 44.447 44.275
51.797 51.835 51.825 51.852 51.922 51.922 51.877 52.042 52.617 51.782 51.765 51.675 51.585 51.537 51.48 51.417 51.352 51.332 51.282 51.217 51.175 51.117 51.06 51.002 50.917 50.83 50.765 50.667 50.597 50.502 50.37 50.267 50.145 50.03 49.917 49.777 49.637 49.527 49.385 49.237 49.112 48.977 48.835 48.682 48.537 48.392 48.242 48.072 47.915 47.75 47.615 47.46 47.297 47.117 46.96 46.795 46.637 46.492 46.317 46.157 45.99 45.807 45.645 45.495 45.325 45.182 45.027 44.83 44.68 44.525 44.36 44.217
51.837 51.85 51.86 51.902 51.942 51.942 51.887 52.345 52.28 51.83 51.812 51.717 51.64 51.59 51.527 51.462 51.412 51.382 51.352 51.292 51.232 51.167 51.132 51.057 50.97 50.895 50.817 50.72 50.635 50.54 50.42 50.295 50.185 50.065 49.96 49.802 49.672 49.53 49.387 49.232 49.127 48.972 48.825 48.692 48.507 48.365 48.215 48.047 47.882 47.727 47.56 47.395 47.232 47.062 46.907 46.735 46.595 46.442 46.252 46.095 45.91 45.747 45.587 45.422 45.255 45.09 44.94 44.77 44.605 44.447 44.287 44.155
51.85 51.85 51.885 51.94 51.967 51.952 51.892 52.817 52.14 51.897 51.845 51.77 51.692 51.647 51.58 51.537 51.497 51.45 51.387 51.335 51.285 51.23 51.185 51.105 51.02 50.952 50.87 50.77 50.675 50.575 50.477 50.365 50.227 50.097 49.975 49.85 49.7 49.552 49.392 49.25 49.092 48.955 48.8 48.655 48.507 48.347 48.2 48.007 47.852 47.675 47.515 47.362 47.19 47.035 46.87 46.695 46.52 46.365 46.192 46.02 45.837 45.675 45.527 45.34 45.187 45.025 44.867 44.707 44.535 44.375 44.202 44.067
51.88 51.902 51.922 51.952 52.007 51.98 52.067 52.942 52.005 51.947 51.895 51.815 51.745 51.695 51.642 51.58 51.527 51.487 51.462 51.402 51.335 51.28 51.227 51.157 51.092 51.005 50.892 50.812 50.712 50.63 50.522 50.39 50.277 50.137 49.997 49.872 49.7 49.562 49.415 49.245 49.072 48.94 48.797 48.642 48.47 48.322 48.155 47.962 47.797 47.652 47.497 47.337 47.157 46.99 46.81 46.627 46.46 46.305 46.117 45.952 45.775 45.617 45.465 45.277 45.102 44.947 44.79 44.617 44.457 44.292 44.142 44.002
