All_lidar/sz5886_DSM_2M.asc
ncols 500
nrows 500
xllcorner    458000
yllcorner    86000
cellsize     2
NODATA_value -9999
[rows 128 to 159 of 500, columns 72 to 143 of 500]
64.032 64.074 64.112 64.102 64.109 64.139 64.159 64.179 64.189 64.239 64.282 64.309 64.337 64.399 64.437 64.477 64.499 64.527 64.567 64.562 64.592 64.619 64.667 64.669 64.689 64.712 64.722 64.747 64.819 64.829 64.904 64.949 65.007 64.982 65.812 65.284 65.152 65.222 65.247 65.269 65.312 65.354 65.327 65.547 65.304 65.532 67.899 65.762 65.787 65.839 66.289 65.437 65.599 65.962 66.959 70.669 66.754 66.902 67.114 67.377 67.604 67.767 68.157 68.259 68.469 68.827 69.094 69.304 69.352 69.432 69.614 70.084
64.004 64.007 64.027 64.049 64.029 64.069 64.074 64.097 64.114 64.137 64.152 64.222 64.237 64.289 64.297 64.347 64.399 64.392 64.429 64.452 64.467 64.484 64.522 64.539 64.532 64.564 64.569 64.612 64.672 64.732 64.772 64.849 64.839 65.379 64.992 64.997 64.954 64.999 64.984 65.037 65.434 65.149 65.177 65.119 65.094 65.084 66.367 65.184 65.439 65.172 65.477 65.277 65.419 67.382 66.207 66.274 66.497 66.739 67.027 67.277 67.464 67.632 68.407 68.414 68.359 68.597 68.812 68.929 69.484 69.449 69.717 69.744
63.977 63.992 63.997 63.979 63.974 63.984 63.992 63.997 64.032 64.054 64.059 64.097 64.122 64.169 64.199 64.237 64.269 64.269 64.289 64.329 64.344 64.337 64.347 64.377 64.412 64.399 64.417 64.462 64.507 64.552 64.627 64.657 64.777 64.862 64.904 64.739 64.739 64.812 64.864 64.884 65.832 65.024 64.942 64.939 64.879 65.359 65.097 64.922 65.369 64.892 65.032 65.864 65.842 65.774 65.709 67.187 66.762 67.189 66.922 66.964 67.264 67.444 67.794 67.924 68.167 68.304 68.557 68.912 69.077 69.247 69.512 69.672
63.939 63.932 63.929 63.919 63.927 63.929 63.914 63.914 63.922 63.959 63.967 63.987 64.019 64.039 64.097 64.089 64.112 64.144 64.174 64.184 64.189 64.212 64.204 64.234 64.232 64.229 64.254 64.319 64.359 64.407 64.482 64.469 64.364 64.679 64.574 64.997 64.522 64.727 64.617 64.642 64.654 64.717 64.749 64.722 64.817 64.657 65.204 64.617 64.697 64.787 65.009 65.544 65.422 65.242 65.469 65.504 65.714 66.077 66.354 66.692 67.019 67.329 67.514 67.849 67.984 68.184 68.417 68.574 68.924 69.082 69.194 69.339
63.907 63.874 63.864 63.859 63.862 63.844 63.847 63.834 63.847 63.852 63.879 63.889 63.927 63.929 63.947 63.974 63.982 63.994 64.014 64.034 64.054 64.049 64.084 64.084 64.062 64.064 64.099 64.147 64.202 64.257 64.332 64.374 64.307 64.979 64.327 64.369 64.382 64.327 64.402 64.404 64.439 64.467 64.462 64.444 64.444 64.364 64.337 64.509 64.642 64.707 64.787 66.249 65.334 65.214 65.669 65.337 65.747 65.742 66.099 66.339 66.674 66.989 67.307 67.757 67.954 67.949 68.217 68.494 69.159 68.817 69.004 69.119
63.834 63.814 63.804 63.784 63.764 63.744 63.757 63.762 63.754 63.757 63.769 63.799 63.812 63.822 63.814 63.839 63.847 63.857 63.864 63.879 63.897 63.909 63.912 63.907 63.889 63.889 63.939 63.974 64.044 64.109 64.157 65.072 66.442 64.384 64.129 64.144 64.287 64.267 64.252 64.237 64.237 64.214 64.184 64.197 64.192 64.167 64.294 64.392 64.417 64.499 64.512 64.672 65.764 65.694 65.262 65.194 65.697 65.594 66.047 66.004 66.299 66.774 67.152 67.384 67.814 67.742 67.977 68.182 68.342 68.527 68.692 68.869
63.802 63.754 63.732 63.734 63.687 63.664 63.659 63.652 63.659 63.672 63.687 63.679 63.682 63.724 63.722 63.709 63.707 63.689 63.727 63.734 63.737 63.724 63.739 63.754 63.692 63.732 63.762 63.794 63.867 63.964 64.002 65.944 65.094 64.049 63.894 63.987 64.017 63.992 64.024 63.984 63.972 64.037 64.097 63.959 64.094 64.214 64.102 64.187 64.427 64.294 64.412 64.519 64.744 64.667 65.077 66.112 65.367 65.424 65.599 65.877 66.667 66.599 66.822 67.109 67.602 67.549 67.762 67.889 68.149 68.307 68.497 68.714
63.712 63.699 63.654 63.644 63.614 63.569 63.574 63.552 63.564 63.567 63.549 63.574 63.582 63.574 63.562 63.587 63.572 63.537 63.542 63.549 63.549 63.549 63.552 63.539 63.532 63.564 63.584 63.624 63.687 63.772 63.852 65.044 64.934 63.794 63.707 64.724 63.884 63.812 63.754 63.737 63.714 63.904 64.707 63.722 63.892 63.804 63.899 63.992 64.142 64.117 64.237 64.417 64.499 64.389 64.554 66.522 66.694 65.479 65.739 65.887 66.164 66.309 66.499 66.659 67.067 67.604 67.559 67.697 67.862 68.269 68.452 68.614
63.619 63.589 63.564 63.532 63.512 63.477 63.472 63.454 63.462 63.462 63.477 63.489 63.469 63.462 63.437 63.404 63.412 63.404 63.394 63.359 63.377 63.339 63.332 63.332 63.344 63.367 63.399 63.469 63.532 63.534 65.584 65.407 66.094 65.974 63.552 63.629 63.592 63.557 63.519 63.492 63.482 64.224 63.574 63.589 63.647 63.654 63.752 63.839 63.869 64.129 64.527 65.404 64.222 64.289 64.424 64.744 66.334 66.147 65.564 65.744 65.984 66.139 66.387 67.184 67.364 67.442 67.249 67.457 67.767 68.134 68.274 68.484
63.537 63.477 63.452 63.429 63.414 63.382 63.372 63.339 63.362 63.339 63.349 63.367 63.337 63.322 63.332 63.304 63.242 63.212 63.189 63.199 63.184 63.167 63.149 63.119 63.152 63.189 63.234 63.287 63.399 63.599 65.907 63.582 65.499 64.097 63.297 63.289 63.319 63.517 63.287 63.249 63.259 63.309 63.352 63.424 63.494 63.477 63.617 63.694 63.734 64.972 64.867 64.122 64.037 64.214 64.302 64.434 64.682 65.434 65.557 65.497 65.892 66.029 66.262 66.474 66.549 66.784 66.972 67.274 67.519 67.874 68.169 68.389
63.419 63.354 63.344 63.304 63.294 63.284 63.262 63.234 63.214 63.219 63.224 63.204 63.192 63.172 63.157 63.139 63.082 63.039 63.024 62.992 62.979 62.974 62.952 62.927 62.979 62.984 63.037 63.127 63.154 63.579 64.467 63.754 63.277 63.182 63.089 63.107 63.124 63.479 63.074 63.019 63.139 63.644 63.157 63.217 63.364 63.332 63.379 63.557 64.104 64.059 65.292 63.714 63.899 64.087 64.212 64.347 64.509 64.729 65.274 65.529 66.364 66.302 66.389 66.197 66.287 66.557 66.874 67.172 67.394 67.602 68.239 68.362
63.262 63.257 63.192 63.182 63.167 63.132 63.122 63.099 63.084 63.082 63.079 63.064 63.062 63.029 62.997 62.964 62.922 62.902 62.867 62.849 62.797 62.769 62.732 62.742 62.784 62.799 62.869 62.929 62.967 63.607 63.367 62.919 62.892 62.897 62.939 62.907 62.844 63.189 62.824 62.839 62.829 62.822 62.842 62.979 63.069 63.239 64.004 63.354 65.169 64.067 63.444 63.627 63.787 63.924 64.087 64.207 64.359 64.532 64.732 65.312 66.199 65.642 65.849 65.897 66.182 66.434 67.172 66.924 67.137 67.572 67.817 67.972
63.114 63.107 63.067 63.049 63.027 62.987 62.984 62.977 62.967 62.942 62.922 62.932 62.902 62.869 62.819 62.792 62.764 62.729 62.672 62.642 62.612 62.592 62.539 62.564 62.589 62.647 62.699 62.727 63.147 64.694 63.459 62.677 62.649 62.737 62.827 62.717 62.624 62.574 62.589 62.597 62.599 62.627 62.622 62.734 62.857 62.962 63.124 63.237 63.799 63.399 63.317 63.457 63.622 63.737 63.902 64.082 64.227 64.407 64.547 64.857 65.197 65.347 65.539 65.804 66.052 66.432 67.597 66.884 67.044 67.379 67.634 67.854
62.982 62.952 62.939 62.912 62.872 62.862 62.842 62.829 62.807 62.779 62.774 62.739 62.724 62.687 62.652 62.609 62.567 62.529 62.507 62.464 62.424 62.387 62.362 62.397 62.434 62.469 62.509 62.534 63.507 64.389 62.987 62.429 62.377 62.352 62.414 62.664 62.614 62.377 62.379 62.384 62.392 62.372 62.442 62.532 62.642 62.797 63.117 64.487 62.964 63.054 63.217 63.337 63.442 63.614 63.789 63.919 64.102 64.239 64.407 64.559 64.749 65.192 65.469 65.639 65.879 67.242 67.129 66.957 66.964 67.192 67.544 67.749
62.854 62.802 62.769 62.777 62.727 62.714 62.692 62.674 62.654 62.629 62.604 62.579 62.557 62.509 62.464 62.397 62.377 62.339 62.297 62.264 62.229 62.169 62.202 62.214 62.234 62.307 62.349 62.482 63.984 63.499 62.304 62.197 62.179 62.167 62.194 62.449 62.744 62.302 62.167 62.197 62.182 62.199 62.392 62.367 63.354 62.979 63.527 63.054 62.739 62.927 63.069 63.164 63.314 63.467 63.607 63.764 63.924 64.087 64.242 64.429 64.632 65.069 65.449 65.499 65.864 66.439 67.599 66.857 66.827 67.059 67.607 67.447
62.717 62.664 62.634 62.602 62.579 62.564 62.524 62.507 62.497 62.439 62.412 62.372 62.337 62.304 62.264 62.207 62.172 62.149 62.087 62.069 62.024 61.979 62.014 62.029 62.074 62.144 62.209 62.424 63.754 62.602 61.877 61.947 62.019 61.959 61.917 61.932 62.382 62.254 62.027 61.987 61.942 62.064 64.622 63.387 62.787 63.764 64.439 62.437 62.629 62.764 62.884 63.037 63.194 63.342 63.479 63.607 63.782 63.944 64.082 64.262 64.457 65.227 65.644 65.412 65.559 65.874 66.237 66.749 66.682 66.874 67.182 67.299
62.547 62.514 62.492 62.454 62.424 62.394 62.359 62.329 62.307 62.259 62.234 62.189 62.134 62.099 62.052 62.009 61.952 61.907 61.857 61.819 61.802 61.822 61.829 61.849 61.922 62.002 61.972 62.752 63.252 61.749 61.707 61.749 61.772 61.754 61.714 61.684 61.777 61.852 61.924 61.789 61.802 61.914 65.127 62.234 62.262 62.277 62.309 62.307 62.464 62.609 62.737 62.894 63.042 63.207 63.319 63.464 63.622 63.822 63.967 64.112 64.274 64.414 65.479 67.107 65.484 65.867 66.064 66.402 66.434 66.654 66.992 67.262
62.404 62.359 62.332 62.284 62.254 62.234 62.187 62.162 62.142 62.074 62.032 61.994 61.944 61.877 61.822 61.782 61.739 61.694 61.634 61.582 61.619 61.627 61.627 61.679 61.769 61.794 62.087 63.414 62.739 61.457 61.492 61.532 61.559 61.524 61.512 61.484 61.469 61.409 63.297 65.002 61.764 62.002 61.839 62.057 62.239 63.052 62.064 62.209 62.329 62.469 62.624 62.757 62.914 63.054 63.157 63.304 63.509 63.657 63.857 63.959 64.104 64.274 64.587 66.052 65.547 65.819 65.944 66.574 66.322 66.522 66.769 67.239
62.249 62.212 62.164 62.114 62.064 62.042 62.012 61.984 61.939 61.884 61.837 61.772 61.712 61.667 61.634 61.582 61.549 61.462 61.379 61.372 61.399 61.422 61.477 61.562 61.612 61.592 62.584 62.452 61.344 61.274 61.259 61.309 61.337 61.327 61.297 61.284 61.249 61.194 62.882 64.949 66.302 63.602 62.027 62.922 62.224 61.834 61.949 62.084 62.179 62.342 62.489 62.642 62.757 62.857 63.002 63.187 63.377 63.527 63.659 63.834 64.004 64.139 64.324 64.927 65.492 65.557 65.664 65.834 66.064 66.389 67.484 66.952
62.069 62.027 62.019 61.949 61.889 61.862 61.839 61.789 61.739 61.684 61.612 61.577 61.507 61.449 61.384 61.359 61.309 61.239 61.154 61.199 61.217 61.232 61.312 61.389 61.429 61.564 62.502 61.282 61.032 61.044 61.069 61.089 61.094 61.102 61.087 61.049 61.042 61.029 61.044 61.799 64.879 63.554 62.284 61.674 61.574 61.717 61.827 61.927 62.054 62.194 62.337 62.439 62.552 62.707 62.864 63.062 63.187 63.344 63.507 63.679 63.854 64.002 64.197 64.572 65.239 65.339 65.484 65.689 65.959 66.279 66.427 66.464
61.889 61.842 61.827 61.787 61.742 61.669 61.634 61.602 61.544 61.469 61.397 61.357 61.284 61.227 61.197 61.114 61.042 60.977 61.004 60.997 61.007 61.064 61.127 61.234 61.334 62.229 61.667 60.832 60.799 60.812 60.819 60.857 60.862 60.867 60.854 60.849 60.857 60.852 60.884 60.934 61.042 61.184 61.744 61.564 61.452 61.537 61.642 61.779 61.924 62.034 62.134 62.259 62.407 62.552 62.739 62.899 63.034 63.174 63.342 63.519 63.752 63.934 64.139 64.364 64.912 65.592 65.517 65.567 65.784 65.974 66.157 66.477
61.712 61.664 61.624 61.567 61.544 61.482 61.414 61.357 61.327 61.262 61.192 61.109 61.079 61.024 60.962 60.902 60.812 60.769 60.794 60.787 60.824 60.894 60.989 61.014 61.134 62.164 60.942 60.544 60.584 60.572 60.614 60.619 60.637 60.614 60.612 60.609 60.612 60.639 60.734 60.792 60.874 60.967 61.072 61.177 61.284 61.404 61.512 61.617 61.742 61.857 61.957 62.099 62.274 62.409 62.579 62.742 62.867 63.032 63.197 63.409 63.624 63.857 64.112 64.324 64.642 65.719 65.672 65.417 65.637 65.924 66.337 66.564
61.494 61.451 61.416 61.374 61.319 61.269 61.214 61.141 61.071 61.024 60.974 60.906 60.841 60.771 60.721 60.626 60.586 60.621 60.589 60.619 60.681 60.754 60.881 61.584 61.669 60.556 60.316 60.301 60.329 60.362 60.382 60.409 60.424 60.389 60.389 60.379 60.394 60.449 60.562 60.662 60.744 60.849 60.937 61.037 61.154 61.282 61.332 61.447 61.547 61.684 61.782 61.927 62.069 62.262 62.434 62.584 62.749 62.884 63.079 63.304 63.552 63.819 64.052 64.297 64.537 65.112 65.104 65.304 65.644 66.022 66.242 66.569
61.299 61.231 61.191 61.144 61.089 61.034 60.979 60.939 60.856 60.771 60.699 60.651 60.591 60.531 60.431 60.366 60.416 60.431 60.434 60.451 60.526 60.611 60.809 61.494 60.776 60.106 60.064 60.071 60.109 60.164 60.169 60.197 60.192 60.187 60.144 60.152 60.207 60.292 60.394 60.487 60.599 60.709 60.794 60.874 60.972 61.074 61.154 61.234 61.352 61.497 61.652 61.792 61.974 62.104 62.269 62.419 62.552 62.737 62.982 63.257 63.489 63.744 63.979 64.257 64.874 65.134 65.149 65.489 66.032 66.652 66.504 66.419
61.089 61.026 60.959 60.899 60.866 60.806 60.741 60.701 60.591 60.551 60.456 60.416 60.349 60.276 60.189 60.191 60.169 60.194 60.226 60.274 60.409 60.461 60.436 60.226 59.791 59.821 59.846 59.879 59.912 59.932 59.959 59.969 59.964 59.922 59.934 59.974 60.059 60.144 60.249 60.337 60.432 60.517 60.597 60.712 60.819 60.902 60.989 61.109 61.204 61.332 61.509 61.684 61.819 61.972 62.099 62.229 62.404 62.657 62.902 63.197 63.412 63.639 63.854 64.509 65.054 64.809 65.057 65.372 66.329 69.049 70.392 67.749
60.871 60.801 60.721 60.684 60.624 60.564 60.494 60.429 60.359 60.281 60.211 60.154 60.086 60.009 59.976 59.959 59.976 60.009 60.054 60.169 60.201 60.496 60.124 59.579 59.556 59.596 59.604 59.626 59.679 59.712 59.719 59.729 59.732 59.709 59.737 59.819 59.912 60.007 60.104 60.164 60.237 60.337 60.447 60.542 60.662 60.749 60.834 60.964 61.089 61.219 61.352 61.504 61.632 61.784 61.947 62.104 62.302 62.572 62.832 63.064 63.297 63.542 64.384 64.569 64.369 64.507 65.224 65.367 66.392 67.877 69.644 66.872
60.629 60.576 60.511 60.429 60.376 60.281 60.229 60.196 60.124 60.026 59.966 59.886 59.801 59.754 59.751 59.749 59.776 59.801 59.924 59.971 59.939 60.104 59.751 59.301 59.319 59.366 59.366 59.451 59.437 59.489 59.492 59.509 59.524 59.517 59.594 59.664 59.764 59.859 59.947 60.002 60.084 60.199 60.299 60.399 60.509 60.584 60.704 60.829 60.949 61.097 61.217 61.324 61.469 61.602 61.769 61.989 62.224 62.454 62.682 62.904 63.134 63.577 64.312 64.077 64.069 64.297 64.764 65.084 65.269 65.497 65.942 66.004
60.406 60.329 60.261 60.186 60.116 60.029 59.986 59.916 59.864 59.796 59.711 59.619 59.556 59.509 59.526 59.546 59.564 59.646 59.729 59.614 59.264 59.239 59.079 59.079 59.104 59.129 59.184 59.214 59.254 59.277 59.269 59.267 59.274 59.339 59.404 59.519 59.629 59.704 59.772 59.862 59.964 60.057 60.127 60.257 60.334 60.449 60.577 60.677 60.824 60.919 61.029 61.144 61.289 61.457 61.659 61.897 62.102 62.329 62.549 62.789 63.047 63.322 63.849 63.862 63.842 64.229 64.572 65.627 65.489 65.444 66.917 67.692
60.139 60.084 60.029 59.939 59.884 59.799 59.691 59.634 59.576 59.524 59.419 59.344 59.319 59.291 59.319 59.344 59.406 59.511 59.429 59.121 58.856 58.884 58.871 58.866 58.896 58.954 59.006 59.001 59.047 59.057 59.049 59.032 59.122 59.182 59.272 59.387 59.492 59.547 59.607 59.699 59.819 59.912 60.004 60.104 60.192 60.319 60.432 60.569 60.717 60.797 60.907 60.997 61.157 61.344 61.559 61.779 61.987 62.192 62.412 62.659 62.872 63.077 63.387 63.507 63.672 64.034 64.482 65.227 65.964 65.647 65.809 66.484
59.886 59.816 59.764 59.674 59.594 59.514 59.459 59.371 59.324 59.251 59.166 59.126 59.079 59.066 59.119 59.189 59.289 59.221 58.959 58.646 58.641 58.664 58.669 58.709 58.744 58.756 58.784 58.809 58.839 58.867 58.857 58.874 58.952 59.027 59.167 59.249 59.334 59.379 59.467 59.549 59.659 59.784 59.879 59.982 60.069 60.177 60.322 60.442 60.569 60.684 60.772 60.889 61.054 61.257 61.457 61.684 61.857 62.049 62.287 62.524 62.709 62.922 63.154 63.357 63.549 64.177 64.392 64.644 65.462 65.792 65.514 66.477
59.651 59.581 59.486 59.416 59.349 59.284 59.199 59.129 59.061 58.929 58.899 58.889 58.891 58.916 58.961 59.061 59.046 58.874 58.484 58.416 58.446 58.444 58.446 58.504 58.519 58.544 58.596 58.629 58.624 58.632 58.662 58.702 58.779 58.904 59.014 59.097 59.162 59.259 59.322 59.464 59.582 59.649 59.759 59.847 59.984 60.074 60.227 60.329 60.474 60.527 60.662 60.802 60.987 61.197 61.389 61.567 61.769 61.957 62.162 62.374 62.637 62.872 63.002 63.319 63.474 65.742 65.367 64.514 64.852 65.234 65.417 66.084
59.369 59.296 59.229 59.131 59.091 59.024 58.939 58.836 58.751 58.686 58.681 58.671 58.684 58.739 58.806 58.861 58.751 58.404 58.186 58.204 58.229 58.226 58.254 58.284 58.304 58.349 58.384 58.386 58.384 58.429 58.484 58.572 58.679 58.799 58.874 58.952 59.007 59.112 59.244 59.344 59.437 59.534 59.629 59.739 59.872 59.992 60.114 60.214 60.312 60.387 60.562 60.759 60.927 61.142 61.314 61.459 61.614 61.834 62.037 62.284 62.557 62.789 63.044 63.202 63.599 64.087 64.182 64.394 64.689 65.009 65.367 66.442
