All_lidar/sz5892_DSM_2M.asc
ncols 500
nrows 500
xllcorner    458000
yllcorner    92000
cellsize     2
NODATA_value -9999
[rows 32 to 63 of 500, columns 355 to 425 of 500]
3.322 3.357 3.452 3.549 3.779 3.909 4.427 3.967 3.482 2.539 1.994 1.934 1.879 1.829 1.787 1.712 1.639 1.614 1.557 1.492 1.474 1.417 1.372 1.277 1.217 1.217 1.129 1.044 1.039 0.954 0.887 0.802 0.764 0.709 0.599 0.597 0.562 0.477 0.454 0.387 0.362 0.322 0.277 0.264 0.284 0.252 0.235 0.182 0.175 0.16 0.165 0.15 0.18 0.142 0.142 0.135 0.147 0.117 0.087 0.092 0.08 0.107 0.092 0.06 0.025 0.02 -0.01 0.002 -0.04 -0.065 -0.055
3.474 3.502 3.497 3.449 3.447 3.389 3.379 3.417 3.612 4.937 3.799 3.542 3.499 3.352 2.582 2.322 2.902 1.972 1.722 1.682 1.627 1.574 1.539 1.462 1.359 1.317 1.287 1.217 1.189 1.117 1.062 1.007 0.962 0.882 0.859 0.777 0.724 0.682 0.657 0.599 0.607 0.544 0.532 0.459 0.459 0.432 0.472 0.44 0.397 0.38 0.417 0.39 0.372 0.365 0.315 0.332 0.325 0.295 0.31 0.27 0.262 0.282 0.257 0.222 0.245 0.227 0.197 0.152 0.145 0.082 0.085
3.699 3.702 3.634 3.627 3.574 3.467 3.432 3.417 3.419 3.494 3.479 3.479 3.472 3.504 3.609 3.522 4.017 3.609 3.019 2.899 2.044 2.287 1.729 1.624 1.569 1.464 1.419 1.372 1.309 1.229 1.197 1.142 1.102 1.102 1.047 0.992 0.962 0.909 0.924 0.859 0.854 0.827 0.739 0.727 0.699 0.7 0.687 0.625 0.632 0.63 0.615 0.58 0.575 0.595 0.607 0.572 0.505 0.53 0.542 0.535 0.49 0.48 0.467 0.472 0.452 0.447 0.375 0.41 0.372 0.332 0.285
5.249 4.607 4.507 3.949 3.589 3.507 3.497 3.469 3.487 3.567 3.527 3.527 3.497 3.437 3.384 3.362 3.374 3.352 3.434 3.442 3.657 3.789 3.802 3.154 3.069 2.807 1.874 1.614 1.414 1.357 1.357 1.284 1.334 1.269 1.267 1.304 1.252 1.249 1.247 1.224 1.272 1.257 1.182 1.177 1.174 1.135 1.145 1.097 1.115 1.055 0.982 1.017 0.96 0.98 0.967 0.907 0.835 0.81 0.812 0.755 0.732 0.752 0.737 0.695 0.69 0.645 0.632 0.61 0.555 0.575 0.525
5.349 5.622 5.717 5.264 3.634 3.577 3.552 3.474 4.309 4.712 3.704 3.824 3.829 3.617 3.537 3.504 3.482 3.527 3.577 3.497 3.414 3.397 3.414 3.429 3.442 4.149 4.479 4.039 3.737 3.272 3.557 3.577 3.329 2.827 3.197 3.339 2.104 2.089 2.667 2.137 1.997 1.877 2.264 1.879 1.507 1.377 1.357 1.327 1.357 1.452 1.342 1.297 1.282 1.302 1.305 1.282 1.287 1.242 1.252 1.27 1.242 1.235 1.212 1.195 0.972 0.917 0.935 0.932 0.935 0.885 0.847
5.349 5.334 5.377 5.894 3.762 3.602 3.572 3.539 4.492 4.679 3.884 4.042 4.029 4.017 3.979 3.874 3.774 3.832 3.912 3.837 3.824 3.727 3.542 3.687 3.684 4.874 4.374 4.164 4.237 4.259 4.177 4.162 4.434 4.707 4.487 4.419 4.419 4.169 4.292 4.274 4.332 4.247 4.097 4.189 4.167 3.857 3.922 4.062 4.06 4.03 3.325 3.427 3.332 3.182 3.305 2.815 2.92 2.915 3.027 2.947 2.187 2.74 2.45 1.925 1.342 1.167 1.417 1.345 1.215 1.337 1.07
5.359 5.339 5.394 4.882 3.722 3.737 3.664 3.637 4.392 5.194 4.184 4.164 4.159 4.129 4.124 4.032 3.932 3.924 4.002 4.114 4.759 4.259 3.999 4.017 4.139 4.697 4.329 4.269 4.407 4.352 4.609 4.434 5.882 6.214 4.827 4.672 4.702 4.759 4.924 4.779 5.304 4.939 4.617 4.652 4.662 4.64 4.375 4.005 4.135 3.862 3.815 3.832 3.752 3.782 3.82 3.892 3.762 3.867 3.787 3.83 3.892 3.947 4.85 4.395 2.417 1.627 4.105 4.687 4.002 4.092 3.912
5.387 5.372 5.687 5.042 3.772 3.817 3.759 3.747 5.144 4.602 4.309 4.352 4.309 4.272 4.204 4.104 4.039 4.072 4.054 4.324 4.867 5.032 4.697 4.047 4.389 4.872 4.374 5.032 5.409 4.774 4.504 5.422 6.807 6.594 4.914 4.734 4.744 4.689 4.802 4.962 5.234 4.754 4.707 4.689 4.697 4.69 4.655 4.435 4.822 4.772 4.482 4.132 4.052 3.867 3.905 4.447 4.455 4.672 4.305 3.8 3.98 4.502 4.615 4.237 2.09 2.025 4.367 4.89 4.597 4.627 4.12
5.382 5.402 5.797 4.732 3.894 3.909 3.834 3.797 5.089 4.277 4.434 4.412 4.347 4.322 4.272 4.132 4.102 4.159 4.122 4.184 4.747 5.277 5.057 4.699 6.107 5.222 4.612 5.737 7.107 5.949 4.462 5.267 7.582 6.409 4.702 4.739 4.719 4.764 4.702 4.794 5.177 4.724 4.699 4.714 4.722 4.75 4.67 4.61 5.27 5.34 6.1 5.755 5.637 5.025 4.732 4.84 4.827 4.785 4.737 4.475 4.702 5.255 4.857 4.535 2.235 3.082 4.537 5.1 6.605 6.477 4.687
5.352 5.369 5.604 4.239 4.017 3.984 3.914 4.214 5.599 4.472 4.557 4.477 4.314 4.299 4.197 4.054 4.152 4.177 4.179 4.204 4.389 4.957 5.267 5.862 6.129 6.782 7.169 8.289 9.817 9.052 8.032 7.317 6.409 6.634 6.272 5.434 6.124 5.032 5.202 4.802 5.212 4.939 5.004 4.912 4.842 4.807 4.84 5.062 5.86 6.435 6.762 6.072 5.465 5.642 5.557 5.377 5.297 5.277 5.262 5.557 6.107 5.697 5.24 4.375 2.912 3.777 4.782 5.337 6.845 6.775 4.87
5.394 5.369 6.362 4.132 4.079 4.032 3.984 4.432 6.412 4.619 4.694 4.679 4.212 4.159 4.099 3.932 4.054 4.177 4.212 4.249 4.287 4.799 5.389 7.447 9.987 7.464 8.229 11.367 11.264 11.069 10.962 10.797 6.739 9.497 9.717 9.214 9.047 7.622 7.994 5.829 5.342 5.022 4.944 4.997 4.977 4.935 5.87 6.082 6.207 6.282 7.16 6.155 5.8 6.237 5.462 5.465 5.485 5.467 5.515 5.525 5.905 6.005 5.447 4.512 3.14 4.002 4.89 4.82 5.12 5.202 4.56
5.394 5.387 6.042 4.224 4.117 4.092 4.092 4.914 6.659 4.899 4.597 4.622 4.079 4.004 3.947 3.792 4.057 4.169 4.182 4.244 4.319 4.707 5.292 7.669 10.434 8.654 7.922 11.424 11.487 11.554 11.632 11.684 7.867 10.764 11.392 11.289 11.162 11.012 10.662 7.032 8.307 9.157 8.142 7.847 7.614 6.45 6.532 6.152 8.517 9.12 10.05 9.307 8.245 8.435 7.03 6.562 6.835 5.962 5.64 5.497 5.887 6.17 5.462 4.245 3.542 4.407 5.305 4.955 4.74 4.68 4.71
5.734 5.667 5.747 4.222 4.189 4.162 4.197 6.077 5.632 5.019 4.344 4.189 3.732 3.782 3.739 3.572 3.959 4.082 4.172 4.289 4.337 4.517 5.194 5.467 9.014 8.247 7.579 9.994 10.302 10.424 10.597 10.252 8.119 10.949 11.817 11.982 12.059 11.972 10.872 8.759 11.237 11.354 11.184 11.022 10.737 8.732 7.602 7.262 8.802 9.43 12.005 12.167 12.002 11.905 11.572 11.667 11.785 11.612 9.767 5.745 5.71 5.905 5.31 4.33 3.947 4.637 6.452 7.135 4.857 4.812 4.847
4.014 5.062 5.519 4.289 4.324 4.317 4.312 6.264 5.577 5.372 4.592 4.507 3.487 3.552 3.384 3.324 3.772 3.877 3.987 4.184 4.379 4.577 5.094 6.809 9.319 5.499 5.269 6.377 5.852 7.797 8.699 8.647 6.157 9.089 9.844 10.462 10.987 11.069 10.454 7.494 8.612 11.764 11.924 11.917 11.864 9.97 7.492 7.842 8.922 9.925 12.17 12.305 12.38 12.467 12.512 12.53 12.495 12.205 9.81 5.785 5.725 5.812 5.175 4.597 4.432 4.875 6.307 6.657 5.462 5.31 5.247
3.979 4.942 4.752 4.407 4.404 4.382 4.462 5.759 5.257 7.282 7.844 5.492 2.857 2.879 2.884 3.032 3.257 3.424 3.622 4.134 4.329 4.427 4.762 6.727 8.897 5.502 5.097 4.789 4.484 4.877 5.642 6.112 5.254 5.197 5.812 6.432 7.229 7.257 6.492 5.452 9.607 10.557 10.714 10.914 10.639 8.38 6.632 7.572 8.922 9.355 11.025 11.147 11.302 11.447 11.597 11.83 12.707 12.092 10.062 7.5 6.23 6.03 5.245 4.892 4.842 5.052 6.787 5.772 5.75 7.802 7.9
4.037 5.777 4.712 4.514 4.557 4.557 4.934 6.332 5.792 13.344 14.187 12.344 3.677 2.869 2.837 2.849 2.839 2.894 3.484 4.167 4.372 4.434 4.394 4.717 7.352 5.129 4.872 4.979 4.609 5.289 5.047 5.002 5.864 5.597 5.514 4.994 5.122 5.152 5.144 5.222 5.347 5.757 6.497 7.337 7.514 7.102 6.135 7.982 9.02 8.777 8.312 8.84 9.102 9.53 10.502 11.34 12.427 11.935 10.182 7.287 5.997 6.415 5.707 5.24 5.22 5.795 7.825 6.49 6.517 8.247 9.65
4.067 6.217 4.759 4.599 4.652 4.667 5.604 6.109 11.154 14.862 14.819 14.397 12.347 8.649 7.494 6.819 5.494 3.807 3.827 4.287 4.399 4.464 4.409 4.702 7.142 6.759 6.754 4.747 4.739 5.257 5.942 6.322 5.444 5.177 5.317 5.227 5.277 5.382 5.409 5.432 5.717 5.679 5.424 5.502 6.289 7.462 6.895 7.835 8.97 8.545 6.485 6.035 5.61 6.677 7.962 9.815 11.062 10.87 8.17 7.015 6.407 5.697 5.485 5.417 5.402 6.017 7.125 5.71 5.507 7.302 9.477
4.092 6.217 4.664 4.699 4.767 4.774 6.059 7.767 14.314 15.414 15.612 15.554 15.979 15.284 15.859 15.224 14.917 11.702 7.994 7.207 6.009 4.472 4.502 4.577 7.277 7.732 5.767 4.852 4.907 6.752 6.569 5.519 5.539 5.124 5.247 5.334 5.392 7.732 9.379 5.547 5.769 5.782 5.754 5.762 6.552 7.022 6.657 7.087 7.01 6.945 6.157 6.415 6.755 6.157 5.542 6.537 7.46 6.607 5.547 5.562 5.925 5.947 5.657 5.58 5.595 6.01 6.882 7.027 6.055 6.005 8.222
4.777 6.059 4.732 4.792 4.857 4.884 6.734 7.809 15.572 16.094 16.479 16.419 16.352 16.227 16.202 15.902 15.877 14.854 14.497 14.264 13.449 12.477 10.274 6.372 7.564 8.087 6.804 5.802 5.084 6.149 5.887 5.797 6.077 5.194 5.294 5.462 5.549 11.537 9.554 5.642 5.789 5.817 5.802 5.904 6.712 6.517 7.744 7.409 6.047 5.962 5.967 6.057 6.834 6.257 6.567 7.394 7.259 5.929 5.617 5.787 6.892 6.527 5.819 5.784 5.779 6.197 6.909 8.579 8.729 8.597 8.132
5.864 5.824 4.867 4.902 4.987 6.822 8.987 11.094 15.052 16.022 16.562 16.604 16.612 16.602 16.589 16.534 16.779 15.802 15.522 15.379 15.182 14.999 13.077 7.502 7.352 8.359 7.219 6.434 5.684 5.347 6.182 5.547 5.347 5.307 5.399 5.577 5.707 5.762 5.792 6.032 6.149 5.989 5.874 5.917 6.274 6.352 7.474 7.222 6.282 6.059 6.127 6.257 6.872 6.672 6.714 6.752 6.727 6.314 6.142 6.029 6.797 6.387 6.019 5.949 5.949 6.357 6.639 8.857 9.677 9.339 8.154
5.047 5.064 4.922 5.047 5.069 5.482 8.934 12.549 14.882 15.449 16.009 16.442 16.509 16.594 16.592 16.599 16.989 15.397 15.032 15.229 15.472 15.567 12.844 7.107 8.839 9.449 8.099 7.422 5.854 5.517 6.279 7.257 6.604 5.489 5.617 5.769 5.852 5.894 5.877 6.567 6.979 7.064 6.489 6.804 6.337 6.492 8.179 7.099 6.647 6.249 6.249 7.147 6.874 6.399 6.477 6.359 6.384 6.394 6.347 6.377 7.437 6.514 6.194 6.154 6.207 6.364 7.307 8.999 9.767 9.429 8.352
6.799 5.194 5.034 5.132 5.124 5.999 6.739 9.182 13.862 14.319 15.662 15.527 15.554 16.229 15.847 16.264 15.549 13.694 12.822 13.069 14.377 13.709 9.069 6.964 8.067 8.357 7.887 7.349 5.969 5.762 5.644 7.497 7.524 5.904 5.879 6.017 6.187 6.277 7.697 8.027 9.372 7.957 6.974 6.412 6.444 6.902 9.187 8.572 8.654 6.872 6.567 7.282 7.607 6.819 9.367 8.654 7.157 6.479 6.457 6.454 7.842 6.414 6.377 6.379 6.362 6.887 7.382 8.437 8.642 8.742 8.004
6.404 5.162 5.169 5.179 5.212 5.522 6.999 8.032 8.989 7.302 7.214 10.339 12.044 13.829 14.922 15.717 14.494 12.974 8.012 7.672 8.007 8.107 7.357 6.824 7.397 8.109 8.159 8.207 8.064 7.192 5.672 5.724 5.944 5.872 5.957 6.012 6.129 6.219 8.219 10.199 10.817 10.207 10.637 7.839 6.637 8.157 9.342 9.459 9.907 8.712 6.712 7.544 6.819 7.572 7.047 7.019 6.697 6.627 6.654 6.942 8.099 6.752 6.567 6.537 6.549 6.607 6.647 6.479 6.567 6.844 6.494
6.094 5.167 5.257 5.297 5.262 7.199 9.077 8.874 8.997 8.609 8.437 8.327 7.264 8.537 9.397 9.742 9.512 9.224 8.142 5.749 7.424 7.462 7.219 5.774 6.534 6.794 7.529 7.687 8.149 7.592 5.854 5.794 5.894 5.909 5.987 6.042 6.107 6.182 6.374 7.324 7.569 6.799 8.797 7.832 6.717 6.984 7.807 8.184 9.244 8.984 7.127 6.929 7.704 8.474 8.357 8.439 8.184 8.244 8.234 9.427 8.114 6.804 6.782 6.747 7.274 8.169 7.827 7.374 6.672 6.652 6.614
6.437 5.244 5.347 5.344 5.544 7.679 8.549 9.202 9.192 8.714 8.637 8.634 9.102 9.004 9.069 9.162 9.534 10.134 9.377 7.484 7.407 6.467 6.699 5.997 5.699 5.524 5.859 6.157 7.509 8.767 8.019 7.337 7.042 6.874 6.404 6.104 6.159 6.239 6.399 6.677 6.512 6.612 6.667 6.729 6.804 6.832 6.869 7.549 8.794 8.627 7.102 6.979 7.052 7.094 7.032 7.207 7.049 7.142 7.862 10.057 8.984 6.967 6.942 6.909 8.019 9.244 9.362 8.977 8.737 7.734 6.917
6.047 5.384 5.412 5.422 5.454 7.147 8.062 8.347 8.959 8.997 8.817 8.704 9.114 7.934 7.162 9.432 10.209 10.969 10.457 9.134 5.397 4.894 6.329 6.129 5.604 5.649 5.662 5.734 7.737 8.714 9.022 8.769 6.722 6.934 6.962 6.282 6.864 7.019 7.152 7.707 7.002 6.692 6.752 6.817 6.857 6.884 6.929 6.964 7.009 7.019 7.002 6.964 7.042 7.007 7.012 7.009 6.989 7.024 6.999 7.294 7.192 7.014 6.954 6.947 7.919 8.387 9.129 9.442 9.214 9.269 8.947
5.749 5.424 5.472 5.524 6.559 7.664 5.892 5.897 8.422 8.847 9.037 9.014 9.029 7.637 6.967 7.932 9.617 10.742 11.017 10.287 8.939 5.714 5.989 5.699 5.767 5.799 5.814 5.822 6.212 6.062 7.244 7.404 6.237 6.309 7.259 7.282 8.284 9.139 7.634 7.744 7.057 7.202 7.114 7.049 7.042 7.079 7.062 7.104 7.077 7.124 7.177 7.152 7.162 7.184 7.202 7.184 7.209 7.222 7.197 7.219 7.194 7.192 7.154 7.119 7.687 8.017 7.414 7.907 8.382 8.852 9.404
5.589 5.467 5.517 5.847 7.184 6.802 6.317 5.912 6.847 5.872 6.692 6.912 7.859 6.259 6.942 6.917 7.659 9.962 10.687 10.247 9.059 7.132 6.074 5.899 5.752 5.872 5.987 5.979 6.049 6.114 6.229 6.382 6.372 6.427 7.319 7.192 8.759 10.434 8.372 7.757 7.344 7.514 7.584 7.657 7.647 7.599 7.589 7.467 7.297 7.232 8.039 8.239 7.394 7.404 7.409 9.092 7.409 7.377 7.427 7.424 7.459 7.377 7.347 7.342 7.262 7.219 7.222 7.557 7.784 7.094 7.167
5.627 5.584 5.594 5.637 7.717 6.324 5.769 6.132 7.437 6.289 6.569 5.952 6.032 5.757 6.714 6.682 5.877 7.747 9.919 8.722 6.644 8.027 7.639 6.119 6.372 5.922 6.214 6.107 6.114 6.242 6.367 6.467 6.537 6.602 6.699 6.842 7.724 8.674 8.497 9.344 13.062 13.554 11.637 8.492 8.057 8.024 7.992 7.989 7.889 7.667 7.557 7.542 7.559 10.207 8.074 7.632 8.892 7.722 7.709 7.644 7.632 7.597 7.569 7.524 7.487 7.434 7.407 7.302 7.207 7.137 7.087
5.719 5.682 5.667 5.732 7.432 7.917 7.552 7.224 6.164 5.914 5.959 6.149 6.429 6.029 6.077 7.069 7.252 6.682 8.212 6.004 6.939 12.242 7.034 6.242 8.084 6.039 6.082 6.134 6.267 6.374 6.539 6.624 6.747 6.834 6.882 6.992 7.089 7.489 8.732 10.839 13.852 14.942 13.967 10.984 8.389 8.164 8.099 8.054 8.012 7.922 7.792 7.842 8.824 13.787 8.669 7.877 8.484 8.307 7.949 7.839 7.889 7.809 7.782 7.737 7.689 7.804 8.089 7.627 7.442 7.324 8.357
5.819 5.792 5.804 5.814 7.572 8.349 8.322 7.867 6.152 6.137 6.139 5.982 5.972 5.917 5.922 5.977 6.934 7.499 7.692 6.867 6.672 12.864 10.239 7.354 7.754 6.299 6.659 6.824 6.752 6.692 7.112 7.032 7.074 7.032 7.119 7.174 7.409 8.079 8.322 13.709 14.632 14.817 13.814 10.697 8.277 8.274 8.239 8.184 8.172 8.102 8.727 8.119 8.097 8.099 8.119 8.154 8.197 8.207 8.232 8.169 8.062 8.002 7.989 7.952 8.059 9.487 10.307 9.464 7.582 8.099 13.647
5.902 5.862 5.877 6.364 8.224 8.327 8.304 7.914 6.869 6.499 7.057 6.234 6.042 5.929 5.939 6.169 6.774 6.152 6.267 6.979 7.354 8.314 9.217 8.339 6.329 6.479 7.117 8.167 7.587 7.949 10.364 9.017 8.554 8.117 7.512 7.437 7.544 8.134 10.014 14.709 14.899 14.629 14.069 10.092 8.224 8.252 8.267 8.329 8.382 8.387 8.392 8.412 8.422 8.417 8.454 8.422 8.419 8.437 8.467 8.487 8.319 8.217 8.187 8.182 8.214 9.929 10.684 10.214 7.949 13.377 15.589
