All_lidar/sz5893_DSM_2M.asc
ncols 500
nrows 500
xllcorner    458000
yllcorner    93000
cellsize     2
NODATA_value -9999
[rows 192 to 223 of 500, columns 72 to 143 of 500]
-2.286 -2.264 -2.229 -2.184 -2.194 -2.216 -2.186 -2.221 -1.941 -2.284 -2.326 -2.174 -2.194 -2.214 -2.236 -2.211 -2.241 -2.231 -2.174 -2.131 -2.214 -2.249 -2.259 -9999 -9999 -2.246 -2.231 -2.269 -2.293 -2.236 -9999 -9999 -2.242 -2.323 -2.366 -2.298 -9999 -2.218 -2.211 -2.288 -2.288 -2.263 -9999 -9999 -9999 -2.325 -2.298 -2.196 -2.253 -2.278 -2.238 -2.178 -2.261 -2.292 -2.298 -2.338 -2.281 -2.196 -9999 -9999 -9999 -2.303 -2.212 -2.222 -9999 -9999 -2.323 -9999 -9999 -2.258 -2.216 -2.151
-2.344 -2.314 -2.244 -2.224 -2.216 -2.231 -2.221 -2.159 -2.201 -9999 -9999 -2.266 -2.236 -2.209 -2.201 -2.159 -2.211 -2.224 -2.176 -2.216 -2.274 -2.239 -2.226 -9999 -9999 -2.244 -2.209 -2.211 -2.241 -2.263 -9999 -9999 -2.238 -2.293 -2.333 -2.286 -2.236 -2.191 -2.261 -2.286 -2.266 -2.218 -2.141 -2.151 -2.206 -9999 -9999 -9999 -2.278 -2.268 -2.213 -2.136 -2.248 -2.243 -9999 -9999 -2.241 -2.191 -9999 -9999 -9999 -9999 -9999 -9999 -9999 -9999 -9999 -9999 -9999 -9999 -9999 -9999
-2.274 -2.246 -9999 -2.255 -2.221 -2.196 -2.191 -2.214 -2.226 -2.182 -9999 -9999 -2.194 -2.239 -2.234 -2.136 -2.186 -2.246 -2.216 -0.009 -1.071 -2.269 -2.224 -2.201 -2.234 -2.271 -2.296 -2.264 -2.238 -2.296 -2.268 -2.283 -2.243 -2.246 -2.258 -2.246 -2.193 -2.193 -2.328 -2.271 -2.273 -2.273 -2.213 -2.228 -2.278 -9999 -9999 -9999 -2.338 -2.323 -2.276 -2.168 -2.218 -9999 -9999 -9999 -2.158 -2.221 -9999 -9999 -9999 -9999 -9999 -9999 -9999 -9999 -9999 -9999 -9999 -9999 -9999 -9999
-2.166 -9999 -9999 -2.289 -2.226 -2.209 -2.219 -2.244 -2.206 -2.174 -2.224 -2.199 -2.221 -2.274 -2.265 -2.176 -2.174 -2.219 -2.286 -1.851 -1.404 -2.211 -2.249 -2.209 -2.221 -2.256 -2.244 -2.236 -2.208 -2.266 -2.283 -2.291 -2.261 -2.261 -2.263 -2.226 -9999 -9999 -2.232 -2.198 -2.203 -2.333 -2.288 -2.238 -2.326 -9999 -9999 -2.268 -2.273 -2.318 -2.323 -2.278 -2.211 -2.172 -2.173 -2.198 -2.213 -2.268 -9999 -9999 -9999 -9999 -9999 -9999 -9999 -9999 -9999 -9999 -9999 -9999 -9999 -9999
-2.179 -2.121 -2.182 -2.269 -2.269 -2.259 -2.274 -2.264 -2.176 -2.136 -2.196 -2.244 -2.159 -9999 -9999 -2.182 -2.149 -2.236 -2.264 -2.254 -2.279 -2.256 -2.264 -2.219 -2.241 -2.261 -2.244 -2.231 -2.181 -2.163 -2.248 -2.248 -2.226 -2.223 -2.248 -2.216 -9999 -9999 -9999 -2.211 -2.228 -2.138 -2.138 -2.243 -2.301 -9999 -2.225 -2.268 -2.163 -2.278 -2.361 -2.368 -2.266 -2.186 -2.183 -2.221 -2.246 -2.278 -9999 -9999 -9999 -2.258 -2.226 -9999 -9999 -9999 -9999 -9999 -9999 -9999 -9999 -9999
-2.194 -2.166 -2.171 -2.229 -2.294 -2.254 -2.239 -2.184 -2.159 -2.221 -2.246 -2.229 -2.181 -9999 -9999 -2.205 -2.149 -2.224 -2.266 -2.271 -2.181 -2.186 -2.229 -2.216 -2.236 -2.259 -2.256 -2.201 -2.233 -9999 -2.303 -2.233 -2.228 -2.188 -2.198 -2.236 -2.186 -2.212 -2.282 -2.291 -2.238 -2.121 -2.051 -2.241 -2.263 -2.253 -2.253 -2.196 -2.166 -2.306 -2.356 -2.333 -2.223 -2.243 -2.218 -2.208 -2.258 -2.258 -9999 -9999 -9999 -2.273 -2.261 -2.273 -2.242 -2.218 -2.223 -2.366 -2.336 -2.253 -2.232 -9999
-2.284 -2.191 -2.156 -2.156 -2.249 -2.209 -2.209 -2.224 -2.244 -2.254 -2.301 -2.204 -2.231 -2.189 -2.169 -2.199 -2.216 -2.244 -2.286 -2.279 -2.241 -2.211 -2.249 -2.226 -2.204 -2.219 -2.269 -2.264 -9999 -9999 -9999 -9999 -2.198 -2.206 -2.173 -2.243 -2.288 -2.238 -2.206 -2.196 -2.256 -2.173 -2.153 -2.231 -2.236 -2.203 -2.258 -2.221 -2.266 -2.321 -2.268 -2.268 -9999 -9999 -2.253 -2.223 -2.276 -2.261 -2.208 -2.232 -2.198 -2.188 -9999 -9999 -2.198 -2.183 -2.218 -2.336 -2.276 -2.206 -2.231 -2.152
-2.241 -2.204 -2.186 -2.171 -2.204 -2.181 -2.241 -2.266 -2.249 -2.189 -2.204 -2.246 -2.234 -2.244 -2.171 -2.224 -2.246 -2.171 -2.239 -2.276 -2.221 -2.226 -2.259 -2.274 -2.214 -2.169 -2.194 -2.294 -9999 -9999 -9999 -9999 -9999 -2.223 -2.193 -2.231 -2.286 -2.206 -2.081 -2.146 -2.233 -2.241 -2.281 -2.243 -2.278 -2.231 -2.203 -2.251 -2.278 -2.218 -2.213 -2.241 -9999 -9999 -9999 -2.308 -2.271 -2.273 -2.193 -2.208 -2.253 -2.213 -9999 -9999 -2.218 -2.223 -2.238 -2.276 -2.246 -2.188 -2.268 -2.218
-2.194 -2.264 -2.231 -2.236 -2.239 -2.236 -2.259 -2.236 -2.204 -2.214 -2.214 -2.254 -2.259 -2.264 -2.206 -2.151 -2.246 -2.209 -2.204 -2.226 -2.216 -2.194 -2.224 -2.246 -2.219 -2.204 -2.171 -2.259 -2.333 -2.331 -2.291 -2.251 -2.196 -2.168 -2.198 -2.266 -2.313 -2.253 -2.241 -2.213 -2.303 -2.331 -2.241 -2.223 -2.258 -2.273 -2.163 -2.263 -2.273 -2.158 -2.201 -2.198 -9999 -9999 -9999 -9999 -2.293 -2.218 -2.203 -2.183 -2.178 -2.261 -2.343 -2.303 -2.252 -2.213 -2.218 -2.221 -2.181 -2.156 -9999 -9999
-2.191 -2.281 -2.259 -2.254 -2.261 -2.211 -2.224 -2.174 -2.196 -2.279 -2.221 -2.196 -2.289 -2.276 -2.116 -2.036 -2.191 -2.179 -9999 -9999 -2.259 -2.259 -2.254 -2.284 -2.226 -2.161 -2.236 -2.281 -2.293 -2.298 -2.238 -2.273 -2.321 -2.206 -2.278 -2.281 -2.271 -2.298 -2.263 -2.281 -2.268 -2.296 -2.243 -2.188 -2.218 -2.253 -2.173 -2.201 -2.236 -2.248 -2.221 -2.238 -2.252 -9999 -9999 -9999 -2.311 -2.316 -2.271 -2.291 -2.291 -2.278 -2.293 -2.323 -2.316 -2.291 -2.263 -2.243 -2.178 -2.203 -9999 -9999
-2.201 -2.274 -2.321 -2.236 -2.251 -2.191 -2.224 -2.174 -2.249 -2.264 -2.224 -2.161 -2.179 -2.286 -2.291 -2.221 -2.194 -2.174 -9999 -9999 -2.255 -2.301 -2.281 -2.319 -2.279 -2.249 -2.251 -2.179 -2.208 -2.331 -2.223 -2.236 -2.286 -2.321 -2.333 -2.266 -2.208 -2.373 -2.256 -2.263 -2.296 -2.283 -2.286 -2.243 -2.228 -2.261 -2.218 -2.186 -2.218 -2.268 -2.196 -2.253 -2.218 -9999 -9999 -2.168 -2.213 -2.338 -2.321 -2.343 -2.346 -2.243 -2.211 -2.261 -2.288 -2.336 -2.321 -2.326 -2.248 -2.273 -9999 -9999
-2.181 -2.204 -2.241 -2.244 -2.229 -2.309 -2.356 -2.236 -2.261 -2.211 -2.206 -2.169 -2.186 -2.306 -2.321 -2.299 -2.219 -2.221 -2.169 -2.191 -2.191 -2.296 -2.294 -2.269 -2.294 -2.269 -2.189 -2.126 -2.203 -2.271 -2.193 -2.133 -2.186 -2.311 -2.361 -2.293 -2.246 -2.246 -2.251 -2.246 -2.093 -2.246 -2.216 -2.186 -2.263 -2.278 -2.236 -2.236 -2.281 -2.341 -2.196 -2.253 -2.241 -2.211 -2.128 -2.128 -2.208 -2.323 -2.336 -2.333 -2.316 -2.208 -2.156 -2.191 -2.191 -9999 -9999 -2.271 -2.281 -2.293 -2.323 -2.198
-2.261 -2.166 -2.161 -2.226 -2.219 -2.251 -2.306 -2.229 -2.214 -2.204 -2.221 -2.211 -2.281 -2.269 -2.261 -2.314 -2.231 -2.184 -2.171 -2.194 -2.169 -2.234 -2.236 -2.234 -2.336 -2.356 -2.279 -2.209 -2.293 -2.268 -2.223 -2.193 -2.198 -2.303 -9999 -2.333 -2.276 -2.196 -2.226 -2.278 -2.256 -2.223 -2.216 -2.203 -2.261 -2.303 -2.278 -2.276 -2.306 -2.311 -2.228 -2.296 -2.316 -2.211 -2.211 -2.206 -2.288 -2.346 -2.313 -2.286 -2.223 -2.191 -2.148 -2.161 -2.201 -9999 -9999 -2.208 -2.251 -2.296 -2.278 -2.208
-2.364 -2.259 -2.159 -2.174 -2.186 -2.209 -2.229 -2.299 -2.186 -2.234 -2.179 -2.201 -2.294 -2.236 -2.201 -2.261 -2.229 -2.219 -2.254 -1.084 -2.146 -2.181 -2.214 -2.149 -2.234 -2.296 -2.324 -2.286 -2.288 -2.233 -2.196 -2.178 -2.218 -2.303 -2.368 -2.351 -2.311 -2.298 -2.233 -2.276 -2.228 -2.153 -2.121 -2.213 -2.236 -2.291 -2.306 -2.266 -2.243 -2.258 -2.236 -2.316 -2.271 -2.181 -2.113 -2.183 -2.236 -2.311 -2.361 -2.336 -2.186 -2.196 -2.226 -2.213 -2.281 -2.272 -2.248 -2.173 -9999 -9999 -9999 -2.252
-2.274 -2.236 -2.174 -2.099 -2.181 -2.194 -2.231 -2.256 -2.209 -2.236 -2.214 -2.194 -2.029 -2.211 -2.179 -2.209 -2.239 -2.261 -2.264 -2.256 -2.236 -2.194 -2.229 -2.201 -2.094 -2.214 -2.301 -2.234 -2.283 -2.201 -2.221 -2.241 -2.241 -2.231 -2.306 -2.318 -2.343 -2.346 -2.353 -2.351 -2.236 -2.173 -2.181 -2.218 -2.221 -2.228 -2.281 -2.336 -2.291 -2.223 -2.243 -2.258 -2.181 -2.236 -2.201 -2.223 -2.256 -2.206 -9999 -9999 -2.288 -2.218 -2.256 -2.243 -2.253 -2.201 -2.186 -2.176 -9999 -9999 -9999 -9999
-2.261 -2.304 -2.219 -2.226 -2.249 -2.174 -2.214 -2.321 -2.241 -2.266 -2.249 -2.254 -2.184 -2.181 -2.191 -2.134 -2.141 -2.249 -2.204 -2.271 -2.316 -2.226 -2.214 -2.176 -2.174 -2.221 -2.006 -1.139 -1.983 -2.308 -2.283 -2.313 -2.206 -2.191 -2.176 -2.146 -2.276 -2.288 -2.321 -2.286 -2.261 -2.211 -2.218 -2.233 -2.223 -2.256 -2.253 -2.326 -2.256 -2.213 -2.358 -2.226 -2.208 -2.178 -2.201 -9999 -2.252 -2.206 -9999 -9999 -9999 -2.273 -2.221 -2.178 -2.233 -9999 -2.213 -2.248 -9999 -9999 -9999 -9999
-2.254 -2.269 -2.266 -2.279 -2.201 -2.199 -2.179 -2.171 -2.209 -2.206 -2.236 -2.309 -2.209 -2.191 -2.204 -2.196 -2.161 -2.219 -2.189 -1.879 -2.254 -2.179 -2.269 -2.244 -2.239 -2.129 -2.136 -1.656 -2.166 -2.311 -2.368 -2.398 -2.308 -2.233 -2.238 -2.196 -2.188 -2.298 -2.353 -2.318 -2.316 -2.251 -2.253 -2.238 -2.163 -2.201 -2.213 -2.251 -2.241 -2.236 -2.323 -2.283 -2.168 -2.153 -2.158 -9999 -9999 -9999 -2.195 -2.228 -2.263 -2.201 -2.218 -2.221 -2.241 -9999 -9999 -9999 -2.198 -9999 -9999 -9999
-2.181 -2.166 -2.189 -2.276 -2.236 -2.224 -2.236 -2.134 -2.154 -2.179 -2.171 -2.309 -2.274 -2.229 -2.184 -2.211 -2.221 -2.231 -2.181 -1.069 -2.109 -2.199 -2.286 -2.221 -2.249 -2.161 -2.169 -2.164 -2.266 -2.228 -2.216 -9999 -9999 -2.301 -2.253 -2.283 -2.161 -2.256 -2.341 -2.253 -2.276 -2.321 -2.293 -2.283 -2.276 -2.226 -2.211 -2.148 -2.156 -2.243 -2.283 -2.333 -2.311 -2.273 -2.178 -9999 -9999 -9999 -2.236 -2.246 -2.271 -2.246 -2.228 -2.223 -2.213 -9999 -9999 -9999 -9999 -2.208 -2.202 -2.192
-2.209 -2.186 -2.176 -2.304 -2.259 -2.236 -2.261 -2.199 -2.181 -2.216 -2.181 -2.404 -2.356 -2.314 -2.171 -2.279 -2.229 -2.221 -2.196 -2.261 -2.229 -2.241 -2.224 -2.279 -2.236 -2.244 -2.256 -2.226 -2.206 -2.161 -2.193 -9999 -9999 -2.362 -2.283 -2.328 -2.183 -2.146 -2.258 -2.221 -2.311 -2.308 -2.303 -2.303 -2.248 -2.213 -2.291 -2.183 -2.098 -2.221 -2.326 -2.303 -2.278 -2.296 -2.316 -2.162 -9999 -2.198 -2.238 -2.276 -2.273 -2.268 -2.273 -2.196 -2.226 -2.223 -9999 -9999 -9999 -2.231 -2.211 -2.236
-2.181 -2.179 -2.194 -2.201 -2.206 -2.271 -2.234 -2.221 -2.204 -2.281 -2.191 -2.126 -2.211 -2.269 -2.284 -2.231 -2.184 -2.171 -2.211 -2.206 -2.186 -2.281 -2.279 -2.251 -2.244 -2.249 -2.256 -2.169 -2.138 -2.211 -2.178 -2.218 -2.288 -2.321 -2.301 -2.266 -2.198 -2.163 -2.216 -2.191 -2.246 -2.278 -2.293 -2.321 -2.323 -2.311 -2.266 -2.258 -2.141 -2.223 -9999 -9999 -2.285 -2.328 -2.376 -2.301 -2.168 -2.166 -2.198 -2.298 -2.288 -2.273 -2.263 -2.301 -2.308 -2.263 -2.208 -2.183 -2.215 -2.223 -2.253 -2.266
-2.224 -2.166 -2.141 -2.199 -2.231 -2.231 -2.319 -2.314 -2.276 -2.256 -2.269 -2.179 -2.151 -2.211 -2.214 -2.254 -2.161 -2.199 -2.221 -2.266 -2.266 -2.216 -2.244 -2.194 -2.246 -2.226 -2.216 -2.239 -2.213 -2.171 -2.206 -2.223 -2.263 -2.336 -2.371 -2.281 -2.208 -2.223 -2.211 -2.196 -2.163 -2.193 -2.188 -2.178 -2.176 -2.323 -2.316 -2.266 -2.236 -9999 -9999 -9999 -2.298 -2.371 -9999 -9999 -2.258 -2.216 -2.193 -2.241 -2.261 -2.263 -2.266 -2.308 -2.276 -2.261 -2.251 -2.196 -2.161 -2.143 -2.176 -2.238
-2.211 -2.224 -2.216 -2.216 -2.179 -2.124 -2.229 -2.289 -2.296 -2.219 -2.274 -2.256 -2.216 -2.194 -2.201 -2.209 -2.194 -2.209 -2.159 -2.194 -2.266 -2.251 -2.284 -2.264 -2.249 -2.154 -2.244 -2.239 -2.238 -2.201 -2.148 -2.206 -2.158 -2.261 -2.333 -2.298 -2.261 -2.291 -2.278 -2.158 -2.151 -2.136 -2.161 -2.186 -2.186 -2.268 -2.323 -2.288 -2.278 -2.178 -9999 -9999 -2.313 -9999 -9999 -9999 -9999 -2.212 -2.191 -2.183 -2.198 -2.281 -2.271 -2.303 -2.311 -2.276 -2.256 -2.193 -2.158 -2.208 -2.266 -2.301
-2.304 -2.274 -2.201 -2.184 -2.209 -2.174 -2.216 -2.406 -2.346 -2.204 -2.241 -2.329 -2.301 -2.229 -2.231 -2.184 -2.164 -2.176 -2.174 -2.161 -2.184 -2.189 -2.221 -2.254 -2.251 -2.161 -2.199 -2.236 -2.221 -2.251 -2.233 -2.203 -2.166 -2.191 -2.276 -2.268 -2.286 -2.341 -2.288 -2.306 -2.228 -2.241 -2.201 -2.188 -2.198 -2.246 -2.281 -2.273 -2.286 -2.296 -2.198 -2.301 -2.273 -2.245 -9999 -9999 -9999 -2.318 -2.258 -2.276 -2.208 -2.276 -2.221 -2.238 -2.321 -2.338 -2.331 -2.251 -2.198 -2.233 -2.183 -2.203
-2.224 -2.249 -2.214 -2.214 -2.249 -2.214 -2.174 -2.251 -2.156 -2.211 -2.234 -2.276 -2.261 -2.249 -2.279 -2.209 -2.181 -2.224 -2.206 -2.179 -2.204 -2.206 -2.264 -2.186 -2.194 -2.201 -2.209 -2.229 -2.181 -2.218 -2.163 -2.256 -2.266 -2.223 -2.253 -2.251 -2.263 -2.298 -2.288 -2.331 -2.306 -2.341 -2.208 -2.166 -2.203 -2.293 -2.206 -2.208 -2.263 -2.288 -2.296 -2.251 -2.278 -2.173 -2.168 -9999 -9999 -9999 -9999 -2.358 -2.211 -2.213 -2.206 -2.168 -2.266 -2.273 -9999 -9999 -2.303 -2.273 -2.238 -2.226
-2.174 -2.216 -2.216 -2.269 -2.204 -2.236 -2.236 -2.219 -2.174 -2.164 -2.166 -2.219 -2.211 -2.266 -2.264 -2.284 -2.256 -2.224 -2.219 -2.224 -2.134 -2.119 -2.204 -2.219 -2.199 -2.236 -2.239 -2.276 -2.268 -2.273 -2.281 -2.263 -2.253 -2.186 -2.151 -2.226 -2.188 -2.236 -2.331 -2.338 -2.301 -2.318 -2.298 -2.213 -2.178 -2.241 -2.258 -2.188 -2.186 -2.231 -2.288 -2.286 -2.293 -2.246 -2.248 -2.198 -9999 -9999 -9999 -9999 -2.328 -2.278 -2.313 -2.191 -2.166 -2.173 -9999 -9999 -2.298 -2.301 -2.256 -2.138
-2.274 -2.249 -2.196 -2.266 -2.289 -2.281 -2.216 -2.216 -2.164 -2.146 -2.156 -2.209 -2.184 -2.206 -2.234 -2.254 -2.306 -2.249 -2.259 -2.221 -2.141 -2.126 -2.166 -2.246 -2.249 -2.226 -2.246 -2.264 -2.268 -2.288 -2.203 -2.231 -2.268 -2.221 -1.346 -1.921 -2.163 -2.218 -2.283 -2.288 -2.228 -2.223 -2.271 -2.318 -2.273 -2.196 -2.226 -2.213 -2.166 -2.186 -2.246 -2.273 -2.161 -2.198 -2.246 -2.221 -2.208 -9999 -9999 -9999 -2.263 -2.273 -2.311 -2.271 -2.251 -2.153 -9999 -9999 -2.338 -2.263 -2.186 -2.171
-2.276 -2.201 -2.219 -2.206 -2.251 -2.304 -2.214 -2.209 -2.224 -2.204 -2.171 -2.224 -2.229 -2.239 -2.284 -2.244 -2.256 -2.229 -2.219 -2.256 -2.194 -2.229 -2.154 -2.219 -2.206 -2.219 -2.194 -2.244 -2.281 -2.291 -2.238 -2.221 -2.253 -2.243 -2.161 -2.223 -2.241 -2.216 -2.203 -2.258 -2.256 -2.166 -2.206 -2.323 -2.276 -2.251 -2.258 -2.191 -2.246 -2.168 -2.188 -2.171 -2.143 -2.181 -2.253 -2.231 -2.173 -2.216 -2.173 -2.066 -2.218 -2.323 -2.246 -2.278 -2.248 -2.163 -9999 -2.218 -2.301 -2.208 -2.208 -2.246
-2.231 -2.234 -2.226 -2.231 -2.206 -2.234 -2.231 -2.199 -2.286 -2.296 -2.259 -2.234 -2.229 -2.179 -2.241 -2.256 -2.269 -2.306 -2.249 -2.216 -2.224 -2.274 -2.241 -2.261 -2.201 -2.221 -2.184 -2.239 -2.261 -2.268 -2.281 -2.191 -2.193 -2.241 -2.143 -2.173 -2.201 -2.266 -2.251 -2.208 -2.276 -2.276 -2.246 -2.253 -2.183 -2.228 -2.301 -2.308 -2.296 -2.248 -2.243 -2.193 -2.186 -2.173 -2.183 -2.228 -2.228 -2.256 -2.241 -2.151 -2.248 -2.288 -2.256 -2.228 -2.208 -2.218 -2.281 -2.143 -2.261 -2.206 -2.223 -2.263
-2.224 -2.234 -2.209 -2.209 -2.164 -2.191 -2.276 -2.239 -2.244 -2.301 -2.269 -2.211 -2.166 -2.136 -2.159 -2.181 -2.216 -2.246 -2.226 -2.199 -2.271 -2.309 -2.249 -2.281 -2.184 -2.201 -2.189 -2.199 -2.306 -2.286 -2.213 -2.296 -2.256 -2.336 -2.236 -2.188 -2.151 -2.243 -2.251 -2.241 -2.308 -2.241 -2.183 -2.166 -2.166 -2.228 -2.296 -2.233 -2.291 -2.361 -2.308 -2.238 -2.226 -2.168 -2.181 -2.181 -2.151 -2.276 -2.256 -2.261 -2.188 -2.243 -2.208 -2.206 -2.253 -2.281 -2.281 -2.248 -2.218 -2.231 -2.251 -2.276
-2.191 -2.256 -2.196 -2.244 -2.274 -2.191 -2.204 -2.221 -2.194 -2.191 -2.279 -2.299 -2.249 -2.261 -2.189 -2.196 -2.211 -2.216 -2.251 -2.204 -2.296 -2.309 -2.244 -2.234 -2.206 -2.236 -2.209 -2.191 -2.256 -2.218 -2.261 -2.221 -2.238 -2.258 -2.248 -2.181 -2.158 -2.216 -2.238 -2.271 -2.303 -2.273 -2.176 -2.261 -2.228 -2.198 -2.216 -2.208 -2.186 -2.231 -2.296 -2.228 -2.158 -1.981 -2.196 -2.178 -2.148 -2.191 -2.218 -2.243 -2.236 -2.218 -2.216 -2.236 -2.186 -2.161 -2.208 -2.288 -2.253 -2.198 -2.201 -2.268
-2.211 -2.171 -2.139 -2.204 -2.201 -2.216 -2.224 -2.256 -2.256 -2.179 -2.226 -2.214 -2.176 -2.276 -2.266 -2.209 -2.224 -2.246 -2.234 -2.249 -2.241 -2.259 -2.326 -2.256 -2.226 -2.209 -2.221 -2.174 -2.166 -2.188 -2.288 -2.313 -2.261 -2.233 -2.246 -2.206 -2.258 -2.188 -2.163 -2.258 -2.253 -2.231 -2.263 -2.318 -2.286 -2.228 -2.173 -2.206 -2.141 -2.143 -2.238 -2.228 -2.236 -2.243 -2.281 -2.193 -2.151 -2.271 -2.226 -2.258 -2.251 -2.256 -2.233 -2.266 -2.153 -2.141 -2.198 -2.296 -2.268 -2.173 -2.268 -2.223
-2.224 -2.226 -2.206 -2.191 -2.224 -2.194 -2.199 -2.224 -2.259 -2.131 -2.206 -2.249 -2.239 -2.231 -2.274 -2.234 -2.171 -2.219 -2.224 -2.229 -2.224 -2.196 -2.249 -2.266 -2.306 -2.254 -2.204 -2.224 -2.193 -2.156 -2.216 -2.271 -2.283 -2.261 -2.266 -2.321 -2.276 -2.171 -2.061 -2.153 -2.153 -2.203 -2.318 -2.321 -2.333 -2.258 -2.216 -2.191 -2.198 -2.156 -2.193 -2.216 -2.243 -2.273 -2.268 -2.263 -2.168 -2.188 -2.281 -2.236 -2.193 -2.228 -2.261 -2.281 -2.231 -2.203 -2.206 -2.293 -2.286 -2.248 -2.311 -2.246
