All_lidar/sz5890_DSM_2M.asc
ncols 500
nrows 500
xllcorner    458000
yllcorner    90000
cellsize     2
NODATA_value -9999
[rows 192 to 223 of 500, columns 144 to 215 of 500]
54.405 54.278 54.105 53.688 53.945 54.013 53.915 53.903 53.875 53.825 53.713 53.548 53.438 53.34 53.36 53.39 53.39 53.345 53.248 53.19 53.148 53.038 52.953 52.81 52.713 52.6 52.51 52.428 52.36 52.223 52.093 51.955 51.795 51.675 51.585 51.458 51.348 51.17 51.01 50.88 50.685 50.713 53.015 51.385 49.963 51.535 52.148 50.688 50.073 49.138 48.463 48.075 47.805 47.593 47.365 47.105 46.825 46.59 46.367 46.102 45.8 45.572 45.21 45.022 44.817 44.575 44.42 44.192 43.982 43.735 43.465 43.26
54.355 54.148 53.768 54.18 54.365 54.178 54.1 54.09 53.983 53.89 53.79 53.675 53.548 53.453 53.438 53.453 53.49 53.448 53.378 53.305 53.218 53.12 53.025 52.918 52.82 52.698 52.59 52.503 52.428 52.25 52.158 51.983 51.805 51.703 51.608 51.435 51.305 51.133 50.995 50.863 50.6 51.143 51.06 49.988 49.86 51.695 52.64 51.06 49.448 48.583 48.21 47.93 47.67 47.438 47.225 46.965 46.697 46.467 46.222 45.9 45.625 45.362 45.1 44.875 44.652 44.412 44.232 44.015 43.835 43.597 43.387 43.102
54.305 53.995 54.34 54.52 54.573 54.443 54.285 54.195 54.085 54.065 53.963 53.808 53.765 53.63 53.5 53.548 53.573 53.543 53.5 53.408 53.285 53.183 53.12 53.028 52.928 52.8 52.673 52.578 52.46 52.3 52.128 52.008 51.873 51.715 51.608 51.445 51.278 51.095 50.918 50.69 50.98 52.585 50.253 49.678 49.158 50.218 51.485 49.768 48.695 48.29 48.013 47.74 47.5 47.303 47.1 46.83 46.577 46.3 46.02 45.702 45.417 45.197 44.942 44.717 44.477 44.245 44.065 43.865 43.66 43.447 43.19 42.902
54.138 54.345 54.683 54.783 54.773 54.625 54.47 54.343 54.31 54.28 54.165 54.075 54 53.758 53.65 53.658 53.7 53.643 53.578 53.475 53.38 53.318 53.213 53.088 52.993 52.895 52.773 52.625 52.465 52.308 52.183 52.043 51.888 51.743 51.583 51.418 51.235 51.043 50.81 50.71 52.693 52.405 52.05 49.855 50.028 48.845 48.783 48.85 48.365 48.088 47.853 47.618 47.38 47.135 46.923 46.658 46.387 46.127 45.832 45.552 45.302 45.017 44.797 44.572 44.335 44.102 43.912 43.73 43.462 43.21 42.967 42.725
54.603 54.858 54.873 54.913 54.853 54.763 54.678 54.605 54.465 54.383 54.313 54.233 54.148 53.885 53.785 53.78 53.798 53.758 53.628 53.555 53.485 53.393 53.285 53.188 53.1 52.98 52.825 52.675 52.503 52.348 52.2 52.053 51.908 51.73 51.55 51.368 51.148 50.953 50.725 51.66 53.455 51.9 52.355 53.318 53.34 48.795 48.713 48.488 48.175 47.905 47.703 47.465 47.225 46.98 46.755 46.455 46.225 45.975 45.665 45.395 45.14 44.897 44.67 44.45 44.197 43.997 43.762 43.532 43.237 43.007 42.802 42.597
55.028 54.985 55.005 54.975 54.923 54.898 54.953 54.868 54.64 54.52 54.373 54.245 54.13 53.995 53.938 53.943 53.885 53.803 53.73 53.665 53.573 53.473 53.335 53.265 53.16 53.033 52.868 52.685 52.515 52.385 52.225 52.038 51.92 51.695 51.505 51.29 51.045 50.94 51.91 53.455 52.015 53.033 52.418 52.705 50.643 48.805 48.518 48.328 48.04 47.755 47.57 47.325 47.09 46.818 46.6 46.32 46.097 45.84 45.557 45.255 44.997 44.76 44.52 44.277 44.057 43.817 43.597 43.335 43.115 42.91 42.687 42.495
55.21 55.13 55.113 55.065 55.028 54.99 55.043 54.905 54.793 54.643 54.488 54.298 54.185 54.125 54.123 54.083 53.998 53.925 53.878 53.775 53.658 53.568 53.465 53.353 53.193 53.048 52.885 52.71 52.545 52.4 52.228 52.038 51.843 51.633 51.403 51.148 50.918 52.563 54.363 52.76 51.513 52.49 51.613 50.765 49.705 48.63 48.308 48.143 47.918 47.643 47.405 47.188 46.973 46.728 46.453 46.183 45.91 45.66 45.387 45.1 44.822 44.565 44.342 44.122 43.892 43.672 43.435 43.222 42.995 42.752 42.562 42.37
55.26 55.23 55.205 55.17 55.138 55.06 55.043 54.96 54.895 54.81 54.61 54.425 54.313 54.29 54.255 54.178 54.14 54.063 53.958 53.833 53.743 53.635 53.533 53.403 53.238 53.08 52.895 52.73 52.575 52.39 52.24 52.035 51.808 51.56 51.215 51.168 52.218 52.84 52.89 51.618 53.288 51.838 51.443 50.383 48.8 48.473 48.225 47.975 47.775 47.505 47.245 47.03 46.813 46.533 46.285 46.02 45.742 45.442 45.21 44.977 44.685 44.437 44.21 43.997 43.76 43.557 43.312 43.095 42.89 42.68 42.452 42.27
55.318 55.3 55.278 55.263 55.233 55.183 55.138 55.045 54.94 54.865 54.77 54.528 54.423 54.41 54.34 54.333 54.278 54.173 54.07 53.908 53.823 53.718 53.613 53.43 53.24 53.065 52.9 52.77 52.588 52.425 52.238 52.005 51.763 51.45 51.145 51.208 51.923 53.295 52.163 51.225 52.963 51.405 50.875 49.375 48.548 48.323 48.11 47.875 47.668 47.383 47.115 46.848 46.625 46.403 46.083 45.845 45.572 45.3 45.04 44.782 44.535 44.312 44.102 43.875 43.662 43.445 43.207 42.97 42.777 42.56 42.365 42.175
55.425 55.398 55.365 55.338 55.298 55.27 55.203 55.1 54.998 54.875 54.745 54.605 54.548 54.533 54.495 54.488 54.4 54.26 54.155 54.033 53.9 53.773 53.668 53.468 53.258 53.058 52.95 52.763 52.578 52.413 52.213 51.95 51.653 51.448 51.813 52.068 52.613 51.313 50.193 52.393 51.458 50.53 49.51 48.708 48.395 48.185 47.96 47.75 47.53 47.253 46.978 46.708 46.46 46.21 45.915 45.695 45.412 45.152 44.925 44.657 44.405 44.222 44.012 43.785 43.54 43.332 43.105 42.872 42.657 42.44 42.26 42.082
55.585 55.543 55.5 55.468 55.38 55.333 55.25 55.16 55 54.878 54.768 54.69 54.668 54.655 54.6 54.568 54.48 54.355 54.25 54.095 53.958 53.805 53.665 53.46 53.283 53.075 52.895 52.76 52.558 52.358 52.163 51.848 51.52 51.493 52.343 51.163 49.888 50.66 51.818 51.393 49.825 49.538 48.813 48.493 48.273 48.058 47.825 47.623 47.365 47.133 46.855 46.598 46.305 46.035 45.783 45.535 45.272 45.03 44.83 44.552 44.28 44.1 43.902 43.65 43.432 43.225 42.96 42.74 42.55 42.307 42.117 41.932
55.74 55.728 55.648 55.585 55.505 55.405 55.283 55.168 55.043 54.94 54.85 54.85 54.825 54.758 54.725 54.608 54.483 54.405 54.283 54.178 54.018 53.843 53.653 53.438 53.245 53.08 52.963 52.778 52.558 52.32 52.023 51.708 51.395 52.043 52.155 50.48 50.993 51.91 51.885 51.238 49.663 48.88 48.595 48.33 48.088 47.875 47.66 47.475 47.25 46.97 46.703 46.435 46.175 45.915 45.635 45.385 45.16 44.885 44.635 44.417 44.182 43.965 43.782 43.522 43.3 43.077 42.857 42.607 42.402 42.19 41.995 41.787
55.883 55.833 55.773 55.698 55.608 55.478 55.33 55.17 55.098 55.005 55.023 55.015 54.938 54.888 54.795 54.643 54.553 54.45 54.37 54.235 54.04 53.86 53.663 53.505 53.325 53.203 52.983 52.74 52.49 52.225 51.943 51.558 51.493 52.88 51.07 50.24 51.513 51.205 50.428 49.943 49.07 48.703 48.45 48.168 47.905 47.688 47.488 47.3 47.055 46.793 46.523 46.253 46.01 45.765 45.488 45.245 45.032 44.747 44.527 44.31 44.095 43.85 43.632 43.375 43.157 42.965 42.732 42.515 42.302 42.102 41.862 41.655
55.99 55.935 55.845 55.808 55.73 55.565 55.355 55.248 55.163 55.153 55.168 55.15 55.053 54.95 54.828 54.703 54.585 54.51 54.453 54.255 54.078 53.885 53.703 53.56 53.42 53.255 52.968 52.698 52.39 52.14 52.05 52.448 51.855 52.14 52.503 52.595 51.2 49.998 49.293 49.03 48.78 48.535 48.273 48.01 47.76 47.545 47.343 47.113 46.883 46.605 46.353 46.095 45.85 45.635 45.34 45.115 44.877 44.652 44.42 44.152 43.94 43.707 43.497 43.247 43.01 42.827 42.622 42.372 42.147 41.947 41.715 41.497
56.03 55.938 55.893 55.91 55.798 55.635 55.473 55.398 55.358 55.328 55.278 55.233 55.118 55.008 54.915 54.79 54.7 54.575 54.445 54.26 54.085 53.915 53.793 53.623 53.38 53.143 52.865 52.563 52.228 52.153 52.388 51.58 53.2 51.183 53.195 52.023 50.565 49.355 49.148 48.895 48.635 48.408 48.125 47.893 47.65 47.403 47.163 46.91 46.69 46.388 46.123 45.875 45.64 45.413 45.183 44.945 44.707 44.492 44.265 44.05 43.827 43.615 43.35 43.142 42.932 42.73 42.557 42.32 42.11 41.917 41.677 41.472
56.4 56.183 56.025 56.04 55.945 55.778 55.668 55.575 55.52 55.49 55.42 55.3 55.208 55.05 54.955 54.87 54.768 54.613 54.448 54.233 54.108 53.953 53.795 53.608 53.363 53.073 52.74 52.373 52.075 52.31 53.855 52.693 51.023 51.268 53.545 51.585 49.56 49.203 48.948 48.713 48.5 48.25 47.988 47.725 47.48 47.243 47.003 46.788 46.518 46.26 46.025 45.78 45.545 45.34 45.108 44.913 44.685 44.455 44.25 44.017 43.79 43.552 43.37 43.142 42.95 42.765 42.562 42.335 42.107 41.92 41.672 41.427
57.403 57.42 56.533 56.12 56.075 55.958 55.833 55.723 55.633 55.578 55.495 55.39 55.26 55.143 55.048 54.91 54.803 54.668 54.5 54.298 54.168 54.008 53.803 53.573 53.278 52.97 52.61 52.258 52.345 52.435 53.648 53.985 51.33 50.893 50.653 49.79 49.325 49.088 48.858 48.63 48.395 48.17 47.933 47.683 47.425 47.205 46.973 46.738 46.478 46.248 45.985 45.758 45.553 45.328 45.105 44.885 44.635 44.43 44.217 43.995 43.755 43.582 43.375 43.165 42.922 42.727 42.572 42.325 42.09 41.86 41.647 41.407
56.47 56.78 56.175 56.213 56.21 56.145 56.023 55.878 55.738 55.655 55.555 55.438 55.33 55.243 55.133 55.01 54.858 54.68 54.5 54.328 54.18 53.98 53.795 53.5 53.178 52.883 52.563 52.245 52.065 52.07 52.878 53.203 52.868 52.1 49.798 49.493 49.28 49.063 48.825 48.59 48.39 48.135 47.883 47.64 47.4 47.158 46.915 46.675 46.45 46.198 45.96 45.735 45.515 45.278 45.055 44.85 44.625 44.405 44.205 44.007 43.76 43.557 43.397 43.175 42.975 42.762 42.595 42.367 42.097 41.87 41.67 41.427
56.333 56.33 56.27 56.328 56.288 56.19 56.08 55.973 55.885 55.748 55.625 55.55 55.475 55.363 55.195 55.018 54.833 54.7 54.503 54.33 54.148 53.988 53.753 53.458 53.14 52.825 52.768 52.435 51.885 52.458 53.133 52.453 51.728 50.273 49.81 49.48 49.268 49.02 48.798 48.585 48.335 48.055 47.818 47.575 47.3 47.098 46.853 46.61 46.388 46.143 45.915 45.698 45.48 45.223 45.03 44.843 44.605 44.402 44.157 43.952 43.76 43.582 43.392 43.17 42.97 42.782 42.567 42.332 42.08 41.85 41.627 41.395
56.475 56.39 56.463 56.338 56.32 56.233 56.108 56.023 55.905 55.765 55.695 55.66 55.598 55.42 55.233 55.033 54.855 54.693 54.515 54.355 54.158 53.925 53.703 53.375 53.043 53.085 53.14 52.615 52.243 53.098 53.398 52.865 50.835 49.953 49.718 49.453 49.225 48.998 48.75 48.523 48.258 47.985 47.73 47.505 47.28 47.038 46.79 46.57 46.34 46.12 45.873 45.668 45.443 45.215 45.015 44.803 44.622 44.377 44.155 43.942 43.717 43.55 43.337 43.15 42.895 42.645 42.455 42.23 41.982 41.73 41.482 41.275
56.48 56.628 56.428 56.433 56.36 56.27 56.315 56.238 55.948 55.843 55.793 55.713 55.613 55.46 55.265 55.033 54.885 54.705 54.56 54.36 54.083 53.88 53.598 53.23 53.033 53.4 53.398 52.673 52.413 52.715 52.863 52.61 50.43 49.923 49.678 49.45 49.19 48.96 48.71 48.458 48.218 47.943 47.688 47.428 47.228 46.993 46.743 46.5 46.288 46.038 45.82 45.565 45.355 45.148 44.925 44.71 44.517 44.327 44.105 43.872 43.655 43.427 43.26 43.057 42.822 42.59 42.38 42.17 41.912 41.68 41.447 41.202
56.585 56.685 56.5 56.478 56.418 56.358 56.228 56.125 56.045 55.978 55.91 55.788 55.625 55.48 55.31 55.113 54.918 54.72 54.533 54.345 54.013 53.74 53.388 53.06 53.44 53.688 53.215 52.418 52.72 52.588 52.383 51.248 50.253 49.86 49.645 49.405 49.143 48.925 48.648 48.375 48.123 47.873 47.608 47.338 47.105 46.87 46.64 46.368 46.13 45.908 45.715 45.513 45.285 45.073 44.855 44.693 44.495 44.267 44.06 43.84 43.63 43.415 43.21 43.005 42.76 42.545 42.337 42.115 41.855 41.627 41.355 41.11
56.573 56.588 56.508 56.535 56.478 56.393 56.288 56.18 56.19 56.118 55.985 55.843 55.678 55.518 55.32 55.155 54.958 54.75 54.523 54.263 53.923 53.63 53.26 53.358 53.988 53.985 53.388 52.583 52.445 52.24 51.893 50.713 50.133 49.813 49.55 49.31 49.06 48.815 48.54 48.278 48.015 47.778 47.533 47.278 47.05 46.795 46.563 46.325 46.113 45.85 45.69 45.468 45.248 45.068 44.838 44.613 44.435 44.197 43.967 43.76 43.562 43.367 43.157 42.922 42.717 42.45 42.292 42.045 41.8 41.575 41.29 41.027
56.493 56.54 56.55 56.598 56.558 56.423 56.338 56.295 56.238 56.16 55.995 55.885 55.733 55.518 55.36 55.208 55.025 54.77 54.498 54.193 53.84 53.61 53.69 53.718 54.078 53.935 53.49 53.643 52.903 52.115 51.405 50.43 50.015 49.755 49.5 49.263 49.03 48.788 48.53 48.255 48 47.738 47.48 47.248 46.99 46.748 46.525 46.258 46.033 45.815 45.618 45.428 45.183 44.98 44.775 44.588 44.372 44.142 43.902 43.7 43.492 43.28 43.087 42.887 42.64 42.452 42.185 41.932 41.697 41.465 41.225 40.947
56.54 56.588 56.705 56.675 56.628 56.545 56.44 56.393 56.288 56.16 56.033 55.925 55.77 55.585 55.415 55.228 55.035 54.78 54.505 54.135 53.778 54.1 54.103 54.21 53.965 53.523 54.353 54.92 53.17 51.875 51.15 50.328 49.975 49.71 49.47 49.208 48.975 48.733 48.478 48.225 47.968 47.728 47.46 47.18 46.935 46.693 46.473 46.22 45.985 45.758 45.535 45.353 45.148 44.93 44.73 44.5 44.282 44.072 43.847 43.675 43.462 43.315 43.2 42.982 42.94 42.537 42.245 42.095 41.69 41.775 41.862 41.022
56.653 56.643 56.803 56.813 56.735 56.608 56.548 56.47 56.34 56.203 56.01 55.91 55.778 55.653 55.493 55.278 55.063 54.785 54.488 54.108 54.023 54.518 54.805 54.653 54.143 52.805 53.693 53.905 52.81 51.683 50.858 50.243 49.96 49.698 49.443 49.193 48.95 48.73 48.453 48.2 47.955 47.705 47.39 47.098 46.88 46.64 46.435 46.213 45.983 45.738 45.525 45.318 45.115 44.948 44.755 44.575 44.312 44.172 43.95 43.695 43.815 43.972 44.18 43.565 43.402 44.422 45.025 44.64 43.015 44.057 44.205 43.962
56.87 56.953 56.998 57.078 57.068 56.818 56.585 56.495 56.345 56.19 56.125 56.088 55.858 55.703 55.528 55.305 55.063 54.753 54.428 54.185 54.465 54.508 54.508 54.615 54.918 53.4 52.028 52.398 52.125 51.393 50.623 50.175 49.905 49.683 49.448 49.175 48.968 49.138 48.605 48.27 48 47.783 47.553 47.11 46.93 47.203 47.14 47.325 47.535 45.95 45.74 45.9 45.518 45.008 44.743 44.585 44.572 45.29 44.045 44.9 45.432 45.932 46.045 46.14 45.337 45.247 46.402 45.562 44.805 44.212 43.04 42.567
57.205 58.195 57.145 57.155 57.245 56.92 56.728 56.475 56.36 56.253 56.128 56.118 55.935 55.778 55.563 55.32 55.055 54.715 54.418 54.308 54.475 54.638 54.688 54.368 54.623 53.573 52.243 51.87 51.33 50.758 50.63 50.8 50.333 50.09 50.095 49.578 49.523 50.545 49.8 49.315 48.383 48.78 49.245 49.315 48.57 48.835 49.52 49.84 49.223 46.483 46.523 47.87 48.43 47.588 47.073 47.378 46.47 46.052 45.69 45.01 46.077 46.945 44.947 45.537 45.565 45.165 45.427 44.72 45.042 42.427 42.222 41.355
57.193 57.813 57.33 57.245 57.193 57.078 56.858 56.703 56.62 56.458 56.323 56.125 56.055 55.845 55.58 55.325 55.01 54.705 54.75 54.64 54.253 54.495 54.395 54.013 53.58 52.948 53.075 51.858 52.018 51.135 53.125 52.63 53.02 51.435 51.263 49.985 51.943 51.345 51.07 50.995 50.19 49.813 49.98 50.268 47.465 46.665 48.47 49.803 46.55 47.99 47.998 48.255 47.743 47.898 47.843 47.183 46.327 46.247 46.787 46.362 45.287 44.072 43.777 44.122 43.775 42.772 42.542 42.337 41.847 41.56 41.267 41.095
56.855 57.005 57.263 56.94 56.685 57.148 57.023 56.86 56.885 56.668 56.575 56.245 56.205 56.04 55.67 55.305 55.1 55.093 55.233 55.013 54.373 53.973 53.923 53.36 53.653 54.185 53.568 53.295 52.975 52.275 52.52 53.205 54.365 51.38 50.303 51.67 51.365 51.075 51.028 50.155 51.693 49.303 50.518 49.895 49.69 49.118 49.953 48.08 48.433 48.2 47.56 47.4 47.635 46.625 45.973 45.413 45.202 44.86 44.717 44.022 43.61 43.297 43.105 42.88 42.677 42.452 42.207 41.962 41.732 41.545 41.342 41.137
56.878 56.88 56.943 56.925 56.678 57.208 57.158 57.233 56.83 56.758 56.503 56.363 56.265 56.088 55.61 55.365 55.675 55.615 55.665 55.475 54.923 53.635 53.928 53.753 54.353 55.03 55.403 55.335 53.413 54.653 51.593 55.31 51.88 50.498 50.62 52.055 53.015 51.305 49.78 49.565 51.188 50.878 49.245 48.358 48.068 47.553 47.453 47.675 47.303 46.785 46.088 45.918 45.463 45.293 45.055 44.665 44.465 44.262 44.03 43.8 43.545 43.312 43.092 42.867 42.65 42.43 42.22 42.01 41.807 41.617 41.43 41.227
58.25 57.348 56.74 56.815 56.995 57.608 57.87 57.168 56.825 56.695 56.443 56.46 56.258 55.988 55.645 55.618 56.098 56.688 57.085 55.213 54.44 53.48 54.153 53.99 53.963 53.68 53.37 53.405 51.633 53.225 50.7 51.548 50.833 49.833 50.08 49.983 50.508 50.15 49.685 49.363 49.29 48.828 48.185 47.693 47.198 46.888 46.493 46.41 46.07 45.863 45.685 45.513 45.36 45.223 45.023 44.798 44.565 44.372 44.145 43.902 43.612 43.375 43.132 42.902 42.667 42.437 42.235 42.027 41.847 41.617 41.425 41.242
