All_lidar/sz5889_DSM_2M.asc
ncols 500
nrows 500
xllcorner    458000
yllcorner    89000
cellsize     2
NODATA_value -9999
[rows 384 to 415 of 500, columns 216 to 287 of 500]
28.042 27.967 27.97 27.99 27.945 27.932 27.972 27.937 27.942 27.9 27.917 27.877 27.847 27.8 27.767 27.73 27.727 27.712 27.692 27.66 27.647 27.645 27.632 27.552 27.502 27.4 27.312 27.287 27.262 27.237 27.165 27.115 27.057 26.972 26.907 26.867 26.802 26.717 26.634 26.569 26.479 26.442 26.347 26.307 26.199 26.114 26.027 25.934 25.899 25.822 25.737 25.602 25.479 25.374 25.192 25.074 24.924 24.794 24.714 24.669 24.659 24.634 24.654 25.799 24.694 24.662 24.667 24.774 24.854 25.007 25.164 25.374
28.102 28.022 28.01 28.052 28.027 28.015 28.03 27.99 27.985 27.947 27.905 27.907 27.862 27.85 27.802 27.782 27.772 27.755 27.73 27.705 27.692 27.67 27.645 27.585 27.55 27.455 27.365 27.322 27.302 27.28 27.212 27.165 27.087 27.027 26.954 26.897 26.822 26.737 26.662 26.589 26.514 26.474 26.417 26.322 26.209 26.114 26.052 25.944 25.884 25.799 25.704 25.609 25.499 25.364 25.204 25.092 24.904 24.799 24.714 24.659 24.664 24.652 24.719 25.862 24.744 24.684 24.744 24.837 24.927 25.054 25.224 25.402
28.172 28.085 28.055 28.077 28.072 28.07 28.072 28.035 28.007 27.992 27.977 27.935 27.915 27.897 27.842 27.837 27.82 27.795 27.782 27.745 27.735 27.69 27.672 27.617 27.555 27.5 27.425 27.385 27.362 27.325 27.267 27.195 27.142 27.077 27.007 26.934 26.859 26.762 26.682 26.622 26.559 26.509 26.437 26.327 26.232 26.127 26.042 25.934 25.882 25.797 25.722 25.612 25.477 25.369 25.202 25.084 24.939 24.829 24.694 24.644 24.654 24.664 24.964 25.544 24.749 24.744 24.847 24.949 25.057 25.152 25.292 25.454
28.222 28.17 28.13 28.12 28.142 28.115 28.097 28.082 28.05 28.035 28.012 27.972 27.937 27.922 27.882 27.88 27.85 27.835 27.812 27.76 27.772 27.71 27.705 27.625 27.56 27.52 27.447 27.45 27.412 27.367 27.33 27.237 27.21 27.135 27.052 26.969 26.882 26.804 26.729 26.644 26.582 26.524 26.439 26.364 26.254 26.149 26.069 25.972 25.894 25.817 25.687 25.587 25.477 25.334 25.214 25.094 24.942 24.829 24.719 24.659 24.657 24.699 25.107 25.179 24.864 24.842 24.944 25.037 25.124 25.259 25.364 25.537
28.305 28.23 28.152 28.152 28.182 28.142 28.135 28.132 28.105 28.075 28.06 28.037 27.992 27.94 27.925 27.915 27.897 27.892 27.835 27.792 27.772 27.737 27.685 27.627 27.577 27.535 27.49 27.46 27.462 27.375 27.372 27.272 27.227 27.155 27.084 26.994 26.919 26.852 26.764 26.702 26.644 26.572 26.492 26.424 26.299 26.207 26.112 26.022 25.904 25.792 25.717 25.599 25.474 25.364 25.222 25.107 24.952 24.857 24.739 24.704 24.662 24.754 25.667 25.239 24.874 24.937 25.052 25.167 25.224 25.332 25.464 25.599
28.36 28.287 28.22 28.19 28.215 28.227 28.185 28.187 28.132 28.117 28.082 28.067 28.047 28.015 27.98 27.952 27.94 27.9 27.877 27.815 27.797 27.752 27.705 27.637 27.587 27.525 27.51 27.497 27.465 27.437 27.372 27.292 27.24 27.162 27.107 27.024 26.949 26.897 26.817 26.742 26.674 26.602 26.539 26.472 26.362 26.237 26.117 26.047 25.947 25.812 25.734 25.609 25.494 25.377 25.239 25.132 24.999 24.869 24.764 24.709 24.699 24.804 25.912 25.137 24.979 24.997 25.112 25.259 25.362 25.434 25.544 25.682
28.395 28.38 28.277 28.21 28.23 28.262 28.19 28.23 28.192 28.17 28.12 28.105 28.092 28.075 28.025 27.977 27.977 27.93 27.905 27.83 27.805 27.782 27.722 27.662 27.607 27.565 27.537 27.527 27.47 27.407 27.407 27.312 27.252 27.212 27.149 27.034 26.972 26.912 26.842 26.782 26.704 26.637 26.574 26.492 26.392 26.307 26.174 26.074 25.944 25.832 25.722 25.627 25.502 25.412 25.267 25.152 25.024 24.894 24.794 24.742 24.747 24.807 25.869 25.737 25.154 25.109 25.199 25.297 25.402 25.482 25.594 25.727
28.47 28.412 28.375 28.262 28.275 28.292 28.265 28.27 28.235 28.242 28.177 28.177 28.16 28.115 28.08 28.05 28.025 27.99 27.935 27.87 27.82 27.8 27.747 27.7 27.637 27.602 27.562 27.532 27.507 27.437 27.397 27.342 27.272 27.222 27.169 27.054 26.999 26.922 26.859 26.804 26.739 26.677 26.619 26.542 26.424 26.349 26.237 26.094 25.974 25.867 25.744 25.637 25.542 25.437 25.302 25.187 25.057 24.932 24.839 24.774 24.759 24.867 26.012 25.194 26.684 25.149 25.247 25.334 25.387 25.519 25.639 25.779
28.532 28.465 28.432 28.342 28.315 28.315 28.315 28.32 28.285 28.277 28.23 28.25 28.22 28.195 28.137 28.09 28.072 28.027 27.97 27.917 27.87 27.825 27.755 27.74 27.685 27.635 27.6 27.57 27.537 27.48 27.43 27.35 27.29 27.227 27.157 27.054 26.989 26.917 26.882 26.817 26.749 26.672 26.649 26.557 26.459 26.404 26.287 26.127 26.019 25.909 25.792 25.649 25.552 25.452 25.352 25.234 25.082 24.967 24.877 24.799 24.812 24.919 28.704 28.449 29.489 26.284 25.319 25.357 25.409 25.529 25.684 25.832
28.522 28.567 28.52 28.41 28.385 28.38 28.4 28.41 28.36 28.337 28.285 28.317 28.275 28.257 28.19 28.16 28.102 28.065 27.997 27.975 27.905 27.882 27.825 27.797 27.732 27.667 27.625 27.587 27.545 27.47 27.425 27.367 27.305 27.25 27.194 27.077 27.019 26.947 26.904 26.837 26.749 26.694 26.662 26.567 26.469 26.399 26.277 26.169 26.067 25.952 25.804 25.687 25.599 25.477 25.374 25.247 25.122 25.034 24.892 24.847 24.837 25.114 26.777 28.977 33.819 27.357 28.022 25.487 25.489 25.592 25.714 25.949
28.64 28.637 28.635 28.567 28.5 28.502 28.477 28.467 28.422 28.365 28.315 28.35 28.332 28.315 28.257 28.212 28.17 28.11 28.07 28.072 27.977 27.982 27.897 27.877 27.81 27.745 27.682 27.65 27.567 27.52 27.462 27.395 27.322 27.277 27.182 27.102 27.007 26.957 26.919 26.857 26.777 26.719 26.647 26.574 26.469 26.397 26.294 26.199 26.072 25.964 25.849 25.754 25.637 25.517 25.437 25.299 25.149 25.024 24.922 25.554 27.684 25.007 29.197 30.874 29.909 25.979 26.762 25.444 25.522 25.614 25.812 26.314
28.687 28.687 28.7 28.662 28.595 28.562 28.552 28.54 28.49 28.405 28.38 28.365 28.365 28.35 28.287 28.285 28.225 28.19 28.135 28.1 28.067 28.025 27.962 27.957 27.887 27.817 27.757 27.705 27.63 27.55 27.477 27.417 27.342 27.307 27.204 27.109 27.039 26.994 26.912 26.859 26.782 26.727 26.667 26.577 26.477 26.374 26.294 26.217 26.094 25.984 25.859 25.789 25.637 25.559 25.452 25.309 25.182 25.124 25.552 26.417 26.897 27.654 30.262 34.037 32.057 28.039 28.182 27.354 25.514 25.984 25.957 26.159
28.802 28.77 28.727 28.75 28.685 28.62 28.637 28.595 28.55 28.482 28.435 28.447 28.412 28.382 28.345 28.33 28.295 28.235 28.185 28.135 28.09 28.072 27.99 27.985 27.922 27.85 27.832 27.8 27.727 27.627 27.55 27.467 27.397 27.337 27.234 27.142 27.077 27.022 26.949 26.847 26.792 26.759 26.662 26.579 26.499 26.389 26.289 26.187 26.092 25.954 25.869 25.774 25.664 25.557 25.454 25.317 25.209 25.419 27.034 27.089 30.454 27.277 29.222 29.254 31.282 27.494 30.102 32.472 29.612 27.679 26.684 26.094
28.857 28.862 28.825 28.79 28.745 28.695 28.652 28.64 28.6 28.545 28.512 28.49 28.485 28.425 28.422 28.377 28.345 28.3 28.262 28.21 28.155 28.105 28.057 28.012 27.975 27.917 27.862 27.852 27.782 27.687 27.6 27.51 27.427 27.372 27.297 27.207 27.094 27.042 26.984 26.914 26.869 26.799 26.732 26.604 26.502 26.404 26.307 26.169 26.099 25.964 25.862 25.752 25.619 25.542 25.457 25.332 25.237 25.114 26.199 26.994 27.964 27.009 25.392 28.274 29.959 28.987 29.427 29.522 30.797 25.789 26.017 26.192
28.902 28.935 28.927 28.877 28.822 28.767 28.722 28.68 28.677 28.635 28.58 28.55 28.545 28.487 28.485 28.457 28.42 28.387 28.335 28.272 28.205 28.152 28.082 28.052 27.987 27.937 27.94 27.905 27.797 27.757 27.672 27.557 27.5 27.435 27.344 27.252 27.187 27.107 27.029 26.947 26.889 26.849 26.719 26.637 26.519 26.424 26.314 26.182 26.077 25.979 25.864 25.734 25.599 25.534 25.419 25.332 25.254 25.134 25.032 26.234 26.834 29.237 30.967 25.047 29.349 30.334 27.432 32.909 29.472 25.969 26.079 26.154
28.947 28.975 28.99 28.972 28.875 28.815 28.795 28.74 28.77 28.695 28.652 28.595 28.587 28.537 28.545 28.532 28.5 28.432 28.397 28.312 28.257 28.167 28.12 28.085 27.997 27.99 27.952 27.917 27.877 27.805 27.7 27.642 27.557 27.49 27.379 27.342 27.267 27.179 27.094 26.992 26.954 26.869 26.752 26.682 26.577 26.422 26.302 26.204 26.082 25.977 25.867 25.762 25.602 25.519 25.432 25.342 25.249 25.149 25.062 25.039 25.077 26.589 28.739 30.712 27.804 27.619 27.159 26.739 30.814 26.259 26.124 25.929
29.014 29.034 29.019 29.002 28.914 28.877 28.824 28.779 28.802 28.729 28.714 28.664 28.662 28.614 28.602 28.594 28.569 28.497 28.442 28.352 28.287 28.202 28.154 28.079 28.022 27.977 27.957 27.934 27.884 27.839 27.734 27.729 27.632 27.597 27.497 27.362 27.294 27.232 27.124 27.019 26.972 26.897 26.789 26.699 26.594 26.452 26.352 26.224 26.089 25.977 25.874 25.747 25.619 25.522 25.404 25.332 25.264 25.162 25.109 25.097 25.179 26.382 25.952 25.622 27.279 27.097 25.604 25.792 26.037 26.039 25.897 25.842
29.079 29.072 29.079 29.027 28.939 28.884 28.849 28.827 28.832 28.777 28.792 28.724 28.724 28.717 28.697 28.657 28.624 28.569 28.482 28.384 28.342 28.259 28.179 28.119 28.044 27.987 27.987 27.962 27.907 27.854 27.832 27.717 27.717 27.639 27.529 27.422 27.344 27.267 27.172 27.039 27.004 26.922 26.832 26.734 26.617 26.477 26.379 26.252 26.157 26.027 25.924 25.809 25.662 25.529 25.422 25.332 25.267 25.194 25.144 25.167 25.389 28.284 25.569 25.867 25.824 25.437 25.799 25.994 25.964 25.814 25.859 25.949
29.147 29.104 29.079 29.032 28.967 28.917 28.887 28.899 28.877 28.849 28.862 28.807 28.794 28.787 28.787 28.732 28.652 28.607 28.552 28.492 28.397 28.322 28.232 28.157 28.082 28.029 28.017 28.004 27.939 27.907 27.857 27.784 27.769 29.117 27.549 27.454 27.392 27.337 27.224 27.084 27.014 26.927 26.847 26.737 26.632 26.507 26.429 26.294 26.149 26.064 25.954 25.827 25.677 25.537 25.449 25.354 25.284 25.224 25.167 25.207 25.749 27.527 25.882 26.177 25.879 25.742 25.947 25.949 25.834 25.914 25.972 25.922
29.212 29.124 29.182 29.092 29.049 29.029 28.952 28.944 28.962 28.897 28.867 28.859 28.852 28.844 28.824 28.764 28.732 28.667 28.634 28.544 28.472 28.367 28.294 28.209 28.162 28.084 28.047 28.014 27.987 27.929 27.872 27.849 27.807 28.767 28.534 27.512 27.422 27.312 27.214 27.112 27.047 26.927 26.872 26.752 26.649 26.567 26.482 26.337 26.194 26.092 25.962 25.854 25.702 25.567 25.469 25.389 25.329 25.244 25.229 25.257 26.062 27.592 25.474 25.534 25.802 25.934 25.949 25.847 25.942 26.004 25.932 25.904
29.137 29.047 29.067 29.132 29.162 29.172 29.054 29.017 29.019 28.974 28.937 28.917 28.884 28.874 28.854 28.814 28.787 28.739 28.689 28.619 28.549 28.444 28.377 28.259 28.194 28.134 28.097 28.054 28.022 27.919 27.899 27.832 27.807 27.724 27.614 27.492 27.417 27.329 27.219 27.129 27.062 26.919 26.847 26.749 26.672 26.597 26.504 26.372 26.237 26.124 26.009 25.874 25.742 25.589 25.494 25.399 25.334 25.299 25.274 25.357 27.147 26.509 25.504 25.829 25.977 25.949 25.882 26.034 26.034 25.957 25.944 26.052
29.519 29.142 29.187 29.147 29.219 29.217 29.147 29.094 29.107 29.067 29.002 28.989 28.919 28.889 28.877 28.809 28.794 28.762 28.707 28.667 28.599 28.507 28.444 28.304 28.259 28.187 28.137 28.087 28.022 27.957 27.904 27.854 27.767 27.664 27.609 27.532 27.467 27.347 27.229 27.124 27.069 26.952 26.847 26.754 26.692 26.604 26.507 26.377 26.244 26.157 26.037 25.917 25.782 25.662 25.529 25.424 25.359 25.337 25.384 26.279 25.947 25.624 25.954 26.077 26.082 25.879 25.989 26.047 25.999 25.924 25.922 26.129
30.292 30.334 30.379 29.629 29.249 29.357 29.469 29.374 29.324 29.164 29.067 29.027 28.962 28.909 28.869 28.847 28.829 28.747 28.714 28.654 28.599 28.507 28.434 28.362 28.277 28.207 28.124 28.109 28.037 27.959 27.909 27.819 27.757 27.692 27.622 27.529 27.497 27.352 27.252 27.142 27.062 26.959 26.874 26.772 26.679 26.599 26.509 26.379 26.292 26.172 26.072 25.939 25.802 25.694 25.567 25.477 25.467 25.449 26.952 29.147 25.519 25.959 26.182 26.137 25.969 26.022 26.049 26.014 25.889 25.864 25.944 26.179
29.614 29.687 29.939 30.069 30.807 30.314 29.372 29.327 29.292 29.227 29.147 29.077 29.022 28.979 28.927 28.887 28.832 28.754 28.689 28.672 28.649 28.522 28.452 28.362 28.292 28.187 28.132 28.082 27.999 27.947 27.872 27.812 27.764 27.702 27.612 27.519 27.444 27.377 27.254 27.194 27.077 26.967 26.857 26.752 26.672 26.599 26.492 26.399 26.299 26.147 26.034 25.919 25.849 25.699 25.627 25.572 25.559 25.954 26.879 26.899 25.977 26.257 26.154 26.017 26.094 26.084 25.992 25.862 25.752 25.904 26.054 26.024
30.387 29.922 29.624 29.649 29.652 29.637 29.549 29.464 29.552 29.829 29.459 29.732 29.204 29.127 29.017 28.934 28.859 28.827 28.759 28.679 28.637 28.574 28.492 28.382 28.299 28.194 28.134 28.072 28.012 27.949 27.869 27.824 27.764 27.674 27.577 27.509 27.417 27.364 27.267 27.207 27.094 26.984 26.857 26.722 26.654 26.552 26.494 26.374 26.294 26.182 26.059 25.937 25.852 25.757 25.699 25.809 27.442 29.319 26.137 26.054 26.274 26.227 26.034 26.117 26.119 26.024 25.862 25.634 25.764 25.844 25.849 25.984
31.394 31.479 30.919 29.749 29.669 29.699 29.677 29.649 29.569 29.592 29.752 30.097 29.684 30.927 30.827 30.739 29.622 29.149 28.904 28.809 28.739 28.684 28.642 28.482 28.352 28.262 28.164 28.117 28.017 27.974 27.909 27.799 27.742 27.697 27.584 27.507 27.424 27.349 27.264 27.192 27.069 26.929 26.822 26.727 26.634 26.559 26.484 26.367 26.284 26.154 26.072 25.969 25.894 25.807 25.794 26.882 28.512 26.679 26.109 26.334 26.187 26.099 26.132 26.129 26.039 25.902 25.664 25.682 25.742 25.734 25.854 25.962
30.094 30.249 29.899 29.642 30.689 30.814 29.639 29.627 29.627 29.619 29.627 29.589 29.532 29.567 29.839 30.447 31.947 30.104 29.322 29.197 28.899 28.782 28.799 28.572 28.439 28.277 28.707 28.189 28.032 28.002 28.402 28.739 27.737 27.654 27.574 27.519 27.417 27.309 27.187 27.139 27.077 26.939 26.799 26.732 26.602 26.544 26.484 26.347 26.242 26.127 26.039 25.972 25.927 25.937 28.024 29.602 27.129 26.244 26.384 26.299 26.159 26.189 26.184 26.004 25.887 25.669 25.634 25.594 25.589 25.714 25.819 25.969
29.977 29.844 29.717 30.292 31.592 31.949 30.392 29.639 29.599 29.597 29.622 29.637 29.634 29.627 29.627 29.629 29.679 29.727 30.412 30.204 29.459 29.317 29.532 29.347 28.749 28.462 29.602 28.694 28.164 30.044 35.012 28.269 29.294 27.667 27.584 27.502 27.422 27.287 27.187 27.119 27.012 26.922 26.822 26.739 26.654 26.562 26.494 26.367 26.267 26.174 26.104 25.987 26.657 26.707 26.172 26.169 26.264 26.412 26.349 26.244 26.189 26.177 26.042 25.877 25.709 25.682 25.579 25.509 25.544 25.652 25.802 25.919
29.842 29.812 30.457 30.327 30.514 31.622 30.199 29.722 29.714 29.889 29.972 29.899 29.597 29.957 30.104 29.672 29.574 29.589 29.569 29.657 30.202 29.784 29.759 29.447 31.159 29.754 28.939 28.617 28.464 29.719 30.844 28.217 30.827 27.732 27.664 27.502 27.472 27.322 27.217 27.489 27.077 26.979 26.859 26.809 26.747 26.592 26.469 26.424 26.332 26.217 26.187 26.259 27.032 26.782 26.024 26.327 26.384 26.312 26.239 26.219 26.184 26.089 25.939 25.602 25.512 25.514 25.442 25.497 25.517 25.624 25.769 25.904
29.889 30.294 31.102 30.902 30.847 30.617 29.899 29.634 29.552 29.407 29.357 29.302 29.242 29.579 30.537 30.572 29.939 29.657 29.577 29.629 29.622 29.694 29.697 29.779 30.072 30.734 30.504 29.544 29.512 32.087 32.729 30.374 32.192 28.904 27.947 27.742 27.769 28.012 27.319 29.319 27.164 27.079 26.982 29.054 27.679 28.032 29.107 26.392 26.332 26.242 26.314 26.232 26.692 26.147 26.327 26.359 26.239 26.229 26.284 26.234 26.077 25.872 25.622 25.419 25.422 25.449 25.392 25.467 25.537 25.647 25.777 25.917
30.212 30.734 30.504 30.232 30.392 30.819 29.749 29.622 29.497 29.377 29.354 29.372 29.284 29.232 29.127 29.477 30.509 30.477 29.739 29.519 29.564 29.654 29.664 29.714 29.732 29.747 29.899 29.874 30.464 30.419 30.052 31.792 31.002 29.557 28.677 29.327 31.137 28.792 29.862 27.747 29.494 27.332 27.124 27.079 32.002 30.172 28.069 26.459 26.369 26.279 26.282 26.129 26.307 26.382 26.337 26.222 26.252 26.314 26.214 26.097 25.917 25.649 25.507 25.462 25.352 25.344 25.352 25.447 25.532 25.669 25.817 25.927
29.947 30.092 30.129 30.099 30.452 30.709 29.604 29.564 29.492 29.384 29.342 29.297 29.239 29.187 29.097 29.032 29.019 30.044 29.702 29.174 29.537 30.039 30.004 29.674 29.747 29.822 29.882 29.927 29.982 30.012 30.274 31.042 30.972 30.412 29.937 29.567 31.829 30.154 29.619 28.557 28.342 27.989 29.427 29.202 32.219 30.492 27.252 26.892 26.682 26.469 26.497 26.557 26.482 26.354 26.257 26.314 26.337 26.272 26.122 26.037 25.799 25.437 25.379 25.324 25.274 25.322 25.369 25.447 25.602 25.732 25.829 25.949
