All_lidar/sz5885_DSM_2M.asc
ncols 500
nrows 500
xllcorner    458000
yllcorner    85000
cellsize     2
NODATA_value -9999
[rows 408 to 441 of 500, columns 152 to 227 of 500]
2.075 2.063 2.12 2.168 2.283 2.308 2.33 2.343 2.385 2.235 2.318 2.308 2.405 2.333 2.288 2.18 2.358 2.428 2.365 2.46 2.36 2.305 2.31 2.295 2.378 2.355 2.355 2.323 2.335 2.33 2.383 2.44 2.285 2.333 2.31 2.345 2.99 2.743 2.473 3.248 2.513 2.09 2.17 2.36 2.273 2.49 2.25 2.295 2.183 2.285 2.71 2.453 2.3 2.468 2.38 2.243 2.163 2.238 2.248 2.275 2.195 2.175 2.108 2.13 2.08 2.03 2.01 2.05 2.008 1.928 1.918 1.91 1.948 4.6 5.71 2.04
2.11 2.108 2.203 2.275 2.26 2.288 2.293 2.323 2.325 2.385 2.463 2.335 2.328 2.35 2.348 2.39 2.293 2.373 2.37 2.348 2.37 2.34 2.323 2.265 2.273 2.385 2.43 2.415 2.405 2.378 2.363 2.333 2.293 2.19 3.278 2.25 3.253 2.408 2.8 4.695 2.01 1.938 2.025 2.27 3.353 2.733 2.453 2.268 2.165 2.36 2.69 2.325 2.255 2.345 2.358 2.218 2.245 2.323 2.153 2.278 2.145 2.195 2.045 2.048 1.99 2.01 1.975 2.013 1.993 1.96 1.943 2.03 2.045 4.718 4.228 3.385
2.213 2.245 2.213 2.35 2.285 2.258 2.275 2.348 2.385 2.438 2.295 2.355 2.415 2.515 2.485 2.478 2.443 2.403 2.385 2.423 2.32 2.308 2.248 2.225 2.31 2.453 2.428 2.478 2.48 2.508 2.445 2.338 2.29 2.21 2.143 2.23 2.53 2.028 2.11 3.118 2.38 2.035 2.06 2.848 2.708 3.04 2.063 2.048 3.043 2.31 2.593 2.508 2.285 2.388 2.395 2.485 2.25 2.18 2.088 2.223 2.135 2.148 2.138 2.07 1.98 2.015 2.02 2.008 2.01 1.97 2.08 2.263 2.075 4.58 5.478 2.878
2.23 2.245 2.313 2.328 2.285 2.268 2.333 2.325 2.383 2.488 2.47 2.49 2.435 2.463 2.55 2.395 2.28 2.36 2.445 2.4 2.393 2.415 2.355 2.315 2.418 2.453 2.485 2.543 2.515 2.455 2.445 2.323 2.303 2.458 2.283 3.033 3.298 2.125 2.155 4.38 2.46 2.253 2.198 2.958 2.56 2.415 2.305 3.42 4.133 2.45 2.535 2.683 2.523 2.63 2.558 2.38 2.375 2.26 2.165 2.245 2.27 2.145 2.088 2.113 2.04 1.958 2.035 2.018 2.075 2.03 2.208 2.118 1.98 4.675 5.108 3.008
2.265 2.275 2.228 2.153 2.188 2.215 2.325 2.378 2.563 2.523 2.445 2.333 2.273 2.263 2.328 2.335 2.343 2.415 2.413 2.345 2.303 2.313 2.283 2.36 2.338 2.405 2.575 2.49 2.358 2.33 2.305 2.283 2.22 2.675 2.233 3.428 2.933 2.558 2.72 3.953 3.19 3.825 3.35 3.26 3.883 2.443 3.235 3.49 2.73 2.393 2.385 2.735 2.47 2.378 2.375 2.35 2.508 2.245 2.135 2.203 2.265 2.108 2.078 2.04 2.003 1.96 1.995 1.97 2.075 2.078 2.215 2.115 2.028 2.1 2.17 2.148
2.3 2.223 2.18 2.215 2.245 2.28 2.41 2.395 2.498 2.41 2.478 2.52 2.43 2.373 2.473 2.433 2.378 2.408 2.41 2.443 2.365 2.37 2.403 2.355 2.388 2.563 2.505 2.46 2.36 2.328 2.32 2.203 2.14 2.195 2.398 3.095 2.678 2.065 3.05 3.09 3.93 7.003 4.795 4.115 2.355 4.22 4.538 3.595 2.435 2.4 2.385 2.635 2.555 2.598 2.568 2.588 2.393 2.475 2.15 2.145 2.128 2.248 1.998 2 1.968 1.985 2.018 2.325 1.988 2.17 2.235 2.17 2.148 2.228 2.113 2.008
2.27 2.24 2.185 2.213 2.208 2.275 2.368 2.568 2.51 2.495 2.545 2.538 2.56 2.48 2.578 2.55 2.223 2.31 2.32 2.405 2.355 2.335 2.388 2.368 2.303 2.433 2.453 2.328 2.283 2.32 2.445 2.285 3.48 3.298 2.378 3.473 2.15 3.18 2.523 3.633 2.75 4.025 3.515 3.855 3.033 3.23 2.683 2.6 2.413 2.36 2.32 2.623 2.583 2.613 2.658 2.58 2.448 2.455 2.168 2.125 2.105 2.1 2.133 2.14 1.968 2.02 2.13 2.205 2.145 2.11 2.195 2.098 2.098 2.08 2.063 2.003
2.273 2.213 2.22 2.325 2.26 2.35 2.395 2.463 2.408 2.47 2.71 2.588 2.73 2.495 2.478 2.458 2.235 2.323 2.43 2.4 2.438 2.385 2.395 2.363 2.288 2.318 2.375 2.34 2.183 2.15 2.19 2.275 3.61 5.57 6.515 2.068 2.24 2.21 2.47 3.255 2.61 2.445 2.27 2.078 2.815 2.695 2.48 2.615 2.508 2.42 2.433 2.275 2.398 2.378 2.325 2.455 2.51 2.305 2.115 2.188 2.063 1.988 2.103 2.205 1.983 2.15 2.218 2.29 2.193 2.033 2.168 2.175 2.073 2.068 1.988 2.058
2.365 2.225 2.183 2.218 2.355 2.388 2.383 2.383 2.31 2.443 2.445 2.49 2.573 2.483 2.445 2.435 2.305 2.37 2.385 2.388 2.418 2.405 2.38 2.39 2.323 2.285 2.263 2.253 2.168 2.358 2.498 4.158 5.818 5.97 3.685 2.145 2.08 2.048 2.045 2.165 2.358 2.27 2.23 2.395 2.32 3.023 2.463 2.58 2.535 2.633 2.5 2.29 2.455 2.648 2.703 2.418 2.295 2.115 2.148 2.253 2.123 1.985 2.043 2.03 2.05 2.223 2.148 2.178 2.145 2.008 2.255 2.22 2.038 1.988 1.933 1.96
2.463 2.275 2.308 2.278 2.363 2.325 2.355 2.318 2.38 2.368 2.245 2.498 2.538 2.463 2.388 2.38 2.315 2.378 2.345 2.363 2.355 2.283 2.308 2.303 2.235 2.225 2.215 2.135 3.2 6.498 6.148 3.71 4.748 2.888 2.243 2.065 2.085 2.113 2.07 2.163 2.21 2.22 2.21 2.623 2.685 2.61 2.71 2.635 2.693 2.58 2.41 2.383 2.445 2.51 2.423 2.29 2.213 2.08 2.198 2.3 2.275 2.033 1.995 1.975 2.035 2.083 2.058 2.048 2.028 1.985 2.248 2.363 2.028 1.843 1.835 1.98
2.373 2.353 2.288 2.31 2.313 2.268 2.38 2.418 2.303 2.325 2.325 2.443 2.588 2.518 2.358 2.505 2.493 2.368 2.33 2.35 2.345 2.228 2.3 2.155 2.11 2.26 4.405 2.468 4.083 7.673 8.01 4.683 4.295 2.188 2.64 2.56 2.395 2.383 2.543 2.533 2.318 2.513 2.393 2.558 2.713 3.005 2.733 2.878 2.788 2.59 2.628 2.653 2.595 2.48 2.508 2.468 2.328 2.13 2.323 2.315 2.213 2.178 1.955 1.92 1.973 1.963 1.963 1.988 2.023 2.055 2.163 2.405 2.028 2.453 2.36 2.168
2.423 2.37 2.4 2.318 2.365 2.3 2.288 2.33 2.348 2.318 2.448 2.61 2.625 2.425 2.39 2.475 2.38 2.375 2.468 2.453 2.433 2.153 2.225 2.293 2.2 2.7 3.84 6.275 4.218 4.855 3.823 2.725 2.153 2.203 2.173 4.213 3.625 2.408 2.705 2.848 2.65 2.66 2.485 2.68 2.66 2.72 2.838 2.87 2.713 2.64 2.825 3.713 2.895 2.603 2.465 2.513 2.463 2.38 2.4 2.295 2.193 2.23 2.065 2.165 2.12 2.003 2.068 2.155 2.085 1.993 2.085 2.095 2.47 2.673 2.598 2.09
2.398 2.463 2.383 2.358 2.345 2.305 2.305 2.388 2.393 2.365 2.47 2.55 2.52 2.508 2.355 2.46 2.358 2.403 2.435 2.338 2.223 2.183 2.32 2.373 2.375 3.118 3.76 5.343 3.2 2.493 2.253 2.433 2.69 2.515 2.595 3.813 2.88 2.985 2.885 2.745 2.79 2.795 2.743 2.503 2.718 2.893 2.853 2.868 2.785 3.155 2.735 2.713 2.975 2.855 2.62 2.623 2.588 2.36 2.308 2.278 2.148 2.4 2.075 2.135 2.153 2.078 2.19 2.18 2.165 2.148 2.158 2.058 2.235 3.12 2.045 1.955
2.5 2.493 2.35 2.335 2.308 2.298 2.355 2.255 2.353 2.388 2.408 2.36 2.453 2.5 2.953 2.33 2.29 2.335 2.325 2.178 2.085 2.163 2.363 3.653 4.725 3.688 3.458 4.055 3.958 2.358 2.288 2.358 2.86 4.463 3.068 2.658 2.603 2.663 2.798 2.715 3.163 2.8 2.845 2.628 2.813 3.02 3.153 3.31 3.243 3.743 4.388 3.538 2.843 2.85 2.785 2.59 2.38 2.498 2.438 2.275 2.208 2.253 2.23 2.13 2.173 2.185 2.173 2.275 2.125 2.105 2.195 2.17 2.083 2.088 2.098 1.995
2.39 2.355 2.31 2.363 2.25 2.295 2.345 2.323 2.403 2.44 2.448 2.513 3.21 3.155 3.648 2.298 2.138 2.09 2.058 2.108 3.453 2.83 3.338 6.333 3.573 3.103 3.06 2.373 2.758 3.66 2.25 2.495 2.77 3.388 2.91 2.583 2.68 2.89 2.778 2.95 2.935 2.935 2.823 2.688 2.98 3.125 3.32 3.138 3.313 2.73 2.683 2.618 2.463 2.56 2.695 2.818 2.548 2.465 2.313 2.313 2.2 2.113 2.23 2.073 2.22 2.26 2.548 2.17 2.23 2.09 2.078 2.06 1.913 1.988 2.12 1.983
2.323 2.308 2.325 2.298 2.393 2.313 2.31 2.303 2.338 2.355 2.365 2.54 2.995 2.398 2.628 2.303 2.188 2.123 2.053 2.005 2.053 3.045 7.173 7.028 5.52 5.035 2.158 2.27 2.28 2.483 2.533 2.785 2.87 2.743 2.508 3.15 2.81 2.785 3.04 3 3.065 2.778 2.755 2.89 3.043 3.045 3.23 3.32 3.11 2.935 3.21 2.72 2.665 2.955 2.535 2.588 2.56 2.445 3.228 2.163 2.163 2.175 2.128 2.14 2.183 2.108 2.173 2.11 2.34 2.1 2.305 2.063 1.93 1.953 1.99 1.983
2.393 2.308 2.285 2.31 2.41 2.39 2.353 2.32 2.323 2.325 2.365 2.42 2.63 2.638 3.398 2.32 2.148 2.14 2.203 2.038 2.2 3.12 5.71 4.62 9.353 3.323 2.548 3.61 2.608 3.535 4.098 2.803 2.82 2.953 3.138 3.048 3.763 5.465 6.263 4.253 3.118 2.938 2.825 3.035 2.96 2.985 3.133 3.28 3.703 3.633 3.823 3.06 2.82 3.105 2.763 2.73 2.618 2.533 3.998 2.523 2.263 2.143 2.158 2.303 2.158 2.063 2.045 1.995 2.13 2.58 3.535 2.055 1.938 1.893 1.968 1.92
2.28 2.348 2.358 2.288 2.365 2.413 2.405 2.355 2.243 2.383 2.41 2.33 2.4 2.365 2.223 2.233 2.358 2.135 2.8 2.41 3.243 2.758 6.348 6.385 4.798 3.265 2.373 2.595 3.868 3.385 3.748 3.133 2.925 3.058 3.133 3.023 4.295 6.888 7.883 6.175 3.355 3.12 3.475 3.408 2.94 3.253 3.203 3.068 3.148 3.205 3.435 3.265 2.903 3.16 2.753 2.655 2.708 2.49 3.923 3.733 2.41 2.285 2.28 2.153 2.073 1.995 2.113 1.96 2.01 2.22 2.638 2.103 1.9 1.955 2.01 1.985
2.335 2.303 2.325 2.338 2.445 2.453 2.413 2.323 2.258 2.275 2.283 2.325 2.255 2.255 2.1 2.215 2.975 2.333 2.878 3.288 4.46 3.993 6.353 2.548 3.003 2.308 2.208 2.44 2.668 2.77 2.97 2.898 2.973 3.05 3.22 3.133 4.015 5.475 7.383 5.475 3.183 3.01 2.988 3.128 3.79 3.725 3.278 3.065 3.133 3.213 3.29 3.233 3.065 3.055 2.838 2.675 2.625 2.463 3.078 3.158 2.54 2.593 2.625 2.223 2.138 2.035 1.965 2.07 2.203 2.263 2.308 1.983 1.953 2.02 2.193 2.058
2.365 2.323 2.275 2.36 2.403 2.335 2.298 2.205 2.253 2.188 2.21 2.235 2.22 2.203 2.488 2.48 2.62 4.253 4.28 3.705 6.933 4.858 2.473 2.22 2.415 2.22 2.238 3.13 3.198 2.848 3.028 3.103 3.015 3.115 3.27 3.585 3.343 3.41 3.63 3.508 3.235 3.125 3.163 3.05 3.19 3.298 3.27 3.235 3.345 3.278 3.308 3.363 3.273 3.195 2.933 2.718 2.58 2.578 2.628 2.418 2.675 2.718 2.715 2.535 2.263 2.148 2.048 2.048 2.04 2.3 2.243 2.028 1.97 2.028 2.013 1.988
2.288 2.338 2.23 2.3 2.333 2.18 2.14 2.125 2.07 2.083 2.083 2.123 2.12 2.16 2.49 2.098 2.7 2.753 4.298 4.328 4.405 3.143 2.105 2.403 2.81 2.348 2.368 3.318 3.175 3.468 3.29 3.17 3.215 3.233 3.528 4.008 3.29 3.715 3.22 3.31 3.268 3.368 3.235 3.693 3.525 3.28 3.328 3.95 3.345 3.373 3.695 3.53 3.058 3.238 3.088 2.775 2.515 2.468 2.695 2.77 2.73 2.66 2.725 2.65 2.37 2.18 2.125 2.02 2.115 2.058 2.13 2.168 1.945 2.038 2.078 1.975
2.09 2.255 2.153 2.233 2.055 1.998 2.158 2.948 2.468 2.798 2.178 2.068 2.04 2.373 2.21 2.108 2.533 4.305 6.19 3.053 3.513 2.098 3.775 2.123 2.195 2.398 3.115 2.618 3.38 3.065 3.033 3.103 3.188 3.32 3.228 3.353 3.31 3.293 3.345 3.283 3.403 3.235 3.248 3.223 3.268 3.473 3.623 3.375 4.49 3.565 3.84 3.245 3.155 3.248 3.068 2.76 2.858 2.71 2.728 2.933 2.838 2.61 2.573 2.695 2.323 2.205 2.17 2.115 2.2 2.15 2.195 2.055 1.93 2.015 2.115 1.983
2.028 2.003 2.015 2.128 1.938 2.02 2.015 8.058 3.488 2.268 2.663 2.408 2.648 3.598 2.35 3.86 4.31 2.288 3.348 2.265 2.133 2.11 3.503 2.098 2.265 2.42 3.27 2.498 2.743 2.813 3.223 3.335 3.443 3.553 3.795 3.36 3.253 3.288 3.365 3.455 3.483 3.33 3.303 3.35 6.003 3.595 3.73 4.39 3.56 3.238 3.185 3.595 3.255 3.158 3.075 2.998 2.89 2.675 2.93 3.018 2.925 2.738 2.513 2.455 2.42 2.48 2.223 2.248 2.16 2.183 2.185 2.075 2.05 2.003 2.23 2.195
2.113 2.01 2.045 2.2 2.093 2.235 2.475 6.76 2.875 2.25 2.328 2.44 2.618 2.483 2.393 3.628 4.188 4.168 2.933 2.4 2.23 2.428 3.213 2.505 2.553 2.475 2.565 2.69 2.935 2.803 3.183 3.368 3.363 3.543 3.325 3.425 3.305 3.283 3.488 3.533 3.468 3.425 3.358 3.353 4.293 3.665 3.868 4.338 4.208 3.498 3.315 3.253 3.193 3.155 4.03 3.635 3.405 3.905 3.083 3.045 3.033 2.888 2.48 2.468 2.393 2.36 2.573 2.303 2.148 2.093 2.278 2.08 2.018 1.953 2.05 2.03
2.185 2.168 2.11 2.9 2.54 2.805 5.19 3.458 2.838 3.738 2.79 2.745 2.628 2.488 2.713 3.153 3.22 2.535 2.568 2.665 2.923 2.988 4.113 2.888 2.68 2.66 2.793 2.823 3.088 2.993 3.105 3.28 3.45 3.46 3.52 3.668 3.473 3.37 3.35 3.408 3.605 3.615 3.45 3.448 4.398 4.255 4.183 4.803 3.83 3.415 3.39 3.383 3.685 3.478 3.36 3.255 3.22 3.168 3.275 3.265 3.02 2.965 2.53 2.463 2.89 2.618 2.588 2.435 2.285 2.215 2.178 3.065 1.943 2.095 2.05 2.06
2.198 2.49 2.67 5.253 3.575 2.953 3.368 3.78 2.61 4.048 3.005 2.738 2.795 2.93 2.215 2.25 2.99 2.773 2.498 3.013 3.993 3.38 4.633 3.063 2.808 2.803 2.808 2.723 2.983 3.19 3.248 3.29 3.603 3.565 3.533 3.735 3.73 3.573 3.535 3.82 3.648 3.533 3.578 3.595 3.75 4.18 4.863 3.97 5.14 5.413 3.515 3.418 3.463 3.288 3.193 3.18 3.21 3.053 3.195 2.753 2.783 2.895 2.745 2.938 3.988 2.803 2.385 2.548 2.273 3.023 2.108 3.115 2.413 2.06 2.16 2.14
2.483 3.578 2.503 2.45 3.255 3.095 3.193 3.735 3.143 3.625 4.105 2.743 3.295 2.708 2.688 2.715 2.693 3.233 3.273 3.06 3.295 3.603 3.373 3.175 3.033 3.295 3.723 3.033 3.1 3.183 3.268 3.38 3.428 3.593 3.605 3.763 3.613 3.57 3.63 3.61 3.493 3.77 3.84 4.563 3.75 3.633 3.565 3.563 4.483 4.865 4.505 3.48 3.598 3.4 3.658 3.69 3.463 3.525 3.135 3.258 2.953 2.993 2.993 3.468 2.578 4.095 2.248 2.6 2.795 3.08 2.21 2.675 2.163 1.965 2.06 1.955
2.303 2.615 3.025 2.36 2.418 2.923 3.533 3.398 3.943 2.91 2.548 3.063 2.993 3.098 2.893 2.805 2.833 2.898 2.95 4.173 4.803 5.41 3.985 3.498 3.298 3.255 3.535 3.38 3.18 3.328 3.345 3.533 3.553 3.635 3.705 3.708 3.675 3.64 3.643 3.61 3.703 3.755 3.705 3.645 3.623 3.625 3.635 3.675 3.64 3.605 3.54 3.62 3.613 3.445 3.343 3.255 3.193 3.09 3.308 3.49 3.095 2.933 2.978 3.203 3.153 2.418 2.28 2.34 2.503 2.368 2.278 2.258 2.133 2.08 2.088 2.268
2.948 3.32 3.365 3.435 2.623 2.818 3.15 3.18 2.883 3.295 3.298 3.695 3.025 2.785 2.928 2.978 3.118 3.075 3.45 3.45 3.48 5.318 3.703 3.4 3.483 3.54 3.448 3.478 3.245 3.33 3.34 3.478 3.543 3.615 3.578 3.59 3.615 3.553 3.62 3.63 3.65 3.768 3.703 3.713 3.705 3.695 3.733 3.75 3.745 3.68 3.65 3.805 3.8 3.653 3.665 3.428 3.255 3.185 3.163 3.118 2.985 3.205 3.05 2.548 2.715 2.533 2.43 2.405 2.283 2.248 2.22 2.265 2.218 2.163 2.14 2.148
2.985 3.755 3.063 4.21 2.865 2.88 2.9 3.278 3.07 4.025 4.215 4.545 3.135 3.003 3.288 3.243 3.158 3.46 3.618 3.388 3.558 3.53 3.565 3.668 3.738 3.76 3.835 4.208 3.775 3.568 3.51 3.523 3.503 3.51 3.515 3.565 3.655 3.68 3.775 3.713 3.773 3.9 3.768 3.79 3.795 3.815 3.828 3.808 3.825 3.783 3.8 3.978 3.86 3.815 3.75 3.483 3.345 3.633 4.705 3.405 3.24 3.003 2.855 2.688 2.608 2.627 2.577 2.583 2.811 2.721 2.524 2.301 2.192 2.141 2.081 2.078
3.048 3.065 3.128 3.228 3.17 3.168 3.058 3.048 4.355 5.205 5.803 5.253 3.925 3.645 3.73 5.268 5.625 3.208 4.638 3.498 4.278 5.235 3.625 3.838 3.903 3.733 3.66 3.583 3.485 3.413 3.383 3.635 3.553 3.598 3.62 3.658 3.748 3.78 3.773 3.883 3.975 3.98 3.928 3.865 3.89 3.863 3.87 3.883 3.848 3.83 3.92 4.084 3.999 3.719 3.64 3.59 3.467 3.373 3.374 3.219 3.221 3.382 3.302 2.997 3.142 3.214 4.267 3.013 6.034 3.345 2.946 2.543 2.349 2.322 2.146 2.052
3.195 3.238 3.148 3.275 3.178 3.543 4.948 5.15 5.21 4.635 6.638 6.485 3.693 3.748 3.903 4.983 5.373 3.3 3.445 3.558 3.913 4.623 4.798 3.995 4.223 3.623 3.638 3.56 3.453 3.45 3.448 3.56 3.675 3.68 3.695 3.71 3.793 3.773 3.863 4.153 4.538 4.645 4.4 4.068 3.99 3.92 3.895 3.898 3.868 3.926 3.913 4.15 4.216 3.829 3.82 3.705 3.667 3.579 3.631 3.731 3.796 3.919 3.883 3.482 3.388 3.768 5.052 4.2 9.754 3.486 3.027 3.461 2.987 2.598 2.804 2.763
5.825 3.34 3.253 3.283 3.288 3.353 4.198 5.785 3.353 4.34 3.48 3.555 4.148 3.84 4.008 4.358 3.773 3.533 3.485 3.613 3.82 6.763 8.368 5.83 6.79 6.75 3.94 3.5 3.51 3.51 3.53 3.615 3.675 3.713 4.048 3.733 3.808 3.855 3.893 4.058 4.1 4.313 4.29 4.16 4.048 3.995 3.953 3.943 3.967 3.99 4.401 4.726 4.589 3.99 3.887 3.77 3.711 3.727 3.842 4.582 4.599 3.87 4.118 4.257 5.481 4.239 9.136 5.308 8.908 7.89 3.745 4.64 3.584 4.262 5.146 2.702
3.845 3.4 3.42 3.435 3.43 3.47 4.038 4.748 3.523 3.57 3.675 3.485 7.625 4.1 4.663 7.985 7.96 3.573 5.175 3.553 4.278 6.323 4.608 3.583 4 6.848 3.548 3.578 3.588 4.653 3.688 3.713 3.75 3.823 3.84 3.828 3.968 4.503 4.675 5.045 4.663 4.908 4.59 4.215 4.105 4.093 3.952 4.015 4.035 4.046 4.24 4.061 4.503 4.666 4.791 4.25 5.735 5.102 4.61 6.223 7.773 4.841 4.939 5.97 6.714 5.891 9.712 6.623 9.122 10.563 5.549 4.507 4.578 5.08 6.943 3.113
