All_lidar/sz5888_DSM_2M.asc
ncols 500
nrows 500
xllcorner    458000
yllcorner    88000
cellsize     2
NODATA_value -9999
[rows 416 to 447 of 500, columns 426 to 496 of 500]
45.062 44.992 44.927 44.849 44.802 44.734 44.664 44.592 44.539 44.469 44.407 44.339 44.262 44.209 44.137 44.032 43.947 43.902 43.867 43.824 43.777 43.712 43.654 43.562 43.417 43.192 44.177 43.784 42.992 42.782 42.727 42.644 42.572 42.467 42.329 42.209 42.122 42.049 41.994 41.944 41.902 41.874 41.807 41.762 41.702 41.637 41.589 41.494 41.454 41.389 41.337 41.279 41.242 41.137 41.092 41.052 40.969 40.899 40.819 40.782 40.719 40.669 40.627 40.547 40.522 40.472 40.409 40.342 40.319 40.259 40.227
45.112 45.044 44.939 44.874 44.797 44.747 44.679 44.612 44.562 44.482 44.427 44.389 44.287 44.237 44.124 44.057 43.954 43.889 43.827 43.829 43.772 43.709 43.659 43.612 43.464 43.259 42.984 43.912 43.587 42.884 42.729 42.677 42.587 42.474 42.379 42.247 42.132 42.047 42.007 41.957 41.917 41.879 41.832 41.752 41.709 41.642 41.602 41.522 41.472 41.412 41.374 41.314 41.252 41.184 41.107 41.049 40.984 40.919 40.872 40.792 40.754 40.712 40.647 40.582 40.524 40.489 40.434 40.404 40.347 40.287 40.237
45.129 45.077 44.969 44.902 44.827 44.777 44.722 44.642 44.599 44.517 44.454 44.399 44.297 44.242 44.132 44.047 43.959 43.887 43.829 43.794 43.744 43.689 43.647 43.602 43.539 43.424 43.202 43.024 44.002 43.594 42.804 42.664 42.599 42.487 42.397 42.309 42.187 42.109 42.047 41.962 41.929 41.884 41.839 41.797 41.739 41.657 41.602 41.557 41.464 41.444 41.382 41.312 41.282 41.202 41.159 41.104 41.032 40.967 40.882 40.829 40.794 40.727 40.662 40.629 40.552 40.489 40.472 40.399 40.354 40.292 40.214
45.139 45.089 44.982 44.949 44.867 44.802 44.724 44.672 44.612 44.527 44.474 44.432 44.344 44.242 44.157 44.097 44.002 43.907 43.817 43.777 43.739 43.687 43.622 43.592 43.537 43.464 43.377 43.082 43.152 44.252 43.429 42.699 42.582 42.517 42.439 42.322 42.262 42.142 42.047 41.972 41.922 41.889 41.859 41.807 41.722 41.672 41.644 41.567 41.512 41.464 41.392 41.364 41.277 41.212 41.147 41.094 41.069 40.982 40.907 40.884 40.849 40.769 40.699 40.627 40.574 40.542 40.479 40.404 40.354 40.309 40.267
45.187 45.097 45.032 44.957 44.877 44.799 44.744 44.654 44.607 44.554 44.487 44.447 44.354 44.247 44.177 44.102 43.997 43.919 43.842 43.782 43.714 43.682 43.644 43.602 43.549 43.472 43.397 43.267 42.969 43.242 44.054 43.227 42.609 42.532 42.452 42.379 42.299 42.199 42.099 42.019 41.944 41.909 41.837 41.787 41.752 41.729 41.662 41.614 41.542 41.462 41.409 41.364 41.322 41.252 41.194 41.132 41.079 41.042 40.967 40.924 40.854 40.792 40.719 40.637 40.614 40.552 40.474 40.427 40.372 40.314 40.289
45.217 45.124 45.064 44.994 44.914 44.837 44.782 44.687 44.632 44.584 44.509 44.419 44.359 44.272 44.202 44.124 44.027 43.947 43.834 43.774 43.687 43.674 43.644 43.602 43.529 43.472 43.442 43.349 43.187 42.922 43.192 43.807 43.024 42.529 42.457 42.379 42.292 42.252 42.169 42.064 41.964 41.894 41.854 41.827 41.812 41.737 41.682 41.599 41.549 41.502 41.427 41.364 41.327 41.284 41.204 41.152 41.102 41.057 41.014 40.949 40.889 40.809 40.732 40.689 40.624 40.577 40.549 40.434 40.372 40.357 40.329
45.224 45.154 45.092 45.009 44.937 44.847 44.797 44.712 44.629 44.584 44.522 44.479 44.362 44.297 44.242 44.112 44.029 43.944 43.857 43.764 43.679 43.669 43.632 43.577 43.494 43.449 43.402 43.359 43.264 43.112 42.904 43.272 43.642 42.844 42.464 42.394 42.369 42.269 42.224 42.119 42.022 41.942 41.874 41.854 41.814 41.744 41.699 41.627 41.594 41.502 41.424 41.382 41.357 41.287 41.244 41.212 41.149 41.094 41.032 40.962 40.904 40.824 40.747 40.722 40.634 40.589 40.529 40.472 40.409 40.389 40.334
45.249 45.192 45.117 45.034 44.962 44.872 44.784 44.722 44.647 44.579 44.509 44.482 44.359 44.277 44.262 44.159 44.072 43.959 43.879 43.762 43.724 43.694 43.612 43.539 43.497 43.459 43.387 43.329 43.274 43.199 43.049 42.752 43.297 43.632 42.767 42.422 42.372 42.319 42.242 42.157 42.072 41.997 41.909 41.837 41.824 41.754 41.729 41.704 41.589 41.514 41.457 41.449 41.382 41.317 41.262 41.224 41.187 41.134 41.059 40.982 40.954 40.859 40.784 40.722 40.669 40.607 40.552 40.482 40.479 40.397 40.387
45.269 45.214 45.154 45.054 44.997 44.894 44.824 44.739 44.669 44.574 44.517 44.472 44.374 44.312 44.249 44.172 44.077 43.982 43.887 43.789 43.764 43.674 43.627 43.557 43.492 43.452 43.404 43.344 43.264 43.229 43.112 43.009 42.752 43.539 43.654 42.577 42.387 42.344 42.282 42.192 42.129 42.037 41.962 41.857 41.834 41.777 41.729 41.667 41.629 41.557 41.519 41.457 41.399 41.347 41.319 41.254 41.202 41.162 41.049 41.017 40.959 40.897 40.809 40.732 40.674 40.607 40.559 40.529 40.454 40.432 40.384
45.319 45.274 45.167 45.067 45.022 44.944 44.829 44.782 44.684 44.624 44.532 44.469 44.392 44.307 44.277 44.162 44.079 43.974 43.887 43.807 43.789 43.689 43.652 43.577 43.477 43.402 43.387 43.332 43.254 43.229 43.172 43.064 42.949 42.682 43.437 43.302 42.514 42.359 42.324 42.247 42.182 42.084 42.027 41.934 41.829 41.787 41.734 41.704 41.642 41.594 41.532 41.467 41.434 41.402 41.342 41.292 41.252 41.207 41.132 41.029 40.984 40.907 40.832 40.784 40.704 40.632 40.584 40.542 40.487 40.472 40.397
45.344 45.269 45.192 45.104 45.022 44.944 44.844 44.772 44.699 44.637 44.564 44.484 44.367 44.314 44.247 44.202 44.089 43.977 43.899 43.834 43.802 43.729 43.642 43.574 43.499 43.404 43.354 43.337 43.264 43.219 43.182 43.112 43.024 42.882 42.634 43.769 43.229 42.587 42.352 42.304 42.234 42.142 42.069 41.987 41.924 41.839 41.754 41.692 41.682 41.619 41.559 41.537 41.489 41.442 41.354 41.327 41.277 41.227 41.147 41.087 40.984 40.927 40.869 40.792 40.709 40.674 40.619 40.587 40.569 40.519 40.424
45.354 45.307 45.239 45.107 45.047 44.959 44.852 44.777 44.717 44.652 44.584 44.494 44.404 44.339 44.259 44.177 44.087 44.002 43.944 43.847 43.782 43.699 43.657 43.592 43.484 43.417 43.372 43.314 43.267 43.207 43.187 43.134 43.084 42.997 42.862 42.834 43.519 43.187 42.444 42.307 42.259 42.204 42.104 42.047 41.979 41.874 41.814 41.727 41.682 41.639 41.604 41.567 41.532 41.462 41.397 41.369 41.289 41.234 41.154 41.097 41.034 40.942 40.869 40.824 40.784 40.727 40.682 40.622 40.564 40.499 40.454
45.399 45.334 45.242 45.132 45.067 44.997 44.889 44.829 44.729 44.669 44.587 44.499 44.422 44.364 44.277 44.184 44.107 44.007 43.939 43.874 43.799 43.749 43.659 43.582 43.519 43.444 43.382 43.297 43.262 43.222 43.192 43.162 43.112 43.047 42.909 42.762 42.702 43.777 43.354 42.439 42.259 42.197 42.182 42.099 42.012 41.952 41.877 41.774 41.709 41.654 41.604 41.587 41.542 41.512 41.424 41.392 41.302 41.269 41.197 41.092 41.052 40.997 40.897 40.869 40.822 40.737 40.699 40.652 40.587 40.527 40.472
45.402 45.354 45.274 45.184 45.109 45.002 44.919 44.832 44.769 44.662 44.622 44.497 44.424 44.359 44.257 44.162 44.099 44.017 43.934 43.902 43.812 43.762 43.674 43.594 43.524 43.432 43.359 43.317 43.239 43.252 43.209 43.169 43.129 43.079 43.009 42.879 42.697 42.674 43.474 43.209 42.442 42.259 42.187 42.147 42.054 41.987 41.942 41.842 41.764 41.684 41.637 41.599 41.579 41.514 41.467 41.397 41.324 41.264 41.217 41.117 41.072 40.987 40.934 40.887 40.799 40.784 40.717 40.679 40.602 40.562 40.527
45.459 45.387 45.302 45.197 45.109 44.994 44.929 44.877 44.799 44.694 44.629 44.522 44.444 44.377 44.279 44.194 44.102 44.014 43.957 43.897 43.819 43.762 43.674 43.592 43.524 43.499 43.394 43.317 43.247 43.217 43.209 43.177 43.144 43.097 43.044 42.989 42.869 42.674 42.507 43.547 43.412 42.572 42.217 42.114 42.087 42.007 41.954 41.899 41.824 41.739 41.702 41.624 41.599 41.547 41.479 41.407 41.339 41.287 41.227 41.159 41.087 41.054 40.977 40.912 40.844 40.792 40.747 40.682 40.624 40.627 40.564
45.507 45.414 45.337 45.239 45.127 45.062 44.964 44.904 44.814 44.737 44.617 44.564 44.489 44.389 44.277 44.184 44.107 44.012 43.982 43.887 43.837 43.772 43.719 43.594 43.547 43.519 43.407 43.304 43.257 43.209 43.189 43.162 43.149 43.107 43.072 43.012 42.967 42.844 42.687 42.522 43.492 43.667 42.547 42.179 42.122 42.059 42.009 41.942 41.899 41.812 41.764 41.662 41.604 41.554 41.502 41.424 41.392 41.289 41.217 41.169 41.142 41.072 40.994 40.947 40.882 40.797 40.757 40.714 40.682 40.624 40.569
45.512 45.422 45.332 45.247 45.159 45.069 44.999 44.934 44.844 44.757 44.657 44.574 44.502 44.402 44.309 44.219 44.124 44.027 43.994 43.887 43.844 43.777 43.687 43.637 43.559 43.497 43.394 43.319 43.264 43.232 43.162 43.134 43.139 43.104 43.064 43.032 42.997 42.932 42.832 42.687 42.662 43.572 43.764 42.774 42.189 42.089 42.049 41.997 41.934 41.864 41.812 41.719 41.667 41.577 41.517 41.444 41.402 41.344 41.259 41.229 41.152 41.074 41.027 40.967 40.869 40.837 40.774 40.734 40.694 40.637 40.614
45.554 45.467 45.394 45.274 45.194 45.112 45.027 44.962 44.889 44.794 44.669 44.612 44.537 44.437 44.324 44.259 44.152 44.074 43.997 43.924 43.844 43.797 43.724 43.642 43.602 43.509 43.394 43.337 43.277 43.247 43.192 43.152 43.137 43.112 43.089 43.052 43.034 42.999 42.934 42.829 42.684 42.499 43.214 43.759 42.974 42.239 42.062 42.022 41.972 41.912 41.862 41.777 41.712 41.627 41.544 41.449 41.407 41.362 41.317 41.257 41.189 41.109 41.049 40.984 40.912 40.837 40.787 40.754 40.684 40.664 40.637
45.579 45.494 45.417 45.324 45.237 45.159 45.077 45.009 44.907 44.812 44.709 44.657 44.559 44.469 44.347 44.279 44.194 44.124 44.027 43.952 43.867 43.812 43.752 43.664 43.614 43.547 43.429 43.354 43.322 43.254 43.214 43.159 43.129 43.109 43.092 43.062 43.039 43.009 42.984 42.912 42.849 42.699 42.402 43.127 43.682 43.119 42.219 42.069 42.022 41.974 41.897 41.832 41.769 41.699 41.594 41.494 41.449 41.409 41.347 41.269 41.232 41.152 41.082 40.972 40.922 40.874 40.829 40.794 40.757 40.704 40.662
45.624 45.552 45.434 45.359 45.282 45.199 45.129 45.017 44.954 44.852 44.774 44.679 44.577 44.512 44.394 44.319 44.237 44.162 44.069 43.972 43.919 43.834 43.767 43.714 43.642 43.587 43.467 43.379 43.337 43.309 43.257 43.184 43.152 43.119 43.087 43.059 43.042 43.029 42.982 42.969 42.947 42.854 42.699 42.437 42.699 43.534 43.242 42.409 42.064 41.999 41.942 41.862 41.822 41.744 41.649 41.554 41.492 41.414 41.362 41.307 41.229 41.147 41.104 41.002 40.957 40.892 40.832 40.824 40.779 40.749 40.719
45.664 45.562 45.477 45.394 45.329 45.254 45.169 45.087 45.007 44.879 44.799 44.712 44.652 44.522 44.424 44.347 44.284 44.217 44.092 43.999 43.939 43.874 43.787 43.752 43.667 43.614 43.484 43.449 43.402 43.347 43.287 43.232 43.199 43.159 43.089 43.049 43.072 43.029 42.994 42.994 42.987 42.934 42.832 42.729 42.439 42.472 43.314 43.437 42.714 42.084 41.964 41.942 41.864 41.812 41.724 41.639 41.532 41.449 41.384 41.324 41.227 41.189 41.134 41.069 40.994 40.897 40.877 40.849 40.819 40.777 40.729
45.692 45.612 45.519 45.439 45.374 45.322 45.214 45.109 45.054 44.907 44.842 44.767 44.694 44.572 44.479 44.402 44.314 44.272 44.147 44.042 44.009 43.904 43.849 43.777 43.717 43.627 43.542 43.477 43.419 43.382 43.332 43.284 43.239 43.192 43.147 43.102 43.074 43.032 43.034 43.009 42.982 42.954 42.929 42.859 42.712 42.457 42.257 42.939 43.324 42.667 42.104 41.952 41.872 41.809 41.764 41.702 41.617 41.524 41.457 41.364 41.262 41.214 41.162 41.077 41.019 40.974 40.942 40.912 40.844 40.794 40.764
45.734 45.637 45.569 45.492 45.414 45.334 45.269 45.189 45.082 44.992 44.897 44.817 44.719 44.622 44.537 44.444 44.374 44.284 44.197 44.102 44.049 43.957 43.899 43.799 43.739 43.652 43.572 43.507 43.469 43.414 43.377 43.279 43.254 43.214 43.164 43.132 43.089 43.057 43.027 43.007 42.969 42.954 42.944 42.929 42.837 42.714 42.517 42.224 42.577 43.127 42.977 42.172 41.907 41.834 41.802 41.719 41.634 41.584 41.519 41.424 41.322 41.254 41.184 41.142 41.107 41.029 40.982 40.929 40.857 40.822 40.842
45.757 45.684 45.597 45.554 45.462 45.377 45.324 45.214 45.132 45.029 44.974 44.852 44.752 44.672 44.604 44.497 44.432 44.344 44.249 44.167 44.089 43.999 43.954 43.842 43.779 43.682 43.609 43.552 43.514 43.442 43.382 43.344 43.302 43.234 43.192 43.144 43.092 43.049 43.012 42.982 42.967 42.937 42.932 42.897 42.872 42.792 42.707 42.524 42.249 42.319 43.092 43.164 42.237 41.879 41.799 41.749 41.682 41.607 41.577 41.509 41.402 41.309 41.199 41.172 41.137 41.087 41.027 40.949 40.902 40.897 40.849
45.789 45.697 45.634 45.587 45.507 45.427 45.359 45.279 45.154 45.079 44.997 44.909 44.812 44.729 44.627 44.552 44.487 44.392 44.309 44.262 44.162 44.064 44.009 43.919 43.827 43.739 43.662 43.589 43.532 43.459 43.417 43.362 43.302 43.262 43.234 43.199 43.114 43.079 43.024 42.987 42.977 42.939 42.897 42.889 42.857 42.827 42.779 42.692 42.557 42.264 42.082 42.889 43.064 42.217 41.849 41.769 41.714 41.664 41.587 41.547 41.454 41.379 41.284 41.214 41.142 41.092 41.077 40.997 40.949 40.922 40.877
45.819 45.749 45.687 45.629 45.547 45.444 45.404 45.309 45.212 45.122 45.042 44.967 44.844 44.769 44.682 44.612 44.552 44.452 44.364 44.304 44.212 44.117 44.032 43.969 43.897 43.802 43.699 43.637 43.547 43.487 43.472 43.419 43.349 43.327 43.277 43.192 43.159 43.134 43.037 43.007 42.977 42.932 42.897 42.877 42.859 42.834 42.787 42.764 42.699 42.534 42.342 41.992 42.459 42.857 42.412 41.869 41.692 41.674 41.624 41.559 41.489 41.429 41.357 41.292 41.177 41.117 41.087 41.049 40.999 40.969 40.944
45.834 45.794 45.712 45.672 45.602 45.512 45.447 45.352 45.242 45.177 45.092 45.007 44.917 44.832 44.774 44.679 44.584 44.517 44.454 44.369 44.259 44.169 44.079 44.009 43.904 43.829 43.779 43.709 43.617 43.542 43.529 43.482 43.417 43.362 43.292 43.239 43.177 43.147 43.089 43.029 43.024 42.962 42.902 42.884 42.847 42.824 42.789 42.747 42.692 42.622 42.512 42.297 41.957 42.439 43.294 42.639 41.854 41.667 41.604 41.552 41.517 41.457 41.389 41.342 41.277 41.194 41.149 41.082 41.032 40.989 40.987
45.877 45.809 45.754 45.699 45.594 45.557 45.477 45.387 45.292 45.232 45.147 45.047 44.944 44.889 44.829 44.719 44.657 44.564 44.504 44.419 44.319 44.247 44.124 44.069 43.962 43.882 43.797 43.727 43.644 43.619 43.557 43.499 43.447 43.409 43.349 43.294 43.239 43.182 43.122 43.059 43.022 42.969 42.899 42.884 42.844 42.809 42.787 42.739 42.679 42.622 42.564 42.449 42.282 42.042 42.444 43.162 43.069 42.002 41.652 41.529 41.517 41.474 41.412 41.352 41.332 41.274 41.202 41.117 41.029 41.024 41.042
45.907 45.842 45.807 45.742 45.659 45.607 45.529 45.432 45.337 45.264 45.179 45.069 45.019 44.919 44.849 44.782 44.714 44.632 44.584 44.467 44.352 44.259 44.157 44.112 44.014 43.934 43.857 43.784 43.714 43.667 43.632 43.539 43.522 43.449 43.387 43.317 43.272 43.199 43.139 43.102 43.042 42.994 42.929 42.897 42.824 42.797 42.764 42.719 42.662 42.622 42.562 42.472 42.412 42.262 42.107 41.859 42.414 43.282 42.489 41.687 41.504 41.477 41.444 41.397 41.367 41.329 41.267 41.169 41.092 41.059 41.074
45.959 45.882 45.839 45.782 45.684 45.644 45.577 45.447 45.402 45.322 45.237 45.147 45.094 45.012 44.929 44.872 44.764 44.719 44.624 44.512 44.404 44.317 44.219 44.134 44.062 44.004 43.899 43.844 43.777 43.729 43.649 43.582 43.539 43.479 43.414 43.322 43.287 43.212 43.149 43.132 43.064 43.032 42.967 42.912 42.837 42.762 42.732 42.677 42.644 42.587 42.532 42.452 42.379 42.324 42.199 42.047 41.932 42.169 43.137 43.127 41.817 41.487 41.417 41.419 41.399 41.354 41.279 41.174 41.102 41.084 41.089
46.002 45.942 45.877 45.789 45.739 45.684 45.589 45.497 45.439 45.367 45.274 45.202 45.139 45.052 44.969 44.879 44.819 44.767 44.679 44.554 44.477 44.367 44.277 44.184 44.114 44.029 43.954 43.887 43.807 43.752 43.672 43.637 43.594 43.504 43.437 43.364 43.297 43.247 43.167 43.117 43.072 43.044 42.994 42.934 42.859 42.807 42.719 42.654 42.589 42.552 42.487 42.432 42.364 42.289 42.227 42.129 42.032 41.899 41.864 42.622 42.752 42.082 41.472 41.399 41.414 41.389 41.292 41.214 41.159 41.114 41.114
46.059 45.962 45.902 45.834 45.799 45.734 45.644 45.542 45.497 45.409 45.314 45.249 45.209 45.107 45.014 44.927 44.862 44.814 44.707 44.592 44.537 44.427 44.317 44.224 44.167 44.089 43.997 43.902 43.854 43.779 43.699 43.652 43.607 43.544 43.487 43.399 43.319 43.262 43.202 43.139 43.104 43.047 43.007 42.937 42.867 42.807 42.762 42.674 42.564 42.529 42.454 42.407 42.324 42.282 42.212 42.147 42.069 41.947 41.897 41.794 42.049 42.659 42.329 41.554 41.392 41.377 41.319 41.247 41.179 41.137 41.084
