All_lidar/sz5893_DSM_2M.asc
ncols 500
nrows 500
xllcorner    458000
yllcorner    93000
cellsize     2
NODATA_value -9999
[rows 32 to 63 of 500, columns 72 to 143 of 500]
-2.191 -2.141 -2.158 -2.171 -2.156 -2.108 -2.178 -2.126 -2.178 -2.128 -2.146 -2.161 -2.196 -2.121 -2.246 -2.166 -2.253 -2.281 -2.218 -2.221 -2.168 -2.203 -2.198 -2.163 -2.131 -2.081 -2.146 -2.146 -2.171 -2.153 -2.256 -2.156 -2.093 -2.146 -2.221 -2.183 -2.168 -2.236 -2.238 -2.136 -2.213 -2.201 -2.248 -2.143 -2.223 -2.256 -2.153 -2.176 -2.181 -2.253 -2.206 -2.163 -2.188 -2.211 -2.141 -2.153 -2.098 -2.248 -2.218 -2.196 -2.181 -2.236 -2.201 -2.133 -2.156 -2.178 -2.126 -2.186 -2.176 -2.241 -2.216 -2.261
-2.258 -2.168 -2.191 -2.188 -2.223 -2.193 -2.138 -2.141 -2.178 -2.216 -2.121 -2.148 -2.163 -2.148 -2.216 -2.123 -2.166 -2.183 -2.193 -2.186 -2.196 -2.218 -2.183 -2.168 -2.123 -2.148 -2.196 -2.176 -2.188 -2.148 -2.158 -2.243 -2.128 -2.188 -2.191 -2.111 -2.201 -2.188 -2.186 -2.151 -2.151 -2.268 -2.191 -2.161 -2.206 -2.181 -2.176 -2.198 -2.141 -2.216 -2.208 -2.171 -2.138 -2.201 -2.166 -2.216 -2.136 -2.221 -2.223 -2.241 -2.163 -2.161 -2.198 -2.183 -2.243 -2.163 -2.086 -2.161 -2.258 -2.213 -2.228 -2.218
-2.166 -2.178 -2.163 -2.228 -2.201 -2.196 -2.176 -2.166 -2.218 -2.191 -2.166 -2.141 -2.183 -2.191 -2.191 -2.138 -2.128 -2.186 -2.141 -2.216 -2.188 -2.233 -2.221 -2.176 -2.153 -2.216 -2.211 -2.188 -2.243 -2.196 -2.188 -2.161 -2.246 -2.148 -2.166 -2.196 -2.178 -2.188 -2.221 -2.141 -2.181 -2.168 -2.166 -2.196 -2.166 -2.076 -2.123 -2.166 -2.131 -2.208 -2.183 -2.233 -2.138 -2.183 -2.228 -2.206 -2.156 -2.146 -2.128 -2.251 -2.211 -2.196 -2.198 -2.266 -2.243 -2.183 -2.116 -2.186 -2.143 -2.198 -2.228 -2.131
-2.133 -2.176 -2.176 -2.188 -2.151 -2.221 -2.238 -2.181 -2.201 -2.283 -2.181 -2.168 -2.191 -2.156 -2.208 -2.156 -2.131 -2.196 -2.251 -2.208 -2.231 -2.201 -2.203 -2.203 -2.181 -2.218 -2.153 -2.098 -2.151 -2.166 -2.178 -2.111 -2.148 -2.118 -2.171 -2.198 -2.211 -2.183 -2.221 -2.176 -2.173 -2.203 -2.136 -2.213 -2.183 -2.113 -2.173 -2.218 -2.121 -2.171 -2.188 -2.266 -2.126 -2.208 -2.273 -2.148 -2.171 -2.168 -2.121 -2.246 -2.153 -2.163 -2.198 -2.276 -2.246 -2.198 -2.243 -2.236 -2.098 -2.158 -2.216 -2.088
-2.166 -2.136 -2.143 -2.256 -2.176 -2.208 -2.276 -2.226 -2.168 -2.253 -2.236 -2.203 -2.161 -2.096 -2.173 -2.178 -2.158 -2.146 -2.163 -2.178 -2.273 -2.171 -2.233 -2.236 -2.193 -2.188 -2.221 -2.108 -2.096 -2.161 -2.191 -2.151 -2.148 -2.146 -2.243 -2.171 -2.168 -2.191 -2.136 -2.178 -2.203 -2.191 -2.153 -2.263 -2.211 -2.096 -2.188 -2.226 -2.206 -2.176 -2.181 -2.271 -2.161 -2.156 -2.236 -2.241 -2.248 -2.201 -2.216 -2.208 -2.181 -2.166 -2.161 -2.251 -2.246 -2.231 -2.238 -2.213 -2.166 -2.106 -2.116 -2.168
-2.168 -2.116 -2.183 -2.211 -2.168 -2.168 -2.243 -2.281 -2.171 -2.201 -2.251 -2.193 -2.113 -2.123 -2.166 -2.171 -2.203 -2.176 -2.128 -2.208 -2.196 -2.231 -2.241 -2.153 -2.201 -2.193 -2.216 -2.203 -2.236 -2.176 -2.201 -2.191 -2.138 -2.083 -2.243 -2.111 -2.171 -2.168 -2.166 -2.158 -2.203 -2.216 -2.093 -2.201 -2.256 -2.093 -2.151 -2.308 -2.173 -2.168 -2.193 -2.221 -2.181 -2.226 -2.183 -2.236 -2.241 -2.173 -2.268 -2.183 -2.198 -2.171 -2.203 -2.213 -2.218 -2.203 -2.266 -2.103 -2.178 -2.158 -2.131 -2.168
-2.161 -2.158 -2.241 -2.221 -2.158 -2.181 -2.216 -2.313 -2.178 -2.183 -2.231 -2.248 -2.191 -2.206 -2.158 -2.148 -2.193 -2.166 -2.136 -2.186 -2.211 -2.186 -2.158 -2.166 -2.213 -2.168 -2.168 -2.168 -2.191 -2.148 -2.248 -2.216 -2.131 -2.146 -2.191 -2.201 -2.173 -2.221 -2.183 -2.153 -2.196 -2.163 -2.096 -2.123 -2.263 -2.161 -2.106 -2.223 -2.163 -2.148 -2.176 -2.173 -2.221 -2.201 -2.128 -2.173 -2.208 -2.138 -2.216 -2.231 -2.201 -2.201 -2.173 -2.226 -2.218 -2.256 -2.281 -2.141 -2.223 -2.251 -2.226 -2.236
-2.128 -2.183 -2.193 -2.216 -2.133 -2.151 -2.181 -2.246 -2.216 -2.188 -2.193 -2.263 -2.186 -2.188 -2.176 -2.196 -2.148 -2.193 -2.181 -2.136 -2.163 -2.186 -2.173 -2.163 -2.216 -2.186 -2.173 -2.158 -2.188 -2.183 -2.263 -2.318 -2.181 -2.208 -2.191 -2.203 -2.158 -2.178 -2.193 -2.111 -2.108 -2.213 -2.101 -2.123 -2.206 -2.161 -2.143 -2.271 -2.201 -2.173 -2.226 -2.166 -2.221 -2.196 -2.161 -2.196 -2.183 -2.093 -2.163 -2.238 -2.161 -2.238 -2.201 -2.226 -2.168 -2.216 -2.266 -2.196 -2.153 -2.201 -2.186 -2.231
-2.166 -2.123 -2.233 -2.231 -2.188 -2.156 -2.211 -2.206 -2.186 -2.216 -2.136 -2.221 -2.161 -2.228 -2.136 -2.211 -2.181 -2.173 -2.161 -2.143 -2.176 -2.208 -2.216 -2.146 -2.153 -2.168 -2.128 -2.208 -2.126 -2.198 -2.231 -2.206 -2.291 -2.171 -2.188 -2.188 -2.181 -2.213 -2.163 -2.141 -2.101 -2.206 -2.131 -2.143 -2.171 -2.158 -2.163 -2.243 -2.208 -2.173 -2.203 -2.191 -2.181 -2.201 -2.178 -2.203 -2.208 -2.151 -2.148 -2.196 -2.153 -2.178 -2.188 -2.218 -2.188 -2.148 -2.211 -2.238 -2.138 -2.173 -2.171 -2.166
-2.168 -2.158 -2.216 -2.186 -2.198 -2.106 -2.233 -2.203 -2.138 -2.203 -2.141 -2.208 -2.211 -2.181 -2.258 -2.216 -2.136 -2.166 -2.148 -2.141 -2.186 -2.218 -2.236 -2.171 -2.193 -2.176 -2.226 -2.228 -2.113 -2.148 -2.223 -2.151 -2.228 -2.221 -2.196 -2.176 -2.191 -2.206 -2.173 -2.161 -2.141 -2.236 -2.168 -2.103 -2.181 -2.158 -2.171 -2.226 -2.183 -2.108 -2.156 -2.143 -2.223 -2.218 -2.261 -2.146 -2.141 -2.203 -2.183 -2.201 -2.106 -2.156 -2.183 -2.218 -2.168 -2.218 -2.213 -2.251 -2.228 -2.188 -2.163 -2.176
-2.148 -2.203 -2.171 -2.213 -2.216 -2.108 -2.143 -2.226 -2.158 -2.161 -2.198 -2.238 -2.176 -2.151 -2.241 -2.276 -2.128 -2.248 -2.136 -2.171 -2.193 -2.153 -2.216 -2.188 -2.183 -2.173 -2.248 -2.253 -2.171 -2.123 -2.183 -2.161 -2.166 -2.208 -2.138 -2.166 -2.216 -2.231 -2.258 -2.206 -2.151 -2.193 -2.181 -2.156 -2.153 -2.226 -2.153 -2.166 -2.216 -2.121 -2.116 -2.196 -2.191 -2.206 -2.276 -2.168 -2.151 -2.146 -2.226 -2.158 -2.116 -2.183 -2.191 -2.231 -2.173 -2.228 -2.218 -2.241 -2.261 -2.156 -2.093 -2.151
-2.206 -2.173 -2.191 -2.126 -2.203 -2.133 -2.111 -2.141 -2.183 -2.118 -2.198 -2.221 -2.193 -2.116 -2.183 -2.206 -2.141 -2.228 -2.136 -2.188 -2.236 -2.161 -2.243 -2.248 -2.173 -2.143 -2.203 -2.243 -2.186 -2.141 -2.146 -2.243 -2.206 -2.158 -2.178 -2.161 -2.211 -2.206 -2.198 -2.231 -2.158 -2.178 -2.263 -2.106 -2.151 -2.238 -2.158 -2.138 -2.238 -2.151 -2.218 -2.228 -2.183 -2.186 -2.216 -2.181 -2.223 -2.216 -2.221 -2.151 -2.163 -2.093 -2.198 -2.238 -2.141 -2.231 -2.206 -2.206 -2.296 -2.151 -2.161 -2.173
-2.233 -2.211 -2.148 -2.196 -2.193 -2.161 -2.146 -2.128 -2.156 -2.138 -2.163 -2.258 -2.178 -2.126 -2.188 -2.171 -2.186 -2.248 -2.161 -2.206 -2.208 -2.191 -2.226 -2.196 -2.176 -2.138 -2.171 -2.206 -2.213 -2.136 -2.128 -2.193 -2.181 -2.133 -2.158 -2.153 -2.168 -2.196 -2.186 -2.216 -2.191 -2.138 -2.178 -2.148 -2.153 -2.186 -2.196 -2.171 -2.218 -2.143 -2.191 -2.136 -2.178 -2.166 -2.238 -2.198 -2.276 -2.191 -2.218 -2.156 -2.231 -2.113 -2.188 -2.143 -2.231 -2.253 -2.146 -2.191 -2.308 -2.131 -2.203 -2.223
-2.236 -2.203 -2.118 -2.143 -2.178 -2.193 -2.173 -2.098 -2.186 -2.136 -2.248 -2.228 -2.166 -2.121 -2.161 -2.236 -2.198 -2.216 -2.196 -2.211 -2.186 -2.213 -2.251 -2.178 -2.171 -2.181 -2.136 -2.166 -2.198 -2.143 -2.153 -2.146 -2.191 -2.156 -2.113 -2.198 -2.146 -2.131 -2.203 -2.231 -2.203 -2.176 -2.198 -2.151 -2.173 -2.196 -2.226 -2.231 -2.173 -2.141 -2.221 -2.138 -2.176 -2.163 -2.146 -2.163 -2.131 -2.211 -2.193 -2.168 -2.166 -2.206 -2.211 -2.188 -2.156 -2.173 -2.108 -2.191 -2.223 -2.151 -2.148 -2.176
-2.166 -2.206 -2.108 -2.171 -2.173 -2.191 -2.151 -2.141 -2.161 -2.143 -2.243 -2.186 -2.213 -2.181 -2.183 -2.291 -2.191 -2.176 -2.173 -2.176 -2.156 -2.188 -2.298 -2.186 -2.183 -2.236 -2.173 -2.171 -2.213 -2.178 -2.191 -2.228 -2.156 -2.203 -2.171 -2.176 -2.183 -2.128 -2.173 -2.163 -2.166 -2.201 -2.196 -2.178 -2.153 -2.178 -2.128 -2.266 -2.188 -2.126 -2.218 -2.146 -2.196 -2.171 -2.153 -2.186 -2.163 -2.176 -2.196 -2.168 -2.141 -2.223 -2.201 -2.168 -2.206 -2.143 -2.156 -2.156 -2.221 -2.171 -2.131 -2.191
-2.181 -2.168 -2.153 -2.193 -2.126 -2.171 -2.226 -2.126 -2.148 -2.158 -2.271 -2.211 -2.211 -2.183 -2.201 -2.218 -2.178 -2.186 -2.188 -2.203 -2.161 -2.148 -2.261 -2.173 -2.098 -2.226 -2.171 -2.233 -2.161 -2.153 -2.263 -2.181 -2.151 -2.158 -2.111 -2.186 -2.218 -2.111 -2.176 -2.168 -2.111 -2.188 -2.218 -2.201 -2.238 -2.206 -2.111 -2.203 -2.196 -2.171 -2.183 -2.193 -2.196 -2.166 -2.176 -2.163 -2.171 -2.171 -2.106 -2.198 -2.176 -2.253 -2.193 -2.248 -2.213 -2.163 -2.206 -2.173 -2.176 -2.203 -2.151 -2.206
-2.206 -2.176 -2.151 -2.183 -2.143 -2.158 -2.271 -2.098 -2.143 -2.123 -2.153 -2.173 -2.203 -2.221 -2.146 -2.286 -2.231 -2.176 -2.181 -2.221 -2.198 -2.111 -2.263 -2.211 -2.126 -2.178 -2.231 -2.293 -2.153 -2.151 -2.208 -2.181 -2.118 -2.121 -2.148 -2.288 -2.168 -2.141 -2.183 -2.148 -2.101 -2.186 -2.236 -2.168 -2.201 -2.161 -2.183 -2.171 -2.216 -2.218 -2.161 -2.211 -2.148 -2.153 -2.146 -2.173 -2.163 -2.216 -2.146 -2.153 -2.166 -2.123 -2.226 -2.173 -2.211 -2.166 -2.141 -2.173 -2.173 -2.161 -2.163 -2.186
-2.191 -2.211 -2.181 -2.236 -2.163 -2.106 -2.218 -2.161 -2.146 -2.141 -2.153 -2.186 -2.258 -2.236 -2.178 -2.211 -2.163 -2.201 -2.161 -2.131 -2.158 -2.116 -2.146 -2.201 -2.193 -2.206 -2.216 -2.261 -2.161 -2.236 -2.206 -2.208 -2.141 -2.161 -2.163 -2.171 -2.171 -2.126 -2.143 -2.193 -2.151 -2.208 -2.248 -2.118 -2.228 -2.163 -2.173 -2.183 -2.188 -2.183 -2.171 -2.168 -2.188 -2.136 -2.116 -2.178 -2.221 -2.181 -2.246 -2.193 -2.163 -2.156 -2.241 -2.211 -2.178 -2.196 -2.118 -2.186 -2.233 -2.198 -2.196 -2.131
-2.206 -2.221 -2.214 -2.201 -2.174 -2.174 -2.149 -2.191 -2.189 -2.171 -2.131 -2.189 -2.276 -2.186 -2.204 -2.199 -2.176 -2.191 -2.191 -2.079 -2.216 -2.151 -2.204 -2.139 -2.179 -2.146 -2.214 -2.246 -2.201 -2.228 -2.233 -2.246 -2.171 -2.176 -2.151 -2.121 -2.208 -2.106 -2.096 -2.203 -2.116 -2.143 -2.213 -2.131 -2.196 -2.183 -2.123 -2.158 -2.108 -2.158 -2.186 -2.183 -2.166 -2.193 -2.136 -2.203 -2.226 -2.171 -2.176 -2.138 -2.156 -2.148 -2.186 -2.171 -2.183 -2.186 -2.133 -2.136 -2.266 -2.288 -2.243 -2.148
-2.184 -2.169 -2.254 -2.199 -2.224 -2.226 -2.124 -2.176 -2.191 -2.201 -2.151 -2.164 -2.206 -2.176 -2.171 -2.194 -2.129 -2.199 -2.211 -2.121 -2.221 -2.179 -2.184 -2.119 -2.191 -2.159 -2.234 -2.211 -2.163 -2.186 -2.196 -2.141 -2.236 -2.218 -2.181 -2.158 -2.208 -2.143 -2.178 -2.196 -2.151 -2.176 -2.208 -2.146 -2.198 -2.166 -2.161 -2.186 -2.138 -2.181 -2.233 -2.113 -2.178 -2.193 -2.201 -2.151 -2.206 -2.156 -2.158 -2.141 -2.133 -2.163 -2.223 -2.153 -2.178 -2.206 -2.178 -2.118 -2.203 -2.301 -2.238 -2.141
-2.191 -2.156 -2.206 -2.196 -2.226 -2.209 -2.166 -2.159 -2.171 -2.206 -2.129 -2.156 -2.194 -2.151 -2.184 -2.171 -2.196 -2.199 -2.214 -2.209 -2.216 -2.196 -2.176 -2.119 -2.166 -2.219 -2.266 -2.171 -2.178 -2.138 -2.253 -2.156 -2.221 -2.221 -2.198 -2.153 -2.221 -2.161 -2.201 -2.181 -2.133 -2.196 -2.168 -2.141 -2.181 -2.126 -2.191 -2.203 -2.133 -2.166 -2.151 -2.163 -2.208 -2.213 -2.213 -2.166 -2.261 -2.221 -2.193 -2.201 -2.141 -2.183 -2.213 -2.083 -2.141 -2.258 -2.196 -2.126 -2.151 -2.223 -2.201 -2.186
-2.204 -2.181 -2.191 -2.184 -2.244 -2.176 -2.221 -2.194 -2.166 -2.189 -2.171 -2.121 -2.176 -2.176 -2.151 -2.114 -2.124 -2.159 -2.204 -2.151 -2.196 -2.224 -2.154 -2.169 -2.184 -2.166 -2.161 -2.189 -2.161 -2.133 -2.198 -2.141 -2.176 -2.248 -2.158 -2.176 -2.268 -2.181 -2.153 -2.198 -2.161 -2.148 -2.191 -2.151 -2.158 -2.126 -2.191 -2.213 -2.131 -2.133 -2.143 -2.206 -2.151 -2.233 -2.221 -2.143 -2.241 -2.141 -2.246 -2.213 -2.133 -2.136 -2.186 -2.138 -2.176 -2.228 -2.123 -2.151 -2.123 -2.201 -2.201 -2.178
-2.171 -2.216 -2.199 -2.156 -2.254 -2.199 -2.229 -2.236 -2.176 -2.194 -2.201 -2.119 -2.119 -2.166 -2.234 -2.206 -2.146 -2.156 -2.146 -2.154 -2.181 -2.209 -2.166 -2.211 -2.199 -2.174 -2.171 -2.151 -2.166 -2.121 -2.141 -2.163 -2.211 -2.188 -2.168 -2.233 -2.156 -2.203 -2.156 -2.226 -2.216 -2.186 -2.176 -2.201 -2.163 -2.158 -2.191 -2.183 -2.191 -2.126 -2.146 -2.201 -2.191 -2.173 -2.193 -2.196 -2.161 -2.191 -2.241 -2.201 -2.143 -2.203 -2.198 -2.161 -2.171 -2.208 -2.128 -2.128 -2.118 -2.236 -2.198 -2.143
-2.191 -2.181 -2.159 -2.196 -2.226 -2.194 -2.236 -2.226 -2.161 -2.186 -2.201 -2.149 -2.186 -2.159 -2.169 -2.224 -2.154 -2.169 -2.189 -2.139 -2.199 -2.191 -2.176 -2.211 -2.176 -2.116 -2.186 -2.159 -2.161 -2.113 -2.153 -2.203 -2.256 -2.221 -2.181 -2.156 -2.176 -2.218 -2.151 -2.188 -2.253 -2.188 -2.173 -2.201 -2.156 -2.208 -2.163 -2.181 -2.178 -2.156 -2.181 -2.221 -2.151 -2.118 -2.108 -2.198 -2.138 -2.113 -2.153 -2.166 -2.123 -2.246 -2.221 -2.183 -2.176 -2.206 -2.173 -2.148 -2.108 -2.193 -2.183 -2.156
-2.196 -2.194 -2.146 -2.189 -2.209 -2.194 -2.241 -2.239 -2.179 -2.216 -2.189 -2.174 -2.154 -2.139 -2.134 -2.196 -2.154 -2.164 -2.174 -2.194 -2.186 -2.174 -2.156 -2.216 -2.169 -2.139 -2.194 -2.151 -2.193 -2.108 -2.143 -2.253 -2.176 -2.178 -2.181 -2.158 -2.198 -2.266 -2.173 -2.126 -2.263 -2.196 -2.198 -2.158 -2.126 -2.196 -2.156 -2.128 -2.186 -2.146 -2.161 -2.221 -2.083 -2.101 -2.156 -2.186 -2.133 -2.166 -2.251 -2.138 -2.231 -2.218 -2.206 -2.148 -2.186 -2.168 -2.206 -2.126 -2.123 -2.183 -2.158 -2.153
-2.206 -2.164 -2.124 -2.206 -2.219 -2.186 -2.229 -2.191 -2.126 -2.206 -2.189 -2.201 -2.191 -2.181 -2.171 -2.249 -2.181 -2.139 -2.179 -2.184 -2.229 -2.186 -2.149 -2.279 -2.204 -2.104 -2.161 -2.139 -2.203 -2.108 -2.206 -2.266 -2.193 -2.206 -2.181 -2.128 -2.198 -2.278 -2.218 -2.111 -2.233 -2.191 -2.218 -2.156 -2.138 -2.176 -2.181 -2.251 -2.218 -2.148 -2.178 -2.183 -2.136 -2.116 -2.256 -2.228 -2.086 -2.183 -2.238 -2.121 -2.131 -2.218 -2.213 -2.118 -2.203 -2.153 -2.243 -2.193 -2.211 -2.173 -2.106 -2.158
-2.216 -2.139 -2.139 -2.206 -2.219 -2.194 -2.251 -2.231 -2.214 -2.231 -2.211 -2.236 -2.204 -2.154 -2.099 -2.209 -2.221 -2.151 -2.181 -2.181 -2.174 -2.176 -2.146 -2.251 -2.201 -2.139 -2.144 -2.164 -2.276 -2.076 -2.196 -2.186 -2.166 -2.221 -2.156 -2.093 -2.223 -2.216 -2.168 -2.176 -2.178 -2.241 -2.248 -2.213 -2.183 -2.163 -2.171 -2.253 -2.198 -2.176 -2.251 -2.193 -2.133 -2.133 -2.193 -2.201 -2.143 -2.148 -2.228 -2.143 -2.136 -2.193 -2.263 -2.103 -2.213 -2.141 -2.238 -2.176 -2.211 -2.193 -2.113 -2.153
-2.264 -2.226 -2.154 -2.224 -2.191 -2.211 -2.206 -2.186 -2.206 -2.216 -2.166 -2.211 -2.224 -2.159 -2.126 -2.219 -2.199 -2.161 -2.134 -2.149 -2.131 -2.146 -2.199 -2.239 -2.156 -2.154 -2.124 -2.139 -2.168 -2.111 -2.233 -2.151 -2.148 -2.223 -2.121 -2.171 -2.228 -2.268 -2.151 -2.181 -2.151 -2.238 -2.216 -2.206 -2.143 -2.166 -2.171 -2.178 -2.196 -2.181 -2.213 -2.243 -2.161 -2.123 -2.133 -2.143 -2.146 -2.201 -2.261 -2.238 -2.116 -2.128 -2.248 -2.183 -2.206 -2.163 -2.256 -2.191 -2.186 -2.108 -2.211 -2.216
-2.149 -2.199 -2.116 -2.149 -2.216 -2.209 -2.204 -2.221 -2.239 -2.239 -2.184 -2.199 -2.221 -2.226 -2.176 -2.224 -2.224 -2.161 -2.186 -2.189 -2.141 -2.126 -2.189 -2.219 -2.151 -2.114 -2.131 -2.176 -2.188 -2.153 -2.266 -2.128 -2.208 -2.263 -2.151 -2.138 -2.263 -2.163 -2.181 -2.208 -2.243 -2.186 -2.143 -2.246 -2.213 -2.163 -2.171 -2.223 -2.171 -2.176 -2.208 -2.248 -2.171 -2.156 -2.176 -2.201 -2.173 -2.151 -2.183 -2.208 -2.113 -2.098 -2.223 -2.176 -2.123 -2.173 -2.133 -2.216 -2.201 -2.238 -2.268 -2.201
-2.181 -2.239 -2.196 -2.179 -2.206 -2.204 -2.166 -2.191 -2.234 -2.261 -2.181 -2.186 -2.221 -2.204 -2.206 -2.209 -2.176 -2.204 -2.216 -2.236 -2.129 -2.116 -2.139 -2.231 -2.156 -2.161 -2.146 -2.201 -2.118 -2.133 -2.238 -2.183 -2.296 -2.241 -2.156 -2.106 -2.221 -2.143 -2.168 -2.173 -2.191 -2.153 -2.163 -2.206 -2.208 -2.191 -2.166 -2.221 -2.158 -2.186 -2.236 -2.271 -2.173 -2.206 -2.173 -2.116 -2.158 -2.118 -2.153 -2.198 -2.163 -2.126 -2.203 -2.203 -2.158 -2.111 -2.136 -2.223 -2.213 -2.181 -2.201 -2.118
-2.164 -2.294 -2.224 -2.076 -2.254 -2.166 -2.169 -2.219 -2.211 -2.276 -2.219 -2.179 -2.161 -2.216 -2.236 -2.209 -2.156 -2.209 -2.209 -2.209 -2.154 -2.119 -2.126 -2.214 -2.254 -2.144 -2.101 -2.209 -2.106 -2.151 -2.176 -2.126 -2.151 -2.228 -2.178 -2.181 -2.171 -2.181 -2.178 -2.163 -2.156 -2.166 -2.116 -2.196 -2.223 -2.188 -2.128 -2.181 -2.191 -2.213 -2.203 -2.201 -2.176 -2.216 -2.188 -2.103 -2.143 -2.166 -2.208 -2.158 -2.188 -2.143 -2.181 -2.211 -2.221 -2.158 -2.151 -2.161 -2.093 -2.176 -2.158 -2.126
-2.109 -2.316 -2.231 -2.099 -2.214 -2.166 -2.221 -2.151 -2.166 -2.251 -2.239 -2.196 -2.176 -2.204 -2.224 -2.176 -2.184 -2.181 -2.201 -2.189 -2.171 -2.139 -2.134 -2.201 -2.209 -2.156 -2.199 -2.226 -2.078 -2.178 -2.193 -2.151 -2.198 -2.203 -2.131 -2.176 -2.148 -2.196 -2.143 -2.163 -2.158 -2.151 -2.163 -2.133 -2.211 -2.228 -2.243 -2.113 -2.156 -2.198 -2.168 -2.218 -2.183 -2.206 -2.191 -2.143 -2.163 -2.208 -2.176 -2.136 -2.173 -2.166 -2.188 -2.123 -2.198 -2.181 -2.181 -2.181 -2.088 -2.221 -2.143 -2.113
