All_lidar/sz5893_DSM_2M.asc
ncols 500
nrows 500
xllcorner    458000
yllcorner    93000
cellsize     2
NODATA_value -9999
[rows 96 to 127 of 500, columns 144 to 215 of 500]
-2.106 -2.151 -2.148 -2.193 -2.206 -2.206 -2.166 -2.101 -2.193 -2.166 -2.201 -2.188 -2.211 -2.206 -2.146 -2.091 -2.198 -2.203 -2.203 -2.146 -2.143 -2.153 -2.226 -2.201 -2.136 -2.191 -2.158 -2.138 -2.216 -2.211 -2.128 -2.146 -2.166 -2.168 -2.163 -2.173 -2.206 -2.153 -2.113 -2.176 -2.191 -2.078 -2.271 -2.173 -2.186 -2.216 -2.168 -2.218 -2.231 -2.238 -2.203 -2.171 -2.128 -2.221 -2.256 -2.196 -2.163 -2.205 -2.195 -2.13 -2.193 -2.165 -2.15 -2.09 -2.168 -2.188 -2.108 -2.195 -2.178 -2.08 -2.188 -2.153
-2.123 -2.168 -2.158 -2.163 -2.148 -2.233 -2.226 -2.118 -2.098 -2.191 -2.173 -2.191 -2.186 -2.188 -2.173 -2.206 -2.161 -2.203 -2.186 -2.151 -2.171 -2.111 -2.188 -2.193 -2.136 -2.186 -2.143 -2.148 -2.186 -2.201 -2.181 -2.176 -2.196 -2.136 -2.151 -2.173 -2.191 -2.163 -2.176 -2.151 -2.171 -2.121 -2.223 -2.186 -2.121 -2.221 -2.173 -2.173 -2.156 -2.168 -2.171 -2.258 -2.133 -2.186 -2.246 -2.186 -2.163 -2.223 -2.185 -2.225 -2.195 -2.178 -2.195 -2.145 -2.143 -2.14 -2.135 -2.133 -2.173 -2.163 -2.22 -2.16
-2.138 -2.206 -2.148 -2.146 -2.186 -2.191 -2.198 -2.133 -2.163 -2.166 -2.193 -2.153 -2.188 -2.221 -2.176 -2.148 -2.163 -2.196 -2.153 -2.158 -2.178 -2.143 -2.166 -2.148 -2.146 -2.166 -2.218 -2.131 -2.218 -2.176 -2.183 -2.231 -2.196 -2.151 -2.168 -2.191 -2.201 -2.153 -2.148 -2.213 -2.118 -2.138 -2.191 -2.258 -2.196 -2.231 -2.176 -2.133 -2.191 -2.183 -2.191 -2.233 -2.216 -2.158 -2.198 -2.183 -2.215 -2.26 -2.188 -2.2 -2.155 -2.165 -2.225 -2.195 -2.173 -2.15 -2.18 -2.165 -2.145 -2.17 -2.203 -2.153
-2.168 -2.231 -2.133 -2.126 -2.181 -2.163 -2.171 -2.128 -2.121 -2.143 -2.128 -2.146 -2.188 -2.203 -2.196 -2.193 -2.146 -2.176 -2.186 -2.183 -2.211 -2.116 -2.168 -2.138 -2.128 -2.188 -2.183 -2.153 -2.243 -2.181 -2.146 -2.168 -2.216 -2.106 -2.171 -2.201 -2.256 -2.121 -2.138 -2.206 -2.123 -2.216 -2.171 -2.178 -2.188 -2.163 -2.166 -2.176 -2.228 -2.196 -2.168 -2.176 -2.223 -2.178 -2.153 -2.156 -2.195 -2.185 -2.208 -2.228 -2.188 -2.2 -2.19 -2.213 -2.228 -2.2 -2.178 -2.178 -2.1 -2.175 -2.188 -2.158
-2.143 -2.228 -2.173 -2.106 -2.173 -2.181 -2.188 -2.178 -2.148 -2.186 -2.141 -2.226 -2.201 -2.191 -2.151 -2.153 -2.168 -2.128 -2.171 -2.166 -2.213 -2.156 -2.151 -2.146 -2.151 -2.183 -2.176 -2.166 -2.168 -2.181 -2.171 -2.186 -2.251 -2.201 -2.153 -2.203 -2.263 -2.148 -2.133 -2.191 -2.128 -2.158 -2.146 -2.123 -2.208 -2.176 -2.168 -2.191 -2.193 -2.191 -2.148 -2.123 -2.206 -2.168 -2.211 -2.171 -2.196 -2.173 -2.218 -2.151 -2.183 -2.146 -2.218 -2.196 -2.153 -2.236 -2.171 -2.216 -2.131 -2.183 -2.236 -2.148
-2.143 -2.258 -2.176 -2.163 -2.231 -2.138 -2.153 -2.183 -2.203 -2.148 -2.171 -2.178 -2.173 -2.221 -2.153 -2.191 -2.176 -2.136 -2.178 -2.158 -2.148 -2.143 -2.193 -2.151 -2.178 -2.186 -2.133 -2.201 -2.178 -2.128 -2.136 -2.173 -2.231 -2.191 -2.136 -2.183 -2.158 -2.131 -2.171 -2.211 -2.153 -2.186 -2.131 -2.156 -2.211 -2.186 -2.166 -2.183 -2.186 -2.173 -2.181 -2.151 -2.196 -2.178 -2.201 -2.158 -2.146 -2.161 -2.226 -2.178 -2.226 -2.201 -2.243 -2.253 -2.178 -2.183 -2.186 -2.216 -2.211 -2.123 -2.178 -2.173
-2.166 -2.176 -2.126 -2.136 -2.178 -2.176 -2.143 -2.176 -2.211 -2.118 -2.181 -2.211 -2.166 -2.181 -2.158 -2.226 -2.208 -2.116 -2.136 -2.168 -2.198 -2.208 -2.221 -2.163 -2.171 -2.166 -2.158 -2.201 -2.181 -2.133 -2.171 -2.208 -2.233 -2.173 -2.146 -2.183 -2.151 -2.148 -2.173 -2.143 -2.171 -2.156 -2.156 -2.143 -2.178 -2.178 -2.163 -2.231 -2.183 -2.146 -2.191 -2.153 -2.223 -2.176 -2.196 -2.181 -2.091 -2.168 -2.183 -2.191 -2.178 -2.173 -2.196 -2.231 -2.146 -2.243 -2.221 -2.241 -2.216 -2.166 -2.206 -2.271
-2.116 -2.133 -2.163 -2.136 -2.178 -2.136 -2.148 -2.163 -2.233 -2.156 -2.213 -2.201 -2.138 -2.176 -2.166 -2.186 -2.156 -2.096 -2.108 -2.171 -2.136 -2.208 -2.198 -2.183 -2.121 -2.188 -2.198 -2.173 -2.173 -2.138 -2.143 -2.223 -2.183 -2.148 -2.138 -2.183 -2.141 -2.191 -2.191 -2.196 -2.153 -2.138 -2.126 -2.136 -2.201 -2.126 -2.141 -2.223 -2.198 -2.168 -2.206 -2.151 -2.156 -2.216 -2.163 -2.156 -2.133 -2.146 -2.201 -2.158 -2.126 -2.136 -2.236 -2.223 -2.121 -2.176 -2.166 -2.223 -2.191 -2.196 -2.183 -2.218
-2.151 -2.136 -2.213 -2.126 -2.171 -2.173 -2.158 -2.176 -2.181 -2.193 -2.173 -2.198 -2.181 -2.198 -2.143 -2.136 -2.183 -2.168 -2.126 -2.173 -2.166 -2.141 -2.188 -2.228 -2.156 -2.146 -2.158 -2.161 -2.151 -2.161 -2.168 -2.163 -2.168 -2.231 -2.196 -2.183 -2.171 -2.206 -2.153 -2.148 -2.201 -2.146 -2.163 -2.168 -2.128 -2.206 -2.146 -2.193 -2.163 -2.166 -2.191 -2.163 -2.096 -2.206 -2.091 -2.186 -2.146 -2.178 -2.246 -2.176 -2.101 -2.171 -2.228 -2.193 -2.181 -2.188 -2.133 -2.238 -2.218 -2.161 -2.193 -2.191
-2.221 -2.113 -2.163 -2.176 -2.226 -2.168 -2.161 -2.203 -2.118 -2.203 -2.171 -2.181 -2.171 -2.181 -2.141 -2.176 -2.193 -2.168 -2.176 -2.161 -2.183 -2.163 -2.136 -2.241 -2.171 -2.101 -2.193 -2.161 -2.193 -2.138 -2.168 -2.211 -2.103 -2.146 -2.188 -2.211 -2.153 -2.183 -2.191 -2.143 -2.223 -2.106 -2.191 -2.213 -2.176 -2.151 -2.173 -2.171 -2.156 -2.158 -2.191 -2.143 -2.173 -2.176 -2.191 -2.206 -2.148 -2.156 -2.183 -2.176 -2.123 -2.138 -2.231 -2.188 -2.168 -2.176 -2.133 -2.203 -2.201 -2.148 -2.221 -2.181
-2.213 -2.228 -2.166 -2.211 -2.168 -2.221 -2.248 -2.191 -2.151 -2.173 -2.108 -2.151 -2.173 -2.196 -2.151 -2.126 -2.186 -2.178 -2.133 -2.196 -2.201 -2.168 -2.126 -2.221 -2.188 -2.126 -2.178 -2.203 -2.218 -2.146 -2.163 -2.196 -2.218 -2.133 -2.196 -2.183 -2.146 -2.178 -2.188 -2.156 -2.186 -2.111 -2.191 -2.226 -2.141 -2.126 -2.168 -2.156 -2.161 -2.153 -2.178 -2.176 -2.168 -2.153 -2.223 -2.223 -2.148 -2.193 -2.196 -2.171 -2.143 -2.131 -2.208 -2.188 -2.158 -2.176 -2.208 -2.141 -2.201 -2.191 -2.183 -2.141
-2.171 -2.213 -2.186 -2.138 -2.173 -2.188 -2.233 -2.198 -2.153 -2.226 -2.136 -2.131 -2.218 -2.166 -2.168 -2.161 -2.143 -2.148 -2.151 -2.183 -2.193 -2.161 -2.136 -2.198 -2.178 -2.181 -2.171 -2.193 -2.213 -2.161 -2.146 -2.176 -2.241 -2.198 -2.156 -2.171 -2.171 -2.153 -2.206 -2.211 -2.173 -2.178 -2.178 -2.193 -2.141 -2.126 -2.161 -2.143 -2.156 -2.131 -2.161 -2.206 -2.161 -2.163 -2.181 -2.208 -2.148 -2.166 -2.141 -2.158 -2.181 -2.118 -2.141 -2.173 -2.163 -2.188 -2.158 -2.158 -2.153 -2.183 -2.178 -2.193
-2.173 -2.181 -2.158 -2.198 -2.156 -2.128 -2.186 -2.221 -2.161 -2.226 -2.211 -2.133 -2.141 -2.161 -2.181 -2.211 -2.178 -2.208 -2.193 -2.133 -2.231 -2.171 -2.141 -2.203 -2.188 -2.148 -2.211 -2.143 -2.131 -2.173 -2.143 -2.156 -2.283 -2.171 -2.133 -2.128 -2.208 -2.116 -2.173 -2.268 -2.133 -2.176 -2.161 -2.176 -2.116 -2.111 -2.123 -2.128 -2.201 -2.196 -2.123 -2.176 -2.178 -2.148 -2.146 -2.183 -2.178 -2.153 -2.198 -2.191 -2.213 -2.116 -2.133 -2.201 -2.178 -2.163 -2.201 -2.163 -2.176 -2.181 -2.131 -2.196
-2.206 -2.168 -2.151 -2.176 -2.148 -2.148 -2.173 -2.233 -2.158 -2.208 -2.248 -2.166 -2.156 -2.198 -2.176 -2.156 -2.208 -2.181 -2.161 -2.173 -2.191 -2.128 -2.161 -2.196 -2.213 -2.153 -2.268 -2.138 -2.148 -2.208 -2.166 -2.088 -2.183 -2.183 -2.181 -2.116 -2.186 -2.171 -2.223 -2.243 -2.158 -2.116 -2.228 -2.198 -2.143 -2.173 -2.183 -2.101 -2.158 -2.198 -2.076 -2.163 -2.188 -2.128 -2.211 -2.226 -2.153 -2.171 -2.151 -2.118 -2.201 -2.123 -2.148 -2.196 -2.163 -2.198 -2.163 -2.151 -2.161 -2.223 -2.111 -2.206
-2.201 -2.223 -2.151 -2.188 -2.156 -2.166 -2.153 -2.201 -2.193 -2.213 -2.198 -2.171 -2.208 -2.183 -2.178 -2.191 -2.186 -2.146 -2.188 -2.171 -2.163 -2.166 -2.161 -2.218 -2.226 -2.141 -2.198 -2.196 -2.143 -2.176 -2.208 -2.168 -2.116 -2.136 -2.181 -2.138 -2.173 -2.183 -2.148 -2.166 -2.161 -2.106 -2.231 -2.176 -2.128 -2.158 -2.191 -2.121 -2.138 -2.153 -2.126 -2.131 -2.161 -2.171 -2.218 -2.208 -2.116 -2.163 -2.181 -2.123 -2.191 -2.133 -2.128 -2.191 -2.116 -2.206 -2.233 -2.133 -2.131 -2.206 -2.138 -2.211
-2.206 -2.251 -2.166 -2.226 -2.163 -2.151 -2.161 -2.191 -2.183 -2.196 -2.206 -2.168 -2.183 -2.203 -2.166 -2.243 -2.193 -2.156 -2.216 -2.188 -2.176 -2.206 -2.206 -2.171 -2.238 -2.186 -2.171 -2.208 -2.141 -2.151 -2.171 -2.181 -2.126 -2.176 -2.188 -2.208 -2.136 -2.148 -2.153 -2.128 -2.198 -2.128 -2.168 -2.196 -2.136 -2.171 -2.196 -2.173 -2.173 -2.168 -2.163 -2.168 -2.176 -2.161 -2.183 -2.226 -2.163 -2.188 -2.193 -2.158 -2.223 -2.178 -2.158 -2.201 -2.153 -2.176 -2.168 -2.138 -2.181 -2.243 -2.153 -2.201
-2.216 -2.306 -2.136 -2.196 -2.221 -2.156 -2.186 -2.191 -2.193 -2.148 -2.198 -2.176 -2.166 -2.228 -2.171 -2.208 -2.176 -2.193 -2.173 -2.203 -2.121 -2.156 -2.181 -2.176 -2.238 -2.168 -2.173 -2.181 -2.108 -2.173 -2.188 -2.196 -2.171 -2.183 -2.156 -2.203 -2.133 -2.116 -2.136 -2.173 -2.221 -2.171 -2.146 -2.151 -2.146 -2.156 -2.193 -2.161 -2.208 -2.166 -2.108 -2.193 -2.143 -2.163 -2.136 -2.196 -2.228 -2.188 -2.173 -2.208 -2.193 -2.166 -2.176 -2.153 -2.206 -2.131 -2.186 -2.138 -2.166 -2.173 -2.141 -2.176
-2.126 -2.261 -2.148 -2.183 -2.213 -2.246 -2.173 -2.171 -2.226 -2.158 -2.183 -2.183 -2.146 -2.216 -2.158 -2.226 -2.218 -2.158 -2.178 -2.188 -2.123 -2.148 -2.208 -2.171 -2.133 -2.168 -2.191 -2.156 -2.143 -2.181 -2.183 -2.148 -2.186 -2.148 -2.133 -2.193 -2.188 -2.161 -2.151 -2.141 -2.173 -2.193 -2.151 -2.146 -2.158 -2.191 -2.186 -2.183 -2.171 -2.153 -2.141 -2.176 -2.143 -2.126 -2.138 -2.151 -2.216 -2.193 -2.203 -2.188 -2.203 -2.186 -2.143 -2.178 -2.108 -2.166 -2.221 -2.131 -2.178 -2.163 -2.176 -2.158
-2.151 -2.226 -2.238 -2.183 -2.251 -2.223 -2.151 -2.161 -2.228 -2.176 -2.136 -2.236 -2.171 -2.223 -2.176 -2.196 -2.206 -2.136 -2.188 -2.233 -2.271 -2.188 -2.206 -2.183 -2.148 -2.163 -2.138 -2.201 -2.153 -2.178 -2.171 -2.101 -2.153 -2.148 -2.186 -2.161 -2.171 -2.136 -2.171 -2.176 -2.146 -2.148 -2.143 -2.131 -2.216 -2.206 -2.193 -2.178 -2.198 -2.151 -2.146 -2.138 -2.141 -2.156 -2.198 -2.153 -2.183 -2.171 -2.213 -2.151 -2.168 -2.183 -2.146 -2.128 -2.171 -2.173 -2.148 -2.198 -2.161 -2.173 -2.171 -2.131
-2.181 -2.206 -2.221 -2.276 -2.258 -2.201 -2.196 -2.188 -2.213 -2.241 -2.163 -2.206 -2.213 -2.153 -2.156 -2.158 -2.206 -2.136 -2.198 -2.256 -2.246 -2.133 -2.151 -2.188 -2.173 -2.201 -2.176 -2.153 -2.136 -2.131 -2.173 -2.173 -2.151 -2.148 -2.188 -2.178 -2.153 -2.206 -2.161 -2.178 -2.148 -2.153 -2.146 -2.153 -2.178 -2.196 -2.201 -2.193 -2.193 -2.158 -2.148 -2.168 -2.166 -2.168 -2.136 -2.141 -2.151 -2.173 -2.163 -2.163 -2.171 -2.178 -2.186 -2.121 -2.138 -2.143 -2.113 -2.198 -2.191 -2.158 -2.171 -2.131
-2.221 -2.248 -2.173 -2.211 -2.243 -2.203 -2.156 -2.178 -2.223 -2.251 -2.196 -2.203 -2.181 -2.188 -2.216 -2.173 -2.211 -2.178 -2.211 -2.193 -2.191 -2.168 -2.228 -2.171 -2.151 -2.138 -2.188 -2.156 -2.141 -2.133 -2.173 -2.168 -2.178 -2.166 -2.191 -2.233 -2.146 -2.223 -2.201 -2.128 -2.158 -2.171 -2.161 -2.168 -2.146 -2.213 -2.141 -2.163 -2.176 -2.203 -2.186 -2.148 -2.181 -2.178 -2.163 -2.193 -2.153 -2.151 -2.196 -2.156 -2.188 -2.211 -2.178 -2.146 -2.108 -2.173 -2.131 -2.133 -2.158 -2.113 -2.211 -2.186
-2.171 -2.281 -2.198 -2.188 -2.243 -2.206 -2.216 -2.213 -2.178 -2.168 -2.183 -2.258 -2.253 -2.186 -2.198 -2.223 -2.191 -2.166 -2.203 -2.176 -2.168 -2.151 -2.206 -2.206 -2.173 -2.168 -2.188 -2.226 -2.176 -2.146 -2.186 -2.156 -2.213 -2.161 -2.178 -2.213 -2.171 -2.178 -2.188 -2.146 -2.156 -2.183 -2.153 -2.166 -2.158 -2.143 -2.191 -2.166 -2.206 -2.208 -2.233 -2.168 -2.191 -2.183 -2.193 -2.246 -2.181 -2.141 -2.226 -2.163 -2.153 -2.226 -2.176 -2.166 -2.183 -2.171 -2.131 -2.171 -2.158 -2.118 -2.168 -2.173
-2.183 -2.241 -2.183 -2.226 -2.218 -2.286 -2.228 -2.196 -2.256 -2.243 -2.181 -2.203 -2.206 -2.168 -2.218 -2.218 -2.256 -2.111 -2.153 -2.181 -2.156 -2.156 -2.173 -2.231 -2.213 -2.193 -2.168 -2.168 -2.208 -2.126 -2.181 -2.156 -2.191 -2.156 -2.158 -2.203 -2.171 -2.153 -2.146 -2.123 -2.211 -2.151 -2.158 -2.171 -2.163 -2.126 -2.173 -2.191 -2.153 -2.186 -2.228 -2.196 -2.176 -2.163 -2.171 -2.183 -2.183 -2.123 -2.271 -2.213 -2.118 -2.203 -2.193 -2.168 -2.206 -2.163 -2.151 -2.173 -2.178 -2.153 -2.183 -2.158
-2.231 -2.196 -2.198 -2.206 -2.173 -2.241 -2.191 -2.223 -2.208 -2.241 -2.163 -2.191 -2.286 -2.201 -2.143 -2.196 -2.206 -2.201 -2.166 -2.198 -2.208 -2.176 -2.153 -2.188 -2.173 -2.161 -2.216 -2.168 -2.178 -2.161 -2.171 -2.171 -2.208 -2.176 -2.178 -2.196 -2.183 -2.176 -2.183 -2.163 -2.206 -2.191 -2.141 -2.198 -2.143 -2.146 -2.161 -2.196 -2.178 -2.216 -2.218 -2.171 -2.163 -2.153 -2.156 -2.231 -2.196 -2.143 -2.206 -2.196 -2.106 -2.198 -2.203 -2.161 -2.166 -2.183 -2.176 -2.166 -2.188 -2.181 -2.181 -2.151
-2.251 -2.188 -2.158 -2.233 -2.186 -2.216 -2.238 -2.223 -2.271 -2.241 -2.163 -2.198 -2.238 -2.211 -2.143 -2.146 -2.221 -2.168 -2.191 -2.186 -2.256 -2.201 -2.136 -2.226 -2.206 -2.158 -2.216 -2.196 -2.181 -2.206 -2.178 -2.211 -2.223 -2.128 -2.181 -2.168 -2.168 -2.168 -2.166 -2.186 -2.173 -2.201 -2.181 -2.123 -2.151 -2.153 -2.131 -2.186 -2.218 -2.183 -2.183 -2.188 -2.228 -2.193 -2.161 -2.193 -2.196 -2.176 -2.176 -2.198 -2.173 -2.211 -2.221 -2.206 -2.193 -2.208 -2.216 -2.181 -2.231 -2.183 -2.168 -2.181
-2.233 -2.176 -2.138 -2.193 -2.163 -2.181 -2.241 -2.201 -2.218 -2.246 -2.293 -2.198 -2.246 -2.273 -2.151 -2.186 -2.153 -2.211 -2.276 -2.166 -2.168 -2.196 -2.133 -2.168 -2.236 -2.163 -2.196 -2.176 -2.163 -2.233 -2.218 -2.213 -2.206 -2.141 -2.158 -2.116 -2.183 -2.161 -2.188 -2.183 -2.161 -2.148 -2.206 -2.188 -2.183 -2.226 -2.213 -2.136 -2.138 -2.198 -2.183 -2.173 -2.193 -2.181 -2.161 -2.218 -2.186 -2.168 -2.193 -2.201 -2.191 -2.126 -2.226 -2.243 -2.183 -2.218 -2.236 -2.221 -2.226 -2.201 -2.186 -2.158
-2.223 -2.211 -2.146 -2.188 -2.181 -2.143 -2.191 -2.168 -2.178 -2.208 -2.236 -2.231 -2.241 -2.173 -2.193 -2.263 -2.158 -2.196 -2.241 -2.196 -2.171 -2.173 -2.236 -2.176 -2.233 -2.178 -2.208 -2.181 -2.198 -2.186 -2.228 -2.218 -2.208 -2.186 -2.188 -2.173 -2.183 -2.138 -2.216 -2.198 -2.173 -2.131 -2.208 -2.246 -2.163 -2.161 -2.221 -2.133 -2.121 -2.228 -2.176 -2.213 -2.248 -2.201 -2.181 -2.158 -2.211 -2.191 -2.181 -2.181 -2.206 -2.158 -2.201 -2.213 -2.223 -2.218 -2.236 -2.221 -2.243 -2.208 -2.231 -2.198
-2.181 -2.211 -2.171 -2.206 -2.196 -2.208 -2.213 -2.163 -2.246 -2.188 -2.216 -2.193 -2.246 -2.186 -2.158 -2.291 -2.221 -2.198 -2.193 -2.253 -2.188 -2.226 -2.191 -2.188 -2.261 -2.166 -2.226 -2.208 -2.188 -2.146 -2.153 -2.201 -2.238 -2.161 -2.196 -2.128 -2.173 -2.131 -2.191 -2.266 -2.201 -2.138 -2.171 -2.243 -2.141 -2.133 -2.206 -2.156 -2.101 -2.238 -2.176 -2.173 -2.191 -2.266 -2.203 -2.191 -2.216 -2.213 -2.163 -2.201 -2.183 -2.166 -2.188 -2.243 -2.221 -2.221 -2.213 -2.203 -2.233 -2.183 -2.228 -2.131
-2.201 -2.196 -2.168 -2.186 -2.218 -2.218 -2.168 -2.196 -2.198 -2.151 -2.176 -2.193 -2.186 -2.163 -2.193 -2.248 -2.221 -2.206 -2.241 -2.216 -2.238 -2.223 -2.148 -2.178 -2.238 -2.186 -2.238 -2.176 -2.233 -2.206 -2.116 -2.218 -2.203 -2.143 -2.213 -2.191 -2.186 -2.166 -2.181 -2.241 -2.236 -2.171 -2.211 -2.208 -2.176 -2.163 -2.171 -2.171 -2.141 -2.256 -2.213 -2.178 -2.181 -2.173 -2.176 -2.158 -2.198 -2.216 -2.146 -2.198 -2.216 -2.183 -2.153 -2.206 -2.206 -2.186 -2.241 -2.221 -2.233 -2.213 -2.238 -2.151
-2.206 -2.221 -2.163 -2.166 -2.211 -2.223 -2.188 -2.151 -2.193 -2.146 -2.173 -2.196 -2.161 -2.161 -2.188 -2.196 -2.163 -2.271 -2.231 -2.181 -2.241 -2.183 -2.218 -2.201 -2.268 -2.203 -2.163 -2.201 -2.223 -2.163 -2.138 -2.216 -2.183 -2.118 -2.176 -2.161 -2.243 -2.126 -2.176 -2.223 -2.183 -2.191 -2.206 -2.176 -2.156 -2.211 -2.181 -2.228 -2.183 -2.163 -2.173 -2.203 -2.163 -2.198 -2.188 -2.183 -2.216 -2.251 -2.183 -2.218 -2.188 -2.201 -2.163 -2.141 -2.226 -2.223 -2.208 -2.201 -2.203 -2.213 -2.201 -2.173
-2.203 -2.258 -2.216 -2.153 -2.216 -2.188 -2.171 -2.133 -2.246 -2.238 -2.153 -2.191 -2.181 -2.171 -2.211 -2.196 -2.198 -2.226 -2.258 -2.221 -2.201 -2.201 -2.211 -2.216 -2.221 -2.178 -2.158 -2.183 -2.226 -2.193 -2.138 -2.196 -2.186 -2.158 -2.186 -2.198 -2.243 -2.216 -2.216 -2.168 -2.188 -2.193 -2.268 -2.153 -2.171 -2.271 -2.173 -2.173 -2.188 -2.198 -2.148 -2.236 -2.143 -2.178 -2.148 -2.146 -2.176 -2.276 -2.193 -2.216 -2.198 -2.183 -2.206 -2.176 -2.231 -2.158 -2.163 -2.196 -2.208 -2.228 -2.191 -2.163
-2.251 -2.153 -2.211 -2.231 -2.208 -2.228 -2.216 -2.161 -2.218 -2.241 -2.158 -2.171 -2.136 -2.183 -2.231 -2.198 -2.193 -2.168 -2.188 -2.251 -2.206 -2.246 -2.201 -2.173 -2.166 -2.198 -2.201 -2.223 -2.228 -2.241 -2.236 -2.176 -2.163 -2.173 -2.161 -2.173 -2.241 -2.198 -2.193 -2.191 -2.156 -2.161 -2.176 -2.138 -2.173 -2.241 -2.171 -2.203 -2.151 -2.218 -2.176 -2.171 -2.156 -2.168 -2.118 -2.161 -2.191 -2.186 -2.181 -2.181 -2.221 -2.213 -2.221 -2.176 -2.183 -2.161 -2.198 -2.158 -2.218 -2.248 -2.198 -2.126
