All_lidar/sz5889_DSM_2M.asc
ncols 500
nrows 500
xllcorner    458000
yllcorner    89000
cellsize     2
NODATA_value -9999
[rows 448 to 479 of 500, columns 144 to 215 of 500]
31.462 31.455 31.44 31.437 31.43 31.445 31.469 31.454 31.534 31.529 31.449 31.452 31.429 31.409 31.422 31.442 31.439 31.432 31.399 31.392 31.389 31.369 31.384 31.342 31.324 31.302 31.269 31.237 31.214 31.172 31.129 31.124 31.087 31.087 31.092 31.074 31.027 31.027 31.029 31.019 31.004 30.964 30.914 30.899 30.899 30.902 31.092 32.379 32.687 32.479 31.537 30.847 30.849 30.849 30.784 30.724 30.627 30.624 30.637 30.574 30.494 30.434 30.349 30.304 30.244 30.129 30.054 30.114 30.207 30.182 30.129 30.017
31.52 31.53 31.54 31.557 31.545 31.487 31.494 31.474 31.469 31.534 31.589 31.497 31.484 31.499 31.507 31.514 31.499 31.467 31.427 31.397 31.372 31.374 31.349 31.354 31.334 31.304 31.259 31.267 31.267 31.224 31.182 31.157 31.152 31.117 31.087 31.064 31.037 31.034 31.034 31.057 31.054 30.989 30.964 30.927 30.919 30.922 30.927 32.349 32.962 32.982 31.422 30.859 30.842 30.792 30.757 30.664 30.577 30.637 30.674 30.634 30.537 30.449 30.309 30.212 30.107 30.044 30.037 30.092 30.172 30.157 30.062 29.889
31.572 31.597 31.607 31.579 31.582 31.572 31.544 31.544 31.529 31.514 31.557 31.617 31.567 31.547 31.547 31.504 31.519 31.477 31.452 31.414 31.387 31.359 31.332 31.304 31.297 31.264 31.262 31.244 31.219 31.219 31.192 31.157 31.164 31.124 31.102 31.077 31.052 31.027 31.012 31.037 31.017 30.982 30.972 30.957 30.929 30.942 30.942 31.762 33.049 32.899 31.022 30.839 30.807 30.764 30.727 30.677 30.517 30.579 30.642 30.607 30.504 30.429 30.389 30.312 30.172 30.022 29.927 29.952 30.062 30.064 30.012 29.749
31.619 31.684 31.667 31.664 31.619 31.637 31.617 31.594 31.577 31.554 31.537 31.584 31.659 31.597 31.547 31.514 31.477 31.462 31.452 31.424 31.399 31.379 31.347 31.314 31.299 31.289 31.232 31.217 31.187 31.172 31.184 31.142 31.137 31.149 31.129 31.087 31.069 31.049 31.017 31.027 31.004 30.957 30.944 30.949 30.944 30.924 30.957 31.657 33.094 32.492 31.487 30.854 30.782 30.677 30.647 30.659 30.477 30.579 30.627 30.619 30.529 30.454 30.449 30.397 30.284 30.074 29.884 29.862 29.884 29.962 29.892 29.622
31.692 31.714 31.682 31.672 31.669 31.647 31.642 31.649 31.607 31.594 31.574 31.549 31.592 31.647 31.649 31.509 31.482 31.462 31.437 31.434 31.414 31.407 31.367 31.349 31.342 31.314 31.267 31.222 31.217 31.172 31.164 31.149 31.139 31.497 31.452 31.089 31.077 31.054 31.049 30.999 31.004 30.999 30.962 30.924 30.914 30.907 30.909 30.934 31.149 31.942 31.102 30.922 30.812 30.689 30.617 30.617 30.477 30.542 30.622 30.614 30.487 30.434 30.432 30.382 30.304 30.154 29.969 29.829 29.757 29.799 29.714 29.567
31.717 31.724 31.707 31.674 31.707 31.679 31.679 31.679 31.664 31.649 31.589 31.564 31.552 31.562 31.632 31.602 31.467 31.472 31.454 31.417 31.399 31.392 31.359 31.342 31.349 31.337 31.297 31.262 31.247 31.232 31.179 31.177 31.259 31.639 31.237 31.117 31.092 31.077 31.047 31.022 31.002 31.024 30.977 30.924 30.907 30.882 30.802 30.817 30.874 31.037 30.914 30.874 30.757 30.637 30.689 30.584 30.459 30.507 30.612 30.574 30.474 30.374 30.352 30.367 30.309 30.182 30.044 29.859 29.719 29.659 29.559 29.544
31.722 31.752 31.737 31.699 31.724 31.737 31.729 31.719 31.689 31.692 31.634 31.582 31.587 31.542 31.529 31.579 31.562 31.477 31.449 31.419 31.402 31.397 31.354 31.339 31.352 31.332 31.267 31.289 31.267 31.244 31.219 31.184 31.217 31.184 31.132 31.094 31.089 31.047 31.029 31.012 31.027 30.997 30.982 30.939 30.947 30.874 30.769 30.724 30.834 30.907 30.887 30.782 30.724 30.679 30.699 30.657 30.514 30.494 30.589 30.544 30.474 30.357 30.309 30.324 30.272 30.169 30.089 29.894 29.724 29.587 29.522 29.594
31.759 31.762 31.739 31.714 31.739 31.749 31.727 31.732 31.702 31.694 31.647 31.609 31.549 31.534 31.514 31.479 31.512 31.534 31.462 31.447 31.414 31.409 31.379 31.379 31.339 31.334 31.277 31.254 31.254 31.232 31.229 31.204 31.197 31.182 31.144 31.119 31.087 31.057 31.014 31.007 30.984 30.944 30.952 30.934 30.927 30.892 30.729 30.707 30.747 31.589 32.797 30.724 30.657 30.699 30.672 30.619 30.497 30.457 30.527 30.499 30.399 30.324 30.252 30.249 30.177 30.087 29.987 29.807 29.647 29.534 29.589 29.602
31.784 31.759 31.739 31.719 31.732 31.734 31.722 31.749 31.704 31.664 31.632 31.622 31.567 31.529 31.487 31.484 31.419 31.462 31.499 31.457 31.429 31.444 31.442 31.387 31.364 31.344 31.314 31.279 31.287 31.252 31.212 31.187 31.164 31.164 31.134 31.112 31.102 31.039 31.034 31.007 30.949 30.902 30.869 30.887 30.877 30.834 30.784 30.734 30.997 32.652 32.342 31.464 30.984 30.619 30.634 30.589 30.469 30.394 30.439 30.437 30.402 30.257 30.159 30.124 30.064 29.982 29.862 29.694 29.572 29.617 29.544 29.484
31.792 31.779 31.744 31.704 31.699 31.729 31.702 31.757 31.694 31.674 31.649 31.634 31.599 31.537 31.492 31.487 31.434 31.412 31.449 31.489 31.469 31.427 31.422 31.387 31.397 31.344 31.302 31.307 31.279 31.257 31.237 31.184 31.164 31.154 31.129 31.124 31.094 31.064 31.037 31.007 30.999 30.959 30.872 30.867 30.784 30.804 30.752 30.762 30.899 31.522 32.222 32.697 32.234 30.549 30.552 30.542 30.412 30.337 30.317 30.364 30.307 30.169 30.047 29.967 29.927 29.842 29.662 29.609 29.667 29.599 29.532 29.419
31.787 31.779 31.772 31.709 31.707 31.714 31.677 31.707 31.687 31.649 31.622 31.607 31.609 31.577 31.517 31.484 31.457 31.419 31.432 31.414 31.464 31.454 31.382 31.382 31.349 31.322 31.304 31.284 31.272 31.262 31.239 31.197 31.159 31.137 31.127 31.087 31.059 31.062 31.022 30.989 30.969 30.937 30.877 30.837 30.797 30.769 30.729 30.699 30.649 30.507 32.604 33.139 31.792 30.452 30.434 30.387 30.277 30.199 30.224 30.179 30.104 30.027 29.874 29.844 29.789 29.672 29.612 29.659 29.594 29.499 29.404 29.189
31.757 31.737 31.734 31.709 31.697 31.699 31.672 31.657 31.649 31.597 31.619 31.604 31.602 31.577 31.549 31.502 31.474 31.439 31.447 31.402 31.394 31.439 31.449 31.394 31.342 31.337 31.292 31.257 31.269 31.234 31.217 31.177 31.169 31.144 31.107 31.057 31.034 31.012 30.992 30.939 30.914 30.884 30.822 30.789 30.752 30.719 30.679 30.644 30.567 30.487 31.939 32.579 31.009 30.377 30.344 30.227 30.157 30.057 30.039 29.952 29.862 29.717 29.617 29.654 29.637 29.624 29.587 29.539 29.542 29.304 29.072 28.687
31.774 31.729 31.712 31.687 31.692 31.662 31.674 31.652 31.642 31.609 31.597 31.614 31.579 31.579 31.544 31.527 31.484 31.449 31.457 31.429 31.427 31.392 31.439 31.432 31.412 31.352 31.322 31.287 31.279 31.239 31.227 31.194 31.177 31.149 31.119 31.089 31.024 31.027 30.992 30.944 30.914 30.832 30.764 30.724 30.732 30.692 30.627 30.589 30.494 30.409 31.932 32.324 30.804 30.292 30.152 30.039 29.947 29.877 29.827 29.759 29.632 29.569 29.582 29.647 29.664 29.594 29.529 29.384 29.224 28.934 28.502 28.474
31.729 31.694 31.667 31.679 31.687 31.642 31.624 31.627 31.624 31.597 31.577 31.559 31.542 31.544 31.527 31.514 31.497 31.479 31.459 31.429 31.407 31.389 31.362 31.397 31.447 31.377 31.332 31.292 31.284 31.244 31.199 31.174 31.137 31.134 31.102 31.089 31.057 31.019 31.022 30.962 30.907 30.849 30.777 30.699 30.687 30.654 30.569 30.504 30.409 30.317 31.734 31.429 31.327 30.597 30.057 29.947 29.844 29.799 29.757 29.717 29.664 29.629 29.632 29.639 29.572 29.524 29.452 29.172 28.767 28.504 28.484 28.507
31.702 31.669 31.647 31.652 31.654 31.622 31.614 31.602 31.587 31.559 31.569 31.569 31.554 31.534 31.524 31.489 31.509 31.484 31.474 31.437 31.389 31.362 31.372 31.332 31.364 31.387 31.317 31.272 31.247 31.222 31.179 31.124 31.087 31.079 31.072 31.027 31.009 30.979 30.947 30.904 30.867 30.802 30.732 30.667 30.637 30.612 30.562 30.454 30.372 30.257 31.382 31.014 32.494 30.099 30.059 29.909 29.832 29.779 29.762 29.677 29.649 29.667 29.604 29.557 29.569 29.459 29.192 28.629 28.499 28.549 28.554 28.509
31.699 31.672 31.647 31.634 31.587 31.627 31.582 31.567 31.547 31.549 31.547 31.534 31.509 31.502 31.489 31.472 31.469 31.444 31.479 31.457 31.444 31.407 31.387 31.357 31.319 31.324 31.342 31.284 31.202 31.172 31.149 31.092 31.089 31.064 31.037 30.997 30.969 30.929 30.904 30.837 30.792 30.712 30.657 30.617 30.554 30.534 30.477 30.394 30.309 30.197 31.537 31.429 31.432 30.417 29.942 29.849 29.797 29.737 29.694 29.672 29.699 29.694 29.574 29.434 29.309 29.017 28.587 28.542 28.589 28.597 28.569 28.684
31.634 31.624 31.634 31.642 31.589 31.597 31.579 31.557 31.544 31.537 31.529 31.497 31.494 31.497 31.464 31.469 31.432 31.449 31.442 31.437 31.409 31.419 31.399 31.349 31.304 31.282 31.304 31.277 31.222 31.187 31.139 31.087 31.069 31.062 31.022 30.979 30.967 30.927 30.892 30.827 30.772 30.649 30.604 30.572 30.487 30.449 30.429 30.332 30.259 30.177 30.292 31.257 31.332 30.747 29.917 29.774 29.697 29.714 29.717 29.722 29.669 29.647 29.487 29.137 28.732 28.557 28.654 28.634 28.614 28.647 28.772 28.669
31.607 31.589 31.602 31.579 31.552 31.584 31.544 31.537 31.542 31.527 31.517 31.484 31.479 31.464 31.464 31.454 31.449 31.437 31.404 31.414 31.402 31.384 31.377 31.319 31.277 31.274 31.267 31.237 31.229 31.197 31.114 31.072 31.039 31.009 30.999 30.972 30.942 30.914 30.894 30.794 30.714 30.632 30.539 30.517 30.462 30.397 30.357 30.312 30.212 30.154 30.214 31.764 32.802 32.022 30.279 29.689 29.694 29.739 29.697 29.667 29.532 29.427 29.064 28.662 28.644 28.684 28.672 28.607 28.702 28.752 28.674 28.542
31.627 31.564 31.552 31.544 31.524 31.537 31.514 31.527 31.539 31.502 31.492 31.474 31.474 31.432 31.419 31.392 31.394 31.379 31.377 31.404 31.344 31.349 31.322 31.317 31.307 31.247 31.229 31.187 31.159 31.152 31.144 31.052 31.002 30.959 30.937 30.924 30.869 30.869 30.834 30.744 30.647 30.579 30.487 30.414 30.417 30.354 30.319 30.254 30.144 30.044 30.179 30.507 31.534 31.022 30.442 29.689 29.769 29.784 29.574 29.519 29.339 28.874 28.587 28.724 28.754 28.674 28.674 28.772 28.739 28.627 28.557 28.487
31.604 31.557 31.564 31.564 31.509 31.497 31.479 31.487 31.489 31.462 31.452 31.439 31.449 31.429 31.397 31.367 31.367 31.347 31.372 31.364 31.337 31.312 31.312 31.277 31.279 31.247 31.204 31.162 31.097 31.039 31.069 31.042 30.967 30.919 30.889 30.867 30.829 30.817 30.712 30.654 30.564 30.509 30.444 30.382 30.367 30.292 30.242 30.169 30.062 29.957 29.947 29.852 29.814 29.829 29.744 29.787 29.777 29.677 29.504 29.207 28.739 28.679 28.797 28.797 28.684 28.762 28.799 28.719 28.637 28.532 28.472 28.424
31.589 31.572 31.529 31.537 31.484 31.502 31.499 31.472 31.444 31.432 31.427 31.412 31.424 31.432 31.377 31.372 31.339 31.327 31.317 31.319 31.312 31.304 31.239 31.249 31.242 31.217 31.154 31.119 31.082 31.007 30.987 30.962 31.002 30.942 30.874 30.839 30.814 30.784 30.702 30.622 30.509 30.449 30.367 30.347 30.294 30.244 30.184 30.119 30.042 29.947 29.894 29.774 29.779 29.859 29.824 29.767 29.694 29.444 29.067 28.744 28.802 28.842 28.797 28.734 28.842 28.787 28.699 28.607 28.554 28.482 28.404 28.352
31.584 31.532 31.509 31.507 31.472 31.462 31.472 31.447 31.447 31.429 31.417 31.412 31.412 31.407 31.362 31.354 31.302 31.329 31.282 31.287 31.282 31.269 31.232 31.217 31.192 31.169 31.142 31.082 31.024 30.982 30.949 30.877 30.872 30.897 30.874 30.834 30.809 30.737 30.677 30.564 30.462 30.369 30.337 30.307 30.222 30.184 30.127 30.052 29.982 29.917 29.909 29.927 29.947 29.884 29.722 29.597 29.344 28.899 28.852 28.922 28.884 28.814 28.799 28.897 28.784 28.647 28.572 28.537 28.464 28.442 28.337 28.284
31.549 31.524 31.492 31.479 31.422 31.422 31.427 31.424 31.429 31.394 31.397 31.389 31.362 31.337 31.344 31.337 31.309 31.299 31.294 31.267 31.259 31.204 31.209 31.184 31.159 31.099 31.074 31.024 30.987 30.959 30.909 30.874 30.797 30.787 30.804 30.809 30.737 30.657 30.604 30.504 30.322 30.239 30.224 30.199 30.174 30.129 30.029 29.979 29.954 29.957 29.919 29.997 29.887 29.732 29.529 29.169 28.882 28.899 28.959 28.934 28.799 28.899 28.914 28.782 28.669 28.554 28.514 28.447 28.369 28.337 28.274 28.162
31.519 31.479 31.447 31.462 31.434 31.417 31.399 31.382 31.377 31.362 31.367 31.339 31.359 31.319 31.317 31.294 31.282 31.254 31.277 31.247 31.239 31.162 31.137 31.104 31.102 31.067 31.032 30.974 30.949 30.912 30.879 30.824 30.779 30.732 30.689 30.719 30.692 30.589 30.504 30.389 30.202 30.099 30.037 30.094 30.109 30.067 30.009 30.012 29.999 29.962 29.907 29.787 29.739 29.524 29.062 28.849 28.974 28.987 28.907 28.899 29.009 28.882 28.804 28.699 28.579 28.474 28.399 28.339 28.302 28.257 28.174 28.079
31.519 31.472 31.442 31.439 31.392 31.364 31.372 31.347 31.334 31.319 31.299 31.304 31.292 31.257 31.257 31.257 31.257 31.227 31.242 31.212 31.177 31.122 31.107 31.064 31.092 31.029 30.982 30.942 30.899 30.869 30.834 30.782 30.739 30.694 30.667 30.652 30.594 30.549 30.367 30.244 30.159 29.984 29.819 29.904 30.019 30.049 30.077 30.149 30.097 29.997 29.857 29.697 29.427 28.919 28.994 29.047 29.012 28.912 28.954 28.987 28.904 28.777 28.729 28.617 28.527 28.397 28.307 28.269 28.207 28.117 28.062 27.982
31.489 31.469 31.452 31.434 31.374 31.324 31.324 31.309 31.299 31.282 31.289 31.274 31.269 31.247 31.254 31.237 31.222 31.189 31.177 31.157 31.139 31.104 31.079 31.044 31.019 30.992 30.977 30.909 30.867 30.817 30.759 30.734 30.702 30.637 30.594 30.567 30.499 30.417 30.309 30.184 30.134 29.972 29.702 29.672 29.864 30.037 30.177 30.222 30.067 29.897 29.692 29.284 28.922 29.014 29.082 29.007 28.897 28.977 28.902 28.827 28.752 28.677 28.634 28.534 28.419 28.307 28.239 28.164 28.129 27.979 27.957 27.847
31.452 31.429 31.409 31.407 31.377 31.329 31.319 31.279 31.262 31.262 31.279 31.274 31.272 31.244 31.187 31.172 31.152 31.147 31.154 31.132 31.074 31.059 31.049 31.017 30.989 30.979 30.922 30.882 30.804 30.759 30.722 30.694 30.647 30.609 30.547 30.492 30.424 30.309 30.214 30.159 30.109 29.964 29.737 29.667 29.499 29.704 29.934 30.109 29.919 29.517 29.062 28.984 29.084 29.092 29.007 28.972 28.934 28.882 28.782 28.714 28.649 28.572 28.512 28.419 28.349 28.244 28.127 28.109 28.034 27.904 27.822 27.722
31.412 31.379 31.367 31.359 31.339 31.279 31.269 31.257 31.209 31.227 31.249 31.264 31.217 31.207 31.134 31.129 31.124 31.084 31.059 31.072 31.052 31.019 30.977 30.974 30.919 30.897 30.884 30.834 30.794 30.747 30.684 30.662 30.604 30.542 30.524 30.409 30.354 30.292 30.177 30.069 30.034 30.042 29.909 29.522 29.267 29.344 29.572 29.799 29.357 28.977 29.122 29.137 29.079 28.984 28.972 28.952 28.822 28.772 28.714 28.694 28.614 28.542 28.402 28.332 28.249 28.154 28.074 28.019 27.929 27.804 27.729 27.627
31.384 31.334 31.319 31.327 31.279 31.252 31.262 31.224 31.217 31.209 31.242 31.184 31.162 31.149 31.124 31.097 31.064 31.052 31.042 31.024 31.022 30.992 30.947 30.907 30.864 30.814 30.792 30.747 30.732 30.699 30.667 30.624 30.549 30.512 30.482 30.404 30.352 30.257 30.149 30.164 30.114 30.064 30.004 29.554 29.224 29.224 29.257 29.139 29.077 29.189 29.187 29.074 29.094 29.107 28.922 28.824 28.759 28.722 28.652 28.582 28.577 28.464 28.337 28.244 28.162 28.079 27.997 27.904 27.802 27.702 27.557 27.429
31.322 31.314 31.304 31.307 31.242 31.219 31.212 31.192 31.157 31.169 31.174 31.154 31.119 31.087 31.072 31.072 31.034 31.037 31.032 30.984 30.969 30.949 30.894 30.854 30.794 30.769 30.699 30.684 30.644 30.629 30.602 30.554 30.524 30.472 30.449 30.384 30.329 30.214 30.117 30.127 30.062 30.144 30.034 29.734 29.282 29.219 29.274 29.209 29.224 29.184 29.129 29.134 29.077 28.927 28.847 28.742 28.669 28.642 28.587 28.514 28.477 28.374 28.259 28.164 28.094 27.987 27.869 27.769 27.674 27.549 27.384 27.279
31.289 31.289 31.252 31.242 31.212 31.204 31.157 31.147 31.139 31.112 31.129 31.124 31.102 31.069 31.037 31.019 31.027 31.004 30.992 30.947 30.914 30.894 30.849 30.779 30.767 30.729 30.669 30.607 30.609 30.574 30.527 30.494 30.467 30.412 30.349 30.347 30.227 30.199 30.179 30.144 30.112 30.067 29.934 29.599 29.174 29.254 29.397 29.354 29.167 29.189 29.237 29.094 28.947 28.862 28.812 28.732 28.647 28.577 28.502 28.457 28.414 28.292 28.207 28.084 27.982 27.899 27.809 27.669 27.549 27.409 27.292 27.167
31.207 31.249 31.239 31.179 31.187 31.159 31.144 31.102 31.109 31.067 31.052 31.059 31.057 31.014 31.017 31.009 30.994 30.962 30.942 30.929 30.887 30.849 30.799 30.787 30.684 30.622 30.582 30.569 30.522 30.477 30.467 30.452 30.414 30.374 30.314 30.229 30.189 30.159 30.162 30.162 30.034 29.837 29.452 29.184 29.272 29.319 29.399 29.332 29.147 29.174 29.047 28.924 28.847 28.834 28.799 28.707 28.609 28.542 28.497 28.384 28.337 28.239 28.132 28.042 27.914 27.839 27.722 27.582 27.444 27.304 27.167 27.022
