All_lidar/sz5885_DSM_2M.asc
ncols 500
nrows 500
xllcorner    458000
yllcorner    85000
cellsize     2
NODATA_value -9999
[rows 340 to 373 of 500, columns 152 to 227 of 500]
2.055 2.135 1.87 2.285 2.282 2.28 2.28 2.282 2.247 2.202 2.15 2.155 2.105 2.05 1.96 1.92 1.87 1.787 1.78 1.782 1.772 1.795 1.805 1.802 1.865 1.877 1.93 1.965 1.995 2.057 2.082 2.145 2.197 2.225 2.21 2.28 3.582 2.552 3.982 6.757 3.995 6.435 6.352 6.492 5.267 2.307 1.525 1.845 4.545 2.622 2.182 2.655 2.675 4.095 2.532 4.605 3.032 4.752 1.762 1.57 1.952 2.27 3.167 4.517 4.237 2.987 2.552 3.49 2.295 2.217 2.175 2.08 2.03 1.975 1.867 1.842
2.392 2.185 1.782 2.285 2.287 2.327 2.295 2.292 2.315 2.305 2.245 2.22 2.217 2.217 2.14 2.062 1.992 1.945 1.935 1.887 1.86 1.847 1.85 1.865 1.962 2.025 2.05 2.062 2.097 2.145 2.16 2.202 2.202 2.217 2.267 2.347 6.54 8.612 10.16 8.675 4.095 4.745 4.117 2.88 3.072 2.67 2.71 2.337 3.097 2.585 2.582 2.345 2.327 2.262 2.292 2.382 3.06 2.167 2.162 2.002 3.475 1.7 2.005 1.775 5.307 6.717 5.355 7 1.867 2.165 2.285 2.202 2.11 2.042 1.977 1.865
2.927 2.717 2.57 2.44 2.412 2.4 2.352 2.362 2.365 2.402 2.372 2.322 2.312 2.282 2.247 2.16 2.105 2.077 2.072 2.03 1.99 2.025 2.017 2.042 2.075 2.142 2.142 2.142 2.147 2.177 2.217 2.237 2.27 2.297 2.332 4.37 5.187 6.485 4.692 3.99 1.782 4.41 2.44 2.447 2.42 2.705 2.497 2.36 2.69 2.41 2.325 2.18 2.08 2.13 2.26 2.207 2.677 2.42 2.28 2.252 2.887 4.427 2.377 2.38 1.697 5.842 6.615 4.795 3.102 2.372 1.965 2.392 2.235 2.112 2.052 1.972
2.25 2.472 2.505 2.597 2.657 2.562 2.61 2.492 2.395 2.43 2.445 2.432 2.432 2.387 2.34 2.267 2.19 2.15 2.132 2.112 2.125 2.072 2.072 2.107 2.177 2.205 2.172 2.2 2.207 2.232 2.225 2.267 2.34 2.305 2.062 4.267 8.09 3.072 1.757 2.75 2.667 2.602 2.632 2.302 2.317 2.292 2.342 2.26 2.235 2.222 2.18 2.017 1.877 1.997 2.177 2.167 2.122 2.142 2.175 2.175 2.2 2.205 2.217 2.162 2.132 3.832 3.555 3.337 4.325 6.185 6.41 3.38 3.747 2.25 2.087 2.015
2.127 3.217 2.885 2.477 2.417 2.6 2.88 2.785 2.705 2.53 2.477 2.45 2.465 2.422 2.405 2.367 2.295 2.265 2.215 2.197 2.157 2.14 2.135 2.137 2.185 2.2 2.167 2.227 2.255 2.295 2.322 2.352 2.28 2.21 1.755 3.442 5.48 3.19 3.037 2.392 2.315 2.257 2.347 2.295 2.28 2.237 2.172 2.155 2.152 2.11 2.062 2.077 2.03 2.03 2.042 2.06 2.05 2.03 2.027 2.06 2.107 2.16 2.187 2.192 2.192 2.152 3.047 4.54 4.282 5.15 8.372 6.85 2.557 2.33 2.16 2.06
1.627 3.215 3.787 2.415 2.03 2.205 2.447 2.532 2.667 2.687 2.575 2.497 2.425 2.417 2.412 2.392 2.357 2.287 2.252 2.195 2.167 2.145 2.157 2.197 2.162 2.167 2.19 2.24 2.282 2.377 2.345 2.305 2.252 1.99 2.505 3.822 3.262 4.44 2.537 2.31 2.327 2.222 2.265 2.272 2.187 2.13 2.117 2.09 2.052 2.035 2.01 1.972 1.945 1.93 1.96 1.992 1.972 1.947 1.942 1.97 2.02 2.06 2.117 2.167 2.225 2.215 2.197 2.142 2.512 2.205 5.147 9.172 7.465 4.16 2.307 2.142
1.972 1.945 1.757 1.66 1.532 1.652 1.845 2.525 2.547 3.025 2.605 2.607 2.682 2.565 2.515 2.475 2.45 2.357 2.33 2.27 2.242 2.25 2.237 2.227 2.197 2.247 2.297 2.367 2.335 2.417 2.325 2.4 2.65 3.382 5.665 4.995 3.05 2.465 2.25 2.257 2.235 2.225 2.155 2.172 2.082 2.037 2.03 1.965 1.967 1.96 1.962 1.927 1.905 1.875 1.915 1.94 1.922 1.895 1.892 1.91 1.907 1.947 1.997 2.057 2.157 2.235 2.235 2.202 2.162 2.12 2.54 6.735 6.987 7.77 2.075 2.302
2.467 2.292 1.737 1.437 1.555 1.655 1.427 2.437 2.662 2.24 2.3 2.23 2.322 2.405 2.392 2.482 2.517 2.615 2.725 2.492 2.49 2.485 2.417 2.335 2.31 2.412 2.372 2.365 2.347 2.325 2.357 2.855 2.197 5.43 3.902 3.462 2.337 2.252 2.247 2.21 2.162 2.102 2.057 2.027 1.987 1.967 1.91 1.922 1.852 1.87 1.867 1.897 1.857 1.815 1.83 1.882 1.882 1.88 1.822 1.875 1.852 1.862 1.89 1.925 2.007 2.112 2.167 2.18 2.152 2.202 4.227 3.777 1.542 3.555 3.497 2.402
2.585 2.5 2.502 2.27 1.78 1.475 2.837 1.997 1.77 1.612 1.68 2.115 3.097 2.452 2.01 1.932 1.94 2.002 2.257 2.405 2.297 2.44 2.785 2.442 2.527 2.532 2.375 2.367 2.335 2.275 2.275 3.225 6.94 2.815 2.727 2.347 2.232 2.185 2.14 2.145 2.092 2.017 1.95 1.872 1.892 1.882 1.837 1.807 1.792 1.78 1.812 1.837 1.83 1.79 1.807 1.8 1.792 1.767 1.725 1.752 1.777 1.782 1.79 1.817 1.885 1.927 2.03 2.13 2.155 2.145 2.182 2.282 4.585 5.65 2.727 2.31
2.565 2.577 2.735 2.725 2.737 2.575 2.597 2.155 1.552 1.425 1.447 2.582 2.65 3.68 2.102 2.5 2.92 2.617 3.617 2.927 2.095 2.555 2.195 2.342 2.685 3.465 2.362 2.345 5.01 3.007 2.232 6.197 4.905 3.062 2.307 2.255 2.192 2.122 2.107 2.065 1.982 1.94 1.877 1.842 1.862 1.85 1.852 1.817 1.8 1.78 1.8 1.812 1.842 1.807 1.81 1.795 1.887 1.74 1.787 1.762 1.685 1.732 1.725 1.765 1.81 1.86 1.922 2.035 2.092 2.172 2.15 2.11 3.947 5.397 4.715 4.742
2.322 2.372 2.485 2.712 2.832 2.855 2.825 2.717 2.522 2.17 1.94 1.772 1.33 3.725 3.852 4.432 4.732 3.725 3.915 5.89 3.032 3.21 1.955 2.115 2.56 2.517 2.042 2.87 3.805 5.222 4.48 4.27 2.222 2.262 2.22 2.21 2.142 2.082 2.047 2.012 1.932 1.882 1.86 1.852 1.835 1.812 1.837 1.817 1.78 1.79 1.83 1.83 1.84 1.79 1.775 1.86 1.99 2.337 2.182 1.797 3.235 1.74 1.697 1.715 1.78 1.837 1.877 1.927 2.035 2.112 2.122 2.182 2.242 3.247 4.565 6.015
2.28 2.242 2.28 2.355 2.55 2.675 2.805 2.877 2.905 2.752 2.567 2.17 2.342 2.98 3.31 2.847 2.372 2.367 2.387 3.397 4.132 5.187 3.9 2.987 3.687 6.17 3.65 4.862 7.872 6.622 3.277 2.447 2.252 2.252 2.197 2.135 2.09 2.037 1.97 1.927 1.895 1.847 1.827 1.812 1.777 1.79 1.782 1.767 1.767 1.762 1.825 1.832 1.807 1.78 1.742 2.057 3.47 3.14 4.205 4.562 3.372 1.77 1.74 1.735 1.752 1.83 1.852 1.865 1.967 2.137 2.162 2.222 2.122 2.832 4.667 6.51
2.635 2.31 2.262 2.287 2.307 2.345 2.462 2.59 2.725 2.767 2.415 3.075 3.627 2.685 2.98 2.977 2.937 2.887 2.75 2.595 2.692 2.837 2.692 4.107 4.165 5.507 5.267 4.912 4.585 4.065 4.567 2.62 2.277 2.212 2.132 2.072 1.975 1.905 1.855 1.82 1.81 1.815 1.797 1.757 1.73 1.7 1.697 1.715 1.757 1.755 1.767 1.8 1.82 1.772 1.752 1.695 1.98 1.805 2.722 3.062 2.622 1.812 1.855 1.767 1.747 1.785 1.832 1.855 1.93 2.052 2.147 2.137 2.127 1.977 7.125 7.322
3.352 2.837 2.762 2.585 2.437 2.305 2.35 2.37 2.425 2.48 2.345 4.452 5.195 2.97 2.975 3.185 3.095 3.04 3 2.915 2.762 2.657 2.435 2.182 2.467 3.172 2.927 2.582 2.515 2.292 2.222 2.17 2.152 2.117 2.057 1.99 1.855 1.765 1.727 1.732 1.757 1.765 1.737 1.712 1.697 1.675 1.67 1.672 1.68 1.68 1.755 1.76 1.807 1.755 1.81 1.697 1.707 1.74 2.387 1.745 1.622 1.367 1.79 1.772 1.732 1.747 1.802 1.835 1.872 1.985 2.07 2.15 2.107 2.067 2.445 8.972
3.032 2.2 2.22 2.262 2.35 2.415 2.482 2.442 2.372 2.395 2.405 2.452 2.447 2.592 2.755 2.93 2.957 2.902 2.887 2.89 2.87 2.847 2.757 2.935 2.89 2.945 3.37 2.295 2.167 2.117 2.082 2.102 2.075 2.022 1.942 1.855 1.745 1.692 1.712 1.67 1.682 1.705 1.695 1.717 1.667 1.665 1.785 1.627 1.68 1.69 1.685 1.675 1.777 1.862 1.712 1.715 1.677 1.63 1.695 1.897 1.932 1.242 1.32 1.632 1.745 1.74 1.73 1.805 1.845 1.847 1.96 2.097 2.115 2.1 1.75 6.742
2.3 2.282 2.125 2.16 2.312 2.427 2.84 2.792 2.572 2.37 2.97 2.397 2.355 2.322 2.34 2.45 2.56 2.742 2.775 2.812 2.707 2.702 2.75 2.692 2.935 2.912 2.422 2.11 2 1.982 1.982 1.992 1.947 1.962 1.855 1.78 1.737 1.695 1.71 1.692 1.65 1.63 1.647 1.717 1.625 1.675 1.662 1.682 1.697 1.745 1.632 1.615 1.74 1.85 1.8 1.75 1.692 1.642 1.62 1.71 1.807 1.647 1.267 1.307 1.57 1.715 1.722 1.737 1.792 1.78 1.88 2.025 2.11 2.107 2.005 2.615
2.2 2.11 2.107 2.022 2.1 2.392 2.237 2.855 2.525 2.282 4.81 2.572 2.445 2.292 2.27 2.262 2.247 2.34 2.465 2.52 2.497 2.492 2.475 2.565 2.737 2.362 2.105 2.017 1.947 1.967 1.975 1.922 1.925 1.892 1.822 1.81 1.752 1.735 1.707 1.707 1.73 1.635 1.635 1.622 1.607 1.662 1.72 1.667 1.667 1.702 1.735 1.797 1.687 1.65 1.76 1.725 1.667 1.657 1.605 1.652 1.707 1.837 1.537 1.247 1.235 1.545 1.69 1.715 1.74 1.75 1.785 1.95 2.057 2.12 2.5 2.235
2.475 2.075 2.082 2.217 2.167 2.065 2.34 2.595 2.437 2.482 2.332 2.467 2.385 2.327 2.327 2.285 2.252 2.245 2.255 2.28 2.295 2.315 2.385 2.362 2.322 2.227 2.032 2.075 2.107 2.015 2.097 1.917 1.887 1.86 1.79 1.755 1.74 1.702 1.687 1.705 1.677 1.642 1.627 1.617 1.615 1.675 1.732 1.685 1.677 1.762 1.812 1.772 1.682 1.697 1.61 1.557 1.642 1.582 1.575 1.635 1.62 1.645 1.71 1.572 1.26 1.247 1.502 1.685 1.707 1.745 1.775 1.847 1.98 2.085 2.07 3.85
2.357 2.387 2.872 3.002 3.305 2.212 2.352 2.577 3.685 3.825 2.407 2.915 2.317 2.295 2.292 2.35 2.37 2.295 2.245 2.22 2.237 2.23 2.235 2.217 2.172 2.222 2.297 2.27 2.192 2.007 2.235 1.992 1.812 1.872 1.712 1.742 1.715 1.68 1.63 1.64 1.592 1.607 1.6 1.6 1.625 1.645 1.745 1.75 1.635 1.645 1.777 1.66 1.602 1.595 1.545 1.537 1.58 1.587 1.505 1.627 1.545 1.637 1.602 1.717 1.565 1.242 1.22 1.467 1.705 1.735 1.805 1.832 1.937 2.025 2.1 1.99
2.217 2.805 3.025 2.972 3.427 2.337 2.39 2.192 5.262 1.962 2.395 2.627 2.442 2.285 2.285 2.287 2.255 2.287 2.297 2.24 2.275 2.24 2.242 2.232 2.225 2.237 2.272 2.325 2.36 2.28 2.607 2.807 1.98 1.63 1.635 1.825 1.685 1.602 1.575 1.57 1.585 1.575 1.57 1.565 1.555 1.595 1.6 1.637 1.542 1.517 1.6 1.662 1.712 1.672 1.552 1.492 1.497 1.565 1.522 1.47 1.482 1.5 1.57 1.575 1.635 1.555 1.22 1.205 1.472 1.707 1.795 1.82 1.847 1.972 2.067 2.047
1.54 2.245 2.22 2.21 2.51 2.362 2.372 3.035 2.662 2.452 2.56 2.365 2.307 2.362 2.397 2.342 2.257 2.21 2.15 2.202 2.312 2.267 2.215 2.242 2.22 2.217 2.215 2.207 2.26 2.312 2.38 2.427 2.255 2.02 1.917 1.89 1.687 2.232 2.232 1.837 1.79 1.552 1.545 1.547 1.542 1.547 1.527 1.517 1.48 1.467 1.555 1.525 1.615 1.52 1.512 1.587 1.705 1.642 1.512 1.462 1.452 1.45 1.482 1.487 1.522 1.64 1.582 1.225 1.195 1.462 1.672 1.72 1.822 1.902 2.045 2.067
1.242 1.22 1.41 1.497 2.15 2.247 2.267 2.93 3.585 2.535 2.71 2.305 2.4 2.465 2.47 2.377 2.29 2.255 2.225 2.19 2.257 2.335 2.172 2.312 2.3 2.237 2.22 2.16 2.187 2.2 2.22 2.252 2.332 2.36 2.272 2.192 2.002 1.967 1.692 1.805 1.625 1.687 1.657 1.537 1.49 1.512 1.52 1.502 1.48 1.425 1.44 1.555 1.545 1.477 1.462 1.455 1.515 1.622 1.77 1.52 1.575 1.64 1.62 1.572 1.425 1.482 1.587 1.537 1.275 1.412 1.422 1.61 1.692 1.837 1.952 2.032
1.65 1.557 1.502 1.772 2.147 2.332 2.697 3.355 4.085 2.315 2.19 2.28 2.452 2.612 2.422 2.36 2.297 2.912 2.637 2.267 2.332 2.312 2.307 2.285 2.08 2.02 2.145 2.22 2.225 2.202 2.14 2.15 2.157 2.18 2.255 2.295 2.252 3.73 2.38 1.847 1.802 1.91 1.9 1.812 1.905 1.895 1.462 1.45 1.477 1.447 1.44 1.525 1.407 1.447 1.46 1.42 1.427 1.455 1.557 1.52 1.475 1.642 1.57 1.432 1.432 1.48 1.527 1.515 1.53 1.6 1.657 1.665 1.737 1.772 1.852 1.922
2.077 2.11 2.107 2.607 2.467 2.345 2.322 3.105 4.837 2.512 2.197 2.197 2.18 2.232 2.27 2.647 2.91 3.707 3.437 2.437 2.342 2.195 2.115 1.67 1.482 1.702 1.627 1.85 1.9 2.055 2.067 2.197 2.165 2.135 2.16 2.142 2.155 2.68 4.645 2.347 2.3 2.23 1.9 1.772 2.642 1.96 1.895 1.755 1.552 1.45 1.44 1.517 1.437 1.395 1.427 1.47 1.472 1.422 1.455 1.405 1.405 1.41 1.662 1.475 1.425 1.507 1.435 1.425 1.445 1.487 1.795 1.86 1.417 1.647 1.747 1.835
2.182 2.202 2.285 2.367 2.572 2.512 2.602 2.652 2.3 2.355 2.217 2.045 1.57 1.65 2.502 2.542 2.415 2.04 1.927 2.017 1.917 1.692 1.365 1.28 1.28 1.395 1.43 1.412 1.597 1.52 1.602 1.872 2.027 2.245 2.157 2.112 2.085 2.077 2.495 2.165 2.24 2.32 2.235 2.13 2.792 3.492 3.627 3.545 2.065 1.87 1.58 1.68 1.48 1.387 1.407 1.47 1.427 1.48 1.465 1.392 1.4 1.375 1.365 1.377 1.38 1.4 1.482 1.442 1.43 1.492 1.607 1.29 1.367 1.407 1.647 1.737
2.167 2.287 2.415 2.342 2.245 2.465 4.85 4.685 2.337 2.275 2.117 1.677 1.232 1.1 2.127 3.155 2.73 2.647 2.37 1.282 1.677 1.285 1.182 1.437 1.625 1.557 1.655 1.647 1.507 1.332 1.255 1.075 1.702 1.932 1.707 1.93 2.085 2.565 2.072 2.075 2.047 2.022 2.12 2.205 2.362 2.675 4.18 6.385 4.235 3.325 1.595 1.68 1.915 1.73 1.615 1.45 1.432 1.5 1.407 1.425 1.422 1.407 1.37 1.345 1.43 1.392 1.485 1.525 1.502 1.422 1.455 1.372 1.362 1.13 1.417 1.64
2.257 2.412 2.457 2.332 2.17 1.977 2.605 2.05 2.442 2.642 2.07 1.74 1.515 1.425 1.615 1.932 2.742 2.63 1.9 2.96 3.542 2.317 1.865 1.872 1.77 1.837 1.982 2.025 2.067 1.942 1.76 1.475 2.062 2.977 2.505 2.905 2.16 4.24 1.982 2.042 2.027 2 1.957 2.01 2.035 2.105 2.375 3.435 3.532 4.482 3.94 2.84 2.552 1.935 1.867 1.772 1.64 1.535 1.38 1.392 1.41 1.405 1.397 1.392 1.447 1.437 1.425 1.43 1.457 1.377 1.38 1.407 1.322 1.165 1.215 1.497
2.307 2.445 2.45 2.31 2.127 2.132 3.022 2.805 2.347 2.627 2.567 2.17 2.23 2.125 2.127 2.095 2.115 2.17 2.162 2.9 3.127 2.267 2.035 1.925 2.01 1.962 1.982 2.045 2.125 2.147 2.012 2.075 2.087 2.547 2 1.272 3.545 3.795 4.28 1.662 1.892 1.905 1.975 1.937 1.897 1.957 2.02 2.05 2.167 3.705 5.36 4.337 2.35 1.932 1.725 1.542 3.505 1.815 1.382 1.72 1.56 1.395 1.375 1.392 1.38 1.407 1.407 1.402 1.42 1.397 1.37 1.395 1.385 1.312 1.13 1.25
2.352 2.437 2.41 2.89 2.657 3.887 2.322 2.657 2.302 2.36 2.7 2.402 2.285 2.272 2.142 2.157 2.13 2.17 2.39 2.525 2.437 2.1 2.06 2.045 2.02 2.147 2.06 2.06 2.005 1.962 1.967 1.977 2.032 2.125 1.807 3.562 2.91 1.977 1.615 1.265 1.372 1.277 1.862 2.09 1.735 1.947 1.967 1.982 2.007 2.07 2.202 2.557 2.485 2.455 2.1 4.252 2.707 1.685 2.005 2.012 1.975 1.95 1.99 1.605 1.385 1.377 1.365 1.387 1.4 1.397 1.395 1.42 1.432 1.48 1.322 1.095
2.442 2.445 2.315 2.045 2.89 3.267 2.087 2.752 2.467 2.502 2.39 2.275 2.185 2.175 2.142 1.977 2.035 2.055 2.16 2.255 2.135 2.067 2.045 2.17 2.072 1.942 1.925 1.927 1.967 2.04 2.03 1.907 1.867 1.872 1.745 1.865 2.057 1.99 1.722 1.525 1.265 1.275 2.34 2.67 4.23 4.57 2.187 2.46 1.937 1.95 1.965 1.957 1.95 1.977 2.13 2.59 3.79 4.235 2.762 1.85 1.647 2.285 2.772 2.852 2.645 1.525 1.445 1.422 1.357 1.39 1.415 1.402 1.47 1.532 1.552 1.237
2.387 2.35 2 1.79 2.49 2.8 2.345 2.607 2.57 2.392 2.357 2.295 2.227 2.177 2.085 1.92 1.975 2.062 2.045 1.982 2 2.065 2.14 2.025 1.917 1.89 1.887 1.967 1.875 2.027 2.042 1.962 1.927 1.922 1.887 1.895 2.125 1.88 1.88 1.862 1.82 1.66 2.152 3.735 2.957 3.495 4.932 4.965 2.832 1.557 1.767 1.842 1.87 1.87 1.895 1.935 2.29 3.192 4.275 5.747 1.985 2.992 1.927 3.167 2.182 2.185 1.94 1.6 1.497 1.402 1.345 1.407 1.412 1.465 1.577 1.507
2.312 2.085 2.12 2.29 2.64 2.522 2.57 2.482 2.39 2.355 2.365 2.275 2.205 2.05 1.957 1.915 1.98 1.97 1.967 1.94 1.95 2.147 2 1.992 1.925 1.932 1.912 1.927 1.945 2.055 2.025 1.997 1.95 1.94 1.935 2.047 2.01 1.912 1.902 1.915 1.93 1.847 2.02 2.367 1.647 2.42 3.865 3.11 5.045 4.537 1.392 1.475 1.727 1.772 1.847 1.875 1.907 1.942 1.957 2.29 2.107 2.15 2.2 2.682 2.447 2.522 2.367 1.877 2.09 1.895 2.24 1.567 1.49 1.462 1.517 1.602
2.015 1.86 2.84 3.08 2.93 2.935 2.642 2.375 2.39 2.382 2.337 2.257 2.145 2.015 1.92 2.03 1.992 1.967 1.977 2.01 1.957 2.197 2.03 1.905 1.937 2.012 1.977 1.957 2.042 2.092 2.03 1.967 1.955 1.94 1.905 1.935 1.925 1.965 2.017 2.005 1.982 2.395 2.085 2.017 3.89 1.662 2.852 1.46 2.96 3.922 2.335 1.167 1.195 1.225 1.56 1.702 1.742 1.795 1.845 1.872 1.895 1.907 2.007 2.095 2.34 2.302 2.515 2.59 2.27 1.78 2.312 1.705 1.992 2.335 2.18 1.62
2.457 2.807 2.257 2.512 2.52 2.412 2.412 2.33 2.365 2.332 2.292 2.205 2.132 2.007 1.955 2.032 2.037 1.98 1.947 1.962 2.017 1.887 1.96 1.98 1.917 1.907 2.01 2.027 2.095 2.157 2.005 1.98 2.017 2.05 2.027 1.94 1.987 2.107 2.117 2.025 2.05 2.03 2.012 2.077 3.032 1.852 1.89 1.71 1.76 2.432 1.805 1.332 1.187 1.157 1.957 3.04 2.387 2.572 1.672 1.787 1.822 1.83 1.802 1.857 1.88 1.985 2.265 2.437 2.682 2.812 2.182 2.062 1.917 2.997 2.772 2.185
