All_lidar/sz5885_DSM_2M.asc
ncols 500
nrows 500
xllcorner    458000
yllcorner    85000
cellsize     2
NODATA_value -9999
[rows 238 to 271 of 500, columns 380 to 455 of 500]
14.46 14.415 14.362 14.275 14.177 14.08 13.985 13.962 13.83 13.732 13.662 13.492 13.355 13.267 13.155 12.995 12.912 12.832 12.722 12.612 12.535 12.378 12.263 12.118 12.005 11.838 11.713 11.543 11.415 11.295 11.05 10.913 10.763 10.588 10.44 10.278 10.173 10.073 9.993 9.97 9.86 9.868 9.755 9.695 9.685 10.348 16.42 22.873 22.848 21.085 16.318 15.79 11.788 8.995 9.358 10.165 19.48 17.893 14.478 9.463 8.25 8.22 8.743 9.133 8.99 9.023 8.74 8.285 8 8.02 8.073 9.435 10.198 12.055 14.078 13.218
14.297 14.242 14.17 14.092 13.952 13.93 13.777 13.7 13.642 13.485 13.435 13.29 13.172 13.072 12.942 12.892 12.77 12.667 12.54 12.452 12.36 12.21 12.115 12.038 11.88 11.705 11.65 11.45 11.283 11.185 11.05 10.888 10.715 10.508 10.415 10.255 10.128 9.998 10.028 9.848 9.745 9.68 9.625 9.578 10.94 14.763 13.918 16.193 21.903 18.24 11.128 9.258 9.403 8.558 8.49 8.445 10.075 12.078 11.27 12.105 8.713 8.305 8.963 9.115 8.94 8.85 8.8 8.275 7.928 8.46 11.583 12.118 12.4 12.643 14.005 13.695
14.092 14.065 14.017 13.89 13.742 13.692 13.675 13.492 13.427 13.31 13.197 13.117 12.997 12.932 12.792 12.7 12.595 12.49 12.35 12.29 12.18 12.083 12.013 11.905 11.75 11.625 11.528 11.343 11.2 11.105 10.965 10.848 10.713 10.495 10.38 10.188 10.095 11.793 11.345 9.715 9.65 9.698 9.548 13.348 19.05 19.97 15.083 19.4 18.91 10.005 8.563 8.578 8.555 8.77 8.923 8.503 9.11 9.538 11.813 11.545 9.265 8.42 8.67 8.848 8.97 8.87 8.885 8.448 7.853 8.033 13.39 13.503 13.563 13.348 13.705 13.858
13.902 13.95 13.855 13.68 13.532 13.465 13.387 13.285 13.212 13.13 13.047 12.94 12.84 12.737 12.6 12.56 12.432 12.322 12.205 12.145 12.055 12.06 11.86 11.798 11.705 11.56 11.415 11.265 11.143 11.025 10.925 10.893 10.6 10.465 10.278 10.135 10.003 14.943 22.433 15.93 10.465 11.105 10.335 10.493 12.775 13.935 9.398 16.66 15.438 8.6 8.968 9.568 10.17 10.25 9.78 8.68 8.615 8.983 11.023 11.19 9.87 8.508 8.588 8.88 9.038 8.995 9.005 8.73 7.873 8.043 12.17 12.803 12.348 11.58 12.973 14.165
13.695 13.687 13.552 13.462 13.342 13.25 13.177 13.1 13.022 12.92 12.817 12.795 12.69 12.597 12.485 12.352 12.262 12.172 12.095 11.977 11.98 11.86 11.715 11.63 11.57 11.453 11.34 11.16 11.07 10.958 10.873 10.67 10.503 10.463 10.22 11.498 14.785 19.35 21.4 14.075 10.755 9.29 8.765 8.665 8.653 8.638 10.668 9.413 11.183 9.81 10.165 9.61 9.35 9.025 9.018 8.82 8.678 9.315 10.585 11.413 10.55 8.57 8.608 9.118 9.163 9.21 8.925 8.758 8.078 7.89 9.395 11.115 10.983 8.878 9.933 14.26
13.6 13.437 13.347 13.277 13.2 13.115 13.012 12.942 12.877 12.777 12.69 12.61 12.51 12.45 12.335 12.18 12.095 12.007 11.972 11.835 11.758 11.743 11.635 11.588 11.568 11.425 11.188 11.078 10.93 10.818 10.73 10.555 10.505 10.273 10.17 15.328 17.77 17.463 11.59 9.398 8.8 8.755 8.735 8.678 8.768 8.96 9.873 10.235 9.818 9.528 9.055 8.913 8.97 8.925 9.005 8.99 8.81 8.96 9.535 10.393 10.998 8.578 8.575 9.158 9.168 9.02 8.705 8.668 8.538 7.713 8.455 8.86 8.72 8.163 8.28 11.9
13.347 13.26 13.19 13.065 13.005 12.917 12.855 12.782 12.722 12.66 12.562 12.44 12.362 12.337 12.157 12.057 12.015 11.875 11.792 11.69 11.585 11.57 11.468 11.375 11.288 11.18 11.025 10.893 10.788 10.683 12.988 13.938 10.903 10.428 10.78 10.92 16.723 13.523 8.935 8.83 8.798 8.753 8.8 9.338 9.685 10.023 9.605 9.08 8.993 8.985 9.153 9.845 11.518 10.033 9.113 8.97 8.868 8.825 9.443 11.023 11.358 8.863 8.58 9.015 8.885 8.818 8.698 8.67 8.683 8.068 7.645 8.025 8.3 8.56 8.085 10.143
13.207 13.08 13.027 12.91 12.84 12.77 12.692 12.61 12.525 12.44 12.352 12.272 12.195 12.107 11.995 11.895 11.867 11.732 11.627 11.532 11.433 11.398 11.3 11.233 11.143 11.023 10.895 10.785 10.758 10.635 17.695 22.948 19.543 11.673 10.22 9.595 9.675 8.945 8.873 8.815 8.78 9.255 10.265 10.935 9.038 9.018 9.068 9.043 9.025 9.553 12.49 13.995 12.895 11.108 9.158 8.94 9.77 10.51 10.825 11.42 11.753 9.28 8.52 8.665 8.693 8.708 8.745 8.713 8.65 8.42 8.11 8.14 8.233 8.858 8.195 8.243
12.977 12.907 12.857 12.772 12.665 12.597 12.542 12.44 12.35 12.232 12.157 12.077 12.005 11.927 11.867 11.765 11.692 11.577 11.53 11.44 11.295 11.265 11.193 11.11 11.008 10.913 10.823 10.73 12.42 11.253 15.74 20.91 19.428 11.345 9.025 8.898 8.945 8.883 8.778 8.86 9.15 9.373 10.218 13.478 12.578 9.483 9.073 9.063 9.015 9.213 12.403 13.955 13.493 12.023 9.745 9.385 9.958 11.01 10.995 11.25 11.805 9.738 8.495 8.615 8.705 8.768 8.915 9.41 10.228 10.69 10.598 9.68 8.393 7.608 8.495 8.195
12.847 12.747 12.725 12.645 12.515 12.42 12.34 12.255 12.142 12.07 11.987 11.895 11.845 11.765 11.712 11.655 11.622 11.532 11.417 11.34 11.285 11.173 11.09 10.993 10.9 10.805 10.688 17.273 20.49 13.53 10.848 9.72 10.268 8.963 8.908 8.873 8.843 8.838 8.855 9.6 9.028 8.995 9.513 10.303 10.023 9.53 9.008 8.993 8.988 8.92 11.348 13.373 13.945 12.573 10.035 9.125 8.985 10.55 10.83 11.383 11.84 10.533 8.47 8.84 9.93 11.818 9.543 10.048 11.49 11.68 11.083 9.758 8.59 7.72 8.27 10.055
12.675 12.625 12.582 12.485 12.37 12.262 12.167 12.097 12 11.935 11.857 11.84 11.74 11.73 11.682 11.63 11.79 11.47 11.377 11.24 11.088 10.96 10.89 10.795 12.135 13.378 11.82 12.085 15.583 9.91 9.125 9.025 9.008 8.94 9.188 9.245 8.963 9.02 9.198 9.353 9.105 8.998 9.095 9.258 9.835 10.168 8.985 8.965 8.938 8.873 9.69 12.318 12.568 12.198 10.49 8.92 8.903 9.915 10.173 12.06 11.628 9.248 8.378 8.565 9.905 11.475 9.753 10.765 11.433 11.87 11.318 10.595 9.42 8.365 7.703 9.213
12.53 12.48 12.43 12.337 12.235 12.145 12.072 11.997 11.917 11.86 11.76 11.717 11.67 11.775 11.735 11.445 11.352 11.247 11.152 11.045 10.918 10.905 11.493 12.56 13.838 14.895 11.115 9.37 9.145 9.083 9.093 9.055 9.125 9.608 9.568 9.165 9.32 9.165 10.048 9.688 9.348 9.073 8.993 8.988 10.975 14.248 11.355 8.918 8.928 8.888 8.955 9.125 8.85 10.77 10.045 8.865 8.895 9.223 11.64 12.283 11.795 9.198 8.383 8.468 8.833 8.853 10.318 11.54 11.883 12.14 11.618 11.043 10.285 9.21 7.84 8.503
12.375 12.32 12.243 12.17 12.11 12.063 12.013 11.913 11.843 13.703 13.71 11.633 11.565 11.505 11.463 11.39 12.528 11.138 11.143 11.31 11.323 11.388 12.68 13.985 11.535 9.673 9.238 9.213 9.223 9.388 10.503 9.515 9.74 9.295 9.223 9.265 10.225 9.248 9.488 9.553 9.22 9.115 9.9 9.295 10.71 13.455 12.113 8.865 8.875 8.883 8.823 8.743 8.758 8.855 8.748 8.823 8.92 11.408 12.41 11.973 11.503 8.598 8.34 8.3 8.768 9.193 9.885 11.513 12.285 12.603 11.935 11.2 10.443 9.945 9.11 8.035
12.258 12.233 12.188 12.05 12.058 12.018 12.085 18.02 15.3 13.595 12.65 11.623 11.578 11.768 14.21 15.793 17.06 13.845 11.71 11.083 10.585 10.15 9.75 10.03 9.348 9.353 9.285 9.5 10.21 10.965 9.473 9.34 9.243 9.458 9.345 9.31 9.728 10.19 11.005 12.495 13.405 9.54 9.23 8.943 9.05 10.08 10.21 8.803 8.843 8.918 8.81 8.76 8.72 8.688 8.725 9.878 12.515 12.735 11.49 12.293 9.715 8.438 8.328 8.295 8.418 8.54 8.885 10.97 12.01 12.635 12.258 11.488 10.823 10.278 9.075 8.67
12.138 12.068 12.353 12.003 11.763 11.693 14.595 13.973 18.303 12.71 14.02 13.673 11.855 12.71 11.133 15.523 14.53 13.515 10.513 9.748 9.583 9.46 9.463 9.428 9.403 9.828 10.175 10.578 12.38 14.023 11.763 11.233 9.245 9.248 9.388 10.48 13.243 13.778 15.325 15.888 15.248 10.558 9.08 8.933 9.303 11.855 13.91 10.153 8.77 8.793 8.793 8.74 8.713 8.84 11.17 12.79 12.698 11.57 11.11 10.103 8.88 8.64 8.428 8.26 8.238 8.618 9.368 11.015 11.723 12.445 12.515 11.783 11.185 11.16 10.565 10.08
10.49 10.513 10.443 10.393 10.403 10.368 10.625 10.338 10.343 10.28 10.25 10.193 10.17 10.773 9.963 10.455 9.815 9.74 9.653 9.593 9.545 9.498 9.615 10.215 10.388 9.865 9.625 9.475 12.31 14.405 14.273 11.135 9.348 9.255 10.568 13.948 15.398 15.908 16.168 15.733 15.068 12.968 9.255 8.905 9.898 13.348 14.028 11.183 8.725 8.763 8.775 8.738 9.818 12.55 13.098 13.023 12.058 9.868 9.025 8.565 8.473 8.81 8.768 8.245 8.198 8.505 11.368 11.695 12.008 12.313 12.32 11.903 11.515 11.408 10.085 8.77
10.185 10.17 10.103 10.093 10.04 10.015 10.018 9.988 9.98 9.975 9.963 9.93 9.928 9.943 9.888 9.875 9.838 9.755 9.67 9.605 9.685 10.073 10.218 9.76 9.623 9.455 9.62 9.415 11.288 13.715 12.735 9.66 9.455 9.263 12.193 15.685 16.055 15.678 14.795 12.523 11.278 9.403 9.043 8.928 10.545 11.515 12.77 9.875 8.67 8.72 8.74 11.533 13.135 12.685 13.08 13.323 10.558 9.003 9.083 8.38 8.283 8.645 8.363 8.205 8.148 8.348 11.865 12.255 12.165 11.888 11.578 11.308 10.715 9.825 8.145 8.35
10.223 10.39 10.35 10.403 10.015 9.883 9.903 9.908 9.885 9.855 9.86 9.868 9.96 10.155 10.093 10.14 9.97 9.69 10.373 9.73 9.443 9.508 9.483 9.655 9.938 10.263 11.883 10.405 11.798 14.153 12.36 9.365 9.36 10.623 10.99 14.733 14.963 14.043 12.405 9.585 9.173 9.075 8.963 9.445 12.035 10.963 10.068 10.7 9.193 8.635 9.863 12.623 13.108 13.15 12.87 10.37 9.15 8.428 8.293 8.218 8.145 8.143 8.518 8.288 8.083 8.058 9.563 11.73 11.383 10.995 10.09 9.045 7.72 7.77 8.025 8.26
11.058 11 11.063 10.995 11.228 10.47 9.715 9.733 9.655 9.688 10.4 10.983 11 11.238 11.173 10.505 10.435 10.02 10.72 10.665 9.415 9.768 10.285 9.605 10.503 11.14 13.738 14.72 15.538 15.818 14.99 9.965 9.808 15.895 11.98 11.65 10.943 11.625 10.398 9.1 9.02 8.958 8.88 9.455 11.07 10.568 10.008 11.355 10.385 11.67 13.058 11.735 12.6 11.61 10.075 8.848 8.47 8.27 8.205 8.153 8.13 8.093 8.238 8.143 8.033 7.97 8.11 10.605 8.988 8.583 7.835 7.778 7.643 8.405 9.65 9.028
10.013 10.088 10.383 10.173 10.39 11.395 10.093 9.548 9.523 10.008 11.088 10.07 9.863 9.648 9.71 10.458 11.03 9.668 9.913 11.37 10.453 9.845 9.335 10.763 13.003 14.983 15.583 15.69 15.393 14.833 14.355 11.793 9.878 12.97 12.375 10.098 11.108 10.003 8.988 8.9 8.823 8.808 8.78 8.963 9.198 8.743 9.005 11.133 12.443 12.938 13.075 12.17 9.348 8.733 8.398 8.26 8.288 8.153 8.128 8.183 8.175 8.028 9.175 8.805 8.098 7.995 7.875 8.143 8.393 8.273 7.815 8.478 7.995 8.2 9.685 8.835
10.013 10.073 10.048 10.085 10.118 10.743 10.395 9.385 9.373 10.365 10.565 9.668 9.598 9.658 11.228 12.553 12.878 10.105 9.51 10.815 10.66 10.853 9.438 12.583 13.62 15.215 15.19 14.433 13.485 12.378 12.038 11.548 9.32 12.035 11.583 8.903 8.848 8.858 8.763 8.678 8.615 8.725 8.598 8.53 8.393 8.333 8.285 11.968 13.09 13.073 13.08 10.493 8.403 8.29 8.258 8.173 8.158 8.055 8.063 8.21 8.31 7.948 8.36 8.218 8.375 8.44 7.813 7.803 8.49 8.858 7.89 9.238 8.78 7.763 8.965 9.04
10.643 10 9.943 9.935 9.94 10.22 10.458 9.283 9.213 10.43 10.158 9.61 11.578 13.17 13.955 14.56 13.83 10.875 9.44 9.783 11.445 10.028 9.343 10.133 12.62 12.675 13.105 12.043 11.623 10.158 10.625 9.978 9.285 11.798 11.05 8.818 8.728 8.74 8.675 8.605 8.65 8.528 8.34 8.275 8.258 8.245 8.23 10.62 13.165 13.26 12.89 12.93 15.413 10.773 8.173 8.295 8.04 8.113 7.96 7.95 7.97 7.938 8.673 7.898 8.1 8.665 7.825 7.733 8.448 8.933 7.873 8.618 9.663 7.985 8.053 8.565
9.833 9.835 9.8 9.79 9.803 10.085 10.263 9.2 9.078 10.028 10.518 9.585 12.583 14.48 15.473 15.813 14.508 12.555 9.703 9.308 10.878 10.088 9.705 9.668 10.148 10.265 11.3 10.415 9.6 9.2 9.843 9.508 8.968 10.708 12.17 9.17 8.648 8.575 8.523 8.47 8.328 8.205 8.375 8.183 8.238 8.188 8.185 8.49 9.105 10.975 10.63 12.375 15.783 12.318 8.44 8.033 7.948 7.963 7.85 7.79 7.823 8.018 12.43 11.775 8.223 7.85 7.715 7.685 7.763 7.993 7.713 7.763 9.285 9.013 7.77 8.145
9.893 10.113 9.823 9.753 9.7 10.19 9.828 9.083 8.9 9.675 10.663 9.57 10.493 14.048 15.918 16.598 15.025 13.165 10.063 9.243 10.043 10.645 9.708 9.533 10.538 9.318 9.578 9.253 9.178 9.123 9.035 8.965 9.345 8.888 12.033 10.695 8.605 8.615 8.38 8.213 8.143 8.135 9.038 9.098 9.455 8.163 8.975 8.663 8.478 8.33 8.268 8.475 8.238 8.108 7.91 7.923 7.865 7.803 7.753 7.688 7.775 8.013 14.52 13.135 8.348 7.843 7.68 7.613 7.675 7.788 7.7 7.703 8.633 8.813 8.143 7.893
9.793 10.043 9.75 9.695 9.878 10.025 9.283 8.838 8.748 9.685 10.463 9.493 9.428 13.473 15.29 16.008 15.195 13.708 10.575 9.16 9.078 11.073 10.605 11.405 10.195 9.908 9.585 9.375 9.033 8.983 8.925 8.865 9.565 10.825 9.88 9.658 8.825 8.3 8.183 8.158 8.16 8.078 8.083 11.825 9.558 8.678 8.71 8.438 8.52 8.25 8.245 8.22 7.938 7.88 7.888 7.795 7.778 7.713 7.665 7.633 7.668 7.67 8.69 8.275 7.87 7.735 7.645 7.585 7.52 7.813 9.425 10.753 8.068 8.128 8.083 7.718
9.548 9.533 9.51 9.523 10.3 9.803 8.92 8.763 8.61 9.615 10.158 9.38 9.325 12.5 14.528 15.028 13.978 13.075 11.195 9.418 9.228 9.583 10.3 11.9 11.575 9.77 9.803 9.148 8.98 8.875 8.863 8.965 9.405 8.868 8.515 9.408 9.715 8.18 8.105 8.093 8.193 8.398 8.738 10.718 9.498 9.095 8.613 8.24 9.388 10.985 8.785 8.395 7.91 7.923 8.053 7.713 7.86 7.683 7.648 8.768 7.643 7.665 7.693 7.483 7.575 7.573 7.565 7.52 7.458 7.95 12.588 14.248 11.335 7.698 7.715 7.728
9.34 9.35 9.4 9.598 9.403 8.903 8.7 8.845 8.555 9.173 10.015 9.278 9.238 11.455 14.06 13.22 12.2 11.933 10.693 9.515 9.503 8.92 8.99 11.328 11.72 9.903 8.923 8.87 8.845 8.905 8.883 8.61 8.555 8.43 8.373 9.278 9.688 8.078 9.63 10.648 11.955 14.343 12.74 11.418 9.493 8.56 8.55 8.35 8.39 9.668 9.72 8.273 7.758 7.72 7.765 7.658 7.728 7.735 7.968 7.918 7.563 7.425 7.418 7.428 7.473 7.515 7.51 7.458 7.415 7.753 9.578 9.438 8.363 7.608 7.763 7.38
9.52 9.615 9.86 9.23 8.793 8.638 8.61 9.205 8.615 8.628 9.79 9.193 9.173 10.03 11.573 10.995 11.078 10.778 9.44 9.213 9.783 10.595 9.975 10.163 10.085 9.108 8.723 8.725 8.698 8.63 8.575 8.52 8.463 8.328 8.253 9.288 9.433 10.625 15.128 13.558 17.09 16.955 15.293 10.27 9.968 7.968 8.755 8.178 8.028 9.215 8.448 7.653 7.635 7.658 7.66 7.75 7.79 7.563 7.52 8.7 7.428 7.323 7.303 7.368 7.413 7.52 7.478 7.455 7.358 7.285 7.283 7.413 7.258 7.493 7.623 7.233
9.7 8.988 8.895 8.585 8.598 8.578 8.573 9.263 8.505 8.985 9.943 9.053 9.075 9.073 9.428 9.8 9.085 8.97 8.908 8.955 10.643 11.278 11.168 10.638 11.108 9.405 9.178 8.588 8.613 8.533 8.465 8.383 8.363 8.275 8.505 8.88 9.018 12.175 15.073 13.428 18.015 17.288 12.863 13.09 11.523 8.538 7.78 7.773 7.908 8.793 8.808 7.808 10.213 8.178 7.663 7.813 7.635 7.478 7.415 7.368 7.358 7.313 7.318 7.368 7.373 7.485 7.433 7.355 7.29 7.248 7.21 7.133 7.17 7.39 7.568 9.71
8.79 8.57 8.535 8.518 8.555 8.643 10.228 8.885 8.125 8.575 9.888 8.95 8.935 8.935 8.983 8.968 8.91 8.88 8.788 8.71 10.17 11.258 11.1 11.035 10.56 8.663 8.49 8.453 8.433 8.378 8.478 8.468 8.875 8.435 8.548 8.51 8.46 9.315 12.583 14.988 14.835 14.835 14.363 13.195 11.718 8.848 7.963 7.983 8.635 10.083 9.103 8.908 11.533 8.355 7.59 7.46 7.423 8.918 8.78 7.28 8.425 8.778 7.345 7.285 7.305 7.323 7.3 7.285 7.248 7.213 7.543 9.515 9.263 9.695 8.06 11.843
8.78 8.508 8.623 9.623 11.168 12.935 13.943 11.8 8.068 8.108 9.388 8.95 9.45 9.065 8.86 8.845 8.773 8.84 8.663 9.063 9.955 10.663 10.883 10.235 10.85 10.475 9.255 8.53 9.135 8.338 8.52 8.508 8.78 9.008 8.753 8.425 7.858 7.72 7.67 8.398 14.465 15.573 14.14 12.238 13.245 10.56 8.303 8.285 8.923 9.785 8.733 8.403 10.23 9.78 8.55 7.335 7.278 7.49 9.628 7.418 7.728 7.403 7.465 7.583 7.615 7.34 7.313 7.625 8.81 9.415 12.103 15.713 16.635 16.78 9.698 7.435
9.958 10.988 12.89 13.643 14.038 13.723 14.015 12.603 8.298 7.695 9.365 8.845 8.968 8.863 8.773 8.713 8.61 8.433 8.445 8.288 8.328 9.053 8.71 8.748 10.23 9.423 8.62 8.523 9.875 8.21 8.25 8.818 8.845 8.28 7.823 7.703 7.668 7.605 7.595 7.59 10.095 12.653 9.568 10.108 12.75 9.723 9.193 9.028 8.6 8.068 8.218 9.305 9.855 9.888 7.93 7.21 7.185 11.005 13.35 7.268 8.75 11.36 8.693 7.745 7.91 7.865 7.548 10.658 16.5 16.19 18.6 20.843 20.918 21.768 15.79 7.47
10.828 12.585 14.043 13.64 13.408 13.338 13.835 13.275 8.763 7.698 9.18 8.81 8.79 9.21 9.47 8.778 8.528 8.263 8.263 8.258 8.253 8.25 8.233 8.475 8.775 9.618 9.443 8.318 8.548 8.688 8.633 8.168 7.81 7.683 7.635 7.62 7.61 7.565 7.543 7.55 7.523 7.47 7.51 7.728 10.578 12.588 11.938 8.818 9.753 8.243 7.648 8.195 9.455 9.075 7.325 7.165 7.118 7.153 7.148 7.21 12.235 13.35 12.118 11.22 7.863 8.598 10.395 17.553 20.218 21.695 22.43 22.175 22.24 22.198 20.56 9.438
10.585 11.015 13.125 13.258 13.6 13.923 12.615 10.725 7.928 7.508 9.36 8.575 8.555 9.01 9.14 8.23 8.22 8.238 8.255 8.665 8.348 8.183 8.695 9.718 10.11 8.98 9.175 9.44 9.205 8.48 7.77 7.703 7.68 7.67 7.648 7.573 7.568 7.513 7.455 7.443 7.443 7.428 7.365 7.353 7.823 11.798 11.525 9.7 9.18 8.158 7.228 7.125 7.123 8.645 7.455 7.13 7.058 7.105 7.263 7.188 8.268 9.45 12.215 9.27 8.19 11.983 17.553 20.138 21.625 22.19 22.758 22.473 22.803 21.463 19.933 14.123
