All_lidar/sz5986_DSM_2M.asc
ncols 500
nrows 500
xllcorner    459000
yllcorner    86000
cellsize     2
NODATA_value -9999
[rows 160 to 191 of 500, columns 216 to 287 of 500]
52.138 52.156 52.158 52.236 52.303 52.343 52.396 52.471 52.453 52.438 52.441 52.443 52.438 52.443 52.408 52.366 52.313 52.281 52.291 52.228 52.208 52.193 52.096 52.031 51.978 51.936 51.883 51.811 51.733 51.716 51.651 51.578 51.493 51.441 51.416 51.393 51.401 51.331 51.278 51.261 51.258 51.218 51.236 51.221 51.203 51.216 51.268 51.303 51.331 51.406 51.496 51.601 51.696 51.886 51.978 52.158 52.371 52.498 52.663 52.883 53.081 53.316 53.493 53.756 53.978 54.228 54.503 54.773 55.046 55.881 55.696 55.886
51.803 51.803 51.803 51.911 51.928 52.001 52.003 52.061 52.063 52.058 52.098 52.078 52.028 51.993 51.958 51.938 51.941 51.921 51.961 51.868 51.848 51.753 51.726 51.678 51.631 51.566 51.496 51.483 51.373 51.351 51.271 51.213 51.153 51.123 51.063 51.053 51.083 50.958 50.906 50.873 50.838 50.813 50.843 50.858 50.903 50.926 50.928 50.958 51.016 51.088 51.236 51.303 51.436 51.593 51.746 51.913 52.098 52.276 52.446 52.638 52.866 53.088 53.298 53.536 53.776 54.046 54.333 54.586 55.206 55.608 55.461 55.708
51.446 51.443 51.481 51.563 51.703 51.671 51.676 51.696 51.666 51.691 51.678 51.663 51.638 51.656 51.608 51.626 51.631 51.526 51.508 51.438 51.403 51.391 51.361 51.303 51.253 51.216 51.141 51.093 51.051 50.991 50.931 50.868 50.796 50.751 50.736 50.691 50.636 50.606 50.563 50.488 50.478 50.473 50.491 50.478 50.526 50.561 50.591 50.651 50.713 50.788 50.903 51.016 51.158 51.338 51.521 51.681 51.861 52.036 52.276 52.416 52.663 52.863 53.083 53.328 53.588 53.856 54.166 54.431 55.453 55.481 55.288 55.546
51.068 51.086 51.143 51.216 51.246 51.293 51.333 51.313 51.336 51.311 51.326 51.338 51.278 51.266 51.173 51.163 51.151 51.121 51.111 51.101 51.068 51.008 50.956 50.896 50.868 50.816 50.761 50.741 50.681 50.618 50.566 50.526 50.473 50.406 50.391 50.353 50.313 50.273 50.236 50.166 50.131 50.151 50.158 50.138 50.146 50.188 50.256 50.336 50.391 50.466 50.586 50.736 50.878 51.056 51.258 51.466 51.623 51.803 52.003 52.201 52.441 52.653 52.878 53.148 53.388 53.658 53.978 54.298 55.471 54.923 55.086 55.396
50.743 50.761 50.783 50.828 50.868 50.938 51.013 50.931 50.946 50.971 50.978 50.928 50.901 50.836 50.791 50.813 50.808 50.796 50.783 50.698 50.651 50.611 50.561 50.528 50.498 50.448 50.403 50.383 50.316 50.276 50.243 50.171 50.151 50.093 50.043 50.013 49.991 49.948 49.906 49.856 49.811 49.861 49.856 49.836 49.853 49.893 49.916 49.998 50.091 50.211 50.328 50.471 50.593 50.786 50.978 51.193 51.396 51.596 51.818 52.023 52.208 52.461 52.673 52.941 53.206 53.478 53.801 54.423 54.946 54.688 54.921 55.238
50.396 50.446 50.508 50.608 50.586 50.581 50.611 50.586 50.603 50.613 50.593 50.558 50.541 50.498 50.468 50.438 50.441 50.416 50.363 50.303 50.256 50.238 50.148 50.136 50.118 50.106 50.028 50.013 49.958 49.926 49.873 49.826 49.768 49.721 49.716 49.663 49.653 49.628 49.623 49.558 49.536 49.536 49.528 49.538 49.571 49.588 49.651 49.738 49.818 49.933 50.071 50.231 50.371 50.536 50.713 50.933 51.111 51.338 51.553 51.766 51.978 52.281 52.516 52.748 53.006 53.298 53.618 54.361 54.368 54.493 54.748 55.056
50.083 50.161 50.191 50.176 50.231 50.276 50.286 50.216 50.246 50.261 50.231 50.206 50.156 50.123 50.068 50.073 50.056 50.026 50.011 49.936 49.888 49.853 49.803 49.763 49.741 49.698 49.673 49.628 49.606 49.578 49.516 49.463 49.438 49.416 49.401 49.381 49.361 49.346 49.316 49.308 49.251 49.271 49.281 49.313 49.293 49.336 49.416 49.446 49.566 49.681 49.796 49.966 50.106 50.278 50.486 50.683 50.883 51.091 51.301 51.526 51.743 52.023 52.316 52.598 52.833 53.143 53.541 54.623 54.053 54.286 54.596 54.896
49.768 49.831 49.841 49.883 49.913 49.983 49.978 49.938 49.916 49.933 49.873 49.838 49.786 49.758 49.741 49.738 49.758 49.708 49.633 49.541 49.528 49.501 49.426 49.416 49.346 49.338 49.281 49.236 49.218 49.198 49.176 49.121 49.091 49.078 49.063 49.058 49.048 49.041 49.008 49.001 48.976 49.018 48.988 49.026 49.028 49.076 49.163 49.261 49.331 49.493 49.683 49.721 49.863 50.036 50.231 50.471 50.683 50.898 51.073 51.318 51.536 51.811 52.096 52.366 52.636 52.898 53.668 54.246 53.841 54.096 54.401 54.723
49.438 49.481 49.496 49.606 49.591 49.628 49.618 49.588 49.566 49.578 49.548 49.541 49.481 49.421 49.388 49.373 49.341 49.296 49.231 49.196 49.203 49.133 49.063 49.058 48.991 48.963 48.923 48.881 48.883 48.861 48.783 48.721 48.731 48.708 48.723 48.763 48.736 48.703 48.706 48.738 48.696 48.711 48.728 48.756 48.811 48.848 48.903 48.988 49.068 49.238 49.396 49.453 49.703 49.851 50.026 50.218 50.428 50.646 50.893 51.103 51.333 51.588 51.858 52.141 52.456 52.696 53.528 53.513 53.656 53.918 54.233 54.551
49.101 49.146 49.181 49.206 49.213 49.231 49.236 49.208 49.223 49.196 49.218 49.133 49.098 49.046 49.038 49.021 48.986 48.946 48.886 48.866 48.841 48.751 48.688 48.673 48.651 48.613 48.578 48.536 48.523 48.493 48.431 48.393 48.371 48.406 48.431 48.423 48.411 48.401 48.446 48.426 48.433 48.488 48.471 48.498 48.541 48.601 48.668 48.771 48.876 48.991 49.126 49.288 49.451 49.603 49.811 50.013 50.206 50.408 50.658 50.868 51.128 51.438 51.688 51.961 52.291 52.561 53.058 53.233 53.451 53.728 54.063 54.346
48.758 48.796 48.901 48.861 48.916 48.903 48.871 48.853 48.908 48.853 48.833 48.793 48.748 48.721 48.711 48.676 48.653 48.603 48.528 48.483 48.458 48.386 48.361 48.323 48.293 48.236 48.236 48.188 48.176 48.118 48.091 48.063 48.036 48.081 48.106 48.091 48.083 48.098 48.131 48.118 48.138 48.246 48.218 48.278 48.291 48.371 48.453 48.586 48.733 48.806 48.948 49.096 49.263 49.456 49.636 49.813 50.018 50.231 50.481 50.666 50.908 51.208 51.508 51.811 52.138 52.448 52.781 53.026 53.253 53.576 53.863 54.156
48.453 48.461 48.548 48.516 48.511 48.513 48.513 48.503 48.521 48.511 48.493 48.398 48.391 48.348 48.331 48.308 48.271 48.223 48.213 48.163 48.128 48.081 48.031 47.986 47.931 47.916 47.883 47.833 47.816 47.783 47.753 47.711 47.751 47.746 47.763 47.756 47.796 47.783 47.838 47.836 47.843 47.881 47.963 48.011 48.086 48.136 48.203 48.313 48.473 48.638 48.731 48.896 49.068 49.283 49.496 49.646 49.821 50.028 50.253 50.506 50.753 51.008 51.303 51.656 51.921 52.421 52.591 52.853 53.103 53.393 53.658 53.948
48.123 48.123 48.176 48.163 48.163 48.196 48.226 48.161 48.118 48.111 48.083 48.043 48.001 48.003 48.011 47.988 47.936 47.898 47.836 47.841 47.806 47.728 47.686 47.643 47.623 47.581 47.556 47.496 47.481 47.436 47.408 47.398 47.411 47.461 47.426 47.436 47.466 47.506 47.496 47.583 47.601 47.606 47.693 47.736 47.841 47.898 48.006 48.141 48.276 48.453 48.561 48.753 48.923 49.093 49.303 49.493 49.666 49.838 50.051 50.338 50.568 50.838 51.146 51.483 51.781 52.098 52.406 52.691 52.948 53.216 53.486 53.763
47.768 47.773 47.798 47.771 47.823 47.846 47.768 47.788 47.778 47.746 47.711 47.718 47.663 47.661 47.641 47.593 47.578 47.533 47.486 47.453 47.453 47.381 47.361 47.338 47.278 47.221 47.183 47.178 47.156 47.118 47.078 47.103 47.096 47.136 47.136 47.148 47.161 47.213 47.218 47.273 47.308 47.361 47.413 47.516 47.593 47.663 47.771 47.898 48.063 48.236 48.413 48.536 48.721 48.916 49.118 49.328 49.483 49.748 49.931 50.181 50.416 50.691 51.006 51.311 51.676 51.996 52.246 52.511 52.753 53.053 53.326 53.571
47.451 47.453 47.486 47.458 47.476 47.463 47.413 47.456 47.408 47.381 47.403 47.303 47.301 47.316 47.251 47.266 47.193 47.186 47.203 47.136 47.093 47.048 47.028 46.986 46.951 46.928 46.873 46.846 46.858 46.803 46.796 46.776 46.798 46.831 46.871 46.876 46.873 46.898 46.908 46.986 47.008 47.098 47.161 47.256 47.378 47.453 47.576 47.716 47.898 48.018 48.226 48.416 48.561 48.758 48.946 49.143 49.361 49.556 49.771 50.006 50.268 50.546 50.776 51.098 51.433 51.773 52.091 52.363 52.613 52.863 53.131 53.378
47.141 47.146 47.146 47.148 47.241 47.143 47.076 47.071 47.043 47.016 47.001 46.941 46.918 46.926 46.896 46.881 46.886 46.846 46.806 46.793 46.746 46.708 46.688 46.648 46.641 46.596 46.558 46.536 46.513 46.481 46.483 46.513 46.501 46.548 46.556 46.563 46.581 46.603 46.636 46.721 46.791 46.873 46.893 46.996 47.103 47.173 47.323 47.493 47.658 47.811 47.996 48.223 48.413 48.591 48.773 48.948 49.151 49.378 49.603 49.866 50.101 50.376 50.618 50.968 51.243 51.546 51.823 52.148 52.493 52.758 53.008 53.208
46.826 46.833 46.826 46.841 46.853 46.741 46.731 46.706 46.696 46.683 46.631 46.606 46.561 46.556 46.563 46.498 46.478 46.448 46.438 46.443 46.418 46.393 46.346 46.316 46.313 46.253 46.263 46.238 46.208 46.156 46.166 46.193 46.233 46.241 46.273 46.296 46.338 46.383 46.381 46.433 46.511 46.558 46.666 46.723 46.873 46.968 47.128 47.281 47.456 47.616 47.793 47.976 48.186 48.428 48.576 48.811 48.986 49.203 49.443 49.676 49.948 50.251 50.508 50.796 51.036 51.343 51.621 51.886 52.193 52.508 52.836 53.083
46.533 46.528 46.503 46.483 46.476 46.388 46.398 46.383 46.343 46.276 46.271 46.218 46.208 46.213 46.178 46.153 46.126 46.136 46.086 46.066 46.043 46.023 46.003 45.986 45.973 45.933 45.933 45.913 45.903 45.866 45.896 45.923 45.971 45.968 45.991 46.058 46.068 46.101 46.138 46.176 46.261 46.348 46.436 46.536 46.681 46.778 46.913 47.061 47.246 47.416 47.591 47.816 48.041 48.233 48.423 48.646 48.783 49.013 49.246 49.511 49.791 50.061 50.348 50.631 50.901 51.183 51.431 51.716 52.001 52.246 52.496 52.798
46.236 46.196 46.156 46.166 46.098 46.061 46.008 45.986 45.956 45.916 45.896 45.863 45.861 45.848 45.823 45.786 45.781 45.766 45.773 45.743 45.693 45.696 45.681 45.633 45.631 45.626 45.606 45.558 45.551 45.573 45.608 45.658 45.676 45.711 45.733 45.771 45.788 45.863 45.883 45.971 46.061 46.108 46.206 46.291 46.403 46.556 46.691 46.886 47.048 47.218 47.468 47.638 47.856 48.026 48.191 48.438 48.601 48.828 49.078 49.363 49.623 49.863 50.183 50.466 50.726 50.983 51.236 51.498 51.766 52.011 52.238 52.523
45.926 45.843 45.798 45.776 45.736 45.663 45.631 45.636 45.616 45.558 45.558 45.513 45.521 45.506 45.488 45.448 45.433 45.421 45.463 45.403 45.383 45.351 45.336 45.326 45.311 45.298 45.278 45.308 45.308 45.278 45.301 45.353 45.428 45.441 45.458 45.498 45.528 45.566 45.626 45.711 45.803 45.868 45.993 46.091 46.201 46.331 46.546 46.693 46.856 47.021 47.183 47.431 47.628 47.838 48.063 48.231 48.456 48.651 48.913 49.193 49.451 49.706 50.016 50.261 50.518 50.788 51.046 51.301 51.573 51.796 52.076 52.291
45.596 45.518 45.463 45.401 45.348 45.316 45.311 45.313 45.251 45.181 45.141 45.156 45.203 45.158 45.153 45.121 45.148 45.126 45.108 45.073 45.043 45.018 45.001 44.993 44.993 44.991 44.996 44.968 44.973 44.976 45.023 45.088 45.111 45.148 45.198 45.226 45.266 45.323 45.428 45.468 45.578 45.656 45.763 45.926 45.986 46.153 46.311 46.521 46.668 46.836 47.021 47.246 47.443 47.661 47.868 48.046 48.251 48.496 48.756 48.991 49.281 49.543 49.821 50.061 50.351 50.598 50.861 51.078 51.316 51.521 51.798 52.036
45.306 45.186 45.143 45.068 44.966 44.988 44.928 44.921 44.893 44.873 44.786 44.826 44.851 44.813 44.796 44.796 44.796 44.786 44.798 44.756 44.728 44.706 44.701 44.671 44.701 44.686 44.653 44.668 44.658 44.711 44.746 44.808 44.836 44.896 44.951 45.013 45.043 45.093 45.166 45.251 45.366 45.443 45.523 45.663 45.806 45.983 46.133 46.331 46.473 46.661 46.871 47.073 47.278 47.468 47.661 47.858 48.093 48.293 48.581 48.841 49.121 49.356 49.638 49.878 50.158 50.386 50.713 50.856 51.123 51.313 51.573 51.796
45.083 44.811 44.721 44.688 44.663 44.633 44.553 44.546 44.503 44.463 44.456 44.513 44.488 44.481 44.456 44.441 44.446 44.461 44.473 44.423 44.418 44.403 44.398 44.381 44.396 44.368 44.388 44.386 44.376 44.403 44.448 44.526 44.593 44.641 44.676 44.743 44.783 44.863 44.928 45.006 45.133 45.226 45.351 45.456 45.611 45.776 45.961 46.153 46.276 46.478 46.683 46.913 47.151 47.338 47.518 47.701 47.903 48.153 48.401 48.648 48.906 49.183 49.443 49.688 49.926 50.166 50.411 50.671 50.906 51.116 51.376 51.553
45.058 44.501 44.408 44.333 44.298 44.256 44.238 44.161 44.138 44.121 44.118 44.108 44.131 44.141 44.096 44.106 44.123 44.126 44.113 44.091 44.096 44.083 44.103 44.091 44.093 44.073 44.086 44.108 44.083 44.153 44.191 44.243 44.308 44.341 44.436 44.481 44.521 44.626 44.701 44.811 44.911 45.041 45.156 45.281 45.431 45.643 45.746 45.948 46.121 46.336 46.518 46.763 46.966 47.158 47.393 47.526 47.741 47.998 48.218 48.491 48.773 48.998 49.271 49.541 49.721 49.946 50.196 50.446 50.651 50.891 51.128 51.316
45.208 44.171 44.068 44.008 43.976 43.916 43.868 43.816 43.818 43.781 43.733 43.746 43.768 43.786 43.768 43.773 43.773 43.853 43.773 43.788 43.808 43.773 43.776 43.776 43.788 43.791 43.813 43.806 43.821 43.891 43.943 43.968 44.038 44.128 44.171 44.221 44.298 44.383 44.496 44.616 44.713 44.816 44.946 45.066 45.261 45.458 45.661 45.851 45.961 46.176 46.366 46.573 46.803 46.963 47.156 47.376 47.581 47.828 48.078 48.336 48.548 48.793 49.083 49.348 49.533 49.736 49.988 50.238 50.421 50.673 50.881 51.066
44.718 43.843 43.733 43.668 43.558 43.533 43.521 43.478 43.451 43.418 43.433 43.413 43.458 43.416 43.441 43.491 43.486 43.491 43.471 43.503 43.488 43.476 43.506 43.491 43.508 43.533 43.533 43.533 43.541 43.633 43.726 43.743 43.813 43.858 43.928 44.001 44.056 44.163 44.253 44.373 44.468 44.623 44.748 44.871 45.063 45.218 45.443 45.623 45.793 45.968 46.221 46.431 46.626 46.823 47.001 47.176 47.421 47.671 47.913 48.161 48.391 48.653 48.898 49.131 49.328 49.563 49.826 49.981 50.163 50.401 50.636 50.791
44.723 43.701 43.423 43.328 43.223 43.191 43.166 43.146 43.116 43.101 43.108 43.093 43.121 43.141 43.123 43.121 43.143 43.176 43.156 43.168 43.186 43.186 43.208 43.218 43.206 43.236 43.268 43.231 43.293 43.383 43.471 43.503 43.591 43.633 43.726 43.746 43.821 43.916 44.026 44.121 44.273 44.396 44.566 44.708 44.873 45.028 45.246 45.438 45.636 45.828 46.086 46.253 46.453 46.626 46.816 47.016 47.273 47.506 47.746 48.001 48.253 48.533 48.718 48.928 49.128 49.341 49.561 49.791 49.943 50.161 50.373 50.563
44.601 43.781 43.026 42.956 42.863 42.868 42.788 42.831 42.766 42.761 42.728 42.773 42.778 42.796 42.831 42.821 42.866 42.871 42.853 42.876 42.888 42.878 42.913 42.928 42.943 42.963 43.003 42.996 43.053 43.171 43.218 43.256 43.331 43.431 43.458 43.503 43.616 43.701 43.813 43.953 44.073 44.176 44.328 44.491 44.676 44.876 45.071 45.251 45.438 45.656 45.918 46.118 46.263 46.466 46.666 46.873 47.108 47.356 47.591 47.863 48.066 48.326 48.548 48.773 48.933 49.143 49.373 49.528 49.753 49.936 50.093 50.258
43.626 44.746 42.681 42.578 42.523 42.583 42.458 42.438 42.411 42.421 42.456 42.441 42.493 42.486 42.506 42.556 42.521 42.561 42.556 42.573 42.588 42.608 42.633 42.656 42.678 42.711 42.743 42.723 42.808 42.898 42.988 43.056 43.136 43.178 43.221 43.323 43.403 43.498 43.628 43.748 43.911 44.063 44.156 44.298 44.486 44.673 44.886 45.053 45.241 45.523 45.726 45.921 46.101 46.301 46.496 46.721 46.943 47.198 47.398 47.646 47.908 48.131 48.346 48.558 48.731 48.973 49.156 49.318 49.483 49.676 49.841 49.978
42.916 42.631 42.396 42.266 42.193 42.133 42.116 42.121 42.078 42.123 42.081 42.121 42.108 42.183 42.201 42.196 42.243 42.246 42.266 42.306 42.331 42.326 42.361 42.381 42.401 42.433 42.493 42.481 42.558 42.743 42.811 42.833 42.853 42.908 42.978 43.118 43.213 43.318 43.436 43.528 43.681 43.801 43.983 44.143 44.301 44.488 44.668 44.901 45.113 45.333 45.548 45.741 45.928 46.111 46.306 46.523 46.783 47.028 47.256 47.458 47.743 47.956 48.166 48.361 48.541 48.738 48.893 49.053 49.243 49.421 49.581 49.698
44.643 42.583 42.213 41.956 41.848 41.828 41.801 41.786 41.741 41.738 41.753 41.798 41.801 41.848 41.888 41.871 41.938 41.971 41.976 42.016 42.028 42.051 42.086 42.101 42.151 42.181 42.291 42.238 42.323 42.436 42.526 42.571 42.616 42.688 42.771 42.911 43.026 43.118 43.216 43.346 43.463 43.626 43.776 43.958 44.141 44.356 44.531 44.748 44.888 45.143 45.343 45.546 45.718 45.923 46.131 46.386 46.618 46.853 47.078 47.306 47.551 47.766 47.963 48.163 48.341 48.548 48.706 48.856 49.026 49.188 49.358 49.508
42.266 42.178 42.311 41.598 41.558 41.521 41.463 41.441 41.431 41.433 41.461 41.496 41.528 41.551 41.568 41.608 41.641 41.673 41.708 41.726 41.746 41.776 41.823 41.846 41.871 41.941 41.968 42.013 42.088 42.188 42.323 42.398 42.426 42.463 42.553 42.653 42.766 42.903 43.016 43.153 43.291 43.446 43.598 43.761 43.941 44.161 44.336 44.556 44.766 44.981 45.181 45.366 45.551 45.746 45.928 46.146 46.418 46.691 46.921 47.143 47.363 47.603 47.761 47.948 48.133 48.353 48.461 48.618 48.806 48.951 49.091 49.223
