All_lidar/sz5993_DSM_2M.asc
ncols 500
nrows 500
xllcorner    459000
yllcorner    93000
cellsize     2
NODATA_value -9999
[rows 64 to 95 of 500, columns 72 to 143 of 500]
-2.089 -2.117 -2.154 -2.067 -2.087 -2.062 -1.999 -2.114 -2.089 -2.042 -2.134 -2.074 -2.099 -2.077 -2.077 -2.072 -2.047 -2.059 -2.042 -2.029 -1.997 -2.072 -2.114 -2.049 -2.009 -2.084 -2.117 -2.069 -2.054 -2.054 -2.112 -2.054 -2.099 -2.129 -2.039 -1.994 -2.067 -2.017 -1.992 -2.067 -2.069 -2.069 -2.024 -2.047 -1.999 -1.989 -1.999 -2.154 -2.002 -2.037 -2.112 -2.089 -2.059 -2.072 -2.064 -2.052 -2.039 -2.044 -2.044 -2.054 -2.034 -2.034 -2.072 -2.082 -2.064 -2.137 -2.089 -2.067 -2.102 -2.064 -2.134 -2.144
-2.107 -2.029 -2.102 -2.049 -2.059 -2.032 -2.067 -2.069 -2.024 -2.069 -2.127 -2.117 -2.102 -2.074 -2.064 -2.039 -2.069 -2.097 -2.059 -2.079 -2.024 -2.049 -2.049 -2.087 -2.059 -2.029 -2.027 -2.077 -2.077 -2.039 -2.122 -2.034 -2.099 -2.124 -2.099 -2.047 -2.079 -2.087 -2.019 -2.094 -2.047 -2.052 -1.999 -2.032 -2.072 -2.007 -2.039 -2.067 -2.089 -2.004 -2.034 -2.039 -2.057 -2.052 -2.087 -2.082 -2.099 -2.099 -2.082 -2.027 -2.027 -2.064 -2.019 -2.094 -2.052 -2.157 -2.107 -2.074 -2.084 -2.024 -2.032 -2.134
-2.069 -2.064 -2.029 -2.084 -2.082 -2.042 -2.017 -2.089 -2.047 -2.054 -2.104 -2.127 -2.109 -2.072 -2.117 -2.089 -2.084 -2.084 -2.082 -2.052 -2.059 -2.047 -2.082 -2.067 -2.082 -2.077 -2.034 -2.057 -2.097 -2.069 -2.089 -2.052 -2.052 -2.039 -2.052 -2.024 -2.027 -2.089 -2.042 -2.072 -2.054 -2.112 -1.987 -1.984 -2.037 -2.042 -2.072 -2.034 -2.057 -2.042 -2.007 -1.979 -2.059 -2.017 -2.049 -2.099 -2.044 -2.057 -2.102 -2.037 -1.984 -2.114 -2.082 -2.052 -1.992 -2.024 -2.057 -2.069 -2.059 -2.087 -2.029 -2.084
-2.062 -2.107 -2.034 -2.052 -2.039 -2.079 -1.967 -2.147 -2.102 -2.022 -2.067 -2.132 -2.069 -2.102 -2.109 -2.047 -2.104 -2.079 -2.102 -2.129 -2.069 -2.069 -2.077 -2.064 -2.009 -2.077 -2.037 -2.012 -2.094 -2.084 -2.124 -2.052 -2.052 -2.009 -2.074 -2.054 -2.022 -2.114 -2.044 -2.052 -2.064 -2.047 -2.007 -2.054 -2.022 -2.089 -2.059 -1.979 -2.004 -2.024 -2.039 -1.957 -2.037 -1.982 -2.024 -2.042 -2.117 -2.037 -2.082 -2.057 -2.009 -2.102 -2.109 -2.062 -2.029 -2.069 -2.042 -2.039 -2.134 -2.087 -2.067 -2.039
-2.034 -2.082 -2.097 -2.057 -2.024 -2.059 -2.019 -2.057 -2.037 -2.059 -2.022 -2.117 -2.092 -2.064 -2.117 -2.042 -2.137 -2.104 -2.034 -2.132 -2.092 -2.047 -2.127 -2.069 -2.002 -2.064 -2.079 -2.037 -2.079 -2.072 -2.079 -2.072 -2.089 -2.052 -2.147 -2.049 -2.089 -2.059 -2.024 -2.047 -2.052 -2.024 -1.992 -2.062 -2.019 -2.092 -2.057 -2.089 -2.052 -2.034 -2.042 -2.029 -2.087 -1.924 -2.024 -2.034 -2.047 -2.022 -2.052 -2.107 -2.064 -2.037 -2.062 -2.112 -2.057 -2.082 -2.052 -2.069 -2.119 -2.069 -2.072 -2.067
-2.049 -2.049 -2.089 -2.032 -2.047 -2.057 -2.067 -2.062 -2.087 -2.069 -2.027 -2.027 -2.012 -2.089 -2.114 -2.059 -2.102 -2.082 -2.027 -2.137 -2.104 -2.052 -2.049 -2.094 -2.039 -2.074 -2.114 -2.089 -2.057 -2.049 -2.092 -2.112 -2.097 -1.997 -2.097 -2.062 -2.027 -2.049 -2.077 -2.042 -2.032 -2.094 -1.994 -2.077 -2.034 -2.084 -2.099 -2.087 -2.057 -2.012 -2.044 -2.029 -2.077 -2.049 -2.034 -2.057 -2.044 -2.002 -2.037 -1.999 -2.049 -1.999 -2.094 -2.092 -2.117 -2.092 -2.039 -2.042 -2.079 -2.064 -2.074 -2.102
-2.004 -2.069 -2.074 -2.054 -2.107 -2.074 -2.049 -2.069 -2.022 -2.089 -2.094 -2.049 -1.992 -2.074 -2.122 -2.037 -2.102 -2.074 -2.077 -2.082 -2.104 -2.134 -2.069 -2.147 -2.067 -2.022 -2.084 -2.139 -2.087 -2.084 -2.079 -2.059 -2.094 -2.054 -2.089 -2.072 -2.034 -2.064 -2.102 -2.042 -2.092 -2.042 -2.064 -2.117 -2.144 -2.067 -2.087 -2.114 -2.029 -2.029 -2.019 -2.039 -2.119 -2.037 -2.059 -2.067 -2.029 -2.029 -2.094 -2.024 -2.037 -2.097 -2.094 -1.994 -2.019 -2.072 -2.089 -2.049 -2.099 -2.122 -2.089 -2.114
-2.057 -2.034 -2.037 -2.009 -2.119 -2.049 -2.057 -2.037 -2.054 -2.079 -1.984 -2.042 -1.992 -2.077 -2.049 -2.042 -2.114 -2.074 -2.102 -2.052 -2.082 -2.037 -2.089 -2.167 -2.097 -2.059 -2.074 -2.144 -2.087 -2.027 -2.079 -2.077 -2.047 -2.099 -2.104 -2.042 -2.057 -2.044 -2.039 -2.062 -2.049 -2.052 -2.029 -2.079 -2.102 -2.057 -2.009 -2.122 -2.052 -2.094 -2.062 -2.127 -2.067 -2.027 -2.042 -2.077 -2.044 -2.052 -2.052 -2.089 -2.027 -2.062 -2.094 -2.089 -2.047 -2.087 -2.114 -2.092 -2.079 -2.079 -2.079 -2.014
-2.057 -2.074 -2.067 -2.004 -2.079 -2.029 -2.059 -2.067 -2.057 -2.022 -2.054 -2.079 -1.999 -2.017 -2.089 -2.019 -2.072 -2.109 -2.069 -2.037 -2.112 -2.034 -2.097 -2.069 -2.089 -2.047 -2.024 -2.154 -2.109 -2.067 -2.117 -2.107 -2.097 -2.019 -2.052 -2.077 -2.047 -1.992 -2.034 -2.069 -2.109 -2.074 -2.042 -2.129 -2.057 -2.084 -2.004 -2.042 -2.049 -2.067 -1.972 -2.092 -2.059 -2.009 -1.957 -2.039 -2.082 -2.067 -2.044 -2.089 -2.072 -2.089 -2.052 -2.124 -2.054 -2.062 -2.062 -2.087 -2.157 -2.084 -2.027 -2.064
-2.082 -2.094 -2.119 -2.077 -2.069 -2.084 -2.092 -2.069 -2.019 -2.044 -1.992 -2.084 -2.032 -1.987 -2.044 -2.017 -2.049 -2.034 -2.059 -2.014 -2.137 -2.034 -2.049 -2.044 -2.137 -2.104 -2.079 -2.129 -2.102 -2.094 -2.104 -2.104 -2.089 -2.037 -2.072 -2.097 -2.147 -2.049 -2.082 -2.082 -2.157 -2.082 -2.117 -2.064 -2.027 -2.074 -2.039 -2.059 -2.029 -2.072 -1.997 -2.032 -2.072 -2.014 -2.022 -2.049 -2.052 -2.042 -2.059 -2.102 -2.187 -2.072 -1.992 -2.084 -2.084 -2.052 -2.054 -1.999 -2.097 -2.082 -2.064 -2.109
-2.047 -2.052 -2.094 -2.077 -2.077 -2.147 -2.119 -2.057 -2.094 -2.067 -2.034 -2.022 -2.067 -2.039 -2.039 -2.064 -2.084 -2.107 -2.082 -2.024 -2.134 -2.069 -2.052 -2.067 -2.084 -2.094 -1.979 -2.102 -2.107 -2.064 -2.054 -2.014 -2.069 -2.044 -2.027 -2.024 -2.137 -2.077 -2.117 -2.077 -2.094 -2.087 -2.094 -2.137 -2.064 -2.059 -2.049 -2.072 -2.014 -2.037 -1.962 -2.117 -2.059 -2.019 -2.037 -2.017 -2.017 -2.057 -2.032 -2.074 -2.047 -2.079 -2.009 -2.057 -2.064 -2.099 -2.129 -2.049 -2.042 -2.072 -2.054 -2.047
-2.069 -2.077 -2.087 -2.129 -2.084 -2.079 -2.087 -2.004 -2.079 -2.114 -2.054 -2.084 -2.057 -2.054 -2.069 -2.059 -2.022 -2.054 -2.027 -2.064 -2.079 -2.054 -2.077 -2.084 -2.082 -2.027 -2.029 -2.152 -2.067 -2.014 -2.112 -2.014 -2.004 -2.112 -2.084 -2.047 -2.079 -2.119 -2.139 -2.094 -2.087 -2.077 -2.032 -2.119 -2.052 -2.039 -2.042 -2.072 -2.042 -2.054 -2.007 -1.992 -2.072 -2.059 -2.007 -2.004 -2.002 -2.074 -1.997 -1.997 -1.987 -2.052 -2.019 -1.994 -2.109 -2.099 -2.104 -2.109 -2.059 -2.054 -2.054 -2.032
-2.074 -2.062 -2.107 -2.117 -2.094 -2.042 -2.097 -2.082 -2.032 -2.052 -2.074 -2.107 -2.074 -2.044 -2.087 -2.082 -2.062 -2.064 -2.019 -2.014 -2.117 -2.059 -2.112 -2.102 -2.057 -2.064 -2.089 -2.112 -2.059 -2.069 -2.087 -2.044 -2.054 -2.112 -2.089 -2.129 -2.029 -2.094 -2.117 -2.039 -2.149 -2.134 -2.064 -2.084 -2.087 -2.039 -2.059 -2.072 -2.039 -2.089 -2.069 -2.022 -2.064 -2.034 -2.062 -2.052 -2.042 -2.047 -2.127 -2.067 -1.992 -2.082 -2.057 -2.024 -2.067 -2.034 -2.017 -2.119 -2.037 -2.064 -2.109 -2.067
-2.067 -2.074 -2.034 -2.079 -2.092 -2.064 -2.082 -2.074 -2.057 -2.049 -2.102 -2.074 -2.109 -2.064 -2.049 -2.054 -2.112 -2.097 -2.054 -2.059 -2.107 -2.037 -2.077 -2.139 -2.049 -2.014 -2.027 -2.057 -2.049 -2.007 -2.107 -2.099 -2.064 -2.019 -2.059 -2.039 -2.047 -2.059 -2.107 -2.047 -2.067 -2.064 -2.069 -2.112 -2.102 -2.094 -2.064 -2.104 -2.072 -2.107 -2.077 -2.059 -2.069 -2.062 -2.072 -2.057 -2.054 -2.014 -2.034 -2.129 -1.949 -1.974 -2.059 -2.007 -2.002 -2.002 -2.032 -2.057 -2.017 -2.004 -2.099 -2.014
-2.082 -2.054 -2.029 -2.059 -2.029 -2.069 -2.082 -2.082 -2.037 -2.097 -2.097 -2.057 -2.097 -2.089 -2.104 -2.044 -2.022 -2.142 -2.107 -2.024 -2.087 -2.099 -2.104 -2.092 -2.109 -2.037 -1.992 -2.094 -2.074 -2.009 -2.092 -2.044 -2.069 -2.049 -2.124 -2.107 -2.039 -2.084 -2.149 -2.039 -2.064 -2.149 -2.017 -2.102 -2.097 -2.047 -2.059 -2.117 -2.089 -2.067 -2.119 -2.107 -2.062 -2.064 -2.037 -2.089 -2.104 -2.052 -2.014 -2.037 -2.042 -2.032 -2.012 -2.017 -2.094 -2.017 -1.999 -2.079 -2.017 -1.949 -2.057 -2.087
-2.079 -2.032 -2.069 -2.042 -2.012 -2.027 -2.152 -2.044 -2.059 -2.084 -2.089 -2.037 -2.069 -2.144 -2.104 -2.034 -2.014 -2.049 -2.089 -2.049 -2.067 -2.089 -2.042 -2.112 -2.119 -2.079 -2.077 -2.077 -2.104 -2.027 -2.064 -2.022 -2.094 -2.059 -2.047 -2.109 -2.069 -2.039 -2.092 -2.117 -2.072 -2.052 -2.047 -2.062 -2.069 -2.057 -2.007 -2.074 -2.054 -2.059 -2.052 -2.117 -2.074 -2.129 -2.069 -2.014 -2.074 -2.062 -2.102 -2.074 -2.034 -2.119 -2.102 -2.087 -2.059 -2.014 -1.947 -2.004 -2.074 -1.989 -2.057 -2.042
-2.052 -2.052 -2.047 -2.027 -2.037 -2.022 -2.139 -2.094 -2.092 -2.077 -2.054 -2.052 -2.054 -2.089 -2.084 -2.037 -2.017 -1.992 -2.044 -2.132 -2.062 -2.079 -2.054 -2.152 -2.097 -2.057 -2.039 -2.139 -2.107 -2.057 -2.104 -2.044 -2.084 -2.029 -1.997 -2.112 -2.097 -2.047 -2.034 -2.122 -2.079 -2.072 -2.067 -2.029 -2.024 -2.077 -2.077 -2.074 -2.062 -2.079 -2.127 -2.027 -2.134 -2.064 -2.024 -2.119 -2.082 -2.034 -2.074 -2.109 -2.034 -2.072 -2.074 -2.099 -2.079 -2.024 -2.029 -2.084 -2.069 -2.047 -2.027 -2.012
-2.044 -2.097 -2.034 -2.029 -2.062 -2.027 -2.064 -2.062 -2.079 -2.159 -2.057 -2.039 -2.087 -2.044 -2.064 -2.027 -2.052 -2.044 -2.044 -2.069 -2.049 -2.097 -2.084 -2.102 -2.157 -2.059 -2.074 -2.089 -2.119 -2.017 -2.114 -2.087 -2.122 -2.027 -2.034 -2.072 -2.089 -2.067 -2.064 -2.117 -2.067 -2.077 -2.059 -2.029 -2.047 -2.062 -2.072 -2.082 -2.092 -2.072 -2.162 -2.042 -2.087 -2.049 -2.052 -2.064 -2.142 -2.084 -2.122 -2.112 -2.127 -2.092 -2.014 -2.037 -1.979 -2.077 -1.989 -2.082 -2.074 -2.019 -2.092 -2.082
-2.062 -2.044 -2.077 -2.099 -2.104 -2.039 -2.044 -2.034 -2.022 -2.122 -2.072 -2.057 -2.027 -2.027 -2.129 -2.094 -2.099 -2.107 -2.114 -2.032 -2.082 -2.029 -2.059 -2.067 -2.154 -2.052 -2.089 -2.129 -2.122 -2.034 -2.094 -2.069 -2.047 -2.067 -2.052 -2.047 -2.069 -2.074 -2.122 -2.047 -2.077 -2.067 -2.054 -2.037 -2.027 -2.079 -2.047 -2.024 -2.102 -2.072 -2.144 -2.087 -2.054 -2.092 -2.072 -2.059 -2.119 -2.072 -2.084 -2.139 -2.032 -2.074 -2.062 -2.054 -1.997 -2.062 -2.034 -2.064 -2.097 -2.069 -2.122 -2.067
-2.082 -2.034 -2.084 -2.074 -2.142 -2.049 -2.059 -2.077 -2.077 -2.064 -2.084 -2.064 -2.034 -2.019 -2.052 -2.072 -2.037 -2.072 -2.069 -2.067 -2.124 -2.059 -2.024 -2.122 -2.047 -2.062 -2.042 -2.084 -2.132 -2.067 -2.069 -2.059 -2.049 -2.144 -2.037 -2.027 -2.037 -2.082 -2.122 -2.074 -2.077 -2.087 -2.072 -2.042 -2.052 -2.054 -2.084 -2.067 -2.104 -2.044 -2.042 -2.049 -2.114 -2.037 -2.082 -2.032 -2.064 -2.097 -2.007 -2.059 -2.054 -2.054 -2.014 -2.032 -2.027 -2.109 -2.054 -2.074 -2.082 -2.127 -2.072 -2.067
-2.069 -2.067 -2.104 -2.037 -2.119 -2.057 -2.089 -2.062 -2.087 -2.042 -2.024 -2.069 -2.052 -1.994 -2.067 -2.057 -2.054 -2.034 -2.004 -2.042 -2.099 -2.032 -2.057 -2.109 -2.094 -2.094 -2.039 -2.054 -2.047 -2.167 -2.149 -2.069 -2.034 -2.037 -2.064 -2.074 -2.047 -2.004 -2.094 -2.117 -2.034 -2.062 -2.107 -2.082 -2.044 -2.122 -2.029 -2.037 -2.112 -2.042 -2.092 -2.039 -2.114 -2.029 -2.024 -2.064 -2.084 -2.064 -2.057 -2.094 -2.074 -2.077 -2.057 -2.052 -2.079 -2.077 -2.019 -2.049 -2.147 -2.059 -2.032 -2.022
-2.009 -2.122 -2.054 -2.052 -2.067 -2.077 -2.084 -2.049 -2.067 -2.027 -2.004 -2.089 -2.072 -2.082 -2.099 -2.042 -2.054 -2.069 -2.064 -2.069 -2.077 -2.027 -2.062 -2.042 -2.062 -2.052 -2.017 -2.069 -2.112 -2.022 -2.069 -2.089 -2.049 -2.022 -2.049 -2.067 -2.087 -2.037 -2.054 -2.124 -2.122 -2.139 -2.094 -2.087 -2.094 -2.144 -2.092 -2.054 -2.087 -2.134 -2.089 -2.077 -2.114 -2.104 -2.077 -2.089 -2.084 -2.037 -2.032 -2.042 -2.082 -2.054 -2.047 -2.024 -2.029 -2.034 -2.042 -2.024 -1.994 -2.084 -2.052 -2.052
-2.027 -2.112 -2.079 -2.054 -2.049 -2.027 -2.074 -2.052 -2.067 -2.029 -2.017 -2.064 -2.049 -2.037 -2.099 -2.062 -2.094 -2.044 -2.044 -2.019 -2.034 -2.032 -2.077 -2.029 -2.062 -2.054 -2.049 -2.014 -2.047 -2.032 -2.009 -2.059 -2.077 -2.049 -2.052 -2.062 -2.072 -2.037 -2.034 -2.072 -2.102 -2.107 -2.054 -2.072 -2.059 -2.087 -2.087 -2.042 -2.037 -2.107 -2.074 -2.102 -2.117 -2.177 -2.147 -2.042 -2.097 -2.052 -2.094 -2.094 -2.097 -2.119 -2.054 -2.007 -2.002 -2.049 -2.042 -1.932 -2.044 -2.104 -2.059 -2.124
-1.964 -2.039 -2.074 -2.067 -2.109 -2.022 -2.084 -2.024 -2.044 -2.064 -2.017 -2.064 -2.059 -2.007 -2.102 -2.037 -2.042 -2.129 -2.092 -2.047 -2.112 -2.047 -1.992 -2.099 -2.049 -2.047 -2.032 -2.029 -2.082 -2.074 -2.049 -2.039 -2.057 -2.027 -2.079 -2.084 -2.077 -1.967 -2.017 -2.062 -2.044 -2.094 -2.067 -2.059 -2.127 -2.092 -2.039 -2.062 -2.062 -2.112 -2.072 -2.072 -2.079 -2.132 -2.174 -2.079 -2.094 -2.074 -2.077 -2.129 -2.114 -2.109 -2.089 -2.082 -2.047 -2.022 -2.057 -2.002 -2.099 -1.992 -2.049 -2.114
-2.029 -2.012 -2.072 -2.072 -2.084 -2.019 -2.099 -2.089 -2.047 -2.099 -2.107 -2.042 -2.072 -2.047 -2.019 -2.049 -2.049 -2.137 -2.079 -2.054 -2.069 -2.044 -2.034 -2.014 -2.044 -2.032 -2.074 -2.062 -2.014 -2.127 -2.102 -2.027 -2.017 -2.077 -2.029 -2.064 -2.079 -1.997 -1.999 -2.062 -2.034 -2.109 -2.072 -2.064 -2.092 -2.044 -2.012 -2.097 -2.069 -2.092 -2.039 -2.104 -2.057 -2.084 -2.067 -2.112 -2.114 -2.102 -2.024 -1.984 -2.107 -2.182 -2.132 -2.097 -2.079 -2.112 -2.119 -2.059 -2.104 -2.057 -2.027 -2.104
-2.059 -2.059 -2.024 -2.107 -2.069 -2.024 -2.097 -2.092 -2.102 -2.109 -2.074 -2.022 -2.079 -2.027 -2.054 -2.077 -2.054 -2.062 -2.089 -2.084 -2.094 -2.064 -2.002 -2.039 -2.087 -2.047 -2.039 -2.079 -2.089 -2.022 -2.097 -2.104 -2.019 -2.059 -2.027 -2.007 -2.052 -2.024 -2.049 -1.997 -2.004 -2.037 -2.072 -2.054 -2.079 -2.054 -2.022 -2.089 -2.034 -2.094 -2.004 -2.107 -2.112 -2.059 -2.029 -2.057 -2.082 -2.077 -2.054 -2.014 -2.047 -2.092 -2.124 -2.117 -2.067 -2.062 -2.102 -2.059 -2.114 -2.037 -2.059 -2.099
-2.059 -2.057 -2.034 -2.084 -2.099 -2.029 -2.047 -2.027 -2.094 -2.087 -2.062 -2.029 -2.057 -2.057 -2.079 -2.019 -2.044 -2.074 -2.074 -2.049 -2.072 -2.059 -2.074 -2.094 -2.062 -2.052 -2.024 -2.077 -2.064 -2.074 -2.082 -2.094 -2.112 -2.054 -2.072 -1.999 -2.059 -2.049 -2.067 -2.067 -1.964 -2.059 -2.102 -2.024 -2.077 -2.082 -2.027 -2.059 -2.052 -2.097 -2.007 -2.064 -2.084 -2.079 -2.067 -2.074 -2.037 -2.052 -2.067 -1.987 -2.017 -2.099 -2.117 -2.092 -2.117 -2.037 -2.142 -2.072 -2.009 -2.082 -2.047 -2.062
-2.009 -2.089 -2.059 -2.007 -2.049 -2.057 -2.109 -2.064 -2.037 -2.042 -2.049 -2.034 -2.067 -2.132 -2.082 -2.007 -2.019 -2.064 -2.057 -2.084 -2.057 -2.057 -2.032 -2.064 -2.069 -2.047 -2.019 -2.032 -2.117 -2.057 -2.064 -2.117 -2.037 -2.054 -2.089 -2.082 -2.067 -2.059 -2.074 -2.104 -2.007 -2.014 -2.012 -2.022 -2.059 -2.099 -2.042 -2.067 -2.014 -2.122 -2.052 -2.059 -2.052 -2.039 -2.084 -2.084 -1.992 -2.064 -2.044 -2.037 -2.037 -1.999 -2.054 -2.114 -2.094 -2.087 -2.039 -2.062 -2.024 -2.059 -2.092 -2.124
-2.062 -2.062 -2.104 -2.054 -2.067 -2.017 -2.079 -2.089 -2.067 -2.027 -2.087 -2.039 -2.052 -2.059 -2.092 -2.024 -2.042 -2.067 -2.042 -2.094 -2.109 -2.109 -2.067 -2.062 -2.062 -2.094 -2.044 -1.989 -2.074 -2.097 -2.082 -2.062 -2.059 -2.029 -2.052 -2.054 -2.042 -2.054 -2.047 -2.072 -2.037 -2.052 -2.002 -1.999 -2.034 -2.049 -1.999 -2.059 -2.029 -2.029 -2.022 -2.019 -2.084 -2.032 -2.054 -2.097 -2.039 -2.049 -2.112 -2.072 -2.052 -2.024 -2.087 -2.069 -2.119 -2.104 -2.037 -2.094 -2.044 -2.057 -2.049 -2.059
-2.064 -2.042 -2.054 -2.064 -2.114 -2.057 -2.047 -2.074 -2.117 -2.022 -2.042 -2.032 -2.052 -2.074 -2.069 -2.062 -2.042 -2.067 -2.062 -2.032 -2.082 -2.094 -2.062 -2.072 -2.089 -2.069 -2.082 -2.032 -2.039 -2.039 -2.039 -2.042 -2.074 -2.032 -2.062 -2.042 -2.039 -2.072 -2.034 -2.074 -2.042 -2.039 -2.042 -2.064 -2.054 -2.049 -2.077 -2.064 -2.044 -2.092 -2.007 -2.029 -2.092 -2.087 -2.042 -2.079 -2.032 -2.017 -2.152 -2.034 -2.037 -2.052 -2.012 -2.067 -2.082 -2.104 -2.109 -2.092 -2.019 -2.057 -2.044 -2.004
-2.019 -2.074 -2.037 -2.072 -2.109 -2.072 -2.029 -2.052 -2.099 -2.097 -2.059 -2.042 -2.037 -2.104 -2.079 -2.079 -2.049 -2.037 -2.079 -2.097 -2.082 -2.087 -2.097 -2.079 -2.074 -2.079 -2.074 -2.032 -2.062 -2.087 -2.017 -2.044 -2.072 -2.042 -2.054 -2.044 -2.052 -2.079 -2.064 -2.069 -2.062 -2.037 -2.059 -2.022 -2.027 -2.059 -2.074 -2.022 -2.004 -2.059 -2.019 -2.027 -2.064 -2.064 -1.984 -2.074 -2.042 -2.027 -2.112 -2.054 -2.037 -2.052 -2.069 -2.044 -2.109 -2.054 -2.054 -2.104 -2.072 -2.052 -2.089 -2.047
-2.057 -2.047 -2.024 -2.034 -2.047 -2.084 -2.079 -2.049 -2.104 -2.117 -2.049 -2.067 -2.069 -2.042 -2.087 -2.099 -2.114 -2.042 -2.074 -2.149 -2.114 -2.089 -2.092 -2.094 -2.087 -2.107 -2.087 -2.077 -2.099 -2.089 -2.064 -2.064 -2.087 -2.094 -2.094 -2.092 -2.082 -2.099 -2.067 -2.057 -2.092 -2.087 -2.079 -2.047 -2.089 -2.044 -2.089 -2.074 -2.034 -2.089 -2.077 -2.042 -2.062 -2.074 -2.024 -2.044 -2.049 -2.044 -2.024 -2.042 -2.077 -2.057 -2.039 -2.079 -2.084 -2.102 -2.067 -2.042 -2.082 -2.047 -2.074 -2.087
