All_lidar/sz5990_DSM_2M.asc
ncols 500
nrows 500
xllcorner    459000
yllcorner    90000
cellsize     2
NODATA_value -9999
[rows 160 to 191 of 500, columns 288 to 359 of 500]
14.07 14.117 14.1 14.12 14.12 14.12 14.117 14.14 14.085 14.122 14.155 14.11 14.065 14.015 14.007 13.995 13.972 13.895 13.887 13.875 13.86 13.8 13.807 13.8 13.772 13.765 13.642 13.58 13.56 13.51 13.422 13.387 13.305 13.28 13.18 13.08 12.995 12.93 12.867 12.83 12.757 12.687 12.58 12.442 12.357 12.322 12.312 12.252 12.072 11.465 11.332 11.385 11.225 11.165 11.267 11.3 11.317 11.225 11.977 12.097 15.067 14.197 10.435 10.297 10.272 10.392 10.2 10.27 10.26 10.187 10.662 11.17
14.162 14.182 14.2 14.227 14.215 14.237 14.237 14.25 14.195 14.207 14.265 14.235 14.182 14.125 14.127 14.092 14.075 14.035 14.02 13.96 13.937 13.877 13.925 13.945 13.907 13.872 13.785 13.697 13.68 13.595 13.547 13.467 13.415 13.38 13.277 13.182 13.075 13.042 12.947 12.932 12.855 12.77 12.69 12.542 12.427 12.375 12.337 12.255 12.247 11.817 11.415 11.397 11.382 11.205 11.207 11.26 11.305 11.29 11.192 12.647 13.687 16.105 12.712 10.377 10.357 10.342 10.357 10.357 10.27 10.242 10.212 10.275
14.285 14.3 14.327 14.315 14.322 14.317 14.347 14.367 14.317 14.317 14.352 14.347 14.29 14.237 14.23 14.21 14.197 14.142 14.14 14.1 14.077 14.017 14.047 14.057 13.987 13.957 13.875 13.8 13.76 13.685 13.647 13.572 13.505 13.48 13.34 13.27 13.165 13.115 13.062 13.005 12.927 12.847 12.752 12.645 12.557 12.455 12.44 12.41 12.52 13.222 12.167 11.427 11.472 11.315 11.205 11.245 11.302 11.315 11.322 11.47 12.83 12.367 13.177 10.545 10.462 10.51 10.507 10.397 10.417 10.277 10.335 11.31
14.372 14.41 14.415 14.43 14.435 14.437 14.447 14.457 14.457 14.447 14.465 14.457 14.44 14.352 14.34 14.32 14.305 14.23 14.237 14.235 14.215 14.157 14.185 14.167 14.127 14.075 13.955 13.875 13.842 13.775 13.757 13.685 13.607 13.545 13.455 13.34 13.252 13.207 13.12 13.055 12.972 12.922 12.85 12.772 12.61 12.522 12.465 12.49 12.442 13.91 15.37 11.597 11.462 11.467 11.255 11.232 11.302 11.33 11.33 11.342 11.972 13.29 12.055 11.517 10.517 10.517 10.655 10.38 10.33 10.315 10.472 11.177
14.51 14.502 14.527 14.552 14.505 14.53 14.57 14.577 14.567 14.58 14.597 14.585 14.54 14.445 14.432 14.417 14.402 14.39 14.37 14.33 14.3 14.272 14.28 14.235 14.23 14.127 14.065 13.987 13.932 13.877 13.832 13.775 13.68 13.657 13.545 13.44 13.362 13.305 13.217 13.187 13.097 13 12.925 12.86 12.73 12.63 12.54 12.567 12.542 12.84 13.677 12.437 11.522 11.46 11.44 11.247 11.267 11.327 11.347 11.365 11.335 11.86 14.872 10.885 10.637 10.557 10.5 10.545 10.497 10.32 10.3 10.307
14.575 14.585 14.6 14.642 14.635 14.642 14.685 14.7 14.677 14.675 14.69 14.69 14.652 14.562 14.525 14.535 14.515 14.507 14.492 14.447 14.43 14.397 14.4 14.37 14.345 14.25 14.177 14.05 14.022 13.985 13.91 13.835 13.772 13.722 13.657 13.537 13.457 13.435 13.352 13.275 13.247 13.142 13.012 12.952 12.805 12.742 12.615 12.625 12.595 14.98 12.505 13.447 11.537 11.525 11.525 11.34 11.275 11.287 11.36 11.407 11.38 11.28 12.55 10.982 10.94 10.587 10.542 10.635 10.545 10.337 10.427 10.385
14.63 14.67 14.695 14.722 14.762 14.735 14.767 14.787 14.807 14.802 14.8 14.802 14.747 14.67 14.657 14.637 14.657 14.64 14.645 14.612 14.562 14.482 14.475 14.487 14.447 14.355 14.242 14.13 14.117 14.087 14.017 13.94 13.855 13.817 13.745 13.61 13.562 13.552 13.49 13.39 13.297 13.192 13.125 13.025 12.902 12.815 12.715 12.66 12.6 12.562 12.487 12.455 11.84 11.522 11.542 11.535 11.3 11.325 11.362 11.38 11.375 11.365 11.605 12.077 10.75 10.585 10.907 10.422 10.565 10.562 10.445 10.247
14.707 14.73 14.782 14.807 14.82 14.825 14.86 14.875 14.875 14.895 14.9 14.91 14.862 14.792 14.76 14.75 14.762 14.79 14.76 14.717 14.66 14.582 14.572 14.537 14.517 14.465 14.342 14.27 14.242 14.187 14.142 14.05 13.965 13.91 13.847 13.735 13.672 13.647 13.592 13.505 13.437 13.342 13.242 13.152 12.992 12.917 12.812 12.727 12.65 12.59 12.512 12.477 12.232 11.562 11.55 11.565 11.505 11.285 11.342 11.36 11.417 11.43 11.352 12.172 11.467 10.842 12.085 10.355 10.425 10.422 10.412 10.222
14.752 14.825 14.877 14.887 14.915 14.912 14.942 14.99 14.98 14.97 15.01 15.012 14.967 14.917 14.892 14.872 14.872 14.887 14.86 14.817 14.742 14.717 14.672 14.675 14.662 14.575 14.477 14.39 14.362 14.31 14.24 14.185 14.062 14.03 13.962 13.857 13.78 13.732 13.732 13.63 13.552 13.45 13.337 13.237 13.125 12.997 12.917 12.78 12.722 12.612 12.547 12.49 12.185 11.615 11.587 11.592 11.595 11.392 11.357 11.422 11.417 11.417 11.465 11.422 13.785 11.502 10.852 10.445 10.445 10.412 10.355 10.337
14.842 14.877 14.942 14.977 15.01 14.982 15.042 15.075 15.06 15.07 15.085 15.08 15.082 15.012 14.99 14.997 15.007 14.977 14.942 14.92 14.892 14.827 14.827 14.807 14.792 14.682 14.585 14.487 14.475 14.42 14.322 14.282 14.235 14.162 14.082 13.97 13.902 13.845 13.83 13.73 13.64 13.535 13.432 13.342 13.2 13.082 13.015 12.902 12.772 12.655 12.572 12.41 12.175 11.772 11.547 11.612 11.57 11.56 11.48 11.377 11.385 11.42 11.452 11.45 12.027 15.035 12.132 10.702 10.567 10.562 10.427 10.48
14.917 14.955 15.012 15.055 15.075 15.042 15.087 15.152 15.112 15.162 15.16 15.167 15.15 15.122 15.105 15.12 15.142 15.127 15.095 15.087 15.052 14.977 14.975 14.89 14.875 14.817 14.71 14.607 14.58 14.557 14.457 14.395 14.345 14.277 14.195 14.07 13.972 13.935 13.925 13.802 13.73 13.66 13.547 13.44 13.322 13.187 13.11 13.01 12.87 12.71 12.602 12.44 12.157 11.815 11.545 11.622 11.635 11.632 11.702 11.457 11.377 11.47 11.445 11.475 11.542 17.082 14.407 11 10.727 10.56 10.547 10.447
15.007 15.062 15.13 15.147 15.155 15.122 15.175 15.242 15.217 15.26 15.255 15.265 15.252 15.255 15.227 15.25 15.257 15.245 15.21 15.192 15.162 15.07 15.047 15.02 14.987 14.915 14.797 14.715 14.705 14.647 14.567 14.487 14.412 14.367 14.272 14.175 14.057 14.032 13.987 13.902 13.81 13.752 13.65 13.537 13.43 13.292 13.175 13.082 12.952 12.767 12.625 12.462 12.237 11.892 11.555 11.577 11.697 11.642 11.765 11.67 11.45 11.447 11.437 11.472 11.53 12.027 12.935 11.365 11.062 10.692 10.632 10.527
15.12 15.16 15.205 15.222 15.242 15.235 15.227 15.317 15.355 15.382 15.395 15.412 15.365 15.345 15.32 15.337 15.35 15.342 15.3 15.27 15.237 15.16 15.112 15.092 15.062 14.995 14.895 14.84 14.79 14.752 14.672 14.587 14.517 14.455 14.355 14.267 14.152 14.087 14.09 13.995 13.9 13.825 13.765 13.655 13.53 13.415 13.295 13.192 13.037 12.892 12.707 12.515 12.265 12.07 11.812 11.615 11.732 11.707 11.68 11.742 11.542 11.437 11.442 11.482 11.532 11.575 12.26 14.96 11.45 11.29 11.76 10.56
15.207 15.232 15.265 15.297 15.357 15.35 15.355 15.402 15.435 15.47 15.497 15.525 15.525 15.447 15.427 15.445 15.457 15.465 15.43 15.387 15.377 15.285 15.222 15.195 15.147 15.12 14.995 14.927 14.865 14.82 14.795 14.695 14.622 14.54 14.43 14.35 14.247 14.175 14.185 14.085 13.967 13.907 13.845 13.755 13.647 13.51 13.397 13.305 13.16 13.002 12.815 12.602 12.345 12.232 11.875 11.612 11.667 11.775 11.705 11.79 11.705 11.492 11.452 11.497 11.515 11.56 11.642 13.187 11.682 10.965 11.665 10.845
15.285 15.317 15.382 15.395 15.412 15.437 15.497 15.545 15.547 15.592 15.6 15.635 15.607 15.552 15.535 15.545 15.54 15.55 15.532 15.505 15.462 15.38 15.342 15.257 15.232 15.197 15.117 15.022 14.972 14.935 14.87 14.787 14.697 14.6 14.545 14.435 14.35 14.31 14.255 14.147 14.067 13.987 13.91 13.845 13.69 13.595 13.48 13.365 13.232 13.1 12.935 12.69 12.442 12.242 11.992 11.68 11.632 11.83 11.77 11.752 11.762 11.47 11.427 11.492 11.512 11.572 11.617 12.442 12.75 11.64 11.417 11.08
15.365 15.415 15.482 15.5 15.52 15.532 15.6 15.645 15.63 15.67 15.682 15.72 15.707 15.667 15.625 15.627 15.607 15.612 15.615 15.605 15.57 15.475 15.442 15.37 15.35 15.302 15.21 15.142 15.047 15.04 14.985 14.885 14.797 14.685 14.62 14.542 14.442 14.375 14.342 14.24 14.127 14.072 13.975 13.905 13.767 13.647 13.572 13.455 13.332 13.207 13.062 12.792 12.567 12.357 12.165 11.827 11.672 11.77 11.842 11.757 11.845 11.747 11.452 11.507 11.55 11.59 11.605 11.637 12.552 12.625 11.017 12.492
15.447 15.515 15.567 15.632 15.63 15.607 15.66 15.735 15.74 15.76 15.785 15.79 15.812 15.767 15.712 15.722 15.705 15.722 15.73 15.647 15.655 15.57 15.547 15.49 15.46 15.395 15.3 15.235 15.13 15.12 15.065 14.975 14.885 14.805 14.722 14.632 14.522 14.452 14.402 14.29 14.182 14.115 14.055 13.97 13.85 13.73 13.642 13.545 13.447 13.3 13.15 12.925 12.682 12.495 12.357 12.147 11.837 11.72 11.87 11.842 11.81 11.922 11.68 11.477 11.522 11.537 11.587 11.61 12.615 13.195 11.55 13.58
15.567 15.585 15.642 15.745 15.727 15.722 15.752 15.827 15.83 15.847 15.877 15.892 15.87 15.85 15.832 15.835 15.847 15.82 15.822 15.75 15.727 15.647 15.65 15.58 15.55 15.507 15.417 15.33 15.235 15.212 15.162 15.07 14.972 14.915 14.782 14.7 14.622 14.525 14.492 14.38 14.28 14.192 14.115 14.03 13.94 13.825 13.675 13.61 13.507 13.385 13.252 13.07 12.842 12.705 12.577 12.505 12.185 11.975 11.852 11.847 11.905 11.922 11.952 11.495 11.502 11.542 11.61 11.625 11.82 13.032 13.097 11.54
15.677 15.692 15.752 15.8 15.84 15.852 15.865 15.925 15.935 15.967 15.987 16.01 15.977 15.935 15.927 15.942 15.957 15.932 15.91 15.88 15.847 15.782 15.757 15.692 15.657 15.627 15.525 15.455 15.352 15.332 15.265 15.177 15.08 14.992 14.885 14.792 14.705 14.612 14.56 14.457 14.375 14.292 14.23 14.115 14.025 13.9 13.762 13.67 13.582 13.487 13.382 13.215 13.022 12.86 12.75 12.617 12.53 12.235 11.91 11.912 11.967 11.872 11.997 11.775 11.505 11.557 11.602 11.605 11.92 11.92 12.605 11.49
15.745 15.787 15.862 15.89 15.925 15.93 15.935 15.997 16.022 16.05 16.087 16.092 16.07 16.055 16.025 16.03 16.052 16.027 16.022 15.985 15.97 15.88 15.865 15.817 15.775 15.735 15.647 15.567 15.475 15.437 15.362 15.28 15.155 15.087 14.987 14.882 14.792 14.675 14.63 14.532 14.435 14.342 14.297 14.187 14.08 13.982 13.857 13.75 13.667 13.607 13.512 13.35 13.187 13.022 12.942 12.822 12.675 12.515 12.04 11.907 11.965 11.91 11.975 12.017 11.567 11.575 11.592 11.61 11.772 11.922 11.955 12.625
15.847 15.887 15.935 15.977 16.03 16.027 16.042 16.067 16.087 16.122 16.195 16.162 16.177 16.15 16.14 16.132 16.162 16.13 16.112 16.065 16.05 15.987 15.977 15.935 15.882 15.84 15.75 15.66 15.595 15.55 15.462 15.365 15.25 15.187 15.06 14.94 14.86 14.765 14.722 14.62 14.51 14.415 14.37 14.277 14.175 14.072 13.925 13.837 13.775 13.677 13.587 13.455 13.312 13.147 13.047 12.98 12.842 12.745 12.397 11.812 11.99 11.957 11.95 12.085 11.865 11.505 11.587 11.607 11.655 11.935 11.885 12.155
15.947 15.995 16.025 16.082 16.122 16.12 16.137 16.17 16.195 16.195 16.275 16.295 16.287 16.242 16.242 16.25 16.265 16.255 16.235 16.17 16.155 16.085 16.082 16.03 15.987 15.957 15.845 15.75 15.69 15.665 15.565 15.46 15.337 15.28 15.142 15.015 14.97 14.837 14.797 14.71 14.61 14.502 14.46 14.35 14.257 14.19 14.012 13.895 13.837 13.747 13.677 13.505 13.417 13.25 13.145 13.102 12.97 12.872 12.725 11.987 11.967 12.012 11.977 12.04 12.075 11.627 11.575 11.615 11.587 11.77 12 12.092
16.045 16.097 16.142 16.165 16.19 16.19 16.225 16.28 16.297 16.31 16.372 16.425 16.385 16.342 16.342 16.342 16.36 16.342 16.317 16.297 16.277 16.192 16.16 16.117 16.072 16.045 15.955 15.855 15.772 15.737 15.647 15.552 15.442 15.37 15.235 15.097 15.035 14.95 14.902 14.802 14.685 14.61 14.522 14.46 14.34 14.252 14.075 13.982 13.895 13.787 13.735 13.62 13.447 13.32 13.195 13.175 13.085 13.012 12.867 12.435 11.83 12.057 12.05 12.05 12.13 11.922 11.472 11.6 11.612 11.67 11.945 11.937
16.162 16.19 16.25 16.25 16.31 16.307 16.34 16.412 16.415 16.45 16.47 16.52 16.49 16.457 16.442 16.46 16.465 16.462 16.442 16.415 16.372 16.287 16.28 16.215 16.165 16.137 16.057 15.975 15.872 15.837 15.76 15.687 15.56 15.472 15.337 15.185 15.14 15.05 14.972 14.875 14.772 14.68 14.627 14.542 14.4 14.28 14.135 14.057 13.985 13.882 13.787 13.672 13.51 13.35 13.23 13.24 13.155 13.1 12.955 12.79 12.05 12.08 12.08 12.082 12.1 12.185 11.64 11.547 11.64 11.647 11.667 11.635
16.235 16.305 16.33 16.375 16.402 16.427 16.467 16.52 16.52 16.555 16.567 16.602 16.587 16.552 16.552 16.56 16.542 16.57 16.522 16.51 16.477 16.385 16.37 16.295 16.247 16.26 16.14 16.04 15.98 15.932 15.842 15.782 15.667 15.542 15.42 15.275 15.205 15.16 15.095 14.957 14.847 14.782 14.702 14.612 14.48 14.352 14.222 14.125 14.07 13.967 13.852 13.715 13.577 13.427 13.285 13.297 13.275 13.155 13.052 12.95 12.567 12.002 12.11 12.147 12.09 12.215 11.987 11.517 11.612 11.637 11.677 11.597
16.35 16.407 16.445 16.472 16.507 16.515 16.565 16.625 16.63 16.642 16.68 16.71 16.685 16.657 16.67 16.66 16.675 16.675 16.625 16.607 16.545 16.462 16.465 16.387 16.355 16.337 16.26 16.137 16.067 16.005 15.947 15.862 15.755 15.6 15.512 15.385 15.285 15.237 15.142 15.052 14.95 14.857 14.777 14.687 14.572 14.422 14.28 14.192 14.127 14.03 13.907 13.762 13.59 13.447 13.362 13.365 13.35 13.27 13.147 13.01 12.835 12.202 12.095 12.122 12.117 12.167 12.175 11.735 11.58 11.637 11.685 11.687
16.447 16.477 16.532 16.585 16.605 16.595 16.637 16.705 16.71 16.745 16.782 16.79 16.765 16.735 16.742 16.732 16.78 16.77 16.717 16.697 16.647 16.567 16.537 16.492 16.445 16.43 16.33 16.24 16.13 16.087 16.045 15.935 15.83 15.702 15.612 15.482 15.365 15.327 15.242 15.15 15.03 14.942 14.872 14.777 14.657 14.51 14.38 14.28 14.192 14.115 13.985 13.852 13.677 13.587 13.47 13.422 13.42 13.327 13.25 13.087 12.982 12.607 12.042 12.147 12.157 12.145 12.267 12.097 11.605 11.67 11.67 11.715
16.51 16.577 16.655 16.64 16.715 16.742 16.737 16.79 16.827 16.852 16.887 16.892 16.87 16.83 16.855 16.815 16.872 16.86 16.795 16.79 16.73 16.66 16.637 16.585 16.552 16.507 16.412 16.292 16.245 16.162 16.132 16.03 15.93 15.78 15.69 15.562 15.467 15.407 15.34 15.25 15.13 15.035 14.95 14.895 14.767 14.627 14.48 14.342 14.265 14.2 14.077 13.945 13.815 13.7 13.577 13.51 13.472 13.422 13.352 13.202 13.065 12.807 12.242 12.142 12.202 12.175 12.185 12.245 11.815 11.68 11.685 11.71
16.617 16.685 16.757 16.737 16.79 16.84 16.847 16.897 16.925 16.952 17.01 17.022 17.005 16.94 16.942 16.93 16.922 16.957 16.905 16.87 16.795 16.725 16.712 16.67 16.632 16.617 16.497 16.4 16.337 16.235 16.222 16.115 16.002 15.887 15.792 15.67 15.557 15.502 15.437 15.332 15.23 15.102 15.032 14.942 14.842 14.687 14.557 14.427 14.317 14.267 14.17 14.025 13.905 13.77 13.612 13.6 13.57 13.515 13.435 13.277 13.117 12.942 12.645 12.087 12.167 12.19 12.227 12.285 12.08 11.73 11.69 11.682
16.742 16.805 16.822 16.872 16.925 16.915 16.975 17.032 17.04 17.05 17.115 17.112 17.092 17.04 17.035 17.03 17.03 17.047 16.96 16.915 16.867 16.81 16.81 16.77 16.725 16.662 16.585 16.505 16.425 16.332 16.302 16.197 16.1 16.007 15.902 15.767 15.69 15.595 15.522 15.427 15.292 15.207 15.147 15.047 14.895 14.737 14.63 14.502 14.38 14.31 14.247 14.092 13.99 13.85 13.745 13.687 13.637 13.58 13.515 13.347 13.19 13.047 12.835 12.247 12.16 12.192 12.205 12.21 12.272 11.922 11.63 11.717
16.8 16.86 16.927 16.975 17.027 17.055 17.062 17.117 17.125 17.162 17.23 17.235 17.18 17.12 17.107 17.107 17.097 17.11 17.042 17.01 16.955 16.872 16.882 16.857 16.792 16.747 16.665 16.59 16.495 16.422 16.377 16.28 16.177 16.112 15.987 15.832 15.765 15.687 15.612 15.515 15.4 15.307 15.227 15.127 14.99 14.835 14.7 14.58 14.47 14.432 14.31 14.205 14.115 13.972 13.822 13.755 13.712 13.652 13.542 13.427 13.265 13.14 12.955 12.632 12.112 12.212 12.247 12.24 12.307 12.182 11.672 11.655
16.902 16.957 17.027 17.042 17.105 17.132 17.165 17.2 17.25 17.255 17.3 17.315 17.287 17.187 17.182 17.18 17.187 17.185 17.12 17.097 17.012 16.952 16.97 16.935 16.877 16.837 16.747 16.665 16.587 16.49 16.467 16.35 16.265 16.16 16.037 15.927 15.817 15.722 15.685 15.585 15.457 15.342 15.285 15.192 15.045 14.882 14.767 14.617 14.542 14.495 14.405 14.297 14.16 14.067 13.922 13.852 13.79 13.677 13.59 13.477 13.325 13.217 13.117 13.052 12.287 12.257 12.297 12.257 12.282 12.31 11.982 11.607
