All_lidar/sz5991_DSM_2M.asc
ncols 500
nrows 500
xllcorner    459000
yllcorner    91000
cellsize     2
NODATA_value -9999
[rows 256 to 287 of 500, columns 0 to 71 of 500]
38.315 39.032 38.83 36.492 37.065 36.497 35.397 34.907 34.865 34.86 34.532 34.087 33.877 33.607 33.285 33.155 32.872 32.63 32.305 32.072 31.835 31.732 31.515 31.335 31.24 31.142 30.987 30.88 30.762 30.595 30.447 30.347 30.22 30.11 29.962 29.822 29.722 29.57 29.45 29.335 29.205 29.015 28.917 28.81 28.702 28.595 28.442 28.325 28.222 28.132 28.028 27.915 27.868 27.795 27.648 27.588 27.51 27.47 27.413 27.325 27.198 27.155 27.113 27.028 26.98 26.908 26.858 26.788 26.715 26.633 26.603 26.57
38.242 38.245 36.925 37.455 37.322 36.792 35.757 34.992 34.955 34.6 34.28 34.152 33.812 33.585 33.257 33.042 32.88 32.615 32.33 32.102 32.002 31.957 31.66 31.51 31.497 31.34 31.22 31.08 30.935 30.735 30.595 30.492 30.33 30.17 30.062 29.927 29.802 29.697 29.557 29.42 29.295 29.21 29.095 28.957 28.86 28.717 28.607 28.5 28.39 28.26 28.185 28.053 28.003 27.923 27.885 27.763 27.763 27.643 27.57 27.485 27.393 27.315 27.245 27.195 27.148 27.108 27.038 26.955 26.855 26.805 26.75 26.703
37.962 38.05 38.857 38.192 36.867 36.805 35.955 35.397 35.23 34.62 34.31 34.142 33.945 33.652 33.495 33.177 32.882 32.67 32.467 32.222 32.157 31.985 31.795 31.67 31.655 31.525 31.392 31.2 31.015 30.87 30.717 30.6 30.45 30.3 30.175 30.052 29.917 29.8 29.695 29.585 29.505 29.377 29.257 29.127 28.997 28.885 28.74 28.635 28.517 28.407 28.308 28.235 28.203 28.16 28.058 27.973 27.853 27.788 27.695 27.62 27.515 27.493 27.42 27.353 27.29 27.235 27.143 27.08 26.988 26.945 26.868 26.79
37.987 37.887 39.105 38.142 38.13 37.54 36.312 35.822 35.36 34.795 34.477 34.457 34.23 33.835 33.595 33.262 33.075 32.802 32.625 32.402 32.275 32.105 32.037 31.867 31.782 31.665 31.485 31.3 31.17 31.015 30.87 30.732 30.587 30.43 30.292 30.182 30.09 29.977 29.88 29.755 29.677 29.54 29.45 29.312 29.165 29.035 28.875 28.777 28.697 28.58 28.54 28.448 28.338 28.273 28.175 28.115 28.028 27.913 27.82 27.755 27.655 27.605 27.558 27.54 27.445 27.335 27.29 27.21 27.128 27.063 27.005 26.918
39 39.585 39.067 38.59 38.597 37.227 36.56 36.177 35.74 35.755 35.042 34.472 34.145 33.89 33.555 33.305 33.21 32.93 32.817 32.665 32.505 32.355 32.212 32.105 31.937 31.772 31.62 31.505 31.36 31.19 31.035 30.887 30.727 30.582 30.492 30.407 30.307 30.195 30.05 29.952 29.83 29.717 29.612 29.477 29.34 29.22 29.1 29.025 28.925 28.847 28.723 28.6 28.483 28.41 28.345 28.308 28.188 28.055 27.99 27.953 27.845 27.78 27.683 27.645 27.595 27.468 27.385 27.355 27.265 27.165 27.105 27.048
39.395 40.065 38.17 39.137 38.152 37.07 36.645 36.28 35.975 36.102 35.907 34.84 34.217 34.02 33.745 33.542 33.38 33.227 33.04 32.907 32.717 32.602 32.412 32.24 32.082 31.915 31.797 31.667 31.515 31.337 31.19 31.052 30.94 30.79 30.667 30.582 30.477 30.385 30.267 30.152 30.027 29.89 29.802 29.667 29.552 29.452 29.447 29.282 29.09 28.992 28.87 28.815 28.663 28.6 28.49 28.448 28.37 28.253 28.203 28.138 28.048 27.945 27.878 27.813 27.71 27.615 27.558 27.475 27.41 27.298 27.21 27.145
39.285 40.617 40.005 38.777 37.622 37.157 36.66 36.405 36.342 35.93 35.48 34.71 34.432 34.085 33.915 33.737 33.692 33.562 33.282 33.11 32.915 32.782 32.537 32.342 32.212 32.09 31.94 31.762 31.632 31.482 31.347 31.245 31.11 30.972 30.807 30.732 30.612 30.545 30.432 30.312 30.182 30.077 29.95 29.86 29.77 29.637 29.49 29.392 29.255 29.12 29.053 28.935 28.833 28.8 28.693 28.635 28.548 28.445 28.35 28.263 28.183 28.083 27.998 27.938 27.86 27.79 27.7 27.605 27.545 27.42 27.348 27.28
38.705 39.795 39.727 37.99 38.02 37.622 37.1 36.67 36.452 35.72 35.19 34.712 34.542 34.3 34.117 33.965 33.822 33.627 33.512 33.282 33.057 32.875 32.65 32.515 32.357 32.245 32.087 31.937 31.825 31.657 31.527 31.425 31.25 31.125 30.98 30.877 30.767 30.655 30.557 30.455 30.337 30.215 30.127 29.992 29.86 29.762 29.632 29.5 29.382 29.277 29.193 29.073 28.998 28.938 28.815 28.738 28.7 28.608 28.52 28.403 28.28 28.215 28.118 28.053 27.983 27.898 27.805 27.718 27.648 27.55 27.445 27.383
38.192 38.987 38.967 39.632 39.36 38.787 38.312 37.895 36.772 36.005 35.287 34.947 34.66 34.415 34.355 34.24 34.022 33.905 33.68 33.487 33.23 33.02 32.842 32.737 32.542 32.415 32.3 32.137 31.987 31.797 31.675 31.527 31.37 31.26 31.152 31.012 30.917 30.812 30.747 30.655 30.502 30.35 30.28 30.125 30.02 29.902 29.787 29.662 29.535 29.447 29.34 29.235 29.12 29.098 29.01 28.878 28.818 28.745 28.683 28.563 28.438 28.36 28.248 28.155 28.073 28.005 27.948 27.848 27.733 27.675 27.57 27.433
38.152 38.442 38.455 39.537 39.117 39.007 38.645 38.065 37.677 35.807 35.417 35.155 34.957 34.802 34.537 34.415 34.177 33.995 33.77 33.56 33.335 33.162 33.077 32.945 32.76 32.63 32.465 32.292 32.152 31.972 31.852 31.682 31.525 31.407 31.26 31.215 31.172 31.01 30.937 30.782 30.667 30.545 30.4 30.287 30.167 30.062 29.94 29.802 29.747 29.595 29.493 29.413 29.315 29.283 29.143 29.055 28.97 28.883 28.768 28.708 28.6 28.45 28.378 28.288 28.17 28.075 28.01 27.918 27.815 27.765 27.648 27.5
38.2 38.75 39.43 40.28 40.197 38.712 38.475 37.522 36.507 35.725 35.43 35.337 35.11 35.012 34.777 34.487 34.295 34.085 33.902 33.627 33.557 33.495 33.417 33.227 32.9 32.797 32.58 32.395 32.237 32.105 31.935 31.82 31.692 31.532 31.455 31.365 31.265 31.152 31.02 30.892 30.792 30.65 30.517 30.402 30.312 30.185 30.075 29.937 29.855 29.747 29.663 29.545 29.453 29.38 29.305 29.178 29.155 29 28.91 28.815 28.713 28.585 28.483 28.42 28.303 28.175 28.108 28.018 27.948 27.83 27.71 27.605
38.187 38.52 40.847 41.405 40.077 39.187 38.462 37.537 36.447 35.77 35.565 35.43 35.33 35.035 34.787 34.567 34.37 34.145 33.952 33.87 33.92 33.805 33.67 33.457 32.97 32.88 32.685 32.5 32.38 32.19 32.027 31.89 31.795 31.685 31.555 31.412 31.327 31.237 31.125 31.005 30.857 30.747 30.625 30.505 30.38 30.272 30.17 30.052 29.945 29.822 29.733 29.643 29.543 29.465 29.378 29.303 29.195 29.118 29.005 28.898 28.77 28.683 28.575 28.443 28.345 28.263 28.163 28.125 28.028 27.888 27.798 27.69
38.362 39.742 39.76 39.782 39.78 38.155 38.597 37.402 36.272 35.947 35.652 35.522 35.322 35.055 34.797 34.652 34.47 34.285 34.062 34.007 33.952 33.78 33.577 33.34 33.057 32.92 32.735 32.582 32.422 32.287 32.137 32.035 31.905 31.747 31.597 31.512 31.395 31.28 31.227 31.09 30.945 30.805 30.705 30.565 30.452 30.37 30.262 30.157 30.052 29.932 29.818 29.76 29.628 29.52 29.45 29.388 29.273 29.243 29.125 28.983 28.883 28.74 28.598 28.47 28.405 28.343 28.25 28.173 28.103 27.96 27.805 27.718
38.36 39.57 38.012 40.317 38.85 38.572 38.32 36.987 36.155 35.972 35.762 35.557 35.31 35.085 34.97 34.79 34.62 34.412 34.19 34.232 34.062 33.95 33.747 33.545 33.205 33.017 32.852 32.715 32.53 32.37 32.222 32.07 31.93 31.807 31.69 31.59 31.477 31.37 31.267 31.145 30.995 30.912 30.76 30.64 30.567 30.47 30.315 30.212 30.13 30.03 29.92 29.818 29.698 29.593 29.5 29.465 29.338 29.255 29.185 29.013 28.883 28.778 28.685 28.568 28.47 28.378 28.28 28.243 28.108 27.97 27.81 27.733
38.117 38.6 38.587 39.125 39.115 37.98 37.825 36.907 36.57 36.14 35.902 35.647 35.482 35.282 35.107 34.915 34.725 34.517 34.302 34.267 34.39 34.042 33.822 33.477 33.28 33.15 33 32.835 32.63 32.49 32.335 32.172 32.04 31.945 31.8 31.677 31.557 31.462 31.387 31.235 31.095 31.022 30.865 30.755 30.625 30.5 30.405 30.287 30.185 30.072 29.978 29.853 29.79 29.683 29.575 29.515 29.42 29.328 29.238 29.068 28.935 28.818 28.7 28.575 28.5 28.398 28.3 28.303 28.24 28.133 27.923 27.818
38.05 37.967 39.595 39.377 38.702 38.027 37.815 37.542 36.935 36.405 36.202 35.815 35.62 35.41 35.177 34.982 34.82 34.617 34.38 34.27 34.267 34.132 33.845 33.642 33.432 33.27 33.085 32.917 32.757 32.605 32.43 32.285 32.167 32.035 31.895 31.795 31.67 31.572 31.455 31.32 31.187 31.065 30.942 30.842 30.705 30.607 30.52 30.43 30.33 30.19 30.05 29.983 29.885 29.76 29.663 29.548 29.438 29.365 29.313 29.138 29.003 28.845 28.783 28.68 28.53 28.418 28.33 28.293 28.26 28.073 27.95 27.868
38.022 38.025 39.192 39.907 38.512 37.857 37.852 37.68 37.29 36.757 36.39 35.82 35.65 35.447 35.29 35.09 34.897 34.71 34.507 34.28 34.15 34.07 33.842 33.667 33.447 33.32 33.18 32.997 32.857 32.655 32.542 32.395 32.28 32.142 32.035 31.922 31.782 31.68 31.562 31.407 31.292 31.18 31.07 30.95 30.817 30.757 30.667 30.52 30.372 30.302 30.16 30.075 29.968 29.9 29.795 29.645 29.553 29.465 29.368 29.21 29.073 29.015 28.83 28.765 28.64 28.555 28.465 28.363 28.198 28.115 28.045 27.96
38.027 38.07 39.105 39.297 38.8 38.49 37.975 37.697 37.407 37.1 36.38 35.825 35.68 35.457 35.312 35.087 34.922 34.752 34.565 34.352 34.13 33.975 33.825 33.67 33.49 33.385 33.247 33.077 32.897 32.752 32.61 32.497 32.36 32.247 32.155 31.992 31.867 31.777 31.657 31.527 31.402 31.28 31.152 30.997 30.93 30.81 30.717 30.6 30.46 30.345 30.228 30.15 30.043 29.955 29.853 29.713 29.645 29.54 29.423 29.253 29.115 29.053 28.925 28.813 28.728 28.623 28.563 28.48 28.335 28.238 28.085 27.998
38.03 38.402 39.09 39.352 39.16 38.955 38.722 37.905 37.505 36.922 36.562 36.085 35.775 35.582 35.292 35.13 34.932 34.805 34.567 34.36 34.157 33.97 33.832 33.652 33.512 33.377 33.257 33.082 32.96 32.81 32.657 32.535 32.437 32.32 32.207 32.065 31.952 31.852 31.745 31.592 31.45 31.322 31.225 31.065 30.99 30.847 30.72 30.62 30.492 30.355 30.245 30.163 30.083 29.975 29.875 29.778 29.665 29.533 29.45 29.323 29.203 29.173 28.958 28.863 28.748 28.668 28.575 28.498 28.373 28.258 28.125 28.01
38.015 38.292 38.945 39.567 38.95 39.402 38.922 37.922 37.542 37.16 36.792 36.525 36.13 35.775 35.392 35.18 34.99 34.847 34.625 34.482 34.21 33.992 33.847 33.665 33.54 33.402 33.245 33.152 32.977 32.857 32.757 32.627 32.482 32.39 32.247 32.117 31.962 31.895 31.73 31.627 31.482 31.382 31.255 31.092 31 30.832 30.685 30.572 30.47 30.357 30.28 30.183 30.113 29.988 29.885 29.765 29.658 29.555 29.503 29.353 29.27 29.163 28.985 28.92 28.793 28.725 28.643 28.54 28.378 28.33 28.158 28.013
37.985 37.922 37.942 39.195 38.712 38.13 38.167 37.442 37.325 36.582 36.915 36.975 36.425 36.132 35.692 35.257 35.205 35.025 34.815 34.56 34.387 34.097 33.835 33.707 33.562 33.42 33.315 33.19 33.087 32.935 32.82 32.655 32.542 32.435 32.32 32.23 32.085 31.905 31.8 31.677 31.572 31.457 31.345 31.13 30.995 30.84 30.747 30.587 30.472 30.375 30.3 30.215 30.083 29.965 29.873 29.78 29.733 29.603 29.46 29.358 29.215 29.1 29.003 28.873 28.778 28.743 28.64 28.518 28.37 28.29 28.145 28.028
37.917 37.845 37.81 38.455 37.807 36.962 37.42 38.615 37.885 36.617 37.447 37.065 36.715 36.277 35.835 35.342 35.41 35.037 35 34.61 34.66 34.05 33.825 33.702 33.555 33.42 33.31 33.177 33.085 32.96 32.805 32.712 32.567 32.512 32.367 32.272 32.13 32.007 31.862 31.777 31.63 31.402 31.265 31.147 31.027 30.87 30.767 30.685 30.525 30.412 30.305 30.19 30.085 30.053 29.983 29.89 29.843 29.648 29.485 29.338 29.23 29.095 28.993 28.9 28.798 28.738 28.628 28.508 28.37 28.293 28.128 28.025
37.812 37.75 37.657 38.032 39.865 38.065 38.542 40.962 39.615 40.1 38.97 37.23 36.867 36.007 36.122 35.34 35.142 35.03 34.857 34.455 34.585 34.147 33.782 33.582 33.487 33.352 33.26 33.125 33.007 32.89 32.772 32.667 32.535 32.477 32.345 32.265 32.08 31.987 31.885 31.727 31.59 31.465 31.265 31.12 31.002 30.867 30.722 30.597 30.485 30.357 30.283 30.245 30.213 30.1 30.013 29.883 29.785 29.643 29.525 29.398 29.288 29.195 29.01 28.928 28.82 28.71 28.658 28.52 28.403 28.26 28.158 28.055
37.662 37.592 37.482 37.34 39.717 37.7 39.037 41.445 39.837 40.34 39.707 37.545 37.112 36.48 38.43 37.052 35.54 35.13 34.955 34.407 34.132 33.935 33.667 33.442 33.377 33.222 33.12 32.99 32.942 32.802 32.707 32.62 32.44 32.387 32.245 32.147 32.005 31.917 31.862 31.78 31.61 31.4 31.22 31.04 30.957 30.8 30.635 30.52 30.422 30.36 30.285 30.23 30.128 30.02 29.925 29.808 29.708 29.585 29.488 29.363 29.233 29.133 29.03 28.928 28.82 28.72 28.67 28.525 28.393 28.3 28.143 28.005
37.527 37.38 37.31 37.35 38.025 38.315 37.567 37.277 38.985 39.63 38.842 36.772 37.267 36.852 38.865 38.387 35.857 35.045 34.88 34.5 34.057 33.875 33.627 33.377 33.28 33.16 33.022 32.922 32.865 32.805 32.652 32.52 32.365 32.262 32.147 32.005 31.885 31.817 31.785 31.647 31.51 31.352 31.142 30.987 30.87 30.742 30.617 30.527 30.43 30.335 30.23 30.148 30.05 29.938 29.885 29.74 29.598 29.453 29.378 29.243 29.14 29.05 28.96 28.88 28.73 28.663 28.573 28.43 28.35 28.195 28.04 27.94
37.4 37.285 37.19 37.227 36.702 36.54 36.38 36.467 36.422 37.585 37.797 36.685 37.212 38.622 38.062 36.815 36.555 35.432 34.772 34.362 34.14 33.905 33.667 33.392 33.217 33.132 33.005 32.88 32.782 32.662 32.572 32.495 32.327 32.222 32.077 31.962 31.827 31.722 31.637 31.512 31.435 31.24 31.052 30.9 30.845 30.705 30.617 30.517 30.392 30.27 30.175 30.093 29.988 29.898 29.8 29.628 29.51 29.41 29.258 29.205 29.125 29 28.92 28.803 28.685 28.633 28.525 28.423 28.345 28.178 27.963 27.923
37.305 37.2 37.065 36.905 36.687 36.532 36.347 36.21 36.492 37.07 36.927 36.485 36.605 38.347 37.635 35.557 36.455 36.55 35.35 34.677 34.362 33.91 33.825 33.472 33.197 33.087 32.965 32.84 32.747 32.617 32.54 32.42 32.232 32.095 31.987 31.917 31.812 31.65 31.525 31.405 31.305 31.137 31.04 30.922 30.852 30.715 30.625 30.502 30.35 30.195 30.1 30.04 29.948 29.893 29.735 29.583 29.45 29.35 29.233 29.183 29.058 28.963 28.878 28.693 28.595 28.493 28.443 28.328 28.213 28.07 27.923 27.83
37.177 37.092 36.96 36.807 36.635 36.452 36.305 36.117 36.165 36.237 36.022 35.642 35.827 38.555 38.362 34.972 35.972 36.567 36.532 34.755 34.407 34.24 33.835 33.472 33.152 33.067 32.93 32.802 32.697 32.6 32.467 32.345 32.2 32.06 31.972 31.835 31.677 31.54 31.415 31.322 31.265 31.197 31.055 30.937 30.822 30.697 30.58 30.447 30.35 30.202 30.143 30.058 29.968 29.865 29.728 29.588 29.508 29.38 29.248 29.163 29.048 28.935 28.825 28.7 28.59 28.455 28.35 28.243 28.095 28.073 27.93 27.773
37.08 36.957 37.035 37.475 36.98 36.697 36.275 36.3 35.847 35.647 35.485 35.242 35.375 37.022 37.105 36.862 37.472 36.617 35.962 34.53 34.3 34.035 33.89 33.432 33.065 32.99 32.86 32.69 32.617 32.525 32.39 32.28 32.167 32.005 31.932 31.737 31.56 31.462 31.402 31.275 31.245 31.137 31.005 30.882 30.757 30.607 30.502 30.412 30.272 30.177 30.103 30.045 29.94 29.818 29.678 29.558 29.455 29.358 29.21 29.118 29.05 28.9 28.79 28.678 28.568 28.453 28.363 28.29 28.11 28.023 27.953 27.753
36.945 36.827 38.895 40.875 39.702 37.292 36.65 36.517 35.955 35.457 35.267 35.112 35.21 36.19 37.097 36.672 36.567 36.775 35.802 34.645 33.982 33.89 33.562 33.21 32.97 32.882 32.772 32.607 32.505 32.372 32.267 32.125 31.99 31.85 31.725 31.627 31.517 31.377 31.257 31.162 31.077 30.992 30.882 30.767 30.645 30.5 30.38 30.272 30.137 30.037 29.988 29.928 29.83 29.705 29.578 29.463 29.385 29.263 29.15 29.045 28.98 28.835 28.743 28.638 28.558 28.458 28.323 28.213 28.073 27.96 27.8 27.655
36.865 36.755 38.802 40.172 39.415 37.082 36.787 36.695 36.155 35.325 35.127 34.97 34.97 35.687 36.492 37.53 36.917 36.827 35.785 34.147 33.797 33.59 33.42 33.112 32.895 32.772 32.667 32.522 32.365 32.247 32.067 31.955 31.84 31.772 31.667 31.542 31.377 31.252 31.14 31.012 30.91 30.832 30.732 30.592 30.482 30.362 30.27 30.177 30.04 29.985 29.865 29.828 29.718 29.565 29.473 29.375 29.295 29.113 29.033 28.965 28.85 28.74 28.635 28.518 28.518 28.438 28.265 28.13 28.013 27.875 27.738 27.555
36.812 36.652 36.547 36.527 37.68 36.887 36.625 36.505 35.862 35.215 35.012 34.845 35.027 35.775 36.32 37.997 36.377 36.492 35.96 34.555 33.965 33.62 33.44 33.085 32.807 32.65 32.577 32.4 32.235 32.117 32 31.892 31.747 31.667 31.555 31.435 31.26 31.142 31.01 30.917 30.8 30.7 30.57 30.492 30.39 30.287 30.115 30.065 29.982 29.917 29.773 29.69 29.613 29.485 29.393 29.295 29.155 29.063 28.928 28.925 28.775 28.663 28.628 28.485 28.418 28.265 28.12 28.003 27.905 27.795 27.638 27.49
