All_lidar/sz5987_DSM_2M.asc
ncols 500
nrows 500
xllcorner    459000
yllcorner    87000
cellsize     2
NODATA_value -9999
[rows 32 to 63 of 500, columns 213 to 283 of 500]
42.342 42.297 42.227 42.174 42.112 42.032 42.002 41.937 41.884 41.804 41.774 41.724 41.629 41.549 41.464 41.354 41.292 41.179 41.109 40.997 40.937 40.814 40.739 40.707 40.687 40.687 40.632 40.577 40.512 40.472 40.442 40.382 40.319 40.264 40.209 40.179 40.117 39.839 39.954 40.104 40.119 40.042 39.999 39.939 39.882 39.807 39.834 39.844 39.819 39.814 39.832 39.837 39.837 39.859 39.887 39.947 40.004 40.057 40.074 40.142 40.159 40.207 40.267 40.319 40.394 40.477 40.587 40.667 40.772 40.867 40.959
42.339 42.292 42.247 42.187 42.114 42.069 42.014 41.937 41.877 41.829 41.767 41.689 41.599 41.514 41.414 41.359 41.264 41.182 41.069 40.987 40.904 40.842 40.762 40.739 40.729 40.724 40.644 40.594 40.559 40.514 40.457 40.404 40.329 40.297 40.244 40.049 40.002 40.189 40.217 40.174 40.119 40.052 39.999 39.959 39.914 39.892 39.919 39.964 39.952 39.954 39.954 39.969 39.989 40.044 40.099 40.117 40.169 40.204 40.232 40.289 40.337 40.369 40.417 40.477 40.567 40.644 40.722 40.839 40.917 41.027 41.152
42.347 42.279 42.237 42.189 42.119 42.074 42.002 41.959 41.907 41.814 41.747 41.664 41.574 41.469 41.404 41.322 41.227 41.147 41.067 40.992 40.919 40.867 40.872 40.822 40.812 40.754 40.694 40.667 40.624 40.559 40.479 40.424 40.449 40.252 40.157 40.224 40.337 40.292 40.242 40.174 40.132 40.089 40.059 40.042 40.047 40.017 40.029 40.037 40.017 40.059 40.092 40.112 40.164 40.202 40.269 40.289 40.332 40.357 40.409 40.427 40.459 40.532 40.592 40.664 40.717 40.822 40.912 40.999 41.112 41.222 41.332
42.344 42.317 42.249 42.169 42.107 42.067 42.017 41.939 41.872 41.807 41.722 41.652 41.542 41.459 41.414 41.304 41.212 41.134 41.089 40.999 40.969 40.954 40.904 40.884 40.872 40.827 40.772 40.712 40.652 40.582 40.499 40.359 40.299 40.347 40.454 40.449 40.372 40.312 40.279 40.232 40.189 40.142 40.144 40.124 40.142 40.139 40.102 40.124 40.154 40.194 40.262 40.302 40.317 40.367 40.432 40.489 40.492 40.529 40.562 40.614 40.637 40.712 40.772 40.842 40.914 40.999 41.057 41.189 41.287 41.404 41.512
42.359 42.287 42.244 42.162 42.104 42.057 42.014 41.949 41.872 41.789 41.709 41.639 41.547 41.469 41.387 41.292 41.229 41.187 41.124 41.064 41.057 40.999 40.982 40.969 40.929 40.877 40.804 40.699 40.637 40.404 40.354 40.509 40.579 40.549 40.509 40.442 40.407 40.359 40.322 40.289 40.269 40.244 40.197 40.224 40.252 40.219 40.252 40.289 40.324 40.329 40.424 40.444 40.494 40.519 40.609 40.664 40.669 40.679 40.722 40.772 40.829 40.877 40.942 41.029 41.084 41.169 41.277 41.407 41.519 41.634 41.729
42.387 42.314 42.254 42.177 42.127 42.057 42.007 41.924 41.842 41.767 41.699 41.627 41.557 41.494 41.404 41.322 41.269 41.224 41.182 41.127 41.117 41.097 41.042 41.014 40.954 40.909 40.789 40.562 40.459 40.719 40.749 40.699 40.647 40.582 40.539 40.494 40.442 40.437 40.417 40.359 40.369 40.314 40.332 40.329 40.344 40.382 40.412 40.449 40.474 40.499 40.522 40.599 40.622 40.689 40.762 40.837 40.879 40.869 40.867 40.947 40.982 41.054 41.114 41.192 41.277 41.369 41.452 41.604 41.709 41.839 41.967
42.417 42.337 42.257 42.207 42.129 42.067 41.989 41.942 41.829 41.777 41.684 41.644 41.564 41.504 41.449 41.379 41.327 41.277 41.239 41.224 41.179 41.157 41.107 41.027 40.969 40.797 40.614 40.784 40.927 40.857 40.787 40.709 40.669 40.637 40.597 40.547 40.537 40.522 40.479 40.482 40.452 40.427 40.452 40.462 40.502 40.522 40.557 40.587 40.607 40.647 40.667 40.714 40.772 40.849 40.917 40.984 40.992 40.979 40.957 41.062 41.152 41.227 41.282 41.362 41.449 41.567 41.654 41.764 41.912 42.029 42.127
42.379 42.347 42.312 42.242 42.159 42.062 41.989 41.922 41.834 41.739 41.689 41.657 41.637 41.564 41.514 41.429 41.354 41.334 41.294 41.289 41.234 41.174 41.137 41.044 40.772 40.769 41.067 41.017 40.937 40.892 40.837 40.757 40.707 40.674 40.634 40.629 40.587 40.592 40.557 40.527 40.547 40.544 40.604 40.659 40.659 40.649 40.709 40.734 40.754 40.782 40.809 40.862 40.922 40.992 41.037 41.122 41.134 41.087 41.104 41.209 41.362 41.392 41.499 41.562 41.637 41.779 41.864 41.994 42.129 42.209 42.322
42.374 42.297 42.277 42.234 42.164 42.087 42.007 41.922 41.852 41.777 41.737 41.692 41.642 41.589 41.522 41.477 41.437 41.402 41.384 41.337 41.289 41.172 40.979 40.864 41.164 41.172 41.117 41.052 40.987 40.932 40.854 40.809 40.804 40.767 40.689 40.667 40.627 40.649 40.652 40.659 40.684 40.717 40.749 40.769 40.794 40.789 40.814 40.869 40.892 40.899 40.962 41.004 41.032 41.092 41.167 41.212 41.259 41.284 41.312 41.384 41.522 41.582 41.694 41.752 41.874 41.979 42.087 42.182 42.314 42.419 42.479
42.374 42.299 42.242 42.184 42.102 42.074 42.014 41.979 41.927 41.842 41.787 41.704 41.669 41.612 41.572 41.552 41.467 41.439 41.422 41.307 41.027 40.932 41.197 41.309 41.244 41.189 41.144 41.074 41.004 40.954 40.937 40.902 40.854 40.829 40.777 40.729 40.749 40.732 40.759 40.804 40.829 40.852 40.889 40.937 40.972 40.962 40.992 40.994 41.042 41.052 41.069 41.132 41.174 41.234 41.289 41.329 41.412 41.464 41.497 41.587 41.697 41.794 41.892 41.994 42.052 42.199 42.302 42.404 42.504 42.587 42.662
42.354 42.329 42.244 42.169 42.129 42.077 42.019 41.992 41.977 41.887 41.829 41.772 41.714 41.657 41.637 41.574 41.507 41.484 41.289 41.177 41.334 41.399 41.369 41.304 41.264 41.209 41.152 41.107 41.067 41.032 40.979 40.967 40.932 40.887 40.849 40.834 40.857 40.879 40.894 40.927 40.959 40.999 41.017 41.064 41.059 41.122 41.137 41.177 41.194 41.184 41.202 41.252 41.287 41.367 41.392 41.447 41.542 41.629 41.702 41.787 41.892 41.992 42.089 42.202 42.297 42.407 42.502 42.582 42.689 42.779 42.844
42.397 42.317 42.254 42.229 42.167 42.117 42.072 42.017 41.989 41.929 41.874 41.809 41.737 41.724 41.664 41.619 41.459 41.264 41.277 41.519 41.479 41.437 41.394 41.357 41.287 41.234 41.197 41.179 41.132 41.092 41.054 41.009 40.969 40.967 40.979 40.979 40.977 41.032 41.029 41.069 41.107 41.134 41.132 41.169 41.192 41.254 41.287 41.309 41.342 41.372 41.377 41.422 41.454 41.492 41.522 41.607 41.682 41.769 41.859 41.962 42.074 42.167 42.307 42.414 42.502 42.599 42.684 42.774 42.854 42.944 43.012
42.392 42.322 42.274 42.257 42.232 42.172 42.102 42.064 42.029 41.969 41.897 41.839 41.762 41.754 41.632 41.389 41.557 41.564 41.594 41.539 41.507 41.482 41.427 41.379 41.344 41.299 41.254 41.229 41.192 41.174 41.127 41.099 41.094 41.079 41.114 41.119 41.119 41.124 41.134 41.192 41.219 41.252 41.279 41.299 41.339 41.372 41.417 41.437 41.492 41.489 41.534 41.569 41.597 41.624 41.692 41.772 41.834 41.947 42.049 42.154 42.264 42.409 42.534 42.632 42.754 42.834 42.892 42.972 43.027 43.107 43.172
42.389 42.354 42.332 42.289 42.237 42.214 42.162 42.114 42.049 41.989 41.962 41.884 41.789 41.504 41.487 41.762 41.729 41.682 41.617 41.564 41.537 41.509 41.469 41.427 41.417 41.344 41.289 41.272 41.252 41.242 41.232 41.184 41.177 41.199 41.234 41.237 41.252 41.237 41.269 41.299 41.329 41.352 41.397 41.452 41.492 41.524 41.534 41.577 41.612 41.652 41.689 41.717 41.782 41.809 41.877 41.934 42.007 42.134 42.242 42.352 42.484 42.619 42.699 42.837 42.934 43.039 43.114 43.177 43.239 43.299 43.367
42.392 42.392 42.339 42.324 42.304 42.262 42.212 42.144 42.062 42.039 41.964 41.717 41.604 41.797 41.842 41.794 41.767 41.719 41.657 41.617 41.564 41.564 41.524 41.504 41.444 41.417 41.362 41.337 41.334 41.347 41.327 41.304 41.297 41.324 41.322 41.342 41.359 41.372 41.409 41.434 41.469 41.494 41.544 41.574 41.612 41.674 41.697 41.729 41.784 41.789 41.819 41.882 41.924 41.979 42.064 42.134 42.232 42.357 42.442 42.587 42.694 42.829 42.904 43.007 43.132 43.197 43.274 43.344 43.422 43.474 43.559
42.407 42.389 42.407 42.382 42.347 42.292 42.199 42.182 42.114 41.857 41.802 41.874 41.989 41.914 41.877 41.824 41.769 41.737 41.694 41.694 41.657 41.637 41.569 41.522 41.514 41.477 41.459 41.442 41.459 41.439 41.444 41.442 41.444 41.417 41.449 41.447 41.462 41.519 41.519 41.574 41.579 41.627 41.692 41.742 41.764 41.802 41.867 41.882 41.897 41.924 41.979 42.027 42.079 42.144 42.242 42.334 42.447 42.547 42.679 42.792 42.919 43.039 43.129 43.234 43.309 43.367 43.457 43.494 43.587 43.644 43.732
42.404 42.407 42.432 42.414 42.339 42.297 42.259 42.084 41.787 42.032 42.114 42.054 41.989 41.942 41.894 41.859 41.812 41.774 41.744 41.727 41.692 41.664 41.639 41.612 41.612 41.594 41.562 41.542 41.524 41.539 41.529 41.539 41.579 41.557 41.562 41.559 41.579 41.597 41.634 41.682 41.729 41.747 41.814 41.859 41.899 41.942 41.984 42.037 42.039 42.062 42.124 42.192 42.254 42.349 42.444 42.557 42.662 42.739 42.882 42.989 43.114 43.217 43.337 43.417 43.499 43.554 43.607 43.667 43.739 43.824 43.934
42.367 42.347 42.407 42.414 42.384 42.134 41.917 42.027 42.224 42.177 42.112 42.072 42.019 41.969 41.937 41.884 41.862 41.839 41.819 41.812 41.767 41.747 41.724 41.719 41.712 41.704 41.694 41.659 41.637 41.632 41.642 41.632 41.629 41.657 41.664 41.682 41.707 41.727 41.769 41.817 41.852 41.892 41.934 42.007 42.039 42.092 42.134 42.164 42.212 42.252 42.284 42.342 42.444 42.542 42.632 42.747 42.862 42.972 43.084 43.194 43.302 43.399 43.492 43.577 43.657 43.714 43.787 43.832 43.919 44.007 44.107
42.462 42.474 42.527 42.364 41.949 42.164 42.332 42.294 42.227 42.187 42.134 42.082 42.032 42.017 41.977 41.954 41.914 41.877 41.869 41.864 41.844 41.842 41.824 41.814 41.797 41.787 41.767 41.767 41.757 41.757 41.777 41.772 41.749 41.729 41.764 41.777 41.802 41.832 41.892 41.914 41.989 42.014 42.094 42.104 42.152 42.217 42.244 42.259 42.307 42.372 42.442 42.514 42.604 42.702 42.829 42.932 43.084 43.184 43.274 43.384 43.497 43.569 43.664 43.727 43.764 43.847 43.919 43.992 44.089 44.177 44.294
42.659 42.447 42.232 41.967 42.342 42.392 42.324 42.294 42.224 42.192 42.137 42.122 42.079 42.069 42.017 42.002 41.974 41.934 41.942 41.937 41.937 41.909 41.922 41.887 41.889 41.859 41.862 41.894 41.867 41.877 41.897 41.879 41.887 41.877 41.892 41.914 41.944 41.954 41.977 42.069 42.099 42.154 42.212 42.247 42.284 42.339 42.344 42.389 42.442 42.514 42.572 42.674 42.777 42.917 43.029 43.159 43.284 43.382 43.474 43.574 43.674 43.749 43.807 43.852 43.932 43.982 44.067 44.152 44.249 44.342 44.472
42.234 42.202 42.422 42.467 42.437 42.409 42.359 42.277 42.249 42.217 42.202 42.159 42.122 42.092 42.064 42.072 42.052 42.042 42.049 42.034 42.039 42.002 41.937 41.977 41.989 41.982 41.957 41.927 41.939 41.949 41.977 41.979 41.977 41.979 41.989 42.024 42.054 42.087 42.144 42.172 42.229 42.262 42.322 42.362 42.412 42.439 42.467 42.519 42.567 42.634 42.712 42.827 42.952 43.094 43.209 43.309 43.432 43.564 43.689 43.789 43.849 43.917 43.984 44.027 44.082 44.164 44.232 44.337 44.449 44.569 44.659
42.702 42.617 42.584 42.527 42.459 42.429 42.362 42.317 42.289 42.267 42.254 42.214 42.179 42.149 42.159 42.172 42.149 42.127 42.132 42.144 42.119 42.097 42.062 42.069 42.064 42.084 42.072 42.062 42.059 42.044 42.037 42.052 42.039 42.067 42.089 42.134 42.167 42.204 42.267 42.304 42.362 42.412 42.447 42.477 42.499 42.534 42.562 42.609 42.664 42.754 42.862 43.019 43.119 43.254 43.377 43.492 43.629 43.742 43.842 43.922 44.019 44.109 44.179 44.219 44.289 44.354 44.419 44.509 44.627 44.729 44.874
42.719 42.694 42.619 42.544 42.464 42.429 42.402 42.364 42.324 42.279 42.262 42.257 42.237 42.234 42.242 42.247 42.202 42.202 42.184 42.182 42.199 42.194 42.177 42.177 42.172 42.182 42.177 42.174 42.174 42.159 42.159 42.172 42.157 42.159 42.172 42.192 42.249 42.302 42.379 42.434 42.489 42.554 42.577 42.607 42.657 42.689 42.702 42.747 42.837 42.937 43.039 43.182 43.322 43.464 43.594 43.707 43.819 43.907 43.997 44.094 44.184 44.264 44.317 44.389 44.472 44.554 44.654 44.752 44.867 44.972 45.089
42.752 42.704 42.614 42.552 42.517 42.532 42.442 42.387 42.379 42.364 42.367 42.357 42.329 42.352 42.322 42.334 42.334 42.299 42.264 42.252 42.267 42.272 42.257 42.237 42.234 42.264 42.279 42.284 42.264 42.262 42.259 42.282 42.262 42.277 42.267 42.319 42.354 42.414 42.464 42.519 42.592 42.667 42.714 42.717 42.772 42.829 42.884 42.954 43.019 43.114 43.234 43.377 43.517 43.659 43.807 43.907 44.057 44.154 44.227 44.312 44.362 44.447 44.499 44.577 44.667 44.767 44.867 44.939 45.074 45.182 45.307
42.744 42.677 42.644 42.604 42.564 42.499 42.472 42.459 42.457 42.464 42.442 42.429 42.427 42.434 42.402 42.417 42.407 42.379 42.357 42.372 42.342 42.339 42.342 42.352 42.334 42.347 42.347 42.332 42.367 42.369 42.364 42.392 42.369 42.394 42.399 42.464 42.507 42.552 42.597 42.692 42.767 42.792 42.834 42.859 42.899 42.949 43.044 43.119 43.229 43.334 43.464 43.599 43.727 43.892 43.994 44.107 44.247 44.349 44.399 44.474 44.544 44.624 44.722 44.777 44.864 44.949 45.047 45.177 45.267 45.387 45.504
42.774 42.677 42.639 42.614 42.557 42.537 42.512 42.509 42.539 42.537 42.552 42.524 42.499 42.497 42.487 42.482 42.472 42.442 42.437 42.432 42.444 42.427 42.442 42.429 42.422 42.447 42.444 42.464 42.449 42.449 42.439 42.467 42.507 42.534 42.554 42.604 42.657 42.697 42.752 42.807 42.867 42.914 42.987 43.014 43.057 43.127 43.199 43.314 43.434 43.572 43.704 43.817 43.934 44.052 44.192 44.324 44.414 44.492 44.574 44.644 44.692 44.757 44.849 44.944 45.012 45.139 45.264 45.379 45.487 45.579 45.722
42.769 42.759 42.689 42.657 42.647 42.629 42.629 42.597 42.614 42.619 42.609 42.599 42.589 42.607 42.587 42.554 42.559 42.537 42.552 42.542 42.537 42.549 42.554 42.559 42.554 42.542 42.567 42.569 42.572 42.614 42.597 42.629 42.642 42.652 42.684 42.734 42.804 42.857 42.892 42.957 43.017 43.057 43.124 43.157 43.224 43.307 43.389 43.514 43.624 43.747 43.897 44.032 44.177 44.267 44.387 44.489 44.567 44.649 44.712 44.804 44.847 44.942 45.022 45.109 45.182 45.302 45.449 45.544 45.649 45.787 45.944
42.819 42.774 42.734 42.747 42.749 42.724 42.692 42.707 42.689 42.659 42.629 42.632 42.639 42.652 42.697 42.707 42.639 42.659 42.679 42.669 42.662 42.652 42.687 42.714 42.674 42.687 42.712 42.704 42.724 42.737 42.737 42.772 42.779 42.774 42.817 42.864 42.932 42.992 43.017 43.114 43.139 43.219 43.249 43.334 43.384 43.484 43.607 43.714 43.824 43.982 44.107 44.239 44.354 44.452 44.559 44.642 44.742 44.799 44.884 44.944 45.034 45.097 45.207 45.319 45.387 45.507 45.619 45.759 45.857 45.982 46.129
42.842 42.809 42.779 42.802 42.827 42.812 42.794 42.809 42.809 42.807 42.777 42.792 42.782 42.777 42.747 42.729 42.719 42.732 42.757 42.774 42.752 42.799 42.809 42.819 42.824 42.824 42.872 42.854 42.849 42.867 42.877 42.892 42.899 42.922 42.952 42.964 43.082 43.127 43.147 43.212 43.259 43.294 43.357 43.462 43.539 43.652 43.777 43.927 44.037 44.169 44.279 44.399 44.509 44.632 44.709 44.812 44.872 44.939 45.007 45.089 45.149 45.277 45.367 45.457 45.572 45.699 45.804 45.929 46.059 46.159 46.297
42.974 42.934 42.897 42.912 42.924 42.902 42.887 42.892 42.884 42.899 42.892 42.917 42.917 42.912 42.897 42.897 42.879 42.874 42.854 42.847 42.849 42.842 42.894 42.912 42.959 42.997 42.992 42.994 43.002 43.029 43.027 43.009 43.039 43.064 43.112 43.147 43.217 43.247 43.264 43.307 43.379 43.447 43.494 43.607 43.722 43.849 43.997 44.129 44.272 44.372 44.497 44.584 44.699 44.777 44.867 44.947 45.009 45.102 45.169 45.249 45.327 45.419 45.522 45.642 45.769 45.864 45.979 46.117 46.244 46.347 46.487
43.149 43.109 43.087 43.067 43.074 43.042 43.034 43.029 43.004 42.999 43.019 43.017 43.029 43.007 43.037 43.047 43.034 43.004 43.017 42.997 43.024 42.969 42.977 42.987 43.002 43.019 43.069 43.109 43.117 43.132 43.149 43.149 43.164 43.204 43.232 43.284 43.332 43.389 43.427 43.484 43.552 43.609 43.672 43.787 43.899 44.014 44.152 44.302 44.437 44.577 44.672 44.797 44.882 44.934 45.009 45.089 45.174 45.249 45.332 45.412 45.477 45.589 45.679 45.782 45.907 46.039 46.147 46.299 46.419 46.542 46.687
43.244 43.217 43.237 43.252 43.249 43.212 43.214 43.204 43.187 43.172 43.164 43.174 43.159 43.137 43.162 43.127 43.149 43.154 43.132 43.127 43.147 43.142 43.137 43.127 43.144 43.122 43.129 43.144 43.157 43.182 43.232 43.294 43.289 43.309 43.354 43.407 43.499 43.497 43.549 43.609 43.682 43.754 43.849 43.982 44.079 44.222 44.322 44.454 44.584 44.684 44.809 44.909 45.002 45.074 45.182 45.247 45.314 45.407 45.487 45.574 45.649 45.772 45.879 45.982 46.084 46.187 46.314 46.437 46.577 46.709 46.874
