All_lidar/sz5987_DSM_2M.asc
ncols 500
nrows 500
xllcorner    459000
yllcorner    87000
cellsize     2
NODATA_value -9999
[rows 128 to 159 of 500, columns 213 to 283 of 500]
52.709 52.744 52.829 52.864 52.884 52.874 52.899 52.917 52.957 52.972 52.939 52.979 53.042 53.099 53.179 53.197 53.207 53.227 53.287 53.292 53.304 53.277 53.332 53.424 53.439 53.494 53.524 53.584 53.597 53.654 53.769 53.822 53.882 53.957 53.997 54.029 54.054 54.184 54.247 54.294 54.314 54.339 54.394 54.464 54.519 54.569 54.662 54.682 54.769 54.857 54.877 54.887 54.894 54.929 55.002 55.064 55.134 55.212 55.259 55.334 55.399 55.479 55.542 55.572 55.584 55.657 55.739 55.809 55.829 55.897 55.967
52.779 52.854 52.917 52.972 53.002 52.979 53.012 53.049 53.084 53.089 53.084 53.079 53.154 53.202 53.242 53.242 53.277 53.327 53.382 53.377 53.374 53.417 53.449 53.517 53.537 53.557 53.617 53.674 53.714 53.782 53.867 53.909 53.929 54.017 54.059 54.112 54.159 54.227 54.302 54.337 54.374 54.419 54.472 54.522 54.572 54.642 54.699 54.757 54.827 54.894 54.909 54.927 54.942 55.004 55.062 55.129 55.172 55.247 55.329 55.389 55.444 55.497 55.537 55.577 55.599 55.674 55.777 55.832 55.839 55.889 55.944
52.869 52.952 53.032 53.074 53.097 53.109 53.119 53.147 53.159 53.159 53.199 53.192 53.254 53.304 53.342 53.359 53.367 53.432 53.452 53.442 53.459 53.449 53.524 53.579 53.594 53.652 53.707 53.759 53.802 53.867 53.964 53.997 54.019 54.094 54.152 54.194 54.262 54.314 54.354 54.429 54.437 54.497 54.549 54.577 54.657 54.709 54.769 54.829 54.889 54.924 54.947 54.979 54.989 55.042 55.089 55.139 55.204 55.252 55.327 55.374 55.434 55.484 55.524 55.559 55.594 55.657 55.752 55.814 55.819 55.892 55.949
52.949 53.039 53.114 53.147 53.172 53.182 53.227 53.254 53.254 53.264 53.327 53.294 53.364 53.394 53.402 53.442 53.427 53.497 53.512 53.534 53.519 53.529 53.607 53.664 53.687 53.747 53.789 53.859 53.882 53.924 54.037 54.054 54.107 54.167 54.219 54.219 54.317 54.374 54.427 54.479 54.474 54.552 54.607 54.647 54.699 54.734 54.812 54.857 54.917 54.947 54.964 55.012 55.024 55.064 55.127 55.179 55.222 55.287 55.327 55.372 55.427 55.479 55.509 55.514 55.562 55.632 55.734 55.777 55.804 55.862 55.922
53.057 53.152 53.182 53.244 53.257 53.287 53.314 53.324 53.359 53.397 53.447 53.359 53.439 53.477 53.474 53.504 53.529 53.592 53.572 53.589 53.562 53.609 53.692 53.752 53.754 53.822 53.859 53.927 53.962 53.999 54.089 54.137 54.177 54.232 54.274 54.294 54.354 54.459 54.492 54.552 54.537 54.599 54.654 54.704 54.727 54.777 54.844 54.912 54.962 55.012 54.999 55.037 55.019 55.062 55.132 55.189 55.234 55.299 55.342 55.397 55.427 55.457 55.467 55.477 55.517 55.609 55.677 55.717 55.759 55.822 55.852
53.159 53.219 53.282 53.329 53.382 53.417 53.429 53.439 53.507 53.539 53.509 53.429 53.489 53.549 53.554 53.577 53.629 53.674 53.669 53.662 53.637 53.692 53.762 53.799 53.829 53.854 53.917 53.972 54.017 54.059 54.137 54.182 54.227 54.279 54.334 54.344 54.424 54.514 54.539 54.549 54.594 54.649 54.689 54.727 54.744 54.802 54.849 54.917 54.999 54.997 55.007 55.004 55.022 55.062 55.114 55.152 55.194 55.247 55.282 55.349 55.397 55.399 55.422 55.437 55.479 55.552 55.627 55.629 55.687 55.744 55.797
53.217 53.302 53.369 53.444 53.492 53.504 53.529 53.562 53.579 53.599 53.539 53.529 53.554 53.612 53.617 53.647 53.707 53.757 53.744 53.692 53.684 53.774 53.824 53.864 53.897 53.934 53.977 54.022 54.042 54.112 54.162 54.207 54.259 54.312 54.369 54.374 54.429 54.504 54.569 54.569 54.597 54.669 54.682 54.712 54.757 54.794 54.857 54.909 54.972 54.987 54.994 54.992 54.997 55.019 55.074 55.132 55.169 55.224 55.254 55.297 55.337 55.337 55.352 55.367 55.402 55.489 55.537 55.567 55.589 55.657 55.699
53.337 53.429 53.479 53.529 53.589 53.627 53.627 53.632 53.647 53.652 53.582 53.592 53.617 53.644 53.632 53.694 53.782 53.777 53.777 53.759 53.742 53.862 53.879 53.922 53.967 53.999 54.049 54.069 54.094 54.157 54.224 54.257 54.274 54.332 54.387 54.384 54.442 54.509 54.589 54.567 54.607 54.634 54.649 54.684 54.712 54.764 54.802 54.862 54.904 54.912 54.917 54.907 54.924 54.962 55.009 55.064 55.107 55.134 55.179 55.219 55.232 55.259 55.269 55.257 55.319 55.379 55.412 55.427 55.484 55.554 55.592
53.429 53.494 53.567 53.634 53.679 53.694 53.697 53.704 53.687 53.649 53.639 53.647 53.684 53.684 53.714 53.792 53.839 53.809 53.804 53.779 53.822 53.909 53.904 53.949 53.992 54.024 54.054 54.112 54.132 54.172 54.242 54.284 54.302 54.334 54.372 54.377 54.457 54.532 54.557 54.554 54.607 54.619 54.634 54.674 54.694 54.729 54.792 54.824 54.892 54.887 54.874 54.847 54.869 54.914 54.927 54.929 55.002 55.032 55.054 55.079 55.127 55.132 55.127 55.132 55.182 55.224 55.264 55.249 55.329 55.382 55.409
53.504 53.602 53.652 53.682 53.714 53.737 53.764 53.774 53.784 53.729 53.709 53.687 53.702 53.704 53.722 53.832 53.857 53.859 53.872 53.822 53.869 53.929 53.949 53.984 54.032 54.052 54.092 54.119 54.144 54.217 54.249 54.272 54.287 54.342 54.342 54.349 54.444 54.482 54.547 54.517 54.544 54.567 54.622 54.664 54.649 54.679 54.712 54.772 54.817 54.792 54.819 54.779 54.802 54.824 54.867 54.894 54.919 54.937 54.949 54.967 54.989 54.979 54.997 54.979 55.029 55.047 55.092 55.074 55.142 55.177 55.219
53.604 53.652 53.714 53.754 53.777 53.784 53.814 53.814 53.814 53.819 53.787 53.744 53.747 53.717 53.807 53.889 53.902 53.884 53.857 53.867 53.892 53.952 53.962 54.014 54.079 54.079 54.127 54.139 54.159 54.222 54.252 54.279 54.289 54.329 54.312 54.329 54.414 54.444 54.487 54.474 54.507 54.527 54.562 54.569 54.587 54.622 54.627 54.689 54.724 54.697 54.687 54.674 54.699 54.739 54.774 54.789 54.809 54.812 54.844 54.832 54.839 54.857 54.837 54.822 54.862 54.877 54.927 54.942 54.977 55.024 55.047
53.664 53.704 53.774 53.817 53.859 53.862 53.884 53.874 53.894 53.902 53.839 53.792 53.792 53.747 53.777 53.924 53.917 53.912 53.884 53.884 53.954 53.959 53.994 54.029 54.072 54.097 54.119 54.127 54.152 54.217 54.247 54.262 54.279 54.297 54.289 54.307 54.364 54.399 54.429 54.399 54.452 54.459 54.479 54.487 54.504 54.512 54.559 54.614 54.607 54.587 54.569 54.549 54.577 54.644 54.632 54.657 54.657 54.674 54.689 54.682 54.682 54.667 54.642 54.679 54.687 54.699 54.752 54.764 54.799 54.832 54.859
53.742 53.782 53.854 53.897 53.922 53.957 53.932 53.949 53.944 53.894 53.862 53.809 53.829 53.817 53.879 53.964 53.929 53.912 53.919 53.899 53.952 53.987 53.982 54.017 54.047 54.069 54.087 54.107 54.119 54.182 54.189 54.219 54.247 54.264 54.229 54.257 54.314 54.344 54.344 54.322 54.342 54.357 54.369 54.384 54.419 54.402 54.462 54.477 54.484 54.467 54.412 54.414 54.447 54.487 54.487 54.484 54.482 54.487 54.512 54.509 54.484 54.472 54.459 54.464 54.497 54.527 54.519 54.552 54.599 54.612 54.652
53.807 53.857 53.922 53.967 53.992 54.002 54.012 54.002 53.962 53.932 53.872 53.849 53.817 53.859 54.002 54.009 53.962 53.949 53.934 53.922 53.969 53.987 53.969 54.017 54.012 54.024 54.064 54.082 54.089 54.137 54.149 54.152 54.177 54.182 54.147 54.182 54.214 54.247 54.224 54.209 54.244 54.244 54.267 54.269 54.279 54.289 54.322 54.349 54.347 54.319 54.264 54.244 54.279 54.304 54.309 54.297 54.304 54.317 54.302 54.312 54.289 54.264 54.254 54.252 54.294 54.302 54.279 54.309 54.342 54.389 54.429
53.889 53.939 54.012 54.002 54.064 54.089 54.052 54.049 53.999 53.997 53.912 53.914 53.877 53.904 53.989 54.004 54.019 53.942 53.942 53.944 53.972 53.994 54.009 54.027 54.014 54.049 54.039 54.034 54.072 54.104 54.072 54.062 54.084 54.094 54.047 54.089 54.132 54.139 54.102 54.112 54.117 54.124 54.104 54.109 54.132 54.137 54.182 54.229 54.179 54.124 54.072 54.047 54.092 54.109 54.102 54.104 54.097 54.102 54.102 54.077 54.052 54.057 54.009 54.019 54.019 54.054 54.009 54.069 54.119 54.142 54.172
53.994 54.039 54.057 54.087 54.122 54.132 54.089 54.104 54.067 54.002 53.992 53.969 53.917 53.944 54.022 54.044 54.012 53.967 53.954 53.992 54.002 54.014 54.024 54.034 54.029 54.029 54.054 54.024 54.054 54.044 54.047 54.009 54.014 54.024 53.964 53.972 54.027 54.019 53.984 53.977 53.977 53.969 53.952 53.974 53.964 53.974 54.004 54.002 53.967 53.949 53.859 53.857 53.884 53.894 53.874 53.854 53.847 53.852 53.869 53.839 53.814 53.794 53.749 53.749 53.784 53.784 53.739 53.794 53.837 53.887 53.909
54.082 54.122 54.124 54.164 54.209 54.184 54.147 54.152 54.062 54.047 54.047 54.072 53.942 53.934 54.032 54.024 53.992 53.957 53.957 54.004 54.022 54.039 54.009 54.024 54.007 54.007 54.009 53.972 53.997 53.982 53.992 53.979 53.979 53.949 53.889 53.914 53.947 53.902 53.884 53.874 53.862 53.839 53.839 53.817 53.797 53.794 53.819 53.822 53.759 53.737 53.664 53.667 53.669 53.667 53.669 53.624 53.609 53.612 53.637 53.589 53.559 53.532 53.477 53.482 53.499 53.502 53.459 53.512 53.542 53.554 53.599
54.139 54.157 54.189 54.214 54.252 54.237 54.182 54.157 54.149 54.149 54.122 54.144 53.987 53.994 54.039 54.037 53.977 53.957 53.974 53.984 53.982 53.999 53.984 53.989 53.977 53.962 53.934 53.914 53.932 53.904 53.904 53.872 53.882 53.837 53.792 53.802 53.814 53.787 53.729 53.739 53.717 53.689 53.664 53.647 53.632 53.619 53.632 53.594 53.549 53.522 53.449 53.427 53.442 53.424 53.404 53.397 53.389 53.369 53.357 53.299 53.299 53.262 53.214 53.204 53.212 53.197 53.172 53.224 53.272 53.262 53.264
54.227 54.212 54.239 54.259 54.284 54.239 54.217 54.219 54.214 54.189 54.127 54.154 54.024 54.034 54.027 54.009 53.987 53.929 53.937 53.962 53.952 53.977 53.967 53.927 53.897 53.892 53.852 53.807 53.854 53.802 53.794 53.762 53.774 53.702 53.664 53.689 53.669 53.672 53.587 53.549 53.519 53.492 53.467 53.447 53.394 53.399 53.402 53.359 53.317 53.277 53.202 53.197 53.202 53.169 53.129 53.132 53.109 53.112 53.102 53.064 53.032 52.974 52.914 52.919 52.917 52.879 52.897 52.929 52.964 52.969 52.987
54.257 54.259 54.282 54.294 54.319 54.262 54.274 54.272 54.217 54.182 54.182 54.117 54.037 54.037 54.009 53.972 53.919 53.874 53.924 53.952 53.929 53.922 53.917 53.864 53.852 53.822 53.772 53.749 53.742 53.709 53.684 53.649 53.612 53.547 53.529 53.522 53.524 53.484 53.392 53.359 53.344 53.292 53.262 53.227 53.184 53.164 53.164 53.122 53.064 52.982 52.922 52.919 52.907 52.887 52.852 52.817 52.799 52.814 52.804 52.787 52.729 52.689 52.634 52.632 52.637 52.577 52.607 52.607 52.634 52.657 52.704
54.304 54.304 54.327 54.327 54.307 54.279 54.287 54.282 54.214 54.192 54.159 54.109 54.022 54.019 53.987 53.944 53.869 53.829 53.907 53.887 53.892 53.869 53.849 53.819 53.799 53.742 53.697 53.669 53.667 53.599 53.544 53.534 53.489 53.409 53.352 53.379 53.329 53.289 53.177 53.159 53.139 53.079 53.052 53.017 52.942 52.922 52.922 52.829 52.779 52.692 52.639 52.634 52.612 52.589 52.557 52.524 52.497 52.474 52.472 52.434 52.387 52.309 52.302 52.292 52.302 52.267 52.294 52.327 52.334 52.349 52.382
54.332 54.329 54.349 54.349 54.324 54.299 54.302 54.277 54.214 54.197 54.112 54.064 53.997 54.014 53.947 53.932 53.814 53.772 53.877 53.867 53.849 53.847 53.819 53.789 53.699 53.687 53.607 53.562 53.547 53.489 53.427 53.387 53.359 53.229 53.214 53.189 53.142 53.077 52.974 52.977 52.899 52.862 52.824 52.767 52.699 52.679 52.644 52.597 52.554 52.404 52.374 52.362 52.324 52.282 52.252 52.234 52.177 52.144 52.114 52.079 52.009 51.964 51.984 51.992 51.937 51.904 51.947 51.977 52.012 52.017 52.067
54.354 54.359 54.322 54.322 54.307 54.302 54.284 54.242 54.227 54.167 54.082 54.014 54.032 54.002 53.924 53.887 53.782 53.742 53.807 53.809 53.784 53.762 53.727 53.687 53.627 53.547 53.522 53.464 53.412 53.354 53.277 53.229 53.179 53.069 53.064 53.024 52.949 52.884 52.782 52.794 52.714 52.657 52.587 52.524 52.472 52.459 52.452 52.379 52.309 52.162 52.104 52.069 52.039 51.989 51.959 51.934 51.882 51.847 51.834 51.769 51.719 51.664 51.684 51.684 51.649 51.634 51.652 51.667 51.682 51.684 51.679
54.364 54.332 54.329 54.339 54.292 54.279 54.289 54.249 54.227 54.142 54.082 54.012 53.997 53.992 53.884 53.809 53.707 53.709 53.732 53.714 53.704 53.654 53.642 53.574 53.534 53.439 53.367 53.339 53.257 53.207 53.117 53.084 53.044 52.899 52.854 52.837 52.774 52.694 52.587 52.592 52.517 52.457 52.364 52.302 52.279 52.242 52.237 52.137 52.074 51.939 51.867 51.864 51.802 51.744 51.724 51.699 51.652 51.592 51.579 51.527 51.464 51.402 51.414 51.429 51.387 51.392 51.414 51.412 51.387 51.367 51.367
54.354 54.327 54.354 54.337 54.302 54.317 54.277 54.197 54.164 54.119 54.052 54.012 53.952 53.869 53.797 53.737 53.619 53.612 53.614 53.634 53.597 53.534 53.507 53.462 53.389 53.302 53.212 53.182 53.129 53.044 52.989 52.922 52.862 52.727 52.697 52.637 52.594 52.482 52.399 52.382 52.297 52.222 52.144 52.104 52.082 52.067 52.024 51.949 51.829 51.719 51.689 51.644 51.619 51.562 51.512 51.497 51.439 51.399 51.374 51.334 51.262 51.207 51.172 51.202 51.159 51.184 51.182 51.179 51.147 51.154 51.137
54.389 54.389 54.344 54.322 54.297 54.289 54.237 54.179 54.099 54.049 54.012 53.922 53.834 53.774 53.714 53.622 53.519 53.489 53.497 53.507 53.467 53.412 53.382 53.309 53.234 53.162 53.069 53.022 52.972 52.894 52.819 52.774 52.669 52.529 52.492 52.444 52.374 52.254 52.192 52.144 52.077 51.997 51.927 51.874 51.852 51.849 51.784 51.692 51.599 51.514 51.489 51.444 51.414 51.382 51.322 51.312 51.284 51.222 51.197 51.154 51.049 50.997 50.994 50.989 50.942 50.952 50.942 50.954 50.959 50.977 50.949
54.389 54.362 54.357 54.342 54.297 54.267 54.214 54.167 54.097 53.979 53.944 53.844 53.749 53.649 53.604 53.514 53.399 53.377 53.374 53.369 53.354 53.272 53.227 53.162 53.067 52.957 52.912 52.867 52.794 52.714 52.622 52.552 52.437 52.349 52.277 52.232 52.152 52.034 51.939 51.887 51.844 51.737 51.689 51.634 51.634 51.609 51.544 51.462 51.344 51.307 51.257 51.239 51.234 51.189 51.147 51.129 51.107 51.067 51.012 50.962 50.862 50.817 50.789 50.787 50.747 50.754 50.747 50.739 50.732 50.737 50.714
54.429 54.389 54.357 54.329 54.257 54.217 54.172 54.119 54.087 53.924 53.822 53.744 53.659 53.549 53.462 53.389 53.272 53.237 53.254 53.249 53.222 53.144 53.069 53.029 52.917 52.784 52.727 52.714 52.599 52.492 52.419 52.347 52.222 52.157 52.074 52.004 51.924 51.784 51.714 51.657 51.609 51.529 51.477 51.434 51.394 51.372 51.309 51.242 51.127 51.064 51.037 51.004 50.999 50.972 50.924 50.894 50.882 50.872 50.829 50.757 50.654 50.617 50.602 50.587 50.557 50.559 50.544 50.527 50.547 50.507 50.477
54.434 54.389 54.367 54.307 54.274 54.202 54.144 54.042 53.989 53.922 53.734 53.572 53.564 53.459 53.354 53.259 53.144 53.122 53.127 53.087 53.047 52.984 52.902 52.832 52.712 52.604 52.552 52.509 52.389 52.284 52.192 52.124 52.022 51.919 51.852 51.772 51.667 51.544 51.517 51.447 51.394 51.322 51.249 51.207 51.167 51.139 51.082 51.007 50.894 50.854 50.812 50.784 50.772 50.739 50.704 50.667 50.664 50.634 50.574 50.522 50.454 50.409 50.384 50.349 50.352 50.379 50.369 50.352 50.359 50.329 50.294
54.399 54.324 54.284 54.269 54.189 54.162 54.084 54.009 53.907 53.787 53.687 53.499 53.422 53.309 53.237 53.127 52.979 52.977 52.952 52.929 52.892 52.804 52.727 52.649 52.509 52.407 52.317 52.284 52.147 52.084 51.984 51.882 51.737 51.684 51.607 51.549 51.449 51.307 51.299 51.219 51.139 51.082 51.014 50.977 50.959 50.909 50.854 50.772 50.659 50.612 50.569 50.557 50.554 50.509 50.499 50.454 50.417 50.412 50.357 50.324 50.262 50.197 50.189 50.154 50.172 50.162 50.169 50.154 50.139 50.134 50.099
54.304 54.254 54.232 54.224 54.132 54.072 54.022 53.952 53.814 53.662 53.564 53.384 53.257 53.174 53.089 52.974 52.859 52.827 52.827 52.774 52.712 52.657 52.542 52.449 52.327 52.192 52.124 52.084 51.962 51.857 51.784 51.642 51.519 51.444 51.379 51.284 51.202 51.082 51.047 50.959 50.889 50.872 50.777 50.732 50.714 50.667 50.624 50.547 50.437 50.374 50.342 50.334 50.309 50.262 50.242 50.209 50.179 50.147 50.132 50.099 50.024 49.974 49.974 49.942 49.969 49.954 49.944 49.969 49.959 49.919 49.907
54.249 54.229 54.199 54.164 54.089 54.014 53.939 53.849 53.722 53.589 53.419 53.239 53.109 53.037 52.937 52.817 52.717 52.692 52.659 52.617 52.537 52.469 52.357 52.277 52.137 52.012 51.937 51.872 51.749 51.649 51.572 51.424 51.279 51.217 51.152 51.077 50.942 50.847 50.822 50.757 50.669 50.612 50.559 50.469 50.417 50.379 50.369 50.309 50.202 50.147 50.099 50.067 50.047 49.989 49.964 49.957 49.929 49.894 49.889 49.827 49.762 49.764 49.749 49.719 49.774 49.727 49.722 49.734 49.744 49.744 49.719
