All_lidar/sz5988_DSM_2M.asc
ncols 500
nrows 500
xllcorner    459000
yllcorner    88000
cellsize     2
NODATA_value -9999
[rows 256 to 287 of 500, columns 213 to 283 of 500]
33.751 35.591 36.604 36.724 36.831 37.241 37.789 38.331 38.884 39.319 37.114 32.146 32.074 31.989 31.911 31.809 31.824 31.724 31.621 31.534 31.461 31.399 31.316 31.284 31.126 31.056 31.034 31.069 31.044 31.079 31.056 31.106 34.859 35.519 33.584 32.796 31.026 30.634 30.544 30.449 30.319 30.166 30.074 30.139 31.099 31.951 32.156 31.946 30.474 30.151 29.911 29.856 29.849 29.764 29.756 29.756 30.036 30.361 30.386 30.356 30.469 30.919 29.891 29.489 29.491 29.461 29.486 29.454 29.404 29.359 29.276
33.059 33.021 35.919 36.399 36.699 36.789 37.199 37.726 38.291 37.256 32.309 32.176 32.109 32.509 33.709 32.264 31.804 31.726 31.699 31.624 31.504 31.434 31.334 31.354 31.236 31.119 31.081 31.111 31.376 31.109 31.351 33.721 36.991 37.296 36.046 36.779 34.259 30.926 30.606 30.494 30.346 30.146 30.096 30.086 30.019 30.194 31.176 31.724 31.621 31.209 30.101 29.901 29.834 29.781 29.749 29.779 29.839 30.339 30.871 31.081 30.881 30.129 29.501 29.501 29.509 29.526 29.536 29.529 29.474 29.391 29.201
33.084 33.026 32.809 35.389 36.534 36.524 36.771 37.169 36.574 32.299 32.259 32.196 32.214 35.596 36.164 34.536 32.909 31.809 31.701 31.621 31.591 31.456 31.399 31.329 31.226 31.151 31.104 31.484 31.976 31.264 32.104 35.899 37.564 36.371 36.646 37.739 36.441 32.651 31.056 30.466 30.291 30.171 30.159 30.164 30.099 30.024 29.981 30.094 30.709 30.119 30.621 30.409 29.949 29.816 29.761 29.681 29.666 29.651 29.654 29.609 29.534 29.544 29.511 29.536 29.586 29.594 29.586 29.529 29.471 29.309 29.154
32.949 32.939 32.931 32.746 34.334 36.474 36.596 36.334 32.726 32.299 32.221 32.224 32.344 34.044 36.221 36.426 35.284 33.766 33.249 32.256 31.666 31.551 31.484 31.431 31.289 31.166 31.501 31.631 31.376 31.151 34.006 37.186 37.301 36.166 37.351 37.379 34.276 30.734 30.594 30.454 30.249 30.199 30.214 30.181 30.151 30.106 30.041 29.981 29.906 29.856 29.864 30.501 31.414 30.151 29.751 29.711 29.649 29.606 29.579 29.584 29.576 29.566 29.516 29.614 29.639 29.554 29.429 29.466 29.404 29.141 29.621
32.936 32.926 32.894 32.856 32.779 34.359 35.711 33.221 32.304 32.269 32.214 32.246 32.244 32.454 33.349 35.721 36.501 35.771 34.886 34.361 33.726 32.641 31.521 31.516 31.321 31.389 32.591 32.196 31.219 31.171 35.399 37.684 36.566 36.624 37.731 36.184 31.881 30.754 30.669 30.514 30.381 30.271 30.196 30.196 30.199 30.139 30.089 30.024 29.969 29.901 29.829 31.546 31.411 30.959 30.089 29.711 29.679 29.669 29.681 29.644 29.614 29.566 29.634 29.774 29.849 29.686 29.546 29.406 29.231 29.806 30.631
32.966 32.934 32.896 32.856 32.824 32.761 32.651 32.424 32.316 32.281 32.221 32.199 32.231 32.271 32.364 32.939 35.331 36.256 36.544 35.891 35.024 34.531 32.081 31.456 31.329 31.431 32.979 32.479 31.484 33.424 36.911 38.156 37.394 37.529 37.414 34.911 31.559 30.826 30.714 30.604 30.504 30.716 30.321 30.199 30.144 30.124 30.111 30.069 30.009 29.936 29.849 29.819 30.881 31.154 29.861 29.726 29.716 29.726 29.739 29.669 29.599 29.661 29.714 29.709 29.714 29.734 29.649 29.484 30.156 30.989 30.244
32.986 32.926 32.831 32.824 32.821 32.756 32.729 32.539 32.376 32.286 32.269 32.246 32.224 32.166 32.224 32.201 32.156 33.194 34.759 36.134 36.496 35.999 34.494 31.474 31.379 31.374 31.716 32.849 33.291 35.611 37.574 36.774 36.746 37.324 36.336 33.746 31.149 30.801 30.739 30.674 30.564 31.334 30.616 30.234 30.174 30.121 30.111 30.084 30.039 29.934 29.869 29.874 30.419 30.671 29.924 29.816 29.716 29.789 29.709 29.651 29.631 29.706 29.729 29.691 29.716 29.694 29.446 29.701 30.691 30.161 29.769
32.974 32.954 32.829 32.799 32.809 32.769 32.679 32.566 32.426 32.301 32.266 32.229 32.206 32.159 32.116 32.106 32.026 32.046 32.274 33.306 34.709 36.064 34.324 31.441 31.384 31.379 31.396 32.066 34.074 36.729 37.609 35.591 34.166 35.031 34.109 31.111 30.869 31.066 31.099 30.766 30.514 30.831 30.404 30.296 30.199 30.151 30.106 30.039 29.989 29.931 29.881 29.864 30.301 31.174 29.986 29.781 29.774 29.741 29.674 29.709 29.679 29.714 29.684 29.661 29.676 29.519 29.484 30.841 30.346 29.806 29.769
32.919 32.969 32.924 32.834 32.729 32.724 32.716 32.654 32.446 32.349 32.269 32.219 32.169 32.116 32.066 32.046 31.961 31.839 31.916 32.934 33.304 32.491 31.924 31.479 31.436 31.436 31.406 31.619 31.634 33.124 35.871 34.521 31.771 32.451 33.719 32.181 30.921 30.911 34.529 30.674 30.594 30.426 30.339 30.266 30.211 30.151 30.059 30.001 29.924 29.899 29.851 30.049 30.799 31.091 29.994 29.776 29.751 29.679 29.736 29.749 29.736 29.694 29.636 29.639 29.596 29.466 30.926 30.636 29.911 29.766 29.776
32.931 32.871 32.841 32.766 32.701 32.669 32.621 32.591 32.506 32.334 32.214 32.169 32.139 32.076 32.039 31.989 31.939 31.856 31.856 31.959 32.399 31.889 31.701 31.504 31.511 31.774 31.579 32.309 32.471 31.931 33.309 33.019 31.264 32.739 35.034 33.536 30.971 30.891 30.836 31.161 31.206 30.566 30.381 30.256 30.149 30.111 30.029 29.996 29.959 29.899 29.856 30.061 31.781 30.641 29.856 29.796 29.709 29.709 29.731 29.744 29.736 29.709 29.676 29.614 29.596 30.521 30.951 29.961 29.799 29.806 29.794
33.016 32.924 32.806 32.749 32.706 32.606 32.616 32.469 32.431 32.364 32.209 32.149 32.121 32.066 31.984 31.959 31.919 31.894 31.836 31.834 31.851 31.844 31.601 31.511 31.579 31.819 32.016 33.779 34.101 33.739 32.826 31.554 31.631 33.439 32.816 31.616 34.601 33.349 34.046 34.006 35.951 30.844 30.374 30.284 30.186 30.076 30.031 30.001 29.946 29.924 29.926 30.784 31.241 29.981 29.776 29.709 29.694 29.731 29.766 29.746 29.741 29.744 29.661 29.354 30.291 30.866 30.041 29.801 29.806 29.804 29.784
33.076 32.999 32.794 32.754 32.696 32.676 32.546 32.494 32.481 32.341 32.249 32.199 32.174 32.081 32.024 31.956 31.894 31.841 31.816 31.856 31.884 31.759 31.581 31.546 31.951 32.061 32.636 34.239 34.029 33.776 33.136 31.741 32.756 33.506 36.929 35.234 37.831 40.229 33.166 33.744 36.334 31.066 30.394 30.291 30.189 30.131 30.051 29.991 30.156 30.006 30.544 31.391 30.221 29.751 29.749 29.691 29.764 29.776 29.724 29.741 29.836 29.794 29.419 30.039 30.964 30.166 29.851 29.791 29.794 29.726 29.771
33.134 33.011 32.911 32.786 32.686 32.614 32.541 32.446 32.476 32.389 32.281 32.206 32.179 32.086 32.049 31.974 31.866 31.824 31.781 31.831 31.786 31.616 31.569 31.599 31.751 31.914 33.696 34.119 33.936 33.714 31.994 31.784 32.179 32.666 33.701 32.844 33.744 38.766 35.969 32.621 36.076 34.849 31.556 30.334 30.254 30.124 30.309 31.211 31.954 31.611 31.521 30.254 29.809 29.764 29.699 29.754 29.841 29.836 29.786 29.796 29.884 29.684 29.906 31.036 30.449 29.886 29.806 29.806 29.759 29.794 29.766
33.109 33.044 32.991 32.824 32.721 32.616 32.529 32.481 32.401 32.369 32.366 32.319 32.176 32.111 32.026 31.939 31.849 31.791 31.741 31.734 31.684 31.586 31.526 31.626 31.681 32.611 33.521 33.049 33.359 33.394 31.799 31.694 32.374 31.839 34.684 36.346 34.819 33.414 33.811 35.826 36.511 35.656 31.764 30.621 30.251 30.384 31.596 32.071 31.939 31.679 30.631 29.901 29.861 29.726 29.781 29.854 29.906 29.926 29.886 29.891 29.809 29.631 30.829 30.691 29.911 29.824 29.766 29.746 29.744 29.751 29.781
33.154 33.096 33.021 32.829 32.704 32.599 32.496 32.464 32.411 32.341 32.306 32.251 32.144 32.154 32.124 31.994 31.951 31.849 31.754 31.694 31.681 31.609 31.576 31.876 32.211 33.229 33.336 32.709 31.969 33.431 31.346 31.446 31.319 31.256 33.356 33.469 33.009 32.684 32.206 33.419 33.909 34.319 34.411 31.669 30.354 30.391 31.806 31.596 31.611 30.429 29.916 29.904 29.781 29.774 29.899 29.946 29.969 29.986 29.974 29.951 29.869 31.069 30.734 29.951 29.826 29.761 29.734 29.724 29.724 29.724 29.676
33.149 33.109 32.999 32.936 32.799 32.676 32.561 32.446 32.421 32.351 32.274 32.179 32.141 32.181 32.186 32.089 32.011 31.921 31.864 31.799 31.669 31.646 31.596 31.941 33.289 33.536 33.184 32.966 32.904 31.481 32.089 32.529 31.404 31.494 31.831 30.999 30.871 30.764 32.946 33.191 32.831 32.824 33.094 32.349 30.984 31.271 30.981 31.516 30.654 29.981 29.946 29.876 29.884 29.941 29.966 30.024 30.009 30.021 30.011 30.021 30.629 31.079 30.144 29.861 29.769 29.754 29.749 29.744 29.736 29.729 29.706
33.131 33.101 33.036 32.926 32.859 32.761 32.601 32.459 32.381 32.314 32.264 32.196 32.179 32.179 32.094 32.061 32.081 32.004 31.891 31.869 31.816 31.651 31.564 31.536 32.889 33.594 32.081 31.871 32.639 36.076 38.394 37.654 33.136 32.031 31.724 33.281 33.286 30.804 32.666 31.314 31.019 34.074 35.779 34.434 31.161 31.286 31.671 31.024 30.001 30.001 29.954 29.941 30.006 30.094 30.071 30.069 30.086 30.091 30.051 30.024 30.264 30.316 29.956 29.839 29.789 29.814 29.781 29.784 29.751 29.744 29.739
33.181 33.091 33.051 32.949 32.829 32.696 32.559 32.541 32.441 32.316 32.276 32.261 32.259 32.171 32.149 32.101 32.066 31.979 31.891 31.786 31.769 31.649 31.536 31.516 31.844 32.561 33.096 32.106 33.829 42.266 40.594 41.281 38.564 38.506 36.156 39.294 33.726 31.434 30.744 30.669 30.551 36.336 38.849 37.466 33.239 31.736 30.794 30.049 30.059 30.001 30.049 30.091 30.121 30.079 30.014 30.006 30.161 30.164 30.224 30.261 30.056 29.946 29.899 29.836 29.819 29.804 29.831 29.864 29.864 29.839 29.784
33.171 33.061 33.009 32.931 32.851 32.769 32.656 32.621 32.564 32.451 32.341 32.239 32.186 32.194 32.201 32.119 32.031 31.976 31.971 31.869 31.724 31.664 31.634 31.501 31.436 31.541 32.529 33.284 34.304 40.771 41.396 40.714 39.219 41.211 38.946 33.959 32.176 31.466 30.834 30.896 30.536 35.074 38.209 39.319 35.499 31.394 30.086 30.074 30.104 30.116 30.169 30.189 30.024 29.751 30.234 30.931 30.896 30.204 30.321 30.819 30.636 30.476 29.889 29.821 29.794 29.806 29.866 29.901 29.934 29.911 29.894
33.194 33.046 32.964 32.911 32.874 32.781 32.744 32.669 32.649 32.521 32.484 32.311 32.159 32.151 32.166 32.086 32.004 32.084 31.999 31.906 31.831 31.651 31.629 31.624 31.401 31.384 31.334 32.316 33.604 36.584 39.436 38.826 41.806 42.349 40.871 35.134 35.086 33.436 32.434 31.159 30.629 34.049 34.339 39.021 36.144 31.209 30.164 30.171 30.191 30.244 30.244 30.044 29.874 30.439 31.064 31.349 30.644 30.069 30.064 30.354 31.589 32.241 30.591 30.046 29.876 29.836 29.891 29.946 29.929 29.919 29.931
33.184 33.089 32.981 32.861 32.761 32.814 32.789 32.704 32.651 32.561 32.516 32.439 32.311 32.096 32.049 32.104 32.116 32.026 32.009 31.901 31.864 31.834 31.686 31.529 31.526 31.416 31.321 31.279 31.974 35.209 37.529 39.821 41.276 41.441 38.509 39.101 39.861 39.254 33.769 30.831 30.991 30.941 33.529 36.211 31.896 30.266 30.226 30.236 30.309 30.316 30.186 30.159 30.944 31.381 30.849 30.299 30.084 29.996 30.041 30.104 30.111 30.444 31.469 32.114 30.754 29.981 29.966 29.971 29.941 29.941 29.919
33.141 33.071 32.969 32.884 32.846 32.806 32.771 32.704 32.651 32.599 32.551 32.481 32.411 32.166 32.036 32.096 32.104 32.019 31.879 31.959 31.879 31.834 31.721 31.646 31.491 31.784 31.709 31.241 31.219 31.779 34.221 37.436 38.961 38.796 35.341 39.264 40.676 38.086 30.809 30.606 32.306 31.969 31.069 30.364 30.344 30.274 30.276 30.316 30.381 30.329 30.004 31.041 31.356 30.734 30.231 30.099 30.026 29.994 29.971 30.026 30.141 30.106 30.424 32.116 31.896 30.611 30.679 30.056 29.984 29.951 29.916
33.136 33.056 32.879 32.806 32.846 32.811 32.771 32.761 32.694 32.619 32.564 32.499 32.424 32.219 32.059 32.084 32.011 31.926 31.926 31.836 31.851 31.779 31.746 31.779 31.631 31.424 31.874 31.626 31.246 31.099 31.549 33.479 34.424 33.201 36.791 37.399 35.486 30.869 30.879 31.651 31.866 30.889 30.396 30.389 30.381 30.316 30.329 30.381 30.334 30.064 30.831 31.324 30.921 30.231 30.151 30.111 30.056 30.016 30.014 30.041 30.046 30.154 30.216 30.186 30.421 30.626 30.561 30.939 30.386 30.069 29.981
33.084 33.066 32.934 32.846 32.816 32.796 32.789 32.751 32.739 32.666 32.549 32.506 32.444 32.221 32.204 32.236 32.001 31.941 31.829 31.814 31.849 31.761 31.734 31.731 31.689 31.549 31.281 31.531 31.504 31.076 31.029 31.126 32.494 33.329 34.349 33.361 32.376 32.086 31.921 31.779 30.919 30.461 30.476 30.449 30.414 30.319 30.321 30.334 30.129 30.139 31.141 30.909 30.311 30.184 30.161 30.141 30.109 30.099 30.076 30.079 30.104 30.129 30.176 30.229 30.249 30.181 30.189 31.306 32.199 30.849 30.161
33.054 32.934 32.869 32.884 32.831 32.806 32.734 32.719 32.689 32.606 32.561 32.494 32.429 32.214 32.156 32.219 32.121 31.966 31.776 31.709 31.776 31.726 31.746 31.674 31.714 31.534 31.309 31.166 31.191 31.161 31.049 30.994 31.089 31.126 31.374 31.584 31.189 30.979 30.761 30.579 30.526 30.519 30.541 30.509 30.441 30.336 30.304 30.184 29.946 30.714 31.349 30.414 30.219 30.194 30.184 30.196 30.269 30.174 30.136 30.131 30.134 30.164 30.226 30.224 30.246 30.301 30.269 30.511 31.354 31.461 30.994
33.039 32.969 32.879 32.896 32.841 32.781 32.739 32.724 32.669 32.599 32.579 32.494 32.384 32.269 32.271 32.224 32.156 32.046 31.901 31.704 31.609 31.704 31.664 31.691 31.641 31.541 31.304 31.151 31.041 31.069 31.131 31.004 30.954 30.949 30.899 30.901 30.781 30.676 30.604 30.594 30.601 30.561 30.534 30.526 30.429 30.324 30.231 30.144 30.679 31.394 30.729 30.264 30.216 30.219 30.241 30.359 30.349 30.199 30.169 30.161 30.176 30.229 30.249 30.261 30.261 30.264 30.259 30.294 30.234 30.341 31.206
33.009 32.941 32.904 32.884 32.864 32.786 32.764 32.734 32.611 32.626 32.529 32.471 32.299 32.304 32.311 32.249 32.161 32.049 31.979 31.694 31.606 31.619 31.676 31.696 31.581 31.454 31.219 31.169 31.034 31.014 31.526 30.974 30.931 30.841 30.791 30.766 30.729 30.624 30.646 30.666 30.624 30.586 30.539 30.481 30.396 30.276 30.184 30.444 31.304 31.366 30.314 30.239 30.274 30.306 30.366 30.441 30.331 30.196 30.191 30.209 30.271 30.296 30.271 30.279 30.321 30.379 30.301 30.281 30.301 30.326 30.614
32.974 32.919 32.954 32.904 32.836 32.776 32.784 32.696 32.586 32.544 32.514 32.366 32.366 32.366 32.289 32.229 32.121 32.016 31.934 31.759 31.624 31.701 31.679 31.644 31.529 31.324 31.149 31.111 31.041 31.136 31.426 30.911 30.896 30.839 30.784 30.714 30.699 30.694 30.714 30.714 30.749 30.724 30.609 30.534 30.361 30.164 30.109 31.461 31.574 30.479 30.304 30.341 30.434 30.459 30.449 30.409 30.259 30.194 30.201 30.221 30.221 30.276 30.326 30.336 30.384 30.429 30.391 30.311 30.316 30.291 30.339
32.966 32.944 32.924 32.876 32.826 32.771 32.751 32.651 32.599 32.554 32.471 32.354 32.311 32.314 32.249 32.199 32.124 32.029 31.916 31.719 31.644 31.784 31.776 31.574 31.399 31.301 31.231 31.149 31.169 31.766 31.381 30.919 30.909 30.869 30.886 30.781 30.744 30.771 30.756 30.781 30.816 30.794 30.679 30.471 30.124 30.594 31.474 31.461 30.586 30.344 30.364 30.469 30.536 30.519 30.446 30.309 30.221 30.251 30.251 30.246 30.261 30.271 30.301 30.349 30.411 30.449 30.386 30.319 30.331 30.341 30.324
32.979 32.961 32.941 32.889 32.844 32.811 32.761 32.631 32.544 32.496 32.389 32.334 32.346 32.319 32.216 32.159 32.061 32.011 31.911 31.786 31.716 31.714 31.664 31.509 31.359 31.376 31.309 31.211 31.724 32.119 31.041 30.904 30.906 30.856 30.869 30.851 30.819 30.789 30.786 30.831 30.829 30.811 30.541 30.211 30.446 31.509 31.554 30.734 30.461 30.399 30.491 30.591 30.586 30.536 30.366 30.279 30.281 30.291 30.301 30.301 30.314 30.304 30.286 30.286 30.306 30.436 30.429 30.381 30.346 30.364 30.376
33.019 32.986 32.909 32.891 32.766 32.794 32.709 32.576 32.531 32.461 32.371 32.386 32.336 32.259 32.201 32.124 32.056 31.926 31.846 31.781 31.786 31.751 31.584 31.459 31.434 31.429 31.339 31.409 32.141 31.614 30.834 30.881 30.859 30.896 30.894 30.854 30.836 30.806 30.869 30.926 30.834 30.686 30.239 30.754 31.809 31.596 30.789 30.501 30.476 30.516 30.646 30.624 30.596 30.429 30.319 30.354 30.386 30.334 30.334 30.326 30.331 30.354 30.321 30.289 30.291 30.329 30.409 30.484 30.444 30.384 30.384
33.011 32.929 32.934 32.874 32.821 32.784 32.686 32.599 32.526 32.421 32.349 32.384 32.356 32.271 32.161 32.109 32.016 31.881 31.759 31.796 31.794 31.661 31.496 31.436 31.459 31.414 31.336 31.944 32.084 30.921 30.824 30.874 30.866 30.934 30.901 30.851 30.849 30.876 30.909 30.891 30.619 30.454 31.461 31.831 31.499 30.779 30.579 30.539 30.591 30.689 30.714 30.681 30.561 30.409 30.429 30.489 30.464 30.431 30.466 30.461 30.424 30.381 30.334 30.314 30.304 30.291 30.336 30.389 30.464 30.406 30.389
