All_lidar/sz5991_DSM_2M.asc
ncols 500
nrows 500
xllcorner    459000
yllcorner    91000
cellsize     2
NODATA_value -9999
[rows 128 to 159 of 500, columns 360 to 431 of 500]
22.256 21.911 24.319 28.054 27.899 26.006 22.291 22.894 22.636 22.684 22.779 22.731 22.689 22.726 22.749 22.859 23.664 23.191 23.914 25.041 25.909 27.036 29.941 29.849 29.739 29.144 25.389 23.854 24.281 23.979 24.071 24.171 24.216 24.256 24.244 24.261 24.764 25.891 25.311 26.381 30.764 28.911 25.479 24.896 25.086 25.211 25.979 25.596 25.236 25.316 25.594 26.059 25.461 25.539 25.636 25.799 25.909 26.124 26.966 32.056 35.266 35.156 35.874 35.429 34.791 30.399 26.464 26.506 26.641 28.984 30.059 29.566
22.486 22.156 22.211 23.581 26.046 24.054 22.644 22.591 22.994 22.776 22.776 22.729 23.134 23.861 22.871 23.621 24.356 24.059 24.659 28.529 30.154 29.201 24.576 28.819 29.819 26.511 24.039 24.316 24.069 24.114 24.226 24.284 24.319 24.341 24.324 24.536 26.099 26.306 25.861 30.274 31.129 31.059 29.166 25.171 25.496 27.201 26.084 25.569 25.251 25.324 26.899 26.694 26.116 25.594 25.751 25.941 26.104 26.209 29.776 34.834 36.051 36.494 36.504 35.894 34.229 27.229 26.551 26.636 27.971 30.456 29.659 28.769
22.996 23.841 22.879 23.024 23.036 23.111 24.996 24.466 23.109 22.911 22.811 22.944 24.371 24.391 23.141 23.319 23.679 24.669 28.041 29.924 30.026 30.121 29.024 24.679 26.394 24.316 24.529 24.916 24.206 24.279 24.346 24.369 24.381 24.396 24.444 25.681 25.316 26.146 29.116 30.886 31.014 31.109 31.099 27.881 25.269 26.084 27.129 25.641 25.406 25.586 26.061 25.704 26.014 25.779 26.109 26.144 26.284 26.579 32.911 35.336 36.219 36.911 36.394 35.529 32.786 26.511 26.661 26.806 28.374 28.764 29.171 28.664
22.281 22.984 22.616 23.721 22.884 22.914 23.939 23.959 23.556 22.844 22.839 23.359 24.399 23.571 23.589 24.094 23.681 26.979 29.736 29.841 29.926 29.986 30.016 26.524 24.009 24.471 24.309 24.309 24.384 24.431 24.439 24.459 24.479 24.511 24.854 27.249 25.364 29.759 30.691 30.756 30.864 31.001 31.059 26.836 26.711 26.041 25.826 25.569 25.554 25.609 25.609 25.631 25.751 26.004 26.206 26.346 26.409 27.861 34.861 35.814 36.646 36.751 35.971 34.959 28.746 26.654 27.371 29.806 28.766 28.556 29.126 29.911
22.309 22.414 22.604 22.754 22.959 23.376 23.044 23.441 22.889 22.884 23.139 23.174 23.466 24.636 24.854 25.474 26.829 29.626 29.996 29.876 29.814 29.794 26.629 24.339 24.239 24.289 24.366 24.444 24.511 24.534 24.544 24.564 24.539 24.751 24.996 25.504 28.954 31.044 30.816 30.671 30.736 30.451 27.116 26.021 28.791 27.176 25.641 25.651 25.679 25.701 26.386 28.021 26.326 26.249 26.416 26.501 26.494 26.491 31.661 35.714 36.741 36.339 35.524 32.774 26.791 26.891 28.519 32.416 28.879 28.741 28.881 29.711
22.426 22.456 22.536 22.716 22.939 23.134 23.004 22.946 22.929 23.081 23.759 23.286 23.861 24.604 26.234 27.131 29.951 30.229 30.144 30.001 29.899 27.381 24.511 24.269 24.361 24.426 24.474 24.531 24.586 24.626 24.641 24.669 25.431 25.149 25.036 28.126 31.021 31.286 31.074 30.849 30.439 26.871 25.226 25.929 26.306 25.914 25.751 25.756 25.766 25.779 27.249 27.879 27.649 27.119 26.769 26.559 26.536 26.879 31.249 35.466 36.129 35.936 35.136 26.924 27.044 27.794 30.434 29.361 28.956 29.011 28.661 28.606
22.506 22.601 22.591 22.644 22.749 22.844 22.884 22.936 22.981 23.124 23.254 23.461 23.766 24.226 26.126 29.706 30.026 30.136 30.196 30.134 28.421 24.474 24.534 25.879 24.611 24.571 24.639 24.636 24.686 24.721 24.751 25.406 25.976 26.336 28.324 31.181 31.444 31.459 31.311 31.096 28.899 26.114 26.801 26.876 26.449 26.029 25.881 25.886 25.894 26.269 26.519 27.779 28.299 28.721 27.166 26.774 26.601 26.564 28.066 34.196 35.339 35.446 30.926 27.166 27.414 30.511 31.539 29.664 28.909 29.031 29.254 29.116
22.434 22.614 22.689 22.784 22.829 22.864 22.919 23.006 23.101 23.241 23.494 23.684 23.854 25.124 29.146 29.841 29.879 30.004 30.114 29.409 24.289 24.286 24.441 24.591 24.611 24.681 24.719 24.796 24.831 24.856 24.919 25.414 25.141 27.611 30.666 31.224 31.336 31.456 31.509 29.054 25.061 27.051 27.649 27.354 26.346 26.434 26.006 26.006 26.554 27.191 26.466 27.896 27.604 27.854 28.229 26.934 26.719 26.686 26.751 26.809 29.321 31.924 28.024 27.236 28.386 30.651 29.236 28.904 28.854 29.804 31.316 31.611
22.564 22.539 22.719 22.851 22.924 22.991 23.004 23.074 23.171 23.456 23.979 23.776 24.649 29.116 30.026 29.891 29.839 29.874 29.654 25.289 24.734 24.664 24.566 24.636 24.709 24.776 24.846 24.914 24.959 24.989 25.116 25.336 26.219 29.959 31.191 31.136 31.204 31.309 29.846 25.581 25.571 26.991 27.894 26.281 26.899 26.681 26.074 26.669 27.066 27.454 27.096 27.529 27.681 27.186 27.831 27.596 26.871 26.819 26.869 26.924 26.941 26.874 27.161 27.614 29.644 30.289 29.256 29.771 28.939 29.769 30.186 32.421
24.019 22.741 23.086 23.536 23.029 23.104 23.104 23.154 23.281 23.489 24.026 23.794 24.011 28.654 30.126 30.021 29.891 29.509 25.984 24.586 24.551 24.719 24.644 24.731 24.776 24.849 24.946 24.999 25.071 25.161 25.174 25.186 28.809 31.386 31.299 31.199 31.151 29.964 26.174 25.504 26.141 26.809 26.231 26.174 26.454 26.214 26.389 27.836 28.649 27.231 27.536 28.079 27.456 28.334 29.724 30.054 27.804 27.084 26.999 27.089 27.156 27.234 27.366 28.439 29.646 29.446 31.229 31.529 30.071 30.336 29.911 34.389
24.646 25.769 23.076 23.329 23.266 23.171 23.256 23.289 23.381 23.516 23.919 23.874 24.346 24.144 27.186 29.996 29.561 25.929 24.481 25.019 24.556 24.676 24.791 24.841 24.881 24.954 25.014 25.094 25.206 25.309 26.049 29.374 27.649 28.786 31.464 31.301 30.569 26.629 25.449 25.674 26.959 27.099 26.704 26.681 26.201 26.244 27.544 27.309 27.201 27.196 27.244 29.799 29.036 31.091 31.119 32.809 32.039 27.949 27.286 27.246 27.314 27.396 27.681 28.744 29.214 29.339 31.261 31.564 31.539 31.934 31.324 30.699
26.939 28.206 26.924 23.709 23.534 23.791 23.354 23.439 23.479 23.551 23.739 24.551 24.979 23.986 24.376 27.414 27.519 24.224 24.366 24.606 24.606 24.799 24.884 24.916 24.991 25.076 25.134 25.226 25.359 25.596 29.626 31.599 31.146 27.469 28.801 31.164 26.721 25.694 26.086 26.321 26.691 26.494 27.071 26.354 26.279 27.031 27.909 27.699 27.421 27.356 27.581 27.841 31.649 32.646 32.951 33.426 32.996 31.859 28.089 27.434 27.486 27.606 28.916 28.656 28.689 28.926 29.711 31.264 32.311 34.341 34.584 31.646
28.249 28.801 28.649 27.351 24.654 23.551 23.251 23.461 23.599 23.654 23.766 24.046 24.031 24.081 24.134 24.391 24.311 24.329 24.661 24.569 24.764 24.874 24.914 24.974 25.051 25.116 25.241 25.384 25.419 28.816 31.344 31.451 31.569 31.671 27.741 25.549 25.681 25.929 26.246 26.564 26.386 26.836 26.306 26.324 26.906 26.894 27.254 27.189 27.721 27.639 31.236 30.721 29.936 32.021 33.246 32.974 33.509 32.641 29.934 27.709 27.691 28.734 29.834 29.474 29.219 28.884 28.971 32.206 34.471 34.864 34.556 34.556
28.764 28.486 28.776 28.574 25.714 23.589 23.326 23.529 24.311 23.746 23.816 23.871 24.081 24.284 24.796 24.196 24.326 24.439 24.516 24.689 24.831 24.906 24.971 25.041 25.101 25.309 25.476 25.446 28.329 31.151 31.356 31.326 31.451 31.506 27.971 25.649 25.941 27.339 27.279 26.414 26.979 26.646 26.369 27.254 27.464 27.279 27.224 27.324 27.614 29.046 32.354 32.819 32.086 30.416 32.534 33.269 33.044 29.544 28.971 27.959 28.621 28.906 29.049 30.191 31.096 29.536 29.591 31.004 33.934 34.509 34.766 34.686
28.091 28.464 28.736 26.929 23.391 24.051 24.404 23.661 25.164 24.719 23.889 23.969 24.036 24.191 24.209 24.934 24.304 24.451 24.604 24.731 24.871 24.966 25.054 25.116 25.416 25.541 25.426 27.669 31.644 31.576 31.459 31.351 31.361 28.804 25.639 25.834 26.566 26.664 26.664 26.424 26.576 26.416 27.179 28.576 27.584 28.864 28.446 27.211 28.976 30.069 31.114 33.129 33.399 31.559 29.654 30.571 28.246 27.966 28.214 28.124 28.434 28.846 28.596 29.621 32.079 33.041 34.241 31.971 32.589 34.539 34.424 32.814
26.506 28.151 27.171 23.199 23.731 24.581 28.169 26.379 24.424 24.099 23.881 24.034 24.136 24.214 24.729 24.816 24.754 24.744 24.801 24.776 24.961 25.064 25.126 25.186 25.339 25.506 26.451 31.136 31.686 31.671 31.586 31.491 29.726 25.716 26.651 26.376 27.161 26.756 26.959 27.034 26.444 26.531 28.361 28.886 28.496 28.286 27.791 28.611 27.676 29.294 32.756 33.601 33.079 33.331 31.704 27.614 27.521 28.371 28.711 28.404 28.466 28.529 28.841 30.944 33.901 35.064 35.071 34.354 31.229 31.524 32.199 30.069
25.991 25.871 26.474 24.039 26.119 27.569 29.349 29.219 26.174 24.554 25.459 25.736 24.201 24.311 24.461 24.529 25.104 25.339 25.079 24.944 24.999 25.106 25.196 25.361 25.576 26.269 30.159 31.476 31.574 31.669 31.704 30.516 25.919 25.986 26.571 26.596 26.491 26.449 26.476 26.484 26.769 28.594 27.859 28.761 29.041 29.201 30.531 31.161 30.831 28.991 32.234 33.036 33.494 32.789 29.359 27.889 27.986 28.206 28.364 28.771 29.824 29.661 28.809 32.086 34.911 35.206 34.764 35.034 34.456 29.581 30.001 29.976
25.566 25.769 25.114 26.184 27.391 29.124 29.434 29.886 29.276 26.044 29.289 27.351 24.194 24.386 24.499 24.549 24.726 25.376 25.464 25.421 25.179 25.164 25.324 25.509 25.754 29.424 31.339 31.351 31.429 31.551 31.369 26.496 25.961 26.034 26.709 26.989 26.446 26.429 26.446 26.449 27.091 28.294 27.604 27.669 27.906 30.091 32.621 32.714 33.289 31.951 29.146 32.429 32.644 29.301 27.951 28.119 28.209 28.219 28.339 28.684 29.386 29.641 30.149 29.651 33.881 34.631 35.186 34.251 31.169 29.996 30.009 30.006
25.219 24.951 24.614 26.546 27.386 29.291 29.791 29.051 27.874 24.909 29.926 25.336 24.461 25.091 24.679 24.671 24.754 24.881 25.521 26.314 25.994 25.221 25.389 25.519 29.354 31.581 31.446 31.376 31.366 30.726 26.411 25.746 26.636 26.506 26.581 26.521 26.461 26.476 26.686 27.644 26.861 27.249 27.526 28.349 27.806 30.554 32.836 33.479 33.321 33.014 32.039 28.021 29.044 27.926 28.354 28.361 28.379 28.479 28.506 28.956 29.221 29.616 29.376 30.079 31.214 34.019 34.496 31.859 30.149 30.019 30.094 30.366
24.059 25.311 23.941 24.906 26.089 28.296 29.281 28.166 25.366 24.914 26.664 27.551 25.064 24.901 25.191 24.869 24.826 24.871 25.059 26.239 25.446 26.429 25.441 25.544 26.794 31.221 31.571 31.491 31.101 28.749 25.871 26.076 26.814 27.859 26.586 26.451 26.476 26.611 27.859 27.869 27.291 27.316 29.901 33.556 30.176 29.199 31.006 33.159 32.959 33.711 33.044 29.229 27.939 27.979 28.179 28.524 28.489 28.764 28.881 28.786 29.124 29.476 30.589 29.869 30.336 31.819 31.939 30.179 30.021 30.084 30.156 30.406
25.166 24.531 23.724 23.934 26.469 28.789 27.981 25.441 24.864 24.946 28.871 29.919 28.766 26.189 24.886 25.191 24.861 24.984 25.076 25.211 26.624 25.799 25.484 25.604 25.744 26.739 31.036 31.604 27.851 26.181 27.486 26.621 26.729 26.541 26.766 26.491 26.541 27.006 27.989 27.781 27.229 30.229 32.934 33.756 34.224 33.129 29.594 31.024 33.259 33.191 29.286 27.959 28.354 28.521 28.261 28.484 28.679 28.834 28.929 29.289 29.311 29.594 30.289 29.966 30.879 30.564 30.206 30.086 30.129 30.159 30.349 30.521
25.306 25.671 24.361 24.089 25.159 26.391 25.419 24.769 24.731 28.261 29.946 30.159 30.206 28.974 25.601 24.736 25.394 25.429 25.111 25.236 25.299 25.419 25.561 25.791 26.469 25.686 25.639 27.966 25.846 25.811 26.384 27.169 26.556 27.329 27.029 26.544 26.864 27.314 27.421 28.206 27.514 31.809 33.236 33.556 34.526 34.479 32.639 28.379 30.764 30.504 27.914 28.861 28.429 28.526 28.591 28.534 28.749 29.159 29.451 30.161 31.806 29.689 30.164 29.971 30.059 30.144 30.079 30.141 30.231 30.356 30.626 30.721
24.651 24.511 24.669 23.721 24.539 25.396 28.046 24.484 25.976 29.136 30.286 29.861 29.719 27.549 24.606 24.814 25.071 25.309 25.384 25.324 25.346 25.446 25.561 25.734 25.821 25.804 25.751 25.756 26.411 26.406 27.231 26.629 26.519 26.844 26.531 27.024 27.481 27.644 27.571 27.606 28.341 29.119 34.051 34.696 33.886 34.534 34.074 29.624 28.044 27.699 27.641 28.834 29.266 28.759 28.956 28.741 28.779 29.009 29.286 32.996 32.339 30.091 29.896 30.064 30.149 30.089 30.151 30.239 30.394 30.719 30.779 30.909
26.476 24.444 23.866 25.011 26.599 29.074 30.166 25.814 27.046 27.126 28.624 29.889 28.001 24.551 24.871 28.164 27.779 25.326 25.761 26.196 25.461 25.504 25.601 25.761 25.899 25.959 25.904 25.966 26.154 27.676 27.654 26.504 26.491 26.541 26.736 27.231 27.346 27.449 27.531 27.891 27.751 28.471 32.239 34.324 34.619 33.869 34.519 32.241 28.961 28.104 28.231 28.676 28.316 29.359 29.299 29.166 29.101 29.091 29.609 30.191 30.176 30.011 30.069 30.109 30.104 30.164 30.256 30.536 32.456 32.169 31.011 31.519
25.046 23.911 23.586 26.324 28.876 30.686 29.576 25.254 26.181 27.051 27.226 27.579 25.121 24.759 27.401 31.494 30.851 27.864 25.534 26.241 25.851 25.569 25.726 25.776 25.899 26.039 26.146 26.244 26.384 26.511 26.504 26.479 26.546 26.591 26.861 27.249 27.426 27.734 27.796 27.851 27.941 28.036 28.431 30.679 33.856 34.564 31.196 30.159 28.406 28.564 28.474 28.169 27.561 27.819 29.414 29.361 30.601 29.261 29.601 30.036 30.111 30.121 30.179 30.156 30.181 30.269 30.341 30.741 33.241 33.304 32.984 31.859
23.399 23.321 23.484 26.581 29.391 29.396 25.526 24.374 25.176 27.004 27.029 25.256 25.536 26.669 30.144 31.131 31.609 30.991 28.081 25.579 25.404 25.584 25.734 25.854 25.901 26.044 26.161 26.271 26.371 26.449 26.454 26.499 26.591 27.101 26.869 27.046 27.364 27.604 27.661 28.024 27.846 27.959 28.231 28.881 28.844 31.764 28.516 28.764 29.179 28.859 29.639 28.834 28.506 28.171 29.176 30.446 29.796 30.026 29.754 29.849 30.164 30.231 30.196 30.159 30.271 30.396 30.524 30.664 31.424 32.761 33.189 32.716
23.724 23.731 24.014 25.349 24.729 23.876 24.311 24.439 24.281 25.091 26.941 26.749 27.179 28.584 30.501 30.669 31.081 31.424 29.111 26.339 25.711 25.609 25.714 25.869 25.994 26.084 26.144 26.241 26.349 26.436 26.461 26.514 26.581 26.759 27.071 27.336 27.264 27.506 27.631 27.746 27.896 28.231 28.156 28.221 29.144 28.304 28.304 28.726 29.224 29.186 29.904 28.846 28.819 29.336 30.006 31.001 31.094 31.491 30.869 29.969 30.076 30.226 30.206 30.301 30.414 30.681 30.664 30.761 30.914 31.519 32.234 33.436
23.399 23.776 24.541 24.546 23.481 23.731 24.776 24.049 24.106 24.789 26.476 26.109 28.071 30.306 30.396 30.481 30.576 28.779 26.174 26.144 26.586 26.784 25.811 25.831 26.001 26.134 26.216 26.309 26.351 26.434 27.396 26.886 26.714 26.849 26.971 28.364 27.719 27.436 27.679 27.769 28.106 28.599 29.351 28.551 28.496 28.976 29.921 29.179 29.064 29.281 29.696 29.066 29.094 29.126 30.054 30.346 30.796 30.499 30.591 31.004 30.234 30.231 30.296 30.379 30.659 30.879 30.874 31.076 32.751 31.916 31.931 32.169
23.436 23.801 23.269 23.339 23.409 23.734 23.981 23.994 24.079 25.321 27.159 25.244 27.801 29.484 30.044 30.429 29.776 26.134 26.054 27.274 30.516 30.649 27.246 26.244 26.011 26.146 26.244 26.326 26.399 26.661 27.169 27.194 27.259 27.226 27.694 29.179 29.306 27.754 27.651 27.786 27.919 28.066 28.344 28.956 28.504 29.129 30.854 29.681 29.156 29.844 32.339 30.666 29.454 29.476 30.161 30.344 30.344 30.306 30.614 30.726 30.269 30.279 30.411 30.601 31.756 30.954 31.041 33.364 34.546 33.816 32.479 32.059
24.149 23.894 23.239 23.359 23.629 23.821 23.924 24.031 24.681 27.951 25.479 24.906 25.711 26.584 27.836 29.149 25.309 25.999 27.314 30.589 31.194 32.021 31.101 28.149 26.381 26.119 26.276 26.381 26.444 26.494 26.876 27.196 27.021 27.521 27.859 29.409 28.116 27.624 27.656 27.829 28.971 28.456 28.541 28.904 28.994 29.921 33.711 34.759 30.341 30.219 31.989 31.929 30.084 30.101 30.091 30.591 30.421 30.314 30.316 30.249 30.286 30.379 30.586 30.841 31.201 32.424 32.236 33.216 35.184 34.604 32.439 32.281
24.301 23.479 24.459 24.504 24.291 23.926 23.901 24.079 25.986 25.686 24.709 24.871 26.061 26.744 27.716 26.194 26.219 27.749 30.089 31.604 31.324 31.369 31.774 28.014 26.206 26.499 26.319 26.404 26.454 26.519 26.801 27.561 27.354 27.366 28.271 28.534 27.636 28.091 27.871 27.924 28.126 28.764 29.634 28.814 29.471 31.464 35.451 36.239 35.189 31.381 29.896 30.521 30.199 30.399 30.414 30.901 30.644 30.289 30.269 31.206 32.761 32.546 31.026 31.066 31.264 31.286 34.174 34.939 33.159 35.481 33.999 32.756
26.446 24.769 25.071 25.206 23.811 23.984 24.961 25.121 25.604 24.584 24.784 26.324 26.196 27.704 26.734 26.814 27.391 28.261 28.699 30.974 31.626 31.676 29.694 26.741 26.741 26.884 26.356 26.469 27.536 27.696 28.324 27.866 27.229 28.299 27.961 28.146 27.839 29.224 28.434 28.094 28.411 28.496 28.959 29.256 30.819 34.901 36.516 37.394 36.514 35.104 30.444 29.809 29.839 30.616 30.369 30.724 30.391 30.261 30.539 34.799 38.681 38.579 33.999 31.261 31.366 31.284 31.936 33.076 35.301 34.844 33.491 34.096
