All_lidar/sz5989_DSM_2M.asc
ncols 500
nrows 500
xllcorner    459000
yllcorner    89000
cellsize     2
NODATA_value -9999
[rows 320 to 351 of 500, columns 288 to 359 of 500]
27.447 27.395 27.33 27.267 27.217 27.127 27.09 27.057 27.015 26.967 26.932 26.887 26.832 26.762 26.672 26.59 26.52 26.487 26.432 26.365 26.297 26.252 26.162 26.102 26.03 25.97 25.907 25.865 25.785 25.727 25.66 25.595 25.52 25.46 25.37 25.362 25.27 25.195 25.155 25.075 24.995 24.925 24.862 24.807 24.725 24.657 24.562 24.507 24.432 24.377 24.317 24.28 24.22 24.15 24.067 24.02 23.907 23.842 23.8 23.717 23.64 23.57 23.485 23.417 23.35 23.292 23.252 23.17 23.105 23.04 22.972 22.912
27.487 27.42 27.352 27.285 27.205 27.15 27.075 27.062 27.007 26.975 26.915 26.865 26.785 26.707 26.637 26.56 26.49 26.457 26.39 26.345 26.282 26.25 26.18 26.137 26.035 25.965 25.917 25.887 25.825 25.755 25.69 25.607 25.545 25.46 25.375 25.335 25.297 25.202 25.16 25.077 25.002 24.957 24.897 24.835 24.755 24.672 24.615 24.53 24.465 24.39 24.322 24.27 24.205 24.127 24.042 23.985 23.912 23.86 23.775 23.735 23.677 23.585 23.53 23.447 23.395 23.332 23.317 23.232 23.162 23.062 22.98 22.942
27.53 27.457 27.39 27.33 27.245 27.202 27.14 27.077 27.035 26.982 26.927 26.862 26.79 26.707 26.63 26.56 26.495 26.442 26.37 26.33 26.267 26.21 26.167 26.102 26.027 25.967 25.902 25.882 25.835 25.742 25.662 25.605 25.547 25.457 25.395 25.335 25.28 25.22 25.155 25.09 25.012 24.947 24.855 24.827 24.742 24.66 24.577 24.51 24.475 24.422 24.36 24.282 24.205 24.17 24.065 24.002 23.922 23.88 23.777 23.732 23.652 23.572 23.492 23.41 23.37 23.325 23.267 23.227 23.16 23.082 23.002 22.972
27.547 27.502 27.43 27.387 27.335 27.247 27.195 27.135 27.105 27.027 26.98 26.922 26.87 26.767 26.692 26.602 26.557 26.492 26.432 26.332 26.275 26.215 26.145 26.087 26.025 25.965 25.89 25.837 25.78 25.722 25.647 25.582 25.527 25.445 25.385 25.322 25.27 25.202 25.147 25.065 25.015 24.95 24.907 24.802 24.732 24.667 24.592 24.527 24.472 24.41 24.34 24.272 24.215 24.132 24.062 23.98 23.917 23.867 23.782 23.72 23.67 23.605 23.52 23.465 23.417 23.34 23.292 23.247 23.17 23.072 23.015 22.917
27.57 27.487 27.445 27.39 27.332 27.3 27.222 27.167 27.13 27.08 27.022 26.98 26.932 26.852 26.77 26.682 26.617 26.552 26.505 26.417 26.332 26.257 26.2 26.135 26.045 26.002 25.912 25.872 25.785 25.737 25.647 25.56 25.507 25.447 25.385 25.315 25.257 25.195 25.145 25.06 24.992 24.937 24.85 24.802 24.727 24.662 24.582 24.527 24.455 24.407 24.34 24.26 24.2 24.145 24.07 23.995 23.917 23.852 23.77 23.707 23.655 23.575 23.497 23.455 23.405 23.347 23.32 23.25 23.17 23.105 23.042 22.97
27.547 27.482 27.425 27.385 27.317 27.28 27.232 27.145 27.122 27.11 27.035 26.97 26.917 26.87 26.785 26.74 26.67 26.61 26.582 26.485 26.402 26.34 26.27 26.22 26.157 26.085 26.002 25.932 25.86 25.775 25.692 25.602 25.557 25.452 25.392 25.332 25.26 25.212 25.125 25.06 24.985 24.917 24.85 24.78 24.69 24.617 24.555 24.495 24.42 24.37 24.33 24.23 24.172 24.102 24.04 23.955 23.905 23.855 23.772 23.707 23.632 23.557 23.495 23.442 23.405 23.337 23.31 23.242 23.172 23.085 23.047 22.985
27.522 27.477 27.432 27.375 27.315 27.267 27.212 27.162 27.112 27.05 27.002 26.955 26.895 26.807 26.737 26.692 26.635 26.565 26.505 26.455 26.397 26.355 26.277 26.245 26.2 26.14 26.07 26.015 25.94 25.845 25.777 25.665 25.62 25.527 25.467 25.377 25.325 25.245 25.172 25.122 25.027 24.967 24.887 24.8 24.727 24.62 24.567 24.497 24.415 24.377 24.302 24.235 24.167 24.09 23.98 23.922 23.857 23.815 23.74 23.665 23.615 23.53 23.462 23.412 23.36 23.327 23.27 23.225 23.162 23.065 23.027 22.935
27.53 27.467 27.405 27.342 27.287 27.232 27.195 27.145 27.11 27.04 26.975 26.927 26.88 26.827 26.717 26.655 26.6 26.562 26.477 26.42 26.355 26.292 26.217 26.182 26.1 26.065 26.015 25.98 25.897 25.822 25.78 25.667 25.632 25.55 25.505 25.42 25.367 25.315 25.247 25.177 25.112 25.017 24.955 24.88 24.772 24.7 24.605 24.55 24.492 24.425 24.34 24.237 24.177 24.107 24.002 23.937 23.842 23.807 23.745 23.642 23.592 23.505 23.437 23.4 23.352 23.325 23.265 23.185 23.14 23.08 22.995 22.932
27.525 27.465 27.4 27.347 27.28 27.24 27.187 27.132 27.077 27.022 26.962 26.902 26.857 26.795 26.717 26.64 26.61 26.567 26.502 26.427 26.377 26.295 26.242 26.167 26.105 26.032 25.977 25.925 25.85 25.775 25.697 25.62 25.562 25.5 25.435 25.382 25.32 25.275 25.252 25.167 25.082 25.007 24.982 24.88 24.797 24.73 24.647 24.56 24.502 24.44 24.382 24.285 24.227 24.155 24.052 23.967 23.91 23.835 23.755 23.68 23.595 23.51 23.445 23.395 23.355 23.287 23.26 23.212 23.14 23.05 22.995 22.92
27.527 27.462 27.405 27.335 27.272 27.247 27.212 27.15 27.092 27.025 26.972 26.905 26.857 26.79 26.722 26.65 26.585 26.547 26.51 26.407 26.357 26.292 26.25 26.17 26.11 26.05 26.005 25.937 25.867 25.785 25.707 25.622 25.592 25.475 25.455 25.352 25.292 25.237 25.147 25.125 25.032 24.965 24.922 24.847 24.772 24.697 24.647 24.587 24.505 24.45 24.38 24.315 24.23 24.152 24.055 23.98 23.907 23.847 23.767 23.702 23.612 23.527 23.482 23.407 23.34 23.287 23.235 23.165 23.107 23.037 22.952 22.9
27.565 27.505 27.447 27.37 27.315 27.255 27.21 27.142 27.09 27.02 26.962 26.89 26.825 26.752 26.697 26.622 26.577 26.537 26.487 26.412 26.37 26.285 26.21 26.13 26.067 26.007 25.982 25.892 25.822 25.787 25.707 25.612 25.562 25.482 25.44 25.367 25.317 25.25 25.195 25.12 25.045 24.97 24.907 24.83 24.745 24.68 24.582 24.527 24.447 24.41 24.31 24.255 24.195 24.14 24.055 24 23.94 23.872 23.802 23.697 23.637 23.575 23.505 23.435 23.375 23.332 23.257 23.18 23.097 23.022 22.947 22.892
27.552 27.492 27.445 27.392 27.342 27.28 27.252 27.185 27.117 27.077 26.992 26.935 26.847 26.772 26.695 26.632 26.587 26.51 26.46 26.372 26.307 26.267 26.187 26.122 26.047 25.992 25.94 25.882 25.842 25.752 25.705 25.605 25.552 25.48 25.402 25.337 25.272 25.245 25.162 25.122 25.027 24.97 24.895 24.84 24.775 24.672 24.625 24.55 24.495 24.4 24.337 24.235 24.145 24.092 24.02 23.972 23.887 23.827 23.757 23.692 23.62 23.572 23.52 23.46 23.395 23.372 23.292 23.242 23.115 23.05 22.972 22.932
27.48 27.437 27.4 27.33 27.292 27.242 27.227 27.167 27.12 27.047 27 26.93 26.867 26.802 26.74 26.67 26.627 26.55 26.465 26.392 26.33 26.25 26.172 26.107 26.032 25.977 25.895 25.845 25.792 25.72 25.667 25.572 25.522 25.47 25.387 25.302 25.24 25.205 25.127 25.07 24.977 24.937 24.872 24.79 24.735 24.665 24.61 24.535 24.455 24.387 24.335 24.257 24.167 24.08 24.05 23.95 23.885 23.815 23.737 23.672 23.592 23.527 23.482 23.41 23.355 23.312 23.252 23.195 23.1 23.05 22.987 22.937
27.555 27.49 27.422 27.355 27.317 27.24 27.2 27.137 27.065 27.002 26.945 26.892 26.82 26.732 26.69 26.627 26.585 26.535 26.47 26.402 26.32 26.275 26.175 26.1 26.047 25.987 25.907 25.825 25.777 25.705 25.627 25.552 25.5 25.43 25.337 25.262 25.21 25.155 25.075 25.032 24.952 24.9 24.832 24.78 24.702 24.617 24.552 24.517 24.43 24.357 24.31 24.215 24.147 24.067 24.002 23.937 23.852 23.82 23.737 23.665 23.607 23.555 23.465 23.427 23.39 23.317 23.24 23.165 23.077 23.027 22.942 22.907
27.617 27.555 27.51 27.452 27.397 27.33 27.275 27.225 27.182 27.117 27.022 26.947 26.827 26.762 26.665 26.592 26.53 26.47 26.397 26.335 26.245 26.217 26.137 26.075 26.015 25.952 25.877 25.817 25.757 25.71 25.625 25.537 25.497 25.422 25.337 25.262 25.185 25.137 25.05 24.995 24.912 24.872 24.78 24.717 24.67 24.587 24.515 24.462 24.412 24.312 24.252 24.18 24.132 24.047 23.965 23.91 23.837 23.752 23.72 23.645 23.587 23.515 23.452 23.417 23.37 23.275 23.235 23.16 23.077 23.017 22.972 22.915
27.615 27.535 27.5 27.44 27.422 27.365 27.315 27.267 27.202 27.155 27.08 27.005 26.915 26.86 26.787 26.725 26.655 26.58 26.512 26.432 26.337 26.262 26.177 26.082 25.995 25.925 25.87 25.785 25.735 25.71 25.61 25.507 25.462 25.415 25.337 25.26 25.2 25.14 25.037 24.985 24.877 24.822 24.772 24.682 24.627 24.542 24.492 24.422 24.367 24.277 24.217 24.125 24.065 23.987 23.932 23.87 23.802 23.737 23.67 23.617 23.542 23.47 23.407 23.367 23.335 23.257 23.21 23.165 23.072 22.997 22.937 22.875
27.59 27.552 27.465 27.432 27.392 27.355 27.297 27.25 27.182 27.15 27.107 27.04 26.96 26.897 26.797 26.742 26.692 26.622 26.557 26.472 26.405 26.347 26.252 26.167 26.087 26.022 25.935 25.877 25.81 25.717 25.64 25.55 25.467 25.382 25.325 25.252 25.18 25.1 25.045 24.967 24.902 24.832 24.752 24.695 24.62 24.522 24.485 24.41 24.335 24.27 24.195 24.135 24.055 23.97 23.89 23.827 23.747 23.692 23.63 23.572 23.487 23.427 23.377 23.33 23.265 23.195 23.14 23.067 23.032 22.97 22.897 22.845
27.567 27.525 27.477 27.405 27.372 27.325 27.275 27.22 27.165 27.125 27.05 27.005 26.925 26.89 26.825 26.737 26.67 26.647 26.592 26.495 26.442 26.365 26.285 26.237 26.152 26.067 25.99 25.952 25.87 25.792 25.705 25.612 25.565 25.487 25.385 25.312 25.215 25.132 25.047 24.98 24.892 24.835 24.742 24.662 24.605 24.525 24.437 24.387 24.357 24.267 24.207 24.132 24.062 23.995 23.92 23.845 23.78 23.692 23.622 23.582 23.502 23.422 23.377 23.335 23.262 23.18 23.107 23.035 22.982 22.912 22.872 22.807
27.567 27.515 27.472 27.422 27.375 27.322 27.292 27.212 27.175 27.117 27.037 26.952 26.892 26.842 26.785 26.697 26.647 26.595 26.532 26.472 26.432 26.34 26.282 26.21 26.165 26.072 26.007 25.952 25.875 25.805 25.735 25.662 25.585 25.53 25.43 25.35 25.27 25.18 25.095 25.027 24.977 24.902 24.805 24.707 24.627 24.527 24.465 24.407 24.332 24.247 24.195 24.102 24.027 23.957 23.885 23.817 23.772 23.702 23.627 23.565 23.502 23.44 23.385 23.347 23.265 23.215 23.157 23.055 22.992 22.94 22.88 22.805
27.6 27.527 27.507 27.43 27.375 27.33 27.262 27.232 27.175 27.107 27.042 26.952 26.9 26.847 26.757 26.707 26.625 26.587 26.502 26.42 26.38 26.315 26.257 26.182 26.092 26.037 25.977 25.947 25.88 25.815 25.707 25.67 25.585 25.517 25.432 25.365 25.277 25.192 25.12 25.052 24.97 24.927 24.845 24.737 24.655 24.582 24.505 24.442 24.377 24.305 24.24 24.152 24.052 23.975 23.897 23.832 23.73 23.667 23.6 23.512 23.435 23.41 23.377 23.332 23.265 23.207 23.135 23.047 22.982 22.942 22.88 22.85
27.632 27.547 27.535 27.452 27.4 27.327 27.272 27.24 27.195 27.12 27.057 26.975 26.897 26.837 26.775 26.697 26.655 26.572 26.527 26.45 26.37 26.287 26.232 26.167 26.087 26.002 25.962 25.875 25.815 25.76 25.7 25.635 25.542 25.47 25.41 25.36 25.262 25.2 25.115 25.07 24.997 24.932 24.865 24.775 24.687 24.615 24.555 24.477 24.432 24.337 24.272 24.19 24.122 24.02 23.937 23.88 23.782 23.732 23.645 23.577 23.48 23.435 23.357 23.315 23.217 23.147 23.072 22.987 22.962 22.885 22.845 22.775
27.622 27.577 27.525 27.477 27.422 27.357 27.3 27.235 27.187 27.132 27.057 27 26.922 26.855 26.8 26.75 26.68 26.592 26.54 26.462 26.405 26.337 26.252 26.182 26.107 26.027 25.96 25.902 25.817 25.74 25.69 25.612 25.53 25.445 25.382 25.302 25.235 25.147 25.08 25.02 24.97 24.92 24.845 24.755 24.672 24.605 24.532 24.485 24.44 24.38 24.285 24.23 24.147 24.067 23.995 23.935 23.842 23.772 23.697 23.602 23.52 23.47 23.402 23.332 23.272 23.185 23.11 23.03 22.957 22.905 22.835 22.77
27.607 27.537 27.49 27.45 27.385 27.33 27.26 27.217 27.162 27.102 27.042 26.977 26.887 26.825 26.765 26.73 26.672 26.61 26.52 26.475 26.402 26.33 26.26 26.21 26.14 26.062 25.992 25.945 25.867 25.78 25.69 25.627 25.58 25.497 25.412 25.325 25.275 25.175 25.092 25.027 24.947 24.877 24.797 24.727 24.657 24.587 24.507 24.46 24.412 24.33 24.262 24.185 24.137 24.062 23.995 23.922 23.855 23.79 23.7 23.61 23.56 23.495 23.46 23.377 23.307 23.227 23.152 23.075 22.992 22.967 22.865 22.817
27.522 27.495 27.447 27.385 27.352 27.295 27.22 27.18 27.112 27.05 27.002 26.942 26.867 26.827 26.74 26.667 26.627 26.557 26.487 26.422 26.38 26.275 26.225 26.17 26.092 26.045 25.97 25.915 25.83 25.772 25.702 25.64 25.567 25.497 25.415 25.325 25.27 25.19 25.117 25.05 24.967 24.9 24.812 24.755 24.675 24.572 24.51 24.44 24.395 24.332 24.27 24.227 24.112 24.057 23.975 23.91 23.807 23.76 23.685 23.585 23.52 23.49 23.447 23.392 23.315 23.267 23.185 23.1 23.052 22.967 22.915 22.84
27.597 27.522 27.437 27.392 27.322 27.25 27.182 27.122 27.042 27.007 26.94 26.885 26.817 26.777 26.722 26.667 26.632 26.56 26.502 26.4 26.335 26.255 26.185 26.145 26.06 25.98 25.93 25.865 25.797 25.725 25.667 25.58 25.522 25.447 25.37 25.292 25.202 25.14 25.077 24.992 24.93 24.865 24.772 24.712 24.65 24.555 24.505 24.432 24.387 24.31 24.262 24.23 24.137 24.075 23.99 23.947 23.867 23.76 23.692 23.632 23.557 23.497 23.46 23.392 23.335 23.27 23.2 23.112 23.052 23.017 22.945 22.872
27.652 27.597 27.54 27.47 27.41 27.335 27.245 27.182 27.125 27.027 26.977 26.9 26.822 26.737 26.685 26.615 26.567 26.497 26.432 26.36 26.312 26.237 26.177 26.13 26.047 25.985 25.922 25.835 25.79 25.707 25.642 25.547 25.51 25.412 25.342 25.25 25.18 25.097 25.04 24.957 24.912 24.837 24.747 24.692 24.615 24.545 24.482 24.405 24.345 24.27 24.237 24.2 24.115 24.04 23.96 23.897 23.837 23.76 23.7 23.63 23.577 23.505 23.467 23.407 23.32 23.262 23.207 23.127 23.062 23.02 22.932 22.857
27.69 27.605 27.555 27.51 27.485 27.412 27.33 27.257 27.205 27.117 27.072 27.002 26.917 26.845 26.762 26.692 26.625 26.56 26.462 26.392 26.29 26.235 26.177 26.072 26.02 25.94 25.857 25.812 25.747 25.672 25.627 25.562 25.515 25.395 25.302 25.22 25.142 25.075 25.005 24.937 24.865 24.78 24.727 24.64 24.6 24.522 24.45 24.392 24.34 24.28 24.212 24.155 24.067 24 23.967 23.87 23.797 23.71 23.665 23.59 23.525 23.477 23.415 23.365 23.307 23.237 23.217 23.127 23.067 23.017 22.93 22.88
27.612 27.56 27.507 27.477 27.447 27.395 27.305 27.252 27.217 27.152 27.095 27.037 26.955 26.897 26.837 26.772 26.687 26.645 26.565 26.487 26.397 26.315 26.232 26.167 26.09 26 25.907 25.842 25.747 25.65 25.602 25.512 25.437 25.357 25.29 25.185 25.11 25.055 24.98 24.892 24.832 24.755 24.69 24.62 24.532 24.482 24.397 24.345 24.307 24.252 24.18 24.127 24.065 23.985 23.917 23.857 23.782 23.7 23.64 23.587 23.532 23.485 23.417 23.382 23.297 23.232 23.165 23.09 23.04 22.985 22.927 22.855
27.55 27.51 27.44 27.417 27.357 27.292 27.225 27.17 27.135 27.077 27.027 26.975 26.907 26.857 26.81 26.742 26.697 26.627 26.57 26.515 26.472 26.372 26.307 26.245 26.185 26.085 26.027 25.897 25.832 25.747 25.69 25.617 25.512 25.412 25.317 25.197 25.115 25.04 24.95 24.885 24.827 24.74 24.662 24.592 24.525 24.472 24.372 24.332 24.28 24.21 24.165 24.107 24.015 23.972 23.892 23.827 23.747 23.662 23.602 23.56 23.505 23.46 23.405 23.365 23.29 23.215 23.155 23.102 23.04 22.995 22.915 22.862
27.53 27.472 27.425 27.405 27.327 27.257 27.195 27.132 27.082 27.055 26.985 26.932 26.87 26.795 26.74 26.7 26.655 26.58 26.532 26.437 26.392 26.337 26.272 26.227 26.157 26.08 25.987 25.912 25.832 25.785 25.73 25.675 25.572 25.47 25.372 25.267 25.19 25.12 25.047 24.945 24.882 24.812 24.715 24.622 24.53 24.457 24.37 24.3 24.252 24.195 24.122 24.087 24.025 23.957 23.882 23.79 23.762 23.65 23.58 23.535 23.482 23.427 23.37 23.317 23.247 23.2 23.16 23.082 23.05 22.987 22.912 22.845
27.512 27.44 27.397 27.342 27.312 27.242 27.177 27.122 27.067 27.005 26.967 26.91 26.83 26.777 26.702 26.66 26.597 26.54 26.5 26.422 26.37 26.277 26.227 26.155 26.107 26.035 25.957 25.885 25.845 25.75 25.692 25.622 25.56 25.465 25.4 25.297 25.202 25.137 25.067 25.002 24.922 24.84 24.752 24.68 24.575 24.522 24.45 24.372 24.307 24.225 24.17 24.087 24.032 23.952 23.862 23.797 23.71 23.65 23.575 23.512 23.487 23.425 23.37 23.302 23.25 23.175 23.12 23.06 22.995 22.945 22.865 22.812
27.512 27.437 27.4 27.337 27.287 27.22 27.142 27.085 27.045 26.98 26.932 26.88 26.79 26.727 26.662 26.605 26.565 26.502 26.44 26.387 26.292 26.23 26.157 26.085 26.022 25.98 25.92 25.832 25.755 25.702 25.665 25.605 25.535 25.44 25.355 25.257 25.207 25.122 25.062 24.997 24.925 24.862 24.78 24.682 24.602 24.555 24.48 24.4 24.347 24.275 24.222 24.177 24.092 24.022 23.942 23.852 23.792 23.68 23.597 23.535 23.487 23.407 23.32 23.272 23.202 23.14 23.065 23.005 22.95 22.882 22.835 22.785
