All_lidar/sz5987_DSM_2M.asc
ncols 500
nrows 500
xllcorner    459000
yllcorner    87000
cellsize     2
NODATA_value -9999
[rows 416 to 447 of 500, columns 71 to 141 of 500]
115.103 115.086 115.058 115.036 114.978 114.931 114.906 114.851 114.828 114.768 114.698 114.636 114.573 114.491 114.426 114.373 114.278 114.188 114.108 113.986 113.878 113.808 113.718 113.613 113.508 113.393 113.256 113.128 112.998 112.886 112.711 112.548 112.341 112.208 112.083 111.968 111.831 111.666 111.528 111.383 111.271 111.098 110.961 110.811 110.693 110.593 110.546 110.423 110.331 110.318 110.691 110.623 110.771 110.111 109.443 109.338 109.118 108.931 108.736 108.638 108.551 111.323 111.673 108.858 109.188 109.451 108.811 108.073 107.126 106.216 105.921
115.298 115.283 115.288 115.276 115.211 115.191 115.148 115.096 115.051 115.021 114.948 114.898 114.838 114.738 114.666 114.603 114.503 114.378 114.303 114.206 114.103 113.998 113.891 113.816 113.728 113.593 113.483 113.361 113.223 113.123 112.951 112.878 112.713 112.553 112.381 112.206 112.103 112.013 111.853 111.716 111.581 111.453 111.303 111.153 111.028 110.918 110.783 110.693 110.621 110.511 110.471 110.653 110.936 110.593 109.953 109.678 109.381 109.638 109.111 109.103 109.013 108.956 110.631 110.056 109.061 109.166 109.691 109.368 108.793 107.581 106.496
115.503 115.508 115.513 115.468 115.458 115.441 115.386 115.343 115.306 115.253 115.166 115.136 115.078 114.971 114.886 114.831 114.738 114.641 114.543 114.451 114.336 114.246 114.116 114.013 113.908 113.841 113.698 113.576 113.466 113.363 113.261 113.123 112.988 112.866 112.711 112.558 112.373 112.308 112.221 112.088 111.901 111.803 111.636 111.516 111.403 111.258 111.096 110.991 110.873 110.778 110.706 110.638 110.678 111.198 111.276 110.411 110.063 109.693 109.433 109.441 109.193 109.348 110.018 109.693 109.568 109.418 109.591 109.853 110.013 108.811 108.251
115.688 115.676 115.701 115.661 115.663 115.648 115.588 115.573 115.523 115.493 115.413 115.363 115.286 115.168 115.103 115.031 114.956 114.858 114.728 114.671 114.588 114.486 114.398 114.251 114.148 114.043 113.938 113.826 113.736 113.643 113.531 113.403 113.286 113.168 113.021 112.981 112.751 112.546 112.433 112.371 112.258 112.098 111.971 111.831 111.713 111.571 111.448 111.291 111.156 111.071 110.958 110.918 110.838 110.876 110.916 110.826 110.716 110.383 109.956 109.643 109.483 109.411 109.483 109.778 109.921 109.883 109.676 109.773 110.553 109.991 109.751
115.876 115.883 115.876 115.881 115.881 115.871 115.828 115.791 115.753 115.718 115.631 115.576 115.496 115.413 115.316 115.231 115.163 115.078 114.976 114.903 114.823 114.726 114.621 114.493 114.408 114.293 114.193 114.073 113.971 113.881 113.796 113.653 113.553 113.441 113.316 113.233 113.118 112.993 112.741 112.601 112.503 112.416 112.328 112.173 112.076 111.916 111.751 111.703 111.498 111.358 111.271 111.176 111.148 111.033 110.986 111.018 111.058 111.558 111.531 110.041 110.168 110.161 109.758 109.691 109.976 110.098 110.076 110.078 110.858 111.188 111.371
116.078 116.068 116.073 116.053 116.043 116.046 116.041 116.011 115.963 115.898 115.833 115.781 115.711 115.626 115.516 115.438 115.358 115.278 115.218 115.156 115.038 114.968 114.866 114.788 114.678 114.571 114.461 114.308 114.203 114.138 114.013 113.913 113.806 113.718 113.606 113.506 113.393 113.271 113.156 112.943 112.791 112.701 112.616 112.558 112.406 112.263 112.128 112.021 111.868 111.713 111.576 111.468 111.391 111.303 111.256 111.188 111.161 111.141 111.048 110.736 111.056 111.043 110.671 110.113 109.878 110.058 110.201 110.258 110.138 112.231 112.643
116.213 116.223 116.226 116.233 116.226 116.216 116.183 116.178 116.128 116.091 116.046 115.978 115.913 115.823 115.748 115.661 115.591 115.516 115.471 115.366 115.283 115.226 115.128 115.048 114.963 114.881 114.726 114.606 114.503 114.376 114.278 114.191 114.071 113.981 113.876 113.773 113.656 113.548 113.438 113.321 113.203 112.996 112.871 112.761 112.731 112.571 112.461 112.381 112.198 112.053 111.908 111.763 111.691 111.598 111.498 111.443 111.383 111.323 111.341 111.308 111.566 111.558 111.421 110.998 110.613 110.118 110.196 110.368 110.418 110.736 111.631
116.383 116.378 116.378 116.388 116.388 116.411 116.401 116.391 116.346 116.298 116.251 116.186 116.111 116.066 115.976 115.901 115.836 115.748 115.688 115.618 115.548 115.468 115.373 115.323 115.233 115.131 115.036 114.906 114.808 114.663 114.573 114.458 114.371 114.258 114.161 114.051 113.926 113.831 113.713 113.591 113.526 113.383 113.186 113.073 112.956 112.868 112.786 112.606 112.598 112.388 112.228 112.091 111.963 111.906 111.806 111.716 111.636 111.556 111.503 111.511 111.583 111.618 111.633 111.358 111.241 110.726 110.303 110.328 110.563 110.498 111.133
116.561 116.563 116.563 116.546 116.568 116.561 116.563 116.546 116.531 116.503 116.448 116.378 116.323 116.281 116.211 116.161 116.053 115.996 115.926 115.871 115.798 115.726 115.653 115.556 115.466 115.393 115.291 115.201 115.088 114.983 114.881 114.736 114.603 114.503 114.401 114.318 114.211 114.126 114.011 113.921 113.808 113.691 113.591 113.466 113.291 113.141 113.093 112.958 112.856 112.678 112.526 112.436 112.336 112.238 112.088 111.981 111.898 111.841 111.806 111.686 111.661 111.686 111.588 111.088 111.491 111.596 110.888 110.536 110.483 110.731 110.633
116.726 116.706 116.696 116.693 116.703 116.731 116.721 116.711 116.688 116.668 116.623 116.583 116.526 116.478 116.423 116.341 116.258 116.196 116.136 116.076 116.023 115.953 115.881 115.828 115.733 115.641 115.581 115.493 115.361 115.263 115.158 115.013 114.906 114.776 114.651 114.558 114.476 114.376 114.288 114.181 114.081 113.976 113.856 113.781 113.683 113.538 113.366 113.221 113.151 113.038 112.886 112.766 112.643 112.503 112.383 112.261 112.188 112.113 112.048 111.991 111.883 111.828 111.773 111.693 111.916 112.026 111.893 111.383 110.893 110.718 110.786
116.861 116.863 116.873 116.871 116.876 116.863 116.868 116.846 116.841 116.831 116.806 116.761 116.726 116.661 116.598 116.543 116.473 116.426 116.386 116.326 116.263 116.203 116.133 116.056 115.976 115.896 115.838 115.731 115.616 115.526 115.421 115.293 115.196 115.063 114.968 114.816 114.731 114.653 114.568 114.443 114.336 114.268 114.173 114.071 113.948 113.883 113.701 113.561 113.456 113.308 113.271 113.123 112.931 112.811 112.748 112.598 112.488 112.403 112.363 112.278 112.158 112.111 111.998 111.978 112.253 112.406 112.433 112.218 111.786 111.178 110.888
117.021 117.016 117.026 117.031 117.038 117.038 117.041 117.043 117.026 117.016 116.988 116.941 116.906 116.861 116.808 116.753 116.691 116.653 116.613 116.561 116.491 116.436 116.358 116.318 116.221 116.151 116.068 116.008 115.903 115.798 115.706 115.611 115.478 115.376 115.276 115.148 115.003 114.898 114.808 114.721 114.626 114.528 114.443 114.371 114.233 114.133 114.066 113.986 113.918 113.636 113.503 113.406 113.283 113.148 113.048 112.976 112.816 112.706 112.631 112.528 112.481 112.443 112.336 112.191 112.163 112.423 112.626 112.531 112.196 112.041 111.443
117.163 117.181 117.161 117.188 117.183 117.178 117.196 117.201 117.191 117.176 117.156 117.123 117.081 117.068 117.006 116.963 116.908 116.853 116.803 116.781 116.703 116.658 116.596 116.553 116.463 116.421 116.353 116.253 116.133 116.063 115.991 115.856 115.738 115.658 115.568 115.461 115.333 115.206 115.093 114.961 114.878 114.793 114.718 114.621 114.561 114.466 114.373 114.228 114.158 113.973 113.846 113.668 113.573 113.526 113.378 113.261 113.161 113.068 112.953 112.821 112.748 112.656 112.538 112.458 112.371 112.348 112.476 112.666 112.518 112.566 112.208
117.306 117.343 117.321 117.338 117.343 117.343 117.366 117.363 117.383 117.363 117.338 117.308 117.283 117.263 117.211 117.156 117.123 117.066 117.008 116.993 116.948 116.891 116.836 116.793 116.718 116.671 116.606 116.518 116.406 116.323 116.261 116.138 116.033 115.971 115.876 115.733 115.628 115.508 115.361 115.208 115.111 115.038 114.981 114.916 114.853 114.753 114.633 114.531 114.401 114.286 114.156 114.063 113.918 113.793 113.696 113.556 113.491 113.396 113.276 113.143 113.026 112.913 112.871 112.761 112.711 112.593 112.548 112.668 112.778 112.928 112.588
117.468 117.488 117.486 117.501 117.513 117.516 117.518 117.533 117.518 117.536 117.506 117.518 117.463 117.436 117.418 117.388 117.306 117.296 117.261 117.231 117.141 117.116 117.078 117.023 116.983 116.928 116.861 116.773 116.688 116.616 116.513 116.431 116.313 116.213 116.116 116.023 115.936 115.786 115.676 115.533 115.406 115.276 115.211 115.146 115.098 114.993 114.908 114.816 114.708 114.586 114.526 114.393 114.261 114.098 113.983 113.873 113.793 113.713 113.656 113.478 113.378 113.276 113.141 113.046 112.943 112.886 112.821 112.743 112.763 112.966 112.766
117.631 117.646 117.653 117.641 117.673 117.676 117.696 117.713 117.703 117.706 117.688 117.681 117.658 117.628 117.596 117.551 117.506 117.483 117.448 117.388 117.346 117.318 117.268 117.238 117.196 117.143 117.088 117.016 116.931 116.831 116.768 116.686 116.583 116.471 116.373 116.286 116.153 116.051 115.961 115.833 115.711 115.596 115.498 115.393 115.331 115.238 115.161 115.063 114.978 114.858 114.771 114.681 114.571 114.413 114.246 114.183 114.113 113.998 113.956 113.833 113.676 113.573 113.448 113.341 113.186 113.166 113.111 113.046 112.941 112.991 113.096
117.771 117.783 117.791 117.803 117.803 117.823 117.861 117.851 117.856 117.891 117.851 117.866 117.833 117.791 117.758 117.748 117.736 117.681 117.633 117.606 117.533 117.518 117.488 117.436 117.396 117.366 117.301 117.248 117.141 117.083 117.021 116.936 116.856 116.733 116.633 116.551 116.438 116.356 116.243 116.118 115.998 115.893 115.766 115.663 115.583 115.483 115.423 115.321 115.223 115.138 115.048 114.966 114.851 114.758 114.698 114.451 114.356 114.261 114.258 114.093 114.016 113.823 113.791 113.621 113.521 113.451 113.411 113.323 113.256 113.173 113.163
117.936 117.933 117.966 117.978 117.971 117.996 118.028 118.038 118.058 118.071 118.071 118.063 118.033 118.001 117.961 117.936 117.906 117.876 117.848 117.836 117.761 117.741 117.706 117.671 117.638 117.608 117.566 117.511 117.438 117.323 117.271 117.198 117.088 116.976 116.878 116.783 116.693 116.593 116.493 116.381 116.278 116.176 116.066 115.963 115.851 115.713 115.636 115.576 115.486 115.406 115.323 115.228 115.128 115.026 114.913 114.818 114.666 114.573 114.476 114.438 114.288 114.248 114.126 113.978 113.838 113.751 113.668 113.578 113.548 113.456 113.403
118.091 118.121 118.131 118.141 118.143 118.186 118.218 118.223 118.231 118.238 118.236 118.231 118.206 118.188 118.176 118.141 118.098 118.066 118.046 118.006 117.961 117.933 117.913 117.881 117.858 117.831 117.786 117.718 117.643 117.551 117.483 117.418 117.316 117.223 117.143 117.051 116.958 116.853 116.726 116.643 116.533 116.433 116.333 116.241 116.141 116.018 115.916 115.833 115.726 115.678 115.581 115.483 115.413 115.301 115.241 115.141 115.083 114.906 114.733 114.723 114.621 114.521 114.488 114.263 114.263 114.103 113.963 113.856 113.791 113.761 113.691
118.226 118.268 118.316 118.288 118.333 118.346 118.353 118.391 118.416 118.418 118.393 118.406 118.401 118.383 118.348 118.343 118.311 118.261 118.243 118.211 118.186 118.151 118.131 118.103 118.078 118.033 118.003 117.956 117.883 117.796 117.716 117.641 117.576 117.466 117.393 117.291 117.213 117.111 117.001 116.883 116.786 116.696 116.596 116.481 116.413 116.321 116.208 116.123 115.993 115.916 115.826 115.736 115.653 115.561 115.476 115.406 115.376 115.373 115.158 115.006 114.888 114.828 114.743 114.578 114.513 114.433 114.311 114.173 114.071 113.961 113.948
118.393 118.421 118.446 118.473 118.478 118.508 118.538 118.566 118.583 118.593 118.598 118.601 118.576 118.563 118.551 118.543 118.503 118.483 118.428 118.416 118.396 118.358 118.351 118.313 118.306 118.263 118.221 118.146 118.103 118.026 117.921 117.868 117.808 117.706 117.616 117.538 117.453 117.358 117.243 117.153 117.053 116.963 116.878 116.768 116.676 116.568 116.513 116.403 116.281 116.168 116.071 116.003 115.936 115.841 115.761 115.671 115.603 115.546 115.488 115.363 115.193 115.103 115.053 114.941 114.826 114.746 114.631 114.558 114.456 114.311 114.193
118.538 118.578 118.606 118.621 118.656 118.673 118.683 118.703 118.713 118.746 118.766 118.763 118.738 118.748 118.718 118.733 118.691 118.653 118.631 118.606 118.591 118.553 118.568 118.521 118.546 118.488 118.451 118.378 118.328 118.266 118.188 118.101 118.023 117.951 117.838 117.776 117.701 117.626 117.486 117.391 117.316 117.208 117.123 117.041 116.948 116.853 116.758 116.673 116.556 116.443 116.331 116.231 116.181 116.118 116.043 115.956 115.883 115.816 115.728 115.666 115.571 115.411 115.286 115.268 115.181 115.123 115.058 114.916 114.836 114.733 114.531
118.678 118.741 118.766 118.801 118.833 118.831 118.836 118.866 118.893 118.908 118.941 118.928 118.946 118.923 118.918 118.918 118.898 118.871 118.851 118.813 118.783 118.768 118.751 118.733 118.733 118.693 118.661 118.598 118.546 118.491 118.403 118.341 118.258 118.186 118.098 118.026 117.941 117.858 117.743 117.636 117.551 117.461 117.401 117.313 117.241 117.146 117.063 116.933 116.843 116.736 116.636 116.498 116.421 116.353 116.303 116.241 116.163 116.088 115.993 115.933 115.881 115.793 115.683 115.523 115.426 115.406 115.328 115.231 115.103 115.006 115.008
118.836 118.861 118.906 118.921 118.956 118.981 119.011 119.033 119.056 119.088 119.106 119.111 119.101 119.101 119.096 119.086 119.066 119.046 119.023 119.008 119.006 118.976 118.956 118.971 118.943 118.923 118.898 118.831 118.773 118.708 118.621 118.556 118.498 118.418 118.338 118.261 118.173 118.106 118.008 117.891 117.791 117.726 117.636 117.586 117.511 117.401 117.318 117.233 117.143 117.018 116.923 116.818 116.713 116.653 116.566 116.501 116.466 116.388 116.308 116.246 116.173 116.111 116.028 115.928 115.748 115.676 115.648 115.538 115.428 115.346 115.243
118.968 118.991 119.023 119.058 119.093 119.123 119.143 119.188 119.186 119.196 119.256 119.251 119.261 119.258 119.238 119.268 119.243 119.223 119.203 119.191 119.186 119.153 119.148 119.156 119.148 119.136 119.091 119.043 119.016 118.943 118.888 118.808 118.753 118.666 118.573 118.508 118.431 118.361 118.263 118.161 118.048 117.976 117.926 117.851 117.781 117.658 117.581 117.503 117.428 117.321 117.211 117.128 117.036 116.918 116.838 116.781 116.721 116.681 116.596 116.551 116.468 116.391 116.311 116.291 116.138 115.991 115.886 115.856 115.788 115.683 115.578
119.071 119.123 119.148 119.183 119.223 119.253 119.273 119.298 119.351 119.378 119.411 119.401 119.413 119.438 119.446 119.443 119.426 119.401 119.396 119.388 119.356 119.348 119.343 119.361 119.336 119.308 119.328 119.283 119.233 119.151 119.103 119.036 118.966 118.886 118.823 118.753 118.703 118.608 118.516 118.416 118.333 118.258 118.168 118.103 118.028 117.958 117.863 117.768 117.703 117.598 117.511 117.416 117.323 117.236 117.136 117.051 116.991 116.926 116.881 116.821 116.741 116.683 116.618 116.548 116.501 116.383 116.251 116.143 116.073 115.976 115.886
119.186 119.208 119.273 119.301 119.333 119.358 119.411 119.443 119.448 119.486 119.526 119.561 119.551 119.583 119.588 119.631 119.626 119.606 119.588 119.561 119.556 119.546 119.546 119.553 119.553 119.543 119.536 119.513 119.456 119.403 119.338 119.268 119.226 119.151 119.083 119.023 118.933 118.863 118.758 118.673 118.606 118.533 118.453 118.388 118.303 118.218 118.153 118.076 118.001 117.916 117.826 117.716 117.631 117.548 117.456 117.386 117.306 117.228 117.166 117.116 117.063 116.996 116.926 116.876 116.798 116.726 116.608 116.501 116.378 116.291 116.211
119.278 119.316 119.356 119.428 119.468 119.468 119.523 119.553 119.596 119.636 119.648 119.696 119.691 119.718 119.736 119.743 119.753 119.766 119.763 119.753 119.721 119.738 119.743 119.743 119.746 119.731 119.746 119.713 119.661 119.621 119.568 119.498 119.456 119.391 119.311 119.248 119.163 119.123 119.041 118.956 118.871 118.821 118.738 118.648 118.606 118.526 118.463 118.371 118.311 118.226 118.141 118.048 117.943 117.871 117.806 117.733 117.616 117.533 117.438 117.383 117.368 117.281 117.246 117.186 117.101 117.008 116.931 116.868 116.741 116.581 116.483
119.396 119.451 119.496 119.533 119.586 119.608 119.653 119.678 119.746 119.783 119.791 119.843 119.886 119.898 119.896 119.918 119.953 119.941 119.951 119.948 119.961 119.948 119.943 119.956 119.951 119.941 119.946 119.943 119.916 119.841 119.791 119.733 119.671 119.626 119.556 119.491 119.416 119.368 119.321 119.213 119.141 119.096 119.021 118.931 118.881 118.816 118.743 118.663 118.606 118.543 118.448 118.371 118.293 118.193 118.123 118.046 117.966 117.863 117.758 117.678 117.646 117.613 117.568 117.511 117.438 117.351 117.253 117.208 117.108 116.933 116.796
119.503 119.556 119.603 119.656 119.718 119.726 119.781 119.828 119.876 119.921 119.931 119.998 120.018 120.046 120.081 120.098 120.103 120.131 120.143 120.143 120.148 120.156 120.138 120.171 120.173 120.173 120.173 120.138 120.153 120.086 120.046 119.971 119.918 119.856 119.823 119.768 119.693 119.638 119.583 119.486 119.403 119.351 119.328 119.238 119.168 119.118 119.056 118.976 118.898 118.836 118.748 118.696 118.621 118.516 118.426 118.346 118.248 118.183 118.088 118.026 117.956 117.871 117.823 117.798 117.756 117.651 117.593 117.503 117.398 117.321 117.171
119.593 119.646 119.726 119.766 119.831 119.843 119.903 119.948 119.998 120.046 120.076 120.126 120.158 120.201 120.241 120.241 120.273 120.286 120.293 120.311 120.328 120.328 120.331 120.331 120.358 120.363 120.363 120.366 120.361 120.301 120.253 120.201 120.153 120.116 120.061 120.003 119.951 119.903 119.828 119.758 119.676 119.626 119.581 119.523 119.466 119.421 119.331 119.256 119.188 119.128 119.046 118.976 118.923 118.813 118.716 118.656 118.573 118.463 118.416 118.328 118.283 118.218 118.113 118.101 118.038 117.958 117.903 117.798 117.718 117.628 117.513
119.721 119.786 119.846 119.893 119.928 119.991 120.038 120.091 120.133 120.191 120.211 120.278 120.326 120.356 120.378 120.413 120.443 120.471 120.471 120.491 120.508 120.516 120.526 120.533 120.553 120.568 120.558 120.558 120.526 120.498 120.458 120.408 120.358 120.331 120.303 120.253 120.196 120.133 120.076 120.016 119.961 119.886 119.841 119.778 119.721 119.661 119.596 119.533 119.461 119.426 119.341 119.268 119.206 119.148 119.046 118.958 118.876 118.801 118.763 118.646 118.606 118.513 118.446 118.363 118.343 118.256 118.196 118.106 118.048 117.948 117.863
