All_lidar/sz5992_DSM_2M.asc
ncols 500
nrows 500
xllcorner    459000
yllcorner    92000
cellsize     2
NODATA_value -9999
[rows 462 to 494 of 500, columns 365 to 437 of 500]
4.598 4.366 6.129 7.398 9.028 8.309 5.936 3.233 3.114 3.131 3.066 2.956 2.935 2.859 2.866 3.222 3.614 3.973 4.119 4.201 6.227 6.333 4.019 2.919 2.602 2.684 3.059 3.079 3.077 2.832 2.129 1.554 1.634 2.067 2.232 2.28 2.252 2.196 2.164 2.107 2.058 2.108 2.07 2.039 2.005 1.995 2.069 2.047 2.057 2.134 2.148 2.591 2.566 2.31 2.364 2.3 2.454 2.216 3.027 3.271 3.412 3.35 3.975 3.35 4.006 7.626 9.993 6.866 3.36 3.342 3.383 3.966 5.164
7.339 6.352 6.103 4.811 3.911 3.568 3.124 3.147 3.091 3.018 2.94 2.893 2.81 2.975 3.29 3.807 4.13 4.358 4.396 4.68 6.428 6.867 6.441 3.333 2.599 2.744 2.994 3.059 2.732 2.482 2.179 1.717 2.014 2.277 2.239 2.241 2.233 2.199 2.137 2.084 2.08 2.024 2.02 2.043 2.033 2.056 2.085 2.013 2.052 2.136 2.176 2.31 2.372 2.175 2.252 2.473 2.787 3.078 2.757 3.391 4.52 4.203 4.142 3.199 3.219 3.392 3.681 3.707 3.392 3.346 3.361 4.357 5.172
10.509 8.416 3.892 3.214 3.157 3.142 3.131 3.099 3.017 2.939 2.838 2.856 3.059 3.83 4.254 5.083 5.005 4.481 4.253 4.626 4.752 5.422 5.849 5.157 3.534 2.845 3.01 2.762 2.219 1.804 1.799 2.007 2.234 2.267 2.278 2.217 2.176 2.143 2.087 2.127 2.048 2.025 2.061 2.062 2 2.034 2.029 2.029 2.044 2.029 2.046 2.166 2.196 2.296 2.19 2.34 2.854 3.821 3.281 3.231 3.896 3.803 3.342 3.202 3.273 3.333 3.308 3.312 3.332 3.347 3.953 4.743 5.403
7.87 3.748 3.166 3.143 3.117 3.13 3.032 3.009 2.921 2.897 2.961 3.318 3.985 6.031 5.883 5.318 4.94 4.284 4.531 4.856 4.748 3.789 4.009 3.883 3.656 3.015 2.947 2.289 1.777 1.641 2.119 2.257 2.324 2.247 2.218 2.202 2.189 2.16 2.139 2.099 2.164 2.408 2.292 2.036 1.99 2.036 2.047 2.083 2.051 2.042 2.175 2.066 2.024 2.224 2.551 2.189 2.36 2.528 2.683 3.194 3.314 3.811 4.125 3.467 3.278 3.295 3.333 3.363 3.321 3.332 3.966 4.993 5.224
3.943 3.163 3.151 3.169 3.099 2.996 2.937 2.901 2.903 3.069 3.566 3.943 4.965 6.081 5.935 5.761 5.065 5.323 6.741 6.444 5.809 4.28 3.353 3.058 3.117 2.862 2.295 1.909 1.808 2.077 2.278 2.358 2.356 2.293 2.199 2.184 2.145 2.138 2.179 2.128 2.439 2.518 2.39 2.006 2.044 2.13 2.057 2.062 2.027 2.111 2.063 2.051 2.043 2.179 2.427 2.402 2.276 2.441 2.441 2.688 3.781 4.456 5.075 4.445 3.915 3.379 3.342 3.308 3.376 3.411 3.558 4.062 3.6
3.172 3.15 3.12 3.047 2.974 2.939 2.83 2.91 3.367 3.799 3.93 4.61 4.865 5.194 5.633 6.795 6.466 6.082 6.235 6.77 6.02 4.793 3.302 2.896 2.677 2.169 1.585 1.657 2.059 2.351 2.355 2.305 2.334 2.313 2.242 2.172 2.107 2.088 2.099 2.281 2.782 2.478 2.429 2.158 2.052 2.083 2.06 2.046 2.047 2.032 2.205 2.235 2.089 2.191 2.203 2.494 2.426 2.418 3.643 4.61 3.807 4.416 5.333 5.339 4.589 3.488 3.464 3.361 3.366 3.39 3.42 3.769 3.81
3.126 3.063 3.013 2.943 2.865 2.854 3.065 3.98 4.24 4.524 4.727 4.549 4.581 4.843 5.505 6.243 6.372 6.388 6.187 6.177 5.134 4.047 3.398 2.498 1.866 1.762 1.724 2.025 2.374 2.39 2.348 2.284 2.258 2.201 2.188 2.138 2.161 2.127 2.132 2.247 2.662 2.54 2.658 2.435 2.054 2.068 2.083 2.176 2.235 2.059 2.081 2.153 2.073 2.184 2.206 2.407 2.96 5.057 5.77 6.98 5.576 4.55 5.26 5.114 4.353 4.342 5.177 5.014 4.495 3.807 3.657 3.535 3.577
3.044 2.989 2.934 2.872 2.905 3.333 3.846 4.234 4.433 5.239 5.504 4.537 4.638 5.403 5.556 5.214 5.519 6.405 5.699 4.497 3.45 3.165 3.213 2.764 1.914 1.622 1.874 2.32 2.501 2.415 2.312 2.243 2.27 2.255 2.182 2.142 2.111 2.064 2.09 2.225 2.45 2.348 2.128 2.085 2.053 2.051 2.121 2.17 2.131 2.144 2.219 2.158 2.124 2.178 2.247 2.417 5.374 8.915 9.185 7.049 4.603 4.765 6.83 5.782 4.096 5.701 5.389 5.524 5.431 5.311 7.239 5.298 4.555
2.994 2.906 2.925 3.094 3.596 3.93 4.215 4.287 4.329 4.498 4.602 5.218 5.723 5.852 5.71 4.904 4.499 5.117 4.161 3.059 2.969 3.016 3.009 2.637 1.867 1.734 2.314 2.465 2.452 2.375 2.242 2.203 2.238 2.192 2.165 2.143 2.16 2.121 2.105 2.133 2.156 2.101 2.114 2.11 2.062 2.136 2.218 2.372 2.272 2.172 2.18 2.133 2.195 2.785 2.244 3.194 5.512 9.401 9.226 6.386 3.6 3.714 5.823 9.337 9.474 7.825 6.103 5.655 5.155 5.804 7.556 5.526 4.851
2.922 2.995 3.333 3.934 4.118 4.324 4.196 4.272 4.336 4.685 5.74 6.456 5.629 5.296 4.986 4.414 3.844 3.628 3.28 3.099 3.006 3.069 2.879 2.245 1.849 2.162 2.597 2.574 2.397 2.246 2.22 2.245 2.211 2.237 2.112 2.118 2.161 2.157 2.118 2.11 2.105 2.09 2.117 2.071 2.068 2.098 2.206 2.241 2.147 2.269 2.522 2.343 2.352 2.517 2.16 5.579 6.011 7.669 8.266 3.867 3.717 4.92 6.487 11.145 11.445 11.899 6.498 4.934 4.528 4.802 4.388 4.555 5.16
3.108 3.636 4.373 4.511 4.5 4.377 4.251 4.367 4.944 5.007 6.224 5.401 3.86 4.219 4.801 4.316 3.98 3.264 2.989 3.113 3.199 3.012 3.678 3.539 2.106 2.57 2.535 2.425 2.299 2.196 2.233 2.217 2.267 2.203 2.149 2.104 2.139 2.132 2.131 2.162 2.128 2.104 2.094 2.073 2.079 2.119 2.215 2.389 2.23 2.309 2.506 2.459 2.21 2.17 2.174 2.475 4.368 5.6 5.769 4.991 4.534 5.222 8.197 12.34 11.997 13.62 12.101 4.787 5.468 5.264 3.824 3.643 3.696
3.998 4.458 4.82 4.728 4.372 4.304 4.258 4.857 5.05 4.573 5.177 4.43 4.207 6.931 7.171 4.184 3.227 2.692 2.663 2.994 3.067 3.126 6.308 6.939 3.792 2.622 2.444 2.369 2.236 2.234 2.21 2.191 2.188 2.2 2.14 2.148 2.137 2.119 2.149 2.12 2.132 2.158 2.12 2.125 2.108 2.293 2.446 2.481 2.374 2.378 2.377 2.345 2.261 2.223 2.323 2.678 2.708 3.248 4.001 8.08 6.329 4.676 7.914 11.391 12.203 12.773 11.27 4.261 4.179 4.366 3.838 4.346 5.288
5.038 5.188 4.976 4.544 4.388 4.243 4.48 5.508 4.055 3.578 3.44 3.323 4.719 7.341 7.252 3.304 2.358 2.483 2.763 2.954 2.553 2.056 4.735 6.549 4.979 2.486 2.372 2.365 2.299 2.251 2.215 2.196 2.147 2.119 2.12 2.13 2.145 2.14 2.127 2.129 2.135 2.126 2.116 2.149 2.184 2.413 2.51 2.363 2.289 2.358 2.41 2.37 2.429 2.241 2.326 3.478 3.494 2.833 3.493 5.175 4.474 3.732 5.62 10.312 10.95 8.874 5.965 4.645 4.6 3.776 3.688 4.233 6.907
5.825 5.847 5.168 4.418 4.088 3.97 3.694 3.607 3.273 3.037 3 2.985 3.44 4.799 3.669 2.576 2.295 2.616 2.811 2.654 1.669 1.915 2.358 3.808 3.107 2.367 2.265 2.276 2.248 2.221 2.222 2.145 2.118 2.077 2.097 2.144 2.171 2.179 2.171 2.192 2.203 2.173 2.13 2.219 2.266 2.673 2.387 2.313 2.47 2.744 2.969 2.88 2.796 2.832 4.814 3.888 3.302 2.767 2.969 4.673 5.451 3.977 4.607 5.438 7.823 4.566 5.714 4.529 4.893 5.944 4.136 3.878 4.091
5.716 5.346 4.995 4.417 4.263 4.099 3.752 3.621 3.04 2.889 2.94 2.569 2.505 2.737 2.674 2.574 2.633 3.076 2.808 2.028 1.736 2.203 2.488 2.658 2.564 2.301 2.25 2.251 2.255 2.241 2.187 2.137 2.111 2.066 2.113 2.148 2.196 2.236 2.167 2.172 2.2 2.18 2.15 2.303 2.504 3.075 2.546 2.382 2.606 2.537 2.464 2.367 3.293 3.985 5.305 5.015 3.711 2.842 2.995 3.909 5.065 3.981 4.459 5.366 4.581 4.067 4.149 4.359 4.674 5.742 6.153 4.788 4.153
5.269 4.874 5.002 5.087 5.369 5.014 3.927 3.376 2.543 2.665 2.751 2.583 2.627 2.701 2.616 2.566 3.008 3.115 2.505 1.711 2.199 2.483 2.492 2.547 2.334 2.298 2.276 2.267 2.229 2.191 2.148 2.131 2.111 2.116 2.128 2.135 2.157 2.197 2.179 2.167 2.176 2.239 2.393 2.245 2.687 2.665 2.354 2.566 2.576 2.558 2.47 3.491 2.888 2.939 4.363 3.175 3.621 4.065 3.616 3.847 3.244 4.251 4.321 4.979 6.029 4.695 4.411 4.731 4.774 4.891 6.024 6.974 5.886
5.377 5.004 5.775 6.328 6.062 4.548 2.957 2.368 2.481 2.398 2.424 2.509 2.657 2.59 2.709 2.84 3.028 2.507 1.601 2.119 2.392 2.501 2.498 2.58 2.296 2.272 2.24 2.246 2.235 2.169 2.159 2.144 2.102 2.134 2.151 2.177 2.196 2.192 2.182 2.204 2.489 2.306 2.449 2.37 2.201 2.436 3.029 3.009 2.351 2.41 3.842 2.833 2.702 2.938 2.869 2.788 3.182 3.338 3.65 4.308 5.28 3.58 5.097 5.242 6.418 4.568 4.648 5.373 6.057 5.404 6.538 7.212 7.626
5.379 4.766 5.694 6.158 3.847 2.374 2.223 2.239 2.213 2.283 2.326 2.373 2.322 2.521 2.954 3.11 2.595 1.444 1.871 2.409 2.612 2.553 2.457 2.446 2.284 2.245 2.224 2.213 2.197 2.169 2.157 2.155 2.107 2.143 2.136 2.176 2.31 2.259 2.186 2.297 2.345 2.349 2.414 2.392 4.054 7.813 7.789 5.425 2.658 2.804 2.886 2.682 3.14 3.214 3.084 4.044 4.607 4.369 4.465 4.355 4.641 3.191 4.013 5.673 5.531 4.792 5.433 5.583 6.869 6.848 6.984 8.687 9.946
5.03 4.396 3.847 3.488 2.443 2.3 2.201 2.169 2.219 2.233 2.318 2.558 2.486 2.87 2.989 2.423 1.591 1.683 2.282 2.493 2.574 2.596 2.479 2.305 2.286 2.235 2.212 2.21 2.219 2.163 2.12 2.138 2.113 2.159 2.155 2.279 2.198 2.22 2.274 2.309 2.301 2.271 2.392 2.529 6.779 8.403 8.092 6.775 7.476 4.019 2.788 2.794 2.833 2.741 2.836 2.846 4.179 4.843 4.951 3.441 3.025 3.365 3.355 4.15 5.375 5.128 5.75 5.45 5.508 5.976 8.237 10.881 10.84
3.582 3.165 2.716 2.536 2.402 2.286 2.258 2.248 2.271 2.343 2.361 2.473 2.551 2.847 2.549 1.443 1.762 2.332 2.506 2.511 2.492 2.505 2.462 2.246 2.259 2.367 2.41 2.359 2.267 2.18 2.225 2.097 2.098 2.162 2.156 2.17 2.305 2.261 2.306 2.272 2.315 2.427 2.5 2.968 9.165 9.738 11.28 9.606 11.167 7.014 2.902 2.82 2.849 2.885 2.893 3.001 3.18 4.326 3.261 3.047 3.156 3.636 3.304 3.593 4.555 6.373 5.194 5.27 5.426 5.565 8.481 10.227 10.973
2.387 2.457 2.416 2.423 2.351 2.278 2.284 2.266 2.396 2.524 2.408 2.244 2.141 1.979 1.513 1.549 2.276 2.534 2.586 2.503 2.457 2.536 2.326 2.321 2.625 2.668 2.625 2.384 2.272 2.337 2.276 2.128 2.161 2.439 2.234 2.148 2.201 2.232 2.243 2.267 2.274 2.428 2.656 3.173 8.205 9.64 9.549 8.3 8.545 5.507 3.909 2.834 2.832 2.967 3 3.147 3.031 3.246 4.663 3.479 3.262 4.27 4.2 3.471 3.712 5.114 5.046 5.204 5.33 5.341 5.736 8.833 10.246
2.31 2.342 2.332 2.316 2.33 2.294 2.311 2.316 2.535 2.426 2.5 5.232 3.923 2.458 3.086 2.223 2.662 2.769 2.582 2.399 2.409 2.343 2.279 2.368 2.6 2.745 2.683 2.276 2.315 2.235 2.181 2.175 2.338 2.765 2.288 2.163 2.19 2.246 2.256 2.366 2.442 2.437 2.946 2.468 3.565 6.231 6.651 5.031 3.947 2.813 3.02 3.454 2.969 2.953 3.068 3.043 3.042 3.135 3.642 4.757 3.567 3.423 3.673 3.723 3.839 4.386 5.272 5.381 5.473 5.431 5.782 6.382 9.233
2.33 2.328 2.35 2.285 2.293 2.274 2.349 2.505 2.61 2.336 3.485 6.71 6.094 3.785 3.295 2.488 2.562 2.734 2.55 2.407 2.404 2.372 2.274 2.253 2.503 2.726 2.422 2.299 2.392 2.231 2.199 2.196 2.226 2.219 2.182 2.181 2.203 2.223 2.284 2.325 2.388 2.761 2.853 2.616 3.038 2.875 4.445 3.436 2.906 2.868 2.983 3.365 3.178 3.111 3.089 3.312 3.156 3.209 3.274 4.105 4.865 4.41 3.776 4.149 4.619 4.565 5.383 5.482 5.534 5.574 6.008 6.486 7.231
2.348 2.326 2.34 2.317 2.311 2.499 2.503 2.615 2.419 2.206 2.182 4.084 4.999 4.901 2.716 2.679 2.648 2.599 2.418 2.356 2.311 2.291 2.289 2.283 2.496 2.379 2.259 2.464 2.513 2.19 2.246 2.224 2.208 2.196 2.213 2.204 2.253 2.299 2.342 2.297 2.479 2.826 2.647 3.382 3.668 3.635 3.489 4.983 3.474 2.883 3.553 3.062 3.593 3.255 3.471 3.974 3.564 3.251 3.281 3.551 5.006 5.518 4.914 5.665 6.222 6.031 5.546 6.089 6.556 6.018 6.258 6.387 6.42
2.347 2.427 2.363 2.321 2.394 2.499 2.663 2.607 2.506 1.966 1.418 1.398 3.184 3.567 2.871 2.79 2.584 2.523 2.336 2.318 2.329 2.302 2.277 2.271 2.273 2.344 2.475 2.383 2.49 2.3 2.227 2.226 2.183 2.211 2.241 2.232 2.243 2.332 2.397 2.426 2.728 2.682 2.746 4.783 4.573 2.915 2.994 3.537 2.837 3.001 2.964 3.22 3.406 3.632 9.17 5.75 3.883 3.499 3.483 3.913 5.222 5.019 4.951 6.295 7.303 8.104 7.155 8.975 9.093 7.044 6.647 6.472 6.594
2.479 2.405 2.422 2.484 2.45 2.563 2.648 2.456 2.429 1.802 3.778 2.794 2.792 2.814 2.94 2.824 2.454 2.47 2.371 2.379 2.373 2.326 2.276 2.263 2.229 2.221 2.356 2.331 2.295 2.256 2.319 2.266 2.228 2.22 2.276 2.246 2.224 2.293 2.403 2.809 2.981 2.529 3.052 5.813 5.076 3.567 2.915 2.947 2.876 2.925 3.087 3.153 3.251 5.834 12.371 10.635 4.788 3.925 3.98 4.877 5.221 5.171 4.971 5.947 7.962 8.87 9.623 10.773 10.556 9.27 7.074 6.465 6.549
2.447 2.385 2.513 2.458 2.533 2.53 2.611 2.511 1.982 3.822 5.169 3.567 2.878 2.824 2.83 2.738 2.476 2.438 2.331 2.363 2.36 2.31 2.308 2.324 2.295 2.342 2.298 2.262 2.226 2.274 2.338 2.269 2.308 2.248 2.29 2.286 2.22 2.355 2.673 6.005 9.083 8.677 3.544 4.019 3.913 4.038 3.489 3.103 3.121 2.986 3.356 3.69 3.339 4.936 9.069 10.322 5.508 4.159 4.657 5.256 5.161 5.196 5.338 5.35 7.104 9.564 10.741 11.815 11.554 10.439 8.519 6.614 6.644
2.437 2.533 2.517 2.552 2.536 2.626 2.818 1.978 1.478 4.393 4.646 3.033 2.862 2.846 2.679 2.685 2.432 2.354 2.343 2.358 2.383 2.324 2.366 2.369 2.544 2.436 2.28 2.29 2.283 2.256 2.283 2.358 2.437 2.793 4.806 6.741 3.889 2.648 2.473 7.53 9.718 9.071 4.496 3.235 3.355 3.368 3.26 3.666 3.17 3.151 3.318 5.18 4.076 4.23 4.958 7.512 4.932 4.293 4.871 5.223 5.205 5.222 5.28 6.035 6.429 8.45 10.516 11.58 10.986 9.771 7.624 6.868 6.65
2.49 2.541 2.594 2.599 2.544 2.371 2.129 1.53 2.168 2.816 3.17 2.899 2.981 2.781 2.665 2.783 2.549 2.358 2.383 2.388 2.415 2.316 2.32 2.349 2.385 2.344 2.299 2.276 2.7 2.791 2.314 2.779 2.774 2.93 7.809 11.986 7.734 6.645 2.744 6.819 8.97 9.168 7.237 3.309 3.617 3.428 3.292 3.401 3.717 3.563 3.428 3.596 5.158 4.913 4.897 4.425 4.713 5.016 4.845 5.164 5.266 5.274 6.481 9.879 7.768 7.541 9.006 10.47 9.502 7.874 6.863 6.771 6.614
2.586 2.62 2.679 2.677 3.605 3.674 1.973 2.032 2.503 2.877 3.094 3.213 2.951 3.046 3.041 3.103 2.472 2.303 2.35 2.313 2.368 2.316 2.248 2.365 2.536 2.538 2.429 2.344 3.156 3.668 2.35 2.694 3.046 3.78 9.861 11.266 11.406 11.879 5.155 5.71 6.004 4.296 4.64 3.649 4.009 3.662 3.353 3.43 3.583 4.576 3.963 3.706 4.096 5.584 5.021 4.562 4.62 5.125 6.033 6.202 5.382 7.268 10.405 11.888 12.065 7.729 8.032 8.579 7.383 6.741 6.699 6.66 6.713
2.517 2.562 2.581 2.849 4.612 5.479 2.727 2.628 2.797 2.921 3.165 3.089 3.059 3.155 3.167 2.703 2.549 2.319 2.429 2.628 2.604 2.523 2.493 2.648 2.568 2.776 2.678 2.381 2.652 2.785 2.435 2.446 2.776 3.409 9.292 11.158 11.726 11.557 7.556 3.216 3.042 2.904 3.783 4.778 3.526 3.426 3.553 3.566 3.648 3.858 4.897 4.19 4.1 4.453 5.801 5.519 5.078 5.724 5.909 6.135 5.611 10.664 12 12.52 11.84 10.043 7.501 6.617 6.746 6.766 6.66 6.751 6.8
2.607 3.553 3.702 2.415 2.386 2.509 2.665 2.913 2.856 2.809 2.945 3.001 3.068 3.061 2.765 2.616 2.49 2.541 2.671 2.783 2.779 2.789 2.761 2.826 2.905 2.876 2.534 2.388 2.689 2.57 2.581 2.644 2.561 2.434 3.927 9.373 11.935 12.004 4.352 3.989 3.013 2.536 2.696 4.414 4.906 3.743 3.586 3.684 3.755 4.005 4.362 5.026 4.635 4.864 5.661 6.588 6.258 6.242 9.454 6.09 5.764 9.842 12.44 11.845 10.649 8.756 6.832 6.833 6.73 6.736 6.844 6.88 6.882
3.587 5.707 6.346 3.936 2.023 2.487 2.578 2.624 2.65 2.553 2.594 2.533 2.819 2.716 2.883 2.621 2.542 2.884 2.746 2.721 2.925 3.009 2.935 3.031 2.523 2.554 2.554 2.388 2.747 2.624 2.706 2.645 2.547 3.306 3.487 4.593 4.843 7.194 3.225 3.103 3.595 2.839 2.965 3.736 3.982 4.098 3.994 4.071 4.301 4.871 4.996 4.839 5.326 6.117 5.754 6.32 8.703 12.615 14.395 10.486 6.682 8.617 10.425 10.28 8.498 7.241 6.894 6.788 6.791 6.866 7.165 6.973 6.995
