All_lidar/sz5990_DSM_2M.asc
ncols 500
nrows 500
xllcorner    459000
yllcorner    90000
cellsize     2
NODATA_value -9999
[rows 128 to 159 of 500, columns 216 to 287 of 500]
11.61 12.287 12.665 11.545 12.287 11.392 11.332 11.275 11.245 11.345 11.14 11.007 10.93 11.232 11.007 11.832 13.085 11.867 11.37 11.345 11.302 11.63 11.407 11.662 11.602 13.057 15.975 13.652 11.832 11.38 11.86 11.33 11.515 11.35 11.192 11.155 11.427 11.362 11.38 11.767 13.74 12.937 11.167 11.32 11.385 11.422 11.355 11.458 11.945 12.388 11.84 12.157 11.967 11.652 11.456 11.531 11.653 11.479 11.192 11.125 11.063 11.124 11.018 11.263 11.647 11.333 11.105 10.678 10.693 11.098 12.748 12.299
11.702 12.55 12.305 11.577 11.452 11.41 11.392 11.415 11.327 11.27 11.12 11.075 11.33 11.6 11.125 11.355 11.69 12.517 12.005 11.33 11.377 11.302 11.82 13.27 14.77 17.332 17.22 13.977 11.827 11.417 11.655 11.437 11.465 11.385 11.325 11.205 11.17 11.252 12.867 14.397 14.792 13.962 11.145 11.362 11.75 12.942 11.457 11.409 12.152 12.143 12.248 12.211 11.879 11.589 11.658 11.779 11.762 11.439 11.283 11.208 11.171 11.12 11.098 11.063 11.164 11.05 10.911 10.84 10.981 10.993 11.517 12.049
11.777 11.56 11.677 11.697 11.547 11.48 11.425 11.457 11.282 11.255 11.605 11.767 11.982 12.437 11.987 11.232 11.877 13.885 13.095 11.4 11.347 11.435 12.202 16.06 17.555 17.235 16.005 14.657 11.987 11.45 11.535 11.512 11.427 11.405 11.405 11.302 11.227 11.23 13.067 14.635 13.185 11.78 11.197 11.37 11.832 12.092 11.49 11.525 12.088 12.047 12.361 12.202 11.771 11.8 11.85 11.966 11.703 11.423 11.35 11.328 11.364 11.219 11.177 11.139 11.115 11.096 11.043 10.994 10.993 10.95 10.945 11.296
11.812 11.682 11.547 14.47 12.26 11.54 11.472 11.322 11.67 12.43 12.915 12.942 12.715 12.145 11.787 11.46 11.702 12.182 11.852 11.37 11.432 11.795 15.677 17.817 17.355 15.835 14.405 12.507 11.66 11.64 12.017 11.527 11.757 11.455 11.47 11.377 11.317 11.302 11.682 12.667 11.322 11.275 11.317 11.352 11.457 11.492 11.375 12.427 11.65 12.022 12.285 11.988 11.846 12.079 11.998 11.961 11.648 11.535 11.472 11.428 11.384 11.304 11.26 11.228 11.193 11.168 11.117 11.085 11.058 11.027 10.998 10.991
11.887 13.392 12.01 12.212 11.585 11.552 11.55 12.245 12.955 13.055 12.845 12.405 11.717 11.53 11.427 11.827 11.8 11.78 11.887 11.412 11.57 15.1 17.187 18.562 18.185 16.567 12.862 11.575 11.602 11.545 12.407 11.465 11.475 11.48 11.492 11.465 11.387 11.332 11.327 11.292 11.302 11.34 11.357 11.397 11.525 11.47 12.742 12.755 11.92 11.972 12.177 12.106 12.12 12.087 11.985 11.811 11.672 11.603 11.6 11.524 11.457 11.398 11.37 11.307 11.298 11.275 11.229 11.182 11.152 11.106 11.076 11.089
13.02 12.455 11.65 11.697 11.89 11.762 11.47 12.13 12.857 12.337 11.677 11.562 11.495 11.55 11.502 11.63 11.75 11.637 11.57 12.19 14.525 14.692 15.747 18.125 19.2 17.805 14.845 11.82 11.57 11.512 11.617 11.582 11.527 11.497 11.532 11.52 11.465 11.395 11.372 11.357 11.385 11.395 11.507 11.492 11.535 11.425 12.532 12.31 11.832 12.037 12.022 12.292 12.725 12.532 11.914 11.794 11.761 11.707 11.676 11.615 11.577 11.518 11.491 11.44 11.404 11.396 11.377 11.336 11.283 11.224 11.147 11.181
11.802 12.342 12.45 11.96 13.417 14.295 11.535 11.55 11.58 11.532 11.58 11.66 11.57 11.49 11.715 12.477 11.692 11.755 11.715 11.515 12.955 14.345 14.537 16.48 17.892 18.677 17.48 14.235 11.627 11.615 12.317 12.575 13.002 11.76 11.59 11.525 11.517 11.48 11.417 11.397 11.405 11.462 11.755 11.525 11.597 11.592 12.257 12.752 12.637 11.977 11.987 12.23 13.062 12.55 11.895 11.872 11.861 11.796 11.727 11.675 11.649 11.631 11.605 11.546 11.47 11.501 11.493 11.443 11.383 11.328 11.281 11.273
12.052 11.942 12.407 13.962 14.86 13.52 11.53 11.535 11.47 11.485 11.53 11.567 11.547 11.525 11.617 12.047 11.715 11.792 11.75 11.615 11.62 13.205 14.95 14.16 16.57 18.142 18.515 17.125 12.92 11.942 12.995 14.83 14.905 12.742 11.57 11.595 11.612 11.577 11.487 11.422 11.432 11.57 11.622 11.575 11.612 11.755 12.252 13.28 12.225 11.977 12.145 12.135 12.377 12.062 11.945 11.957 11.932 11.877 11.797 11.775 11.767 11.73 11.702 11.642 11.587 11.592 11.607 11.545 11.511 11.419 11.38 11.33
12.085 12.042 12.01 12.817 12.302 11.605 11.55 11.48 11.487 11.497 11.502 11.575 11.55 11.577 11.672 11.907 13.042 12.842 11.8 11.76 11.545 12.037 13.972 13.955 14.25 16.702 17.69 14.617 12.805 12.312 12.36 13.765 15.03 14.707 12.405 11.657 11.687 11.625 11.56 11.482 11.542 11.645 11.585 11.572 11.597 11.782 12.327 12.382 12.137 12.035 12.085 12.152 12.047 12.005 12.03 12.007 11.967 11.93 11.86 11.847 11.845 11.82 11.805 11.757 11.73 11.69 11.68 11.672 11.612 11.52 11.465 11.455
12.077 12.055 12.145 13.362 12.955 11.59 11.542 11.512 11.522 11.565 11.582 11.6 11.62 11.66 11.687 11.977 12.512 11.99 11.842 11.825 11.84 11.532 12.097 14.315 13.407 13.205 14.78 13.29 12.28 12.257 12.4 12.62 14.06 15.077 12.877 11.7 11.68 11.66 11.597 11.547 11.517 11.542 11.605 11.632 11.69 11.715 12.105 12.162 12.367 12.095 12.097 12.075 12.057 12.085 12.087 12.03 12.027 12.012 11.952 11.932 11.902 11.912 11.892 11.86 11.825 11.802 11.777 11.78 11.73 11.602 11.547 11.552
12.09 12.067 11.847 12.622 14.08 13.095 11.537 11.547 11.527 11.615 11.685 11.692 11.665 11.672 11.722 11.84 11.98 11.882 11.897 11.942 11.962 12.005 11.505 12.072 11.705 12.155 12.517 12.292 12.215 12.257 12.342 12.485 12.577 13.967 14.132 12.017 11.737 11.682 11.65 11.63 11.667 11.56 11.655 11.767 11.782 11.715 11.857 11.892 11.987 12.097 12.132 12.122 12.115 12.122 12.117 12.112 12.095 12.06 12.017 12.035 11.997 11.97 11.995 11.93 11.935 11.922 11.875 11.85 11.842 11.742 11.655 11.65
12.1 12.135 11.977 12.815 15.032 13.025 11.675 11.602 11.625 11.68 11.702 11.697 11.672 11.805 11.817 11.857 12.252 12.002 11.98 12.047 12.035 12.122 11.99 11.797 11.992 12.387 12.28 12.31 12.307 12.285 12.322 12.562 12.395 13.655 14.222 12.182 11.865 11.955 11.795 11.815 12.067 11.67 11.772 11.717 11.81 12.455 11.775 11.92 12.097 12.175 12.165 12.135 12.14 12.172 12.177 12.147 12.162 12.132 12.082 12.035 12.065 12.057 12.052 12.047 12.02 12.035 11.99 11.945 11.915 11.837 11.755 11.772
12.135 12.147 12.042 12.45 14.425 13.987 12.3 11.71 11.647 11.655 11.792 12.045 11.787 11.865 11.955 11.932 12.03 12.105 12.055 12.115 12.265 12.815 12.252 12.152 12.14 12.395 12.5 12.335 12.272 12.317 12.31 12.562 12.657 15.457 17.05 13.072 11.917 12.225 12.252 12.895 13.53 11.845 11.685 11.777 12.415 13.962 11.942 11.967 12.17 12.227 12.207 12.155 12.16 12.2 12.237 12.212 12.217 12.21 12.17 12.135 12.145 12.13 12.145 12.132 12.102 12.102 12.11 12.092 11.995 11.935 11.862 11.86
12.202 12.182 12.065 11.98 12.935 13.587 12.222 11.795 11.715 11.732 11.792 11.807 11.882 12 11.957 11.965 12.087 12.065 12.102 12.19 12.22 12.37 12.517 12.192 12.095 12.19 12.262 12.367 12.392 12.302 12.572 13.495 12.495 13.392 16.13 13.192 12.132 12.085 13.705 14.272 14.41 12.46 11.677 11.887 12.325 14.357 12.857 12.02 12.11 12.165 12.17 12.177 12.222 12.245 12.277 12.265 12.245 12.26 12.245 12.215 12.24 12.212 12.215 12.21 12.207 12.185 12.2 12.195 12.122 12.027 12.055 12.06
12.215 12.192 12.137 11.877 12.245 12.672 12.21 11.842 11.842 11.832 11.867 11.897 11.892 11.97 11.995 12.012 12.087 12.095 12.13 12.19 12.607 14.387 15.055 13.085 12.102 12.155 12.197 12.175 12.362 12.495 12.987 13.007 12.232 12.217 12.442 12.487 12.302 12.207 13.665 13.767 12.882 12.037 11.82 11.902 13.292 12.875 12.22 12.157 12.155 12.19 12.24 12.275 12.3 12.292 12.297 12.3 12.31 12.32 12.295 12.28 12.292 12.275 12.28 12.285 12.262 12.25 12.287 12.277 12.225 12.127 12.087 12.115
12.235 12.197 12.18 11.915 12.27 14.175 13.077 11.955 11.895 11.912 11.905 11.907 11.932 11.995 12.022 12.007 12.057 12.095 12.14 12.205 12.442 13.677 13.272 12.457 12.077 12.077 12.12 12.16 12.165 12.35 12.512 12.357 12.327 12.362 12.407 12.437 12.422 12.28 12.115 12.21 11.82 11.96 11.927 12.215 14.36 12.772 12.482 12.31 12.31 12.317 12.345 12.365 12.362 12.38 12.357 12.385 12.37 12.365 12.35 12.337 12.36 12.365 12.365 12.355 12.35 12.345 12.372 12.377 12.327 12.23 12.147 12.212
12.275 12.26 12.187 12.065 12.22 14.425 12.37 13.007 12.44 11.952 11.915 11.917 11.96 12.052 12.005 12.082 12.087 12.127 12.11 12.14 12.15 12.142 12.305 12.32 12.042 12.02 12.09 12.097 13.197 12.887 12.222 12.482 12.362 12.325 12.265 12.245 12.277 12.16 11.995 11.802 11.935 11.995 11.965 12.83 15.51 14.812 12.4 12.487 12.457 12.465 12.45 12.452 12.462 12.462 12.437 12.46 12.427 12.415 12.385 12.392 12.387 12.392 12.415 12.437 12.422 12.43 12.437 12.455 12.392 12.332 12.277 12.34
12.257 12.232 12.217 12.167 12.06 13.02 14.387 13.417 12.602 12.012 11.965 11.962 11.987 12.022 12.007 12.097 12.047 12.09 12.077 12.092 12.092 12.087 12.072 12.062 12.862 12.04 12.132 13.302 14.225 15.105 12.535 12.102 12.12 12.16 12.18 12.075 12.057 11.952 11.905 11.955 11.95 11.985 12.067 12.81 15.4 13.625 13.785 13.13 12.505 12.537 12.552 12.545 12.542 12.527 12.517 12.532 12.517 12.472 12.462 12.457 12.44 12.467 12.477 12.512 12.49 12.515 12.547 12.562 12.527 12.427 12.357 12.417
12.265 12.235 12.217 12.245 12.087 12.482 13.282 13.452 12.665 12.035 11.992 11.962 11.967 11.99 12.005 11.982 11.987 12.015 12.05 12.082 12.085 12.09 12.107 12.247 12.322 12.297 14.18 12.177 15.405 13.69 12.242 12.222 12.285 12.377 12.38 12.3 12.222 12.092 12.025 11.942 11.932 12.02 12.15 12.432 14.465 12.94 13.642 12.975 12.565 12.61 12.63 12.635 12.62 12.62 12.605 12.58 12.592 12.567 12.545 12.515 12.54 12.567 12.562 12.59 12.59 12.612 12.642 12.66 12.622 12.557 12.485 12.53
12.275 12.255 12.215 12.26 12.095 12.247 12.87 15.06 13.442 12.02 11.972 11.967 11.965 11.967 11.997 12.032 11.965 11.992 12.027 12.062 12.202 12.36 12.43 12.877 12.222 12.17 12.27 12.34 14.212 12.897 13.312 12.302 12.31 12.397 12.385 12.292 12.207 12.125 12.02 11.98 11.967 12.057 12.21 12.487 13.602 13.14 13.705 12.885 12.595 12.66 12.685 12.705 12.712 12.702 12.682 12.667 12.685 12.632 12.615 12.617 12.63 12.637 12.645 12.685 12.685 12.692 12.72 12.752 12.742 12.67 12.595 12.647
12.27 12.255 12.225 12.277 12.225 12.177 12.465 12.885 12.577 12.085 12 11.992 11.947 11.942 11.967 12.037 12.062 12.225 12.307 12.35 12.25 12.14 12.142 12.317 12.447 12.51 12.485 12.437 12.407 12.382 12.365 12.35 12.33 12.37 12.41 12.327 12.272 12.22 12.122 12.05 11.997 12.07 12.245 12.52 13.53 12.73 14.3 13.012 12.657 12.737 12.757 12.782 12.802 12.772 12.77 12.777 12.742 12.712 12.692 12.717 12.707 12.727 12.737 12.78 12.76 12.8 12.83 12.872 12.85 12.767 12.7 12.755
12.307 12.29 12.272 12.255 12.255 12.08 12.567 13.017 13.455 12.047 12.01 12.032 12.04 12.895 12.265 13.507 16.805 13.685 12.217 12.242 12.355 12.402 12.435 12.447 12.522 12.487 12.467 12.482 12.465 12.425 12.405 12.397 12.385 12.405 12.442 12.44 12.365 12.327 12.207 12.117 12.067 12.107 12.267 12.572 14.577 13.907 12.942 12.697 12.692 12.79 12.827 12.887 12.857 12.847 12.852 12.862 12.847 12.812 12.795 12.77 12.812 12.825 12.855 12.872 12.885 12.917 12.955 12.967 12.942 12.875 12.825 12.877
12.325 12.29 12.295 12.282 12.24 12.15 12.465 14.83 12.435 12.21 12.8 12.36 12.72 15.942 13.952 13.202 14.612 12.367 12.4 12.43 12.482 12.49 12.507 12.49 12.447 12.462 12.482 12.5 12.492 12.487 12.462 12.475 12.467 12.485 12.537 12.52 12.44 12.397 12.292 12.2 12.122 12.14 12.282 12.43 13.985 12.985 13.55 12.95 12.792 12.867 12.897 12.962 12.942 12.94 12.92 12.95 12.925 12.905 12.87 12.852 12.87 12.925 12.967 12.97 12.99 13.015 13.082 13.112 13.065 13 12.952 12.985
12.397 12.35 12.342 12.31 12.24 12.152 12.047 12.727 12.202 13.605 13.885 13.032 12.125 12.25 12.315 12.355 12.372 12.432 12.46 12.485 12.51 12.5 12.515 12.525 12.51 12.492 12.53 12.53 12.52 12.53 12.52 12.51 12.527 12.535 12.595 12.587 12.527 12.462 12.407 12.3 12.222 12.247 12.3 12.485 13.857 12.747 13.147 12.877 12.847 12.902 12.977 13.015 12.985 12.992 13.025 13.037 13.025 13.007 12.982 12.965 12.967 13.03 13.055 13.072 13.112 13.15 13.195 13.19 13.165 13.122 13.045 13.102
12.437 12.402 12.382 12.352 12.237 12.165 12.115 12.077 12.072 12.117 12.347 12.467 12.227 12.227 12.302 12.352 12.402 12.447 12.475 12.5 12.515 12.482 12.505 12.51 12.507 12.515 12.545 12.56 12.55 12.58 12.567 12.567 12.592 12.595 12.587 12.617 12.59 12.58 12.48 12.417 12.362 12.332 12.407 12.722 13.202 13.547 13.215 12.885 12.92 12.97 13.052 13.065 13.03 13.065 13.085 13.105 13.107 13.1 13.077 13.065 13.115 13.145 13.15 13.182 13.227 13.235 13.275 13.297 13.26 13.232 13.175 13.227
12.497 12.455 12.435 12.38 12.28 12.215 12.825 13.35 12.587 12.245 12.247 12.235 12.277 12.31 12.357 12.392 12.422 12.48 12.52 12.525 12.527 12.515 12.512 12.51 12.517 12.527 12.575 12.59 12.575 12.602 12.605 12.637 12.67 12.66 12.642 12.702 12.677 12.69 12.585 12.507 12.447 12.417 12.472 12.602 13.402 12.837 12.855 12.937 12.957 13.032 13.055 13.1 13.097 13.107 13.14 13.182 13.205 13.2 13.172 13.17 13.21 13.23 13.265 13.307 13.352 13.365 13.397 13.39 13.395 13.35 13.277 13.325
12.525 12.507 12.455 12.452 12.402 12.34 14.142 14.612 12.592 12.317 12.312 12.29 12.33 12.38 12.4 12.45 12.482 12.525 12.567 12.575 12.572 12.542 12.54 12.55 12.555 12.575 12.595 12.602 12.597 12.64 12.657 12.712 12.745 12.705 12.655 12.9 12.76 12.795 12.74 12.65 12.552 12.52 12.557 13.222 14.457 13.532 12.89 13.002 13 13.06 13.085 13.165 13.19 13.145 13.207 13.265 13.287 13.27 13.257 13.257 13.287 13.322 13.33 13.392 13.437 13.457 13.482 13.51 13.497 13.445 13.385 13.432
12.557 12.577 12.56 12.507 12.507 12.75 14.417 13.222 12.59 12.452 12.41 12.395 12.4 12.447 12.47 12.485 12.527 12.552 12.582 12.617 12.597 12.58 12.59 12.56 12.585 12.597 12.612 12.63 12.67 12.687 12.725 12.74 12.82 12.79 12.787 12.785 12.855 12.895 12.882 12.787 12.697 12.642 12.655 13.505 14.647 15.537 13.862 13.052 13.06 13.125 13.137 13.207 13.197 13.22 13.262 13.332 13.375 13.367 13.37 13.355 13.377 13.447 13.435 13.497 13.497 13.54 13.592 13.62 13.59 13.562 13.49 13.532
12.605 12.6 12.59 12.587 12.607 14.175 14.232 15.862 15.032 12.565 12.53 12.505 12.48 12.497 12.527 12.545 12.587 12.595 12.635 12.645 12.637 12.602 12.61 12.617 12.622 12.637 12.685 12.67 12.78 12.875 12.827 12.782 12.79 12.807 12.822 12.867 12.93 12.997 13.007 12.927 12.825 12.725 12.732 13.177 15.512 12.825 13.625 13.327 13.06 13.15 13.167 13.225 13.24 13.285 13.322 13.377 13.43 13.435 13.442 13.482 13.502 13.54 13.532 13.582 13.635 13.637 13.7 13.715 13.697 13.632 13.592 13.642
12.65 12.657 12.645 12.617 12.807 14.45 14.992 14.847 15.062 12.67 12.625 12.552 12.545 12.565 12.577 12.595 12.637 12.647 12.67 12.672 12.66 12.64 12.652 12.66 12.675 12.75 12.77 12.737 12.78 12.827 12.805 12.82 12.865 12.88 12.917 12.945 13.027 13.11 13.102 13.08 12.927 12.795 12.782 14.35 14.672 13.8 13.62 13.567 13.115 13.187 13.245 13.307 13.337 13.332 13.41 13.48 13.535 13.532 13.535 13.557 13.595 13.63 13.627 13.69 13.725 13.732 13.78 13.812 13.787 13.722 13.695 13.725
12.662 12.682 12.662 12.672 13.702 15.02 14.315 13.955 14.685 12.895 12.627 12.61 12.605 12.585 12.61 12.637 12.667 12.697 12.697 12.702 12.717 12.787 12.74 12.715 12.75 12.75 12.755 12.802 12.825 12.852 12.852 12.845 12.927 12.95 12.982 13.017 13.087 13.16 13.15 13.137 13.06 12.912 12.847 13.32 13.29 13.382 13.727 14.66 13.4 13.252 13.327 13.38 13.417 13.425 13.47 13.547 13.607 13.607 13.625 13.657 13.672 13.707 13.73 13.767 13.81 13.827 13.85 13.857 13.895 13.832 13.802 13.825
12.712 12.715 12.962 13.807 13.28 14.772 15.272 14.912 14.107 12.887 12.707 12.682 12.657 12.645 12.69 12.66 12.725 12.865 12.712 12.732 12.757 12.74 12.777 12.762 12.795 12.8 12.812 12.842 12.872 12.932 12.937 12.932 12.957 13.012 13.04 13.105 13.18 13.18 13.215 13.21 13.172 12.965 12.917 13.787 13.155 13.85 15.195 14.99 13.892 13.302 13.415 13.45 13.48 13.532 13.52 13.637 13.715 13.735 13.72 13.735 13.755 13.785 13.815 13.852 13.847 13.872 13.93 13.957 13.97 13.932 13.87 13.907
