All_lidar/sz5985_DSM_2M.asc
ncols 500
nrows 500
xllcorner    459000
yllcorner    85000
cellsize     2
NODATA_value -9999
[rows 238 to 271 of 500, columns 77 to 153 of 500]
3.543 3.531 3.488 3.441 3.396 3.361 3.691 5.168 3.253 3.223 3.203 3.221 3.203 3.156 3.126 3.103 3.108 5.413 5.376 2.788 2.741 2.946 2.986 2.986 2.766 2.676 2.593 2.483 2.363 2.243 2.173 2.101 2.048 1.936 1.926 1.916 1.877 1.791 1.837 1.836 1.819 1.881 1.937 1.96 1.93 1.9 1.937 1.951 1.973 2.021 1.987 1.921 1.871 1.845 1.832 1.826 1.848 1.868 1.873 1.909 1.961 1.98 1.982 2.027 2.027 2.025 2.04 1.975 1.989 1.996 2.053 2.108 2.176 2.243 2.286 2.336 2.321
3.476 3.453 3.418 3.366 3.288 3.251 3.248 5.376 3.368 3.183 3.186 3.188 3.163 3.143 3.108 3.101 3.066 4.266 6.583 5.621 3.038 3.033 2.843 2.883 2.668 2.596 2.521 2.411 2.316 2.241 2.188 2.088 1.983 1.898 1.886 1.898 1.898 1.835 1.806 1.816 1.842 1.862 1.851 1.877 1.877 1.877 1.892 1.885 1.847 1.824 1.766 1.739 1.749 1.784 1.796 1.797 1.823 1.827 1.83 1.88 1.926 1.936 1.925 1.961 1.946 1.97 1.97 1.985 1.98 1.977 2.002 2.028 2.093 2.148 2.188 2.226 2.203
3.378 3.343 3.333 3.298 3.226 3.178 3.166 5.063 3.611 3.136 3.146 3.136 3.123 3.106 3.083 3.073 3.066 3.066 4.523 5.543 3.056 2.913 3.006 2.843 2.621 2.511 2.396 2.308 2.321 2.273 2.206 2.098 1.981 1.985 1.924 1.884 1.938 1.865 1.796 1.807 1.793 1.79 1.786 1.827 1.838 1.831 1.836 1.805 1.751 1.704 1.686 1.718 1.728 1.757 1.779 1.779 1.795 1.775 1.82 1.855 1.893 1.902 1.894 1.898 1.917 1.92 1.926 1.926 1.935 1.932 1.914 1.966 2.013 2.082 2.11 2.093 2.097
3.276 3.236 3.221 3.208 3.168 3.148 3.123 3.473 3.831 3.098 3.083 3.083 3.098 3.091 3.083 3.056 3.038 3.026 5.943 5.028 3.586 2.681 2.918 2.741 2.566 2.428 2.361 2.353 2.328 2.221 2.176 2.074 2.051 1.961 1.916 1.906 1.902 1.888 1.818 1.772 1.756 1.735 1.75 1.8 1.8 1.782 1.793 1.801 1.686 1.629 1.612 1.654 1.685 1.714 1.734 1.735 1.769 1.759 1.806 1.815 1.829 1.856 1.851 1.862 1.877 1.878 1.861 1.879 1.873 1.846 1.862 1.891 1.946 1.983 1.993 1.981 1.963
3.161 3.176 3.181 3.163 3.158 3.098 3.098 3.101 4.236 3.071 3.058 3.043 3.073 3.111 3.076 3.058 3.076 3.036 3.311 5.491 4.286 2.888 2.943 3.101 2.906 2.496 2.378 2.326 2.268 2.203 2.165 2.07 2.006 1.97 1.942 1.959 1.909 1.878 1.835 1.731 1.749 1.718 1.714 1.795 1.748 1.718 1.765 1.742 1.644 1.608 1.573 1.6 1.645 1.669 1.665 1.662 1.688 1.702 1.712 1.762 1.75 1.774 1.76 1.803 1.799 1.797 1.75 1.784 1.767 1.765 1.758 1.762 1.787 1.822 1.804 1.786 1.758
3.128 3.128 3.123 3.126 3.106 3.066 3.051 3.038 4.363 3.043 3.026 3.033 3.053 3.083 3.083 3.066 3.073 3.083 3.051 3.643 3.113 2.983 2.723 3.436 3.458 2.788 2.346 2.271 2.191 2.121 2.088 2.027 2.021 1.95 1.947 1.943 1.922 1.853 1.845 1.787 1.683 1.64 1.684 1.766 1.757 1.792 1.801 1.771 1.757 1.733 1.7 1.687 1.722 1.731 1.671 1.597 1.615 1.588 1.632 1.65 1.639 1.698 1.709 1.728 1.726 1.694 1.706 1.695 1.701 1.705 1.686 1.712 1.731 1.765 1.746 1.763 1.785
3.083 3.051 3.048 3.046 3.046 3.046 3.008 3.026 3.931 3.108 3.011 3.011 3.028 3.036 3.063 3.076 3.058 3.066 3.023 3.453 3.638 3.376 2.778 3.093 3.696 3.316 2.316 2.243 2.176 2.069 2 1.963 1.939 1.917 1.827 1.874 1.843 1.829 1.84 1.743 1.685 1.656 1.745 1.807 1.828 1.835 1.85 1.837 1.808 1.761 1.789 1.766 1.775 1.798 1.769 1.726 1.696 1.69 1.691 1.692 1.687 1.72 1.714 1.735 1.732 1.762 1.741 1.75 1.736 1.759 1.773 1.756 1.764 1.766 1.797 1.806 1.805
2.996 2.991 2.988 3.001 2.988 3.001 2.983 2.976 3.723 3.451 2.993 2.963 2.996 3.018 3.011 2.986 2.993 2.991 3.151 3.641 3.636 3.456 2.888 2.661 3.601 3.338 2.463 2.193 2.1 2.041 1.968 1.902 1.921 1.882 1.833 1.819 1.8 1.767 1.728 1.703 1.702 1.705 1.821 1.906 1.883 1.85 1.865 1.809 1.765 1.781 1.82 1.797 1.796 1.823 1.841 1.876 1.843 1.775 1.752 1.781 1.722 1.715 1.706 1.702 1.679 1.71 1.723 1.72 1.721 1.734 1.765 1.714 1.748 1.757 1.787 1.804 1.815
2.936 2.941 2.931 2.928 2.933 2.961 2.943 2.956 3.006 4.071 2.971 2.936 2.933 2.923 2.916 3.078 3.531 4.616 3.386 3.811 3.751 3.698 3.208 2.536 3.353 3.613 2.708 2.183 2.021 2.002 1.97 1.868 1.854 1.858 1.795 1.81 1.745 1.771 1.743 1.723 1.752 1.784 1.823 1.839 1.81 1.873 1.869 1.857 1.84 1.812 1.823 1.828 1.833 1.911 2.278 2.326 1.909 1.924 1.741 1.787 1.758 1.736 1.716 1.704 1.696 1.669 1.615 1.638 1.673 1.698 1.719 1.71 1.727 1.735 1.747 1.784 1.746
2.873 2.883 2.868 2.873 2.906 2.903 2.911 2.906 2.923 4.041 2.893 2.858 2.861 2.883 2.943 7.048 8.816 5.583 2.786 2.453 3.338 3.513 3.428 2.608 2.593 3.538 3.158 2.158 1.975 1.927 1.889 1.818 1.795 1.801 1.751 1.763 1.758 1.717 1.785 1.787 1.775 1.832 1.867 1.808 1.823 1.813 1.805 1.757 1.792 1.818 1.879 1.949 1.903 2.602 2.879 4.171 3.976 2.915 1.735 1.772 1.761 1.748 1.725 1.704 1.695 1.681 1.651 1.614 1.617 1.639 1.685 1.641 1.693 1.721 1.679 1.711 1.782
2.851 2.821 2.818 2.848 2.856 2.836 2.861 2.843 2.836 3.878 2.856 2.798 3.078 3.236 2.891 5.048 6.068 2.558 2.381 2.373 2.981 3.378 3.631 3.076 2.218 3.368 3.216 2.409 1.921 1.835 1.821 1.784 1.774 1.765 1.736 1.77 1.751 1.757 1.794 1.826 1.869 1.875 1.868 1.822 1.719 1.708 1.634 1.644 1.545 1.811 1.617 1.631 2.103 2.858 3.572 5.295 7.184 5.106 2.1 1.714 1.778 1.766 1.732 1.7 1.682 1.665 1.68 1.653 1.646 1.621 1.641 1.635 1.604 1.644 1.675 1.751 1.826
2.788 2.796 2.778 2.806 2.811 2.783 2.773 2.748 2.756 3.463 4.111 3.116 2.981 2.721 2.446 2.433 2.441 2.401 2.348 2.321 3.033 4.863 4.981 5.233 4.383 2.536 3.146 2.152 1.9 1.839 1.81 1.812 1.754 1.793 1.803 1.755 1.756 1.792 1.816 1.837 1.87 1.895 1.808 1.642 1.714 1.65 1.411 0.919 1.491 1.394 1.329 1.348 2.452 4.268 5.673 7.134 8.252 6.776 3.452 1.609 1.697 1.759 1.748 1.719 1.696 1.674 1.704 1.727 1.722 1.573 1.608 1.603 1.665 1.702 1.705 1.87 1.94
2.718 2.738 2.721 2.728 2.703 2.693 2.703 2.751 3.123 3.743 3.688 2.946 2.341 2.321 2.373 2.446 2.453 2.403 2.313 2.261 2.643 6.686 6.266 6.341 6.923 3.013 2.851 2.157 1.861 1.781 1.764 1.786 1.779 1.768 1.749 1.735 1.727 1.788 1.886 1.836 1.801 1.818 1.661 1.513 1.184 1.626 1.943 2.101 2.241 2.298 2.125 1.293 1.691 3.404 5.164 6.975 7.498 7.037 5.51 2.715 1.874 1.711 1.732 1.767 1.828 1.692 1.706 1.72 1.724 1.704 1.7 1.73 1.767 1.789 1.797 1.968 2.066
2.688 2.636 2.613 2.673 3.696 3.211 3.381 2.818 2.918 2.308 2.481 2.381 2.258 2.273 2.331 2.361 2.363 2.331 2.271 2.251 2.293 5.178 5.271 3.143 3.708 2.013 2.553 2.259 1.775 1.698 1.706 1.745 1.732 1.753 1.735 1.719 1.67 1.849 1.866 1.75 1.713 1.768 1.646 1.672 2.749 3.059 3.002 3.195 3.448 3.035 2.46 1.82 1.644 1.792 2.092 3.934 6.035 5.602 3.853 2.456 1.862 1.577 1.592 1.484 1.437 1.739 1.785 1.807 1.831 1.845 1.824 1.933 1.853 1.795 1.853 2.05 2.115
2.558 2.551 2.546 4.831 8.416 6.588 6.255 4.294 2.128 2.134 2.158 2.187 2.224 2.233 2.259 2.281 2.29 2.261 2.243 2.218 2.201 4.798 4.648 3.336 4.131 5.136 3.943 2.409 1.739 1.695 1.736 1.761 1.695 1.693 1.766 1.742 1.817 1.834 1.867 1.767 1.696 1.663 1.046 3.122 4.315 5.02 3.744 3.205 3.275 2.678 1.617 1.669 1.608 1.62 1.397 1.583 2.222 2.024 1.4 1.462 1.497 1.41 1.319 1.199 1.198 1.27 1.573 1.842 1.905 1.873 1.893 1.933 1.893 1.819 1.862 2.07 2.107
2.488 2.511 3.253 2.163 6.144 6.678 3.832 2.29 2.084 2.11 2.107 2.124 2.153 2.161 2.149 2.161 2.186 2.202 2.21 2.189 2.176 2.363 6.098 5.286 6.241 7.878 4.323 2.091 1.738 1.661 1.692 1.764 1.716 1.693 1.781 1.761 1.753 1.724 1.656 1.685 0.878 -9999 2.428 3.076 4.382 6.019 3.193 2.695 1.818 1.824 1.75 1.719 1.707 1.738 1.69 1.679 1.673 1.658 1.577 1.611 1.542 1.315 1.298 1.269 1.6 1.931 1.34 1.491 1.308 1.847 1.925 2.029 1.689 1.793 1.816 2.039 2.137
2.398 1.933 2.768 3.109 3.081 2.679 2.076 2.044 2.058 2.06 2.051 2.052 2.087 2.081 2.04 2.287 2.078 2.893 2.213 2.3 2.348 2.343 3.391 2.666 4.731 5.223 2.816 2.295 2.319 1.83 1.741 1.73 1.743 1.894 1.662 1.451 1.38 1.468 0.794 0.761 1.777 1.772 1.75 2.577 3.402 5.008 3.374 1.798 1.756 1.75 1.736 1.727 1.692 1.693 1.709 1.725 1.708 1.674 1.789 1.731 1.629 1.565 1.593 1.266 2.407 2.387 2.602 2.559 1.559 1.558 1.669 1.467 1.234 1.458 1.571 1.948 1.92
1.923 1.931 3.378 3.522 4.12 3.368 2.4 2.016 2.003 1.98 1.975 1.976 1.989 3.384 4.577 3.313 2.165 2.876 3.137 2.78 2.69 2.489 3.139 5.926 3.803 5.503 2.651 2.141 2.815 2.271 1.992 1.897 1.728 1.558 1.374 1.386 1.371 1.353 1.428 1.523 1.729 1.822 1.84 1.805 2.858 2.757 1.973 1.785 1.745 1.72 1.697 1.772 1.676 1.653 1.677 1.692 1.705 1.676 1.71 1.799 1.74 1.731 1.618 1.535 2.194 3.177 3.429 3.251 2.244 0.887 1.281 1.543 1.416 1.365 1.415 1.483 1.462
1.966 2.142 4.883 5.738 6.401 4.358 2.044 1.942 1.946 1.931 1.921 2.251 2.746 3.672 4.241 3.562 3.406 5.721 3.506 3.462 2.842 2.633 2.5 4.309 4.791 6.231 4.538 2.07 2.532 2.451 2.037 1.69 1.419 1.209 1.183 1.262 1.336 1.523 1.621 1.666 1.803 1.874 1.838 1.751 1.752 1.766 1.785 1.774 1.756 1.73 1.682 1.686 1.693 1.654 1.665 1.686 1.708 1.672 1.784 1.903 1.997 1.678 1.704 1.599 1.663 2.996 3.255 2.77 2.316 1.704 0.538 1.649 1.496 1.403 1.426 1.321 1.193
1.907 2.087 3.726 6.658 5.799 5.993 2.205 2.368 1.883 1.811 3.539 6.232 6.154 1.907 5.965 7.46 6.144 7.518 6.906 3.338 3.232 2.686 2.816 4.195 5.266 3.756 3.383 2.064 1.959 2.072 1.635 1.273 1.198 1.217 1.115 1.277 1.64 1.675 1.659 1.676 1.725 1.794 1.794 1.785 1.773 1.803 1.823 1.789 1.755 1.736 1.71 1.68 1.705 1.671 1.655 1.698 1.723 1.712 1.866 2.863 2.179 1.68 1.681 1.601 1.621 1.75 2.383 1.768 1.835 1.758 1.705 1.687 1.617 1.593 1.44 1.332 1.138
1.887 1.91 3.194 6.835 4.108 4.512 3.397 6.12 6.208 5.08 5.885 9.42 8.205 5.64 8.149 8.338 2.572 5.37 7.563 3.731 3.501 2.379 2.248 3.099 5.754 5.236 2.161 1.519 1.542 1.687 1.598 1.288 1.395 1.274 1.526 1.693 1.742 1.773 1.751 1.716 1.736 1.793 1.809 1.82 1.848 1.823 1.843 1.822 1.772 1.73 1.702 1.687 1.701 1.657 1.631 1.684 1.69 1.731 1.696 1.625 1.67 1.649 1.636 1.606 1.619 1.627 1.659 1.705 1.745 1.713 1.748 1.748 1.767 1.766 1.694 1.645 1.554
1.891 1.91 2.114 3.038 2.682 3.726 2.034 8.061 9.337 6.492 7.376 9.769 10.178 5.419 8.348 11.215 8.314 10.005 10.146 7.805 7.102 3.364 2.251 3.058 2.563 1.784 1.458 1.071 0.836 1.767 1.822 1.644 2.267 2.272 1.786 1.778 1.829 1.814 1.797 1.747 1.777 1.816 1.809 1.837 1.847 1.84 1.841 1.819 1.76 1.727 1.697 1.896 1.82 1.915 2.726 1.908 1.72 1.729 1.672 1.592 1.566 1.583 1.607 1.608 1.598 1.626 1.665 1.706 1.713 1.692 1.706 1.711 1.717 1.708 1.689 1.701 1.699
1.865 2.011 2.364 3.407 5.45 2.869 7.095 8.282 12.155 11.135 8.642 10.685 9.317 3.35 5.238 10.875 10.251 11.632 9.403 9.574 6.081 5.957 3.175 4.725 4.043 1.911 1.046 0.843 0.788 1.193 1.953 2.706 2.565 1.894 1.91 1.801 1.846 1.802 1.769 1.771 1.789 1.776 1.781 1.779 1.818 1.821 1.805 1.783 1.737 1.742 1.697 3.294 3.004 3.204 2.87 2.674 1.811 2.754 3.295 3.011 1.727 1.553 1.785 1.688 1.612 1.645 1.675 1.703 1.711 1.703 1.696 1.688 1.716 1.727 1.694 1.704 1.678
1.792 2.858 5.66 6.48 7.146 2.273 8.163 12.581 12.083 13.272 7.632 7.949 7.794 8.18 1.893 8.04 9.259 9.942 4.57 9.281 3.548 2.569 2.668 3.489 3.754 2.58 1.245 0.796 1.016 1.395 1.87 2.475 1.894 1.624 1.681 1.761 1.807 1.724 1.765 1.754 1.8 1.733 1.724 1.76 1.808 1.785 1.771 1.749 1.728 1.643 1.64 2.294 2.513 3.803 2.236 1.735 2.632 2.872 3.263 3.245 2.575 2.656 3.501 2.092 2.686 3.078 1.696 1.709 1.67 1.706 1.694 1.669 1.694 1.734 1.69 1.699 1.694
1.717 2.363 6.465 6.665 12.255 7.751 5.255 11.813 15.837 15.637 10.119 8.229 11.459 12.485 6.463 3.153 9.414 7.823 5.241 9.712 9.778 6.937 3.937 1.772 2.088 1.696 1.177 1.389 1.528 1.508 1.475 1.339 1.369 1.525 1.627 1.709 1.721 1.736 1.748 1.76 1.787 1.744 1.699 1.759 1.769 1.754 1.723 1.7 1.673 1.548 1.513 1.476 1.487 1.658 1.57 1.557 2.267 2.364 3.231 3.072 2.563 2.969 3.25 2.946 3.315 3.978 2.109 1.617 1.626 1.69 1.679 1.646 1.677 1.749 1.729 1.715 1.697
1.989 2.411 8.857 12.052 11.473 12.54 2.972 10.175 14.101 15.766 17.728 14.718 10.501 7.32 2.414 1.732 6.146 6.704 6.502 10.873 6.499 4.55 2.927 1.196 1.555 1.488 1.614 1.555 1.503 1.423 1.298 1.245 1.259 1.417 1.531 1.558 1.552 1.615 1.689 1.735 1.777 1.707 1.684 1.703 1.697 1.676 1.645 1.605 1.475 1.318 1.294 1.273 1.302 1.306 1.319 1.355 1.376 1.428 1.574 1.914 1.673 2.307 2.679 3.132 3.352 3.964 3.002 1.634 1.613 1.68 1.728 1.659 1.648 1.744 1.715 1.68 1.754
1.843 1.834 6.464 13.668 14.681 14.782 3.09 10.304 6.373 16.82 18.107 11.498 11.324 2.843 1.301 1.199 8.06 10.394 5.976 4.575 3.356 1.593 1.485 1.618 1.742 1.735 1.671 1.616 1.551 1.441 1.271 1.254 1.37 1.431 1.434 1.425 1.434 1.478 1.591 1.656 1.694 1.678 1.679 1.661 1.607 1.496 1.374 1.313 1.238 1.191 1.197 1.198 1.209 1.207 1.214 1.241 1.285 1.292 1.291 1.301 1.355 1.411 1.562 1.728 1.843 3.269 2.486 1.628 1.659 1.705 1.719 1.69 1.672 1.721 1.7 1.716 1.76
3.341 1.52 6.729 11.278 11.124 14.776 10.346 9.461 5.585 7.374 13.28 9.042 9.97 6.878 1.881 2.333 2.796 7.835 3.628 1.796 2.047 1.917 1.919 1.878 1.833 1.772 1.726 1.614 1.543 1.491 1.406 1.368 1.351 1.303 1.294 1.355 1.427 1.433 1.495 1.549 1.594 1.618 1.6 1.536 1.427 1.279 1.223 1.196 1.18 1.141 1.143 1.15 1.154 1.142 1.146 1.18 1.214 1.189 1.214 1.207 1.211 1.22 1.244 1.315 1.438 1.543 1.645 1.602 1.632 1.649 1.722 1.68 1.684 1.722 1.752 1.758 1.767
3.699 3.624 8.313 5.527 2.344 10.204 13.827 4.536 1.522 5.276 3.097 7.499 6.927 10.889 1.943 1.596 1.681 1.682 1.832 1.861 2.05 1.984 1.916 1.931 1.844 1.802 1.762 1.661 1.588 1.508 1.398 1.306 1.318 1.303 1.293 1.268 1.322 1.437 1.56 1.481 1.48 1.515 1.402 1.299 1.208 1.16 1.14 1.114 1.098 1.108 1.092 1.123 1.101 1.071 1.084 1.113 1.149 1.133 1.141 1.153 1.147 1.144 1.138 1.148 1.192 1.27 1.401 1.484 1.515 1.523 1.625 1.651 1.671 1.715 1.761 1.767 1.748
3.955 5.86 3.22 6.471 10.614 10.693 12.226 7.667 1.717 1.278 7.682 14.589 13.898 2.13 0.966 1.263 1.821 1.834 1.989 1.927 1.897 2.112 2.248 2.218 2.402 2.378 1.91 1.692 1.521 1.418 1.381 1.368 1.333 1.306 1.308 1.314 1.341 1.361 1.509 1.518 1.392 1.368 1.295 1.218 1.133 1.093 1.103 1.051 1.023 1.051 1.046 1.028 1.061 1.046 1.031 1.086 1.086 1.073 1.071 1.098 1.1 1.069 1.104 1.099 1.144 1.193 1.218 1.26 1.288 1.295 1.428 1.516 1.59 1.637 1.67 1.714 1.725
5.959 12.229 8.643 2.982 6.04 2.093 12.899 13.236 3.46 6.202 5.894 3.087 11.953 1.289 1.765 1.766 2.003 1.883 1.864 1.866 2.309 2.759 2.753 2.656 2.814 3.011 2.668 1.967 1.388 1.356 1.373 1.393 1.363 1.358 1.391 1.396 1.423 1.403 1.515 1.574 1.371 1.281 1.233 1.178 1.079 1.066 1.049 1.024 1.016 1.013 1.021 1.028 1.028 1.033 1.043 1.046 1.058 1.041 1.031 1.041 1.058 1.041 1.049 1.055 1.109 1.132 1.162 1.184 1.219 1.203 1.229 1.271 1.336 1.395 1.43 1.524 1.634
5.85 9.416 6.052 1.682 3.14 3.405 5.951 6.793 7.511 6.999 5.813 0.971 1.385 1.583 1.916 1.887 1.841 1.842 1.819 1.875 2.713 3.135 3.499 2.996 3.2 2.989 2.556 1.83 1.326 1.323 1.331 1.371 1.373 1.341 1.356 1.371 1.378 1.386 1.491 1.563 1.463 1.281 1.186 1.101 1.038 0.973 1.001 1.008 1.013 0.998 0.996 0.988 1.016 1.001 1.026 1.023 1.028 0.991 1.001 1.023 1.026 1.008 1.016 1.002 1.09 1.125 1.116 1.121 1.131 1.14 1.148 1.165 1.222 1.256 1.289 1.306 1.388
2.521 4.183 2.459 5.088 5.51 7.443 9.617 7.736 8.031 8.249 7.447 2.738 1.804 1.851 1.794 1.839 1.796 1.74 1.753 1.703 1.973 3.091 4.601 2.783 2.807 2.694 2.347 1.524 1.231 1.271 1.301 1.318 1.341 1.353 1.341 1.336 1.333 1.336 1.473 1.486 1.478 1.311 1.151 1.063 0.998 0.971 0.993 0.976 0.971 1.003 0.993 0.996 1.008 1.001 1.026 1.066 1.001 1.003 1.033 1.016 0.991 1.006 1.008 0.951 1.058 1.061 1.072 1.089 1.084 1.083 1.087 1.12 1.15 1.192 1.234 1.248 1.285
1.438 2.409 2.628 4.177 7.34 7.214 7.563 8.131 8.005 7.759 6.918 5.556 1.802 1.82 1.837 1.813 1.79 1.678 1.671 1.643 1.675 2.632 2.549 2.164 1.932 1.861 1.387 1.208 1.186 1.221 1.238 1.256 1.271 1.263 1.256 1.248 1.263 1.278 1.398 0.786 1.411 1.368 1.181 1.061 0.988 0.988 1.001 1.013 0.996 0.981 0.988 0.968 0.988 1.031 1.038 1.036 0.996 1.016 1.021 0.993 0.981 0.996 0.981 0.933 1.061 1.066 1.075 1.056 1.078 1.053 1.041 1.073 1.078 1.109 1.175 1.197 1.226
