All_lidar/sz5990_DSM_2M.asc
ncols 500
nrows 500
xllcorner    459000
yllcorner    90000
cellsize     2
NODATA_value -9999
[rows 160 to 191 of 500, columns 72 to 143 of 500]
17.324 17.354 17.099 17.194 17.587 17.309 17.597 17.564 17.389 17.364 17.229 17.129 19.547 17.074 17.057 17.052 17.377 17.014 17.592 17.402 17.037 18.657 20.252 18.694 19.002 19.264 18.209 17.167 16.602 16.575 16.535 16.51 16.525 16.487 16.445 16.457 16.462 16.43 16.405 16.355 16.315 16.297 16.22 16.195 16.16 16.142 16.11 16.077 16.06 16.04 16 15.962 15.885 15.837 15.787 15.75 15.665 15.602 15.535 15.432 15.392 15.335 15.265 15.17 15.112 15.042 14.997 14.94 14.91 14.865 14.812 14.77
17.429 17.434 17.314 17.352 17.359 17.414 17.552 17.619 17.617 18.352 18.717 19.974 19.292 22.712 17.257 17.852 18.967 17.119 17.042 17.482 17.747 19.347 19.332 18.984 18.837 17.714 16.704 16.689 16.682 16.662 16.647 16.622 16.592 16.572 16.6 16.607 16.592 16.525 16.46 16.455 16.397 16.32 16.302 16.237 16.2 16.187 16.172 16.167 16.14 16.092 16.042 16.03 15.98 15.925 15.862 15.82 15.742 15.635 15.582 15.517 15.48 15.415 15.342 15.272 15.227 15.175 15.085 15.042 14.98 14.95 14.912 14.842
17.484 17.492 17.972 17.484 17.522 17.557 17.524 17.447 17.452 18.027 18.704 17.552 22.392 21.362 17.262 17.259 17.252 17.197 17.134 19.354 19.249 19.249 18.509 17.269 17.172 16.809 16.769 16.749 16.762 16.76 16.737 16.735 16.747 16.77 16.742 16.69 16.627 16.565 16.552 16.497 16.417 16.39 16.325 16.32 16.31 16.277 16.26 16.232 16.195 16.17 16.157 16.122 16.065 15.992 15.92 15.86 15.807 15.72 15.67 15.607 15.545 15.52 15.445 15.38 15.307 15.245 15.162 15.137 15.095 15.05 14.97 14.9
17.902 17.582 17.587 17.584 17.614 17.517 17.519 17.484 17.937 17.627 19.642 19.509 22.154 20.214 18.094 17.609 17.527 18.257 20.307 19.199 18.682 17.597 17.057 16.962 16.924 16.912 16.874 16.877 16.867 16.85 16.86 16.875 16.882 16.86 16.772 16.72 16.65 16.62 16.58 16.54 16.485 16.495 16.437 16.417 16.372 16.32 16.305 16.275 16.272 16.245 16.217 16.2 16.155 16.047 15.962 15.922 15.9 15.822 15.76 15.692 15.665 15.617 15.552 15.452 15.38 15.31 15.28 15.232 15.157 15.072 15.01 14.96
17.719 17.684 17.927 18.534 17.674 20.082 17.662 19.032 22.604 17.822 18.709 18.927 19.772 18.677 21.252 19.124 19.804 21.617 19.807 19.189 17.712 17.152 17.104 17.054 17.052 17.014 16.987 16.984 17.017 17.022 17.015 16.985 16.967 16.917 16.825 16.79 16.727 16.68 16.677 16.677 16.677 16.597 16.56 16.475 16.422 16.39 16.395 16.372 16.357 16.317 16.285 16.262 16.197 16.127 16.062 16.025 15.97 15.92 15.862 15.82 15.762 15.692 15.595 15.527 15.452 15.42 15.355 15.292 15.217 15.14 15.105 15.085
17.779 17.737 17.917 19.277 17.912 21.524 20.859 21.289 18.787 18.029 18.854 19.604 19.507 19.624 20.699 19.404 18.402 18.449 17.484 17.327 17.292 17.247 17.207 17.202 17.154 17.154 17.117 17.157 17.162 17.12 17.1 17.067 17.042 16.975 16.925 16.855 16.8 16.812 16.815 16.78 16.75 16.687 16.63 16.59 16.535 16.52 16.487 16.457 16.445 16.382 16.34 16.295 16.292 16.217 16.145 16.085 16.045 15.995 15.93 15.887 15.807 15.737 15.677 15.63 15.542 15.477 15.392 15.332 15.302 15.255 15.202 15.157
17.954 18.037 18.679 22.707 18.444 20.072 18.537 19.644 18.742 19.302 20.247 19.927 19.387 18.537 17.944 17.724 17.534 17.492 17.439 17.404 17.364 17.379 17.349 17.319 17.312 17.294 17.257 17.262 17.25 17.205 17.182 17.15 17.077 17.027 16.992 16.977 16.962 16.957 16.925 16.867 16.827 16.762 16.727 16.692 16.65 16.617 16.597 16.555 16.507 16.462 16.445 16.412 16.377 16.305 16.22 16.18 16.13 16.065 16 15.937 15.86 15.797 15.742 15.665 15.565 15.497 15.487 15.44 15.395 15.357 15.27 15.19
18.307 21.112 19.414 18.612 18.377 20.102 19.369 22.889 21.384 20.137 18.924 17.882 17.812 17.777 17.729 17.692 17.627 17.602 17.554 17.544 17.502 17.472 17.474 17.452 17.457 17.447 17.417 17.357 17.322 17.295 17.265 17.197 17.18 17.132 17.115 17.092 17.075 17.037 16.975 16.94 16.897 16.865 16.842 16.787 16.737 16.707 16.687 16.635 16.6 16.547 16.522 16.477 16.432 16.397 16.325 16.262 16.2 16.147 16.097 16.012 15.932 15.855 15.767 15.697 15.667 15.575 15.542 15.522 15.475 15.392 15.31 15.265
19.417 23.217 18.762 18.412 18.642 18.834 19.937 20.739 19.779 18.349 17.997 17.962 17.929 17.882 17.859 17.822 17.752 17.729 17.679 17.672 17.642 17.604 17.604 17.614 17.589 17.534 17.499 17.437 17.4 17.387 17.357 17.335 17.29 17.26 17.215 17.167 17.147 17.105 17.07 17.057 17.05 17 16.96 16.932 16.872 16.825 16.787 16.737 16.682 16.67 16.607 16.577 16.52 16.46 16.4 16.325 16.282 16.23 16.12 16.037 15.982 15.902 15.865 15.785 15.717 15.667 15.615 15.572 15.537 15.495 15.432 15.38
18.992 19.812 20.552 21.157 21.619 20.459 19.407 18.387 18.224 18.137 18.127 18.094 18.064 17.997 17.979 17.952 17.912 17.879 17.842 17.814 17.792 17.789 17.767 17.754 17.699 17.647 17.594 17.574 17.532 17.532 17.515 17.47 17.425 17.362 17.307 17.28 17.237 17.217 17.17 17.157 17.165 17.14 17.087 17.037 16.977 16.96 16.915 16.847 16.817 16.782 16.735 16.662 16.602 16.537 16.47 16.42 16.352 16.265 16.185 16.11 16.065 16.025 15.937 15.845 15.765 15.732 15.697 15.652 15.602 15.555 15.527 15.502
18.924 19.549 20.677 21.272 20.329 19.069 18.372 18.334 18.299 18.279 18.219 18.209 18.192 18.142 18.119 18.097 18.039 18.029 17.997 17.962 17.932 17.932 17.907 17.834 17.794 17.764 17.734 17.702 17.672 17.655 17.622 17.567 17.522 17.472 17.417 17.367 17.337 17.322 17.305 17.282 17.27 17.237 17.172 17.132 17.117 17.07 17.01 16.97 16.932 16.872 16.805 16.752 16.705 16.632 16.542 16.467 16.41 16.325 16.255 16.2 16.13 16.065 15.98 15.94 15.845 15.802 15.797 15.735 15.702 15.715 15.647 15.6
21.222 20.879 21.062 19.752 18.739 18.552 18.522 18.484 18.464 18.439 18.402 18.372 18.317 18.304 18.284 18.247 18.172 18.167 18.124 18.109 18.087 18.032 17.992 17.937 17.919 17.899 17.889 17.862 17.82 17.77 17.722 17.667 17.61 17.555 17.52 17.465 17.475 17.45 17.427 17.417 17.367 17.297 17.267 17.24 17.205 17.165 17.117 17.082 17.04 16.962 16.9 16.862 16.792 16.67 16.592 16.53 16.452 16.407 16.365 16.277 16.187 16.13 16.105 16.022 15.965 15.885 15.862 15.842 15.805 15.82 15.732 15.657
20.804 19.774 18.929 18.747 18.702 18.689 18.669 18.657 18.609 18.567 18.534 18.512 18.474 18.412 18.404 18.362 18.272 18.289 18.267 18.219 18.174 18.139 18.094 18.067 18.064 17.997 17.997 17.957 17.9 17.86 17.767 17.735 17.715 17.677 17.627 17.632 17.612 17.57 17.532 17.5 17.45 17.42 17.38 17.332 17.3 17.275 17.245 17.212 17.152 17.085 17.012 16.92 16.84 16.747 16.637 16.562 16.522 16.495 16.422 16.375 16.342 16.272 16.185 16.132 16.077 16.027 15.947 15.942 15.897 15.857 15.79 15.665
19.222 18.954 18.914 18.872 18.867 18.869 18.839 18.794 18.757 18.727 18.699 18.632 18.602 18.549 18.519 18.494 18.429 18.402 18.349 18.312 18.284 18.267 18.214 18.182 18.157 18.117 18.107 18.052 17.967 17.922 17.88 17.852 17.835 17.792 17.745 17.74 17.705 17.622 17.622 17.61 17.572 17.527 17.465 17.41 17.402 17.395 17.365 17.295 17.212 17.13 17.042 16.99 16.92 16.807 16.742 16.667 16.602 16.595 16.542 16.51 16.445 16.38 16.342 16.292 16.23 16.142 16.095 16.037 15.95 15.9 15.81 15.735
19.102 19.074 19.072 19.079 19.032 19.039 18.982 18.942 18.904 18.847 18.779 18.714 18.702 18.672 18.652 18.607 18.539 18.497 18.477 18.472 18.427 18.379 18.312 18.284 18.234 18.169 18.122 18.097 18.067 18.027 18.01 17.98 17.927 17.885 17.845 17.782 17.745 17.72 17.76 17.715 17.647 17.605 17.57 17.555 17.535 17.485 17.4 17.32 17.277 17.235 17.142 17.057 16.98 16.925 16.867 16.8 16.75 16.717 16.71 16.64 16.562 16.502 16.472 16.395 16.33 16.225 16.115 16.077 15.99 15.962 15.907 15.81
19.274 19.259 19.232 19.169 19.159 19.164 19.094 19.039 18.984 18.919 18.872 18.867 18.842 18.809 18.744 18.684 18.659 18.622 18.592 18.567 18.527 18.482 18.427 18.372 18.319 18.254 18.214 18.217 18.195 18.155 18.112 18.067 18.03 17.95 17.925 17.91 17.867 17.835 17.822 17.797 17.765 17.747 17.702 17.63 17.582 17.525 17.495 17.41 17.355 17.275 17.217 17.172 17.122 17.06 16.985 16.922 16.88 16.847 16.792 16.755 16.707 16.652 16.6 16.522 16.385 16.29 16.182 16.145 16.085 16.015 15.972 15.86
19.429 19.379 19.329 19.292 19.267 19.244 19.209 19.114 19.052 19.004 18.984 18.959 18.929 18.914 18.864 18.787 18.794 18.744 18.734 18.694 18.629 18.559 18.499 18.439 18.367 18.359 18.369 18.352 18.287 18.252 18.205 18.162 18.095 18.072 18.037 17.98 17.932 17.942 17.917 17.942 17.91 17.865 17.782 17.725 17.665 17.625 17.582 17.505 17.425 17.385 17.325 17.285 17.215 17.195 17.12 17.045 16.982 16.967 16.935 16.9 16.842 16.735 16.657 16.565 16.447 16.34 16.277 16.235 16.197 16.082 15.987 15.902
19.539 19.492 19.437 19.434 19.387 19.357 19.254 19.204 19.164 19.154 19.109 19.049 19.007 18.974 18.969 18.912 18.884 18.829 18.824 18.769 18.704 18.647 18.592 18.524 18.494 18.459 18.452 18.437 18.375 18.33 18.297 18.245 18.212 18.155 18.09 18.04 18.015 18.02 18.04 18.017 17.97 17.91 17.872 17.817 17.775 17.73 17.672 17.597 17.567 17.487 17.422 17.39 17.34 17.277 17.205 17.172 17.13 17.117 17.09 17.02 16.922 16.805 16.702 16.6 16.527 16.467 16.407 16.277 16.205 16.082 15.99 15.89
19.659 19.602 19.549 19.549 19.514 19.434 19.364 19.349 19.337 19.249 19.219 19.177 19.152 19.087 19.062 19.039 18.999 18.917 18.867 18.852 18.799 18.749 18.717 18.672 18.594 18.569 18.539 18.474 18.457 18.395 18.38 18.36 18.287 18.24 18.202 18.187 18.16 18.1 18.085 18.047 18.012 17.977 17.945 17.91 17.865 17.817 17.8 17.747 17.7 17.612 17.57 17.502 17.455 17.405 17.377 17.305 17.267 17.25 17.2 17.107 16.992 16.89 16.807 16.715 16.627 16.545 16.455 16.352 16.222 16.1 16.037 15.947
19.777 19.732 19.697 19.624 19.617 19.549 19.547 19.477 19.424 19.399 19.317 19.277 19.224 19.174 19.149 19.129 19.039 19.009 18.974 18.944 18.899 18.884 18.832 18.764 18.689 18.657 18.637 18.552 18.527 18.51 18.462 18.407 18.385 18.35 18.315 18.277 18.192 18.142 18.135 18.117 18.145 18.09 18.025 17.992 17.955 17.93 17.9 17.867 17.807 17.722 17.672 17.647 17.607 17.54 17.497 17.4 17.355 17.325 17.247 17.172 17.062 16.985 16.862 16.785 16.712 16.625 16.53 16.387 16.25 16.177 16.085 16.025
19.932 19.907 19.837 19.772 19.742 19.697 19.657 19.609 19.564 19.494 19.437 19.339 19.297 19.249 19.192 19.152 19.132 19.114 19.079 19.059 19.009 18.967 18.922 18.874 18.779 18.724 18.704 18.649 18.612 18.58 18.537 18.517 18.487 18.43 18.347 18.305 18.267 18.24 18.212 18.207 18.212 18.155 18.14 18.107 18.085 18.035 18.015 17.95 17.915 17.84 17.805 17.782 17.72 17.64 17.585 17.48 17.442 17.415 17.33 17.235 17.18 17.075 16.957 16.897 16.815 16.695 16.557 16.462 16.34 16.267 16.167 16.1
20.134 20.074 19.979 19.924 19.859 19.817 19.792 19.714 19.634 19.584 19.494 19.434 19.384 19.349 19.292 19.272 19.244 19.242 19.164 19.144 19.089 19.079 19.004 18.934 18.847 18.822 18.784 18.764 18.732 18.68 18.652 18.617 18.542 18.485 18.422 18.377 18.335 18.322 18.292 18.315 18.282 18.277 18.247 18.192 18.185 18.132 18.095 18.052 18.025 17.995 17.89 17.87 17.787 17.712 17.597 17.555 17.52 17.48 17.415 17.34 17.25 17.172 17.082 17.005 16.905 16.767 16.632 16.497 16.412 16.33 16.252 16.18
20.252 20.177 20.102 20.054 19.994 19.932 19.877 19.814 19.734 19.659 19.592 19.552 19.462 19.404 19.377 19.387 19.344 19.274 19.264 19.217 19.172 19.137 19.057 18.984 18.947 18.919 18.884 18.854 18.827 18.795 18.675 18.652 18.61 18.585 18.532 18.482 18.445 18.387 18.385 18.38 18.39 18.402 18.35 18.275 18.242 18.232 18.177 18.14 18.117 18.055 18 17.93 17.85 17.772 17.7 17.657 17.602 17.572 17.5 17.455 17.365 17.277 17.182 17.085 16.98 16.842 16.685 16.58 16.492 16.427 16.342 16.255
20.364 20.309 20.244 20.164 20.134 20.042 19.959 19.899 19.854 19.772 19.689 19.622 19.552 19.489 19.472 19.437 19.392 19.362 19.329 19.287 19.237 19.192 19.149 19.097 19.074 19.052 19.002 18.982 18.902 18.865 18.797 18.755 18.715 18.712 18.612 18.557 18.497 18.48 18.482 18.47 18.457 18.485 18.425 18.402 18.367 18.332 18.297 18.215 18.197 18.117 18.062 17.967 17.9 17.862 17.81 17.732 17.687 17.65 17.592 17.532 17.462 17.35 17.277 17.187 17.02 16.855 16.767 16.667 16.607 16.507 16.452 16.627
20.497 20.399 20.347 20.249 20.162 20.104 20.049 20.014 19.929 19.867 19.824 19.724 19.674 19.607 19.567 19.487 19.452 19.417 19.367 19.312 19.329 19.287 19.262 19.197 19.149 19.124 19.074 19.047 18.975 18.975 18.902 18.85 18.82 18.757 18.687 18.652 18.59 18.602 18.567 18.562 18.53 18.53 18.512 18.482 18.467 18.402 18.37 18.312 18.245 18.19 18.115 18.04 17.985 17.907 17.87 17.815 17.785 17.78 17.672 17.615 17.545 17.472 17.38 17.24 17.08 16.945 16.87 16.812 16.697 16.6 16.732 17.2
20.609 20.497 20.432 20.344 20.287 20.237 20.149 20.112 20.064 20.004 19.924 19.827 19.767 19.702 19.642 19.542 19.519 19.459 19.462 19.432 19.409 19.369 19.332 19.252 19.234 19.179 19.147 19.132 19.067 19.042 19.012 18.937 18.89 18.842 18.797 18.735 18.7 18.665 18.65 18.652 18.627 18.585 18.572 18.542 18.507 18.465 18.412 18.372 18.317 18.245 18.195 18.137 18.072 18.03 17.932 17.905 17.86 17.837 17.745 17.667 17.635 17.557 17.457 17.32 17.147 17.075 16.972 16.88 16.762 16.795 17.175 17.475
20.699 20.604 20.529 20.457 20.377 20.344 20.292 20.239 20.137 20.092 20.014 19.947 19.844 19.764 19.684 19.644 19.574 19.547 19.537 19.492 19.482 19.422 19.389 19.367 19.317 19.277 19.212 19.192 19.18 19.147 19.097 19.01 18.987 18.947 18.885 18.812 18.777 18.73 18.74 18.747 18.697 18.662 18.645 18.625 18.56 18.547 18.487 18.43 18.37 18.312 18.257 18.19 18.147 18.115 18.022 17.955 17.887 17.852 17.827 17.787 17.717 17.63 17.552 17.445 17.292 17.175 17.067 16.945 17.04 17.715 17.74 19.252
20.794 20.737 20.654 20.597 20.482 20.424 20.357 20.319 20.234 20.189 20.109 19.997 19.887 19.844 19.762 19.724 19.689 19.629 19.582 19.507 19.507 19.512 19.484 19.432 19.377 19.327 19.304 19.292 19.267 19.197 19.162 19.14 19.062 19.04 18.965 18.902 18.875 18.837 18.847 18.795 18.765 18.727 18.727 18.662 18.612 18.58 18.557 18.477 18.44 18.395 18.35 18.277 18.215 18.157 18.08 18.025 17.955 17.925 17.9 17.855 17.805 17.755 17.617 17.502 17.37 17.275 17.142 17.062 17.267 18.17 17.247 16.607
20.927 20.842 20.739 20.689 20.579 20.514 20.464 20.412 20.329 20.264 20.182 20.064 19.969 19.924 19.882 19.777 19.737 19.657 19.667 19.627 19.629 19.559 19.537 19.489 19.444 19.444 19.399 19.364 19.33 19.325 19.26 19.227 19.165 19.12 19.08 19.02 18.965 18.91 18.88 18.855 18.852 18.77 18.745 18.697 18.677 18.64 18.62 18.572 18.502 18.457 18.402 18.315 18.267 18.187 18.152 18.127 18.08 18.002 18.015 17.98 17.905 17.807 17.677 17.552 17.46 17.332 17.205 17.44 18.227 18.007 16.885 16.682
21.004 20.942 20.847 20.757 20.662 20.614 20.557 20.497 20.404 20.337 20.232 20.159 20.097 19.992 19.892 19.842 19.757 19.757 19.774 19.712 19.672 19.634 19.587 19.572 19.542 19.507 19.447 19.452 19.407 19.385 19.335 19.31 19.27 19.24 19.192 19.087 19.015 19 18.937 18.922 18.89 18.827 18.81 18.755 18.74 18.725 18.667 18.62 18.577 18.497 18.42 18.372 18.322 18.252 18.23 18.157 18.147 18.11 18.09 18.062 17.987 17.842 17.685 17.602 17.51 17.387 17.377 18.472 18.555 17.407 16.837 16.805
21.127 21.042 20.929 20.854 20.757 20.722 20.639 20.579 20.499 20.442 20.339 20.252 20.149 20.074 19.979 19.942 19.897 19.854 19.817 19.739 19.757 19.739 19.689 19.652 19.599 19.567 19.532 19.517 19.51 19.465 19.437 19.41 19.342 19.275 19.262 19.175 19.137 19.095 19.02 18.97 18.942 18.897 18.87 18.852 18.802 18.757 18.717 18.692 18.612 18.542 18.485 18.467 18.402 18.335 18.292 18.28 18.237 18.192 18.135 18.072 18.032 17.905 17.775 17.67 17.572 17.502 18.292 18.812 18.065 16.975 16.907 16.872
21.197 21.129 21.039 20.959 20.869 20.802 20.719 20.664 20.597 20.537 20.444 20.319 20.214 20.134 20.092 20.047 19.962 19.927 19.862 19.857 19.847 19.797 19.737 19.684 19.682 19.632 19.607 19.564 19.572 19.552 19.525 19.467 19.417 19.355 19.302 19.285 19.217 19.15 19.067 19.062 19.03 18.955 18.925 18.9 18.86 18.797 18.785 18.715 18.687 18.647 18.597 18.552 18.5 18.47 18.412 18.347 18.287 18.225 18.215 18.145 18.075 17.952 17.83 17.727 17.617 18.185 18.737 18.862 17.132 17.08 17.03 17.197
