All_lidar/sz5989_DSM_2M.asc
ncols 500
nrows 500
xllcorner    459000
yllcorner    89000
cellsize     2
NODATA_value -9999
[rows 0 to 31 of 500, columns 72 to 143 of 500]
21.675 21.677 21.667 21.65 21.632 21.625 21.612 21.58 21.582 21.575 21.542 21.525 21.522 21.522 21.49 21.487 21.45 21.417 21.362 21.337 21.327 21.305 21.26 21.225 21.185 21.135 21.095 21.052 21.01 20.97 20.932 20.905 20.852 20.817 20.76 20.73 20.727 20.685 20.647 20.637 20.582 20.53 20.42 20.582 21.89 21.547 20.262 20.9 21.705 21.83 21.062 20.552 20.355 20.307 20.332 20.472 20.74 20.712 20.407 20.157 20.122 20.062 20.057 20.03 20.11 20.02 19.977 20.032 20.097 20.092 19.935 19.92
21.59 21.592 21.582 21.56 21.537 21.532 21.522 21.522 21.5 21.487 21.46 21.442 21.445 21.432 21.39 21.362 21.365 21.315 21.255 21.252 21.237 21.21 21.177 21.142 21.087 21.042 20.977 20.947 20.91 20.88 20.84 20.83 20.765 20.73 20.68 20.66 20.625 20.6 20.58 20.522 20.492 20.44 20.327 20.735 22.095 21.447 20.192 20.905 22.09 22.09 21.217 20.335 20.287 20.357 20.347 20.4 20.54 20.295 20.182 20.067 20.002 19.982 19.947 19.955 19.93 19.915 19.857 19.945 19.797 19.777 19.772 19.867
21.522 21.51 21.487 21.497 21.467 21.442 21.445 21.44 21.412 21.41 21.385 21.382 21.36 21.36 21.317 21.295 21.267 21.23 21.337 21.167 21.135 21.137 21.095 21.05 21.015 20.942 20.905 20.865 20.81 20.775 20.902 20.715 20.677 20.627 20.577 20.565 20.547 20.495 20.492 20.422 20.407 20.347 20.232 20.632 22.01 21.07 20.127 20.93 21.88 21.925 21.105 20.36 20.245 20.147 20.127 20.04 20.135 20.195 20.32 20.11 20.072 19.955 19.94 19.862 19.827 19.805 19.775 19.797 19.77 19.72 19.66 19.785
21.43 21.442 21.432 21.42 21.382 21.38 21.387 21.352 21.317 21.305 21.272 21.28 21.285 21.27 21.25 21.225 21.202 21.16 21.125 21.105 21.08 21.035 20.99 20.987 20.922 20.875 20.83 20.785 20.725 20.687 20.692 20.63 20.605 20.547 20.507 20.497 20.455 20.407 20.382 20.352 20.312 20.257 20.142 20.64 22.025 20.572 20.077 21.005 21.757 22.18 20.652 20.125 20.167 19.997 20 19.927 19.875 20.032 20.257 20.015 19.98 19.965 19.882 19.79 19.712 19.64 19.662 19.625 19.635 19.57 19.62 19.567
21.377 21.382 21.35 21.327 21.337 21.31 21.287 21.257 21.255 21.222 21.227 21.192 21.18 21.177 21.152 21.13 21.11 21.065 21.022 21.015 20.992 20.972 20.91 20.875 20.835 20.775 20.732 20.687 20.647 20.58 20.59 20.562 20.492 20.445 20.43 20.405 20.375 20.32 20.285 20.237 20.22 20.172 20.06 20.657 22.015 20.247 19.97 21.217 21.67 22.582 20.462 19.917 19.982 19.837 19.94 19.88 19.855 19.835 20.08 19.897 20.075 20.167 19.78 19.755 19.78 19.672 19.612 19.755 19.597 19.465 19.542 19.442
21.312 21.297 21.26 21.26 21.242 21.23 21.217 21.195 21.197 21.17 21.137 21.117 21.107 21.082 21.057 21.017 21.027 21.012 20.93 20.91 20.907 20.87 20.837 20.795 20.752 20.685 20.662 20.61 20.56 20.522 20.52 20.485 20.395 20.347 20.322 20.29 20.295 20.247 20.2 20.14 20.13 20.045 19.942 20.62 21.932 20.145 19.867 21.012 21.77 21.852 20.392 19.797 19.87 19.91 19.81 19.742 19.805 19.78 19.757 19.762 19.975 20.067 19.86 19.655 19.592 19.582 19.937 19.907 19.732 19.5 19.385 19.335
21.22 21.23 21.195 21.197 21.18 21.17 21.157 21.11 21.11 21.077 21.057 21.037 21.037 21.012 20.975 20.947 20.942 20.91 20.835 20.842 20.81 20.765 20.755 20.715 20.645 20.597 20.545 20.507 20.477 20.452 20.405 20.37 20.275 20.237 20.22 20.21 20.165 20.147 20.117 20.062 20.02 19.932 19.835 20.692 21.797 20.095 19.74 20.712 21.73 21.567 20.225 19.717 19.817 19.845 19.807 19.697 19.707 19.702 19.612 19.615 19.697 19.967 19.935 19.64 19.48 19.767 19.79 19.777 19.847 19.595 19.375 19.237
21.14 21.142 21.12 21.122 21.13 21.072 21.062 21.027 21.005 20.992 20.97 20.96 20.942 20.93 20.912 20.895 20.855 20.8 20.73 20.71 20.68 20.67 20.625 20.607 20.525 20.492 20.452 20.41 20.407 20.367 20.285 20.277 20.207 20.185 20.14 20.11 20.07 20.07 20.04 19.98 19.92 19.85 19.777 21.407 21.712 20.105 19.647 20.452 21.5 21.447 19.885 19.64 19.687 19.722 19.802 19.692 19.522 19.51 19.525 19.512 19.44 19.562 19.505 19.407 19.33 19.432 19.465 19.447 19.405 19.547 19.597 19.337
21.057 21.047 21.035 21.022 21.02 20.972 20.96 20.955 20.96 20.91 20.9 20.895 20.87 20.827 20.827 20.797 20.752 20.722 20.66 20.617 20.59 20.572 20.54 20.495 20.412 20.375 20.357 20.302 20.295 20.25 20.19 20.175 20.11 20.08 20.045 20.007 19.985 19.967 19.945 19.897 19.842 19.742 19.712 21.475 21.972 20.207 19.585 20.24 21.257 21.24 19.882 19.575 19.535 19.712 19.972 19.77 19.41 19.372 19.317 19.397 19.317 19.275 19.222 19.262 19.26 19.262 19.187 19.175 19.155 19.21 19.222 19.255
20.977 20.95 20.96 20.952 20.935 20.93 20.882 20.85 20.852 20.832 20.805 20.807 20.78 20.757 20.732 20.687 20.662 20.607 20.542 20.537 20.52 20.482 20.442 20.395 20.33 20.277 20.23 20.18 20.165 20.115 20.062 20.012 19.967 19.952 19.937 19.897 19.867 19.887 19.835 19.782 19.755 19.667 19.965 21.617 22.35 20.067 19.475 20.092 21.252 20.96 19.68 19.46 19.485 19.592 19.767 19.602 19.467 19.287 19.267 19.242 19.255 19.197 19.137 19.26 19.172 19.18 19.102 19.07 19.087 19.007 19.057 19.165
20.89 20.857 20.907 20.86 20.827 20.83 20.812 20.777 20.772 20.742 20.71 20.7 20.687 20.67 20.662 20.612 20.587 20.527 20.45 20.437 20.43 20.375 20.325 20.287 20.215 20.19 20.122 20.107 20.065 20.017 19.972 19.93 19.902 19.852 19.84 19.81 19.76 19.76 19.752 19.692 19.64 19.565 20.342 23.925 26.315 21.07 22.745 21.217 20.795 20.345 19.527 19.337 19.295 19.49 19.762 19.79 19.38 19.227 19.17 19.197 19.107 19.042 19.062 19.052 19.007 19.05 19.017 19.015 18.957 18.935 18.912 18.92
20.802 20.792 20.827 20.777 20.76 20.74 20.755 20.717 20.7 20.685 20.637 20.602 20.597 20.57 20.555 20.535 20.495 20.42 20.362 20.362 20.347 20.302 20.27 20.205 20.122 20.062 20.047 20.015 19.995 19.922 19.882 19.857 19.83 19.762 19.745 19.702 19.717 19.795 19.65 19.587 19.547 19.492 21.11 26.68 27.91 26.062 25.21 23.295 19.915 22.097 19.577 19.245 19.322 19.385 19.412 19.42 19.137 19.127 19.082 19.045 19.025 19.037 18.935 18.93 18.995 18.977 18.955 18.925 18.945 18.897 18.872 18.942
20.727 20.722 20.75 20.707 20.682 20.667 20.655 20.607 20.64 20.62 20.567 20.53 20.54 20.495 20.442 20.412 20.392 20.325 20.262 20.272 20.242 20.202 20.157 20.12 20.052 19.997 19.955 19.907 19.89 19.845 19.782 19.765 19.737 19.692 19.677 19.647 19.635 19.615 19.582 19.535 19.48 19.445 21.315 24.027 26.057 25.515 24.935 22.565 19.587 20.382 20.172 19.847 19.43 19.21 19.105 19.017 19.002 18.922 18.95 19 18.995 18.995 18.897 18.925 18.927 18.92 19.06 18.837 18.927 18.86 18.722 18.715
20.672 20.662 20.667 20.635 20.65 20.627 20.595 20.547 20.55 20.552 20.502 20.462 20.432 20.4 20.39 20.36 20.31 20.257 20.19 20.205 20.145 20.092 20.022 20.025 19.95 19.912 19.865 19.825 19.78 19.745 19.71 19.66 19.635 19.597 19.585 19.582 19.575 19.557 19.525 19.47 19.42 19.35 20.51 23.69 25.465 25.762 22.97 20.945 19.735 20.567 20.355 19.395 19.162 19.112 19.025 18.915 18.91 18.947 18.867 18.937 18.91 18.997 18.797 18.825 18.807 18.837 18.877 18.81 18.805 18.805 18.792 18.577
20.605 20.585 20.592 20.567 20.56 20.55 20.54 20.497 20.5 20.467 20.417 20.382 20.345 20.335 20.275 20.292 20.232 20.17 20.122 20.12 20.075 20.02 19.955 19.93 19.86 19.815 19.757 19.757 19.705 19.645 19.632 19.615 19.555 19.527 19.522 19.51 19.48 19.485 19.432 19.392 19.342 19.255 20.517 21.192 20.6 20.855 19.757 19.277 19.257 20.565 20.455 19.04 19.047 19.052 18.99 18.907 18.835 18.802 18.752 18.795 18.795 18.862 18.86 18.757 18.767 18.727 18.647 18.647 18.765 18.565 18.595 18.45
20.555 20.53 20.542 20.49 20.495 20.48 20.457 20.42 20.407 20.385 20.352 20.307 20.28 20.265 20.217 20.182 20.152 20.095 20.02 20.002 19.982 19.93 19.88 19.85 19.79 19.72 19.685 19.652 19.617 19.55 19.527 19.517 19.475 19.462 19.445 19.415 19.405 19.417 19.362 19.31 19.262 19.187 20.557 20.62 19.17 19.132 19.127 19.082 18.892 20.06 20.462 19.07 18.985 18.982 19.032 18.93 18.827 18.857 18.66 18.722 18.67 18.695 18.702 18.642 18.665 18.57 18.557 18.537 18.585 18.437 18.387 18.365
20.472 20.472 20.49 20.455 20.432 20.392 20.377 20.367 20.32 20.31 20.265 20.24 20.212 20.175 20.135 20.105 20.037 19.99 19.935 19.89 19.867 19.832 19.792 19.757 19.71 19.655 19.605 19.57 19.515 19.457 19.457 19.405 19.38 19.362 19.34 19.36 19.345 19.365 19.29 19.227 19.187 19.107 20.965 20.002 19.12 19.095 19.06 19.042 18.807 19.465 20.22 19.452 18.892 19.02 18.937 18.812 18.702 18.85 18.617 18.627 18.587 18.615 18.732 18.595 18.53 18.56 18.54 18.415 18.365 18.327 18.267 18.267
20.422 20.415 20.412 20.395 20.35 20.312 20.325 20.305 20.242 20.235 20.18 20.115 20.127 20.095 20.042 20.007 19.972 19.932 19.85 19.807 19.792 19.845 19.687 19.64 19.595 19.557 19.512 19.475 19.452 19.392 19.375 19.36 19.305 19.287 19.282 19.28 19.307 19.282 19.187 19.13 19.1 19.12 21.152 19.637 19.06 19.045 18.995 19.005 18.76 18.755 19.925 19.64 18.84 18.805 18.845 18.822 18.69 18.745 18.587 18.565 18.505 18.555 18.552 18.455 18.47 18.49 18.417 18.31 18.257 18.257 18.487 18.817
20.332 20.325 20.337 20.317 20.277 20.217 20.242 20.205 20.162 20.135 20.115 20.055 20.01 19.997 19.935 19.912 19.85 19.805 19.752 19.712 19.71 19.632 19.575 19.535 19.495 19.492 19.415 19.365 19.367 19.3 19.292 19.26 19.212 19.235 19.227 19.212 19.2 19.18 19.11 19.02 19.002 19.47 21.122 19.072 19.02 18.945 18.905 18.885 19.067 18.615 19.112 20.162 19.077 18.565 18.615 18.745 18.58 18.602 18.532 18.585 18.385 18.397 18.327 18.342 18.267 18.27 18.215 18.222 18.355 18.645 19.195 19.385
20.252 20.25 20.272 20.212 20.18 20.167 20.16 20.127 20.09 20.052 19.997 19.955 19.907 19.907 19.835 19.82 19.757 19.692 19.657 19.62 19.58 19.532 19.475 19.447 19.425 19.375 19.322 19.292 19.255 19.205 19.197 19.185 19.147 19.13 19.115 19.127 19.11 19.075 19.012 18.96 18.915 19.81 21.092 18.972 18.917 18.875 18.842 18.79 18.87 18.59 18.597 19.317 18.72 18.505 18.437 18.57 18.56 18.472 18.472 18.565 18.325 18.285 18.225 18.2 18.225 18.227 18.232 18.432 18.815 18.817 18.952 19.3
20.175 20.162 20.155 20.137 20.107 20.075 20.042 20.022 20.002 19.947 19.9 19.832 19.812 19.792 19.742 19.707 19.67 19.617 19.552 19.527 19.495 19.432 19.357 19.342 19.3 19.252 19.25 19.207 19.185 19.14 19.12 19.095 19.067 19.042 19.042 19.047 19.015 18.967 18.912 18.865 18.825 19.825 20.985 18.892 18.827 18.792 18.74 18.705 18.682 18.612 18.47 18.907 19.375 18.452 18.367 18.395 18.522 18.46 18.562 18.4 18.192 18.137 18.115 18.13 18.242 18.452 18.642 18.615 18.985 18.667 18.457 18.71
20.09 20.075 20.08 20.055 20.02 19.99 19.937 19.91 19.897 19.847 19.772 19.725 19.697 19.685 19.625 19.602 19.565 19.51 19.442 19.43 19.372 19.33 19.277 19.245 19.225 19.16 19.152 19.135 19.087 19.06 19.037 19.002 18.997 18.962 18.95 18.97 18.937 18.902 18.815 18.76 18.76 20.017 20.837 18.805 18.755 18.71 18.65 18.587 18.577 18.66 18.417 18.432 18.967 18.33 18.352 18.287 18.377 18.38 18.322 18.202 18.102 18.075 18.225 18.415 18.442 18.68 18.787 18.82 18.687 18.58 18.43 18.475
20.02 20.005 19.985 19.955 19.922 19.915 19.857 19.832 19.797 19.74 19.697 19.622 19.595 19.605 19.545 19.505 19.462 19.415 19.342 19.3 19.287 19.232 19.197 19.177 19.155 19.115 19.067 19.047 19.002 18.975 18.967 18.96 18.912 18.93 18.897 18.89 18.852 18.832 18.772 18.702 18.697 20.042 20.67 18.74 18.705 18.622 18.535 18.9 19.92 19.3 18.415 18.29 18.415 18.265 18.327 18.255 18.17 18.182 18.137 18.087 18.1 18.11 18.217 18.365 18.625 19.055 19.057 18.665 18.655 18.385 18.262 18.337
19.927 19.917 19.922 19.897 19.845 19.802 19.772 19.725 19.687 19.637 19.597 19.537 19.525 19.482 19.435 19.41 19.345 19.3 19.255 19.21 19.192 19.16 19.115 19.115 19.087 19.055 18.987 18.947 18.947 18.917 18.9 18.882 18.83 18.837 18.847 18.815 18.787 18.755 18.68 18.632 18.587 20.017 20.112 18.627 18.585 18.37 19.465 21.06 21.827 19.59 18.485 18.222 18.26 19.15 18.225 18.212 18.1 18.092 18.07 18.117 18.105 18.152 18.325 18.49 18.797 18.892 18.75 18.645 18.6 18.37 18.287 18.27
19.86 19.852 19.815 19.787 19.77 19.71 19.657 19.605 19.587 19.545 19.457 19.41 19.417 19.362 19.342 19.305 19.247 19.21 19.172 19.127 19.095 19.062 19.052 19.017 19.01 18.955 18.92 18.855 18.87 18.822 18.837 18.807 18.772 18.757 18.767 18.755 18.73 18.705 18.625 18.577 18.535 20.035 20.745 18.562 19.307 21.192 22.047 22.415 22.567 21.347 18.887 18.292 18.1 18.542 18.17 18.205 18.152 18.247 18.295 18.185 18.28 18.422 18.492 18.58 18.547 18.565 18.64 18.615 18.575 18.485 18.22 18.117
19.805 19.78 19.765 19.722 19.66 19.625 19.57 19.525 19.482 19.445 19.387 19.337 19.297 19.257 19.225 19.197 19.185 19.132 19.105 19.057 19.012 18.997 18.962 18.962 18.905 18.875 18.827 18.82 18.802 18.74 18.747 18.732 18.712 18.715 18.695 18.675 18.662 18.637 18.602 18.537 18.47 20.085 20.605 18.562 18.855 21.692 21.905 21.897 22.66 22.075 19.675 18.257 18.027 18.195 18.412 18.207 18.212 18.49 18.487 18.345 18.652 18.762 19.045 18.63 18.35 18.27 18.202 18.507 18.56 18.61 18.287 17.985
19.725 19.7 19.7 19.642 19.595 19.56 19.495 19.435 19.38 19.352 19.282 19.25 19.235 19.197 19.16 19.127 19.09 19.032 18.997 18.997 18.96 18.932 18.9 18.88 18.832 18.812 18.782 18.762 18.73 18.71 18.702 18.65 18.655 18.645 18.595 18.597 18.592 18.567 18.535 18.455 18.427 20.12 20.44 18.535 18.517 19.972 21.06 21.765 22.575 22.662 21.405 19.547 18.587 17.945 18.347 18.31 18.575 18.812 18.89 19.122 19.572 18.812 18.922 18.345 18.33 18.18 18.225 18.327 18.495 18.422 18.212 18.085
19.667 19.622 19.607 19.562 19.537 19.457 19.412 19.357 19.307 19.3 19.21 19.145 19.167 19.107 19.085 19.04 19.017 18.957 18.915 18.92 18.905 18.897 18.845 18.827 18.792 18.76 18.71 18.705 18.682 18.657 18.635 18.582 18.582 18.56 18.555 18.547 18.527 18.502 18.435 18.42 18.367 20.112 20.32 18.542 18.895 19.37 20.617 21.307 22.257 22.3 21.705 20.44 19.035 17.902 18.097 18.485 18.735 18.972 18.957 19.422 19.127 18.38 18.222 18.22 18.29 18.39 18.23 18.172 18.38 18.215 18.107 18.15
19.572 19.577 19.522 19.49 19.445 19.385 19.312 19.277 19.252 19.2 19.152 19.077 19.062 19.052 19.02 18.997 18.952 18.9 18.887 18.855 18.815 18.812 18.765 18.762 18.697 18.672 18.662 18.655 18.6 18.59 18.577 18.535 18.512 18.517 18.482 18.452 18.457 18.415 18.37 18.352 18.302 20.152 20.34 18.41 18.517 18.707 20.66 20.932 21.6 21.35 20.932 20.777 18.842 18.06 17.795 18.745 18.437 18.765 18.985 19.365 19.082 18.37 18.26 18.76 18.872 19.207 18.817 18.195 18.272 18.16 18.117 18.007
19.455 19.52 19.415 19.4 19.337 19.297 19.247 19.175 19.18 19.12 19.03 19.007 19 18.965 18.937 18.925 18.875 18.847 18.832 18.78 18.755 18.757 18.69 18.687 18.647 18.627 18.607 18.59 18.537 18.507 18.512 18.48 18.447 18.395 18.39 18.377 18.387 18.332 18.31 18.305 18.267 20.187 20.115 18.44 18.425 20.552 20.342 20.772 20.885 20.765 20.722 20.717 18.585 19.272 17.732 17.962 18.447 18.592 19.142 19.775 19.242 18.375 18.412 18.267 18.205 18.725 18.642 18.32 18.332 18.145 17.97 17.96
19.385 19.357 19.315 19.305 19.235 19.185 19.117 19.082 19.055 19.042 18.985 18.94 18.94 18.89 18.882 18.855 18.822 18.782 18.752 18.74 18.725 18.67 18.635 18.617 18.605 18.562 18.55 18.507 18.46 18.435 18.447 18.397 18.367 18.327 18.297 18.3 18.3 18.27 18.232 18.232 18.48 20.342 20.01 18.51 18.64 20.132 20.487 20.425 20.735 20.585 18.932 17.98 17.972 19.51 18.222 17.595 18.6 18.98 18.7 18.312 18.235 19.152 19.637 18.275 18.02 18.57 18.235 18.165 18.21 18.107 17.95 17.895
19.305 19.282 19.265 19.23 19.17 19.127 19.055 18.995 18.995 18.962 18.927 18.87 18.865 18.822 18.825 18.792 18.735 18.692 18.687 18.712 18.667 18.6 18.585 18.555 18.532 18.5 18.48 18.432 18.4 18.362 18.347 18.315 18.285 18.247 18.232 18.202 18.21 18.17 18.14 18.135 18.712 20.392 20.157 19.182 19.787 19.34 18.087 18.31 19.08 18.177 17.955 17.877 17.807 18.187 18.712 17.72 17.865 18.887 18.247 18.29 18.15 19.047 19.172 18.002 17.847 17.96 18.117 18.122 18.122 18.1 17.987 17.957
