All_lidar/sz5991_DSM_2M.asc
ncols 500
nrows 500
xllcorner    459000
yllcorner    91000
cellsize     2
NODATA_value -9999
[rows 128 to 159 of 500, columns 72 to 143 of 500]
33.668 33.688 33.583 32.978 32.743 33.281 32.641 32.111 31.908 31.728 31.583 31.431 31.241 31.078 30.993 30.801 30.718 30.573 30.371 30.268 30.111 29.938 29.766 29.633 29.443 29.308 29.151 28.966 28.843 28.668 28.548 28.396 28.171 28.331 28.103 27.731 27.558 27.358 27.258 27.186 27.268 27.011 26.581 26.393 26.241 26.066 25.928 25.718 26.238 26.383 25.633 25.918 25.898 24.756 24.601 24.426 24.263 24.113 23.941 23.753 23.566 23.366 23.203 23.128 23.283 22.881 22.651 22.311 22.186 22.168 21.868 21.811
33.468 33.146 32.826 32.838 32.533 32.776 32.553 31.963 31.771 31.653 31.491 31.281 31.118 30.953 30.851 30.773 31.178 31.388 30.698 30.148 29.991 29.833 30.373 30.926 29.896 29.543 29.461 29.166 28.808 28.836 28.598 28.351 28.176 28.108 27.933 27.706 27.598 27.468 27.263 27.123 26.956 26.858 26.651 26.461 26.291 26.141 25.993 25.841 25.696 25.508 25.323 25.186 25.043 24.841 24.696 24.496 24.381 24.213 24.048 23.858 23.663 23.453 23.243 23.213 23.736 23.211 22.516 22.323 22.163 21.948 21.768 21.626
33.781 33.628 33.366 33.568 32.623 32.751 32.556 32.306 32.251 31.741 31.571 31.568 31.298 31.061 30.968 30.786 30.711 30.636 30.366 30.123 30.118 29.771 29.803 30.263 29.688 29.608 29.611 29.146 28.658 29.056 29.128 28.248 28.326 28.943 28.188 27.903 28.516 27.716 27.163 27.021 26.883 26.721 26.538 26.416 26.666 26.571 25.968 26.073 25.886 25.468 25.268 25.123 25.008 25.021 24.651 24.588 24.423 24.148 24.051 23.898 23.726 23.548 23.378 23.138 22.981 22.808 22.651 22.473 22.256 22.106 21.898 21.728
33.653 33.538 33.436 33.281 32.803 32.606 32.628 32.343 32.248 32.133 31.851 31.738 31.538 31.133 31.061 31.038 31.108 31.443 30.706 30.508 30.903 30.066 29.841 29.793 29.931 29.546 29.326 29.348 29.583 28.671 28.588 28.338 28.216 28.031 27.843 27.686 27.693 27.346 27.168 27.013 26.828 26.666 26.513 26.356 26.438 26.536 25.871 26.063 25.866 25.353 25.186 25.016 25.618 26.248 25.686 24.583 25.213 25.398 24.803 24.506 23.936 23.478 23.288 23.108 22.938 22.838 22.918 22.598 22.261 22.078 21.891 21.718
35.551 34.508 35.096 33.803 33.156 33.326 32.643 32.488 32.408 32.631 32.316 31.961 31.823 31.331 31.946 31.506 31.708 31.851 31.096 30.738 30.788 30.293 30.378 29.876 30.101 29.631 29.431 29.338 29.211 28.856 28.851 28.691 28.456 28.263 28.271 28.096 27.831 27.391 27.456 27.286 27.123 26.916 26.686 26.606 26.406 26.358 25.931 26.396 26.328 25.893 25.848 25.251 24.996 24.776 24.796 24.363 24.411 24.526 23.963 24.088 23.898 23.421 23.178 23.023 22.841 22.808 23.273 22.533 22.131 21.896 21.768 21.586
40.188 39.983 39.723 37.051 34.271 37.816 37.281 36.771 36.468 36.986 36.593 35.201 33.771 33.786 36.511 36.233 36.521 36.128 35.658 35.356 31.026 32.496 34.573 33.306 33.643 33.388 32.081 30.991 29.391 28.858 28.851 28.703 28.593 28.518 28.466 28.388 28.246 27.903 27.378 27.316 27.176 27.173 26.923 26.761 26.696 26.583 26.281 26.636 25.946 25.998 26.008 25.901 25.191 25.046 24.821 24.601 24.631 24.291 24.753 25.206 24.878 24.783 24.396 23.716 23.058 23.226 22.841 23.258 23.436 23.226 22.818 22.031
41.781 41.686 41.696 37.281 36.633 40.028 39.926 39.848 39.763 39.636 39.616 39.516 36.451 34.546 37.488 38.446 38.683 38.491 38.223 37.496 32.401 34.698 36.981 37.068 37.006 36.933 36.788 34.656 29.366 30.686 31.881 32.381 30.701 31.048 29.923 29.578 29.326 28.196 28.223 27.783 27.806 27.328 27.373 27.491 26.891 26.826 26.718 26.306 26.268 27.866 27.176 26.178 25.351 25.246 25.053 24.843 24.478 24.598 24.841 24.731 24.111 23.881 24.508 23.916 23.038 22.976 24.243 23.121 22.893 22.798 24.911 23.651
41.106 41.203 41.203 35.463 36.181 40.111 40.181 40.288 40.581 40.311 40.306 40.446 37.103 34.318 37.541 38.608 38.796 38.836 38.728 37.191 32.048 35.071 37.496 38.311 38.391 38.343 37.741 35.761 29.586 34.161 35.506 35.458 35.361 35.281 34.861 34.508 33.913 29.738 32.678 32.468 32.448 32.451 31.828 32.086 30.616 30.908 27.153 29.251 28.976 29.731 29.336 28.251 27.263 26.706 26.816 25.841 28.176 28.983 29.261 28.271 28.386 28.268 26.696 23.926 26.098 25.186 25.838 25.606 24.383 24.428 24.701 22.863
37.853 38.091 38.318 35.558 35.033 37.746 37.753 38.133 37.718 38.503 38.126 38.448 35.616 32.968 36.323 36.861 37.111 37.101 37.281 36.641 30.893 34.708 36.901 37.066 37.188 37.251 37.181 34.221 30.768 35.703 36.553 36.506 36.661 36.701 36.536 36.553 35.543 29.533 34.393 34.761 34.726 34.596 34.551 34.486 34.366 33.613 27.536 31.753 32.446 32.358 32.281 32.221 32.083 31.913 31.743 26.551 29.578 31.331 31.563 31.686 31.381 31.213 30.231 24.196 29.116 29.451 29.388 29.306 29.153 28.623 26.013 22.908
36.481 36.481 36.226 35.666 33.563 34.883 34.693 34.933 33.223 33.258 33.628 32.773 32.541 31.321 31.693 31.433 31.633 32.566 33.238 33.633 30.993 31.218 31.881 32.583 33.311 33.583 32.738 31.616 30.131 34.636 34.883 34.936 34.751 34.988 35.433 35.448 32.753 28.911 33.618 34.313 34.396 34.533 34.611 34.553 34.761 31.983 27.216 32.298 33.278 33.338 33.551 33.588 33.436 33.421 32.958 25.486 29.251 31.793 32.358 32.496 32.423 31.821 27.723 26.398 29.373 30.671 30.983 30.863 30.681 29.733 26.486 24.018
34.318 34.183 35.846 35.341 34.056 34.241 33.058 34.683 35.946 32.911 33.098 34.048 33.108 32.386 31.716 31.501 31.668 31.338 31.428 32.046 31.033 30.411 30.571 30.261 30.348 30.016 30.048 29.861 29.356 29.361 29.173 28.808 29.656 29.371 30.003 30.166 28.773 28.206 28.801 30.576 30.168 30.913 31.886 32.816 31.196 29.658 26.758 29.813 31.461 31.898 32.023 32.023 32.176 32.273 31.131 25.433 29.223 30.383 30.893 30.973 31.033 31.023 27.096 26.006 29.323 29.931 30.048 30.138 30.131 29.566 23.113 23.943
34.216 34.128 35.636 34.836 34.283 34.386 33.013 34.308 36.156 33.278 33.236 34.316 33.023 33.803 33.218 31.506 32.081 31.628 31.476 33.578 31.413 32.023 30.471 30.503 31.498 30.211 31.016 30.733 29.541 30.326 28.873 28.843 28.813 28.696 28.648 29.048 28.531 27.646 28.066 27.536 27.486 27.423 29.676 30.068 27.318 26.981 27.091 26.221 27.568 28.793 28.201 26.651 26.873 25.923 26.543 26.323 26.488 24.923 25.376 26.701 26.098 25.738 25.518 23.933 26.561 25.781 26.341 26.411 26.411 26.893 23.038 23.526
34.421 33.951 34.791 33.988 33.708 33.348 33.066 33.063 33.098 32.553 32.923 33.288 32.411 33.628 33.111 31.503 32.273 32.698 31.561 31.896 31.226 30.783 30.458 30.516 30.921 29.976 30.528 30.436 30.338 31.081 28.923 28.863 28.833 28.598 28.578 29.748 28.111 27.526 29.248 27.751 27.416 27.366 27.456 28.371 26.976 26.831 28.101 28.351 26.223 25.921 26.613 26.078 25.996 26.271 25.431 25.961 26.546 24.801 24.618 25.571 24.193 23.988 24.763 23.766 23.171 24.391 23.981 23.416 22.843 22.683 22.988 22.046
34.256 34.066 34.033 34.866 33.576 33.308 33.418 33.856 33.446 32.473 32.426 32.083 31.986 32.733 31.921 31.483 32.226 31.921 31.253 32.138 31.293 30.673 30.396 30.543 30.388 29.968 29.833 29.831 29.593 29.796 28.926 28.966 28.801 28.526 28.441 29.478 28.196 28.153 29.276 27.678 27.431 27.378 27.288 27.321 26.686 27.251 28.191 28.453 26.451 26.028 26.823 26.071 25.858 27.123 26.501 25.166 26.478 24.801 24.813 25.091 24.336 25.156 26.268 25.078 23.843 23.931 24.078 24.398 23.526 24.128 22.648 22.831
34.021 33.698 33.673 35.063 33.196 33.011 32.806 35.313 34.018 32.391 32.326 32.076 32.143 32.253 31.528 31.501 32.278 31.731 31.213 32.671 31.288 30.586 30.306 31.131 31.043 29.896 29.826 29.858 29.233 29.001 29.041 29.261 28.831 28.506 28.411 28.373 28.108 28.258 27.681 27.573 27.456 27.553 27.533 28.178 28.021 27.381 27.761 27.538 27.208 26.503 27.188 25.521 25.688 26.146 25.723 26.271 26.608 25.751 24.888 25.663 25.101 25.346 25.486 25.733 24.753 23.246 23.821 24.331 22.961 23.681 22.736 23.631
34.881 34.323 33.933 35.393 33.211 32.931 32.823 34.681 33.663 32.373 32.266 32.176 32.513 32.593 32.438 31.731 32.173 31.546 31.191 31.166 30.791 30.626 30.273 30.993 30.103 29.788 29.791 29.768 29.373 29.086 29.101 30.553 29.208 28.518 28.443 28.356 28.168 27.916 27.638 27.541 27.466 27.458 27.428 27.968 26.851 26.781 26.493 26.886 26.041 27.076 28.046 25.491 25.901 25.318 25.388 26.181 26.766 26.193 25.396 25.938 27.818 24.478 25.133 25.788 24.468 23.321 23.491 23.818 22.831 22.723 23.016 23.586
34.813 33.636 33.686 34.351 33.363 33.186 33.181 33.143 32.508 32.326 32.396 32.923 32.758 33.041 34.146 32.173 32.513 31.841 31.143 31.228 30.786 30.643 30.213 30.233 29.723 29.621 29.563 29.646 29.591 29.233 29.098 29.128 28.831 28.528 28.476 28.321 28.103 27.913 27.628 27.513 27.443 27.233 26.998 26.941 26.811 26.788 26.501 26.381 26.001 26.611 28.031 25.463 25.828 25.383 25.178 25.808 26.541 25.543 24.423 24.751 24.263 24.978 25.251 24.011 23.438 23.281 23.191 23.323 24.003 22.843 23.428 22.008
34.256 35.801 34.803 34.263 34.281 33.936 34.918 35.231 33.388 32.466 32.346 32.326 33.231 33.136 32.056 31.831 32.241 32.291 31.181 31.148 30.798 30.543 30.213 30.668 30.311 29.581 29.521 29.628 29.783 29.176 29.128 29.111 28.971 28.561 28.503 28.383 28.156 27.896 27.656 27.533 27.446 27.238 26.966 26.933 26.853 27.038 26.491 26.143 26.016 25.923 26.731 25.413 25.713 25.508 25.146 24.821 25.248 24.993 24.426 26.166 25.433 24.758 24.683 24.793 23.391 23.508 23.151 23.406 26.938 24.231 23.578 21.951
35.091 36.598 35.281 36.523 34.001 33.428 33.793 34.676 33.871 32.821 32.911 33.391 33.171 32.913 33.113 31.866 31.951 31.693 31.306 31.218 30.891 30.468 30.468 30.946 31.323 29.756 29.453 29.528 29.673 29.273 29.176 29.213 28.818 28.586 28.506 28.373 28.233 27.906 27.676 27.531 27.413 27.236 26.983 26.943 27.293 27.001 26.368 26.118 25.993 25.918 26.076 25.413 25.496 25.248 25.141 25.021 24.541 24.508 24.761 26.348 26.476 25.013 24.183 23.521 23.346 23.783 23.278 22.788 22.781 22.728 23.453 22.013
35.091 34.128 34.683 34.383 33.193 32.818 32.666 32.551 32.851 32.298 32.136 32.286 33.478 33.618 33.521 31.803 32.201 31.926 31.918 31.981 31.713 31.036 30.868 31.618 32.598 31.483 31.661 30.538 30.383 29.511 30.298 29.941 28.778 28.728 28.556 28.421 28.166 27.868 27.698 27.538 27.386 27.343 26.966 26.948 27.483 27.446 26.356 26.078 26.026 25.871 26.193 25.418 25.468 25.218 25.098 25.133 24.508 24.381 24.521 25.511 26.038 25.728 25.658 23.503 23.353 23.406 23.813 22.856 22.758 23.266 23.783 22.268
33.441 33.896 33.086 33.251 33.186 32.661 32.561 32.476 33.496 32.328 31.928 32.038 31.913 32.711 32.751 31.253 31.106 31.141 31.703 31.546 32.816 32.156 31.101 30.743 31.906 31.393 31.336 30.596 29.738 30.001 30.198 30.331 31.316 30.173 28.646 28.453 28.168 27.838 27.681 27.523 27.421 28.811 28.083 26.983 26.911 27.178 26.398 26.451 25.966 25.838 26.568 25.531 25.528 25.208 25.033 25.011 24.426 24.381 24.828 26.471 26.111 25.081 24.803 23.501 23.398 23.296 23.268 22.811 22.753 22.796 23.043 22.223
33.356 33.423 32.961 32.948 32.963 32.926 32.463 32.378 32.516 33.313 32.036 32.186 31.821 33.551 31.331 31.001 30.856 30.828 31.081 32.068 29.966 31.086 29.996 29.948 29.941 29.311 29.161 29.181 29.043 29.121 30.168 32.156 32.786 32.281 29.468 29.443 29.096 27.991 28.081 28.956 28.803 29.463 28.558 27.073 26.836 26.663 26.436 26.861 26.028 25.963 26.706 25.746 25.466 25.258 25.011 24.793 24.538 24.448 24.931 25.601 24.351 24.818 24.891 23.498 23.383 23.336 23.208 22.896 23.026 22.803 24.416 24.148
33.683 33.403 32.876 32.843 32.868 32.798 32.371 32.283 32.441 33.013 32.003 31.608 31.488 32.203 32.113 30.911 30.788 31.258 31.216 30.498 29.968 29.946 29.826 29.771 29.973 29.351 29.171 29.023 29.013 28.988 28.918 28.788 31.306 30.061 29.321 30.121 30.338 28.908 28.811 29.341 28.831 27.701 28.428 27.511 27.406 26.956 26.576 26.321 26.461 26.566 27.798 27.348 25.646 25.321 25.221 25.218 24.608 24.903 25.668 25.783 24.606 24.106 24.583 23.458 23.371 23.326 23.616 23.713 24.233 23.396 24.518 23.388
32.828 33.023 32.836 32.988 33.831 32.596 32.176 32.121 32.486 32.283 31.851 31.411 31.436 31.476 31.498 30.651 30.506 31.228 31.053 30.551 29.921 29.781 29.873 30.263 30.793 29.308 29.146 29.031 28.976 28.966 28.653 28.418 29.548 30.461 29.866 29.233 28.968 28.051 27.601 27.676 27.563 26.998 28.581 28.268 26.248 26.173 26.348 26.726 26.786 26.088 26.416 26.078 26.133 26.248 26.581 25.363 25.498 24.821 25.216 25.983 24.918 24.576 24.883 23.603 24.241 23.481 23.823 23.686 23.506 23.176 23.478 22.883
33.308 32.761 32.598 33.548 33.301 32.221 31.981 32.031 32.211 31.496 31.471 31.421 31.546 31.361 30.851 30.456 30.296 30.216 31.028 31.228 29.858 29.726 30.151 31.111 30.046 29.206 29.133 28.968 28.926 28.913 28.501 28.253 28.221 29.243 28.401 28.246 28.698 27.976 27.556 28.086 26.888 26.961 27.513 27.821 26.128 26.003 27.246 27.008 26.293 26.028 25.908 27.463 25.611 26.993 25.998 26.203 24.636 24.553 25.023 24.708 24.791 24.946 24.926 24.093 25.108 24.461 24.238 24.088 23.268 23.123 23.303 22.591
35.608 35.061 34.758 33.861 33.668 33.416 34.311 33.986 32.238 32.578 33.388 32.841 31.161 31.116 30.526 30.388 30.218 30.191 30.868 30.213 29.713 29.613 29.573 29.646 29.323 29.111 29.016 28.971 29.643 29.748 28.458 28.168 28.171 29.248 27.853 28.683 28.868 27.633 28.203 28.138 26.616 26.613 26.836 27.783 26.051 25.903 26.681 27.536 25.498 25.611 25.551 26.723 25.628 27.576 25.026 25.001 24.198 24.273 25.873 24.253 24.101 23.731 23.793 25.016 24.846 24.528 24.626 24.146 24.363 24.218 25.426 23.838
39.236 38.996 38.833 35.258 35.368 37.711 37.828 37.471 32.243 35.413 35.983 35.676 32.511 31.883 32.788 34.336 34.073 34.153 30.346 29.801 29.453 29.341 29.516 29.923 29.276 29.098 28.961 28.951 29.128 29.656 28.911 28.193 28.158 28.778 29.501 28.301 27.988 27.721 28.841 27.351 26.586 26.558 26.896 27.056 25.976 25.866 25.921 29.851 27.288 25.371 25.433 26.776 25.268 24.983 24.771 25.011 24.206 24.658 25.211 24.543 23.851 23.711 24.123 25.153 24.643 24.311 25.423 25.036 24.728 23.168 24.461 23.303
40.511 40.421 39.438 35.363 35.193 38.183 38.763 36.168 32.186 36.661 37.831 37.248 33.556 32.601 34.038 36.623 36.851 36.14 31.068 31.351 30.683 28.963 29.053 29.578 30.351 29.183 28.918 29.013 29.803 30.376 30.028 28.008 28.058 28.888 29.396 27.721 27.841 27.811 29.318 27.368 26.558 26.471 27.288 26.993 25.931 25.796 25.896 29.183 28.268 25.431 25.248 25.726 25.461 24.966 24.781 24.786 24.163 24.203 23.956 24.006 23.756 23.651 23.686 23.728 24.068 23.276 23.038 24.121 26.256 23.088 22.683 22.146
40.128 39.776 39.311 35.421 34.926 38.238 38.661 34.743 31.803 36.588 38.053 37.201 34.066 32.716 33.908 36.816 37.453 35.536 30.746 31.578 32.293 31.481 30.201 30.436 29.586 29.521 29.203 30.733 31.421 32.651 30.826 28.221 28.803 29.496 29.493 29.076 27.778 27.461 29.808 28.008 26.468 26.478 27.501 26.571 25.901 25.761 25.693 26.278 25.311 25.266 25.118 25.386 25.431 24.591 24.518 24.923 24.148 24.021 24.361 24.451 23.668 23.461 23.696 23.556 23.213 23.243 22.843 23.698 22.636 22.646 22.583 22.516
36.176 36.933 38.21 34.618 34.186 36.981 36.771 34.941 33.188 36.828 37.083 36.731 32.026 31.496 33.465 36.516 36.693 35.498 30.273 31.521 33.833 34.866 34.693 34.881 34.011 33.578 31.573 31.426 31.116 33.336 31.748 29.938 29.058 33.178 34.261 33.938 29.628 27.293 29.601 26.846 26.443 26.441 27.783 26.181 25.898 25.828 26.211 26.336 25.288 25.263 25.063 24.913 25.183 24.826 24.586 25.171 24.013 23.918 24.781 25.698 23.921 23.468 23.783 23.401 23.248 22.948 22.846 23.333 22.741 22.716 22.233 22.076
32.961 32.353 32.191 31.791 32.161 32.498 31.286 31.676 30.978 30.903 30.958 31.501 30.418 30.173 30.523 32.208 33.226 31.883 30.531 31.793 33.913 35.461 36.041 36.226 35.898 35.351 32.793 29.333 30.371 33.466 32.941 29.588 30.628 33.361 34.373 33.738 29.638 27.608 27.591 26.408 26.236 26.326 27.768 26.306 25.948 25.868 26.421 25.751 25.231 25.221 25.036 24.706 25.281 24.688 24.591 24.823 24.091 24.001 24.353 23.996 23.481 24.666 24.666 23.311 23.078 22.681 22.968 22.773 22.531 22.471 22.196 22.016
32.526 31.598 31.706 31.818 31.246 31.151 31.116 31.351 31.806 30.911 30.573 30.151 29.926 30.193 30.661 29.833 29.786 30.336 30.636 31.828 34.006 35.286 35.491 35.693 35.828 35.341 31.196 28.596 30.198 33.778 33.386 29.446 31.173 33.591 34.323 33.511 28.788 27.188 26.843 28.551 27.248 27.391 27.828 26.703 25.773 25.601 26.338 25.571 25.036 25.071 25.406 25.348 24.551 24.393 24.693 23.953 23.816 25.341 25.746 24.383 23.413 25.341 24.273 22.916 23.163 22.543 22.551 22.776 22.453 22.358 22.546 21.831
