All_lidar/sz5988_DSM_2M.asc
ncols 500
nrows 500
xllcorner    459000
yllcorner    88000
cellsize     2
NODATA_value -9999
[rows 384 to 415 of 500, columns 0 to 70 of 500]
40.279 40.217 40.167 40.134 40.087 40.039 39.999 39.929 39.854 39.797 39.734 39.667 39.599 39.517 39.454 39.389 39.362 39.312 39.252 39.207 39.159 39.104 39.022 38.977 38.899 38.812 38.772 38.694 38.644 38.589 38.547 38.479 38.447 38.419 38.367 38.342 38.279 38.252 38.229 38.187 38.142 38.087 38.039 38.007 37.947 37.887 37.854 37.772 37.739 37.654 37.612 37.597 37.564 37.537 37.489 37.472 37.477 37.434 37.122 36.964 37.454 37.352 37.294 37.262 37.219 37.157 37.129 37.059 36.994 36.949 36.932
40.289 40.219 40.179 40.144 40.112 40.069 39.999 39.919 39.857 39.822 39.739 39.687 39.622 39.557 39.457 39.429 39.387 39.334 39.284 39.237 39.164 39.112 39.052 38.984 38.907 38.832 38.774 38.697 38.647 38.582 38.547 38.489 38.449 38.387 38.369 38.312 38.309 38.254 38.227 38.207 38.159 38.107 38.057 38.024 37.977 37.922 37.899 37.827 37.762 37.694 37.694 37.639 37.599 37.557 37.547 37.502 37.467 37.159 37.139 37.524 37.432 37.397 37.352 37.264 37.239 37.164 37.127 37.074 37.034 36.997 36.972
40.277 40.239 40.204 40.149 40.117 40.052 39.977 39.949 39.877 39.807 39.742 39.699 39.639 39.572 39.524 39.452 39.394 39.342 39.294 39.239 39.187 39.137 39.059 38.979 38.904 38.819 38.754 38.717 38.677 38.612 38.532 38.484 38.429 38.419 38.364 38.339 38.319 38.274 38.259 38.207 38.174 38.144 38.099 38.054 38.044 37.982 37.934 37.857 37.772 37.764 37.717 37.669 37.629 37.607 37.559 37.544 37.264 37.344 38.114 37.527 37.472 37.414 37.334 37.289 37.264 37.189 37.144 37.069 37.052 37.022 36.992
40.277 40.232 40.192 40.164 40.097 40.057 39.977 39.934 39.864 39.804 39.759 39.704 39.652 39.599 39.554 39.482 39.432 39.364 39.294 39.262 39.164 39.107 39.037 38.989 38.919 38.829 38.779 38.739 38.659 38.637 38.542 38.462 38.429 38.412 38.372 38.317 38.292 38.282 38.249 38.234 38.202 38.149 38.124 38.087 38.044 38.014 37.939 37.887 37.844 37.782 37.742 37.709 37.697 37.652 37.582 37.269 37.209 38.334 37.684 37.547 37.504 37.399 37.354 37.322 37.292 37.202 37.177 37.142 37.127 37.067 37.022
40.299 40.254 40.209 40.134 40.107 40.049 40.007 39.937 39.864 39.824 39.764 39.727 39.652 39.624 39.557 39.489 39.452 39.379 39.312 39.242 39.164 39.109 39.052 38.979 38.904 38.849 38.799 38.724 38.664 38.607 38.529 38.492 38.442 38.414 38.374 38.312 38.302 38.287 38.262 38.234 38.204 38.174 38.152 38.119 38.074 38.042 37.959 37.944 37.909 37.824 37.802 37.789 37.739 37.684 37.367 37.154 38.387 37.912 37.642 37.584 37.462 37.417 37.379 37.347 37.274 37.234 37.177 37.177 37.134 37.082 37.057
40.297 40.242 40.194 40.134 40.089 40.039 39.979 39.929 39.889 39.802 39.772 39.722 39.702 39.649 39.577 39.514 39.452 39.392 39.304 39.232 39.167 39.094 39.034 38.967 38.894 38.847 38.794 38.752 38.669 38.597 38.542 38.512 38.469 38.414 38.342 38.334 38.314 38.297 38.259 38.212 38.202 38.182 38.154 38.147 38.107 38.047 38.032 37.989 37.959 37.864 37.852 37.817 37.747 37.447 37.334 38.362 38.134 37.704 37.649 37.579 37.472 37.447 37.409 37.322 37.304 37.252 37.222 37.199 37.152 37.144 37.089
40.322 40.239 40.177 40.109 40.082 40.032 39.977 39.927 39.892 39.847 39.802 39.759 39.707 39.639 39.594 39.539 39.447 39.374 39.324 39.239 39.174 39.097 39.009 38.964 38.929 38.822 38.784 38.722 38.644 38.599 38.537 38.522 38.487 38.414 38.382 38.342 38.329 38.292 38.274 38.249 38.209 38.192 38.184 38.132 38.122 38.094 38.079 38.054 37.972 37.952 37.912 37.854 37.589 37.269 38.252 38.159 37.782 37.742 37.627 37.569 37.494 37.477 37.404 37.374 37.324 37.302 37.232 37.204 37.167 37.169 37.134
40.257 40.204 40.167 40.092 40.074 40.029 39.979 39.919 39.869 39.832 39.792 39.767 39.712 39.659 39.597 39.532 39.437 39.379 39.304 39.234 39.162 39.069 39.022 38.962 38.922 38.857 38.804 38.722 38.674 38.624 38.542 38.542 38.462 38.412 38.394 38.374 38.329 38.304 38.272 38.264 38.232 38.214 38.184 38.154 38.172 38.149 38.109 38.054 38.037 38.019 37.947 37.612 37.264 38.004 38.064 37.834 37.789 37.722 37.649 37.602 37.557 37.482 37.439 37.389 37.372 37.317 37.272 37.252 37.224 37.219 37.162
40.239 40.197 40.147 40.084 40.049 40.004 39.959 39.917 39.864 39.844 39.817 39.762 39.697 39.664 39.564 39.502 39.439 39.367 39.307 39.209 39.137 39.054 39.007 38.952 38.907 38.864 38.794 38.727 38.669 38.609 38.582 38.532 38.484 38.439 38.422 38.379 38.349 38.329 38.319 38.282 38.242 38.204 38.179 38.184 38.209 38.194 38.139 38.112 38.087 37.999 37.739 37.369 38.024 38.129 37.899 37.894 37.822 37.732 37.684 37.639 37.554 37.492 37.472 37.434 37.394 37.344 37.314 37.294 37.267 37.212 37.184
40.212 40.187 40.137 40.077 40.039 39.987 39.947 39.899 39.872 39.852 39.787 39.744 39.687 39.634 39.567 39.529 39.432 39.347 39.289 39.204 39.139 39.072 39.004 38.952 38.909 38.837 38.777 38.722 38.679 38.662 38.552 38.534 38.489 38.457 38.437 38.409 38.377 38.347 38.312 38.282 38.264 38.229 38.192 38.227 38.204 38.204 38.184 38.167 38.079 37.794 37.447 38.122 38.232 37.997 37.967 37.884 37.797 37.734 37.712 37.614 37.564 37.522 37.512 37.464 37.394 37.367 37.354 37.322 37.284 37.252 37.212
40.224 40.197 40.124 40.082 40.024 39.984 39.942 39.899 39.872 39.824 39.787 39.737 39.662 39.607 39.574 39.502 39.427 39.344 39.287 39.209 39.157 39.092 39.012 38.974 38.914 38.827 38.769 38.704 38.682 38.617 38.559 38.544 38.542 38.502 38.462 38.409 38.364 38.367 38.324 38.302 38.284 38.262 38.247 38.237 38.207 38.209 38.237 38.212 38.082 38.079 38.557 38.264 38.077 38.029 37.974 37.879 37.832 37.767 37.719 37.632 37.587 37.574 37.512 37.492 37.439 37.407 37.384 37.364 37.309 37.254 37.232
40.237 40.184 40.124 40.062 40.034 39.974 39.917 39.894 39.867 39.797 39.747 39.702 39.659 39.599 39.537 39.459 39.397 39.322 39.269 39.222 39.149 39.077 39.009 38.962 38.889 38.834 38.769 38.734 38.649 38.607 38.587 38.569 38.552 38.519 38.479 38.449 38.404 38.372 38.332 38.312 38.312 38.302 38.272 38.267 38.257 38.289 38.292 38.244 38.594 38.807 38.374 38.114 38.094 38.059 37.994 37.917 37.872 37.809 37.727 37.672 37.639 37.577 37.537 37.497 37.472 37.439 37.404 37.414 37.362 37.312 37.232
40.202 40.157 40.104 40.052 40.009 39.957 39.904 39.872 39.829 39.792 39.719 39.669 39.599 39.549 39.499 39.429 39.379 39.317 39.254 39.194 39.139 39.092 39.007 38.944 38.894 38.807 38.782 38.719 38.654 38.622 38.604 38.587 38.557 38.522 38.487 38.479 38.422 38.402 38.344 38.349 38.334 38.329 38.302 38.292 38.304 38.317 38.312 38.837 39.134 38.549 38.184 38.169 38.102 38.054 38.002 37.964 37.899 37.799 37.764 37.732 37.687 37.624 37.554 37.559 37.507 37.457 37.459 37.412 37.367 37.312 37.292
40.197 40.144 40.094 40.062 40.007 39.974 39.907 39.859 39.814 39.772 39.687 39.642 39.587 39.522 39.489 39.404 39.367 39.302 39.244 39.182 39.122 39.062 39.004 38.947 38.897 38.847 38.784 38.732 38.677 38.649 38.614 38.589 38.569 38.547 38.537 38.472 38.459 38.414 38.372 38.394 38.369 38.362 38.314 38.359 38.364 38.314 38.899 39.017 38.599 38.252 38.222 38.204 38.119 38.067 38.017 38.009 37.934 37.852 37.837 37.754 37.699 37.667 37.642 37.599 37.539 37.507 37.472 37.452 37.404 37.367 37.317
40.174 40.117 40.099 40.052 40.002 39.969 39.894 39.862 39.777 39.724 39.662 39.602 39.559 39.487 39.424 39.369 39.344 39.282 39.217 39.184 39.107 39.047 38.999 38.932 38.899 38.864 38.772 38.742 38.704 38.659 38.647 38.622 38.592 38.584 38.547 38.497 38.472 38.429 38.407 38.412 38.369 38.374 38.394 38.414 38.369 38.037 38.462 38.432 38.324 38.284 38.229 38.169 38.129 38.092 38.029 37.989 37.952 37.914 37.859 37.789 37.719 37.699 37.677 37.642 37.592 37.549 37.534 37.462 37.434 37.379 37.332
40.147 40.119 40.087 40.057 39.999 39.937 39.879 39.802 39.767 39.719 39.669 39.579 39.522 39.459 39.392 39.382 39.307 39.257 39.217 39.169 39.087 39.034 39.009 38.967 38.907 38.844 38.802 38.747 38.724 38.712 38.654 38.624 38.607 38.577 38.537 38.492 38.467 38.462 38.444 38.442 38.407 38.437 38.437 38.449 38.957 38.524 38.389 38.344 38.299 38.284 38.224 38.204 38.152 38.112 38.029 38.042 37.992 37.952 37.889 37.837 37.812 37.754 37.719 37.679 37.642 37.594 37.562 37.494 37.449 37.419 37.394
40.137 40.079 40.064 40.037 39.969 39.924 39.862 39.777 39.739 39.689 39.617 39.554 39.494 39.429 39.374 39.369 39.299 39.249 39.212 39.157 39.089 39.039 39.019 38.939 38.867 38.852 38.822 38.794 38.764 38.727 38.647 38.662 38.622 38.612 38.549 38.502 38.502 38.492 38.449 38.459 38.469 38.477 38.472 38.744 38.992 38.394 38.339 38.342 38.334 38.284 38.222 38.179 38.169 38.097 38.094 38.064 38.009 37.972 37.912 37.879 37.857 37.824 37.772 37.727 37.672 37.622 37.584 37.557 37.509 37.447 37.437
40.127 40.089 40.064 40.004 39.947 39.892 39.849 39.769 39.722 39.649 39.594 39.522 39.467 39.417 39.379 39.327 39.284 39.244 39.179 39.157 39.119 39.052 39.012 38.934 38.909 38.874 38.844 38.804 38.782 38.749 38.702 38.669 38.644 38.592 38.564 38.522 38.549 38.502 38.514 38.514 38.524 38.497 38.707 39.282 38.859 38.369 38.337 38.319 38.284 38.262 38.219 38.222 38.159 38.112 38.102 38.079 38.034 37.987 37.949 37.919 37.874 37.882 37.822 37.777 37.704 37.652 37.622 37.607 37.539 37.527 37.479
40.099 40.072 40.032 39.984 39.932 39.879 39.822 39.744 39.689 39.612 39.569 39.479 39.457 39.422 39.354 39.317 39.269 39.217 39.184 39.142 39.087 39.069 38.994 38.954 38.929 38.914 38.867 38.859 38.822 38.779 38.732 38.699 38.637 38.602 38.589 38.582 38.559 38.529 38.537 38.549 38.557 38.714 39.417 39.059 38.434 38.389 38.372 38.312 38.279 38.264 38.247 38.192 38.167 38.132 38.137 38.077 38.062 38.012 38.019 37.954 37.967 37.899 37.869 37.817 37.767 37.712 37.637 37.629 37.592 37.582 37.532
40.102 40.059 40.017 39.977 39.919 39.849 39.812 39.727 39.662 39.599 39.549 39.492 39.442 39.412 39.362 39.304 39.239 39.204 39.172 39.129 39.082 39.059 39.032 39.004 38.957 38.942 38.889 38.857 38.849 38.797 38.752 38.692 38.654 38.627 38.602 38.582 38.552 38.572 38.569 38.562 38.787 38.977 38.967 38.532 38.412 38.384 38.349 38.324 38.284 38.269 38.212 38.197 38.182 38.169 38.124 38.087 38.067 38.067 38.062 38.014 37.979 37.974 37.922 37.857 37.832 37.777 37.729 37.717 37.667 37.632 37.574
40.062 40.039 39.994 39.944 39.899 39.849 39.762 39.704 39.662 39.594 39.534 39.497 39.449 39.392 39.354 39.284 39.242 39.207 39.147 39.134 39.082 39.067 39.027 39.004 38.999 38.969 38.927 38.879 38.867 38.862 38.747 38.742 38.697 38.667 38.649 38.624 38.597 38.617 38.627 38.794 39.189 38.679 38.567 38.514 38.484 38.432 38.372 38.342 38.337 38.269 38.242 38.194 38.217 38.179 38.132 38.137 38.119 38.092 38.089 38.054 38.044 38.002 37.952 37.929 37.874 37.817 37.817 37.792 37.724 37.664 37.629
40.057 40.027 39.974 39.887 39.882 39.812 39.749 39.689 39.604 39.572 39.569 39.507 39.447 39.432 39.334 39.294 39.279 39.212 39.184 39.154 39.094 39.099 39.087 39.052 39.039 38.967 38.959 38.902 38.882 38.827 38.772 38.757 38.754 38.707 38.707 38.644 38.687 38.674 38.692 38.729 38.387 38.627 38.574 38.552 38.482 38.457 38.422 38.389 38.319 38.272 38.267 38.237 38.219 38.197 38.167 38.172 38.154 38.119 38.112 38.097 38.059 38.032 38.004 37.972 37.922 37.914 37.914 37.862 37.782 37.744 37.722
40.042 39.982 39.929 39.897 39.827 39.779 39.734 39.704 39.652 39.604 39.569 39.509 39.482 39.412 39.352 39.322 39.267 39.237 39.177 39.154 39.147 39.109 39.112 39.079 39.044 39.034 38.959 38.932 38.892 38.842 38.797 38.809 38.772 38.749 38.737 38.737 38.724 38.717 39.047 38.687 38.672 38.652 38.609 38.512 38.474 38.474 38.459 38.389 38.322 38.302 38.284 38.239 38.234 38.197 38.194 38.202 38.172 38.154 38.172 38.132 38.109 38.097 38.079 38.059 38.027 38.009 37.957 37.887 37.852 37.827 37.794
39.992 39.959 39.924 39.859 39.809 39.777 39.734 39.692 39.659 39.607 39.589 39.544 39.482 39.412 39.397 39.324 39.307 39.269 39.207 39.187 39.162 39.147 39.124 39.087 39.052 39.032 38.994 38.977 38.892 38.892 38.882 38.847 38.804 38.809 38.804 38.804 38.899 39.412 38.832 38.769 38.689 38.674 38.597 38.562 38.539 38.512 38.427 38.397 38.359 38.342 38.309 38.259 38.224 38.252 38.252 38.232 38.224 38.182 38.184 38.154 38.134 38.132 38.089 38.092 38.099 38.069 37.977 37.974 37.919 37.879 37.849
39.974 39.929 39.892 39.849 39.814 39.762 39.734 39.692 39.677 39.609 39.604 39.559 39.484 39.439 39.419 39.389 39.309 39.262 39.247 39.212 39.194 39.187 39.127 39.117 39.094 39.029 39.019 38.989 38.947 38.922 38.907 38.884 38.844 38.872 38.879 38.837 38.772 39.264 38.814 38.754 38.747 38.702 38.637 38.599 38.579 38.509 38.444 38.419 38.397 38.347 38.329 38.304 38.312 38.287 38.282 38.252 38.217 38.214 38.192 38.197 38.177 38.157 38.144 38.144 38.134 38.102 38.049 38.042 37.989 37.947 37.909
39.997 39.937 39.879 39.857 39.772 39.779 39.747 39.704 39.664 39.634 39.614 39.547 39.509 39.477 39.439 39.377 39.347 39.314 39.314 39.239 39.254 39.199 39.164 39.127 39.082 39.044 39.017 38.974 38.977 38.957 38.947 38.912 38.889 38.907 38.982 39.332 38.414 38.832 38.822 38.784 38.764 38.714 38.654 38.619 38.584 38.534 38.467 38.477 38.414 38.389 38.342 38.347 38.349 38.304 38.284 38.269 38.257 38.242 38.219 38.214 38.212 38.212 38.229 38.197 38.184 38.172 38.129 38.099 38.049 38.029 37.979
39.977 39.914 39.887 39.847 39.794 39.757 39.749 39.694 39.707 39.647 39.602 39.594 39.539 39.517 39.449 39.397 39.379 39.372 39.334 39.307 39.262 39.227 39.189 39.147 39.119 39.062 39.054 39.009 39.002 38.994 38.979 38.974 38.964 38.964 39.527 39.169 38.912 38.882 38.869 38.822 38.767 38.747 38.682 38.644 38.582 38.552 38.514 38.482 38.437 38.394 38.392 38.404 38.382 38.352 38.314 38.277 38.277 38.267 38.252 38.262 38.252 38.269 38.252 38.224 38.209 38.179 38.169 38.147 38.114 38.082 38.082
39.964 39.907 39.867 39.834 39.807 39.789 39.744 39.747 39.714 39.677 39.612 39.574 39.564 39.514 39.487 39.439 39.442 39.424 39.379 39.332 39.277 39.269 39.199 39.194 39.127 39.117 39.079 39.044 39.029 39.037 39.022 39.007 38.997 38.907 39.172 38.989 38.907 38.909 38.879 38.819 38.799 38.752 38.679 38.637 38.599 38.574 38.532 38.509 38.477 38.439 38.449 38.429 38.392 38.364 38.359 38.299 38.302 38.302 38.272 38.279 38.302 38.312 38.284 38.252 38.247 38.259 38.234 38.217 38.187 38.164 38.149
39.984 39.917 39.889 39.857 39.829 39.777 39.747 39.737 39.702 39.677 39.639 39.609 39.589 39.549 39.544 39.492 39.479 39.437 39.377 39.352 39.312 39.257 39.219 39.202 39.137 39.122 39.107 39.069 39.064 39.077 39.092 39.079 39.237 38.979 39.084 38.994 38.994 38.952 38.897 38.857 38.809 38.749 38.682 38.652 38.644 38.614 38.552 38.514 38.512 38.502 38.492 38.437 38.419 38.399 38.374 38.332 38.342 38.334 38.299 38.339 38.344 38.334 38.317 38.299 38.312 38.299 38.279 38.252 38.247 38.222 38.202
39.967 39.929 39.899 39.892 39.822 39.804 39.789 39.742 39.727 39.707 39.667 39.669 39.587 39.599 39.564 39.549 39.484 39.432 39.407 39.379 39.319 39.277 39.254 39.212 39.202 39.182 39.144 39.119 39.132 39.149 39.147 39.414 38.817 39.102 39.074 39.042 39.007 38.947 38.917 38.884 38.834 38.769 38.732 38.672 38.649 38.602 38.577 38.547 38.567 38.522 38.497 38.479 38.447 38.434 38.394 38.362 38.364 38.359 38.369 38.362 38.374 38.352 38.359 38.357 38.354 38.347 38.329 38.312 38.324 38.289 38.259
39.972 39.932 39.937 39.904 39.859 39.822 39.792 39.759 39.729 39.699 39.689 39.664 39.644 39.617 39.607 39.569 39.542 39.482 39.467 39.417 39.362 39.309 39.272 39.249 39.257 39.209 39.219 39.172 39.212 39.214 39.307 39.647 39.132 39.137 39.127 39.064 39.004 38.987 38.919 38.902 38.817 38.767 38.777 38.702 38.679 38.644 38.619 38.619 38.597 38.552 38.524 38.497 38.449 38.427 38.437 38.407 38.412 38.399 38.407 38.394 38.384 38.379 38.394 38.409 38.394 38.392 38.384 38.384 38.364 38.337 38.309
40.022 39.982 39.932 39.912 39.844 39.824 39.794 39.777 39.772 39.759 39.697 39.684 39.697 39.647 39.624 39.609 39.542 39.527 39.489 39.434 39.397 39.352 39.304 39.299 39.282 39.262 39.257 39.272 39.274 39.269 39.394 39.222 39.214 39.189 39.134 39.064 39.037 39.017 38.977 38.897 38.844 38.819 38.807 38.734 38.674 38.652 38.664 38.634 38.624 38.594 38.557 38.532 38.482 38.474 38.464 38.449 38.449 38.459 38.417 38.427 38.414 38.412 38.392 38.442 38.412 38.419 38.432 38.407 38.422 38.392 38.382
