All_lidar/sz5990_DSM_2M.asc
ncols 500
nrows 500
xllcorner    459000
yllcorner    90000
cellsize     2
NODATA_value -9999
[rows 0 to 31 of 500, columns 216 to 287 of 500]
7.299 7.167 7.364 8.232 8.784 8.904 8.964 9.009 8.917 8.834 9.504 9.274 9.629 10.789 10.039 10.157 10.044 10.729 11.464 11.297 11.352 11.444 11.514 11.592 11.752 11.917 12.079 12.254 12.422 12.582 12.709 12.834 12.902 12.969 13.047 13.14 13.275 13.377 13.487 13.595 13.687 13.815 13.885 13.957 13.997 13.99 14.09 14.147 14.22 14.277 14.365 14.435 14.54 14.57 14.635 14.7 14.757 14.835 14.912 14.985 15.08 15.157 15.245 15.357 15.435 15.505 15.602 15.687 15.7 15.727 15.777 15.835
8.244 10.472 7.257 8.169 8.719 8.797 8.974 8.954 8.954 8.944 8.977 9.207 9.357 10.659 10.502 10.069 10.072 10.312 12.079 11.669 11.372 11.389 11.419 11.507 11.664 11.824 12.014 12.199 12.369 12.489 12.609 12.724 12.804 12.887 12.982 13.08 13.192 13.347 13.43 13.512 13.625 13.695 13.765 13.837 13.87 13.892 13.965 14.042 14.137 14.2 14.305 14.37 14.467 14.54 14.587 14.652 14.71 14.782 14.832 14.895 14.985 15.082 15.172 15.292 15.377 15.422 15.497 15.562 15.592 15.62 15.687 15.782
7.382 9.639 7.287 7.702 8.512 8.744 8.939 8.982 9.027 8.947 8.927 9.149 9.314 9.982 10.962 9.934 10.009 9.962 11.837 11.967 11.287 11.317 11.369 11.424 11.589 11.769 11.927 12.074 12.234 12.389 12.514 12.649 12.757 12.839 12.92 13.01 13.117 13.217 13.312 13.39 13.48 13.55 13.642 13.712 13.772 13.86 13.89 13.992 14.097 14.162 14.235 14.32 14.4 14.487 14.57 14.597 14.652 14.712 14.765 14.827 14.88 15.015 15.085 15.147 15.252 15.31 15.392 15.44 15.535 15.552 15.622 15.695
6.764 6.812 8.602 7.369 8.087 8.692 8.829 8.999 9.012 8.972 8.927 8.939 9.264 9.512 10.932 10.217 9.972 10.109 11.274 11.954 11.609 11.244 11.337 11.402 11.492 11.672 11.832 11.979 12.157 12.307 12.437 12.564 12.684 12.774 12.87 12.917 12.977 13.082 13.175 13.272 13.337 13.44 13.532 13.595 13.685 13.775 13.84 13.92 14.005 14.092 14.19 14.275 14.352 14.397 14.49 14.52 14.572 14.635 14.687 14.747 14.792 14.882 14.967 15.035 15.14 15.207 15.317 15.37 15.435 15.49 15.567 15.627
6.949 6.824 8.837 7.449 7.787 8.569 8.827 8.972 8.977 9.002 8.964 8.922 9.092 9.362 10.404 11.222 9.942 10.087 10.432 11.262 11.692 11.174 11.222 11.302 11.437 11.557 11.727 11.899 12.057 12.217 12.339 12.472 12.562 12.654 12.737 12.82 12.882 12.955 13.037 13.165 13.245 13.357 13.45 13.54 13.645 13.74 13.83 13.86 13.942 14.02 14.092 14.172 14.257 14.337 14.395 14.485 14.497 14.562 14.607 14.64 14.69 14.755 14.877 14.947 15.035 15.107 15.195 15.292 15.39 15.472 15.527 15.572
7.059 6.862 7.454 7.809 7.252 8.057 8.659 8.832 8.992 8.972 8.989 8.962 9.032 9.182 9.482 10.592 10.294 10.004 10.079 11.194 12.442 11.517 11.172 11.244 11.362 11.479 11.624 11.819 11.969 12.084 12.219 12.342 12.447 12.552 12.627 12.7 12.795 12.855 12.955 13.09 13.2 13.312 13.397 13.53 13.615 13.685 13.777 13.8 13.842 13.942 14.03 14.105 14.162 14.24 14.31 14.387 14.425 14.46 14.517 14.575 14.622 14.67 14.75 14.845 14.922 15.04 15.147 15.252 15.307 15.385 15.445 15.525
7.057 6.962 6.852 7.084 7.639 7.452 8.452 8.814 8.959 8.989 9.009 8.962 8.989 9.139 9.419 9.614 10.692 9.999 10.064 10.834 12.257 11.757 11.092 11.149 11.274 11.407 11.514 11.694 11.814 11.947 12.079 12.214 12.324 12.417 12.52 12.597 12.702 12.777 12.897 13.007 13.14 13.26 13.392 13.467 13.562 13.647 13.707 13.777 13.772 13.845 13.897 13.98 14.057 14.147 14.235 14.29 14.36 14.38 14.447 14.48 14.522 14.572 14.66 14.765 14.875 14.965 15.042 15.142 15.25 15.335 15.425 15.517
7.147 7.069 6.934 6.957 8.044 7.569 8.182 8.762 8.832 9.007 9.014 9.012 8.997 8.972 9.197 9.399 10.544 10.294 9.997 10.377 11.234 12.077 11.217 11.072 11.192 11.312 11.402 11.537 11.667 11.814 11.954 12.079 12.199 12.307 12.412 12.507 12.622 12.712 12.802 12.932 13.07 13.195 13.302 13.385 13.477 13.572 13.625 13.657 13.715 13.722 13.822 13.897 13.97 14.057 14.142 14.182 14.267 14.307 14.34 14.402 14.475 14.542 14.592 14.665 14.785 14.89 15.02 15.11 15.225 15.292 15.395 15.49
7.159 7.319 7.019 6.867 7.404 9.362 7.952 8.607 8.747 8.952 9.034 9.077 9.022 8.997 9.189 9.359 9.777 10.732 9.969 10.139 10.437 11.459 11.279 11.009 11.102 11.232 11.297 11.409 11.579 11.707 11.867 11.994 12.109 12.234 12.36 12.457 12.557 12.657 12.745 12.862 13.005 13.125 13.2 13.282 13.395 13.465 13.537 13.587 13.607 13.64 13.747 13.84 13.887 13.945 14.002 14.07 14.145 14.252 14.3 14.357 14.38 14.475 14.552 14.627 14.742 14.87 14.97 15.07 15.167 15.247 15.337 15.43
7.457 7.407 7.519 7.044 7.212 9.157 8.304 8.454 8.744 8.854 9.084 9.054 9.069 8.997 9.097 9.359 9.417 10.509 10.337 10.152 10.229 10.702 13.077 11.539 11.052 11.132 11.247 11.309 11.482 11.602 11.769 11.944 12.077 12.197 12.312 12.422 12.492 12.58 12.66 12.767 12.887 12.992 13.095 13.21 13.297 13.367 13.455 13.512 13.587 13.627 13.652 13.7 13.762 13.847 13.927 14.012 14.072 14.18 14.235 14.29 14.36 14.452 14.53 14.605 14.682 14.792 14.902 15.017 15.107 15.192 15.25 15.37
7.364 7.102 7.242 7.037 7.069 7.559 8.629 9.014 8.454 8.754 8.987 9.039 9.044 9.024 8.962 9.167 9.397 9.872 10.832 10.064 10.169 10.927 12.412 11.849 10.992 11.059 11.159 11.264 11.359 11.549 11.707 11.869 12.027 12.137 12.24 12.34 12.415 12.522 12.607 12.685 12.772 12.89 12.995 13.105 13.225 13.295 13.397 13.452 13.5 13.542 13.552 13.65 13.717 13.777 13.837 13.917 14.007 14.095 14.22 14.262 14.355 14.435 14.497 14.57 14.647 14.757 14.832 14.925 15.017 15.102 15.18 15.285
7.029 7.214 7.137 6.999 7.014 7.384 8.314 9.022 8.514 8.737 8.842 9.039 9.029 9.047 8.984 9.047 9.327 9.507 10.784 10.402 10.164 10.409 11.727 12.077 11.067 11.009 11.102 11.222 11.297 11.457 11.632 11.782 11.939 12.049 12.145 12.252 12.36 12.452 12.525 12.61 12.692 12.787 12.92 13.017 13.102 13.197 13.292 13.365 13.432 13.482 13.517 13.557 13.64 13.71 13.8 13.902 13.987 14.06 14.16 14.247 14.307 14.387 14.45 14.52 14.597 14.67 14.777 14.852 14.932 15.042 15.145 15.23
7.414 7.052 7.137 7.164 7.237 7.044 7.437 8.482 8.619 8.772 8.969 8.959 9.077 9.084 9.047 9.029 9.242 9.409 9.877 10.932 10.099 10.244 10.922 12.042 11.592 10.974 11.059 11.162 11.257 11.384 11.547 11.677 11.822 11.957 12.075 12.185 12.26 12.357 12.432 12.532 12.605 12.675 12.797 12.897 13.015 13.102 13.232 13.29 13.355 13.445 13.502 13.54 13.59 13.71 13.78 13.882 13.945 14.017 14.112 14.197 14.237 14.327 14.38 14.425 14.527 14.582 14.665 14.792 14.88 15.02 15.11 15.19
6.934 7.062 7.459 7.984 7.897 7.154 7.102 7.752 8.824 9.034 8.909 8.859 9.079 9.067 9.092 9.037 9.104 9.459 9.614 10.402 10.187 10.159 10.404 11.497 11.812 11.004 11.012 11.107 11.224 11.312 11.462 11.599 11.764 11.882 11.987 12.085 12.195 12.282 12.357 12.407 12.467 12.602 12.695 12.83 12.965 13.042 13.152 13.247 13.32 13.417 13.48 13.525 13.577 13.677 13.732 13.812 13.882 13.972 14.05 14.112 14.177 14.232 14.302 14.39 14.445 14.515 14.597 14.71 14.835 14.927 15.042 15.167
6.682 7.079 7.732 8.164 8.432 7.569 7.067 7.354 9.427 9.772 8.879 8.897 8.927 9.112 9.087 9.064 9.009 9.262 9.594 9.827 10.247 10.089 10.307 10.777 11.607 11.224 10.999 11.052 11.187 11.287 11.377 11.529 11.657 11.809 11.89 11.972 12.065 12.142 12.272 12.352 12.455 12.535 12.655 12.76 12.905 13.002 13.112 13.212 13.302 13.41 13.502 13.53 13.567 13.622 13.69 13.752 13.822 13.902 13.977 14 14.082 14.205 14.25 14.302 14.407 14.5 14.57 14.682 14.787 14.915 15.037 15.162
7.049 7.839 7.977 8.427 9.939 7.479 7.069 7.262 9.099 10.257 9.347 8.829 8.959 9.114 9.107 9.139 9.004 9.094 9.432 9.629 10.084 10.049 10.209 10.484 11.242 11.642 11.004 11.042 11.119 11.252 11.307 11.437 11.552 11.639 11.767 11.877 11.992 12.082 12.185 12.287 12.38 12.482 12.6 12.712 12.855 12.99 13.072 13.192 13.285 13.375 13.447 13.512 13.535 13.547 13.632 13.7 13.74 13.807 13.88 13.952 14.04 14.172 14.247 14.295 14.38 14.44 14.557 14.632 14.735 14.88 15.002 15.15
6.784 7.827 6.737 7.972 10.307 7.987 7.984 7.932 8.319 8.844 9.579 8.722 8.877 9.039 9.107 9.112 9.099 9.027 9.172 9.609 9.959 10.272 10.142 10.402 10.779 11.809 11.124 11.082 11.092 11.192 11.254 11.277 11.424 11.547 11.692 11.822 11.927 12.035 12.127 12.217 12.327 12.435 12.575 12.66 12.8 12.94 13.047 13.152 13.267 13.337 13.385 13.425 13.457 13.507 13.557 13.632 13.69 13.785 13.837 13.925 13.982 14.135 14.18 14.282 14.355 14.427 14.542 14.61 14.74 14.88 15 15.112
7.079 7.264 9.234 6.689 8.969 9.514 8.802 8.729 7.697 7.574 8.239 8.612 8.859 8.937 9.069 9.102 9.142 9.057 9.084 9.409 9.767 10.084 10.142 10.289 10.689 11.774 11.384 11.014 11.057 11.097 11.152 11.229 11.369 11.519 11.632 11.76 11.87 11.975 12.077 12.195 12.282 12.395 12.525 12.627 12.722 12.86 13 13.08 13.165 13.235 13.297 13.342 13.4 13.457 13.467 13.565 13.662 13.757 13.84 13.91 13.992 14.08 14.162 14.252 14.34 14.41 14.542 14.65 14.71 14.835 14.957 15.067
7.089 8.092 9.384 7.092 9.519 9.769 8.612 7.479 7.619 7.514 7.799 8.449 8.482 8.842 8.927 9.124 9.087 9.104 9.029 9.259 9.707 10.039 10.159 10.207 10.399 10.859 11.657 11.042 11.037 11.074 11.114 11.222 11.317 11.469 11.582 11.682 11.797 11.945 12.06 12.167 12.245 12.37 12.505 12.607 12.662 12.765 12.895 12.992 13.075 13.16 13.227 13.292 13.337 13.417 13.46 13.51 13.647 13.732 13.797 13.897 13.962 14.06 14.14 14.247 14.335 14.427 14.515 14.605 14.677 14.802 14.925 15.037
7.059 7.267 8.137 8.664 9.332 8.734 7.877 7.507 7.687 7.499 7.609 8.214 8.239 8.652 8.859 9.082 9.112 9.209 9.082 9.057 9.439 9.934 10.187 10.234 10.304 10.449 12.479 11.872 11.032 11.074 11.137 11.194 11.274 11.354 11.495 11.645 11.782 11.88 12 12.087 12.197 12.3 12.407 12.517 12.575 12.697 12.8 12.927 12.992 13.047 13.12 13.192 13.285 13.382 13.455 13.52 13.59 13.685 13.787 13.88 13.942 14.057 14.145 14.21 14.29 14.38 14.487 14.582 14.687 14.772 14.902 14.992
7.059 7.189 8.544 8.319 7.224 7.684 7.879 7.929 7.509 7.572 8.244 7.682 8.777 8.539 8.709 8.967 9.167 9.124 9.124 9.042 9.207 9.787 10.182 10.509 10.254 10.374 11.304 11.964 11.152 11.059 11.094 11.149 11.237 11.317 11.472 11.587 11.71 11.817 11.917 12.02 12.137 12.225 12.33 12.455 12.525 12.597 12.712 12.822 12.917 13.002 13.075 13.177 13.29 13.367 13.422 13.52 13.575 13.652 13.762 13.827 13.92 14.02 14.107 14.22 14.317 14.367 14.475 14.592 14.647 14.732 14.822 14.915
7.067 7.154 8.302 8.857 6.552 7.217 7.617 7.789 7.482 7.299 7.352 7.342 9.779 8.642 8.492 8.942 9.072 9.152 9.127 9.117 9.057 9.369 9.927 10.572 10.567 10.334 10.817 11.799 11.654 11.069 11.092 11.122 11.207 11.292 11.397 11.5 11.62 11.757 11.87 11.952 12.082 12.162 12.255 12.332 12.45 12.555 12.647 12.782 12.865 12.977 13.075 13.19 13.265 13.312 13.395 13.49 13.55 13.635 13.69 13.79 13.912 14.005 14.12 14.197 14.307 14.4 14.457 14.52 14.597 14.677 14.727 14.84
7.052 7.132 7.379 7.697 7.109 6.829 9.987 9.484 12.317 7.794 7.877 7.534 8.177 8.449 8.492 8.764 9.044 9.147 9.149 9.162 9.074 9.129 9.637 10.312 11.119 10.319 10.487 11.067 11.907 11.299 11.049 11.102 11.159 11.259 11.34 11.45 11.577 11.715 11.812 11.91 12.01 12.102 12.182 12.285 12.41 12.49 12.59 12.697 12.82 12.975 13.057 13.137 13.235 13.297 13.352 13.415 13.505 13.572 13.677 13.792 13.897 14.005 14.092 14.195 14.285 14.372 14.42 14.5 14.55 14.62 14.69 14.775
7.034 7.089 7.164 7.727 7.664 7.287 7.202 10.407 10.067 9.497 9.344 7.429 7.777 8.229 8.409 8.444 8.974 9.062 9.132 9.157 9.169 9.127 9.309 9.964 10.884 10.619 10.389 10.837 11.599 11.829 11.289 11.112 11.147 11.249 11.315 11.397 11.535 11.65 11.755 11.855 11.965 12.082 12.16 12.27 12.382 12.467 12.57 12.665 12.777 12.93 13.01 13.085 13.152 13.245 13.315 13.42 13.507 13.567 13.67 13.742 13.857 13.952 14.03 14.145 14.207 14.325 14.387 14.46 14.51 14.6 14.657 14.725
7.047 7.097 7.162 7.429 7.582 7.207 7.079 7.782 9.809 8.624 8.912 7.484 7.807 7.669 8.087 8.384 8.829 8.994 9.157 9.149 9.177 9.122 9.147 9.577 10.389 11.552 10.324 10.537 10.912 11.954 12.137 11.297 11.174 11.232 11.307 11.355 11.485 11.597 11.72 11.817 11.947 12.047 12.145 12.25 12.342 12.45 12.542 12.655 12.732 12.832 12.942 12.997 13.115 13.24 13.32 13.417 13.492 13.565 13.602 13.717 13.797 13.88 13.975 14.05 14.165 14.272 14.36 14.437 14.492 14.55 14.637 14.732
7.032 7.077 7.127 7.222 7.249 7.232 7.279 9.184 6.802 7.287 7.287 7.389 7.599 7.889 8.362 8.652 8.874 8.977 9.312 9.269 9.204 9.204 9.144 9.242 9.954 10.752 10.922 10.397 10.817 11.749 12.522 11.644 11.219 11.227 11.307 11.365 11.457 11.585 11.687 11.805 11.907 12.025 12.117 12.237 12.327 12.41 12.48 12.552 12.655 12.76 12.877 13.015 13.102 13.212 13.3 13.39 13.46 13.517 13.587 13.645 13.737 13.84 13.945 14.01 14.1 14.24 14.335 14.407 14.485 14.552 14.607 14.687
7.062 7.072 7.122 7.189 7.224 7.214 9.379 9.682 7.159 7.289 7.509 7.584 7.709 7.637 7.832 8.512 8.962 8.947 9.264 9.364 9.227 9.232 9.204 9.109 9.512 10.209 10.837 10.377 10.614 11.234 13.022 12.752 11.554 11.224 11.262 11.352 11.437 11.545 11.637 11.787 11.885 12.037 12.132 12.197 12.282 12.36 12.46 12.535 12.62 12.732 12.867 13.002 13.065 13.165 13.255 13.325 13.4 13.472 13.55 13.605 13.715 13.8 13.93 14.017 14.09 14.2 14.305 14.382 14.435 14.497 14.552 14.635
7.089 7.099 7.137 7.194 7.199 7.479 8.787 9.724 8.064 7.382 7.489 7.669 7.552 7.632 7.567 7.822 9.502 8.889 9.127 9.347 9.294 9.219 9.227 9.132 9.199 9.877 10.617 10.747 10.509 10.874 12.374 12.839 13.942 11.294 11.285 11.315 11.417 11.527 11.642 11.787 11.892 11.995 12.075 12.167 12.272 12.34 12.442 12.52 12.627 12.732 12.82 12.932 13.03 13.122 13.185 13.277 13.347 13.452 13.517 13.587 13.667 13.772 13.875 13.98 14.047 14.137 14.232 14.322 14.372 14.447 14.51 14.567
7.117 7.114 7.139 7.214 7.227 6.767 6.994 7.317 7.367 7.269 7.752 7.557 7.382 7.484 7.559 7.734 9.847 10.849 9.879 9.182 9.342 9.272 9.227 9.239 9.139 9.464 10.244 10.762 10.527 10.584 10.972 13.362 15.029 12.572 11.29 11.325 11.417 11.55 11.607 11.7 11.82 11.97 12.07 12.14 12.225 12.31 12.42 12.495 12.59 12.685 12.81 12.905 13 13.092 13.137 13.25 13.34 13.41 13.487 13.57 13.64 13.71 13.815 13.912 13.997 14.08 14.197 14.26 14.34 14.412 14.452 14.515
7.127 7.167 7.182 7.212 7.759 8.669 8.082 7.377 7.824 7.239 7.417 7.382 7.652 7.587 7.622 7.744 7.917 9.837 8.994 9.099 9.222 9.374 9.249 9.254 9.159 9.117 9.737 10.419 10.744 10.562 10.667 12.654 12.507 12.922 11.342 11.347 11.412 11.497 11.602 11.687 11.802 11.917 11.99 12.1 12.182 12.282 12.362 12.48 12.57 12.657 12.765 12.855 12.947 13.07 13.127 13.242 13.307 13.372 13.457 13.527 13.607 13.667 13.767 13.855 13.925 14.037 14.145 14.207 14.32 14.357 14.415 14.457
7.152 7.187 7.157 7.209 7.287 7.182 7.377 7.319 7.389 7.282 7.264 7.327 7.427 7.537 7.612 7.724 7.847 8.034 9.999 9.902 9.249 9.352 9.282 9.234 9.269 9.164 9.297 10.082 10.579 10.629 10.677 10.969 11.647 12.689 12.315 11.382 11.425 11.47 11.552 11.642 11.762 11.85 11.95 12.07 12.19 12.282 12.37 12.455 12.55 12.63 12.73 12.817 12.922 13.007 13.077 13.182 13.24 13.337 13.425 13.497 13.545 13.617 13.69 13.822 13.912 14.012 14.077 14.145 14.207 14.262 14.327 14.417
7.157 7.177 7.224 7.227 7.299 7.677 7.702 8.204 7.369 7.334 7.297 7.432 7.467 7.509 7.587 7.687 7.807 7.919 11.997 12.397 9.267 9.092 9.392 9.259 9.279 9.222 9.182 9.587 10.372 10.617 10.762 10.807 10.987 12.252 12.762 11.542 11.4 11.485 11.542 11.62 11.715 11.842 11.945 12.07 12.167 12.272 12.365 12.415 12.512 12.592 12.662 12.765 12.857 12.952 13.037 13.137 13.202 13.295 13.387 13.452 13.51 13.58 13.667 13.75 13.827 13.9 13.967 14.062 14.125 14.237 14.317 14.395
