All_lidar/sz5988_DSM_2M.asc
ncols 500
nrows 500
xllcorner    459000
yllcorner    88000
cellsize     2
NODATA_value -9999
[rows 96 to 127 of 500, columns 213 to 283 of 500]
28.312 28.232 28.194 28.147 28.122 28.122 28.122 28.107 28.097 28.117 28.124 28.164 28.152 28.149 28.124 28.109 28.122 28.154 28.172 28.172 28.179 28.167 28.147 28.119 28.134 28.084 28.112 28.102 28.079 28.059 28.032 27.984 27.914 27.884 27.884 27.907 27.892 27.892 27.872 27.827 27.774 27.774 27.769 27.759 27.792 27.742 27.712 27.692 27.662 27.632 27.639 27.619 27.624 27.614 27.584 27.544 27.544 27.544 27.519 27.517 27.499 27.489 27.482 27.467 27.454 27.422 27.384 27.342 27.309 27.254 27.257
28.312 28.242 28.187 28.162 28.182 28.197 28.272 28.212 28.172 28.157 28.152 28.167 28.184 28.184 28.169 28.174 28.182 28.217 28.219 28.239 28.207 28.194 28.197 28.189 28.187 28.157 28.174 28.194 28.159 28.119 28.102 28.069 28.024 27.984 28.002 27.969 27.974 27.999 27.964 27.934 27.859 27.847 27.827 27.799 27.792 27.789 27.789 27.774 27.744 27.719 27.662 27.664 27.674 27.682 27.662 27.627 27.597 27.577 27.584 27.567 27.579 27.594 27.554 27.554 27.514 27.467 27.457 27.434 27.387 27.357 27.347
28.337 28.219 28.184 28.179 28.229 28.259 28.352 28.377 28.334 28.279 28.252 28.219 28.237 28.224 28.227 28.252 28.252 28.269 28.282 28.269 28.259 28.252 28.229 28.227 28.219 28.182 28.224 28.229 28.219 28.202 28.162 28.137 28.117 28.087 28.067 28.079 28.064 28.039 28.032 28.042 27.994 27.964 27.944 27.894 27.859 27.782 27.774 27.779 27.759 27.764 27.732 27.734 27.714 27.707 27.714 27.692 27.682 27.664 27.652 27.627 27.617 27.624 27.617 27.607 27.594 27.554 27.544 27.482 27.452 27.427 27.407
28.372 28.267 28.224 28.222 28.244 28.299 28.344 28.374 28.394 28.404 28.384 28.322 28.327 28.299 28.304 28.287 28.282 28.292 28.299 28.347 28.324 28.282 28.272 28.267 28.252 28.234 28.239 28.242 28.244 28.249 28.214 28.202 28.144 28.139 28.159 28.157 28.154 28.152 28.102 28.077 28.064 28.034 27.992 28.007 27.919 27.897 27.882 27.849 27.792 27.759 27.767 27.797 27.784 27.777 27.762 27.742 27.759 27.702 27.677 27.682 27.677 27.647 27.627 27.652 27.644 27.599 27.589 27.542 27.524 27.482 27.417
28.346 28.339 28.346 28.301 28.306 28.364 28.419 28.469 28.454 28.429 28.431 28.406 28.451 28.451 28.469 28.439 28.401 28.351 28.339 28.369 28.369 28.366 28.359 28.326 28.304 28.281 28.309 28.306 28.324 28.296 28.244 28.241 28.256 28.231 28.216 28.231 28.219 28.199 28.169 28.169 28.142 28.112 28.094 28.052 28.024 28.009 27.974 27.934 27.877 27.834 27.787 27.829 27.787 27.834 27.807 27.787 27.804 27.807 27.739 27.752 27.734 27.729 27.709 27.707 27.644 27.664 27.619 27.597 27.564 27.539 27.532
28.421 28.414 28.494 28.421 28.384 28.376 28.429 28.469 28.509 28.561 28.546 28.541 28.536 28.536 28.526 28.549 28.564 28.536 28.491 28.469 28.461 28.414 28.399 28.351 28.366 28.384 28.381 28.376 28.399 28.366 28.329 28.291 28.274 28.266 28.276 28.289 28.304 28.279 28.244 28.214 28.202 28.172 28.144 28.112 28.084 28.092 28.047 28.017 28.012 27.984 27.949 27.907 27.867 27.852 27.822 27.824 27.864 27.827 27.829 27.807 27.807 27.804 27.762 27.732 27.742 27.732 27.662 27.629 27.617 27.557 27.547
28.516 28.479 28.684 29.469 29.594 29.054 28.799 28.524 28.516 28.564 28.606 28.611 28.621 28.579 28.586 28.606 28.614 28.631 28.604 28.561 28.574 28.526 28.491 28.461 28.426 28.401 28.424 28.429 28.436 28.409 28.396 28.364 28.346 28.336 28.316 28.334 28.331 28.332 28.307 28.292 28.262 28.229 28.189 28.162 28.144 28.139 28.127 28.089 28.074 28.067 28.037 28.004 27.982 27.939 27.922 27.894 27.877 27.817 27.832 27.882 27.857 27.879 27.849 27.822 27.779 27.762 27.737 27.694 27.692 27.607 27.579
28.619 28.621 28.716 28.969 29.296 29.481 29.964 29.566 29.639 29.041 28.641 28.604 28.619 28.636 28.636 28.686 28.666 28.669 28.649 28.631 28.646 28.646 28.641 28.604 28.549 28.504 28.444 28.451 28.474 28.469 28.449 28.424 28.396 28.391 28.386 28.389 28.394 28.357 28.329 28.312 28.307 28.282 28.259 28.254 28.242 28.209 28.164 28.127 28.139 28.152 28.099 28.092 28.059 28.059 28.009 27.989 27.957 27.914 27.894 27.884 27.894 27.894 27.879 27.882 27.834 27.819 27.794 27.737 27.722 27.682 27.647
28.671 28.706 28.729 28.786 28.849 28.876 29.001 29.384 29.449 29.986 29.891 29.396 28.801 28.691 28.689 28.694 28.696 28.691 28.681 28.664 28.676 28.741 28.729 28.694 28.661 28.634 28.604 28.589 28.544 28.486 28.476 28.446 28.469 28.464 28.449 28.451 28.446 28.422 28.389 28.394 28.369 28.307 28.304 28.282 28.274 28.262 28.242 28.202 28.179 28.189 28.172 28.169 28.162 28.154 28.144 28.077 28.052 28.032 28.019 28.004 27.967 27.942 27.874 27.874 27.864 27.849 27.842 27.794 27.769 27.722 27.699
28.741 28.739 28.791 28.841 28.979 28.989 29.004 29.009 28.959 28.954 29.319 29.744 30.091 29.916 29.281 28.934 28.764 28.729 28.736 28.744 28.751 28.764 28.791 28.761 28.724 28.694 28.696 28.716 28.709 28.656 28.621 28.576 28.541 28.516 28.501 28.496 28.479 28.467 28.437 28.447 28.434 28.369 28.349 28.319 28.312 28.294 28.284 28.259 28.234 28.214 28.207 28.184 28.197 28.179 28.197 28.147 28.147 28.129 28.129 28.097 28.032 28.014 27.942 27.929 27.909 27.847 27.837 27.804 27.782 27.807 27.772
28.861 28.816 28.861 28.846 28.951 28.966 29.036 29.159 29.261 29.144 29.119 29.089 29.239 29.181 29.631 30.009 29.954 29.339 28.871 28.796 28.786 28.829 28.829 28.816 28.804 28.791 28.776 28.769 28.754 28.749 28.729 28.749 28.696 28.611 28.539 28.536 28.504 28.512 28.474 28.474 28.452 28.414 28.422 28.402 28.409 28.357 28.329 28.287 28.274 28.307 28.277 28.264 28.264 28.239 28.237 28.214 28.194 28.224 28.197 28.202 28.119 28.122 28.084 28.027 28.009 27.914 27.864 27.804 27.817 27.827 27.829
28.979 28.939 28.931 28.926 28.956 28.939 29.029 29.071 29.091 29.166 29.231 29.281 29.271 29.236 29.161 29.121 29.424 29.969 30.021 29.726 29.141 28.906 28.841 28.826 28.824 28.866 28.876 28.859 28.811 28.809 28.819 28.819 28.796 28.779 28.721 28.689 28.631 28.582 28.534 28.502 28.499 28.457 28.442 28.429 28.429 28.402 28.367 28.364 28.337 28.344 28.312 28.314 28.304 28.307 28.274 28.277 28.262 28.239 28.232 28.234 28.242 28.167 28.167 28.127 28.092 28.027 27.972 27.939 27.874 27.847 27.822
29.051 29.049 29.001 28.959 28.959 28.986 29.024 29.084 29.114 29.126 29.196 29.244 29.326 29.341 29.406 29.351 29.296 29.266 29.256 29.384 29.564 30.034 30.266 29.526 28.956 28.869 28.856 28.851 28.901 28.884 28.896 28.896 28.864 28.894 28.846 28.816 28.771 28.762 28.689 28.592 28.564 28.479 28.469 28.447 28.457 28.432 28.404 28.399 28.394 28.429 28.377 28.384 28.377 28.322 28.339 28.327 28.309 28.309 28.297 28.277 28.252 28.232 28.232 28.222 28.149 28.127 28.072 28.034 27.967 27.949 27.892
29.121 29.124 29.131 29.036 29.001 29.026 29.059 29.081 29.129 29.154 29.156 29.181 29.201 29.284 29.346 29.374 29.436 29.486 29.421 29.386 29.331 29.326 29.836 30.241 30.584 30.154 29.804 29.121 28.899 28.881 28.906 28.934 28.904 28.914 28.874 28.859 28.824 28.834 28.797 28.757 28.714 28.642 28.554 28.517 28.487 28.467 28.427 28.417 28.417 28.442 28.427 28.412 28.409 28.394 28.374 28.364 28.369 28.347 28.372 28.322 28.304 28.302 28.252 28.227 28.197 28.167 28.197 28.132 28.072 28.032 27.982
29.164 29.194 29.186 29.116 29.049 29.081 29.124 29.116 29.169 29.196 29.199 29.231 29.249 29.236 29.291 29.329 29.401 29.444 29.504 29.546 29.559 29.496 29.391 29.336 29.691 29.971 30.311 30.561 30.186 29.739 29.004 28.924 28.929 28.931 28.904 28.934 28.894 28.847 28.834 28.847 28.862 28.842 28.759 28.694 28.642 28.514 28.464 28.444 28.454 28.457 28.457 28.444 28.444 28.449 28.447 28.417 28.414 28.392 28.387 28.379 28.387 28.329 28.317 28.269 28.227 28.214 28.212 28.207 28.169 28.087 28.104
29.234 29.251 29.219 29.166 29.091 29.121 29.109 29.141 29.176 29.174 29.249 29.291 29.314 29.324 29.304 29.336 29.359 29.391 29.426 29.479 29.541 29.606 29.606 29.564 29.496 29.434 29.404 29.641 29.921 30.581 30.781 30.494 29.224 28.974 28.921 28.936 28.926 28.899 28.882 28.844 28.844 28.867 28.854 28.827 28.787 28.712 28.639 28.582 28.534 28.482 28.487 28.477 28.487 28.507 28.459 28.442 28.462 28.487 28.467 28.462 28.422 28.402 28.382 28.314 28.292 28.259 28.244 28.222 28.192 28.162 28.134
29.341 29.346 29.324 29.234 29.181 29.194 29.226 29.264 29.246 29.254 29.239 29.294 29.309 29.379 29.416 29.414 29.444 29.424 29.446 29.459 29.474 29.536 29.551 29.564 29.619 29.616 29.561 29.489 29.424 29.426 29.796 30.446 30.466 30.444 29.791 29.141 28.984 28.957 28.974 28.934 28.897 28.864 28.864 28.842 28.829 28.792 28.769 28.734 28.702 28.629 28.544 28.499 28.492 28.514 28.507 28.492 28.489 28.484 28.504 28.534 28.482 28.462 28.397 28.369 28.327 28.317 28.282 28.252 28.237 28.212 28.194
29.409 29.404 29.374 29.311 29.246 29.286 29.316 29.329 29.331 29.369 29.356 29.356 29.379 29.391 29.439 29.416 29.469 29.511 29.514 29.471 29.476 29.531 29.541 29.556 29.536 29.531 29.579 29.584 29.644 29.554 29.516 29.489 29.476 29.611 30.271 30.431 30.074 29.474 29.044 28.949 28.932 28.912 28.897 28.859 28.844 28.847 28.824 28.809 28.769 28.777 28.739 28.674 28.589 28.554 28.534 28.514 28.547 28.544 28.537 28.559 28.512 28.489 28.439 28.404 28.362 28.319 28.292 28.289 28.287 28.267 28.222
29.466 29.481 29.449 29.421 29.404 29.416 29.404 29.434 29.454 29.451 29.451 29.441 29.461 29.486 29.526 29.499 29.499 29.549 29.554 29.569 29.576 29.586 29.549 29.581 29.564 29.541 29.551 29.526 29.529 29.551 29.589 29.631 29.569 29.526 29.464 29.506 29.701 30.057 30.399 30.229 29.592 28.987 28.914 28.889 28.899 28.889 28.874 28.824 28.812 28.817 28.794 28.804 28.784 28.787 28.714 28.637 28.599 28.542 28.544 28.532 28.494 28.514 28.464 28.422 28.374 28.332 28.332 28.317 28.329 28.297 28.269
29.574 29.589 29.546 29.501 29.499 29.519 29.524 29.549 29.544 29.511 29.511 29.539 29.544 29.574 29.606 29.596 29.599 29.601 29.601 29.584 29.559 29.591 29.589 29.616 29.594 29.544 29.569 29.534 29.509 29.499 29.511 29.536 29.556 29.636 29.631 29.574 29.506 29.492 29.492 29.667 30.307 30.587 29.799 29.432 29.032 28.894 28.922 28.897 28.882 28.877 28.849 28.839 28.849 28.827 28.834 28.842 28.792 28.742 28.607 28.557 28.529 28.522 28.507 28.434 28.427 28.427 28.359 28.354 28.334 28.349 28.304
29.651 29.671 29.684 29.569 29.609 29.614 29.614 29.641 29.656 29.639 29.636 29.611 29.644 29.664 29.714 29.684 29.691 29.694 29.666 29.661 29.646 29.639 29.616 29.601 29.596 29.606 29.616 29.574 29.559 29.536 29.531 29.524 29.554 29.526 29.556 29.606 29.639 29.639 29.577 29.504 29.452 29.607 30.114 30.347 30.562 29.942 29.102 28.917 28.867 28.854 28.852 28.904 28.927 28.922 28.859 28.834 28.862 28.844 28.822 28.767 28.689 28.594 28.514 28.494 28.449 28.432 28.389 28.394 28.379 28.357 28.359
29.746 29.754 29.774 29.664 29.669 29.701 29.759 29.806 29.801 29.801 29.781 29.721 29.724 29.774 29.781 29.761 29.749 29.744 29.746 29.769 29.789 29.751 29.691 29.649 29.614 29.599 29.601 29.581 29.599 29.591 29.591 29.541 29.551 29.539 29.559 29.534 29.551 29.569 29.592 29.634 29.639 29.569 29.502 29.497 29.539 29.719 29.952 30.332 29.762 29.152 28.912 28.907 28.932 28.949 28.969 28.942 28.872 28.834 28.802 28.824 28.849 28.822 28.739 28.649 28.574 28.489 28.437 28.422 28.412 28.417 28.367
29.851 29.899 29.869 29.744 29.756 29.826 29.844 29.899 29.909 29.886 29.901 29.886 29.856 29.861 29.874 29.821 29.819 29.796 29.831 29.844 29.856 29.839 29.799 29.761 29.706 29.666 29.611 29.606 29.581 29.574 29.596 29.571 29.584 29.551 29.531 29.544 29.516 29.519 29.547 29.554 29.627 29.649 29.662 29.642 29.537 29.472 29.482 29.942 30.257 30.637 30.269 29.424 29.092 28.914 28.937 28.982 28.972 28.894 28.892 28.847 28.862 28.864 28.832 28.809 28.772 28.707 28.602 28.522 28.477 28.409 28.364
29.946 29.961 29.974 29.854 29.876 29.941 29.954 29.981 29.979 29.984 29.941 29.959 29.971 29.991 29.981 29.964 29.944 29.901 29.899 29.906 29.924 29.919 29.869 29.834 29.786 29.751 29.721 29.681 29.641 29.609 29.596 29.564 29.559 29.574 29.574 29.541 29.529 29.542 29.514 29.519 29.542 29.547 29.577 29.659 29.684 29.694 29.607 29.479 29.454 29.694 29.807 30.492 30.279 29.979 29.382 28.957 28.934 28.922 28.957 28.964 28.959 28.889 28.859 28.824 28.819 28.827 28.744 28.687 28.579 28.487 28.347
30.061 30.079 30.034 29.936 29.961 30.024 30.019 30.036 30.034 30.044 30.051 30.049 30.054 30.056 30.064 30.056 30.029 29.991 30.036 30.021 29.994 29.989 29.951 29.901 29.846 29.804 29.784 29.729 29.711 29.694 29.671 29.639 29.596 29.579 29.569 29.549 29.556 29.584 29.557 29.522 29.527 29.539 29.559 29.577 29.582 29.612 29.639 29.692 29.674 29.602 29.469 29.374 29.437 29.997 30.147 30.102 29.667 29.117 28.972 28.897 28.939 28.924 28.932 28.884 28.864 28.812 28.794 28.734 28.724 28.659 28.627
30.151 30.189 30.134 30.076 30.086 30.136 30.136 30.156 30.106 30.126 30.129 30.144 30.176 30.166 30.126 30.139 30.116 30.096 30.106 30.126 30.106 30.081 30.034 29.981 29.926 29.896 29.834 29.799 29.784 29.774 29.741 29.701 29.666 29.649 29.616 29.591 29.586 29.577 29.589 29.597 29.577 29.557 29.522 29.529 29.554 29.577 29.552 29.577 29.614 29.694 29.709 29.617 29.537 29.377 29.354 29.569 30.222 30.247 30.257 29.559 28.999 28.937 28.929 28.907 28.899 28.899 28.839 28.792 28.742 28.717 28.659
30.274 30.254 30.189 30.164 30.191 30.186 30.216 30.256 30.236 30.244 30.231 30.219 30.274 30.241 30.216 30.219 30.156 30.166 30.186 30.191 30.179 30.166 30.091 30.036 29.994 29.939 29.919 29.876 29.864 29.851 29.829 29.796 29.759 29.729 29.676 29.674 29.661 29.634 29.594 29.587 29.589 29.594 29.609 29.569 29.539 29.549 29.554 29.567 29.534 29.552 29.552 29.614 29.704 29.667 29.574 29.447 29.332 29.309 29.622 29.889 30.429 29.637 29.369 28.954 28.889 28.882 28.839 28.844 28.787 28.764 28.677
30.359 30.346 30.274 30.244 30.286 30.299 30.306 30.334 30.334 30.324 30.289 30.301 30.346 30.309 30.286 30.264 30.221 30.264 30.266 30.269 30.264 30.261 30.199 30.154 30.106 30.071 29.996 29.971 29.944 29.896 29.854 29.819 29.801 29.754 29.729 29.711 29.689 29.707 29.664 29.632 29.607 29.594 29.589 29.559 29.572 29.592 29.577 29.559 29.504 29.527 29.524 29.489 29.504 29.549 29.634 29.627 29.547 29.432 29.324 29.274 29.314 29.324 29.697 30.022 29.759 29.072 28.907 28.834 28.794 28.774 28.747
30.456 30.391 30.316 30.349 30.384 30.371 30.389 30.421 30.406 30.381 30.379 30.396 30.389 30.351 30.366 30.341 30.304 30.299 30.316 30.301 30.321 30.304 30.249 30.221 30.191 30.151 30.089 30.071 30.049 30.004 29.941 29.906 29.856 29.806 29.789 29.774 29.711 29.714 29.724 29.719 29.687 29.634 29.612 29.577 29.552 29.562 29.559 29.554 29.562 29.544 29.519 29.484 29.497 29.479 29.484 29.489 29.517 29.532 29.512 29.509 29.372 29.234 29.172 29.332 29.957 30.169 29.984 29.517 28.944 28.864 28.767
30.554 30.514 30.421 30.444 30.489 30.499 30.521 30.519 30.504 30.466 30.459 30.479 30.491 30.436 30.421 30.391 30.364 30.366 30.401 30.379 30.399 30.391 30.296 30.266 30.231 30.171 30.169 30.154 30.144 30.101 30.066 30.006 29.929 29.911 29.849 29.824 29.764 29.769 29.774 29.757 29.727 29.712 29.699 29.654 29.637 29.597 29.552 29.552 29.529 29.539 29.554 29.529 29.502 29.449 29.427 29.427 29.434 29.404 29.452 29.489 29.524 29.504 29.384 29.224 29.149 29.097 29.459 30.212 30.347 29.777 29.129
30.654 30.574 30.539 30.564 30.574 30.589 30.589 30.609 30.564 30.586 30.586 30.604 30.554 30.546 30.506 30.476 30.461 30.464 30.426 30.436 30.439 30.421 30.366 30.354 30.306 30.259 30.201 30.194 30.156 30.149 30.156 30.061 30.011 30.001 29.944 29.891 29.844 29.829 29.857 29.794 29.757 29.732 29.732 29.722 29.699 29.637 29.614 29.597 29.544 29.529 29.512 29.524 29.512 29.504 29.449 29.409 29.397 29.382 29.379 29.372 29.374 29.384 29.434 29.402 29.352 29.229 29.104 29.074 29.182 29.297 29.592
30.684 30.661 30.636 30.634 30.671 30.684 30.689 30.724 30.676 30.656 30.691 30.706 30.666 30.614 30.574 30.559 30.544 30.539 30.494 30.504 30.501 30.461 30.421 30.404 30.354 30.319 30.296 30.269 30.241 30.236 30.204 30.144 30.104 30.059 30.014 29.974 29.931 29.917 29.907 29.874 29.809 29.764 29.777 29.752 29.737 29.679 29.667 29.659 29.599 29.609 29.549 29.499 29.482 29.472 29.464 29.417 29.414 29.384 29.354 29.342 29.322 29.322 29.294 29.292 29.324 29.329 29.237 29.187 29.077 29.019 28.984
