All_lidar/sz5987_DSM_2M.asc
ncols 500
nrows 500
xllcorner    459000
yllcorner    87000
cellsize     2
NODATA_value -9999
[rows 288 to 319 of 500, columns 426 to 496 of 500]
31.059 30.996 30.946 30.896 30.846 30.806 30.734 30.721 30.734 30.711 30.669 30.639 30.571 30.549 30.546 30.501 30.449 30.419 30.379 30.326 30.311 30.221 30.164 30.111 30.034 29.976 29.926 29.866 29.814 29.731 29.669 29.656 29.609 29.546 29.481 29.446 29.396 29.331 29.239 29.136 29.054 28.994 28.934 28.899 28.821 28.691 28.621 28.596 28.514 28.459 28.371 28.281 28.181 28.131 28.089 28.061 28.921 28.004 31.686 34.036 29.621 28.044 27.946 27.851 27.756 27.674 27.629 27.576 27.451 27.321 27.274
31.099 31.056 30.989 30.931 30.886 30.819 30.759 30.771 30.739 30.724 30.711 30.629 30.606 30.571 30.536 30.509 30.466 30.434 30.399 30.381 30.336 30.266 30.194 30.119 30.056 29.986 29.941 29.871 29.826 29.779 29.706 29.696 29.664 29.611 29.534 29.506 29.466 29.394 29.304 29.221 29.136 29.064 29.006 28.911 28.854 28.771 28.679 28.629 28.609 28.514 28.436 28.356 28.289 28.239 28.211 28.154 28.136 29.851 28.441 29.931 32.024 32.219 28.016 27.921 27.854 27.779 27.719 27.626 27.451 27.306 27.284
31.146 31.104 31.011 30.951 30.921 30.851 30.779 30.804 30.739 30.736 30.694 30.654 30.616 30.594 30.551 30.514 30.471 30.466 30.436 30.416 30.364 30.271 30.194 30.131 30.051 29.999 29.951 29.906 29.859 29.796 29.764 29.746 29.711 29.661 29.616 29.571 29.524 29.439 29.369 29.296 29.216 29.166 29.099 29.016 28.914 28.854 28.799 28.704 28.679 28.599 28.514 28.439 28.384 28.344 28.291 28.224 28.244 28.759 28.249 29.639 29.859 30.689 28.051 27.994 28.286 27.929 27.831 27.741 27.616 27.561 27.429
31.179 31.136 31.066 31.011 30.954 30.879 30.829 30.816 30.814 30.759 30.729 30.674 30.624 30.584 30.544 30.519 30.509 30.486 30.466 30.424 30.401 30.314 30.249 30.121 30.084 30.024 29.989 29.934 29.901 29.839 29.814 29.801 29.756 29.724 29.684 29.639 29.599 29.521 29.441 29.374 29.291 29.249 29.159 29.076 28.991 28.936 28.886 28.849 28.769 28.716 28.679 28.599 28.509 28.436 28.359 28.286 28.261 28.254 28.211 28.159 28.176 28.101 28.074 28.026 28.781 28.154 28.111 28.049 27.999 27.919 27.819
31.269 31.221 31.131 31.084 31.016 30.951 30.911 30.879 30.876 30.834 30.776 30.744 30.669 30.619 30.579 30.549 30.549 30.536 30.546 30.504 30.446 30.346 30.256 30.161 30.119 30.086 30.021 30.001 29.961 29.931 29.884 29.856 29.826 29.789 29.739 29.701 29.646 29.579 29.529 29.471 29.386 29.329 29.241 29.176 29.059 28.974 28.961 28.931 28.881 28.771 28.691 28.599 28.539 28.519 28.451 28.419 28.366 28.359 28.324 28.289 28.201 28.221 28.219 28.276 28.329 28.339 28.304 28.206 28.156 28.106 28.026
31.386 31.344 31.229 31.154 31.114 31.079 31.056 31.024 30.984 30.924 30.881 30.811 30.771 30.709 30.681 30.624 30.609 30.626 30.604 30.569 30.519 30.431 30.346 30.241 30.189 30.184 30.126 30.091 30.049 30.014 29.971 29.916 29.904 29.871 29.836 29.771 29.719 29.621 29.606 29.519 29.466 29.391 29.309 29.211 29.096 29.019 28.974 28.926 28.841 28.796 28.731 28.661 28.641 28.666 28.614 28.609 28.569 28.506 28.479 28.374 28.326 28.439 28.469 28.504 28.491 28.411 28.379 28.336 28.296 28.211 28.166
31.559 31.509 31.376 31.326 31.281 31.236 31.196 31.149 31.116 31.091 31.026 30.986 30.916 30.839 30.796 30.751 30.719 30.686 30.674 30.639 30.584 30.511 30.436 30.369 30.304 30.271 30.254 30.191 30.124 30.106 30.066 30.024 29.986 29.934 29.874 29.819 29.761 29.644 29.586 29.531 29.419 29.346 29.259 29.231 29.114 29.051 28.994 28.906 28.846 28.801 28.824 28.809 28.801 28.844 28.804 28.794 28.741 28.684 28.616 28.606 28.624 28.629 28.601 28.584 28.539 28.501 28.421 28.376 28.324 28.239 28.204
31.851 31.744 31.641 31.599 31.544 31.476 31.466 31.424 31.374 31.336 31.326 31.271 31.171 31.074 31.001 30.931 30.869 30.849 30.776 30.711 30.636 30.586 30.524 30.506 30.489 30.446 30.341 30.229 30.161 30.119 30.074 30.041 29.984 29.921 29.909 29.809 29.761 29.679 29.631 29.574 29.474 29.391 29.316 29.244 29.141 29.099 29.031 28.919 28.851 28.836 28.921 28.946 28.944 28.966 28.911 28.861 28.874 28.839 28.786 28.859 28.774 28.704 28.664 28.614 28.569 28.494 28.451 28.399 28.374 28.304 28.254
32.099 32.046 31.996 31.964 31.876 31.801 31.724 31.651 31.599 31.541 31.479 31.434 31.329 31.236 31.139 31.044 31.001 30.996 30.886 30.751 30.661 30.634 30.594 30.539 30.496 30.474 30.386 30.249 30.199 30.154 30.111 30.051 30.006 29.964 29.916 29.901 29.844 29.794 29.706 29.619 29.534 29.461 29.354 29.274 29.144 29.124 29.086 29.031 28.986 28.969 29.009 29.016 29.006 29.006 28.951 28.946 28.901 28.894 28.859 28.834 28.789 28.751 28.684 28.636 28.591 28.524 28.494 28.459 28.409 28.369 28.291
32.239 32.204 32.184 32.116 32.061 32.004 31.906 31.776 31.696 31.589 31.471 31.384 31.276 31.194 31.121 31.034 31.026 31.001 30.909 30.821 30.699 30.646 30.624 30.596 30.531 30.489 30.421 30.344 30.299 30.254 30.201 30.111 30.094 30.026 30.001 29.976 29.919 29.864 29.791 29.756 29.661 29.681 29.551 29.399 29.321 29.201 29.331 29.204 29.201 29.144 29.081 29.039 29.006 28.991 28.994 28.991 28.961 28.949 28.884 28.851 28.836 28.791 28.756 28.676 28.621 28.584 28.546 28.496 28.456 28.409 28.316
32.314 32.251 32.234 32.209 32.181 32.081 31.966 31.841 31.764 31.651 31.511 31.394 31.299 31.236 31.164 31.069 31.056 30.994 30.924 30.864 30.776 30.714 30.666 30.646 30.569 30.524 30.451 30.416 30.361 30.314 30.271 30.216 30.224 30.224 30.134 30.139 30.129 30.086 30.071 29.984 29.884 29.779 29.664 29.529 29.361 29.264 29.281 29.234 29.186 29.129 29.106 29.099 29.091 29.089 29.084 29.061 29.029 29.009 28.981 28.954 28.921 28.866 28.764 28.714 28.659 28.596 28.571 28.524 28.514 28.434 28.366
32.389 32.314 32.296 32.539 32.744 32.159 32.026 31.914 31.786 31.671 31.554 31.454 31.361 31.291 31.266 31.216 31.139 31.049 30.996 30.926 30.854 30.826 30.756 30.726 30.694 30.594 30.564 30.539 30.476 30.409 30.361 30.349 30.316 30.276 30.211 30.179 30.146 30.091 30.029 29.974 29.906 29.804 29.704 29.604 29.474 29.376 29.364 29.301 29.246 29.209 29.191 29.181 29.184 29.211 29.224 29.146 29.104 29.076 29.016 28.984 28.929 28.886 28.811 28.761 28.704 28.676 28.641 28.551 28.521 28.454 28.381
32.671 32.576 32.669 33.226 33.794 32.434 32.306 32.191 32.131 32.016 31.931 31.839 31.736 31.624 31.506 31.396 31.279 31.191 31.114 31.024 30.964 30.896 30.819 30.754 30.726 30.656 30.601 30.576 30.524 30.474 30.451 30.401 30.369 30.324 30.271 30.251 30.181 30.144 30.084 30.046 29.969 29.931 29.814 29.721 29.591 29.516 29.439 29.359 29.336 29.299 29.264 29.264 29.261 29.264 29.249 29.196 29.171 29.131 29.096 29.051 29.006 28.976 28.881 28.794 28.749 28.714 28.654 28.579 28.539 28.476 28.429
33.156 33.034 32.916 32.789 32.744 32.641 32.514 32.421 32.306 32.169 32.074 31.966 31.864 31.736 31.609 31.506 31.391 31.301 31.211 31.129 31.049 30.969 30.911 30.864 30.804 30.741 30.689 30.646 30.619 30.589 30.531 30.506 30.446 30.404 30.366 30.296 30.239 30.194 30.121 30.106 30.024 29.964 29.831 29.764 29.694 29.599 29.509 29.441 29.404 29.379 29.354 29.324 29.359 29.364 29.359 29.316 29.249 29.204 29.156 29.099 29.034 28.974 28.889 28.826 28.791 28.734 28.679 28.626 28.571 28.529 28.459
33.146 33.084 33.004 32.939 32.844 32.741 32.634 32.521 32.409 32.326 32.199 32.091 31.959 31.849 31.744 31.621 31.511 31.424 31.336 31.234 31.164 31.104 31.046 30.976 30.949 30.896 30.836 30.789 30.736 30.704 30.646 30.609 30.519 30.449 30.376 30.336 30.259 30.189 30.159 30.106 30.021 29.949 29.859 29.781 29.726 29.649 29.589 29.509 29.479 29.474 29.514 29.486 29.561 29.494 29.461 29.386 29.316 29.264 29.206 29.144 29.116 29.036 28.954 28.896 28.839 28.786 28.724 28.669 28.634 28.584 28.509
33.224 33.144 33.066 32.989 32.871 32.786 32.691 32.591 32.526 32.426 32.311 32.181 32.094 31.976 31.846 31.754 31.654 31.546 31.439 31.354 31.244 31.211 31.164 31.129 31.046 31.026 30.954 30.894 30.846 30.786 30.726 30.671 30.609 30.521 30.471 30.401 30.319 30.274 30.221 30.151 30.049 30.006 29.939 29.851 29.791 29.701 29.669 29.604 29.591 29.641 29.644 29.629 29.641 29.591 29.569 29.446 29.406 29.369 29.284 29.211 29.164 29.079 28.994 28.946 28.859 28.806 28.769 28.726 28.669 28.651 28.574
33.321 33.236 33.151 33.061 32.969 32.856 32.774 32.671 32.581 32.484 32.381 32.289 32.186 32.081 31.964 31.859 31.771 31.656 31.569 31.474 31.404 31.326 31.269 31.231 31.174 31.141 31.084 31.036 30.986 30.954 30.886 30.796 30.726 30.624 30.556 30.469 30.399 30.326 30.251 30.169 30.139 30.084 30.014 29.939 29.849 29.771 29.766 29.714 29.734 29.781 29.769 29.764 29.744 29.686 29.634 29.504 29.474 29.404 29.321 29.266 29.211 29.131 29.074 28.979 28.939 28.894 28.826 28.776 28.729 28.684 28.639
33.401 33.304 33.204 33.131 33.024 32.956 32.861 32.749 32.671 32.594 32.476 32.411 32.286 32.189 32.084 31.964 31.891 31.799 31.701 31.606 31.506 31.431 31.384 31.331 31.314 31.269 31.206 31.191 31.124 31.079 30.994 30.909 30.809 30.729 30.639 30.556 30.471 30.389 30.304 30.236 30.219 30.169 30.086 30.034 29.931 29.831 29.851 29.839 29.859 29.886 29.811 29.789 29.871 29.806 29.704 29.571 29.514 29.479 29.384 29.316 29.246 29.171 29.126 29.031 29.001 28.959 28.899 28.859 28.801 28.756 28.694
33.531 33.419 33.329 33.236 33.154 33.049 32.964 32.839 32.756 32.696 32.594 32.491 32.411 32.306 32.206 32.079 32.001 31.909 31.809 31.701 31.601 31.529 31.499 31.466 31.439 31.396 31.354 31.304 31.284 31.211 31.094 31.006 30.894 30.826 30.719 30.616 30.549 30.466 30.401 30.334 30.286 30.244 30.184 30.089 30.004 29.956 29.944 30.346 30.444 32.451 30.849 31.641 31.429 29.869 29.734 29.676 29.591 29.531 29.471 29.389 29.331 29.271 29.191 29.124 29.061 28.996 28.956 28.906 28.839 28.794 28.744
33.631 33.521 33.431 33.339 33.254 33.136 33.041 32.946 32.881 32.779 32.684 32.589 32.514 32.399 32.331 32.204 32.129 32.044 31.941 31.819 31.704 31.636 31.616 31.601 31.549 31.539 31.476 31.444 31.369 31.316 31.211 31.119 31.021 30.886 30.799 30.724 30.611 30.554 30.506 30.449 30.369 30.309 30.261 30.179 30.084 30.071 30.041 30.164 31.061 36.391 35.296 32.636 31.176 29.919 29.801 29.729 29.679 29.616 29.521 29.446 29.411 29.344 29.259 29.199 29.134 29.074 29.026 28.974 28.901 28.859 28.816
33.754 33.656 33.559 33.459 33.351 33.239 33.149 33.034 32.956 32.874 32.769 32.674 32.601 32.504 32.419 32.311 32.249 32.146 32.034 31.944 31.849 31.784 31.734 31.711 31.704 31.666 31.586 31.551 31.486 31.411 31.309 31.211 31.086 30.976 30.894 30.779 30.716 30.664 30.614 30.549 30.456 30.419 30.364 30.264 30.211 30.139 30.119 30.129 30.609 33.514 37.501 34.836 33.946 30.021 29.906 29.819 29.784 29.684 29.614 29.549 29.481 29.401 29.341 29.264 29.211 29.159 29.099 29.046 28.991 28.934 28.886
33.864 33.779 33.681 33.566 33.481 33.371 33.269 33.149 33.074 32.976 32.884 32.794 32.721 32.609 32.521 32.444 32.361 32.246 32.171 32.046 31.986 31.929 31.901 31.849 31.836 31.784 31.711 31.636 31.594 31.516 31.414 31.314 31.176 31.069 30.981 30.871 30.824 30.776 30.701 30.634 30.566 30.509 30.474 30.391 30.301 31.084 32.969 32.151 30.401 30.354 32.721 33.409 32.119 30.359 29.991 29.919 29.844 29.776 29.709 29.651 29.579 29.479 29.406 29.336 29.314 29.256 29.161 29.106 29.066 29.009 28.964
33.989 33.926 33.819 33.696 33.601 33.489 33.359 33.289 33.179 33.089 32.989 32.896 32.836 32.736 32.651 32.574 32.494 32.394 32.289 32.206 32.146 32.059 32.034 32.004 31.956 31.876 31.826 31.769 31.694 31.624 31.521 31.406 31.279 31.171 31.061 30.976 30.929 30.889 30.834 30.744 30.656 30.629 30.586 30.501 30.396 30.456 32.296 30.446 30.494 31.674 30.326 30.319 30.214 30.119 30.046 29.999 29.969 29.869 29.799 29.761 29.656 29.594 29.486 29.434 29.401 29.329 29.264 29.204 29.174 29.104 29.066
34.151 34.079 33.991 33.869 33.746 33.651 33.531 33.434 33.324 33.229 33.121 33.039 32.956 32.861 32.791 32.731 32.644 32.516 32.431 32.346 32.291 32.216 32.181 32.159 32.089 32.024 31.944 31.911 31.824 31.754 31.644 31.506 31.384 31.281 31.164 31.111 31.061 31.014 30.944 30.859 30.811 30.759 30.739 30.646 30.501 30.576 30.671 30.649 30.556 30.486 30.464 30.374 30.294 30.221 30.146 30.124 30.046 29.959 29.924 29.836 29.774 29.679 29.604 29.544 29.496 29.429 29.376 29.309 29.279 29.206 29.166
34.366 34.251 34.156 34.044 33.939 33.824 33.691 33.564 33.471 33.376 33.286 33.194 33.089 33.021 32.944 32.889 32.759 32.676 32.574 32.499 32.451 32.386 32.324 32.304 32.231 32.151 32.096 32.029 31.956 31.876 31.739 31.626 31.511 31.409 31.271 31.231 31.194 31.171 31.064 31.009 30.961 30.921 30.871 30.794 30.674 30.724 30.764 30.691 30.574 30.549 30.514 30.439 30.366 30.304 30.231 30.216 30.136 30.081 30.036 29.944 29.874 29.806 29.734 29.684 29.609 29.566 29.496 29.431 29.396 29.311 29.276
34.566 34.459 34.359 34.241 34.129 33.991 33.879 33.749 33.636 33.539 33.439 33.361 33.259 33.184 33.119 33.039 32.906 32.824 32.729 32.686 32.584 32.539 32.501 32.451 32.366 32.304 32.236 32.189 32.086 32.009 31.881 31.741 31.626 31.491 31.374 31.379 31.354 31.286 31.214 31.161 31.136 31.094 31.026 30.941 30.854 30.844 30.789 30.711 30.659 30.676 30.581 30.506 30.476 30.406 30.366 30.306 30.254 30.199 30.134 30.051 29.971 29.916 29.851 29.806 29.741 29.669 29.634 29.591 29.501 29.441 29.409
34.789 34.671 34.581 34.436 34.359 34.199 34.056 33.936 33.804 33.721 33.624 33.536 33.436 33.349 33.279 33.159 33.061 32.951 32.901 32.846 32.746 32.706 32.666 32.624 32.516 32.449 32.391 32.334 32.221 32.094 31.969 31.844 31.736 31.606 31.541 31.536 31.506 31.414 31.364 31.344 31.344 31.256 31.201 31.106 30.986 30.939 30.899 30.836 30.776 30.714 30.626 30.619 30.576 30.511 30.464 30.389 30.366 30.331 30.251 30.184 30.119 30.054 29.989 29.921 29.851 29.791 29.771 29.709 29.639 29.586 29.524
35.054 34.921 34.806 34.691 34.556 34.429 34.291 34.161 34.026 33.906 33.836 33.706 33.621 33.551 33.459 33.339 33.249 33.131 33.099 33.001 32.941 32.876 32.841 32.754 32.691 32.611 32.566 32.474 32.354 32.229 32.114 31.966 31.859 31.719 31.719 31.689 31.656 31.541 31.534 31.511 31.474 31.411 31.324 31.234 31.136 31.084 31.011 30.926 30.874 30.769 30.729 30.711 30.669 30.629 30.591 30.544 30.476 30.424 30.351 30.286 30.211 30.166 30.094 30.054 29.979 29.911 29.894 29.829 29.754 29.726 29.666
35.304 35.209 35.051 34.961 34.791 34.674 34.524 34.409 34.256 34.144 34.039 33.919 33.854 33.739 33.666 33.529 33.441 33.354 33.301 33.179 33.121 33.079 33.029 32.936 32.869 32.761 32.734 32.609 32.501 32.349 32.256 32.119 31.949 31.891 31.871 31.824 31.766 31.711 31.681 31.679 31.601 31.521 31.414 31.339 31.261 31.181 31.046 30.974 30.929 30.866 30.861 30.784 30.739 30.739 30.691 30.664 30.619 30.531 30.464 30.389 30.341 30.271 30.219 30.169 30.114 30.059 30.024 29.951 29.881 29.836 29.786
35.596 35.496 35.344 35.209 35.059 34.936 34.796 34.629 34.509 34.384 34.256 34.129 34.074 33.976 33.859 33.749 33.636 33.566 33.464 33.374 33.329 33.261 33.166 33.071 33.029 32.931 32.879 32.736 32.611 32.486 32.379 32.229 32.101 32.046 32.021 31.959 31.896 31.831 31.829 31.786 31.724 31.636 31.524 31.429 31.344 31.216 31.096 31.046 30.999 30.971 30.964 30.896 30.854 30.849 30.789 30.731 30.706 30.634 30.561 30.496 30.446 30.396 30.339 30.284 30.226 30.169 30.124 30.064 30.004 29.951 29.909
35.886 35.746 35.626 35.499 35.361 35.189 35.044 34.886 34.746 34.619 34.506 34.384 34.311 34.191 34.084 33.974 33.866 33.781 33.676 33.611 33.524 33.461 33.341 33.249 33.181 33.089 32.986 32.889 32.734 32.626 32.466 32.316 32.244 32.219 32.131 32.094 32.026 31.994 31.974 31.901 31.824 31.729 31.634 31.494 31.406 31.291 31.214 31.184 31.104 31.089 31.064 31.014 30.974 30.944 30.889 30.856 30.764 30.731 30.659 30.616 30.544 30.501 30.461 30.386 30.354 30.299 30.214 30.176 30.131 30.074 30.019
36.184 36.031 35.919 35.749 35.634 35.479 35.309 35.169 34.999 34.896 34.729 34.656 34.556 34.436 34.316 34.211 34.089 33.994 33.879 33.824 33.721 33.639 33.504 33.431 33.344 33.239 33.131 33.011 32.866 32.734 32.586 32.446 32.389 32.346 32.261 32.239 32.184 32.151 32.069 32.009 31.911 31.819 31.704 31.576 31.464 31.361 31.331 31.286 31.229 31.216 31.161 31.124 31.081 31.029 31.006 30.966 30.884 30.834 30.771 30.716 30.679 30.621 30.559 30.496 30.466 30.419 30.346 30.304 30.261 30.214 30.144
