All_lidar/sz5988_DSM_2M.asc
ncols 500
nrows 500
xllcorner    459000
yllcorner    88000
cellsize     2
NODATA_value -9999
[rows 128 to 159 of 500, columns 0 to 70 of 500]
27.379 27.314 27.259 27.249 27.259 27.251 27.256 27.246 27.266 27.281 27.189 27.144 27.111 27.054 26.996 26.979 27.041 27.054 26.966 26.966 27.024 26.979 26.929 26.866 26.826 26.824 26.736 26.669 26.656 26.701 26.659 26.631 26.629 26.601 26.526 26.459 26.384 26.239 26.161 26.049 25.939 25.936 25.949 25.929 25.996 26.021 26.054 26.154 26.249 26.311 26.354 26.451 26.466 26.434 26.476 26.524 26.559 26.519 26.554 26.529 26.586 26.599 26.634 26.716 26.784 26.804 26.839 26.924 26.971 26.931 26.939
27.364 27.379 27.274 27.284 27.261 27.259 27.289 27.261 27.241 27.286 27.274 27.194 27.139 27.116 27.054 27.026 27.024 27.044 27.011 26.974 26.946 27.046 26.989 26.911 26.879 26.839 26.786 26.684 26.651 26.671 26.664 26.626 26.586 26.619 26.546 26.466 26.391 26.271 26.179 26.119 25.976 25.884 25.956 26.016 26.024 26.061 26.126 26.231 26.334 26.379 26.401 26.449 26.529 26.499 26.456 26.496 26.581 26.584 26.584 26.581 26.604 26.676 26.691 26.749 26.789 26.851 26.879 26.919 27.019 27.021 26.994
27.381 27.366 27.319 27.309 27.306 27.281 27.279 27.246 27.296 27.239 27.289 27.226 27.181 27.151 27.106 27.049 27.026 27.029 27.044 26.994 27.014 26.959 27.051 27.009 26.916 26.856 26.801 26.759 26.679 26.661 26.646 26.581 26.561 26.529 26.546 26.469 26.391 26.326 26.236 26.126 26.051 25.959 25.954 26.096 26.144 26.136 26.209 26.319 26.396 26.369 26.456 26.559 26.554 26.504 26.501 26.521 26.561 26.596 26.649 26.626 26.656 26.709 26.751 26.786 26.801 26.884 26.911 26.966 27.036 27.056 27.054
27.551 27.446 27.379 27.344 27.296 27.274 27.284 27.304 27.304 27.294 27.321 27.316 27.251 27.231 27.149 27.106 27.039 27.029 26.996 26.999 27.024 26.989 27.019 27.011 26.961 26.899 26.814 26.764 26.659 26.611 26.581 26.586 26.544 26.529 26.479 26.516 26.376 26.401 26.264 26.161 26.071 26.041 25.989 26.071 26.199 26.194 26.239 26.366 26.484 26.476 26.444 26.561 26.551 26.564 26.504 26.536 26.616 26.626 26.681 26.694 26.721 26.731 26.791 26.844 26.854 26.936 27.006 26.974 27.011 27.074 27.114
27.654 27.536 27.421 27.366 27.349 27.321 27.299 27.294 27.321 27.279 27.299 27.266 27.254 27.226 27.189 27.139 27.071 27.001 26.994 27.001 27.026 26.991 26.944 26.981 26.959 26.874 26.876 26.819 26.736 26.664 26.586 26.531 26.554 26.526 26.454 26.419 26.419 26.394 26.289 26.184 26.139 26.111 26.094 26.109 26.206 26.266 26.324 26.474 26.519 26.544 26.594 26.579 26.619 26.594 26.579 26.574 26.646 26.736 26.701 26.716 26.779 26.791 26.831 26.909 26.919 26.984 27.059 27.099 27.036 27.049 27.116
27.554 27.619 27.539 27.449 27.351 27.334 27.354 27.309 27.309 27.284 27.321 27.281 27.261 27.259 27.261 27.154 27.104 27.049 26.996 27.001 27.009 27.056 26.991 26.994 26.944 26.916 26.814 26.814 26.739 26.736 26.611 26.539 26.479 26.481 26.454 26.456 26.411 26.356 26.341 26.239 26.209 26.171 26.169 26.156 26.186 26.324 26.406 26.479 26.479 26.586 26.629 26.654 26.626 26.641 26.654 26.641 26.651 26.691 26.741 26.804 26.849 26.856 26.896 26.924 26.971 27.026 27.061 27.109 27.089 27.104 27.141
27.569 27.671 27.614 27.514 27.406 27.334 27.339 27.351 27.319 27.319 27.301 27.321 27.274 27.244 27.256 27.226 27.159 27.119 27.084 27.019 26.969 27.036 26.989 26.944 26.921 26.904 26.856 26.819 26.799 26.729 26.716 26.531 26.469 26.459 26.446 26.396 26.414 26.359 26.286 26.274 26.271 26.264 26.234 26.274 26.236 26.299 26.501 26.509 26.516 26.549 26.624 26.686 26.691 26.659 26.676 26.721 26.706 26.744 26.796 26.881 26.876 26.944 26.996 26.979 27.014 27.046 27.116 27.144 27.206 27.124 27.184
27.631 27.666 27.664 27.581 27.541 27.416 27.349 27.349 27.321 27.336 27.304 27.306 27.321 27.284 27.254 27.244 27.249 27.174 27.066 26.986 26.976 26.954 26.961 26.984 26.914 26.876 26.879 26.826 26.826 26.771 26.696 26.609 26.441 26.416 26.426 26.396 26.361 26.359 26.339 26.346 26.304 26.324 26.329 26.356 26.386 26.356 26.476 26.566 26.544 26.589 26.684 26.709 26.749 26.699 26.724 26.734 26.746 26.799 26.834 26.939 26.986 26.989 27.024 27.051 27.044 27.104 27.146 27.204 27.231 27.246 27.154
27.634 27.709 27.646 27.639 27.594 27.564 27.439 27.366 27.339 27.316 27.301 27.291 27.281 27.336 27.261 27.274 27.254 27.216 27.139 27.074 26.996 26.901 26.939 26.974 26.946 26.889 26.841 26.831 26.791 26.811 26.701 26.631 26.529 26.446 26.396 26.401 26.376 26.344 26.326 26.396 26.339 26.356 26.364 26.386 26.436 26.451 26.519 26.531 26.614 26.631 26.704 26.701 26.766 26.769 26.756 26.769 26.809 26.844 26.866 26.951 27.039 27.076 27.094 27.121 27.129 27.131 27.186 27.224 27.229 27.244 27.244
27.641 27.599 27.664 27.659 27.599 27.596 27.551 27.404 27.356 27.359 27.324 27.291 27.286 27.356 27.329 27.299 27.256 27.274 27.181 27.094 27.006 26.941 26.906 26.924 26.914 26.919 26.829 26.829 26.784 26.796 26.699 26.624 26.546 26.451 26.399 26.416 26.411 26.354 26.361 26.394 26.386 26.424 26.469 26.434 26.459 26.559 26.539 26.539 26.616 26.671 26.696 26.726 26.781 26.841 26.821 26.834 26.856 26.879 26.929 26.949 27.009 27.096 27.141 27.184 27.286 27.271 27.274 27.224 27.251 27.231 27.254
27.596 27.641 27.619 27.669 27.619 27.631 27.586 27.486 27.391 27.329 27.346 27.324 27.321 27.311 27.329 27.309 27.271 27.286 27.256 27.201 27.006 26.966 26.924 26.941 26.884 26.906 26.874 26.831 26.831 26.729 26.721 26.679 26.604 26.524 26.401 26.336 26.396 26.424 26.391 26.389 26.339 26.376 26.471 26.504 26.519 26.571 26.591 26.589 26.616 26.704 26.714 26.759 26.796 26.834 26.896 26.889 26.906 26.939 26.994 26.966 27.029 27.084 27.164 27.241 27.264 27.331 27.346 27.304 27.324 27.304 27.289
27.666 27.579 27.634 27.686 27.661 27.651 27.609 27.544 27.521 27.354 27.356 27.366 27.366 27.324 27.339 27.316 27.266 27.276 27.244 27.181 27.119 27.014 26.916 26.904 26.891 26.844 26.866 26.824 26.759 26.736 26.731 26.806 26.691 26.596 26.486 26.454 26.386 26.476 26.414 26.424 26.436 26.459 26.581 26.569 26.651 26.634 26.584 26.629 26.606 26.644 26.774 26.799 26.844 26.836 26.879 26.906 26.996 26.996 26.964 27.024 27.046 27.099 27.159 27.266 27.301 27.321 27.331 27.351 27.354 27.361 27.394
27.639 27.664 27.586 27.656 27.651 27.631 27.606 27.596 27.626 27.526 27.414 27.374 27.399 27.306 27.299 27.359 27.294 27.289 27.259 27.166 27.149 27.076 27.001 26.874 26.879 26.831 26.826 26.816 26.816 26.764 26.729 26.656 26.769 26.729 26.561 26.491 26.464 26.451 26.456 26.476 26.461 26.471 26.584 26.586 26.696 26.716 26.644 26.671 26.669 26.681 26.731 26.814 26.834 26.851 26.939 27.001 27.064 27.064 27.039 27.041 27.094 27.119 27.156 27.279 27.326 27.336 27.346 27.364 27.414 27.459 27.436
27.661 27.704 27.699 27.689 27.661 27.674 27.671 27.604 27.619 27.594 27.479 27.406 27.399 27.371 27.321 27.336 27.304 27.256 27.261 27.189 27.134 27.116 27.041 26.981 26.884 26.859 26.846 26.834 26.849 26.774 26.744 26.716 26.706 26.716 26.616 26.551 26.499 26.476 26.469 26.506 26.534 26.541 26.644 26.704 26.719 26.779 26.721 26.706 26.744 26.739 26.716 26.814 26.891 26.911 26.949 26.996 27.066 27.104 27.089 27.094 27.141 27.144 27.196 27.226 27.319 27.346 27.366 27.464 27.416 27.449 27.461
27.591 27.676 27.704 27.704 27.691 27.679 27.659 27.691 27.596 27.591 27.586 27.464 27.389 27.379 27.376 27.324 27.299 27.294 27.274 27.191 27.154 27.151 27.061 27.014 26.934 26.896 26.849 26.819 26.841 26.826 26.821 26.751 26.674 26.714 26.729 26.686 26.586 26.524 26.544 26.551 26.519 26.606 26.666 26.696 26.796 26.769 26.764 26.791 26.816 26.794 26.771 26.796 26.949 26.971 26.979 27.031 27.121 27.121 27.134 27.134 27.156 27.184 27.201 27.246 27.321 27.429 27.399 27.479 27.446 27.486 27.514
27.774 27.674 27.709 27.699 27.691 27.686 27.634 27.699 27.659 27.634 27.609 27.614 27.451 27.389 27.376 27.359 27.341 27.289 27.281 27.239 27.176 27.126 27.129 27.084 27.034 26.929 26.886 26.851 26.814 26.821 26.821 26.804 26.741 26.709 26.731 26.671 26.689 26.629 26.594 26.579 26.634 26.626 26.724 26.721 26.864 26.824 26.796 26.861 26.836 26.856 26.914 26.836 26.846 26.959 27.016 27.036 27.161 27.149 27.184 27.201 27.204 27.199 27.251 27.201 27.264 27.389 27.409 27.449 27.496 27.479 27.476
27.696 27.719 27.699 27.719 27.709 27.719 27.676 27.656 27.696 27.684 27.624 27.599 27.571 27.449 27.406 27.369 27.329 27.319 27.341 27.249 27.206 27.171 27.159 27.094 27.071 26.989 26.901 26.819 26.851 26.836 26.896 26.819 26.771 26.801 26.749 26.704 26.729 26.676 26.629 26.616 26.681 26.754 26.774 26.811 26.954 27.029 26.864 26.994 26.951 26.869 26.876 26.921 26.881 26.931 27.039 27.076 27.126 27.119 27.184 27.259 27.264 27.271 27.269 27.294 27.329 27.334 27.436 27.401 27.481 27.499 27.519
27.774 27.709 27.706 27.786 27.729 27.784 27.679 27.624 27.696 27.699 27.644 27.599 27.614 27.521 27.409 27.384 27.364 27.349 27.299 27.229 27.256 27.261 27.234 27.156 27.104 27.081 27.001 26.949 26.904 26.891 26.911 26.844 26.849 26.836 26.819 26.806 26.749 26.786 26.704 26.661 26.676 26.766 26.834 26.874 26.994 26.991 26.994 26.956 26.981 26.969 26.896 26.916 26.944 26.919 27.024 27.079 27.104 27.204 27.229 27.244 27.296 27.289 27.329 27.326 27.349 27.381 27.421 27.441 27.444 27.501 27.524
27.824 27.779 27.696 27.736 27.789 27.741 27.756 27.646 27.656 27.689 27.629 27.634 27.594 27.619 27.529 27.406 27.369 27.304 27.366 27.294 27.249 27.224 27.211 27.179 27.119 27.101 27.084 26.954 26.936 26.951 26.909 26.886 26.839 26.869 26.841 26.829 26.776 26.766 26.769 26.694 26.671 26.774 26.839 26.924 27.084 26.959 27.139 27.009 27.006 27.046 26.969 26.944 27.009 26.959 26.966 27.096 27.166 27.184 27.229 27.301 27.369 27.389 27.321 27.344 27.354 27.341 27.449 27.391 27.464 27.444 27.469
27.851 27.829 27.716 27.666 27.721 27.761 27.701 27.666 27.606 27.724 27.651 27.641 27.611 27.616 27.601 27.444 27.349 27.314 27.274 27.336 27.294 27.234 27.281 27.239 27.179 27.151 27.126 27.076 26.999 26.941 26.954 26.961 26.896 26.909 26.854 26.871 26.841 26.769 26.774 26.729 26.684 26.701 26.784 26.936 27.029 26.971 27.046 27.089 27.014 27.009 27.039 27.034 26.996 27.076 27.054 27.061 27.164 27.236 27.236 27.316 27.296 27.296 27.321 27.334 27.361 27.419 27.396 27.416 27.461 27.456 27.441
27.864 27.869 27.771 27.739 27.711 27.774 27.744 27.714 27.711 27.709 27.649 27.619 27.594 27.696 27.601 27.504 27.439 27.379 27.364 27.306 27.294 27.254 27.274 27.251 27.246 27.219 27.141 27.144 27.074 27.026 26.966 26.951 26.951 26.971 26.956 26.896 26.879 26.889 26.794 26.759 26.801 26.761 26.784 26.959 26.964 26.949 26.989 27.054 27.076 27.051 27.091 27.136 27.044 27.056 27.069 27.069 27.119 27.284 27.326 27.276 27.239 27.311 27.371 27.401 27.384 27.386 27.469 27.434 27.451 27.509 27.509
27.874 27.781 27.809 27.796 27.719 27.716 27.786 27.744 27.694 27.716 27.671 27.699 27.616 27.581 27.584 27.539 27.486 27.436 27.389 27.396 27.336 27.306 27.299 27.236 27.276 27.224 27.204 27.161 27.124 27.069 27.041 27.016 26.979 27.019 26.994 27.026 26.966 26.931 26.946 26.864 26.859 26.829 26.831 26.949 26.999 27.006 27.026 26.989 27.099 27.131 27.049 27.126 27.161 27.144 27.151 27.164 27.156 27.211 27.306 27.366 27.336 27.326 27.399 27.494 27.454 27.456 27.509 27.509 27.491 27.509 27.594
27.949 27.844 27.797 27.807 27.757 27.754 27.814 27.829 27.672 27.664 27.672 27.699 27.692 27.599 27.539 27.587 27.599 27.492 27.419 27.377 27.327 27.399 27.329 27.297 27.297 27.279 27.239 27.249 27.172 27.167 27.109 27.082 27.059 27.002 26.989 27.032 27.017 26.937 26.997 26.999 26.922 26.917 26.947 26.949 26.949 27.042 27.032 27.029 27.049 27.244 27.156 27.146 27.234 27.241 27.176 27.169 27.226 27.236 27.316 27.364 27.386 27.401 27.451 27.454 27.544 27.529 27.556 27.594 27.566 27.536 27.549
27.999 27.942 27.799 27.792 27.812 27.812 27.769 27.819 27.719 27.657 27.659 27.717 27.724 27.664 27.622 27.642 27.647 27.562 27.489 27.432 27.332 27.347 27.417 27.332 27.364 27.302 27.244 27.269 27.209 27.182 27.219 27.114 27.049 27.047 27.017 27.084 27.117 26.997 26.974 27.037 27.019 26.942 27.049 27.024 27.014 26.974 27.052 27.079 27.049 27.139 27.334 27.309 27.294 27.309 27.304 27.214 27.221 27.251 27.284 27.446 27.456 27.454 27.496 27.511 27.534 27.581 27.561 27.576 27.639 27.621 27.621
27.917 28.034 27.932 27.794 27.834 27.859 27.774 27.732 27.767 27.757 27.697 27.707 27.702 27.774 27.637 27.607 27.634 27.574 27.527 27.464 27.397 27.347 27.362 27.267 27.377 27.299 27.259 27.312 27.267 27.254 27.224 27.184 27.184 27.102 27.032 27.042 27.102 27.047 27.029 27.064 27.089 27.064 27.102 27.077 27.034 27.049 27.044 27.149 27.197 27.114 27.206 27.489 27.334 27.301 27.536 27.384 27.291 27.291 27.339 27.394 27.461 27.526 27.621 27.566 27.531 27.609 27.626 27.606 27.669 27.674 27.631
27.944 27.962 27.977 27.852 27.857 27.862 27.862 27.794 27.772 27.767 27.694 27.717 27.709 27.767 27.699 27.612 27.632 27.642 27.544 27.454 27.384 27.394 27.397 27.334 27.324 27.297 27.282 27.334 27.292 27.274 27.212 27.187 27.154 27.109 27.084 27.069 27.072 27.189 27.099 27.089 27.139 27.264 27.182 27.119 27.142 27.094 27.049 27.129 27.179 27.147 27.191 27.319 27.434 27.469 27.569 27.489 27.339 27.314 27.356 27.394 27.521 27.536 27.596 27.584 27.591 27.599 27.664 27.656 27.671 27.691 27.761
27.979 27.979 27.992 27.932 27.904 27.889 27.862 27.834 27.787 27.767 27.699 27.707 27.732 27.649 27.664 27.779 27.677 27.637 27.549 27.512 27.429 27.389 27.397 27.359 27.339 27.302 27.299 27.284 27.322 27.279 27.264 27.224 27.254 27.102 27.074 27.099 27.092 27.262 27.197 27.124 27.197 27.277 27.207 27.147 27.224 27.207 27.124 27.132 27.199 27.197 27.204 27.264 27.469 27.504 27.501 27.584 27.526 27.404 27.431 27.464 27.449 27.546 27.581 27.621 27.651 27.646 27.679 27.739 27.724 27.729 27.799
28.017 28.017 28.029 27.952 27.924 27.884 27.869 27.849 27.809 27.712 27.777 27.772 27.739 27.657 27.687 27.789 27.759 27.654 27.579 27.539 27.509 27.439 27.359 27.367 27.369 27.339 27.312 27.289 27.219 27.317 27.317 27.299 27.282 27.237 27.189 27.142 27.104 27.139 27.204 27.214 27.242 27.314 27.227 27.242 27.319 27.274 27.202 27.152 27.209 27.274 27.319 27.331 27.411 27.531 27.544 27.584 27.514 27.474 27.466 27.546 27.519 27.556 27.646 27.661 27.731 27.704 27.704 27.764 27.836 27.799 27.811
28.004 28.024 28.009 28.004 27.919 27.949 27.852 27.852 27.807 27.787 27.694 27.752 27.744 27.674 27.674 27.719 27.744 27.759 27.652 27.567 27.547 27.474 27.382 27.319 27.374 27.337 27.294 27.324 27.292 27.334 27.327 27.312 27.322 27.234 27.214 27.199 27.179 27.179 27.219 27.242 27.287 27.309 27.267 27.302 27.272 27.302 27.342 27.257 27.217 27.264 27.386 27.401 27.421 27.584 27.691 27.601 27.604 27.629 27.634 27.651 27.551 27.531 27.634 27.721 27.716 27.776 27.741 27.796 27.851 27.866 27.869
27.972 28.087 28.064 28.012 27.994 27.964 27.944 27.864 27.867 27.799 27.734 27.767 27.792 27.744 27.709 27.742 27.699 27.799 27.682 27.574 27.537 27.537 27.464 27.347 27.362 27.339 27.324 27.332 27.349 27.329 27.337 27.344 27.317 27.317 27.294 27.274 27.242 27.244 27.329 27.289 27.267 27.392 27.429 27.327 27.342 27.382 27.447 27.404 27.332 27.314 27.399 27.431 27.419 27.441 27.666 27.686 27.661 27.691 27.701 27.584 27.604 27.606 27.636 27.716 27.734 27.771 27.801 27.861 27.851 27.944 27.919
27.984 27.999 28.054 28.014 27.994 28.044 27.969 27.939 27.889 27.877 27.767 27.734 27.797 27.792 27.732 27.692 27.689 27.679 27.754 27.629 27.497 27.559 27.534 27.409 27.352 27.304 27.339 27.329 27.309 27.342 27.332 27.369 27.307 27.304 27.347 27.287 27.309 27.292 27.349 27.354 27.339 27.357 27.474 27.377 27.387 27.379 27.467 27.474 27.454 27.347 27.386 27.484 27.514 27.501 27.629 27.741 27.741 27.849 27.706 27.741 27.671 27.704 27.694 27.704 27.819 27.826 27.881 27.886 27.904 27.886 27.954
27.984 28.004 28.007 28.064 28.034 28.017 27.997 27.927 27.907 27.897 27.907 27.749 27.727 27.757 27.747 27.677 27.697 27.682 27.697 27.712 27.567 27.534 27.564 27.524 27.427 27.344 27.324 27.357 27.379 27.349 27.332 27.299 27.282 27.272 27.269 27.217 27.287 27.329 27.409 27.492 27.507 27.359 27.419 27.389 27.477 27.472 27.482 27.422 27.489 27.429 27.389 27.454 27.556 27.566 27.589 27.666 27.751 27.741 27.791 27.814 27.799 27.746 27.739 27.736 27.801 27.904 27.869 27.961 27.964 27.981 28.009
