All_lidar/sz5992_DSM_2M.asc
ncols 500
nrows 500
xllcorner    459000
yllcorner    92000
cellsize     2
NODATA_value -9999
[rows 330 to 362 of 500, columns 219 to 291 of 500]
28.567 30.152 28.447 26.694 26.899 28.024 27.357 27.574 27.492 33.547 35.099 34.809 32.072 30.734 27.989 27.022 25.504 25.439 25.874 25.317 24.812 24.744 24.742 24.712 24.727 24.712 24.719 25.089 23.204 22.884 22.937 22.897 22.865 22.64 22.575 23.612 22.475 22.402 22.452 25.065 26.297 24.117 22.185 22.472 28.457 28.585 24.27 21.72 23.91 29.95 30.867 31.075 30.282 27.767 21.887 22.282 23.375 23.3 22.647 20.247 19.86 27.377 28.49 28.69 27.915 24.407 19.565 19.477 20.485 22.03 20.007 18.5 18.447
28.677 31.719 30.044 26.697 26.839 27.322 27.274 26.779 26.479 32.947 37.129 36.367 33.089 32.574 26.494 25.729 25.729 25.294 25.054 24.889 24.762 24.634 24.607 24.569 24.607 25.057 25.067 24.309 23.432 23.154 22.899 22.822 22.755 22.622 22.747 23.682 22.497 22.432 23.157 25.89 26.137 23.25 22.842 22.087 26.645 26.127 21.96 21.622 27.25 30.157 31.027 30.962 30.032 26.925 21.24 21.655 23.155 23.485 20.537 19.89 22.122 27.862 28.592 28.522 27.702 22.492 19.58 19.472 23.93 25.157 24.295 22.215 18.415
28.804 29.532 28.347 26.667 26.617 26.532 26.542 26.409 26.072 33.827 38.622 38.672 36.542 37.489 35.919 32.009 24.839 25.359 26.149 26.514 25.812 24.567 24.494 24.482 24.454 24.454 25.479 24.454 23.672 23.129 22.859 22.78 22.682 22.545 22.615 22.585 23.842 23.437 23.105 25.945 25.96 24.932 23.68 22.09 22.797 22.887 21.735 22.627 28.717 30.277 30.935 30.702 29.817 23.422 21.222 21.15 24.645 20.645 20.172 19.732 25.01 28.037 28.76 28.367 27.43 20.807 19.677 19.477 24.42 25.295 25.35 25.155 18.562
27.637 27.707 26.957 26.669 26.639 27.114 26.632 26.512 27.847 32.707 38.929 39.519 39.357 39.149 38.704 37.647 26.617 24.509 26.222 26.789 26.264 24.477 24.399 24.284 24.192 24.192 24.827 23.659 22.824 22.817 22.837 22.747 22.7 22.565 23.45 23.105 24.625 24.687 23.775 24.485 24.562 23.775 25.287 23.87 23.285 21.925 21.705 21.607 28.967 29.87 30.062 30.225 29.195 22.772 21.312 23.167 23.995 21.205 20.755 20.13 23.865 28.2 28.762 28.162 26.63 19.775 19.592 19.785 24.535 25.285 25.307 25.107 20.732
28.439 28.817 27.334 26.689 26.994 27.304 28.332 26.784 30.977 37.904 39.142 39.689 39.679 39.604 38.762 36.807 26.252 24.517 25.187 26.409 25.349 24.367 24.252 23.987 23.712 23.562 23.374 22.884 22.787 22.787 22.859 22.71 22.647 22.567 23.292 23.532 23.89 24.045 24.367 23.972 24.152 24.267 25.697 24.582 24.792 23.747 22.65 22.542 23.817 25.272 27.615 29.215 28.47 21.337 21.59 22.805 21.59 21.52 19.82 20.075 27.43 28.377 28.695 28.002 25.135 19.667 19.597 20.605 24.622 24.682 23.952 21.31 18.54
29.342 28.972 26.944 26.609 26.549 26.799 28.549 26.914 30.657 38.254 39.427 39.767 39.692 39.594 38.574 33.844 25.637 24.607 25.982 27.219 24.577 24.282 24.094 23.829 23.554 23.309 23.107 22.799 22.764 22.782 22.837 22.752 22.59 22.552 23.077 22.31 22.167 22.047 22.057 21.755 22.13 22.532 23.085 24.425 22.47 22.747 22.362 23.632 22.397 21.61 21.91 22.88 22.987 21.89 22.105 22.067 20.952 20.882 19.7 22.265 27.76 28.305 28.467 27.81 22.647 19.632 19.62 21.392 23.55 23.2 18.975 18.507 18.475
27.497 27.189 26.579 26.584 27.344 27.352 27.417 26.214 26.304 38.449 39.469 39.694 39.692 39.437 38.349 30.382 24.527 25.397 27.489 28.094 26.304 24.217 23.949 23.662 23.377 23.087 22.882 22.772 22.792 22.759 22.759 22.702 22.557 22.545 22.897 22.465 22.125 21.922 21.787 21.607 21.452 21.28 23.975 21.095 21.125 20.872 21.045 21.312 21.725 21.415 22.062 22.112 23.06 22.997 21.77 21.662 21.32 21.252 19.735 21.607 27.46 27.707 27.862 27.387 21.252 19.655 19.612 22.647 25.217 23.46 19.692 18.515 18.315
27.382 26.717 26.589 26.574 27.424 26.459 26.764 26.309 30.914 38.977 39.107 38.777 39.057 39.047 38.162 26.217 24.697 27.124 27.949 28.259 26.847 24.489 25.179 24.874 23.617 22.884 22.769 22.677 22.684 22.779 22.729 22.67 22.505 22.497 22.475 22.237 22.047 21.9 21.7 21.57 21.405 21.267 21.192 20.912 20.852 20.8 20.702 20.625 20.58 20.555 20.502 20.555 20.61 21.4 22.052 22.435 22.407 22.472 21.557 21.385 21.992 23.935 25.47 26.012 20.915 19.64 19.597 20.615 24.147 22.272 18.547 18.407 18.152
28.462 26.657 26.592 26.554 26.579 26.584 26.587 26.327 28.057 34.649 38.732 38.297 39.022 36.699 32.224 24.957 24.847 25.457 26.387 26.849 24.907 24.729 25.354 25.474 24.459 22.887 22.724 22.659 22.694 22.699 22.519 22.547 22.475 22.48 22.502 22.262 22.002 21.87 21.732 21.57 21.4 21.205 21.032 20.905 21.032 20.685 20.562 20.46 20.387 20.305 20.272 20.232 20.245 20.25 20.442 20.172 19.762 19.87 19.707 20.105 21.02 21.035 21.025 21.105 20.222 20.235 19.835 21.452 23.465 20.982 18.495 18.33 18.03
27.039 26.652 26.572 26.487 26.329 27.252 28.152 27.239 27.434 31.799 33.077 32.157 34.174 36.219 27.784 24.847 24.904 24.854 24.699 24.972 24.389 25.109 25.379 25.444 24.134 22.807 22.694 22.617 22.669 22.664 22.562 22.472 22.462 22.64 22.607 22.177 21.99 21.84 21.68 21.515 21.35 21.192 21.01 20.845 20.647 20.015 19.697 19.822 19.975 19.797 19.802 19.825 19.772 20 21.005 20.665 19.797 20.785 19.99 19.812 19.362 19.235 19.2 19.27 19.455 19.572 19.92 20.98 22.727 20.415 18.482 18.24 17.947
27.187 26.647 26.527 26.454 26.329 28.202 28.677 28.687 28.397 28.184 28.887 26.567 27.169 26.627 25.769 24.807 24.784 24.767 24.437 24.209 24.164 25.127 25.404 24.922 23.047 22.717 22.644 22.599 22.669 22.617 22.612 22.42 22.55 23.01 22.355 22.11 21.99 21.752 21.622 21.482 21.297 21.067 20.935 20.787 20.28 19.47 19.12 19.08 19.08 19.085 19.137 19.29 19.515 19.735 19.87 19.762 19.625 20.707 20.975 20.45 18.73 18.582 19.032 19.6 19.14 18.625 18.75 18.797 18.752 18.502 18.417 18.092 17.855
27.899 26.642 26.487 26.679 26.782 28.457 27.509 27.797 27.787 28.279 28.034 25.394 25.072 25.054 24.729 24.744 24.747 24.682 24.527 24.337 24.392 25.324 25.392 25.287 22.847 22.652 22.567 22.527 22.612 22.599 22.489 22.427 22.71 22.56 22.265 22.105 21.897 21.747 21.532 21.347 21.27 21.082 20.912 20.815 19.965 21.537 24.107 22.245 19.415 23.712 21.832 19 19.037 19.137 19.275 19.272 18.932 18.72 18.965 18.787 18.557 18.507 18.492 18.48 18.427 18.375 18.402 18.435 18.4 18.42 18.372 17.96 17.8
31.119 26.892 26.499 27.194 27.289 27.994 26.032 25.509 27.629 27.912 25.819 26.344 26.847 25.489 25.134 24.867 24.729 24.684 24.644 24.877 25.774 25.354 25.412 25.759 23.177 22.902 22.502 22.532 22.537 22.534 22.442 22.367 23.137 23.147 22.78 22.462 22.355 21.987 21.625 21.345 21.222 21.02 20.877 20.62 19.75 20.737 25.537 26.422 26.787 28.242 27.835 24.025 23.565 20.415 19.19 18.815 18.705 18.665 18.622 18.595 18.53 18.482 18.442 18.405 18.405 18.375 18.355 18.36 18.332 18.375 18.257 17.875 17.71
28.689 26.579 26.469 26.899 26.837 27.602 26.722 25.669 25.714 26.387 25.092 27.484 30.994 31.867 30.134 26.504 25.382 27.354 27.827 25.957 25.967 25.279 26.592 26.219 25.464 22.939 22.487 22.494 22.482 22.497 22.447 22.392 23.117 22.452 22.335 22.372 22.485 22.462 22.162 21.92 21.687 21.29 20.82 20.477 19.55 22.722 25.727 26.597 27.505 26.492 28.412 27.505 26.557 25.68 22.495 18.817 18.657 18.642 18.577 18.512 18.5 18.462 18.41 18.37 18.32 18.305 18.312 18.297 18.305 18.305 18.027 17.767 17.652
27.454 26.517 26.452 26.552 26.362 26.869 26.249 26.124 26.997 25.244 25.719 29.382 31.222 31.929 30.862 26.027 24.584 26.239 27.027 26.559 24.404 26.462 27.752 28.009 26.247 22.909 22.404 22.472 22.559 22.454 22.364 22.342 22.772 22.317 24.63 22.235 22.115 21.99 21.88 21.74 21.647 21.562 21.012 20.277 19.56 24.877 25.892 26.825 27.732 28.167 28.175 27.27 26.357 25.477 22.35 18.89 18.66 18.627 18.547 18.52 18.457 18.445 18.387 18.307 18.267 18.27 18.237 18.232 18.19 18.125 17.847 17.702 17.605
26.857 26.472 26.412 27.067 26.802 26.464 26.732 26.157 25.469 25.209 25.722 30.242 31.512 31.719 30.117 24.637 24.634 24.522 24.359 24.174 23.899 24.069 28.534 28.469 27.672 22.424 22.387 22.459 22.457 22.344 22.302 22.322 23 23.102 24.577 23.055 24.572 22.86 22.037 21.957 21.762 21.38 20.992 20.062 19.21 24.765 26.072 26.97 27.915 28.627 27.99 27.095 26.19 25.3 21.327 18.892 18.617 18.552 18.535 18.507 18.457 18.412 18.39 18.332 18.272 18.25 18.215 18.182 18.14 17.99 17.752 17.647 17.525
26.667 26.444 26.364 26.864 26.952 25.979 25.862 26.529 26.497 25.649 25.709 30.022 31.742 31.624 28.354 24.619 24.607 24.477 24.342 23.972 23.839 25.459 26.997 29.404 28.609 25.189 22.392 22.414 22.397 22.307 22.224 22.235 22.317 23.555 22.592 23.277 23.812 23.64 22.14 22.062 21.922 21.487 20.907 19.9 21.412 25.382 26.275 27.18 28.155 28.565 27.802 26.875 25.972 25.077 19.57 18.822 18.58 18.522 18.49 18.452 18.402 18.402 18.347 18.322 18.237 18.25 18.18 18.147 18.095 17.93 17.695 17.595 17.467
26.462 26.414 26.314 26.184 26.424 26.012 25.752 26.439 25.994 25.429 25.654 30.139 31.887 31.409 29.234 24.692 24.554 24.477 24.327 23.992 23.792 27.422 29.212 29.854 28.584 23.339 22.354 22.384 22.364 22.277 22.217 22.212 22.52 22.175 22.537 22.77 22.247 22.917 22.237 22.202 22.145 21.96 21.02 19.995 22.852 25.61 26.48 27.392 28.312 28.5 27.612 26.662 25.795 23.577 19.425 18.682 18.525 18.487 18.447 18.37 18.33 18.33 18.275 18.235 18.225 18.202 18.157 18.11 18.04 17.807 17.607 17.52 17.405
26.492 26.334 26.262 26.179 26.369 25.857 25.644 25.537 25.282 25.012 25.202 27.227 27.307 26.522 27.704 25.732 24.592 24.582 24.614 24.497 24.429 25.244 27.982 28.937 25.377 22.437 22.319 22.354 22.322 22.224 22.197 22.562 24.08 26.212 24.077 22.222 22.212 22.187 22.13 22.18 22.172 22.175 21.09 24.3 23.227 26.09 26.752 27.665 28.487 28.282 27.415 26.495 25.597 23.142 19.037 18.565 18.465 18.432 18.382 18.367 18.322 18.28 18.265 18.2 18.207 18.172 18.13 18.065 17.95 17.752 17.562 17.447 17.355
26.414 26.357 27.377 26.724 27.534 26.407 25.612 25.359 25.169 24.922 25.402 26.872 26.714 26.762 25.849 24.874 24.969 26.274 26.334 27.637 28.634 26.539 26.989 28.704 24.457 22.267 22.367 22.262 22.209 22.124 22.242 23.012 24.23 26.457 25.087 22.89 22.305 23.77 23.93 23.712 22.087 22.05 22.58 25.915 26.397 26.892 27.812 28.562 29.222 28.602 27.407 26.39 25.422 22.14 19.02 18.537 18.455 18.402 18.365 18.33 18.275 18.227 18.222 18.205 18.095 18.082 18.052 18.002 17.862 17.63 17.467 17.36 17.282
26.392 26.499 27.989 26.552 27.807 26.827 25.347 25.229 25.127 24.969 27.794 27.639 27.389 27.169 26.877 24.729 24.847 25.657 25.889 25.542 28.087 27.114 25.992 26.979 23.032 22.222 22.357 22.274 22.177 22.092 22.217 22.654 23.972 23.067 22.932 22.724 22.779 24.777 25.439 24.864 22.282 21.714 20.724 24.089 26.362 27.114 28.079 29.219 30.252 29.062 27.937 26.919 25.979 21.497 19.452 18.634 18.412 18.369 18.362 18.287 18.264 18.229 18.209 18.142 18.067 18.059 18.012 17.939 17.742 17.514 17.399 17.302 17.189
26.357 26.544 27.057 26.849 27.692 26.247 25.479 25.224 25.009 24.797 27.247 28.667 28.969 28.867 28.234 26.597 24.609 24.647 24.494 24.827 23.947 25.222 23.982 23.319 22.359 22.259 22.237 22.222 22.082 22.079 22.534 22.329 22.467 22.229 22.809 23.922 22.487 22.249 23.237 23.747 22.004 21.464 20.554 21.932 25.594 26.847 28.024 29.147 29.524 28.682 27.809 26.907 26.444 20.897 18.894 18.552 18.389 18.347 18.294 18.269 18.237 18.207 18.194 18.132 18.094 18.067 18.007 17.917 17.644 17.409 17.297 17.207 17.129
26.299 26.452 26.324 26.949 27.612 25.487 25.894 26.022 24.954 25.384 27.359 28.909 30.092 29.019 27.969 25.877 24.539 24.334 23.992 23.857 23.747 23.682 24.997 23.067 22.222 22.274 22.254 22.164 22.034 22.074 22.342 22.212 22.194 22.259 23.304 22.787 22.272 22.159 22.094 21.929 21.724 21.109 20.777 23.952 25.642 26.559 27.514 28.414 28.692 27.867 27.009 26.467 24.849 19.904 18.587 18.389 18.339 18.309 18.269 18.247 18.237 18.167 18.144 18.087 18.034 18.004 17.964 17.834 17.532 17.337 17.232 17.112 17.029
26.234 26.197 26.804 27.469 27.484 25.637 25.657 25.309 24.879 25.139 27.557 29.139 30.074 28.872 26.977 24.612 24.779 24.314 23.869 23.777 23.709 23.794 24.639 22.412 22.197 22.262 22.207 22.149 22.014 22.054 22.734 22.154 22.219 22.239 22.384 22.224 22.159 22.089 21.997 21.989 21.682 20.862 20.409 23.899 25.769 26.689 27.649 28.584 28.214 27.322 26.402 25.514 22.527 19.232 18.842 18.369 18.327 18.277 18.239 18.199 18.147 18.127 18.082 18.047 17.987 17.949 17.932 17.724 17.447 17.272 17.152 17.014 16.912
26.234 26.397 26.442 26.882 26.352 26.019 25.762 26.074 25.272 25.917 27.407 29.382 29.977 28.604 26.079 24.652 24.604 24.224 23.837 23.739 23.699 24.487 24.977 22.249 22.187 22.199 22.172 22.084 21.962 22.197 22.699 22.257 22.219 22.129 22.119 22.072 22.032 21.987 22.574 23.384 21.442 20.679 20.389 25.102 25.924 26.872 27.759 28.567 28.032 27.167 26.232 25.267 20.679 19.647 18.897 18.339 18.307 18.244 18.227 18.184 18.104 18.042 17.997 17.969 17.977 17.969 17.834 17.627 17.324 17.212 17.084 16.957 16.872
26.189 26.849 27.099 27.007 26.702 26.104 25.047 25.349 24.909 24.999 26.329 26.074 27.752 27.282 25.252 24.662 24.759 24.882 24.507 24.099 23.742 25.694 24.362 22.199 22.174 22.199 22.147 22.039 21.927 22.434 22.157 22.052 22.039 22.234 21.914 21.742 21.442 21.572 21.837 23.627 21.189 20.619 22.237 25.249 26.307 27.099 28.067 28.679 27.977 26.969 26.034 24.849 19.712 18.909 18.347 18.279 18.257 18.207 18.179 18.127 18.082 18.062 18.009 17.954 17.914 17.884 17.782 17.509 17.222 17.074 17.002 16.917 16.822
26.139 26.177 26.432 28.477 28.572 28.082 27.904 27.539 26.699 26.552 27.489 27.007 24.912 24.399 24.679 24.619 24.839 25.034 25.542 24.809 25.137 26.669 22.922 22.129 22.112 22.172 22.044 21.972 21.872 23.147 22.387 23.807 26.742 25.659 23.194 21.267 21.127 21.174 21.439 21.559 21.029 20.462 23.604 25.507 26.359 27.374 28.224 28.582 27.747 26.819 25.859 24.622 19.112 19.462 18.354 18.229 18.232 18.177 18.152 18.097 18.069 18.032 17.977 17.942 17.884 17.849 17.717 17.404 17.139 17.032 16.954 16.867 16.764
26.104 25.944 26.274 28.527 29.142 29.254 29.274 29.024 28.769 28.577 28.269 26.652 24.312 24.367 24.407 24.322 24.047 23.779 23.772 26.339 26.374 26.764 24.662 22.074 22.112 22.094 22.004 21.959 21.914 23.359 22.092 25.317 27.349 26.789 21.864 20.887 20.917 20.897 21.097 21.222 20.879 20.472 24.077 25.639 26.554 27.424 28.369 28.357 27.572 26.627 25.684 23.029 18.957 19.337 18.227 18.204 18.159 18.147 18.114 18.074 18.012 17.979 17.952 17.937 17.889 17.852 17.642 17.277 17.069 16.974 16.917 16.822 16.762
25.974 25.839 27.084 27.782 27.049 28.124 28.162 28.659 28.969 29.497 28.694 26.274 24.119 24.034 24.009 24.119 24.407 23.769 23.649 24.214 26.647 26.659 25.077 22.054 22.102 22.102 22.034 21.892 22.004 22.652 21.739 22.882 24.974 24.209 20.967 20.884 20.882 20.829 20.992 21.149 20.787 21.369 24.947 25.912 26.744 27.657 28.489 28.287 27.299 26.379 25.484 22.454 18.897 18.664 18.219 18.172 18.142 18.114 18.079 18.017 18.022 17.957 17.919 17.874 17.817 17.864 17.552 17.187 17.009 16.894 16.864 16.744 16.647
25.879 25.784 26.779 26.882 25.169 25.119 25.619 26.954 28.259 29.437 28.462 25.167 24.037 24.007 23.937 23.874 23.839 23.729 23.539 23.474 25.729 26.617 23.624 22.092 22.074 22.094 21.932 21.879 22.337 23.709 23.154 22.902 23.074 21.774 20.872 20.882 20.849 20.832 20.937 20.964 20.577 21.949 25.182 26.097 26.952 27.904 28.522 28.034 27.107 26.242 25.344 19.862 18.959 18.672 18.344 18.252 18.132 18.097 18.022 18.017 17.954 17.912 17.857 17.817 17.897 17.934 17.467 17.117 16.959 16.897 16.784 16.682 16.582
25.812 25.584 26.579 25.427 25.299 24.884 25.037 27.379 28.524 29.229 28.089 24.099 23.999 23.964 23.887 23.844 23.799 24.109 23.712 24.662 26.747 25.992 22.069 22.014 22.014 22.029 21.874 21.862 21.959 24.692 25.182 24.204 23.004 22.717 20.824 20.807 20.822 20.809 20.889 20.809 20.529 22.709 25.294 26.197 27.124 28.032 28.469 27.879 26.902 26.019 24.589 19.019 18.639 18.182 18.419 18.272 18.069 18.032 18.052 17.994 17.952 17.917 17.874 17.817 17.799 17.714 17.347 17.009 16.904 16.807 16.714 16.614 16.517
25.689 25.507 25.369 25.254 26.004 25.134 26.049 27.574 28.499 28.929 27.679 24.309 23.969 23.909 23.829 23.789 23.777 23.754 23.794 24.139 26.402 25.537 22.019 21.984 22.084 22.022 21.787 21.782 22.814 25.084 25.184 24.232 24.072 22.604 20.787 20.762 20.742 20.752 20.802 20.679 20.849 24.617 25.567 26.437 27.314 28.229 28.589 27.672 26.647 25.812 23.044 18.909 18.599 18.244 18.127 18.047 17.997 17.964 17.974 17.937 17.904 17.879 17.829 17.794 17.727 17.557 17.172 16.909 16.814 16.717 16.637 16.517 16.429
25.552 26.724 27.449 28.112 29.927 28.562 28.914 25.632 26.737 27.074 26.879 25.399 24.304 24.922 24.902 23.774 24.034 23.879 23.419 24.259 26.707 23.844 22.047 22.027 21.999 21.947 21.802 21.747 23.812 25.199 24.962 24.084 24.099 23.657 21.934 20.722 20.669 20.687 20.684 20.562 20.422 24.254 25.679 26.584 27.599 28.422 28.434 27.444 26.534 25.639 23.722 19.307 18.609 18.267 18.814 18.442 18.027 18.009 17.889 17.842 17.804 17.769 17.767 17.732 17.844 17.479 17.009 16.802 16.704 16.609 16.509 16.422 16.319
