All_lidar/sz5989_DSM_2M.asc
ncols 500
nrows 500
xllcorner    459000
yllcorner    89000
cellsize     2
NODATA_value -9999
[rows 160 to 191 of 500, columns 288 to 359 of 500]
27.125 27.032 26.932 26.875 26.787 26.697 26.645 26.585 26.497 26.405 26.337 26.25 26.122 26.085 25.995 25.902 25.857 25.817 25.717 25.612 25.512 25.437 25.317 25.21 25.092 24.987 24.877 24.815 24.737 24.667 24.57 24.387 24.29 24.2 24.14 24.002 23.907 24.257 23.877 23.65 23.52 23.402 23.397 23.217 23.117 23.02 22.932 22.85 22.725 22.64 22.552 22.417 22.332 22.257 22.177 22.14 21.975 21.865 21.842 21.702 21.575 21.482 21.445 21.315 21.242 21.65 20.967 20.84 20.867 20.625 20.49 20.335
27.085 26.992 26.92 26.82 26.762 26.687 26.617 26.525 26.477 26.382 26.32 26.15 26.11 26.012 25.907 25.837 25.872 25.722 25.632 25.66 25.48 25.38 25.287 25.337 25.077 25.017 24.9 24.812 24.775 24.635 24.535 24.425 24.335 24.232 24.132 24.027 23.96 23.937 23.82 23.652 23.63 23.5 23.335 23.19 23.1 23.017 22.935 22.847 22.74 22.622 22.527 22.39 22.305 22.315 22.252 22.162 21.992 21.917 21.885 21.785 21.625 21.697 21.412 21.585 21.23 21.147 20.952 20.887 20.737 20.645 20.497 20.39
27.072 26.985 26.91 26.82 26.77 26.687 26.59 26.512 26.422 26.31 26.232 26.13 26.035 25.975 25.832 25.782 25.825 25.662 25.552 25.482 25.397 25.352 25.222 25.122 25.017 24.94 24.855 24.772 24.692 24.62 24.515 24.405 24.295 24.22 24.152 24.055 23.962 23.867 23.765 23.7 23.702 23.63 23.317 23.2 23.082 23.007 22.947 22.855 22.757 22.6 22.515 22.39 22.317 22.252 22.197 22.087 21.98 21.875 21.842 21.827 21.742 21.527 21.415 21.282 21.177 21.142 21.005 20.842 20.727 20.647 20.54 20.44
27.027 26.975 26.89 26.812 26.72 26.675 26.607 26.485 26.377 26.325 26.177 26.097 26.05 25.947 25.822 25.767 25.737 25.645 25.555 25.47 25.412 25.302 25.205 25.07 24.972 24.895 24.865 24.755 24.71 24.652 24.492 24.38 24.285 24.23 24.12 24.037 23.932 23.837 23.77 23.63 23.5 23.422 23.282 23.175 23.13 23.01 22.937 22.802 22.745 22.61 22.73 22.405 22.347 22.282 22.18 22.082 21.955 21.845 21.91 21.75 21.635 21.48 21.385 21.72 21.31 21.247 20.96 20.88 20.827 20.63 20.547 20.49
27.062 26.972 26.892 26.785 26.76 26.705 26.607 26.505 26.405 26.317 26.215 26.137 26.067 25.945 25.865 25.792 25.682 25.655 25.572 25.492 25.36 25.332 25.207 25.207 24.992 24.94 24.817 24.735 24.675 24.552 24.472 24.38 24.292 24.22 24.125 24.022 23.92 23.842 23.735 23.622 23.54 23.41 23.282 23.185 23.102 23.015 22.917 22.795 22.72 22.61 22.52 22.42 22.332 22.27 22.165 22.037 21.925 21.872 21.81 21.687 21.582 21.49 21.372 21.257 21.17 21.1 21.04 20.892 20.765 20.66 20.62 20.465
27.072 26.972 26.907 26.802 26.752 26.677 26.585 26.49 26.407 26.312 26.247 26.17 26.072 25.95 25.862 25.845 25.757 25.687 25.565 25.665 25.512 25.325 25.24 25.167 25.027 24.952 25.21 24.777 24.675 24.582 24.475 24.407 24.335 24.202 24.242 24.102 23.91 23.857 23.697 23.6 23.52 23.417 23.255 23.187 23.095 22.982 22.895 22.787 22.702 22.642 22.497 22.422 22.34 22.267 22.182 22.065 21.945 21.805 21.757 21.662 21.605 21.55 21.362 21.285 21.252 21.132 21.01 20.867 20.742 20.637 20.597 20.43
27.062 27.015 26.907 26.832 26.765 26.717 26.635 26.565 26.515 26.382 26.362 26.19 26.092 26.005 25.94 26.022 25.792 25.677 25.62 25.592 25.425 25.36 25.287 25.17 25.062 24.97 24.875 24.825 24.657 24.58 24.522 24.422 24.297 24.272 24.6 24.32 23.95 23.862 23.737 23.632 23.502 23.387 23.265 23.195 23.11 22.995 22.89 22.775 22.68 22.752 22.567 22.407 22.317 22.235 22.11 22.04 21.897 21.815 21.747 21.705 21.54 21.527 21.35 21.315 21.26 21.122 21.005 20.87 20.785 20.702 20.627 20.592
27.035 26.96 26.86 26.82 26.777 26.667 26.582 26.51 26.44 26.327 26.215 26.195 26.102 26.03 26.005 25.972 25.857 25.72 25.635 25.565 25.485 25.385 25.32 25.37 25.125 25.022 24.942 24.85 24.732 24.652 24.552 24.477 24.38 24.275 24.265 24.102 23.965 23.885 23.765 23.642 23.522 23.427 23.325 23.227 23.115 23.002 22.9 22.957 22.662 22.722 22.737 22.605 22.29 22.192 22.1 22.007 21.915 21.852 21.755 21.605 21.542 21.425 21.382 21.455 21.227 21.08 20.957 20.85 20.79 20.682 20.6 20.467
27.095 27.005 26.905 26.792 26.76 26.71 26.56 26.592 26.407 26.31 26.225 26.17 26.097 26.02 25.925 25.897 25.802 25.71 25.63 25.572 25.48 25.415 25.32 25.207 25.105 25.047 24.987 24.902 24.782 24.697 24.59 24.497 24.412 24.38 24.365 24.117 24.047 23.972 23.867 23.675 23.592 23.462 23.402 23.265 23.165 23.025 22.935 22.775 22.702 22.57 22.48 22.49 22.375 22.242 22.117 22.022 21.982 21.887 21.775 21.652 21.557 21.497 21.43 21.312 21.19 21.082 20.937 20.882 20.825 20.737 20.572 20.53
27.127 27.032 26.955 26.835 26.79 26.68 26.57 26.497 26.417 26.36 26.212 26.155 26.067 26.04 25.937 25.88 25.815 25.717 25.652 25.54 25.455 25.372 25.33 25.215 25.08 25.022 24.985 24.872 24.772 24.677 24.587 24.502 24.405 24.322 24.25 24.165 24.05 23.93 23.915 23.695 23.617 23.627 23.402 23.27 23.202 23.045 23.137 22.927 22.822 22.655 22.555 22.465 22.37 22.322 22.135 22.02 21.97 21.872 21.752 21.64 21.532 21.492 21.465 21.427 21.232 21.062 20.962 20.882 20.855 20.73 20.68 20.55
27.042 27 26.917 26.827 26.777 26.662 26.572 26.502 26.422 26.39 26.24 26.15 26.075 26.06 25.972 25.902 25.832 25.73 25.662 25.56 25.512 25.422 25.352 25.242 25.142 25.022 24.967 24.865 24.75 24.69 24.562 24.462 24.462 24.315 24.21 24.115 23.992 23.862 23.797 23.69 23.765 23.487 23.482 23.337 23.185 23.095 23.152 23.827 23.06 22.745 22.61 22.495 22.457 22.352 22.127 22.037 22.042 21.85 21.745 21.68 21.595 21.502 21.37 21.357 21.172 21.055 21.007 20.892 20.82 20.72 20.627 20.57
27.01 26.93 26.867 26.787 26.662 26.592 26.495 26.452 26.382 26.295 26.205 26.117 26.067 26.057 25.94 25.895 25.865 25.702 25.645 25.712 25.455 25.4 25.295 25.2 25.11 25.025 24.917 24.832 24.747 24.652 24.592 24.482 24.43 24.29 24.162 24.082 24.025 23.902 23.772 23.72 23.642 23.485 23.352 23.255 23.162 23.022 23.087 23.517 23.065 22.697 22.532 22.547 22.38 22.232 22.14 22.05 22.012 21.842 21.765 21.66 21.587 21.495 21.392 21.297 21.165 21.092 21.047 20.985 20.837 20.732 20.677 20.595
26.93 26.882 26.83 26.76 26.657 26.602 26.477 26.43 26.385 26.255 26.185 26.072 26.052 25.975 25.907 25.825 25.745 25.66 25.617 25.55 25.412 25.38 25.27 25.18 25.075 25.002 24.93 24.802 24.725 24.65 24.527 24.452 24.357 24.27 24.155 24.042 23.96 23.86 23.75 23.642 23.542 23.452 23.357 23.347 23.17 23.077 22.93 22.932 22.855 22.61 22.512 22.457 22.345 22.245 22.077 22.022 21.907 21.812 21.725 21.607 21.525 21.445 21.337 21.217 21.117 21.077 20.99 20.912 20.84 20.782 20.642 20.527
26.91 26.86 26.772 26.727 26.687 26.572 26.48 26.385 26.327 26.282 26.15 26.07 26.002 25.95 25.88 25.815 25.697 25.637 25.547 25.44 25.48 25.302 25.235 25.132 25.03 24.947 24.905 24.775 24.885 24.615 24.522 24.437 24.427 24.235 24.137 24.037 23.92 23.817 23.717 23.61 23.62 23.45 23.34 23.397 23.112 23.06 23.022 23.937 22.697 22.585 22.545 22.427 22.302 22.175 22.11 21.975 21.932 21.812 21.737 21.602 21.482 21.397 21.312 21.212 21.147 21.055 20.945 20.877 20.76 20.745 20.62 20.497
26.917 26.982 26.755 26.69 26.672 26.505 26.447 26.352 26.305 26.25 26.117 26.037 25.952 25.897 25.827 25.77 25.662 25.6 25.722 25.925 25.622 25.277 25.212 25.252 24.98 24.91 24.937 24.717 24.667 24.592 24.622 24.45 24.322 24.17 24.085 24.02 23.917 23.817 23.692 23.607 23.482 23.395 23.275 23.16 23.137 22.97 24.055 22.81 22.69 22.562 22.525 22.435 22.305 22.195 22.032 21.94 21.98 21.812 21.69 21.612 21.507 21.41 21.295 21.227 21.137 21.08 20.965 20.845 20.747 20.75 20.73 20.565
26.88 26.885 26.83 26.762 26.665 26.572 26.47 26.4 26.35 26.285 26.135 26.087 26.01 25.96 25.89 25.777 25.687 25.617 25.67 25.577 25.687 25.295 25.21 25.077 24.99 24.9 24.905 24.715 24.585 24.482 24.405 24.327 24.3 24.15 24.117 23.922 23.85 23.747 23.677 23.532 23.437 23.335 23.22 23.117 23.032 22.9 23.107 22.827 22.625 22.552 22.452 22.345 22.21 22.095 21.997 21.9 21.837 21.84 21.667 21.532 21.445 21.337 21.277 21.262 21.13 21.055 20.902 20.867 20.77 20.657 20.615 20.49
26.845 26.825 26.89 26.775 26.645 26.575 26.5 26.377 26.342 26.252 26.15 26.075 25.982 25.935 25.882 25.817 25.71 25.645 25.8 25.552 25.462 25.607 25.635 25.15 25.032 25.032 24.855 24.737 24.625 24.615 24.425 24.342 24.275 24.23 24.037 23.987 24.082 23.735 23.592 23.507 23.41 23.312 23.212 23.09 22.975 22.877 22.817 22.68 22.617 22.492 22.387 22.265 22.175 22.112 22.002 21.847 21.84 21.767 21.61 21.505 21.385 21.332 21.305 21.21 21.12 20.955 20.887 20.787 20.702 20.652 20.545 20.457
26.817 26.807 26.745 26.685 26.635 26.555 26.46 26.422 26.32 26.22 26.137 26.147 25.997 25.94 25.837 25.76 25.725 25.917 25.842 25.57 25.685 25.527 25.22 25.195 25.06 24.912 24.805 24.69 24.617 24.6 24.422 24.43 24.317 24.16 24.077 23.982 23.865 23.762 23.652 23.572 23.525 23.417 23.227 23.577 23.182 22.912 22.82 22.682 22.59 22.482 22.372 22.285 22.185 22.135 22.03 21.9 21.787 21.67 21.53 21.467 21.38 21.347 21.25 21.175 21.052 20.932 20.86 20.78 20.815 20.622 20.5 20.455
26.905 26.832 26.712 26.677 26.627 26.567 26.47 26.38 26.312 26.2 26.137 26.08 25.985 25.922 25.827 25.74 25.635 25.635 25.585 25.745 25.582 26.237 25.185 25.12 25.005 24.92 24.842 24.817 25.037 24.642 24.385 24.312 24.245 24.192 24.052 23.93 23.865 23.727 23.62 23.547 23.505 23.34 23.625 23.527 23.145 22.915 22.805 22.712 22.567 22.52 22.41 22.267 22.185 22.047 21.945 21.885 21.777 21.69 21.577 21.462 21.427 21.365 21.262 21.34 21.05 20.95 20.862 20.8 20.675 20.742 20.49 20.422
26.912 26.802 26.717 26.63 26.575 26.567 26.465 26.38 26.287 26.192 26.175 26.065 26.027 25.922 25.807 25.7 25.857 25.817 25.82 25.37 25.377 25.57 25.252 25.055 24.932 24.83 24.7 24.63 24.547 24.432 24.347 24.367 24.327 24.092 23.987 23.905 23.827 23.755 23.605 23.545 23.425 23.51 23.405 23.087 22.997 22.892 22.777 22.68 22.555 22.445 22.382 22.195 22.097 22.01 22.2 21.892 21.752 21.632 21.525 21.472 21.417 21.315 21.247 21.175 21.122 21.007 20.935 20.835 20.817 20.657 20.8 20.507
26.85 26.797 26.725 26.615 26.55 26.517 26.467 26.375 26.292 26.202 26.107 26.05 26.012 25.885 25.78 25.74 26.6 25.717 25.517 25.95 25.417 25.252 25.11 25.037 24.94 24.797 24.715 24.622 24.56 24.452 24.36 24.252 24.155 24.095 24.017 24.115 23.892 23.687 23.602 23.502 23.405 23.282 23.165 23.097 22.992 22.862 22.775 22.665 22.535 22.472 22.322 22.2 22.095 21.975 21.96 21.845 21.73 21.592 21.527 21.492 21.397 21.287 21.197 21.12 21.02 20.95 20.932 20.892 20.77 20.69 20.542 20.49
26.902 26.807 26.737 26.685 26.562 26.47 26.427 26.352 26.267 26.197 26.115 26.02 25.985 25.915 25.807 25.717 25.94 25.612 26.077 25.347 25.34 25.827 25.127 25.035 24.935 24.987 24.727 24.665 24.547 24.457 24.342 24.272 24.215 24.097 23.992 23.907 23.755 23.69 23.607 23.532 23.402 23.405 23.307 23.102 23.042 22.872 22.772 22.65 22.542 22.427 22.31 22.21 22.18 22.035 21.895 21.79 21.677 21.575 21.542 21.442 21.35 21.285 21.21 21.11 21.015 20.927 20.867 21.055 20.747 20.67 20.542 20.48
26.832 26.745 26.665 26.61 26.552 26.47 26.392 26.307 26.237 26.175 26.105 26.067 25.977 25.917 25.88 25.722 25.865 25.827 25.77 25.35 25.472 25.575 25.117 25.002 24.885 24.81 24.75 24.632 24.535 24.47 24.365 24.285 24.225 24.14 24.012 23.947 23.992 23.722 23.615 23.632 23.46 23.385 23.237 23.12 23.022 22.907 22.812 22.802 22.567 22.44 22.365 22.27 23.272 22.027 21.915 21.81 21.702 21.622 21.587 21.455 21.382 21.305 21.23 21.17 21.082 20.952 20.995 20.875 20.685 20.605 20.545 20.507
26.782 26.707 26.585 26.542 26.592 26.437 26.307 26.27 26.225 26.15 26.082 25.957 25.907 25.92 25.85 25.727 25.647 25.577 25.46 25.375 25.25 25.425 25.05 24.945 24.847 24.747 24.677 24.6 24.547 24.567 24.34 24.257 24.192 24.067 23.957 23.905 23.85 23.705 23.575 23.497 23.42 23.33 23.245 23.112 22.997 22.922 22.845 22.73 22.582 22.46 22.34 22.55 22.177 22.085 21.95 21.82 21.73 21.662 21.64 21.502 21.42 21.39 21.342 21.177 21.297 20.982 20.882 20.795 20.712 20.65 20.632 20.552
26.727 26.68 26.582 26.545 26.482 26.39 26.32 26.222 26.165 26.112 26.04 25.907 25.877 25.772 25.715 25.645 25.595 25.467 25.615 25.605 25.375 25.392 25.055 24.935 24.855 24.722 24.615 24.577 24.465 24.402 24.3 24.212 24.17 23.99 23.902 24.025 24.34 23.622 23.717 23.46 23.372 23.305 23.15 23.087 22.962 22.895 22.81 22.73 22.56 22.49 22.34 22.235 22.135 22.072 21.927 21.817 21.737 21.642 21.602 21.53 21.407 21.33 21.34 21.212 21.162 21.01 20.88 20.792 20.71 20.632 20.587 20.54
26.697 26.647 26.567 26.482 26.432 26.325 26.26 26.167 26.097 26.027 25.95 25.865 25.8 25.7 25.615 25.52 25.555 25.442 25.557 25.647 25.147 25.07 24.995 24.877 24.797 24.7 24.6 24.565 24.442 24.375 24.317 24.18 24.14 24.04 23.942 23.955 23.927 23.617 23.68 23.465 23.325 23.217 23.132 23.022 22.96 22.85 22.79 22.66 22.562 22.42 22.357 22.24 22.135 22.015 21.927 21.842 21.767 21.625 21.55 21.455 21.382 21.302 21.235 21.175 21.087 20.977 20.922 20.782 20.667 20.622 20.595 20.522
26.677 26.597 26.54 26.485 26.377 26.307 26.247 26.157 26.08 25.97 25.922 25.82 25.727 25.672 25.625 25.52 25.492 25.425 25.525 25.827 25.45 25.002 24.932 24.852 24.727 24.68 24.612 24.542 24.38 24.327 24.28 24.182 24.05 23.952 23.877 23.747 23.655 23.575 23.512 23.442 23.35 23.225 23.11 23.05 22.965 22.842 22.735 22.64 22.537 22.422 22.307 22.21 22.09 21.977 21.897 21.817 21.755 21.635 21.545 21.445 21.372 21.29 21.25 21.132 21.082 21.06 20.91 20.762 20.695 20.727 20.582 20.555
26.607 26.55 26.447 26.457 26.3 26.232 26.192 26.09 26.042 25.91 25.815 25.767 25.745 25.652 25.897 25.475 25.407 25.332 25.257 25.217 25.565 25.005 24.925 24.83 24.732 24.662 24.57 24.472 24.4 24.267 24.202 24.105 24.01 23.957 23.857 23.74 23.632 23.54 23.56 23.447 23.295 23.202 23.125 23.042 22.91 22.817 22.7 22.857 22.582 22.392 22.295 22.19 22.07 21.99 21.89 21.797 21.68 21.605 21.55 21.417 21.327 21.295 21.2 21.162 21.062 20.952 20.832 20.727 20.72 20.622 20.547 20.527
26.615 26.565 26.46 26.375 26.41 26.24 26.21 26.087 26.01 25.91 25.795 25.682 25.627 25.517 25.46 25.835 25.362 25.245 25.195 25.162 25.255 24.955 24.86 24.762 24.7 24.645 24.532 24.44 24.33 24.26 24.182 24.1 24.125 23.92 23.79 23.695 23.64 23.54 23.455 23.395 23.242 23.165 23.09 22.985 22.875 22.8 22.695 22.59 22.47 22.412 22.282 22.122 22.02 21.945 21.817 21.722 21.682 21.56 21.452 21.37 21.285 21.265 21.2 21.112 20.967 20.897 20.8 20.695 20.67 20.602 20.55 20.485
26.612 26.545 26.48 26.532 26.375 26.265 26.21 26.102 25.992 25.917 25.832 25.705 25.607 25.555 25.497 25.41 25.312 25.597 25.245 25.14 25.07 24.952 24.87 24.795 24.672 24.582 24.492 24.405 24.337 24.255 24.13 24.045 23.967 23.872 23.785 23.695 23.582 23.555 23.455 23.322 23.222 23.15 23.05 22.96 22.895 22.792 22.697 22.57 22.505 22.387 22.235 22.147 22.072 21.952 21.857 21.767 21.7 21.592 21.482 21.382 21.305 21.235 21.17 21.06 20.93 20.832 20.732 20.657 20.582 20.56 20.542 20.457
26.617 26.55 26.44 26.392 26.327 26.245 26.205 26.137 26.01 25.942 25.867 25.79 25.655 25.585 25.532 25.457 25.377 25.465 25.305 25.167 25.112 25.075 24.89 24.78 24.69 24.632 24.537 24.445 24.362 24.287 24.202 24.09 24.005 23.917 23.802 23.687 23.592 23.542 23.425 23.342 23.22 23.132 23.045 22.932 22.872 22.792 22.655 22.527 22.415 22.315 22.217 22.132 22.015 21.93 21.852 21.752 21.625 21.562 21.48 21.382 21.315 21.28 21.165 21.057 20.962 20.967 20.84 20.677 20.612 20.56 20.52 20.465
26.617 26.502 26.42 26.445 26.362 26.235 26.177 26.102 26.015 25.92 25.8 25.745 25.695 25.59 25.495 25.467 25.377 25.332 25.235 25.185 25.127 25.037 24.955 24.807 24.75 24.655 24.567 24.475 24.38 24.297 24.245 24.16 24.025 23.925 23.842 23.727 23.652 23.537 23.44 23.37 23.282 23.185 23.085 22.972 22.895 22.78 22.675 22.54 22.4 22.31 22.23 22.135 22.035 21.962 21.835 21.73 21.595 21.522 21.457 21.335 21.252 21.19 21.087 20.992 20.905 20.847 20.77 20.66 20.655 20.575 20.525 20.467
