All_lidar/sz5992_DSM_2M.asc
ncols 500
nrows 500
xllcorner    459000
yllcorner    92000
cellsize     2
NODATA_value -9999
[rows 132 to 164 of 500, columns 292 to 364 of 500]
9.658 10.115 10.123 9.77 8.843 8.022 7.998 7.331 7.208 7.074 6.963 6.833 6.723 6.661 6.896 6.897 7.337 6.672 6.08 5.685 5.655 5.912 5.695 5.502 5.475 5.365 5.292 5.232 5.167 4.942 4.777 4.645 5.45 7.442 5.207 4.645 4.76 4.59 4.507 4.432 4.482 4.477 4.757 4.4 5.192 4.575 4.592 4.24 4.157 4.102 4.042 4.01 3.937 3.907 4.005 4.357 3.955 3.767 3.777 3.73 3.76 3.792 3.785 3.767 4.16 5.31 4.725 3.587 5.887 7.322 7.297 4.045 3.697
9.595 9.886 10.453 10.123 8.828 8.601 8.043 7.409 7.327 7.206 7.097 6.967 6.839 6.65 6.532 6.555 6.61 6.315 5.76 5.695 5.692 5.645 5.602 5.48 5.49 5.44 5.35 5.207 5.137 4.972 4.747 5.067 8.3 5.207 4.725 6.985 6.117 5.915 5.685 5.74 4.71 4.742 4.575 4.902 5.187 4.447 4.387 4.337 4.237 4.172 4.117 4.08 4.055 3.96 3.935 3.88 3.845 3.817 3.775 3.765 3.757 3.952 4.705 4.07 4.28 4.927 4.415 3.615 5.515 7.362 7.282 5.022 3.735
9.638 9.676 10.21 10.529 8.556 7.845 7.687 7.529 7.453 7.33 7.213 7.123 6.997 6.835 6.685 6.527 6.365 6.545 5.997 5.762 5.687 5.672 5.58 5.485 5.48 5.44 5.305 5.272 5.13 5.2 4.872 7.56 6.947 5.495 6.125 8.59 13.392 13.485 13.085 10.972 8.682 6.65 5.052 5.402 5.315 4.712 4.537 4.46 4.302 4.217 4.412 4.755 4.847 4.385 3.94 3.927 3.885 3.867 3.827 3.785 3.827 3.87 4.087 4.232 5.02 4.517 3.687 3.685 4.017 5.297 4.537 3.78 3.757
9.694 9.656 9.681 9.672 7.948 7.855 7.758 7.865 7.645 7.808 7.52 8.3 7.505 6.997 6.837 6.675 6.517 7.1 6.485 5.742 5.712 5.655 5.602 5.545 5.502 5.685 5.382 5.252 5.16 5.015 5.01 6.527 6.67 5.412 6.535 10.472 13.562 14.165 13.932 13.632 13.85 12.902 8.945 8.26 7.582 8.592 6.705 4.715 4.345 4.267 4.7 5.002 4.827 5.05 4.09 3.937 3.955 3.905 3.847 3.85 3.937 4.4 3.952 3.92 5.015 4.735 3.745 3.735 3.725 3.96 3.765 3.76 3.892
9.747 9.755 9.862 9.665 8.305 8.255 8.45 8.49 8.447 10.415 10.3 8.512 7.495 7.172 7.055 6.917 7.135 7.245 6.682 5.85 5.807 5.742 5.685 5.557 5.58 6.222 5.67 5.27 5.142 4.965 6.152 7.775 5.72 4.965 7.522 11.697 13.53 14.015 14.372 13.837 13.58 12.335 12.312 12.317 13.93 14.715 11.927 7.732 4.525 4.41 4.805 4.86 4.675 4.855 4.17 3.97 3.942 3.942 3.957 3.91 3.917 4.522 4.772 5.712 6.327 4.712 3.802 3.765 3.825 4.35 3.787 3.755 3.917
12.755 10.035 12.315 12.275 10.577 8.34 9.297 11.112 10.985 11.112 10.852 9.062 7.717 7.447 7.28 7.115 7.285 7.275 6.297 6.11 5.91 5.822 5.755 5.657 5.552 6.042 5.782 5.297 5.13 7.157 9.545 9.637 7.132 6.457 8.462 9.422 12.33 14.545 14.005 13.37 12.767 12.002 11.932 12.682 14.89 15.025 15.217 12.807 7.007 7.035 7.227 5.017 4.66 4.972 4.007 3.95 3.99 3.96 3.932 3.98 3.957 4.6 6.185 9.282 7.082 4.245 4.23 3.905 3.97 3.927 3.82 3.787 3.932
20.972 12.602 13.625 14.412 11.065 8.705 10.762 11.317 11.347 11.32 11.34 11.165 9.715 8.525 7.57 7.425 7.815 6.775 7.07 6.297 6.045 5.935 5.855 5.707 5.615 5.505 5.395 5.315 5.17 7.12 10.272 10.202 7.732 6.352 8.172 9.017 13.215 14.21 13.592 12.972 12.852 12.055 11.91 14.43 16.392 15.877 15.685 13.862 14.077 14.272 13.885 12.687 10.6 9.417 4.17 3.99 3.975 4.01 3.965 3.975 4.355 5.277 6.865 8.53 6.655 4.547 5.515 4.367 4.342 3.852 3.835 3.802 4.28
21.232 14.375 14.852 14.432 14.37 14.012 13.137 12.28 11.372 11.342 11.325 11.322 11.465 9.845 7.735 7.882 7.507 6.63 6.932 6.355 6.2 6.05 5.935 5.785 5.642 5.527 5.387 5.31 5.175 5.295 7.362 9.415 7.76 7.897 8.102 8.572 13.472 14.047 12.687 11.752 12.977 12.31 12.395 15.782 17.217 17.132 15.892 13.79 13.775 13.92 13.737 13.767 13.725 10.74 4.057 4.015 3.982 3.992 3.975 4.022 4.095 8.605 11.385 10.667 13.385 13.74 13.5 10.217 6.055 6.292 4.962 3.852 4.46
19.795 15.395 18.665 16.355 14.44 14.3 14.447 14.237 13.715 13.56 11.272 11.337 11.352 8.785 8.055 7.667 7.057 6.732 6.585 6.46 6.382 6.13 6.032 5.855 5.645 5.502 5.37 5.292 5.11 5.06 5.05 7.052 7.547 7.472 6.965 9.042 10.425 13.27 12.65 10.64 12.725 12.567 12.04 16.272 17.58 17.215 15.685 14.53 13.77 13.705 13.712 13.707 13.742 12.27 4.862 4.012 3.987 3.99 3.985 4.02 3.997 7.797 11.94 12.535 13.455 14.275 15.345 13.77 13.2 14.742 10.672 6.21 8.742
16.702 16.285 20.08 19.975 19.927 19.575 18.49 16.482 14.895 13.867 11.387 10.89 9.387 8.095 8.527 7.517 7.05 6.85 6.74 6.63 6.475 6.277 6.102 5.917 5.667 5.665 5.367 5.282 5.152 5.08 4.98 7.242 8.99 6.57 5.065 5.487 5.177 6.37 6.195 11.632 12.807 12.557 9.12 10.57 12.197 16.092 14.885 14.727 13.805 13.76 13.765 13.692 14.015 11.307 4.827 4.052 4.032 4.012 3.982 4.482 4.007 6.047 6.672 13.047 13.382 14.92 15.245 13.472 14.405 15.43 13.66 13.742 16.247
15.145 17.027 20.075 20.21 20.905 20.88 20.735 20.41 19.44 12.78 10.392 9.967 8.277 8.832 8.405 7.75 8.03 7.095 6.94 6.792 6.627 6.462 6.225 5.98 6.297 7.962 6.96 5.437 5.14 5.032 4.967 5.76 6.44 6.2 5.042 4.842 4.825 3.317 6.657 12.655 12.92 12.377 9.28 8.375 7.925 8.072 9 10.002 10.262 13.197 13.842 13.85 12.837 6.07 4.077 4.03 4.05 4.017 4.022 4.74 6.497 4.965 4.325 12 13.24 15.122 14.557 13.502 15.077 15.507 13.43 14.672 16.617
13.132 19.882 20.075 20.42 20.937 21.025 21.722 20.122 18.217 12.04 8.355 8.267 8.93 9.277 7.935 8.03 7.887 7.2 7.045 6.95 6.792 6.605 6.35 6.25 7.335 7.425 7.575 6.322 5.095 5.025 4.962 4.85 4.727 5.285 5.567 5.067 5.69 4.782 5.595 10.092 11.007 10.537 7.565 7.807 8.042 8.177 8.235 7.61 6.93 7.512 7.96 10.255 10.767 4.397 4.037 4.092 4.067 4.055 4.037 4.027 4.025 4.642 9.85 5.007 7.085 13.417 13.537 13.637 15.29 14.327 13.265 14.442 15.627
14.335 19.865 20.082 20.592 20.917 20.935 21.2 19.825 16.75 8.38 8.395 8.41 9.252 8.582 8.47 7.807 7.545 7.382 7.245 7.112 6.97 6.735 6.53 6.662 8.127 8.002 6.975 6.915 5.98 5.477 4.947 4.862 4.747 4.635 5.142 5.682 5.495 5.432 6.417 7.71 8.302 7.632 7.292 7.23 7.377 7.62 7.787 7.32 6.897 6.867 6.835 6.81 4.815 4.082 4.07 4.087 4.062 4.1 4.075 4.22 5.85 9.5 7.492 7.397 5.597 5.885 7.545 7.812 10.39 11.472 12.307 16.622 15.87
13.735 13.515 17.435 17.907 18.93 20.74 20.765 19.26 14.182 8.192 8.627 9.182 8.805 8.375 8.672 7.97 7.722 7.597 7.432 7.335 7.082 6.877 6.75 6.855 7.097 8.195 7.56 8.337 8.727 7.25 4.922 4.907 4.805 4.647 4.567 5.862 5.65 5.737 7.377 7.352 7.515 7.33 7.245 7.22 7.175 7.137 7.212 7.16 7.067 6.92 6.825 6.612 4.607 4.227 4.165 4.127 4.115 4.097 4.055 4.052 4.81 5.95 5.32 5.002 5.66 6.59 6.772 6.222 5.14 3.645 5.88 15.43 16.065
12.832 12.022 11.66 11.825 15.34 17.965 18.082 17.632 10.972 8.682 8.662 8.857 8.687 8.66 8.32 8.097 7.925 7.722 7.637 7.497 7.2 7.427 7.55 8 10.152 8.985 7.4 8.317 8.1 7.295 5.817 4.862 4.807 4.712 4.607 4.517 5.532 5.815 7.055 7.342 7.375 7.287 7.177 7.252 7.167 7.235 7.22 7.147 7.195 7.23 7.16 7.04 6.955 6.212 5.182 4.262 4.602 4.067 4.042 4.172 4.232 5.05 3.865 3.647 5.78 6.412 6.622 6.57 5.217 4.82 7.602 12.997 13.822
11.365 10.992 10.965 11.21 11.09 11.28 11.327 12.165 9.957 9.855 9.847 8.99 9.16 9.42 8.24 8.167 8.115 7.9 7.757 7.532 7.465 8.992 10.59 13.827 13.852 13.962 10.597 8.282 7.425 7.465 8.15 5.87 4.797 4.7 4.667 4.557 4.412 5.035 5.567 7.135 7.32 7.252 7.175 7.13 7.11 7.142 7.155 7.135 7.215 7.577 7.227 7.295 7.275 7.07 7.15 6.41 4.195 4.557 4.33 5.775 6.675 6.477 3.91 4.112 5.89 6.565 6.31 5.635 4.197 5.247 5.665 4.445 5.665
17.402 14.96 14.267 11.27 11.72 10.412 10.28 10.32 10.71 10.887 10.24 9.027 9.247 8.832 8.455 8.35 8.205 8.095 8.98 8.125 7.907 8.54 14.937 16.312 16.06 16.6 16.43 10.982 7.525 6.935 7.292 7.77 6.065 4.712 4.637 4.58 4.442 4.357 4.75 8.037 8.692 7.597 7.275 7.255 7.197 7.195 7.135 7.125 7.217 7.205 7.255 7.295 7.172 7.042 7.087 6.877 4.205 3.95 3.93 5.555 6.245 4.155 5.017 5.002 5.955 6.607 6.022 3.93 3.78 5.265 5.622 4.16 3.765
18.797 18.782 18.78 18.287 17.937 11.322 10.222 9.992 10.12 10.46 9.535 9.66 8.865 8.682 8.59 8.54 8.382 8.55 9.215 8.517 8.52 12.252 15.762 16.5 16.22 17.602 17.832 16 7.737 6.972 6.84 7.252 7.737 5.992 4.662 4.552 4.482 4.377 5.277 9.285 9.992 9.27 6.53 6.75 8.155 8.107 7.27 7.23 7.225 7.227 7.272 7.31 6.927 6.307 7.115 6.172 3.885 3.777 3.782 5.652 7.5 3.827 5.372 5.43 5.462 4.877 4.332 4.09 4.492 5.627 5.72 4.787 4.195
18.79 18.8 18.807 18.807 18.74 13.46 10.272 9.982 9.905 9.917 9.64 9.92 9.04 8.897 8.755 8.622 8.532 8.392 8.525 8.972 11.615 16.035 16.28 15.505 16.97 17.995 17.255 16.62 9.417 7.02 6.902 6.782 6.877 7.117 6.157 4.53 4.482 4.41 4.385 8.025 9.39 10.28 9.787 5.47 4.575 5.425 6.127 6.95 7.242 7.262 7.05 7.132 6.267 4.175 4.375 4.275 3.712 3.61 5.152 7.912 6.215 4.37 5.44 5.512 5.232 3.575 3.385 3.405 3.705 5.217 5.652 4.567 4.245
18.8 18.79 18.8 18.822 18.4 12.082 10.345 9.992 9.67 9.492 9.46 9.445 9.17 9.052 8.935 8.835 8.672 9.062 10.415 9.55 12.572 16.995 15.895 15.507 16.672 17.282 16.772 16.565 15.442 7.285 6.995 6.822 6.765 6.682 6.847 6.577 4.437 4.365 4.29 4.207 5.212 8.865 12.07 11.012 10.327 5.055 5.722 6.692 6.48 4.735 4.482 5.067 4.792 4.42 4.337 4.232 4.347 4.505 7.725 9.525 6.62 3.37 3.492 4.08 4.027 3.307 3.305 3.275 3.495 4.317 4.26 3.347 3.26
18.772 18.802 18.805 18.835 17.712 10.827 10.397 10.075 9.77 9.6 9.485 9.425 9.31 9.162 9.102 9.395 9.062 9.237 10.122 14.22 11.457 13.667 15.39 16.055 15.91 16.8 17.582 17.007 15.925 10.495 7.39 7.02 6.842 6.745 6.69 6.807 5.89 4.382 4.322 4.235 4.19 6.2 8.64 7.5 5.09 7.345 5.947 6.232 6.03 4.092 4.005 3.797 3.572 3.535 3.527 3.502 3.502 3.377 5.875 5.845 4.4 3.307 3.25 3.242 3.217 3.205 3.212 3.215 3.277 3.282 3.172 3.177 3.172
15.375 17.49 17.735 18.497 16.885 10.672 10.437 10.277 9.917 9.712 9.69 9.61 9.48 9.337 9.385 10.48 10.37 9.937 13.175 18.532 19.597 13.792 11.78 14.442 13.442 15.185 16.407 17.382 15.945 9.952 9.915 10.985 8.205 6.815 6.757 7.872 7.79 6.337 4.537 4.28 4.22 4.12 4.252 4.037 3.785 3.737 3.727 3.777 3.627 3.617 3.6 3.557 3.577 3.547 3.55 3.54 3.492 3.447 3.385 3.4 3.407 3.382 3.36 3.292 3.28 3.29 3.265 3.28 3.26 3.222 3.17 3.122 3.14
11.542 11.912 12.177 13.48 12.997 11.172 10.77 10.39 10.797 10.105 9.872 9.825 9.672 9.567 9.45 9.825 10.972 10.36 16.875 18.815 19.41 19.422 16.33 13.975 8.94 11.797 16.152 17.33 16.552 16.027 12.902 11.372 8.09 6.797 7.23 9.232 8.035 7.517 8.95 5.11 4.212 4.187 4.107 4.042 3.897 3.837 3.795 3.78 3.717 3.682 3.787 4.247 3.93 3.897 4.077 3.765 3.492 3.522 3.465 3.42 3.4 3.41 3.385 3.37 3.405 3.567 3.4 3.322 3.36 3.307 3.372 3.27 3.225
14.38 12.732 12.255 11.417 11.352 11.492 11 10.707 11.015 10.24 10.05 9.985 9.832 9.69 9.51 10.285 11.51 15.107 18.832 19.225 19.452 19.447 19.315 18.372 13.327 10.475 15.795 16.497 15.362 14.82 10.61 9.315 9.597 7.002 8.24 9.312 6.867 6.495 7.1 7.457 4.627 4.16 4.16 4.09 3.985 3.877 3.837 3.725 3.662 3.612 4.3 4.752 4.295 3.802 4.152 3.84 3.427 3.352 3.367 3.327 3.342 3.285 3.27 3.287 3.442 4.56 4.075 3.312 3.287 3.262 3.565 3.662 3.435
17.695 17.532 17.577 13.9 11.74 11.28 10.887 10.772 10.477 10.327 10.205 10.142 9.98 9.875 9.697 9.847 11.255 14.897 18.012 18.872 19.275 19.39 18.842 17.685 15.725 13.362 11.082 13.855 10.642 10.062 8.937 10.322 11.122 8.257 7.56 9.53 8.067 7.077 6.405 6.84 5.43 4.192 4.092 4.065 4.06 3.9 3.77 3.727 4.722 5.49 6.022 6.53 6.352 6.205 6.105 5.44 5.335 4.217 3.342 3.69 3.335 3.332 3.402 3.57 3.267 3.732 3.287 3.197 3.157 3.172 3.395 3.925 3.747
18.022 18.02 18.265 15.96 12.585 11.242 10.945 11.217 10.55 10.497 10.422 10.322 10.142 10.282 10.845 10.34 10.055 10.732 13.007 17.447 18.635 19 17.157 15.927 15.037 12.242 11.725 10.527 11.53 10.917 9.125 12.41 11.142 10.192 11.302 8.937 9.817 6.955 6.347 5.932 5.405 4.855 4.192 4.112 4.047 3.985 3.86 4.037 9.865 10.205 10.385 10.257 10.19 10.21 10.16 9.762 5.157 3.917 4.655 4.837 4.617 4.77 4.64 5.507 4.712 3.965 3.587 3.732 3.22 3.23 3.382 3.48 3.065
17.73 18.205 17.4 13.995 12.597 11.34 11.005 10.885 10.755 10.677 10.557 10.455 10.282 10.605 11.522 11.59 11.702 11.282 11.177 12.64 17.565 16.765 13.055 12.637 13.225 11.89 11.442 9.045 12.02 13.147 10.18 8.517 8.275 11.565 10.377 7.31 7.715 7.46 6.36 6.917 7.495 4.64 4.207 4.115 4.06 4.025 3.895 3.942 9.837 10.222 10.212 10.212 10.212 10.205 10.212 9.425 3.835 3.535 3.522 3.407 3.402 3.45 3.5 3.865 4.07 4.027 3.917 4.842 4.492 5.665 7.9 8.985 5.52
17.647 18.33 17.087 12.165 11.717 11.37 11.08 11.02 10.937 10.845 10.777 10.617 10.527 11.547 13.132 16.082 18.475 17.455 13.572 10.995 11.972 12.472 12.31 11.725 10.587 11.69 10.32 8.687 9.242 10.492 11.527 11.782 8.875 7.367 9.732 7.395 8.125 7.912 7.1 7.965 8.53 5.825 4.262 4.185 4.147 4.057 3.977 3.88 5.565 10.035 10.23 10.207 10.227 10.22 10.225 7.04 3.445 3.472 3.47 3.43 3.395 3.432 3.432 3.497 3.46 3.5 3.487 3.487 3.51 4.095 11.4 14.02 13.96
15.97 17.472 16.557 12.612 11.797 11.412 11.2 11.19 11.077 11.025 10.845 10.725 11.29 11.43 16.555 18.497 19.39 19.465 17.782 14.107 11.032 12.467 12.057 10.857 10.207 10.42 9.43 8.747 11.05 8.615 10.497 12.182 10.672 7.447 8.375 7.447 6.94 7.125 6.985 6.765 7.295 7.77 4.367 4.375 4.552 4.067 4.007 3.952 3.807 6.115 9.707 10.295 10.225 10.187 9.737 6.037 3.817 3.427 3.4 3.41 3.455 3.437 3.507 3.542 3.465 3.46 3.537 3.542 3.782 6.44 13.505 14.53 14.465
13.905 14.47 14.782 12.55 11.95 11.997 11.457 11.335 11.227 11.24 11.19 10.955 12.09 13.22 19.312 19.732 20.422 20.785 19.805 18.52 15.165 10.79 11.502 10.09 11.052 12.665 11.56 10.997 10.572 8.64 8.572 9.435 8.79 7.672 7.077 6.865 6.857 6.887 6.767 6.512 6.1 7.577 5.17 4.33 4.64 4.875 4.03 4.012 3.847 3.805 4.59 10.457 9.067 6.907 8.352 5.505 3.905 3.452 3.427 3.41 3.44 3.435 3.427 3.445 3.427 3.437 3.46 3.607 3.59 8.995 14.057 14.415 13.977
13.827 14.065 13.062 12.325 12.605 12.382 11.567 11.445 11.35 12.065 11.872 11.377 12.965 12.982 17.117 19.322 20.102 20.56 19.805 18.072 15.072 10.877 10.22 10.16 10.05 13.88 15.262 11.265 13.895 8.712 8.782 8.722 8.487 7.942 7.402 7.335 7.085 7.597 7.215 6.54 6.202 7.492 6.737 4.437 4.515 4.672 4.665 4.017 3.962 3.832 3.772 6.515 5.735 3.272 5.017 5.197 3.822 3.437 3.44 3.412 3.455 3.44 3.417 3.44 3.61 3.597 3.597 3.647 4.122 9.855 12.982 13.665 14.362
17.775 13.132 12.655 12.1 12.21 11.882 11.722 11.607 11.6 12.165 11.507 11.847 15.622 13.497 14.02 14.805 18.337 19.887 19.21 17.815 12.192 11.307 11.112 10.15 9.902 10.375 16.627 13.18 12.305 9.082 8.722 8.427 7.787 7.977 7.607 7.742 8.967 8.53 9.042 6.99 6.577 6.262 10.497 7.582 4.787 5.037 5.76 4.56 4.012 3.965 3.767 3.762 4.717 5.667 5.39 4.975 3.535 3.437 3.417 3.44 3.432 3.44 3.452 3.85 3.622 3.645 3.757 3.8 5.9 7.592 5.612 5.51 9.532
15.445 12.9 12.637 12.122 12.022 11.985 11.862 11.772 11.65 11.597 11.635 13.605 19.39 20.52 20.217 15.857 14.007 17.67 17.852 17.467 12.46 11.23 11.22 11.027 10.592 10.065 17.14 19.53 15.225 10.307 10.05 10.475 9.365 7.367 7.78 7.47 7.662 7.582 7.637 6.95 6.812 7.295 16.212 9.195 5.21 5.642 5.61 5.287 4.235 3.902 3.82 3.75 3.715 4.235 4.89 3.612 3.472 3.545 3.452 3.447 3.425 3.69 3.602 5.812 6.167 5.442 5.257 3.9 5.407 5.385 3.347 3.705 5.842
