All_lidar/sz5985_DSM_2M.asc
ncols 500
nrows 500
xllcorner    459000
yllcorner    85000
cellsize     2
NODATA_value -9999
[rows 340 to 373 of 500, columns 77 to 153 of 500]
1.258 1.188 1.261 1.273 1.303 1.483 0.998 0.846 0.788 0.738 0.748 0.781 0.858 0.863 0.933 1.228 1.143 1.106 1.011 1.078 1.003 1.043 1.013 1.136 1.168 1.103 1.231 1.698 1.118 1.126 1.248 1.128 0.971 0.841 0.866 0.918 0.881 0.856 0.953 1.048 0.981 1.036 0.966 1.008 1.061 1.168 1.213 1.251 1.243 0.858 0.528 0.988 0.946 0.903 0.846 0.823 0.811 0.803 0.848 0.823 0.823 0.826 0.698 0.868 0.848 0.771 0.766 0.756 0.766 0.776 0.788 0.786 0.841 0.844 0.871 0.866 0.899
1.346 1.238 1.281 1.173 1.156 0.986 0.956 0.933 0.868 0.688 0.816 0.796 0.836 0.881 3.523 1.381 1.223 1.121 1.056 1.103 1.136 1.068 1.053 1.096 1.111 1.243 1.346 1.136 1.998 1.113 1.048 1.496 0.856 1.131 0.756 1.041 1.283 1.256 0.921 0.988 1.193 0.971 1.018 1.006 1.063 1.126 1.166 1.288 1.386 0.783 0.538 0.928 0.816 1.016 0.796 0.736 0.921 0.748 0.753 0.731 0.756 0.731 0.718 0.886 0.838 0.783 0.766 0.746 0.771 0.761 0.806 0.818 0.826 0.856 0.844 0.851 0.869
1.116 1.206 1.176 1.171 1.288 1.038 0.836 0.781 1.326 0.756 0.793 0.843 0.838 1.188 3.348 1.141 1.081 1.146 1.241 1.316 1.198 1.086 1.093 1.286 1.588 1.201 1.063 1.093 1.351 2.253 1.001 3.533 0.838 0.828 1.171 0.973 1.056 1.203 1.021 0.986 0.988 0.998 0.976 0.988 1.113 1.031 1.076 1.073 1.111 0.613 0.568 0.846 0.831 0.683 0.686 0.711 2.151 1.476 2.861 1.353 0.768 0.788 0.763 0.866 0.826 0.808 0.761 0.758 0.746 0.766 0.781 0.771 0.788 0.826 0.821 0.849 0.881
1.231 1.126 1.158 1.058 1.141 1.231 1.173 0.976 1.088 0.748 0.801 0.836 0.843 0.903 1.036 1.036 1.138 1.238 1.316 1.251 1.153 1.061 1.093 1.306 2.033 1.248 1.123 1.071 0.841 0.763 0.751 1.896 2.903 1.096 0.996 1.346 1.048 0.888 0.983 0.963 1.108 1.028 1.031 1.011 1.093 1.003 0.981 1.066 1.253 0.773 0.521 0.711 0.778 0.911 0.888 0.898 1.603 2.221 1.761 1.448 0.803 0.773 0.683 0.841 0.806 0.781 0.756 0.743 0.748 0.781 0.806 0.806 0.796 0.789 0.814 0.871 0.914
1.066 1.083 1.303 1.213 1.061 1.158 1.178 1.181 0.881 0.828 0.783 0.933 0.828 1.036 1.218 1.208 1.316 1.301 1.228 1.141 1.061 1.083 1.033 1.118 1.003 0.968 1.008 0.816 1.093 3.191 0.978 3.533 1.871 1.061 0.956 1.278 0.961 1.091 1.161 1.093 1.098 1.033 1.008 1.048 1.076 1.118 1.108 1.161 1.208 0.866 0.538 0.656 0.888 0.943 0.843 0.873 0.946 1.388 0.813 0.866 1.086 0.731 0.608 0.801 0.788 0.758 0.748 0.736 0.758 0.756 0.776 0.801 0.806 0.796 0.816 0.886 0.859
0.826 1.043 1.251 1.106 1.028 1.086 1.033 1.196 0.911 0.826 0.803 1.261 1.106 1.563 1.261 1.246 1.178 1.166 1.133 1.138 1.068 1.021 0.986 1.003 0.973 0.738 0.878 1.003 1.028 2.251 1.038 3.883 2.176 2.006 0.993 1.073 0.971 1.263 1.186 1.143 1.103 1.053 1.008 1.003 1.026 1.086 1.178 1.146 1.191 0.971 0.513 0.568 0.903 0.933 0.836 0.811 0.876 1.048 0.933 1.816 0.776 0.771 0.636 0.751 0.751 0.733 0.766 0.758 0.756 0.736 0.768 0.766 0.801 0.776 0.794 0.826 0.809
1.288 1.366 1.353 1.216 1.123 1.176 1.038 1.136 0.873 0.926 0.948 0.923 1.181 2.081 1.373 1.098 1.126 1.148 1.178 1.158 1.126 1.113 1.038 0.928 0.801 0.873 1.728 2.623 1.156 1.283 1.023 4.338 1.168 1.533 1.313 1.203 1.101 1.118 1.158 1.213 1.153 1.038 1.006 1.008 1.003 1.056 1.171 1.238 1.123 1.098 0.553 0.546 0.933 0.918 0.846 1.116 0.971 1.803 0.801 0.786 0.766 0.778 0.656 0.756 0.761 0.761 0.796 0.783 0.771 0.758 0.761 0.753 0.781 0.806 0.779 0.799 0.819
1.261 1.323 1.211 1.308 1.226 1.226 1.098 1.046 1.171 1.933 1.033 1.253 1.213 1.126 1.098 1.108 1.111 1.031 1.061 1.078 1.131 1.741 0.931 0.983 1.506 0.996 1.123 1.908 1.176 2.226 2.173 4.093 2.291 2.246 1.363 1.176 1.256 1.183 1.268 1.266 1.191 1.108 0.998 0.926 0.938 1.041 1.073 1.218 1.101 1.131 0.748 0.506 0.986 0.926 0.848 0.888 1.631 2.806 1.591 0.771 0.771 0.778 0.656 0.733 0.783 0.793 0.811 0.786 0.841 0.776 0.818 0.821 0.806 0.801 0.809 0.804 0.819
1.276 1.206 1.221 1.131 1.216 1.111 1.006 1.221 1.291 1.391 1.183 1.176 1.126 1.128 1.153 1.098 1.196 0.993 0.986 1.248 0.666 0.776 1.133 1.208 1.568 1.446 2.703 1.306 2.468 2.376 2.283 1.486 1.296 1.268 1.278 1.218 1.328 1.323 1.356 1.296 1.213 1.138 0.956 0.973 0.921 0.963 1.018 1.198 1.171 1.121 0.893 0.523 0.833 0.898 0.858 0.811 0.866 1.196 0.831 0.753 0.771 0.773 0.703 0.721 0.796 0.801 0.801 0.766 0.791 0.771 0.808 0.818 0.786 0.814 0.811 0.816 0.826
1.323 1.298 1.156 1.161 1.293 1.228 1.213 1.258 1.273 1.193 1.198 1.121 1.243 1.151 1.211 1.276 1.658 1.081 1.391 1.916 1.213 1.418 1.278 1.658 1.241 1.058 1.438 1.908 2.738 2.018 1.443 1.271 1.306 1.341 1.356 1.443 1.391 1.331 1.268 1.186 1.131 1.108 1.006 0.986 0.936 0.951 1.111 1.191 1.178 1.178 1.088 0.561 0.726 0.908 0.856 0.818 0.856 0.898 0.856 0.768 0.748 0.731 0.706 0.658 0.793 0.821 0.818 0.788 0.771 0.753 0.756 0.776 0.758 0.794 0.831 0.841 0.844
1.171 1.221 1.196 1.268 1.226 1.293 1.283 1.253 1.191 1.136 1.286 1.323 1.306 1.308 1.228 1.233 1.116 0.921 0.966 1.301 1.243 1.176 1.213 1.139 1.159 1.284 1.856 1.489 1.531 1.449 1.441 1.404 1.414 1.384 1.359 1.411 1.406 1.234 1.169 1.144 1.191 1.099 1.026 0.969 0.971 1.001 0.969 1.074 1.171 1.234 1.096 0.564 0.711 0.949 0.864 0.829 0.819 0.871 0.846 0.769 0.751 0.739 0.736 0.704 0.766 0.831 0.799 0.799 0.766 0.769 0.786 0.804 0.776 0.791 0.819 0.851 0.896
1.171 1.333 1.338 1.288 1.223 1.258 1.216 1.166 1.176 1.193 1.336 1.333 1.338 1.263 0.996 0.958 1.191 1.283 1.161 1.123 1.098 1.201 1.346 1.419 1.326 1.311 1.341 1.401 1.434 1.406 1.396 1.539 1.351 1.314 1.296 1.349 1.414 1.271 1.299 1.194 1.149 0.976 0.961 0.989 1.049 1.001 0.971 1.101 1.206 1.134 0.989 0.589 0.544 0.869 0.874 0.824 0.811 0.866 0.839 0.794 0.754 0.766 0.771 0.759 0.701 0.816 0.781 0.766 0.776 0.744 0.781 0.776 0.786 0.799 0.801 0.846 0.869
1.353 1.231 1.188 1.176 1.208 1.186 1.096 1.126 1.161 1.141 1.271 1.348 1.241 1.101 1.198 1.373 1.361 1.216 1.423 1.383 1.251 1.551 1.601 1.511 1.321 1.296 1.344 1.394 1.401 1.366 1.351 1.269 1.331 1.339 1.319 1.414 1.269 1.276 1.279 1.124 1.161 1.026 0.971 1.009 1.066 1.054 1.001 1.156 1.196 1.156 1.121 0.676 0.484 0.836 0.871 0.846 0.814 0.901 0.854 0.776 0.739 0.741 0.771 0.764 0.689 0.751 0.754 0.764 0.759 0.754 0.781 0.771 0.791 0.801 0.839 0.839 0.841
1.211 1.196 1.233 1.213 1.261 1.228 1.251 1.286 1.321 1.231 1.068 1.028 1.246 1.363 1.463 1.363 1.293 1.223 1.613 1.473 1.366 1.461 1.543 1.431 1.306 1.379 1.469 1.536 1.591 1.431 1.336 1.354 1.381 1.516 1.211 1.291 1.214 1.186 1.129 1.126 1.149 1.079 1.016 1.046 1.051 1.006 0.969 1.189 1.269 1.324 1.436 0.911 0.484 0.919 0.886 0.871 0.836 0.906 0.884 0.784 0.759 0.729 0.746 0.779 0.714 0.706 0.764 0.776 0.759 0.764 0.761 0.771 0.806 0.794 0.836 0.829 0.809
1.121 1.176 1.403 1.308 1.511 1.473 1.581 1.338 1.256 1.138 1.113 1.261 1.426 1.391 1.331 1.326 1.218 1.468 1.433 1.401 1.316 1.298 1.553 1.474 1.416 1.536 1.459 1.559 1.654 1.549 1.346 1.531 1.531 1.231 1.201 1.254 1.191 1.164 1.209 1.099 1.064 1.041 1.046 1.094 1.046 1.004 1.039 1.094 1.161 1.324 1.351 1.094 0.521 0.716 0.891 0.871 0.806 0.861 0.901 0.781 0.761 0.749 0.724 0.724 0.739 0.639 0.734 0.741 0.729 0.746 0.769 0.794 0.819 0.814 0.841 0.819 0.831
1.196 1.231 1.251 1.201 1.438 1.348 1.388 1.038 1.238 1.263 1.526 1.386 1.378 1.316 1.391 1.293 1.223 1.291 1.271 1.426 1.406 1.281 1.563 1.626 1.519 1.526 1.619 1.539 1.616 1.454 1.384 1.356 1.321 1.301 1.271 1.274 1.136 1.094 1.136 1.131 1.044 1.061 1.036 1.046 0.989 1.004 1.021 1.071 1.139 1.321 1.451 1.229 0.514 0.654 0.929 0.869 0.836 0.856 0.901 0.786 0.754 0.744 0.721 0.726 0.731 0.686 0.689 0.769 0.736 0.741 0.761 0.769 0.796 0.784 0.831 0.811 0.836
1.188 1.343 1.183 1.326 1.306 1.183 1.501 1.386 1.568 1.473 1.316 1.363 1.403 1.351 1.391 1.378 1.281 1.248 1.448 1.643 1.418 1.441 1.333 1.416 1.576 1.721 1.619 1.561 1.449 1.366 1.409 1.409 1.341 1.256 1.251 1.344 1.281 1.219 1.169 1.041 1.094 1.026 1.054 1.046 0.986 1.076 1.034 1.096 1.094 1.349 1.394 1.291 0.579 0.559 0.929 0.894 0.839 0.849 0.891 0.836 0.759 0.734 0.754 0.744 0.759 0.736 0.631 0.764 0.749 0.764 0.779 0.781 0.786 0.791 0.814 0.826 0.829
1.293 1.436 1.168 1.066 1.131 1.378 1.451 1.341 1.358 1.396 1.316 1.391 1.403 1.366 1.578 1.361 1.266 1.631 1.476 1.413 1.398 1.413 1.371 1.316 1.231 1.474 1.429 1.321 1.351 1.549 1.414 1.319 1.334 1.251 1.334 1.319 1.341 1.219 1.151 1.069 1.186 1.124 1.081 1.089 1.081 1.074 1.079 1.126 0.999 1.316 1.371 1.271 0.761 0.521 0.889 0.901 0.856 0.824 0.889 0.851 0.756 0.734 0.749 0.759 0.751 0.761 0.699 0.714 0.746 0.739 0.766 0.774 0.801 0.829 0.856 0.876 0.871
1.301 1.011 1.051 1.266 1.371 1.381 1.353 1.316 1.338 1.453 1.468 1.361 1.266 1.361 1.331 1.358 1.303 1.266 1.141 1.198 1.253 1.261 1.178 1.119 1.254 1.384 1.311 1.234 1.384 1.419 1.269 1.274 1.354 1.374 1.339 1.291 1.276 1.244 1.171 1.131 1.154 1.154 1.091 1.069 1.049 0.991 1.034 1.126 1.026 1.186 1.326 1.291 0.936 0.504 0.834 0.916 0.891 0.831 0.849 0.839 0.799 0.751 0.781 0.774 0.759 0.754 0.784 0.646 0.769 0.746 0.759 0.801 0.799 0.894 0.894 0.954 1.004
1.208 1.291 1.378 1.293 1.223 1.336 1.301 1.196 1.216 1.386 1.501 1.201 1.213 1.271 1.206 1.306 1.191 1.156 1.253 1.116 1.083 1.108 1.116 1.136 1.254 1.279 1.304 1.334 1.409 1.341 1.376 1.284 1.371 1.381 1.354 1.266 1.294 1.264 1.236 1.156 1.119 1.201 1.141 1.101 1.074 1.044 1.081 1.074 1.239 1.196 1.221 1.404 0.919 0.506 0.689 0.906 0.876 0.844 0.834 0.881 0.816 0.756 0.766 0.759 0.741 0.764 0.749 0.686 0.716 0.784 0.754 0.764 0.869 1.251 1.414 1.554 1.221
1.473 1.406 1.248 1.198 1.088 1.173 1.236 1.391 1.403 1.168 1.158 1.261 1.231 1.201 1.146 1.186 1.251 1.296 1.261 1.183 1.221 1.163 1.203 1.219 1.321 1.199 1.196 1.404 1.364 1.349 1.439 1.349 1.294 1.321 1.286 1.249 1.204 1.219 1.201 1.186 1.169 1.179 1.166 1.111 1.131 1.061 1.069 1.156 1.209 1.239 1.304 1.351 1.044 0.561 0.551 0.936 0.899 0.831 0.824 0.831 0.786 0.744 0.716 0.721 0.714 0.724 0.746 0.754 0.691 0.709 0.776 0.804 1.079 1.051 1.209 1.389 1.464
1.266 1.278 1.078 1.121 1.178 1.143 1.268 1.213 1.338 1.253 1.143 1.211 1.226 1.266 1.256 1.198 1.303 1.241 1.293 1.273 1.361 1.253 1.418 1.359 1.229 1.231 1.224 1.316 1.351 1.276 1.306 1.354 1.276 1.304 1.264 1.249 1.196 1.199 1.174 1.259 1.206 1.241 1.276 1.196 1.171 1.101 1.076 1.121 1.264 1.396 1.374 1.319 1.136 0.536 0.496 0.964 0.924 0.866 0.809 0.814 0.789 0.691 0.704 0.719 0.736 0.734 0.764 0.794 0.736 0.719 0.739 0.881 1.096 1.129 1.351 1.539 1.589
1.133 1.043 1.136 1.138 1.226 1.226 1.163 1.228 1.513 1.418 1.233 1.298 1.271 1.441 1.528 1.531 1.561 1.436 1.463 1.561 1.401 1.456 1.538 1.454 1.381 1.401 1.249 1.231 1.241 1.291 1.259 1.269 1.286 1.266 1.296 1.241 1.216 1.226 1.264 1.256 1.234 1.219 1.171 1.204 1.184 1.151 1.139 1.259 1.241 1.286 1.266 1.329 1.314 0.674 0.469 0.936 0.919 0.871 0.806 0.829 0.784 0.756 0.751 0.776 0.756 0.779 0.796 0.791 1.001 1.389 1.489 0.871 1.131 1.299 3.936 2.099 1.596
1.271 1.491 1.271 1.381 1.556 1.261 1.216 1.523 1.621 1.568 1.658 1.603 1.496 1.488 1.378 1.441 1.323 1.403 1.353 1.296 1.561 1.351 1.478 1.391 1.324 1.244 1.201 1.221 1.256 1.226 1.221 1.196 1.249 1.261 1.276 1.221 1.219 1.274 1.254 1.084 1.046 1.009 0.969 1.016 0.976 1.014 1.101 1.194 1.119 1.131 1.184 1.349 1.336 0.854 0.459 0.856 0.924 0.861 0.831 0.824 0.791 0.801 0.826 0.751 0.769 0.886 1.044 0.916 0.879 0.869 0.826 1.249 1.301 2.081 4.564 1.541 1.509
1.376 1.461 1.438 1.361 1.288 1.341 1.336 1.471 1.398 1.586 1.593 1.381 1.493 1.481 1.406 1.418 1.266 1.373 1.431 1.586 1.566 1.421 1.243 1.289 1.174 1.194 1.141 1.241 1.316 1.336 1.264 1.249 1.259 1.269 1.276 1.259 1.216 1.019 1.076 1.039 1.006 0.964 0.964 0.921 0.946 0.949 0.951 1.101 1.096 1.101 1.156 1.301 1.299 0.951 0.449 0.826 0.949 0.879 0.869 0.861 0.814 0.801 0.711 0.806 0.861 0.979 0.876 0.831 0.814 0.844 1.721 1.844 1.544 2.609 1.579 1.431 1.464
1.246 1.488 1.428 1.313 1.263 1.336 1.376 1.418 1.573 1.703 1.591 1.328 1.553 1.518 1.736 1.641 1.656 1.531 1.463 1.328 1.303 1.448 1.226 1.251 1.154 1.199 1.194 1.231 1.256 1.246 1.224 1.264 1.251 1.254 1.381 1.334 1.306 1.049 0.904 0.949 0.971 0.954 0.934 0.949 0.944 1.006 0.929 1.129 1.121 1.071 1.079 1.196 1.289 1.036 0.449 0.776 0.986 0.906 0.921 0.996 0.876 0.781 0.696 0.909 0.766 0.809 0.889 0.969 1.079 1.146 1.301 5.089 3.841 2.581 1.734 1.404 1.364
1.273 1.398 1.373 1.446 1.351 1.471 1.476 1.623 1.776 1.631 1.591 1.633 1.573 1.371 1.398 1.576 1.723 1.486 1.316 1.226 1.243 1.281 1.236 1.279 1.199 1.149 1.166 1.159 1.211 1.151 1.201 1.116 1.234 1.299 1.359 1.416 1.289 1.004 0.941 0.964 0.969 0.961 0.971 0.954 0.964 0.991 0.961 1.226 1.171 0.976 1.006 1.134 1.226 1.184 0.474 0.724 1.014 0.951 0.999 0.956 0.866 0.771 0.779 1.211 0.799 0.921 0.989 0.989 1.039 1.019 1.066 2.349 2.269 1.829 1.306 1.319 1.289
1.301 1.378 1.281 1.341 1.518 1.466 1.523 1.708 1.678 1.378 1.333 1.403 1.328 1.466 1.271 1.598 1.386 1.341 1.321 1.271 1.263 1.231 1.206 1.194 1.201 1.086 1.029 1.094 1.069 0.959 0.954 0.999 1.151 1.256 1.316 1.366 1.196 0.934 0.929 0.984 0.969 0.964 1.009 0.986 0.949 0.941 1.014 1.194 1.154 0.979 1.026 1.076 1.129 1.211 0.514 0.654 1.061 0.946 0.911 0.904 0.916 1.236 0.851 0.879 0.921 1.491 2.469 1.621 1.046 1.099 1.156 1.176 1.209 1.231 1.161 1.326 2.434
1.516 1.351 1.301 1.451 1.318 1.461 1.511 1.513 1.391 1.463 1.326 1.443 1.523 1.386 1.338 1.361 1.343 1.313 1.328 1.243 1.263 1.141 1.111 1.014 0.901 0.926 0.859 0.896 0.901 0.929 0.916 0.949 1.021 1.239 1.279 1.349 1.136 0.956 0.994 1.004 1.009 1.011 0.971 0.989 0.966 0.986 1.131 1.104 1.059 1.059 1.171 1.089 1.149 1.246 1.296 1.286 1.261 0.951 0.891 0.891 1.001 0.934 0.959 0.984 0.999 1.481 1.801 1.596 1.146 1.174 1.194 1.201 1.286 1.521 2.221 2.664 1.726
1.346 1.453 1.318 1.413 1.426 1.451 1.451 1.353 1.353 1.453 1.386 1.543 1.368 1.366 1.323 1.276 1.296 1.271 1.226 1.156 1.256 0.928 0.868 0.844 0.886 0.916 0.876 0.896 0.876 0.881 0.924 0.956 0.941 1.049 1.214 1.226 1.169 1.106 1.096 1.164 1.149 1.139 1.059 1.049 1.106 1.144 1.241 1.436 1.229 1.209 1.246 1.236 1.271 1.309 2.691 1.156 1.694 1.679 0.931 1.086 1.061 1.089 1.129 1.894 1.236 1.311 1.774 1.264 1.161 1.221 1.234 1.109 2.299 3.234 4.196 2.961 1.261
1.471 1.471 1.378 1.393 1.578 1.591 1.493 1.528 1.483 1.316 1.371 1.413 1.233 1.338 1.343 1.321 1.326 1.253 1.223 1.186 1.138 0.951 0.891 0.844 0.846 0.851 0.844 0.964 0.919 0.866 0.944 0.929 0.961 0.996 1.204 1.191 1.269 1.241 1.264 1.254 1.281 1.266 1.249 1.306 1.219 1.186 1.259 2.036 3.751 1.539 1.256 1.254 1.259 1.259 1.514 1.319 1.656 1.824 0.966 1.104 1.114 1.189 1.221 2.854 1.764 1.334 1.241 1.196 1.189 1.134 0.781 0.716 0.834 2.181 1.706 1.371 1.266
1.478 1.371 1.283 1.378 1.411 1.511 1.638 1.646 1.468 1.281 1.286 1.226 1.166 1.088 1.096 1.098 1.201 1.271 1.228 1.196 1.156 0.946 0.886 0.931 0.846 0.811 0.866 0.896 0.886 0.949 0.981 0.984 1.011 1.114 1.176 1.216 1.271 1.309 1.334 1.311 1.246 1.221 1.309 1.219 1.159 1.471 1.594 1.851 1.856 1.409 2.406 1.284 1.241 1.286 0.906 0.699 1.201 1.414 0.986 1.041 1.171 1.254 1.366 1.339 1.201 1.219 1.174 1.114 1.001 0.746 0.701 0.659 0.841 1.344 1.416 1.544 1.704
1.363 1.433 1.531 1.493 1.423 1.493 1.536 1.401 1.271 1.316 1.198 1.236 1.001 0.871 0.926 1.056 0.973 1.251 1.248 1.218 0.991 0.926 0.821 0.844 0.886 0.849 0.874 1.011 1.071 1.106 1.244 1.151 1.161 1.176 1.271 1.194 1.199 1.214 1.221 1.209 1.296 1.269 1.394 1.239 1.206 2.486 2.706 1.851 1.864 3.241 2.526 1.476 1.346 1.241 0.874 0.674 1.109 1.139 1.011 0.991 1.111 1.199 1.226 1.184 1.136 1.119 1.254 0.839 0.534 0.976 1.071 0.714 0.834 1.631 1.761 1.691 1.699
1.383 1.393 1.476 1.443 1.493 1.428 1.481 1.453 1.191 1.106 1.068 0.958 0.846 0.828 0.896 0.958 0.963 1.101 1.226 1.243 1.048 0.906 0.841 0.879 0.861 0.881 0.926 1.116 1.114 1.079 1.094 1.194 1.394 1.239 1.231 1.164 1.211 1.211 1.264 1.374 1.361 1.274 1.399 1.264 1.251 1.314 1.161 1.584 2.859 3.604 3.009 1.779 1.491 1.311 1.039 0.726 1.021 1.021 1.074 1.069 1.121 1.119 1.121 1.151 1.016 0.854 2.154 2.316 0.854 1.051 0.939 1.231 1.376 1.351 1.469 1.591 1.679
