All_lidar/sz5985_DSM_2M.asc
ncols 500
nrows 500
xllcorner    459000
yllcorner    85000
cellsize     2
NODATA_value -9999
[rows 442 to 475 of 500, columns 308 to 384 of 500]
20.569 18.289 18.509 18.847 18.364 19.709 20.142 20.164 18.552 17.617 18.637 21.129 21.504 21.857 21.937 21.719 21.362 18.442 18.429 20.627 21.219 20.372 17.929 16.454 16.304 16.242 16.519 16.467 16.299 16.847 16.704 15.757 15.714 15.674 15.562 15.474 15.352 15.189 15.057 14.912 14.807 14.747 14.682 14.652 14.524 14.399 14.302 14.169 14.119 14.102 14.047 14.054 14.047 14.034 13.989 13.959 13.822 13.717 13.694 13.599 13.527 13.459 13.377 13.302 13.209 13.114 13.077 12.979 12.712 13.792 12.764 12.202 12.154 12.094 11.942 11.744 11.592
19.662 18.667 18.372 18.357 18.389 19.077 19.927 18.594 18.279 19.657 20.537 21.457 21.779 21.472 21.094 20.249 19.412 17.384 17.152 19.179 18.842 18.327 18.379 16.889 16.407 16.307 16.639 16.212 16.329 16.137 16.452 15.914 15.722 15.654 15.517 15.392 15.222 15.149 15.057 14.967 14.909 14.799 14.689 14.589 14.507 14.454 14.427 14.327 14.322 14.289 14.234 14.189 14.719 15.587 15.584 14.327 13.967 13.867 13.812 13.672 13.552 13.469 13.379 13.324 13.277 13.199 13.144 13.057 13.702 18.974 16.922 12.382 12.272 12.227 12.959 13.309 12.964
18.467 18.354 18.349 18.334 19.177 18.599 17.964 17.742 17.724 19.292 21.032 21.059 20.787 19.582 18.874 17.267 17.177 17.062 16.882 17.757 18.542 18.784 17.694 16.572 16.457 16.379 16.842 16.584 16.172 16.092 16.074 15.832 15.647 15.524 15.404 15.319 15.269 15.197 15.102 14.999 14.877 14.787 14.672 14.634 14.604 14.637 14.584 14.542 14.467 14.402 14.454 16.192 19.717 20.702 19.964 15.409 14.029 13.954 13.879 13.782 13.589 13.497 13.429 13.389 13.364 13.302 13.247 13.157 12.787 19.027 18.067 13.489 13.229 13.287 15.199 18.202 17.044
18.447 18.589 19.602 20.277 21.344 19.082 18.562 17.782 17.757 17.654 19.687 19.219 18.182 17.577 17.549 17.374 17.249 17.137 16.994 17.457 17.477 16.819 16.814 16.642 16.507 16.439 16.622 16.539 16.119 16.027 15.874 15.714 15.662 15.554 15.449 15.399 15.319 15.194 15.069 15.002 14.914 14.867 14.827 14.772 14.779 14.784 14.702 14.624 14.612 14.674 14.557 15.249 20.377 20.924 20.379 18.157 14.257 14.032 13.934 13.829 13.679 13.569 13.519 13.482 13.449 13.414 13.322 13.212 14.867 19.149 18.902 18.132 18.147 18.229 18.007 19.119 17.239
18.487 20.212 21.764 21.824 21.589 19.159 18.257 17.944 17.779 17.707 17.737 18.319 17.579 17.589 17.539 17.439 17.304 17.247 17.059 17.024 17.384 16.899 16.854 16.784 16.554 16.397 16.239 16.144 16.019 15.947 15.884 15.784 15.684 15.582 15.484 15.387 15.317 15.259 15.232 15.197 15.117 15.049 14.979 15.022 15.417 14.882 14.947 14.899 14.727 14.694 14.507 14.467 20.179 20.852 20.664 19.534 14.862 14.027 13.969 13.904 13.789 13.667 13.597 13.544 13.504 13.507 13.449 13.309 13.524 19.247 18.762 18.657 18.722 18.787 18.832 19.169 18.912
18.794 19.829 21.619 21.802 20.409 20.339 19.727 18.219 17.882 17.764 17.684 18.342 17.679 17.582 17.524 17.459 17.394 17.314 17.159 17.054 17.432 17.209 16.819 16.592 16.477 16.294 16.192 16.142 16.074 16.004 15.914 15.792 15.667 15.564 15.509 15.437 15.454 15.389 15.387 15.327 15.302 15.194 15.107 15.097 15.757 15.042 14.917 14.887 14.842 14.792 14.627 14.492 19.422 20.652 20.884 20.162 15.857 14.119 14.042 13.962 13.872 13.772 13.672 13.599 13.587 13.584 13.489 13.412 13.167 13.712 13.352 13.192 12.832 12.762 15.217 19.029 17.467
21.597 22.097 22.472 22.819 22.689 21.964 21.397 19.844 18.767 17.829 17.737 17.657 17.609 17.614 17.557 17.482 17.402 17.304 17.184 17.054 16.914 16.807 16.652 16.552 16.472 16.357 16.274 16.197 16.099 15.994 15.882 15.864 15.814 15.712 15.629 15.569 15.584 15.527 15.554 15.512 15.902 16.594 15.532 15.502 15.734 16.404 15.359 14.967 14.922 14.847 14.719 15.032 19.094 20.384 20.982 20.467 18.959 14.232 14.042 14.034 13.939 13.889 13.772 13.702 13.647 13.627 13.559 13.457 13.139 12.882 12.684 12.564 12.417 12.429 13.517 13.979 13.769
22.809 23.069 23.202 23.042 22.692 22.242 21.577 19.452 18.194 17.872 17.819 17.704 17.637 17.622 17.559 17.447 17.344 17.267 17.112 16.922 16.819 16.757 16.687 16.589 16.502 16.379 16.297 16.169 16.067 15.977 15.902 15.917 15.944 16.362 16.132 15.639 15.874 15.724 16.349 18.934 20.122 21.362 19.714 17.599 17.612 17.597 15.924 15.014 15.637 16.339 14.672 16.517 17.974 20.107 20.834 20.732 19.787 15.512 14.119 14.064 14.022 13.967 13.827 13.737 13.707 13.674 13.609 13.544 13.372 13.004 12.827 12.602 12.547 12.514 12.657 12.509 12.552
23.072 22.737 22.349 21.647 20.952 19.397 18.664 18.832 18.104 17.934 17.879 17.764 17.684 17.614 17.537 17.392 17.237 17.147 17.047 16.974 16.892 16.799 16.714 16.582 16.467 16.332 16.259 16.164 16.109 16.104 16.059 16.109 16.059 16.027 16.742 16.359 16.084 18.117 20.947 21.632 21.912 22.179 21.592 17.989 17.569 17.519 16.964 16.697 17.062 16.052 14.937 15.689 17.494 19.714 20.602 20.949 20.252 18.207 14.127 14.082 14.057 14.024 13.894 13.757 13.742 13.714 13.647 13.589 13.669 13.049 12.842 12.669 12.609 12.584 13.122 12.542 12.419
22.039 20.962 20.219 18.909 18.952 18.842 19.339 18.867 18.624 18.004 17.917 17.784 17.614 17.527 17.379 17.302 17.232 17.182 17.094 17.017 16.879 16.789 16.654 16.557 16.447 16.397 16.327 16.329 16.349 16.337 16.267 16.204 16.227 15.969 16.324 16.257 16.272 18.754 22.134 22.417 22.649 22.784 22.684 19.737 16.612 17.167 16.809 15.562 15.409 15.869 15.152 14.802 16.179 18.484 20.299 20.907 20.532 18.914 14.287 14.094 14.092 14.047 13.927 13.819 13.782 13.757 13.712 13.612 13.409 13.209 13.262 14.464 13.882 12.667 13.019 13.799 13.657
19.577 18.819 19.222 19.297 19.012 19.124 18.697 18.422 18.192 17.949 17.819 17.692 17.582 17.492 17.444 17.364 17.252 17.182 17.067 16.967 16.982 16.949 16.712 16.634 16.612 16.582 16.544 16.557 16.552 16.542 16.399 16.222 16.152 17.182 16.817 16.807 16.947 17.752 22.757 22.704 22.492 22.227 21.942 19.954 16.502 15.637 15.572 15.182 15.059 14.937 15.042 15.009 15.662 16.224 20.024 20.774 20.817 19.647 14.427 14.132 14.094 14.069 14.014 13.887 13.819 13.792 13.762 13.672 14.159 14.572 14.044 14.099 13.654 12.827 12.772 12.472 12.702
19.712 20.724 19.574 19.619 19.159 18.514 18.284 18.114 18.022 17.912 17.832 17.734 17.652 17.559 17.452 17.352 17.254 17.159 17.132 17.292 18.012 17.137 16.977 16.902 16.969 16.834 17.027 17.447 16.652 16.624 16.999 18.332 20.787 21.989 19.994 18.404 18.377 17.962 19.992 21.999 21.732 21.474 21.014 19.319 15.562 15.197 15.402 15.194 15.517 15.547 15.704 15.152 14.804 16.932 19.637 20.524 19.324 15.912 14.284 14.172 14.134 14.099 14.052 13.927 13.834 13.804 13.777 13.719 13.542 13.309 12.967 16.099 18.597 17.139 14.267 12.637 12.449
19.692 19.262 18.827 18.644 18.454 18.339 18.199 18.127 18.012 17.954 17.839 17.774 17.679 17.569 17.474 17.437 17.369 17.337 17.617 17.809 17.279 17.947 17.292 17.457 17.767 17.352 17.424 18.074 16.737 19.439 21.749 22.567 22.847 23.144 22.344 18.372 18.317 18.199 17.787 20.889 19.247 17.802 17.669 16.907 15.507 15.279 15.254 16.024 16.942 15.539 14.889 14.749 14.677 14.997 14.504 15.564 15.209 15.327 14.279 14.269 14.222 14.112 14.057 13.922 13.814 13.797 13.797 13.747 13.639 13.327 12.987 15.812 19.472 18.604 13.639 12.542 12.609
18.937 18.789 18.659 18.529 18.407 18.352 18.252 18.169 18.077 17.959 17.882 17.787 17.774 17.739 17.674 17.619 17.502 17.452 17.584 18.867 18.879 19.007 19.069 18.387 17.719 18.044 17.284 17.584 18.382 20.959 23.042 23.342 23.577 23.614 22.899 18.412 17.534 16.887 16.429 17.144 16.422 16.097 16.267 15.699 15.564 15.549 15.487 15.847 16.344 15.302 14.869 14.752 14.632 14.572 16.689 17.717 19.887 19.839 14.809 14.299 14.212 14.134 14.067 13.924 13.867 13.834 13.809 13.769 13.689 13.379 12.997 14.094 19.327 17.744 12.742 12.519 12.364
18.812 18.752 18.684 18.604 18.492 18.409 18.294 18.224 18.092 18.012 18.022 17.982 17.934 17.887 17.862 17.774 17.639 17.582 17.529 19.067 18.849 17.669 20.239 20.389 22.399 20.827 18.689 19.487 19.459 20.512 23.582 23.542 23.322 23.039 22.682 17.604 16.857 15.989 15.882 15.872 15.772 16.052 16.029 15.534 15.509 15.607 15.597 15.224 15.632 16.729 15.174 14.942 14.679 16.327 20.594 21.677 21.717 20.657 17.852 14.319 14.227 14.177 14.102 13.972 13.914 13.854 13.822 13.807 13.717 13.384 13.014 12.924 19.169 18.402 14.739 13.857 13.172
18.887 18.824 18.747 18.617 18.524 18.442 18.322 18.237 18.282 18.227 18.199 18.177 18.087 18.059 18.044 17.952 18.237 17.904 17.654 17.579 19.084 20.597 22.862 23.327 23.599 23.394 20.057 19.419 19.407 17.847 21.902 22.839 22.559 22.267 19.522 16.754 16.552 16.452 16.044 15.969 15.802 15.719 15.819 15.522 15.512 15.562 16.249 16.179 15.357 15.212 14.964 14.849 14.774 15.804 19.542 21.272 21.892 21.042 18.999 14.364 14.194 14.167 14.079 14.004 13.967 13.872 13.817 13.847 13.759 13.402 13.037 15.882 19.189 19.247 18.669 18.264 13.247
18.919 18.819 18.734 18.639 18.534 18.454 18.389 18.399 18.479 18.404 18.269 18.234 18.189 19.459 19.979 21.679 22.364 18.517 17.947 18.212 21.072 23.487 23.762 24.097 24.297 24.319 20.759 19.397 19.174 17.942 19.627 21.474 20.502 17.502 16.624 16.372 16.249 16.259 16.037 15.974 15.792 15.709 15.712 15.902 16.474 17.262 18.059 18.084 17.499 15.632 15.979 14.992 14.834 15.124 17.592 20.884 21.767 21.427 19.834 14.922 14.247 14.174 14.122 14.019 13.979 13.897 13.862 13.869 13.819 13.519 13.094 15.652 19.412 19.379 19.674 17.867 12.542
18.952 18.834 18.767 18.669 18.584 18.507 18.469 18.504 18.597 18.509 18.332 18.704 21.372 23.124 24.194 24.502 24.212 20.589 19.807 20.297 19.297 24.127 24.334 24.197 23.902 23.634 20.857 19.289 19.019 17.519 16.982 17.562 18.457 17.757 16.362 16.272 16.204 16.129 16.154 15.909 15.854 16.132 17.282 17.672 18.082 18.042 18.082 18.119 17.869 15.397 16.344 16.149 16.502 17.289 18.414 20.419 21.509 21.827 20.749 18.054 14.267 14.199 14.157 14.087 13.992 13.917 13.857 13.874 13.879 13.649 13.234 12.839 14.769 15.742 19.579 16.402 12.502
19.149 19.399 19.149 18.794 18.674 18.622 18.564 18.572 18.674 18.614 18.452 21.244 24.422 24.704 25.004 25.224 25.344 22.737 20.342 20.297 19.534 21.029 23.727 23.437 23.139 20.949 18.774 18.684 19.272 17.509 17.032 16.989 16.669 16.607 16.422 16.914 16.312 16.157 16.907 16.577 16.279 16.264 18.059 18.094 18.124 18.129 17.097 16.442 16.309 15.207 15.542 15.237 15.047 16.144 17.792 19.852 21.147 21.957 21.172 19.104 14.757 14.229 14.184 14.149 13.994 13.972 13.914 13.914 13.922 13.712 13.284 12.954 12.814 15.399 19.542 16.769 12.487
19.257 20.454 20.814 19.992 18.752 18.654 18.607 18.607 18.739 18.712 18.569 18.934 25.189 25.277 25.297 25.044 24.787 23.209 20.124 19.774 19.077 18.547 22.889 22.327 20.129 17.384 17.319 17.462 19.484 18.317 17.004 17.174 16.879 16.984 16.979 16.737 16.272 16.209 17.162 17.039 16.377 16.084 17.774 18.094 16.732 15.914 15.472 15.999 15.902 15.359 15.669 15.227 15.149 15.239 15.109 17.442 20.767 21.794 21.532 20.482 17.142 14.267 14.214 14.184 14.077 14.022 13.942 13.947 13.947 13.814 13.409 13.049 12.874 14.452 19.432 17.464 12.642
19.454 19.857 19.587 20.454 19.317 18.699 18.657 18.644 18.784 18.792 18.652 18.434 22.517 24.829 24.562 24.264 23.799 22.389 18.064 17.887 18.942 17.902 19.549 19.019 18.514 19.029 17.659 17.392 18.422 18.479 17.239 17.184 17.062 17.027 19.274 19.422 17.304 16.979 16.579 16.169 16.099 16.039 16.394 16.382 15.574 15.442 15.324 15.462 15.457 15.267 15.367 15.287 15.242 14.964 14.604 14.587 20.374 21.457 21.827 20.874 18.282 14.274 14.189 14.172 14.137 14.049 13.972 13.914 13.972 13.877 13.487 13.057 13.019 15.179 19.357 18.032 14.707
20.274 21.042 20.037 19.629 20.499 18.787 18.639 18.629 18.694 18.777 18.719 18.542 18.902 24.064 21.482 20.799 20.487 21.304 18.419 18.017 18.399 18.302 17.707 17.574 19.984 21.769 18.312 17.302 17.277 18.194 17.389 16.972 17.899 18.284 20.287 19.537 16.944 16.594 16.619 16.242 16.074 16.079 16.057 16.247 15.907 15.474 15.347 15.262 15.177 15.157 15.234 15.992 16.699 15.259 16.119 15.859 18.877 21.042 21.889 21.274 19.134 14.379 14.754 14.214 14.149 14.084 14.044 14.012 13.997 13.909 13.487 13.002 16.319 18.687 19.634 19.394 19.244
24.564 24.797 21.754 19.262 20.082 19.074 18.697 18.672 18.687 18.817 18.764 18.597 18.382 19.069 18.299 18.302 18.712 19.047 18.064 17.877 18.279 19.212 17.702 17.549 17.777 18.604 17.822 17.309 17.327 17.347 18.172 17.929 17.364 17.002 17.892 16.619 16.439 16.372 17.584 16.532 16.112 16.022 16.014 16.462 15.562 15.479 15.339 15.274 15.197 15.164 15.239 16.209 16.712 15.217 15.352 17.047 16.549 20.642 21.237 18.427 15.454 14.369 14.389 14.319 14.224 14.094 14.082 14.077 14.062 13.964 13.622 13.109 16.167 20.172 20.192 20.049 19.954
25.807 26.154 25.217 20.222 19.849 19.377 18.747 18.694 18.682 18.784 18.834 18.687 18.564 18.472 18.404 18.402 18.424 18.149 18.049 17.942 18.362 19.639 18.979 18.364 17.669 18.347 18.957 17.689 17.974 18.064 17.344 16.904 16.812 16.669 17.399 16.514 16.377 16.332 17.319 16.892 16.164 16.629 17.557 15.942 15.629 15.532 15.422 15.314 15.852 16.424 17.099 15.382 16.047 15.142 14.874 15.619 15.092 16.349 14.709 15.527 15.864 14.994 14.374 14.327 14.249 14.132 14.099 14.104 14.064 13.984 13.759 13.377 13.689 17.957 19.484 17.244 16.359
26.032 25.672 25.172 20.707 19.597 19.419 18.789 18.712 18.714 18.799 18.872 18.817 18.969 18.489 18.432 18.389 18.319 18.239 18.519 18.154 18.704 19.604 19.324 18.384 17.719 17.852 18.562 17.764 18.379 18.522 16.979 16.884 16.797 16.754 17.367 16.872 16.652 16.419 16.587 16.399 16.552 19.077 18.724 16.097 15.659 15.587 15.879 16.897 18.009 17.974 17.914 15.694 16.712 15.434 15.232 16.012 16.612 15.744 19.547 20.447 20.114 15.964 14.364 14.334 14.274 14.194 14.124 14.079 14.042 13.962 13.697 13.174 12.914 15.819 19.459 16.434 12.462
25.267 24.007 22.942 19.684 19.509 20.222 18.997 18.742 18.709 18.734 18.892 18.887 18.747 18.572 18.472 18.432 18.442 18.344 18.252 18.134 18.129 18.042 17.897 17.747 17.754 17.567 17.797 17.417 17.439 17.909 17.052 16.889 16.837 16.814 16.774 17.939 17.482 17.999 18.534 17.717 18.989 21.282 21.212 17.859 16.737 15.617 15.552 17.492 17.932 17.887 17.479 15.614 15.984 17.017 15.944 15.014 15.079 18.009 20.647 21.012 20.419 16.994 14.382 14.354 14.314 14.237 14.142 14.084 14.042 13.949 13.827 13.349 12.947 15.587 19.507 17.147 12.537
21.767 19.769 19.559 19.557 19.554 19.804 19.132 18.794 18.754 18.744 18.844 18.904 18.834 19.009 18.524 18.679 19.189 18.744 18.302 18.214 18.157 18.029 17.932 17.889 17.619 17.469 17.507 17.432 17.444 17.474 17.844 17.329 18.822 17.149 16.847 18.197 17.772 17.874 20.657 21.782 22.067 22.322 22.507 18.917 18.014 16.322 15.567 17.022 17.162 16.237 15.762 15.304 15.254 15.244 14.847 14.719 14.597 17.084 20.354 21.079 20.697 18.777 14.949 14.412 14.319 14.294 14.209 14.129 14.049 13.929 13.802 13.417 12.967 15.677 19.484 17.907 12.997
22.637 20.189 19.587 19.602 20.204 20.797 19.154 18.847 18.807 18.722 18.809 18.909 18.867 18.714 18.729 20.539 20.802 19.537 18.244 18.262 18.172 18.054 17.927 17.972 17.677 17.519 17.562 17.484 17.972 17.867 18.334 20.274 20.507 18.187 17.929 18.087 18.429 18.232 22.324 22.574 22.857 23.062 23.052 19.212 18.212 16.544 15.602 15.712 15.794 17.029 16.854 15.602 15.164 15.062 14.899 14.759 14.774 16.569 19.707 20.867 20.949 20.209 15.987 14.319 14.314 14.297 14.242 14.184 14.052 13.917 13.797 13.467 13.029 14.622 17.452 15.374 13.094
21.792 20.574 19.839 20.282 20.302 19.889 19.312 18.887 18.804 18.782 18.807 18.887 18.927 19.492 19.277 20.599 20.819 20.647 18.682 18.347 18.299 18.089 18.514 18.109 17.692 17.592 17.459 18.047 18.662 19.714 18.577 20.807 22.402 21.914 18.587 18.679 18.707 17.497 21.764 23.089 22.957 22.712 22.452 21.877 16.349 15.717 15.597 15.969 16.387 17.884 17.247 15.629 15.309 15.107 14.972 14.827 14.592 15.804 18.552 20.567 21.087 20.494 17.169 14.597 14.284 14.272 14.277 14.207 14.072 13.954 13.784 13.552 13.154 13.019 13.479 15.217 13.302
20.499 21.879 21.887 21.939 19.942 19.767 19.687 19.142 18.877 18.832 18.824 18.839 18.972 18.789 18.619 20.242 20.619 19.479 18.327 19.542 19.349 18.082 19.144 19.079 17.954 17.702 17.567 18.532 20.012 21.742 22.634 23.224 23.489 23.739 20.922 18.737 18.777 17.959 19.749 22.467 22.204 21.827 21.037 20.164 16.314 15.717 15.587 16.069 16.977 16.997 15.749 15.349 15.357 15.037 14.892 14.767 14.714 15.864 17.379 20.284 21.012 20.774 19.909 15.332 14.292 14.274 14.297 14.234 14.107 14.004 13.824 13.657 13.234 14.129 14.749 19.212 17.474
21.822 22.269 21.989 22.012 21.334 19.932 19.824 20.129 19.009 19.382 18.819 18.839 18.937 18.754 18.659 19.147 18.377 18.299 18.299 22.939 23.347 21.214 21.494 21.124 20.634 19.122 17.702 18.464 18.982 23.499 23.719 23.994 24.174 24.254 21.727 17.167 16.809 16.674 17.784 20.439 19.244 17.737 16.399 16.084 15.837 15.692 15.614 15.544 15.632 15.332 15.227 15.422 16.382 15.334 14.959 14.882 14.822 15.427 17.254 19.667 20.774 21.002 20.279 15.887 14.774 14.542 14.277 14.252 14.132 14.017 13.874 13.672 13.699 15.452 18.847 19.919 18.729
21.999 21.752 21.292 21.969 21.107 19.557 19.312 19.417 19.004 20.217 18.887 18.819 18.969 18.864 18.672 18.644 18.712 18.282 20.609 24.869 24.554 24.234 23.859 22.937 21.737 18.484 17.752 18.034 18.672 23.297 24.267 24.189 23.877 23.624 22.304 17.632 17.137 17.084 16.402 16.362 16.312 16.499 16.224 16.012 15.824 15.709 15.564 15.414 15.304 15.179 15.167 15.514 16.372 15.317 15.029 14.927 14.837 14.902 15.882 18.377 20.497 21.072 20.557 16.922 14.467 14.317 14.269 14.259 14.144 14.037 13.879 13.927 14.102 17.452 19.772 19.827 19.597
19.924 20.822 21.177 21.702 23.654 21.344 19.404 19.282 19.082 18.999 18.874 18.822 18.887 18.914 18.722 18.617 18.342 18.279 22.859 25.062 25.157 24.999 24.624 23.727 19.257 17.974 19.189 19.632 19.524 19.442 23.639 23.397 23.127 21.917 19.947 16.899 17.479 16.497 16.382 16.374 16.339 16.264 16.047 15.917 15.794 15.619 15.489 15.384 15.262 15.204 15.182 15.369 15.654 15.247 15.092 15.517 15.217 14.594 14.534 17.619 20.212 18.299 16.259 14.614 14.334 14.387 14.552 14.199 14.142 14.052 13.919 13.807 14.169 14.614 18.259 18.362 19.527
19.877 20.714 25.017 25.917 25.014 22.997 19.467 19.359 19.959 19.014 18.887 18.837 18.789 18.862 18.822 19.072 19.254 19.437 24.027 24.359 24.684 24.982 25.154 23.619 18.229 18.202 19.682 19.769 19.782 18.614 22.114 20.342 19.602 17.759 16.894 16.729 16.554 16.454 16.414 16.354 16.229 16.174 16.127 16.589 16.307 15.564 15.512 15.404 15.324 15.274 15.247 15.289 15.569 15.642 15.089 15.134 14.927 14.534 14.447 14.764 14.517 14.419 14.379 14.274 14.557 15.247 14.824 14.199 14.149 14.082 13.989 13.732 13.959 13.134 13.439 13.917 17.112
