All_lidar/sz5985_DSM_2M.asc
ncols 500
nrows 500
xllcorner    459000
yllcorner    85000
cellsize     2
NODATA_value -9999
[rows 408 to 441 of 500, columns 77 to 153 of 500]
2.029 2.291 2.641 1.936 2.636 1.221 2.661 2.909 2.449 3.449 3.056 2.329 2.496 2.554 3.286 3.189 3.424 3.174 2.409 1.994 1.906 1.931 1.979 2.051 2.061 2.099 2.139 2.121 2.121 2.199 2.241 2.261 2.291 2.259 2.276 2.311 2.319 2.339 2.301 2.304 2.286 2.314 2.326 2.316 2.299 2.279 2.271 2.301 2.294 2.226 2.324 2.774 2.711 2.924 2.996 3.249 3.034 2.649 2.531 2.274 1.919 2.009 2.544 2.596 2.449 2.291 2.339 2.146 2.206 2.264 2.361 2.454 2.961 2.946 3.606 5.109 5.824
1.904 2.346 2.554 3.021 2.981 1.169 2.921 3.376 3.096 3.759 3.776 3.026 3.359 3.314 3.406 3.334 3.326 2.661 1.991 1.914 1.969 1.994 2.021 2.079 2.099 2.154 2.176 2.154 2.209 2.231 2.279 2.321 2.344 2.344 2.339 2.351 2.369 2.399 2.366 2.346 2.329 2.356 2.386 2.366 2.371 2.381 2.331 2.341 2.326 2.279 2.334 2.484 2.836 3.091 3.219 3.359 3.161 2.919 2.869 2.669 2.329 2.439 2.909 2.906 2.624 2.389 2.321 2.316 2.421 2.376 2.416 2.501 2.951 2.319 4.416 6.129 6.536
1.774 2.546 4.079 1.636 2.166 1.241 3.434 3.601 4.081 5.064 4.429 3.169 3.641 3.591 3.256 3.444 3.251 2.161 1.944 1.966 2.039 2.081 2.084 2.119 2.181 2.221 2.234 2.244 2.239 2.274 2.351 2.376 2.374 2.424 2.426 2.406 2.406 2.424 2.454 2.414 2.389 2.404 2.429 2.429 2.394 2.411 2.389 2.389 2.369 2.344 2.339 2.426 3.081 3.249 3.451 3.324 3.111 3.091 3.109 2.926 3.079 2.999 2.874 2.706 2.514 2.491 2.416 2.424 2.364 2.359 2.691 4.174 3.994 2.976 3.341 5.109 5.489
1.441 1.654 2.519 3.081 3.549 2.311 4.054 3.941 4.331 4.349 4.046 3.356 3.534 3.141 3.316 3.229 2.489 1.954 1.949 2.039 2.064 2.096 2.164 2.194 2.249 2.256 2.284 2.281 2.301 2.336 2.394 2.424 2.439 2.451 2.461 2.464 2.459 2.514 2.501 2.494 2.484 2.456 2.514 2.544 2.499 2.449 2.469 2.454 2.421 2.424 2.374 2.441 2.804 3.189 3.059 3.006 2.996 3.416 3.501 3.176 3.044 3.041 2.604 2.584 2.669 2.581 2.514 2.494 2.464 2.476 3.596 5.106 4.646 2.321 3.021 6.479 6.939
1.401 2.851 1.926 1.666 2.694 1.769 3.194 2.954 4.481 4.934 4.311 3.446 2.824 3.124 3.144 3.234 2.149 1.954 2.031 2.069 2.134 2.146 2.194 2.226 2.284 2.334 2.381 2.366 2.354 2.416 2.451 2.454 2.484 2.521 2.549 2.546 2.529 2.554 2.586 2.571 2.546 2.544 2.554 2.604 2.591 2.536 2.529 2.509 2.494 2.504 2.471 2.464 2.561 3.071 2.921 3.144 3.321 3.486 3.366 2.911 2.779 2.691 2.719 2.989 2.844 2.931 3.004 3.661 3.509 3.229 4.129 3.754 2.539 2.104 3.441 5.881 6.396
1.426 2.359 2.636 1.456 3.074 2.604 2.511 3.249 4.331 4.674 4.179 3.674 3.351 3.284 3.306 2.631 2.039 2.044 2.081 2.101 2.169 2.214 2.204 2.266 2.334 2.391 2.436 2.436 2.446 2.471 2.501 2.531 2.566 2.596 2.611 2.616 2.616 2.644 2.654 2.649 2.634 2.614 2.631 2.676 2.666 2.624 2.606 2.606 2.591 2.586 2.564 2.514 2.534 2.644 2.911 3.216 3.439 3.226 2.784 2.599 2.589 2.724 3.094 3.324 2.966 3.176 4.311 5.351 4.751 3.944 2.829 2.469 2.234 2.284 2.534 5.026 8.191
1.421 3.306 3.281 1.714 2.549 2.441 3.726 4.081 4.464 4.326 4.029 3.659 3.611 3.619 3.061 2.176 2.016 2.104 2.114 2.144 2.226 2.269 2.299 2.346 2.394 2.431 2.494 2.504 2.524 2.539 2.574 2.609 2.639 2.669 2.674 2.711 2.699 2.731 2.751 2.751 2.711 2.721 2.684 2.769 2.741 2.739 2.701 2.711 2.659 2.671 2.639 2.609 2.589 2.634 2.791 3.086 3.109 2.726 2.599 2.554 2.756 2.876 3.346 3.494 3.726 3.689 2.856 3.134 2.641 2.661 2.469 2.176 2.281 2.434 5.476 7.466 7.181
1.476 3.491 3.204 1.314 4.374 4.014 2.836 3.174 3.644 4.114 4.734 4.189 3.829 3.596 2.609 2.034 2.084 2.174 2.184 2.201 2.301 2.359 2.364 2.384 2.431 2.491 2.544 2.579 2.596 2.601 2.624 2.681 2.734 2.746 2.751 2.781 2.769 2.789 2.831 2.814 2.811 2.834 2.814 2.856 2.849 2.836 2.794 2.764 2.749 2.731 2.711 2.689 2.684 2.649 2.666 2.666 2.661 2.554 2.591 2.749 2.829 2.999 3.636 3.991 6.044 4.754 3.169 2.216 2.109 2.484 2.381 2.526 2.386 2.766 3.831 6.524 7.079
1.631 4.721 2.276 1.554 3.819 3.799 2.656 4.561 4.464 4.776 4.696 4.216 3.834 3.501 2.174 2.049 2.149 2.221 2.264 2.306 2.361 2.421 2.426 2.451 2.501 2.571 2.616 2.679 2.686 2.681 2.699 2.754 2.804 2.816 2.821 2.851 2.846 2.864 2.884 2.904 2.894 2.894 2.884 2.909 2.864 2.884 2.856 2.796 2.796 2.816 2.794 2.744 2.759 2.751 2.731 2.724 2.724 2.656 2.794 2.839 2.881 3.181 3.539 5.039 3.696 2.434 2.131 2.119 2.244 2.319 2.209 2.339 2.349 4.289 4.374 5.016 5.361
1.669 4.026 5.264 3.596 3.976 3.464 3.679 2.644 4.084 5.054 4.689 4.241 3.484 2.521 1.981 2.104 2.199 2.249 2.296 2.319 2.366 2.439 2.469 2.521 2.566 2.636 2.694 2.734 2.744 2.749 2.774 2.839 2.876 2.919 2.914 2.916 2.876 2.921 2.964 2.974 2.964 2.941 2.929 2.956 2.944 2.939 2.939 2.911 2.914 2.861 2.839 2.816 2.841 2.856 2.851 2.774 2.749 2.796 2.951 3.101 3.216 3.666 3.861 4.139 3.319 2.094 2.089 2.161 2.214 2.269 2.219 2.251 4.049 5.459 4.881 4.796 4.739
1.981 2.531 2.271 2.806 3.261 2.829 3.414 4.134 4.306 4.356 4.339 3.741 3.069 2.071 2.026 2.184 2.236 2.291 2.349 2.371 2.409 2.471 2.524 2.566 2.604 2.631 2.726 2.786 2.796 2.814 2.861 2.911 2.946 2.956 2.991 2.994 2.986 3.004 3.016 3.029 3.051 3.051 3.034 3.011 3.031 3.034 3.001 2.986 2.946 2.926 2.924 2.914 2.924 2.914 2.931 2.854 2.829 2.996 3.206 3.259 3.831 4.546 4.671 3.656 2.809 4.091 2.369 2.086 2.219 2.101 2.221 2.456 3.279 3.914 4.236 4.734 4.266
2.654 2.571 3.139 3.121 3.271 3.071 3.456 3.536 3.621 3.921 3.484 3.026 2.374 2.016 2.074 2.191 2.246 2.324 2.394 2.399 2.469 2.521 2.584 2.621 2.664 2.704 2.779 2.866 2.866 2.861 2.894 2.934 2.964 3.024 3.039 3.046 3.039 3.059 3.059 3.084 3.101 3.131 3.099 3.054 3.101 3.116 3.074 3.039 3.016 3.021 3.006 3.014 2.976 2.956 2.974 2.901 2.934 3.041 3.494 4.864 5.289 4.936 4.979 5.906 4.984 2.771 2.476 2.319 2.179 2.186 2.336 2.584 3.559 4.446 5.174 5.121 5.046
2.376 2.926 2.936 3.009 3.176 3.346 3.979 4.046 3.809 3.586 3.041 2.334 2.024 2.044 2.129 2.229 2.314 2.404 2.439 2.456 2.514 2.551 2.631 2.649 2.706 2.744 2.831 2.864 2.901 2.921 2.951 2.971 3.019 3.066 3.099 3.119 3.099 3.111 3.129 3.154 3.179 3.159 3.144 3.149 3.171 3.184 3.161 3.116 3.129 3.129 3.139 3.084 3.074 3.104 3.051 3.006 2.999 3.151 4.234 5.684 6.289 4.924 4.404 6.014 7.604 3.766 2.441 2.431 2.569 2.176 2.214 2.626 5.181 6.576 5.576 6.196 6.031
2.126 2.449 1.874 3.849 4.024 4.459 3.034 3.949 4.024 3.496 2.846 2.106 2.031 2.101 2.161 2.234 2.309 2.399 2.451 2.506 2.529 2.569 2.651 2.681 2.729 2.769 2.844 2.889 2.924 2.981 2.961 2.999 3.054 3.109 3.254 3.144 3.141 3.164 3.176 3.216 3.234 3.226 3.229 3.249 3.239 3.229 3.216 3.214 3.241 3.239 3.239 3.254 3.209 3.194 3.121 3.026 2.986 3.264 4.414 5.521 6.021 4.851 3.961 5.349 5.566 2.939 2.679 2.386 2.394 2.191 2.331 2.726 3.769 4.946 4.671 5.391 5.474
2.844 3.229 1.996 4.274 4.669 3.284 3.684 4.286 4.726 3.549 2.459 2.054 2.101 2.161 2.191 2.281 2.321 2.404 2.459 2.539 2.546 2.616 2.661 2.714 2.746 2.811 2.869 2.916 2.981 3.029 3.036 3.049 3.104 3.146 3.159 3.169 3.249 3.224 3.221 3.261 3.299 3.299 3.316 3.319 3.324 3.294 3.291 3.281 3.269 3.306 3.336 3.316 3.254 3.264 3.199 3.111 3.051 3.259 4.124 4.944 5.374 4.626 3.691 4.014 5.774 2.986 2.329 2.294 2.226 2.284 2.551 3.534 3.099 3.826 3.556 3.781 5.156
3.011 4.436 2.631 3.584 4.339 4.234 6.701 3.904 3.731 3.544 2.341 2.034 2.111 2.181 2.241 2.296 2.354 2.431 2.494 2.559 2.574 2.616 2.706 2.774 2.849 2.871 2.914 2.961 3.009 3.046 3.114 3.101 3.149 3.181 3.209 3.266 3.394 3.321 3.329 3.356 3.371 3.401 3.374 3.399 3.379 3.394 3.351 3.321 3.399 3.401 3.379 3.321 3.309 3.296 3.259 3.206 3.114 3.154 3.621 4.136 4.201 3.984 4.081 4.141 4.961 4.571 2.546 2.319 2.309 2.329 2.449 3.471 3.246 3.474 4.316 3.941 4.726
3.589 2.776 1.979 2.081 2.899 4.441 4.159 3.664 3.639 3.234 2.244 2.059 2.141 2.191 2.219 2.274 2.341 2.419 2.514 2.576 2.631 2.671 2.761 2.819 2.859 2.886 2.931 2.989 3.049 3.096 3.164 3.154 3.211 3.229 3.251 3.349 3.451 3.439 3.344 3.379 3.421 3.474 3.461 3.464 3.464 3.431 3.461 3.504 3.491 3.436 3.441 3.399 3.371 3.361 3.306 3.271 3.176 3.169 3.209 3.854 3.916 3.719 3.754 4.061 4.654 4.444 3.551 2.579 2.374 2.699 2.994 3.176 3.579 3.779 3.541 3.826 4.579
1.354 1.986 2.219 2.049 4.029 4.014 2.729 3.764 3.429 2.749 2.101 2.109 2.174 2.244 2.286 2.326 2.389 2.461 2.514 2.584 2.649 2.709 2.801 2.854 2.911 2.961 3.006 3.056 3.104 3.161 3.199 3.221 3.264 3.306 3.344 3.391 3.394 3.411 3.426 3.464 3.501 3.476 3.506 3.526 3.531 3.546 3.586 3.611 3.576 3.521 3.489 3.459 3.416 3.386 3.374 3.331 3.224 3.219 3.196 3.676 3.986 3.696 3.609 3.946 4.671 4.686 5.441 2.694 2.871 3.106 4.159 3.346 3.986 4.026 3.706 3.966 4.974
1.524 1.944 3.681 2.739 3.324 3.636 2.706 3.234 2.871 2.401 2.066 2.131 2.199 2.244 2.306 2.351 2.396 2.471 2.564 2.624 2.689 2.726 2.801 2.861 2.946 2.966 3.014 3.094 3.131 3.201 3.239 3.291 3.306 3.341 3.386 3.451 3.476 3.474 3.511 3.536 3.564 3.539 3.501 3.594 3.644 3.649 3.654 3.666 3.619 3.604 3.584 3.511 3.506 3.464 3.456 3.401 3.314 3.279 3.259 3.771 4.074 3.849 3.729 3.706 4.031 4.931 4.519 3.616 3.741 3.529 4.846 4.179 4.869 3.706 3.714 4.021 4.451
1.684 2.061 4.901 3.589 3.039 2.999 3.251 3.296 2.769 2.196 2.089 2.176 2.214 2.264 2.319 2.376 2.429 2.501 2.576 2.654 2.714 2.746 2.831 2.894 2.969 3.029 3.076 3.129 3.189 3.241 3.284 3.306 3.319 3.359 3.421 3.479 3.541 3.534 3.554 3.544 3.526 3.551 3.621 3.691 3.734 3.729 3.724 3.719 3.694 3.666 3.616 3.586 3.579 3.556 3.486 3.449 3.366 3.319 3.279 3.581 4.129 4.141 3.859 3.839 4.551 5.106 3.909 3.979 3.951 4.061 3.646 7.021 10.156 4.311 5.416 5.441 4.254
1.779 2.886 3.784 4.584 4.066 3.386 3.491 3.169 2.726 2.121 2.109 2.201 2.234 2.281 2.351 2.406 2.459 2.526 2.606 2.699 2.806 2.799 2.844 2.929 3.004 3.066 3.121 3.154 3.221 3.309 3.356 3.349 3.379 3.401 3.456 3.516 3.591 3.591 3.606 3.586 3.684 3.724 3.716 3.774 3.779 3.784 3.796 3.804 3.784 3.729 3.709 3.684 3.654 3.619 3.556 3.474 3.444 3.366 3.329 3.559 4.199 4.274 4.326 4.281 5.209 4.106 3.629 4.204 4.174 3.734 3.614 7.131 8.761 3.901 9.009 9.159 4.104
2.036 3.201 3.999 3.969 3.829 3.909 3.554 3.066 2.451 2.086 2.181 2.229 2.254 2.321 2.361 2.416 2.471 2.521 2.821 3.309 3.616 3.226 2.886 2.961 3.041 3.094 3.131 3.211 3.251 3.336 3.379 3.384 3.426 3.426 3.489 3.551 3.581 3.601 3.599 3.624 3.684 3.706 3.779 3.804 3.836 3.839 3.821 3.844 3.834 3.809 3.781 3.761 3.701 3.661 3.611 3.524 3.516 3.421 3.369 3.479 4.119 4.364 4.344 4.416 4.716 4.511 4.114 4.334 4.411 3.944 3.654 4.049 4.329 5.206 8.626 4.404 4.186
2.566 4.154 4.004 4.526 4.286 3.901 3.579 3.051 2.304 2.091 2.176 2.274 2.306 2.344 2.414 2.451 2.486 3.084 4.016 4.334 4.149 3.334 2.911 2.979 3.036 3.114 3.156 3.216 3.271 3.341 3.384 3.426 3.441 3.469 3.519 3.556 3.599 3.581 3.599 3.706 3.779 3.799 3.804 3.864 3.864 3.884 3.874 3.904 3.909 3.916 3.889 3.826 3.761 3.701 3.664 3.644 3.594 3.486 3.401 3.501 4.191 4.501 4.416 4.161 4.074 3.896 3.661 3.894 4.431 4.216 3.956 4.044 6.499 3.869 4.376 3.984 4.229
3.041 3.411 4.154 4.399 4.669 4.221 3.424 2.866 2.251 2.144 2.216 2.266 2.316 2.356 2.406 2.484 2.676 3.666 4.189 4.219 4.161 3.649 2.914 2.979 3.066 3.136 3.191 3.256 3.294 3.351 3.416 3.466 3.506 3.519 3.536 3.556 3.554 3.621 3.714 3.774 3.819 3.874 3.889 3.956 3.946 3.934 3.941 3.944 3.974 3.989 3.934 3.899 3.851 3.801 3.771 3.709 3.674 3.596 3.499 3.519 4.164 4.424 4.209 4.114 4.251 3.784 4.509 5.951 4.569 4.536 4.244 4.324 6.591 4.624 5.394 4.494 7.036
4.156 4.241 3.504 4.449 4.564 3.944 3.369 2.679 2.181 2.134 2.219 2.324 2.356 2.414 2.469 2.524 2.779 3.656 3.976 3.889 3.526 2.956 2.939 2.994 3.074 3.169 3.249 3.291 3.344 3.394 3.411 3.494 3.529 3.529 3.529 3.549 3.576 3.699 3.804 3.841 3.879 3.944 3.949 3.991 4.009 3.984 3.994 4.001 4.019 4.024 3.999 3.961 3.934 3.894 3.861 3.791 3.781 3.694 3.609 3.616 4.156 4.569 4.584 4.529 4.369 3.859 4.494 6.034 5.176 4.661 4.639 6.816 7.544 6.121 4.121 4.766 8.691
5.049 4.436 3.296 4.336 4.361 3.646 3.251 2.516 2.174 2.189 2.236 2.294 2.364 2.429 2.479 2.529 2.649 2.796 3.099 3.044 2.896 2.926 2.956 3.019 3.094 3.176 3.226 3.276 3.339 3.401 3.436 3.521 3.549 3.494 3.491 3.559 3.691 3.781 3.876 3.926 3.919 3.969 3.964 3.999 4.046 4.056 4.026 4.049 4.051 4.081 4.051 4.021 4.016 4.001 3.924 3.891 3.834 3.786 3.706 3.644 3.884 4.459 4.716 4.684 4.596 3.849 3.619 4.504 5.649 5.149 6.111 4.856 5.911 3.979 4.026 4.264 5.584
4.774 3.864 3.841 4.169 4.174 3.604 3.026 2.364 2.146 2.206 2.291 2.311 2.366 2.451 2.504 2.576 2.626 2.671 2.704 2.799 2.866 2.941 2.984 3.029 3.066 3.149 3.234 3.281 3.381 3.421 3.479 3.511 3.556 3.504 3.521 3.639 3.749 3.811 3.861 3.901 3.946 3.934 3.964 4.039 4.109 4.116 4.131 4.144 4.184 4.206 4.244 4.331 4.201 4.136 4.086 4.009 3.964 3.876 3.824 3.694 3.694 4.244 4.814 4.836 4.894 4.564 4.366 4.374 4.984 5.031 5.286 4.664 4.564 4.034 4.136 5.046 4.739
4.619 3.491 3.864 4.319 4.171 3.654 2.934 2.374 2.226 2.224 2.316 2.349 2.414 2.446 2.491 2.584 2.619 2.674 2.766 2.829 2.844 2.939 3.001 3.059 3.069 3.146 3.211 3.314 3.386 3.414 3.481 3.494 3.499 3.531 3.639 3.746 3.804 3.886 3.939 4.091 4.264 4.221 4.236 4.261 4.169 4.206 4.346 4.469 4.559 4.964 5.719 5.464 4.801 4.754 5.239 4.671 4.251 4.154 3.951 3.769 3.679 3.889 4.461 4.919 5.206 5.446 5.394 5.256 5.361 5.266 6.744 5.589 5.409 4.099 4.344 4.574 4.614
3.664 3.334 3.594 4.034 3.669 2.399 2.464 2.361 2.304 2.316 2.321 2.399 2.449 2.511 2.549 2.586 2.621 2.709 2.766 2.799 2.896 2.934 3.004 3.029 3.096 3.179 3.269 3.319 3.401 3.426 3.444 3.449 3.549 3.726 3.819 3.976 3.909 4.026 4.311 4.526 4.761 4.649 4.766 4.706 4.719 4.351 5.424 5.916 6.149 6.309 6.534 5.869 6.159 6.129 5.491 5.691 5.941 5.644 4.759 4.031 3.786 3.666 3.806 4.411 5.139 5.936 6.036 5.804 5.494 5.051 5.876 5.919 7.521 5.306 5.044 4.916 4.989
3.504 3.381 3.366 3.304 3.159 2.289 2.219 2.516 2.709 2.741 2.396 2.416 2.454 2.476 2.574 2.624 2.674 2.771 2.796 2.854 2.911 3.016 3.064 3.104 3.096 3.221 3.304 3.361 3.401 3.444 3.494 3.564 3.941 4.299 4.104 4.311 5.241 5.264 5.091 5.046 5.726 6.231 5.739 4.899 6.056 6.619 5.464 4.924 7.286 6.184 7.029 6.036 7.064 6.549 4.921 5.804 5.486 5.809 5.239 4.691 4.374 3.921 3.636 3.749 4.901 5.874 5.949 5.526 5.374 6.261 5.916 6.556 7.926 5.079 5.241 5.636 4.976
3.364 3.306 3.226 2.979 2.469 2.319 2.424 2.799 3.119 3.349 2.656 2.449 2.524 2.566 2.654 2.696 2.759 2.774 2.834 2.884 2.946 3.054 3.089 3.161 3.241 3.434 3.419 3.466 3.516 3.561 3.656 4.066 4.561 4.816 4.709 5.321 6.064 6.074 6.644 6.396 6.436 6.529 6.689 5.764 6.576 5.069 5.334 6.224 5.371 5.529 7.901 6.171 5.614 6.566 6.881 6.886 5.986 5.671 5.449 5.161 5.086 4.786 4.261 3.734 3.909 4.989 5.601 5.494 5.779 7.069 6.624 6.804 8.649 6.396 6.364 5.739 5.199
3.564 3.026 3.056 2.941 2.491 2.301 2.431 2.894 3.586 3.699 3.219 2.696 2.544 2.636 2.674 2.714 2.801 2.826 2.889 2.939 3.009 3.161 3.166 3.289 3.411 3.494 3.521 3.529 3.601 3.871 4.199 4.661 5.001 4.846 5.826 5.389 6.414 4.791 6.934 5.149 4.686 5.251 5.241 5.419 5.411 5.786 5.371 4.719 4.704 5.229 6.284 6.166 5.756 7.909 8.184 6.361 6.346 5.729 5.641 5.604 5.554 4.874 4.934 4.381 3.866 4.294 5.159 5.289 4.889 5.716 7.026 6.971 7.194 6.974 6.074 5.821 5.669
2.921 3.496 3.526 3.149 2.721 2.424 2.534 2.854 3.381 3.449 3.204 2.744 2.549 2.639 2.701 2.744 2.826 2.861 2.951 3.019 3.116 3.221 3.296 3.369 3.434 3.496 3.554 3.644 4.091 4.579 4.659 5.291 5.841 6.611 5.079 5.231 5.016 4.969 4.474 5.454 4.946 5.736 6.541 5.996 5.474 5.669 7.374 5.424 4.889 4.911 6.159 6.861 6.954 8.171 6.946 5.779 6.364 6.674 6.134 6.004 5.619 4.986 5.179 5.116 3.909 3.984 4.689 4.819 6.471 5.721 6.049 6.259 5.269 5.624 5.069 5.051 5.051
2.624 3.201 3.399 3.096 2.736 3.036 3.059 3.324 3.211 3.419 3.211 2.774 2.661 2.729 2.741 2.756 2.829 2.929 3.036 3.099 3.211 3.309 3.334 3.416 3.511 3.576 3.691 4.209 4.401 4.524 5.331 6.056 5.924 5.056 4.424 4.954 5.839 5.131 6.549 5.484 6.049 5.051 5.646 5.556 5.844 5.481 6.506 5.181 4.791 5.081 6.096 6.686 7.039 7.431 7.054 5.806 6.006 7.709 6.954 6.244 5.904 5.541 5.211 5.836 4.269 4.056 4.401 5.264 5.594 5.991 5.326 5.394 4.739 4.984 4.899 5.029 5.056
