All_lidar/sz5993_DSM_2M.asc
ncols 500
nrows 500
xllcorner    459000
yllcorner    93000
cellsize     2
NODATA_value -9999
[rows 416 to 447 of 500, columns 0 to 71 of 500]
-0.803 -0.823 -0.783 -0.78 -0.793 -0.78 -0.768 -0.733 -0.723 -0.753 -0.725 -0.72 -0.72 -0.718 -0.72 -0.715 -0.765 -0.728 -0.708 -0.74 -0.74 -0.728 -0.73 -0.718 -0.708 -0.705 -0.72 -0.718 -0.738 -0.73 -0.708 -0.728 -0.733 -0.715 -0.698 -0.72 -0.693 -0.71 -0.73 -0.703 -0.713 -0.69 -0.713 -0.708 -0.713 -0.733 -0.728 -0.74 -0.7 -0.693 -0.695 -0.675 -0.708 -0.71 -0.708 -0.715 -0.693 -0.72 -0.725 -0.71 -0.698 -0.683 -0.685 -0.71 -0.673 -0.713 -0.72 -0.725 -0.713 -0.7 -0.703 -0.698
-0.795 -0.81 -0.79 -0.795 -0.77 -0.768 -0.8 -0.773 -0.76 -0.738 -0.673 -0.723 -0.718 -0.71 -0.718 -0.693 -0.728 -0.693 -0.7 -0.705 -0.733 -0.728 -0.743 -0.738 -0.713 -0.71 -0.695 -0.723 -0.735 -0.728 -0.695 -0.715 -0.738 -0.725 -0.693 -0.738 -0.705 -0.7 -0.7 -0.703 -0.703 -0.685 -0.703 -0.7 -0.68 -0.72 -0.708 -0.743 -0.705 -0.688 -0.665 -0.693 -0.695 -0.698 -0.69 -0.69 -0.705 -0.7 -0.69 -0.693 -0.71 -0.693 -0.668 -0.683 -0.683 -0.728 -0.703 -0.678 -0.693 -0.693 -0.713 -0.715
-0.77 -0.765 -0.728 -0.76 -0.755 -0.763 -0.793 -0.75 -0.755 -0.733 -0.723 -0.733 -0.7 -0.733 -0.703 -0.698 -0.698 -0.73 -0.733 -0.71 -0.735 -0.678 -0.688 -0.703 -0.688 -0.703 -0.715 -0.683 -0.693 -0.723 -0.7 -0.695 -0.725 -0.69 -0.708 -0.74 -0.7 -0.7 -0.705 -0.713 -0.715 -0.678 -0.703 -0.683 -0.67 -0.665 -0.683 -0.7 -0.665 -0.71 -0.7 -0.718 -0.708 -0.685 -0.688 -0.675 -0.67 -0.68 -0.733 -0.68 -0.708 -0.715 -0.685 -0.685 -0.69 -0.698 -0.683 -0.688 -0.698 -0.69 -0.7 -0.668
-0.733 -0.765 -0.743 -0.723 -0.738 -0.728 -0.733 -0.713 -0.75 -0.73 -0.725 -0.723 -0.725 -0.72 -0.705 -0.648 -0.71 -0.68 -0.713 -0.688 -0.673 -0.668 -0.685 -0.7 -0.69 -0.685 -0.713 -0.733 -0.688 -0.67 -0.693 -0.695 -0.698 -0.698 -0.675 -0.7 -0.693 -0.703 -0.715 -0.723 -0.703 -0.683 -0.695 -0.658 -0.665 -0.655 -0.71 -0.708 -0.673 -0.653 -0.663 -0.675 -0.673 -0.69 -0.685 -0.685 -0.653 -0.665 -0.67 -0.688 -0.695 -0.678 -0.66 -0.698 -0.68 -0.725 -0.668 -0.675 -0.653 -0.66 -0.673 -0.65
-0.735 -0.743 -0.733 -0.723 -0.728 -0.728 -0.723 -0.7 -0.695 -0.7 -0.7 -0.695 -0.725 -0.69 -0.688 -0.693 -0.708 -0.683 -0.685 -0.695 -0.693 -0.678 -0.673 -0.678 -0.668 -0.7 -0.683 -0.72 -0.688 -0.673 -0.713 -0.685 -0.673 -0.658 -0.69 -0.693 -0.655 -0.678 -0.67 -0.643 -0.668 -0.688 -0.688 -0.695 -0.67 -0.68 -0.7 -0.65 -0.658 -0.653 -0.68 -0.685 -0.68 -0.67 -0.678 -0.685 -0.645 -0.663 -0.643 -0.645 -0.64 -0.695 -0.68 -0.69 -0.643 -0.66 -0.68 -0.683 -0.663 -0.64 -0.693 -0.663
-0.758 -0.76 -0.733 -0.71 -0.698 -0.73 -0.718 -0.725 -0.703 -0.708 -0.708 -0.7 -0.713 -0.698 -0.705 -0.67 -0.695 -0.723 -0.688 -0.725 -0.67 -0.653 -0.698 -0.66 -0.665 -0.668 -0.658 -0.67 -0.648 -0.64 -0.683 -0.69 -0.673 -0.678 -0.65 -0.675 -0.678 -0.648 -0.643 -0.655 -0.668 -0.63 -0.67 -0.625 -0.673 -0.678 -0.675 -0.665 -0.663 -0.653 -0.67 -0.68 -0.643 -0.67 -0.68 -0.665 -0.658 -0.67 -0.68 -0.628 -0.658 -0.65 -0.635 -0.66 -0.658 -0.683 -0.685 -0.638 -0.673 -0.683 -0.68 -0.658
-0.745 -0.74 -0.735 -0.698 -0.71 -0.718 -0.715 -0.72 -0.7 -0.685 -0.695 -0.673 -0.685 -0.678 -0.678 -0.678 -0.685 -0.69 -0.683 -0.695 -0.66 -0.648 -0.645 -0.638 -0.643 -0.633 -0.65 -0.655 -0.653 -0.643 -0.683 -0.645 -0.645 -0.665 -0.658 -0.633 -0.655 -0.66 -0.683 -0.65 -0.658 -0.658 -0.665 -0.65 -0.63 -0.655 -0.66 -0.623 -0.668 -0.648 -0.643 -0.648 -0.658 -0.68 -0.68 -0.665 -0.668 -0.633 -0.623 -0.638 -0.645 -0.658 -0.668 -0.67 -0.63 -0.663 -0.63 -0.658 -0.653 -0.64 -0.655 -0.675
-0.728 -0.768 -0.738 -0.75 -0.733 -0.69 -0.72 -0.69 -0.685 -0.678 -0.678 -0.683 -0.683 -0.645 -0.678 -0.658 -0.665 -0.663 -0.705 -0.678 -0.678 -0.645 -0.683 -0.643 -0.645 -0.62 -0.615 -0.638 -0.643 -0.638 -0.625 -0.615 -0.593 -0.65 -0.638 -0.658 -0.643 -0.653 -0.678 -0.638 -0.648 -0.623 -0.648 -0.64 -0.62 -0.613 -0.638 -0.623 -0.653 -0.638 -0.643 -0.645 -0.658 -0.63 -0.623 -0.66 -0.625 -0.655 -0.648 -0.633 -0.658 -0.66 -0.66 -0.625 -0.66 -0.643 -0.62 -0.645 -0.685 -0.655 -0.653 -0.663
-0.715 -0.705 -0.7 -0.753 -0.763 -0.695 -0.693 -0.685 -0.685 -0.67 -0.67 -0.653 -0.648 -0.66 -0.63 -0.668 -0.65 -0.663 -0.633 -0.628 -0.643 -0.66 -0.675 -0.658 -0.658 -0.665 -0.61 -0.64 -0.635 -0.645 -0.598 -0.64 -0.615 -0.64 -0.613 -0.64 -0.62 -0.605 -0.658 -0.625 -0.63 -0.63 -0.618 -0.633 -0.605 -0.608 -0.668 -0.64 -0.648 -0.615 -0.633 -0.643 -0.633 -0.655 -0.658 -0.63 -0.633 -0.625 -0.625 -0.623 -0.628 -0.675 -0.643 -0.648 -0.655 -0.633 -0.613 -0.68 -0.66 -0.633 -0.638 -0.63
-0.698 -0.693 -0.673 -0.69 -0.695 -0.713 -0.685 -0.688 -0.695 -0.71 -0.678 -0.63 -0.603 -0.653 -0.673 -0.67 -0.653 -0.655 -0.628 -0.63 -0.655 -0.63 -0.668 -0.633 -0.643 -0.63 -0.638 -0.673 -0.653 -0.635 -0.608 -0.608 -0.63 -0.615 -0.6 -0.633 -0.635 -0.603 -0.585 -0.588 -0.615 -0.645 -0.645 -0.603 -0.603 -0.598 -0.603 -0.655 -0.61 -0.633 -0.645 -0.62 -0.633 -0.615 -0.62 -0.635 -0.64 -0.618 -0.608 -0.625 -0.63 -0.625 -0.598 -0.605 -0.593 -0.665 -0.638 -0.675 -0.65 -0.643 -0.6 -0.658
-0.688 -0.688 -0.643 -0.665 -0.665 -0.69 -0.675 -0.67 -0.688 -0.675 -0.685 -0.678 -0.645 -0.65 -0.613 -0.635 -0.643 -0.633 -0.6 -0.633 -0.635 -0.633 -0.615 -0.605 -0.618 -0.605 -0.598 -0.64 -0.628 -0.62 -0.6 -0.623 -0.588 -0.6 -0.608 -0.608 -0.585 -0.553 -0.585 -0.573 -0.595 -0.598 -0.62 -0.643 -0.605 -0.61 -0.615 -0.63 -0.585 -0.603 -0.633 -0.638 -0.598 -0.618 -0.633 -0.648 -0.608 -0.65 -0.603 -0.588 -0.613 -0.62 -0.623 -0.603 -0.64 -0.615 -0.618 -0.628 -0.638 -0.613 -0.613 -0.588
-0.68 -0.683 -0.69 -0.685 -0.65 -0.678 -0.66 -0.685 -0.675 -0.675 -0.655 -0.643 -0.648 -0.673 -0.61 -0.65 -0.603 -0.615 -0.62 -0.618 -0.588 -0.593 -0.58 -0.595 -0.585 -0.595 -0.598 -0.595 -0.615 -0.625 -0.633 -0.625 -0.615 -0.618 -0.57 -0.605 -0.58 -0.57 -0.555 -0.58 -0.573 -0.565 -0.57 -0.618 -0.595 -0.608 -0.595 -0.605 -0.59 -0.598 -0.605 -0.59 -0.633 -0.64 -0.585 -0.613 -0.625 -0.603 -0.61 -0.613 -0.613 -0.62 -0.593 -0.603 -0.608 -0.633 -0.615 -0.633 -0.618 -0.605 -0.593 -0.643
-0.65 -0.668 -0.69 -0.69 -0.683 -0.65 -0.645 -0.64 -0.663 -0.66 -0.653 -0.62 -0.635 -0.648 -0.638 -0.66 -0.63 -0.638 -0.628 -0.593 -0.58 -0.595 -0.598 -0.593 -0.605 -0.605 -0.598 -0.593 -0.605 -0.58 -0.608 -0.593 -0.585 -0.598 -0.58 -0.575 -0.59 -0.598 -0.58 -0.573 -0.585 -0.585 -0.57 -0.583 -0.57 -0.6 -0.575 -0.585 -0.605 -0.593 -0.563 -0.605 -0.568 -0.583 -0.585 -0.578 -0.608 -0.615 -0.6 -0.605 -0.63 -0.615 -0.633 -0.615 -0.59 -0.61 -0.593 -0.638 -0.588 -0.61 -0.603 -0.633
-0.665 -0.625 -0.66 -0.628 -0.64 -0.653 -0.608 -0.63 -0.633 -0.618 -0.625 -0.61 -0.59 -0.618 -0.61 -0.613 -0.595 -0.625 -0.628 -0.633 -0.635 -0.598 -0.608 -0.573 -0.585 -0.583 -0.558 -0.565 -0.58 -0.58 -0.568 -0.548 -0.608 -0.593 -0.598 -0.548 -0.583 -0.575 -0.605 -0.575 -0.568 -0.56 -0.51 -0.535 -0.578 -0.555 -0.565 -0.56 -0.575 -0.555 -0.575 -0.598 -0.578 -0.593 -0.573 -0.555 -0.58 -0.58 -0.6 -0.578 -0.565 -0.573 -0.578 -0.613 -0.59 -0.608 -0.575 -0.57 -0.585 -0.62 -0.653 -0.588
-0.653 -0.648 -0.628 -0.628 -0.635 -0.623 -0.6 -0.613 -0.625 -0.608 -0.638 -0.593 -0.6 -0.593 -0.603 -0.585 -0.575 -0.595 -0.61 -0.633 -0.588 -0.638 -0.585 -0.59 -0.58 -0.568 -0.565 -0.563 -0.563 -0.58 -0.56 -0.573 -0.573 -0.575 -0.563 -0.57 -0.575 -0.56 -0.553 -0.585 -0.598 -0.57 -0.533 -0.545 -0.535 -0.56 -0.553 -0.558 -0.543 -0.565 -0.56 -0.563 -0.565 -0.585 -0.565 -0.575 -0.553 -0.568 -0.603 -0.603 -0.568 -0.58 -0.565 -0.583 -0.62 -0.603 -0.603 -0.608 -0.6 -0.603 -0.62 -0.618
-0.655 -0.655 -0.625 -0.64 -0.633 -0.6 -0.61 -0.608 -0.578 -0.585 -0.635 -0.58 -0.613 -0.57 -0.57 -0.558 -0.603 -0.615 -0.595 -0.593 -0.585 -0.588 -0.573 -0.61 -0.605 -0.578 -0.58 -0.558 -0.54 -0.55 -0.54 -0.56 -0.57 -0.583 -0.555 -0.528 -0.553 -0.583 -0.565 -0.505 -0.533 -0.54 -0.55 -0.548 -0.56 -0.568 -0.538 -0.5 -0.548 -0.558 -0.555 -0.545 -0.54 -0.543 -0.555 -0.588 -0.59 -0.56 -0.54 -0.548 -0.54 -0.535 -0.57 -0.583 -0.558 -0.558 -0.575 -0.593 -0.61 -0.595 -0.588 -0.603
-0.645 -0.628 -0.66 -0.648 -0.638 -0.618 -0.613 -0.593 -0.565 -0.575 -0.6 -0.58 -0.568 -0.573 -0.573 -0.553 -0.585 -0.553 -0.56 -0.578 -0.573 -0.595 -0.578 -0.58 -0.58 -0.55 -0.563 -0.555 -0.535 -0.553 -0.588 -0.563 -0.525 -0.523 -0.543 -0.55 -0.538 -0.57 -0.573 -0.553 -0.52 -0.523 -0.525 -0.543 -0.53 -0.555 -0.555 -0.515 -0.528 -0.503 -0.548 -0.568 -0.53 -0.54 -0.55 -0.53 -0.545 -0.555 -0.56 -0.565 -0.563 -0.575 -0.56 -0.553 -0.543 -0.555 -0.59 -0.585 -0.575 -0.588 -0.605 -0.6
-0.613 -0.665 -0.618 -0.638 -0.608 -0.633 -0.583 -0.588 -0.585 -0.603 -0.59 -0.58 -0.56 -0.558 -0.543 -0.55 -0.568 -0.545 -0.535 -0.555 -0.54 -0.568 -0.58 -0.575 -0.555 -0.543 -0.573 -0.585 -0.55 -0.51 -0.553 -0.555 -0.523 -0.56 -0.528 -0.533 -0.55 -0.535 -0.548 -0.498 -0.513 -0.485 -0.508 -0.54 -0.55 -0.55 -0.543 -0.515 -0.518 -0.538 -0.548 -0.51 -0.508 -0.538 -0.523 -0.53 -0.495 -0.528 -0.52 -0.553 -0.578 -0.585 -0.57 -0.563 -0.548 -0.543 -0.52 -0.56 -0.555 -0.57 -0.59 -0.58
-0.618 -0.63 -0.625 -0.635 -0.653 -0.63 -0.613 -0.588 -0.628 -0.608 -0.568 -0.585 -0.555 -0.563 -0.523 -0.518 -0.575 -0.513 -0.535 -0.545 -0.543 -0.548 -0.535 -0.55 -0.555 -0.53 -0.545 -0.5 -0.54 -0.563 -0.58 -0.528 -0.525 -0.548 -0.533 -0.518 -0.508 -0.553 -0.545 -0.468 -0.5 -0.498 -0.518 -0.503 -0.53 -0.538 -0.518 -0.54 -0.5 -0.54 -0.525 -0.538 -0.503 -0.485 -0.513 -0.52 -0.525 -0.518 -0.525 -0.498 -0.548 -0.56 -0.578 -0.575 -0.538 -0.545 -0.543 -0.55 -0.573 -0.57 -0.578 -0.573
-0.623 -0.62 -0.605 -0.59 -0.58 -0.575 -0.573 -0.55 -0.59 -0.593 -0.56 -0.53 -0.575 -0.568 -0.54 -0.523 -0.528 -0.523 -0.533 -0.518 -0.525 -0.565 -0.548 -0.535 -0.515 -0.518 -0.483 -0.538 -0.538 -0.518 -0.498 -0.528 -0.505 -0.518 -0.525 -0.523 -0.548 -0.53 -0.5 -0.458 -0.475 -0.508 -0.5 -0.518 -0.5 -0.493 -0.493 -0.503 -0.513 -0.515 -0.493 -0.54 -0.5 -0.52 -0.513 -0.498 -0.513 -0.518 -0.5 -0.498 -0.515 -0.483 -0.553 -0.575 -0.533 -0.53 -0.518 -0.555 -0.543 -0.555 -0.56 -0.54
-0.615 -0.573 -0.598 -0.568 -0.555 -0.57 -0.568 -0.575 -0.573 -0.565 -0.535 -0.54 -0.53 -0.518 -0.56 -0.543 -0.545 -0.525 -0.515 -0.515 -0.525 -0.508 -0.543 -0.505 -0.525 -0.52 -0.5 -0.498 -0.51 -0.508 -0.445 -0.495 -0.498 -0.505 -0.515 -0.508 -0.52 -0.48 -0.533 -0.49 -0.488 -0.513 -0.503 -0.498 -0.49 -0.468 -0.498 -0.51 -0.513 -0.49 -0.46 -0.475 -0.515 -0.518 -0.528 -0.533 -0.5 -0.518 -0.493 -0.485 -0.503 -0.503 -0.508 -0.523 -0.533 -0.545 -0.56 -0.54 -0.565 -0.535 -0.52 -0.535
-0.563 -0.583 -0.555 -0.548 -0.538 -0.525 -0.575 -0.55 -0.565 -0.56 -0.513 -0.548 -0.525 -0.515 -0.533 -0.508 -0.525 -0.53 -0.54 -0.525 -0.51 -0.49 -0.495 -0.48 -0.49 -0.465 -0.488 -0.483 -0.5 -0.505 -0.478 -0.49 -0.483 -0.475 -0.493 -0.51 -0.478 -0.475 -0.515 -0.48 -0.478 -0.485 -0.505 -0.475 -0.483 -0.49 -0.488 -0.465 -0.468 -0.493 -0.473 -0.47 -0.498 -0.503 -0.528 -0.483 -0.508 -0.508 -0.515 -0.493 -0.493 -0.5 -0.533 -0.488 -0.518 -0.518 -0.515 -0.55 -0.543 -0.553 -0.543 -0.565
-0.588 -0.57 -0.54 -0.545 -0.52 -0.545 -0.533 -0.54 -0.535 -0.523 -0.513 -0.52 -0.518 -0.503 -0.488 -0.505 -0.485 -0.538 -0.525 -0.508 -0.515 -0.483 -0.515 -0.498 -0.49 -0.488 -0.488 -0.488 -0.493 -0.483 -0.48 -0.468 -0.498 -0.5 -0.478 -0.498 -0.495 -0.49 -0.485 -0.493 -0.495 -0.49 -0.498 -0.483 -0.48 -0.465 -0.48 -0.475 -0.473 -0.47 -0.47 -0.478 -0.458 -0.458 -0.483 -0.488 -0.488 -0.483 -0.493 -0.505 -0.508 -0.493 -0.453 -0.483 -0.463 -0.52 -0.518 -0.535 -0.533 -0.53 -0.518 -0.513
-0.555 -0.52 -0.518 -0.55 -0.533 -0.523 -0.535 -0.515 -0.508 -0.495 -0.505 -0.5 -0.483 -0.493 -0.503 -0.483 -0.5 -0.528 -0.498 -0.493 -0.48 -0.483 -0.525 -0.48 -0.46 -0.49 -0.47 -0.483 -0.463 -0.44 -0.455 -0.46 -0.453 -0.49 -0.458 -0.473 -0.45 -0.453 -0.443 -0.473 -0.448 -0.463 -0.478 -0.48 -0.463 -0.495 -0.47 -0.458 -0.453 -0.448 -0.478 -0.455 -0.448 -0.478 -0.463 -0.445 -0.463 -0.48 -0.458 -0.513 -0.498 -0.47 -0.495 -0.488 -0.503 -0.503 -0.518 -0.515 -0.543 -0.518 -0.535 -0.528
-0.528 -0.498 -0.505 -0.505 -0.493 -0.513 -0.513 -0.46 -0.508 -0.505 -0.52 -0.475 -0.488 -0.485 -0.463 -0.465 -0.51 -0.51 -0.508 -0.498 -0.473 -0.493 -0.465 -0.505 -0.5 -0.505 -0.498 -0.49 -0.488 -0.448 -0.43 -0.428 -0.46 -0.463 -0.445 -0.435 -0.445 -0.47 -0.45 -0.463 -0.425 -0.43 -0.458 -0.475 -0.48 -0.455 -0.475 -0.448 -0.435 -0.453 -0.443 -0.453 -0.468 -0.455 -0.443 -0.453 -0.47 -0.443 -0.443 -0.51 -0.488 -0.458 -0.488 -0.495 -0.505 -0.495 -0.505 -0.535 -0.488 -0.513 -0.503 -0.515
-0.525 -0.53 -0.503 -0.483 -0.528 -0.505 -0.508 -0.488 -0.49 -0.478 -0.47 -0.488 -0.475 -0.478 -0.483 -0.468 -0.478 -0.478 -0.493 -0.47 -0.463 -0.478 -0.46 -0.475 -0.498 -0.485 -0.47 -0.463 -0.475 -0.465 -0.47 -0.445 -0.45 -0.455 -0.425 -0.44 -0.465 -0.445 -0.465 -0.443 -0.46 -0.463 -0.458 -0.468 -0.46 -0.43 -0.453 -0.488 -0.44 -0.458 -0.49 -0.473 -0.483 -0.46 -0.4 -0.468 -0.435 -0.445 -0.458 -0.44 -0.463 -0.428 -0.465 -0.485 -0.475 -0.463 -0.508 -0.515 -0.478 -0.51 -0.498 -0.515
-0.51 -0.498 -0.503 -0.46 -0.488 -0.468 -0.48 -0.485 -0.485 -0.445 -0.448 -0.478 -0.463 -0.458 -0.44 -0.455 -0.468 -0.478 -0.45 -0.478 -0.463 -0.435 -0.423 -0.438 -0.46 -0.435 -0.46 -0.475 -0.46 -0.455 -0.448 -0.445 -0.458 -0.445 -0.43 -0.445 -0.433 -0.4 -0.405 -0.438 -0.45 -0.443 -0.418 -0.42 -0.443 -0.443 -0.443 -0.433 -0.453 -0.455 -0.485 -0.488 -0.47 -0.45 -0.443 -0.455 -0.445 -0.45 -0.485 -0.47 -0.475 -0.453 -0.458 -0.445 -0.485 -0.493 -0.518 -0.513 -0.48 -0.49 -0.503 -0.523
-0.498 -0.53 -0.518 -0.5 -0.503 -0.46 -0.45 -0.458 -0.455 -0.435 -0.478 -0.445 -0.455 -0.44 -0.44 -0.448 -0.42 -0.448 -0.435 -0.433 -0.443 -0.418 -0.445 -0.458 -0.428 -0.413 -0.435 -0.403 -0.43 -0.435 -0.445 -0.425 -0.45 -0.44 -0.43 -0.45 -0.425 -0.435 -0.418 -0.4 -0.45 -0.415 -0.418 -0.423 -0.403 -0.413 -0.435 -0.4 -0.388 -0.433 -0.445 -0.43 -0.455 -0.448 -0.445 -0.463 -0.443 -0.435 -0.46 -0.438 -0.453 -0.453 -0.465 -0.438 -0.475 -0.468 -0.483 -0.478 -0.488 -0.523 -0.505 -0.513
-0.5 -0.5 -0.525 -0.5 -0.525 -0.493 -0.49 -0.49 -0.468 -0.44 -0.48 -0.443 -0.433 -0.453 -0.465 -0.46 -0.428 -0.435 -0.385 -0.42 -0.43 -0.41 -0.415 -0.448 -0.455 -0.423 -0.408 -0.44 -0.42 -0.423 -0.413 -0.408 -0.435 -0.433 -0.435 -0.43 -0.42 -0.445 -0.433 -0.408 -0.423 -0.395 -0.418 -0.418 -0.423 -0.393 -0.418 -0.423 -0.423 -0.403 -0.425 -0.435 -0.425 -0.438 -0.43 -0.453 -0.47 -0.425 -0.443 -0.453 -0.455 -0.448 -0.43 -0.443 -0.49 -0.47 -0.465 -0.458 -0.483 -0.48 -0.503 -0.5
-0.49 -0.465 -0.49 -0.468 -0.518 -0.468 -0.45 -0.485 -0.48 -0.48 -0.458 -0.438 -0.423 -0.438 -0.445 -0.433 -0.403 -0.418 -0.395 -0.393 -0.39 -0.418 -0.42 -0.42 -0.373 -0.428 -0.418 -0.428 -0.418 -0.39 -0.365 -0.398 -0.375 -0.425 -0.41 -0.43 -0.43 -0.42 -0.43 -0.42 -0.443 -0.433 -0.413 -0.413 -0.38 -0.408 -0.418 -0.433 -0.425 -0.403 -0.43 -0.44 -0.37 -0.443 -0.443 -0.395 -0.438 -0.43 -0.458 -0.478 -0.45 -0.435 -0.453 -0.445 -0.47 -0.488 -0.445 -0.478 -0.47 -0.475 -0.478 -0.465
-0.493 -0.488 -0.48 -0.49 -0.47 -0.455 -0.45 -0.493 -0.47 -0.44 -0.443 -0.413 -0.44 -0.413 -0.445 -0.45 -0.425 -0.415 -0.428 -0.385 -0.383 -0.383 -0.408 -0.425 -0.378 -0.393 -0.405 -0.405 -0.415 -0.403 -0.41 -0.38 -0.378 -0.393 -0.393 -0.388 -0.435 -0.42 -0.403 -0.433 -0.455 -0.405 -0.428 -0.453 -0.423 -0.393 -0.39 -0.37 -0.4 -0.43 -0.448 -0.398 -0.41 -0.403 -0.42 -0.413 -0.405 -0.473 -0.465 -0.455 -0.493 -0.488 -0.49 -0.485 -0.448 -0.46 -0.458 -0.435 -0.445 -0.473 -0.473 -0.485
-0.508 -0.475 -0.45 -0.463 -0.45 -0.475 -0.465 -0.463 -0.438 -0.418 -0.433 -0.423 -0.448 -0.458 -0.435 -0.455 -0.458 -0.425 -0.418 -0.408 -0.383 -0.415 -0.395 -0.398 -0.39 -0.425 -0.375 -0.385 -0.41 -0.38 -0.368 -0.403 -0.398 -0.395 -0.388 -0.395 -0.41 -0.413 -0.4 -0.393 -0.423 -0.408 -0.405 -0.428 -0.43 -0.438 -0.443 -0.39 -0.395 -0.398 -0.388 -0.395 -0.425 -0.41 -0.44 -0.418 -0.428 -0.413 -0.418 -0.455 -0.445 -0.485 -0.425 -0.433 -0.443 -0.448 -0.475 -0.43 -0.445 -0.483 -0.458 -0.48
