All_lidar/sz5993_DSM_2M.asc
ncols 500
nrows 500
xllcorner    459000
yllcorner    93000
cellsize     2
NODATA_value -9999
[rows 256 to 287 of 500, columns 288 to 359 of 500]
-1.525 -1.527 -1.542 -1.58 -1.57 -1.557 -1.532 -1.565 -1.61 -1.61 -1.645 -1.67 -1.662 -1.628 -1.654 -1.669 -1.659 -1.666 -1.662 -1.653 -1.691 -1.692 -1.719 -1.668 -1.67 -1.674 -1.69 -1.669 -1.68 -1.677 -1.701 -1.68 -1.734 -1.731 -1.696 -1.672 -1.708 -1.729 -1.716 -1.719 -1.778 -1.792 -1.822 -1.879 -1.948 -1.981 -1.932 -1.913 -1.869 -1.86 -1.82 -1.842 -1.847 -1.846 -1.878 -1.873 -1.875 -1.907 -1.911 -1.886 -1.917 -1.922 -1.917 -1.937 -1.837 -1.805 -1.79 -1.77 -1.787 -1.742 -1.76 -1.755
-1.512 -1.522 -1.582 -1.527 -1.535 -1.597 -1.567 -1.61 -1.6 -1.607 -1.645 -1.672 -1.642 -1.657 -1.665 -1.658 -1.666 -1.68 -1.704 -1.699 -1.69 -1.673 -1.664 -1.664 -1.641 -1.672 -1.656 -1.636 -1.607 -1.655 -1.696 -1.699 -1.639 -1.668 -1.643 -1.703 -1.687 -1.709 -1.72 -1.774 -1.768 -1.807 -1.833 -1.856 -1.977 -1.991 -1.904 -1.919 -1.862 -1.865 -1.861 -1.819 -1.842 -1.841 -1.855 -1.893 -1.863 -1.884 -1.902 -1.903 -1.901 -1.97 -1.935 -1.917 -1.815 -1.772 -1.787 -1.757 -1.742 -1.72 -1.747 -1.772
-1.512 -1.562 -1.567 -1.577 -1.555 -1.59 -1.597 -1.587 -1.625 -1.632 -1.64 -1.625 -1.624 -1.631 -1.645 -1.657 -1.761 -1.794 -1.714 -1.758 -1.753 -1.755 -1.724 -1.681 -1.649 -1.674 -1.643 -1.637 -1.643 -1.663 -1.68 -1.705 -1.607 -1.596 -1.566 -1.658 -1.691 -1.728 -1.743 -1.787 -1.74 -1.773 -1.845 -1.909 -1.931 -1.917 -1.881 -1.885 -1.896 -1.871 -1.849 -1.881 -1.903 -1.844 -1.83 -1.827 -1.814 -1.83 -1.878 -1.912 -1.897 -1.91 -1.892 -1.862 -1.83 -1.805 -1.742 -1.722 -1.762 -1.73 -1.747 -1.74
-1.515 -1.52 -1.532 -1.577 -1.587 -1.607 -1.607 -1.595 -1.607 -1.612 -1.62 -1.617 -1.611 -1.644 -1.645 -1.717 -1.822 -1.875 -1.942 -1.761 -1.773 -1.699 -1.69 -1.693 -1.688 -1.694 -1.684 -1.663 -1.663 -1.675 -1.655 -1.614 -1.577 -1.612 -1.625 -1.659 -1.658 -1.7 -1.649 -1.693 -1.751 -1.768 -1.829 -1.843 -1.86 -1.933 -1.943 -1.895 -1.866 -1.865 -1.875 -1.89 -1.909 -1.845 -1.802 -1.814 -1.824 -1.821 -1.854 -1.843 -1.867 -1.867 -1.837 -1.832 -1.816 -1.812 -1.752 -1.748 -1.699 -1.709 -1.699 -1.693
-1.522 -1.502 -1.512 -1.55 -1.567 -1.59 -1.582 -1.64 -1.592 -1.615 -1.631 -1.611 -1.641 -1.675 -1.752 -1.781 -1.847 -1.915 -1.733 -1.708 -1.708 -1.662 -1.675 -1.698 -1.686 -1.643 -1.642 -1.639 -1.582 -1.567 -1.585 -1.585 -1.618 -1.585 -1.562 -1.667 -1.61 -1.648 -1.658 -1.698 -1.728 -1.726 -1.773 -1.809 -1.849 -1.876 -1.916 -1.904 -1.861 -1.879 -1.851 -1.857 -1.845 -1.823 -1.789 -1.798 -1.83 -1.839 -1.82 -1.822 -1.817 -1.811 -1.808 -1.804 -1.773 -1.744 -1.716 -1.688 -1.703 -1.691 -1.674 -1.698
-1.557 -1.532 -1.535 -1.582 -1.572 -1.59 -1.575 -1.642 -1.645 -1.651 -1.677 -1.662 -1.727 -1.759 -1.828 -1.885 -1.89 -1.875 -1.698 -1.666 -1.636 -1.622 -1.639 -1.665 -1.664 -1.596 -1.585 -1.582 -1.509 -1.561 -1.619 -1.565 -1.551 -1.536 -1.569 -1.59 -1.634 -1.647 -1.626 -1.67 -1.679 -1.701 -1.729 -1.763 -1.854 -1.834 -1.865 -1.882 -1.863 -1.83 -1.827 -1.82 -1.811 -1.807 -1.803 -1.837 -1.827 -1.82 -1.817 -1.805 -1.815 -1.792 -1.751 -1.725 -1.731 -1.721 -1.675 -1.685 -1.687 -1.689 -1.66 -1.668
-1.547 -1.53 -1.53 -1.555 -1.557 -1.597 -1.597 -1.61 -1.637 -1.675 -1.664 -1.682 -1.803 -1.842 -1.857 -1.957 -1.764 -1.672 -1.618 -1.605 -1.629 -1.631 -1.584 -1.584 -1.532 -1.576 -1.553 -1.564 -1.543 -1.548 -1.524 -1.554 -1.574 -1.537 -1.542 -1.57 -1.605 -1.609 -1.641 -1.742 -1.71 -1.689 -1.751 -1.792 -1.817 -1.892 -1.952 -1.861 -1.82 -1.789 -1.796 -1.797 -1.795 -1.804 -1.808 -1.845 -1.832 -1.812 -1.817 -1.808 -1.777 -1.753 -1.752 -1.713 -1.699 -1.671 -1.654 -1.677 -1.642 -1.69 -1.655 -1.65
-1.575 -1.557 -1.555 -1.617 -1.612 -1.64 -1.627 -1.627 -1.659 -1.662 -1.68 -1.726 -1.801 -1.861 -1.751 -1.711 -1.667 -1.676 -1.624 -1.642 -1.625 -1.589 -1.536 -1.531 -1.507 -1.518 -1.516 -1.55 -1.571 -1.511 -1.491 -1.556 -1.478 -1.547 -1.544 -1.546 -1.58 -1.604 -1.673 -1.691 -1.677 -1.704 -1.752 -1.812 -1.82 -1.876 -1.907 -1.832 -1.8 -1.742 -1.76 -1.752 -1.795 -1.752 -1.777 -1.83 -1.842 -1.817 -1.817 -1.782 -1.791 -1.735 -1.743 -1.697 -1.665 -1.64 -1.663 -1.641 -1.64 -1.628 -1.622 -1.645
-1.562 -1.572 -1.557 -1.602 -1.615 -1.652 -1.637 -1.637 -1.687 -1.688 -1.757 -1.797 -1.844 -1.872 -1.748 -1.685 -1.629 -1.606 -1.596 -1.583 -1.543 -1.533 -1.489 -1.476 -1.491 -1.498 -1.477 -1.486 -1.449 -1.452 -1.477 -1.577 -1.45 -1.551 -1.528 -1.598 -1.57 -1.61 -1.643 -1.67 -1.672 -1.719 -1.773 -1.848 -1.918 -1.898 -1.856 -1.795 -1.792 -1.767 -1.725 -1.742 -1.74 -1.752 -1.78 -1.84 -1.827 -1.807 -1.791 -1.745 -1.752 -1.72 -1.715 -1.647 -1.646 -1.6 -1.609 -1.58 -1.588 -1.59 -1.611 -1.614
-1.545 -1.564 -1.583 -1.599 -1.597 -1.639 -1.655 -1.679 -1.701 -1.745 -1.786 -1.799 -1.842 -1.754 -1.738 -1.652 -1.562 -1.556 -1.554 -1.522 -1.528 -1.554 -1.506 -1.537 -1.559 -1.548 -1.506 -1.462 -1.472 -1.467 -1.497 -1.49 -1.489 -1.508 -1.557 -1.575 -1.582 -1.618 -1.616 -1.651 -1.715 -1.748 -1.741 -1.78 -1.832 -1.849 -1.818 -1.78 -1.77 -1.73 -1.722 -1.755 -1.782 -1.775 -1.78 -1.76 -1.772 -1.761 -1.764 -1.732 -1.684 -1.689 -1.692 -1.624 -1.594 -1.569 -1.542 -1.543 -1.537 -1.564 -1.564 -1.598
-1.555 -1.575 -1.588 -1.608 -1.597 -1.626 -1.608 -1.649 -1.745 -1.768 -1.8 -1.818 -1.89 -1.726 -1.684 -1.636 -1.574 -1.534 -1.518 -1.529 -1.533 -1.808 -1.787 -1.566 -1.532 -1.467 -1.417 -1.49 -1.49 -1.455 -1.525 -1.52 -1.523 -1.578 -1.566 -1.58 -1.607 -1.615 -1.647 -1.653 -1.682 -1.732 -1.753 -1.767 -1.83 -1.841 -1.826 -1.78 -1.742 -1.735 -1.727 -1.747 -1.765 -1.76 -1.767 -1.739 -1.723 -1.716 -1.706 -1.706 -1.664 -1.628 -1.593 -1.574 -1.582 -1.551 -1.535 -1.527 -1.538 -1.537 -1.562 -1.585
-1.544 -1.564 -1.559 -1.595 -1.613 -1.63 -1.642 -1.678 -1.741 -1.801 -1.844 -1.826 -1.724 -1.743 -1.7 -1.625 -1.597 -1.525 -1.523 -1.514 -1.76 -1.709 -1.76 -1.526 -1.557 -1.527 -1.467 -1.507 -1.455 -1.415 -1.477 -1.499 -1.566 -1.518 -1.551 -1.552 -1.616 -1.637 -1.632 -1.71 -1.732 -1.746 -1.729 -1.761 -1.792 -1.828 -1.821 -1.775 -1.752 -1.725 -1.732 -1.71 -1.71 -1.695 -1.717 -1.686 -1.701 -1.704 -1.705 -1.682 -1.645 -1.609 -1.555 -1.551 -1.504 -1.527 -1.528 -1.534 -1.561 -1.575 -1.601 -1.624
-1.548 -1.551 -1.569 -1.59 -1.615 -1.651 -1.666 -1.76 -1.761 -1.812 -1.765 -1.783 -1.726 -1.685 -1.654 -1.673 -1.606 -1.548 -1.563 -1.558 -1.789 -1.787 -9999 -9999 -1.502 -1.527 -1.492 -1.455 -1.475 -1.53 -1.47 -1.484 -1.475 -1.545 -1.532 -1.595 -1.62 -1.651 -1.658 -1.712 -1.689 -1.714 -1.763 -1.794 -1.804 -1.806 -1.798 -1.797 -1.757 -1.752 -1.712 -1.725 -1.712 -1.692 -1.68 -1.672 -1.672 -1.659 -1.654 -1.647 -1.654 -1.597 -1.555 -1.535 -1.509 -1.477 -1.493 -1.501 -1.528 -1.548 -1.573 -1.564
-1.537 -1.561 -1.56 -1.59 -1.595 -1.67 -1.697 -1.72 -1.832 -1.848 -1.895 -1.793 -1.748 -1.698 -1.681 -1.637 -1.554 -1.61 -1.566 -1.543 -1.576 -1.543 -9999 -1.427 -1.45 -1.43 -1.477 -1.437 -1.477 -1.531 -1.544 -1.517 -1.508 -1.514 -1.518 -1.551 -1.62 -1.648 -1.658 -1.695 -1.714 -1.745 -1.768 -1.826 -1.848 -1.803 -1.81 -1.795 -1.707 -1.697 -1.707 -1.715 -1.695 -1.686 -1.631 -1.636 -1.604 -1.642 -1.647 -1.627 -1.655 -1.588 -1.537 -1.516 -1.494 -1.487 -1.476 -1.526 -1.492 -1.547 -1.576 -1.568
-1.568 -1.56 -1.55 -1.556 -1.629 -1.675 -1.662 -1.694 -1.726 -1.745 -1.764 -1.767 -1.698 -1.752 -1.716 -1.674 -1.337 -1.59 -1.555 -1.511 -1.503 -1.484 -1.442 -1.489 -1.498 -1.476 -1.501 -1.467 -1.515 -1.543 -1.548 -1.514 -1.509 -1.53 -1.576 -1.603 -1.638 -1.65 -1.65 -1.686 -1.69 -1.78 -1.787 -1.823 -1.861 -1.808 -1.805 -1.782 -1.692 -1.71 -1.685 -1.677 -1.669 -1.655 -1.638 -1.602 -1.609 -1.621 -1.651 -1.626 -1.618 -1.605 -1.553 -1.535 -1.51 -1.49 -1.461 -1.466 -1.449 -1.471 -1.528 -1.584
-1.573 -1.57 -1.577 -1.755 -1.784 -1.699 -1.647 -1.66 -1.677 -1.712 -1.769 -1.711 -1.741 -1.753 -1.702 -1.676 -1.566 -1.553 -1.459 -1.476 -1.508 -1.495 -1.472 -1.522 -1.552 -1.558 -1.521 -1.557 -1.493 -1.516 -1.612 -1.566 -1.531 -1.561 -1.606 -1.653 -1.679 -1.652 -1.657 -1.721 -1.726 -1.735 -1.782 -1.834 -1.844 -1.829 -1.752 -1.707 -1.66 -1.687 -1.647 -1.657 -1.645 -1.607 -1.58 -1.602 -1.608 -1.623 -1.613 -1.61 -1.603 -1.598 -1.562 -1.506 -1.504 -1.465 -1.471 -1.446 -1.433 -1.462 -1.542 -1.544
-1.549 -1.591 -1.605 -1.788 -1.783 -1.813 -1.642 -1.665 -1.648 -1.693 -1.682 -1.727 -1.768 -1.731 -1.708 -1.681 -1.623 -1.58 -1.524 -1.511 -1.534 -1.52 -1.481 -1.508 -1.544 -1.551 -1.526 -1.565 -1.563 -1.541 -1.541 -1.563 -1.573 -1.579 -1.582 -1.603 -1.69 -1.675 -1.712 -1.794 -1.751 -1.749 -1.795 -1.8 -1.807 -1.785 -1.765 -1.687 -1.675 -1.672 -1.667 -1.593 -1.595 -1.577 -1.581 -1.595 -1.595 -1.595 -1.622 -1.591 -1.595 -1.57 -1.545 -1.543 -1.487 -1.487 -1.504 -1.552 -1.478 -1.465 -1.544 -1.522
-1.595 -1.611 -1.603 -1.575 -1.597 -1.601 -1.618 -1.63 -1.628 -1.66 -1.698 -1.726 -1.683 -1.684 -1.677 -1.644 -1.605 -1.594 -1.597 -1.573 -1.545 -1.495 -1.503 -1.553 -1.578 -1.529 -1.604 -1.563 -1.565 -1.562 -1.546 -1.564 -1.6 -1.631 -1.64 -1.766 -1.745 -1.672 -1.709 -1.755 -1.747 -1.776 -1.766 -1.762 -1.758 -1.705 -1.745 -1.695 -1.66 -1.64 -1.627 -1.589 -1.606 -1.585 -1.584 -1.579 -1.58 -1.574 -1.618 -1.6 -1.575 -1.55 -1.483 -1.479 -1.499 -1.569 -1.533 -1.556 -1.457 -1.525 -1.548 -1.558
-1.785 -1.582 -1.529 -1.556 -1.575 -1.607 -1.616 -1.614 -1.641 -1.661 -1.709 -1.686 -1.67 -1.677 -1.63 -1.657 -1.641 -1.67 -1.667 -1.654 -1.626 -1.61 -1.527 -1.594 -1.597 -1.591 -1.577 -1.577 -1.551 -1.533 -1.575 -1.591 -1.622 -1.613 -1.755 -1.755 -1.792 -1.758 -1.749 -1.74 -1.743 -1.767 -1.746 -1.764 -1.752 -1.707 -1.685 -1.645 -1.68 -1.667 -1.627 -1.646 -1.629 -1.585 -1.57 -1.582 -1.584 -1.6 -1.609 -1.606 -1.538 -1.503 -1.498 -1.542 -1.575 -1.612 -1.59 -1.558 -1.542 -1.527 -1.505 -1.503
-1.818 -1.566 -1.518 -1.538 -1.546 -1.566 -1.577 -1.606 -1.596 -1.676 -1.644 -1.651 -1.663 -1.658 -1.636 -1.631 -1.633 -1.641 -1.67 -1.645 -1.55 -1.574 -1.568 -1.581 -1.59 -1.586 -1.587 -1.568 -1.554 -1.551 -1.59 -1.601 -1.609 -1.649 -1.656 -1.795 -1.855 -1.764 -1.747 -1.711 -1.734 -1.765 -1.773 -1.785 -1.71 -1.675 -1.665 -1.612 -1.622 -1.627 -1.652 -1.629 -1.628 -1.584 -1.591 -1.623 -1.606 -1.593 -1.608 -1.573 -1.491 -1.512 -1.544 -1.554 -1.6 -1.594 -1.574 -1.554 -1.498 -1.566 -1.536 -1.577
-1.828 -1.543 -1.483 -1.484 -1.514 -1.563 -1.562 -1.592 -1.608 -1.619 -1.632 -1.613 -1.62 -1.659 -1.642 -1.638 -1.64 -1.655 -1.646 -1.615 -1.58 -1.569 -1.565 -1.605 -1.585 -1.6 -1.571 -1.595 -1.57 -1.558 -1.573 -1.583 -1.616 -1.659 -1.687 -1.696 -1.732 -1.767 -1.793 -1.764 -1.737 -1.754 -1.772 -1.73 -1.687 -1.645 -1.612 -1.62 -1.61 -1.637 -1.602 -1.632 -1.655 -1.643 -1.635 -1.647 -1.631 -1.601 -1.579 -1.541 -1.505 -1.546 -1.518 -1.741 -1.564 -1.588 -1.554 -1.571 -1.56 -1.573 -1.572 -1.562
-1.796 -1.49 -1.467 -1.555 -1.581 -1.514 -1.52 -1.56 -1.569 -1.601 -1.618 -1.588 -1.594 -1.636 -1.647 -1.672 -1.678 -1.668 -1.654 -1.662 -1.644 -1.635 -1.6 -1.623 -1.599 -1.593 -1.56 -1.586 -1.593 -1.558 -1.572 -1.589 -1.655 -1.683 -1.695 -1.738 -1.743 -1.767 -1.75 -1.775 -1.757 -1.718 -1.715 -1.727 -1.687 -1.657 -1.645 -1.642 -1.592 -1.602 -1.615 -1.638 -1.608 -1.656 -1.674 -1.645 -1.627 -1.612 -1.575 -1.528 -1.499 -1.513 -1.735 -1.775 -1.514 -1.532 -1.547 -1.556 -1.561 -1.555 -1.546 -1.557
-1.83 -1.425 -1.467 -1.55 -1.518 -1.506 -1.511 -1.53 -1.571 -1.588 -1.57 -1.577 -1.617 -1.606 -1.639 -1.673 -1.632 -1.669 -1.663 -1.677 -1.657 -1.657 -1.612 -1.588 -1.592 -1.588 -1.597 -1.611 -1.604 -1.593 -1.599 -1.622 -1.668 -1.71 -1.696 -1.715 -1.79 -1.802 -1.748 -1.798 -1.752 -1.747 -1.687 -1.675 -1.657 -1.642 -1.642 -1.65 -1.607 -1.627 -1.655 -1.665 -1.638 -1.654 -1.678 -1.626 -1.6 -1.615 -1.56 -1.545 -1.539 -1.755 -1.795 -1.759 -1.82 -1.55 -1.597 -1.548 -1.558 -1.585 -1.552 -1.583
-1.518 -1.496 -1.467 -1.487 -1.471 -1.494 -1.474 -1.534 -1.543 -1.561 -1.542 -1.587 -1.602 -1.598 -1.624 -1.654 -1.663 -1.677 -1.7 -1.727 -1.677 -1.647 -1.619 -1.593 -1.588 -1.564 -1.585 -1.584 -1.59 -1.591 -1.61 -1.646 -1.685 -1.702 -1.714 -1.714 -1.731 -1.795 -1.828 -1.83 -1.755 -1.737 -1.662 -1.68 -1.62 -1.612 -1.595 -1.607 -1.635 -1.657 -1.687 -1.651 -1.676 -1.695 -1.656 -1.633 -1.604 -1.592 -1.56 -1.561 -1.58 -1.579 -1.835 -1.797 -1.487 -1.544 -1.556 -1.553 -1.57 -1.57 -1.568 -1.549
-1.487 -1.525 -1.485 -1.464 -1.486 -1.498 -1.506 -1.521 -1.524 -1.547 -1.558 -1.609 -1.628 -1.642 -1.646 -1.66 -1.691 -1.684 -1.702 -1.73 -1.716 -1.667 -1.635 -1.62 -1.61 -1.589 -1.626 -1.589 -1.608 -1.601 -1.645 -1.7 -1.709 -1.692 -1.69 -1.727 -1.751 -1.837 -1.852 -1.8 -1.737 -1.69 -1.69 -1.672 -1.625 -1.62 -1.61 -1.6 -1.647 -1.647 -1.682 -1.694 -1.703 -1.708 -1.666 -1.63 -1.588 -1.58 -1.575 -1.611 -1.581 -1.593 -1.578 -1.545 -1.501 -1.521 -1.521 -1.517 -1.528 -1.512 -1.528 -1.541
-1.468 -1.45 -1.46 -1.462 -1.489 -1.489 -1.537 -1.556 -1.589 -1.576 -1.577 -1.646 -1.599 -1.631 -1.763 -1.777 -1.794 -1.675 -1.736 -1.717 -1.693 -1.644 -1.643 -1.621 -1.602 -1.61 -1.612 -1.619 -1.623 -1.644 -1.711 -1.738 -1.757 -1.724 -1.728 -1.762 -1.787 -1.812 -1.82 -1.785 -1.695 -1.682 -1.685 -1.655 -1.63 -1.652 -1.63 -1.647 -1.657 -1.687 -1.642 -1.671 -1.713 -1.725 -1.669 -1.637 -1.604 -1.582 -1.628 -1.69 -1.627 -1.566 -1.585 -1.589 -1.558 -1.54 -1.526 -1.478 -1.458 -1.466 -1.49 -1.517
-1.454 -1.44 -1.43 -1.488 -1.521 -1.561 -1.528 -1.56 -1.571 -1.56 -1.512 -1.598 -1.614 -1.767 -1.743 -1.733 -1.78 -1.675 -1.709 -1.73 -1.666 -1.619 -1.627 -1.608 -1.634 -1.614 -1.632 -1.661 -1.663 -1.679 -1.72 -1.731 -1.742 -1.764 -1.808 -1.862 -1.837 -1.882 -1.782 -1.74 -1.655 -1.66 -1.65 -1.662 -1.675 -1.677 -1.67 -1.637 -1.65 -1.672 -1.705 -1.699 -1.709 -1.687 -1.62 -1.612 -1.602 -1.612 -1.653 -1.642 -1.643 -1.582 -1.593 -1.598 -1.566 -1.532 -1.54 -1.477 -1.467 -1.498 -1.505 -1.511
-1.457 -1.458 -1.404 -1.453 -1.536 -1.548 -1.545 -1.539 -1.497 -1.548 -1.552 -1.561 -1.574 -1.788 -1.783 -1.784 -1.731 -1.654 -1.667 -1.687 -1.668 -1.68 -1.655 -1.649 -1.638 -1.606 -1.631 -1.662 -1.701 -1.752 -1.745 -1.814 -1.757 -1.827 -1.847 -1.847 -1.845 -1.827 -1.745 -1.66 -1.672 -1.647 -1.662 -1.622 -1.632 -1.63 -1.63 -1.667 -1.672 -1.705 -1.725 -1.692 -1.703 -1.687 -1.65 -1.611 -1.646 -1.645 -1.649 -1.679 -1.652 -1.595 -1.615 -1.609 -1.595 -1.553 -1.551 -1.489 -1.549 -1.524 -1.519 -1.528
-1.491 -1.507 -1.48 -1.468 -1.522 -1.527 -1.535 -1.568 -1.549 -1.551 -1.565 -1.567 -1.588 -1.572 -1.604 -1.606 -1.624 -1.583 -1.614 -1.623 -1.639 -1.671 -1.663 -1.646 -1.642 -1.655 -1.63 -1.665 -1.705 -1.757 -1.805 -1.8 -1.857 -1.82 -1.782 -1.875 -1.84 -1.77 -1.722 -1.697 -1.62 -1.652 -1.627 -1.617 -1.63 -1.585 -1.6 -1.67 -1.677 -1.71 -1.71 -1.702 -1.693 -1.693 -1.67 -1.643 -1.683 -1.671 -1.671 -1.683 -1.658 -1.624 -1.625 -1.6 -1.57 -1.577 -1.562 -1.567 -1.571 -1.624 -1.595 -1.612
-1.526 -1.517 -1.506 -1.477 -1.514 -1.548 -1.511 -1.522 -1.506 -1.503 -1.521 -1.543 -1.539 -1.532 -1.588 -1.605 -1.595 -1.611 -1.592 -1.625 -1.628 -1.64 -1.686 -1.657 -1.647 -1.68 -1.67 -1.657 -1.72 -1.747 -1.8 -1.865 -1.852 -1.815 -1.807 -1.822 -1.785 -1.73 -1.66 -1.657 -1.637 -1.66 -1.642 -1.605 -1.62 -1.575 -1.642 -1.655 -1.69 -1.735 -1.737 -1.722 -1.74 -1.722 -1.705 -1.699 -1.709 -1.685 -1.662 -1.674 -1.646 -1.601 -1.61 -1.609 -1.604 -1.586 -1.556 -1.592 -1.575 -1.643 -1.652 -1.621
-1.536 -1.519 -1.508 -1.47 -1.486 -1.487 -1.501 -1.547 -1.473 -1.546 -1.518 -1.531 -1.498 -1.501 -1.609 -1.604 -1.57 -1.6 -1.57 -1.611 -1.628 -1.641 -1.649 -1.663 -1.687 -1.697 -1.702 -1.732 -1.74 -1.805 -1.822 -1.857 -1.825 -1.905 -1.802 -1.782 -1.735 -1.662 -1.652 -1.602 -1.602 -1.607 -1.607 -1.625 -1.612 -1.632 -1.642 -1.655 -1.685 -1.717 -1.745 -1.707 -1.702 -1.745 -1.745 -1.761 -1.773 -1.701 -1.688 -1.654 -1.664 -1.64 -1.606 -1.594 -1.604 -1.594 -1.57 -1.589 -1.633 -1.691 -1.62 -1.607
-1.552 -1.511 -1.498 -1.489 -1.467 -1.466 -1.462 -1.475 -1.487 -1.525 -1.551 -1.512 -1.519 -1.521 -1.563 -1.565 -1.559 -1.585 -1.584 -1.622 -1.636 -1.635 -1.656 -1.641 -1.707 -1.72 -1.717 -1.797 -1.83 -1.857 -1.84 -1.8 -1.83 -1.752 -1.692 -1.72 -1.677 -1.677 -1.63 -1.587 -1.6 -1.612 -1.575 -1.592 -1.602 -1.645 -1.685 -1.7 -1.737 -1.74 -1.74 -1.747 -1.747 -1.787 -1.761 -1.738 -1.734 -1.721 -1.67 -1.666 -1.693 -1.696 -1.667 -1.613 -1.603 -1.626 -1.627 -1.625 -1.631 -1.61 -1.595 -1.568
