All_lidar/sz5986_DSM_2M.asc
ncols 500
nrows 500
xllcorner    459000
yllcorner    86000
cellsize     2
NODATA_value -9999
[rows 448 to 479 of 500, columns 72 to 143 of 500]
30.573 30.383 30.38 31.855 30.885 30.17 30.098 30.043 29.978 29.918 29.933 30.333 32.593 33.463 33.918 32.575 29.085 28.255 29.663 31.445 31.823 32.253 32.605 32.343 31.925 31.508 29.695 28.643 28.458 28.37 28.27 27.913 27.013 26.73 26.698 26.683 28.54 28.23 28.08 28.493 26.793 26.173 26.01 26.028 26.408 26.715 26.31 26.505 25.698 25.288 24.958 24.973 25.478 26.26 26.035 26.378 24.86 24.93 23.083 22.843 22.813 23.453 23.808 23.708 23.635 25.988 26.725 25.108 23.163 23.213 22.945 22.828
30.62 30.413 30.373 30.86 30.408 30.145 30.103 30.045 29.988 29.93 29.898 29.885 30.87 32.995 33.455 32.338 29.005 28.05 29.613 31.398 31.793 32.22 32.59 32.368 31.925 31.46 28.66 27.825 27.75 27.538 27.408 27.208 26.968 26.758 26.705 26.993 27.248 27.388 28.023 27.508 26.178 26.108 26.005 26.315 26.845 26.573 25.96 26.085 25.425 25.215 25.028 25.058 25.665 25.503 25.528 25.918 24.598 24.54 23.468 22.835 22.803 23.49 23.178 23.195 23.18 24.635 26.81 25.69 23.595 23.118 22.928 22.83
30.553 30.405 30.37 31.81 30.34 30.183 30.088 30.048 29.995 29.985 29.968 29.915 30.528 32.708 32.965 32.388 29.733 28.138 28.785 31.388 31.77 32.188 32.613 32.403 31.963 31.565 28.295 27.105 27.04 27.015 26.898 26.845 26.79 26.755 26.735 26.778 27.308 27.395 27.863 27.25 26.135 26.073 26.128 26.623 27.188 26.875 25.993 25.693 25.598 25.975 26.243 26.193 25.453 24.798 26.305 26.628 26.35 24.623 23.218 22.815 22.828 23.485 23.215 23.168 23.185 24.053 24.97 23.853 23.058 23.005 22.928 22.81
30.578 30.525 30.815 32.525 30.63 30.218 30.135 30.108 30.008 30.008 29.998 29.908 30.363 32.845 32.728 32.713 31.275 30.158 28.5 31.37 31.765 32.158 32.553 32.418 31.98 31.588 28.963 27.075 27.065 27.063 26.993 26.943 26.96 26.8 26.723 26.783 27.003 26.595 26.368 26.205 26.123 26.095 26.188 26.378 26.373 26.338 26.443 27.163 26.49 26.283 25.868 25.433 24.898 25.518 25.893 24.743 27.003 26.213 23.013 22.818 22.813 23.03 23.175 23.103 23.135 23.125 23.125 23.065 22.98 22.925 22.88 22.953
32.45 32.29 33.1 33.923 30.983 30.243 30.178 30.1 29.993 30.043 30.055 29.968 29.885 33.358 32.525 32.58 32.815 32.865 29.763 31.353 31.695 32.113 32.553 32.47 32.005 31.628 29.703 27.09 27.308 27.308 27.46 27.445 27.048 26.665 26.555 26.5 26.423 26.323 26.275 26.26 26.57 26.545 25.968 26.285 26.61 26.14 25.908 25.633 25.623 25.46 25.213 24.978 24.718 24.71 25.988 24.593 25.19 24.34 23.338 23.255 22.798 22.88 23.318 23.045 23.103 23.083 23.05 23.008 23.168 23.33 23.688 23.905
31.97 31.645 31.373 30.89 30.29 30.278 30.218 30.118 30.01 30 30.023 30.025 31.075 33.418 32.423 32.485 32.765 33.078 29.415 30.24 31.705 32.085 32.528 32.505 32.058 31.648 30.328 27.088 27.073 27.033 26.955 27.108 26.793 26.555 26.503 26.603 26.55 26.47 26.913 27.2 27.255 26.855 25.843 25.78 25.663 25.57 25.495 25.475 25.263 25.088 24.933 24.773 24.615 24.525 24.48 24.89 25.763 24.305 23.695 23.435 22.773 22.813 23.208 23.61 23.15 23.27 24.22 24.073 23.935 23.875 22.948 22.748
30.838 30.683 30.525 30.418 30.495 30.363 30.255 30.178 30.1 30.043 30.025 30.09 30.095 32.02 32.47 32.46 32.738 33.035 29.783 28.665 31.673 32.098 32.518 32.565 32.138 31.578 30.588 27.37 26.943 26.825 26.74 26.663 26.545 26.54 26.61 26.685 27.115 27.248 27.693 26.83 25.98 26.453 27.905 26.195 25.69 25.61 25.503 25.465 25.408 25.07 24.943 24.788 24.568 24.473 24.453 25.01 24.665 24.845 23.848 23.035 22.75 22.69 24.515 24.443 24.248 24.695 23.798 23.365 23 22.82 22.743 22.693
30.805 30.713 30.613 30.518 30.49 30.433 30.368 30.278 30.18 30.098 30.013 30.023 30.05 32.465 32.755 32.463 32.69 32.998 30.933 27.81 28.94 29.823 29.018 28.915 28.383 27.993 27.71 27.038 26.925 26.818 26.693 26.665 26.698 26.678 27.283 26.87 26.8 26.94 26.395 25.865 26.893 28.605 29.67 28.895 27.313 26.05 25.445 26.09 26.663 25.14 25.01 24.82 24.608 24.408 24.32 25.023 25.658 25.188 23.31 22.678 22.708 22.658 24.705 23.91 24.675 24.988 24.838 23.863 22.868 22.778 22.723 22.663
30.82 30.728 30.628 30.515 30.528 30.458 30.368 30.293 30.22 30.153 30.075 30.008 29.923 31.868 32.835 32.485 32.683 32.94 31.598 27.85 27.74 27.598 27.508 27.425 27.328 27.218 27.15 27.063 27.225 27.115 27.148 27.803 27.555 26.808 26.483 26.323 28.065 26.945 25.878 26.463 28.718 29.7 29.82 29.935 29.348 28.185 25.728 25.45 25.495 25.113 24.968 24.8 24.618 24.418 24.278 25.555 25.32 24.808 24.113 22.62 22.655 22.6 23.965 24.488 24.993 25.013 25.008 23.888 22.848 22.745 22.678 22.618
30.938 30.828 30.713 30.6 30.563 30.415 30.32 30.238 30.143 30.123 30.345 30.923 31.21 32.178 32.913 32.035 32.275 32.993 30.613 27.918 27.745 27.648 27.565 27.473 27.398 27.34 27.468 27.698 29.625 29.153 27.315 28.703 27.49 26.433 26.348 26.223 26.398 26.058 25.875 26.118 28.963 29.758 29.168 29.453 29.955 29.273 27.51 27.403 26.63 25.095 24.96 24.768 24.583 27.158 27.483 27.183 26.3 24.41 24.15 22.675 22.593 22.578 23.903 24.32 24.913 25.058 24.935 24.29 24.225 22.77 22.653 22.545
31.018 30.888 30.755 30.658 30.578 30.43 30.285 30.185 30.083 30.013 31.075 31.77 31.733 33.225 33.788 31.878 32.135 32.99 30.348 28.053 27.835 27.793 27.728 27.613 27.65 28.133 28.465 29.24 30.303 30.358 30.09 28.388 27.27 27.283 28.185 27.343 26.178 25.958 25.888 25.818 26.09 28.483 27.82 28.58 29.528 29.92 28.405 29.423 27.74 25.075 24.913 25.555 30.093 33.068 33.608 31.118 25.155 24.46 24.108 22.868 22.558 22.525 23.265 24.998 23.53 23.26 22.908 23.078 25.45 23.21 22.603 22.483
31.075 30.96 30.823 30.725 30.61 30.45 30.278 30.155 30.045 30 30.588 31.18 30.47 32.483 33.785 32.858 32.283 33.138 30.598 27.978 27.885 27.86 28 27.97 27.478 28.098 28.07 28.208 28.75 31.093 31.83 29.128 27.353 26.945 28.583 27.79 26.22 25.993 25.83 25.808 25.745 25.87 26.223 26.13 28.658 28.323 26.005 27.955 28.97 25.5 24.908 29.415 32.705 33.578 34.065 32.015 26.578 24.055 24.073 23.13 22.488 22.455 22.475 23.808 23.225 22.688 22.77 22.755 22.94 23.805 22.485 22.335
31.083 30.955 30.81 30.753 30.723 30.455 30.25 30.123 30.045 29.985 30.005 29.92 29.855 31.78 34.193 33.378 32.388 33.125 30.135 28.003 27.918 27.98 28.338 27.925 27.585 29.303 28.878 28.558 27.678 33.278 33.68 31.5 27.753 26.645 28.48 28.098 26.205 26.02 25.828 25.738 25.683 25.653 25.968 25.965 25.86 25.533 26.343 29.168 28.075 25.315 24.808 28.473 32.765 33.24 32.475 30.978 24.675 23.4 23.253 22.64 22.41 22.398 22.373 22.558 22.538 22.923 23.663 23.245 23.208 23.403 23.185 22.268
31.125 30.998 30.89 30.8 30.763 30.655 30.27 30.05 30.27 30.04 29.885 29.883 30.318 32.463 33.55 32.975 32.363 33.145 30.243 28.045 27.915 28.14 28.043 27.76 28.178 28.998 30.028 29.848 27.885 28.96 30.6 28.703 27.333 26.53 26.608 26.628 26.088 25.94 25.793 25.73 25.648 26.023 25.86 25.658 25.51 25.313 25.235 25.603 25.353 24.785 24.79 25.215 29.103 30.778 28.78 26.78 23.51 22.895 22.58 22.37 22.33 22.323 22.288 22.363 22.48 22.99 23.2 23.585 23.76 22.608 22.575 22.52
31.555 31.553 32.595 34.36 32.048 30.975 30.375 29.945 32.4 31.693 30.835 30.263 30.465 32.788 33.045 32.033 32.383 32.905 29.868 28.03 27.985 28.293 28.14 27.8 27.99 28.693 29.78 29.545 29.265 27.285 27.208 27.423 26.633 26.333 26.27 26.133 25.993 25.875 25.78 25.69 25.873 28.383 28.17 27.828 27.735 27.198 26.095 25.863 25.59 25.485 25.618 25.04 24.66 25.978 25.208 23.77 23.613 23.248 23.043 22.65 22.275 22.265 22.215 22.445 22.84 23.03 22.753 22.668 22.585 22.543 22.535 22.483
31.115 30.87 31.533 33.37 31.013 30.37 30.165 29.748 32.393 33.02 32.435 31.245 29.955 31.463 32.713 31.715 32.228 32.518 29.773 27.983 28.133 28.515 28.413 28.015 28.888 29.765 30.708 29.055 28.975 27.013 27.213 27.37 26.64 26.213 26.168 26.048 25.878 25.808 25.773 25.648 25.698 28.135 27.475 26.403 25.8 26.07 25.25 24.945 24.895 24.808 24.9 24.933 25.003 25.373 26.14 25.063 24.943 25.073 24.615 24.475 22.8 22.2 22.138 22.595 22.685 22.61 22.648 22.583 23.57 23.278 22.555 22.125
30.708 30.608 30.498 30.7 30.313 30.23 29.798 29.64 29.793 29.87 30.115 29.878 29.148 29.42 30.21 29.588 28.87 29.048 28.42 27.943 28.028 27.885 27.875 27.81 28.503 31.74 34.535 32.553 28.695 27.035 27.245 27.045 26.575 26.953 26.353 26.148 25.85 25.745 25.67 25.53 26.105 27.823 27.063 25.968 24.938 24.855 24.8 24.783 24.7 24.62 24.518 24.42 24.3 24.19 24.085 23.93 24.028 24.325 24.33 24.195 22.433 22.125 22.083 22.59 22.598 22.55 22.59 22.545 23.053 23.735 22.975 22.085
30.81 30.638 30.568 30.415 30.338 30.178 29.843 29.65 29.51 29.395 29.268 29.095 28.99 28.86 28.865 28.54 28.405 28.183 28.01 27.96 27.83 27.705 27.62 27.725 28.558 33.433 36.62 35.765 30.145 27.07 26.903 26.8 26.458 26.518 27.395 26.368 26.085 25.818 25.515 25.378 26.14 27.098 25.21 25.095 24.948 24.873 24.815 24.773 24.705 24.635 24.538 24.41 24.275 24.148 24.028 23.935 24.253 24.108 23.508 22.855 22.228 22.1 21.99 22.32 22.86 22.535 22.578 22.533 22.498 22.698 22.473 22.1
30.838 30.668 30.515 30.395 30.243 30.05 29.84 29.713 29.563 29.423 29.293 29.118 29.028 28.955 28.788 28.555 28.35 28.15 28.025 27.993 27.868 27.708 27.693 27.715 27.978 29.535 34.835 35.375 29.263 26.77 26.59 26.415 26.62 27.198 28.193 26.48 26.045 25.593 25.393 25.283 25.71 25.855 25.168 25.025 24.908 24.85 24.798 24.73 24.665 24.595 24.473 24.395 24.258 24.153 24.038 23.925 23.94 23.875 23.398 22.578 22.283 22.045 21.935 21.99 22.773 22.555 22.578 22.48 22.315 22.198 22.11 21.833
30.905 30.715 30.54 30.37 30.22 30.068 29.93 29.785 29.635 29.488 29.36 29.163 29.038 28.97 28.863 28.55 28.373 28.138 28.02 27.985 27.905 27.763 27.665 27.658 27.8 27.663 33.523 34.773 28.348 27.013 26.828 26.78 26.803 26.455 27.713 30.388 26.453 26.12 25.92 25.89 26.025 25.46 25.07 24.915 24.95 24.888 24.838 24.715 24.548 24.453 24.373 24.263 24.193 24.093 23.953 23.833 23.775 23.615 22.993 22.468 22.328 22.028 21.885 21.908 22.873 22.538 22.488 22.405 22.295 21.938 21.708 21.868
30.968 30.78 30.583 30.425 30.273 30.123 30.008 29.86 29.705 29.538 29.383 29.203 29.053 28.943 28.775 28.533 28.385 28.125 28.018 27.973 27.908 27.81 27.69 27.595 27.55 27.263 29.26 30.82 26.715 26.248 26.07 25.993 26.618 26.003 25.64 25.94 25.568 25.413 25.39 25.133 25.288 25.03 24.985 24.845 24.79 24.69 24.613 24.56 24.453 24.58 24.505 24.088 24.043 23.973 23.63 23.25 23.19 22.955 22.633 22.52 22.453 22.193 21.798 21.803 22.713 22.503 22.433 22.303 22.268 23.743 24.273 24.34
31.005 30.83 30.653 30.458 30.3 30.13 30.01 29.868 29.705 29.565 29.375 29.183 29.015 28.91 28.708 28.508 28.365 28.175 28.03 27.943 27.855 27.738 27.66 27.565 27.488 27.31 28.068 28.77 27.36 26.278 26.085 26.36 25.75 25.58 25.503 25.41 25.3 25.243 25.19 25.06 25.008 24.975 24.91 24.818 24.758 24.673 24.605 24.485 24.42 24.32 24.205 24.105 24.008 23.888 23.315 23.008 22.875 22.705 22.568 22.528 22.85 22.76 21.713 21.658 22.22 22.343 22.078 24.178 26.5 26.48 24.978 24.955
31.018 30.838 30.65 30.465 30.308 30.133 29.99 29.87 29.7 29.5 29.345 29.155 29 28.898 28.763 28.448 28.303 28.155 27.995 27.895 27.795 27.653 27.628 27.565 27.45 27.26 27.67 28.91 26.488 26.288 26.113 25.915 25.718 25.55 25.473 25.373 25.283 25.228 25.118 25.028 25.01 24.998 24.87 24.725 24.66 24.61 24.523 24.453 24.56 24.418 24.17 24.05 23.97 23.735 23.175 23.003 22.868 22.663 22.565 22.47 23.453 23.173 21.72 21.61 21.725 21.843 22.018 25.035 26.543 26.595 26.768 27.23
31.018 30.835 30.64 30.478 30.29 30.13 29.985 29.823 29.655 29.458 29.29 29.088 28.94 28.9 28.733 28.388 28.265 28.123 27.97 27.84 27.745 27.65 27.568 27.508 27.41 27.208 27.08 29.113 26.573 26.218 26.113 26.1 25.715 25.563 25.473 25.378 25.318 25.213 25.533 25.6 25.093 25.015 24.95 24.57 24.52 24.51 24.438 24.363 26.608 29.483 26.84 24.923 23.905 23.618 23.53 23.293 22.85 22.688 22.59 22.438 22.888 23.568 21.978 21.548 22.235 22.305 22.043 22.243 26.945 27.405 27.398 26.683
31.053 30.855 30.663 30.45 30.283 30.128 29.943 29.778 29.598 29.388 29.233 29.073 28.9 28.82 28.658 28.348 28.2 28.06 27.89 27.785 27.668 27.58 27.468 27.42 27.35 27.125 26.788 28.858 26.823 26.158 26.105 26.308 25.79 25.55 25.44 25.39 25.393 25.243 25.58 25.7 24.995 25.18 26.718 26.583 26.12 24.553 24.5 24.61 29.095 30.723 30.128 26.233 23.833 23.54 23.378 23.8 22.953 22.738 22.625 22.378 22.18 22.915 22.59 21.448 21.723 22.365 22.115 21.933 24.833 25.718 23.598 22.743
31.06 30.85 30.635 30.435 30.24 30.06 29.865 29.68 29.518 29.328 29.185 29.033 28.855 28.713 28.575 28.27 28.168 28 27.858 27.733 27.63 27.528 27.41 27.383 27.275 27.08 26.678 27.995 27.095 26.103 25.975 25.973 26.395 25.683 25.52 25.413 25.543 25.36 25.71 25.715 25.175 25.898 27.23 28.5 30.24 29.15 29.59 28.163 30.463 30.723 28.945 25.175 23.735 23.538 23.37 23.02 22.873 22.763 22.543 22.363 22.19 22.163 22.863 21.383 21.315 22.478 22.13 21.97 21.715 21.77 21.913 22.528
31.028 30.808 30.608 30.395 30.185 29.99 29.813 29.605 29.433 29.285 29.135 28.963 28.81 28.668 28.483 28.19 28.088 27.953 27.785 27.685 27.523 27.455 27.358 27.325 27.2 27.01 26.68 26.97 28.115 26.215 26.455 27.693 27.91 26.493 25.49 25.525 25.998 26.603 26.52 25.403 25.78 24.635 26.608 29.323 30.823 31.468 31.02 30.873 30.77 30.435 28.045 23.745 23.633 23.523 23.315 22.968 22.858 22.668 22.48 22.333 22.193 22.118 22.643 21.8 21.22 22.195 22.23 21.825 22.22 22.25 22.18 22.65
31.035 30.83 30.608 30.375 30.16 29.958 29.775 29.573 29.398 29.275 29.1 28.968 28.745 28.585 28.45 28.163 28.03 27.883 27.698 27.573 27.49 27.385 27.315 27.235 27.08 26.935 26.693 26.393 27.528 26.55 26.928 27.508 27.19 26.295 26.21 26.808 25.365 25.288 26.6 25.268 24.88 24.275 24.108 27.53 30.938 31.428 31.58 31.858 31.263 30.72 28.105 23.725 23.455 23.405 23.153 22.913 22.78 22.533 22.415 22.275 22.205 22.125 22.125 22.498 21.233 21.28 22.408 22.525 21.85 21.41 21.645 21.545
31.015 30.823 30.593 30.358 30.145 29.94 29.745 29.563 29.398 29.26 29.068 28.893 28.733 28.525 28.443 28.103 27.995 27.81 27.623 27.473 27.37 27.293 27.183 27.083 26.973 26.858 26.64 26.483 28.1 27.508 27.33 25.863 27.028 27.915 27.888 26.668 25.208 25.175 25.108 24.76 24.543 24.128 25.65 29.883 30.093 30.535 31.283 31.69 31.29 30.1 25.51 23.56 23.445 23.413 22.988 22.87 22.608 22.435 22.325 22.248 22.218 22.103 22.015 22.955 21.49 21.04 21.085 21.835 22.723 22.575 22.108 22.6
31.033 30.81 30.575 30.345 30.128 29.95 29.753 29.598 29.38 29.233 29.073 28.87 28.708 28.545 28.378 28.048 27.89 27.73 27.548 27.385 27.29 27.165 27.065 26.988 26.913 26.81 26.575 26.343 27.785 26.793 26.243 25.613 27.038 27.33 26.483 25.198 25.565 26.735 24.913 24.945 24.663 24.31 28.49 30.61 30.25 30.183 30.438 30.923 30.753 28.005 24.758 24.368 23.713 23.033 22.9 22.71 22.433 22.31 22.258 22.218 22.16 22.06 21.953 22.443 22.255 20.993 20.948 21.06 21.065 23.723 24.045 24.08
31.02 30.81 30.58 30.355 30.145 29.958 29.778 29.598 29.355 29.19 28.99 28.803 28.645 28.51 28.395 27.995 27.79 27.635 27.463 27.335 27.203 27.105 26.983 26.908 26.848 26.72 26.503 26.258 27.575 27.078 26.928 27.608 26.478 26.62 26.428 24.995 26.1 26.69 24.945 25.743 25.93 24.91 28.663 30.27 30.698 30.73 30.633 30.383 29.708 25.51 23.458 24.515 24.368 23.915 22.78 22.49 22.318 22.225 22.195 22.128 22.075 21.97 21.888 21.86 22.72 21.25 20.86 20.84 20.835 23.035 25.12 25.765
30.945 30.74 30.62 30.33 30.103 29.878 29.705 29.475 29.283 29.09 28.913 28.718 28.575 28.415 28.255 27.94 27.74 27.618 27.463 27.298 27.163 27.04 26.963 26.878 26.768 26.603 26.413 26.233 26.768 27.143 28.043 28.05 27.205 27.178 26.79 25.323 25.658 25.32 25.14 26.098 25.583 23.983 24.543 25.323 28.765 30.235 30.555 29.413 26.498 24.028 23.48 23.29 23.748 23.595 23.055 22.34 22.243 22.16 22.085 22.023 21.933 21.865 21.79 21.678 22.243 21.75 20.74 20.718 20.743 22.268 26.43 26.44
