All_lidar/sz5989_DSM_2M.asc
ncols 500
nrows 500
xllcorner    459000
yllcorner    89000
cellsize     2
NODATA_value -9999
[rows 416 to 447 of 500, columns 72 to 143 of 500]
22.749 22.732 22.689 22.702 22.707 22.687 22.667 22.639 22.669 22.662 22.657 22.637 22.604 22.582 22.474 22.429 22.399 22.382 22.382 22.339 22.337 22.319 22.269 22.224 22.167 22.097 22.047 22.029 21.997 21.934 21.902 21.862 21.804 21.744 21.662 21.584 21.519 21.489 21.429 21.377 21.294 21.194 21.109 21.057 21.017 20.972 20.887 21.089 21.107 21.299 21.547 21.354 21.947 21.144 21.057 21.117 21.137 21.302 21.924 21.177 20.727 20.707 20.679 20.714 20.769 20.832 21.182 21.204 21.167 21.279 21.009 20.734
22.794 22.737 22.734 22.744 22.714 22.712 22.682 22.684 22.714 22.687 22.697 22.684 22.624 22.549 22.479 22.444 22.434 22.434 22.417 22.394 22.382 22.314 22.289 22.224 22.167 22.112 22.102 22.049 22.037 21.984 21.947 21.887 21.812 21.774 21.709 21.604 21.574 21.514 21.444 21.397 21.327 21.209 21.149 21.067 21.047 20.977 20.929 20.997 22.419 20.929 21.862 21.897 21.432 21.214 21.057 21.127 21.154 21.179 21.259 21.019 20.707 20.704 20.707 20.709 20.699 20.729 20.882 21.179 21.199 20.884 20.664 20.722
22.797 22.769 22.769 22.769 22.757 22.724 22.734 22.744 22.777 22.744 22.757 22.749 22.669 22.589 22.482 22.464 22.457 22.477 22.464 22.417 22.404 22.337 22.289 22.212 22.172 22.129 22.112 22.114 22.057 22.019 21.979 21.932 21.864 21.787 21.722 21.642 21.587 21.559 21.484 21.452 21.372 21.224 21.162 21.114 21.077 21.042 20.989 20.942 21.192 20.989 21.629 21.527 21.417 21.122 21.092 21.119 21.164 21.219 21.204 21.169 20.707 20.692 20.709 20.709 20.717 20.794 20.757 20.872 20.879 20.729 20.714 20.689
22.834 22.819 22.807 22.784 22.749 22.767 22.799 22.804 22.772 22.787 22.807 22.779 22.689 22.602 22.514 22.484 22.512 22.502 22.477 22.447 22.414 22.347 22.312 22.242 22.224 22.177 22.157 22.114 22.099 22.059 21.992 21.934 21.892 21.822 21.727 21.697 21.642 21.594 21.547 21.452 21.384 21.257 21.194 21.167 21.109 21.079 21.009 20.869 21.724 22.864 21.209 21.564 21.462 21.234 21.124 21.137 21.179 21.257 21.227 21.287 20.807 20.699 20.729 20.719 20.729 20.724 20.777 20.702 20.699 20.707 20.767 20.757
22.857 22.852 22.844 22.819 22.797 22.817 22.817 22.814 22.834 22.854 22.872 22.794 22.684 22.592 22.549 22.554 22.544 22.539 22.512 22.464 22.424 22.359 22.332 22.269 22.234 22.207 22.182 22.157 22.112 22.082 22.029 21.969 21.892 21.812 21.779 21.732 21.717 21.667 21.579 21.512 21.429 21.292 21.204 21.184 21.137 21.122 21.057 20.962 23.279 23.497 21.289 22.099 22.102 21.872 21.249 21.139 21.162 21.234 21.264 21.297 20.972 20.712 20.722 20.739 20.704 20.699 20.692 20.699 20.697 20.699 20.709 20.707
22.904 22.892 22.872 22.847 22.877 22.874 22.869 22.879 22.874 22.909 22.889 22.809 22.709 22.627 22.604 22.587 22.589 22.567 22.534 22.497 22.442 22.392 22.352 22.302 22.282 22.257 22.214 22.172 22.149 22.092 22.049 21.997 21.944 21.884 21.839 21.787 21.729 21.682 21.617 21.539 21.452 21.332 21.257 21.229 21.169 21.152 21.117 21.024 21.279 21.864 21.072 21.729 22.157 22.694 21.732 21.199 21.152 21.197 21.289 21.354 21.204 20.757 20.719 20.747 20.712 20.729 20.692 20.697 20.712 20.772 20.797 20.744
22.939 22.922 22.892 22.899 22.912 22.909 22.927 22.919 22.934 22.954 22.884 22.807 22.717 22.644 22.629 22.649 22.607 22.594 22.557 22.527 22.467 22.404 22.377 22.344 22.324 22.294 22.257 22.204 22.177 22.122 22.062 22.027 21.974 21.917 21.867 21.842 21.794 21.749 21.684 21.574 21.452 21.377 21.322 21.269 21.219 21.194 21.117 21.039 21.422 21.364 21.887 23.617 23.409 23.079 22.467 21.679 21.192 21.202 21.274 21.462 21.327 20.774 20.719 20.717 20.722 20.727 20.709 20.714 20.782 20.712 20.727 20.744
22.999 22.949 22.939 22.962 22.972 22.937 22.952 22.942 22.974 22.979 22.904 22.814 22.737 22.659 22.659 22.669 22.652 22.617 22.569 22.539 22.492 22.442 22.412 22.374 22.337 22.332 22.282 22.234 22.212 22.159 22.124 22.077 22.014 21.949 21.899 21.884 21.832 21.774 21.694 21.609 21.509 21.419 21.382 21.319 21.242 21.214 21.159 21.074 21.152 22.057 23.159 21.662 22.767 22.809 22.864 22.364 21.789 21.239 21.254 21.452 21.402 21.059 20.697 20.722 20.719 20.699 20.692 20.672 20.732 20.679 20.724 -9999
23.029 23.012 23.009 23.004 22.954 22.994 23.002 22.994 23.024 23.002 22.929 22.822 22.752 22.709 22.707 22.699 22.694 22.667 22.604 22.557 22.494 22.467 22.442 22.422 22.369 22.354 22.314 22.267 22.219 22.202 22.159 22.092 22.039 22.004 21.972 21.924 21.879 21.827 21.704 21.619 21.517 21.459 21.434 21.364 21.297 21.229 21.204 21.129 21.059 22.139 22.577 22.752 22.482 22.979 22.964 22.629 22.369 21.619 21.312 21.377 21.427 21.069 20.764 20.694 20.694 20.687 20.699 20.739 20.704 20.737 20.739 -9999
23.062 23.067 23.039 23.049 23.027 23.022 23.019 23.039 23.049 23.037 22.957 22.847 22.782 22.724 22.764 22.722 22.719 22.692 22.629 22.572 22.527 22.479 22.484 22.432 22.399 22.382 22.332 22.292 22.249 22.202 22.144 22.099 22.079 22.037 21.984 21.942 21.897 21.827 21.724 21.629 21.572 21.527 21.467 21.392 21.339 21.267 21.244 21.192 21.147 21.887 23.554 22.127 22.799 22.849 23.239 22.689 22.617 22.192 21.592 21.372 21.427 21.289 20.884 20.714 20.694 20.694 20.689 20.739 20.744 20.694 20.734 20.746
23.119 23.122 23.072 23.062 23.054 23.077 23.099 23.087 23.079 23.049 22.939 22.829 22.767 22.774 22.767 22.744 22.754 22.712 22.652 22.577 22.542 22.512 22.484 22.434 22.422 22.404 22.347 22.324 22.284 22.214 22.177 22.124 22.109 22.069 22.027 21.964 21.879 21.832 21.719 21.649 21.607 21.569 21.527 21.442 21.369 21.307 21.302 21.219 21.162 21.414 21.957 22.712 22.667 23.089 23.334 22.409 22.714 22.657 21.972 21.417 21.374 21.379 21.219 20.782 20.689 20.757 20.734 20.729 20.747 20.752 20.737 20.724
23.162 23.142 23.109 23.104 23.077 23.097 23.162 23.134 23.084 23.032 22.942 22.852 22.802 22.814 22.809 22.789 22.772 22.714 22.652 22.587 22.564 22.537 22.512 22.462 22.449 22.427 22.362 22.347 22.299 22.252 22.192 22.159 22.132 22.099 22.052 21.972 21.867 21.844 21.737 21.699 21.654 21.612 21.524 21.462 21.397 21.369 21.337 21.279 21.224 21.199 21.989 22.279 23.244 23.069 22.859 22.059 22.219 22.752 22.534 21.929 21.417 21.454 21.484 21.182 20.749 20.724 20.717 20.747 20.732 20.727 20.739 20.849
23.192 23.164 23.137 23.142 23.134 23.172 23.157 23.162 23.104 23.057 22.947 22.879 22.849 22.849 22.852 22.817 22.777 22.709 22.652 22.592 22.569 22.557 22.542 22.504 22.452 22.444 22.384 22.377 22.304 22.297 22.249 22.212 22.172 22.104 22.062 21.977 21.912 21.832 21.774 21.739 21.722 21.647 21.577 21.469 21.442 21.399 21.379 21.314 21.267 21.247 22.187 22.052 22.122 21.912 23.044 22.272 22.032 22.064 22.437 22.474 21.717 21.462 21.367 21.312 20.917 20.694 20.734 20.724 20.707 20.709 20.704 20.769
23.212 23.177 23.182 23.167 23.177 23.184 23.204 23.159 23.119 23.067 22.977 22.904 22.879 22.892 22.877 22.817 22.802 22.712 22.677 22.604 22.604 22.584 22.554 22.517 22.502 22.422 22.404 22.379 22.312 22.294 22.262 22.199 22.159 22.102 22.054 22.014 21.919 21.837 21.807 21.779 21.754 21.669 21.577 21.492 21.467 21.442 21.442 21.349 21.259 21.239 22.079 22.499 23.929 21.414 22.539 22.057 21.597 21.779 22.314 22.612 22.277 21.664 21.469 21.539 21.437 20.852 20.697 20.684 20.707 20.689 20.734 20.764
23.219 23.214 23.182 23.207 23.214 23.214 23.214 23.184 23.134 23.094 22.967 22.912 22.899 22.897 22.872 22.802 22.782 22.679 22.652 22.634 22.614 22.589 22.567 22.534 22.484 22.432 22.409 22.374 22.334 22.309 22.274 22.207 22.142 22.112 22.042 21.982 21.914 21.869 21.844 21.792 21.752 21.649 21.607 21.539 21.492 21.472 21.449 21.374 21.319 21.289 21.627 21.534 22.184 21.529 21.609 21.399 21.639 22.322 22.274 22.369 22.859 22.469 21.657 21.502 21.447 21.109 20.772 20.729 20.699 20.734 20.712 21.047
23.262 23.234 23.217 23.209 23.239 23.249 23.242 23.202 23.172 23.107 23.014 22.939 22.932 22.907 22.852 22.817 22.749 22.702 22.694 22.667 22.647 22.619 22.579 22.527 22.482 22.482 22.439 22.397 22.364 22.327 22.282 22.212 22.167 22.097 22.029 21.979 21.917 21.877 21.857 21.817 21.752 21.657 21.617 21.567 21.517 21.492 21.467 21.407 21.334 21.352 21.472 22.202 21.314 21.249 21.307 21.532 21.674 22.389 22.514 22.237 22.317 22.964 22.402 21.754 21.472 21.314 21.082 20.839 20.762 20.732 20.772 21.244
23.272 23.259 23.212 23.252 23.284 23.277 23.249 23.257 23.182 23.109 23.007 22.967 22.944 22.907 22.837 22.809 22.764 22.739 22.714 22.694 22.664 22.667 22.584 22.557 22.547 22.502 22.459 22.419 22.369 22.319 22.289 22.207 22.142 22.102 22.032 21.982 21.947 21.869 21.854 21.829 21.754 21.677 21.649 21.592 21.557 21.514 21.484 21.439 21.414 21.387 21.834 23.962 21.384 21.912 21.349 21.512 21.784 22.162 22.337 22.517 21.979 22.479 22.709 22.192 21.639 21.477 21.112 21.294 20.842 20.752 20.969 21.249
23.284 23.249 23.249 23.297 23.294 23.272 23.257 23.277 23.207 23.092 23.007 22.972 22.974 22.919 22.837 22.799 22.752 22.754 22.734 22.709 22.699 22.672 22.622 22.607 22.567 22.519 22.469 22.442 22.397 22.342 22.294 22.237 22.152 22.089 22.042 21.979 21.947 21.897 21.867 21.854 21.757 21.727 21.659 21.607 21.582 21.554 21.492 21.482 21.439 21.347 21.457 22.012 23.367 21.874 21.319 21.552 21.907 21.894 22.372 22.524 22.212 21.602 22.137 22.372 21.892 21.674 21.299 21.019 20.854 21.019 21.302 21.379
23.287 23.274 23.279 23.329 23.327 23.309 23.314 23.289 23.207 23.069 23.017 22.997 22.949 22.907 22.847 22.829 22.794 22.779 22.749 22.732 22.727 22.702 22.664 22.624 22.599 22.559 22.514 22.477 22.414 22.349 22.299 22.232 22.157 22.082 22.057 22.014 21.969 21.902 21.892 21.842 21.787 21.752 21.697 21.637 21.614 21.607 21.539 21.504 21.442 21.357 21.547 21.792 21.597 21.329 21.234 21.302 21.599 21.859 22.057 22.392 21.957 21.492 21.782 21.739 22.044 21.729 21.569 21.314 21.244 21.269 21.402 21.402
23.317 23.309 23.334 23.352 23.347 23.344 23.352 23.299 23.177 23.089 23.019 23.012 22.947 22.924 22.867 22.834 22.834 22.794 22.769 22.764 22.747 22.709 22.682 22.667 22.617 22.579 22.569 22.512 22.422 22.367 22.312 22.244 22.177 22.109 22.077 22.027 21.982 21.952 21.914 21.849 21.807 21.749 21.709 21.644 21.634 21.627 21.587 21.529 21.439 21.347 21.422 21.599 21.912 21.314 21.229 21.262 21.554 21.669 21.922 21.967 21.999 22.044 22.197 22.147 21.817 22.039 21.722 21.674 21.527 21.529 21.439 21.412
23.329 23.339 23.379 23.362 23.349 23.367 23.339 23.267 23.134 23.092 23.052 23.017 22.962 22.919 22.864 22.889 22.852 22.839 22.804 22.792 22.767 22.729 22.707 22.662 22.654 22.609 22.574 22.539 22.472 22.414 22.347 22.242 22.187 22.122 22.114 22.062 22.029 21.967 21.922 21.867 21.814 21.759 21.709 21.669 21.669 21.659 21.607 21.557 21.464 21.382 21.462 21.537 21.344 21.204 21.192 21.204 21.339 21.584 21.849 22.104 22.239 22.447 22.429 22.504 22.042 21.842 22.259 21.869 21.789 21.674 21.557 21.472
23.377 23.382 23.397 23.412 23.382 23.392 23.354 23.284 23.159 23.107 23.064 23.022 22.977 22.952 22.904 22.907 22.874 22.852 22.847 22.819 22.789 22.732 22.722 22.682 22.667 22.634 22.602 22.557 22.467 22.427 22.342 22.274 22.199 22.187 22.159 22.109 22.052 22.014 21.969 21.917 21.837 21.784 21.727 21.734 21.704 21.704 21.609 21.557 21.474 21.414 21.474 21.487 21.399 21.324 21.269 21.259 21.162 21.289 21.524 22.194 22.402 22.567 22.607 22.327 22.084 21.952 22.129 22.527 22.489 21.969 22.549 22.337
23.424 23.437 23.427 23.414 23.409 23.419 23.359 23.269 23.159 23.097 23.082 23.032 22.984 22.979 22.959 22.952 22.894 22.882 22.884 22.817 22.807 22.764 22.714 22.704 22.717 22.657 22.634 22.579 22.487 22.397 22.327 22.264 22.217 22.217 22.199 22.144 22.072 22.017 21.974 21.914 21.847 21.794 21.762 21.759 21.717 21.699 21.644 21.552 21.449 21.357 21.529 21.562 21.382 21.409 21.269 21.399 21.272 21.334 21.324 22.042 22.452 22.602 22.474 22.104 22.092 22.012 21.844 22.014 22.767 23.464 23.262 22.972
23.479 23.439 23.434 23.429 23.417 23.414 23.374 23.287 23.204 23.119 23.072 23.057 23.044 23.029 23.017 22.989 22.932 22.902 22.877 22.837 22.807 22.774 22.729 22.732 22.709 22.704 22.657 22.587 22.492 22.417 22.352 22.274 22.242 22.239 22.214 22.162 22.099 22.034 21.984 21.902 21.852 21.802 21.804 21.797 21.762 21.712 21.659 21.587 21.462 21.442 21.667 21.537 21.422 21.349 21.312 21.287 21.337 21.859 21.529 21.422 21.654 22.114 22.047 22.099 22.102 22.134 21.927 21.837 22.509 23.427 22.542 22.742
23.489 23.439 23.434 23.444 23.449 23.457 23.422 23.312 23.244 23.164 23.109 23.079 23.079 23.077 23.029 22.997 22.947 22.917 22.902 22.862 22.842 22.787 22.764 22.772 22.767 22.702 22.644 22.572 22.494 22.414 22.362 22.312 22.284 22.264 22.232 22.162 22.114 22.044 22.004 21.919 21.877 21.849 21.842 21.832 21.799 21.742 21.704 21.602 21.494 21.564 21.687 21.497 21.419 21.364 21.347 21.289 21.619 21.679 21.834 22.144 21.504 21.489 21.529 21.859 21.937 22.087 21.992 21.799 21.792 21.892 22.822 21.987
23.472 23.429 23.447 23.462 23.444 23.467 23.414 23.352 23.262 23.162 23.122 23.104 23.122 23.087 23.027 23.029 22.957 22.934 22.909 22.867 22.839 22.807 22.779 22.799 22.749 22.702 22.629 22.559 22.502 22.432 22.389 22.342 22.324 22.289 22.234 22.177 22.114 22.054 21.969 21.937 21.909 21.897 21.894 21.862 21.817 21.749 21.704 21.589 21.532 21.759 21.652 21.542 21.542 21.544 21.592 21.349 21.764 21.872 22.347 21.942 21.717 21.897 21.577 21.409 21.489 21.732 21.784 21.882 23.094 23.674 22.432 21.224
23.457 23.452 23.462 23.489 23.499 23.512 23.432 23.339 23.219 23.177 23.157 23.147 23.127 23.089 23.044 23.012 22.967 22.937 22.907 22.882 22.822 22.809 22.797 22.799 22.747 22.682 22.629 22.554 22.497 22.459 22.417 22.374 22.307 22.277 22.239 22.167 22.119 22.024 21.987 21.924 21.934 21.892 21.894 21.864 21.814 21.767 21.692 21.527 21.884 22.019 22.032 22.097 21.844 21.687 21.467 21.642 22.069 21.974 21.709 21.667 21.977 21.952 21.674 21.764 21.569 21.484 21.542 25.574 27.389 28.217 27.109 22.854
23.459 23.469 23.489 23.512 23.509 23.509 23.452 23.297 23.234 23.172 23.189 23.179 23.152 23.094 23.074 23.007 22.959 22.922 22.874 22.847 22.839 22.792 22.804 22.767 22.709 22.632 22.587 22.532 22.494 22.452 22.419 22.362 22.352 22.297 22.222 22.164 22.097 22.034 21.957 21.949 21.947 21.907 21.904 21.869 21.819 21.767 21.669 21.589 22.307 23.044 22.817 22.774 21.857 21.542 21.477 21.827 21.694 21.724 22.062 21.942 21.879 21.614 22.037 22.174 21.819 21.592 21.637 22.704 28.214 27.307 24.554 22.829
23.529 23.522 23.542 23.547 23.527 23.524 23.417 23.289 23.224 23.179 23.202 23.174 23.132 23.074 23.039 22.959 22.914 22.889 22.847 22.814 22.824 22.814 22.777 22.762 22.687 22.649 22.572 22.532 22.482 22.434 22.409 22.382 22.377 22.307 22.239 22.159 22.102 22.042 21.987 21.952 21.959 21.904 21.879 21.852 21.837 21.727 21.639 21.752 22.014 21.857 21.894 22.042 21.784 21.507 21.927 22.184 21.634 21.979 22.487 22.297 21.762 21.987 22.502 22.189 22.139 22.029 27.204 28.347 28.087 28.922 22.167 21.942
23.534 23.509 23.537 23.547 23.539 23.504 23.369 23.239 23.169 23.204 23.197 23.124 23.104 23.067 22.987 22.939 22.922 22.879 22.862 22.829 22.807 22.787 22.767 22.734 22.689 22.622 22.569 22.527 22.487 22.437 22.432 22.399 22.369 22.302 22.234 22.167 22.074 22.019 21.999 21.989 21.952 21.899 21.897 21.894 21.827 21.712 21.649 21.889 22.117 21.877 22.354 22.464 21.692 21.817 22.399 22.447 22.244 22.297 22.792 22.187 21.799 22.299 22.142 22.354 23.409 23.572 27.084 29.557 27.334 24.842 24.952 21.909
23.554 23.544 23.549 23.564 23.552 23.497 23.337 23.224 23.194 23.199 23.177 23.139 23.097 23.017 22.957 22.917 22.899 22.864 22.842 22.809 22.779 22.779 22.747 22.722 22.652 22.607 22.552 22.519 22.502 22.457 22.439 22.394 22.349 22.297 22.229 22.134 22.069 22.037 22.029 21.994 21.947 21.937 21.907 21.872 21.797 21.734 21.819 21.982 22.234 23.337 24.407 22.602 21.637 22.114 22.377 21.929 22.144 22.152 22.197 21.654 21.784 21.939 22.592 23.992 24.409 24.284 22.447 27.377 25.457 23.564 24.019 21.954
23.539 23.527 23.579 23.612 23.534 23.454 23.282 23.199 23.194 23.199 23.169 23.119 23.089 23.007 22.934 22.914 22.894 22.842 22.824 22.807 22.809 22.779 22.774 22.687 22.644 22.579 22.544 22.524 22.492 22.462 22.427 22.412 22.364 22.304 22.212 22.137 22.089 22.054 22.019 22.007 21.944 21.949 21.914 21.874 21.837 21.732 22.324 23.352 21.862 22.774 24.567 22.374 21.667 21.857 21.874 21.759 21.787 21.789 21.682 21.959 22.194 21.854 21.687 24.337 27.139 22.762 22.517 21.239 22.409 22.582 22.549 21.899
