All_lidar/sz5991_DSM_2M.asc
ncols 500
nrows 500
xllcorner    459000
yllcorner    91000
cellsize     2
NODATA_value -9999
[rows 96 to 127 of 500, columns 216 to 287 of 500]
5.896 5.971 5.809 5.564 5.459 5.346 5.261 5.314 5.081 4.906 5.469 4.839 4.894 6.449 5.376 6.646 7.164 7.146 5.374 4.729 4.686 4.781 5.066 6.134 5.719 7.751 7.474 6.724 5.039 5.024 4.954 4.936 4.746 4.686 4.699 4.679 4.701 4.656 4.699 4.541 4.759 4.881 6.821 8.869 9.064 8.589 7.891 6.776 9.444 9.654 8.916 9.454 10.286 14.906 17.671 19.104 19.456 18.094 15.241 14.179 11.814 11.111 11.141 11.194 11.249 11.316 11.511 11.846 12.239 15.254 18.401 18.796
5.974 6.051 5.714 5.574 5.476 5.294 5.166 5.024 5.024 4.829 5.596 4.989 4.664 4.891 6.226 5.934 6.726 6.954 4.901 4.794 4.774 4.859 5.071 5.996 6.474 6.499 6.659 6.296 5.009 4.989 4.961 4.844 4.706 4.676 4.676 4.731 4.706 4.629 4.651 4.669 5.179 5.499 7.316 8.679 8.349 8.209 6.556 8.711 9.804 8.839 9.504 10.299 12.556 16.659 18.556 19.654 18.684 16.319 12.554 11.169 11.169 11.269 11.231 11.286 11.356 11.644 12.661 11.796 15.314 17.911 19.294 20.204
6.656 5.894 5.674 5.586 5.454 5.269 5.111 5.051 4.981 4.771 4.719 4.734 4.724 4.776 6.194 5.856 5.426 5.301 4.959 5.401 4.879 4.959 4.956 5.549 6.004 6.891 5.721 5.256 5.081 4.991 4.946 4.751 4.644 4.706 4.666 4.661 4.699 4.626 4.581 5.296 5.181 6.836 10.226 10.186 8.539 8.116 7.804 10.186 9.464 9.051 10.101 12.464 16.509 17.929 19.389 19.214 17.689 13.251 11.276 11.401 11.419 11.524 11.366 11.414 11.464 12.499 12.601 13.264 19.311 21.259 20.486 19.859
6.506 6.001 5.671 5.624 5.526 5.294 5.186 5.034 5.009 4.806 4.686 4.731 4.549 5.416 5.771 5.499 5.214 4.804 5.506 5.129 4.864 4.909 4.994 5.719 5.871 5.961 5.464 5.071 5.009 4.976 4.859 4.676 4.651 4.714 4.694 4.671 4.644 4.614 4.881 5.156 4.329 7.936 9.286 8.389 7.711 7.191 9.131 9.356 9.841 10.186 11.561 14.666 17.216 18.794 20.026 18.806 16.719 11.289 11.341 11.596 11.491 11.464 11.464 11.529 11.679 11.784 12.079 16.889 21.206 21.676 20.434 19.021
6.124 5.876 5.646 5.581 5.486 5.371 5.209 5.099 4.961 4.889 4.774 4.926 4.721 6.306 5.766 5.546 5.036 4.876 5.096 4.859 4.889 4.939 5.019 5.491 5.834 5.619 5.221 4.999 4.959 4.936 4.821 4.664 4.719 4.699 4.656 4.694 4.616 4.586 5.171 4.686 7.116 7.494 7.269 7.779 7.634 8.141 9.479 9.256 9.431 9.876 11.886 16.684 18.144 19.534 20.809 20.129 12.716 11.316 11.374 11.431 11.451 11.539 11.609 11.656 12.526 12.081 11.929 14.726 20.706 20.966 19.614 17.919
6.204 5.426 5.269 5.356 5.256 5.456 5.156 5.016 5.146 5.006 4.946 4.856 5.106 6.139 5.631 5.356 4.971 4.819 4.794 4.856 4.879 4.924 5.271 6.121 5.451 5.141 5.119 4.921 4.944 4.844 4.644 4.711 4.736 4.759 4.736 4.714 4.624 5.174 6.696 4.066 8.106 8.546 6.769 6.796 8.201 11.226 14.559 11.806 10.356 10.411 10.876 11.616 12.164 20.411 20.684 14.089 11.914 11.369 11.801 11.489 11.541 11.614 11.696 11.759 12.516 12.249 12.964 12.244 13.014 17.391 18.709 16.934
6.724 5.769 5.469 5.409 5.069 4.971 4.819 4.789 4.689 4.731 4.546 4.534 6.579 6.169 5.199 4.874 4.849 4.831 4.806 4.861 4.904 5.111 5.696 6.216 5.716 5.144 4.979 4.939 4.946 4.736 4.671 4.744 4.699 4.729 4.694 4.679 4.624 5.351 6.739 4.751 6.506 9.864 6.761 7.159 9.384 14.166 20.634 19.744 14.814 11.159 11.441 11.744 11.449 12.386 16.979 12.509 11.386 11.439 11.986 11.554 11.644 11.709 11.799 11.866 11.944 12.604 12.361 12.206 12.216 12.294 13.424 15.369
6.034 5.799 5.654 5.694 5.409 5.381 5.279 5.174 5.216 5.181 4.561 4.764 7.294 6.234 5.221 4.871 4.839 4.786 4.821 4.854 4.916 5.279 5.456 6.474 5.681 5.086 4.941 4.899 4.831 4.649 4.699 4.739 4.801 4.734 4.746 4.619 4.761 5.231 4.849 7.249 7.924 8.436 6.921 8.174 10.786 18.759 22.544 23.734 21.801 15.509 13.564 11.896 11.674 11.536 11.496 11.444 11.469 11.544 11.621 11.699 11.761 11.819 11.869 11.956 12.024 12.171 12.201 12.246 12.311 12.534 13.419 12.556
6.161 6.711 6.326 5.709 5.684 5.389 5.449 5.384 5.366 5.469 4.586 5.986 7.031 5.744 4.921 4.909 4.806 4.809 4.914 4.934 4.996 5.031 5.079 5.096 5.149 5.089 4.961 4.884 4.719 4.676 4.746 4.734 4.771 4.684 4.684 4.669 4.946 4.871 4.684 8.131 7.514 7.066 8.371 9.301 14.176 21.111 23.416 23.119 21.359 20.464 20.359 17.691 12.959 11.654 11.551 12.066 11.789 11.661 11.734 11.896 12.384 11.981 12.021 12.831 12.684 12.156 12.209 12.296 12.344 12.609 12.719 12.604
6.161 6.161 6.656 6.721 7.291 6.444 5.454 5.779 5.489 4.864 4.791 6.841 5.694 5.191 5.036 4.894 4.811 4.881 4.949 4.991 5.144 5.421 5.404 5.254 5.021 4.941 4.929 4.826 4.684 4.731 4.774 4.754 4.724 4.681 4.646 4.756 5.636 4.504 6.441 6.231 6.884 6.911 8.789 10.854 18.809 22.711 23.519 22.119 20.666 21.089 22.956 22.821 17.246 11.679 11.574 12.124 12.389 11.871 11.889 11.994 12.346 12.099 12.909 13.796 13.629 13.191 12.494 12.369 12.424 12.529 12.591 12.711
6.154 5.961 5.919 5.841 5.801 5.871 5.826 5.979 5.961 4.634 5.706 5.849 5.279 5.126 4.904 4.879 4.896 4.956 5.019 5.021 5.206 5.956 5.741 5.059 4.926 4.919 4.869 4.749 4.709 4.774 4.751 4.804 4.716 4.714 4.691 5.834 7.121 4.376 5.964 6.276 6.626 7.094 9.671 14.621 21.244 23.546 22.926 21.074 20.661 22.139 23.426 22.161 13.619 11.651 11.654 11.771 11.879 11.979 12.029 12.171 12.181 12.429 13.726 16.806 19.121 15.751 13.644 13.489 12.634 12.581 12.661 12.771
6.156 6.044 5.989 5.896 5.784 5.739 5.871 5.644 5.189 5.466 7.536 5.504 4.824 4.916 4.931 4.966 4.974 4.956 5.001 6.016 6.134 6.219 5.724 5.609 5.044 4.839 4.859 4.734 4.734 4.754 4.721 4.746 4.711 4.661 4.806 5.566 4.369 4.174 5.869 6.601 6.804 8.244 10.639 18.834 22.879 23.544 21.919 20.841 21.429 23.116 22.866 19.784 11.826 11.724 11.791 11.919 12.019 12.124 12.201 12.296 12.474 13.299 15.224 21.859 24.251 22.261 16.566 18.996 16.459 13.336 12.731 12.794
6.264 6.136 6.046 5.969 5.894 5.796 5.716 5.656 5.136 5.301 6.931 5.604 5.199 4.934 4.931 4.994 4.986 4.981 5.004 6.764 7.551 6.621 5.096 5.081 4.931 4.846 4.794 4.744 4.766 4.776 4.756 4.714 4.744 4.761 5.146 5.046 4.766 5.186 6.286 6.656 7.084 9.046 12.274 21.131 23.654 22.904 20.961 20.699 22.329 23.391 21.246 11.954 11.826 12.211 11.956 12.074 12.151 12.269 12.354 12.459 12.871 13.904 17.456 23.746 25.046 23.504 22.346 24.006 24.084 18.664 13.509 13.029
6.516 6.379 6.206 6.121 5.984 5.801 5.546 5.474 4.941 5.231 5.689 5.059 5.204 5.071 4.919 4.951 4.981 4.994 6.136 7.601 7.516 5.886 4.984 4.909 4.874 4.856 4.761 4.741 4.749 4.736 4.746 4.776 4.726 4.781 5.491 4.759 5.674 6.081 6.551 6.796 8.059 9.141 9.791 15.001 22.186 21.756 20.609 21.609 23.359 22.701 17.506 11.844 12.344 12.939 12.144 12.184 12.269 12.399 12.499 12.651 13.571 15.004 21.704 24.739 24.401 22.664 22.959 24.784 24.861 20.751 13.604 13.526
6.596 6.491 6.354 6.236 6.209 5.901 5.531 5.304 5.376 6.039 5.971 5.039 5.019 4.969 4.951 4.979 4.994 5.094 5.809 6.636 7.496 5.639 5.001 4.886 4.891 4.821 4.714 4.749 4.754 4.764 4.766 4.766 4.799 5.249 5.299 7.596 8.491 7.676 6.851 7.384 9.179 9.466 9.856 10.534 11.639 14.001 18.664 23.106 24.289 21.809 12.234 11.924 12.039 12.194 12.434 12.356 12.441 12.544 12.639 13.389 14.021 19.519 23.446 25.036 23.619 22.471 23.944 25.234 23.581 16.771 13.651 13.421
6.751 6.584 6.441 6.314 6.371 5.816 5.426 4.829 5.689 6.214 5.406 5.061 4.936 4.951 4.981 4.984 5.059 5.214 5.279 5.211 5.496 4.981 4.959 4.914 4.884 4.784 4.766 4.771 4.741 4.761 4.706 4.719 4.774 5.296 6.209 9.714 8.519 7.169 7.186 9.089 9.869 10.304 10.314 11.111 11.734 11.939 12.871 19.721 24.306 18.874 12.039 12.079 12.144 12.316 12.454 12.519 12.604 12.669 13.049 13.716 15.624 22.241 24.634 24.434 22.709 22.954 24.756 24.951 18.594 13.696 13.806 13.386
6.911 6.819 6.704 6.489 6.201 5.539 5.231 5.786 5.839 6.209 5.126 5.236 5.024 4.981 4.989 5.011 5.059 5.091 5.094 5.151 5.101 5.019 5.009 4.944 4.786 4.749 4.766 4.791 4.776 4.754 4.761 4.729 5.701 5.029 7.829 9.454 8.071 7.181 8.376 9.299 13.824 16.471 14.171 11.521 11.936 12.036 12.006 12.576 15.431 12.689 12.364 12.976 12.351 12.444 12.564 12.649 12.736 12.841 13.399 13.781 18.744 23.801 24.954 23.599 22.571 23.929 25.316 22.339 14.821 13.839 14.099 14.264
6.934 6.846 6.741 6.574 6.166 5.416 4.906 4.896 5.349 5.339 5.231 5.424 5.059 5.001 5.036 5.061 5.086 5.086 5.141 5.086 5.066 5.041 5.034 4.904 4.774 4.799 4.826 4.791 4.739 4.759 4.746 4.764 6.289 5.239 8.634 8.381 7.494 8.461 9.624 9.696 16.831 22.526 22.709 15.561 12.311 12.064 12.354 12.026 12.006 12.119 13.046 12.679 12.381 12.539 12.699 12.769 12.926 13.096 13.681 14.401 20.974 24.674 24.571 22.801 23.026 24.786 24.241 20.431 13.764 14.111 14.509 14.864
6.931 6.856 6.766 6.596 6.029 5.316 4.729 5.481 5.421 4.936 4.946 5.199 5.119 5.034 5.064 5.079 5.106 5.129 5.139 5.109 5.066 5.036 4.961 4.829 4.764 4.816 4.814 4.801 4.746 4.774 4.734 5.454 5.126 6.909 8.001 7.496 7.161 9.366 9.801 13.011 20.596 23.294 23.029 20.804 18.356 19.516 19.449 13.016 12.036 12.166 12.719 12.859 12.464 12.621 12.779 13.236 13.734 13.414 13.664 19.004 23.531 24.971 23.631 22.496 23.846 25.286 23.586 16.704 13.949 14.431 14.919 15.256
6.964 6.899 6.771 6.371 5.581 4.966 6.126 5.754 5.716 5.421 5.141 5.179 5.089 5.056 5.076 5.101 5.131 5.129 5.129 5.086 5.089 5.051 4.909 4.776 4.794 4.811 4.874 4.806 4.811 4.771 5.156 5.949 6.424 9.511 8.799 7.296 8.264 9.926 9.729 16.294 22.471 23.676 22.194 20.579 21.046 23.834 24.316 18.679 12.041 12.211 12.604 12.649 12.554 12.719 12.904 13.629 13.394 13.441 16.261 23.149 24.579 24.581 22.751 22.914 24.751 24.901 19.604 13.854 14.211 14.766 15.194 15.421
6.926 6.871 6.749 6.241 5.426 4.679 5.504 5.581 5.539 5.979 5.631 5.339 5.131 5.114 5.096 5.119 5.121 5.129 5.146 5.114 5.089 5.026 4.926 4.796 4.839 4.809 4.789 4.789 4.736 4.734 5.444 5.451 7.471 9.409 8.936 7.249 8.966 9.496 13.206 20.359 23.149 23.269 21.426 20.631 22.174 24.279 24.304 16.371 12.019 12.504 13.266 12.576 12.626 12.781 12.961 13.121 13.271 13.429 15.499 22.841 24.996 23.564 22.354 23.716 25.284 24.121 13.711 14.036 14.516 15.039 15.339 15.441
7.194 7.039 6.784 5.904 5.061 4.856 6.306 6.044 5.509 5.986 5.684 5.656 5.174 5.129 5.099 5.094 5.131 5.121 5.124 5.071 5.031 4.936 4.801 4.834 4.854 4.876 4.804 4.776 4.741 4.881 5.821 6.316 7.629 8.419 8.741 9.244 9.296 10.109 16.646 22.276 23.569 22.386 20.751 21.019 22.784 23.141 19.536 12.984 12.134 12.694 12.491 12.529 12.709 12.866 13.031 13.164 13.326 13.454 13.671 14.369 17.199 19.579 20.981 24.696 24.899 20.736 13.826 14.266 14.841 15.206 15.361 15.436
7.384 7.266 6.604 5.669 5.229 5.744 6.314 5.404 5.674 5.791 5.554 5.381 5.166 5.159 5.129 5.116 5.126 5.116 5.091 5.044 5.019 4.894 4.799 4.779 4.841 4.821 4.784 4.771 4.729 6.084 5.821 5.914 8.321 7.381 9.079 9.724 9.689 14.171 21.156 22.994 23.371 21.606 20.629 21.704 23.319 22.241 15.309 11.961 12.086 12.416 12.451 12.586 12.764 12.924 13.084 13.236 13.366 13.531 14.021 14.219 14.076 14.174 14.374 18.544 23.264 15.384 14.071 14.639 15.129 15.329 15.384 15.586
7.529 7.141 5.929 5.329 5.841 7.324 6.099 6.059 5.741 5.459 5.681 5.814 5.236 5.161 5.141 5.124 5.116 5.106 5.091 5.041 4.981 4.816 4.806 4.869 4.821 4.866 4.824 4.791 4.844 6.039 5.576 8.536 8.809 8.151 8.246 9.886 9.291 14.441 22.134 23.464 22.559 20.814 20.904 22.606 23.186 17.906 11.976 11.906 12.071 12.459 12.511 12.639 12.816 12.994 13.174 13.296 13.481 13.626 13.766 14.129 14.104 14.944 14.594 14.469 14.814 14.204 14.444 15.011 15.279 15.381 15.414 17.721
7.869 6.864 5.634 5.009 6.524 7.084 6.384 6.961 5.904 5.899 5.964 6.146 5.389 5.154 5.174 5.144 5.131 5.136 5.094 5.019 4.901 4.841 4.871 4.811 4.791 4.809 4.776 4.799 5.519 5.701 6.804 7.586 7.426 7.159 8.691 9.409 9.354 10.529 16.326 23.594 21.744 20.519 21.556 23.169 22.474 16.511 11.884 12.094 12.139 12.339 12.529 12.686 12.869 13.054 13.236 13.599 17.441 16.471 14.484 14.009 14.129 14.311 14.591 14.786 15.501 14.896 14.964 15.199 15.341 15.414 15.434 17.419
7.726 6.316 5.506 5.241 7.264 7.481 6.659 6.236 5.469 5.651 5.749 6.079 5.349 5.171 5.174 5.174 5.179 5.156 5.106 5.009 4.846 4.879 4.879 4.886 4.871 4.829 4.791 4.864 5.866 5.956 6.794 7.576 7.109 8.159 9.104 9.171 9.509 9.926 10.546 11.261 13.394 17.426 22.504 23.364 18.661 13.171 12.076 12.549 12.134 12.344 12.541 12.729 12.904 13.076 13.349 15.574 22.836 23.814 20.796 14.521 14.304 14.356 14.466 14.541 14.906 14.921 14.954 15.114 15.306 15.506 15.601 15.616
7.551 6.619 5.471 5.499 7.259 7.101 6.336 5.519 5.386 5.866 5.951 5.991 5.484 5.174 5.181 5.189 5.179 5.116 5.069 4.939 4.984 4.926 4.884 4.886 4.821 4.831 4.759 5.754 5.796 5.716 7.481 7.411 7.064 8.701 9.129 9.444 9.841 10.054 10.666 11.189 11.504 11.681 13.374 18.291 17.494 11.711 12.116 12.054 12.146 12.341 12.549 12.756 12.966 13.291 13.644 18.531 23.641 25.051 23.839 20.094 17.539 15.129 14.651 14.731 14.794 14.909 15.026 15.129 15.281 15.439 15.606 15.864
7.289 6.141 5.811 6.661 6.551 6.326 5.726 5.386 5.454 5.914 5.931 5.466 5.229 5.186 5.156 5.171 5.159 5.111 5.059 4.926 4.961 5.029 4.976 4.889 4.861 4.809 5.399 7.286 6.071 8.091 8.484 7.691 7.476 8.929 9.159 9.589 10.331 10.601 10.991 11.209 11.461 11.574 11.659 11.724 12.859 11.669 11.789 11.991 12.184 12.354 12.579 12.959 13.486 13.509 14.049 21.161 24.376 24.691 22.791 22.631 24.149 22.044 16.789 14.964 14.984 15.076 15.146 15.269 15.364 15.494 15.601 15.791
7.439 5.904 6.596 7.021 7.176 6.104 5.866 5.896 5.909 6.156 5.429 5.226 5.206 5.159 5.171 5.134 5.129 5.104 4.959 4.894 4.936 4.929 4.991 4.959 4.836 4.821 5.844 5.946 8.014 10.376 7.676 7.249 8.284 9.391 9.599 9.831 10.449 13.944 15.166 13.484 12.476 11.531 11.564 11.621 11.624 11.639 11.831 12.031 12.214 12.439 12.614 13.186 13.309 13.736 16.914 22.716 24.996 24.024 22.509 23.636 25.261 23.741 15.824 14.036 14.929 15.291 15.299 15.394 15.504 15.601 15.719 16.004
7.544 5.764 5.324 7.154 7.311 6.766 6.109 5.576 5.669 5.536 5.269 5.204 5.211 5.169 5.151 5.136 5.134 5.079 4.839 4.936 4.931 4.926 4.871 4.864 4.859 5.066 5.656 4.341 6.296 7.619 7.589 7.749 9.819 9.751 9.751 10.001 11.449 15.709 17.564 18.764 18.626 15.874 11.529 11.541 11.709 12.259 11.874 12.066 12.256 12.446 12.629 12.836 13.509 14.094 20.636 24.184 24.814 22.989 22.654 24.436 25.114 21.619 13.816 14.181 14.804 15.329 15.554 15.594 15.639 15.711 15.851 15.941
7.466 6.246 6.049 7.566 6.681 7.644 6.826 6.481 5.559 5.279 5.254 5.214 5.206 5.184 5.146 5.154 5.189 4.991 4.849 4.951 4.954 4.926 4.851 4.866 4.829 5.276 5.334 5.126 9.539 9.356 7.136 7.821 10.161 9.576 9.444 10.059 12.294 16.794 18.284 19.759 21.014 18.579 11.496 11.481 12.026 12.324 11.886 12.074 12.284 12.484 12.669 13.036 13.761 17.791 23.436 24.946 24.179 22.589 23.464 25.266 24.289 15.489 13.974 14.529 15.176 15.654 15.774 16.364 15.974 15.949 16.016 16.089
6.636 5.644 6.199 7.186 7.314 7.699 7.566 7.534 5.456 5.281 5.259 5.229 5.266 5.204 5.159 5.134 5.059 4.899 4.916 4.979 4.961 4.894 4.881 4.849 4.966 5.569 4.546 7.751 9.739 8.159 7.086 8.696 9.311 9.341 9.781 10.364 13.229 17.564 19.076 20.379 20.579 14.744 11.474 11.471 11.836 11.774 11.939 12.139 12.371 12.566 12.701 13.204 13.591 19.364 24.151 24.951 23.131 22.619 24.234 25.119 21.861 13.786 14.196 14.866 15.511 15.869 16.041 17.834 16.251 16.141 16.286 16.319
