All_lidar/sz5986_DSM_2M.asc
ncols 500
nrows 500
xllcorner    459000
yllcorner    86000
cellsize     2
NODATA_value -9999
[rows 352 to 383 of 500, columns 216 to 287 of 500]
32.493 34.581 34.603 33.973 34.096 34.251 34.328 34.418 34.341 34.298 35.253 34.611 34.616 40.413 37.731 34.008 39.003 38.888 33.263 32.703 32.653 32.566 32.526 32.543 32.608 32.563 32.701 32.836 33.063 35.481 32.128 29.943 29.743 29.756 30.431 31.686 30.826 30.283 29.841 29.528 29.411 29.363 29.286 29.263 29.206 29.143 29.006 28.771 28.588 28.491 28.383 28.383 28.541 29.043 28.318 28.033 28.073 28.366 28.916 29.078 27.776 29.116 27.638 27.623 27.238 27.023 26.941 26.768 26.653 26.513 26.326 26.166
31.573 32.068 34.618 34.838 33.973 34.108 34.256 34.241 34.188 34.106 34.663 35.018 37.423 40.171 38.591 34.341 38.943 38.068 32.671 32.601 32.498 32.391 32.361 32.408 32.438 32.498 32.798 32.733 32.761 32.668 31.363 30.238 29.666 29.673 29.821 29.733 29.503 29.461 29.421 29.353 29.328 29.301 29.273 29.266 29.246 29.401 29.053 28.786 28.563 28.421 28.316 28.286 28.788 30.456 28.926 27.951 28.051 28.806 28.933 28.283 27.788 27.886 27.481 27.356 27.108 26.988 26.906 26.756 26.621 26.463 26.301 26.096
31.443 31.368 31.656 33.468 34.338 33.938 33.953 33.988 34.011 34.023 34.011 33.976 38.613 40.346 38.873 37.833 38.273 33.353 32.481 32.446 32.366 32.173 32.156 32.153 32.191 32.353 32.603 32.641 32.643 32.128 31.181 30.206 29.663 29.626 29.596 29.568 29.581 29.656 29.918 29.443 29.303 29.276 29.336 32.136 31.216 30.368 29.361 29.026 28.768 28.668 28.356 28.211 29.598 31.533 28.576 27.888 27.946 28.591 31.303 29.706 27.788 27.538 27.366 27.248 27.066 26.993 26.881 26.763 26.636 26.493 26.263 25.736
31.876 31.241 31.196 31.491 32.803 33.863 33.576 33.741 33.793 33.903 33.896 34.043 38.721 40.486 39.098 39.841 37.151 32.381 32.316 32.291 32.163 31.956 31.863 31.808 31.873 32.126 32.266 32.301 32.016 31.288 30.468 29.943 29.766 29.756 29.776 29.816 29.843 30.223 32.271 31.953 29.516 29.186 32.188 35.318 34.761 30.463 29.516 29.276 29.336 29.283 28.908 28.153 28.828 30.851 27.833 27.841 27.863 29.163 34.996 34.151 28.956 27.418 27.218 27.116 27.066 26.983 26.846 26.711 26.588 26.238 25.586 24.791
33.611 31.898 31.128 31.008 31.421 32.518 33.461 33.536 33.586 33.688 33.748 33.938 37.806 40.161 34.713 32.493 34.176 32.231 32.201 32.118 32.023 31.818 31.653 31.553 31.458 31.488 31.526 31.386 31.038 30.693 30.243 30.076 30.258 30.581 30.386 30.293 30.116 31.951 34.528 35.018 30.273 29.096 31.878 34.463 34.891 30.748 29.853 30.103 30.818 30.288 30.341 28.196 28.176 31.133 28.801 28.061 28.401 27.986 31.076 29.076 27.318 27.286 27.168 27.141 27.061 26.928 26.803 26.628 26.348 25.486 24.791 24.713
33.543 33.448 31.451 30.883 30.793 31.291 32.361 33.433 33.351 33.498 33.621 33.618 33.256 34.543 32.443 32.183 32.168 32.133 32.071 31.971 31.848 31.671 31.523 31.381 31.256 31.216 31.156 31.023 30.821 30.543 30.298 30.388 30.833 31.223 30.788 30.538 30.231 31.898 35.113 34.766 30.043 28.948 29.411 31.353 31.333 30.438 31.526 31.861 31.516 31.538 31.478 28.501 28.366 31.158 30.323 28.323 28.033 28.283 27.436 27.931 27.508 27.568 27.133 27.078 27.081 26.921 26.706 26.491 25.491 24.966 25.783 25.468
33.041 33.406 33.188 31.153 30.698 30.646 31.076 32.198 33.218 33.411 33.683 33.456 32.883 32.253 32.128 32.088 32.033 31.983 31.938 31.821 31.671 31.546 31.406 31.261 31.148 31.101 31.051 30.933 30.788 30.656 30.511 30.641 30.738 30.763 30.623 30.498 30.373 30.336 31.421 31.273 30.796 31.241 32.521 33.226 33.631 33.976 34.408 33.061 31.671 31.696 31.746 28.831 27.903 28.858 28.116 28.203 29.706 30.621 30.133 29.216 27.306 28.918 29.633 27.803 29.226 28.156 26.538 25.551 25.611 29.551 33.458 27.101
32.941 32.833 33.303 32.193 30.798 30.503 30.486 30.913 33.673 33.196 33.138 32.918 32.488 32.043 32.066 32.013 31.918 31.836 31.811 31.693 31.591 31.468 31.328 31.176 31.091 31.043 30.978 30.876 30.806 30.706 30.696 30.686 30.613 30.678 30.561 30.361 32.083 33.161 33.506 33.928 34.358 34.721 35.021 35.146 35.291 35.201 34.966 33.618 31.821 31.866 31.633 29.273 27.788 27.698 29.213 29.791 30.948 32.053 31.076 29.998 28.661 30.051 32.598 29.718 28.621 26.818 25.733 25.121 26.656 32.346 33.138 29.743
32.836 32.716 32.616 33.196 31.768 30.641 30.363 30.296 30.921 33.148 33.596 32.488 32.031 31.966 31.976 31.941 31.853 31.748 31.638 31.576 31.478 31.341 31.271 31.113 30.993 30.928 30.851 30.858 30.796 30.718 30.681 30.656 30.596 30.776 30.528 30.333 32.838 35.231 35.351 35.308 35.163 34.968 34.591 34.141 33.638 32.913 31.688 30.801 29.921 29.151 28.303 28.003 27.753 28.646 29.096 27.966 29.728 31.688 31.941 31.631 32.793 30.121 27.883 26.918 27.721 25.866 25.261 25.183 25.783 33.106 37.468 36.141
32.773 32.628 32.496 32.466 32.861 31.678 30.481 30.213 30.171 31.061 32.273 33.171 32.548 31.861 31.841 31.823 31.778 31.668 31.596 31.471 31.328 31.193 31.078 30.988 30.858 30.793 30.796 30.801 30.766 30.701 30.626 30.561 30.528 30.468 30.433 30.413 32.171 34.226 33.776 33.401 32.173 32.203 31.213 29.978 29.478 28.921 28.006 27.773 28.358 27.696 27.683 27.711 27.773 28.226 27.551 27.391 27.758 31.261 32.533 33.448 34.198 33.011 27.913 27.346 26.971 25.456 25.313 26.046 29.761 37.676 39.406 37.538
32.658 32.538 32.393 32.261 32.318 32.671 31.778 30.343 30.081 30.016 30.353 33.246 32.741 31.698 31.688 31.623 31.616 31.576 31.478 31.328 31.211 31.048 30.961 30.871 30.776 30.703 30.656 30.663 30.666 30.611 30.558 30.488 30.441 30.363 30.318 30.206 30.798 32.533 32.278 30.071 29.011 28.846 28.721 28.491 28.238 27.983 27.826 27.688 28.023 27.666 27.671 27.701 27.733 28.156 27.518 27.876 30.563 32.991 33.956 34.166 33.411 32.131 28.086 27.296 26.001 25.423 26.063 26.498 31.358 36.386 37.611 34.826
32.506 32.406 32.268 32.121 31.971 31.946 32.351 31.203 30.233 29.953 29.936 30.413 31.643 32.608 31.503 31.463 31.371 31.371 31.338 31.241 31.098 30.976 30.863 30.773 30.716 30.691 30.626 30.588 30.578 30.561 30.473 30.426 30.356 30.263 30.253 30.178 30.261 32.201 32.373 29.683 29.026 28.708 28.606 28.378 28.176 27.976 27.791 27.638 27.611 27.631 27.658 27.678 27.698 27.953 28.883 31.866 33.556 34.256 33.853 32.843 30.666 28.218 26.941 25.801 25.606 26.411 26.721 26.198 26.743 32.428 35.273 30.406
32.366 32.253 32.113 31.971 31.798 31.643 31.478 31.736 31.183 30.161 29.896 29.821 30.208 31.576 31.533 31.236 31.176 31.173 31.143 31.091 30.986 30.881 30.773 30.671 30.616 30.571 30.541 30.536 30.471 30.436 30.383 30.261 30.178 30.196 30.216 30.081 29.931 32.021 32.861 29.998 29.386 28.553 28.428 28.256 28.108 27.976 27.796 27.626 27.566 27.591 27.648 27.643 27.668 27.676 31.688 34.018 34.166 33.301 31.993 28.856 26.816 26.711 25.873 25.723 26.833 26.678 26.406 26.263 26.186 26.711 28.346 26.498
32.236 32.096 31.956 31.811 31.633 31.428 31.248 31.138 31.378 30.981 30.048 29.718 29.698 30.123 31.583 31.393 31.013 30.948 30.933 30.903 30.806 30.766 30.656 30.568 30.473 30.418 30.393 30.363 30.308 30.243 30.158 30.026 29.956 29.881 29.763 29.706 29.566 31.661 32.976 30.788 28.663 28.451 28.396 28.403 28.268 28.261 27.911 27.661 27.576 27.558 27.583 27.613 27.628 28.956 30.998 33.106 32.728 30.406 27.486 26.941 26.703 26.048 25.896 27.701 31.206 27.941 26.656 26.426 26.276 26.063 25.958 25.831
32.078 31.943 31.798 31.618 31.488 31.298 31.133 30.961 30.943 31.256 31.016 29.978 29.633 29.586 29.916 31.428 31.218 30.883 31.641 30.698 30.648 30.628 30.558 30.498 30.391 30.308 30.246 30.223 30.143 30.116 30.021 29.931 29.851 29.766 29.641 29.533 29.386 30.573 32.898 31.533 28.706 28.401 28.571 28.678 28.626 28.738 28.093 27.703 27.606 27.573 27.526 27.571 27.566 28.136 30.023 30.671 28.896 27.108 27.006 26.863 26.296 26.031 27.103 29.578 31.993 34.636 31.653 26.538 26.183 26.123 25.993 27.403
31.866 31.771 31.598 31.423 31.293 31.116 31.018 30.881 30.768 30.721 31.193 30.946 29.781 29.513 29.466 30.003 31.318 31.178 30.853 30.583 30.483 30.476 30.421 30.353 30.328 30.233 30.148 30.086 30.046 30.008 29.928 29.886 29.791 29.703 29.626 29.611 29.423 29.586 32.596 31.963 29.123 28.403 28.661 28.676 28.588 28.513 27.886 27.671 27.573 27.543 27.536 27.526 27.483 27.508 28.201 28.553 27.996 27.066 26.978 26.388 26.163 26.836 29.066 29.508 29.523 33.246 31.613 26.981 26.341 28.046 26.976 28.913
31.656 31.501 31.341 31.203 31.123 30.986 30.866 30.778 30.668 30.563 30.568 30.958 30.713 29.666 29.421 29.381 30.051 31.258 31.208 30.513 30.956 30.318 30.311 30.241 30.228 30.133 30.071 30.003 29.943 29.903 29.853 29.823 29.746 29.691 29.561 29.473 29.356 29.101 32.148 32.318 30.008 28.508 28.668 28.556 28.381 28.263 28.098 28.593 27.831 27.531 27.506 27.503 27.413 27.348 27.268 27.461 27.346 27.158 26.553 26.336 26.336 28.373 27.716 26.798 26.818 28.058 28.053 26.496 26.533 28.861 26.023 30.076
31.398 31.243 31.133 30.973 30.903 30.761 30.656 30.643 30.533 30.453 30.428 30.373 30.736 30.533 29.606 29.318 29.276 29.933 30.846 31.023 31.191 30.238 30.176 30.151 30.086 30.051 29.998 29.908 29.871 29.828 29.796 29.746 29.663 29.573 29.516 29.368 29.208 29.028 31.458 32.536 30.418 28.453 28.368 28.016 27.871 27.758 27.773 27.691 27.553 27.526 27.516 28.171 27.783 27.261 27.123 27.008 26.798 26.771 26.481 26.413 26.546 27.248 26.583 26.696 26.538 26.496 26.471 26.331 29.336 27.013 26.083 26.003
31.033 30.923 30.876 30.716 30.633 30.548 30.416 30.393 30.388 30.336 30.243 30.246 30.213 30.603 30.436 29.433 29.246 29.216 29.961 30.496 30.628 30.278 30.068 30.358 29.953 29.911 29.851 29.823 29.781 29.761 29.711 29.693 29.578 29.493 29.388 29.321 29.168 28.946 30.651 32.493 30.788 28.491 28.338 27.983 27.783 27.708 27.686 27.563 27.558 27.563 27.718 28.996 29.531 27.251 26.936 26.791 26.708 26.631 26.563 26.556 26.603 26.656 26.956 26.901 26.453 26.461 26.426 26.306 33.606 28.343 30.706 27.353
30.756 30.678 30.533 30.441 30.426 30.356 30.276 30.226 30.226 30.196 30.168 30.118 30.066 30.023 30.416 30.456 29.361 29.158 29.128 29.293 30.218 30.691 31.596 31.283 29.796 29.771 29.756 29.683 29.681 29.693 29.643 29.593 29.481 29.393 29.276 29.201 29.101 28.846 30.011 32.413 31.043 28.793 28.423 27.948 27.773 27.813 28.123 27.668 27.671 28.746 29.926 30.833 30.036 27.541 26.878 26.828 26.781 26.681 26.676 26.701 26.693 26.938 26.891 26.731 26.543 26.453 26.426 26.408 27.961 30.818 30.253 26.558
30.386 30.343 30.313 30.268 30.216 30.111 30.096 30.063 30.001 29.981 29.971 29.981 29.943 29.871 29.841 30.286 30.518 29.368 29.066 28.996 29.161 29.961 31.308 32.171 29.898 29.626 29.626 29.541 29.546 29.558 29.531 29.506 29.391 29.296 29.178 29.078 29.001 28.741 29.506 32.321 31.356 28.788 28.046 27.938 28.056 28.411 30.448 29.613 29.518 29.588 30.263 29.543 28.038 27.008 26.943 26.876 26.798 26.781 26.958 27.271 26.728 26.681 27.353 28.653 28.158 26.463 26.433 26.588 26.531 26.571 29.551 26.658
30.198 30.176 30.123 30.063 29.978 29.953 29.961 29.896 29.851 29.803 29.821 29.763 29.773 29.748 29.678 29.728 30.038 30.421 29.458 28.933 28.936 29.021 29.976 30.923 29.786 29.501 29.498 29.423 29.383 29.401 29.376 29.373 29.246 29.171 29.088 28.981 28.888 28.648 28.731 31.423 30.541 28.633 28.021 28.693 28.488 28.921 30.168 31.368 29.993 29.038 27.751 27.176 27.111 27.016 26.956 26.883 26.836 27.063 27.016 27.581 26.963 26.601 27.433 28.908 28.131 26.443 26.738 26.706 26.648 26.643 26.338 27.026
29.921 29.928 29.873 29.808 29.808 29.766 29.753 29.743 29.688 29.658 29.608 29.578 29.571 29.573 29.566 29.506 29.481 29.643 30.408 29.376 28.873 28.833 28.791 29.848 30.083 29.338 29.258 29.251 29.236 29.211 29.213 29.216 29.146 29.071 28.971 28.851 28.721 28.513 28.283 28.751 28.431 28.061 28.198 29.736 29.401 28.628 29.158 30.078 28.583 27.328 27.193 27.181 27.096 27.028 26.978 27.048 26.816 26.851 26.811 26.743 27.956 26.671 26.551 26.958 26.806 26.411 26.986 26.848 26.741 26.611 25.986 27.368
29.756 29.718 29.661 29.628 29.606 29.628 29.573 29.513 29.533 29.468 29.416 29.393 29.416 29.413 29.403 29.391 29.361 29.321 29.598 30.118 29.433 28.836 28.743 28.696 30.016 29.971 29.538 29.093 29.051 29.103 29.081 29.061 29.046 28.988 28.891 28.773 28.598 28.356 28.411 28.931 28.816 28.676 29.388 29.701 30.048 29.236 28.011 27.391 27.278 27.271 27.223 27.181 27.271 27.278 27.296 27.061 26.856 26.813 26.828 26.773 27.411 27.003 26.611 26.971 26.906 26.751 26.288 26.241 26.236 26.041 25.761 26.166
29.643 29.566 29.461 29.428 29.401 29.398 29.356 29.328 29.288 29.276 29.231 29.193 29.213 29.226 29.243 29.241 29.226 29.201 29.196 29.393 30.083 29.383 28.683 28.643 28.623 29.196 30.286 29.308 28.918 28.963 28.996 28.956 28.936 28.936 28.783 28.666 28.471 28.258 28.348 28.666 29.701 30.028 30.148 29.931 29.233 27.833 27.441 27.366 27.296 27.243 27.231 27.231 27.771 27.451 27.156 27.091 27.041 27.646 26.818 26.756 26.833 27.473 26.948 29.891 29.221 28.843 26.456 26.258 26.116 25.943 25.763 25.641
29.478 29.426 29.311 29.246 29.218 29.208 29.171 29.143 29.083 29.068 29.041 29.031 29.036 29.056 29.053 29.063 29.071 29.068 29.078 29.053 29.151 29.793 29.376 28.538 28.541 28.533 29.146 29.553 29.176 28.833 28.896 28.948 28.896 28.813 28.691 28.563 28.411 28.168 28.108 28.771 30.671 30.338 28.868 27.841 27.593 27.501 27.433 27.456 27.466 27.586 27.493 27.368 27.541 27.666 27.231 27.146 27.053 27.533 26.831 26.948 27.898 30.576 32.618 31.466 29.693 28.823 27.086 26.871 26.743 25.978 25.743 25.911
29.276 29.246 29.141 29.071 29.076 29.008 28.996 28.938 28.921 28.913 28.861 28.843 28.861 28.863 28.903 28.928 28.946 28.951 28.936 28.923 28.896 29.153 29.753 28.821 28.468 28.488 28.488 28.606 29.448 29.323 28.796 28.788 28.748 28.706 28.598 28.463 28.288 28.191 28.496 29.273 29.203 28.273 27.743 27.663 27.593 27.631 27.721 27.966 28.553 28.718 28.058 27.493 27.531 27.546 27.283 27.211 27.121 26.916 27.243 30.423 33.208 34.196 33.753 32.506 29.988 29.121 27.976 27.001 26.756 26.093 25.801 26.071
29.116 29.058 28.971 28.928 28.896 28.853 28.828 28.803 28.791 28.733 28.671 28.641 28.673 28.741 28.798 28.828 28.813 28.821 28.851 28.841 28.753 28.686 28.661 28.586 28.348 28.356 28.413 28.368 28.423 29.531 29.696 28.878 28.533 28.528 28.448 28.383 28.538 28.676 29.168 28.341 27.848 27.786 27.791 27.903 28.048 28.318 29.548 29.946 28.646 28.331 28.131 27.806 27.598 27.628 27.663 27.363 27.171 26.838 26.841 29.546 32.786 34.061 34.151 32.931 30.393 29.571 28.913 27.273 26.698 26.216 25.916 25.866
28.913 28.861 28.761 28.733 28.661 28.621 28.581 28.636 28.626 28.596 28.528 28.508 28.541 28.596 28.643 28.656 28.693 28.698 28.721 28.728 28.706 28.643 28.623 29.081 28.308 28.218 28.268 28.311 28.276 28.228 29.511 29.586 29.433 28.761 28.673 29.233 29.121 28.721 28.083 27.946 27.913 27.948 28.158 28.356 29.123 29.661 29.961 29.871 28.726 28.241 28.221 28.636 27.598 27.653 27.701 27.441 27.416 27.211 27.421 28.128 31.761 33.651 34.423 33.341 31.811 29.688 29.253 27.156 26.503 26.146 25.996 25.856
28.726 28.651 28.566 28.511 28.476 28.446 28.416 28.408 28.431 28.408 28.396 28.363 28.408 28.443 28.466 28.503 28.568 28.593 28.598 28.631 28.636 28.603 28.603 29.443 28.588 28.098 28.091 28.213 28.276 28.211 28.186 28.381 28.896 29.176 28.783 28.443 28.156 28.106 28.081 28.143 28.328 28.583 29.078 29.936 30.086 30.001 29.946 29.973 29.353 28.518 29.073 28.793 27.753 27.676 27.768 27.703 27.438 29.233 29.428 28.106 30.941 33.191 34.171 33.611 31.718 29.468 27.848 27.161 26.161 26.058 25.928 25.851
28.551 28.453 28.353 28.291 28.273 28.246 28.211 28.201 28.223 28.243 28.253 28.268 28.261 28.306 28.338 28.373 28.441 28.481 28.503 28.523 28.536 28.528 28.511 29.128 28.733 27.976 27.923 28.163 28.371 28.241 28.131 28.098 28.126 28.156 28.136 28.121 28.138 28.171 28.366 28.673 29.863 30.341 31.108 31.388 30.531 30.163 29.853 29.578 28.963 28.638 28.191 27.833 27.738 27.701 27.678 27.783 27.703 28.253 29.718 27.701 28.816 32.366 32.708 31.098 27.203 27.356 29.276 28.161 26.681 26.001 26.113 26.106
28.353 28.273 28.173 28.128 28.083 28.061 28.063 28.048 28.073 28.078 28.086 28.098 28.128 28.171 28.216 28.248 28.273 28.328 28.386 28.411 28.378 28.406 28.411 28.581 28.856 27.841 27.776 27.938 28.196 28.191 28.093 28.048 28.083 28.098 28.121 28.101 28.146 28.398 30.006 31.051 31.676 31.628 31.121 30.701 30.291 29.963 28.611 28.066 27.943 27.888 27.793 27.758 27.766 27.723 27.623 27.621 27.658 27.733 29.703 27.961 26.778 28.341 29.516 28.003 26.551 27.013 29.298 26.958 27.028 26.798 26.258 26.178
