All_lidar/sz5992_DSM_2M.asc
ncols 500
nrows 500
xllcorner    459000
yllcorner    92000
cellsize     2
NODATA_value -9999
[rows 297 to 329 of 500, columns 219 to 291 of 500]
31.317 32.32 31.7 33.022 30.622 27.652 27.29 27.397 26.727 26.71 26.56 27.237 27.982 26.325 26.327 26.542 26.242 26.747 27.565 28.447 28.075 25.225 26.035 26.747 24.78 24.377 24.19 24.332 24.247 24.627 23.622 24.537 29.035 29.66 29.277 28.715 24.805 22.642 22.592 22.512 22.635 22.8 22.762 22.627 22.145 22.065 22.202 22.855 22.28 21.747 21.68 21.642 21.555 21.302 28.83 29.77 27.307 25.557 25.35 23.532 22.017 22.5 23.307 21.78 20.42 20.202 19.387 23.005 24.242 24.222 24.235 24.152 19.947
28.652 29.367 28.072 27.487 27.392 28.392 27.862 26.802 26.702 26.715 26.537 27.392 28.015 26.327 26.33 30.43 30.037 30.612 28.117 26 25.88 25.12 25.932 26.93 24.817 24.477 24.585 24.36 23.932 24.157 24.542 24.195 26.282 28.55 28.005 27.555 24.055 22.68 22.57 22.452 22.405 22.342 23.087 22.41 22.22 22.085 22.01 21.895 21.822 21.792 21.705 21.662 21.542 20.742 29.425 32.27 33.45 31.615 28.382 21.16 20.73 23.585 24.417 23.465 22.82 22.575 21.397 19.977 20.585 21.17 23.092 22.947 19.4
33.335 34.427 31.35 29.8 28.575 27.597 27.395 26.902 26.7 26.747 27.237 27.79 27.905 26.54 26.5 34.43 34.225 33.907 34.135 30.405 25.222 24.897 24.73 24.605 24.45 24.407 24.742 24.997 25.037 24.13 24.692 25.582 26.245 24.967 24.052 23.712 22.65 22.69 22.585 22.485 22.342 22.435 23.107 22.327 22.225 22.095 22.03 21.99 25.192 22.887 22.035 21.627 21.47 23.465 30.335 32.717 33.205 31.155 24.705 20.21 20.26 21.88 22.755 21.815 20.782 21.337 21.797 20.712 20.085 20.64 20.48 20.28 20.05
36.589 36.289 35.637 35.387 32.094 27.309 27.462 27.034 26.704 26.727 27.202 27.292 26.824 27.059 31.199 34.624 34.864 34.339 34.922 34.339 26.437 24.967 24.804 24.612 24.452 24.354 24.099 23.954 23.847 23.712 23.852 23.842 24.937 24.137 23.41 22.645 22.702 22.685 22.605 22.51 22.317 22.56 22.995 22.32 22.29 26.225 28.252 24.55 27.815 27.14 24.53 23.855 23.092 24.367 31.092 33.12 32.877 30.712 22.807 20.255 20.232 20.095 19.965 19.825 19.73 19.62 19.747 19.032 20.43 20.842 21.027 19.032 19.332
37.159 36.894 35.619 35.482 30.952 27.379 27.937 27.067 26.737 26.672 26.677 28.194 26.932 27.667 32.789 34.824 34.704 34.469 35.117 34.304 27.142 24.984 24.802 24.649 24.487 24.337 24.142 23.959 23.789 23.632 23.599 23.63 27.617 26.577 23.317 23.145 22.767 22.697 22.577 22.56 22.42 23.045 22.955 22.382 22.352 28.027 32.04 31.805 31.335 30.912 29.345 28.85 27.542 28.51 31.507 33.447 32.425 29.945 21.992 20.107 20.137 20.1 19.977 19.872 19.767 19.612 19.75 19.167 19.175 24.12 23.495 19.445 18.495
35.642 35.824 34.932 33.594 29.032 27.449 27.462 26.834 26.704 26.664 26.944 28.507 27.137 26.672 31.759 34.952 34.754 34.679 35.009 34.359 27.784 24.974 24.792 24.674 24.509 24.322 24.134 24.059 23.869 23.794 23.499 24.932 29.192 28.917 25.38 23.37 22.707 22.625 22.595 22.727 22.46 23.255 33.565 27.212 26.267 30.642 31.242 31.675 31.982 32.265 32.197 32.052 31.635 31.22 32.097 33.565 31.952 28.952 22.935 24.607 24.315 21.875 20.487 19.862 19.782 19.72 19.63 19.445 20.992 25.242 26.232 25.947 23.197
33.189 33.644 34.122 32.029 27.642 27.344 27.684 26.769 26.759 26.657 26.969 28.607 29.479 28.957 33.777 34.722 34.829 35.014 35.099 34.652 26.392 24.967 24.834 24.677 24.484 24.292 24.142 24.342 24.847 23.822 23.399 26.372 28.837 28.282 24.2 22.81 22.782 22.645 22.567 22.615 22.41 22.5 42.785 49.882 45.125 34.502 31.735 31.292 30.982 30.885 31.08 31.357 31.732 32.132 32.485 33.155 32.162 31.49 30.347 30.46 29.302 28.745 21.97 19.86 19.795 19.78 19.59 18.972 22.977 25.497 26.405 25.932 24.93
30.092 30.074 30.167 28.404 27.997 27.612 27.359 26.754 26.722 26.664 26.584 27.459 28.867 30.107 34.904 34.442 33.494 33.297 35.152 33.044 26.152 25.174 24.827 24.719 24.522 24.262 24.132 25.907 27.532 26.279 23.602 24.53 26.582 25.402 23.41 22.752 22.8 22.67 22.567 22.515 22.437 25.587 42.09 54.347 45.712 35.03 33.912 33.6 33.08 32.56 32.145 31.622 31.127 31.002 30.9 31.11 31.492 31.865 32.235 32.202 31.367 30.385 21.35 19.91 20 19.837 19.4 18.957 24.735 25.715 26.46 25.732 24.7
30.129 29.879 28.687 28.167 27.789 27.339 26.829 26.747 26.749 26.609 26.572 26.514 26.334 30.617 36.802 36.459 35.322 31.879 28.899 28.517 26.204 26.177 26.314 27.352 27.524 25.094 24.337 25.139 27.834 27.347 24.057 23.262 23.722 23.2 22.727 22.74 22.757 22.655 22.647 22.63 22.595 27.187 37.345 41.262 43.1 33.685 33.295 33.775 34.102 34.19 34.252 33.862 33.39 32.922 32.397 31.952 31.447 31.012 30.9 30.522 30.437 29.66 20.725 19.96 19.96 19.697 19.39 19.117 23.187 25.697 26.042 25.5 24.152
34.279 32.227 27.954 28.142 27.397 27.107 26.824 26.742 26.704 26.584 26.602 26.594 26.802 31.002 37.914 37.799 37.497 37.692 36.724 24.884 25.482 25.559 26.864 28.014 27.544 26.419 25.014 24.762 26.762 26.529 23.709 23.227 23.057 23.202 23.34 22.807 22.767 22.625 22.545 22.52 22.78 23.107 23.157 24.397 32.255 31.25 31.127 31.42 32.01 32.437 33.002 33.517 33.85 34.137 34.262 34.085 33.75 33.232 32.807 31.525 30.247 27.53 20.2 20.022 20.025 20.065 19.53 19.905 21.085 21.515 20.297 20.157 19.885
35.539 33.644 27.792 27.274 27.144 26.967 26.787 26.719 26.677 26.554 26.614 26.652 30.587 34.537 38.109 37.827 37.672 38.157 36.469 25.609 24.697 25.227 25.812 26.017 26.009 23.987 24.282 24.104 27.214 27.544 25.787 24.877 23.85 23.33 23.34 22.725 22.72 22.57 22.5 22.482 23.042 23.717 22.892 22.465 31.49 32.157 31.845 31.442 31.162 30.93 31.017 31.287 31.665 32.16 32.635 33.192 33.73 34.012 34.232 33.29 31.65 27.082 20.11 20.082 20.257 21.525 19.9 20.245 21.09 21.155 19.722 18.665 18.437
35.599 34.544 29.937 27.367 27.349 26.947 26.737 26.779 26.719 26.607 26.592 26.527 27.892 35.612 38.224 37.752 37.769 38.164 36.404 24.712 24.392 25.152 24.284 23.852 23.782 23.692 23.654 23.687 26.042 28.132 25.152 24.425 24.615 23.187 22.957 22.832 22.715 22.5 22.442 22.382 22.762 23.387 22.262 23.695 29.67 31.125 31.687 31.937 32.34 32.33 32.245 31.635 31.357 31.032 30.93 31.072 31.37 31.765 32.305 31.635 30.777 25.037 20.172 20.112 20.59 19.885 19.582 21.02 21.087 21.175 19.007 18.66 18.402
35.534 34.997 31.214 28.022 27.792 26.979 26.744 26.759 26.672 26.592 26.567 26.434 28.572 37.399 38.199 38.234 38.172 38.109 36.417 28.154 25.747 24.057 23.932 23.839 23.767 23.632 23.644 23.872 23.964 25.492 23.692 23.592 23.412 22.785 22.797 22.787 22.707 22.537 22.387 22.432 22.835 22.285 22.187 22.125 22.465 24.19 24.225 27.125 27.757 30.685 31.232 31.81 32.095 32.772 32.625 31.957 31.595 31.167 29.195 27.612 23.18 20.852 20.227 20.177 20.302 19.647 19.62 22.042 24.72 23.112 19.27 18.56 18.37
35.127 32.114 30.287 27.852 27.319 27.234 26.769 26.789 26.712 26.594 26.627 26.389 26.559 35.454 38.124 37.639 38.404 37.902 35.319 27.177 25.742 23.927 23.837 23.817 23.784 23.657 23.792 24.002 23.202 23.299 23.119 23.015 22.867 22.807 22.827 22.797 22.665 22.477 22.385 22.537 22.692 22.305 22.182 22.057 21.982 21.96 21.937 21.937 21.877 23.285 24.35 26.567 31.327 33.265 32.732 31.55 31.907 32.247 27.277 23.977 20.375 20.31 20.267 20.277 20.452 19.677 21.197 25.33 26.335 26.612 25.667 23.517 18.837
34.937 28.642 27.364 27.239 27.042 26.894 26.839 26.787 27.504 27.139 27.082 26.782 26.594 28.437 32.104 32.212 32.814 34.962 31.594 26.022 25.604 23.897 23.852 23.817 23.749 23.679 23.652 23.512 23.267 23.229 23.142 23.032 22.895 22.822 22.865 22.772 22.62 22.525 22.395 22.615 28.455 26.095 23.172 22.207 22.9 24.94 22.727 21.74 21.782 21.805 21.402 25.38 31.635 33.362 32.157 30.155 27.6 28.47 24.532 20.745 20.617 20.41 20.325 20.977 21.607 20.667 23.622 25.537 26.492 26.457 25.455 22.3 19.197
31.027 28.122 27.919 27.612 27.112 26.859 26.832 26.859 27.329 27.324 26.812 26.764 26.877 30.804 28.702 29.419 27.904 28.864 26.189 24.634 24.714 25.632 24.729 24.104 23.774 23.789 24.357 23.549 23.647 23.647 23.384 22.992 22.882 22.847 22.855 22.762 22.607 22.472 23.037 23.642 31.577 27.372 29.712 23.485 26.522 27.8 23.312 21.92 21.612 21.51 21.335 29.417 32.062 33.447 31.675 28.272 21.917 21.43 21.502 20.902 20.7 20.72 20.715 21.017 20.765 20.35 24.43 25.735 26.697 26.29 25.265 22.345 19.472
28.907 30.924 29.002 29.017 28.532 26.877 26.817 26.784 26.854 27.074 26.714 26.747 31.719 36.827 37.419 36.882 35.042 31.519 26.994 25.307 25.424 26.684 26.844 26.567 25.984 28.024 28.979 26.884 28.192 27.469 25.902 23.94 22.887 22.955 22.905 22.787 22.62 22.487 23.167 25.45 29.245 29.752 26.66 23.092 25.415 26.012 23.1 24.052 21.96 21.62 21.262 29.915 32.485 33.232 31.242 27.075 21.307 21.112 20.78 20.71 20.697 20.655 20.67 21.05 19.867 20.087 22.827 24.995 26.75 26.052 25.067 21.9 19.087
35.837 35.449 28.622 27.557 28.177 26.952 26.774 26.944 27.039 26.639 26.609 26.292 33.684 37.577 37.779 37.612 37.759 36.382 26.387 25.129 25.107 25.632 25.477 24.822 25.184 28.727 29.724 30.387 30.262 30.239 28.474 24.35 22.882 22.97 22.922 22.77 22.765 22.857 22.87 22.815 26.575 27.55 24.492 22.937 23.642 23.452 22.327 23.58 23.56 25.04 23.16 30.855 32.885 32.785 30.72 22.91 21.687 20.75 20.742 20.797 20.82 20.76 21.52 21.525 20.55 21.185 21.31 21.435 21.355 21.287 21.615 20.357 18.63
36.584 35.357 28.934 27.454 27.579 26.882 26.809 27.047 26.837 26.729 26.564 25.994 33.624 37.999 37.714 37.637 37.944 37.204 27.639 25.092 25.082 24.824 24.709 24.527 24.892 26.287 28.622 30.199 28.599 28.267 27.684 23.997 23.172 22.975 22.94 22.737 22.862 23.552 23.147 24.445 22.66 23.177 22.665 22.587 22.505 22.54 22.892 24.397 28.11 27.705 25.695 27.945 28.562 31.292 29.607 22.267 21.285 20.85 20.947 21.02 20.91 22.08 22.72 22.347 22.145 21.91 21.677 21.532 20.31 20.375 19.695 18.592 18.352
36.397 35.474 28.652 27.759 27.572 26.839 26.864 27.247 26.977 27.059 26.599 27.269 37.309 38.084 37.599 37.729 38.009 36.404 26.762 25.107 25.014 24.872 24.767 24.502 24.319 24.322 24.047 25.509 24.324 24.377 24.617 23.532 23.512 22.972 22.865 22.767 22.977 23.505 23.945 23.567 22.722 22.64 22.595 22.5 22.43 22.342 22.237 22.487 24.745 28.757 23.21 21.532 21.445 22.61 23.202 22.012 21.52 21.082 21.252 21.292 20.587 20.81 20.54 20.12 23.217 22.02 20 20.557 20.747 21.305 21 19.867 18.655
36.219 35.302 29.922 27.629 27.139 26.847 26.804 27.087 26.767 26.737 26.612 27.202 36.967 38.289 37.624 37.914 37.974 35.829 26.159 25.374 25.107 24.934 24.722 24.484 24.414 24.237 24.107 24.107 24.224 24.162 23.642 23.152 23.035 22.962 22.912 22.77 23.512 22.827 24.227 23.132 22.642 22.59 22.57 22.497 22.387 22.242 22.05 21.85 21.827 22.297 22.05 22.197 24.175 23.155 21.21 22.08 21.422 21.042 20.962 21.905 21.492 20.29 19.865 21.182 27.682 27.87 26.86 26.305 22.2 21.317 21.017 19.672 19.762
36.164 35.462 29.164 27.512 27.214 26.837 26.827 26.677 26.759 26.709 26.654 28.354 37.272 38.074 37.974 38.102 37.904 34.272 25.839 25.854 26.124 25.744 25.147 25.477 25.119 24.482 24.274 24.312 24.389 24.257 23.394 25.08 23.062 22.975 22.902 22.832 23.275 22.897 23.59 23.4 22.69 22.612 22.55 22.477 22.35 22.195 22.337 28.662 26.805 23.78 25.33 21.545 21.42 21.727 22.832 23.692 21.265 21.125 21.227 23.112 22.19 21.247 20.93 22.225 27.897 28.547 28.3 27.542 21.422 19.427 19.287 18.892 18.535
35.487 33.617 28.539 27.789 27.247 26.839 26.837 26.587 26.822 26.759 26.719 28.522 36.999 37.832 37.847 37.964 37.749 36.239 27.012 25.192 25.819 25.822 24.782 24.667 24.777 25.219 25.207 25.179 25.177 24.399 23.447 23.892 23.077 22.965 22.817 23.48 23.767 23.455 23.28 22.792 22.64 22.582 22.572 22.455 22.345 22.045 22.75 29.847 30.215 30.057 29.842 29.117 28.615 24.772 23.442 21.6 21.225 21.185 22.425 23.427 23.282 21.475 20.8 22.985 28.072 28.717 28.287 26.717 20.5 19.367 19.132 18.792 18.342
29.497 29.177 28.239 28.589 27.102 26.824 26.909 26.812 27.682 26.829 27.059 29.612 37.044 37.579 37.269 37.632 37.254 34.309 25.459 25.122 24.957 24.949 24.742 24.547 24.564 25.554 25.572 24.779 24.322 23.919 23.177 23.265 22.982 22.98 22.855 23.31 24.027 24.052 22.872 23.257 23.465 22.662 22.525 22.437 22.335 21.917 24.255 30.067 30.842 30.935 30.762 30.542 30.265 30.08 29.865 28.632 22.655 21.265 22.557 23.382 24.237 22.942 19.772 26.555 28.25 28.772 28.102 26.185 20.477 19.452 19.21 19.747 19.865
28.489 27.369 27.717 28.607 27.087 26.809 27.132 27.324 30.727 27.977 27.022 30.877 35.254 35.782 36.889 36.934 35.632 27.839 25.454 25.132 24.952 25.034 24.717 24.562 24.457 24.474 24.462 24.897 24.872 23.834 23.019 22.977 22.952 22.915 22.805 23.342 23.24 23.555 23.07 25.447 23.012 22.597 22.49 22.385 22.265 21.842 27.837 30.245 30.755 31.04 31.185 31.222 31.16 30.965 30.382 29.015 22.742 21.76 23.43 23.282 23.672 21.525 20.64 27.077 28.43 28.702 27.917 25.28 20.865 19.51 21.122 22.965 21.7
32.077 27.769 28.157 27.344 26.832 26.807 27.157 28.024 30.097 28.929 28.042 27.647 30.307 30.852 31.869 30.287 27.927 26.064 25.574 25.187 24.922 27.299 26.917 24.529 24.419 24.302 24.264 24.889 25.487 24.472 22.944 23.005 23.022 22.945 22.84 22.96 22.817 23.332 22.915 24.35 23.32 22.545 22.462 22.36 22.215 21.737 28.652 29.58 29.925 30.165 30.345 30.622 30.98 31.005 30.217 28.705 21.345 22.305 25.052 28.17 23.775 20.58 21.977 27.775 28.557 28.535 27.707 22.727 20.94 19.805 23.012 24.295 23.072
31.684 27.992 28.767 28.904 26.829 26.857 26.969 27.799 27.962 26.724 26.642 33.039 33.579 30.384 30.119 29.399 26.327 25.707 25.669 25.192 25.239 24.997 24.922 24.524 24.352 24.292 24.209 24.682 25.549 23.739 22.927 22.92 22.967 22.892 23.052 24.137 23.11 23.127 23.375 23.417 22.665 22.602 22.542 22.44 22.225 21.887 23.727 24.495 26.41 27.727 29.622 30.217 30.94 30.452 29.952 26.02 21.105 23.717 25.007 27.275 21.997 19.51 25.355 27.985 28.727 28.362 27.18 21.402 19.605 19.457 22.702 23.895 23.695
30.332 27.982 28.399 28.464 26.787 26.874 27.462 27.334 27.782 26.287 30.707 35.344 35.807 35.322 35.497 34.377 33.764 26.559 25.907 25.962 26.102 25.669 25.119 24.814 24.509 24.419 24.234 25.192 25.364 23.394 22.869 22.997 22.932 22.812 23.142 23.937 23.795 23.272 22.89 22.745 23.42 23.52 22.962 22.672 22.292 22.117 21.88 21.747 21.675 21.777 28.807 30.415 30.9 30.142 29.267 24.22 21.15 23.965 27.542 27.067 20.442 19.492 25.27 28.067 28.475 28.155 27 19.98 19.467 19.742 23.785 23.532 20.577
30.287 28.889 28.789 27.774 26.779 26.759 27.452 27.849 27.714 28.904 34.034 35.629 35.869 35.782 36.002 35.847 34.784 27.019 25.299 25.217 25.314 25.227 25.094 25.387 25.327 25.154 24.822 24.839 24.647 23.077 22.902 23 22.97 22.805 22.747 22.845 23.272 23.467 24.355 24.617 23.76 26.225 24.977 22.662 22.455 22.21 21.955 21.877 21.807 23.772 29.767 30.647 30.8 29.925 26.59 21.552 21.72 24.28 26.805 25.57 22.127 20.672 24.595 27.525 27.705 27.76 24.315 19.555 19.46 21 23.542 23.72 22.95
28.292 28.394 29.319 27.452 26.779 26.719 26.787 28.214 27.337 30.444 35.767 35.817 35.747 35.112 35.899 35.522 32.524 26.349 25.529 25.222 25.089 24.984 24.877 24.794 24.777 24.719 24.684 24.929 24.869 23.007 22.959 22.982 22.92 22.687 22.605 22.597 24.425 23.795 24.72 25.925 24.94 27.867 28.627 24.065 22.842 22.425 22.015 21.925 21.812 26.195 30.002 30.845 30.625 29.817 26.042 21.17 22.692 24.072 22.207 21.645 20.887 19.56 20.332 22.06 24.49 24.132 22.407 19.48 19.422 22.177 23.702 23.687 21.992
28.117 28.204 28.859 27.464 26.699 26.902 27.042 28.402 27.064 27.094 33.704 35.922 35.614 35.289 35.974 35.329 28.867 25.429 25.462 25.837 25.157 24.954 24.844 24.764 24.712 24.619 24.577 24.862 24.342 22.927 22.907 22.905 22.822 22.755 22.632 22.747 25.79 26.497 26.167 25.507 25.12 27.21 27.282 23.94 22.51 22.622 22.405 21.83 21.667 25.405 30.182 30.907 30.552 29.917 26.262 21.155 22.857 22.96 21.702 20.68 20.54 22.207 22.085 21.025 20.215 20.225 19.497 19.477 19.397 20.455 22.33 22.847 20.775
27.939 28.327 28.754 26.817 26.704 27.434 28.089 28.289 26.729 27.144 32.082 35.494 35.322 35.179 35.784 35.172 27.179 25.392 25.972 25.494 25.039 24.929 24.864 24.794 24.749 24.647 24.597 24.829 23.509 22.889 22.939 22.925 22.812 22.635 22.592 24.342 25.827 26.502 26.602 26.565 26.43 25.467 23.467 23.617 23.522 25.632 26.46 22.407 22.13 29.057 30.432 31.132 30.707 29.785 24.475 21.222 23.297 21.182 20.745 20.507 19.745 24.432 27.792 27.695 27.542 23.87 19.702 19.45 19.365 19.192 18.765 18.515 18.467
27.074 26.892 26.804 26.679 26.744 27.149 27.139 27.119 26.314 29.339 35.289 34.989 34.474 35.029 34.227 33.419 26.997 25.557 25.684 25.379 24.957 24.867 24.779 24.787 24.714 24.632 24.594 24.887 23.179 22.917 22.934 22.965 22.95 22.715 22.56 23.77 23.182 23.115 24.825 25.832 26.365 25.017 22.232 25.985 28.317 28.77 24.18 22.012 25.557 29.747 30.617 31.22 30.512 29.585 22.742 21.752 24.857 25.252 22.857 20.08 19.895 27.47 28.257 28.497 28.02 26.68 19.762 19.517 19.375 19.357 18.812 18.51 18.467
