All_lidar/sz5986_DSM_2M.asc
ncols 500
nrows 500
xllcorner    459000
yllcorner    86000
cellsize     2
NODATA_value -9999
[rows 448 to 479 of 500, columns 288 to 359 of 500]
23.696 23.558 23.426 23.298 23.173 23.031 22.866 23.861 25.153 24.321 23.328 23.008 23.056 22.656 22.128 21.431 21.266 21.036 20.923 20.756 20.593 20.461 20.323 20.163 20.023 19.853 19.703 19.563 19.421 19.288 19.146 19.033 18.913 18.771 18.633 18.476 18.351 18.206 18.071 17.923 17.773 17.611 17.456 17.311 17.128 16.923 16.723 16.501 16.331 16.121 15.936 15.786 15.621 15.476 15.336 15.246 15.146 15.053 14.988 14.931 14.858 14.766 14.746 15.598 15.156 15.086 15.441 15.276 17.113 17.468 17.701 19.863
23.668 23.538 23.393 23.226 23.121 22.983 22.848 22.696 22.958 24.123 23.846 22.888 23.256 22.793 22.131 21.558 21.281 21.196 20.996 20.716 20.586 20.403 20.256 20.091 19.951 19.778 19.601 19.451 19.303 19.196 19.056 18.931 18.811 18.671 18.536 18.388 18.238 18.103 17.971 17.831 17.686 17.496 17.341 17.193 16.993 16.826 16.633 16.421 16.246 16.028 15.856 15.681 15.513 15.393 15.263 15.143 15.041 14.976 14.913 14.886 14.806 14.708 14.716 15.266 15.353 15.623 16.133 17.926 18.258 17.973 17.908 18.388
23.653 23.486 23.338 23.198 23.068 22.958 22.818 22.673 22.626 23.376 23.711 22.776 23.031 22.816 22.441 21.946 21.603 21.136 21.043 20.771 20.631 20.451 20.188 20.021 19.861 19.693 19.518 19.356 19.258 19.096 18.948 18.828 18.708 18.581 18.428 18.281 18.138 17.988 17.851 17.711 17.593 17.413 17.236 17.078 16.901 16.701 16.531 16.328 16.128 15.936 15.741 15.586 15.448 15.301 15.183 15.066 14.973 14.893 14.828 14.798 14.721 14.638 14.616 15.538 15.506 16.126 16.503 17.278 16.531 16.441 16.483 15.863
23.613 23.423 23.308 23.158 23.053 22.926 22.778 22.678 22.541 22.593 23.363 22.681 22.671 22.693 22.526 21.701 21.226 21.048 21.103 20.808 20.536 20.311 20.173 19.988 19.803 19.623 19.443 19.281 19.153 19.006 18.853 18.713 18.603 18.458 18.321 18.173 18.031 17.876 17.741 17.578 17.456 17.298 17.123 16.976 16.786 16.593 16.401 16.201 16.003 15.841 15.648 15.496 15.331 15.196 15.078 14.981 14.873 14.811 14.773 14.733 14.676 14.581 14.838 15.793 16.701 16.511 16.808 16.523 15.798 15.763 15.823 15.923
23.556 23.403 23.278 23.136 23.008 22.863 22.746 22.668 22.508 22.376 22.683 22.948 24.308 23.338 22.163 21.486 21.223 20.968 20.916 20.718 20.553 20.283 20.181 20.023 19.776 19.556 19.371 19.206 19.056 18.883 18.753 18.628 18.486 18.348 18.228 18.083 17.886 17.746 17.588 17.463 17.311 17.158 17.023 16.843 16.651 16.453 16.288 16.081 15.883 15.718 15.548 15.381 15.243 15.096 14.976 14.883 14.813 14.738 14.701 14.681 14.606 14.546 14.796 16.528 17.996 17.563 17.166 16.158 15.681 15.703 15.813 15.946
23.533 23.376 23.241 23.123 22.978 22.856 22.726 22.616 22.486 22.371 22.216 23.291 22.621 23.421 22.088 21.418 21.163 20.928 20.836 20.646 20.628 20.213 20.161 19.953 19.701 19.501 19.321 19.126 18.958 18.796 18.663 18.518 18.368 18.241 18.111 17.961 17.803 17.661 17.491 17.341 17.191 17.031 16.893 16.726 16.523 16.328 16.138 15.936 15.756 15.601 15.426 15.248 15.133 15.016 14.888 14.801 14.708 14.676 14.633 14.621 14.543 14.501 14.916 16.296 18.383 18.193 17.616 15.676 15.588 15.693 15.836 15.991
23.518 23.371 23.213 23.086 22.971 22.836 22.711 22.571 22.466 22.333 22.191 22.026 22.806 23.473 22.208 21.673 21.083 21.093 20.891 20.561 20.421 20.206 20.188 19.976 19.703 19.478 19.296 19.113 18.876 18.721 18.558 18.403 18.263 18.136 17.993 17.858 17.703 17.548 17.376 17.223 17.081 16.923 16.748 16.576 16.388 16.193 15.996 15.816 15.636 15.471 15.293 15.158 15.028 14.916 14.793 14.711 14.636 14.606 14.576 14.546 14.473 14.738 14.711 16.701 17.936 18.583 17.706 15.716 15.581 15.711 15.858 16.031
23.498 23.338 23.221 23.091 22.951 22.813 22.663 22.573 22.423 22.308 22.181 22.003 21.821 21.873 21.833 21.771 22.451 21.038 20.653 20.578 20.738 20.218 20.048 19.911 19.718 19.421 19.176 19.118 18.893 18.621 18.458 18.298 18.156 18.021 17.868 17.731 17.578 17.421 17.266 17.088 16.951 16.766 16.603 16.431 16.238 16.046 15.846 15.673 15.491 15.338 15.163 15.011 14.926 14.796 14.711 14.616 14.588 14.543 14.498 14.471 14.388 14.906 18.206 18.013 18.123 17.661 16.368 15.441 15.566 15.726 15.908 16.071
23.506 23.313 23.208 23.068 22.933 22.791 22.646 22.538 22.396 22.263 22.183 22.016 21.761 21.501 21.446 24.391 22.448 21.533 21.026 20.901 20.961 20.276 19.948 19.788 19.713 19.346 19.076 18.913 18.743 18.576 18.381 18.193 18.051 17.908 17.753 17.611 17.463 17.323 17.128 16.978 16.816 16.658 16.481 16.273 16.096 15.911 15.723 15.538 15.366 15.203 15.048 14.911 14.791 14.723 14.641 14.568 14.521 14.481 14.421 14.371 14.338 16.408 17.113 16.126 16.256 15.993 15.273 15.418 15.573 15.741 15.938 16.156
23.466 23.298 23.173 23.046 22.903 22.768 22.643 22.513 22.381 22.343 22.148 21.951 21.756 21.501 21.233 21.228 21.551 22.593 21.821 21.661 21.033 20.426 19.953 19.673 19.641 19.316 19.198 18.978 18.678 18.543 18.351 18.158 17.963 17.791 17.616 17.493 17.321 17.181 17.003 16.858 16.701 16.496 16.328 16.143 15.961 15.758 15.573 15.396 15.211 15.051 14.928 14.781 14.676 14.581 14.541 14.491 14.446 14.398 14.341 14.308 14.361 15.338 16.233 15.468 15.006 15.031 15.211 15.396 15.563 15.761 15.966 16.198
23.461 23.311 23.158 23.006 22.883 22.766 22.603 22.466 22.406 22.286 22.083 21.903 21.736 21.536 21.248 20.998 20.798 21.258 21.928 21.591 21.493 21.341 19.981 19.711 19.623 20.016 19.456 19.071 18.651 18.411 18.208 18.063 17.918 17.721 17.533 17.378 17.201 17.041 16.883 16.716 16.551 16.356 16.186 15.988 15.803 15.621 15.438 15.273 15.101 14.946 14.803 14.668 14.558 14.481 14.441 14.381 14.346 14.296 14.273 14.281 14.388 15.171 15.916 15.653 15.133 14.941 15.158 15.358 15.556 15.791 16.006 16.228
23.413 23.256 23.118 22.988 22.861 22.733 22.583 22.456 22.373 22.256 22.058 21.846 21.711 21.486 21.238 21.031 20.818 20.581 21.333 22.113 21.026 21.243 21.053 19.968 19.788 19.876 19.351 18.963 18.748 18.513 18.238 18.006 17.796 17.628 17.473 17.291 17.093 16.913 16.743 16.576 16.383 16.226 16.038 15.836 15.658 15.476 15.308 15.133 14.963 14.833 14.688 14.558 14.473 14.383 14.346 14.306 14.281 14.206 14.278 14.751 14.783 15.431 15.531 15.843 15.206 14.858 15.058 15.288 15.516 15.771 16.011 16.248
23.363 23.226 23.101 22.978 22.826 22.688 22.516 22.496 22.351 22.198 22.036 21.863 21.653 21.421 21.191 21.031 20.808 20.558 20.353 20.971 22.371 21.581 21.848 20.403 20.741 19.896 19.206 18.718 18.681 18.453 18.258 18.016 17.791 17.591 17.393 17.188 16.983 16.791 16.611 16.428 16.243 16.046 15.891 15.708 15.533 15.353 15.176 15.003 14.856 14.726 14.586 14.493 14.373 14.293 14.266 14.266 14.191 14.136 14.508 15.258 15.341 15.606 15.456 15.651 15.168 14.763 14.958 15.203 15.496 15.761 16.023 16.263
23.323 23.213 23.101 22.956 22.821 22.651 22.521 22.498 22.276 22.146 22.016 21.828 21.571 21.353 21.168 20.951 20.718 20.538 20.333 20.086 20.688 21.211 22.503 22.046 20.608 20.546 20.048 19.406 18.511 18.281 18.191 17.973 17.751 17.648 17.378 17.093 16.911 16.716 16.526 16.306 16.113 15.911 15.733 15.568 15.393 15.233 15.048 14.908 14.741 14.623 14.501 14.393 14.296 14.233 14.216 14.186 14.113 14.166 14.676 15.088 15.261 15.361 15.448 15.576 14.983 14.688 14.883 15.183 15.476 15.713 15.986 16.268
23.281 23.201 23.066 22.918 22.793 22.666 22.636 22.416 22.266 22.106 21.941 21.683 21.498 21.333 21.088 20.921 20.716 20.488 20.293 20.081 19.841 19.836 20.518 21.068 20.598 20.381 20.331 19.876 19.278 18.488 18.208 18.021 17.758 17.553 17.333 17.121 16.888 16.648 16.431 16.233 16.026 15.808 15.593 15.408 15.263 15.103 14.946 14.796 14.643 14.533 14.418 14.303 14.231 14.206 14.156 14.116 14.108 14.413 14.861 15.038 15.186 15.568 15.228 14.921 14.551 14.608 14.851 15.113 15.411 15.701 15.988 16.311
23.246 23.131 23.023 22.898 22.766 22.696 22.591 22.406 22.233 22.081 21.846 21.673 21.471 21.258 21.076 20.896 20.718 20.496 20.258 20.046 19.846 19.653 19.408 19.476 19.921 20.563 20.468 20.041 19.833 19.641 18.841 18.268 17.756 17.411 17.276 17.253 16.981 16.686 16.343 16.158 15.983 15.731 15.506 15.318 15.136 14.983 14.831 14.691 14.541 14.433 14.341 14.226 14.178 14.151 14.098 14.046 14.136 14.796 15.191 15.486 15.163 14.978 14.668 14.526 14.388 14.583 14.871 15.118 15.438 15.723 16.048 16.373
23.158 23.081 22.976 22.828 22.703 22.663 22.533 22.401 22.211 21.966 21.816 21.656 21.446 21.223 21.023 20.821 20.621 20.441 20.203 20.003 19.831 19.598 19.401 19.176 19.018 19.863 20.473 20.496 20.388 20.028 19.651 19.628 18.411 17.311 17.378 17.403 16.983 16.666 16.343 16.146 15.993 15.613 15.451 15.201 15.026 14.871 14.721 14.593 14.463 14.351 14.271 14.176 14.126 14.068 14.001 14.018 14.153 15.693 15.218 15.898 15.428 14.646 14.348 14.343 14.376 14.661 14.906 15.196 15.481 15.796 16.116 16.446
23.133 23.033 22.913 22.776 22.741 22.583 22.463 22.328 22.116 21.933 21.751 21.546 21.371 21.196 20.978 20.761 20.578 20.361 20.181 19.978 19.783 19.591 19.373 19.151 18.921 18.828 19.343 20.881 21.471 20.456 19.568 19.478 18.701 17.378 17.081 17.043 16.851 16.698 16.293 16.131 15.881 15.553 15.601 15.148 14.958 14.756 14.618 14.476 14.358 14.253 14.206 14.108 14.056 14.011 13.948 13.906 14.693 15.601 16.633 17.063 16.378 14.768 14.266 14.278 14.483 14.748 15.011 15.266 15.563 15.853 16.218 16.551
23.473 22.971 22.883 22.813 22.708 22.546 22.366 22.233 22.068 21.906 21.668 21.448 21.268 21.111 20.926 20.736 20.513 20.301 20.126 19.938 19.761 19.558 19.373 19.121 18.921 18.676 18.453 19.528 20.613 20.791 19.586 19.183 18.923 18.543 17.818 17.086 16.618 16.493 16.291 16.253 15.813 15.521 15.413 15.071 14.896 14.711 14.536 14.413 14.283 14.213 14.133 14.073 14.006 13.916 14.333 16.106 18.811 16.856 16.021 18.358 17.181 14.336 14.171 14.368 14.576 14.813 15.061 15.316 15.638 15.923 16.296 16.618
25.231 23.283 22.846 22.798 22.671 22.498 22.306 22.171 22.021 21.826 21.603 21.416 21.228 21.011 20.828 20.673 20.463 20.273 20.118 19.893 19.671 19.516 19.326 19.096 18.881 18.653 18.438 18.211 18.608 19.151 19.181 19.168 17.511 20.461 18.206 17.021 16.903 16.276 16.203 16.076 15.791 15.526 15.153 15.008 14.813 14.631 14.478 14.346 14.251 14.173 14.093 14.033 14.076 14.381 14.583 16.441 17.658 16.036 17.563 18.051 15.171 14.081 14.186 14.411 14.633 14.858 15.076 15.366 15.696 16.008 16.338 16.678
25.933 24.866 22.771 22.656 22.598 22.461 22.291 22.113 21.913 21.743 21.561 21.346 21.151 20.968 20.758 20.566 20.393 20.216 20.048 19.841 19.638 19.443 19.238 19.056 18.868 18.616 18.383 18.161 17.938 17.688 17.766 19.156 19.673 18.321 18.288 17.983 17.468 16.293 16.448 16.201 15.841 15.381 15.143 14.918 14.743 14.616 14.436 14.298 14.223 14.153 14.091 14.026 14.003 15.178 15.041 15.326 17.011 16.158 16.061 15.503 14.043 14.046 14.193 14.398 14.633 14.873 15.103 15.416 15.746 16.063 16.388 16.751
26.708 26.078 24.136 22.586 22.518 22.413 22.218 22.038 21.831 21.643 21.478 21.301 21.096 20.903 20.711 20.491 20.336 20.121 19.948 19.793 19.601 19.408 19.213 18.998 18.818 18.581 18.373 18.098 17.848 17.646 17.411 17.386 17.373 17.076 19.153 19.046 20.038 16.453 16.683 16.226 15.526 15.256 15.136 14.863 14.681 14.718 14.418 14.221 14.148 14.168 14.106 14.046 14.836 15.146 15.171 16.408 16.753 16.038 14.826 13.993 13.998 14.063 14.216 14.421 14.656 14.911 15.206 15.491 15.781 16.113 16.436 16.778
24.086 25.851 23.858 22.578 22.496 22.356 22.138 21.941 21.806 21.596 21.368 21.231 21.038 20.843 20.631 20.448 20.238 20.053 19.866 19.691 19.528 19.356 19.178 18.971 18.768 18.498 18.273 18.061 17.846 17.573 17.376 17.191 16.946 16.708 16.806 16.951 18.173 16.843 16.786 16.666 15.476 15.101 14.973 14.821 14.613 14.561 14.408 14.208 14.091 14.096 14.096 14.376 17.006 16.231 15.708 16.161 15.113 14.643 14.143 13.863 13.978 14.086 14.228 14.471 14.708 14.966 15.226 15.513 15.773 16.111 16.448 16.783
22.658 23.913 23.936 22.408 22.421 22.263 22.088 21.908 21.736 21.541 21.338 21.126 20.963 20.788 20.576 20.378 20.178 19.993 19.801 19.601 19.456 19.258 19.086 18.886 18.703 18.488 18.228 18.023 17.793 17.568 17.333 17.166 16.968 16.676 16.451 16.218 16.121 16.756 16.888 15.888 16.746 15.683 14.833 14.678 14.573 14.468 14.338 14.186 14.023 14.026 14.063 14.268 15.021 16.163 15.401 16.441 15.281 14.056 13.808 13.811 13.926 14.078 14.251 14.473 14.693 14.966 15.231 15.481 15.806 16.141 16.448 16.788
22.386 22.308 24.143 23.048 22.328 22.186 22.028 21.873 21.651 21.483 21.278 21.071 20.911 20.701 20.521 20.358 20.156 19.956 19.768 19.551 19.378 19.198 18.998 18.821 18.641 18.418 18.228 17.988 17.746 17.501 17.296 17.111 16.876 16.616 16.428 16.168 15.943 15.788 15.686 15.871 16.056 16.586 14.986 14.628 14.488 14.373 14.266 14.136 13.988 14.001 14.006 13.973 13.811 15.931 17.278 16.063 14.726 13.878 13.791 13.781 13.911 14.088 14.253 14.458 14.708 14.998 15.251 15.536 15.831 16.153 16.471 16.811
22.093 22.281 24.691 23.646 22.268 22.123 21.953 21.831 21.621 21.428 21.246 21.041 20.841 20.673 20.446 20.271 20.101 19.911 19.713 19.508 19.318 19.118 18.926 18.728 18.523 18.326 18.133 17.928 17.698 17.473 17.248 17.066 16.833 16.591 16.353 16.141 15.911 15.693 15.501 15.248 15.013 14.723 14.551 15.083 14.928 14.338 14.178 14.031 13.956 13.988 14.463 14.666 16.788 16.558 15.583 15.381 14.166 13.786 13.798 13.766 13.921 14.066 14.256 14.488 14.753 14.996 15.263 15.516 15.831 16.161 16.473 16.818
22.081 22.956 23.578 23.278 22.183 22.043 21.881 21.736 21.568 21.366 21.188 20.978 20.783 20.591 20.411 20.223 20.001 19.851 19.673 19.463 19.241 19.078 18.856 18.636 18.433 18.241 18.041 17.813 17.636 17.451 17.211 17.008 16.783 16.563 16.311 16.071 15.856 15.656 15.451 15.201 14.993 14.816 14.578 14.326 15.258 14.671 14.303 13.936 13.886 13.928 13.896 16.753 16.991 14.016 13.763 13.776 13.808 13.748 13.766 13.778 13.916 14.053 14.251 14.483 14.753 15.008 15.268 15.538 15.833 16.151 16.496 16.798
22.156 22.278 23.896 23.761 22.096 21.951 21.806 21.658 21.491 21.293 21.121 20.943 20.728 20.513 20.348 20.191 19.971 19.786 19.576 19.403 19.218 18.973 18.771 18.591 18.336 18.136 17.938 17.746 17.556 17.358 17.146 16.966 16.751 16.498 16.261 16.023 15.783 15.633 15.433 15.156 14.951 14.788 14.633 14.448 14.163 14.353 15.553 14.191 13.806 13.868 13.778 14.591 16.763 15.316 13.931 13.836 13.828 13.711 13.738 13.826 13.946 14.098 14.303 14.533 14.756 15.008 15.278 15.553 15.838 16.148 16.493 16.793
22.063 22.731 23.678 24.468 22.131 21.838 21.711 21.578 21.423 21.228 21.068 20.881 20.691 20.493 20.298 20.116 19.896 19.723 19.526 19.331 19.113 18.928 18.708 18.501 18.293 18.066 17.853 17.648 17.451 17.253 17.073 16.891 16.668 16.461 16.193 15.961 15.748 15.541 15.353 15.091 14.883 14.758 14.608 14.443 14.331 14.081 13.978 13.728 13.918 14.103 14.701 13.923 15.191 14.983 14.133 13.976 13.723 13.718 13.788 13.891 13.963 14.141 14.346 14.558 14.806 15.018 15.288 15.578 15.898 16.193 16.523 16.843
21.943 21.743 23.541 24.701 22.256 21.751 21.621 21.516 21.358 21.186 21.018 20.831 20.618 20.446 20.288 20.043 19.841 19.661 19.456 19.258 18.996 18.836 18.648 18.408 18.191 17.986 17.796 17.568 17.378 17.168 16.988 16.803 16.593 16.378 16.146 15.911 15.676 15.498 15.296 15.013 14.821 14.661 14.523 14.381 14.318 14.153 13.848 13.731 14.198 14.546 15.266 14.323 13.793 15.126 13.858 13.926 13.656 13.753 13.788 13.896 13.988 14.163 14.356 14.563 14.803 15.033 15.308 15.583 15.883 16.193 16.501 16.848
22.901 21.553 21.583 22.703 24.573 21.778 21.538 21.418 21.303 21.143 20.966 20.761 20.573 20.398 20.208 19.998 19.791 19.591 19.398 19.166 18.938 18.741 18.526 18.316 18.121 17.926 17.728 17.528 17.283 17.091 16.896 16.708 16.466 16.263 16.046 15.866 15.646 15.436 15.213 14.966 14.771 14.623 14.508 14.383 14.228 14.103 13.841 13.753 13.596 13.518 14.028 14.898 14.521 14.861 14.511 14.128 13.751 13.833 13.821 13.963 14.033 14.156 14.373 14.588 14.808 15.043 15.313 15.588 15.858 16.186 16.521 16.853
24.828 22.481 21.378 21.196 23.611 23.591 21.513 21.353 21.201 21.033 20.878 20.751 20.533 20.346 20.133 19.933 19.748 19.536 19.333 19.113 18.876 18.661 18.428 18.203 18.023 17.841 17.643 17.441 17.233 17.003 16.808 16.576 16.373 16.163 15.941 15.751 15.593 15.396 15.143 14.886 14.728 14.571 14.431 14.293 14.161 14.036 13.873 13.866 13.856 13.638 14.118 14.313 14.108 14.173 14.156 14.053 13.786 13.738 13.838 13.951 14.063 14.186 14.406 14.593 14.813 15.051 15.318 15.631 15.881 16.153 16.501 16.891
