All_lidar/sz5993_DSM_2M.asc
ncols 500
nrows 500
xllcorner    459000
yllcorner    93000
cellsize     2
NODATA_value -9999
[rows 256 to 287 of 500, columns 144 to 215 of 500]
3.016 4.013 3.533 -1.415 -1.877 -1.897 -1.897 -1.732 -1.092 2.768 3.535 3.683 3.718 3.678 3.5 -0.117 -2.007 -2 -1.967 -1.882 -1.845 -1.817 -1.727 -1.622 -1.58 -1.542 -1.512 -1.525 -1.54 -1.532 -1.515 -1.545 -1.497 -1.462 -1.457 -1.505 -1.512 -1.5 -1.472 -1.424 -1.443 -1.45 -1.445 -1.497 -1.465 -1.439 -1.425 -1.45 -1.471 -1.473 -1.515 -1.527 -1.517 -1.537 -1.53 -1.529 -1.532 -1.537 -1.573 -1.535 -1.543 -1.517 -1.508 -1.511 -1.533 -1.534 -1.509 -1.495 -1.498 -1.514 -1.508 -1.526
3.23 4.028 4.033 0.485 -1.865 -1.237 -1.9 -1.842 -1.59 2.555 3.52 3.65 3.655 2.625 3.073 0.318 -1.967 -1.42 -1.44 -1.835 -1.805 -1.795 -1.717 -1.62 -1.56 -1.535 -1.522 -1.55 -1.54 -1.55 -1.532 -1.547 -1.52 -1.445 -1.465 -1.51 -1.472 -1.475 -1.485 -1.469 -1.457 -1.467 -1.446 -1.44 -1.425 -1.42 -1.426 -1.427 -1.445 -1.458 -1.487 -1.509 -1.501 -1.524 -1.505 -1.517 -1.513 -1.526 -1.526 -1.506 -1.517 -1.521 -1.506 -1.504 -1.503 -1.528 -1.533 -1.492 -1.472 -1.48 -1.496 -1.515
2.018 4.015 4.11 2.033 -1.207 -1.807 -1.807 -1.512 -0.605 2.403 3.505 3.573 3.543 2.76 2.963 -0.665 -1.965 -1.925 -1.902 -1.855 -1.772 -1.78 -1.685 -1.63 -1.582 -1.53 -1.542 -1.575 -1.54 -1.512 -1.492 -1.485 -1.517 -1.492 -1.487 -1.5 -1.465 -1.48 -1.482 -1.463 -1.463 -1.441 -1.447 -1.416 -1.407 -1.418 -1.43 -1.449 -1.467 -1.462 -1.459 -1.502 -1.505 -1.502 -1.514 -1.543 -1.52 -1.524 -1.497 -1.462 -1.462 -1.491 -1.485 -1.477 -1.476 -1.481 -1.495 -1.516 -1.513 -1.487 -1.484 -1.468
1.945 4.023 4.04 1.645 -1.897 -0.477 -1.56 -1.897 -1.772 2.068 2.638 3.533 3.56 3.52 3.435 -1.902 -1.777 -1.86 -1.895 -1.835 -1.802 -1.74 -1.672 -1.635 -1.615 -1.58 -1.587 -1.56 -1.552 -1.512 -1.47 -1.465 -1.472 -1.477 -1.5 -1.492 -1.455 -1.457 -1.44 -1.409 -1.425 -1.447 -1.436 -1.418 -1.419 -1.452 -1.447 -1.475 -1.474 -1.493 -1.485 -1.505 -1.518 -1.53 -1.535 -1.524 -1.537 -1.547 -1.449 -1.423 -1.441 -1.471 -1.45 -1.455 -1.445 -1.426 -1.456 -1.46 -1.482 -1.468 -1.483 -1.432
0.743 3.773 4.048 3.363 -0.932 -1.872 -1.84 -1.865 -1.502 2.223 3.498 3.498 3.498 3.2 2.925 -1.505 -1.317 -0.677 -1.857 -1.852 -1.792 -1.715 -1.66 -1.652 -1.622 -1.62 -1.56 -1.58 -1.485 -1.47 -1.43 -1.425 -1.455 -1.437 -1.455 -1.402 -1.44 -1.402 -1.397 -1.406 -1.423 -1.445 -1.478 -1.457 -1.478 -1.477 -1.469 -1.496 -1.513 -1.488 -1.481 -1.516 -1.549 -1.555 -1.562 -1.505 -1.5 -1.492 -1.48 -1.457 -1.442 -1.435 -1.441 -1.434 -1.416 -1.443 -1.42 -1.443 -1.45 -1.429 -1.439 -1.413
-1.435 3.963 4.045 3.088 -0.81 -1.812 -1.105 -1.872 -1.797 1.435 3.46 2.898 3.493 2.695 3.515 -1.405 -1.93 -1.955 -1.862 -1.825 -1.817 -1.732 -1.622 -1.63 -1.625 -1.545 -1.502 -1.482 -1.482 -1.442 -1.465 -1.405 -1.407 -1.402 -1.402 -1.412 -1.42 -1.432 -1.44 -1.438 -1.454 -1.471 -1.487 -1.47 -1.487 -1.485 -1.466 -1.496 -1.502 -1.48 -1.498 -1.498 -1.499 -1.528 -1.533 -1.519 -1.467 -1.447 -1.44 -1.446 -1.458 -1.458 -1.471 -1.426 -1.422 -1.412 -1.446 -1.451 -1.469 -1.458 -1.397 -1.419
0.245 3.94 4.035 3.378 -0.352 -1.82 -1.85 -1.83 -1.692 2.69 3.483 3.235 3.52 3.475 2.635 -1.91 -1.64 -1.872 -1.85 -1.822 -1.77 -1.722 -1.647 -1.592 -1.58 -1.495 -1.45 -1.43 -1.402 -1.375 -1.387 -1.382 -1.405 -1.415 -1.372 -1.382 -1.397 -1.395 -1.445 -1.451 -1.491 -1.508 -1.506 -1.502 -1.473 -1.486 -1.488 -1.5 -1.508 -1.49 -1.508 -1.511 -1.496 -1.502 -1.497 -1.5 -1.49 -1.472 -1.452 -1.449 -1.452 -1.451 -1.44 -1.442 -1.409 -1.438 -1.449 -1.48 -1.473 -1.437 -1.44 -1.475
-1.175 3.57 4.045 4.05 -0.105 -1.842 -1.83 -1.855 -1.247 1.08 3.435 2.263 3.528 3.495 2.513 -1.727 -1.045 -1.675 -1.837 -1.757 -1.74 -1.662 -1.612 -1.567 -1.527 -1.497 -1.485 -1.412 -1.395 -1.352 -1.35 -1.36 -1.377 -1.405 -1.402 -1.415 -1.385 -1.44 -1.422 -1.448 -1.48 -1.479 -1.489 -1.472 -1.48 -1.499 -1.502 -1.488 -1.468 -1.486 -1.48 -1.513 -1.512 -1.515 -1.485 -1.486 -1.53 -1.511 -1.473 -1.472 -1.452 -1.449 -1.452 -1.467 -1.444 -1.455 -1.445 -1.453 -1.465 -1.426 -1.446 -1.475
-0.637 2.338 4.058 4.06 0.705 -1.04 -1.695 -1.772 -1.84 -0.462 3.098 3.455 3.498 3.463 1.63 -1.935 -1.962 -1.887 -1.822 -1.74 -1.742 -1.617 -1.555 -1.517 -1.492 -1.45 -1.497 -1.437 -1.44 -1.425 -1.412 -1.407 -1.415 -1.45 -1.432 -1.427 -1.445 -1.422 -1.47 -1.446 -1.496 -1.48 -1.464 -1.514 -1.499 -1.481 -1.485 -1.481 -1.49 -1.492 -1.499 -1.501 -1.514 -1.497 -1.476 -1.492 -1.502 -1.49 -1.466 -1.449 -1.418 -1.435 -1.46 -1.463 -1.427 -1.44 -1.468 -1.441 -1.415 -1.415 -1.417 -1.405
-1.607 2.198 4.103 4.06 1.038 -1.797 -1.777 -1.785 -1.8 0.815 3.453 3.458 3.463 3.413 1.245 -1.785 -1.807 -1.912 -1.795 -1.712 -1.645 -1.55 -1.507 -1.505 -1.48 -1.48 -1.455 -1.425 -1.422 -1.412 -1.437 -1.452 -1.44 -1.437 -1.41 -1.425 -1.445 -1.47 -1.492 -1.464 -1.503 -1.485 -1.49 -1.546 -1.49 -1.467 -1.503 -1.507 -1.482 -1.477 -1.466 -1.475 -1.479 -1.49 -1.487 -1.484 -1.461 -1.467 -1.471 -1.442 -1.428 -1.465 -1.453 -1.411 -1.445 -1.451 -1.455 -1.429 -1.434 -1.424 -1.408 -1.414
-1.83 -0.395 3.785 4.105 1.425 -1.75 -1.795 -1.777 -1.347 -0.375 2.535 2.658 3.445 2.628 3.013 -1.177 -0.857 -1.832 -1.765 -1.68 -1.627 -1.542 -1.48 -1.445 -1.46 -1.43 -1.377 -1.422 -1.422 -1.415 -1.422 -1.425 -1.432 -1.44 -1.415 -1.45 -1.435 -1.452 -1.47 -1.51 -1.486 -1.508 -1.469 -1.499 -1.485 -1.495 -1.436 -1.46 -1.452 -1.433 -1.435 -1.433 -1.406 -1.429 -1.434 -1.45 -1.455 -1.476 -1.473 -1.474 -1.458 -1.467 -1.435 -1.427 -1.43 -1.453 -1.49 -1.426 -1.457 -1.462 -1.45 -1.415
-1.832 0.703 4.16 4.143 3.6 -0.935 -1.702 -1.465 -1.75 -1.26 2.093 3.408 3.408 2.405 1.118 -1.872 -1.885 -1.877 -1.77 -1.655 -1.557 -1.462 -1.43 -1.432 -1.442 -1.397 -1.382 -1.35 -1.405 -1.385 -1.397 -1.395 -1.455 -1.465 -1.432 -1.447 -1.45 -1.445 -1.45 -1.457 -1.434 -1.466 -1.44 -1.435 -1.457 -1.469 -1.419 -1.389 -1.404 -1.404 -1.369 -1.381 -1.353 -1.352 -1.386 -1.415 -1.416 -1.448 -1.454 -1.458 -1.447 -1.466 -1.442 -1.439 -1.433 -1.453 -1.458 -1.481 -1.487 -1.487 -1.466 -1.449
-1.75 -1.125 2.748 4.153 4.158 0.038 -1.735 -1.72 -1.74 -1.727 1.658 3.033 3.428 3.418 3.008 -1.235 -1.87 -1.86 -1.705 -1.607 -1.535 -1.482 -1.425 -1.372 -1.405 -1.405 -1.372 -1.375 -1.405 -1.422 -1.442 -1.412 -1.392 -1.445 -1.445 -1.457 -1.43 -1.472 -1.422 -1.402 -1.405 -1.393 -1.421 -1.433 -1.419 -1.419 -1.405 -1.361 -1.342 -1.361 -1.328 -1.356 -1.322 -1.35 -1.386 -1.367 -1.394 -1.383 -1.399 -1.44 -1.428 -1.443 -1.442 -1.433 -1.445 -1.453 -1.458 -1.477 -1.45 -1.394 -1.371 -1.366
-1.702 -0.602 4.138 4.135 4.175 0.405 -1.732 -1.752 -1.38 -1.67 0.245 3.015 3.413 3.433 0.61 -1.397 -1.732 -1.84 -1.675 -1.582 -1.517 -1.467 -1.415 -1.412 -1.402 -1.39 -1.402 -1.407 -1.447 -1.467 -1.47 -1.405 -1.395 -1.372 -1.38 -1.385 -1.397 -1.415 -1.377 -1.377 -1.365 -1.387 -1.404 -1.408 -1.385 -1.393 -1.394 -1.37 -1.355 -1.371 -1.355 -1.346 -1.335 -1.352 -1.378 -1.372 -1.346 -1.355 -1.377 -1.406 -1.417 -1.448 -1.46 -1.457 -1.445 -1.482 -1.443 -1.444 -1.433 -1.425 -1.371 -1.358
-1.687 -1.645 1.678 4.133 4.175 1.71 -0.24 -1.01 0.268 -1.5 0.023 3.418 1.25 2.358 2.538 -1.2 -1.932 -1.817 -1.69 -1.567 -1.552 -1.492 -1.462 -1.47 -1.462 -1.46 -1.495 -1.485 -1.4 -1.417 -1.412 -1.372 -1.35 -1.347 -1.365 -1.33 -1.325 -1.31 -1.332 -1.355 -1.35 -1.402 -1.403 -1.405 -1.404 -1.413 -1.407 -1.413 -1.398 -1.361 -1.372 -1.372 -1.359 -1.335 -1.369 -1.391 -1.382 -1.367 -1.374 -1.396 -1.393 -1.427 -1.479 -1.426 -1.427 -1.462 -1.422 -1.476 -1.459 -1.391 -1.361 -1.387
-1.697 -0.795 1.843 4.108 4.18 1.798 -1.71 -1.672 -1.715 -1.692 -0.925 3.125 2.733 3.373 2.885 -0.752 -1.692 -1.745 -1.665 -1.542 -1.54 -1.465 -1.49 -1.445 -1.437 -1.397 -1.422 -1.367 -1.367 -1.337 -1.372 -1.33 -1.34 -1.325 -1.315 -1.325 -1.31 -1.31 -1.345 -1.332 -1.357 -1.377 -1.4 -1.424 -1.442 -1.405 -1.408 -1.379 -1.365 -1.374 -1.362 -1.362 -1.355 -1.35 -1.369 -1.369 -1.382 -1.4 -1.388 -1.415 -1.404 -1.438 -1.445 -1.436 -1.421 -1.458 -1.397 -1.373 -1.395 -1.381 -1.37 -1.412
-1.647 -1.647 1.345 4.183 4.193 1.94 -1.572 -1.677 -1.72 -1.692 0.18 2.853 3.388 1.613 3.068 1.035 -1.262 -1.695 -1.602 -1.517 -1.497 -1.477 -1.47 -1.435 -1.425 -1.385 -1.36 -1.312 -1.315 -1.275 -1.267 -1.26 -1.285 -1.305 -1.362 -1.312 -1.307 -1.33 -1.352 -1.372 -1.38 -1.452 -1.477 -1.435 -1.382 -1.457 -1.38 -1.369 -1.357 -1.353 -1.385 -1.371 -1.374 -1.339 -1.327 -1.337 -1.361 -1.363 -1.386 -1.389 -1.384 -1.414 -1.42 -1.412 -1.412 -1.444 -1.392 -1.354 -1.361 -1.36 -1.382 -1.365
-1.595 -1.59 0.75 4.183 4.225 3.175 0.28 -1.48 0.258 -1.47 -1.232 -0.357 2.54 2.775 2.745 -0.95 -1.81 -1.69 -1.595 -1.532 -1.48 -1.462 -1.4 -1.392 -1.367 -1.335 -1.287 -1.305 -1.275 -1.24 -1.277 -1.28 -1.302 -1.285 -1.307 -1.327 -1.335 -1.357 -1.357 -1.392 -1.412 -1.497 -1.472 -1.417 -1.36 -1.355 -1.375 -1.361 -1.376 -1.349 -1.328 -1.342 -1.348 -1.336 -1.31 -1.311 -1.336 -1.328 -1.338 -1.35 -1.348 -1.379 -1.399 -1.378 -1.394 -1.362 -1.364 -1.401 -1.357 -1.33 -1.335 -1.345
-1.405 -0.987 1.048 4.193 4.23 3.543 -0.815 -1.642 -1.645 -1.63 -0.552 2.228 3.308 3.318 3.338 1.08 -1.815 -1.692 -1.587 -1.532 -1.467 -1.39 -1.377 -1.357 -1.325 -1.292 -1.275 -1.317 -1.325 -1.292 -1.34 -1.332 -1.295 -1.347 -1.35 -1.305 -1.31 -1.33 -1.39 -1.385 -1.432 -1.465 -1.42 -1.382 -1.367 -1.352 -1.36 -1.408 -1.38 -1.364 -1.336 -1.305 -1.306 -1.324 -1.313 -1.322 -1.333 -1.321 -1.35 -1.352 -1.354 -1.348 -1.386 -1.379 -1.351 -1.357 -1.345 -1.362 -1.33 -1.357 -1.352 -1.365
-1.572 -1.607 -0.467 3.335 4.215 3.633 -0.682 -1.615 -1.672 -1.65 -1.735 1.65 1.965 1.158 3.21 0.743 -1.347 -1.682 -1.58 -1.535 -1.532 -1.415 -1.375 -1.315 -1.327 -1.305 -1.322 -1.317 -1.342 -1.397 -1.405 -1.357 -1.34 -1.325 -1.342 -1.352 -1.385 -1.347 -1.397 -1.45 -1.455 -1.447 -1.442 -1.425 -1.382 -1.407 -1.382 -1.387 -1.377 -1.382 -1.315 -1.322 -1.32 -1.335 -1.328 -1.309 -1.341 -1.343 -1.358 -1.341 -1.329 -1.333 -1.365 -1.37 -1.305 -1.325 -1.325 -1.32 -1.29 -1.337 -1.327 -1.36
-1.595 -0.807 -0.052 3.31 4.233 4.245 1.395 -0.605 -1.63 -1.68 -1.632 0.235 1.945 0.09 3.333 1.18 -1.742 -1.657 -1.55 -1.522 -1.462 -1.38 -1.362 -1.325 -1.33 -1.32 -1.345 -1.347 -1.365 -1.34 -1.345 -1.372 -1.365 -1.355 -1.322 -1.412 -1.455 -1.467 -1.44 -1.375 -1.395 -1.462 -1.47 -1.372 -1.385 -1.342 -1.372 -1.387 -1.35 -1.335 -1.357 -1.335 -1.32 -1.36 -1.332 -1.285 -1.34 -1.337 -1.342 -1.34 -1.365 -1.337 -1.362 -1.365 -1.342 -1.332 -1.307 -1.322 -1.297 -1.302 -1.325 -1.352
-0.765 -1.55 -1.612 2.348 4.26 4.16 0.163 -1.595 -1.647 -1.637 -1.65 0.995 3.223 3.298 3.328 1.478 -1.375 -1.655 -1.552 -1.532 -1.492 -1.39 -1.352 -1.335 -1.38 -1.39 -1.387 -1.36 -1.352 -1.332 -1.35 -1.395 -1.382 -1.352 -1.387 -1.422 -1.457 -1.375 -1.355 -1.372 -1.33 -1.335 -1.335 -1.365 -1.347 -1.282 -1.272 -1.305 -1.317 -1.295 -1.372 -1.317 -1.362 -1.342 -1.332 -1.307 -1.312 -1.335 -1.335 -1.315 -1.367 -1.37 -1.37 -1.405 -1.312 -1.312 -1.3 -1.31 -1.297 -1.31 -1.32 -1.307
-1.572 -1.52 -1.55 2.693 4.265 4.295 1.805 -0.99 -1.592 -1.662 -1.707 -1.06 2.438 2.62 3.353 2.4 -0.95 -1.577 -1.53 -1.51 -1.475 -1.41 -1.362 -1.357 -1.4 -1.387 -1.387 -1.367 -1.352 -1.335 -1.317 -1.36 -1.337 -1.322 -1.317 -1.422 -1.45 -1.407 -1.322 -1.31 -1.3 -1.305 -1.262 -1.297 -1.297 -1.33 -1.29 -1.25 -1.237 -1.307 -1.315 -1.327 -1.312 -1.33 -1.342 -1.32 -1.31 -1.317 -1.32 -1.357 -1.355 -1.365 -1.36 -1.37 -1.382 -1.34 -1.3 -1.295 -1.3 -1.317 -1.315 -1.302
-1.602 -1.545 -1.54 1.845 4.295 4.323 2.243 -0.967 -0.575 -0.722 -1.58 0.538 1.72 3.053 3.28 1.575 -1.73 -1.587 -1.51 -1.45 -1.45 -1.435 -1.41 -1.375 -1.412 -1.462 -1.397 -1.37 -1.372 -1.365 -1.32 -1.292 -1.322 -1.302 -1.32 -1.302 -1.332 -1.33 -1.292 -1.24 -1.237 -1.26 -1.265 -1.282 -1.297 -1.267 -1.282 -1.285 -1.26 -1.287 -1.295 -1.29 -1.31 -1.357 -1.335 -1.36 -1.397 -1.362 -1.337 -1.332 -1.342 -1.367 -1.38 -1.34 -1.332 -1.327 -1.317 -1.302 -1.307 -1.315 -1.332 -1.327
-1.145 -0.925 -1.482 -1.072 4.315 4.315 3.198 -1.62 -1.597 -0.22 -1.547 -0.702 2.113 3.273 3.288 0.598 -1.775 -1.61 -1.54 -1.482 -1.43 -1.407 -1.38 -1.387 -1.337 -1.375 -1.355 -1.35 -1.38 -1.352 -1.34 -1.307 -1.292 -1.325 -1.322 -1.34 -1.312 -1.28 -1.267 -1.247 -1.237 -1.27 -1.302 -1.295 -1.285 -1.262 -1.25 -1.255 -1.277 -1.327 -1.305 -1.28 -1.27 -1.325 -1.345 -1.335 -1.387 -1.38 -1.367 -1.36 -1.34 -1.327 -1.387 -1.43 -1.36 -1.307 -1.307 -1.29 -1.312 -1.317 -1.3 -1.322
-1.492 -1.542 -1.557 -0.507 4.293 4.325 3.568 -0.022 -1.61 -1.62 -1.632 -1.57 1.618 3.31 3.308 2.81 -0.975 -1.582 -1.515 -1.447 -1.427 -1.395 -1.37 -1.382 -1.36 -1.35 -1.31 -1.295 -1.32 -1.335 -1.357 -1.367 -1.312 -1.42 -1.327 -1.277 -1.277 -1.277 -1.24 -1.255 -1.287 -1.315 -1.367 -1.345 -1.312 -1.275 -1.262 -1.257 -1.302 -1.287 -1.32 -1.297 -1.282 -1.225 -1.292 -1.285 -1.33 -1.342 -1.35 -1.362 -1.345 -1.332 -1.332 -1.302 -1.292 -1.267 -1.277 -1.275 -1.302 -1.287 -1.265 -1.297
-1.482 -1.5 -1.5 -0.467 3.933 4.28 4.12 1.025 0.135 -0.55 -0.972 -0.647 2.273 3.313 3.31 2.97 -1.042 -1.567 -1.51 -1.427 -1.417 -1.407 -1.412 -1.382 -1.335 -1.332 -1.32 -1.322 -1.37 -1.382 -1.432 -1.427 -1.37 -1.277 -1.262 -1.29 -1.295 -1.257 -1.282 -1.302 -1.3 -1.325 -1.395 -1.33 -1.335 -1.285 -1.252 -1.25 -1.232 -1.25 -1.235 -1.25 -1.262 -1.267 -1.307 -1.285 -1.262 -1.252 -1.255 -1.267 -1.292 -1.307 -1.282 -1.27 -1.282 -1.272 -1.245 -1.28 -1.272 -1.272 -1.282 -1.277
-1.517 -1.457 -1.462 -0.945 3.513 4.303 4.315 0.765 -1.632 -1.17 -0.542 -0.095 1.328 3.278 3.323 2.505 -1.507 -1.552 -1.445 -1.425 -1.395 -1.377 -1.397 -1.367 -1.372 -1.4 -1.375 -1.395 -1.337 -1.402 -1.405 -1.462 -1.41 -1.35 -1.29 -1.302 -1.272 -1.287 -1.297 -1.287 -1.312 -1.312 -1.357 -1.36 -1.297 -1.277 -1.265 -1.29 -1.235 -1.255 -1.257 -1.24 -1.292 -1.245 -1.282 -1.29 -1.25 -1.225 -1.25 -1.25 -1.255 -1.277 -1.272 -1.265 -1.277 -1.25 -1.275 -1.267 -1.237 -1.255 -1.275 -1.257
-1.565 -1.57 -1.52 -1.472 3.313 4.323 4.345 1.765 -1.57 -1.615 -1.207 -1.555 1.48 3.27 3.34 2.513 0.528 -1.557 -1.447 -1.46 -1.427 -1.407 -1.387 -1.357 -1.377 -1.4 -1.407 -1.425 -1.427 -1.495 -1.382 -1.42 -1.385 -1.317 -1.277 -1.295 -1.312 -1.34 -1.305 -1.275 -1.282 -1.297 -1.307 -1.293 -1.258 -1.243 -1.248 -1.233 -1.288 -1.252 -1.254 -1.224 -1.24 -1.238 -1.255 -1.277 -1.267 -1.24 -1.245 -1.222 -1.227 -1.257 -1.25 -1.252 -1.272 -1.285 -1.275 -1.247 -1.262 -1.26 -1.225 -1.267
-1.55 -1.585 -1.555 -1.592 1.978 4.35 4.333 2.215 -0.322 -1.577 -1.595 -1.645 -0.287 2.195 3.295 3.203 0.918 -1.607 -1.522 -1.472 -1.435 -1.415 -1.375 -1.377 -1.35 -1.382 -1.402 -1.37 -1.437 -1.377 -1.36 -1.355 -1.292 -1.252 -1.262 -1.28 -1.307 -1.315 -1.29 -1.262 -1.25 -1.275 -1.28 -1.265 -1.252 -1.231 -1.24 -1.245 -1.228 -1.25 -1.259 -1.233 -1.261 -1.288 -1.252 -1.269 -1.276 -1.232 -1.257 -1.222 -1.21 -1.207 -1.207 -1.205 -1.202 -1.232 -1.277 -1.237 -1.277 -1.24 -1.245 -1.242
-1.505 -1.55 -1.587 -1.592 3.083 4.383 4.36 3.168 -1.282 -1.587 -1.63 -1.63 -1.53 3.148 3.218 3.298 2.033 -1.565 -1.535 -1.472 -1.412 -1.382 -1.392 -1.372 -1.39 -1.395 -1.397 -1.33 -1.362 -1.292 -1.29 -1.252 -1.267 -1.225 -1.23 -1.267 -1.27 -1.267 -1.252 -1.26 -1.265 -1.265 -1.273 -1.258 -1.228 -1.218 -1.213 -1.219 -1.233 -1.254 -1.252 -1.243 -1.25 -1.239 -1.241 -1.236 -1.238 -1.223 -1.247 -1.245 -1.247 -1.217 -1.19 -1.152 -1.187 -1.182 -1.21 -1.232 -1.257 -1.275 -1.265 -1.21
-1.435 -1.455 -1.51 -1.58 0.875 4.398 4.408 3.45 -1.427 -1.585 -1.592 -1.605 -0.89 3.22 3.34 3.27 2.315 -1.597 -1.53 -1.49 -1.47 -1.442 -1.425 -1.337 -1.35 -1.377 -1.367 -1.337 -1.275 -1.302 -1.28 -1.235 -1.282 -1.26 -1.235 -1.222 -1.262 -1.216 -1.226 -1.244 -1.23 -1.254 -1.272 -1.265 -1.252 -1.239 -1.213 -1.209 -1.231 -1.245 -1.259 -1.26 -1.254 -1.259 -1.225 -1.203 -1.219 -1.234 -1.223 -1.205 -1.23 -1.267 -1.22 -1.185 -1.162 -1.152 -1.182 -1.22 -1.205 -1.232 -1.255 -1.227
