All_lidar/sz6087_DSM_2M.asc
ncols 500
nrows 500
xllcorner    460000
yllcorner    87000
cellsize     2
NODATA_value -9999
[rows 0 to 31 of 500, columns 216 to 287 of 500]
22.674 22.499 22.354 22.241 22.136 21.991 21.841 21.731 21.596 21.476 21.424 21.306 21.189 21.091 20.964 20.774 20.716 20.604 20.456 20.406 20.321 20.259 20.181 19.961 19.869 19.764 19.664 19.476 19.344 19.056 18.954 18.869 18.669 18.614 18.446 18.276 18.136 18.044 17.946 17.689 17.539 17.334 17.201 17.034 16.849 16.659 16.494 16.251 16.114 15.944 15.826 15.596 15.364 15.156 14.909 14.714 14.521 14.356 14.189 14.066 13.954 13.841 13.734 13.586 13.354 13.231 13.251 13.156 13.034 12.829 12.596 12.839
22.384 22.201 22.049 21.976 21.854 21.749 21.584 21.434 21.296 21.201 21.126 21.061 20.916 20.821 20.699 20.639 20.521 20.339 20.231 20.186 20.081 20.009 19.841 19.781 19.651 19.529 19.349 19.159 18.974 18.846 18.799 18.596 18.506 18.386 18.169 18.166 17.936 17.809 17.691 17.569 17.311 17.134 17.021 16.839 16.604 16.419 16.254 16.099 16.014 15.674 15.524 15.306 15.226 14.904 14.706 14.551 14.354 14.181 14.034 13.889 13.781 13.701 13.606 13.464 13.236 13.119 13.084 13.009 12.859 12.676 12.496 13.084
22.099 22.009 21.919 21.784 21.626 21.531 21.379 21.276 21.204 21.054 20.919 20.831 20.664 20.536 20.399 20.341 20.216 20.054 19.984 19.891 19.806 19.686 19.506 19.411 19.304 19.186 19.119 18.889 18.706 18.596 18.446 18.306 18.196 18.066 17.931 17.856 17.676 17.546 17.381 17.231 17.141 16.929 16.764 16.584 16.416 16.206 16.034 15.896 15.736 15.479 15.344 15.084 14.984 14.704 14.519 14.356 14.201 14.004 13.864 13.764 13.661 13.586 13.436 13.276 13.134 13.016 12.981 12.904 12.759 12.564 12.351 14.689
22.026 21.924 21.849 21.746 21.584 21.516 21.291 21.171 21.106 20.986 20.836 20.684 20.474 20.349 20.229 20.116 20.009 19.911 19.809 19.671 19.614 19.559 19.446 19.264 19.146 18.979 18.849 18.696 18.496 18.391 18.256 18.134 17.991 17.866 17.779 17.666 17.531 17.379 17.216 17.091 16.954 16.784 16.586 16.474 16.284 15.999 15.821 15.659 15.456 15.241 15.054 14.859 14.669 14.509 14.329 14.156 13.969 13.819 13.721 13.621 13.509 13.401 13.299 13.166 12.999 12.886 12.864 12.754 12.644 12.474 12.204 13.134
21.871 21.791 21.679 21.551 21.441 21.344 21.196 21.061 20.931 20.781 20.684 20.521 20.376 20.219 20.091 19.956 19.896 19.784 19.651 19.584 19.536 19.491 19.346 19.274 19.099 18.904 18.899 18.759 18.514 18.394 18.301 18.094 17.934 17.821 17.684 17.524 17.334 17.206 17.064 16.916 16.831 16.631 16.521 16.316 16.049 15.834 15.621 15.454 15.309 15.084 14.946 14.749 14.544 14.284 14.134 13.951 13.801 13.691 13.584 13.494 13.396 13.329 13.191 13.064 12.869 12.731 12.706 12.629 12.531 12.344 12.154 12.961
21.729 21.611 21.491 21.356 21.266 21.179 21.051 20.941 20.784 20.664 20.521 20.389 20.236 20.096 19.976 19.904 19.751 19.666 19.516 19.439 19.384 19.336 19.229 19.121 18.931 18.771 18.671 18.721 18.591 18.354 18.151 18.046 17.831 17.824 17.536 17.369 17.239 17.141 17.024 16.914 16.824 16.654 16.434 16.214 16.006 15.641 15.576 15.436 15.129 14.929 14.781 14.544 14.509 14.339 14.104 13.946 13.746 13.601 13.471 13.349 13.261 13.186 13.111 12.941 12.706 12.591 12.604 12.506 12.389 12.194 12.024 12.804
21.529 21.384 21.261 21.114 21.019 20.969 20.861 20.729 20.566 20.381 20.281 20.201 20.076 19.899 19.831 19.761 19.606 19.466 19.396 19.226 19.139 19.169 19.116 18.956 18.771 18.511 18.466 18.319 18.119 18.046 18.011 17.854 17.779 17.539 17.491 17.394 17.129 17.121 16.969 16.816 16.556 16.479 16.366 16.174 15.934 15.626 15.401 15.164 15.056 14.829 14.599 14.456 14.521 14.269 13.991 13.811 13.649 13.481 13.381 13.249 13.139 13.016 12.951 12.774 12.539 12.444 12.451 12.376 12.284 12.094 11.851 13.299
21.329 21.179 21.054 20.969 20.821 20.791 20.691 20.559 20.399 20.251 20.141 20.049 19.924 19.774 19.656 19.564 19.461 19.309 19.249 19.089 18.984 18.911 18.831 18.704 18.584 18.364 18.156 18.161 18.076 17.941 17.754 17.711 17.504 17.371 17.116 17.129 16.959 16.819 16.621 16.564 16.486 16.296 16.141 15.961 15.751 15.501 15.256 15.024 14.776 14.676 14.419 14.339 14.306 14.021 13.876 13.799 13.634 13.444 13.316 13.194 13.059 12.906 12.854 12.626 12.409 12.291 12.334 12.204 12.161 11.971 11.674 13.419
21.119 21.001 20.891 20.819 20.714 20.584 20.526 20.449 20.296 20.164 20.064 19.906 19.789 19.676 19.581 19.416 19.266 19.136 19.191 18.969 18.964 18.889 18.824 18.656 18.424 18.289 18.071 17.944 17.874 17.751 17.509 17.481 17.336 17.149 16.991 16.921 16.781 16.604 16.601 16.394 16.149 16.091 15.909 15.684 15.501 15.351 14.974 14.899 14.741 14.541 14.336 14.174 14.031 13.921 13.794 13.716 13.524 13.476 13.251 13.056 12.919 12.759 12.661 12.524 12.299 12.156 12.184 12.111 12.031 11.879 11.719 11.819
20.939 20.836 20.714 20.671 20.559 20.424 20.316 20.191 20.109 19.976 19.816 19.716 19.569 19.444 19.364 19.196 19.139 19.009 18.821 18.656 18.559 18.649 18.574 18.404 18.269 18.051 17.901 17.689 17.581 17.434 17.354 17.176 17.076 17.009 16.799 16.694 16.564 16.326 16.134 16.026 15.814 15.711 15.544 15.234 15.124 14.891 14.621 14.559 14.306 14.161 14.004 13.916 13.811 13.596 13.454 13.319 13.289 13.156 13.019 12.929 12.756 12.626 12.509 12.394 12.181 12.069 12.074 11.999 11.939 11.824 11.699 12.161
20.709 20.619 20.549 20.449 20.361 20.209 20.094 19.996 19.884 19.761 19.606 19.491 19.376 19.259 19.146 19.101 19.059 18.831 18.646 18.564 18.446 18.424 18.359 18.089 17.971 17.754 17.666 17.379 17.304 17.209 17.009 16.879 16.804 16.696 16.579 16.444 16.341 16.126 15.816 15.836 15.709 15.446 15.196 14.881 14.611 14.431 14.369 14.121 13.994 13.886 13.704 13.636 13.504 13.324 13.216 13.151 13.084 12.954 12.934 12.781 12.626 12.549 12.414 12.269 12.051 11.946 11.974 11.914 11.879 11.709 11.496 13.554
20.454 20.326 20.271 20.186 20.051 19.884 19.834 19.699 19.604 19.516 19.369 19.239 19.119 18.939 18.881 18.909 18.766 18.599 18.389 18.381 18.236 18.289 18.154 17.934 17.801 17.521 17.401 17.196 17.011 16.911 16.796 16.576 16.464 16.341 16.254 16.109 16.051 15.929 15.631 15.556 15.389 15.129 14.944 14.621 14.451 14.326 14.264 13.971 13.821 13.756 13.554 13.446 13.321 13.179 13.061 12.936 12.891 12.761 12.724 12.639 12.479 12.364 12.311 12.144 11.886 11.861 11.899 11.766 11.776 11.576 11.406 13.689
20.191 20.116 20.036 19.944 19.904 19.761 19.621 19.469 19.381 19.264 19.149 19.016 18.806 18.724 18.599 18.436 18.304 18.181 18.046 17.904 17.756 17.696 17.624 17.451 17.349 17.199 17.134 16.849 16.731 16.629 16.601 16.354 16.209 16.099 16.084 15.884 15.776 15.584 15.411 15.216 15.009 14.854 14.669 14.411 14.244 14.154 14.029 13.789 13.744 13.579 13.421 13.334 13.159 13.056 12.916 12.806 12.781 12.656 12.569 12.519 12.324 12.199 12.144 11.996 11.761 11.716 11.801 11.681 11.681 11.491 11.281 12.551
20.094 20.014 19.919 19.801 19.721 19.606 19.466 19.331 19.249 19.234 19.031 18.861 18.721 18.529 18.379 18.304 18.234 17.991 17.934 17.724 17.561 17.594 17.354 17.161 17.131 17.036 16.911 16.801 16.744 16.539 16.409 16.146 15.974 15.949 15.781 15.669 15.406 15.264 15.049 14.956 14.774 14.606 14.361 14.231 14.076 13.926 13.819 13.644 13.519 13.456 13.319 13.151 13.031 12.899 12.726 12.641 12.604 12.534 12.451 12.281 12.104 12.054 11.936 11.869 11.656 11.596 11.691 11.581 11.549 11.404 11.374 11.456
19.934 19.769 19.691 19.571 19.464 19.394 19.219 19.126 19.019 18.899 18.749 18.661 18.489 18.346 18.216 18.059 17.901 17.746 17.629 17.456 17.344 17.244 17.211 17.106 17.024 16.836 16.771 16.599 16.476 16.304 16.239 15.999 15.906 15.866 15.659 15.451 15.316 15.091 14.964 14.821 14.676 14.429 14.269 14.091 14.014 13.856 13.729 13.619 13.481 13.279 13.089 12.981 12.851 12.709 12.606 12.504 12.374 12.286 12.201 12.124 12.054 11.931 11.794 11.634 11.546 11.514 11.601 11.519 11.486 11.346 11.306 11.519
19.736 19.586 19.481 19.331 19.234 19.074 18.954 18.834 18.784 18.651 18.536 18.366 18.241 18.074 17.916 17.826 17.746 17.549 17.314 17.199 17.114 17.109 17.079 16.859 16.746 16.576 16.556 16.296 16.191 16.051 15.934 15.761 15.714 15.614 15.454 15.336 15.206 15.036 14.831 14.631 14.514 14.414 14.139 13.944 13.794 13.689 13.646 13.416 13.289 13.111 12.971 12.851 12.721 12.599 12.491 12.324 12.209 12.136 12.066 12.084 12.046 11.921 11.769 11.549 11.464 11.414 11.496 11.446 11.454 11.279 11.121 11.199
19.529 19.404 19.329 19.166 19.031 18.916 18.814 18.671 18.584 18.481 18.301 18.141 18.069 17.869 17.766 17.609 17.471 17.269 17.159 17.001 16.896 16.831 16.809 16.721 16.714 16.454 16.401 16.236 16.121 15.961 15.761 15.634 15.506 15.396 15.296 15.139 14.969 14.996 14.834 14.551 14.431 14.334 14.236 14.094 13.759 13.594 13.621 13.394 13.289 13.261 12.966 12.749 12.669 12.534 12.376 12.246 12.146 12.126 12.039 11.964 11.816 11.844 11.896 11.531 11.369 11.311 11.424 11.391 11.356 11.194 10.979 12.534
19.294 19.221 19.116 19.001 18.891 18.784 18.576 18.491 18.391 18.299 18.146 18.061 17.884 17.676 17.554 17.531 17.236 17.169 17.014 16.871 16.806 16.746 16.686 16.899 16.826 16.554 16.401 16.286 16.236 16.089 15.764 15.636 15.641 15.304 15.199 15.126 15.094 14.829 14.664 14.509 14.271 14.111 14.034 13.871 13.654 13.541 13.419 13.344 13.139 12.994 12.856 12.764 12.581 12.461 12.464 12.281 12.174 12.024 11.894 11.796 11.686 11.686 11.624 11.431 11.281 11.241 11.346 11.309 11.299 11.174 11.046 14.211
19.071 19.029 18.924 18.811 18.669 18.604 18.431 18.391 18.294 18.124 18.076 17.834 17.691 17.616 17.531 17.386 17.169 17.086 16.969 16.879 16.861 16.626 16.566 16.539 16.484 16.481 16.156 16.194 16.086 15.779 15.709 15.614 15.411 15.084 14.894 14.839 14.674 14.471 14.451 14.146 14.061 13.986 13.814 13.646 13.501 13.501 13.236 13.181 13.071 12.944 12.764 12.676 12.601 12.414 12.439 12.311 12.171 11.866 11.816 11.719 11.696 11.624 11.509 11.404 11.241 11.206 11.324 11.264 11.269 11.159 11.184 11.381
18.934 18.881 18.769 18.639 18.541 18.549 18.321 18.364 18.216 17.946 17.791 17.729 17.666 17.611 17.336 17.124 17.009 17.121 16.996 16.769 16.674 16.576 16.524 16.326 16.354 16.289 16.134 16.114 15.884 15.836 15.709 15.499 15.354 15.151 15.006 14.969 14.789 14.656 14.419 14.126 14.074 13.964 13.991 13.819 13.546 13.569 13.329 13.166 13.119 12.991 12.844 12.704 12.479 12.374 12.446 12.144 11.869 11.749 11.691 11.671 11.691 11.569 11.404 11.279 11.124 11.146 11.224 11.221 11.246 11.081 11.069 11.061
18.751 18.654 18.626 18.506 18.416 18.371 18.131 17.979 18.081 17.961 17.716 17.521 17.596 17.434 17.294 17.154 17.059 17.056 16.956 16.699 16.589 16.559 16.454 16.369 16.226 16.239 16.066 16.064 15.926 15.756 15.516 15.354 15.154 15.076 14.929 14.799 14.614 14.509 14.356 14.129 14.124 13.976 13.699 13.506 13.279 13.191 13.011 12.886 12.796 12.649 12.669 12.476 12.401 12.194 12.056 11.884 11.721 11.629 11.589 11.569 11.464 11.436 11.341 11.186 11.104 11.106 11.179 11.151 11.186 11.061 11.036 11.076
18.614 18.469 18.454 18.331 18.236 18.164 18.086 17.854 17.736 17.701 17.454 17.421 17.301 17.246 17.126 16.894 16.851 16.859 16.571 16.494 16.461 16.441 16.366 16.369 16.201 16.104 15.939 15.766 15.626 15.454 15.274 15.031 14.936 14.774 14.666 14.586 14.281 14.206 14.139 13.861 13.816 13.646 13.434 13.271 13.141 13.024 12.909 12.739 12.546 12.379 12.294 12.209 12.161 12.036 11.996 11.764 11.644 11.544 11.536 11.494 11.471 11.429 11.284 11.134 11.041 11.061 11.079 11.079 11.111 10.974 11.034 10.999
18.411 18.309 18.266 18.081 18.026 17.951 17.841 17.679 17.509 17.414 17.331 17.139 17.029 16.934 16.746 16.651 16.461 16.391 16.284 16.151 16.074 15.964 16.006 16.119 15.739 15.606 15.519 15.354 15.324 15.051 14.821 14.761 14.679 14.414 14.219 14.221 14.124 13.901 13.751 13.656 13.574 13.461 13.331 13.184 13.039 12.999 12.811 12.724 12.524 12.316 12.204 12.106 12.101 11.994 11.901 11.726 11.576 11.454 11.409 11.406 11.361 11.331 11.199 11.054 11.004 11.031 11.021 11.049 11.111 10.964 11.029 10.909
18.294 18.214 18.119 18.034 17.934 17.811 17.656 17.584 17.369 17.256 17.129 17.041 16.956 16.824 16.591 16.501 16.359 16.241 16.119 15.996 16.101 15.861 15.719 15.699 15.529 15.301 15.151 15.159 14.951 14.721 14.569 14.501 14.244 14.136 14.019 13.916 13.801 13.624 13.486 13.389 13.326 13.271 13.134 13.011 12.884 12.769 12.566 12.499 12.311 12.189 12.081 11.989 11.931 11.816 11.726 11.591 11.511 11.436 11.346 11.316 11.231 11.159 11.069 11.016 10.994 10.999 10.991 11.051 11.199 10.996 11.031 10.866
18.161 18.044 17.939 17.914 17.804 17.709 17.554 17.406 17.311 17.159 16.971 16.886 16.834 16.694 16.531 16.419 16.304 16.176 16.024 15.919 15.786 15.731 15.694 15.636 15.474 15.474 15.256 15.119 14.984 14.891 14.731 14.594 14.351 14.269 14.074 13.929 13.701 13.574 13.501 13.389 13.209 13.144 13.036 12.944 12.761 12.711 12.524 12.406 12.279 12.126 12.024 11.949 11.864 11.756 11.639 11.541 11.459 11.384 11.331 11.304 11.241 11.176 11.046 10.979 10.971 10.966 10.966 11.044 11.094 10.926 11.109 10.964
17.954 17.934 17.816 17.786 17.651 17.519 17.456 17.276 17.054 16.914 16.856 16.734 16.614 16.559 16.379 16.214 16.136 15.989 15.901 15.764 15.649 15.544 15.414 15.349 15.291 15.081 14.944 14.911 14.821 14.709 14.476 14.404 14.334 14.136 13.964 13.894 13.754 13.564 13.384 13.311 13.179 13.056 12.939 12.859 12.719 12.606 12.529 12.371 12.289 12.099 11.984 11.904 11.856 11.729 11.646 11.541 11.476 11.391 11.391 11.334 11.299 11.204 11.099 10.971 10.939 10.949 10.946 10.979 11.036 10.881 10.791 10.794
17.744 17.681 17.579 17.571 17.479 17.354 17.249 17.121 16.941 16.796 16.694 16.624 16.459 16.431 16.249 16.111 16.001 15.886 15.746 15.666 15.471 15.381 15.216 15.189 15.091 14.969 14.744 14.629 14.524 14.429 14.351 14.361 14.089 13.899 13.779 13.614 13.546 13.441 13.354 13.286 13.131 13.121 12.934 12.776 12.711 12.589 12.491 12.316 12.171 12.076 11.946 11.861 11.824 11.721 11.684 11.596 11.519 11.416 11.301 11.309 11.224 11.161 11.019 10.914 10.949 10.956 10.949 10.936 10.969 10.891 10.884 10.741
17.669 17.591 17.521 17.464 17.364 17.239 17.079 16.946 16.821 16.694 16.549 16.451 16.349 16.241 16.109 15.979 15.854 15.731 15.591 15.499 15.339 15.266 15.139 15.089 14.971 14.829 14.616 14.451 14.346 14.286 14.226 14.079 13.861 13.761 13.601 13.506 13.436 13.384 13.259 13.196 13.084 13.026 12.889 12.791 12.659 12.604 12.471 12.356 12.211 12.106 12.014 11.864 11.789 11.681 11.614 11.579 11.544 11.424 11.361 11.279 11.214 11.021 10.944 10.901 10.904 10.884 10.921 10.889 10.884 10.881 10.894 10.771
17.519 17.486 17.449 17.329 17.259 17.071 16.971 16.809 16.649 16.574 16.426 16.291 16.159 16.054 15.911 15.811 15.666 15.516 15.421 15.301 15.219 15.156 15.016 14.904 14.874 14.744 14.586 14.461 14.316 14.204 14.099 13.999 13.821 13.654 13.479 13.421 13.374 13.291 13.204 13.086 13.024 12.946 12.819 12.761 12.609 12.531 12.424 12.269 12.161 12.086 11.961 11.816 11.736 11.671 11.624 11.561 11.524 11.439 11.346 11.206 11.039 10.954 10.906 10.851 10.859 10.861 10.854 10.844 10.844 10.899 10.976 10.776
17.316 17.219 17.151 16.999 16.904 16.806 16.666 16.554 16.431 16.331 16.236 16.166 15.999 15.909 15.766 15.634 15.501 15.389 15.229 15.129 15.069 14.964 14.856 14.694 14.596 14.509 14.496 14.439 14.281 14.179 14.009 13.876 13.779 13.671 13.509 13.414 13.301 13.206 13.079 12.974 12.891 12.851 12.704 12.651 12.529 12.429 12.334 12.186 12.089 11.944 11.821 11.726 11.659 11.559 11.511 11.459 11.454 11.339 11.256 11.136 11.089 10.999 10.884 10.831 10.834 10.859 10.881 10.844 10.799 10.789 11.059 10.726
17.201 17.204 17.129 16.999 16.831 16.734 16.671 16.569 16.481 16.351 16.236 16.129 15.994 15.934 15.819 15.809 15.576 15.421 15.366 15.236 15.126 14.994 14.831 14.636 14.501 14.391 14.314 14.181 14.074 13.976 13.861 13.779 13.676 13.546 13.466 13.324 13.214 13.094 12.999 12.929 12.826 12.784 12.699 12.609 12.496 12.381 12.274 12.126 11.991 11.884 11.751 11.661 11.576 11.524 11.486 11.406 11.336 11.249 11.169 11.149 11.104 10.921 10.876 10.856 10.839 10.854 10.879 10.846 10.804 10.771 11.236 11.144
17.169 17.144 17.119 17.011 16.894 16.754 16.661 16.559 16.434 16.359 16.226 16.136 16.034 15.919 15.754 15.659 15.539 15.489 15.334 15.221 15.181 15.036 14.866 14.934 14.461 14.291 14.274 14.136 13.976 13.851 13.699 13.581 13.489 13.356 13.276 13.214 13.116 13.019 12.969 12.884 12.816 12.746 12.676 12.516 12.401 12.281 12.166 12.084 11.944 11.846 11.736 11.629 11.564 11.509 11.444 11.371 11.259 11.209 11.111 11.041 10.999 10.906 10.894 10.871 10.844 10.834 10.801 10.804 10.731 10.756 11.396 11.069
