All_lidar/sz6089_DSM_2M.asc
ncols 500
nrows 500
xllcorner    460000
yllcorner    89000
cellsize     2
NODATA_value -9999
[rows 224 to 255 of 500, columns 360 to 431 of 500]
42.904 42.869 42.759 42.652 43.942 43.719 42.544 42.429 42.379 42.402 42.167 42.132 42.502 42.969 43.592 44.327 44.804 44.932 46.967 45.619 45.632 46.562 45.202 45.264 49.057 45.382 45.117 45.127 45.067 44.812 44.752 44.812 45.059 44.674 44.704 44.697 44.739 45.572 45.014 44.524 44.504 44.397 44.387 44.552 45.272 52.957 52.279 49.164 51.304 43.934 44.382 43.887 43.839 44.637 43.869 43.847 43.817 43.684 43.607 43.494 43.504 43.607 43.959 43.424 43.932 44.644 43.372 43.364 44.064 44.662 44.522 43.859
44.447 43.392 43.042 43.604 42.864 42.507 42.467 42.302 42.202 42.232 42.204 42.459 42.639 43.162 43.954 44.629 44.812 45.422 46.362 45.427 45.382 45.192 45.109 45.522 46.319 45.332 46.639 45.039 46.079 45.049 44.772 45.717 44.717 44.604 44.669 44.907 44.729 44.959 44.649 44.504 44.392 44.404 44.654 46.149 51.609 46.687 53.922 49.167 49.312 46.844 44.217 43.827 43.789 43.902 43.839 43.744 43.639 43.594 43.597 43.602 43.964 43.329 43.247 44.094 46.024 44.302 43.767 43.444 43.417 43.389 43.459 43.457
42.667 43.342 42.994 42.897 42.472 42.434 42.742 42.262 42.434 42.207 43.164 43.172 43.114 43.627 44.242 45.239 47.124 46.257 45.709 45.072 45.189 45.087 45.009 45.074 45.592 45.044 45.052 44.889 45.089 44.814 44.729 45.112 44.572 45.189 44.697 44.657 44.544 44.612 44.462 44.839 44.449 44.327 44.984 49.032 48.777 52.112 54.102 52.829 48.737 50.142 43.857 44.114 43.699 43.644 43.727 43.624 44.362 43.524 43.547 43.549 43.362 43.189 43.287 44.062 43.339 44.087 44.202 44.784 43.132 43.204 43.347 42.999
42.872 42.899 42.519 42.554 42.394 42.349 42.259 42.524 42.382 42.362 43.899 44.579 43.564 44.087 44.769 45.194 45.137 45.339 44.939 44.904 45.024 45.877 44.867 44.892 45.182 45.367 44.944 45.359 46.017 47.652 44.624 44.627 44.564 44.564 44.584 44.672 44.554 44.537 44.832 44.482 44.347 44.389 44.514 45.254 47.479 48.844 53.847 49.984 48.249 49.514 43.814 43.919 43.569 43.547 43.519 43.554 44.114 43.632 43.717 43.847 43.282 43.852 43.202 43.289 43.132 43.412 46.329 44.664 43.017 43.114 43.107 43.072
42.457 42.494 43.317 42.282 42.194 42.277 42.137 45.404 42.404 45.324 44.604 43.762 44.222 46.319 45.569 46.069 44.922 44.962 44.844 44.799 44.844 44.977 44.854 44.754 45.137 44.952 44.972 44.904 44.937 45.829 44.659 44.592 44.727 44.484 44.912 44.752 44.494 44.412 44.354 44.287 44.227 45.449 44.164 44.562 44.069 45.124 53.729 49.737 45.499 44.092 43.847 43.557 43.712 43.642 43.612 43.709 43.699 43.464 43.409 43.509 43.559 43.172 43.107 43.084 43.189 43.142 43.299 43.082 42.964 43.257 42.992 43.724
42.354 43.427 42.974 42.357 42.089 42.184 42.424 48.439 44.309 43.682 43.909 46.017 44.899 45.389 44.932 45.074 44.819 44.797 44.774 44.694 45.679 44.909 44.732 44.594 44.739 44.754 44.712 44.802 44.742 44.707 44.774 44.629 44.809 44.474 44.562 44.832 44.499 44.339 44.239 44.222 44.549 47.207 44.492 44.072 44.084 44.259 46.952 49.407 46.052 44.394 43.647 43.647 43.489 43.659 43.772 45.299 45.242 43.337 46.942 43.429 43.879 43.089 43.159 43.107 42.982 43.109 43.007 42.942 42.879 43.264 42.944 43.064
42.234 42.979 42.707 42.272 42.184 42.229 42.792 43.572 44.672 44.149 45.662 46.379 48.177 45.404 44.722 44.732 44.727 44.669 44.649 44.602 45.247 44.959 44.529 44.479 45.159 44.697 44.627 44.749 44.659 44.777 44.812 45.282 44.584 44.532 44.669 44.654 44.432 44.354 44.232 44.249 44.237 44.414 44.069 44.019 44.232 44.089 44.292 45.349 44.664 44.737 43.517 43.597 43.704 43.492 44.839 48.857 43.812 43.287 45.199 43.212 43.129 43.099 43.017 43.019 42.942 42.989 43.367 42.834 42.787 43.002 42.759 42.679
42.407 42.267 42.384 42.277 42.174 42.364 42.767 43.477 43.882 45.867 47.464 45.539 45.729 44.682 44.582 44.614 44.617 44.592 44.557 44.502 44.817 45.384 44.467 44.402 44.994 45.639 44.624 44.657 44.667 44.572 44.592 44.539 44.477 44.472 44.519 44.492 44.402 44.224 45.084 44.199 44.209 45.059 44.697 43.934 43.944 44.629 44.822 44.734 44.294 43.784 43.504 43.492 43.457 43.459 43.927 45.277 43.347 43.399 43.237 43.704 43.229 43.059 42.932 42.854 42.934 42.957 42.869 42.749 42.752 42.759 42.697 42.564
42.462 42.557 42.214 42.157 42.402 42.642 44.437 46.554 45.867 45.539 46.212 44.487 44.452 44.457 44.482 44.504 44.522 44.487 44.437 44.419 45.267 44.857 44.427 44.312 44.582 45.419 44.912 44.614 44.567 44.554 44.562 44.539 44.457 44.477 44.477 44.459 44.684 44.259 45.692 44.302 44.092 44.359 46.884 43.972 43.902 43.894 44.254 44.152 44.549 43.569 45.297 44.362 43.359 43.344 43.532 44.382 43.974 43.184 43.462 44.677 43.002 42.977 42.972 42.927 42.969 42.829 42.672 42.647 42.984 42.757 42.892 42.489
42.602 42.447 42.592 42.522 42.839 43.127 44.027 44.502 44.882 47.599 44.412 44.254 44.284 44.362 44.389 44.407 44.409 44.382 44.372 44.354 44.877 44.932 44.374 44.297 44.587 44.709 44.532 44.579 44.644 44.477 44.537 44.537 44.389 44.557 44.722 45.592 44.449 44.887 44.679 44.629 43.867 43.962 46.824 44.189 44.602 44.402 43.742 44.239 45.019 43.579 43.582 44.924 43.337 43.389 43.432 43.754 43.907 43.114 43.074 42.982 42.974 43.367 42.959 42.667 42.792 42.724 42.667 42.662 42.577 42.737 43.592 42.414
42.564 42.624 43.874 42.992 43.767 45.554 44.879 44.129 44.259 44.042 44.012 44.097 44.157 44.284 44.264 44.289 44.299 44.282 44.254 44.307 44.694 45.162 44.302 44.219 44.567 47.022 44.527 44.609 44.839 44.574 44.932 47.012 44.337 44.599 44.592 45.227 44.307 44.317 44.187 43.987 43.877 44.669 46.267 43.984 43.809 43.677 44.477 45.442 44.834 43.312 44.007 43.664 43.164 43.232 43.954 43.374 43.197 43.119 43.114 42.904 42.857 42.742 43.007 42.709 42.619 42.599 42.584 42.464 42.597 42.497 42.404 42.317
42.807 42.602 42.782 43.212 46.914 48.972 45.067 43.987 44.009 43.852 43.884 43.977 44.072 44.159 44.172 44.199 44.219 44.207 44.174 44.224 44.482 44.854 44.329 44.139 46.832 47.772 44.427 44.494 45.094 44.514 45.082 44.352 44.539 47.177 46.432 44.387 44.212 44.137 43.977 44.164 44.057 45.157 45.842 43.809 43.982 44.494 45.334 44.897 43.624 43.767 43.624 43.354 43.297 44.139 47.479 43.184 43.024 42.997 42.862 43.132 43.829 42.992 43.437 42.579 42.629 42.579 42.432 42.529 42.442 42.459 42.727 46.597
42.652 42.669 43.194 43.952 45.929 46.654 44.492 43.817 43.669 43.684 43.769 43.832 43.954 44.059 44.072 44.097 44.117 44.119 44.062 44.057 44.247 44.564 44.187 44.009 46.314 47.937 44.317 44.322 44.459 44.407 44.267 44.322 45.454 45.982 44.239 44.964 44.407 45.272 44.277 44.332 43.789 43.942 43.929 45.757 45.624 45.894 43.602 43.364 43.602 44.372 43.359 44.159 43.132 43.124 43.869 45.117 43.027 42.874 42.729 42.699 42.664 42.607 42.609 42.992 42.392 42.482 42.372 42.292 42.272 42.232 43.767 44.612
42.467 43.069 43.199 44.202 44.212 43.522 45.454 43.562 43.517 43.589 43.664 43.734 43.834 43.952 43.974 43.997 44.034 44.039 43.979 43.969 44.199 44.842 44.117 43.999 44.249 44.707 44.209 44.267 44.282 44.249 44.144 44.142 44.249 44.197 44.569 44.197 44.179 44.884 43.939 43.714 43.699 43.767 44.097 45.192 49.177 46.899 44.109 43.422 43.419 44.804 43.847 43.319 43.084 43.524 44.882 44.639 43.029 42.904 42.982 42.807 42.689 42.652 42.712 43.182 42.312 42.279 42.227 42.139 42.072 42.097 42.097 42.357
42.569 42.817 43.437 43.829 44.432 43.404 43.857 43.359 43.407 43.472 43.569 43.624 43.732 43.847 43.869 43.877 43.909 43.934 43.894 43.842 44.067 44.544 44.222 43.879 44.049 44.299 44.184 44.227 44.164 44.179 44.169 44.487 44.349 44.279 45.747 44.087 43.839 43.729 43.737 43.632 43.607 43.737 43.587 43.807 45.129 44.807 43.774 43.472 43.137 43.602 47.264 43.302 43.057 42.947 42.874 43.602 43.312 42.982 43.697 42.799 42.542 42.679 42.487 42.322 42.289 42.167 42.092 41.994 42.139 42.124 41.984 41.939
42.629 43.959 43.659 43.604 43.559 43.274 43.369 43.227 43.287 43.334 43.412 43.507 43.627 43.744 43.757 43.779 43.799 43.819 43.767 43.769 44.009 46.084 45.332 43.824 43.917 44.229 44.142 44.129 44.159 44.147 44.207 44.329 47.269 46.884 45.117 45.962 43.794 43.642 43.999 43.964 43.572 43.529 43.554 43.487 43.409 43.404 43.422 43.284 43.779 44.544 43.519 44.917 42.842 42.877 42.867 43.007 45.559 45.047 43.532 42.684 42.497 42.434 42.519 45.562 42.189 42.122 41.979 41.969 42.054 42.007 41.854 41.824
42.527 42.947 42.867 42.812 43.294 42.954 43.212 43.149 43.114 43.189 43.262 43.387 43.509 43.617 43.637 43.732 43.719 43.732 43.672 43.669 44.612 47.682 44.079 43.794 44.152 44.117 44.087 44.137 44.262 44.142 46.812 48.254 47.614 48.997 44.437 43.847 43.744 43.544 43.607 43.564 43.512 43.417 43.544 43.489 43.392 43.579 43.902 43.824 44.102 43.914 43.274 43.759 42.814 42.817 42.794 42.672 42.974 42.647 42.567 42.489 42.404 42.382 42.302 42.379 42.027 42.002 41.872 42.044 41.972 41.904 41.797 41.727
44.354 42.572 43.019 42.569 42.604 42.937 45.264 44.587 43.104 43.059 43.157 43.279 43.407 43.512 43.522 43.597 43.622 43.604 43.544 43.539 44.019 44.859 44.797 43.704 43.722 43.997 44.152 43.989 44.167 47.544 53.977 50.034 44.449 45.622 43.754 43.717 43.694 43.467 43.597 43.449 43.347 43.344 43.304 43.332 43.362 43.209 43.192 43.319 43.382 42.977 42.854 42.809 42.862 42.702 42.854 42.514 42.562 43.319 42.404 42.394 42.479 42.319 42.267 42.139 41.984 41.882 41.822 41.982 41.884 41.807 41.672 41.604
42.399 42.244 42.254 42.372 42.544 42.894 45.227 45.429 44.424 42.949 43.047 43.162 43.289 43.424 43.449 43.479 43.512 43.489 43.409 43.569 44.889 44.067 44.107 43.617 43.594 43.967 44.294 44.127 43.729 46.937 46.597 43.824 44.112 43.732 43.524 43.499 43.447 43.352 43.237 43.182 43.114 43.072 43.044 43.087 43.322 43.027 42.932 42.842 42.769 42.847 42.814 42.799 43.162 42.849 42.589 42.457 42.534 42.542 42.367 42.327 42.324 42.322 42.112 42.014 42.074 41.872 41.857 41.897 41.819 41.769 41.622 41.537
42.202 42.044 42.137 42.564 44.469 42.639 44.204 45.437 45.142 42.842 42.899 43.064 43.169 43.274 43.324 43.359 43.399 43.384 43.319 43.329 44.132 43.772 44.447 43.627 43.497 43.702 44.084 43.742 43.774 46.069 45.402 43.494 43.457 43.437 43.362 43.327 43.264 43.202 43.102 43.074 43.042 42.987 42.929 42.929 42.922 42.794 42.789 42.729 42.694 42.692 43.187 42.872 42.679 42.699 42.554 42.362 42.647 42.324 42.354 42.472 42.229 42.367 42.039 42.012 41.962 41.849 41.804 41.869 41.779 43.337 41.544 41.464
42.074 41.974 42.742 42.872 42.637 43.614 44.272 45.109 44.789 42.674 42.749 42.937 43.074 43.172 43.232 43.249 43.287 43.249 43.197 43.294 45.462 45.559 43.682 43.534 43.444 43.629 45.137 43.729 43.627 43.454 43.367 43.337 43.292 43.299 43.234 43.187 43.212 43.164 43.102 42.977 42.939 42.892 42.864 42.797 42.792 42.782 42.682 42.609 42.619 42.609 42.562 42.684 42.619 42.517 42.707 42.294 42.717 42.284 42.222 42.297 42.199 42.124 42.237 41.932 41.914 41.892 41.744 41.782 45.147 44.779 41.489 41.397
41.882 42.349 44.032 41.969 42.307 44.577 44.792 45.407 44.059 42.502 42.632 42.859 42.994 43.084 43.137 43.152 43.192 43.164 43.084 43.102 44.732 44.084 43.584 44.259 43.377 43.542 43.614 44.684 43.604 43.362 43.462 44.484 43.374 43.167 43.134 43.109 43.117 43.104 43.082 42.912 42.857 42.779 42.724 42.714 42.689 42.684 42.642 42.589 42.519 42.564 42.652 42.532 42.457 42.437 42.437 42.264 42.199 42.259 42.259 42.124 42.177 42.154 41.967 41.934 41.892 42.609 41.989 41.714 41.574 43.992 41.347 41.309
41.819 42.134 44.507 43.057 42.779 42.979 43.669 44.377 42.642 42.302 42.527 42.769 42.902 42.964 43.049 43.059 43.117 43.074 43.002 43.044 44.519 43.552 43.474 44.047 43.177 43.317 43.539 43.702 43.339 43.232 43.192 43.299 43.092 43.059 43.037 43.024 43.014 42.974 42.927 42.762 42.737 42.702 42.644 42.609 42.607 42.577 42.554 42.497 42.442 42.484 42.584 42.522 42.547 42.487 42.652 42.427 42.239 42.147 42.119 42.062 42.199 43.809 42.164 41.957 41.932 41.814 41.689 41.619 41.479 41.377 41.279 41.204
41.917 42.839 44.097 43.549 42.552 41.992 43.032 42.427 42.047 42.289 42.494 42.684 42.819 42.914 42.972 42.999 43.012 42.954 42.899 42.864 43.587 45.274 44.154 43.539 43.159 43.544 43.559 43.422 43.172 43.087 43.064 43.067 42.972 42.962 42.947 42.947 42.884 42.869 42.764 42.684 42.644 42.602 42.544 42.539 42.512 42.489 42.459 42.417 42.357 42.422 42.459 42.539 42.447 42.437 42.372 42.297 42.137 42.077 42.114 41.964 41.997 42.004 41.937 42.369 42.144 41.929 41.539 41.474 41.362 41.279 41.224 41.124
42.282 43.159 43.559 43.477 43.277 43.064 42.609 42.062 42.019 42.269 42.444 42.652 42.787 42.847 42.904 42.934 42.934 42.884 42.809 42.789 43.237 44.299 43.327 43.749 43.024 43.289 43.422 43.284 43.054 43.009 42.949 42.947 42.889 42.857 42.819 42.824 42.782 42.742 42.727 42.639 42.612 42.482 42.442 42.479 42.489 42.412 42.372 42.382 42.302 42.307 42.352 42.397 42.459 42.367 42.294 42.242 42.089 42.059 41.979 41.882 41.944 41.909 41.882 42.009 43.502 41.942 41.489 41.359 41.249 41.204 41.142 41.064
42.139 42.977 43.442 44.419 44.654 44.269 42.649 41.879 42.067 42.262 42.444 42.619 42.729 42.769 42.822 42.872 42.857 42.814 42.734 42.707 42.987 44.124 43.604 42.997 42.934 43.359 43.399 43.064 42.884 42.872 42.824 42.804 42.754 42.754 42.704 42.709 42.684 42.584 42.539 42.502 42.409 42.397 42.369 42.357 42.372 42.344 43.952 42.872 42.284 42.252 42.269 42.307 42.369 42.392 42.242 42.174 42.032 42.034 41.944 41.839 41.964 41.849 41.814 41.757 41.807 41.629 41.439 41.257 41.144 41.084 40.997 40.922
41.677 41.902 43.202 43.932 44.112 42.357 41.779 41.899 42.154 42.269 42.412 42.532 42.642 42.694 42.737 42.809 42.807 42.749 42.664 42.644 43.032 43.742 43.497 42.749 42.804 43.152 43.419 42.932 42.769 42.744 42.727 42.694 42.662 42.674 42.634 42.642 42.622 42.547 42.432 42.372 42.387 42.324 42.267 42.252 42.239 43.022 42.354 42.814 42.864 42.157 42.247 42.279 42.287 42.297 42.232 42.172 41.954 42.014 41.862 41.849 41.982 41.814 41.792 41.872 42.162 41.537 41.359 41.139 41.067 40.992 40.904 40.834
41.592 41.444 41.917 42.149 41.804 41.694 41.804 41.979 42.144 42.247 42.357 42.477 42.532 42.607 42.652 42.694 42.739 42.649 42.557 42.657 43.727 43.767 42.859 42.644 42.714 43.117 43.007 42.862 42.707 42.657 42.629 42.592 42.572 42.569 42.529 43.482 44.139 42.442 42.369 42.327 42.327 42.229 42.194 42.157 42.317 46.214 42.464 46.642 43.262 42.099 42.484 42.084 42.134 42.347 42.104 41.994 41.932 41.967 42.299 41.829 41.852 41.709 41.809 41.677 41.714 41.557 41.502 41.097 40.997 40.902 40.832 40.759
41.682 41.287 41.377 41.444 41.564 41.674 41.829 41.964 42.089 42.174 42.262 42.377 42.429 42.504 42.552 42.594 42.617 42.509 42.424 42.667 44.397 44.207 42.739 42.522 42.634 43.414 43.299 42.919 42.599 42.542 42.527 42.474 42.467 42.442 45.147 43.829 43.617 44.894 43.339 42.274 42.267 42.212 42.129 42.082 42.119 45.567 43.007 43.459 50.087 42.809 43.199 41.942 41.947 42.217 42.207 42.199 41.924 41.897 41.859 42.217 41.812 41.684 42.054 41.582 41.369 41.254 41.737 40.947 40.902 40.797 40.719 40.634
41.487 41.234 41.327 41.397 41.492 41.612 41.747 41.879 42.027 42.097 42.169 42.247 42.314 42.419 42.457 42.462 42.494 42.359 42.269 42.654 44.957 43.869 42.732 42.344 42.574 42.809 44.037 42.702 43.184 43.179 42.429 42.414 42.374 42.364 43.572 47.779 48.264 48.309 45.012 42.217 42.204 42.174 42.092 42.032 42.044 44.274 43.192 44.447 46.574 47.237 43.129 41.869 41.837 41.924 42.149 42.062 42.037 41.849 41.772 41.794 41.702 41.634 41.527 41.402 41.299 41.532 42.212 43.674 40.822 40.717 40.597 40.507
41.194 41.139 41.199 41.294 41.387 41.497 41.654 41.779 41.884 41.949 42.042 42.144 42.204 42.254 42.312 42.339 42.367 42.259 42.194 42.747 43.952 43.604 42.709 42.252 42.579 43.242 42.692 42.477 42.447 42.389 42.357 42.344 42.327 42.282 42.244 45.057 46.644 47.492 45.602 42.142 42.187 42.139 42.017 41.972 41.937 43.757 45.404 41.897 41.859 41.862 41.819 41.812 41.792 42.017 41.982 41.967 41.884 41.784 41.712 41.639 41.629 41.589 41.469 41.424 41.137 41.242 44.729 40.772 40.692 40.602 40.522 40.392
40.987 41.044 41.092 41.137 41.254 41.399 41.554 41.632 41.739 41.804 41.909 42.002 42.092 42.099 42.197 42.239 42.174 42.099 42.057 42.527 44.054 43.682 42.519 42.024 43.467 43.134 43.262 42.289 42.259 42.254 42.227 42.209 42.262 42.194 42.167 47.032 45.032 49.394 44.737 42.072 42.114 42.114 41.984 41.914 41.869 41.849 41.794 41.809 41.809 41.727 41.734 41.762 41.759 41.864 41.892 41.899 41.772 41.684 41.652 41.662 41.702 41.457 41.334 41.144 40.982 41.099 41.844 40.737 40.604 40.499 40.452 40.479
