All_lidar/sz6093_DSM_2M.asc
ncols 500
nrows 500
xllcorner    460000
yllcorner    93000
cellsize     2
NODATA_value -9999
[rows 192 to 223 of 500, columns 360 to 431 of 500]
-2.163 -2.149 -2.19 -2.085 -2.15 -2.162 -2.173 -2.104 -2.041 -2.098 -2.045 -2.051 -2.13 -2.123 -2.154 -2.078 -2.068 -2.06 -2.078 -2.095 -2.088 -2.163 -2.138 -2.041 -2.127 -2.055 -2.07 -2.079 -2.054 -2.031 -2.043 -2.036 -2.062 -2.076 -2.052 -2.129 -2.077 -2 -2.033 -2.096 -2.039 -2.077 -2.089 -2.05 -2.041 -2.05 -2.005 -2.062 -2.037 -2.021 -2.149 -2.136 -2.063 -2.104 -2.083 -2.083 -2.083 -2.123 -2.139 -2.027 -2.078 -2.069 -1.99 -2.047 -2.03 -2.055 -2.075 -2.023 -2.07 -2.02 -2.136 -2.091
-2.117 -2.111 -1.98 -2.139 -2.205 -2.195 -2.137 -2.16 -2.109 -2.218 -2.185 -2.087 -2.218 -2.03 -2.057 -2.214 -2.09 -2.1 -2.106 -2.068 -2.058 -2.065 -2.096 -2.127 -2.027 -2.062 -2.1 -2.062 -2.135 -2.069 -2.173 -2.03 -2.091 -2.084 -2.015 -2.051 -2.019 -2.118 -2.047 -2.032 -2.075 -2.051 -2.04 -2.104 -2.004 -2.002 -2.07 -2.066 -2.086 -2.036 -2.121 -2.075 -2.044 -2.054 -2.058 -2.029 -2.086 -2.071 -2.061 -2.061 -2.003 -2.017 -2.057 -2.059 -2.065 -2.077 -2.102 -2.022 -2.038 -2.068 -2.079 -2.101
-2.179 -2.059 -2.082 -2.241 -2.118 -2.108 -2.086 -2.121 -2.093 -2.098 -2.099 -2.198 -2.155 -2.088 -2.064 -2.056 -2.116 -2.014 -2.036 -2.133 -2.092 -2.053 -2.064 -2.087 -2.082 -2.052 -2.107 -2.091 -2.092 -2.101 -2.078 -2.136 -2.115 -2.035 -2.035 -2.007 -2.08 -2.106 -2.035 -2.03 -2.034 -2.068 -2.051 -2.066 -2.031 -2.009 -2.037 -2.099 -2.059 -2.085 -2.068 -2.025 -2.078 -2.08 -2.096 -2.081 -2.099 -2.13 -2.033 -2.078 -2.048 -2.021 -2.053 -1.996 -2.101 -2.052 -2.132 -2.065 -2.066 -2.145 -2.069 -2.068
-2.091 -9999 -2.025 -2.193 -2.209 -2.247 -2.06 -2.19 -2.095 -2.148 -2.054 -2.067 -2.102 -2.081 -2.206 -2.098 -2.107 -2.196 -2.036 -2.127 -2.082 -2.162 -2.1 -2.073 -2.183 -2.09 -2.011 -2.013 -2.089 -2.091 -1.997 -2.091 -2.103 -2.039 -2.04 -2.078 -2.118 -2.044 -2.027 -2.087 -2.012 -2.025 -2.055 -2.068 -2.076 -2.064 -1.994 -2.012 -2.05 -2.029 -2.131 -2.069 -2.133 -2.053 -2.142 -2.066 -2.097 -2.058 -2.015 -2.067 -2.064 -2.056 -2.066 -2.011 -2.081 -2.068 -2.019 -2.046 -2.04 -2.122 -2.081 -2.127
-2.07 -2.112 -2.166 -2.111 -2.097 -2.083 -2.105 -2.16 -2.142 -2.084 -2.126 -2.08 -2.006 -2.055 -2.08 -2.135 -2.073 -2.168 -2.124 -2.041 -2.041 -2.074 -2.108 -2.12 -2.113 -2.098 -2.055 -2.124 -2.153 -2.036 -2.05 -2.053 -2.086 -2.054 -2.102 -2.049 -2.064 -2.079 -2.027 -2.069 -2.079 -2.044 -1.994 -2.055 -2.098 -2.019 -2.087 -2.081 -2.09 -2.025 -2.077 -2.106 -2.091 -2.063 -2.075 -2.124 -2.124 -2.028 -2.106 -2.025 -2.097 -2.098 -2.083 -2.013 -2.038 -2.093 -1.942 -2.152 -2.02 -2.052 -2.064 -2.046
-9999 -9999 -2.007 -2.144 -2.077 -2.249 -2.054 -2.06 -2.158 -2.051 -2.108 -2.097 -2.106 -2.114 -2.212 -2.118 -2.091 -2.096 -2.057 -2.14 -2.151 -2.091 -2.065 -2.029 -2.067 -2.165 -2.103 -2.046 -2.159 -2.047 -2.145 -2.154 -2.081 -2.139 -2.053 -1.965 -2.064 -2.076 -2.018 -2.104 -2.061 -2.024 -2.08 -2.048 -2.078 -2.032 -2.066 -2.06 -2.032 -2.048 -2.087 -2.099 -2.063 -2.069 -2.051 -2.024 -2.07 -2.082 -1.996 -2.036 -2.059 -2.04 -2.096 -2.118 -2.044 -2.073 -2.081 -2.024 -2.049 -2.106 -2.051 -2.027
-2.139 -2.16 -2.195 -2.088 -2.073 -2.089 -2.166 -2.068 -2.162 -2.105 -2.18 -2.107 -2.096 -2.107 -2.049 -2.169 -2.093 -2.077 -2.114 -2.072 -2.1 -2.162 -2.065 -2.118 -2.158 -2.192 -2.03 -2.096 -2.104 -2.048 -2.066 -2.097 -2.067 -2.042 -2.074 -2.029 -2.047 -2.09 -2.093 -2.112 -2.043 -2.025 -2.081 -2.101 -2.059 -2.087 -2.089 -2.052 -2.029 -2.036 -2.067 -2.049 -2.04 -2.049 -2.071 -2.015 -2.097 -2.09 -2.075 -2.044 -2.058 -2.111 -2.063 -2.045 -2.071 -2.156 -2.026 -2.119 -2.059 -2.009 -2.047 -2.014
-2.142 -2.148 -2.296 -2.254 -2.075 -2.2 -9999 -2.105 -2.338 -2.087 -2.134 -2.121 -2.081 -2.094 -1.996 -2.135 -2.091 -2.072 -2.057 -2.151 -2.151 -2.119 -2.091 -2.12 -2.157 -2.102 -2.084 -2.094 -2.033 -2.142 -2.124 -2.087 -2.08 -2.05 -2.013 -2.026 -2.082 -2.039 -2.073 -2.088 -2.102 -2.033 -2.1 -2.032 -2.113 -2.054 -2.084 -2.027 -2.041 -2.14 -2.061 -2.04 -2.029 -2.116 -2.111 -2.026 -2.042 -2.115 -2.067 -2.018 -2.063 -2.01 -2.108 -2.031 -2.055 -2.032 -2.105 -2.004 -2.035 -2.158 -2.12 -2.07
-2.149 -2.178 -9999 -2.236 -2.073 -2.075 -2.139 -2.175 -2.165 -2.09 -2.057 -2.181 -2.14 -2.138 -2.132 -2.209 -2.149 -2.227 -2.058 -2.14 -2.065 -2.098 -2.027 -2.136 -2.083 -2.063 -2.045 -2.09 -2.068 -2.118 -2.06 -2.107 -2.114 -2.09 -2.061 -2.099 -2.037 -2.016 -2.069 -2.031 -2.089 -2.027 -2.028 -2.031 -2.048 -2.091 -2.043 -2.06 -2.096 -2.039 -2.079 -2.047 -2.075 -2.073 -2.017 -2.007 -2.102 -2.095 -2.018 -2.13 -2.097 -2.067 -2.071 -2.09 -2.188 -2.115 -2.08 -2.022 -2.064 -2.076 -2.041 -2.084
-9999 -2.259 -9999 -9999 -2.091 -2.21 -2.108 -2.129 -2.183 -2.138 -2.172 -2.088 -2.318 -2.193 -2.139 -2.115 -2.121 -2.228 -2.167 -2.119 -2.093 -2.128 -2.124 -2.072 -2.048 -2.145 -2.028 -2.07 -2.042 -2.132 -2.086 -2.194 -2.072 -2.094 -2.138 -2.041 -2.039 -2.166 -2.054 -2.076 -2.098 -2.112 -2.081 -2.062 -2.055 -2.107 -2.048 -2.087 -2.107 -2.073 -2.111 -2.079 -2.065 -2.096 -2.1 -2.115 -2.076 -2.066 -2.084 -2.028 -2.105 -2.087 -1.991 -2.082 -2.065 -2.068 -2.087 -2.115 -2.005 -2.052 -2.036 -2.123
-9999 -9999 -9999 -9999 -9999 -2.14 -2.256 -2.134 -2.171 -2.138 -2.075 -2.156 -2.281 -2.105 -2.113 -2.11 -2.144 -2.256 -2.179 -2.078 -2.101 -2.054 -2.154 -2.12 -2.052 -2.096 -2.115 -2.094 -2.011 -2.154 -2.096 -2.067 -2.084 -2.124 -2.029 -2.07 -2.102 -2.111 -2.047 -2.065 -2.113 -2.156 -2.09 -2.064 -2.062 -2.015 -2.067 -2.106 -2.085 -2.085 -2.053 -2.02 -2.098 -2.091 -2.032 -2.056 -1.999 -2.036 -2.054 -2.027 -2.076 -2.099 -2.031 -2.153 -2.058 -1.965 -2.13 -2.077 -2.083 -2.082 -2.01 -2.098
-9999 -9999 -9999 -9999 -9999 -2.102 -2.08 -2.039 -2.262 -2.054 -2.09 -2.071 -2.168 -2.185 -2.164 -2.225 -2.103 -2.142 -2.042 -2.127 -2.23 -2.148 -2.042 -2.131 -2.09 -2.074 -2.174 -2.071 -2.127 -2.18 -2.064 -2.12 -2.028 -2.115 -2.05 -2.054 -2.092 -2.108 -2.104 -2.059 -2.095 -2.048 -2.064 -2.063 -2.054 -2.043 -2.053 -2.076 -2.052 -2.044 -2.068 -2.116 -2.089 -2.04 -2.019 -2.046 -1.997 -2.063 -2.09 -2.103 -2.08 -2.047 -2.055 -2.009 -2.06 -2.133 -2.084 -2.076 -2.1 -2.087 -2.082 -2.033
-9999 -9999 -9999 -9999 -2.13 -2.117 -2.088 -2.093 -2.207 -2.154 -2.134 -2.078 -2.164 -2.204 -2.17 -2.152 -2.015 -2.142 -2.11 -2.104 -2.071 -2.131 -2.111 -2.079 -2.096 -2.074 -2.305 -2.124 -2.094 -2.054 -2 -2.076 -2.083 -2.203 -2.131 -2.044 -2.034 -2.232 -2.05 -2.069 -2.114 -2.028 -2.085 -2.041 -2.01 -2.069 -2.076 -2.077 -2.069 -2.109 -2.036 -2.05 -2.065 -2.136 -2.143 -2.022 -2.086 -2.104 -2.107 -2.005 -2.074 -2.113 -2.076 -2.017 -2.101 -2.063 -2.081 -2.088 -2.044 -2.146 -2.126 -2.065
-9999 -9999 -9999 -9999 -2.167 -2.058 -2.114 -2.112 -2.155 -2.132 -2.106 -9999 -2.111 -2.214 -2.148 -2.118 -2.172 -2.16 -2.206 -2.195 -2.037 -2.144 -2.052 -2.078 -2.16 -2.079 -2.084 -2.156 -2.183 -2.093 -2.119 -2.007 -2.126 -2.082 -2.138 -2.196 -2.092 -2.053 -2.113 -2.061 -2.026 -2.064 -2.024 -2.069 -2.041 -2.092 -2.082 -2.067 -2.111 -2.074 -2.061 -2.056 -2.059 -2.049 -2.007 -2.018 -2.082 -2.032 -2.143 -2.06 -2.071 -2.044 -2.119 -2.057 -2.047 -2.126 -2.049 -2.096 -2.04 -2.068 -2.083 -2.044
-9999 -9999 -9999 -9999 -2.184 -2.119 -9999 -2.051 -2.154 -2.139 -2.085 -2.098 -2.162 -2.161 -2.173 -2.143 -2.192 -2.073 -2.157 -2.077 -2.17 -2.191 -2.143 -2.048 -2.125 -2.089 -2.069 -2.143 -2.109 -2.043 -2.129 -2.092 -2.103 -2.098 -2.067 -2.032 -2.047 -2.079 -2.024 -2.097 -2.036 -2.072 -2.056 -2.085 -2.068 -2.088 -2.039 -2.087 -2.092 -2.054 -2.092 -2.108 -2.152 -2.084 -2.022 -2.038 -2.111 -2.021 -2.058 -2.053 -2.016 -2.101 -2.139 -2.058 -2.114 -2.051 -2.123 -2.088 -2.031 -2.022 -2.051 -2.048
-9999 -9999 -9999 -9999 -2.124 -9999 -9999 -9999 -2.088 -2.146 -2.136 -2.083 -2.128 -2.113 -2.074 -2.189 -2.103 -2.182 -2.107 -2.087 -2.161 -2.106 -2.147 -2.119 -2.029 -2.113 -2.073 -2.178 -2.037 -2.145 -2.035 -2.173 -2.034 -2.072 -2.053 -2.15 -2.076 -2.044 -2.095 -2.046 -2.06 -2.105 -2.137 -2.119 -2.073 -2.053 -2.013 -2.054 -2.117 -2.134 -2.114 -2.148 -2.05 -2.125 -2.061 -2.013 -2.097 -2.086 -2.081 -2.025 -2.085 -2.11 -2.02 -2.054 -2.079 -2.18 -2.077 -2.095 -2.084 -2.088 -2.021 -2.03
-9999 -9999 -9999 -9999 -9999 -2.153 -9999 -9999 -2.176 -2.104 -9999 -9999 -2.089 -2.092 -2.214 -2.196 -2.004 -2.158 -2.141 -2.172 -2.081 -2.093 -2.054 -2.157 -2.075 -2.035 -2.089 -2.091 -2.067 -2.038 -2.146 -2.083 -2.047 -1.991 -2.055 -2.061 -2.156 -2.058 -2.104 -2.104 -2.059 -2.112 -2.105 -2.187 -2.066 -2.089 -2.074 -2.056 -2.058 -2.086 -2.091 -2.139 -2.082 -2.031 -2.054 -2.067 -1.983 -2.01 -2.04 -2.105 -2.1 -2.028 -2.054 -2.06 -2.054 -2.057 -2.049 -2.085 -2.02 -2.066 -2.091 -2.111
-9999 -2.285 -9999 -9999 -2.322 -2.141 -2.222 -2.199 -2.091 -2.113 -2.107 -2.136 -2.239 -2.069 -2.122 -2.096 -2.154 -2.17 -2.095 -2.183 -2.111 -2.08 -2.057 -2.155 -2.124 -2.092 -2.073 -2.107 -2.109 -2.033 -2.156 -2.142 -2.095 -2.071 -2.068 -2.043 -2.05 -2.127 -2.028 -2.096 -2.136 -2.088 -2.053 -2.16 -2.134 -2.095 -2.114 -2.099 -2.099 -2.207 -2.054 -2.078 -2.068 -2.042 -1.989 -2.078 -2.023 -2.055 -2.053 -2.077 -2.101 -2.068 -2.008 -2.031 -2.01 -2.103 -2.112 -2.038 -2.032 -2.074 -2.045 -2.098
-9999 -2.102 -9999 -2.302 -2.228 -2.167 -2.128 -2.099 -2.057 -2.137 -2.077 -2.093 -2.208 -2.125 -2.014 -2.09 -2.237 -2.144 -2.205 -2.149 -2.099 -2.235 -2.121 -2.091 -2.135 -2.087 -2.119 -2.206 -2.177 -2.135 -2.098 -2.071 -2.076 -2.084 -2.124 -2.148 -2.216 -2.079 -2.073 -2.089 -2.165 -2.024 -2.083 -2.093 -2.174 -2.115 -2.098 -2.068 -2.05 -2.088 -2.047 -2.01 -2.045 -2.062 -2.069 -2.047 -2.076 -2.059 -2.082 -2.065 -2.044 -2.044 -2.141 -2.063 -2.076 -2.053 -2.097 -2.088 -1.978 -2.061 -2.1 -2.079
-9999 -2.121 -2.199 -2.162 -2.078 -2.099 -2.042 -2.096 -2.146 -2.169 -2.075 -2.093 -2.105 -2.087 -2.159 -2.195 -2.201 -2.236 -2.081 -2.05 -2.19 -2.106 -2.17 -2.066 -2.189 -2.08 -2.1 -2.096 -2.101 -2.132 -2.103 -2.026 -2.1 -2.13 -2.139 -2.085 -2.113 -2.057 -2.115 -2.024 -2.07 -2.062 -2.122 -2.113 -2.102 -2.118 -2.118 -2.066 -2.032 -2.073 -2.07 -2.06 -2.021 -2.04 -2.015 -2.041 -2.133 -2.096 -2.105 -2.106 -1.998 -2.063 -2.013 -2.022 -2.041 -2.075 -2.071 -2.024 -2.111 -2.076 -2.049 -2.081
-9999 -2.122 -2.03 -2.076 -2.118 -2.164 -2.1 -2.073 -9999 -9999 -2.152 -2.153 -2.096 -2.114 -2.177 -2.166 -2.23 -2.084 -2.106 -2.124 -2.139 -2.205 -2.152 -2.104 -2.157 -2.1 -2.149 -2.198 -2.261 -2.057 -2.041 -2.08 -2.094 -2.082 -2.099 -2.065 -2.042 -2.043 -2.073 -2.061 -2.062 -2.037 -2.185 -2.098 -2.052 -2.143 -2.078 -2.059 -2.021 -2.109 -2.069 -2.134 -2.074 -2.071 -2.094 -2.078 -2.026 -2.156 -2.076 -2.059 -2.029 -2.026 -2.043 -2.086 -2.074 -2.082 -2.108 -2.09 -2.046 -2.019 -2.087 -2.133
-2.242 -2.165 -2.102 -9999 -2.254 -2.122 -2.062 -2.147 -2.202 -9999 -9999 -9999 -9999 -2.074 -2.14 -2.213 -2.086 -2.05 -2.101 -2.128 -2.142 -2.067 -2.065 -2.153 -2.103 -2.152 -2.019 -2.075 -2.252 -2.026 -2.087 -2.177 -2.084 -2.1 -2.072 -2.052 -2.103 -2.132 -2.09 -2.054 -2.104 -2.103 -2.054 -2.113 -2.161 -2.043 -2.107 -2.003 -2.071 -2.095 -2.082 -2.061 -2.022 -2.034 -1.992 -2.051 -2.121 -2.113 -2.069 -2.067 -2.131 -2.134 -2.096 -2.121 -2.167 -2.027 -2.139 -2.064 -2.06 -2.146 -1.989 -2.072
-2.162 -2.215 -2.189 -9999 -2.179 -2.064 -2.094 -2.145 -2.249 -2.181 -9999 -2.064 -9999 -2.292 -2.176 -2.136 -2.207 -9999 -2.097 -2.176 -2.171 -2.179 -2.179 -2.19 -2.095 -2.203 -2.211 -2.085 -2.055 -2.118 -2.028 -2.1 -2.161 -2.057 -2.046 -2.112 -2.131 -2.098 -2.042 -2.167 -2.109 -2.106 -2.127 -2.158 -2.1 -2.062 -2.061 -2.066 -2.067 -2.066 -2.067 -2.028 -2.097 -2.107 -2.1 -2.095 -2.089 -2.032 -2.072 -2.072 -2.109 -2.077 -2.08 -2.008 -2.106 -2.062 -2.068 -2.018 -2.025 -2.062 -2.066 -2.143
-2.105 -2.161 -2.115 -2.084 -2.141 -2.204 -2.088 -2.177 -2.19 -9999 -2.077 -2.073 -2.193 -2.18 -2.064 -2.034 -9999 -2.012 -2.045 -2.186 -2.121 -2.116 -2.06 -2.107 -2.031 -2.106 -2.259 -2.101 -2.003 -2.085 -2.128 -2.14 -2.123 -2.069 -2.07 -2.055 -2.16 -2.084 -2.149 -2.058 -2.042 -2.122 -2.109 -2.079 -2.117 -2.034 -2.135 -2.066 -2.12 -2.037 -2.106 -2.125 -2.077 -2.084 -2.082 -2.085 -2.127 -2.151 -2.107 -2.059 -2.036 -2.087 -2.057 -2.046 -2.066 -2.043 -2.079 -2.096 -2.025 -2.042 -2.026 -2.145
-2.117 -2.212 -2.093 -2.07 -2.212 -2.197 -2.152 -2.208 -2.229 -9999 -2.128 -2.104 -2.18 -2.18 -2.073 -2.12 -9999 -9999 -2.021 -2.234 -2.169 -2.107 -2.084 -2.195 -2.147 -2.068 -2.075 -2.099 -2.159 -2.106 -2.132 -2.03 -2.029 -2.145 -2.149 -2.059 -2.074 -2.057 -2.098 -2.07 -2.098 -2.069 -2.061 -2.083 -2.045 -2.075 -2.098 -2.071 -2.089 -2.127 -2.069 -2.045 -2.076 -2.152 -2.109 -2.157 -2.059 -2.117 -2.082 -2.16 -2.125 -2.09 -2.08 -2.039 -2.11 -2.06 -2.084 -2.02 -2.082 -2.058 -2.097 -2.11
-2.065 -2.099 -2.179 -2.138 -2.22 -2.137 -2.195 -2.191 -9999 -9999 -2.155 -2.152 -2.137 -2.033 -2.086 -2.194 -2.113 -2.189 -2.223 -2.143 -2.116 -2.102 -2.166 -2.077 -2.118 -2.178 -2.136 -2.098 -2.13 -2.111 -2.037 -2.127 -2.123 -2.111 -2.138 -2.11 -2.01 -2.044 -2.095 -2.033 -2.116 -2.1 -2.087 -2.099 -2.064 -2.108 -2.104 -2.114 -2.07 -2.034 -2.06 -2.147 -2.169 -2.064 -2.066 -2.057 -2.058 -2.075 -2.057 -2.013 -2.09 -2.147 -2.149 -2.074 -2.07 -2.04 -2.138 -2.009 -2.023 -2.155 -2.096 -2.037
-2.003 -2.043 -2.034 -2.234 -2.086 -2.174 -2.209 -2.198 -2.234 -9999 -2.187 -2.185 -2.128 -2.153 -2.153 -2.167 -2.276 -2.175 -2.123 -2.105 -2.129 -2.167 -2.066 -2.148 -2.061 -2.19 -2.025 -2.068 -2.172 -2.051 -2.124 -2.071 -2.1 -2.05 -2.069 -2.12 -2.123 -1.978 -2.117 -2.089 -2.078 -2.159 -2.099 -2.068 -2.054 -2.104 -2.141 -2.07 -2.12 -2.071 -2.117 -2.133 -2.097 -2.071 -2.099 -2.068 -2.116 -2.054 -2.084 -2.112 -2.075 -2.069 -2.081 -2.103 -2.059 -2 -2.12 -2.053 -2.097 -2.005 -2.076 -2.048
-2.038 -2.054 -2.001 -2.133 -2.06 -2.113 -2.171 -2.044 -2.186 -2.161 -2.177 -2.111 -2.137 -2.023 -2.18 -2.172 -2.178 -2.178 -2.127 -9999 -9999 -2.089 -2.144 -2.139 -2.145 -2.162 -2.223 -2.114 -2.119 -2.065 -2.118 -2.179 -2.116 -2.029 -2.096 -2.106 -2.152 -2.103 -2.068 -2.127 -2.068 -2.069 -2.061 -2.147 -2.104 -2.109 -2.108 -2.096 -2.057 -2.151 -2.088 -2.12 -2.058 -2.042 -2.045 -2.043 -2.074 -2.099 -2.058 -2.105 -2.026 -2.085 -2.041 -2.076 -2.121 -2.078 -2.05 -2.071 -2.093 -2.111 -2.014 -2.034
-2.108 -2.058 -2.008 -2.047 -2.147 -2.162 -2.115 -2.014 -2.148 -2.132 -2.165 -2.196 -2.097 -2.105 -2.223 -2.175 -2.282 -2.062 -2.089 -9999 -9999 -2.171 -2.28 -2.198 -2.25 -2.221 -9999 -2.205 -2.046 -2.25 -2.172 -2.035 -2.01 -2.03 -2.101 -2.229 -2.138 -2.128 -2.075 -2.091 -2.076 -2.082 -2.108 -2.079 -2.167 -2.13 -2.097 -2.108 -2.138 -2.033 -2.076 -2.033 -2.073 -2.096 -2.054 -2.063 -2.071 -2.063 -2.24 -2.131 -2.081 -2.012 -2.045 -2.013 -2.052 -2.148 -2.075 -2.073 -2.05 -2.068 -2.026 -2.061
-2.028 -2.166 -2.097 -2.062 -2.126 -2.151 -1.976 -2.079 -2.115 -2.103 -2.123 -2.125 -2.069 -2.219 -2.109 -2.242 -2.186 -9999 -9999 -9999 -9999 -2.209 -2.223 -2.214 -2.19 -2.093 -2.179 -2.215 -2.128 -2.089 -9999 -9999 -2.055 -2.229 -2.093 -2.079 -2.087 -2.104 -2.123 -2.15 -2.112 -2.089 -2.13 -2.152 -2.117 -2.094 -2.094 -2.097 -2.103 -2.123 -2.038 -2.063 -2.11 -2.11 -2.029 -2.085 -2.116 -2.089 -2.072 -2.067 -2.128 -2.091 -2.114 -2.052 -2.115 -2.129 -2.084 -2.071 -2.06 -2.075 -2.131 -1.968
-2.064 -2.142 -2.04 -2.062 -2.116 -2.064 -2.049 -2.087 -2.078 -2.101 -2.095 -2.137 -2.167 -2.181 -9999 -2.261 -2.212 -9999 -2.077 -9999 -9999 -2.155 -2.124 -2.326 -2.177 -9999 -2.209 -2.247 -2.145 -2.071 -2.009 -2.092 -2.066 -2.13 -2.169 -2.157 -2.148 -2.167 -2.037 -2.104 -2.164 -2.068 -2.108 -2.124 -2.103 -2.143 -2.169 -2.109 -2.06 -2.131 -2.075 -2.081 -2.14 -2.046 -2.122 -2.05 -2.092 -2.076 -2.025 -2.042 -2.041 -2.1 -2.078 -2.131 -2.162 -2.091 -2.07 -2.053 -2.089 -2.03 -2.09 -2.097
-2.04 -2.066 -1.981 -2.014 -2.035 -2.074 -2.088 -2.186 -2.153 -2.186 -2.226 -2.309 -2.214 -2.126 -2.363 -2.341 -2.106 -2.235 -2.25 -2.155 -2.169 -2.135 -2.106 -2.103 -2.189 -2.128 -2.121 -2.128 -2.106 -2.006 -2.151 -2.149 -2.168 -2.125 -2.06 -2.104 -2.063 -2.032 -2.085 -2.003 -2.136 -2.177 -2.19 -2.054 -2.109 -2.094 -2.122 -2.154 -2.074 -2.075 -2.055 -2.132 -2.062 -2.11 -2.085 -2.084 -2.084 -2.082 -2.126 -2.077 -2.024 -2.043 -2.073 -2.045 -2.098 -2.058 -2.127 -2.064 -2.042 -2.061 -2.077 -2.034
