All_lidar/sz6088_DSM_2M.asc
ncols 500
nrows 500
xllcorner    460000
yllcorner    88000
cellsize     2
NODATA_value -9999
[rows 0 to 32 of 500, columns 148 to 221 of 500]
28.01 28.262 26.949 27.152 27.187 27.137 27.167 27.112 26.987 26.992 27.027 27.029 27.017 27.159 27.299 27.097 27.054 27.219 27.209 27.109 26.934 26.904 27.069 27.127 27.097 27.124 27.107 27.097 27.122 27.182 27.182 27.254 27.149 27.184 27.229 27.197 27.107 27.102 27.087 27.084 27.042 27.049 27.044 27.104 27.059 27.099 27.132 27.224 27.109 27.029 26.977 26.892 26.862 26.854 26.797 26.782 26.812 26.747 26.689 26.594 26.637 26.662 26.734 26.779 26.799 26.857 26.844 26.882 26.864 26.822 26.934 26.982 26.852 26.859
27.525 28.632 26.879 26.904 27.127 27.152 27.092 27.129 26.967 27.007 27.019 27.072 27.012 27.102 27.389 27.249 27.079 27.079 26.957 26.924 26.929 26.994 27.012 27.077 27.089 27.132 27.094 27.109 27.142 27.144 27.182 27.152 27.187 27.049 27.242 27.044 26.967 26.997 27.037 26.969 27.009 27.007 27.027 27.009 26.879 26.997 26.997 26.992 26.997 26.882 26.799 26.732 26.804 26.819 26.657 26.614 26.599 26.612 26.517 26.497 26.524 26.557 26.577 26.639 26.652 26.684 26.667 26.697 26.794 26.744 26.859 26.802 26.687 26.662
27.952 29.842 26.847 26.932 27.029 27.072 27.059 27.057 27.067 26.974 27.017 27.064 27.154 26.939 27.082 27.434 27.164 27.067 26.907 26.894 26.927 26.974 26.992 27.084 27.104 27.139 27.139 27.097 27.109 27.037 27.074 27.177 27.164 26.997 26.964 27.179 26.912 26.924 27.019 26.957 26.959 27.004 26.974 26.944 26.859 26.849 26.772 26.802 26.777 26.717 26.579 26.554 26.592 26.519 26.469 26.442 26.442 26.449 26.459 26.424 26.404 26.392 26.377 26.472 26.502 26.524 26.537 26.537 26.612 26.667 26.717 26.659 26.702 26.672
27.48 28.11 26.827 26.972 27.137 27.019 27.072 27.009 27.037 26.972 27.037 27.129 27.177 27.154 27.309 27.039 26.974 27.172 26.907 26.864 27.069 27.072 27.009 27.017 27.059 27.067 27.052 27.074 27.162 27.012 27.089 27.099 27.149 26.949 26.914 27.102 26.947 26.919 26.989 26.989 26.957 27.004 26.957 26.864 26.724 26.649 26.619 26.594 26.534 26.482 26.449 26.397 26.432 26.394 26.342 26.299 26.269 26.312 26.304 26.269 26.259 26.247 26.242 26.354 26.399 26.412 26.379 26.377 26.454 26.454 26.572 26.587 26.594 26.607
27.42 28.782 26.964 26.879 27.107 26.974 27.037 27.059 27.034 26.949 27.032 27.194 27.269 27.107 27.154 27.207 26.902 26.864 26.859 26.959 27.262 27.199 27.017 26.992 27.074 27.152 26.994 27.017 26.974 26.964 27.059 27.084 27.089 26.994 26.897 26.922 26.939 27.029 27.067 27.047 26.919 26.827 26.729 26.609 26.529 26.502 26.464 26.449 26.407 26.354 26.322 26.329 26.377 26.337 26.237 26.182 26.199 26.204 26.222 26.189 26.112 26.092 26.124 26.249 26.259 26.259 26.259 26.272 26.267 26.282 26.334 26.362 26.429 26.484
27.627 27.8 26.892 26.877 26.997 27.072 26.919 27.007 27.127 26.957 27.124 27.134 27.224 27.182 26.989 26.939 26.802 26.802 26.909 27.019 27.119 27.062 27.002 26.977 26.994 27.039 26.964 26.942 26.974 26.972 26.997 26.994 27.014 27.132 26.999 26.989 26.962 26.929 26.887 26.847 26.762 26.639 26.567 26.532 26.454 26.392 26.377 26.439 26.417 26.269 26.264 26.272 26.294 26.239 26.149 26.104 26.222 26.164 26.094 26.077 25.999 25.989 26.022 26.142 26.172 26.109 26.074 26.107 26.139 26.147 26.164 26.179 26.207 26.257
28.217 27.945 26.932 26.902 26.909 26.862 26.902 26.924 26.994 26.877 27.214 27.122 27.109 27.054 27.107 26.827 26.772 26.764 26.877 27.089 27.059 26.922 26.917 26.982 26.922 26.944 26.924 26.917 26.892 26.929 26.874 26.949 26.967 27.022 26.942 26.922 26.894 26.877 26.764 26.677 26.572 26.504 26.492 26.449 26.377 26.334 26.289 26.304 26.264 26.199 26.204 26.207 26.224 26.244 26.227 26.087 26.087 26.052 26.014 25.972 25.932 25.954 25.974 26.032 26.027 25.977 25.932 25.957 26.002 26.017 26.004 25.994 26.062 26.109
28.947 28.372 26.922 26.872 26.939 26.987 26.864 26.852 27.017 26.949 26.977 27.032 26.954 27.189 27.052 26.809 26.719 26.777 26.904 27.169 27.047 26.957 26.904 26.917 26.932 26.914 26.867 26.849 26.869 26.907 26.914 26.909 26.919 26.924 26.922 26.999 26.922 26.772 26.619 26.594 26.474 26.427 26.382 26.337 26.292 26.272 26.212 26.199 26.182 26.157 26.127 26.154 26.154 26.264 26.312 26.097 26.002 25.954 25.932 25.937 25.979 25.902 25.872 25.892 25.904 25.867 25.762 25.789 25.839 25.869 25.837 25.862 25.879 25.907
28.992 28.132 26.937 26.862 26.874 26.897 26.844 26.804 26.859 26.939 27.037 27.024 26.897 26.997 27.027 26.822 26.722 26.749 26.884 26.967 26.967 27.064 26.957 26.887 26.897 26.917 26.892 26.877 26.894 26.892 27.007 27.039 26.879 26.864 26.902 26.919 26.722 26.592 26.569 26.504 26.429 26.342 26.257 26.217 26.187 26.177 26.149 26.177 26.189 26.142 26.104 26.082 26.097 26.079 26.074 25.997 25.977 25.942 25.897 25.982 25.917 25.802 25.739 25.767 25.772 25.734 25.669 25.657 25.707 25.707 25.672 25.707 25.722 25.787
28.685 28.307 27.397 26.807 26.884 26.769 26.874 26.884 26.789 26.922 26.919 27.014 26.954 26.917 26.912 26.877 26.724 26.754 26.932 26.957 27.024 27.079 27.082 27.007 26.839 26.877 26.852 26.849 26.844 26.814 26.934 26.879 26.814 26.779 26.897 27.024 26.604 26.524 26.469 26.419 26.332 26.242 26.194 26.159 26.124 26.119 26.117 26.132 26.154 26.109 26.067 26.042 26.077 26.054 26.034 25.974 25.957 25.937 25.867 25.824 25.767 25.704 25.644 25.647 25.627 25.622 25.602 25.574 25.582 25.592 25.537 25.569 25.577 25.592
28.855 28.675 27.707 26.729 26.754 26.802 26.777 27.007 26.949 26.989 26.962 26.982 26.909 26.937 26.872 26.754 26.684 26.797 26.939 26.999 27.059 27.067 27.057 27.112 26.932 26.847 26.832 26.784 26.752 26.752 26.764 26.934 26.787 26.707 26.727 26.647 26.539 26.464 26.427 26.329 26.284 26.224 26.217 26.197 26.132 26.109 26.097 26.122 26.119 26.122 26.062 26.059 26.087 26.047 25.979 25.959 25.949 25.907 25.862 25.787 25.704 25.654 25.577 25.562 25.544 25.497 25.464 25.474 25.479 25.477 25.452 25.442 25.497 25.477
28.89 28.587 27.644 26.729 26.794 26.854 26.934 26.934 26.957 27.042 26.939 26.927 26.862 26.882 26.792 26.739 26.749 26.989 27.077 27.057 27.022 27.037 27.082 27.289 27.097 26.854 26.784 26.744 26.702 26.704 26.712 26.724 26.739 26.684 26.629 26.537 26.472 26.432 26.362 26.269 26.237 26.199 26.167 26.149 26.114 26.102 26.117 26.157 26.134 26.074 26.052 26.049 26.017 26.007 25.952 25.894 25.872 25.827 25.759 25.687 25.622 25.614 25.609 25.622 25.542 25.414 25.379 25.367 25.352 25.359 25.339 25.312 25.297 25.317
28.74 28.38 27.554 26.694 26.792 26.817 26.887 26.827 26.889 27.019 27.047 27.007 26.942 26.904 26.974 26.789 26.772 26.827 26.964 27.029 27.049 26.989 27.114 27.234 27.154 26.794 26.789 26.764 26.714 26.684 26.674 26.692 26.702 26.614 26.562 26.477 26.402 26.344 26.264 26.214 26.202 26.157 26.149 26.114 26.129 26.069 26.087 26.127 26.072 26.009 25.972 25.962 25.922 25.914 25.909 25.792 25.767 25.744 25.707 25.617 25.532 25.502 25.504 25.622 25.599 25.449 25.267 25.232 25.219 25.242 25.197 25.192 25.177 25.202
28.445 28.372 27.587 26.702 26.829 26.712 26.737 26.759 26.869 26.967 26.789 26.902 26.972 26.897 26.882 26.849 26.852 26.762 26.859 27.039 27.042 26.969 27.069 27.237 27.044 26.802 26.732 26.692 26.642 26.622 26.634 26.647 26.729 26.559 26.527 26.427 26.314 26.264 26.224 26.139 26.172 26.104 26.089 26.107 26.152 26.107 26.054 26.004 26.009 25.954 25.897 25.892 25.852 25.882 25.822 25.722 25.672 25.629 25.582 25.487 25.414 25.399 25.387 25.369 25.524 25.389 25.242 25.167 25.092 25.094 25.077 25.077 25.034 25.057
28.42 28.365 27.519 26.687 26.774 26.777 26.807 26.792 26.837 26.857 26.799 26.822 26.877 26.834 26.897 26.854 26.744 26.794 26.877 26.934 27.047 27.089 26.942 27.082 26.949 26.752 26.649 26.622 26.592 26.579 26.564 26.609 26.602 26.484 26.419 26.404 26.249 26.199 26.154 26.082 26.089 26.067 26.107 26.112 26.214 26.057 26.012 25.937 26.004 25.894 25.819 25.819 25.832 25.832 25.779 25.689 25.599 25.559 25.572 25.399 25.289 25.279 25.184 25.289 25.212 25.129 25.112 25.097 25.007 24.959 24.917 24.917 24.934 24.919
28.345 28.335 27.249 26.672 26.802 26.892 26.992 26.832 26.877 26.774 26.722 26.697 26.867 26.779 26.844 26.764 26.669 26.707 26.772 26.819 26.869 26.802 26.884 26.869 26.819 26.769 26.664 26.517 26.534 26.544 26.559 26.504 26.527 26.394 26.324 26.257 26.159 26.154 26.092 26.062 26.067 26.079 26.092 26.032 25.974 25.967 25.937 25.867 25.937 25.877 25.804 25.787 25.739 25.739 25.727 25.582 25.539 25.524 25.439 25.347 25.217 25.179 25.069 25.184 25.072 25.042 24.969 24.972 24.954 24.844 24.787 24.777 24.789 24.757
28.187 28.42 27.404 26.652 26.742 26.819 26.817 26.762 26.794 26.897 26.784 26.844 26.814 26.737 26.824 26.689 26.677 26.747 26.777 26.787 26.869 26.882 26.887 26.797 26.819 26.814 26.727 26.499 26.507 26.492 26.562 26.512 26.404 26.329 26.272 26.177 26.082 26.032 26.039 26.017 26.054 26.062 26.059 25.982 25.879 25.887 25.867 25.824 25.822 25.782 25.704 25.657 25.632 25.584 25.562 25.579 25.442 25.377 25.319 25.162 25.117 25.072 25.039 24.992 24.952 24.929 24.869 24.857 24.862 24.809 24.692 24.662 24.617 24.599
28.152 28.365 27.344 26.639 26.704 26.874 26.799 26.834 26.899 26.927 26.874 26.884 26.834 26.822 26.847 26.722 26.724 26.684 26.767 26.799 26.732 26.709 26.752 26.682 26.712 26.824 26.667 26.469 26.487 26.584 26.679 26.394 26.309 26.244 26.192 26.107 26.034 26.002 25.987 25.982 26.027 26.029 26.017 25.964 25.914 25.807 25.777 25.734 25.697 25.657 25.609 25.524 25.512 25.494 25.487 25.514 25.394 25.262 25.212 25.087 24.989 24.952 24.912 24.869 24.849 24.819 24.759 24.777 24.792 24.719 24.624 24.479 24.484 24.459
28.26 28.192 27.157 26.659 26.894 26.722 26.909 26.922 26.797 26.862 26.917 26.794 26.764 26.849 26.904 26.659 26.977 26.594 26.732 26.719 26.617 26.662 26.714 26.717 26.814 26.722 26.519 26.462 26.572 26.889 26.482 26.314 26.237 26.154 26.094 26.034 25.994 25.952 25.992 25.984 25.999 25.964 25.914 25.959 25.869 25.797 25.744 25.704 25.639 25.619 25.584 25.482 25.439 25.427 25.447 25.367 25.402 25.309 25.174 25.039 24.847 24.794 24.739 24.847 24.749 24.647 24.597 24.617 24.644 24.592 24.544 24.412 24.344 24.352
28.377 27.825 27.047 26.594 26.764 26.864 26.734 26.782 26.812 26.782 26.917 26.762 26.617 26.679 26.822 26.452 26.624 26.627 26.602 26.762 26.659 26.557 26.679 26.609 26.784 26.539 26.554 26.512 26.577 26.674 26.394 26.229 26.157 26.087 25.979 25.902 25.899 25.914 25.957 26.052 25.979 25.849 25.842 25.854 25.809 25.714 25.699 25.637 25.612 25.609 25.472 25.352 25.324 25.392 25.267 25.232 25.234 25.232 25.147 24.932 24.839 24.732 24.609 24.612 24.634 24.502 24.462 24.499 24.592 24.509 24.544 24.374 24.247 24.182
27.892 27.547 27.199 26.557 26.662 26.689 26.642 26.714 26.727 26.909 26.934 26.759 26.814 26.689 26.594 26.562 26.717 26.589 26.732 26.674 26.582 26.524 26.529 26.462 26.469 26.509 26.489 26.399 26.462 26.384 26.257 26.164 26.102 26.109 25.897 25.802 25.822 25.902 25.934 25.979 25.877 25.794 25.817 25.787 25.787 25.714 25.684 25.609 25.629 25.544 25.432 25.299 25.287 25.279 25.144 25.139 25.089 25.047 24.977 24.827 24.732 24.619 24.527 24.489 24.549 24.527 24.369 24.332 24.384 24.502 24.429 24.269 24.177 24.099
28.197 27.937 27.297 26.552 26.564 26.627 26.814 26.662 26.682 26.744 26.587 26.917 26.704 26.777 26.779 26.464 26.454 26.677 26.764 26.612 26.557 26.437 26.369 26.397 26.424 26.432 26.527 26.317 26.269 26.327 26.179 26.082 25.997 26.134 25.884 25.802 25.834 25.879 25.922 25.949 25.827 25.732 25.762 25.709 25.657 25.664 25.559 25.519 25.409 25.404 25.339 25.302 25.202 25.079 25.122 25.049 24.894 24.869 24.812 24.727 24.659 24.564 24.529 24.462 24.419 24.459 24.294 24.267 24.219 24.259 24.222 24.129 24.044 23.972
28.247 28.08 27.412 26.602 26.552 26.577 26.732 26.677 26.637 26.614 26.504 26.727 26.612 26.594 26.682 26.534 26.484 26.567 26.557 26.404 26.329 26.617 26.447 26.452 26.357 26.484 26.422 26.354 26.164 26.177 26.092 25.999 25.952 25.877 25.817 25.767 25.779 25.807 25.854 25.934 25.824 25.737 25.669 25.674 25.514 25.489 25.379 25.382 25.332 25.304 25.234 25.084 25.024 24.992 24.994 24.877 24.797 24.729 24.672 24.607 24.509 24.459 24.394 24.329 24.352 24.302 24.302 24.264 24.117 24.079 24.119 24.034 23.944 23.904
28.09 27.967 27.419 26.582 26.479 26.644 26.567 26.512 26.532 26.499 26.437 26.402 26.529 26.627 26.724 26.454 26.447 26.539 26.542 26.447 26.352 26.462 26.469 26.259 26.314 26.344 26.332 26.194 26.112 26.037 25.989 25.909 25.857 25.769 25.727 25.737 25.762 25.719 25.769 25.742 25.762 25.689 25.567 25.584 25.409 25.409 25.417 25.374 25.267 25.272 25.137 24.924 24.894 24.869 24.839 24.794 24.707 24.599 24.534 24.474 24.394 24.362 24.337 24.217 24.149 24.162 24.104 24.039 24.029 23.937 23.954 23.887 23.817 23.867
27.845 27.582 27.377 26.534 26.427 26.629 26.724 26.597 26.577 26.532 26.382 26.392 26.554 26.494 26.559 26.372 26.387 26.542 26.569 26.429 26.367 26.389 26.327 26.239 26.162 26.172 26.172 26.164 26.039 25.994 25.887 25.829 25.777 25.734 25.707 25.714 25.724 25.672 25.737 25.667 25.587 25.562 25.539 25.492 25.352 25.357 25.479 25.159 25.099 25.114 24.969 24.864 24.902 24.874 24.689 24.654 24.572 24.477 24.464 24.382 24.237 24.239 24.244 24.132 24.234 24.099 24.029 23.999 23.924 23.844 23.879 23.792 23.767 23.704
27.527 27.245 27.072 26.459 26.374 26.524 26.582 26.607 26.602 26.569 26.374 26.424 26.509 26.444 26.352 26.197 26.252 26.424 26.404 26.429 26.392 26.267 26.319 26.169 26.104 26.192 26.099 26.067 25.964 25.902 25.847 25.749 25.697 25.657 25.649 25.652 25.657 25.624 25.642 25.584 25.539 25.444 25.429 25.414 25.297 25.299 25.302 25.079 25.054 24.997 24.829 24.772 24.827 24.687 24.569 24.489 24.449 24.397 24.412 24.224 24.122 24.157 24.109 24.142 24.099 23.962 23.862 24.002 23.959 23.812 23.899 23.814 23.669 23.519
27.285 27.522 27.109 26.397 26.427 26.384 26.502 26.594 26.614 26.544 26.304 26.412 26.594 26.467 26.252 26.224 26.392 26.414 26.377 26.399 26.252 26.289 26.209 26.182 26.092 26.149 26.214 25.977 25.919 25.897 25.749 25.739 25.649 25.607 25.604 25.612 25.579 25.549 25.544 25.494 25.489 25.367 25.327 25.257 25.287 25.144 25.234 25.029 24.904 24.977 24.777 24.642 24.627 24.617 24.452 24.377 24.339 24.284 24.222 24.072 24.087 24.029 23.942 23.932 23.927 23.814 23.714 23.854 23.879 23.749 23.944 23.854 23.692 23.464
27.205 27.457 27.314 26.414 26.429 26.374 26.347 26.422 26.539 26.459 26.292 26.277 26.334 26.322 26.272 26.197 26.319 26.292 26.252 26.264 26.219 26.239 26.212 26.072 26.107 26.052 26.114 25.982 25.849 25.794 25.714 25.639 25.594 25.577 25.539 25.554 25.524 25.482 25.454 25.424 25.397 25.372 25.269 25.139 25.089 25.017 24.994 24.937 24.789 24.729 24.647 24.502 24.524 24.492 24.362 24.279 24.229 24.179 24.147 23.977 23.887 23.934 23.882 23.824 23.754 23.684 23.687 23.719 23.682 23.749 23.734 23.589 23.572 23.444
27.042 27.492 27.364 26.419 26.439 26.424 26.272 26.324 26.344 26.292 26.329 26.304 26.222 26.204 26.162 26.032 26.174 26.269 26.212 26.247 26.264 26.174 26.094 26.059 25.997 25.902 26.017 25.944 25.747 25.694 25.639 25.579 25.547 25.502 25.482 25.467 25.447 25.402 25.377 25.317 25.382 25.309 25.224 25.072 25.012 24.927 24.879 24.877 24.702 24.587 24.554 24.474 24.352 24.309 24.287 24.179 24.107 24.137 23.972 23.872 23.789 23.747 23.767 23.679 23.684 23.644 23.562 23.604 23.539 23.602 23.772 23.492 23.519 23.404
27.202 27.572 27.324 26.409 26.319 26.342 26.272 26.199 26.294 26.279 26.349 26.314 26.142 26.122 26.167 26.049 26.144 26.184 26.209 26.192 26.167 26.054 25.984 25.999 25.939 25.952 25.854 25.772 25.704 25.607 25.567 25.524 25.507 25.474 25.449 25.419 25.382 25.327 25.289 25.282 25.297 25.159 25.107 25.029 24.889 24.884 24.827 24.784 24.624 24.504 24.459 24.359 24.259 24.209 24.179 24.097 24.024 23.982 23.909 23.767 23.672 23.609 23.602 23.589 23.642 23.624 23.524 23.557 23.437 23.514 23.434 23.399 23.414 23.284
26.967 27.315 27.117 26.327 26.332 26.274 26.222 26.204 26.139 26.239 26.354 26.314 26.142 26.097 26.104 26.192 26.294 26.187 26.162 26.154 26.174 26.042 26.012 25.927 25.872 25.904 25.877 25.724 25.632 25.552 25.542 25.432 25.419 25.399 25.369 25.364 25.362 25.287 25.187 25.142 25.134 25.092 25.084 24.994 24.797 24.742 24.672 24.587 24.489 24.404 24.322 24.217 24.162 24.094 23.977 23.997 23.919 23.887 23.819 23.682 23.627 23.552 23.492 23.457 23.437 23.467 23.384 23.424 23.447 23.449 23.314 23.234 23.249 23.177
27.475 27.352 27.087 26.274 26.409 26.277 26.204 26.214 26.129 26.122 26.249 26.197 26.094 26.054 26.152 26.174 26.177 26.117 25.987 26.122 26.134 26.304 26.132 25.909 25.872 25.879 26.044 25.864 25.569 25.494 25.414 25.394 25.349 25.367 25.317 25.299 25.279 25.232 25.127 25.092 25.029 25.107 25.087 24.962 24.719 24.617 24.527 24.499 24.399 24.337 24.209 24.117 24.097 24.002 23.957 23.902 23.892 23.749 23.747 23.639 23.587 23.559 23.472 23.394 23.377 23.379 23.267 23.289 23.364 23.329 23.162 23.149 23.167 23.139
27.075 27.2 27.197 26.279 26.222 26.182 26.144 26.219 26.142 26.144 26.059 26.049 26.087 26.152 26.082 26.019 26.024 26.144 25.959 25.867 26.059 26.024 25.854 25.809 25.937 25.832 25.984 25.747 25.502 25.434 25.379 25.349 25.309 25.307 25.237 25.269 25.252 25.129 25.059 25.019 24.952 24.964 24.929 24.767 24.622 24.547 24.414 24.389 24.392 24.312 24.167 24.059 23.937 23.924 23.849 23.814 23.772 23.692 23.599 23.472 23.484 23.457 23.419 23.402 23.369 23.349 23.282 23.332 23.237 23.279 23.182 23.102 23.112 23.077
