All_lidar/sz6088_DSM_2M.asc
ncols 500
nrows 500
xllcorner    460000
yllcorner    88000
cellsize     2
NODATA_value -9999
[rows 198 to 230 of 500, columns 370 to 443 of 500]
17.222 16.239 16.217 17.919 18.804 16.087 9.929 11.309 4.762 12.877 6.729 8.747 3.684 3.629 3.562 3.617 3.719 3.502 6.752 5.514 10.082 13.347 12.819 3.809 5.637 4.367 3.537 6.142 7.184 3.677 2.974 3.604 3.164 2.766 3.676 4.151 4.264 3.264 2.629 2.596 2.714 2.796 2.889 3.631 3.536 3.214 2.679 2.651 2.619 3.554 5.189 5.691 2.696 2.809 3.169 2.811 2.964 3.599 4.134 3.124 2.584 4.021 4.181 3.344 2.484 2.426 2.269 2.656 2.614 2.356 2.341 2.506 2.651 2.911
17.449 19.572 12.924 11.859 19.684 16.094 20.189 17.779 18.079 14.169 11.819 6.809 3.792 6.294 5.779 4.409 3.467 3.429 3.447 3.467 8.222 10.902 11.272 6.209 4.584 3.322 3.314 3.237 3.212 3.439 3.246 3.389 3.009 3.106 3.269 4.766 3.634 3.944 2.774 2.936 2.751 3.396 2.941 2.639 2.994 2.826 2.654 2.656 2.696 2.989 3.121 3.561 2.724 2.961 2.826 2.629 3.581 3.484 2.691 2.624 2.571 5.169 4.226 4.276 3.929 2.451 2.481 2.281 2.289 2.494 2.446 3.081 2.646 2.486
14.129 16.989 4.887 5.042 12.294 16.054 16.377 12.277 18.984 15.842 6.152 18.714 16.392 12.999 18.139 13.089 6.359 3.544 3.467 3.442 5.384 3.677 3.299 3.257 3.217 3.269 3.309 3.162 3.172 3.524 3.311 3.639 3.294 3.749 3.276 2.989 3.424 3.346 3.154 3.589 4.106 4.821 3.346 2.826 3.174 2.834 3.149 3.009 2.509 2.874 2.669 2.909 7.364 7.549 3.876 2.546 5.416 5.726 2.609 2.494 2.711 6.456 3.549 3.634 2.569 2.821 3.304 2.884 2.254 2.371 2.381 2.829 2.736 2.586
11.127 6.049 3.637 5.017 10.829 21.202 14.352 13.564 15.954 11.964 15.127 16.502 13.389 14.794 22.982 21.189 9.854 3.539 3.439 3.404 3.412 3.347 3.272 3.212 3.172 3.187 3.124 3.149 3.619 3.177 3.079 3.106 4.301 4.041 5.024 3.036 5.969 13.486 9.426 4.626 3.409 4.334 4.961 2.944 2.929 3.481 3.061 2.836 2.776 3.566 3.011 6.496 11.954 11.286 9.646 3.701 4.094 4.339 3.076 2.894 6.539 6.684 7.349 4.661 2.256 2.426 3.204 2.821 2.496 2.371 2.291 2.664 2.881 2.544
4.562 4.224 3.432 6.014 12.119 12.669 17.424 12.994 15.269 12.959 20.129 13.242 19.697 20.099 19.819 20.567 4.874 3.534 3.509 3.487 3.282 3.227 3.199 3.227 3.254 3.192 3.147 3.092 3.584 3.042 3.049 3.034 3.024 3.024 3.166 2.974 10.026 13.944 13.399 5.984 3.141 10.176 6.876 4.209 3.139 6.186 3.906 3.226 2.699 2.939 2.999 8.824 10.781 9.634 6.501 2.786 2.401 4.081 3.716 3.076 5.796 5.734 7.496 4.871 2.374 2.256 2.844 2.486 2.319 2.319 2.646 2.611 2.424 2.324
7.667 3.429 4.282 3.884 8.814 10.952 15.644 16.419 14.117 10.782 21.652 15.177 19.734 14.232 16.372 17.319 5.647 3.849 3.427 3.367 3.314 3.357 3.277 4.182 4.942 3.167 3.087 6.237 3.102 3.049 3.019 2.946 2.921 3.141 3.319 2.906 11.721 8.761 9.734 6.311 3.106 10.649 4.214 5.451 4.496 10.579 11.034 8.939 3.119 2.739 3.324 9.909 9.294 5.899 4.726 3.441 2.436 3.039 2.826 3.389 4.539 2.804 2.679 2.594 2.391 2.571 2.634 2.321 2.309 2.571 3.021 2.739 2.491 3.056
10.679 3.304 3.892 3.634 3.214 3.364 6.157 7.794 9.337 8.884 12.119 14.347 13.522 6.979 18.099 10.384 8.992 5.822 3.359 3.342 3.299 3.432 8.309 14.032 11.074 7.502 3.124 12.379 3.419 3.344 2.989 5.624 3.059 2.869 2.821 2.776 3.944 8.824 6.496 3.706 2.656 5.321 3.019 3.504 6.639 11.699 14.249 13.601 5.091 3.116 3.711 4.646 3.684 4.566 4.014 2.764 2.379 2.939 2.609 3.489 2.836 3.079 3.004 2.546 2.741 2.599 2.286 2.291 2.311 2.514 3.154 2.636 2.569 3.781
3.784 3.482 3.289 3.717 4.007 3.574 3.392 6.042 4.379 3.572 4.387 5.582 5.494 3.437 11.262 4.662 3.399 3.542 3.177 3.144 3.272 3.342 9.814 10.402 5.084 9.354 3.054 10.539 4.969 5.987 3.284 3.949 2.909 2.856 2.809 2.764 2.741 6.834 7.536 2.659 2.669 2.646 2.699 2.789 6.621 5.309 5.951 4.126 3.219 3.441 3.344 3.041 2.976 3.269 2.756 2.404 2.399 2.796 3.334 3.644 2.919 3.684 3.846 3.344 2.604 2.331 2.266 2.271 2.219 2.666 3.271 3.316 2.736 3.274
7.154 9.197 3.384 6.897 14.184 16.669 3.682 3.339 3.617 3.827 4.304 3.937 3.494 3.257 4.654 4.189 3.264 4.442 4.047 4.682 3.002 4.039 7.922 6.057 3.317 10.882 3.017 4.072 13.377 8.259 6.594 3.039 3.369 2.901 2.881 2.739 2.716 2.674 2.621 2.639 2.609 2.646 2.654 2.626 2.619 2.621 2.616 2.644 2.666 2.784 2.651 2.589 2.596 2.524 2.401 2.339 2.439 2.846 2.601 2.666 3.354 3.409 3.064 2.491 2.314 2.279 2.266 2.449 2.826 2.409 2.819 3.221 2.761 4.479
11.432 13.044 10.604 11.032 14.849 6.072 3.599 5.599 6.357 6.219 4.232 4.097 3.337 3.387 4.087 3.164 3.157 3.204 6.382 11.397 3.987 2.952 4.234 3.339 3.074 8.052 2.917 8.827 14.504 4.417 2.969 3.091 3.456 3.224 3.121 2.884 3.179 2.694 2.606 3.746 3.441 2.764 11.174 6.221 2.616 2.639 2.624 2.619 2.626 2.576 2.571 2.509 2.454 2.409 2.366 2.391 2.389 2.344 2.346 2.339 2.394 2.331 2.264 2.254 2.289 3.004 5.954 3.934 3.556 2.721 2.461 2.419 2.259 3.564
5.704 9.394 13.657 11.322 10.704 3.994 4.887 7.794 12.317 5.109 6.974 7.692 10.564 3.957 3.387 3.117 3.274 3.122 6.227 10.547 3.172 2.879 2.947 3.062 3.014 3.087 4.159 9.474 12.352 4.237 4.774 5.656 3.091 3.169 3.099 4.829 9.229 3.636 2.764 6.311 6.251 2.729 12.566 5.034 2.614 2.596 2.646 3.091 2.674 2.766 2.951 2.571 2.524 2.471 2.511 2.439 2.434 2.566 2.361 2.341 2.346 2.324 2.389 2.459 2.611 4.624 7.821 5.031 2.644 2.604 3.474 5.871 3.711 4.524
4.112 3.539 4.972 7.084 11.112 9.844 7.662 6.412 11.024 4.294 4.934 8.654 7.662 3.177 5.447 3.844 3.642 5.822 8.304 8.454 3.024 2.927 2.924 3.032 2.942 3.399 5.502 7.029 3.759 2.854 4.624 7.426 5.801 3.226 2.999 6.404 7.846 3.156 3.231 3.674 3.149 2.899 6.001 4.761 2.806 3.086 4.264 8.584 2.871 4.576 6.311 3.046 2.911 2.869 2.949 3.194 2.706 3.186 2.771 2.731 2.764 2.744 2.791 2.856 3.316 3.291 2.856 2.709 2.384 3.979 6.879 7.834 5.781 9.926
3.402 5.867 6.957 6.364 7.834 3.574 11.757 4.624 3.672 3.672 3.927 3.472 3.229 4.237 3.009 3.564 3.337 4.234 4.234 4.192 2.949 3.009 2.954 2.932 4.702 5.604 4.667 3.197 3.094 3.262 4.836 6.171 4.356 3.319 4.744 11.791 3.554 2.936 3.049 3.371 2.864 2.924 3.581 2.926 3.069 3.199 3.066 6.936 2.566 2.954 3.801 4.116 3.114 2.841 2.966 2.936 2.596 2.659 2.786 2.691 2.869 3.149 3.396 3.216 2.864 2.524 2.374 3.186 5.179 8.459 8.514 7.094 6.511 3.649
6.884 13.529 15.564 7.622 7.064 6.609 4.664 5.224 4.282 3.884 3.792 3.729 4.679 6.807 3.182 4.732 3.902 6.177 3.654 3.052 3.637 3.069 3.017 3.384 4.399 4.794 4.442 3.779 4.607 3.472 3.091 3.194 2.996 2.951 3.149 4.764 2.796 6.914 6.776 4.306 3.034 2.971 2.874 5.504 3.284 3.981 2.514 2.509 2.544 2.629 2.986 3.284 2.671 2.761 2.776 2.684 2.706 2.641 2.629 2.746 2.966 3.314 4.206 3.129 2.681 2.761 2.566 2.606 3.626 3.939 4.821 5.426 5.761 4.259
13.009 14.054 8.634 9.687 16.579 6.744 4.484 4.662 6.704 7.902 3.827 3.449 6.509 4.334 4.392 5.312 6.622 3.717 4.014 3.312 5.794 3.347 3.062 3.202 3.472 4.867 3.962 4.082 4.637 3.199 2.939 2.859 2.859 2.889 3.421 3.566 3.009 3.154 3.181 2.876 3.006 3.696 6.001 9.731 10.004 2.864 2.646 2.634 2.794 3.961 2.734 2.791 2.771 2.796 2.914 2.709 2.644 2.426 2.791 3.101 3.271 3.461 3.984 2.799 2.769 4.566 2.621 2.586 2.649 2.794 2.851 3.246 2.596 3.711
16.264 6.987 5.199 5.312 8.372 4.917 4.539 5.517 13.924 5.649 3.757 4.267 4.062 4.197 5.332 4.574 4.397 4.447 3.502 3.287 3.144 3.034 3.097 3.114 3.409 4.044 3.897 3.632 4.294 3.394 3.316 3.054 3.074 3.056 4.884 5.641 3.006 2.806 2.746 2.784 3.021 3.334 5.036 5.679 4.126 2.941 2.799 2.791 3.214 2.854 3.274 2.571 2.609 2.884 3.416 2.956 2.434 2.474 2.874 2.826 2.959 3.121 2.839 2.504 2.529 2.641 3.459 2.901 2.799 2.536 3.626 5.214 5.079 4.876
6.792 4.629 4.069 4.304 4.159 4.577 4.554 11.639 13.409 5.744 6.792 8.529 3.484 3.759 5.869 5.029 4.879 4.114 3.019 3.444 3.072 3.059 3.112 2.999 3.279 3.677 3.274 3.642 3.039 3.144 2.944 3.756 2.956 2.904 4.106 4.191 2.956 2.784 2.759 3.164 2.999 3.706 4.746 4.616 3.446 3.051 2.756 2.441 2.541 2.716 2.686 2.654 2.659 3.016 3.496 2.726 2.629 2.574 2.619 2.761 2.659 8.374 4.569 2.549 2.516 2.509 2.601 3.416 5.206 3.589 3.266 4.586 3.229 4.409
4.669 4.127 3.797 4.442 4.277 4.552 4.457 12.559 8.052 4.934 5.027 6.352 3.154 5.569 5.364 4.592 3.732 4.214 3.039 2.972 3.094 3.524 3.472 2.989 2.997 3.089 3.344 3.937 3.062 2.909 2.949 2.919 2.836 2.844 2.866 2.846 2.824 3.191 3.301 3.034 2.886 3.079 4.461 3.259 2.809 3.359 3.554 3.006 2.839 2.689 2.684 2.671 3.044 4.071 3.034 2.819 2.596 2.571 2.601 2.546 2.499 8.546 8.286 3.199 3.831 2.504 2.501 3.786 9.876 10.501 5.294 2.681 3.141 4.616
3.552 3.437 3.839 4.522 4.652 4.774 5.109 6.787 7.369 4.204 3.417 3.504 3.212 3.367 3.262 3.379 3.419 3.589 3.242 3.282 3.384 3.562 3.394 3.352 3.227 3.107 3.127 3.564 4.054 3.052 3.061 3.124 3.011 2.904 3.454 3.279 3.294 3.369 3.541 3.324 3.329 2.686 2.939 3.004 2.851 3.116 2.981 2.776 2.681 2.716 2.791 3.501 3.486 2.666 2.631 2.741 2.746 2.471 3.861 3.149 2.524 4.306 6.921 3.886 6.751 2.549 2.564 3.949 14.644 16.419 10.484 4.064 3.056 4.599
3.207 3.389 3.449 4.077 4.387 4.647 5.614 9.239 8.689 4.469 4.682 3.897 3.332 3.347 3.252 4.092 3.489 3.589 3.427 3.494 3.369 3.539 3.307 3.162 3.272 3.197 3.192 3.269 4.234 3.634 3.156 3.064 2.956 2.924 3.066 3.259 2.911 2.716 2.569 2.624 3.139 2.809 2.816 3.234 2.964 2.779 2.766 2.596 2.721 2.989 4.236 3.891 2.719 2.696 2.591 5.324 3.979 2.541 4.241 3.354 3.021 4.499 7.951 6.171 2.741 2.894 4.064 11.249 16.331 12.884 5.764 3.546 3.096 5.044
3.299 3.269 4.179 3.492 3.397 3.832 4.377 6.062 7.057 7.024 4.354 3.402 3.254 2.979 4.769 3.789 2.834 2.829 2.927 3.399 2.907 2.904 3.774 3.439 3.009 2.974 3.372 3.207 2.967 2.899 2.874 2.764 2.629 2.581 2.599 2.594 2.624 2.719 2.761 3.369 3.236 2.791 2.714 2.604 2.559 2.749 2.674 2.561 3.009 3.609 4.039 2.801 2.914 2.884 2.831 3.334 2.659 3.451 3.019 2.834 4.409 3.119 4.019 6.004 2.806 3.979 3.714 11.496 9.804 3.729 5.969 3.096 3.109 4.784
5.232 4.599 4.669 3.752 3.462 3.984 3.879 7.522 6.754 5.752 2.902 3.539 3.652 3.264 4.532 3.009 3.054 3.077 2.999 3.867 3.584 4.259 3.862 3.037 2.899 3.159 4.484 3.054 2.922 3.569 3.139 2.759 2.924 2.914 3.176 2.964 2.821 3.709 3.546 5.006 5.584 4.714 3.584 4.649 3.046 3.281 3.869 2.611 3.084 3.386 3.876 3.204 4.676 5.579 3.534 4.224 3.189 3.869 4.721 3.341 2.891 3.926 3.441 3.216 2.949 3.584 3.851 6.594 7.179 4.609 6.716 4.641 2.516 2.556
4.464 4.252 4.564 3.957 3.487 4.844 7.919 10.774 3.744 3.232 3.194 4.329 4.082 4.652 3.527 3.184 3.134 3.292 3.332 3.397 4.037 4.537 3.559 3.004 3.264 3.672 3.182 2.912 2.809 3.052 3.241 3.509 5.401 3.026 4.406 2.974 4.169 4.046 3.419 3.364 5.056 4.661 4.239 3.709 4.706 6.026 2.764 2.914 2.856 3.229 4.759 4.016 10.651 8.761 4.169 5.896 5.259 2.919 4.291 3.509 3.974 4.051 3.719 5.254 3.201 2.946 4.026 4.366 5.356 5.266 5.376 4.961 2.751 2.514
3.657 3.544 4.299 3.774 3.329 3.277 8.104 9.657 3.122 4.062 3.919 4.524 4.159 4.017 4.504 5.292 4.582 3.777 3.817 4.254 4.072 3.759 3.139 3.104 3.082 3.602 3.429 3.012 2.909 3.674 3.834 4.059 3.944 2.896 2.819 2.956 3.481 4.446 4.636 5.029 4.749 3.981 5.539 3.381 10.486 7.714 5.181 3.921 2.991 5.211 6.756 3.641 7.541 4.151 5.271 3.109 3.086 3.001 3.269 3.316 3.229 3.336 3.489 4.719 3.594 2.994 4.976 5.009 3.091 3.444 5.624 4.669 2.854 2.604
4.247 4.284 6.042 3.399 3.889 3.269 6.904 3.917 3.459 5.357 5.082 3.777 4.504 4.157 5.517 4.499 4.179 4.114 3.924 3.694 3.517 3.399 3.769 3.527 2.964 5.329 3.079 3.194 3.064 3.114 3.406 3.109 3.281 3.284 3.699 3.151 3.101 3.029 3.021 4.774 3.636 3.719 3.026 3.081 4.799 3.141 4.164 3.476 3.074 7.594 7.514 3.159 3.091 3.879 4.326 5.041 4.409 3.096 3.176 4.199 3.514 3.181 3.616 3.394 3.659 3.869 6.814 5.709 7.319 5.829 5.736 3.924 2.774 2.726
9.749 9.289 9.059 10.017 8.187 3.742 4.882 5.857 7.347 4.022 5.047 3.967 3.577 3.662 3.809 4.954 5.774 3.142 3.152 3.102 3.134 3.247 5.217 3.334 3.474 3.607 3.352 3.292 3.182 3.309 3.321 3.281 3.279 3.416 4.451 3.499 3.206 3.081 3.824 3.784 3.309 3.311 3.254 5.289 5.076 4.376 3.194 6.391 4.714 9.944 9.279 4.451 8.259 4.426 5.611 13.674 10.996 4.061 3.226 4.134 4.391 4.676 7.746 13.456 5.814 4.459 5.076 5.319 7.646 6.679 5.736 3.031 2.879 2.866
15.454 12.872 20.139 16.687 16.497 3.979 4.042 11.857 10.352 4.902 13.904 9.729 6.782 3.707 6.434 13.527 13.417 5.414 7.504 9.449 3.604 5.187 11.559 10.744 4.679 3.467 7.444 6.287 9.797 7.194 4.009 6.109 10.584 10.491 5.189 3.376 3.464 4.009 7.944 7.289 3.329 7.091 6.856 3.549 3.501 5.491 4.506 15.231 8.144 8.756 6.226 6.261 14.176 3.879 5.496 12.341 14.761 8.381 7.416 10.799 9.846 13.734 16.621 18.136 7.861 3.314 3.911 3.496 5.009 5.234 4.104 2.974 3.001 2.996
16.494 21.497 23.027 14.532 19.617 5.769 5.204 16.687 7.982 5.497 17.394 15.114 15.009 5.977 3.482 12.529 9.329 16.662 16.587 13.124 4.727 7.057 7.274 16.892 5.769 7.249 17.474 10.019 5.892 4.459 7.936 16.774 11.971 13.669 10.401 10.371 8.981 9.329 13.854 13.384 5.731 14.624 9.489 3.609 11.374 8.629 8.421 13.131 6.886 3.591 3.619 3.729 7.374 3.589 3.676 9.746 14.339 9.171 12.551 13.946 14.954 15.484 11.949 8.994 4.484 3.839 4.336 7.466 5.946 4.874 3.046 3.099 3.106 3.489
21.522 20.804 19.607 22.529 19.089 15.602 6.824 14.977 6.877 10.129 17.644 12.209 8.227 3.927 6.859 12.957 7.834 20.719 18.437 5.984 4.979 4.689 5.077 9.527 7.177 7.947 11.737 16.157 11.874 6.997 13.096 18.794 12.141 15.386 14.079 6.369 9.056 11.516 11.711 7.149 4.596 14.759 7.016 9.451 14.284 16.694 13.754 7.229 8.736 3.451 3.539 3.906 4.541 4.381 3.666 4.001 4.459 5.106 5.639 9.229 10.071 7.356 5.886 3.901 3.484 3.229 6.891 5.701 5.236 5.224 3.491 3.204 3.194 3.349
20.982 21.849 20.422 21.137 17.699 12.172 4.602 7.684 8.017 5.222 7.629 4.467 3.929 3.779 6.709 8.394 11.202 12.104 5.062 4.617 3.804 3.794 4.152 4.682 7.212 5.552 8.569 13.924 8.219 8.562 11.964 7.921 6.081 5.579 4.969 4.191 3.941 5.876 7.481 4.299 4.829 4.384 3.756 3.931 5.429 8.791 8.271 4.309 7.239 4.606 3.901 3.494 3.646 3.656 3.521 3.464 3.459 3.386 3.274 3.234 3.211 3.534 4.071 3.424 3.319 4.731 5.984 4.329 6.094 5.759 3.684 3.351 3.306 3.374
16.479 17.407 12.912 10.847 9.134 4.142 5.439 5.074 5.487 4.579 4.294 4.722 8.329 7.052 7.674 5.607 6.879 5.527 4.009 4.214 4.739 4.509 7.994 7.882 6.309 6.047 6.437 7.609 4.617 6.039 7.636 3.871 8.274 8.009 8.206 8.234 8.009 7.821 8.814 7.934 8.341 8.306 7.821 7.936 8.481 8.299 8.556 7.906 7.644 8.549 5.379 3.879 3.821 3.786 3.814 3.781 3.706 3.596 3.489 4.121 3.986 3.446 3.536 3.361 3.741 6.344 4.924 5.159 6.151 4.894 3.444 3.361 3.399 3.719
8.842 9.477 9.359 5.712 6.389 5.049 6.027 5.414 7.144 6.177 5.982 7.204 5.959 6.372 8.719 6.542 6.022 6.137 6.709 5.232 4.694 4.657 6.109 7.192 6.692 6.754 6.212 5.977 6.392 6.812 6.281 3.856 8.176 8.806 8.844 8.846 8.876 8.854 8.906 8.874 8.864 8.906 8.886 8.896 8.906 8.926 8.936 8.909 8.771 8.951 6.129 3.859 3.819 3.791 3.829 3.789 3.724 3.614 3.496 4.831 4.879 3.396 3.369 3.391 6.181 6.466 5.269 4.774 5.814 4.174 3.484 3.446 3.486 5.379
6.649 6.739 7.114 5.694 8.544 7.467 7.097 6.587 5.902 5.724 5.994 5.992 7.759 6.337 6.282 6.204 5.814 6.704 7.019 5.767 4.742 5.327 5.947 5.824 6.187 6.234 5.807 5.149 5.567 5.892 5.809 4.006 7.469 8.961 8.991 8.954 8.979 8.959 8.984 8.954 8.974 8.931 8.931 8.961 8.854 8.919 8.919 8.904 8.814 8.879 6.966 3.851 3.831 3.814 3.786 3.766 3.706 3.586 3.654 5.369 4.081 3.471 4.021 3.494 5.079 5.564 3.809 3.351 3.491 3.676 3.446 3.499 3.519 3.754
