All_lidar/sz6085_DSM_2M.asc
ncols 500
nrows 500
xllcorner    460000
yllcorner    85000
cellsize     2
NODATA_value -9999
[rows 102 to 135 of 500, columns 0 to 76 of 500]
8.549 8.501 8.464 8.406 8.379 8.344 8.291 8.239 8.129 8.101 8.071 8.044 7.996 7.941 7.904 7.846 7.809 7.746 7.744 7.674 7.624 7.581 7.509 7.469 7.404 7.351 7.321 7.296 7.259 7.239 7.184 7.166 7.124 7.066 7.026 6.984 6.929 6.894 6.876 6.871 6.836 6.801 6.751 6.741 6.679 6.631 6.594 6.564 6.529 6.436 6.401 6.356 6.324 6.261 6.204 6.199 6.201 6.136 6.136 6.134 6.104 6.491 7.555 7.611 7.57 6.84 6.256 5.751 5.691 5.634 5.601 5.642 5.577 7.94 9.12 8.31 7.425
8.421 8.381 8.331 8.286 8.246 8.231 8.186 8.121 8.029 7.966 7.926 7.911 7.859 7.826 7.759 7.714 7.669 7.641 7.599 7.549 7.479 7.426 7.379 7.341 7.266 7.191 7.186 7.154 7.096 7.079 7.046 7.029 6.991 6.924 6.879 6.824 6.789 6.771 6.761 6.689 6.651 6.634 6.591 6.566 6.509 6.479 6.444 6.426 6.386 6.316 6.269 6.246 6.214 6.141 6.084 6.071 6.101 6.044 6.037 6.003 6.107 7.332 8.051 8.828 7.957 6.828 7.15 5.647 5.607 5.524 5.717 6.259 6.429 8.82 10.09 9.965 9.427
8.296 8.276 8.221 8.184 8.139 8.121 8.079 7.996 7.904 7.849 7.804 7.766 7.734 7.681 7.651 7.571 7.539 7.494 7.466 7.419 7.341 7.289 7.259 7.196 7.119 7.054 7.044 7.011 6.971 6.971 6.906 6.876 6.826 6.784 6.734 6.686 6.654 6.606 6.601 6.544 6.529 6.479 6.461 6.429 6.374 6.351 6.289 6.281 6.231 6.161 6.111 6.099 6.074 6.001 5.951 5.946 5.949 5.924 5.906 5.878 6.77 6.44 7.029 9.154 7.989 7.801 6.509 5.535 5.494 5.436 5.745 6.13 7.734 9.426 10.254 10.589 9.807
8.179 8.151 8.106 8.064 8.011 7.996 7.959 7.889 7.801 7.721 7.691 7.634 7.584 7.546 7.496 7.416 7.401 7.361 7.321 7.259 7.194 7.164 7.131 7.036 6.976 6.921 6.889 6.861 6.824 6.789 6.769 6.726 6.691 6.619 6.556 6.529 6.479 6.436 6.426 6.396 6.366 6.336 6.321 6.269 6.216 6.159 6.154 6.139 6.074 5.999 5.974 5.954 5.896 5.829 5.819 5.819 5.814 5.811 5.779 6.044 7.729 6.639 6.529 10.289 10.082 7.595 7.519 5.502 5.364 5.419 5.567 5.964 8.504 9.381 9.061 9.559 9.227
8.034 8.034 7.996 7.919 7.881 7.864 7.824 7.759 7.659 7.584 7.536 7.519 7.461 7.429 7.379 7.289 7.261 7.241 7.199 7.109 7.039 6.994 6.969 6.906 6.839 6.779 6.749 6.726 6.684 6.664 6.639 6.579 6.529 6.461 6.416 6.366 6.319 6.274 6.266 6.234 6.166 6.156 6.149 6.114 6.069 6.014 5.996 5.994 5.941 5.879 5.844 5.819 5.774 5.709 5.666 5.631 5.654 5.681 5.676 7.204 7.627 6.526 6.104 6.923 6.086 6.274 6.687 6.053 5.659 6.158 7.005 6.754 8.862 8.814 6.205 7.246 7.651
7.909 7.869 7.851 7.779 7.751 7.726 7.679 7.589 7.509 7.441 7.411 7.371 7.331 7.296 7.254 7.169 7.146 7.106 7.056 6.999 6.911 6.859 6.834 6.774 6.684 6.649 6.621 6.586 6.541 6.514 6.451 6.431 6.394 6.316 6.266 6.199 6.174 6.129 6.106 6.074 6.009 5.986 5.961 5.966 5.919 5.869 5.844 5.851 5.786 5.746 5.719 5.679 5.639 5.566 5.506 5.474 5.531 5.556 6.166 7.879 6.614 6.048 5.705 5.576 5.442 5.239 5.125 5.235 5.378 5.899 7.076 7.876 7.339 7.312 5.05 4.916 4.851
7.779 7.721 7.686 7.621 7.616 7.586 7.539 7.449 7.386 7.309 7.289 7.249 7.204 7.166 7.116 7.046 7.006 6.991 6.929 6.871 6.794 6.754 6.716 6.649 6.566 6.514 6.469 6.444 6.384 6.359 6.316 6.284 6.244 6.166 6.111 6.046 6.026 5.964 5.964 5.921 5.869 5.861 5.844 5.809 5.746 5.704 5.694 5.694 5.661 5.586 5.586 5.564 5.524 5.429 5.391 5.374 5.411 5.569 6.444 5.901 6.991 6.986 5.876 5.625 6.113 5.238 5.155 4.984 4.892 4.686 6.239 9.361 8.166 7.716 6.743 5.752 5.345
7.634 7.571 7.559 7.511 7.461 7.446 7.396 7.321 7.231 7.191 7.181 7.111 7.064 7.044 6.984 6.914 6.884 6.851 6.791 6.764 6.651 6.624 6.556 6.506 6.414 6.394 6.361 6.304 6.259 6.216 6.176 6.144 6.064 5.999 5.934 5.899 5.874 5.841 5.826 5.794 5.751 5.714 5.716 5.684 5.619 5.594 5.574 5.561 5.496 5.451 5.439 5.441 5.399 5.314 5.291 5.276 5.326 5.814 6.016 6.654 5.674 5.459 6.359 7.609 6.936 6.005 5.332 5.24 5.153 4.852 7.713 10.855 10.961 10.17 8.664 6.902 5.884
7.494 7.456 7.424 7.386 7.349 7.341 7.291 7.204 7.144 7.076 7.051 7.024 6.984 6.949 6.886 6.819 6.786 6.736 6.666 6.616 6.526 6.499 6.446 6.376 6.296 6.264 6.229 6.186 6.141 6.116 6.051 5.999 5.956 5.896 5.834 5.761 5.741 5.734 5.664 5.641 5.586 5.574 5.586 5.531 5.486 5.461 5.441 5.411 5.379 5.334 5.311 5.311 5.274 5.194 5.196 5.191 5.291 5.969 6.011 6.559 5.644 4.661 4.414 5.094 5.556 6.854 7.29 7.319 6.809 5.447 8.902 11.594 11.922 11.63 10.705 8.724 4.886
7.374 7.346 7.324 7.271 7.236 7.224 7.174 7.091 7.016 6.966 6.924 6.916 6.854 6.839 6.774 6.704 6.674 6.636 6.571 6.501 6.429 6.396 6.341 6.261 6.189 6.156 6.111 6.064 5.989 5.974 5.959 5.896 5.831 5.761 5.726 5.649 5.621 5.581 5.554 5.526 5.484 5.444 5.441 5.379 5.356 5.311 5.309 5.291 5.254 5.191 5.186 5.181 5.114 5.064 5.064 5.076 5.629 5.446 5.194 5.874 4.464 3.801 3.841 3.871 3.984 4.054 4.576 5.482 5.818 6.612 10.512 11.654 11.073 10.886 9.806 6.357 4.601
7.261 7.244 7.206 7.179 7.136 7.099 7.066 6.959 6.899 6.854 6.819 6.786 6.749 6.704 6.666 6.601 6.551 6.514 6.466 6.389 6.326 6.289 6.239 6.136 6.071 6.041 5.991 5.944 5.886 5.854 5.826 5.774 5.714 5.629 5.604 5.551 5.504 5.496 5.454 5.396 5.341 5.296 5.279 5.251 5.186 5.154 5.151 5.134 5.116 5.069 5.066 5.076 5.019 4.961 4.936 5.169 4.811 4.079 5.139 4.859 3.709 3.811 3.841 3.811 3.779 3.716 3.751 3.851 3.894 4.844 6.619 10.359 8.959 6.149 5.874 4.321 4.411
7.136 7.114 7.086 7.041 7.009 6.991 6.959 6.859 6.796 6.746 6.716 6.686 6.639 6.609 6.541 6.469 6.439 6.399 6.349 6.291 6.214 6.196 6.136 6.041 5.974 5.924 5.909 5.844 5.794 5.769 5.709 5.644 5.586 5.531 5.464 5.416 5.386 5.349 5.294 5.249 5.199 5.129 5.114 5.076 5.044 5.041 5.006 4.941 4.954 5.009 5.006 5.021 5.029 5.064 4.844 4.861 5.199 3.866 3.829 3.754 3.799 3.776 3.796 3.786 4.669 6.489 3.836 3.886 3.944 4.004 4.049 4.056 4.074 4.029 3.999 3.814 4.126
7.026 7.006 6.986 6.919 6.896 6.881 6.834 6.761 6.676 6.634 6.601 6.551 6.519 6.504 6.446 6.374 6.324 6.271 6.254 6.184 6.109 6.079 6.024 5.926 5.854 5.804 5.766 5.709 5.671 5.651 5.596 5.541 5.476 5.384 5.319 5.274 5.209 5.191 5.171 5.129 5.079 5.041 5.034 5.004 5.001 4.996 5.096 5.034 5.134 5.271 5.419 5.411 5.226 5.811 4.856 4.666 5.209 4.251 3.791 3.801 3.851 3.841 3.784 5.151 8.474 9.894 6.544 3.896 4.009 4.066 4.074 4.036 3.991 3.944 3.996 4.116 4.086
6.924 6.886 6.846 6.804 6.766 6.769 6.726 6.619 6.551 6.509 6.491 6.431 6.404 6.386 6.314 6.244 6.231 6.189 6.136 6.074 6.009 5.969 5.906 5.799 5.706 5.669 5.641 5.591 5.574 5.539 5.476 5.421 5.349 5.251 5.199 5.156 5.094 5.096 5.054 5.021 5.019 5.044 5.139 5.294 5.589 6.266 5.701 5.904 4.866 5.001 4.889 4.839 4.794 5.291 5.054 4.514 4.764 4.626 3.784 3.816 3.834 4.019 4.706 8.524 9.561 10.444 9.826 5.461 3.929 4.064 4.051 4.021 3.974 3.921 3.901 3.856 3.974
6.796 6.764 6.721 6.694 6.654 6.639 6.586 6.489 6.411 6.366 6.364 6.286 6.269 6.246 6.184 6.119 6.104 6.061 6.009 5.954 5.886 5.846 5.771 5.676 5.579 5.554 5.496 5.476 5.421 5.384 5.334 5.279 5.201 5.119 5.094 5.024 5.021 4.999 5.084 5.236 5.336 5.991 6.034 6.011 6.226 6.669 4.954 5.114 4.731 4.751 4.729 4.706 4.674 4.626 5.334 4.384 4.614 5.049 4.039 4.691 3.814 5.294 8.509 9.736 10.409 9.411 8.274 4.874 3.706 3.651 3.619 3.584 3.651 3.769 3.826 3.846 3.226
6.669 6.639 6.596 6.554 6.531 6.491 6.456 6.354 6.306 6.264 6.244 6.189 6.139 6.134 6.051 5.981 5.961 5.916 5.881 5.814 5.749 5.706 5.621 5.544 5.436 5.389 5.344 5.331 5.286 5.259 5.194 5.131 5.079 5.024 4.976 4.979 5.049 6.489 6.316 5.134 5.016 5.704 5.359 5.286 5.396 4.721 4.624 4.661 4.681 4.664 4.614 4.596 4.531 4.454 5.079 4.334 4.319 4.571 5.576 7.026 6.224 9.369 9.784 10.431 9.541 8.311 4.666 3.734 3.736 3.751 3.789 3.714 3.376 3.081 3.314 3.454 2.726
6.541 6.509 6.474 6.416 6.404 6.366 6.334 6.261 6.186 6.149 6.146 6.066 6.009 5.989 5.911 5.876 5.811 5.774 5.741 5.671 5.601 5.521 5.471 5.376 5.296 5.246 5.241 5.201 5.159 5.134 5.074 5.036 4.996 5.011 4.996 5.036 5.031 7.919 7.081 4.909 4.831 5.459 4.821 4.899 4.494 4.416 4.439 4.549 4.579 4.579 4.576 4.514 4.446 4.416 4.839 4.416 4.224 4.321 6.419 7.114 7.174 9.194 10.481 9.246 8.286 4.366 3.726 3.744 3.759 3.771 3.786 3.766 3.729 3.349 2.924 2.666 2.626
6.424 6.386 6.354 6.316 6.301 6.286 6.231 6.144 6.111 6.049 6.009 5.934 5.876 5.874 5.794 5.749 5.686 5.641 5.601 5.526 5.436 5.371 5.321 5.246 5.176 5.121 5.084 5.059 5.066 5.069 5.101 5.421 5.509 5.906 5.066 4.831 4.819 5.264 5.934 4.699 4.599 5.576 4.526 4.499 4.409 4.501 4.631 4.611 4.516 4.534 4.496 4.434 4.369 4.334 4.364 4.571 4.149 4.229 5.676 7.111 7.176 7.809 9.214 7.581 4.294 3.726 3.716 3.749 3.744 3.751 3.754 3.731 3.729 3.641 3.009 2.601 2.596
6.314 6.284 6.249 6.221 6.181 6.144 6.109 6.011 5.964 5.926 5.876 5.801 5.751 5.749 5.654 5.591 5.539 5.501 5.454 5.416 5.326 5.284 5.224 5.131 5.016 4.971 5.004 5.054 5.501 5.731 6.321 6.544 6.846 6.814 5.606 5.106 4.756 4.931 4.911 4.676 4.444 4.736 4.461 4.421 4.361 4.421 4.604 5.149 4.416 4.419 4.414 4.349 4.326 4.309 4.236 4.686 4.079 4.096 4.621 6.534 7.656 7.734 4.949 4.291 3.691 3.731 3.711 3.709 3.734 3.736 3.709 3.694 3.614 3.441 2.624 2.569 2.581
6.196 6.179 6.134 6.099 6.051 6.026 5.979 5.869 5.841 5.771 5.731 5.669 5.616 5.579 5.501 5.439 5.391 5.364 5.329 5.274 5.209 5.156 5.091 4.949 4.909 5.194 5.531 6.141 6.536 6.141 5.701 5.161 6.069 5.679 5.219 5.334 4.639 5.061 5.239 6.176 4.281 4.356 5.066 4.364 4.351 4.271 4.296 5.194 4.334 4.344 4.326 4.279 4.231 4.241 4.164 4.396 4.106 3.966 4.066 4.671 7.069 4.876 4.359 4.374 3.636 3.634 3.701 3.694 3.696 3.694 3.681 3.659 3.571 2.734 2.521 2.456 2.501
6.076 6.041 5.994 5.946 5.921 5.889 5.819 5.751 5.684 5.634 5.601 5.536 5.481 5.471 5.384 5.334 5.296 5.231 5.181 5.124 5.071 5.021 4.939 4.771 4.849 5.596 4.926 5.426 5.061 5.411 5.434 4.724 5.734 6.229 5.501 4.599 4.421 4.721 5.189 6.474 4.366 4.169 5.804 4.259 4.296 4.191 4.171 5.221 4.479 4.214 4.171 4.199 4.161 4.159 4.099 4.251 4.524 3.894 3.899 4.634 3.851 4.081 4.554 3.901 3.589 3.539 3.644 3.671 3.671 3.694 3.659 3.576 3.264 2.466 2.471 2.484 2.461
5.944 5.911 5.866 5.806 5.804 5.789 5.721 5.621 5.561 5.499 5.454 5.404 5.366 5.329 5.284 5.204 5.174 5.111 5.071 5.016 4.971 4.934 4.759 4.631 4.859 6.639 5.019 5.049 4.876 5.356 6.049 4.629 4.976 4.561 4.416 4.741 4.314 4.304 5.679 7.706 6.296 4.139 5.139 4.386 4.201 4.284 4.869 4.951 4.796 5.444 4.264 4.109 4.074 4.006 3.804 3.539 4.636 3.816 3.814 4.386 3.929 3.706 3.849 3.604 3.504 3.479 3.659 3.671 3.669 3.694 3.651 3.444 2.576 2.441 2.426 2.439 2.371
5.804 5.759 5.731 5.684 5.674 5.644 5.559 5.446 5.384 5.354 5.316 5.246 5.226 5.194 5.109 5.064 5.036 5.009 4.971 4.906 4.871 4.831 4.751 4.601 4.639 5.606 4.781 5.249 4.916 5.171 4.894 4.524 4.446 4.341 4.356 4.559 4.561 4.224 4.821 5.641 4.766 4.114 4.634 4.976 4.961 4.499 4.434 4.399 5.721 5.371 4.846 3.691 3.621 3.536 5.164 4.869 3.989 3.971 3.741 4.006 4.396 3.751 3.564 3.479 3.414 3.336 3.616 3.711 3.679 3.669 3.624 3.051 2.431 2.406 2.396 2.371 2.339
5.659 5.646 5.596 5.529 5.519 5.511 5.434 5.319 5.254 5.231 5.194 5.129 5.101 5.049 4.961 4.946 4.916 4.896 4.861 4.801 4.764 4.689 4.661 4.574 4.539 6.009 5.624 4.834 4.859 4.961 4.451 4.361 4.266 4.301 4.301 4.309 4.256 4.121 4.101 4.571 4.074 3.954 3.961 5.069 4.174 4.159 3.936 3.971 4.534 4.404 5.454 4.269 3.584 3.931 5.391 5.961 4.221 3.849 3.694 3.656 4.794 3.981 3.734 3.489 3.526 3.221 3.379 3.791 3.696 3.651 3.594 2.679 2.381 2.331 2.316 2.289 2.246
5.514 5.516 5.471 5.419 5.396 5.369 5.299 5.194 5.164 5.116 5.066 5.004 4.959 4.916 4.846 4.806 4.764 4.761 4.691 4.654 4.611 4.569 4.514 4.476 4.419 5.036 8.419 4.761 4.521 4.371 4.721 4.919 4.449 4.199 4.224 4.204 4.294 4.046 3.986 5.281 4.971 3.869 3.851 4.801 4.264 3.944 3.904 4.031 5.066 5.211 5.166 5.421 5.461 6.399 6.934 7.244 5.581 3.874 3.644 3.564 4.131 4.224 3.771 3.761 3.789 3.636 3.214 3.064 3.719 3.591 3.216 2.359 2.339 2.331 2.299 2.219 2.206
5.364 5.339 5.311 5.271 5.264 5.251 5.184 5.064 5.016 4.971 4.924 4.879 4.851 4.811 4.749 4.696 4.666 4.634 4.584 4.519 4.481 4.466 4.389 4.349 4.294 4.876 6.381 4.444 4.581 4.251 5.346 4.494 4.531 4.071 4.104 4.139 4.391 4.014 3.841 4.811 5.214 3.819 3.784 4.164 5.256 4.094 3.861 4.719 5.526 5.514 4.604 5.854 7.089 7.966 8.449 8.019 6.501 4.279 3.576 3.454 3.491 4.524 3.801 3.739 3.729 3.756 3.904 2.794 2.586 2.554 2.324 2.301 2.306 2.286 2.246 2.224 2.131
5.246 5.224 5.191 5.146 5.136 5.106 5.061 4.934 4.871 4.861 4.816 4.754 4.726 4.661 4.601 4.564 4.551 4.539 4.501 4.424 4.379 4.344 4.286 4.219 4.189 4.154 4.851 4.409 4.621 4.176 4.206 4.799 4.206 4.399 4.291 4.069 4.119 3.851 3.751 3.921 3.871 3.814 3.704 3.789 5.006 4.224 4.514 6.231 5.556 5.641 4.471 5.629 6.754 7.959 7.729 7.866 6.986 5.299 3.674 3.404 3.326 3.609 4.449 3.731 3.681 3.666 3.591 3.551 2.614 2.261 2.276 2.281 2.244 2.216 2.184 2.234 2.109
5.139 5.101 5.079 5.034 5.001 4.984 4.919 4.809 4.754 4.716 4.694 4.619 4.599 4.569 4.524 4.474 4.446 4.414 4.374 4.296 4.266 4.234 4.169 4.106 4.081 4.049 4.421 4.791 4.706 4.461 4.081 4.724 4.569 3.934 3.986 4.491 4.616 3.901 3.719 3.669 3.789 4.134 3.684 4.109 5.911 5.174 4.216 6.054 4.949 4.726 4.674 5.641 6.191 6.616 6.334 7.354 7.489 5.924 3.954 3.334 3.256 3.221 4.064 4.371 3.629 3.584 3.514 3.526 3.129 2.246 2.256 2.244 2.206 2.214 2.219 2.271 2.036
5.019 4.984 4.959 4.921 4.886 4.864 4.786 4.691 4.639 4.609 4.554 4.509 4.504 4.471 4.394 4.349 4.314 4.271 4.251 4.166 4.166 4.151 4.074 3.999 3.959 3.949 4.054 4.734 5.624 3.954 4.024 4.184 4.034 3.964 3.989 4.299 4.641 5.019 3.644 3.636 4.744 4.186 3.641 3.626 4.464 5.081 3.854 4.339 3.994 4.326 4.239 5.446 5.734 5.046 5.099 6.889 7.991 6.404 4.484 3.271 3.224 3.176 3.106 3.844 3.991 3.566 3.479 3.464 2.489 2.206 2.244 2.214 2.191 2.144 2.416 3.096 2.036
4.891 4.856 4.814 4.781 4.769 4.729 4.646 4.554 4.519 4.494 4.429 4.394 4.396 4.334 4.281 4.266 4.226 4.191 4.169 4.091 4.054 4.034 3.979 3.889 3.861 3.846 3.874 4.621 4.371 3.956 4.196 4.306 4.176 3.881 3.729 3.814 3.676 3.946 3.714 3.656 4.444 4.346 3.599 3.769 4.421 5.586 5.831 6.629 4.946 4.134 4.071 4.514 3.909 3.361 3.519 6.359 6.811 6.261 4.784 3.746 3.119 3.104 3.041 2.991 4.139 3.806 3.481 3.336 2.226 2.234 2.234 2.154 2.119 2.251 2.794 2.871 2.064
4.774 4.714 4.651 4.654 4.629 4.601 4.501 4.431 4.376 4.349 4.339 4.289 4.279 4.254 4.176 4.151 4.106 4.091 4.051 3.996 3.951 3.911 3.869 3.779 3.759 3.774 3.759 4.426 4.704 3.834 3.754 4.041 6.006 4.269 4.371 3.944 3.616 3.861 4.271 4.266 3.551 3.729 4.429 6.061 6.364 6.901 8.621 9.541 9.329 5.544 3.709 3.841 3.334 3.336 3.291 4.201 4.504 3.776 3.496 4.016 2.966 2.934 2.919 2.866 2.834 4.316 3.506 2.359 2.239 2.211 2.176 2.159 2.124 2.744 3.376 4.121 2.959
4.631 4.589 4.531 4.521 4.504 4.461 4.401 4.314 4.266 4.244 4.226 4.179 4.171 4.144 4.064 4.019 3.999 3.964 3.931 3.884 3.851 3.836 3.779 3.719 3.681 3.711 3.701 3.856 4.991 4.414 4.796 4.091 4.531 3.729 4.821 4.744 3.806 3.841 5.014 5.941 5.611 4.951 4.831 8.411 10.564 11.224 10.771 11.501 11.281 7.526 4.219 3.811 3.329 3.229 3.221 3.364 3.974 3.104 3.076 4.181 2.896 2.806 2.754 2.666 2.596 2.864 2.594 2.204 2.239 2.191 2.129 2.111 2.219 3.266 2.906 3.166 2.894
4.501 4.474 4.414 4.381 4.389 4.331 4.274 4.191 4.164 4.146 4.119 4.086 4.061 4.016 3.966 3.914 3.866 3.876 3.836 3.804 3.769 3.746 3.709 3.631 3.621 3.639 3.646 3.644 5.771 6.074 3.931 3.716 3.704 4.169 3.954 3.981 5.679 5.054 5.189 6.899 8.191 9.111 6.389 11.129 11.766 11.714 12.284 11.471 11.151 8.951 4.139 3.511 3.479 3.184 3.166 3.126 3.144 3.004 2.934 3.766 3.086 2.644 2.924 3.331 3.181 2.344 2.154 2.154 2.134 2.126 2.116 2.119 2.479 3.009 2.374 1.929 2.066
4.396 4.351 4.291 4.271 4.246 4.191 4.134 4.081 4.064 4.029 3.979 3.969 3.974 3.944 3.871 3.834 3.804 3.804 3.776 3.721 3.691 3.661 3.639 3.576 3.549 3.589 3.604 3.996 6.464 7.304 4.241 3.734 3.636 4.031 3.694 3.901 7.884 8.866 9.311 9.954 10.486 10.969 7.551 9.581 11.376 10.969 10.591 10.094 9.569 7.951 3.629 3.121 3.426 3.066 3.306 3.031 2.944 2.839 2.814 2.866 3.504 3.691 3.961 3.221 2.656 2.271 2.179 2.126 2.124 2.069 2.044 2.259 2.789 2.829 2.526 2.109 1.954
