All_lidar/sz6089_DSM_2M.asc
ncols 500
nrows 500
xllcorner    460000
yllcorner    89000
cellsize     2
NODATA_value -9999
[rows 32 to 63 of 500, columns 360 to 431 of 500]
51.707 52.065 52.045 51.99 51.677 51.4 51.262 51.387 51.205 51.305 51.517 51.385 51.227 51.26 51.402 50.93 50.475 50.16 50.075 49.987 49.927 49.9 49.91 50.347 49.27 49.225 49.685 50.042 49.2 49.252 49.205 49.142 49.057 48.97 48.857 48.78 48.69 48.595 48.562 48.512 48.385 48.285 48.197 48.142 48.02 47.937 47.847 47.797 47.68 47.612 47.53 47.457 47.35 47.252 47.162 47.065 46.997 46.937 46.81 46.69 46.61 46.5 46.447 46.352 46.252 46.185 46.105 46.002 45.912 45.802 45.702 45.647
51.447 51.415 51.525 51.657 51.812 51.852 51.387 51.307 51.33 51.477 51.692 51.64 51.522 51.747 51.812 52.385 51.937 50.347 50.097 50.015 49.98 49.91 50.427 49.48 49.255 49.305 50 50.07 49.225 49.262 49.21 49.13 49.055 48.967 48.902 48.77 48.667 48.605 48.55 48.547 48.437 48.35 48.22 48.117 48 47.932 47.882 47.782 47.707 47.637 47.52 47.43 47.32 47.265 47.18 47.105 46.98 46.887 46.767 46.672 46.6 46.522 46.445 46.337 46.222 46.165 46.097 45.997 45.91 45.802 45.692 45.597
51.442 51.355 51.445 51.747 52.117 52.015 51.852 51.375 52.13 52.322 51.59 51.685 51.63 51.81 52.167 51.812 51.985 51.57 50.735 50.027 49.975 50.002 50.45 49.355 49.28 49.56 49.807 49.425 49.257 49.247 49.197 49.142 49.055 48.942 48.86 48.767 48.742 48.64 48.562 48.527 48.42 48.362 48.25 48.157 48.027 47.98 47.88 47.775 47.675 47.627 47.507 47.43 47.35 47.22 47.19 47.087 46.995 46.88 46.782 46.662 46.597 46.495 46.42 46.327 46.245 46.175 46.06 45.96 45.87 45.75 45.652 45.587
51.4 51.34 51.252 51.335 51.645 51.242 51.39 51.245 51.12 51.917 51.957 52.152 51.717 51.047 50.717 50.685 51.417 51.68 51.27 50.297 49.97 50.237 50.052 49.3 49.35 49.785 49.892 49.225 49.322 49.267 49.202 49.117 49.052 48.95 48.89 48.775 48.715 48.675 48.612 48.465 48.4 48.33 48.237 48.08 48.042 47.967 47.89 47.812 47.68 47.6 47.485 47.422 47.35 47.285 47.19 47.057 46.937 46.857 46.757 46.657 46.582 46.477 46.4 46.26 46.202 46.137 46.042 45.955 45.83 45.702 45.61 45.487
51.382 51.28 51.205 51.147 51.082 51.017 50.92 50.85 50.785 50.712 50.667 50.642 50.54 50.43 50.35 50.315 50.285 50.77 51.962 51.447 50.2 50.25 49.475 49.335 49.455 50.245 49.45 49.27 49.315 49.255 49.2 49.13 49.012 48.897 48.855 48.745 48.74 48.647 48.58 48.44 48.4 48.29 48.212 48.155 48.04 47.967 47.855 47.767 47.682 47.602 47.55 47.435 47.317 47.285 47.16 47.035 46.98 46.857 46.765 46.652 46.567 46.472 46.385 46.297 46.197 46.125 46.017 45.9 45.772 45.68 45.592 45.485
51.345 51.267 51.205 51.152 51.08 51 50.907 50.835 50.765 50.707 50.62 50.552 50.515 50.437 50.365 50.295 50.2 50.122 50.662 51.382 51.147 50.55 49.372 49.347 49.597 50.002 49.315 49.355 49.312 49.247 49.187 49.107 49.01 48.925 48.855 48.735 48.667 48.61 48.555 48.49 48.385 48.285 48.195 48.107 48.017 47.98 47.892 47.767 47.667 47.595 47.53 47.412 47.335 47.255 47.145 47.055 46.95 46.86 46.715 46.642 46.565 46.465 46.375 46.257 46.185 46.127 45.99 45.872 45.755 45.64 45.535 45.465
51.3 51.24 51.205 51.172 51.127 51.062 50.965 50.847 50.742 50.682 50.605 50.522 50.462 50.382 50.347 50.317 50.202 50.102 50.085 50.435 51.102 49.827 49.37 49.387 50.132 50.032 49.347 49.395 49.342 49.257 49.205 49.117 48.967 48.872 48.792 48.737 48.68 48.605 48.55 48.427 48.325 48.277 48.177 48.117 48.035 47.955 47.842 47.76 47.68 47.617 47.525 47.435 47.372 47.242 47.172 47.075 46.96 46.852 46.73 46.635 46.525 46.47 46.342 46.272 46.19 46.095 45.967 45.882 45.745 45.66 45.53 45.43
51.272 51.237 51.247 51.195 51.165 51.13 51.095 50.985 50.845 50.657 50.58 50.54 50.417 50.35 50.3 50.265 50.197 50.09 50.05 50.592 50.817 49.505 49.415 49.662 50.375 49.595 49.442 49.42 49.325 49.26 49.175 49.042 48.972 48.89 48.79 48.707 48.692 48.61 48.505 48.44 48.327 48.255 48.157 48.087 47.995 47.927 47.845 47.762 47.692 47.597 47.51 47.425 47.387 47.252 47.115 47.047 46.945 46.872 46.737 46.625 46.492 46.412 46.317 46.25 46.172 46.077 45.967 45.83 45.715 45.602 45.492 45.402
51.295 51.262 51.272 51.247 51.247 51.222 51.202 51.18 51.09 50.905 50.682 50.512 50.372 50.292 50.252 50.195 50.152 50.06 50.202 51.222 50.657 49.425 49.427 49.697 50.055 49.725 49.482 49.412 49.307 49.257 49.155 49.062 48.942 48.847 48.767 48.705 48.637 48.565 48.48 48.427 48.317 48.237 48.172 48.087 47.995 47.892 47.885 47.79 47.697 47.612 47.522 47.41 47.28 47.255 47.122 47.025 46.927 46.835 46.75 46.607 46.515 46.377 46.345 46.242 46.157 46.017 45.93 45.805 45.695 45.59 45.462 45.372
51.305 51.32 51.322 51.317 51.317 51.315 51.317 51.29 51.23 51.152 51.025 50.762 50.455 50.27 50.227 50.177 50.11 50.115 50.447 51.207 49.75 49.45 49.55 50.225 49.807 49.452 49.482 49.415 49.287 49.22 49.132 49.027 48.927 48.827 48.742 48.662 48.625 48.542 48.457 48.372 48.28 48.187 48.125 48.057 47.972 47.91 47.85 47.757 47.692 47.592 47.517 47.425 47.305 47.2 47.095 46.99 46.927 46.825 46.707 46.555 46.475 46.377 46.317 46.217 46.125 46.02 45.885 45.787 45.667 45.55 45.445 45.34
51.307 51.325 51.327 51.332 51.345 51.355 51.36 51.34 51.302 51.242 51.207 51.082 50.707 50.315 50.24 50.145 50.04 50.067 50.67 50.657 49.51 49.462 49.657 50.272 49.637 49.552 49.5 49.407 49.31 49.207 49.072 48.957 48.865 48.79 48.715 48.697 48.597 48.497 48.42 48.352 48.237 48.195 48.115 48.027 47.955 47.867 47.805 47.735 47.69 47.575 47.482 47.417 47.292 47.207 47.102 46.99 46.91 46.812 46.672 46.572 46.475 46.395 46.28 46.15 46.05 45.937 45.84 45.74 45.627 45.542 45.397 45.28
51.277 51.282 51.3 51.345 51.405 51.39 51.402 51.407 51.34 51.297 51.23 51.177 50.96 50.417 50.23 50.11 49.99 50.192 50.98 49.842 49.46 49.505 49.997 50.315 49.507 49.612 49.5 49.415 49.295 49.185 49.055 48.98 48.882 48.797 48.707 48.637 48.57 48.445 48.39 48.322 48.237 48.142 48.07 48.022 47.947 47.857 47.78 47.715 47.63 47.56 47.497 47.395 47.285 47.2 47.08 47.012 46.892 46.785 46.655 46.545 46.47 46.362 46.247 46.145 46.02 45.902 45.797 45.677 45.575 45.495 45.385 45.28
51.21 51.242 51.302 51.372 51.422 51.42 51.432 51.405 51.37 51.34 51.287 51.225 51.035 50.48 50.215 50.075 49.997 50.287 50.677 49.56 49.52 49.642 50.305 49.747 49.585 49.582 49.48 49.385 49.275 49.162 49.05 48.935 48.897 48.767 48.692 48.607 48.51 48.435 48.377 48.295 48.21 48.132 48.06 47.992 47.91 47.835 47.785 47.717 47.615 47.527 47.442 47.352 47.252 47.202 47.08 46.955 46.837 46.74 46.66 46.592 46.452 46.355 46.217 46.1 45.987 45.857 45.782 45.662 45.512 45.412 45.31 45.232
51.18 51.175 51.272 51.36 51.42 51.457 51.45 51.425 51.402 51.385 51.32 51.237 51.047 50.457 50.197 50.03 50.207 51.177 50.21 49.527 49.532 49.725 50.38 49.63 49.642 49.585 49.457 49.34 49.215 49.117 49.017 48.947 48.872 48.76 48.702 48.622 48.532 48.49 48.34 48.24 48.162 48.075 48.035 47.967 47.89 47.802 47.777 47.69 47.597 47.502 47.412 47.362 47.262 47.182 47.052 46.937 46.812 46.72 46.61 46.567 46.422 46.337 46.215 46.085 45.945 45.825 45.715 45.61 45.462 45.39 45.257 45.167
51.13 51.19 51.257 51.357 51.4 51.422 51.417 51.412 51.395 51.377 51.317 51.215 50.952 50.38 50.18 50.032 50.187 51.122 49.66 49.565 49.61 49.892 50.05 49.592 49.632 49.55 49.437 49.32 49.207 49.092 48.977 48.917 48.83 48.762 48.682 48.572 48.495 48.42 48.33 48.235 48.142 48.117 48.015 47.95 47.87 47.807 47.707 47.645 47.55 47.487 47.552 47.39 47.265 47.15 47.06 46.895 46.807 46.712 46.6 46.522 46.415 46.275 46.177 46.03 45.915 45.807 45.69 45.542 45.417 45.305 45.212 45.127
51.087 51.085 51.182 51.302 51.375 51.395 51.407 51.402 51.392 51.37 51.315 51.155 50.722 50.28 50.15 50.082 50.337 50.892 49.602 49.585 49.725 50.49 49.792 49.62 49.637 49.51 49.402 49.262 49.157 49.047 48.96 48.87 48.78 48.717 48.617 48.54 48.472 48.4 48.345 48.257 48.187 48.055 48 47.947 47.852 47.79 47.715 47.595 47.537 47.462 47.455 47.335 47.21 47.092 46.975 46.917 46.805 46.665 46.56 46.447 46.337 46.262 46.125 45.98 45.882 45.722 45.615 45.485 45.382 45.272 45.165 45.052
51.007 50.992 51.112 51.235 51.327 51.347 51.345 51.382 51.392 51.37 51.275 50.975 50.46 50.227 50.107 50.197 51.012 49.982 49.59 49.622 49.7 49.962 49.56 49.622 49.565 49.465 49.337 49.25 49.157 49.035 48.932 48.845 48.77 48.7 48.597 48.525 48.437 48.35 48.315 48.232 48.152 48.082 48.04 47.93 47.85 47.772 47.687 47.6 47.512 47.457 47.39 47.327 47.202 47.085 46.967 46.855 46.787 46.685 46.577 46.457 46.322 46.175 46.082 45.94 45.79 45.675 45.535 45.412 45.33 45.235 45.117 45.025
51.015 50.912 50.955 51.105 51.217 51.25 51.277 51.317 51.335 51.287 51.087 50.635 50.32 50.177 50.095 50.755 51.235 49.727 49.627 49.642 50.182 50.117 49.572 49.605 49.532 49.415 49.297 49.195 49.112 49.002 48.91 48.82 48.735 48.655 48.572 48.492 48.42 48.337 48.27 48.177 48.117 48.08 48.012 47.915 47.837 47.742 47.687 47.622 47.547 47.437 47.355 47.257 47.135 47.02 46.977 46.847 46.722 46.61 46.492 46.382 46.272 46.155 46.022 45.872 45.745 45.627 45.497 45.375 45.327 45.17 45.09 44.975
51.097 50.902 50.857 50.83 50.885 50.92 50.965 51.082 51.15 51.025 50.622 50.337 50.232 50.16 50.182 51.322 50.207 49.63 49.66 49.73 50.182 49.642 49.607 49.585 49.505 49.372 49.26 49.152 49.055 48.96 48.875 48.782 48.732 48.657 48.55 48.48 48.38 48.317 48.237 48.175 48.135 48.052 47.977 47.925 47.83 47.762 47.72 47.622 47.535 47.45 47.325 47.23 47.125 46.987 46.912 46.815 46.717 46.562 46.43 46.31 46.177 46.08 45.962 45.827 45.702 45.58 45.44 45.32 45.247 45.08 44.97 44.9
51.815 50.905 50.79 50.735 50.652 50.565 50.592 50.635 50.65 50.502 50.325 50.267 50.202 50.135 50.332 50.967 49.767 49.62 49.707 50.355 50.452 49.72 49.592 49.552 49.467 49.335 49.262 49.137 49.057 48.97 48.865 48.775 48.702 48.632 48.58 48.472 48.405 48.312 48.222 48.165 48.15 48.057 48.01 47.932 47.83 47.722 47.682 47.635 47.572 47.43 47.315 47.212 47.122 47.015 46.89 46.795 46.672 46.515 46.395 46.277 46.165 46.045 45.87 45.735 45.627 45.52 45.45 45.275 45.135 45.04 44.915 44.842
52.405 51.682 50.767 50.662 50.577 50.517 50.47 50.437 50.385 50.317 50.28 50.242 50.19 50.142 50.875 50.487 49.612 49.66 49.747 50.702 49.81 49.61 49.597 49.52 49.455 49.335 49.247 49.125 49.03 48.935 48.842 48.77 48.677 48.612 48.53 48.422 48.355 48.275 48.232 48.182 48.115 48.067 47.952 47.892 47.815 47.727 47.677 47.607 47.53 47.397 47.312 47.212 47.125 47.02 46.872 46.77 46.62 46.502 46.335 46.232 46.105 45.957 45.845 45.667 45.555 45.437 45.335 45.222 45.102 44.99 44.895 44.805
52.35 52.32 52.077 50.932 50.527 50.452 50.422 50.375 50.345 50.362 50.3 50.227 50.182 50.162 51.06 49.927 49.642 49.695 50.14 50.64 49.707 49.602 49.565 49.512 49.422 49.297 49.195 49.1 48.99 48.905 48.837 48.767 48.667 48.585 48.51 48.407 48.385 48.292 48.22 48.157 48.147 48.062 47.965 47.827 47.772 47.702 47.635 47.557 47.477 47.375 47.287 47.19 47.067 46.975 46.83 46.72 46.575 46.432 46.305 46.187 46.07 45.897 45.755 45.592 45.502 45.402 45.282 45.177 45.05 44.93 44.835 44.745
52.165 52.257 51.885 51.837 50.992 50.487 50.365 50.382 50.382 50.435 50.39 50.257 50.19 50.222 50.662 49.725 49.625 49.667 50.617 50.237 49.55 49.557 49.522 49.497 49.41 49.232 49.127 49.092 48.97 48.9 48.827 48.762 48.675 48.577 48.482 48.39 48.325 48.29 48.205 48.155 48.075 47.997 47.965 47.87 47.757 47.71 47.592 47.502 47.407 47.31 47.252 47.157 47.05 46.88 46.747 46.647 46.532 46.39 46.295 46.145 46.015 45.855 45.74 45.572 45.462 45.34 45.227 45.097 44.98 44.885 44.817 44.727
50.89 51.262 51.75 51.677 51.615 51.442 50.53 50.4 50.362 50.392 50.337 50.257 50.195 50.602 50.075 49.67 49.627 49.602 50.45 49.97 49.507 49.45 49.432 49.417 49.327 49.195 49.035 49.09 48.967 48.87 48.787 48.715 48.627 48.537 48.482 48.39 48.32 48.227 48.155 48.102 48.022 47.96 47.875 47.8 47.742 47.657 47.57 47.465 47.39 47.297 47.207 47.132 47.022 46.867 46.722 46.582 46.455 46.302 46.225 46.07 45.942 45.8 45.67 45.525 45.447 45.33 45.22 45.085 44.985 44.835 44.745 44.705
51.74 51.285 50.72 50.705 50.937 51.885 51.492 51.415 50.687 50.4 50.345 50.255 50.235 51.002 49.94 49.65 49.625 49.61 49.895 49.687 49.485 49.485 49.375 49.34 49.487 49.447 49.107 49.032 51.055 49.092 48.805 48.705 48.66 48.527 48.442 48.382 48.332 48.27 48.155 48.072 47.99 47.932 47.87 47.777 47.717 47.605 47.53 47.43 47.335 47.272 47.187 47.057 46.912 46.747 46.652 46.525 46.43 46.282 46.125 45.972 45.872 45.742 45.63 45.487 45.362 45.247 45.157 45.07 44.97 44.845 44.742 44.655
52.727 52.895 51.657 51.06 51.145 50.63 51.13 51.525 51.692 50.775 50.392 50.317 50.562 50.327 49.737 49.687 49.682 49.625 49.582 49.495 49.512 49.572 49.412 49.312 50.87 51.21 51.267 51.007 48.947 48.835 48.81 49.517 50.747 49.25 48.392 48.367 48.297 48.2 48.107 48.067 47.982 47.925 47.802 47.732 47.672 47.535 47.457 47.397 47.285 47.18 47.125 47.005 46.877 46.692 46.567 46.46 46.317 46.162 46.047 45.94 45.802 45.665 45.545 45.425 45.32 45.222 45.13 45.035 44.947 44.82 44.75 44.675
51.14 51.507 52.425 51.462 51.78 50.737 50.515 50.477 50.61 51.127 51.167 50.712 51.512 50.14 49.707 49.78 49.83 50.392 49.877 49.457 49.832 49.782 49.53 49.555 49.307 49.285 50.307 48.855 48.842 48.74 48.717 52.952 48.562 48.637 48.425 48.352 48.907 48.432 48.117 48.02 47.935 47.865 47.767 47.695 47.6 47.517 47.402 47.315 47.245 47.122 47.027 46.912 46.752 46.637 46.512 46.39 46.232 46.092 45.957 45.875 45.745 45.63 45.497 45.365 45.262 45.167 45.08 45 44.922 44.82 44.74 44.657
51.31 51 50.805 50.93 51.075 51.772 51.697 50.942 50.42 50.342 50.49 50.945 50.592 49.722 49.737 49.782 50.112 50.535 49.732 49.467 50.977 50.77 49.39 49.43 49.225 50.27 49.342 49.515 48.8 48.74 48.607 53.725 48.59 52.312 50.13 48.305 48.705 48.81 48.097 47.992 47.91 47.787 47.707 47.632 47.56 47.502 47.395 47.302 47.165 47.052 46.967 46.862 46.722 46.557 46.422 46.3 46.18 46.035 45.92 45.835 45.68 45.532 45.4 45.315 45.23 45.137 45.04 44.947 44.862 44.795 44.745 44.657
51.57 51.132 50.832 50.49 50.397 50.542 51.06 51.487 50.82 50.49 50.337 50.06 49.815 49.755 49.807 49.897 50.22 50.34 49.632 49.457 49.377 49.747 52.252 50.107 51.02 48.982 48.877 48.842 48.795 48.892 48.692 52.19 49.595 52.277 53.955 48.222 48.16 48.102 47.997 47.927 47.835 47.775 47.695 47.582 47.517 47.435 47.317 47.245 47.152 47.037 46.907 46.762 46.607 46.497 46.36 46.235 46.11 45.95 45.845 45.745 45.632 45.495 45.385 45.262 45.182 45.115 45.02 44.935 44.852 44.782 44.7 44.625
51.3 51.06 50.685 50.515 50.457 50.432 50.32 50.305 50.475 50.607 50.887 50.142 49.78 49.825 49.96 50.46 51.577 50.567 49.65 49.475 49.362 49.235 50.047 49.562 49.407 51.002 49.682 49.532 48.695 48.692 48.567 48.477 48.465 50.987 51.702 48.22 48.085 47.975 47.925 47.855 47.757 47.67 47.615 47.537 47.467 47.372 47.25 47.17 47.105 46.992 46.875 46.75 46.597 46.437 46.315 46.177 46.037 45.922 45.827 45.682 45.54 45.432 45.322 45.26 45.18 45.07 44.97 44.922 44.835 44.777 44.71 44.615
50.85 50.625 50.567 50.535 50.452 50.355 50.255 50.147 50.08 50.112 50.045 49.875 49.797 50.412 52.465 50.94 50.515 49.79 49.565 49.44 49.312 49.22 49.16 49.135 49.055 48.97 49.012 50.035 48.89 51.95 49.937 49.427 48.447 50.51 48.197 48.135 48.077 48.542 48.162 47.82 47.707 47.612 47.492 47.452 47.372 47.375 47.247 47.162 47.07 46.93 46.812 46.695 46.567 46.452 46.27 46.145 45.997 45.865 45.75 45.622 45.495 45.397 45.275 45.175 45.117 45.047 44.987 44.937 44.82 44.747 44.66 44.597
50.735 50.595 50.735 50.702 50.542 50.362 50.27 50.112 50.032 50.037 49.907 49.81 49.837 51.657 52.262 51.087 49.9 49.625 49.512 49.455 49.35 49.25 49.132 49.07 48.94 48.897 48.885 50.2 50.815 49.732 50.095 49.705 51.852 50.357 49.242 48.925 50.21 51.355 49.142 47.925 47.785 47.777 47.527 47.427 47.247 47.195 47.135 47.085 46.99 46.87 46.777 46.655 46.51 46.39 46.25 46.127 46.002 45.895 45.78 45.622 45.482 45.365 45.275 45.185 45.075 44.965 44.925 44.892 44.82 44.767 44.675 44.615
