All_lidar/sz6088_DSM_2M.asc
ncols 500
nrows 500
xllcorner    460000
yllcorner    88000
cellsize     2
NODATA_value -9999
[rows 429 to 461 of 500, columns 296 to 369 of 500]
14.161 13.621 13.551 13.261 13.144 13.089 12.906 12.981 13.116 11.876 11.509 11.611 11.426 11.651 12.926 13.156 10.736 10.726 10.669 10.524 10.381 10.251 10.121 10.009 9.894 9.746 9.626 9.489 9.401 9.261 9.106 8.986 8.879 8.771 8.691 8.549 8.431 8.324 8.211 8.214 8.469 9.176 9.699 9.289 8.624 7.886 7.376 7.809 8.276 8.946 8.186 8.154 8.101 7.956 7.971 7.906 7.831 7.651 7.374 7.171 7.136 6.859 6.729 6.504 6.241 6.111 5.991 6.074 6.079 6.371 6.309 6.414 6.244 6.366
13.676 13.526 13.419 13.306 13.216 13.129 12.994 12.804 12.864 12.861 11.626 11.441 11.549 11.406 12.071 12.956 11.356 10.674 10.639 10.564 10.376 10.261 10.139 10.036 9.899 9.769 9.639 9.484 9.386 9.239 9.111 8.986 8.864 8.774 8.699 8.561 8.426 8.321 8.209 8.249 8.401 9.274 9.451 9.041 8.401 7.801 7.504 7.876 8.916 9.204 9.204 8.209 8.159 8.094 8.036 7.919 7.834 7.744 7.529 7.401 7.236 7.104 6.969 6.764 6.486 6.261 6.069 6.021 6.016 6.209 6.169 6.431 7.501 8.069
13.719 13.596 13.506 13.384 13.259 13.124 13.289 13.039 12.714 13.239 12.394 11.474 11.484 11.529 11.436 12.154 12.186 10.671 10.589 10.546 10.444 10.264 10.116 9.984 9.879 9.764 9.641 9.484 9.371 9.246 9.081 8.954 8.856 8.759 8.659 8.564 8.434 8.299 8.211 8.424 8.564 9.324 9.554 8.881 8.141 7.691 7.689 8.016 8.324 8.414 8.606 8.286 8.229 8.164 8.181 8.036 7.961 7.891 7.679 7.594 7.369 7.271 7.126 6.959 6.771 6.549 6.429 6.204 6.091 6.136 6.231 6.511 7.374 8.229
13.751 13.639 13.544 13.434 13.281 13.194 13.134 13.109 12.904 12.721 12.621 11.699 11.446 11.544 11.449 11.451 11.721 11.141 10.551 10.496 10.441 10.274 10.131 10.009 9.879 9.771 9.624 9.476 9.356 9.219 9.094 8.966 8.846 8.749 8.659 8.564 8.416 8.294 8.201 8.564 9.106 9.309 9.519 9.009 8.211 7.771 7.554 8.099 8.251 8.249 8.289 8.284 8.231 8.186 8.164 8.066 8.031 8.009 7.911 7.754 7.566 7.404 7.286 7.159 6.991 6.846 6.689 6.504 6.346 6.221 6.414 6.931 7.389 7.789
13.804 13.654 13.589 13.491 13.366 13.219 13.129 13.156 12.944 12.679 12.706 12.099 11.439 11.461 11.496 11.426 11.619 11.314 10.614 10.461 10.426 10.329 10.164 10.036 9.889 9.799 9.644 9.494 9.349 9.221 9.074 8.936 8.819 8.711 8.624 8.549 8.406 8.321 8.206 9.099 9.539 9.454 9.431 8.961 8.184 7.639 7.319 7.959 8.241 8.266 8.264 8.504 8.229 8.191 8.194 8.129 8.119 7.999 7.944 7.841 7.694 7.486 7.386 7.301 7.211 7.114 6.966 6.756 6.604 6.414 6.606 7.104 7.559 7.194
13.846 13.729 13.599 13.496 13.346 13.226 13.116 13.091 12.909 12.836 12.584 12.254 11.709 11.346 11.506 11.526 11.444 11.589 11.729 10.484 10.386 10.306 10.179 10.044 9.901 9.784 9.634 9.471 9.326 9.191 9.066 8.906 8.811 8.726 8.634 8.534 8.414 8.311 8.214 9.356 9.596 9.191 9.216 8.724 8.044 7.716 7.544 8.021 8.199 8.194 8.299 8.699 8.481 8.246 8.131 8.159 8.089 8.014 7.964 7.884 7.754 7.611 7.576 7.426 7.366 7.314 7.221 6.971 6.826 6.631 6.649 6.746 7.411 7.816
13.896 13.766 13.626 13.491 13.326 13.226 13.106 13.244 13.039 12.879 12.596 12.419 12.379 11.504 11.409 11.556 11.396 11.504 12.459 10.569 10.379 10.289 10.179 10.031 9.874 9.776 9.651 9.504 9.351 9.219 9.069 8.929 8.821 8.726 8.629 8.511 8.406 8.301 8.184 8.749 8.589 8.869 9.086 8.584 8.054 7.941 7.519 7.971 8.136 8.174 8.181 8.251 8.364 8.176 8.131 8.071 8.031 8.004 8.016 7.924 7.799 7.764 7.689 7.589 7.536 7.481 7.369 7.181 7.034 6.841 6.589 6.569 7.289 7.864
13.886 13.799 13.631 13.489 13.339 13.224 13.079 13.261 13.096 12.629 12.444 12.669 13.474 12.199 11.441 11.389 11.484 11.279 11.499 10.649 10.441 10.321 10.189 10.034 9.881 9.764 9.644 9.504 9.369 9.251 9.084 8.946 8.819 8.741 8.649 8.529 8.394 8.286 8.156 8.259 8.279 8.606 8.786 8.289 8.009 7.821 7.466 7.891 8.096 8.161 8.206 8.186 8.194 8.154 8.131 8.091 8.051 8.011 7.939 7.891 7.794 7.774 7.701 7.671 7.611 7.559 7.436 7.294 7.154 7.031 6.739 6.584 7.371 7.914
13.886 13.744 13.624 13.479 13.311 13.224 13.174 13.141 13.131 12.711 12.491 12.484 12.871 13.464 11.841 11.351 11.436 11.391 11.176 10.924 10.464 10.324 10.174 10.051 9.846 9.746 9.629 9.484 9.366 9.239 9.099 8.949 8.844 8.746 8.671 8.489 8.416 8.309 8.189 8.189 8.274 8.586 8.436 8.371 8.141 7.749 7.719 8.054 8.339 8.394 8.224 8.211 8.206 8.154 8.131 8.111 8.086 8.026 7.971 7.884 7.846 7.729 7.641 7.641 7.606 7.514 7.414 7.291 7.186 7.021 6.931 6.611 7.096 7.901
13.869 13.789 13.886 13.644 13.316 13.151 13.034 12.886 12.709 13.079 13.466 12.836 12.469 13.424 12.546 11.511 11.396 11.449 11.171 11.016 10.559 10.316 10.649 10.629 11.654 10.629 10.006 9.506 9.324 9.194 9.066 8.961 8.829 8.721 8.619 8.496 8.409 8.306 8.239 8.199 8.276 8.601 8.436 8.944 8.261 7.691 7.924 8.139 8.229 8.256 8.286 8.301 8.219 8.191 8.239 8.124 8.064 8.034 7.954 7.876 7.794 7.711 7.616 7.569 7.526 7.511 7.429 7.321 7.209 7.101 6.939 6.641 6.771 7.574
13.924 14.191 14.304 13.441 13.334 13.299 13.871 12.831 16.461 13.919 12.294 12.149 11.894 13.906 13.906 11.859 11.366 11.409 11.364 11.184 11.336 11.601 12.031 12.851 13.591 12.586 11.021 9.534 9.801 9.219 9.149 9.146 8.796 8.696 8.584 8.464 8.379 8.274 8.206 8.536 8.664 8.839 8.734 8.691 8.786 8.284 8.024 7.986 8.216 8.191 8.244 8.246 8.254 8.221 8.199 8.521 8.201 8.034 7.941 7.879 7.806 7.701 7.606 7.549 7.464 7.411 7.386 7.326 7.304 7.179 6.986 6.591 6.514 7.496
13.846 15.104 14.444 13.336 13.206 13.276 13.696 16.359 19.009 16.911 12.836 13.806 12.861 12.656 14.449 12.544 11.529 11.304 11.389 11.331 11.394 12.459 12.944 12.874 12.689 12.094 11.569 10.371 10.854 9.706 10.659 10.359 10.029 9.214 9.319 8.629 8.411 8.279 8.241 9.044 9.201 9.294 9.364 9.034 9.204 9.044 8.346 8.084 8.109 8.174 8.219 8.306 8.349 8.539 8.456 8.529 8.069 8.041 7.936 7.846 7.756 7.636 7.541 7.449 7.374 7.319 7.336 7.329 7.321 7.216 6.954 6.569 6.431 6.936
13.764 13.601 13.429 13.266 13.084 12.891 16.459 19.796 20.369 15.829 14.269 14.274 13.981 11.704 12.699 14.026 11.944 11.354 11.341 11.376 11.316 11.954 13.334 12.474 12.996 12.816 12.189 11.634 11.699 11.204 10.804 11.389 10.716 10.951 11.139 9.846 10.164 9.974 9.721 9.919 9.541 9.554 9.556 9.446 9.446 9.169 8.386 8.054 8.146 8.036 8.324 9.154 9.481 9.224 9.164 8.574 8.109 8.559 7.906 7.749 7.684 7.606 7.504 7.424 7.354 7.339 7.331 7.349 7.299 7.236 7.006 6.621 6.471 6.871
13.731 13.574 13.361 13.166 12.981 12.804 14.876 16.859 18.369 13.499 14.019 14.269 14.209 12.364 11.776 14.091 12.759 11.576 11.301 11.349 11.361 11.196 12.356 12.646 12.349 13.461 12.881 12.649 12.569 12.211 11.781 12.274 12.421 10.969 11.931 10.079 10.469 10.881 11.486 10.419 9.906 9.644 9.646 9.449 9.291 8.796 8.101 8.039 8.284 8.341 8.929 9.416 9.569 9.491 9.336 9.001 8.666 8.366 7.789 7.634 7.651 7.541 7.476 7.391 7.341 7.311 7.314 7.319 7.306 7.221 7.134 6.874 6.659 6.709
13.651 13.489 13.289 13.101 12.901 12.764 12.586 14.379 13.096 11.819 12.024 14.096 14.281 13.664 11.824 12.384 13.216 11.839 11.366 11.314 11.369 11.294 11.474 12.076 11.121 12.801 11.849 11.981 11.849 11.804 11.881 12.229 11.561 11.989 11.731 11.519 11.556 11.226 10.004 9.949 10.541 9.609 10.106 9.361 8.421 7.754 7.514 7.579 7.669 8.096 8.684 9.161 9.199 9.106 9.046 8.854 8.679 8.184 7.699 7.791 7.529 7.464 7.429 7.351 7.281 7.301 7.304 7.376 7.281 7.211 7.076 7.119 6.366 6.269
13.561 14.166 13.234 13.059 12.821 12.701 12.646 12.401 13.309 11.969 11.729 13.664 14.291 14.214 12.706 11.644 12.666 12.234 11.571 11.291 11.324 11.369 11.156 11.006 12.389 12.956 12.619 12.356 11.481 11.359 11.676 12.134 11.734 11.799 11.751 11.416 11.416 10.671 10.676 10.421 10.541 10.216 9.806 8.991 7.619 7.559 7.356 7.256 7.281 7.259 7.891 8.456 8.584 8.639 8.629 8.571 8.274 7.836 7.691 7.644 7.389 7.289 7.259 7.219 7.189 7.209 7.239 7.251 7.246 7.179 7.021 6.716 6.379 6.379
13.689 13.569 13.236 13.271 12.861 12.961 12.796 13.049 12.151 12.054 11.856 13.216 14.216 14.281 13.721 11.489 11.804 12.816 12.154 11.441 11.231 11.311 11.254 10.974 12.174 13.161 12.746 12.064 11.221 10.941 10.694 11.301 11.509 11.369 11.461 10.966 10.364 10.741 10.136 9.816 9.391 9.576 8.471 7.709 7.516 7.441 7.351 7.269 7.206 7.109 7.171 7.271 7.519 7.616 7.361 7.481 7.199 6.961 7.121 7.139 7.216 7.154 7.074 7.119 6.971 7.011 7.081 7.129 7.194 7.136 6.971 6.716 6.416 6.671
13.716 13.379 13.306 13.309 12.926 13.586 12.804 12.494 12.209 12.046 11.924 12.149 13.901 14.276 14.284 12.839 11.819 12.924 12.906 12.089 11.284 11.271 11.316 11.106 11.454 12.619 12.946 12.771 11.546 11.251 10.499 10.301 9.709 9.579 10.341 9.901 10.274 10.326 9.651 9.046 7.884 7.944 7.669 7.634 7.544 7.466 7.389 7.326 7.264 7.116 6.976 6.864 6.826 6.831 6.809 6.721 8.744 6.619 6.706 7.169 6.961 7.256 6.961 6.794 6.616 6.614 6.946 7.374 7.399 7.166 6.954 7.011 6.746 7.054
13.604 13.436 13.314 13.184 12.879 12.721 12.559 12.324 12.261 12.051 11.899 11.766 12.581 14.234 14.299 13.861 11.489 11.781 12.801 12.669 11.604 11.179 11.271 11.231 10.941 11.606 12.719 11.799 13.401 11.756 10.301 9.604 9.459 9.731 9.611 9.369 8.871 8.389 8.571 8.149 8.176 7.851 7.674 7.601 7.526 7.444 7.371 7.304 7.231 7.129 7.011 6.914 6.809 6.769 6.706 7.094 8.699 6.871 6.469 6.631 6.626 6.794 6.539 6.361 6.299 6.331 7.314 7.844 7.974 7.954 7.694 7.661 7.669 7.469
13.569 13.431 13.184 12.864 12.704 12.569 12.451 12.324 12.146 12.026 11.901 11.754 11.676 13.599 14.296 14.179 12.361 11.304 11.906 12.306 11.851 11.276 11.189 11.311 11.086 10.836 11.961 11.734 11.969 11.231 10.046 9.759 9.634 9.989 10.211 10.034 9.294 8.894 8.956 8.626 8.124 7.946 7.896 7.836 7.561 7.396 7.326 7.239 7.139 7.059 6.954 6.896 6.831 6.751 6.669 6.644 6.691 6.561 6.391 6.346 6.334 6.266 6.301 6.179 6.136 6.234 7.014 7.659 7.801 8.149 8.136 7.956 7.926 7.861
13.866 13.376 13.056 12.799 12.651 12.509 12.404 12.331 12.101 11.959 11.849 11.736 11.624 12.391 13.864 12.659 11.271 11.179 11.249 11.699 11.969 11.701 11.089 11.224 11.221 10.831 10.976 12.916 10.489 9.104 9.246 9.599 9.351 9.636 10.116 10.234 9.569 9.196 9.079 8.834 8.264 7.979 7.836 7.794 7.799 7.611 7.439 7.381 7.126 7.016 6.919 6.819 6.729 6.644 6.571 6.529 6.491 6.491 6.394 6.351 6.291 6.276 6.274 6.274 6.169 6.014 6.351 6.691 7.221 7.841 7.761 7.909 7.789 7.764
13.289 13.124 12.954 12.786 12.594 12.439 12.339 12.224 12.059 11.906 11.794 11.706 11.626 12.289 14.004 12.994 11.271 11.126 11.021 11.429 12.706 12.486 11.149 11.146 11.244 11.041 10.669 11.606 11.769 9.799 10.899 10.116 9.214 9.061 9.476 9.846 9.639 9.264 9.214 8.994 8.639 8.519 8.139 7.859 7.709 7.691 7.544 7.474 7.351 7.229 7.241 7.076 6.771 6.601 6.529 6.476 6.436 6.394 6.361 6.316 6.324 6.306 6.246 6.206 6.166 6.086 5.986 6.046 6.961 8.004 8.041 7.541 7.626 7.746
13.261 13.096 12.946 12.784 12.589 12.439 12.304 12.196 12.001 11.881 11.794 11.744 11.561 12.446 13.896 12.729 11.404 11.119 11.001 11.096 12.781 13.299 11.954 11.099 11.169 11.199 10.879 10.439 10.831 11.351 11.114 10.869 9.901 8.969 9.131 9.551 9.384 9.406 9.311 9.354 9.239 9.096 8.974 8.524 8.129 7.844 7.534 7.556 7.589 7.469 7.226 7.041 6.996 6.879 6.731 6.596 6.456 6.354 6.326 6.286 6.271 6.221 6.219 6.201 6.159 6.076 6.034 6.059 7.734 8.194 8.479 8.314 8.091 7.929
13.259 13.079 12.924 12.786 12.594 12.421 12.259 12.166 11.991 11.851 11.751 11.644 11.454 11.339 12.079 11.326 11.246 11.076 10.954 10.894 12.049 13.404 12.979 11.101 11.131 11.179 11.059 10.629 10.314 11.406 11.409 11.709 10.544 9.486 9.524 9.614 9.341 9.041 8.849 9.066 9.164 9.201 9.131 9.026 8.791 8.584 8.351 8.281 8.486 8.359 7.766 7.174 7.001 6.961 6.764 6.701 6.716 6.511 6.514 6.299 6.206 6.179 6.159 6.181 6.201 6.124 6.071 5.946 6.251 7.289 8.069 8.271 8.301 8.341
13.251 13.084 12.926 12.769 12.601 12.436 12.286 12.144 11.979 11.831 11.694 11.501 11.324 11.234 11.159 11.096 11.079 10.961 10.864 10.771 10.821 12.706 12.924 11.534 11.126 11.156 11.184 10.944 10.509 11.319 12.189 11.839 10.656 10.166 9.834 9.706 9.364 8.884 8.231 8.349 8.511 8.636 8.751 8.789 8.771 8.836 8.769 9.056 9.439 9.231 8.574 8.089 7.851 7.599 7.004 6.761 6.681 6.406 6.489 6.526 6.376 6.374 6.369 6.409 6.491 6.389 6.161 5.934 5.841 5.849 6.766 7.529 7.901 8.276
13.296 13.206 12.979 12.774 12.621 12.441 12.271 12.099 11.964 11.804 11.649 11.511 11.329 11.196 11.096 10.956 10.874 10.879 10.979 10.691 10.566 11.309 12.789 12.314 11.229 11.094 11.129 11.079 10.759 10.541 11.164 12.181 10.479 10.259 9.811 9.414 9.231 8.586 7.926 7.866 7.821 7.849 8.086 8.079 8.084 8.234 8.594 9.184 9.584 9.456 9.051 8.694 8.516 8.154 7.434 6.746 6.754 6.641 6.584 6.571 6.326 6.329 6.369 6.354 6.426 6.366 6.251 5.936 5.824 5.744 5.851 6.386 7.076 7.609
13.361 13.241 13.014 12.761 12.594 12.409 12.239 12.121 11.996 11.826 11.669 11.476 11.344 11.196 11.044 10.896 10.789 10.724 10.601 10.549 10.684 10.906 12.489 12.724 11.361 11.106 11.066 11.074 10.906 10.559 10.436 10.691 10.726 10.534 9.861 9.344 9.024 8.571 7.924 7.766 7.634 7.554 7.484 7.476 7.426 7.579 8.109 8.754 9.089 8.991 8.881 8.789 8.624 8.181 7.489 6.784 6.734 6.719 6.569 6.441 6.266 6.239 6.361 6.364 6.416 6.461 6.311 6.041 5.819 5.746 5.704 5.731 6.456 7.439
13.344 13.196 12.969 12.771 12.579 12.419 12.234 12.094 11.984 11.804 11.639 11.499 11.321 11.156 11.029 10.871 10.749 10.689 10.559 10.466 10.429 10.696 12.339 13.041 12.011 11.304 11.089 11.084 11.034 10.734 10.416 10.469 10.494 10.169 10.054 9.309 8.664 8.514 8.004 7.779 7.651 7.539 7.416 7.371 7.301 7.339 7.684 8.161 8.366 8.431 8.526 8.484 8.376 8.014 7.311 6.824 6.616 6.399 6.259 6.224 6.186 6.151 6.234 6.384 6.411 6.386 6.271 6.204 5.859 5.754 5.684 5.676 5.836 6.476
13.306 13.104 12.896 12.711 12.541 12.396 12.221 12.099 11.976 11.811 11.636 11.469 11.304 11.136 11.004 10.856 10.739 10.644 10.501 10.371 10.276 10.504 10.906 12.804 12.714 11.526 11.056 11.039 11.046 10.881 10.544 10.114 10.609 10.644 10.196 9.546 8.879 8.544 8.446 8.289 8.151 7.636 7.459 7.334 7.306 7.254 7.224 7.489 7.526 7.641 7.754 7.766 7.846 7.579 7.031 6.754 6.389 6.309 6.246 6.214 6.169 6.094 6.064 6.136 6.284 6.361 6.394 6.184 6.051 5.964 5.781 5.716 5.981 5.834
13.221 13.039 12.866 12.686 12.509 12.346 12.221 12.079 11.969 11.799 11.621 11.461 11.276 11.099 10.956 10.839 10.739 10.631 10.464 10.299 10.211 10.136 10.274 11.816 12.954 12.111 11.359 11.051 11.056 11.016 10.764 10.241 9.829 11.206 10.724 10.126 9.191 8.914 8.871 9.071 9.046 8.481 8.074 7.706 7.394 7.281 7.136 7.031 7.069 7.026 7.114 7.046 7.026 7.086 6.821 6.439 6.391 6.301 6.259 6.251 6.166 6.109 6.209 6.276 6.371 6.459 6.629 6.489 6.456 6.559 6.444 6.219 6.164 5.796
13.186 13.001 12.839 12.634 12.464 12.329 12.206 12.059 11.916 11.779 11.614 11.449 11.279 11.089 10.951 10.799 10.706 10.601 10.436 10.299 10.149 10.024 10.041 10.139 11.466 12.096 11.899 11.209 11.046 11.069 10.926 10.519 10.014 10.539 10.701 10.304 9.316 9.066 8.891 9.369 9.694 9.441 8.901 8.479 8.134 7.669 7.286 7.119 7.011 6.866 6.731 6.646 6.561 6.541 6.416 6.399 6.359 6.381 6.521 6.561 6.601 6.549 6.741 6.876 6.961 6.971 7.026 6.899 6.826 6.854 6.866 6.774 6.606 6.129
13.136 12.996 12.816 12.574 12.426 12.309 12.179 12.044 11.899 11.761 11.594 11.444 11.264 11.116 10.946 10.806 10.709 10.591 10.439 10.286 10.134 10.001 9.899 10.011 10.906 11.819 11.924 11.481 11.031 11.001 11.039 10.766 10.289 10.069 10.449 10.156 9.394 9.106 8.604 9.204 10.009 10.189 9.926 9.506 8.794 8.444 7.916 7.496 7.219 6.894 6.746 6.641 6.586 6.764 6.624 6.861 6.786 6.851 6.934 7.101 7.109 7.026 7.064 7.149 7.179 7.149 7.194 7.161 7.069 7.031 7.031 7.016 6.884 6.696
13.141 12.966 12.756 12.594 12.436 12.301 12.164 12.036 11.876 11.759 11.586 11.436 11.259 11.114 10.974 10.836 10.694 10.534 10.406 10.259 10.111 9.964 9.854 9.759 9.964 11.331 12.029 11.746 11.076 11.009 10.996 10.931 10.609 10.346 10.461 10.519 9.801 9.249 8.659 8.876 9.984 10.696 10.821 10.394 9.644 9.086 8.399 8.096 7.891 7.294 7.166 7.021 7.151 7.214 7.074 7.159 7.079 7.101 7.266 7.261 7.211 7.209 7.141 7.149 7.161 7.131 7.184 7.161 7.116 7.084 7.094 7.026 6.984 6.911
