All_lidar/sz6090_DSM_2M.asc
ncols 500
nrows 500
xllcorner    460000
yllcorner    90000
cellsize     2
NODATA_value -9999
[rows 256 to 287 of 500, columns 0 to 72 of 500]
28.338 28.473 28.628 28.758 28.9 29.035 29.158 29.285 29.448 29.548 29.665 29.8 29.9 30.005 30.143 30.24 30.32 30.46 30.59 30.708 30.83 30.948 31.075 31.19 31.315 31.658 32.52 31.733 32.695 32.305 32.35 32.245 32.225 32.35 32.518 32.69 32.888 33.043 33.148 33.285 33.395 33.533 33.683 33.84 33.988 34.175 34.328 34.518 34.63 34.73 34.825 34.928 35.038 35.153 35.245 35.33 35.43 35.51 35.6 35.613 35.685 35.743 35.763 35.805 35.813 35.843 35.873 35.94 35.988 36.09 36.18 36.283 36.353
28.365 28.52 28.63 28.748 28.9 29.045 29.175 29.323 29.455 29.568 29.71 29.815 29.94 30.035 30.148 30.245 30.343 30.475 30.613 30.733 30.825 30.913 31.055 31.19 31.285 31.41 31.988 33.02 32.563 32.673 32.333 32.25 32.22 32.308 32.465 32.65 32.838 33 33.16 33.23 33.37 33.505 33.628 33.795 33.933 34.125 34.293 34.473 34.578 34.698 34.793 34.903 34.995 35.09 35.19 35.295 35.39 35.458 35.513 35.578 35.62 35.668 35.7 35.768 35.748 35.795 35.835 35.86 35.93 36.033 36.105 36.195 36.26
28.4 28.55 28.663 28.785 28.91 29.08 29.218 29.343 29.485 29.633 29.725 29.863 29.953 30.048 30.158 30.248 30.36 30.463 30.608 30.72 30.81 30.91 31.053 31.17 31.355 31.393 32.56 32.628 32.915 33.253 32.358 32.225 32.25 32.315 32.445 32.63 32.815 32.975 33.1 33.243 33.363 33.468 33.613 33.755 33.893 34.098 34.235 34.408 34.528 34.645 34.743 34.855 34.93 35.03 35.105 35.193 35.31 35.383 35.49 35.498 35.58 35.598 35.628 35.665 35.688 35.723 35.77 35.793 35.89 35.99 36.068 36.113 36.198
28.393 28.538 28.69 28.808 28.928 29.083 29.218 29.373 29.52 29.648 29.763 29.893 29.985 30.063 30.165 30.248 30.378 30.475 30.6 30.698 30.81 30.92 31.038 31.183 31.278 31.31 32.138 32.765 33.51 33.095 32.575 32.223 32.255 32.29 32.39 32.593 32.78 32.93 33.063 33.235 33.33 33.438 33.585 33.705 33.828 34.028 34.19 34.328 34.463 34.585 34.698 34.785 34.875 34.93 35.02 35.138 35.19 35.28 35.4 35.468 35.515 35.518 35.575 35.61 35.63 35.66 35.675 35.745 35.828 35.955 36.015 36.09 36.185
28.428 28.563 28.71 28.83 28.925 29.105 29.253 29.393 29.548 29.645 29.76 29.885 29.983 30.06 30.155 30.275 30.365 30.455 30.583 30.705 30.808 30.92 31.04 31.165 31.255 31.345 32.215 33.915 33.748 33.098 32.458 32.25 32.275 32.283 32.368 32.53 32.758 32.918 33.03 33.18 33.29 33.435 33.558 33.678 33.785 33.945 34.113 34.258 34.385 34.533 34.64 34.705 34.79 34.878 34.97 35.065 35.113 35.2 35.293 35.398 35.45 35.448 35.525 35.548 35.565 35.613 35.653 35.713 35.78 35.858 35.903 36.01 36.998
28.443 28.573 28.705 28.84 28.945 29.118 29.235 29.38 29.528 29.673 29.755 29.888 29.973 30.055 30.175 30.293 30.358 30.448 30.583 30.718 30.823 30.943 31.058 31.148 31.255 31.328 31.655 33.903 32.783 34.503 33.108 32.525 32.315 32.295 32.37 32.498 32.71 32.87 33.015 33.183 33.278 33.403 33.515 33.648 33.755 33.915 34.068 34.208 34.365 34.463 34.568 34.633 34.728 34.808 34.875 35.01 35.038 35.125 35.213 35.31 35.403 35.42 35.443 35.503 35.508 35.553 35.603 35.65 35.68 35.765 35.828 36.075 37.72
28.445 28.56 28.72 28.84 28.95 29.103 29.24 29.375 29.515 29.655 29.75 29.87 29.993 30.078 30.173 30.285 30.383 30.473 30.585 30.708 30.83 30.918 31.063 31.15 31.235 31.34 31.483 32.648 33.5 34.185 33.405 32.235 32.323 32.348 32.395 32.485 32.66 32.848 33.013 33.148 33.278 33.37 33.465 33.568 33.715 33.855 33.995 34.145 34.285 34.398 34.495 34.588 34.66 34.733 34.823 34.9 34.93 35.04 35.14 35.24 35.275 35.313 35.37 35.445 35.44 35.49 35.525 35.555 35.585 35.658 35.88 37.673 42.583
28.443 28.57 28.715 28.808 28.958 29.09 29.243 29.37 29.498 29.645 29.775 29.885 30.01 30.075 30.165 30.28 30.37 30.47 30.583 30.693 30.825 30.923 31.043 31.153 31.22 31.33 31.348 31.948 34.025 33.933 33.323 32.183 32.293 32.348 32.393 32.51 32.608 32.828 32.955 33.12 33.25 33.325 33.453 33.543 33.663 33.813 33.945 34.075 34.215 34.323 34.418 34.51 34.613 34.678 34.733 34.818 34.87 34.965 35.04 35.1 35.183 35.21 35.253 35.318 35.348 35.355 35.408 35.455 35.498 35.698 36.318 36.928 36.17
28.443 28.573 28.7 28.818 28.983 29.11 29.25 29.373 29.515 29.65 29.783 29.913 30.01 30.093 30.205 30.308 30.375 30.463 30.55 30.68 30.805 30.873 30.98 31.14 31.213 31.325 31.345 31.983 32.61 34.14 33.388 32.228 32.245 32.313 32.37 32.478 32.588 32.785 32.938 33.063 33.188 33.293 33.383 33.475 33.598 33.77 33.905 34.01 34.15 34.288 34.355 34.443 34.535 34.598 34.653 34.74 34.81 34.86 34.935 34.995 35.068 35.148 35.12 35.19 35.243 35.273 35.288 35.35 35.77 38.095 35.65 35.7 35.11
28.44 28.55 28.698 28.845 28.973 29.1 29.235 29.385 29.518 29.655 29.795 29.918 29.99 30.083 30.19 30.283 30.355 30.425 30.535 30.633 30.765 30.868 30.968 31.073 31.175 31.308 31.338 32.008 33.793 32.278 32.258 32.19 32.17 32.26 32.378 32.48 32.593 32.74 32.878 33.015 33.148 33.235 33.36 33.433 33.533 33.703 33.82 33.973 34.073 34.225 34.325 34.38 34.485 34.555 34.578 34.638 34.703 34.755 34.795 34.82 34.91 34.953 34.955 35.045 35.163 35.148 35.153 35.203 38.285 41.458 36.513 35.798 35.058
28.448 28.573 28.693 28.833 28.95 29.07 29.23 29.358 29.505 29.638 29.78 29.91 30.003 30.078 30.175 30.258 30.34 30.42 30.523 30.595 30.733 30.84 30.92 31.06 31.14 31.248 31.345 31.73 32.475 31.865 33.64 32.263 32.225 32.26 32.365 32.453 32.55 32.723 32.88 32.995 33.108 33.175 33.275 33.36 33.44 33.623 33.75 33.933 34.025 34.16 34.26 34.343 34.4 34.453 34.493 34.528 34.59 34.603 34.623 34.66 34.725 34.778 34.83 34.888 34.98 34.948 35.078 35.115 37.708 38.515 37.153 35.998 34.763
28.435 28.545 28.688 28.8 28.923 29.063 29.205 29.35 29.498 29.63 29.758 29.855 29.965 30.065 30.13 30.225 30.315 30.388 30.478 30.578 30.685 30.793 30.888 31.038 31.118 31.235 31.358 31.473 33.43 32.28 34.35 32.96 32.173 32.243 32.345 32.408 32.488 32.69 32.823 32.935 33.038 33.135 33.198 33.31 33.375 33.54 33.693 33.868 33.948 34.075 34.173 34.248 34.3 34.35 34.408 34.408 34.415 34.413 34.438 34.493 34.53 34.613 34.675 34.698 34.765 34.785 34.923 35.188 36.56 34.085 34.37 35.833 35.78
28.415 28.55 28.688 28.783 28.935 29.038 29.193 29.318 29.475 29.598 29.705 29.825 29.938 30.023 30.088 30.193 30.263 30.325 30.44 30.553 30.658 30.778 30.903 30.983 31.1 31.213 31.3 31.54 32.99 32.635 34.793 34 32.348 32.235 32.308 32.365 32.458 32.633 32.763 32.878 32.993 33.08 33.143 33.228 33.305 33.443 33.615 33.753 33.85 33.983 34.053 34.128 34.185 34.22 34.248 34.283 34.27 34.238 34.258 34.27 34.328 34.44 34.493 34.523 34.56 34.628 35.89 37.025 36.253 34.97 34.288 35.66 34.143
28.418 28.543 28.67 28.775 28.898 29 29.133 29.295 29.438 29.563 29.673 29.783 29.88 29.988 30.053 30.153 30.248 30.313 30.378 30.515 30.6 30.76 30.863 30.95 31.08 31.145 31.218 31.56 33.348 32.325 33.743 33.145 32.448 32.2 32.28 32.308 32.38 32.568 32.693 32.823 32.905 32.985 33.053 33.135 33.218 33.338 33.495 33.623 33.768 33.85 33.928 34.01 34.053 34.07 34.085 34.085 34.068 34.058 34.07 34.098 34.16 34.23 34.288 34.305 34.38 34.543 35.855 36.218 34.605 34.423 35.04 38.655 34
28.38 28.495 28.63 28.748 28.878 28.98 29.103 29.243 29.39 29.513 29.633 29.763 29.838 29.933 30.025 30.115 30.213 30.298 30.358 30.45 30.57 30.698 30.835 30.923 31.008 31.105 31.215 31.273 31.73 32.75 32.565 32.538 32.165 32.093 32.165 32.235 32.285 32.463 32.613 32.73 32.828 32.94 33 33.055 33.108 33.178 33.353 33.48 33.6 33.718 33.81 33.875 33.925 33.925 33.933 33.905 33.895 33.878 33.875 33.94 33.96 34.033 34.028 34.133 34.243 34.525 35.425 33.683 34.193 34.425 34.085 35.728 33.803
28.323 28.483 28.588 28.695 28.838 28.955 29.068 29.22 29.348 29.47 29.595 29.708 29.795 29.895 29.993 30.065 30.188 30.25 30.318 30.418 30.528 30.65 30.805 30.88 30.983 31.063 31.158 31.23 31.743 32.9 32.66 32.238 32.02 32.01 32.073 32.163 32.163 32.343 32.53 32.655 32.743 32.833 32.905 32.945 32.995 33.025 33.188 33.328 33.44 33.54 33.64 33.718 33.713 33.753 33.728 33.725 33.708 33.698 33.743 33.763 33.765 33.843 33.873 33.965 34.13 34.488 34.003 34.213 34.455 33.88 33.87 35.045 35.975
28.293 28.44 28.553 28.658 28.783 28.913 29.033 29.153 29.308 29.433 29.545 29.658 29.758 29.845 29.948 30.018 30.125 30.218 30.29 30.37 30.463 30.6 30.75 30.835 30.935 31.023 31.108 31.2 31.263 32.095 32.008 33.175 32.428 31.895 31.94 32.035 32.083 32.16 32.385 32.57 32.648 32.74 32.823 32.88 32.903 32.895 33.048 33.185 33.283 33.388 33.428 33.518 33.543 33.543 33.535 33.528 33.465 33.52 33.563 33.545 33.578 33.595 33.695 33.783 36.773 33.605 33.568 33.773 33.41 33.253 33.153 34.965 33.075
28.27 28.393 28.55 28.625 28.733 28.868 28.99 29.105 29.253 29.363 29.48 29.605 29.713 29.79 29.915 29.983 30.073 30.218 30.255 30.33 30.413 30.54 30.655 30.77 30.865 30.96 31.063 31.12 31.195 31.735 32.87 32.225 32.19 31.748 31.81 31.91 31.978 32.02 32.258 32.423 32.528 32.61 32.723 32.758 32.8 32.818 32.928 33.038 33.095 33.153 33.19 33.27 33.328 33.35 33.338 33.303 33.293 33.343 33.355 33.353 33.393 33.455 33.68 34.098 36.803 33.195 33.548 33.768 33.413 33.425 32.765 32.623 32.83
28.24 28.35 28.52 28.575 28.698 28.815 28.95 29.065 29.203 29.315 29.41 29.528 29.638 29.743 29.845 29.915 30.015 30.145 30.193 30.27 30.345 30.48 30.58 30.69 30.778 30.898 30.99 31.035 31.085 31.283 32.153 31.88 31.928 31.725 31.688 31.773 31.828 31.88 32.1 32.293 32.38 32.483 32.57 32.643 32.653 32.688 32.748 32.833 32.883 32.965 32.978 33.09 33.118 33.118 33.135 33.123 33.153 33.19 33.208 33.178 33.288 33.343 33.983 33.3 34.183 32.943 33.04 32.81 32.708 32.885 32.8 32.495 32.825
28.218 28.328 28.445 28.553 28.653 28.77 28.865 29.013 29.123 29.233 29.333 29.468 29.58 29.673 29.8 29.858 29.965 30.08 30.143 30.208 30.28 30.395 30.513 30.633 30.703 30.823 30.898 30.97 31.01 31.113 32.12 31.67 32.01 31.785 31.543 31.635 31.698 31.735 31.913 32.15 32.25 32.308 32.4 32.443 32.485 32.493 32.568 32.593 32.645 32.758 32.79 32.875 32.918 32.925 32.955 32.955 32.965 32.965 33.038 33.12 33.81 34.123 37.468 32.618 32.69 32.808 32.718 33.22 32.753 32.435 32.553 32.623 32.93
28.155 28.278 28.398 28.515 28.61 28.718 28.81 28.905 29.043 29.175 29.275 29.37 29.52 29.633 29.708 29.83 29.9 30.025 30.085 30.155 30.23 30.338 30.41 30.54 30.63 30.72 30.83 30.883 30.945 30.933 32.138 31.313 31.385 31.45 31.415 31.495 31.58 31.603 31.733 31.94 32.105 32.155 32.248 32.263 32.235 32.28 32.335 32.363 32.428 32.533 32.605 32.663 32.758 32.71 32.75 32.748 32.78 32.85 32.91 33.028 33.098 33.03 34.565 33.238 33.72 33.213 32.693 32.423 32.783 32.36 32.29 32.415 32.925
28.105 28.21 28.343 28.445 28.55 28.64 28.763 28.875 28.978 29.105 29.225 29.333 29.453 29.555 29.655 29.758 29.843 29.928 30.035 30.085 30.175 30.275 30.37 30.473 30.555 30.63 30.72 30.77 30.818 30.835 32.468 31.56 30.923 31.223 31.273 31.343 31.418 31.495 31.543 31.725 31.913 31.973 31.99 32.05 32.04 32.075 32.1 32.148 32.205 32.315 32.393 32.468 32.51 32.528 32.57 33.023 32.76 32.768 32.79 32.935 33.53 33.623 33.018 32.59 33.113 32.42 32.41 33.503 32.678 31.895 32.623 33.153 32.82
28.015 28.148 28.288 28.39 28.498 28.583 28.695 28.805 28.918 29.033 29.153 29.273 29.373 29.485 29.593 29.698 29.775 29.873 29.97 30.045 30.098 30.19 30.31 30.39 30.48 30.57 30.648 30.675 30.743 30.793 32.01 33.008 32.063 31.153 31.115 31.165 31.255 31.343 31.365 31.518 31.695 31.75 31.77 31.79 31.815 31.813 31.858 31.923 32.008 32.113 32.188 32.23 32.26 32.368 32.843 33.165 32.868 32.675 32.778 32.36 32.58 36.813 33.155 31.995 32.068 31.78 32.293 31.67 31.535 32.083 34.733 36.413 34.115
27.94 28.083 28.218 28.328 28.428 28.518 28.64 28.72 28.84 28.945 29.083 29.195 29.288 29.385 29.495 29.615 29.7 29.795 29.915 29.993 30.043 30.09 30.198 30.288 30.365 30.475 30.543 30.633 30.663 30.683 30.845 31.99 31.265 32.018 31.03 31.038 31.068 31.19 31.193 31.288 31.448 31.508 31.553 31.583 31.585 31.595 31.633 31.695 31.775 31.878 31.963 32.303 33.083 32.623 32.683 34.073 34.978 33.013 31.973 32.933 32.65 31.885 31.678 31.825 31.665 31.258 31.335 31.273 31.723 33.68 35.198 32.563 32.723
27.868 27.988 28.123 28.258 28.343 28.43 28.55 28.648 28.73 28.85 29 29.095 29.21 29.308 29.443 29.555 29.63 29.723 29.83 29.908 29.978 30.023 30.135 30.19 30.31 30.383 30.443 30.53 30.545 30.59 30.673 30.998 30.913 31.253 30.918 30.89 30.928 30.978 31.025 31.085 31.198 31.295 31.33 31.323 31.37 31.38 31.458 31.513 31.593 31.685 31.77 32.433 32.975 31.793 31.74 31.505 34.125 34.65 32.925 37.223 32.11 31.668 31.533 31.628 31.035 31.378 31.398 31.153 31.653 31.855 32.403 33.79 33.305
27.81 27.925 28.048 28.153 28.263 28.343 28.453 28.565 28.648 28.76 28.888 29.023 29.11 29.255 29.365 29.463 29.583 29.653 29.735 29.843 29.898 29.938 30.033 30.093 30.193 30.25 30.343 30.398 30.448 30.48 30.513 30.99 31.738 31.26 31.038 30.73 30.75 30.813 30.845 30.853 30.923 31.093 31.1 31.13 31.19 31.233 31.295 31.358 31.438 31.525 31.965 33.698 32.608 32.8 31.885 31.413 32.253 34.07 31.59 31.653 35.79 33.933 30.99 31.05 30.95 30.903 30.945 31.255 31.325 31.568 31.668 32.178 32.185
27.733 27.848 27.958 28.07 28.16 28.24 28.358 28.453 28.575 28.683 28.78 28.92 29.015 29.163 29.28 29.375 29.48 29.565 29.625 29.745 29.83 29.858 29.908 29.975 30.078 30.143 30.195 30.27 30.328 30.37 30.393 31.718 31.34 32.388 31.47 30.67 30.608 30.633 30.665 30.648 30.72 30.835 30.9 30.923 30.975 31.063 31.13 31.233 31.355 31.605 32.9 32.55 35.92 33.585 31.193 31.36 32.07 31.408 33.128 32.5 33.293 31.038 30.953 31.053 30.735 30.868 31.323 32.098 32.195 31.593 31.573 31.775 31.868
27.66 27.758 27.855 27.968 28.075 28.168 28.255 28.353 28.465 28.575 28.69 28.82 28.94 29.065 29.173 29.288 29.38 29.445 29.503 29.608 29.68 29.725 29.77 29.85 29.953 29.998 30.05 30.138 30.198 30.263 30.29 30.958 31.965 31.195 32.26 30.753 30.473 30.49 30.51 30.488 30.52 30.625 30.713 30.793 30.858 30.923 31.018 31.23 31.603 32.05 35.97 30.853 32.175 33.943 31.298 31.473 34.273 34.105 36.363 38.695 35.565 30.693 30.593 30.675 31.005 31.263 32.23 32.245 32.55 32.278 32.288 32.173 32.088
27.593 27.658 27.745 27.875 27.975 28.07 28.16 28.258 28.365 28.453 28.58 28.72 28.83 28.93 29.028 29.158 29.255 29.315 29.37 29.468 29.553 29.598 29.623 29.718 29.8 29.87 29.93 29.998 30.053 30.148 30.188 30.163 31.363 32.05 32.14 31.56 30.48 30.385 30.378 30.37 30.34 30.458 30.558 30.658 30.738 30.8 30.97 33.925 33.17 30.928 31.69 31.97 31.443 31.898 31.21 31.678 33.555 34.113 33.603 35.608 40.235 32.405 30.795 30.958 31.338 31.508 33.958 34.093 32.88 32.278 32.423 32.448 32.608
27.493 27.54 27.635 27.75 27.86 27.958 28.043 28.145 28.228 28.325 28.42 28.558 28.683 28.793 28.898 28.99 29.103 29.175 29.223 29.338 29.408 29.47 29.498 29.565 29.628 29.73 29.798 29.865 29.913 29.998 30.04 30.093 30.185 31.078 31.25 31.09 30.445 30.33 30.233 30.238 30.253 30.345 30.448 30.555 30.663 30.85 31.46 32.413 30.413 30.765 30.688 31.108 31.525 31.028 30.833 32.408 33.495 37.688 31.933 34.173 39.745 32.093 30.863 31.235 31.883 32.133 32.97 33.475 32.21 32.683 32.825 32.725 32.828
27.39 27.42 27.54 27.63 27.733 27.828 27.903 27.993 28.07 28.185 28.28 28.41 28.528 28.635 28.763 28.845 28.953 29.038 29.11 29.168 29.258 29.325 29.343 29.438 29.495 29.58 29.655 29.73 29.79 29.843 29.893 29.94 30.013 30.603 30.563 30.538 30.458 30.493 30.315 30.128 30.173 30.223 30.353 30.443 30.593 30.928 31.045 30.265 30.685 31.025 30.783 30.583 32.055 32.333 30.568 30.628 32.19 35.233 31.025 31.593 31.198 30.735 31.065 31.44 32.268 32.31 31.98 32.658 32.253 32.485 32.668 33.198 33.073
27.25 27.293 27.36 27.483 27.585 27.678 27.75 27.853 27.955 28.035 28.133 28.253 28.345 28.485 28.595 28.69 28.808 28.895 28.945 29.015 29.118 29.153 29.2 29.293 29.335 29.43 29.505 29.595 29.675 29.698 29.708 29.745 29.775 30.298 30.535 30.34 30.423 30.408 30.34 30.193 30.248 30.675 30.213 30.398 31.988 30.678 30.458 31.07 31.03 31.168 30.75 31.835 31.365 31.113 31.463 30.403 30.545 30.743 30.538 31.893 34.208 31.693 31.613 32.338 32.048 32.178 32.2 32.153 32.38 32.9 34.988 33.033 33.63
