All_lidar/sz6085_DSM_2M.asc
ncols 500
nrows 500
xllcorner    460000
yllcorner    85000
cellsize     2
NODATA_value -9999
[rows 34 to 67 of 500, columns 77 to 153 of 500]
11.561 11.474 11.374 11.276 11.201 11.076 11.009 10.901 10.826 10.734 10.636 10.541 10.471 10.321 10.241 10.186 10.104 10.136 10.079 10.024 9.951 9.814 9.759 9.874 9.839 9.559 9.491 9.424 9.371 9.394 9.316 9.324 9.281 9.096 8.954 8.614 8.671 8.399 8.469 8.966 9.471 8.256 8.029 8.534 7.994 7.691 7.546 7.526 7.174 6.954 6.689 6.451 6.309 6.281 6.384 6.326 6.229 6.144 6.096 6.014 5.994 5.914 6.201 7.486 6.301 6.009 5.946 5.961 6.009 8.421 13.309 14.584 14.686 13.886 13.661 14.586 14.441
11.566 11.476 11.336 11.246 11.131 11.036 10.941 10.841 10.751 10.669 10.566 10.456 10.394 10.291 10.184 10.114 10.111 10.081 10.009 9.991 9.906 10.176 9.861 9.579 9.511 9.551 9.499 9.419 9.356 9.331 9.736 9.511 9.221 9.049 8.694 8.766 8.399 8.531 8.534 10.669 8.781 8.186 7.994 7.834 7.706 7.639 7.534 7.379 7.136 6.866 6.591 6.376 6.311 6.356 6.364 6.306 6.201 6.154 6.096 6.046 5.991 5.949 6.086 6.026 5.931 5.921 5.941 5.946 5.981 10.341 13.714 14.449 14.806 14.561 14.384 14.739 13.834
11.504 11.404 11.314 11.241 11.106 11.004 10.901 10.776 10.694 10.594 10.499 10.411 10.339 10.246 10.116 10.071 10.074 10.024 9.964 9.921 9.899 10.301 9.991 9.744 9.419 9.371 9.441 9.486 9.349 9.281 10.701 10.076 9.676 8.954 8.684 8.649 8.304 10.301 10.536 12.036 11.401 9.906 8.319 7.934 7.799 8.149 7.684 7.389 7.221 6.914 6.549 6.316 6.369 6.401 6.364 6.269 6.346 6.314 6.261 6.114 6.041 6.181 6.179 5.999 5.936 5.964 5.954 6.026 5.966 6.004 8.939 12.069 14.091 14.654 14.836 14.174 11.931
11.454 11.356 11.256 11.174 11.059 10.956 10.869 10.751 10.659 10.541 10.459 10.349 10.259 10.141 10.039 10.029 10.009 9.969 9.916 9.866 10.109 10.359 10.106 9.966 9.504 9.274 9.224 9.189 9.271 9.459 10.041 9.851 9.961 9.131 8.629 8.456 8.261 9.091 11.551 12.956 12.874 12.156 10.721 8.326 7.711 7.784 7.839 7.431 7.301 6.906 6.471 6.374 6.446 6.434 6.346 6.354 6.571 6.676 6.674 6.214 7.181 9.206 8.266 6.771 5.934 5.919 6.094 6.464 6.591 5.939 5.831 6.724 9.884 13.671 14.144 13.166 8.339
11.406 11.289 11.186 11.129 11.006 10.911 10.829 10.719 10.626 10.516 10.461 10.329 10.241 10.099 10.036 10.051 9.974 9.916 9.811 9.714 10.441 10.396 10.924 9.974 9.456 9.314 9.181 9.029 8.986 8.984 9.019 9.236 9.634 8.904 9.151 8.451 8.394 10.461 12.406 13.359 12.629 12.309 10.479 7.819 7.676 7.631 7.551 7.609 7.259 6.704 6.409 6.389 6.429 6.424 6.394 6.499 6.591 6.431 6.316 6.769 9.439 9.769 9.224 6.129 5.821 5.811 5.759 5.681 6.536 6.146 5.946 5.794 5.811 8.459 12.486 9.236 6.031
11.349 11.229 11.126 11.049 10.956 10.846 10.741 10.671 10.594 10.456 10.379 10.274 10.171 10.074 10.044 10.021 9.961 9.859 9.766 10.139 10.524 10.534 10.709 10.356 9.494 9.786 9.929 9.049 8.849 8.829 9.506 9.364 9.149 9.061 9.441 8.834 9.146 11.244 12.191 12.666 11.656 10.756 8.859 7.751 7.714 7.679 7.586 7.509 7.079 6.524 6.416 6.489 6.504 6.409 6.519 7.034 7.771 6.381 6.869 9.366 9.646 9.404 5.856 5.679 5.666 5.701 6.006 6.736 8.246 8.109 6.811 6.589 5.804 5.794 6.874 5.956 6.011
11.276 11.196 11.059 10.981 10.916 10.811 10.679 10.594 10.516 10.421 10.281 10.199 10.104 10.051 10.051 10.004 9.904 9.756 9.651 10.091 10.031 10.581 10.089 10.579 10.121 9.904 10.086 9.129 8.754 8.684 8.839 9.239 9.289 10.124 9.396 10.579 9.439 10.709 10.394 11.306 9.529 8.129 7.839 7.789 7.744 7.676 7.556 7.781 6.771 6.446 6.524 6.529 6.479 6.459 6.849 7.046 6.511 6.579 9.699 9.819 8.936 6.236 5.676 5.631 5.601 5.634 7.571 8.756 9.081 9.186 8.559 6.444 5.694 5.751 5.771 5.674 5.946
11.221 11.111 11.029 10.921 10.814 10.704 10.606 10.521 10.456 10.346 10.254 10.131 10.026 10.026 9.984 9.919 9.831 9.699 9.801 9.899 9.936 10.101 10.456 10.659 9.506 9.051 9.191 9.326 8.714 8.559 8.474 8.481 9.119 10.734 8.829 10.289 8.559 9.084 8.394 8.899 8.384 7.929 7.866 7.821 7.814 7.666 7.624 7.271 6.531 6.541 6.549 6.544 6.504 6.576 6.691 6.446 7.189 8.994 9.731 9.971 6.999 5.671 5.634 5.606 6.156 7.519 8.669 9.581 9.711 9.286 8.051 5.984 6.256 5.981 5.659 5.561 5.546
11.131 11.061 10.969 10.861 10.759 10.661 10.544 10.446 10.389 10.269 10.184 10.071 10.014 10.021 9.956 9.869 9.756 9.631 9.886 9.619 9.531 9.684 9.814 9.771 9.289 9.041 8.959 9.096 8.764 8.744 8.409 8.306 8.421 10.206 9.596 8.459 8.751 8.519 8.159 8.479 8.006 7.926 7.891 7.854 7.801 7.681 7.601 6.634 6.546 6.579 6.584 6.529 6.514 6.586 6.591 6.574 9.694 9.639 9.686 6.634 5.616 5.664 5.629 5.616 7.739 8.814 9.339 10.164 9.621 8.686 7.584 5.616 5.506 5.484 5.789 5.781 5.149
11.074 10.976 10.864 10.769 10.686 10.574 10.466 10.364 10.291 10.216 10.126 10.019 10.034 9.989 9.914 9.781 9.671 9.621 10.024 9.504 9.496 10.016 9.676 10.134 9.211 9.086 8.969 9.624 9.564 8.609 8.639 8.331 8.144 8.224 9.991 9.919 10.186 9.224 8.756 8.436 7.979 7.894 7.884 7.861 7.776 7.609 7.141 6.581 6.604 6.651 6.616 6.561 6.584 6.591 6.489 6.761 7.361 8.676 8.436 6.169 5.636 5.656 5.631 6.376 8.731 9.556 9.949 9.976 8.991 7.486 7.166 5.496 5.431 5.401 5.659 6.004 4.854
10.954 10.866 10.774 10.704 10.636 10.524 10.404 10.304 10.211 10.156 10.041 9.979 9.999 9.929 9.841 9.709 9.591 9.869 9.811 9.509 9.586 10.339 9.344 9.454 9.319 9.181 9.374 10.864 11.074 9.361 8.269 8.354 8.289 8.236 7.896 8.551 9.104 9.266 8.896 7.979 7.891 7.834 7.786 7.756 7.671 7.261 6.639 6.596 6.671 6.681 6.589 6.534 6.556 6.546 6.759 6.284 6.364 6.374 6.894 6.426 5.834 5.664 5.649 6.406 8.216 9.116 9.686 9.321 7.669 5.471 5.631 5.449 5.421 5.371 5.741 5.164 5.656
10.814 10.724 10.654 10.579 10.506 10.431 10.336 10.239 10.156 10.081 9.946 9.956 9.961 9.879 9.761 9.636 9.559 9.906 9.491 9.459 9.771 10.056 9.281 9.236 9.106 9.091 9.861 10.766 10.736 8.711 8.401 8.426 8.781 9.009 8.429 7.814 7.704 8.034 8.629 8.824 8.626 8.056 7.861 7.939 7.616 6.869 6.619 6.654 6.694 6.649 6.581 6.559 6.529 6.666 6.536 6.179 6.096 6.216 6.664 6.291 6.141 6.119 6.131 6.154 5.734 7.446 8.496 8.626 6.351 5.449 5.439 5.419 5.441 6.104 6.106 5.114 4.946
10.749 10.674 10.594 10.479 10.381 10.281 10.204 10.119 10.044 9.956 9.911 9.939 9.904 9.801 9.671 9.541 9.549 9.706 9.511 9.356 10.131 9.224 9.204 9.089 9.009 8.824 8.764 9.169 8.984 8.739 10.261 11.431 11.016 10.301 9.476 8.071 7.804 7.624 7.466 7.339 7.759 8.076 8.274 8.514 7.429 6.636 6.666 6.691 6.771 6.666 6.589 6.516 6.521 6.586 6.401 6.149 6.074 6.049 6.621 6.979 6.109 6.279 8.121 7.599 5.824 5.519 6.676 7.314 5.474 5.411 5.861 6.126 6.001 5.934 5.381 5.684 4.944
10.681 10.581 10.514 10.401 10.311 10.229 10.136 10.019 9.944 9.876 9.881 9.881 9.816 9.741 9.591 9.469 9.634 9.614 9.466 9.786 10.796 9.121 9.034 8.966 8.876 8.756 8.621 8.426 8.259 9.991 11.401 12.481 13.316 14.104 13.714 11.654 9.024 7.934 7.679 7.551 7.266 7.126 6.959 6.849 6.704 6.671 6.726 6.724 6.711 6.664 6.586 6.409 6.409 6.516 7.289 6.524 6.036 5.986 5.946 6.246 5.749 7.069 6.916 6.154 6.159 5.661 5.589 5.549 5.451 5.741 8.841 8.904 6.429 5.479 4.821 4.956 5.076
10.601 10.524 10.449 10.336 10.231 10.131 10.044 9.939 9.839 9.819 9.839 9.794 9.706 9.619 9.509 9.474 9.569 9.601 9.856 10.286 9.896 9.074 9.036 8.886 8.756 8.699 8.524 8.276 8.509 10.761 12.144 12.956 13.909 14.941 14.986 14.361 12.994 7.771 8.086 8.091 7.849 7.911 7.744 6.819 6.681 6.741 6.786 6.764 6.691 6.624 6.536 6.409 6.286 6.176 6.046 6.146 5.966 5.886 5.806 5.749 6.306 7.741 5.771 5.716 5.799 6.381 6.769 6.604 6.336 7.381 9.161 9.516 6.389 4.896 4.794 4.751 4.729
10.524 10.454 10.369 10.284 10.179 10.059 9.984 9.876 9.756 9.781 9.751 9.679 9.594 9.494 9.389 9.491 9.431 9.749 9.524 9.866 9.709 9.049 8.954 8.806 8.711 8.641 9.161 9.474 8.419 10.439 12.626 13.841 14.681 15.271 15.244 14.636 10.746 7.804 7.834 7.841 7.809 8.834 8.859 6.789 6.734 6.766 6.839 6.791 6.719 6.611 6.566 6.726 6.729 6.131 5.974 5.921 5.871 5.811 5.791 5.664 5.971 5.941 5.686 6.614 5.984 7.939 7.689 6.519 7.401 8.681 8.576 9.274 5.776 4.786 4.654 4.574 4.481
10.424 10.364 10.279 10.189 10.099 9.986 9.896 9.781 9.716 9.704 9.659 9.604 9.474 9.379 9.381 9.694 9.376 9.476 9.294 9.131 9.706 10.046 9.081 8.766 8.706 8.929 10.731 10.366 8.371 8.714 11.041 14.196 14.874 15.249 15.094 14.246 9.206 7.866 7.831 7.801 8.234 9.466 7.356 6.791 6.826 6.789 6.846 6.774 6.666 7.321 7.004 7.801 6.521 6.031 5.931 5.916 5.834 5.749 5.689 5.631 5.501 5.464 6.221 5.691 7.251 7.009 6.441 6.884 5.504 6.844 7.359 6.566 5.446 4.734 4.616 4.591 4.544
10.366 10.271 10.184 10.106 10.024 9.909 9.836 9.724 9.659 9.631 9.576 9.501 9.421 9.369 9.514 9.739 9.386 9.139 9.116 9.116 9.074 9.311 9.759 9.394 8.784 9.989 10.994 8.709 8.219 8.184 9.559 11.651 13.246 14.564 14.861 14.221 8.876 7.874 7.836 7.801 9.479 7.986 6.794 6.829 6.866 6.854 6.839 6.779 6.716 6.876 7.894 6.904 6.094 5.964 5.891 5.841 5.766 5.686 5.604 5.514 5.481 6.084 6.131 6.206 6.904 5.179 5.134 5.731 5.616 5.031 6.179 6.101 4.986 4.661 4.679 4.641 4.509
10.309 10.194 10.111 10.051 9.944 9.834 9.719 9.664 9.624 9.571 9.521 9.446 9.364 9.366 9.561 9.199 10.301 9.784 9.236 8.959 8.901 8.814 8.781 9.251 9.576 9.224 8.934 8.496 8.244 8.219 8.609 9.491 10.486 10.846 13.609 13.104 8.051 8.034 7.871 8.214 8.449 6.959 6.766 6.876 6.909 6.846 6.816 6.741 6.856 7.056 7.126 7.314 6.754 6.099 5.834 5.771 5.726 5.654 5.541 5.491 5.439 5.399 5.391 7.061 5.659 5.084 7.091 9.164 8.224 6.831 5.786 5.759 4.761 4.721 4.729 4.736 4.486
10.251 10.134 10.049 9.951 9.851 9.744 9.659 9.636 9.581 9.509 9.441 9.371 9.326 9.494 9.381 9.514 10.079 10.074 10.214 8.841 8.791 8.736 8.666 8.586 8.596 9.066 9.051 9.399 8.951 8.229 8.196 8.126 8.259 8.149 8.056 8.624 7.846 7.804 7.846 8.859 7.246 6.824 6.859 6.896 6.889 6.854 6.786 6.771 6.841 6.531 6.416 6.249 6.134 6.556 6.324 6.006 5.981 5.761 5.521 5.499 5.404 5.311 5.301 6.901 7.024 6.624 9.159 10.276 10.069 9.514 9.294 8.976 6.446 5.114 4.631 4.594 4.509
10.206 10.099 10.001 9.896 9.809 9.681 9.671 9.624 9.521 9.464 9.386 9.314 9.336 9.501 9.481 10.781 9.239 9.456 9.269 8.871 8.729 8.664 8.586 8.501 8.734 10.444 10.569 10.691 9.069 8.209 8.121 7.989 7.906 7.864 7.861 7.844 7.801 7.749 8.091 7.776 6.834 6.856 6.874 6.881 6.869 6.766 6.756 6.714 6.636 6.501 6.351 6.154 6.239 8.499 7.071 6.684 5.984 6.574 5.894 5.449 5.359 5.276 5.281 5.554 5.631 5.794 8.251 9.311 9.826 10.381 11.384 10.819 9.956 8.726 6.164 5.174 4.949
10.161 10.054 9.966 9.854 9.766 9.656 9.631 9.584 9.504 9.426 9.349 9.294 9.566 9.546 9.831 9.876 8.951 8.761 8.794 8.836 8.819 8.569 8.511 8.369 9.499 10.514 13.081 13.149 11.791 9.474 8.186 7.959 7.834 7.801 8.376 8.079 7.751 7.806 8.649 7.199 6.831 6.854 6.889 6.821 6.801 6.744 6.744 6.639 6.491 6.391 6.196 6.351 8.169 9.726 9.519 8.374 6.336 6.404 5.689 5.509 5.991 5.296 5.189 5.134 5.136 5.061 5.349 6.179 7.436 8.931 10.604 11.254 11.316 10.651 9.579 7.911 4.909
10.074 9.981 9.881 9.781 9.676 9.636 9.624 9.544 9.481 9.406 9.294 9.331 9.601 9.424 10.646 10.404 8.866 8.789 8.681 8.574 8.824 8.511 8.411 8.196 8.586 11.916 13.496 14.241 13.746 11.659 9.374 8.456 7.939 7.681 7.784 7.944 8.064 8.164 7.191 6.811 6.841 6.876 6.846 6.814 6.766 6.734 6.619 6.541 6.701 7.421 6.739 9.014 9.326 10.534 10.734 9.706 8.364 6.091 5.689 5.986 5.956 5.466 5.156 5.119 5.059 4.974 5.161 5.054 5.554 5.274 7.411 9.879 10.779 11.359 11.289 9.141 4.681
9.976 9.876 9.774 9.686 9.609 9.589 9.559 9.491 9.449 9.321 9.224 9.574 9.979 10.319 9.739 9.064 8.724 8.691 8.631 8.519 8.429 8.384 8.599 8.241 10.574 13.369 14.029 14.219 13.419 10.509 8.104 8.974 9.341 7.829 7.411 7.436 7.786 7.589 6.829 6.851 6.851 6.839 6.816 6.816 6.774 6.659 6.949 6.369 6.511 6.634 7.444 10.114 10.209 11.076 11.191 9.619 8.256 7.311 5.926 5.814 5.881 6.494 5.536 5.136 5.029 4.929 4.846 4.859 5.174 4.804 4.794 5.766 7.794 10.031 10.939 7.066 4.249
9.904 9.794 9.709 9.616 9.566 9.539 9.496 9.409 9.301 9.246 9.321 10.024 10.096 9.954 9.456 8.859 8.739 8.601 8.511 8.479 8.359 8.461 8.306 8.599 11.269 13.541 14.324 13.539 11.986 9.099 7.939 7.926 8.151 8.961 7.709 7.189 6.921 6.799 6.791 6.861 6.881 6.859 6.796 6.761 6.686 6.561 6.444 6.349 6.246 6.244 7.704 9.101 9.966 10.606 10.274 8.604 7.849 5.844 5.486 5.374 5.311 6.834 6.539 5.671 5.341 5.031 4.891 4.719 4.661 4.631 4.649 4.939 4.689 6.124 8.734 4.741 4.206
9.801 9.701 9.621 9.544 9.524 9.479 9.421 9.324 9.229 9.186 9.546 10.039 9.286 9.106 9.059 8.999 8.879 8.571 8.506 8.419 8.346 8.354 9.536 9.726 9.329 11.189 12.519 12.379 9.609 8.381 7.934 7.884 7.851 7.841 7.789 8.289 7.134 6.791 6.801 6.864 6.841 6.816 6.819 6.686 6.659 6.644 6.321 6.251 6.279 6.126 7.749 8.461 8.776 9.381 8.874 8.146 6.509 5.521 5.399 5.351 5.259 5.184 5.286 5.944 6.619 5.531 4.851 4.784 4.624 4.566 4.531 4.444 4.461 4.489 4.484 4.206 4.334
9.674 9.626 9.519 9.496 9.464 9.414 9.336 9.234 9.174 9.311 9.709 9.476 8.954 8.921 8.984 9.171 10.401 9.984 8.754 8.384 8.506 10.024 10.071 13.329 13.631 10.081 9.029 9.101 8.921 8.131 7.866 7.839 7.781 7.724 7.929 7.856 6.759 6.766 6.836 6.791 6.824 6.829 6.754 6.539 6.439 6.379 6.234 6.176 6.304 6.781 6.051 6.829 8.454 8.514 8.334 7.009 5.616 5.394 5.376 5.329 5.239 5.151 5.036 5.196 7.336 5.834 4.881 4.656 4.581 4.516 4.451 4.379 4.336 4.251 4.204 4.139 4.074
9.601 9.539 9.481 9.451 9.401 9.319 9.219 9.146 9.119 9.556 9.751 8.954 8.821 8.796 8.904 8.804 9.194 9.729 10.109 9.146 10.334 11.404 13.021 15.094 15.429 14.116 11.369 8.354 8.179 8.281 7.596 7.494 7.661 7.631 8.766 6.749 6.699 6.774 6.769 6.769 6.761 6.809 6.534 6.431 6.376 6.291 6.161 6.306 7.569 8.461 7.814 5.981 5.886 7.516 7.301 5.664 5.489 5.381 5.339 5.264 5.189 5.129 5.046 5.221 5.751 5.239 5.011 4.901 4.499 4.436 4.391 4.311 4.274 4.216 4.176 4.141 4.059
9.519 9.431 9.411 9.354 9.316 9.226 9.159 9.089 9.374 9.896 9.429 8.894 8.741 8.726 8.549 8.246 8.256 10.571 11.251 9.984 9.066 11.101 13.689 15.629 16.379 15.486 13.979 9.131 8.394 7.574 8.101 7.521 6.926 6.869 6.874 6.674 6.764 6.751 6.729 6.701 6.819 6.569 6.416 6.321 6.246 6.149 6.089 8.471 9.671 8.979 8.524 8.224 7.111 5.869 5.776 5.554 5.394 5.326 5.249 5.199 5.121 5.209 6.549 6.391 5.661 5.199 6.966 9.194 6.751 5.536 4.334 4.311 4.259 4.239 4.229 4.336 4.099
9.424 9.344 9.321 9.286 9.211 9.139 9.089 9.139 9.904 9.854 9.571 9.011 8.669 8.491 9.291 8.411 9.721 11.949 11.891 10.264 8.419 8.331 9.644 14.049 15.361 15.104 12.079 8.319 7.911 7.689 7.106 7.364 6.666 6.589 6.614 6.684 6.696 6.736 6.691 6.641 6.721 6.459 6.306 6.209 6.131 6.026 6.551 9.274 10.124 10.169 9.324 8.634 7.416 5.726 5.981 5.996 5.924 5.501 5.176 5.089 5.089 5.794 7.144 5.621 6.294 5.689 10.349 11.086 10.516 9.171 7.306 4.711 4.276 4.216 4.204 4.179 4.136
9.329 9.266 9.241 9.179 9.116 9.064 9.056 9.521 9.796 9.039 9.171 8.681 8.501 8.871 10.791 10.539 11.451 12.964 12.601 12.011 10.331 8.809 8.771 9.429 12.471 12.786 9.071 7.679 7.571 7.156 6.739 6.596 6.529 6.539 6.596 6.696 6.686 6.651 6.624 6.611 6.516 6.324 6.181 6.124 5.989 6.066 7.516 9.491 10.729 10.909 9.764 8.244 6.396 5.706 5.459 5.451 6.029 5.821 5.324 5.034 5.029 5.081 6.714 5.501 4.756 6.571 12.134 12.079 11.571 10.974 10.359 6.321 5.771 5.559 4.411 4.106 4.139
9.261 9.199 9.151 9.089 9.024 8.999 9.171 9.824 9.659 9.254 8.746 8.741 8.514 9.504 10.694 11.026 12.534 12.934 11.814 12.266 12.231 10.969 8.821 8.901 8.596 8.239 7.724 7.601 7.496 7.414 6.641 6.466 6.501 6.524 6.621 6.636 6.654 6.616 6.671 6.511 6.331 6.204 6.036 6.586 6.326 6.529 9.051 10.151 11.011 10.221 8.531 5.876 5.796 5.451 5.409 5.336 5.351 5.379 5.721 5.034 4.959 5.181 5.966 4.829 5.016 9.791 11.244 11.791 12.106 11.969 10.214 4.251 7.129 10.059 8.541 6.841 6.136
9.199 9.101 9.069 8.999 8.949 8.984 9.484 9.291 8.884 9.449 8.606 8.789 9.026 8.554 9.209 11.526 12.504 11.844 10.776 10.394 11.669 9.911 8.039 8.189 8.151 8.271 8.049 7.564 7.441 7.356 6.616 6.416 6.454 6.519 6.591 6.624 6.549 6.556 6.729 6.286 6.154 6.039 6.271 8.329 8.476 7.229 7.699 9.329 10.031 9.284 6.166 6.031 5.424 5.346 5.299 5.266 5.211 5.151 5.161 5.349 5.456 5.526 4.819 4.529 4.464 6.629 9.226 10.439 11.231 11.789 7.369 5.586 11.189 11.144 10.599 10.004 9.371
9.094 9.016 8.976 8.891 8.886 9.229 9.416 8.794 8.621 9.851 9.586 8.536 8.576 8.464 8.864 8.809 10.629 10.304 8.786 8.174 8.486 8.086 7.921 8.081 8.649 8.004 8.569 8.061 7.394 6.879 6.371 6.379 6.434 6.479 6.534 6.504 6.501 6.409 6.279 6.171 6.364 6.306 8.096 9.494 9.859 9.164 7.949 7.511 8.221 7.494 5.896 5.921 5.291 5.236 5.196 5.151 5.116 5.076 5.039 5.011 5.581 5.111 4.599 4.489 4.436 4.421 4.359 6.659 9.461 9.821 4.224 8.729 11.221 11.689 11.099 11.001 10.344
