All_lidar/sz6086_DSM_2M.asc
ncols 500
nrows 500
xllcorner    460000
yllcorner    86000
cellsize     2
NODATA_value -9999
[rows 297 to 329 of 500, columns 0 to 72 of 500]
32.984 32.816 32.669 32.531 32.381 32.154 31.919 31.656 31.376 30.639 29.911 30.151 30.374 30.014 29.636 29.239 29.196 29.276 28.281 27.946 27.649 27.289 27.254 28.079 32.316 27.851 25.874 25.846 25.769 25.499 26.811 27.216 25.009 24.769 24.781 25.646 25.221 26.476 27.744 26.726 24.679 24.169 24.484 24.821 22.729 22.574 22.444 22.304 22.146 21.999 21.821 21.661 21.501 21.419 21.236 21.114 20.966 20.834 20.741 20.596 20.499 20.341 20.226 20.111 20.041 20.141 20.084 20.056 20.071 20.091 20.081 19.774 20.039
32.981 32.784 32.581 32.376 32.229 32.036 31.786 31.536 31.266 30.919 29.966 29.431 29.889 29.951 29.631 29.219 29.511 28.741 28.769 27.906 27.551 27.229 26.851 27.421 26.314 26.024 25.789 25.921 26.674 29.631 31.404 30.109 25.291 24.751 24.731 24.614 24.339 24.516 24.424 24.686 25.009 23.796 24.746 24.044 22.719 22.604 22.476 22.359 22.201 22.069 21.914 21.766 21.594 21.456 21.344 21.224 21.149 20.994 20.864 21.126 21.034 21.091 21.086 20.881 20.746 20.771 20.576 20.196 19.879 19.451 19.071 18.424 18.196
33.616 32.924 32.499 32.331 32.139 31.904 31.661 31.411 31.184 30.924 30.461 29.264 28.851 29.549 29.571 29.246 30.071 28.589 28.191 27.844 27.509 27.184 26.849 26.614 26.409 26.281 25.939 25.524 31.986 34.024 34.356 33.149 26.941 25.124 25.369 24.319 24.269 25.786 31.356 29.664 26.224 24.684 24.091 23.146 22.789 22.659 22.556 22.446 22.304 22.169 22.171 22.129 21.906 21.931 22.174 22.026 22.019 21.336 21.481 21.354 21.191 20.246 19.851 19.144 18.989 18.891 18.786 18.739 18.841 18.836 18.954 19.181 19.364
33.464 34.166 33.711 33.489 32.684 31.939 31.599 31.331 31.086 30.844 30.586 30.089 28.661 28.486 29.096 29.334 30.096 28.561 28.131 27.836 27.531 27.231 26.946 26.769 26.479 26.189 26.086 25.759 32.081 33.759 34.244 33.434 28.339 25.504 25.149 24.756 24.496 25.551 32.404 33.076 27.564 24.219 23.351 23.159 23.466 23.229 23.036 23.126 23.049 23.051 22.581 23.016 21.936 21.496 21.344 20.984 20.336 19.871 19.726 19.639 19.649 19.909 20.119 20.286 20.231 20.121 19.861 19.919 19.976 19.886 19.721 19.621 19.449
30.094 31.141 31.301 32.351 33.104 33.004 32.301 31.736 31.246 30.719 30.516 30.424 29.474 27.951 28.274 29.509 29.846 28.459 28.374 28.341 27.554 27.209 26.989 26.786 26.611 26.271 26.071 25.894 26.089 31.921 33.094 31.296 25.749 25.469 25.784 25.259 24.944 24.894 30.364 31.376 25.834 24.431 24.464 23.501 24.041 23.701 22.359 22.024 21.611 21.221 20.966 20.721 20.549 20.444 20.734 21.199 21.299 21.216 21.324 21.349 21.296 21.036 20.839 20.669 20.309 19.999 19.764 19.631 19.539 19.366 19.264 19.161 18.949
29.544 29.351 29.331 29.336 29.711 30.279 30.944 31.479 32.039 31.804 30.751 30.249 30.359 28.911 27.581 28.961 30.624 28.554 28.049 27.764 27.516 27.209 27.014 26.769 26.516 26.309 26.231 25.886 26.469 25.361 24.021 23.771 23.564 24.426 25.349 25.456 25.396 24.434 23.914 24.549 23.321 23.721 22.434 21.976 21.711 21.701 21.704 21.666 21.784 21.924 22.259 22.374 22.301 22.139 21.919 21.734 21.411 21.304 21.069 20.816 20.626 20.424 20.249 20.121 19.984 19.836 19.711 19.581 19.471 19.386 19.251 19.139 19.024
31.784 30.574 29.994 28.896 28.681 28.504 28.486 28.544 29.051 29.216 30.216 30.726 30.001 27.854 27.254 28.104 29.879 29.661 28.011 27.726 27.514 27.269 27.026 26.864 26.744 27.034 26.766 26.816 25.796 24.094 23.784 23.609 23.474 23.301 23.149 22.991 22.821 22.649 22.571 22.614 22.499 22.571 22.674 23.219 23.766 23.811 23.766 23.236 22.799 22.329 22.056 21.964 21.774 21.564 21.411 21.221 21.091 20.934 20.801 20.701 20.551 20.436 20.304 20.161 20.026 19.904 19.791 19.686 19.554 19.421 19.326 19.191 19.076
33.231 33.151 33.106 31.806 31.081 29.361 28.386 28.079 27.909 27.749 27.609 27.544 27.494 27.029 26.921 26.956 28.471 29.811 30.009 30.204 28.446 27.901 27.601 26.979 26.114 25.614 25.049 24.546 24.131 23.976 23.966 23.901 23.966 28.954 24.516 25.021 23.856 25.241 25.064 24.104 24.056 23.821 23.741 23.251 23.119 22.974 22.734 22.421 22.251 22.074 21.894 21.751 21.624 21.516 21.386 21.241 21.129 21.006 20.894 20.749 20.611 20.484 20.376 20.236 20.134 20.004 19.899 19.779 19.689 19.556 19.449 19.336 19.186
31.979 31.956 32.166 32.264 31.901 31.704 30.486 29.596 28.664 28.189 27.941 28.006 27.786 26.946 26.729 26.554 26.406 26.344 29.661 26.246 25.754 25.814 25.236 25.014 24.811 24.884 24.874 25.409 25.924 27.069 27.389 25.849 26.231 28.501 29.301 26.991 24.034 24.906 24.474 23.464 23.486 23.366 23.024 22.819 22.699 22.534 22.391 22.251 22.136 22.014 21.896 21.771 21.674 21.529 21.394 21.309 21.204 21.076 20.951 20.841 20.709 20.566 20.476 20.369 20.261 20.131 19.999 19.896 19.791 19.679 19.581 19.461 19.309
31.754 31.619 31.494 31.371 31.336 31.326 31.254 30.919 30.631 30.571 31.181 31.361 32.329 28.709 27.219 26.771 26.966 27.729 26.461 25.959 26.016 28.476 26.864 26.536 26.519 26.744 26.696 26.896 28.154 28.501 26.346 26.876 27.676 29.736 29.249 29.351 26.644 25.404 24.191 23.441 23.414 23.146 23.119 22.799 22.639 22.499 22.404 22.279 22.164 22.039 21.926 21.831 21.734 21.616 21.521 21.381 21.279 21.184 21.061 20.941 20.844 20.721 20.609 20.489 20.374 20.256 20.151 19.996 19.921 19.804 19.694 19.574 19.426
31.656 31.509 31.381 31.281 31.131 31.009 30.911 30.841 30.754 30.581 30.531 31.344 31.816 30.354 29.381 29.869 30.256 29.791 29.004 27.749 30.366 31.524 28.194 27.444 27.194 27.361 27.341 27.181 27.631 28.209 27.361 26.471 26.239 26.924 29.874 33.069 28.361 25.691 29.154 24.336 26.189 26.011 24.466 23.044 22.714 22.556 22.466 22.324 22.204 22.121 22.009 21.909 21.809 21.701 21.604 21.496 21.386 21.256 21.181 21.069 20.954 20.869 20.719 20.606 20.491 20.379 20.254 20.129 20.029 19.899 19.779 19.674 19.516
31.576 31.404 31.294 31.159 31.029 30.906 30.781 30.649 30.521 30.379 30.269 30.271 30.134 29.911 29.719 29.806 29.166 28.471 28.366 30.741 30.211 28.861 27.601 27.379 27.069 26.941 26.934 26.884 26.816 26.699 26.654 26.434 26.334 26.099 26.484 26.601 26.641 25.844 26.739 27.666 26.094 27.739 25.011 23.664 22.836 22.741 22.569 22.431 22.311 22.199 22.094 21.981 21.884 21.771 21.689 21.584 21.456 21.361 21.226 21.131 21.034 20.944 20.841 20.729 20.589 20.476 20.364 20.254 20.134 20.024 19.886 19.766 19.639
31.539 31.389 31.234 31.089 30.966 30.796 30.676 30.556 30.426 30.281 30.144 30.066 29.986 29.921 29.811 29.681 29.341 30.064 30.701 30.734 30.649 29.279 28.109 27.641 27.149 27.024 26.956 26.824 26.706 26.621 26.451 26.374 26.231 26.094 26.096 25.901 25.839 26.686 29.019 26.674 28.854 27.139 26.454 25.741 24.609 22.981 22.696 22.574 22.454 22.329 22.199 22.071 21.959 21.846 21.769 21.666 21.516 21.434 21.349 21.211 21.096 20.996 20.904 20.821 20.721 20.561 20.459 20.379 20.251 20.144 20.036 19.914 19.784
31.554 31.406 31.241 31.061 30.894 30.716 30.569 30.459 30.329 30.216 30.121 30.011 29.906 29.834 29.746 29.741 29.616 29.761 30.416 29.249 29.604 29.719 28.976 27.564 27.199 27.111 27.016 26.919 26.791 26.661 26.554 26.406 26.269 26.119 25.994 25.864 25.791 25.689 26.399 25.976 28.729 26.786 27.419 25.946 24.656 25.211 23.776 23.051 22.976 23.089 22.639 22.211 22.034 21.921 21.809 21.731 21.626 21.501 21.416 21.304 21.196 21.081 20.966 20.884 20.789 20.681 20.571 20.494 20.391 20.314 20.189 20.049 19.919
31.556 31.399 31.249 31.091 30.904 30.729 30.559 30.396 30.274 30.189 30.086 29.989 29.901 29.824 29.729 29.664 29.641 29.599 29.979 29.469 28.586 28.639 28.456 27.351 27.214 27.174 27.129 27.041 26.891 26.774 26.659 26.511 26.369 26.239 26.109 25.949 25.806 25.661 25.564 25.466 25.479 25.666 26.519 26.331 24.834 24.656 25.771 25.269 23.814 23.951 23.181 22.521 22.319 22.121 21.979 21.829 21.691 21.576 21.474 21.381 21.289 21.179 21.066 20.979 20.889 20.771 20.664 20.591 20.479 20.419 20.286 20.174 20.056
31.526 31.386 31.241 31.069 30.899 30.731 30.561 30.414 30.261 30.164 30.061 29.979 29.921 29.841 29.751 29.626 29.559 29.586 29.649 28.946 28.179 28.254 28.334 27.309 27.256 27.239 27.226 27.101 26.971 26.861 26.759 26.641 26.476 26.331 26.169 26.019 25.919 25.771 25.631 25.489 25.389 25.391 25.831 26.634 25.831 26.451 25.951 26.886 25.586 25.161 25.826 24.051 23.169 22.689 22.181 22.024 21.904 21.806 21.626 21.501 21.391 21.261 21.146 21.074 20.976 20.886 20.776 20.721 20.641 20.551 20.434 20.334 20.209
31.439 31.289 31.169 31.036 30.874 30.736 30.596 30.446 30.289 30.201 30.071 29.984 29.924 29.854 29.786 29.659 29.544 29.609 29.779 28.719 28.456 28.571 28.271 27.371 27.316 27.366 27.334 27.206 27.089 26.974 26.831 26.714 26.556 26.396 26.231 26.109 25.984 25.849 25.769 25.611 25.476 25.376 25.271 25.256 25.319 25.824 25.851 26.866 26.039 25.359 26.336 26.171 24.159 23.646 22.669 22.286 22.121 22.124 21.929 21.869 21.551 21.396 21.314 21.166 21.096 20.996 20.909 20.824 20.709 20.644 20.561 20.469 20.326
31.346 31.211 31.084 30.961 30.829 30.711 30.594 30.471 30.341 30.236 30.119 29.999 29.906 29.861 29.784 29.686 29.574 29.679 29.621 29.506 29.444 28.911 27.731 27.479 27.436 27.456 27.406 27.324 27.184 27.061 26.936 26.831 26.684 26.484 26.331 26.191 26.019 25.914 25.844 25.689 25.556 25.459 25.351 25.209 25.126 25.114 25.184 25.364 25.384 25.249 26.301 26.311 26.036 23.619 23.574 23.254 22.946 23.126 23.034 22.681 21.869 21.654 21.506 21.371 21.251 21.156 21.031 20.934 20.844 20.786 20.699 20.601 20.524
31.301 31.176 31.066 30.956 30.826 30.701 30.596 30.476 30.366 30.256 30.146 30.039 29.941 29.871 29.819 29.711 29.634 29.734 29.506 30.254 30.249 29.041 27.719 27.594 27.564 27.589 27.516 27.439 27.314 27.161 27.054 26.944 26.761 26.586 26.424 26.271 26.114 25.971 25.871 25.734 25.656 25.546 25.434 25.299 25.234 25.096 25.001 24.941 24.901 24.936 25.306 25.139 25.869 24.614 23.841 23.869 24.464 23.721 24.526 26.221 24.066 23.076 22.026 21.719 21.649 21.451 21.371 21.151 21.074 21.016 20.824 20.774 20.636
31.274 31.146 31.029 30.939 30.811 30.716 30.586 30.494 30.371 30.279 30.181 30.091 29.974 29.899 29.849 29.734 29.664 29.791 30.711 31.649 30.791 28.269 27.839 27.701 27.706 27.741 27.671 27.554 27.404 27.274 27.156 27.026 26.849 26.686 26.524 26.396 26.209 26.069 25.931 25.799 25.686 25.591 25.489 25.359 25.261 25.179 25.121 24.981 24.919 24.829 24.794 24.814 24.741 24.651 25.649 24.399 23.969 24.074 24.264 25.611 24.061 25.884 23.099 22.231 23.206 23.081 21.714 21.816 21.581 21.229 21.109 20.949 20.816
31.249 31.154 31.039 30.926 30.819 30.716 30.591 30.494 30.399 30.296 30.229 30.101 30.019 29.951 29.899 29.786 29.739 29.764 30.966 30.951 28.599 28.164 27.956 27.786 27.861 27.854 27.796 27.669 27.514 27.409 27.296 27.154 26.966 26.794 26.639 26.484 26.316 26.161 26.021 25.914 25.784 25.659 25.544 25.449 25.316 25.251 25.161 25.089 24.996 24.916 24.871 24.769 24.716 24.689 24.796 24.754 24.776 24.484 24.774 24.464 24.494 23.724 23.664 22.856 23.016 23.264 22.519 22.736 21.969 21.514 21.596 21.314 21.034
31.181 31.091 30.991 30.884 30.779 30.676 30.571 30.486 30.406 30.301 30.226 30.121 30.041 30.004 29.911 29.819 29.794 29.829 33.294 32.614 28.804 28.264 28.079 27.926 27.979 27.991 27.924 27.786 27.639 27.531 27.401 27.261 27.104 26.904 26.714 26.569 26.426 26.259 26.129 25.976 25.884 25.764 25.621 25.511 25.391 25.306 25.199 25.169 25.094 25.014 24.926 24.861 24.809 24.729 24.661 24.626 24.749 24.599 24.754 24.549 25.361 24.539 24.614 24.251 26.044 23.331 23.039 23.471 23.296 23.994 23.199 21.866 21.761
31.176 31.039 30.959 30.851 30.746 30.654 30.539 30.456 30.381 30.289 30.201 30.119 30.041 30.009 29.944 29.809 29.789 30.306 33.234 31.121 29.611 28.279 28.136 28.031 28.101 28.109 28.031 27.921 27.754 27.624 27.521 27.381 27.221 27.024 26.824 26.689 26.529 26.371 26.224 26.076 25.984 25.864 25.729 25.601 25.489 25.389 25.271 25.199 25.129 25.116 25.049 24.961 24.909 24.839 24.774 24.691 24.644 24.601 24.584 24.491 24.509 24.481 25.484 24.816 26.321 26.806 26.416 25.359 23.899 25.256 28.576 24.176 23.581
31.111 30.991 30.884 30.791 30.681 30.579 30.501 30.414 30.339 30.246 30.179 30.116 30.054 30.034 29.931 29.834 29.884 29.836 31.071 31.884 29.954 28.339 28.211 28.161 28.251 28.219 28.104 27.986 27.831 27.716 27.659 27.499 27.336 27.136 26.966 26.784 26.644 26.489 26.354 26.191 26.084 25.974 25.849 25.716 25.636 25.479 25.384 25.329 25.201 25.134 25.071 25.031 24.981 24.869 24.904 24.796 24.749 24.674 24.601 24.589 24.496 24.459 24.449 24.449 24.409 25.624 26.941 26.311 27.591 30.431 28.156 26.171 27.016
31.014 30.919 30.834 30.721 30.616 30.531 30.431 30.376 30.326 30.256 30.176 30.106 30.059 30.049 29.946 29.864 29.996 29.914 31.171 31.714 29.249 28.364 28.284 28.276 28.351 28.316 28.211 28.079 27.934 27.816 27.744 27.601 27.449 27.266 27.074 26.899 26.756 26.604 26.469 26.321 26.209 26.084 25.974 25.871 25.729 25.586 25.479 25.411 25.329 25.236 25.166 25.084 25.021 24.991 24.966 24.894 24.866 24.801 24.749 24.689 24.596 24.506 24.489 24.421 24.434 24.449 24.776 25.481 25.341 26.054 26.194 24.014 28.601
30.944 30.841 30.754 30.686 30.591 30.481 30.419 30.339 30.269 30.199 30.134 30.076 30.044 30.039 29.949 29.859 30.004 30.231 31.244 30.884 28.974 28.444 28.374 28.344 28.426 28.381 28.296 28.146 28.016 27.904 27.809 27.686 27.546 27.371 27.174 27.009 26.891 26.726 26.599 26.454 26.344 26.209 26.106 25.986 25.861 25.706 25.621 25.516 25.446 25.354 25.281 25.191 25.126 25.071 25.016 24.984 24.939 24.909 24.854 24.786 24.696 24.609 24.544 24.486 24.439 24.384 24.404 24.391 24.461 24.384 25.604 27.096 29.529
30.894 30.781 30.686 30.619 30.529 30.449 30.381 30.319 30.256 30.204 30.126 30.071 30.034 30.024 29.931 29.841 30.426 30.821 31.876 30.081 28.616 28.476 28.449 28.401 28.506 28.426 28.359 28.246 28.096 27.964 27.886 27.761 27.629 27.451 27.286 27.136 26.991 26.869 26.731 26.599 26.454 26.351 26.221 26.104 25.976 25.854 25.751 25.646 25.574 25.501 25.401 25.309 25.241 25.191 25.129 25.069 25.014 25.011 24.956 24.881 24.814 24.749 24.671 24.619 24.544 24.479 24.461 24.384 24.324 24.314 24.304 26.529 28.061
30.816 30.736 30.651 30.581 30.501 30.419 30.356 30.286 30.221 30.184 30.119 30.054 30.046 30.019 29.904 29.889 29.986 30.891 32.021 29.699 28.659 28.539 28.499 28.511 28.534 28.476 28.421 28.301 28.149 28.049 27.981 27.859 27.719 27.536 27.359 27.236 27.089 26.949 26.824 26.694 26.564 26.476 26.371 26.229 26.116 25.971 25.889 25.774 25.701 25.626 25.549 25.444 25.379 25.314 25.256 25.191 25.146 25.124 25.056 24.991 24.909 24.839 24.774 24.719 24.666 24.594 24.554 24.481 24.424 24.319 24.331 25.276 24.434
30.791 30.679 30.624 30.551 30.471 30.384 30.316 30.229 30.186 30.126 30.094 30.056 30.056 30.016 29.891 29.851 30.136 31.261 31.759 29.501 28.656 28.584 28.531 28.564 28.594 28.551 28.454 28.346 28.234 28.116 28.046 27.916 27.771 27.619 27.436 27.316 27.159 27.029 26.924 26.824 26.674 26.574 26.496 26.349 26.234 26.099 26.004 25.926 25.836 25.769 25.684 25.569 25.494 25.436 25.361 25.316 25.256 25.229 25.181 25.114 25.021 24.961 24.889 24.779 24.741 24.669 24.649 24.626 24.499 24.371 24.464 24.979 28.871
30.756 30.666 30.599 30.539 30.444 30.351 30.266 30.214 30.146 30.104 30.059 30.014 30.044 29.986 29.881 30.074 30.301 31.664 31.429 28.846 28.681 28.616 28.566 28.604 28.644 28.566 28.476 28.366 28.241 28.164 28.079 27.971 27.831 27.671 27.499 27.369 27.234 27.119 27.021 26.899 26.764 26.669 26.566 26.469 26.354 26.246 26.119 26.039 25.974 25.899 25.816 25.704 25.624 25.556 25.484 25.451 25.419 25.346 25.301 25.236 25.164 25.106 25.019 24.906 24.846 24.794 24.741 24.686 24.566 24.444 24.546 24.826 27.459
30.756 30.654 30.559 30.501 30.416 30.349 30.261 30.196 30.124 30.086 30.051 30.011 30.024 29.944 29.856 29.981 30.491 31.796 30.794 28.794 28.679 28.619 28.584 28.644 28.669 28.589 28.494 28.391 28.274 28.189 28.134 28.029 27.891 27.716 27.539 27.446 27.291 27.186 27.086 26.979 26.861 26.756 26.666 26.566 26.464 26.349 26.259 26.169 26.096 26.016 25.951 25.824 25.756 25.684 25.614 25.571 25.521 25.471 25.434 25.381 25.309 25.209 25.139 25.041 24.956 24.906 24.864 24.799 24.609 24.689 24.799 24.769 26.111
30.671 30.579 30.501 30.434 30.361 30.291 30.241 30.154 30.101 30.059 30.041 30.024 29.994 29.921 29.861 29.994 30.411 31.851 30.629 28.776 28.696 28.646 28.624 28.666 28.669 28.616 28.564 28.406 28.304 28.241 28.159 28.059 27.929 27.776 27.611 27.479 27.351 27.231 27.109 27.036 26.919 26.836 26.736 26.659 26.549 26.436 26.354 26.246 26.194 26.139 26.054 25.949 25.856 25.786 25.734 25.681 25.631 25.611 25.559 25.476 25.424 25.341 25.251 25.159 25.084 25.021 24.969 24.916 24.739 24.779 24.909 25.831 25.909
30.589 30.499 30.429 30.374 30.306 30.239 30.174 30.119 30.066 30.026 29.984 29.986 29.956 29.886 29.859 30.579 30.781 32.014 29.904 28.721 28.701 28.686 28.669 28.659 28.689 28.646 28.549 28.441 28.324 28.246 28.171 28.076 27.939 27.791 27.651 27.511 27.399 27.279 27.201 27.089 26.979 26.876 26.809 26.719 26.624 26.516 26.419 26.356 26.274 26.226 26.149 26.051 25.976 25.896 25.841 25.794 25.751 25.714 25.636 25.581 25.541 25.461 25.369 25.276 25.214 25.129 25.091 25.026 24.846 24.739 24.971 26.541 26.386
