All_lidar/sz6094_DSM_2M.asc
ncols 500
nrows 500
xllcorner    460000
yllcorner    94000
cellsize     2
NODATA_value -9999
[rows 396 to 428 of 500, columns 150 to 224 of 500]
-2.087 -2.062 -1.995 -2.1 -9999 -2.024 -2.091 -1.999 -2.077 -2.226 -2.078 -2.013 -2.03 -2.016 -1.983 -2.056 -2.112 -9999 -1.996 -2.064 -2.042 -2.057 -2.04 -2.133 -2.041 -1.991 -2.003 -2.168 -2.016 -2.002 -2.037 -2.089 -2.01 -2.063 -2.039 -2.107 -2.071 -1.959 -1.981 -2.018 -1.983 -2.034 -2.061 -1.996 -2.031 -2.036 -2.006 -2.004 -1.978 -2.04 -2.047 -2.041 -2.001 -2 -2.004 -1.964 -1.972 -2.052 -1.952 -2.006 -2.043 -1.988 -1.968 -1.976 -2.028 -2.041 -2.083 -2.057 -2.02 -1.986 -2.033 -2.021 -1.989 -2.039 -2.025
-2.113 -2.131 -1.978 -2.104 -2.044 -2.109 -2.057 -2.099 -2.039 -2.18 -1.99 -2.003 -2.035 -2.127 -2.02 -1.997 -2.012 -2.067 -2 -2.093 -2.055 -1.994 -1.982 -2.028 -2.076 -2.065 -2.041 -2.175 -2.032 -1.998 -1.968 -1.968 -2.085 -2.048 -2.028 -2.086 -2.016 -2.066 -1.963 -2.057 -1.985 -2.083 -2.114 -2.007 -1.978 -1.998 -2.085 -1.955 -2.014 -2.016 -2.049 -2.05 -2.053 -1.983 -1.949 -2.015 -2.047 -1.993 -2.033 -2.072 -1.984 -2.018 -1.984 -2.002 -1.986 -1.991 -2.113 -2.078 -2.06 -1.994 -1.987 -1.963 -2.01 -1.962 -2.025
-2.036 -2.184 -9999 -2.002 -2.05 -2.031 -2.017 -2.067 -2 -2.11 -2.052 -2.027 -2.003 -2.044 -2.049 -1.997 -1.988 -2.08 -2.026 -2.048 -9999 -1.976 -2.013 -2.057 -2.123 -9999 -1.97 -2.011 -2.038 -2.135 -2.097 -2.065 -2.049 -2.01 -2.086 -2.015 -1.943 -2.023 -1.998 -2.008 -2.012 -1.995 -2.069 -2.03 -1.979 -2.032 -2.104 -2.021 -2.046 -2.047 -2.006 -2.037 -2.071 -2.016 -1.96 -2.02 -2.095 -2 -2.013 -2.048 -1.981 -1.967 -2.003 -1.951 -2.07 -1.968 -2.063 -2.021 -2.035 -1.981 -2.01 -1.957 -1.999 -1.978 -1.958
-2.071 -2.019 -9999 -1.981 -2.061 -2.12 -2 -2.097 -2.057 -2.036 -1.983 -9999 -2.063 -2.035 -1.993 -2.1 -2.064 -2.069 -2.041 -9999 -2.033 -1.986 -1.979 -1.979 -2.02 -2.079 -2.083 -1.956 -1.988 -1.994 -2.02 -2.05 -2.035 -1.998 -2.055 -2.028 -1.935 -1.984 -2.007 -2.026 -2.04 -2.073 -1.992 -2.078 -2.018 -2.044 -2.096 -2.035 -2.035 -2.003 -2.042 -2.045 -2.027 -2.003 -1.949 -2.028 -2.053 -2.037 -2.004 -2.014 -1.999 -1.964 -2.003 -1.959 -2.036 -2.021 -2.101 -2.031 -2.002 -1.961 -1.988 -1.953 -2.012 -1.998 -1.993
-2.075 -2.072 -2.128 -1.944 -2.046 -2.162 -2.079 -2.045 -2.01 -2.05 -2.049 -9999 -2.049 -1.981 -2.056 -2.13 -2.031 -2.043 -2.101 -9999 -1.969 -2.044 -2.087 -2.07 -2.001 -1.976 -2.019 -1.963 -2.057 -2.074 -2.048 -2.158 -2.06 -2.03 -2.021 -2.027 -2.062 -2.027 -2.092 -2.001 -2.031 -2.059 -1.983 -1.97 -1.975 -1.988 -2.113 -2.069 -2.047 -1.952 -1.981 -2.038 -2.049 -1.998 -1.987 -2.072 -2.053 -2.005 -2.047 -2.036 -1.967 -1.937 -1.957 -1.957 -2.033 -2.015 -2.04 -2.062 -1.995 -1.976 -1.987 -1.947 -2.046 -2.038 -2.056
-2.132 -2.081 -2.03 -2.054 -2.054 -2.025 -9999 -2.016 -2.111 -2.025 -2.086 -2 -2.08 -2.217 -2.095 -1.959 -2.021 -2.03 -2.017 -2.011 -2.036 -2.037 -2.079 -2.012 -2.089 -2.053 -2.162 -2.016 -1.974 -1.942 -2.05 -2.048 -1.919 -1.994 -2.096 -1.941 -2.017 -1.963 -2.026 -2.042 -1.982 -2.037 -2.061 -2.014 -2.038 -1.966 -2.046 -2.106 -2.07 -2.028 -2.005 -2.024 -2.033 -2.016 -1.949 -2.032 -2.078 -2.055 -2.067 -2.09 -1.956 -1.929 -1.94 -1.979 -2.087 -2.014 -2.055 -2.035 -2.031 -1.965 -2.04 -1.949 -1.94 -1.971 -2.063
-2.093 -2.122 -9999 -2.025 -2.092 -2.03 -2.03 -1.97 -2.022 -2.024 -2.041 -2.044 -2.042 -2.037 -2.055 -2.099 -2.039 -2.106 -1.971 -2.022 -2.022 -1.975 -2.012 -2.066 -1.999 -2.047 -2.058 -2.033 -2.096 -1.98 -2.017 -2.093 -1.958 -1.985 -2.035 -2.067 -1.985 -2.01 -2.071 -2.027 -2.046 -2.006 -2.088 -2.183 -2.003 -1.947 -1.978 -2.085 -2.199 -2.033 -1.964 -2.086 -1.992 -1.999 -1.93 -1.953 -2.074 -2.027 -2.021 -2.062 -2.029 -1.989 -1.988 -2.003 -2.028 -1.989 -2.083 -2.051 -1.998 -1.959 -1.985 -1.951 -1.971 -1.972 -2.004
-2.02 -2.051 -2.023 -9999 -2.083 -2.018 -2.043 -2 -2.056 -2.076 -2.023 -2.066 -2.06 -1.976 -1.941 -2.02 -2.028 -2.045 -2.113 -2.053 -2.009 -2.072 -2.095 -2.049 -2.034 -2.023 -2.084 -2.026 -2.048 -2.061 -2.05 -2.053 -2.013 -1.975 -2.068 -2.038 -1.963 -1.981 -1.979 -2.06 -2.019 -2.065 -2.023 -2.095 -1.967 -1.972 -2.041 -1.982 -2.078 -2.101 -1.979 -2.038 -1.957 -2.039 -1.969 -1.963 -2.033 -2.059 -1.994 -2.004 -2.035 -2.035 -1.997 -1.928 -1.978 -2.013 -1.961 -2.012 -2.078 -1.967 -1.995 -2.072 -1.956 -2.032 -2.04
-2.114 -2.004 -1.963 -9999 -9999 -2.058 -2.066 -2.092 -2.075 -2.034 -2.049 -2.097 -2.124 -2.084 -2.048 -2.002 -2.05 -1.98 -2.058 -2.034 -2.058 -2.09 -2.005 -2.036 -2.042 -1.999 -2.014 -1.989 -2.128 -2.005 -2.023 -2.051 -2.026 -1.959 -1.974 -1.985 -1.982 -2.016 -2.055 -2.105 -2.05 -1.997 -2.011 -1.997 -1.98 -2.013 -2.049 -2.043 -2.028 -2.047 -1.986 -1.967 -1.943 -2.013 -1.967 -1.997 -2.083 -2.057 -2.026 -1.967 -2.019 -1.965 -2.004 -1.997 -1.944 -1.981 -2.036 -1.988 -2.017 -2.023 -1.939 -1.983 -1.994 -2.047 -2.083
-1.959 -9999 -2.029 -2.14 -2.066 -2.056 -2.069 -2.021 -2.112 -2.001 -1.995 -2.072 -2.084 -2.003 -1.991 -2.095 -2.024 -2.019 -2.061 -2.073 -2.044 -1.986 -2.044 -2.018 -2.09 -2.111 -2.104 -2.029 -1.999 -2.103 -2.024 -2.068 -2.161 -1.968 -1.99 -2.019 -1.966 -1.964 -2.033 -2.152 -2.082 -2.089 -2.012 -1.979 -1.985 -1.983 -2.057 -2.018 -2.035 -2.089 -1.991 -2.077 -1.927 -1.962 -2.01 -2.065 -2.092 -2.098 -2.029 -2.03 -2.005 -1.941 -1.98 -2.007 -2.005 -2.033 -2.031 -2.058 -2.032 -1.982 -2.013 -2.07 -1.963 -2.016 -2.052
-1.99 -2.097 -2.133 -2.087 -2.054 -1.968 -2.004 -2.065 -2.052 -2.088 -2.151 -1.978 -1.991 -1.982 -9999 -2.064 -2.052 -1.966 -1.986 -2.083 -2.099 -2.12 -2.024 -2.041 -2.043 -2.119 -2.048 -2.073 -2.032 -2.024 -2.012 -2.033 -2.067 -2.011 -2.007 -1.969 -2.085 -1.972 -2.034 -2.107 -2.054 -2.114 -1.876 -1.968 -1.973 -1.984 -2.012 -2.112 -2.071 -2.009 -2.012 -2.033 -2.004 -1.987 -2.016 -2.062 -2.095 -2.065 -2.043 -2.151 -1.996 -1.967 -1.935 -1.982 -2.062 -2.055 -1.997 -2.051 -2.018 -1.978 -1.939 -2.02 -1.972 -2.011 -2.022
-2.034 -2.152 -2.059 -2.142 -2.025 -2.076 -2.088 -2.098 -2.086 -2.043 -9999 -1.953 -2.073 -2.009 -2.081 -2.133 -2.162 -9999 -2.008 -2.075 -2.036 -2.039 -2.111 -2.063 -2.007 -2.044 -2.03 -2.114 -1.984 -2.035 -2.067 -2.031 -2.085 -2.042 -2.015 -2.037 -2.008 -2.048 -2.037 -2.037 -2.004 -2.093 -2.014 -1.96 -2.016 -2.058 -2.016 -2.006 -2.078 -2.051 -2.057 -2.014 -2.043 -1.974 -2.029 -2.035 -2.009 -2.067 -2.009 -2.063 -2.001 -2.075 -1.954 -1.964 -1.973 -2.12 -2.049 -1.954 -2.049 -2.08 -1.962 -2.043 -2.063 -2.029 -2.074
-2.056 -2.127 -2.021 -2.052 -2.091 -1.978 -2.095 -2.097 -9999 -1.986 -2.06 -1.992 -1.984 -2.003 -2.012 -9999 -9999 -2.027 -2.108 -2.103 -2.023 -2.012 -2.025 -2.019 -2.034 -2.054 -1.974 -2.056 -2.08 -2.036 -2.024 -2.052 -2.041 -2.07 -1.969 -2.037 -2.119 -2.056 -2.041 -2.067 -1.979 -1.958 -2.01 -2.017 -2.041 -2.027 -2.054 -2.025 -2.048 -2.03 -2.008 -1.987 -1.951 -2 -2.057 -2.038 -2.033 -2.035 -2.01 -2.005 -2.067 -1.99 -1.952 -1.981 -2.043 -2.006 -2.065 -2.022 -2.081 -2.006 -1.982 -1.986 -1.977 -2.01 -2.061
-2.014 -2.085 -2.088 -2.061 -9999 -1.999 -2.09 -2.03 -1.984 -2.107 -2.043 -2.011 -2.105 -2.03 -2.054 -2.048 -2.006 -2.105 -2.006 -2.101 -2.12 -2.064 -2.037 -2.007 -2.082 -1.979 -2.053 -2.018 -2.114 -2.08 -1.997 -2.006 -2.142 -2.069 -2.007 -1.975 -1.956 -2.114 -1.988 -2.081 -2.127 -2.09 -2.008 -2.015 -1.976 -2.044 -1.992 -2.106 -2.049 -2.039 -2.002 -2.013 -1.997 -2.005 -2.029 -1.971 -1.971 -2.03 -2.018 -1.996 -1.994 -2.018 -2.056 -1.969 -2.03 -1.994 -2.134 -2.021 -2.054 -2.002 -1.959 -2.037 -2.042 -1.953 -2.079
-2.043 -2.087 -2.069 -2.026 -2.077 -2.052 -2.007 -1.971 -2.071 -2.128 -2.034 -2.005 -2.067 -2.073 -2.01 -2.054 -2.057 -2.056 -2.055 -2.043 -9999 -2.068 -2.117 -2.047 -2.074 -9999 -2.329 -2.081 -2.139 -2.077 -2.011 -2.057 -2.063 -2.038 -2.021 -1.912 -2.048 -1.988 -1.944 -2.009 -2.143 -2.056 -2.029 -2.007 -1.941 -2.13 -1.965 -2.067 -2.05 -2.085 -2.007 -2.002 -2.091 -2.02 -1.994 -2.007 -2.097 -2.057 -2.014 -2.018 -2.035 -1.98 -2.039 -1.974 -2.115 -2.012 -2.044 -1.964 -2.104 -2.086 -1.971 -2.031 -2.12 -2.025 -1.972
-2.095 -1.982 -1.997 -2.042 -1.998 -2.109 -2.063 -2.028 -2.026 -2.07 -2.011 -2.062 -2.083 -2.107 -1.907 -2.059 -2.067 -1.979 -2.068 -2.048 -9999 -2.054 -2.002 -2.085 -2.054 -2.096 -2.099 -2.04 -2.034 -2.128 -2.044 -2.093 -2.037 -1.99 -1.994 -2.032 -2.009 -1.978 -2.015 -2.001 -2.05 -2.004 -1.927 -2.001 -2.035 -2.025 -1.972 -2.036 -2.148 -2.127 -1.998 -2.037 -2.097 -2.087 -2.022 -2.02 -1.999 -2.001 -1.991 -2.026 -1.957 -1.975 -1.971 -2.023 -2.048 -2.021 -1.995 -1.969 -1.964 -2.073 -2.009 -2.033 -1.984 -2.012 -1.986
-2.081 -9999 -2.036 -2.1 -1.998 -2.055 -9999 -2.021 -2.065 -2.081 -2.08 -2.063 -2.08 -2.101 -2.056 -1.984 -2.119 -2.061 -2.045 -2.042 -9999 -2.11 -2.149 -2 -1.991 -2.119 -2.066 -2.165 -1.998 -2.058 -2.049 -2.102 -2.107 -2.028 -2.143 -2.122 -2.013 -2.067 -2.071 -2.078 -2.039 -2.075 -2.016 -1.982 -2.071 -2.02 -1.964 -2.047 -2.064 -2.006 -2.011 -1.993 -2.064 -2.045 -2.014 -2.006 -2.019 -2.032 -2.034 -2.093 -1.966 -1.996 -2.095 -1.994 -2.038 -1.991 -1.989 -2 -2.049 -1.999 -2.03 -2.046 -2.055 -2.004 -2.031
-2.009 -2.081 -2.13 -2.043 -2.014 -2.06 -2.036 -2.119 -2.045 -2.042 -1.995 -2.036 -2.025 -2.067 -2.04 -2.084 -2.067 -2.088 -2.108 -2.067 -2.044 -2.149 -2.092 -1.977 -2.015 -2.079 -2.027 -2.038 -2.022 -2.081 -2.079 -2.079 -2.107 -9999 -2.03 -2.093 -2.017 -2.024 -2.022 -2.039 -1.998 -2.084 -2.05 -1.944 -1.996 -2.037 -2.076 -2.03 -1.976 -2.018 -2.04 -2.049 -2.137 -2.081 -2.008 -2.011 -2.037 -1.979 -1.992 -2.02 -2.037 -2.027 -2.018 -2.092 -1.976 -2.031 -2.024 -1.951 -2.02 -2.049 -1.951 -2.039 -1.992 -1.981 -2.014
-2.062 -2.027 -2.046 -2.073 -2.068 -2.046 -2.028 -2.081 -2.059 -2.139 -2.007 -2.077 -2.036 -2.027 -2.003 -2.109 -2.134 -2.049 -2.07 -2.064 -2.03 -2.04 -2.122 -2.111 -2.158 -2.107 -2.008 -2.028 -2.167 -2.028 -2.039 -9999 -2.099 -2.096 -1.968 -1.995 -2.04 -2.135 -2.039 -2.048 -2.155 -9999 -2.021 -9999 -1.985 -1.981 -2.067 -2.038 -1.977 -2.033 -2.134 -9999 -1.977 -1.975 -2.005 -2.038 -1.998 -2.017 -1.995 -2.014 -2.013 -2.029 -2.056 -2.009 -1.994 -1.948 -1.974 -2.084 -2.054 -1.982 -2.06 -1.972 -2.002 -2.056 -2.038
-2.046 -2.046 -2.054 -2.115 -2.013 -2.083 -2.029 -2.116 -2.083 -1.986 -2.103 -2.034 -2.025 -2.073 -2.119 -2.007 -2.026 -2.089 -2.015 -2.067 -2.004 -2.035 -2.053 -2.052 -2.053 -2.109 -2.104 -2.03 -2.1 -2.017 -2.053 -2.122 -2.14 -2.105 -2.059 -2.024 -2.005 -2.037 -9999 -1.993 -2.042 -2.129 -2.033 -2.079 -1.967 -2.051 -1.976 -2.013 -2.045 -2.091 -2.084 -2.026 -1.972 -1.977 -1.969 -2.023 -2.103 -2.065 -2.037 -2.022 -2.005 -1.971 -2.137 -2.017 -2.024 -2.048 -1.954 -1.974 -1.978 -2.024 -2.066 -2.045 -2.014 -1.925 -2.016
-2.101 -2.063 -2.101 -2.103 -1.985 -2.05 -2.07 -2.026 -2.057 -2.01 -2.029 -2.019 -2.134 -1.985 -2.053 -2.026 -2.075 -1.949 -2.023 -2.126 -2.048 -2.037 -2.028 -2.064 -2.039 -2.066 -2.235 -2.049 -2.045 -2.067 -2.037 -2.103 -2.036 -2.106 -9999 -2.027 -2.099 -2.038 -2.027 -2.034 -2.093 -2.107 -2.01 -2.042 -1.978 -2.09 -2.012 -2.017 -2.039 -2.037 -2.01 -2.058 -2.02 -2.045 -2.04 -2.083 -2.074 -1.954 -1.973 -2.06 -1.963 -2.008 -2.072 -1.983 -2.005 -2.007 -1.943 -2.028 -2.036 -2.059 -1.994 -2.049 -1.985 -1.993 -1.963
-2.082 -2.079 -2.041 -2.053 -2.031 -2.017 -2.049 -2.048 -2.095 -2.076 -2 -1.981 -2.088 -2.053 -2.073 -2.022 -2.057 -2.015 -2.024 -2.117 -2.088 -2.086 -2.035 -2.143 -2.026 -1.985 -2.13 -2.024 -2.041 -2.076 -2.06 -2.017 -2.059 -2.034 -1.979 -2.134 -2.093 -2.159 -2.054 -2.004 -2.078 -2.046 -2.158 -2.077 -2.055 -2.056 -1.979 -2.133 -2.007 -2.126 -2.085 -2.069 -2.125 -2.037 -2.091 -2.033 -1.999 -1.975 -1.998 -2.012 -2.004 -2.117 -1.953 -1.956 -1.997 -2.137 -1.926 -1.965 -2.056 -2.06 -2.071 -2.04 -2.006 -1.962 -1.983
-2.133 -2.12 -2.076 -2.178 -2.115 -2.033 -9999 -2.07 -2.052 -2.087 -2.123 -2.073 -2.067 -2.127 -2.103 -2.098 -2.012 -2.025 -9999 -2.043 -2.086 -2.117 -2.074 -2.086 -2.146 -9999 -1.997 -2.054 -2.099 -1.994 -2.097 -2.114 -2.055 -1.99 -2.077 -2 -2.022 -2.121 -2.053 -2.041 -2.17 -2.089 -2.069 -2.011 -2.074 -2.075 -1.924 -2.099 -1.951 -2.018 -2.02 -2.02 -2.079 -2.091 -2.042 -2.064 -1.987 -1.957 -1.974 -2.027 -2.026 -2.083 -2 -2.012 -2.023 -2.026 -1.975 -1.991 -2.012 -2.041 -2.016 -2.031 -2.046 -1.971 -1.988
-2.101 -2.009 -2.14 -2.115 -2.077 -2.1 -2.081 -2.059 -2.039 -9999 -2.157 -2.027 -2.081 -2.189 -2.102 -1.95 -2.059 -2.149 -9999 -2.066 -2.056 -2.053 -2.056 -2.033 -2.001 -2.051 -9999 -2.025 -2.06 -2.047 -2.064 -2.067 -2.024 -2.042 -2.096 -2.067 -2.093 -2.044 -2.035 -2.005 -2.078 -2.037 -2.141 -1.994 -1.995 -2.052 -9999 -2.022 -2.024 -2.056 -2.018 -2.068 -2.055 -2.069 -2.011 -1.998 -2.021 -1.946 -1.979 -2.042 -2.096 -2.018 -2.048 -2.063 -2.11 -2.013 -1.992 -2.029 -1.964 -1.975 -1.99 -2.026 -2.081 -1.988 -1.985
-2.018 -2.047 -2.043 -2.151 -2.04 -2.09 -2.039 -2.054 -2.079 -2.106 -2.095 -2.089 -2.081 -2.098 -2.046 -9999 -2.016 -2.159 -2.061 -2.118 -2.052 -2.119 -2.01 -2.082 -1.983 -2.005 -9999 -2.065 -2.064 -2.045 -2.076 -2.001 -2.048 -2.155 -2.064 -2.003 -2.052 -2.076 -1.994 -2.014 -1.954 -2.102 -9999 -2.011 -2.072 -1.979 -1.958 -1.937 -2.039 -2.068 -2.016 -2.035 -1.998 -2.049 -1.978 -1.935 -2.036 -2.011 -2.073 -2.121 -2.041 -1.98 -2.037 -1.953 -1.999 -1.965 -2.008 -1.992 -2.02 -2.073 -2.017 -1.981 -2.031 -1.984 -1.997
-2.012 -2.118 -2.081 -2.126 -2.045 -2.127 -1.986 -2.051 -2.086 -2.087 -2.125 -2.157 -2.054 -2.03 -2.09 -2.195 -2.077 -2.141 -2.106 -2.06 -2.02 -2.046 -2.081 -2.06 -2.075 -2.016 -2.004 -2.044 -2.098 -2.023 -2.058 -2.045 -2.017 -2.104 -2.04 -2.104 -1.959 -2.154 -2.045 -2.032 -2.118 -2.129 -9999 -2.075 -2.166 -2.13 -2.005 -1.99 -2.002 -1.971 -2.028 -2.028 -2.103 -2.081 -2.058 -2.028 -1.971 -2.032 -2.03 -2.134 -2.08 -2.062 -9999 -2.026 -2.06 -2.041 -2.046 -2.021 -2.002 -2.032 -2.026 -2.073 -2.03 -1.937 -1.978
-2.069 -2.056 -2.072 -2.127 -2.06 -2.011 -2.121 -2.023 -2.081 -2.037 -2.075 -2.064 -2.171 -2.057 -2.01 -2.108 -2.081 -2.047 -1.999 -2.001 -2.016 -2.133 -2.068 -2.054 -2.075 -2.044 -9999 -9999 -2.04 -1.985 -1.919 -2.003 -2.049 -2.093 -2.079 -2.03 -1.971 -2.018 -2.049 -2.054 -2.083 -2.064 -2.141 -2.048 -2.083 -2.004 -2.012 -2.024 -1.995 -1.996 -2.078 -2.086 -2.036 -2.037 -2.077 -2.051 -1.955 -1.952 -2.019 -2.133 -2.081 -2.053 -2.039 -2.054 -1.972 -2.021 -1.966 -2.045 -1.982 -1.989 -1.96 -2.068 -9999 -1.995 -1.953
-2.013 -2.055 -2.077 -2.036 -2.035 -1.995 -2.061 -2.037 -2.1 -2.105 -2.11 -2.078 -2.029 -2.173 -1.94 -2.04 -2.119 -2.09 -2.069 -2.076 -1.978 -2.065 -2.027 -2.095 -2.143 -2.035 -2.059 -2.026 -2.026 -2.064 -2.005 -1.994 -2.082 -2.083 -9999 -9999 -2.027 -2.125 -2.027 -2.003 -2.049 -2.014 -2.032 -2.05 -2.044 -2.017 -2.098 -1.998 -1.996 -2.069 -2.074 -2.036 -2.132 -1.975 -1.958 -2.015 -2.092 -9999 -2.017 -2.013 -1.997 -2.074 -2.07 -2.029 -2.003 -2.074 -1.961 -2.038 -2.03 -2.091 -1.988 -2.078 -2.017 -2.029 -2.013
-2.142 -2.151 -2.007 -2.081 -2.076 -2.078 -1.968 -2.028 -2.076 -2.119 -2.117 -2.016 -1.999 -2.091 -2.063 -2.083 -2.112 -2.146 -2.131 -2.05 -2.011 -2.057 -2.085 -2.087 -2.114 -2.109 -2.026 -2.007 -2.1 -2.061 -2.003 -9999 -2.076 -2.061 -2.127 -1.976 -2.012 -2.034 -9999 -2.132 -1.997 -2.037 -2.048 -2.018 -2.001 -2.088 -2.045 -1.956 -1.95 -9999 -2.06 -2.021 -2.07 -2.052 -2.023 -2.074 -2.056 -2.003 -1.976 -1.948 -1.977 -2.062 -2.004 -2.007 -1.988 -2.031 -1.987 -2.019 -2.006 -2.094 -2.003 -1.974 -1.975 -2.021 -2.044
-2.092 -2.051 -2.052 -2.079 -2.097 -2.103 -2.084 -2.067 -2.04 -2.066 -2.07 -2.066 -2.007 -2.088 -2.053 -2.118 -2.067 -2.074 -2.078 -2.041 -2.106 -2.064 -2.046 -2.08 -2.073 -2.092 -2.031 -2.018 -2.074 -2.001 -2.022 -2.186 -2.151 -2.087 -2.102 -1.99 -2.007 -2.038 -2.105 -2.067 -9999 -2.079 -2.059 -2.016 -1.936 -2.035 -2.093 -2.024 -2.05 -2.096 -2.064 -2.039 -2.045 -2.06 -2.003 -2.077 -2.071 -2.046 -1.964 -2.078 -1.95 -2.001 -2.011 -1.994 -1.983 -1.977 -2.021 -2.033 -1.961 -2.002 -2.015 -2.105 -2.01 -2.031 -1.952
-2.087 -2.089 -2.076 -2.047 -2.099 -9999 -2.07 -2.047 -2.075 -2.018 -2.088 -2.051 -2.043 -2.088 -2.01 -2.045 -9999 -2.05 -2.149 -2.082 -2.039 -2.094 -2.14 -2.017 -9999 -2.036 -9999 -2.106 -2.072 -2.019 -2.045 -2.073 -2.1 -2.048 -2.136 -1.976 -1.963 -1.982 -2.061 -1.968 -2.067 -2.13 -2.025 -2.076 -2.021 -2.034 -2.115 -2.088 -2.055 -2.052 -2.08 -2.079 -2.007 -2.017 -2.07 -1.982 -1.971 -1.988 -2.029 -2.005 -2.075 -2.037 -2.11 -2.058 -1.935 -1.956 -1.987 -2.043 -2.017 -2.093 -2.074 -2.014 -1.979 -2.068 -2.003
-2.049 -2.028 -2.054 -2.021 -2.069 -2.024 -2.083 -2.066 -2.089 -2.13 -2.066 -2.028 -1.975 -2.111 -2.031 -2.003 -2.045 -2.065 -2.172 -2.057 -2.003 -1.987 -9999 -2.051 -1.987 -2.014 -2.179 -2.108 -2.126 -9999 -1.97 -1.949 -9999 -2.071 -2.091 -9999 -2.151 -2.033 -9999 -9999 -2.015 -1.993 -1.922 -9999 -2.107 -1.984 -2.089 -2.002 -2.018 -1.989 -2.165 -9999 -1.985 -9999 -2.085 -1.931 -2.028 -1.954 -2.067 -2.077 -2.103 -2.067 -2.007 -2.014 -1.981 -2.098 -2.038 -2.003 -2.013 -2.107 -2.025 -2.059 -2.001 -2.056 -2.04
-2.175 -2.036 -2.023 -2.086 -2.135 -1.989 -2.105 -2.099 -2.041 -2.1 -2.131 -2.103 -2.075 -2.023 -2.046 -2.084 -2.078 -2.059 -2.051 -2.048 -2.019 -2.028 -2.008 -2.007 -2.026 -2.073 -2.1 -2.064 -2.032 -9999 -1.917 -2.118 -9999 -2.065 -2.028 -9999 -2.091 -2.032 -9999 -2.02 -2.016 -9999 -2.01 -2.009 -2.079 -2.01 -2.123 -2.063 -2.056 -2.01 -1.922 -2.044 -2.019 -9999 -9999 -2.039 -1.981 -1.996 -1.92 -1.954 -2.03 -2.025 -2.038 -2.021 -1.968 -2.033 -1.971 -1.969 -1.95 -2.01 -2.008 -1.98 -1.997 -2.044 -2.012
