All_lidar/sz6086_DSM_2M.asc
ncols 500
nrows 500
xllcorner    460000
yllcorner    86000
cellsize     2
NODATA_value -9999
[rows 297 to 329 of 500, columns 146 to 218 of 500]
12.489 11.691 11.599 11.511 11.406 11.961 12.236 15.359 13.944 15.124 16.229 17.636 16.721 15.834 16.299 19.719 21.504 20.399 19.094 24.856 25.061 21.434 22.646 26.124 24.601 22.411 26.534 23.791 21.499 21.979 21.106 20.806 20.794 20.866 20.836 20.911 21.484 22.981 24.109 24.121 23.936 23.171 23.161 23.159 23.161 23.106 23.036 22.971 22.954 22.936 22.924 22.744 22.719 22.624 22.481 22.299 22.226 22.229 22.224 22.229 22.181 22.151 22.111 22.111 22.404 25.561 28.229 30.371 31.754 27.359 26.979 22.824 17.489
12.531 12.016 11.486 11.311 11.251 11.169 11.404 11.751 12.239 13.416 15.834 16.646 14.881 14.334 15.131 15.851 16.674 16.696 16.764 16.964 24.189 24.756 20.979 22.521 26.199 27.806 24.991 20.546 20.606 21.119 21.429 22.069 21.194 21.064 20.886 20.856 20.829 20.856 21.096 22.791 23.366 23.961 23.596 23.029 23.046 23.006 22.981 22.879 22.819 22.739 23.814 23.154 22.576 22.494 22.404 22.266 22.229 22.169 22.164 22.139 22.064 21.966 21.904 21.804 21.719 21.764 27.594 32.596 35.406 32.091 26.319 24.521 17.451
11.846 11.806 12.134 11.839 11.294 10.886 10.736 10.754 10.974 11.884 14.019 14.034 12.736 12.111 13.604 14.859 15.416 15.816 16.084 15.959 17.034 19.219 17.206 19.091 25.401 27.504 22.884 19.051 19.516 19.989 22.621 22.569 21.881 21.846 22.234 21.351 20.886 20.826 20.789 20.741 21.011 22.221 23.251 23.139 23.186 23.061 22.869 22.769 22.711 22.649 22.856 22.546 22.414 22.319 22.236 22.141 22.106 22.019 21.924 21.794 21.731 21.624 21.546 21.389 21.284 21.476 27.119 36.541 30.684 34.921 31.869 28.711 18.989
11.836 11.699 11.584 11.516 12.184 11.319 10.544 10.384 10.186 10.321 10.731 12.404 15.166 11.704 12.451 13.116 17.216 17.686 15.384 15.686 15.164 14.724 15.931 16.914 20.984 22.634 19.044 17.961 18.541 19.836 22.584 22.284 20.439 21.286 21.056 21.434 22.044 21.614 21.016 20.736 20.716 20.661 21.004 22.101 23.599 24.046 23.604 22.691 22.589 22.521 22.416 22.341 22.266 22.159 22.111 22.041 21.956 21.916 21.806 21.704 21.606 21.541 21.446 21.349 21.206 21.186 23.761 23.386 27.174 25.101 30.769 30.301 18.771
11.759 11.659 11.674 11.506 11.344 11.159 11.049 10.239 10.089 9.906 9.749 9.831 10.719 10.564 10.494 11.259 12.776 13.459 14.086 14.589 14.329 14.096 14.244 14.616 16.394 16.986 16.916 18.346 25.111 27.604 25.364 22.421 19.631 19.549 19.801 20.411 22.911 21.316 22.156 21.051 20.861 20.586 20.514 20.474 21.099 23.011 23.959 23.736 22.694 22.604 22.474 22.259 22.234 22.161 22.054 21.956 21.886 21.781 21.656 21.506 21.471 21.356 21.316 21.231 21.091 20.991 20.924 21.991 21.784 24.079 24.691 19.389 16.954
11.634 11.564 11.431 11.284 11.181 11.201 10.159 10.074 9.971 9.874 9.739 9.614 9.501 9.674 10.011 10.396 10.546 11.089 11.551 12.364 13.054 13.656 13.799 13.761 16.939 15.936 16.296 23.091 27.389 27.614 29.994 26.539 22.814 19.314 18.949 19.221 19.796 20.486 22.401 22.194 22.594 22.399 20.986 20.374 20.289 20.274 20.939 22.589 23.791 23.596 23.594 22.956 22.259 22.039 21.944 21.869 21.769 21.671 21.526 21.344 21.279 21.191 21.116 21.041 20.939 20.824 20.776 20.754 20.626 20.644 21.036 19.284 16.904
11.529 11.491 11.374 11.279 11.349 12.806 11.871 10.746 9.879 9.784 9.691 9.574 9.476 9.406 9.319 9.554 10.011 10.371 10.396 10.516 10.936 11.606 12.696 12.679 13.629 17.716 18.894 22.911 26.864 29.929 28.661 26.704 21.594 17.786 18.064 18.299 18.666 19.011 21.391 21.654 24.449 22.571 22.269 21.754 22.819 20.429 19.984 19.954 20.804 22.109 23.524 23.816 22.924 22.444 21.804 21.724 21.626 21.514 21.381 21.204 21.159 21.014 20.929 20.851 20.774 20.671 20.591 20.556 20.534 20.534 20.641 19.684 17.651
11.481 11.431 11.366 11.319 12.209 13.154 12.716 11.181 9.854 9.759 9.724 10.446 10.489 10.099 9.426 9.334 9.286 9.399 9.881 10.164 10.361 11.321 11.569 12.066 13.134 14.919 19.761 23.614 23.094 23.616 26.651 27.231 21.669 17.026 17.324 17.649 17.934 18.279 19.246 22.661 24.486 24.834 22.766 23.304 25.004 21.554 20.906 20.244 19.709 19.676 19.994 21.566 22.116 22.134 21.824 21.596 21.441 21.354 21.214 21.061 20.961 20.844 20.786 20.696 20.624 20.554 20.466 20.436 20.379 20.341 23.826 26.391 23.839
11.474 11.364 11.314 11.566 13.104 13.079 12.524 10.189 9.826 9.881 11.036 10.534 9.964 9.476 9.791 9.901 9.584 9.239 9.256 9.279 9.981 13.529 11.651 12.456 17.319 15.021 17.384 20.881 17.796 18.686 19.944 20.404 16.614 17.264 16.559 17.009 17.249 17.589 19.136 23.479 22.891 22.754 21.729 24.766 23.626 20.971 21.224 21.889 20.714 19.821 19.441 19.241 19.479 20.566 22.061 22.601 22.361 21.606 21.189 20.884 20.784 20.734 20.639 20.606 20.491 20.411 20.384 20.301 20.264 20.229 24.036 27.351 25.689
11.431 11.331 11.319 12.104 13.146 12.954 11.874 9.926 9.814 10.911 11.709 9.404 9.066 9.044 9.219 9.359 9.731 9.834 9.536 9.244 9.229 10.121 11.249 16.211 21.114 17.679 17.306 16.849 14.836 15.561 16.121 15.001 15.979 22.306 21.829 18.144 22.424 20.489 19.494 24.224 19.141 18.494 19.124 20.166 20.046 20.186 21.419 22.661 21.126 21.391 20.329 20.154 19.106 18.919 18.974 20.156 21.516 22.614 22.494 21.739 21.024 20.841 20.761 20.529 20.414 20.466 21.401 21.189 20.126 20.176 27.741 31.001 25.189
11.376 11.279 11.279 12.641 13.201 12.724 11.146 9.899 10.246 11.926 10.064 9.026 9.041 9.059 9.036 9.029 9.156 9.291 9.514 10.226 9.739 9.261 9.174 10.109 18.376 21.654 20.464 15.651 10.389 10.634 11.704 12.754 17.981 22.784 22.864 23.099 23.761 20.231 19.921 17.899 19.581 18.049 19.909 18.209 19.191 18.964 21.381 22.149 20.556 20.736 22.644 25.269 23.866 21.849 21.226 18.954 18.496 18.926 19.844 21.136 21.889 21.881 21.796 21.631 20.496 22.596 25.009 25.416 24.804 20.386 24.691 25.151 25.541
11.301 11.276 12.419 13.449 13.116 12.406 10.191 9.911 10.801 10.464 9.026 9.016 9.036 9.039 9.016 9.034 9.041 9.061 9.041 9.776 9.809 9.181 9.161 9.174 11.481 20.789 18.056 10.786 9.894 9.964 10.311 11.239 16.401 22.829 25.351 26.351 24.816 18.099 21.244 17.946 20.051 19.066 22.716 21.091 17.819 18.096 22.799 19.896 19.336 19.694 26.839 29.001 27.291 27.509 27.399 20.629 18.906 18.341 18.069 17.959 18.259 19.191 21.196 23.031 21.819 26.289 26.036 28.536 22.559 20.834 22.451 33.101 25.676
11.311 11.266 13.396 13.491 12.909 11.851 10.019 9.926 10.041 9.374 9.044 9.029 9.049 9.034 9.024 9.021 9.036 9.044 9.054 9.519 9.114 9.134 9.139 9.109 9.114 10.349 9.569 9.144 9.189 9.351 9.581 9.921 10.364 16.319 24.279 26.391 24.789 18.376 24.944 21.801 22.761 24.126 21.359 18.984 17.664 18.759 20.559 18.296 18.156 20.551 29.631 31.416 30.374 31.271 26.539 22.729 21.529 19.671 18.699 17.984 17.664 17.421 17.359 17.526 17.556 23.076 21.189 25.984 22.649 20.356 26.559 30.516 24.129
11.254 11.966 13.854 13.264 12.709 11.149 9.946 10.229 10.219 9.149 9.084 9.051 9.049 9.059 9.044 9.031 9.041 9.049 9.039 9.411 9.121 9.089 9.939 9.081 9.066 9.076 9.379 9.934 9.351 9.144 9.169 9.324 9.689 10.694 13.884 20.586 19.586 20.671 26.124 26.779 30.289 28.069 24.916 19.984 16.416 15.749 16.319 16.644 17.239 17.941 25.754 28.426 28.374 29.801 24.004 19.539 21.516 20.314 20.029 22.046 22.074 22.554 19.716 17.591 17.309 16.594 16.501 18.209 25.109 18.511 25.966 24.631 18.881
11.261 12.874 13.581 13.021 12.479 10.311 9.919 11.134 9.789 9.089 9.111 9.051 9.049 9.041 9.044 9.059 9.036 9.039 9.019 8.986 9.029 9.274 9.909 9.746 9.661 9.211 12.311 11.584 10.121 9.689 9.151 9.166 9.201 9.396 18.151 22.491 21.701 25.376 25.981 27.411 28.309 28.851 24.159 19.731 14.516 15.134 15.156 15.511 15.924 17.066 17.131 29.376 28.751 23.481 19.156 21.064 28.076 21.034 22.371 28.129 29.379 27.111 23.244 24.714 26.269 18.789 16.461 18.951 18.559 15.894 15.704 15.519 15.349
11.234 13.886 13.339 12.794 11.446 9.966 10.259 11.064 9.446 9.086 9.064 9.024 9.026 9.039 9.044 9.046 9.029 9.039 8.994 8.951 9.324 9.521 9.169 9.934 9.129 9.654 13.281 14.821 14.846 14.354 12.901 10.536 9.169 9.224 16.601 21.834 22.804 23.184 23.076 25.679 26.946 25.839 21.454 17.259 15.646 19.589 17.304 15.276 14.854 15.246 16.829 25.811 27.916 21.036 17.549 18.229 18.479 18.061 21.879 27.834 28.941 27.229 24.456 26.961 27.964 25.216 20.396 23.009 18.894 18.094 15.766 15.401 15.129
12.059 13.486 13.136 12.524 10.516 9.901 10.341 10.236 9.109 9.069 9.059 9.011 9.016 9.039 9.059 9.026 9.024 9.021 8.959 8.919 9.379 10.059 9.811 9.911 9.171 11.351 13.479 14.329 14.886 15.294 15.386 15.934 14.579 10.899 9.881 15.551 19.376 12.766 16.331 26.164 27.196 26.274 21.314 19.904 23.219 24.429 23.429 18.851 18.234 20.569 16.419 16.751 18.029 16.301 16.406 16.824 16.959 17.089 19.239 24.441 25.439 22.799 24.689 27.521 26.906 25.531 22.529 21.451 19.864 19.541 18.159 15.904 14.696
11.559 10.074 10.759 11.356 10.049 9.864 11.389 10.164 9.096 9.059 9.051 8.981 9.021 9.051 9.056 9.021 9.029 8.979 8.886 8.851 8.911 9.361 8.871 9.084 9.034 9.116 10.774 10.994 10.534 10.879 14.971 16.371 15.284 14.006 11.751 9.546 9.336 9.349 18.036 26.671 26.509 24.394 21.266 21.364 23.656 24.764 22.961 19.304 14.396 18.704 23.666 25.459 22.304 24.874 19.214 17.146 22.476 27.406 25.436 24.271 22.511 19.884 20.856 24.734 24.029 24.354 23.396 19.149 19.396 16.604 18.546 18.389 14.154
11.359 10.444 10.431 10.086 9.899 9.841 10.174 9.209 9.071 9.044 9.039 9.014 9.014 9.021 9.044 9.031 9.011 8.906 8.804 8.761 12.034 11.711 9.994 8.941 8.989 8.839 8.819 8.846 9.011 10.594 15.611 16.601 15.824 15.364 14.389 13.051 9.956 9.556 20.701 25.709 24.651 22.431 12.914 15.721 22.911 20.576 18.629 17.169 19.336 22.206 28.646 24.099 29.171 29.874 23.496 15.361 18.589 23.941 25.004 18.879 17.614 18.334 24.534 25.166 22.379 23.789 23.871 19.869 17.296 14.416 13.724 13.736 13.879
12.519 12.769 12.086 11.214 9.836 10.481 9.891 9.091 9.069 9.049 9.026 9.014 8.999 9.009 9.011 9.021 8.966 8.851 8.756 8.744 12.554 13.434 10.959 10.256 9.956 8.791 8.781 8.796 8.849 12.801 16.689 18.209 17.321 16.811 16.186 13.151 9.359 9.294 11.404 12.719 13.309 10.586 9.331 11.989 20.854 20.749 18.481 16.659 17.329 23.499 31.424 28.591 25.694 27.261 25.796 23.116 23.606 24.654 22.791 20.511 19.424 22.331 25.864 27.706 25.494 23.166 20.314 15.911 13.196 12.926 13.106 13.396 13.649
12.356 12.141 11.119 10.521 9.809 9.764 9.414 9.071 9.061 9.039 9.009 9.001 9.011 9.009 9.006 9.011 8.904 8.779 8.686 8.659 8.721 10.176 8.716 8.916 8.974 8.746 8.756 8.981 8.991 15.196 17.314 18.566 18.791 18.481 17.946 17.229 15.764 9.901 9.039 9.116 9.209 9.359 9.341 9.281 12.031 14.834 11.804 15.644 23.581 25.691 27.009 24.224 24.449 25.634 24.066 23.769 22.131 19.614 25.211 20.124 22.661 29.469 26.696 27.976 21.729 15.144 12.536 12.321 12.461 12.669 16.619 18.469 22.936
12.826 13.146 12.486 10.931 9.859 9.794 9.526 9.079 9.064 9.029 8.994 8.984 8.994 8.989 8.999 8.991 8.864 8.746 8.656 8.621 8.604 8.616 8.629 8.636 8.641 8.689 9.209 12.104 13.504 15.871 16.394 16.779 17.549 18.209 18.624 18.786 15.819 8.989 9.006 8.996 8.974 10.086 9.516 9.334 9.249 9.229 9.206 9.341 12.384 26.284 25.044 21.424 19.586 18.591 23.854 21.706 18.771 21.331 26.551 26.759 25.474 28.149 30.081 29.251 25.939 17.861 11.796 11.991 12.279 12.531 26.529 27.726 24.586
12.854 13.839 13.386 11.531 9.781 9.631 9.174 9.051 9.046 9.029 9.024 8.986 8.979 8.991 9.009 8.946 8.839 8.716 8.664 8.616 8.626 8.609 8.581 8.571 8.554 8.624 10.954 12.974 14.836 16.746 15.359 11.996 11.126 14.549 16.746 17.759 12.956 8.989 9.006 9.009 9.006 8.941 9.001 8.994 9.196 9.309 9.209 9.201 9.194 12.451 16.824 17.286 19.989 19.034 20.516 18.599 15.991 13.821 18.379 21.784 18.876 26.459 25.539 27.636 23.359 12.511 11.589 12.421 13.019 12.681 20.616 21.829 30.171
13.199 13.944 13.054 10.499 9.736 9.519 9.076 9.031 9.019 8.999 8.989 9.004 8.984 8.996 9.024 8.894 8.779 8.716 8.676 8.604 8.586 8.569 8.556 8.504 8.504 9.244 11.826 13.666 15.539 16.329 14.541 9.829 8.691 8.671 8.631 13.274 10.124 8.981 9.024 9.004 8.854 8.526 8.721 8.924 8.979 9.259 9.194 9.489 9.154 9.164 9.231 10.291 10.521 13.576 17.534 14.684 18.356 19.759 14.384 10.441 9.919 10.101 11.626 18.646 14.716 11.286 11.809 12.096 13.089 14.511 14.889 19.846 29.309
13.486 13.826 12.731 10.206 9.726 9.371 9.074 9.016 9.001 8.986 8.979 8.996 8.986 9.026 8.986 8.836 8.761 8.706 8.644 8.581 8.521 8.496 8.481 8.459 8.474 9.901 11.011 13.791 16.151 15.769 13.374 9.049 8.479 8.466 8.599 8.611 8.649 8.829 8.969 8.986 8.621 8.466 8.439 8.524 8.784 8.976 8.964 9.184 9.526 9.184 9.111 9.134 9.124 10.954 13.606 15.896 20.721 19.731 15.746 9.571 9.651 9.884 10.114 10.379 10.649 11.899 15.664 13.806 13.784 14.441 14.799 15.131 21.714
13.714 13.614 12.129 9.744 9.664 9.226 9.059 9.024 8.989 8.984 9.006 9.001 8.981 8.979 8.894 8.781 8.724 8.686 8.616 8.526 8.484 8.484 8.454 8.434 8.491 9.181 9.411 9.041 11.349 12.864 11.979 8.636 8.186 8.019 8.084 8.544 9.351 8.736 8.621 8.801 8.466 8.444 8.466 8.459 8.431 8.466 8.924 9.791 8.969 9.024 9.044 9.061 9.304 12.094 9.569 10.839 14.944 14.799 9.681 9.354 9.514 9.689 9.914 10.141 10.716 13.304 17.999 20.206 15.016 14.076 15.864 14.796 17.084
13.929 13.286 11.451 9.754 9.631 9.134 8.999 8.991 8.981 8.976 8.966 8.956 8.964 8.934 8.811 8.734 8.689 8.624 8.541 8.524 8.486 8.479 8.424 8.411 8.626 8.754 8.429 8.514 8.426 8.434 8.396 8.469 8.054 8.056 8.069 12.989 11.446 12.226 10.459 9.351 8.839 8.486 8.446 8.441 8.451 8.444 8.439 8.819 9.074 9.936 8.966 9.041 10.534 11.401 8.954 8.984 8.966 8.986 9.046 9.196 9.304 9.449 9.776 10.664 11.774 16.609 18.511 28.229 23.036 15.556 15.816 15.256 17.114
14.136 12.991 10.339 9.721 9.516 9.079 8.974 8.989 8.969 8.976 8.956 8.949 8.969 8.921 8.911 8.774 8.649 8.599 8.526 8.694 8.461 8.491 8.419 8.349 8.666 8.491 8.446 8.421 8.431 8.406 8.426 8.276 8.049 8.104 8.076 10.124 9.014 10.071 12.364 12.756 9.129 8.469 8.481 8.476 8.464 8.439 8.424 8.444 8.509 8.631 8.689 8.939 8.944 8.944 8.881 8.906 8.951 8.831 8.889 8.944 9.004 9.676 11.101 11.771 12.106 13.256 13.884 20.174 22.216 16.161 15.619 16.886 17.149
13.854 12.249 10.106 9.739 9.579 9.111 9.009 8.974 8.939 8.959 8.974 8.979 8.956 8.914 8.904 8.806 8.624 8.544 9.474 12.486 13.586 13.441 10.401 9.391 8.264 8.304 8.354 8.446 8.561 8.471 8.404 8.064 8.016 8.046 8.026 8.114 8.346 9.214 13.069 10.411 8.401 8.384 8.406 8.461 8.449 8.466 8.456 8.474 8.419 8.451 8.481 8.564 8.776 9.296 12.779 13.211 14.679 9.501 8.659 9.831 11.811 10.881 12.211 11.944 12.226 14.709 17.034 22.461 15.641 15.461 15.724 16.894 16.966
21.209 15.596 10.106 9.726 9.906 9.206 9.071 9.011 8.974 8.964 8.961 8.986 8.981 8.876 8.929 9.326 8.756 8.536 10.421 12.791 14.759 14.641 12.144 9.006 8.254 8.204 8.174 8.191 8.209 8.176 8.384 8.119 8.046 8.031 8.021 8.241 8.331 8.409 8.349 8.556 8.394 8.399 8.386 8.431 8.444 8.436 8.464 8.471 8.461 8.469 8.479 8.471 9.549 15.226 17.771 17.506 18.354 12.396 8.406 9.611 14.326 11.744 11.624 11.899 12.241 14.231 14.244 19.176 15.656 13.384 14.014 15.901 16.559
23.606 17.511 11.164 9.766 9.596 9.344 9.194 9.059 9.006 8.971 8.964 8.966 9.066 8.829 8.861 9.666 9.099 8.844 10.466 12.991 14.796 14.439 10.786 9.716 8.639 8.231 8.214 8.866 9.969 8.161 7.961 8.076 8.244 8.231 8.201 8.096 8.144 8.221 8.334 8.364 8.394 8.411 8.406 8.444 8.391 8.394 8.436 8.421 8.396 8.444 8.476 10.941 17.299 20.114 20.746 20.469 18.831 16.399 9.581 10.674 13.744 11.774 11.554 21.389 19.284 12.874 16.239 25.314 24.699 24.024 17.731 15.124 14.526
21.121 13.994 9.956 9.789 9.629 9.476 9.316 9.164 9.074 8.991 8.954 8.921 9.331 8.759 9.426 9.031 9.244 9.684 9.009 11.629 14.091 13.609 10.229 9.046 9.574 8.971 8.324 9.339 10.869 8.449 7.874 7.861 7.829 7.861 7.961 7.821 7.899 8.999 8.361 8.461 8.366 8.384 8.359 8.354 8.354 8.366 8.399 8.351 8.401 8.381 8.444 13.869 18.419 19.831 21.156 19.951 22.449 16.656 8.446 16.374 22.996 16.379 11.931 11.846 22.994 18.679 16.421 22.316 19.364 15.934 14.929 14.074 16.309
11.521 11.249 10.066 9.871 9.726 9.539 9.334 9.841 8.981 9.811 10.226 9.039 9.184 8.786 9.456 10.089 11.061 8.941 8.366 9.761 11.951 11.616 8.991 8.204 8.189 8.124 8.094 12.246 12.309 8.694 7.316 7.246 7.561 7.759 7.756 7.709 7.699 7.869 8.009 8.521 8.439 8.316 8.454 8.426 8.354 8.356 8.356 8.321 8.401 8.366 8.371 12.859 18.871 20.326 19.691 22.086 20.526 14.849 8.759 12.556 18.826 13.704 15.436 21.211 25.141 27.571 23.211 19.881 19.481 12.789 13.169 14.351 16.079
