All_lidar/sz6092_DSM_2M.asc
ncols 500
nrows 500
xllcorner    460000
yllcorner    92000
cellsize     2
NODATA_value -9999
[rows 136 to 169 of 500, columns 225 to 299 of 500]
-0.201 -0.207 -0.215 -0.199 -0.212 -0.181 -0.163 -0.13 -0.19 -0.201 -0.18 -0.152 -0.147 -0.149 -0.208 -0.141 -0.213 -0.198 -0.185 -0.142 -0.173 -0.156 -0.207 -0.098 -0.139 -0.083 -0.122 -0.082 -0.044 -0.052 -0.068 0.019 -0.077 0.012 0.023 -0.012 -0.017 -0.034 -0.046 0.053 -0.035 0.041 0.047 0.088 0.052 -0.011 0.062 0.015 0.004 -0.02 0.024 -0.062 0.004 -0.033 -0.057 -0.088 -0.102 -0.058 -0.014 -0.136 -0.087 -0.102 -0.068 -0.059 -0.101 -0.087 -0.135 -0.05 -0.136 -0.065 -0.072 -0.104 -0.093 -0.167 -0.097
-0.205 -0.238 -0.218 -0.213 -0.106 -0.187 -0.182 -0.159 -0.057 -0.192 -0.139 -0.137 -0.184 -0.114 -0.132 -0.173 -0.166 -0.215 -0.182 -0.204 -0.142 -0.135 -0.165 -0.17 -0.153 -0.058 -0.123 -0.062 -0.021 0.007 -0.004 -0.06 -0.048 -0.022 -0.055 -0.015 -0.025 -0.043 -0.006 0.06 -0.012 -0.004 -0.034 -0.014 0.032 0.076 -0.068 -0.028 -0.036 -0.024 0.006 -0.055 -0.002 -0.021 -0.036 -0.107 -0.04 -0.12 -0.044 -0.102 -0.123 -0.109 -0.118 -0.128 -0.103 -0.112 -0.125 -0.103 -0.104 -0.059 -0.086 -0.149 -0.103 -0.117 -0.138
-0.175 -0.198 -0.204 -0.242 -0.212 -0.179 -0.201 -0.188 -0.169 -0.112 -0.128 -0.097 -0.153 -0.131 -0.119 -0.104 -0.091 -0.183 -0.104 -0.224 -0.144 -0.092 -0.159 -0.111 -0.096 -0.099 -0.081 -0.062 -0.092 -0.068 -0.018 -0.051 -0.042 -0.033 0.003 0.02 0.065 0.06 -0.013 -0.006 0.02 0.081 0.039 -0.021 -0.032 0.068 -0.014 -0.019 -0.053 -0.015 -0.098 0.004 -0.096 -0.008 -0.068 -0.075 -0.047 -0.033 -0.056 -0.07 -0.05 -0.168 -0.186 -0.14 -0.102 -0.079 -0.177 -0.041 -0.114 -0.038 -0.094 -0.052 -0.115 -0.023 -0.025
-0.239 -0.205 -0.234 -0.249 -0.189 -0.19 -0.162 -0.067 -0.162 -0.127 -0.154 -0.182 -0.189 -0.193 -0.149 -0.158 -0.187 -0.177 -0.15 -0.061 -0.143 -0.178 -0.021 -0.078 -0.112 -0.09 -0.065 -0.039 -0.076 -0.04 -0 -0.047 0.009 0.01 0.047 -0.015 0.04 0.031 -0.022 -0.02 0.019 0.006 0.085 0.072 0.032 -0.049 -0.01 -0.045 -0.045 -0.015 0.02 0.012 -0.018 -0.027 -0.074 -0.069 -0.022 -0.118 -0.062 -0.087 -0.067 -0.048 -0.183 -0.095 -0.033 -0.082 -0.148 -0.042 -0.114 -0.115 -0.071 -0.136 -0.123 -0.088 -0.136
-0.232 -0.212 -0.22 -0.215 -0.226 -0.156 -0.178 -0.143 -0.131 -0.124 -0.18 -0.163 -0.188 -0.144 -0.152 -0.13 -0.21 -0.15 -0.169 -0.074 -0.14 -0.137 -0.096 -0.125 -0.083 -0.036 -0.076 -0.116 0.013 -0.061 -0.015 -0.045 0.03 0.038 0.007 -0.037 -0.013 0.04 0.035 -0.027 0.043 0.033 0.01 -0.045 0.047 0.007 -0.024 -0.032 0.039 -0.045 -0.072 -0.015 -0.065 -0.075 -0.062 -0.056 -0.113 -0.081 -0.114 -0.069 -0.086 -0.057 -0.056 -0.156 -0.068 -0.094 -0.117 -0.127 -0.077 -0.075 -0.075 -0.027 -0.059 -0.102 -0.022
-0.176 -0.198 -0.2 -0.185 -0.159 -0.212 -0.219 -0.203 -0.19 -0.094 -0.117 -0.151 -0.187 -0.169 -0.189 -0.148 -0.157 -0.146 -0.173 -0.131 -0.08 -0.122 -0.088 0.015 -0.026 -0.113 -0.03 0.002 -0.092 0.059 -0.015 0.047 -0.021 -0.037 0 0.002 -0.001 0.005 -0.015 0.01 0.042 0.021 -0.016 0.026 -0.015 -0.01 -0.007 0.045 0.048 -0.049 -0.032 -0.084 -0.061 -0.086 -0.01 -0.106 -0.137 -0.13 -0.087 -0.151 -0.115 -0.032 -0.129 -0.161 -0.139 -0.07 -0.059 -0.099 -0.12 0.009 -0.034 -0.03 -0.031 -0.082 -0.019
-0.183 -0.156 -0.164 -0.188 -0.166 -0.19 -0.073 -0.206 -0.146 -0.137 -0.085 -0.171 -0.154 -0.165 -0.147 -0.109 -0.158 -0.14 -0.136 -0.111 -0.068 -0.142 -0.049 -0.033 -0.01 -0.05 -0.032 -0.065 -0.071 -0.047 -0.044 -0.001 -0.001 -0.007 -0.013 0.01 0.047 -0 -0.043 0.082 0.037 0.038 -0.009 0.03 -0.017 -0.022 -0.023 -0.035 -0.071 -0.077 -0.063 -0.067 -0.08 0.006 -0.052 -0.11 -0.049 -0.113 -0.051 -0.154 -0.084 -0.052 -0.124 -0.152 -0.123 -0.099 -0.089 -0.035 -0.092 -0.101 -0.121 -0.034 -0.062 -0.118 -0.024
-0.108 -0.191 -0.197 -0.186 -0.158 -0.083 -0.131 -0.179 -0.119 -0.09 -0.152 -0.117 -0.138 -0.187 -0.185 -0.158 -0.125 -0.167 -0.165 -0.142 -0.075 -0.102 -0.112 -0.073 -0.097 -0.031 -0.06 -0.058 -0.081 0.036 -0.006 0.009 -0.029 0.051 -0.044 -0.005 0.029 0.032 0.062 0.042 0.048 0.035 0.051 0.104 -0.003 -0.011 -0.001 -0.066 0.044 -0.063 -0.075 -0.079 -0.043 -0.139 -0.079 -0.058 -0.124 -0.086 -0.039 -0.108 -0.118 -0.048 -0.107 -0.08 -0.139 -0.042 -0.072 -0.051 -0.038 -0.044 -0.135 -0.067 -0.054 -0.045 -0.03
-0.199 -0.234 -0.188 -0.105 -0.146 -0.138 -0.137 -0.152 -0.114 -0.09 -0.132 -0.211 -0.124 -0.144 -0.171 -0.156 -0.096 -0.149 -0.131 -0.045 -0.114 -0.098 -0.018 -0.066 -0.057 -0.088 -0.066 0.032 0.019 -0.021 -0.023 -0.017 0.026 -0.005 0.023 0.028 0.093 0.074 0.037 0.042 0.082 0.019 0.024 0.055 -0.018 0.119 -0.004 0 -0.017 -0.062 -0.005 -0.059 -0.124 -0.072 -0.069 -0.063 -0.103 -0.134 -0.126 -0.08 -0.041 -0.055 -0.121 -0.133 -0.077 -0.056 -0.033 -0.085 -0.093 -0.072 -0.085 -0.079 -0.007 -0.124 -0.033
-0.203 -0.142 -0.175 -0.132 -0.096 -0.148 -0.179 -0.135 -0.052 -0.185 -0.128 -0.113 -0.156 -0.134 -0.151 -0.111 -0.148 -0.13 -0.134 -0.073 -0.084 -0.006 -0.041 -0.002 0.007 0.046 0.015 -0.021 0.025 -0.044 0.079 0.035 -0.002 -0.019 0.001 0.037 -0.024 0.026 0.085 -0 -0.01 0.031 -0.014 0.132 -0.029 -0.011 0.01 -0 -0.04 -0.068 -0.077 -0.032 -0.068 -0.04 -0.039 -0.023 -0.101 -0.084 -0.157 -0.124 -0.054 -0.065 -0.123 0.01 -0.069 -0.11 0.005 -0.057 -0.067 -0.038 -0.023 -0.035 -0.078 0.013 -0.049
-0.182 -0.079 -0.188 -0.125 -0.123 -0.108 -0.068 -0.124 -0.127 -0.105 -0.09 -0.018 -0.112 -0.091 -0.057 -0.112 -0.138 -0.112 -0.114 -0.038 0.011 -0.05 0.028 -0.046 -0.01 0.051 0.055 0.014 0.018 0.003 -0.021 0.034 0.037 0.019 0.026 0.001 0.006 -0.003 0.04 0.038 0.068 -0.04 -0.036 -0.072 -0.01 -0.014 -0.017 0.005 -0.021 -0.005 -0.038 -0.094 -0.035 -0.068 -0.027 -0.1 -0.081 -0.055 -0.016 -0.032 -0.069 -0.038 -0.141 -0.202 -0.081 -0.073 -0.15 -0.084 -0.054 -0.054 -0.072 -0.084 -0.085 -0.118 -0.065
-0.149 -0.17 -0.151 -0.117 -0.14 -0.095 -0.17 -0.126 -0.091 -0.062 -0.169 -0.135 -0.096 -0.109 -0.105 -0.111 -0.127 -0.024 -0.029 -0.103 -0.054 -0.029 0.032 0.023 -0.024 0.044 -0.045 0 0.053 -0.039 0.022 -0.017 0.019 0.008 0.012 0.023 0.002 -0.028 0.078 0.006 0.006 0.108 -0.02 0.042 0.056 -0.026 -0.029 0.031 0.008 -0.019 -0.007 -0.013 -0.058 -0.056 -0.077 -0.08 -0.105 -0.013 -0.021 -0.092 0.019 -0.091 -0.056 -0.081 -0.05 0.013 -0.07 -0.072 -0.062 -0.071 -0.084 -0.058 -0.072 -0.039 -0.083
-0.13 -0.129 -0.135 -0.085 -0.108 -0.133 -0.112 -0.124 -0.077 -0.082 -0.106 -0.12 -0.083 -0.075 -0.018 -0.127 -0.094 -0.074 -0.095 -0.063 -0.032 -0.014 -0.012 -0.001 0.055 -0.026 0.007 0.01 0.045 0.046 0.035 0.1 0.071 0.03 0.011 0.056 0.114 0.079 -0.013 0.043 0.003 0.033 0.082 -0.01 -0.038 0.007 -0.013 0.016 -0.04 -0.073 -0.042 -0.042 -0.109 -0.059 -0.071 -0.118 -0.079 -0.023 -0.054 -0.015 0.008 -0.079 -0.082 -0.074 -0.037 -0.072 -0.082 -0.042 -0.086 -0.082 -0.089 -0.096 -0.092 -0.079 -0.027
-0.115 -0.145 -0.17 -0.082 -0.078 -0.084 -0.126 -0.128 -0.143 -0.119 -0.088 -0.101 -0.145 -0.03 -0.053 -0.044 -0.088 -0.035 -0.018 -0.016 -0.056 -0.014 0.077 0.071 0.024 0.052 0.003 0.029 0.036 0.053 0.014 0.053 0.07 0.035 0.097 0.017 0.113 0.078 0.03 -0.004 0.042 0.023 0.028 0.024 0.028 -0.01 0.062 -0.039 -0.036 0.05 0.005 -0.048 -0.01 -0.055 0.011 -0.022 0.034 -0.069 -0.06 -0.002 -0.055 -0.086 -0.04 -0.042 -0.064 -0.028 -0.058 -0.062 -0.05 -0.059 -0.052 -0.025 -0.059 -0.003 -0.052
-0.134 -0.088 -0.141 -0.119 -0.075 -0.152 -0.092 -0.094 -0.103 -0.108 -0.12 -0.145 -0.087 -0.068 -0.115 -0.002 -0.049 -0.074 -0.06 -0.047 -0.017 0.006 0.003 0.011 0.014 0.088 0.085 0.056 0.039 0.031 0.013 0.039 0.126 0.046 -0.008 0.034 0.104 0.182 0.096 0.004 0.069 0.107 0.093 0.011 0.031 0.034 0.003 -0.066 0.03 -0.034 -0.042 -0.046 -0.026 -0.093 0.006 -0.047 -0.056 -0.064 -0.055 -0.048 -0.06 -0.047 -0.064 -0.05 -0.051 -0.056 -0.023 -0.053 -0.065 -0.03 -0.034 -0.015 -0.038 -0.066 -0.037
-0.091 -0.105 -0.122 -0.144 -0.07 -0.124 -0.065 -0.102 -0.124 -0.058 -0.096 -0.069 -0.103 -0.099 -0.039 -0.021 -0.037 -0.05 -0.027 -0.022 -0.026 -0 0.041 0.091 0.014 0.022 0.066 0.082 0.035 0.082 0.044 0.02 0.005 0.007 0.11 0.092 0.072 0.009 0.034 0.085 0.023 0.068 0.064 0.075 -0.032 0.072 -0.044 -0.019 0.025 -0.015 0.027 -0.034 -0.012 -0.014 0.012 0.022 0.021 -0.006 0.023 -0.036 -0.001 -0.077 -0.047 -0.032 -0.024 -0.037 -0.032 0.02 -0.022 -0.047 -0.041 -0.045 -0.065 -0.021 -0.04
-0.112 -0.098 -0.107 -0.094 -0.081 -0.12 -0.107 -0.112 -0.084 -0.067 -0.124 -0.07 -0.089 -0.072 -0.093 -0.069 -0.045 -0.038 0 -0.023 0.048 0.03 0.097 0.063 0.027 0.107 0.05 0.079 0.106 0.077 0.046 0.037 0.121 0.065 0.098 0.123 0.061 0.127 0.032 0.137 -0.022 0.059 -0.008 0.017 -0.015 0.073 0.011 0.022 -0.042 -0.009 -0.034 0.018 0.031 0.026 0.016 0.032 -0.042 0.003 -0.012 -0.043 -0.044 -0.026 -0.038 -0.023 -0.069 -0.018 -0.038 -0.079 -0.081 -0.025 -0.037 -0.028 -0.07 -0.035 -0.032
-0.125 -0.128 -0.058 -0.109 -0.135 -0.111 -0.085 -0.109 -0.088 -0.078 -0.096 -0.047 -0.092 -0.045 -0.088 -0.032 -0.004 -0.057 -0.045 -0.005 -0.029 0.048 0.028 0.021 0.116 0.045 0.175 0.084 0.097 0.125 0.112 0.082 0.065 0.064 0.086 0.059 0.021 0.035 0.04 0.066 0.022 0.01 -0.003 0.041 -0 -0.033 0.041 -0.017 0.047 0.006 -0.018 0.016 0.008 -0.007 0.01 -0.018 0.004 -0.009 -0.046 -0.025 0.019 -0.021 -0.06 -0.039 -0.044 -0.045 -0.048 -0.062 -0.047 -0.033 -0.08 -0.038 -0.022 -0.057 -0.053
-0.081 -0.119 -0.06 -0.072 -0.108 -0.052 -0.093 -0.086 -0.049 -0.052 -0.088 -0.088 -0.064 -0.073 -0.069 -0.053 -0.046 -0.03 -0.012 -0.004 0.036 0.003 0.001 0.116 0.04 0.066 0.082 0.119 0.094 0.058 0.099 0.047 0.052 0.083 0.113 0.051 0.042 0.062 0.047 0.052 0.054 0.048 0.02 0.064 0.041 0.027 0.021 0.022 0.04 -0.034 -0.003 0.004 -0.003 -0.002 0.006 0.012 0.007 -0.01 0.026 -0.009 0.005 0.007 0.001 -0.02 0.001 -0.067 -0.038 -0.043 -0.066 -0.057 -0.033 -0.053 -0.088 -0.075 -0.028
-0.113 -0.091 -0.092 -0.089 -0.048 -0.073 -0.095 -0.067 -0.084 -0.089 -0.077 -0.066 -0.04 -0.008 -0.05 -0.061 -0.026 0.006 -0.017 -0.011 0.001 0.016 -0.002 0.058 0.105 0.037 0.059 0.093 0.125 0.01 0.139 0.162 0.126 0.014 0.134 0.009 0.034 0.044 0.05 0.107 0.011 0.024 0.035 0 0.029 0.005 0.013 -0.003 -0.015 0.006 0.013 0.018 0.007 0.014 0.021 0.026 -0.015 0.038 0.011 0.025 -0.021 -0.009 -0.035 -0.025 -0.012 -0.031 -0.026 -0.046 -0.067 -0.048 -0.041 -0.043 -0.049 -0.061 -0.067
-0.1 -0.075 -0.072 -0.073 -0.068 -0.081 -0.083 -0.087 -0.054 -0.092 -0.067 -0.081 -0.052 -0.057 -0.045 -0.033 -0.069 -0.046 -0.004 -0.005 -0.028 0.004 0.021 0.016 0.067 0.068 0.093 0.073 0.062 0.081 0.048 0.096 0.052 0.08 0.049 0.083 0.076 0.019 0.073 0.032 0.117 0.09 0.064 0.025 0.012 0.003 -0.011 0.009 -0.008 -0.002 0.001 -0.002 0.013 0.033 0.058 0.057 0.055 0.055 0.001 0.028 0.003 -0.005 -0.003 0.031 -0.001 -0.017 -0.013 -0.013 -0.031 -0.035 -0.052 -0.061 -0.07 -0.053 -0.043
-0.12 -0.085 -0.073 -0.101 -0.081 -0.087 -0.084 -0.079 -0.075 -0.088 -0.087 -0.07 -0.059 -0.074 -0.016 0.003 -0.045 -0.015 -0.03 -0.014 0.033 0.017 0.043 0.033 0.052 0.058 0.094 0.048 0.016 0.085 0.11 0.058 0.042 0.155 0.088 0.022 0.056 0.035 0.026 0.119 0.112 0.021 0.041 0.096 0.028 0.042 -0.012 0.074 0.048 0.015 0.014 0.04 0.039 0.057 0.037 0.073 0.038 0.026 0.021 0.004 0.035 -0.021 0.039 0.016 0.026 0.009 0.004 -0.014 0.005 -0.03 -0.049 -0.03 -0.064 -0.071 -0.024
-0.123 -0.061 -0.065 -0.059 -0.074 -0.081 -0.074 -0.078 -0.104 -0.083 -0.093 -0.07 -0.066 -0.042 -0.026 -0.002 -0.031 -0.029 -0.029 -0.058 -0.023 -0.013 0.025 0.032 0.004 0.04 0.022 0.12 0.162 0.077 0.136 0.122 0.082 0.111 0.089 0.053 0.023 0.085 0.036 0.013 0.018 0.077 0.006 0.001 0.023 0.025 0.028 -0 0.041 0.005 -0.014 0.06 0.064 0.07 0.054 0.069 0.091 0.072 0.034 0.04 0.039 0.015 0.008 0.022 0.018 0.025 0.005 0.007 -0.025 -0.019 -0.068 -0.066 -0.051 -0.033 -0.055
-0.122 -0.073 -0.081 -0.078 -0.057 -0.047 -0.067 -0.05 -0.087 -0.107 -0.066 -0.075 -0.034 -0.053 -0.034 -0.023 -0.028 -0.036 -0.031 -0.035 -0.016 -0.005 0.034 -0.011 0.006 0.066 0.032 0.102 0.071 0.13 0.11 0.099 0.045 0.019 0.109 0.123 0.051 0.074 0.167 0.098 0.069 0.018 0.04 0.024 -0.049 0.014 0.009 0.017 0.029 0.057 0.043 0.045 0.096 0.085 0.085 0.107 0.084 0.091 0.066 0.062 0.048 0.043 0.015 0.017 0.044 0.054 -0.002 0.014 -0.047 -0.034 -0.04 -0.057 -0.042 -0.037 0.016
-0.108 -0.1 -0.083 -0.063 -0.044 -0.052 -0.055 -0.035 -0.028 -0.066 -0.048 -0.03 -0.012 -0.046 -0.016 -0.032 -0.048 -0.042 0.004 -0.025 -0.008 0.011 0.008 0.019 0.013 0.023 0.066 0.043 0.084 0.065 0.018 0.019 0.131 0.06 0.102 0.056 0.057 0.161 0.143 0.125 0.096 0.037 0.055 -0.006 0.045 -0.009 0.018 0.064 0.014 0.009 0.034 0.075 0.103 0.105 0.087 0.083 0.112 0.097 0.064 0.08 0.09 0.067 0.07 0.056 0.055 0.048 0.032 0.016 -0.021 -0.027 -0.035 -0.032 -0.015 -0.035 -0.016
-0.103 -0.09 -0.045 -0.06 -0.062 -0.035 -0.018 -0.004 -0.014 -0.005 -0.023 0.02 -0.007 -0.024 -0.026 -0.03 -0.057 -0.041 -0.032 -0.019 -0.007 0.001 -0.011 0.066 0.017 0.042 0.04 0.082 0.077 0.069 0.137 0.105 0.079 0.063 0.103 0.13 0.132 0.074 -0 0.028 0.065 0.046 0.039 0.094 0.079 0.083 0.057 0.033 0.072 0.044 0.042 0.068 0.091 0.07 0.08 0.098 0.109 0.11 0.1 0.11 0.115 0.095 0.077 0.082 0.072 0.05 0.053 0.019 -0.013 -0.019 -0.019 -0.018 -0.047 -0.057 -0.063
-0.046 -0.031 -0.04 -0.034 -0.032 -0.024 0.014 0.027 0.021 0.011 -0.005 0.063 0.031 0.025 0.028 0.015 0.002 -0.006 -0.03 -0.029 -0.029 -0.014 -0.03 0.003 0.036 0.063 0.01 0.04 0.047 0.113 0.142 0.094 0.011 0.127 0.144 0.097 0.112 0.085 0.117 0.064 0.083 0.015 0.051 0.015 0.099 0.049 0.081 0.059 0.092 0.062 0.077 0.086 0.08 0.101 0.105 0.1 0.104 0.122 0.122 0.092 0.115 0.11 0.1 0.067 0.08 0.062 0.052 0.02 0.003 -0.005 -0.019 -0.031 -0.021 -0.038 -0.081
-0.055 -0.052 -0.014 -0.034 -0.026 0.002 0.026 0.023 0.058 0.03 0.069 0.046 0.078 0.047 0.056 0.055 0.033 -0.003 -0.004 -0.02 -0.007 -0.031 -0.027 -0.009 0.027 0.013 0.025 0.035 0.048 0.074 0.063 0.148 0.122 0.163 0.08 0.119 0.075 0.117 0.144 0.064 0.042 0.035 0.045 0.041 0.07 0.112 0.05 0.061 0.025 0.079 0.087 0.1 0.113 0.108 0.122 0.129 0.126 0.127 0.118 0.117 0.12 0.107 0.105 0.095 0.07 0.082 0.055 0.03 0.018 0.003 -0.003 -0.002 -0.001 -0.028 -0.079
-0.018 -0.034 0.002 0.006 0.021 0.034 0.028 0.061 0.056 0.067 0.085 0.114 0.099 0.105 0.075 0.061 0.047 0.066 0.029 0.035 0.006 -0.002 -0.037 -0.004 0.008 0.049 0.01 0.059 0.057 0.034 0.069 0.124 0.062 0.083 0.085 0.098 0.089 0.139 0.07 0.121 0.144 0.098 0.063 0.055 0.039 0.113 0.059 0.116 0.048 0.059 0.056 0.063 0.123 0.138 0.107 0.135 0.138 0.125 0.118 0.123 0.094 0.1 0.102 0.115 0.07 0.102 0.065 0.03 0.037 0.022 0.017 0.021 0.011 0.01 -0.054
-0.014 -0.001 -0.002 0.019 0.033 0.066 0.062 0.106 0.049 0.085 0.117 0.179 0.126 0.152 0.12 0.13 0.089 0.08 0.061 0.055 0.045 0.023 -0.025 -0.015 -0.013 0.015 -0.005 0.056 0.029 0.108 0.076 0.142 0.11 0.083 0.158 0.096 0.105 0.054 0.144 0.134 0.058 0.091 0.047 0.089 0.055 0.102 0.072 0.089 0.078 0.089 0.085 0.1 0.094 0.102 0.123 0.134 0.141 0.137 0.125 0.13 0.109 0.117 0.095 0.125 0.102 0.115 0.08 0.05 0.026 0.042 0.005 0.018 -0.009 -0.019 0.002
-0.016 0.005 0.057 0.047 0.07 0.081 0.097 0.126 0.135 0.127 0.168 0.161 0.22 0.18 0.197 0.12 0.137 0.102 0.102 0.049 0.089 0.02 0.04 0.023 0.003 0.041 0.041 -0.001 0.035 0.046 0.074 0.082 0.116 0.105 0.105 0.103 0.215 0.138 0.127 0.101 0.096 0.126 0.154 0.124 0.039 0.071 0.106 0.07 0.07 0.128 0.115 0.079 0.118 0.142 0.141 0.131 0.134 0.124 0.146 0.122 0.113 0.118 0.13 0.115 0.101 0.086 0.075 0.082 0.042 0.028 0.042 0.034 -0.001 -0.016 -0.019
-0.013 0.025 0.055 0.068 0.087 0.072 0.103 0.118 0.142 0.175 0.175 0.168 0.177 0.2 0.207 0.17 0.175 0.147 0.118 0.116 0.086 0.088 0.032 0.027 0.042 0.006 0.015 0.003 0.06 0.035 0.161 0.084 0.178 0.196 0.1 0.177 0.159 0.195 0.125 0.07 0.162 0.09 0.089 0.105 0.142 0.132 0.166 0.061 0.122 0.084 0.101 0.112 0.115 0.114 0.112 0.168 0.128 0.133 0.139 0.125 0.108 0.116 0.13 0.122 0.11 0.095 0.086 0.084 0.058 0.06 0.045 0.04 0.018 0.013 0.007
0.023 0.029 0.049 0.068 0.079 0.107 0.085 0.138 0.137 0.165 0.146 0.207 0.165 0.205 0.237 0.187 0.182 0.176 0.131 0.112 0.058 0.053 0.013 0.039 0.023 -0.005 0.016 0.033 0.01 0.055 0.098 0.124 0.131 0.096 0.205 0.127 0.139 0.128 0.155 0.136 0.137 0.129 0.136 0.067 0.1 0.158 0.118 0.14 0.153 0.127 0.16 0.139 0.105 0.157 0.143 0.13 0.164 0.133 0.133 0.146 0.131 0.128 0.135 0.136 0.115 0.116 0.107 0.11 0.081 0.079 0.066 0.053 0.021 0.001 -0.055
0.022 0.032 0.058 0.071 0.103 0.127 0.134 0.164 0.186 0.168 0.186 0.18 0.175 0.167 0.183 0.167 0.152 0.11 0.121 0.091 0.058 0.029 0.023 0.053 0.015 0.009 0.026 0.041 0.042 0.053 0.103 0.079 0.146 0.159 0.148 0.183 0.172 0.2 0.16 0.166 0.096 0.107 0.183 0.144 0.161 0.196 0.138 0.169 0.126 0.119 0.145 0.149 0.166 0.148 0.156 0.151 0.152 0.142 0.14 0.17 0.154 0.146 0.12 0.138 0.122 0.127 0.105 0.106 0.099 0.075 0.071 0.036 0.008 0.015 -0.031
