All_lidar/sz6086_DSM_2M.asc
ncols 500
nrows 500
xllcorner    460000
yllcorner    86000
cellsize     2
NODATA_value -9999
[rows 396 to 428 of 500, columns 146 to 218 of 500]
15.204 15.041 15.039 15.301 16.199 15.541 14.221 15.804 14.341 13.439 13.501 13.094 10.654 9.909 9.806 12.406 13.369 13.036 13.734 14.061 12.454 9.026 8.074 7.874 7.879 7.839 7.779 8.004 8.486 7.654 7.194 7.079 7.926 9.984 9.299 7.301 6.949 6.976 7.816 6.799 5.524 5.099 5.156 4.811 4.626 4.181 4.091 4.036 3.974 3.896 3.886 4.506 4.249 3.929 3.839 3.654 3.659 4.246 3.376 3.326 4.341 5.749 4.259 3.244 3.656 3.664 3.171 3.394 4.061 4.189 2.916 2.929 3.969
15.294 15.249 15.649 15.299 16.099 14.759 14.399 16.209 14.549 13.659 13.521 13.291 11.059 9.979 10.019 10.871 11.146 11.076 13.539 13.834 12.674 9.994 10.381 8.839 8.886 8.954 8.751 8.531 8.384 7.491 7.716 7.936 8.159 8.759 7.804 7.586 7.694 6.219 5.799 5.421 5.191 4.946 4.694 4.449 4.221 4.086 4.059 4.034 3.964 3.924 3.849 4.044 4.946 3.904 3.856 3.766 3.599 3.444 3.366 3.386 4.429 3.816 3.241 3.061 3.484 3.644 3.159 3.051 3.096 3.719 3.414 5.501 3.991
15.674 15.151 15.006 14.886 14.674 14.619 14.311 14.671 13.939 13.724 13.554 13.459 11.579 10.116 10.146 11.336 13.186 14.051 13.611 13.776 12.924 9.761 9.666 9.804 9.131 8.936 10.029 11.316 8.441 8.006 8.816 7.529 7.706 8.986 9.704 9.539 9.339 6.481 5.714 5.461 5.264 5.046 4.824 4.626 4.474 4.186 4.046 4.044 3.999 3.911 3.871 3.846 4.096 3.721 4.491 5.304 3.851 3.854 3.656 5.074 5.096 3.614 3.146 4.464 3.351 2.946 2.996 2.979 4.516 5.421 4.709 3.834 2.984
15.831 15.199 15.064 14.939 14.796 14.631 14.406 14.181 13.944 13.786 13.671 13.679 11.696 10.156 10.326 11.676 13.349 13.606 12.091 13.711 12.856 10.264 10.551 10.771 9.884 10.679 10.271 11.101 8.956 7.986 8.024 7.399 8.254 10.431 10.764 9.909 8.549 7.949 6.214 5.611 5.504 5.351 5.156 4.946 4.646 4.276 4.126 4.049 4.014 3.924 3.891 3.866 3.861 4.316 5.201 5.864 5.229 4.791 4.281 5.191 5.211 4.369 4.679 6.299 5.889 4.236 2.949 2.971 7.616 7.671 5.449 3.334 3.146
16.326 16.231 16.219 16.196 15.951 15.806 15.694 15.634 15.334 14.879 14.811 13.856 11.799 10.251 10.454 11.536 13.284 14.171 12.051 12.054 9.976 9.471 9.636 9.904 9.289 9.709 9.604 11.206 10.284 7.904 7.569 7.444 8.669 10.344 10.816 10.384 10.336 10.491 8.371 5.706 5.591 5.446 5.241 5.064 4.749 4.354 4.154 4.049 3.984 3.944 3.899 3.859 3.849 3.909 3.981 5.079 5.386 5.009 5.614 4.039 3.401 3.694 5.964 6.819 7.276 6.679 4.569 3.119 6.061 4.196 4.324 3.796 3.209
16.226 15.991 16.124 15.836 15.614 15.924 15.554 15.289 14.916 14.719 14.289 13.336 11.574 10.384 10.504 11.494 13.244 14.266 13.364 11.486 10.449 9.829 9.504 9.614 9.824 9.836 10.271 10.346 10.546 8.214 7.614 7.441 9.719 10.936 10.951 10.876 10.859 10.796 9.634 5.781 5.559 5.436 5.264 5.151 4.936 4.564 4.216 4.066 4.011 3.971 3.969 3.904 3.926 4.061 4.094 4.909 5.639 4.221 3.589 3.426 3.246 5.534 6.614 7.266 6.936 6.176 4.246 4.274 5.869 4.924 5.046 3.366 3.176
15.276 15.096 14.946 14.844 14.694 14.544 14.394 14.249 14.264 14.169 13.866 13.471 11.399 10.504 10.621 11.546 13.161 14.291 13.519 11.499 9.864 9.719 9.591 9.626 9.934 10.639 11.001 9.404 9.939 8.214 7.634 7.329 9.371 10.334 10.229 10.081 9.979 9.446 8.064 5.786 5.589 5.491 5.341 5.181 4.994 4.546 4.331 4.184 4.074 4.016 3.986 3.954 4.401 6.044 4.706 4.004 4.736 4.186 3.474 3.249 4.811 6.386 7.144 7.091 6.411 4.989 3.124 4.041 5.646 4.751 3.706 3.284 3.216
15.301 15.121 14.956 14.801 14.679 14.516 14.406 14.306 14.281 14.039 13.789 13.934 11.354 10.599 10.629 11.031 12.566 13.824 12.609 11.379 10.096 9.906 9.801 9.716 9.716 9.584 9.416 9.344 9.944 8.199 7.699 7.466 7.694 7.776 7.626 8.364 8.679 6.676 7.244 6.114 5.716 5.564 5.429 5.269 4.931 4.609 4.541 4.346 4.204 4.156 4.084 4.084 5.471 5.546 5.091 5.094 4.449 3.594 3.416 3.264 5.821 6.896 7.291 6.636 4.874 3.641 3.004 3.284 3.436 3.591 3.364 3.314 3.336
15.306 15.111 14.961 14.799 14.701 14.586 14.391 14.296 14.219 14.164 13.841 13.794 11.546 10.676 10.731 11.736 11.509 11.594 10.831 10.599 10.291 10.044 9.974 9.881 11.226 11.786 11.699 9.801 9.736 8.439 8.294 7.666 7.604 7.121 6.959 7.246 7.779 7.774 7.126 5.959 5.829 5.641 5.441 5.211 4.939 4.831 4.734 4.524 4.494 4.386 4.239 4.191 6.059 4.769 4.474 4.769 5.254 3.729 3.376 3.596 4.546 5.276 6.896 5.134 4.216 3.676 3.631 3.109 3.404 3.451 3.394 3.381 3.454
15.549 15.166 14.944 14.786 14.719 14.606 14.399 14.504 14.364 14.356 14.079 13.484 11.051 10.751 10.759 12.044 12.916 12.011 11.046 10.801 10.459 10.139 10.056 9.936 11.119 11.911 11.501 10.644 12.194 9.666 8.034 7.664 7.581 7.084 7.304 8.546 8.809 10.139 9.996 6.649 5.931 5.706 5.436 5.231 5.101 5.159 5.604 4.786 4.731 4.629 4.484 4.331 5.976 4.539 4.174 3.954 4.469 5.461 3.551 4.984 5.704 5.431 4.399 3.911 3.064 3.061 3.319 3.419 3.494 3.494 3.456 3.516 3.529
16.381 15.521 15.311 16.776 15.434 16.141 15.206 15.101 15.524 15.871 18.036 16.731 11.414 10.806 10.894 12.591 13.289 13.801 11.269 11.206 10.899 10.359 10.164 9.949 9.794 9.871 9.646 10.651 15.854 11.419 10.041 7.729 8.161 8.031 7.631 9.869 10.359 10.924 10.911 9.271 6.176 5.764 5.571 5.404 5.356 5.404 5.614 4.991 4.861 4.791 4.624 4.529 6.039 4.966 4.954 4.996 4.029 5.306 5.159 5.694 5.669 5.621 4.359 3.091 3.089 3.364 4.049 3.574 3.561 3.614 3.589 3.579 3.566
17.564 17.344 16.489 16.036 16.506 18.024 16.396 15.246 15.839 17.741 17.984 16.694 11.616 10.906 11.066 11.986 13.536 16.356 11.219 11.061 11.249 13.406 10.931 10.009 9.809 9.649 9.494 10.416 15.041 13.716 9.909 8.051 8.504 8.531 9.941 10.554 10.944 10.724 10.034 8.281 6.029 5.896 5.714 5.556 7.524 7.464 6.069 7.906 5.869 4.869 4.766 4.776 6.526 4.399 4.244 5.664 5.631 6.829 7.781 7.734 5.671 5.264 5.226 3.916 3.259 4.091 3.714 3.644 3.606 4.309 3.901 3.624 3.559
15.514 16.581 15.129 14.856 15.444 14.999 15.699 14.914 15.714 16.394 14.129 12.904 11.056 11.021 11.329 14.101 13.021 12.481 11.344 11.134 10.976 12.234 11.294 10.129 9.926 9.714 9.536 9.709 14.479 17.494 10.989 8.309 7.609 9.321 10.684 11.061 10.986 10.219 8.951 7.664 6.244 6.026 5.809 8.064 8.684 7.246 8.791 9.531 9.414 6.069 4.891 5.589 7.614 5.036 4.884 6.634 7.356 7.609 8.271 8.071 6.924 4.831 5.596 4.374 3.349 3.621 3.714 3.741 4.029 4.499 3.726 3.626 3.531
15.504 15.326 14.999 14.734 14.664 14.589 14.564 14.436 14.804 15.101 14.096 12.459 11.134 11.081 11.331 12.736 11.609 11.299 11.219 11.149 11.049 11.976 11.846 10.244 9.999 9.809 9.609 9.596 11.399 16.496 10.274 7.934 7.404 9.274 10.039 10.504 10.966 10.681 9.864 9.039 6.321 6.144 7.154 9.164 9.521 8.991 9.419 9.596 8.834 6.641 4.954 5.321 6.369 5.476 4.411 5.651 7.394 8.066 8.269 7.534 6.161 4.574 5.871 6.951 4.369 3.884 3.806 3.761 3.811 3.786 3.741 3.639 3.481
15.491 15.339 14.994 14.719 14.609 14.551 14.501 14.381 16.434 15.616 13.914 12.521 11.169 11.151 11.216 13.426 11.624 11.344 11.269 11.221 11.131 11.884 11.914 10.339 10.091 9.899 9.706 9.761 9.844 12.474 9.051 8.076 7.711 7.494 9.099 8.496 10.424 11.006 9.584 6.814 6.401 6.209 7.421 8.886 9.514 9.649 9.694 9.056 7.679 5.681 5.119 5.391 6.129 4.509 4.896 7.099 7.861 8.409 7.811 6.449 3.689 4.239 5.529 6.201 4.244 3.841 3.856 3.896 3.874 3.839 3.744 3.609 3.506
15.909 15.361 14.979 14.661 14.506 14.579 14.784 14.404 15.734 15.644 13.936 13.124 11.204 11.254 11.654 16.161 12.299 11.446 11.334 11.241 11.149 12.049 11.486 10.381 10.184 9.964 9.744 9.566 10.311 10.386 8.704 8.124 7.944 7.604 7.634 7.066 9.531 9.394 7.019 6.704 6.766 6.269 6.091 7.191 8.546 9.754 9.234 8.471 6.996 5.449 5.316 5.251 5.486 6.021 6.019 7.629 8.311 8.051 7.266 6.144 4.829 4.079 5.204 4.721 4.016 3.914 3.934 3.941 3.886 3.849 3.706 3.654 3.819
15.846 15.356 14.939 14.561 14.404 14.671 15.036 14.389 14.226 14.576 15.026 11.766 11.269 11.291 12.654 13.056 12.526 11.531 11.391 11.296 11.191 12.151 11.316 10.486 10.229 9.999 10.129 14.169 16.854 16.711 9.601 8.159 8.024 7.834 7.546 7.121 7.176 8.594 7.701 7.714 7.314 6.329 6.044 5.906 6.449 8.444 8.659 7.921 6.756 6.126 5.421 7.641 7.749 5.386 5.351 6.899 7.504 7.534 6.684 7.061 6.966 4.494 4.319 4.266 4.041 3.976 4.019 3.954 3.914 3.881 4.006 4.161 3.969
15.526 15.374 14.926 14.566 14.594 15.191 14.696 14.299 14.204 15.674 17.024 12.486 11.346 11.371 15.676 18.239 17.439 14.106 11.951 12.024 11.519 12.769 11.196 10.681 10.296 10.069 10.551 17.206 19.299 17.959 12.314 8.149 8.051 7.879 7.719 7.666 7.254 7.861 9.126 7.189 6.541 6.326 6.131 6.026 6.114 6.254 6.534 6.661 7.494 5.619 6.739 9.229 8.989 8.126 6.666 6.366 4.921 6.144 5.314 5.414 5.134 4.324 4.841 4.221 4.106 4.094 4.116 4.046 4.011 4.019 4.206 3.594 4.004
15.564 15.389 14.961 14.616 14.504 14.486 14.419 14.274 14.174 14.874 16.631 12.649 11.431 11.434 12.559 16.759 15.924 14.636 14.839 14.796 12.291 12.501 11.494 10.621 10.414 10.219 9.994 13.811 16.346 16.304 13.844 8.226 8.044 7.904 7.786 7.676 8.259 10.256 7.641 7.341 6.839 6.521 6.761 6.596 6.571 5.964 5.864 7.161 8.246 6.849 8.669 9.291 9.644 9.254 8.621 8.216 7.091 5.229 5.989 5.756 4.381 4.929 4.576 4.189 4.174 4.184 4.174 4.084 4.049 4.394 4.586 5.056 3.969
15.549 15.344 15.109 14.741 15.556 15.139 14.431 14.326 14.771 14.109 15.639 13.171 11.491 11.811 14.264 17.234 14.209 14.021 14.294 14.374 12.531 11.549 11.306 11.014 10.841 10.799 10.756 11.759 11.791 11.176 10.301 8.409 8.809 8.856 9.751 10.074 11.451 11.721 9.446 8.639 8.579 10.311 10.501 10.616 9.881 8.766 7.281 8.421 7.571 5.809 6.369 8.371 8.971 9.591 9.484 8.906 6.804 5.054 5.321 5.796 5.401 4.886 4.334 4.244 4.256 4.234 4.216 4.116 4.326 4.181 3.996 4.526 4.336
16.091 15.489 15.229 14.981 16.149 15.361 14.871 14.421 15.609 15.469 14.004 12.511 11.529 11.514 12.841 17.869 14.419 12.954 13.016 13.054 12.171 12.041 11.754 11.324 10.949 11.216 11.649 11.409 11.369 10.134 10.959 11.496 12.184 11.799 11.814 11.884 11.599 11.444 10.279 8.791 8.044 8.984 9.931 10.861 11.216 11.361 9.336 7.901 6.024 5.686 5.476 6.146 7.501 8.741 9.381 9.351 5.694 4.981 4.986 5.124 4.756 4.499 4.346 4.361 4.379 4.294 4.244 4.391 4.406 3.894 3.729 4.099 7.256
16.281 15.279 14.821 14.769 14.646 14.419 14.151 14.036 14.304 15.319 14.284 12.174 11.564 11.534 11.501 12.131 12.676 12.639 11.919 12.269 12.144 12.164 12.719 12.421 11.949 11.164 11.279 11.199 10.884 10.606 11.466 10.076 9.326 9.054 9.394 9.209 8.921 8.919 9.411 7.709 7.584 7.459 7.431 9.529 11.331 11.284 9.486 6.736 6.261 5.529 5.486 5.624 5.489 7.056 8.006 6.524 5.324 5.071 5.011 4.949 4.654 4.456 4.424 4.456 4.424 4.336 4.346 4.659 4.034 3.956 3.754 4.789 7.404
15.919 15.036 14.859 14.731 14.484 14.766 14.351 14.026 13.881 13.904 14.221 12.149 11.649 11.579 11.569 12.066 12.229 11.919 11.831 11.551 11.166 11.261 11.616 11.216 11.141 12.126 11.964 11.344 10.714 10.889 9.816 9.301 9.089 8.946 8.786 8.646 8.751 8.521 9.546 8.409 7.709 7.634 7.771 7.566 9.101 9.709 8.056 6.856 6.109 6.784 6.246 5.426 5.361 5.324 5.196 5.081 5.091 5.109 5.154 4.991 4.574 4.521 4.501 4.476 4.414 4.396 4.696 4.364 4.091 3.941 3.859 5.726 7.686
15.299 15.129 14.946 14.834 14.591 14.394 14.111 13.976 13.864 14.379 14.624 12.206 11.656 11.636 11.876 12.296 12.579 12.349 12.681 13.026 13.191 12.854 11.994 11.486 10.871 10.794 10.811 10.271 9.836 10.069 10.041 9.379 9.151 8.979 8.834 9.026 9.489 8.504 9.846 9.924 8.024 8.251 8.314 8.814 8.529 7.396 7.129 6.479 6.336 6.186 6.174 6.334 5.969 5.384 5.319 5.251 5.246 5.301 5.249 4.751 4.581 4.596 4.604 4.529 4.486 4.821 4.719 4.209 4.109 4.419 4.524 6.514 7.914
15.346 15.269 15.044 15.024 14.966 14.479 14.261 14.054 13.911 14.104 14.686 12.204 11.699 11.689 12.024 11.794 11.724 11.701 11.644 11.566 11.499 11.671 13.076 13.301 12.219 11.966 11.879 12.226 11.949 12.096 12.296 11.909 11.856 9.636 8.811 8.686 8.524 9.271 12.216 12.041 11.361 11.301 10.466 9.999 8.549 7.764 7.951 6.649 6.469 6.366 6.666 7.064 8.404 6.766 5.401 5.289 5.176 5.274 4.919 4.709 4.689 4.716 4.634 4.551 4.634 4.936 4.331 4.689 4.139 4.726 5.321 7.039 8.136
15.341 15.206 15.156 15.361 14.791 14.561 14.299 14.076 13.939 14.586 16.164 12.091 11.781 11.796 12.221 11.841 11.734 11.706 11.646 11.539 11.439 11.366 14.079 14.736 14.589 14.369 13.219 13.286 11.764 10.911 10.324 10.166 10.539 12.466 9.899 8.661 8.489 9.399 13.104 13.481 13.236 12.989 12.681 12.354 11.456 7.779 8.224 6.831 6.524 6.224 6.179 6.521 7.264 7.856 6.266 5.369 5.221 5.046 4.816 4.731 4.761 4.719 4.659 4.621 5.176 4.601 4.331 4.209 4.256 5.479 5.296 7.206 8.151
15.404 15.674 15.819 16.044 14.734 14.536 14.326 14.161 14.171 16.026 16.034 12.051 11.814 11.834 11.954 11.776 14.034 14.396 14.346 12.294 11.391 11.301 13.671 15.044 15.671 15.491 15.294 15.104 14.811 13.004 10.479 10.111 10.004 10.469 11.869 10.694 8.729 10.131 12.349 12.964 12.739 13.041 13.489 12.816 11.074 8.589 8.074 6.869 6.509 6.519 6.549 6.444 5.664 5.589 5.566 6.826 5.569 4.966 4.829 4.814 4.846 4.939 4.691 5.359 4.804 4.549 6.111 5.424 6.164 6.541 5.921 7.421 8.146
15.606 15.631 16.689 14.914 14.739 14.506 14.379 14.359 14.316 15.434 15.106 12.724 11.866 11.831 12.014 11.799 14.286 15.274 15.326 12.656 11.414 11.334 14.169 15.194 15.769 15.921 15.774 15.214 14.864 13.539 10.669 10.199 10.039 9.891 10.336 11.774 11.834 9.351 9.296 9.959 11.179 12.391 13.651 12.514 10.441 9.211 8.856 7.274 7.811 8.161 7.511 10.219 7.231 7.644 6.226 5.491 5.176 4.939 4.909 4.909 5.041 5.634 5.246 5.076 4.554 5.789 6.256 4.749 4.711 4.976 5.244 5.779 7.611
16.416 16.169 15.864 18.006 18.734 17.756 15.836 16.029 16.626 15.181 14.974 14.179 11.949 11.856 12.459 12.209 13.739 14.446 14.286 11.924 11.474 11.989 13.831 14.484 14.684 14.914 15.106 14.624 13.276 11.609 10.374 10.266 10.121 9.939 10.961 11.434 12.231 9.881 8.274 8.226 10.081 12.491 13.186 12.204 8.991 7.426 7.026 7.519 7.286 12.824 14.449 13.084 9.484 8.816 6.214 5.441 5.079 4.994 4.979 4.936 4.889 5.154 5.809 5.746 5.591 6.646 6.024 4.786 4.806 5.196 5.614 3.876 4.386
16.421 16.084 18.866 20.319 20.876 17.109 16.044 14.836 14.876 15.041 18.221 15.564 12.011 11.924 12.179 12.256 12.299 12.529 12.206 12.151 11.874 11.489 11.739 12.036 12.004 12.899 13.096 13.701 11.306 10.476 10.351 10.321 10.381 10.674 11.699 9.424 9.541 8.501 8.321 8.256 9.571 11.256 11.391 11.461 8.116 7.101 6.986 8.589 7.091 8.039 12.484 10.739 6.706 9.079 7.639 5.986 5.036 5.061 5.051 4.941 4.871 5.161 5.621 5.956 6.139 5.431 4.889 4.724 4.776 5.544 5.526 4.749 4.849
18.171 16.119 17.969 20.161 18.701 16.371 15.221 14.686 14.626 14.666 18.619 13.901 12.041 11.931 12.024 12.034 11.964 11.936 11.956 11.961 11.806 11.501 11.469 11.151 11.286 12.234 11.224 10.866 10.476 10.451 10.346 10.279 10.361 11.569 10.749 9.386 8.679 8.524 8.356 8.181 8.289 8.549 8.566 8.856 7.384 7.091 6.956 6.806 6.666 6.469 9.316 10.384 7.591 9.741 15.226 7.144 5.116 5.121 5.059 4.974 4.964 4.931 4.836 5.431 5.254 5.129 5.581 5.619 5.179 5.709 6.131 4.666 4.616
16.454 15.669 15.296 15.911 15.799 14.869 15.271 14.706 14.606 14.471 14.501 12.976 12.041 11.976 11.991 11.929 11.876 11.791 11.711 11.621 12.789 13.036 11.444 11.286 10.924 10.791 10.831 10.954 10.461 10.366 10.324 10.254 11.269 11.409 9.536 8.949 8.789 8.576 8.396 8.866 8.176 8.096 8.106 7.826 8.496 7.609 6.996 6.849 6.679 6.514 10.089 11.061 8.469 7.234 7.791 5.214 5.169 5.111 5.059 5.031 5.214 5.079 4.799 5.059 4.676 6.104 7.171 7.201 6.426 5.404 6.561 4.919 4.446
16.226 17.601 15.406 15.061 14.906 14.926 14.811 14.479 15.831 15.389 16.576 14.571 12.134 12.026 12.109 11.941 11.859 11.796 11.706 11.586 13.064 13.941 11.566 11.366 11.256 10.756 10.489 10.791 10.749 10.656 10.406 10.634 11.719 12.779 9.271 8.941 9.294 8.656 9.654 10.926 12.296 7.901 7.766 8.659 8.114 7.389 8.544 8.034 7.956 7.606 10.496 11.179 11.291 11.694 7.809 5.309 5.291 5.164 5.074 5.241 5.024 4.884 4.776 5.456 5.474 4.466 4.681 4.589 4.384 4.079 4.294 3.911 3.791
