All_lidar/sz6091_DSM_2M.asc
ncols 500
nrows 500
xllcorner    460000
yllcorner    91000
cellsize     2
NODATA_value -9999
[rows 256 to 287 of 500, columns 213 to 283 of 500]
51.219 50.114 47.869 47.779 47.834 48.399 47.434 47.386 47.989 48.369 47.241 47.276 48.441 47.354 47.321 47.726 49.479 49.429 47.956 47.881 48.446 48.464 48.761 47.869 47.444 47.584 47.829 46.951 47.066 46.864 47.539 49.161 52.996 52.244 48.084 45.946 45.924 45.932 45.962 45.929 45.794 45.912 45.707 45.847 46.559 46.137 45.702 46.372 45.332 45.179 45.127 44.989 44.889 44.739 44.752 44.717 44.029 43.912 43.804 43.709 43.647 43.602 43.577 43.559 43.567 43.542 43.582 43.619 43.619 43.579 43.487
48.324 49.374 48.056 47.749 47.804 49.091 47.441 47.369 47.941 48.371 47.259 47.291 48.516 47.441 47.256 48.381 49.801 48.854 47.451 48.071 47.421 49.504 49.304 48.099 47.194 48.171 47.561 47.066 46.294 46.756 47.906 48.454 50.399 50.226 46.481 45.859 45.921 46.189 45.937 45.917 45.779 46.664 46.119 46.489 45.842 46.482 47.612 46.819 45.857 45.254 46.152 44.822 44.734 44.609 44.522 44.664 43.924 43.792 43.744 43.689 43.612 43.597 43.597 43.567 43.582 43.584 43.574 43.547 43.487 43.399 43.259
47.796 49.099 47.951 47.754 47.721 48.111 47.396 47.376 47.951 48.341 48.554 48.374 49.221 47.579 47.251 49.091 50.104 47.174 47.579 49.369 47.239 47.766 47.976 48.436 47.539 48.244 48.409 48.006 49.744 50.299 48.679 47.959 46.559 46.249 46.064 45.819 46.394 46.579 45.854 46.082 45.837 45.559 45.427 48.044 50.827 49.592 48.337 46.764 47.327 45.137 44.814 44.559 44.352 44.374 44.349 44.987 44.014 43.732 43.722 43.707 43.672 43.642 43.612 43.604 43.579 43.514 43.442 43.352 43.232 43.099 42.994
48.144 49.399 49.256 48.734 47.876 48.219 47.499 47.396 48.281 48.899 49.266 48.314 49.966 48.586 47.344 48.889 48.951 47.566 48.064 49.334 47.399 48.284 47.389 47.534 47.766 48.801 48.936 49.554 51.514 51.531 51.356 49.964 46.719 45.979 45.771 45.794 46.094 45.839 45.734 46.022 45.727 45.487 45.552 50.077 52.207 51.844 49.487 45.114 45.267 44.547 44.092 44.129 44.089 45.239 45.074 45.012 44.372 43.727 43.742 43.759 43.744 43.707 43.652 43.544 43.419 43.294 43.209 43.079 42.977 42.882 42.817
49.101 49.459 50.159 50.074 48.074 48.131 47.576 47.431 47.816 48.714 48.991 48.696 50.899 50.216 48.551 48.531 49.771 52.576 52.329 50.331 48.974 48.001 46.731 46.436 47.799 48.484 48.911 50.669 51.754 51.366 51.699 48.976 46.256 46.069 45.709 45.761 45.796 45.744 45.637 45.824 45.547 45.477 46.644 51.494 52.727 51.707 49.204 46.862 45.504 44.364 44.074 43.927 43.917 44.704 45.037 44.689 44.334 43.712 43.724 43.772 43.729 43.652 43.524 43.359 43.192 43.054 42.969 42.872 42.789 42.714 42.674
48.714 49.291 49.304 48.749 49.031 48.554 48.471 47.606 48.941 49.739 48.761 48.121 49.039 49.304 49.749 50.234 51.519 52.671 51.529 47.886 46.869 48.124 46.889 46.671 46.371 47.691 48.859 51.409 51.561 51.446 51.551 47.676 46.199 45.714 45.701 45.739 45.696 45.572 45.632 45.487 45.417 45.367 48.754 51.824 52.877 51.109 47.664 47.154 44.924 44.189 43.994 43.854 43.782 43.734 44.144 44.434 44.344 43.664 43.694 43.737 43.634 43.494 43.304 43.139 43.022 42.919 42.854 42.782 42.654 42.602 42.572
48.216 49.676 50.064 48.296 49.654 47.901 49.046 49.424 48.204 49.874 49.064 48.761 49.359 49.486 49.436 49.026 49.056 48.219 46.999 46.811 46.561 46.824 47.456 46.791 46.249 49.071 50.249 51.734 51.219 50.344 48.929 45.956 45.819 45.656 45.934 45.926 45.584 45.442 45.404 45.342 45.312 45.277 49.834 52.272 52.222 49.727 44.979 44.997 44.739 45.374 44.522 43.839 43.727 43.684 43.684 44.254 44.339 43.604 43.664 43.634 43.484 43.314 43.184 43.062 42.954 42.872 42.819 42.722 42.589 42.554 42.542
48.809 48.799 48.621 47.984 48.001 48.046 49.581 49.646 48.076 49.209 47.739 47.776 47.949 48.354 48.061 47.034 46.786 46.666 46.564 46.584 46.616 46.719 46.386 47.439 46.741 50.276 51.366 51.696 49.586 46.156 46.151 46.056 45.589 45.724 46.766 45.846 45.496 45.634 45.334 45.299 45.219 45.662 50.209 51.577 51.664 48.729 44.762 44.687 44.414 44.082 43.934 44.017 43.849 43.797 43.809 44.417 44.839 43.587 43.597 43.517 43.367 43.232 43.097 43.027 42.919 42.872 42.804 42.682 42.607 42.532 42.497
47.521 48.296 47.964 47.371 47.549 48.074 49.349 49.126 47.289 47.846 47.699 47.331 47.044 47.001 47.031 47.121 46.656 46.576 46.449 46.329 49.161 51.229 47.929 46.394 47.489 47.406 49.046 50.236 47.539 46.069 45.764 45.654 45.549 45.984 45.936 45.574 45.644 45.857 45.174 45.167 45.194 46.337 47.517 49.144 50.052 46.377 44.734 44.544 44.044 43.824 43.669 43.547 43.427 43.412 43.749 44.747 44.982 43.574 43.482 43.389 43.287 43.159 43.084 42.999 42.912 42.869 42.777 42.677 42.632 42.502 42.444
47.239 48.551 47.471 47.796 47.329 47.269 47.176 46.881 46.914 49.306 49.226 47.594 46.929 46.899 46.916 46.854 46.499 46.431 46.361 47.846 51.961 52.531 51.559 51.771 49.636 46.941 46.009 46.086 45.829 46.146 45.669 45.499 45.959 47.066 45.579 45.421 46.151 45.392 45.119 45.099 45.022 44.984 45.492 47.362 47.254 45.034 44.672 44.322 43.909 43.762 43.602 43.517 43.429 43.369 43.574 44.477 45.002 43.877 43.349 43.269 43.224 43.097 43.042 42.962 42.879 42.814 42.794 42.732 42.632 42.539 42.422
47.266 48.519 47.456 48.359 47.779 47.196 46.811 46.799 46.884 47.564 47.346 47.044 46.851 46.766 46.761 46.794 46.414 46.371 46.326 47.094 50.391 52.329 52.666 52.484 51.684 48.229 46.624 45.856 45.674 45.526 45.491 45.516 46.466 45.911 45.399 45.591 46.229 45.374 45.079 45.027 49.514 47.419 47.254 47.609 47.294 46.382 44.872 44.329 43.794 43.627 43.519 43.457 43.384 43.329 43.447 44.182 44.842 43.754 43.169 43.129 43.129 43.022 42.944 42.872 42.817 42.772 42.727 42.702 42.614 42.519 42.439
47.301 48.334 47.316 47.151 47.086 47.141 46.791 46.754 47.414 47.214 46.881 46.859 46.519 46.424 46.414 46.946 46.499 46.364 46.709 46.729 49.726 52.294 52.481 52.011 52.384 51.181 46.289 45.919 45.556 45.509 45.504 45.549 45.541 45.431 45.459 46.094 45.234 45.819 45.449 48.164 51.594 51.114 49.574 48.032 47.334 46.479 45.062 44.327 43.669 43.497 43.437 43.397 43.337 43.302 43.284 43.672 44.552 43.469 42.982 42.994 42.964 42.909 42.799 42.727 42.724 42.672 42.612 42.589 42.539 42.467 42.449
48.274 48.714 47.369 47.186 47.561 47.256 46.804 46.764 46.699 47.104 47.839 48.009 46.541 46.389 46.389 47.239 47.086 46.219 46.061 48.856 51.376 51.829 51.999 52.511 52.301 49.511 46.081 45.526 45.479 45.489 45.506 45.539 45.396 45.299 45.519 45.364 45.354 45.134 47.439 51.352 52.779 52.519 51.347 49.514 48.087 48.392 46.934 44.004 43.772 43.784 43.439 43.299 43.264 43.264 43.262 43.499 44.339 43.194 42.804 42.827 42.804 42.782 42.672 42.619 42.597 42.564 42.517 42.489 42.464 42.464 42.454
49.691 48.284 47.259 47.041 46.974 46.906 46.769 46.736 46.609 46.944 46.816 47.714 47.264 46.354 46.326 47.581 47.699 47.711 47.299 47.939 51.416 51.924 52.439 52.181 50.481 46.064 45.759 45.434 45.464 45.761 45.599 45.406 45.271 45.526 45.801 45.189 45.039 46.474 51.147 52.482 53.387 52.417 51.014 48.479 48.569 49.022 48.274 46.762 43.909 43.857 43.752 43.557 43.187 43.182 43.219 43.359 44.142 43.084 42.669 42.684 42.704 42.712 42.577 42.537 42.527 42.517 42.489 42.439 42.417 42.419 42.444
49.001 48.626 48.316 47.259 47.356 47.009 46.836 46.649 46.584 47.414 47.034 46.466 46.841 47.044 48.191 48.496 49.846 49.616 48.189 48.801 51.311 52.326 51.846 49.296 46.176 45.921 45.439 45.451 45.936 46.264 45.461 45.281 45.194 45.539 46.539 45.716 45.299 50.334 51.789 52.942 52.692 51.274 47.314 46.147 47.809 48.407 47.367 45.567 45.162 43.887 43.547 43.452 43.362 43.222 43.832 43.799 44.154 43.127 42.567 42.602 42.639 42.672 42.592 42.542 42.542 42.509 42.457 42.439 42.419 42.427 42.447
48.901 48.109 47.499 46.466 47.511 47.949 46.821 46.071 46.201 46.876 46.406 46.209 46.416 46.636 50.011 51.279 51.946 50.769 49.659 46.534 48.829 50.376 48.179 45.646 45.484 45.431 45.431 45.456 45.594 45.416 45.211 45.356 45.091 44.974 45.249 46.371 46.479 48.609 50.592 51.707 51.532 48.344 46.032 44.757 45.312 46.944 45.239 44.432 44.164 43.747 43.554 43.502 43.299 43.142 43.079 43.604 44.462 42.932 42.507 42.564 42.587 42.622 42.624 42.577 42.557 42.504 42.457 42.449 42.404 42.387 42.409
48.071 48.161 47.591 46.146 47.491 48.504 46.599 46.049 46.284 47.146 46.361 45.901 46.296 47.876 51.806 51.626 51.966 51.781 52.046 49.174 46.586 45.774 45.551 45.436 45.391 45.424 45.434 45.444 45.286 45.116 45.441 45.699 45.056 44.881 45.069 46.279 46.364 46.752 48.367 50.322 49.259 45.004 45.092 46.854 45.934 44.764 43.942 43.874 43.784 43.684 43.559 43.439 43.257 43.054 43.324 44.069 43.392 42.514 42.514 42.547 42.562 42.589 42.609 42.574 42.572 42.529 42.454 42.402 42.334 42.349 42.364
46.999 49.029 49.074 48.244 49.004 48.744 47.621 48.476 50.606 48.776 49.516 47.034 46.976 46.666 50.104 51.531 52.001 51.854 51.099 47.774 45.611 45.496 45.399 45.379 45.399 45.436 45.406 45.299 45.126 45.624 46.146 46.194 45.236 45.224 48.611 48.824 47.176 47.364 47.354 47.767 45.044 44.292 44.197 44.949 46.657 46.857 44.859 44.209 44.344 43.669 43.524 43.342 43.149 43.227 43.889 43.392 42.684 42.479 42.494 42.554 42.557 42.589 42.592 42.554 42.492 42.397 42.327 42.247 42.242 42.222 42.242
48.366 50.179 51.299 51.499 50.939 46.914 48.146 51.121 51.459 52.261 51.309 48.334 47.844 47.749 48.996 51.611 50.959 49.456 47.149 45.569 45.416 45.344 45.336 45.606 45.501 45.391 45.244 45.116 45.646 45.316 45.546 45.926 46.331 49.271 51.354 50.646 49.114 47.372 47.104 45.524 44.637 44.214 44.169 44.064 44.169 45.547 46.172 44.699 45.019 44.777 43.849 43.234 43.399 43.902 42.927 42.494 42.472 42.484 42.499 42.547 42.539 42.522 42.482 42.384 42.264 42.187 42.159 42.154 42.154 42.127 42.107
49.954 51.691 52.099 52.071 50.769 46.111 46.439 50.374 51.321 52.136 51.739 51.579 47.536 46.576 47.829 48.509 46.436 45.781 45.799 45.369 45.356 45.361 45.841 46.056 45.376 45.194 45.054 44.999 45.036 44.924 45.579 45.401 48.151 51.429 52.646 52.049 50.799 47.997 45.167 45.964 45.482 44.997 44.839 43.977 43.909 43.804 44.549 45.399 45.299 44.002 43.432 43.644 43.827 42.769 42.529 42.502 42.469 42.449 42.474 42.479 42.432 42.392 42.297 42.184 42.117 42.112 42.039 42.022 42.024 42.009 41.962
50.389 52.049 52.481 52.056 51.159 46.664 45.966 48.144 51.784 52.369 52.219 52.021 48.491 46.659 46.284 46.326 45.769 45.411 45.329 45.329 45.409 46.021 45.616 45.414 45.139 45.014 44.941 44.924 45.014 44.929 44.889 48.499 51.424 52.669 53.009 51.931 50.666 46.307 44.554 45.209 45.887 45.917 45.884 44.412 43.809 43.749 43.667 44.207 45.637 46.187 44.014 43.922 43.054 42.632 42.552 42.474 42.419 42.397 42.372 42.357 42.304 42.199 42.094 42.067 42.029 42.012 41.979 41.927 41.912 41.859 41.859
50.344 51.879 52.146 52.129 51.101 47.716 45.871 48.086 51.939 51.026 50.521 48.056 46.434 46.319 45.699 45.456 45.369 45.334 45.381 45.509 45.869 45.676 45.201 45.071 45.186 45.029 44.824 44.789 44.756 45.559 46.916 50.524 51.744 52.819 51.964 50.334 46.906 44.412 44.257 43.967 44.532 45.762 46.574 46.454 43.697 43.639 44.947 45.809 44.249 47.007 46.057 43.294 42.717 42.589 42.514 42.432 42.382 42.324 42.262 42.209 42.187 42.094 42.022 41.962 41.927 41.912 41.874 41.837 41.774 41.774 41.749
48.624 51.864 52.261 52.031 50.724 45.886 45.806 47.441 48.589 46.469 46.639 45.859 45.499 45.411 45.339 45.321 45.309 45.329 45.811 45.749 45.249 45.126 44.996 45.514 45.679 45.334 44.679 44.654 44.631 44.914 45.821 48.566 50.519 51.576 50.551 47.804 44.854 44.429 44.014 43.854 43.784 43.964 45.754 47.167 46.047 45.567 46.142 46.057 46.569 47.192 44.982 42.827 42.614 42.539 42.477 42.367 42.317 42.207 42.172 42.144 42.067 41.977 41.929 41.917 41.874 41.829 41.744 41.744 41.654 41.664 41.667
46.961 47.679 48.834 47.796 46.989 45.764 45.716 45.776 45.776 45.669 45.499 45.386 45.329 45.286 45.294 45.321 45.299 45.296 45.261 45.111 45.041 45.121 45.571 44.889 44.889 45.834 44.686 45.889 47.454 44.674 45.404 46.926 48.899 50.241 46.919 44.299 44.066 45.954 45.712 43.842 43.722 43.702 44.414 46.454 46.044 46.179 46.127 45.984 46.672 44.307 42.669 42.594 42.527 42.489 42.412 42.287 42.154 42.087 42.042 41.999 41.949 41.889 41.879 41.837 41.767 41.749 41.657 41.599 41.529 41.544 41.544
45.909 46.174 47.174 45.889 45.989 45.604 45.531 45.494 45.441 45.374 45.349 45.324 45.269 45.514 45.994 45.499 45.231 45.109 45.019 44.944 45.556 45.041 44.749 44.681 44.571 45.041 48.434 50.996 50.754 48.129 46.936 47.131 46.914 45.951 44.186 44.029 43.891 44.779 45.709 44.742 43.624 43.717 43.987 44.324 44.182 46.272 46.699 46.769 44.377 42.642 42.562 42.532 42.454 42.392 42.274 42.129 42.032 41.997 41.924 41.882 41.809 41.737 41.779 41.774 41.717 41.647 41.572 41.492 41.447 41.429 41.444
45.764 45.754 45.689 45.656 45.604 45.549 45.489 45.484 45.404 45.361 45.321 45.261 45.216 45.401 45.194 45.134 45.141 45.331 45.544 45.129 44.796 44.784 44.629 45.194 47.609 50.446 51.606 52.359 51.681 50.189 47.894 46.666 45.661 44.816 43.979 43.896 43.696 43.629 43.554 44.314 44.274 44.557 43.477 43.484 44.454 45.159 45.792 44.067 42.594 42.537 42.484 42.474 42.354 42.227 42.124 41.997 41.907 41.869 41.779 41.762 41.689 41.647 41.677 41.687 41.657 41.549 41.482 41.424 41.397 41.349 41.347
45.749 45.726 45.776 45.649 45.836 45.929 46.234 46.229 45.351 46.136 45.669 45.221 45.311 46.151 45.231 45.639 45.416 44.981 44.819 44.704 44.636 44.666 44.549 47.151 50.821 51.981 52.806 52.764 51.754 50.734 46.416 44.624 45.744 45.549 44.424 43.601 43.591 43.504 43.427 43.669 43.897 43.327 43.462 44.062 43.474 43.652 42.694 42.484 42.492 42.457 42.384 42.327 42.179 42.092 41.984 41.879 41.824 41.759 41.717 41.634 41.552 41.529 41.489 41.529 41.544 41.469 41.404 41.384 41.319 41.252 41.194
45.789 46.496 46.461 46.266 46.574 46.061 46.239 45.919 45.491 45.694 45.959 45.464 45.261 46.819 44.899 44.879 44.816 44.871 44.679 44.616 45.096 45.226 44.679 45.514 49.796 51.534 52.149 51.274 49.359 46.086 44.714 44.006 45.961 44.939 44.751 43.649 43.516 43.377 43.324 43.269 43.199 43.209 43.567 44.509 43.384 42.707 42.537 42.482 42.402 42.332 42.287 42.147 42.087 41.989 41.937 41.794 41.734 41.632 41.627 41.532 41.454 41.399 41.362 41.377 41.407 41.419 41.362 41.287 41.209 41.124 41.047
45.751 45.841 45.689 45.701 45.456 46.029 46.494 45.696 45.566 45.514 45.429 46.379 45.244 47.569 44.789 44.726 44.691 45.186 46.386 48.776 50.156 46.666 44.879 46.576 48.696 50.619 50.714 47.674 44.946 44.266 43.916 43.901 43.779 43.536 44.274 44.751 44.149 43.262 43.249 43.162 43.119 43.934 44.309 44.012 43.064 42.504 42.452 42.399 42.272 42.194 42.094 42.024 41.967 41.909 41.822 41.729 41.672 41.587 41.509 41.422 41.322 41.317 41.262 41.274 41.302 41.299 41.267 41.207 41.129 41.047 40.937
45.791 45.896 46.439 45.511 45.774 46.056 46.374 46.684 48.279 50.439 51.344 51.561 45.834 46.859 44.646 44.731 46.766 49.921 50.614 51.351 51.429 49.044 47.129 47.046 47.234 48.184 45.054 44.036 44.016 44.159 43.989 43.644 43.396 43.336 43.244 44.244 44.029 43.199 43.134 43.072 44.039 44.612 44.307 43.647 42.522 42.412 42.337 42.252 42.162 42.037 42.027 41.934 41.872 41.799 41.714 41.639 41.567 41.494 41.449 41.309 41.249 41.192 41.119 41.079 41.072 41.097 41.107 41.089 41.024 40.959 40.849
49.419 50.434 50.831 50.961 49.489 47.066 46.399 49.016 51.989 52.009 51.839 51.731 45.701 45.931 45.086 48.986 50.614 51.434 52.134 51.919 51.281 50.299 46.684 45.344 45.276 44.289 44.046 44.056 43.909 43.819 45.139 43.511 43.291 43.206 43.146 43.104 44.211 45.189 43.994 42.984 44.217 44.272 43.574 42.419 42.407 42.304 42.242 42.107 42.057 41.954 41.869 41.827 41.767 41.672 41.617 41.519 41.457 41.414 41.342 41.252 41.147 41.059 40.994 40.947 40.907 40.902 40.937 40.909 40.907 40.812 40.722
50.031 51.259 51.416 51.071 49.696 47.031 46.394 48.069 50.679 51.366 51.461 48.996 45.241 45.366 45.911 47.624 50.936 51.864 51.291 50.479 49.156 45.361 44.219 44.214 44.404 44.021 44.006 43.766 43.546 43.429 43.451 43.296 43.196 43.124 43.029 43.131 43.054 45.007 44.372 43.544 43.979 43.474 42.467 42.299 42.269 42.184 42.077 41.992 41.907 41.824 41.757 41.717 41.644 41.559 41.502 41.427 41.362 41.304 41.247 41.139 41.062 40.979 40.884 40.809 40.709 40.727 40.712 40.729 40.712 40.679 40.509
