All_lidar/sz6085_DSM_2M.asc
ncols 500
nrows 500
xllcorner    460000
yllcorner    85000
cellsize     2
NODATA_value -9999
[rows 0 to 33 of 500, columns 154 to 230 of 500]
6.341 6.381 6.424 6.451 6.926 10.864 13.221 13.616 12.799 11.679 9.341 7.089 7.779 6.556 5.509 5.361 5.286 5.151 5.064 4.999 4.911 4.786 4.676 4.516 9.804 11.109 6.616 5.714 4.571 4.264 4.181 4.054 3.996 3.906 3.856 3.799 3.771 3.904 5.109 3.484 3.349 3.276 3.701 3.339 3.114 3.034 2.994 2.961 2.984 4.569 3.146 2.969 2.556 2.324 2.291 2.559 2.819 2.689 2.761 2.351 2.739 2.484 2.284 2.186 2.691 3.311 3.334 3.111 3.236 1.861 2.066 2.076 2.014 1.719 1.659 1.954 1.659
6.394 6.386 6.424 6.426 6.884 9.199 11.651 12.746 13.591 12.984 10.824 9.029 8.031 8.009 6.029 5.331 5.319 5.051 4.946 4.866 4.789 4.681 4.551 4.399 8.981 10.214 9.014 6.209 4.346 4.229 4.114 4.034 3.871 3.764 3.756 3.714 3.681 3.636 3.496 3.439 3.711 3.219 3.146 3.059 2.999 2.964 2.951 2.839 2.779 2.739 2.496 2.354 2.256 3.001 2.481 2.809 4.119 2.256 2.641 2.351 2.389 2.236 2.041 2.219 2.564 3.419 3.096 2.256 2.049 1.969 2.139 2.121 1.951 1.626 2.121 1.854 1.724
6.731 6.376 6.411 6.434 6.441 7.446 10.081 11.156 12.259 11.456 9.129 8.091 6.391 6.501 7.676 6.824 5.501 5.036 4.879 4.739 4.661 4.546 4.459 4.421 4.651 4.626 7.189 7.454 7.204 4.489 4.791 4.074 3.711 3.619 3.594 3.614 3.584 3.526 3.446 3.469 3.504 3.179 3.089 2.966 2.886 2.876 2.859 2.816 2.751 2.651 2.496 2.571 2.324 3.541 2.436 3.279 5.511 2.154 2.246 2.216 2.289 2.121 2.354 2.579 3.446 2.951 2.246 2.091 1.949 2.106 2.111 2.046 1.756 1.776 2.026 1.741 1.779
8.076 7.344 6.484 6.401 6.729 8.411 9.239 9.709 10.626 8.014 6.251 6.621 5.636 5.384 5.874 6.916 7.309 5.331 4.736 4.631 4.579 4.471 4.491 4.371 4.369 3.954 5.274 6.419 9.156 6.211 4.546 3.759 3.544 3.464 3.421 3.441 3.451 3.369 3.351 3.336 3.249 3.146 3.041 2.879 2.799 2.779 2.776 2.736 2.644 2.599 3.491 2.506 2.816 2.494 2.966 3.309 4.954 3.211 2.556 2.109 2.059 2.279 2.744 3.689 3.469 2.614 2.169 1.931 2.051 2.124 2.124 1.874 1.581 1.979 1.891 1.849 1.821
6.501 7.769 8.054 6.591 6.806 8.841 9.089 9.184 8.661 8.136 6.546 5.669 5.299 5.169 5.104 5.079 5.981 5.974 5.829 4.536 4.361 4.434 4.399 4.626 5.559 4.139 3.686 4.061 4.504 5.026 4.049 3.616 3.336 3.274 3.304 3.306 3.254 3.246 3.236 3.184 3.711 3.714 3.156 2.804 2.724 2.716 2.661 2.574 2.571 2.609 4.804 3.299 2.924 2.819 2.996 4.046 3.859 2.784 2.154 2.119 2.019 1.861 2.659 3.686 3.434 2.364 2.024 2.014 2.111 2.129 1.971 1.729 1.776 1.969 1.781 1.924 1.909
5.951 5.564 5.409 5.971 6.871 6.341 7.601 8.291 6.764 6.769 6.071 5.659 5.171 5.029 5.066 5.069 4.691 4.584 5.029 5.834 4.859 4.156 4.376 5.011 4.789 3.804 3.566 3.529 4.669 4.256 3.661 3.886 3.324 3.071 3.074 3.086 3.066 3.046 3.016 3.006 3.419 3.554 2.846 2.774 2.744 2.734 2.614 2.494 2.804 3.879 5.119 3.409 3.929 3.676 3.516 3.096 2.059 2.081 2.064 2.096 1.989 2.151 3.226 3.601 2.834 2.196 2.016 2.126 2.119 2.099 1.726 1.669 1.919 1.769 1.854 1.944 1.856
7.764 6.644 5.236 5.036 4.971 5.619 5.944 6.564 6.981 5.774 5.854 5.321 5.251 5.041 4.916 5.064 4.696 4.974 4.244 4.631 6.329 5.471 3.936 4.006 3.704 3.591 3.496 3.359 3.496 3.916 3.349 3.134 3.261 3.216 2.979 2.851 2.869 2.874 2.894 2.886 2.866 2.836 2.781 2.754 2.744 2.689 2.596 2.449 3.471 4.311 3.424 2.666 2.564 4.126 4.999 2.804 2.154 2.301 2.166 1.971 1.869 3.306 3.964 3.529 2.389 2.049 2.094 2.136 2.134 1.886 1.679 1.951 1.771 1.896 1.826 1.934 1.766
8.451 8.166 7.881 5.931 4.986 4.681 4.671 5.091 6.091 5.931 6.509 5.249 5.176 5.559 5.254 4.886 4.801 5.641 4.179 4.109 4.284 5.186 5.681 3.689 3.604 3.526 3.414 3.284 3.351 3.959 3.059 2.934 2.791 3.196 3.469 3.376 2.691 2.749 2.784 2.796 2.789 2.734 2.701 2.699 2.649 2.526 2.494 2.404 2.371 2.264 2.209 3.251 3.094 4.794 4.564 2.569 2.354 2.621 2.381 1.919 1.691 4.514 4.429 2.961 2.199 2.044 2.126 2.181 1.979 1.654 1.904 1.924 1.856 1.881 1.896 1.839 1.744
6.776 7.369 8.026 7.771 7.704 5.684 4.899 4.441 4.299 4.456 5.599 5.326 5.771 5.304 4.911 4.824 5.266 5.604 4.096 3.981 3.926 4.704 5.419 4.826 3.659 3.891 4.271 3.814 3.656 3.681 2.919 2.834 2.691 2.676 2.699 3.271 3.164 2.964 2.659 2.626 4.081 5.554 2.964 2.556 2.521 2.459 2.386 2.316 2.209 2.976 4.696 4.864 4.629 4.009 2.364 2.166 2.189 2.181 2.211 1.844 3.376 3.856 3.569 2.329 2.024 2.106 2.171 2.144 1.889 1.541 1.829 1.694 1.804 1.831 1.826 1.841 1.811
5.176 5.124 5.274 5.319 7.641 8.079 7.261 6.169 4.594 4.276 4.054 4.314 4.574 4.726 4.849 5.476 5.949 4.296 4.056 3.979 4.294 6.139 4.554 4.906 3.719 3.479 5.984 4.966 3.989 2.996 2.876 2.749 2.686 2.669 2.604 2.836 2.791 2.719 3.046 2.944 5.604 5.944 3.889 2.429 2.389 2.349 2.281 2.184 2.094 2.169 3.369 3.869 3.711 3.341 2.501 2.166 2.166 2.161 1.986 2.341 3.489 4.276 2.941 2.019 2.061 2.136 2.194 1.979 1.681 1.961 1.859 1.904 1.836 1.914 1.889 1.966 1.799
5.234 5.106 5.081 5.021 5.001 8.414 7.299 7.596 6.101 5.226 4.396 4.026 3.874 3.809 3.766 4.979 6.254 5.316 3.946 3.979 5.221 4.789 3.646 3.696 4.044 4.021 3.829 3.529 3.019 2.894 2.789 2.756 2.674 2.596 2.649 2.869 2.531 2.416 2.471 4.619 5.914 3.159 2.379 2.649 2.406 2.199 2.481 2.061 1.986 1.944 3.651 3.469 2.776 2.431 2.151 2.084 2.656 2.159 1.789 2.921 2.839 2.711 2.231 2.024 2.189 2.154 2.109 1.834 1.716 2.019 1.844 1.919 1.971 1.931 1.979 1.951 1.784
5.666 5.131 5.089 5.046 5.096 6.139 5.299 6.026 6.399 5.134 4.969 4.574 4.209 3.851 3.554 3.471 4.351 5.571 4.804 4.716 5.381 4.224 3.584 3.509 3.404 3.316 3.136 2.994 2.921 3.069 2.729 2.716 2.659 2.564 2.739 2.549 2.439 2.341 2.306 2.991 3.136 2.696 2.544 3.621 3.476 2.271 2.424 2.369 2.599 1.899 2.239 2.736 2.809 2.219 2.349 2.151 2.426 2.066 2.351 3.099 2.561 2.284 2.036 2.104 2.204 2.166 1.986 1.654 1.939 1.871 1.954 1.914 1.861 1.934 1.974 1.779 1.796
5.561 5.154 5.099 5.054 5.004 4.971 5.136 7.126 6.941 5.299 4.969 5.236 5.031 4.304 4.126 3.661 3.409 3.324 3.476 4.001 4.141 4.654 4.559 4.226 3.451 3.244 3.044 2.984 4.159 4.609 2.666 2.619 2.741 2.949 2.754 2.454 2.386 2.354 4.059 3.051 5.729 2.344 3.926 4.521 3.844 2.396 3.061 2.561 2.111 2.444 2.321 2.904 2.199 2.294 3.774 2.576 2.006 2.271 3.456 2.816 2.531 2.066 2.039 2.184 2.199 2.094 1.806 1.941 1.824 1.841 1.849 1.864 1.716 1.766 1.951 1.794 1.824
7.114 6.291 5.196 6.446 5.971 4.939 6.839 7.661 5.706 4.764 4.714 4.741 4.836 5.496 5.399 5.196 4.689 4.096 3.469 3.181 3.129 3.259 4.044 3.816 3.646 4.124 3.084 2.876 3.811 3.824 2.591 2.539 2.861 2.876 2.521 2.426 2.381 2.294 3.811 3.699 2.494 2.261 3.269 4.294 3.689 2.191 2.239 2.499 2.311 2.291 2.714 3.389 2.146 2.186 2.304 2.124 2.086 3.326 3.051 2.711 2.199 1.989 2.141 2.191 2.156 1.836 1.774 1.994 1.791 1.884 1.831 1.831 1.736 1.851 1.966 1.976 1.794
8.406 8.326 7.141 7.984 7.966 5.026 6.799 7.106 5.856 5.136 4.676 4.604 5.309 5.114 4.979 5.206 5.391 5.161 4.009 3.276 3.069 3.016 2.966 2.936 3.229 5.104 4.091 3.501 2.751 2.566 2.501 2.509 2.959 2.556 2.396 2.366 2.356 2.229 2.236 2.284 2.241 2.754 2.274 2.301 2.104 1.899 1.964 1.849 2.029 2.389 2.534 2.246 2.029 2.249 1.971 1.979 2.156 3.774 2.624 2.404 1.999 2.056 2.219 2.179 1.976 1.921 2.426 1.966 1.834 1.809 1.856 1.859 1.789 1.791 1.851 1.826 1.671
9.049 9.264 8.736 8.424 6.406 5.876 5.501 6.221 7.394 7.364 5.911 4.676 4.786 4.361 4.241 4.294 4.184 4.379 4.364 3.959 3.601 3.829 3.611 2.874 2.726 2.721 3.229 4.956 4.616 3.454 2.484 2.531 2.834 2.401 2.376 2.326 2.246 2.206 2.236 2.321 2.214 2.256 2.421 2.246 2.244 1.999 2.094 3.406 2.624 2.216 2.686 2.414 2.224 2.151 1.974 1.909 2.924 2.749 2.446 2.064 1.979 2.174 2.194 2.096 1.786 2.021 2.176 1.799 1.824 1.846 1.871 1.814 1.799 1.766 1.796 1.736 1.726
9.041 9.724 9.011 7.766 5.149 5.266 5.801 7.921 8.159 7.621 6.839 5.509 5.766 4.261 4.211 4.154 4.224 5.464 5.246 6.099 5.146 4.934 5.689 5.329 5.749 2.671 4.091 2.769 3.826 4.674 2.916 2.764 2.439 2.331 2.294 2.229 2.154 2.171 2.241 2.231 2.194 2.204 2.216 2.179 2.266 2.176 2.749 4.624 2.211 2.476 2.716 2.114 1.944 1.959 1.814 2.574 2.776 2.616 2.144 1.979 2.116 2.236 2.186 1.849 1.631 2.066 1.809 1.661 1.739 1.746 1.701 1.756 1.829 1.849 1.734 1.709 1.789
9.526 9.501 8.464 6.969 5.716 5.139 7.299 8.476 9.081 8.279 6.724 6.741 6.474 5.696 4.169 4.081 4.076 4.349 5.814 7.236 7.154 5.001 3.819 4.289 5.224 5.781 6.051 4.301 2.374 2.344 2.799 3.536 2.321 2.211 2.149 2.099 2.084 2.176 2.324 2.199 2.214 2.179 2.209 2.214 2.179 2.154 2.139 2.129 2.096 2.284 2.239 1.924 1.894 1.861 1.921 2.356 2.441 2.279 1.996 2.061 2.221 2.219 2.026 1.651 1.824 1.769 1.676 1.674 1.736 1.756 1.844 1.691 1.839 1.756 1.766 1.751 1.654
9.441 8.916 7.881 6.549 5.801 5.151 7.974 9.001 8.794 7.769 5.769 6.921 7.009 6.314 5.381 4.219 3.991 4.491 5.374 7.524 6.761 4.606 3.849 3.516 3.451 4.359 7.164 4.301 3.084 2.494 2.189 2.344 2.146 2.124 2.094 2.069 2.099 2.276 2.219 2.184 2.146 2.139 2.139 2.211 2.179 2.141 2.189 2.129 2.159 2.186 2.041 1.951 2.021 1.981 2.349 2.211 2.399 2.114 2.049 2.134 2.216 2.171 1.729 1.654 1.829 1.771 1.701 1.634 1.649 1.649 1.854 1.799 1.821 1.846 1.724 1.639 1.601
8.486 8.321 6.079 5.366 5.116 7.214 8.536 9.056 8.221 6.641 5.364 7.544 8.006 7.439 6.901 5.191 4.016 4.289 3.864 4.536 5.369 4.036 3.921 3.486 3.389 4.041 4.929 5.924 4.561 3.026 2.189 2.166 2.059 2.054 2.051 2.069 2.044 2.131 2.224 2.284 2.121 2.099 2.089 2.121 2.106 2.129 2.151 2.141 2.054 1.994 2.029 2.021 1.959 2.311 2.354 2.489 2.444 2.009 2.116 2.181 2.216 1.909 1.569 1.799 1.801 1.829 1.674 1.726 1.601 1.634 1.601 1.674 1.671 1.704 1.609 1.619 1.649
6.464 6.959 5.156 4.924 5.351 6.999 8.246 8.476 7.409 4.694 7.039 8.101 8.714 8.429 7.869 7.249 5.936 4.179 3.801 3.801 3.859 4.026 3.524 3.444 3.569 4.891 3.869 4.844 5.786 5.994 3.899 2.351 2.186 2.056 2.074 2.044 1.974 1.931 1.849 1.929 2.139 2.084 2.089 2.046 2.049 2.086 2.166 2.094 1.974 1.944 1.966 2.166 2.126 2.529 2.504 2.564 2.109 2.076 2.204 2.181 2.099 1.686 1.651 1.776 1.871 1.849 1.734 1.764 1.651 1.631 1.624 1.754 1.744 1.656 1.611 1.639 1.501
5.156 5.119 4.986 5.116 4.811 5.569 6.689 7.116 6.094 5.304 6.806 7.509 8.086 8.611 8.474 7.621 5.789 3.754 3.711 3.789 4.231 3.714 3.469 3.379 4.569 3.956 3.196 3.099 4.349 6.521 5.791 3.334 2.629 2.129 2.054 2.026 1.904 1.916 2.879 2.059 1.761 2.024 2.086 2.051 2.014 2.016 2.044 1.971 1.914 2.019 2.054 2.166 2.471 2.454 2.491 2.179 2.016 2.151 2.181 2.186 1.771 1.524 1.819 1.649 1.724 1.724 1.864 1.809 1.726 1.739 1.664 1.754 1.746 1.746 1.606 1.631 1.556
5.141 5.111 4.994 4.921 4.801 4.774 4.751 5.026 4.694 4.611 4.286 5.681 7.099 8.046 8.016 6.704 3.789 3.744 5.491 6.069 4.226 3.521 3.561 4.136 4.961 3.151 3.061 3.001 3.404 5.389 5.526 4.859 2.484 2.389 2.096 1.966 1.826 2.679 4.246 3.831 2.666 3.791 2.954 2.061 2.029 1.961 1.921 1.931 1.876 1.934 1.916 2.239 2.599 2.471 2.471 2.049 2.076 2.216 2.216 2.009 1.624 1.896 1.796 1.866 1.774 1.759 1.836 1.716 1.691 1.734 1.659 1.696 1.871 1.709 1.846 1.721 1.636
5.101 5.004 4.966 4.876 4.806 4.741 4.709 4.671 4.516 4.351 4.251 4.786 5.906 7.299 7.386 5.571 3.746 4.844 6.876 7.511 7.001 5.816 4.501 4.591 3.719 3.034 3.019 3.016 2.934 3.631 3.746 5.121 4.784 2.506 2.261 1.929 2.166 3.809 4.316 4.326 4.249 4.186 4.001 3.391 2.186 1.996 1.891 1.901 1.919 1.914 2.049 2.351 2.479 2.469 2.199 2.059 2.194 2.239 2.144 1.684 1.636 1.741 1.876 1.759 1.556 1.689 1.759 1.731 1.794 1.836 1.774 1.786 1.806 1.704 1.601 1.521 1.609
5.111 5.051 4.936 4.819 4.721 4.781 4.731 4.606 4.719 4.386 4.301 4.131 4.111 4.729 5.301 3.826 3.921 5.451 7.126 7.914 7.884 7.101 5.326 3.876 3.334 3.024 2.979 2.956 2.871 2.804 2.749 3.221 5.106 4.759 2.771 1.926 1.944 2.034 3.714 4.384 4.329 4.246 4.176 3.636 1.999 1.944 1.924 1.926 1.804 1.746 2.281 2.149 2.286 2.141 2.034 2.136 2.231 2.211 1.926 1.361 1.974 1.854 1.869 1.839 1.669 1.636 1.696 1.729 1.856 1.891 1.791 1.726 1.729 1.604 1.639 1.614 1.536
5.156 5.036 4.966 4.854 4.761 4.686 4.584 4.541 4.444 4.304 4.156 4.089 4.009 3.934 3.794 3.879 4.219 5.639 7.336 8.181 7.674 6.341 3.651 5.186 4.956 3.126 3.034 2.889 2.831 2.789 2.724 2.794 4.046 5.061 4.006 2.501 1.976 1.919 1.929 2.909 4.386 4.294 4.259 2.781 1.701 1.924 1.794 2.044 1.846 2.056 2.331 2.184 2.159 2.016 2.009 2.226 2.226 2.091 1.649 1.866 1.801 1.769 1.896 1.884 1.729 1.684 1.694 1.661 1.779 1.736 1.744 1.741 1.671 1.586 1.606 1.594 1.639
5.296 5.071 4.961 4.864 4.729 4.614 4.529 4.474 4.364 4.216 4.296 4.276 4.011 3.821 3.716 4.434 4.936 6.901 7.821 8.056 7.076 4.941 4.501 6.444 6.546 5.739 3.531 2.906 2.814 2.746 2.679 3.466 3.341 4.344 5.241 3.996 2.091 2.306 1.976 2.124 2.581 4.221 3.221 1.716 1.736 1.684 1.676 1.904 1.919 2.734 2.464 2.301 2.049 1.989 2.159 2.196 2.216 1.829 1.651 1.929 1.841 1.811 1.751 1.826 1.879 1.741 1.766 1.664 1.726 1.599 1.561 1.624 1.674 1.679 1.556 1.611 1.626
5.709 5.366 5.071 4.851 4.736 4.599 4.486 4.379 4.254 4.174 4.089 4.011 3.889 3.734 3.676 3.594 4.929 6.414 7.106 7.421 6.436 3.889 6.021 7.059 7.474 6.951 6.426 5.376 3.929 3.261 3.916 3.531 2.579 3.264 3.236 4.284 2.741 2.546 2.249 1.901 1.879 1.884 1.749 1.726 1.719 1.701 1.774 1.826 2.589 2.996 2.719 2.214 1.996 2.074 2.211 2.204 2.014 1.526 1.921 1.749 1.829 1.766 1.816 1.979 1.959 1.804 1.704 1.609 1.619 1.511 1.639 1.654 1.699 1.659 1.611 1.609 1.739
5.904 5.806 5.539 5.166 4.844 4.609 4.481 4.359 4.231 4.129 4.006 3.919 3.861 3.721 3.734 3.831 3.596 4.006 4.859 6.509 4.981 5.109 6.221 6.816 7.411 7.641 7.311 6.436 4.906 4.474 5.431 3.381 2.639 4.499 3.529 4.219 2.676 2.066 1.986 1.879 1.886 1.881 1.824 1.754 1.699 1.726 1.851 1.931 3.199 3.019 2.521 2.074 2.056 2.181 2.199 2.146 1.659 1.606 1.799 1.706 1.836 1.829 1.849 1.879 1.719 1.776 1.649 1.566 1.661 1.554 1.686 1.686 1.589 1.686 1.641 1.781 1.799
6.794 6.086 6.434 7.521 5.306 4.926 4.594 4.361 4.184 4.081 3.936 3.826 3.709 3.644 3.819 3.609 3.561 3.544 3.506 4.236 3.324 3.119 4.061 5.364 6.496 7.189 7.036 5.684 3.609 5.541 4.539 3.136 3.901 5.294 3.874 3.556 4.264 2.046 1.931 1.854 1.889 1.894 1.871 1.831 1.804 2.006 2.066 3.109 3.259 2.756 2.191 2.034 2.146 2.186 2.229 1.916 1.564 1.849 1.714 1.629 1.854 1.759 1.621 1.701 1.661 1.664 1.599 1.651 1.789 1.646 1.551 1.571 1.674 1.804 1.736 1.729 1.796
12.614 7.891 5.986 6.494 6.301 5.346 4.809 5.221 4.331 4.074 3.936 3.776 3.709 3.614 3.871 3.924 3.626 3.509 3.511 3.566 3.241 3.131 3.094 4.029 6.046 6.566 6.419 3.919 3.021 3.986 2.926 2.616 3.549 4.454 4.806 3.944 2.074 1.904 1.799 1.804 1.861 1.896 1.929 2.101 2.116 2.416 2.856 3.529 3.066 2.604 2.011 2.089 2.236 2.239 2.186 1.704 1.714 1.764 1.839 1.804 1.841 1.736 1.771 1.731 1.629 1.539 1.614 1.594 1.569 1.574 1.544 1.591 1.671 1.751 1.774 1.669 1.931
14.206 13.536 9.036 6.341 6.914 5.436 5.094 4.794 4.859 4.231 4.294 3.826 3.659 3.569 3.494 4.399 3.904 4.544 3.329 3.264 3.246 3.341 3.214 3.056 3.261 4.224 4.984 3.056 3.391 2.546 2.469 3.254 2.996 3.856 5.986 2.641 2.711 3.164 2.111 1.786 1.811 2.251 2.254 2.124 2.094 3.119 4.421 3.601 2.831 2.159 2.029 2.196 2.269 2.194 1.889 1.596 1.774 1.806 1.826 1.774 1.764 1.709 1.706 1.686 1.679 1.559 1.654 1.406 1.531 1.496 1.546 1.536 1.639 1.714 1.799 1.676 1.806
14.746 13.744 9.671 5.936 6.051 6.046 6.706 5.031 4.631 4.049 3.914 3.821 3.779 3.616 3.509 3.666 3.894 3.361 3.204 3.169 3.104 3.069 3.026 3.181 2.936 2.851 2.761 2.611 2.634 2.459 2.434 3.064 2.336 5.041 4.434 2.054 2.776 3.856 1.989 2.706 2.346 3.541 3.254 3.189 2.964 3.284 3.584 3.186 2.404 2.066 2.164 2.249 2.291 2.161 1.801 1.826 1.789 1.816 1.714 1.754 1.646 1.756 1.724 1.671 1.461 1.474 1.501 1.404 1.541 1.404 1.404 1.461 1.501 1.481 1.546 1.621 1.559
14.149 12.979 5.934 5.939 6.281 6.796 7.039 4.946 4.174 4.036 3.886 3.764 3.679 3.674 3.566 3.399 3.271 3.199 3.136 3.079 3.054 3.159 2.989 3.001 2.931 2.879 2.711 2.574 2.506 2.456 2.404 2.351 3.539 5.866 4.271 2.144 2.741 3.009 2.021 3.109 2.369 3.344 3.261 5.101 3.839 3.809 3.394 2.889 2.201 2.136 2.224 2.249 2.256 1.979 1.959 1.794 1.669 1.659 1.611 1.654 1.654 1.641 1.586 1.489 1.431 1.409 1.531 1.434 1.514 1.429 1.349 1.354 1.429 1.494 1.546 1.466 1.521
