All_lidar/sz6092_DSM_2M.asc
ncols 500
nrows 500
xllcorner    460000
yllcorner    92000
cellsize     2
NODATA_value -9999
[rows 102 to 135 of 500, columns 75 to 149 of 500]
0.755 0.888 1.108 1.127 1.151 1.282 1.267 1.24 1.304 1.28 1.283 1.272 1.271 1.297 1.316 1.314 1.321 1.46 1.388 1.319 1.338 1.329 1.3 1.27 1.186 1.14 1.232 1.239 1.164 1.15 1.022 1.111 0.971 0.915 0.895 0.836 0.794 0.709 0.753 0.761 0.696 0.636 0.577 0.522 0.461 0.433 0.331 0.243 0.133 0.032 -0.069 -0.183 -0.301 -0.241 -0.298 -0.311 -0.352 -0.306 -0.298 -0.239 -0.331 -0.267 -0.221 -0.203 -0.271 -0.373 -0.345 -0.284 -0.319 -0.349 -0.309 -0.276 -0.291 -0.201 -0.24
0.7 0.845 0.961 1.063 1.121 1.174 1.328 1.314 1.323 1.408 1.284 1.241 1.253 1.3 1.301 1.309 1.314 1.357 1.345 1.308 1.307 1.313 1.314 1.275 1.214 1.209 1.261 1.247 1.2 1.18 1.166 1.129 1.072 0.99 0.986 1.022 0.888 0.809 0.824 0.822 0.771 0.695 0.637 0.545 0.485 0.441 0.364 0.26 0.18 0.074 -0.017 -0.17 -0.221 -0.332 -0.243 -0.326 -0.224 -0.262 -0.319 -0.347 -0.266 -0.297 -0.266 -0.191 -0.342 -0.333 -0.255 -0.347 -0.303 -0.305 -0.321 -0.214 -0.321 -0.25 -0.188
0.682 0.821 0.934 1.077 1.177 1.263 1.247 1.274 1.305 1.316 1.298 1.26 1.214 1.229 1.292 1.316 1.337 1.259 1.317 1.328 1.306 1.335 1.365 1.362 1.331 1.268 1.216 1.24 1.237 1.218 1.176 1.234 1.132 1.103 1.071 1.028 0.945 0.86 0.892 0.876 0.839 0.759 0.697 0.613 0.507 0.429 0.388 0.276 0.186 0.155 0.014 -0.078 -0.195 -0.283 -0.323 -0.248 -0.368 -0.29 -0.298 -0.313 -0.318 -0.212 -0.315 -0.283 -0.249 -0.302 -0.267 -0.243 -0.316 -0.288 -0.256 -0.333 -0.318 -0.261 -0.332
0.711 0.817 0.904 1.054 1.148 1.148 1.141 1.224 1.259 1.246 1.302 1.26 1.136 1.172 1.265 1.279 1.327 1.345 1.317 1.347 1.343 1.373 1.425 1.382 1.396 1.304 1.233 1.234 1.213 1.187 1.232 1.313 1.284 1.247 1.112 1.075 1.011 0.966 1.014 0.955 0.911 0.847 0.769 0.674 0.608 0.488 0.39 0.335 0.213 0.141 0.028 -0.112 -0.245 -0.219 -0.283 -0.342 -0.252 -0.266 -0.329 -0.324 -0.27 -0.291 -0.248 -0.251 -0.296 -0.171 -0.308 -0.23 -0.3 -0.317 -0.233 -0.266 -0.217 -0.316 -0.288
0.715 0.895 0.957 1.06 1.208 1.204 1.224 1.254 1.281 1.259 1.33 1.295 1.249 1.238 1.315 1.29 1.318 1.375 1.338 1.304 1.319 1.35 1.384 1.351 1.318 1.268 1.232 1.226 1.209 1.213 1.315 1.41 1.303 1.258 1.242 1.137 1.157 1.129 1.133 1.083 1.03 0.974 0.863 0.795 0.64 0.528 0.409 0.387 0.28 0.172 0.049 -0.113 -0.152 -0.239 -0.25 -0.238 -0.236 -0.231 -0.305 -0.343 -0.227 -0.412 -0.367 -0.353 -0.269 -0.271 -0.36 -0.219 -0.268 -0.29 -0.32 -0.371 -0.326 -0.344 -0.239
0.664 0.842 0.894 1.017 1.131 1.239 1.283 1.344 1.264 1.204 1.274 1.348 1.355 1.295 1.312 1.249 1.225 1.389 1.349 1.335 1.306 1.307 1.361 1.327 1.292 1.237 1.196 1.21 1.211 1.229 1.274 1.315 1.285 1.254 1.134 1.256 1.263 1.123 1.217 1.13 1.077 1.02 0.894 0.733 0.612 0.503 0.399 0.362 0.271 0.165 0.036 -0.032 -0.169 -0.282 -0.338 -0.309 -0.311 -0.272 -0.331 -0.357 -0.276 -0.267 -0.302 -0.316 -0.343 -0.313 -0.287 -0.306 -0.33 -0.287 -0.285 -0.271 -0.332 -0.298 -0.254
0.704 0.811 0.877 0.979 1.112 1.156 1.281 1.243 1.176 1.022 1.116 1.232 1.362 1.397 1.343 1.282 1.259 1.287 1.333 1.327 1.291 1.271 1.226 1.224 1.326 1.287 1.248 1.231 1.212 1.222 1.24 1.258 1.248 1.246 1.238 1.235 1.238 1.111 1.235 1.092 1.031 0.954 0.82 0.723 0.604 0.486 0.419 0.354 0.201 0.149 0.054 -0.086 -0.146 -0.299 -0.289 -0.288 -0.328 -0.269 -0.295 -0.181 -0.276 -0.248 -0.239 -0.327 -0.344 -0.311 -0.276 -0.237 -0.312 -0.238 -0.297 -0.186 -0.217 -0.27 -0.248
0.716 0.811 0.879 0.993 1.067 1.136 1.168 1.116 1.036 0.962 0.947 1.14 1.223 1.238 1.353 1.284 1.289 1.304 1.343 1.346 1.195 1.183 1.173 1.184 1.22 1.289 1.269 1.256 1.211 1.212 1.221 1.238 1.249 1.238 1.217 1.187 1.21 1.144 1.223 1.109 0.984 0.895 0.813 0.705 0.592 0.511 0.399 0.324 0.218 0.133 0.005 -0.131 -0.224 -0.353 -0.284 -0.306 -0.323 -0.332 -0.319 -0.29 -0.271 -0.328 -0.335 -0.254 -0.287 -0.292 -0.26 -0.355 -0.292 -0.336 -0.251 -0.265 -0.241 -0.242 -0.225
0.691 0.78 0.84 0.928 1.011 1.046 1.047 1.001 0.908 0.89 0.825 1.011 1.088 1.171 1.18 1.163 1.204 1.241 1.404 1.304 1.18 1.085 1.083 1.102 1.178 1.191 1.306 1.313 1.28 1.23 1.253 1.253 1.269 1.263 1.1 1.034 1.077 1.071 1.09 1.014 0.912 0.827 0.772 0.657 0.539 0.494 0.385 0.302 0.239 0.129 0.005 -0.096 -0.154 -0.251 -0.226 -0.315 -0.323 -0.231 -0.301 -0.248 -0.314 -0.256 -0.3 -0.366 -0.312 -0.262 -0.244 -0.282 -0.27 -0.2 -0.329 -0.272 -0.293 -0.218 -0.276
0.698 0.735 0.802 0.879 0.912 0.927 0.936 0.898 0.878 0.888 0.798 0.906 0.969 1.064 1.145 1.227 1.165 1.197 1.306 1.245 1.081 0.999 1 1 1.055 1.215 1.225 1.242 1.215 1.098 1.126 1.261 1.275 1.281 1.12 0.979 0.975 0.956 0.898 0.864 0.832 0.782 0.715 0.622 0.528 0.465 0.362 0.277 0.18 0.056 -0.001 -0.098 -0.22 -0.264 -0.292 -0.253 -0.251 -0.288 -0.197 -0.198 -0.196 -0.338 -0.29 -0.272 -0.327 -0.309 -0.273 -0.272 -0.334 -0.29 -0.315 -0.293 -0.286 -0.299 -0.284
0.614 0.664 0.762 0.779 0.797 0.808 0.852 0.831 0.85 0.802 0.726 0.797 0.89 0.978 1.021 1.033 1.024 1.063 1.135 1.093 0.993 0.959 0.88 0.899 0.961 0.947 1.01 1.049 1.097 1.085 1.153 1.173 1.152 1.171 1.116 0.983 0.87 0.826 0.787 0.753 0.784 0.725 0.651 0.558 0.505 0.444 0.369 0.264 0.152 0.044 -0.046 -0.114 -0.229 -0.18 -0.262 -0.155 -0.236 -0.3 -0.263 -0.284 -0.295 -0.241 -0.163 -0.243 -0.279 -0.282 -0.268 -0.279 -0.232 -0.283 -0.233 -0.265 -0.292 -0.27 -0.272
0.492 0.608 0.676 0.679 0.694 0.743 0.744 0.756 0.783 0.745 0.672 0.715 0.78 0.84 0.864 0.876 0.915 0.974 1.013 0.982 0.955 0.909 0.821 0.862 0.873 0.904 0.925 0.965 0.985 1 1.069 1.059 1.023 1.073 1.064 0.949 0.816 0.713 0.687 0.683 0.687 0.642 0.556 0.479 0.463 0.37 0.306 0.188 0.102 0.006 -0.062 -0.132 -0.23 -0.179 -0.278 -0.234 -0.243 -0.264 -0.203 -0.272 -0.18 -0.237 -0.278 -0.237 -0.288 -0.19 -0.166 -0.128 -0.295 -0.246 -0.211 -0.293 -0.289 -0.235 -0.233
0.438 0.545 0.595 0.611 0.628 0.665 0.677 0.681 0.683 0.656 0.661 0.686 0.71 0.724 0.749 0.793 0.87 0.947 0.916 0.89 0.882 0.792 0.769 0.804 0.834 0.858 0.865 0.904 0.89 0.906 0.965 0.964 0.922 0.973 0.981 0.856 0.762 0.655 0.629 0.612 0.606 0.599 0.532 0.46 0.38 0.272 0.189 0.142 0.044 0.024 -0.051 -0.134 -0.17 -0.237 -0.22 -0.218 -0.22 -0.228 -0.191 -0.195 -0.221 -0.219 -0.18 -0.205 -0.206 -0.223 -0.188 -0.192 -0.208 -0.205 -0.269 -0.222 -0.21 -0.269 -0.221
0.401 0.463 0.533 0.556 0.586 0.592 0.613 0.598 0.604 0.597 0.605 0.614 0.618 0.637 0.658 0.693 0.773 0.809 0.811 0.775 0.74 0.7 0.672 0.713 0.759 0.764 0.77 0.741 0.758 0.835 0.889 0.857 0.817 0.798 0.756 0.706 0.73 0.708 0.592 0.547 0.537 0.506 0.445 0.381 0.295 0.237 0.144 0.119 0.061 -0.013 -0.087 -0.144 -0.14 -0.163 -0.195 -0.184 -0.186 -0.238 -0.243 -0.23 -0.075 -0.135 -0.16 -0.165 -0.203 -0.171 -0.255 -0.264 -0.176 -0.118 -0.239 -0.216 -0.229 -0.218 -0.161
0.348 0.404 0.467 0.48 0.515 0.543 0.535 0.51 0.519 0.51 0.484 0.514 0.556 0.535 0.552 0.608 0.68 0.72 0.71 0.672 0.661 0.665 0.593 0.623 0.675 0.677 0.659 0.66 0.703 0.771 0.795 0.799 0.75 0.712 0.704 0.715 0.701 0.678 0.568 0.522 0.476 0.439 0.375 0.319 0.257 0.202 0.154 0.114 0.012 -0.037 0.021 0.02 0.017 -0.014 -0.044 -0.054 -0.021 -0.082 -0.096 -0.143 -0.125 -0.134 -0.187 -0.207 -0.21 -0.13 -0.211 -0.197 -0.216 -0.16 -0.228 -0.185 -0.193 -0.207 -0.218
0.294 0.345 0.376 0.417 0.441 0.497 0.47 0.481 0.462 0.439 0.434 0.489 0.493 0.489 0.495 0.552 0.603 0.648 0.657 0.616 0.626 0.604 0.545 0.545 0.556 0.57 0.584 0.596 0.66 0.683 0.706 0.732 0.708 0.677 0.652 0.618 0.62 0.562 0.542 0.496 0.394 0.325 0.3 0.27 0.245 0.174 0.111 0.128 0.146 0.123 0.134 0.12 0.145 0.093 0.047 0.046 0.075 0.079 0.046 -0.013 -0.042 -0.016 -0.053 -0.105 -0.187 -0.113 -0.148 -0.207 -0.182 -0.109 -0.171 -0.178 -0.271 -0.167 -0.17
0.278 0.309 0.345 0.368 0.391 0.399 0.424 0.414 0.399 0.397 0.391 0.44 0.49 0.446 0.426 0.484 0.517 0.563 0.579 0.558 0.538 0.499 0.452 0.455 0.476 0.476 0.49 0.5 0.539 0.575 0.611 0.635 0.611 0.602 0.56 0.534 0.522 0.523 0.477 0.4 0.313 0.275 0.235 0.179 0.141 0.14 0.232 0.284 0.272 0.262 0.249 0.208 0.197 0.217 0.18 0.178 0.18 0.194 0.172 0.125 0.115 0.134 0.039 -0.007 -0.09 -0.109 -0.173 -0.192 -0.174 -0.208 -0.157 -0.132 -0.13 -0.152 -0.11
0.214 0.237 0.268 0.308 0.344 0.365 0.362 0.336 0.368 0.309 0.338 0.383 0.402 0.407 0.424 0.441 0.442 0.474 0.497 0.483 0.461 0.445 0.386 0.389 0.381 0.403 0.412 0.43 0.473 0.493 0.529 0.546 0.542 0.488 0.483 0.477 0.434 0.398 0.357 0.266 0.245 0.161 0.179 0.22 0.238 0.277 0.344 0.348 0.383 0.383 0.379 0.333 0.319 0.282 0.283 0.286 0.292 0.307 0.272 0.291 0.227 0.182 0.154 0.086 0.034 -0.065 -0.086 -0.19 -0.109 -0.144 -0.161 -0.112 -0.168 -0.02 -0.101
0.216 0.211 0.236 0.236 0.258 0.296 0.292 0.305 0.304 0.268 0.279 0.336 0.346 0.35 0.39 0.394 0.388 0.41 0.434 0.442 0.46 0.393 0.313 0.327 0.334 0.357 0.359 0.376 0.417 0.431 0.419 0.454 0.447 0.414 0.408 0.397 0.355 0.307 0.278 0.242 0.165 0.188 0.248 0.273 0.351 0.384 0.421 0.434 0.439 0.444 0.45 0.445 0.47 0.399 0.36 0.389 0.415 0.426 0.415 0.438 0.36 0.3 0.227 0.182 0.113 0.099 -0.03 -0.12 -0.136 -0.068 -0.122 -0.133 -0.102 -0.124 -0.139
0.146 0.246 0.217 0.251 0.23 0.219 0.232 0.211 0.24 0.261 0.236 0.303 0.268 0.261 0.345 0.349 0.366 0.363 0.388 0.403 0.381 0.331 0.273 0.262 0.278 0.271 0.282 0.298 0.323 0.398 0.327 0.351 0.344 0.322 0.332 0.32 0.286 0.228 0.216 0.149 0.186 0.249 0.342 0.38 0.447 0.469 0.488 0.502 0.499 0.523 0.55 0.562 0.561 0.554 0.505 0.508 0.517 0.539 0.535 0.507 0.466 0.394 0.311 0.286 0.193 0.142 0.053 0.013 -0.125 -0.039 -0.116 -0.16 -0.105 -0.035 -0.064
0.163 0.165 0.172 0.165 0.163 0.163 0.222 0.177 0.228 0.215 0.199 0.23 0.235 0.228 0.279 0.327 0.349 0.34 0.326 0.317 0.303 0.278 0.253 0.19 0.165 0.198 0.213 0.243 0.236 0.262 0.256 0.222 0.233 0.236 0.233 0.207 0.219 0.189 0.176 0.208 0.252 0.313 0.423 0.469 0.567 0.587 0.603 0.598 0.612 0.638 0.659 0.635 0.618 0.584 0.567 0.602 0.587 0.614 0.612 0.593 0.538 0.479 0.429 0.365 0.269 0.19 0.133 0.066 -0.006 -0.122 -0.073 -0.122 -0.085 -0.124 -0.033
0.223 0.222 0.208 0.285 0.232 0.23 0.182 0.157 0.149 0.151 0.19 0.224 0.233 0.2 0.225 0.244 0.292 0.273 0.292 0.292 0.26 0.216 0.183 0.139 0.133 0.127 0.088 0.169 0.147 0.153 0.152 0.122 0.114 0.178 0.126 0.122 0.129 0.114 0.219 0.247 0.321 0.378 0.478 0.533 0.607 0.66 0.695 0.736 0.755 0.759 0.753 0.718 0.664 0.586 0.636 0.665 0.649 0.678 0.678 0.65 0.633 0.575 0.533 0.414 0.316 0.269 0.228 0.081 0.017 -0.004 -0.102 -0.102 -0.14 -0.152 -0.078
0.329 0.302 0.236 0.23 0.283 0.288 0.25 0.232 0.316 0.197 0.309 0.281 0.187 0.196 0.262 0.249 0.279 0.236 0.193 0.266 0.188 0.166 0.117 0.088 0.059 0.069 0.079 0.036 0.071 0.111 0.093 0.061 0.031 0.07 0.015 0.025 0.095 0.143 0.295 0.311 0.375 0.455 0.531 0.585 0.675 0.742 0.814 0.895 0.893 0.869 0.869 0.87 0.756 0.674 0.737 0.745 0.762 0.749 0.743 0.741 0.706 0.656 0.585 0.496 0.41 0.31 0.271 0.191 0.049 0.018 -0.065 -0.101 -0.072 -0.1 -0.087
0.402 0.338 0.415 0.396 0.382 0.32 0.339 0.418 0.328 0.313 0.243 0.315 0.203 0.216 0.272 0.145 0.154 0.233 0.182 0.188 0.207 0.088 0.061 0.057 0.075 -0.003 0.037 -0.003 0.036 0.014 0.066 -0.045 -0.049 -0.032 0.001 0.002 0.097 0.163 0.28 0.349 0.403 0.496 0.597 0.66 0.747 0.802 0.919 1.005 1.04 0.909 0.917 0.908 0.813 0.767 0.813 0.839 0.849 0.818 0.766 0.785 0.788 0.753 0.635 0.557 0.442 0.355 0.309 0.234 0.128 0.021 -0.047 -0.09 -0.029 -0.055 -0.093
0.468 0.502 0.516 0.54 0.435 0.401 0.434 0.342 0.369 0.382 0.324 0.269 0.281 0.286 0.313 0.257 0.224 0.297 0.238 0.182 0.225 0.157 0.214 0.112 0.196 0.101 0.055 0.026 -0.042 0.03 -0.03 -0.081 -0.019 -0.098 -0.019 0.052 0.18 0.217 0.315 0.397 0.458 0.563 0.665 0.743 0.781 0.863 0.929 1.058 1.101 0.999 0.952 0.872 0.827 0.824 0.931 0.994 0.964 0.927 0.865 0.836 0.859 0.85 0.711 0.628 0.51 0.414 0.316 0.261 0.117 0.057 -0.065 -0.075 -0.105 -0.093 -0.069
0.662 0.597 0.61 0.609 0.672 0.521 0.511 0.516 0.511 0.441 0.456 0.386 0.382 0.337 0.324 0.367 0.365 0.315 0.444 0.276 0.315 0.27 0.201 0.247 0.265 0.151 0.144 0.118 0.106 0.031 0.021 0.004 0.026 -0.063 0.029 0.07 0.158 0.253 0.334 0.413 0.514 0.587 0.692 0.787 0.815 0.876 0.931 1.04 1.09 1.084 1.054 0.954 0.9 0.949 1.098 1.103 1.079 1.031 0.955 0.907 0.907 0.878 0.776 0.66 0.543 0.451 0.356 0.251 0.152 0.073 0.009 -0.053 -0.031 -0.074 0.004
0.798 0.724 0.695 0.648 0.665 0.617 0.555 0.615 0.546 0.476 0.604 0.501 0.474 0.553 0.51 0.505 0.576 0.538 0.487 0.526 0.465 0.365 0.323 0.27 0.315 0.19 0.215 0.218 0.097 0.032 0.083 0.113 -0.007 0.057 0.104 0.181 0.198 0.34 0.382 0.452 0.513 0.627 0.709 0.791 0.845 0.908 0.978 1.073 1.125 1.144 1.183 1.028 0.974 1.05 1.154 1.153 1.12 1.079 1.031 0.995 0.941 0.882 0.808 0.681 0.573 0.493 0.389 0.274 0.197 0.079 -0.047 -0.117 -0.067 -0.032 -0.055
0.869 0.831 0.809 0.757 0.751 0.758 0.697 0.63 0.672 0.666 0.624 0.626 0.608 0.598 0.581 0.606 0.773 0.875 0.722 0.676 0.626 0.543 0.491 0.421 0.317 0.271 0.274 0.244 0.274 0.201 0.189 0.085 0.088 0.164 0.199 0.226 0.286 0.394 0.404 0.478 0.509 0.654 0.706 0.779 0.882 0.977 1.066 1.13 1.236 1.252 1.165 1.095 1.08 1.154 1.178 1.186 1.113 1.111 1.094 1.068 0.965 0.897 0.831 0.711 0.597 0.505 0.431 0.291 0.172 0.093 -0.02 -0.122 -0.071 -0.112 -0.094
0.989 0.925 0.935 0.937 0.893 0.818 0.861 0.724 0.801 0.715 0.751 0.752 0.673 0.696 0.707 0.73 0.995 1.289 1.317 0.944 0.834 0.775 0.699 0.615 0.535 0.444 0.347 0.248 0.241 0.169 0.21 0.178 0.164 0.152 0.238 0.31 0.3 0.345 0.432 0.508 0.55 0.621 0.701 0.789 0.883 1.022 1.127 1.248 1.243 1.238 1.23 1.128 1.175 1.155 1.161 1.239 1.15 1.153 1.147 1.095 0.998 0.935 0.855 0.774 0.608 0.516 0.437 0.289 0.2 0.092 0.024 -0.106 -0.121 -0.059 -0.017
1.118 1.065 1.079 0.99 0.923 0.881 0.997 0.918 0.831 0.835 0.778 0.795 0.769 0.746 0.816 0.753 0.813 0.846 1.399 1.512 1.44 0.954 0.911 0.791 0.704 0.606 0.511 0.501 0.282 0.25 0.201 0.205 0.189 0.234 0.323 0.377 0.363 0.397 0.46 0.553 0.604 0.62 0.713 0.811 0.895 1.024 1.134 1.253 1.231 1.206 1.15 1.085 1.266 1.196 1.158 1.243 1.256 1.236 1.23 1.112 1.043 0.935 0.84 0.726 0.589 0.5 0.371 0.246 0.13 0.042 -0.024 -0.095 -0.126 -0.084 -0.082
1.326 1.155 1.227 1.107 1.071 0.996 1.001 1.032 0.965 0.938 0.901 0.907 0.849 0.848 0.845 0.916 0.936 0.902 0.991 1.253 1.656 1.793 1.142 0.969 0.897 0.876 0.713 0.632 0.583 0.361 0.254 0.245 0.24 0.282 0.37 0.407 0.447 0.48 0.523 0.561 0.64 0.691 0.768 0.854 -0.182 1.056 1.143 1.265 1.259 1.237 1.126 1.068 1.233 1.242 1.252 1.168 1.213 1.218 1.156 1.099 1.004 0.885 0.78 0.643 0.548 0.452 0.349 0.26 0.14 0.085 -0.029 -0.15 -0.07 -0.002 -0.1
1.429 1.337 1.295 1.298 1.201 1.177 1.123 1.02 1.041 0.925 0.969 0.937 0.951 0.935 0.949 1.023 0.981 1.164 1.175 1.196 1.359 1.775 1.938 1.337 1.04 1.004 0.888 0.825 0.772 0.595 0.462 0.391 0.284 0.299 0.403 0.466 0.524 0.549 0.544 0.619 0.647 0.71 0.841 0.926 1.022 1.067 1.142 1.27 1.303 1.293 1.175 1.096 1.12 1.112 1.137 1.162 1.131 1.132 1.072 1.025 0.925 0.831 0.711 0.599 0.508 0.423 0.361 0.264 0.14 0.088 -0.066 -0.073 -0.148 -0.084 -0.002
1.514 1.458 1.458 1.422 1.332 1.247 1.278 1.286 1.159 1.085 1.057 1.02 1.05 1.042 1.032 1.13 1.124 1.191 1.26 1.379 1.383 1.494 1.913 2.178 1.569 1.121 1.065 0.976 0.898 0.833 0.627 0.604 0.464 0.461 0.488 0.469 0.56 0.596 0.647 0.665 0.711 0.743 0.84 0.94 1.048 1.072 1.097 1.126 1.161 1.15 1.152 1.053 1.034 0.991 1.075 1.085 1.038 1.026 0.976 0.882 0.826 0.746 0.65 0.549 0.473 0.398 0.314 0.224 0.101 0.009 -0.076 -0.174 -0.067 -0.084 -0.033
1.664 1.596 1.561 1.501 1.434 1.412 1.34 1.288 1.278 1.206 1.183 1.113 1.127 1.225 1.155 1.202 1.315 1.247 1.331 1.396 1.439 1.494 1.706 1.991 2.371 1.648 1.212 1.115 1.03 0.893 0.844 0.725 0.65 0.594 0.587 0.605 0.617 0.676 0.686 0.759 0.83 0.817 0.823 0.95 1.076 1.102 1.084 0.981 1.073 1.174 1.059 1.014 1.04 1.006 0.988 0.966 0.935 0.968 0.95 0.764 0.719 0.653 0.606 0.526 0.437 0.38 0.277 0.177 0.046 -0.026 -0.046 -0.113 -0.147 -0.091 0.001
