All_lidar/sz6089_DSM_2M.asc
ncols 500
nrows 500
xllcorner    460000
yllcorner    89000
cellsize     2
NODATA_value -9999
[rows 416 to 447 of 500, columns 0 to 71 of 500]
21.99 21.967 21.967 21.987 22.042 22.047 22.047 22.072 22.082 22.075 22.077 22.067 22.012 22.072 22.092 22.1 22.122 22.047 22.052 22.05 22.132 22.122 22.12 22.162 22.19 22.18 22.212 22.237 22.25 22.262 22.245 22.285 22.342 22.462 23.347 22.31 21.422 21.28 21.245 21.63 23 22.822 22.407 22.267 22.235 22.237 22.242 22.27 22.285 22.357 22.34 22.36 22.27 22.442 23.13 22.585 22.655 22.98 22.795 22.797 22.8 22.76 22.787 24.072 23.085 23.415 23.33 23.36 23.102 23.282 22.937 24.91
21.997 22.03 22.017 22.052 22.05 22.092 22.12 22.117 22.102 22.125 22.092 22.1 22.077 22.095 22.142 22.12 22.08 22.075 22.11 22.115 22.117 22.15 22.187 22.125 22.167 22.142 22.167 22.2 22.2 22.32 22.267 22.302 22.355 22.39 23.36 22.7 21.605 21.317 21.272 21.435 22.252 22.465 22.655 22.34 22.322 22.342 22.265 22.27 22.39 22.3 22.345 22.455 22.905 22.54 22.8 22.597 22.81 23.027 22.802 22.875 23.547 24.162 23.01 23.397 23.412 24.852 27.49 24.03 23.032 23.067 23.472 27.705
22.022 22.065 22.022 22.102 22.082 22.09 22.08 22.125 22.117 22.147 22.145 22.175 22.145 22.112 22.155 22.125 22.132 22.147 22.165 22.132 22.195 22.145 22.13 22.16 22.187 22.187 22.165 22.147 22.195 22.287 22.312 22.297 22.317 22.407 23.1 23.167 21.855 21.307 21.285 21.257 21.887 22.785 22.602 22.417 22.417 22.405 22.415 22.387 22.372 22.385 22.615 22.605 22.61 22.5 23.487 22.895 23.102 22.822 22.835 23.572 26.585 25.957 28.84 23.367 23.625 23.3 23.8 22.88 23.605 23.27 22.91 23.522
22.04 22.047 22.122 22.16 22.12 22.127 22.167 22.142 22.16 22.19 22.187 22.222 22.145 22.202 22.165 22.18 22.2 22.215 22.18 22.13 22.16 22.137 22.175 22.217 22.285 22.267 22.245 22.172 22.23 22.332 22.357 22.322 22.36 22.45 22.56 22.86 22.25 21.357 21.277 21.28 21.672 22.467 22.822 22.56 23.065 22.352 22.575 22.457 22.455 22.395 22.402 22.502 22.477 22.49 22.682 23.027 23.827 22.732 22.832 22.892 22.845 23.865 27.835 23.277 23.047 23.322 23.377 22.717 23.872 25.725 23.327 22.9
22.09 22.09 22.117 22.135 22.14 22.115 22.197 22.18 22.162 22.187 22.192 22.157 22.24 22.217 22.277 22.207 22.197 22.135 22.092 22.137 22.185 22.21 22.232 22.267 22.327 22.317 22.24 22.247 22.265 22.307 22.32 22.335 22.39 22.465 22.517 23.267 22.542 21.577 21.252 21.23 21.43 23.775 24.707 23.027 23.325 22.367 22.462 22.485 22.587 22.535 22.587 22.672 22.622 22.807 22.707 23.26 23.242 22.77 22.877 22.927 22.885 23 25.617 23.74 23.585 23.092 22.997 22.842 26.962 33.147 23.087 22.572
22.035 22.115 22.117 22.105 22.21 22.215 22.245 22.232 22.152 22.18 22.267 22.302 22.292 22.277 22.255 22.227 22.207 22.145 22.19 22.227 22.237 22.27 22.255 22.25 22.302 22.315 22.282 22.285 22.29 22.302 22.357 22.362 22.41 22.475 22.497 23.137 22.912 21.86 21.305 21.255 21.315 23.407 24.737 22.402 22.375 22.325 22.3 22.432 22.475 22.725 22.677 22.762 22.642 22.632 22.855 23.15 22.8 22.835 22.922 22.985 22.975 23.482 23.837 24.26 23.515 23.205 22.842 22.915 24.075 28.555 22.932 22.99
22.102 22.145 22.16 22.22 22.225 22.205 22.195 22.177 22.245 22.28 22.292 22.325 22.302 22.21 22.25 22.265 22.232 22.265 22.277 22.25 22.28 22.272 22.32 22.315 22.29 22.302 22.312 22.322 22.3 22.322 22.382 22.415 22.467 22.477 22.547 22.782 22.95 22.192 21.412 21.267 21.247 21.59 23.905 22.442 22.457 22.427 22.47 23.045 22.422 22.652 22.755 22.81 22.72 22.682 22.907 23.165 22.782 22.81 22.95 23.02 23.105 23.075 22.915 23.412 22.947 22.977 22.88 23.077 23.532 22.922 25.007 23.167
22.187 22.21 22.217 22.215 22.177 22.18 22.252 22.292 22.312 22.305 22.287 22.257 22.257 22.277 22.32 22.337 22.312 22.315 22.3 22.29 22.332 22.327 22.287 22.285 22.325 22.332 22.337 22.327 22.31 22.352 22.415 22.437 22.46 22.495 22.575 22.615 23.57 22.765 21.58 21.29 21.267 21.45 22.64 22.61 23.047 22.465 22.557 22.53 22.545 22.507 22.8 23.147 22.812 22.865 23.312 23.34 23.252 22.842 23.022 23.332 23.835 22.857 22.947 22.907 22.885 23.005 22.75 22.837 22.977 22.94 23.237 22.915
22.145 22.167 22.172 22.172 22.25 22.267 22.25 22.275 22.31 22.225 22.282 22.29 22.322 22.345 22.357 22.38 22.362 22.377 22.345 22.362 22.402 22.307 22.31 22.347 22.325 22.375 22.337 22.327 22.322 22.375 22.387 22.432 22.487 22.522 22.58 22.645 23.477 22.52 21.845 21.257 21.26 21.337 22.1 22.942 22.73 22.65 22.507 22.542 22.605 22.62 22.622 22.707 22.975 23.287 23.285 22.817 22.667 22.862 23.02 23.075 23.062 22.892 23.917 24.4 22.815 22.992 23.4 22.795 22.815 22.89 22.857 22.92
22.13 22.15 22.212 22.237 22.275 22.287 22.277 22.205 22.272 22.315 22.335 22.367 22.4 22.377 22.382 22.415 22.412 22.435 22.39 22.382 22.385 22.375 22.377 22.37 22.36 22.36 22.4 22.385 22.38 22.392 22.405 22.427 22.49 22.537 22.582 22.632 22.755 23 22.15 21.355 21.257 21.282 21.65 22.605 22.617 22.592 22.515 22.535 22.707 22.75 22.76 22.705 22.797 22.89 22.77 22.712 22.735 22.895 23.057 23.14 23.05 22.74 22.947 22.795 22.815 22.785 22.782 22.855 22.872 22.845 22.882 23.015
22.165 22.215 22.292 22.267 22.285 22.24 22.237 22.23 22.312 22.362 22.39 22.375 22.445 22.45 22.46 22.48 22.45 22.42 22.385 22.447 22.47 22.417 22.395 22.36 22.407 22.395 22.47 22.487 22.435 22.422 22.442 22.447 22.512 22.56 22.572 22.65 22.697 23.915 22.542 21.605 21.26 21.27 21.442 22.525 23.472 22.817 22.512 22.607 22.76 22.632 23.037 22.727 22.8 22.887 22.76 22.617 22.747 22.975 23.14 23.177 23.305 22.81 22.927 24.45 27.392 24.49 22.907 22.82 23.007 25.15 24.097 23.06
22.187 22.245 22.225 22.25 22.237 22.272 22.327 22.335 22.367 22.387 22.435 22.457 22.475 22.487 22.472 22.44 22.495 22.455 22.447 22.467 22.442 22.427 22.395 22.415 22.442 22.447 22.447 22.452 22.442 22.437 22.472 22.482 22.52 22.577 22.57 22.645 22.692 23.875 23.365 21.857 21.262 21.25 21.385 22.552 23.875 22.835 22.912 22.715 22.615 22.687 23.085 22.817 22.77 22.782 22.995 22.625 22.677 23.022 23.172 23.227 23.287 23.355 25.82 29.097 33.632 30.705 23.427 22.792 22.922 25.267 27.792 23.53
22.182 22.17 22.202 22.26 22.292 22.33 22.322 22.357 22.425 22.455 22.462 22.492 22.505 22.515 22.502 22.507 22.515 22.542 22.48 22.402 22.435 22.482 22.48 22.475 22.435 22.42 22.402 22.432 22.432 22.445 22.487 22.512 22.54 22.585 22.557 22.567 22.625 23.587 23.8 22.197 21.295 21.265 21.302 21.802 23.152 23.155 22.76 22.802 22.617 22.725 23.27 22.797 22.822 22.912 22.897 22.625 23.11 23.21 23.225 23.272 23.307 23.097 24.26 27.15 30.302 31.795 26.392 23.01 23.14 26.017 32.507 26.512
22.13 22.202 22.242 22.292 22.3 22.305 22.357 22.412 22.467 22.457 22.485 22.517 22.517 22.535 22.557 22.587 22.552 22.492 22.452 22.482 22.522 22.517 22.522 22.45 22.45 22.442 22.43 22.44 22.43 22.44 22.487 22.527 22.54 22.575 22.585 22.535 22.58 23.237 24.015 22.515 21.592 21.265 21.297 21.467 22.602 23.07 22.645 22.597 23.055 22.69 22.812 22.827 22.982 22.997 22.7 22.817 23.422 23.335 23.305 23.365 23.395 23.377 22.89 22.807 23.862 25.307 26.882 23.07 23.015 24.657 30.917 33.822
22.202 22.252 22.28 22.3 22.307 22.372 22.405 22.415 22.425 22.492 22.532 22.597 22.575 22.595 22.585 22.565 22.525 22.53 22.557 22.58 22.56 22.542 22.51 22.5 22.5 22.492 22.5 22.525 22.482 22.52 22.542 22.525 22.547 22.572 22.55 22.482 22.522 23.042 23.825 22.73 21.665 21.27 21.26 21.34 22.177 23.185 22.617 22.652 22.682 22.835 22.897 22.917 23.14 22.977 22.89 23.575 23.235 23.262 23.38 23.425 23.44 23.462 23.067 22.835 22.86 22.945 23.715 23.08 22.902 23.925 29.465 34.047
22.227 22.255 22.26 22.355 22.357 22.367 22.41 22.402 22.45 22.535 22.59 22.642 22.605 22.585 22.582 22.615 22.652 22.622 22.605 22.582 22.54 22.58 22.617 22.63 22.572 22.55 22.52 22.527 22.575 22.62 22.625 22.577 22.527 22.57 22.555 22.437 22.47 22.952 23.822 22.745 22.052 21.272 21.247 21.277 21.7 23.385 22.495 22.747 22.82 22.917 22.972 23 22.977 22.855 23.027 23.162 23.235 23.347 23.405 23.49 23.517 23.69 23.12 22.92 22.957 22.94 23.03 22.907 23.625 23.44 26.252 29.357
22.245 22.277 22.322 22.322 22.35 22.367 22.457 22.472 22.507 22.545 22.587 22.632 22.615 22.605 22.662 22.69 22.647 22.632 22.675 22.62 22.63 22.687 22.652 22.652 22.635 22.59 22.575 22.585 22.622 22.615 22.657 22.602 22.597 22.57 22.497 22.445 22.562 23.64 25.055 23.195 22.362 21.422 21.277 21.257 21.467 23.462 22.725 22.857 22.807 22.957 23.065 23.02 22.982 22.967 23.002 23.16 23.28 23.492 23.46 23.542 23.6 23.777 23.215 22.945 22.887 23.06 24.962 22.867 23.075 23.305 25.447 28.502
22.287 22.255 22.29 22.352 22.377 22.42 22.457 22.485 22.517 22.517 22.652 22.675 22.662 22.682 22.66 22.65 22.675 22.727 22.717 22.747 22.732 22.685 22.727 22.687 22.652 22.677 22.627 22.627 22.662 22.652 22.637 22.672 22.667 22.585 22.55 22.652 23.062 24.917 25.862 23.387 22.52 21.742 21.215 21.26 21.347 22.185 23.092 22.815 22.925 22.875 23.355 23.145 23.142 23.105 23.12 23.297 23.247 23.63 23.537 23.602 23.69 23.897 23.38 23.12 22.89 22.945 23.52 23.412 24.89 25.065 23.892 28.8
22.247 22.27 22.345 22.392 22.432 22.432 22.47 22.517 22.557 22.562 22.632 22.645 22.712 22.687 22.687 22.74 22.76 22.807 22.772 22.742 22.735 22.777 22.75 22.71 22.702 22.71 22.692 22.672 22.655 22.665 22.695 22.715 22.655 22.657 22.882 23.185 25.907 24.02 27.06 23.905 22.625 21.995 21.24 21.267 21.31 21.875 22.947 22.687 22.79 22.922 22.972 23.162 23.195 23.177 23.167 23.557 23.545 23.57 23.7 23.707 23.762 23.875 23.58 23.115 23 23.01 23.632 24.432 28.01 23.987 23.392 25.475
22.315 22.332 22.377 22.375 22.405 22.422 22.497 22.555 22.587 22.605 22.642 22.62 22.66 22.682 22.767 22.792 22.81 22.785 22.775 22.785 22.78 22.797 22.772 22.752 22.762 22.72 22.69 22.667 22.655 22.71 22.705 22.7 22.737 23.625 24.485 26.785 23.525 23.062 24.68 23.6 22.785 22.28 21.27 21.26 21.285 21.585 22.475 22.555 23.177 23.107 22.94 23.087 23.18 23.267 23.147 23.342 23.422 23.615 23.807 23.745 23.837 24 23.802 23.33 23.362 23.265 25.975 25.54 29.7 28.102 26.78 24.982
22.305 22.317 22.35 22.437 22.445 22.507 22.547 22.545 22.492 22.54 22.625 22.687 22.762 22.757 22.78 22.792 22.75 22.785 22.825 22.805 22.887 22.865 22.797 22.817 22.85 22.742 22.705 22.697 22.702 22.692 23.185 25.855 24.072 22.905 22.807 22.772 22.585 22.765 23.24 23.442 23.125 22.5 21.497 21.285 21.267 21.372 22.237 23.63 22.98 22.992 23.117 23.35 23.17 23.197 23.192 23.51 23.812 23.587 23.807 23.765 23.947 24.012 23.952 23.482 22.995 25.325 29.647 30.487 29.967 26.15 27.042 26.69
22.322 22.362 22.407 22.467 22.47 22.465 22.46 22.492 22.535 22.625 22.72 22.732 22.727 22.77 22.77 22.787 22.815 22.822 22.84 22.867 22.92 22.915 22.89 22.852 22.802 22.74 22.755 22.707 22.712 23.362 24.677 25.077 22.752 22.792 22.885 22.877 22.667 23.002 23.457 23.41 22.945 22.665 21.835 21.27 21.247 21.305 21.902 23.465 23.017 22.82 22.845 23.032 23.125 23.245 23.265 23.395 23.52 23.732 23.882 23.885 23.995 24.087 24.057 24.012 23.24 24.75 32.077 31.632 26.27 24.295 28.02 34.12
22.367 22.397 22.43 22.447 22.44 22.462 22.477 22.557 22.642 22.677 22.725 22.73 22.77 22.81 22.807 22.835 22.87 22.857 22.895 22.932 22.962 22.95 22.857 22.782 22.767 22.762 22.725 22.775 22.947 25.332 25.662 23.8 22.852 22.902 23.012 23.062 22.737 22.992 23.305 24.17 23.107 22.815 22.217 21.33 21.265 21.255 21.665 22.815 23.835 22.857 22.835 23.005 23.127 23.147 23.362 23.432 23.667 23.685 24.01 23.957 24.065 24.15 24.185 24.122 23.415 27.475 29.895 28.987 27.775 30.275 32.375 24.867
22.397 22.365 22.417 22.45 22.487 22.53 22.617 22.682 22.652 22.697 22.71 22.735 22.765 22.8 22.812 22.89 22.867 22.902 22.947 22.975 22.942 22.88 22.81 22.79 22.762 22.762 23.147 23.58 24.202 27.117 23.115 22.99 22.927 22.902 23.005 23.09 23.087 23.187 25.575 23.58 23 22.795 22.45 21.562 21.265 21.307 21.39 22.26 23.467 23.51 22.942 23.1 23.405 23.435 23.907 23.495 24.015 23.767 23.96 24.032 24.12 24.182 24.42 24.042 23.495 23.06 23.207 24.575 28.502 30.362 26.745 23.452
22.367 22.442 22.45 22.51 22.58 22.62 22.617 22.682 22.717 22.685 22.682 22.74 22.715 22.807 22.835 22.89 22.96 22.982 22.962 22.932 22.905 22.835 22.81 22.77 22.847 22.982 23.362 24.39 24.075 25.227 23.127 23.065 22.945 22.992 23.052 24.677 24.48 29.27 25.062 23.407 23.36 23.087 22.555 21.9 21.337 21.29 21.28 21.92 23.07 23.407 22.89 23.1 23.445 23.192 23.452 23.582 23.882 24.852 26.15 24.12 24.23 24.33 24.707 24.3 23.867 23.115 23.04 23.82 27.247 27.82 28.852 25.262
22.422 22.472 22.55 22.595 22.617 22.625 22.697 22.685 22.695 22.692 22.745 22.752 22.795 22.797 22.927 22.942 22.972 22.957 22.957 22.875 22.825 22.835 22.827 23.112 23.497 23.262 23.187 24.445 24.007 23.267 23.227 23.247 23.087 23.035 23.03 22.962 23.807 26.762 24.03 23.487 23.3 23.085 22.667 22.245 21.42 21.295 21.23 21.597 22.875 24.295 23.21 23.76 23.545 23.247 23.572 23.672 24.152 23.762 23.96 24.197 24.29 25.037 27.777 24.46 23.852 23.325 23.072 23.33 25.58 25.267 25.767 26.625
22.525 22.52 22.552 22.602 22.62 22.645 22.652 22.675 22.7 22.75 22.782 22.79 22.857 22.865 22.887 22.95 22.925 22.892 22.885 22.822 22.84 22.877 22.982 23.43 23.58 23.19 23.215 23.222 23.295 23.325 23.302 23.297 23.187 23.127 23.14 23.855 23.36 23.102 23.18 23.195 23.142 23.695 23.072 22.365 21.572 21.29 21.295 21.402 22.262 24.955 23.245 23.667 23.345 23.345 23.522 23.677 23.797 26.235 24.12 24.23 24.347 27.747 29.325 24.705 24.875 23.35 23.137 23.7 28.335 30.195 23.21 23.58
22.535 22.585 22.572 22.6 22.635 22.63 22.635 22.685 22.735 22.745 22.792 22.855 22.855 22.862 22.94 22.927 22.865 22.837 22.827 22.857 22.952 23.727 23.622 23.132 23.14 23.182 23.225 23.26 23.382 23.455 23.555 23.372 23.242 23.232 23.23 23.197 23.162 23.165 23.227 23.23 23.185 23.935 23.192 22.435 21.915 21.35 21.29 21.27 22.01 24.535 23.935 23.122 23.167 23.417 23.57 23.687 23.815 24.195 24.265 24.375 24.44 24.555 24.717 25.33 24.302 23.465 24.307 26.667 24.677 25.607 23.397 24.045
22.55 22.617 22.615 22.6 22.645 22.647 22.655 22.732 22.765 22.832 22.86 22.895 22.897 22.885 22.84 22.837 22.83 22.867 22.925 23.042 24.272 25.377 24.715 23.232 23.137 23.182 23.227 23.305 23.535 24.07 23.68 23.502 23.372 23.572 26.62 25.05 23.555 23.622 23.312 23.325 23.55 23.59 23.212 22.482 22.187 21.46 21.305 21.275 21.632 23.892 24.105 23.332 23.255 23.41 23.637 24.27 23.902 24.142 24.365 24.447 24.545 24.635 24.78 24.807 24.295 24.402 30.125 32.23 23.97 23.98 23.72 23.802
22.552 22.587 22.612 22.627 22.635 22.682 22.712 22.765 22.847 22.8 22.87 22.865 22.857 22.847 22.78 22.847 22.932 22.992 23.532 25.027 25.477 25.907 25.882 23.367 23.125 23.2 23.285 23.33 23.412 23.94 23.617 23.542 23.442 24.715 30.935 29.235 27.942 27.31 23.317 23.315 23.522 26.315 23.457 22.792 22.38 21.697 21.312 21.307 21.445 22.602 23.182 23.147 23.17 23.41 23.605 24.262 24.082 24.43 24.56 24.505 24.545 24.697 24.817 24.94 24.39 23.875 25.867 25.882 23.51 23.502 23.23 24.132
22.585 22.607 22.625 22.677 22.695 22.787 22.802 22.832 22.835 22.862 22.78 22.787 22.772 22.815 22.822 23.167 23.237 23.202 24.275 25.85 26.152 26.422 26.64 26.247 24.237 23.197 23.297 23.362 23.44 23.975 23.575 23.455 23.352 24.827 27.76 26.152 26.572 23.997 24.807 23.287 23.245 24.172 26.057 23.007 22.662 22.035 21.312 21.335 21.327 24.425 25.682 23.747 23.347 24.002 23.68 24.197 24.192 24.79 24.92 24.61 24.66 24.785 24.86 24.995 26.41 24.48 24.527 24.392 23.827 23.53 22.7 23.087
22.65 22.64 22.667 22.725 22.82 22.81 22.842 22.855 22.835 22.757 22.74 22.752 22.847 23.012 23.265 23.41 23.757 23.837 23.797 26.555 26.74 26.65 26.617 26.14 24.897 23.212 23.295 23.367 23.41 23.472 23.442 23.417 23.395 23.392 25.542 28.292 26.487 27.337 28.425 23.345 23.297 25.885 26.547 23.272 23.1 22.512 21.452 21.332 21.292 21.612 22.83 23.555 23.485 23.557 23.732 23.925 24.172 24.395 24.477 24.75 24.74 24.845 24.94 25 24.532 26.96 30.597 24.747 24.725 23.352 22.717 22.787
