All_lidar/sz6092_DSM_2M.asc
ncols 500
nrows 500
xllcorner    460000
yllcorner    92000
cellsize     2
NODATA_value -9999
[rows 442 to 475 of 500, columns 225 to 299 of 500]
30.879 39.264 43.229 38.509 35.944 33.706 36.515 34.714 32.041 30.966 32.699 39.09 37.363 36.19 37.719 34.325 28.895 28.488 28.18 28.138 28.349 28.603 28.832 28.939 28.958 29.011 29.015 29.147 34.066 43.054 49.893 48.502 49.037 49.351 41.11 33.494 30.553 30.724 31.355 31.66 31.155 31.154 30.807 30.787 30.822 30.983 31.131 32.363 31.483 32.805 32.307 31.156 31.121 31.293 32.485 31.512 31.248 31.445 31.624 31.029 30.989 30.907 30.951 31.964 30.761 30.71 30.618 30.665 30.614 30.575 30.555 30.529 30.505 30.543 30.885
30.755 32.696 36.46 38.464 40.024 40.092 40.439 37.906 33.368 31.274 36.476 34.644 36.425 36.797 39.108 36.779 32.646 30.272 30.853 31.489 29.586 29 30.105 30.099 29.119 29.274 31.891 29.324 29.433 36.351 46.877 48.985 47.165 44.712 31.843 30.605 30.861 30.422 30.845 31.55 31.079 31.066 31.149 31.213 31.38 31.341 31.433 32.566 33.329 32.707 32.155 32.997 32.462 31.41 31.47 31.513 31.63 31.584 31.457 31.93 31.603 31.477 34.563 33.244 31.264 31.111 31.061 32.325 32.119 31.108 31.326 30.624 30.558 30.561 30.587
33.467 32.264 34.151 37.129 37.915 39.902 40.269 37.148 39.971 40.256 41.223 38.976 38.191 37.859 37.417 30.361 33.001 34.282 36.469 36.541 35.194 31.12 32.076 31.623 29.335 35.607 38.498 34.73 35.976 31.826 44.291 45.991 40.819 38.318 32.741 30.298 30.447 30.572 30.703 31.264 31.103 31.216 31.291 31.292 31.429 31.455 31.522 32.753 33.037 32.045 31.852 32.836 32.377 31.864 32.659 32.652 32.616 32.024 31.849 32.332 32.151 33.237 36.121 33.399 31.672 31.481 31.373 31.752 31.549 31.547 36.173 33.696 30.84 30.976 30.955
34.491 36.646 35.321 33.555 35.51 33.439 38.114 36.634 41.214 42.91 38.913 34.542 37.707 37.394 36.166 29.303 29.64 35.063 39.139 38.207 37.804 31.708 32.447 33.363 32.25 34.367 40.67 42.381 44.762 42.644 45.546 45.317 36.346 30.267 30.367 30.467 30.559 30.69 31.316 31.286 31.218 31.346 31.398 31.452 31.559 31.547 32.739 34.852 32.378 32.436 31.983 32.102 32.319 32.57 32.893 32.824 33.131 32.977 33.412 32.82 33.006 33.211 33.708 32.718 32.288 31.966 31.642 31.584 31.595 32.335 37.436 34.255 31.195 31.267 31.311
42.556 39.815 34.342 31.754 31.466 33.228 38.218 39.392 40.932 39.967 39.714 37.799 36.785 35.979 33.713 29.132 29.043 34.385 38.537 39.898 39.451 35.429 35.698 35.082 33.83 35.231 42.479 44.074 46.235 45.355 45.848 45.741 42.871 31.759 30.568 30.618 30.757 30.853 31.383 31.414 31.446 31.457 31.505 31.568 31.654 31.58 34.123 34.533 31.984 31.989 32.025 32.35 32.547 32.368 32.656 32.752 32.506 32.843 33.132 33.533 33.613 33.003 32.756 34.341 33.922 32.529 32.816 32.54 32.927 32.252 32.808 31.936 31.532 31.445 31.359
42.928 37.149 35.097 30.881 32.561 34.435 37.042 40.422 41.157 40.457 39.373 36.402 36.227 34.785 32.534 29.014 29.442 32.114 35.186 38.572 38.916 36.259 36.041 35.662 35.241 37.325 43.945 45.868 47.538 46.511 47.193 46.939 46.176 32.434 30.715 30.813 30.891 31.007 31.614 31.607 32.414 32.497 31.83 31.752 31.732 31.648 33.557 33.599 32.041 32.063 32.184 32.309 32.476 32.408 32.737 32.606 32.566 32.605 32.581 32.582 32.623 32.707 33.563 34.486 34.124 33.286 33.7 33.747 33.714 34.609 32.454 31.906 32.34 32.189 31.622
34.932 34.696 35.567 42.354 39.914 37.335 35.804 41.24 44.374 44.083 40.692 39.562 36.628 35.259 30.265 28.914 28.891 29.847 29.705 33.433 34.276 36.39 36.636 35.545 35.378 40.405 45.036 45.859 48.317 47.275 45.518 47.766 42.656 36.635 31.158 31.169 31.213 31.301 31.503 32.248 33.926 34.668 32.291 31.88 31.943 31.948 32.08 32.252 32.23 32.246 32.327 32.717 32.933 32.83 32.807 32.674 32.687 32.666 32.707 32.681 32.712 32.835 37.024 37.057 33.162 33.068 33.194 33.406 33.675 35.944 36.027 33.34 32.508 32.096 31.823
32.314 32.31 41.974 42.858 45.403 44.585 40.255 44.429 43.669 44.729 40.949 40.712 36.117 33.79 29.666 30.582 29.091 29.449 29.826 29.479 29.392 34.224 37.686 37.919 37.525 39.766 43.52 45.484 45.751 45.426 45.458 44.251 41.719 38.234 31.934 32.134 32.132 32.506 32.14 32.463 34.594 34.7 32.47 32.271 32.103 32.104 32.706 32.762 32.421 32.429 32.547 32.998 33.009 33.021 33 32.739 32.76 32.769 32.761 32.783 32.729 34.356 38.572 38.108 35.941 33.224 33.308 33.264 33.363 35.801 36.281 33.872 33.53 33.03 32.818
34.989 35.786 44.265 46.746 46.225 46.649 40.998 38.123 33.32 31.132 39.726 42.103 38.273 37.256 30.955 34.316 35.773 31.399 31.237 29.166 29.218 30.271 33.97 34.338 33.662 35.287 41.864 43.382 43.673 44.088 44.101 42.845 43.207 39.173 37.197 37.202 37.035 36.732 33.406 32.478 35.725 35.813 35.521 35.195 34.535 32.989 32.859 32.611 32.708 32.761 32.768 33.161 33.106 33.036 32.927 32.936 32.878 33.169 33.028 32.932 33.048 33.799 37.657 37.346 34.803 33.25 33.109 33.316 33.163 34.999 34.991 33.152 32.587 32.518 32.469
40.391 38.557 41.678 44.038 43.652 46.826 44.883 40.777 36.113 35.077 42.136 41.107 40.318 39.659 34.249 34.942 36.488 35.845 31.844 29.262 29.325 29.418 29.729 29.763 30.687 32.086 36.458 41.124 41.771 42.299 42.413 39.566 39.84 38.441 38.569 38.531 37.932 36.818 33.643 32.939 37.02 36.938 36.706 36.47 35.941 32.873 33.089 32.818 34.926 35.179 34.657 34.274 33.619 33.281 33.008 32.929 34.88 35.85 35.499 33.879 33.334 33.944 35.173 35.032 35.387 35.252 33.134 32.976 33.42 34.505 33.794 32.725 32.585 32.535 32.484
37.746 34.162 38.882 42.295 43.94 44.32 41.865 38.72 36.84 37.639 40.858 38.275 38.944 34.297 34.09 38.205 39.542 38.455 34.469 29.546 29.519 29.593 29.858 29.88 30.015 31.112 32.085 36.422 37.524 38.876 38.829 34.778 36.058 38.547 38.573 38.505 37.78 36.811 33.926 34.732 36.764 37.029 37.184 37.351 36.167 34.009 34.496 34.009 36.495 36.892 36.669 36.419 36.204 35.372 33.449 33.133 36.169 37.607 37.908 36.416 34.711 34.977 35.44 34.895 36.454 36.129 33.981 33.352 33.998 35.358 33.232 32.701 32.655 32.583 32.516
41.16 37.35 34.062 36.44 39.296 40.256 39.815 39.093 38.568 38.143 39.599 38.964 37.279 35.422 36.799 38.892 40.157 39.871 35.8 31.248 29.926 29.906 29.972 30.004 30.291 30.886 32.326 34.512 34.14 34.175 32.192 31.604 34.794 36.664 36.804 36.789 34.963 32.812 32.61 34.441 35.63 35.911 36.128 36.354 35.376 34.619 35.136 35.573 37.781 37.848 37.707 37.584 37.359 36.041 33.874 33.283 36.476 37.81 37.703 36.22 34.968 35.876 35.884 35.754 37.151 38.022 36.901 34.966 33.971 34.328 33.266 32.817 32.743 32.65 32.57
40.675 45.205 35.25 33.654 41.694 40.742 38.313 39.93 38.843 38.095 39.45 40.031 39.72 38.448 39.063 40.73 39.662 38.153 33.176 30.101 30.216 30.788 30.933 30.313 30.744 31.644 35.994 37.671 37.068 33.604 32.113 31.938 32.918 31.815 32.066 32.57 32.572 32.202 32.285 32.46 32.858 34.442 34.024 34.367 34.817 35.223 35.236 35.915 36.918 37.141 37.361 37.596 37.029 34.482 33.416 34.287 36.929 37.958 37.494 36.305 35.86 35.955 35.99 36.287 37.36 37.941 36.715 35.263 34.933 34.4 33.159 32.906 32.918 32.747 32.66
41.824 43.142 37.978 38.693 40.147 39.73 39.169 40.743 40.304 40.238 41.399 40.898 39.581 38.918 39.212 40.458 38.415 36.854 33.16 31.079 30.302 30.685 31.465 31.378 31.296 35.098 37.362 38.443 38.261 36.406 33.073 32.122 32.786 31.962 32.008 32.186 32.419 32.406 32.461 32.56 32.612 32.688 32.716 32.724 32.731 33.314 33.996 34.35 34.709 35.869 36.238 36.453 36.077 33.593 33.302 35.15 37.153 38.115 37.295 35.867 34.462 34.619 35.789 36.477 37.555 37.787 36.157 34.007 34.248 34.798 35.014 34.41 33.778 33.402 32.899
40.961 44.609 42.46 41.319 39.908 40.045 38.379 39.915 40.04 41.28 41.594 40.478 38.333 36.645 36.845 37.402 36.848 34.965 31.342 31.202 30.893 30.579 30.982 31.217 32.191 36.769 38.088 38.543 37.479 35.106 31.529 32.449 32.805 32.564 32.232 32.378 32.641 32.693 32.643 32.697 32.772 32.843 32.901 32.908 32.973 33.056 33.096 33.136 33.229 33.418 33.312 33.427 34.061 33.494 33.449 35.639 37.358 37.996 37.063 35.064 33.874 33.563 35.145 36.667 37.742 37.64 35.897 33.572 34.168 35.824 36.766 36.566 36.353 36.082 34.605
38.075 39.478 42.383 41.927 41.038 40.394 39.768 40.357 41.993 42.617 40.971 39.607 35.991 35.011 32.274 32.716 32.487 31.71 30.745 31.294 31.02 30.892 30.956 31.284 33.299 35.592 38.276 37.666 35.42 31.733 31.612 32.239 32.631 32.899 32.615 32.712 32.957 32.901 33.01 33.055 33.032 33.009 33.038 33.1 33.255 33.374 33.307 33.321 33.432 33.444 33.453 33.527 33.463 33.583 33.684 34.604 35.619 36.159 35.858 34.092 34.141 33.827 35.174 36.891 37.943 37.427 35.599 33.641 33.854 36.468 37.749 37.607 37.419 37.249 35.004
37.511 37.335 41.615 40.224 40.023 41.914 42.251 40.561 42.308 41.791 39.817 37.077 36.178 32.262 30.358 30.409 30.53 30.504 30.711 31.575 31.309 31.528 31.311 31.316 33.282 33.834 34.823 35.458 32.998 31.931 31.93 32.041 32.987 33.463 33.505 33.499 33.566 33.128 33.162 33.336 33.41 33.481 33.503 33.559 33.623 33.6 33.574 33.532 33.597 33.606 33.658 33.685 33.674 33.726 33.844 33.868 33.869 33.968 33.803 34.345 34.26 34.104 34.665 36.445 37.475 36.743 35.549 34.554 34.156 36.022 37.12 37.35 37.599 37.968 35.972
35.098 34.074 38.481 39.241 38.817 43.6 44.317 40.798 41.33 39.774 38.55 33.857 33.442 30.758 30.382 30.482 30.554 30.538 30.685 31.054 31.357 31.402 31.75 32.543 31.512 32.552 32.538 31.616 32.251 32.258 32.192 32.815 33.061 33.554 33.209 33.078 33.019 33.082 33.122 33.26 33.379 33.498 33.608 33.671 33.731 33.787 33.812 33.901 33.84 33.849 33.875 33.896 34.055 34.244 33.979 34.015 34.043 34.048 34.02 34.38 34.424 34.046 34.476 34.91 34.799 34.574 34.751 35.362 34.962 35.258 35.885 36.203 36.438 36.617 36.185
32.863 39.104 41.756 36.433 38.103 41.086 44.336 40.882 42.915 39.68 36.233 34.182 32.054 31.614 30.881 30.852 30.683 30.593 30.834 31.213 31.189 31.389 33.02 34.153 33.511 32.117 31.519 31.761 32.045 32.336 32.452 32.951 33.437 33.104 32.917 32.947 32.995 33.093 33.2 33.278 33.365 33.485 33.597 33.655 33.739 33.834 33.915 33.963 34.012 34.079 34.131 34.185 34.222 34.283 34.167 34.168 34.186 34.182 34.12 34.177 34.153 34.504 34.333 34.48 35.107 34.273 34.475 35.28 34.465 33.527 33.287 33.487 33.192 34.455 34.355
35.364 38.704 43.661 37.848 40.027 43.544 43.849 43.671 41.773 38.551 34.319 33.164 31.276 32.487 31.391 32.126 30.75 30.773 31.294 31.616 33.541 32.907 33.813 34.181 34.252 33.134 32.044 32.07 32.206 32.448 32.77 33.136 32.971 32.922 32.929 32.986 33.058 33.16 33.28 33.353 33.459 33.519 33.595 33.698 33.774 33.89 33.948 33.972 34.06 34.123 34.156 34.219 34.282 34.327 34.365 34.397 34.387 34.345 34.317 34.342 34.3 34.585 34.652 34.83 34.715 34.397 34.855 35.942 34.392 33.79 33.702 33.552 33.415 33.265 33.432
34.944 35.149 41.478 43.218 45.216 44.943 44.467 42.432 42.123 37.048 33.168 32.852 32.388 32.703 31.145 30.682 30.703 31.31 32.693 33.46 35.914 35.525 35.176 34.767 34.326 32.208 32.192 32.381 32.547 32.726 32.9 32.976 32.974 32.993 33.015 33.067 33.204 33.369 33.483 33.559 33.625 33.692 33.73 33.851 33.902 33.919 34.007 34.037 34.12 34.172 34.177 34.237 34.3 34.302 34.365 34.415 34.465 34.46 34.47 34.492 34.48 34.707 34.837 34.51 34.882 35.67 35.405 34.562 34.16 33.942 33.85 33.767 33.695 33.595 34.335
41.538 41.291 43.348 44.706 45.14 44.746 44.176 42.198 40.953 35.357 34.38 33.99 34.188 33.951 32.014 30.806 30.86 32.094 34.651 35.393 36.86 36.618 36.248 35.857 35.267 32.36 32.37 32.598 32.759 32.934 33.032 33.017 33.047 33.027 33.17 33.315 33.44 33.542 33.642 33.69 33.765 33.87 33.85 33.965 34.015 34.077 34.092 34.157 34.257 34.255 34.295 34.31 34.345 34.442 34.425 34.46 34.46 34.482 34.462 34.45 34.44 34.452 34.477 34.447 34.48 35.297 35.475 34.402 34.175 34.105 34.037 33.952 33.892 33.9 34.23
40.574 41.39 44.235 43.725 44.797 44.314 40.873 41.113 38.939 35.717 34.87 35.084 35.664 34.879 32.666 31.164 31.154 32.064 34 35.512 36.258 36.6 36.881 36.81 35.995 32.555 32.582 32.765 32.922 33.117 33.155 33.11 33.13 33.257 33.42 33.54 33.607 33.682 33.742 33.765 33.92 34.072 33.987 34.06 34.36 34.29 34.19 34.272 34.337 34.505 35.055 34.5 34.54 34.467 34.512 34.555 34.552 34.527 34.522 34.53 34.467 34.465 34.427 34.4 34.385 34.38 34.332 34.32 34.33 34.297 34.25 34.192 34.122 34.177 33.932
36.778 42.785 43.262 42.812 41.704 39.6 38.743 37.717 36.153 36.247 35.873 36.651 36.737 35.493 33.379 31.874 31.509 31.675 31.815 33.295 35.107 35.567 35.91 36.28 33.877 32.42 32.727 32.935 33.107 33.297 33.217 33.232 33.25 33.44 33.562 33.695 33.775 33.837 33.947 34.482 34.035 34.097 34.257 34.445 34.24 34.31 34.32 34.392 34.412 34.677 35.425 34.695 34.807 34.62 34.652 34.667 34.68 34.682 34.66 34.617 34.592 34.482 34.485 34.442 34.375 34.375 34.327 34.337 34.287 34.285 34.232 34.245 34.212 34.17 34.072
40.91 38.004 34.51 39.359 41.594 41.023 41.061 38.97 36.979 37.216 36.147 38.709 37.821 34.259 32.224 31.682 31.873 32.142 32.345 32.177 33.53 34.952 35.015 35.08 32.812 32.625 32.875 33.08 33.31 33.402 33.295 33.292 33.402 33.547 33.67 33.815 34.03 34.007 34.192 34.297 35.517 35.782 34.547 34.93 34.63 34.467 34.475 34.482 34.557 34.615 34.67 34.737 34.79 34.817 34.835 34.79 34.78 34.797 34.785 34.765 34.767 34.652 34.562 34.477 34.46 34.442 34.37 34.357 34.337 34.317 34.257 34.247 34.207 34.2 34.125
40.884 38.842 39.383 39.758 39.301 39.896 40.009 37.344 37.663 38.01 38.373 39.546 37.051 33.746 31.775 31.834 31.856 32.205 33.285 35.232 35.865 34.94 34.562 33.035 33.29 32.955 33.265 33.255 33.425 33.625 33.38 33.42 33.512 33.69 33.83 33.905 34.01 34.23 34.942 36.712 38.962 39.585 36.175 35.91 36.16 35.617 36.527 35.61 35.662 35.552 34.97 35.152 34.962 34.965 34.982 34.972 34.947 34.962 34.97 34.93 34.922 34.832 34.667 34.615 34.587 34.555 34.582 34.552 34.465 34.415 34.307 34.262 34.24 34.215 34.157
41.357 41.381 36.917 39.173 41.239 40.158 39.897 36.758 37.834 40.587 39.467 39.132 35.781 32.831 31.933 31.987 32.013 32.33 33.542 36.28 37.385 37.477 36.062 33.415 33.172 33.26 34.267 33.495 33.6 33.5 33.487 33.537 33.662 33.81 34 34.06 34.782 36.93 38.855 39.88 40.817 41.302 39.65 35.012 35.925 37.11 36 36.097 36.32 37.002 36.79 36.512 35.672 35.147 35.13 35.1 35.067 35.062 35.055 35.037 35.027 34.955 34.802 34.775 34.74 34.817 34.835 34.752 34.69 34.62 34.547 34.47 34.39 34.307 34.197
40.565 41.464 43.242 44.127 43.818 43.166 40.707 38.09 37.861 38.729 38.199 37.044 34.327 32.446 32.04 32.1 32.171 32.56 34.457 36.627 37.575 37.267 36.182 33.48 33.31 33.417 33.465 33.612 33.687 33.607 33.592 33.66 33.802 33.91 34.045 34.245 37.76 40.007 40.67 41.232 41.6 41.472 40.152 36.01 35.8 37.01 35.6 35.285 35.582 35.75 35.9 37.822 38.16 37.422 36.24 36.102 35.34 35.15 35.117 35.13 35.265 35.137 34.915 34.872 34.887 35.365 35.355 35.187 35.272 35.92 36.29 35.837 34.56 34.395 34.255
42.629 45.883 46.131 46.214 46.128 45.643 45.062 42.874 38.665 39.096 38.868 36.641 32.754 32.022 32.152 32.199 32.262 32.992 35.56 36.965 37.697 36.925 35.497 33.525 33.442 33.615 33.727 33.8 33.782 33.67 33.735 33.82 33.915 34.012 34.212 34.357 36.382 40.512 41.585 41.467 41.06 39.975 37.67 34.812 35.285 36.395 35.192 35.122 35.185 35.955 36.67 38.057 39.48 39.087 38.707 38.367 37.207 35.622 35.18 35.192 35.15 35.15 35.055 35.015 35.047 35.185 35.087 34.967 34.867 35.455 35.457 35.417 34.657 34.525 34.392
45.466 47.701 47.752 47.882 48.513 48.19 47 43.63 40.617 40.156 39.665 36.816 33.046 32.432 32.465 32.527 32.668 33.552 36.205 37.367 37.977 36.575 34.13 33.34 33.572 33.707 33.847 33.917 33.862 33.802 33.932 34.012 34.137 34.247 34.367 34.5 36.327 40.167 41.225 40.42 38.17 36.107 34.737 34.732 35.05 35.99 35.247 35.25 35.302 35.77 37.212 38.062 40.065 40.047 39.807 39.467 39.045 37.735 36.71 35.285 35.292 35.237 35.142 35.155 35.205 35.22 35.12 35.08 34.877 34.777 34.737 34.78 34.67 34.597 34.51
45.929 47.869 47.163 48.093 49.116 48.988 47.912 45.48 40.542 39.882 38.48 35.526 33.117 32.973 33.028 32.898 32.992 33.675 36.185 36.67 36.89 36.032 33.792 33.477 33.67 33.83 33.987 34.03 33.907 33.892 34.01 34.08 34.315 34.515 34.902 34.98 35.33 37.555 38.637 36.757 35.117 35.992 35.422 35.12 35.205 35.3 35.32 35.377 35.487 36.07 37.262 38.635 39.125 39.477 39.807 40.172 39.39 37.937 37.125 35.375 35.422 35.34 35.255 35.282 35.36 35.36 35.442 35.1 35.645 36.342 37.022 36.522 35.357 35.23 35.26
45.079 47.229 46.903 47.765 48.338 48.685 47.563 46.824 42.189 39.904 37.949 33.19 33.299 33.511 33.47 33.107 33.201 33.725 35.522 35.387 34.897 34.51 33.502 33.572 33.882 33.965 34.085 34.112 33.96 34 34.08 34.332 34.475 34.655 37.415 38.545 36.655 36.047 34.887 34.837 34.892 35.992 36.467 35.325 35.385 35.41 35.505 35.485 35.72 36.807 36.78 36.752 37.095 38.242 38.777 39.097 38.182 37.787 36.712 35.73 36.177 35.437 35.37 35.4 35.732 36.92 37.042 36.5 35.49 37.372 38.11 38.057 37.98 37.867 37.462
45.231 46.617 46.945 47.325 47.639 48.284 47.738 44.143 40.857 38.46 35.436 32.567 32.704 33.012 33.133 33.172 33.327 33.492 34.345 35.785 35.885 35.037 33.482 33.695 33.91 34.052 34.207 34.097 34.07 34.1 34.267 34.42 34.615 35.917 39.135 40.842 40.372 38.242 35.14 34.9 35.03 35.355 36.197 35.79 35.452 35.507 35.702 35.705 36.52 36.62 35.795 35.732 35.6 36.352 37.882 37.48 36.672 36.692 35.702 36.345 36.19 35.577 35.545 35.555 35.942 36.662 35.652 35.297 34.965 38.202 39.322 39.205 39.125 39.042 37.542
46.062 47.746 48.157 48.085 48.176 47.431 45.158 40.903 38.973 36.617 32.594 32.631 32.758 32.899 33.104 33.295 33.907 34.377 34.855 35.822 35.887 34.362 33.587 33.77 33.972 34.162 34.217 34.167 34.162 34.257 34.39 34.485 34.627 38.355 41.055 41.312 41.4 40.71 35.597 35.077 35.497 35.307 36.222 37.15 35.72 35.61 35.66 35.735 36.267 36.03 35.86 35.87 35.842 35.78 35.81 35.787 35.625 35.61 35.7 36.27 36.372 35.695 35.692 35.71 35.91 35.862 35.47 35.27 35.355 38.155 39.15 39.2 39.282 39.392 37.937
