All_lidar/sz6091_DSM_2M.asc
ncols 500
nrows 500
xllcorner    460000
yllcorner    91000
cellsize     2
NODATA_value -9999
[rows 160 to 191 of 500, columns 355 to 425 of 500]
51.432 51.079 49.882 48.569 46.469 46.084 45.982 45.892 45.849 45.794 45.769 45.772 45.769 45.779 45.769 45.754 45.717 45.694 45.634 45.619 45.557 45.502 45.459 45.417 45.342 45.307 45.257 45.189 45.147 45.094 45.097 45.052 45.014 44.974 44.952 44.874 44.829 44.762 44.724 44.674 44.617 44.592 44.587 44.544 44.529 44.512 44.477 44.412 44.372 44.337 44.262 44.197 44.127 44.057 44.014 43.952 43.849 43.822 43.864 43.859 43.819 43.827 43.814 44.252 44.682 43.809 44.149 44.049 43.657 43.514 43.272
51.432 51.604 53.652 53.482 46.994 46.039 45.937 45.862 45.802 45.757 45.727 45.739 45.727 45.732 45.727 45.699 45.674 45.672 45.602 45.582 45.532 45.479 45.439 45.387 45.337 45.294 45.249 45.179 45.147 45.064 45.072 45.019 45.002 44.947 44.929 44.864 44.812 44.734 44.699 44.649 44.582 44.564 44.547 44.527 44.482 44.452 44.432 44.379 44.339 44.279 44.229 44.174 44.087 44.014 43.962 43.904 43.854 43.847 43.869 43.839 43.794 43.709 44.537 44.354 43.659 43.489 43.302 43.174 43.304 44.174 44.384
51.444 52.302 56.287 54.277 46.922 46.017 45.907 45.804 45.752 45.712 45.699 45.707 45.699 45.704 45.679 45.672 45.644 45.632 45.587 45.534 45.519 45.464 45.419 45.339 45.314 45.282 45.239 45.152 45.104 45.042 45.054 45.019 44.984 44.939 44.884 44.854 44.767 44.699 44.674 44.624 44.572 44.537 44.502 44.492 44.487 44.437 44.407 44.362 44.302 44.262 44.219 44.132 44.047 43.992 43.942 43.889 43.824 43.827 43.829 43.787 43.747 43.719 44.694 44.139 43.437 43.439 43.362 43.152 43.077 42.914 43.024
51.452 51.259 53.637 51.777 46.499 45.982 45.882 45.784 45.732 45.684 45.687 45.692 45.674 45.662 45.654 45.637 45.607 45.584 45.544 45.502 45.487 45.444 45.394 45.332 45.304 45.257 45.212 45.137 45.089 45.039 45.064 44.999 44.954 44.904 44.867 44.814 44.767 44.699 44.644 44.612 44.544 44.514 44.489 44.469 44.457 44.414 44.377 44.317 44.272 44.217 44.172 44.099 44.019 43.962 43.902 43.849 43.809 43.779 43.769 43.729 43.642 43.594 44.289 43.929 43.399 43.989 46.734 43.232 43.069 42.912 42.857
51.462 51.229 47.597 46.882 46.084 45.942 45.862 45.764 45.712 45.669 45.652 45.654 45.654 45.629 45.647 45.597 45.567 45.559 45.512 45.479 45.434 45.392 45.364 45.309 45.262 45.239 45.182 45.119 45.052 45.019 45.024 44.984 44.904 44.894 44.857 44.782 44.742 44.667 44.604 44.589 44.527 44.487 44.444 44.444 44.414 44.392 44.362 44.322 44.259 44.197 44.162 44.087 43.999 43.929 43.862 43.812 43.712 43.702 43.704 43.647 43.572 43.494 44.139 44.039 43.577 45.767 47.572 44.892 43.062 42.897 42.827
51.454 51.249 47.977 46.427 46.084 45.927 45.822 45.719 45.659 45.614 45.607 45.632 45.617 45.587 45.602 45.579 45.547 45.529 45.494 45.439 45.399 45.379 45.332 45.284 45.234 45.207 45.164 45.082 45.049 44.987 45.002 44.952 44.904 44.894 44.832 44.782 44.729 44.662 44.612 44.554 44.494 44.464 44.457 44.437 44.392 44.344 44.329 44.302 44.227 44.162 44.114 44.052 43.977 43.882 43.819 43.769 43.729 43.674 43.662 43.589 43.529 43.417 43.657 43.697 43.352 43.522 43.347 43.189 43.062 42.887 42.804
51.464 51.277 52.484 52.189 46.184 45.912 45.807 45.707 45.649 45.594 45.564 45.582 45.577 45.549 45.574 45.564 45.522 45.514 45.459 45.434 45.389 45.357 45.309 45.247 45.227 45.192 45.142 45.067 45.017 44.982 44.982 44.927 44.892 44.882 44.824 44.752 44.697 44.642 44.577 44.532 44.477 44.449 44.419 44.387 44.372 44.327 44.314 44.254 44.204 44.147 44.092 44.017 43.942 43.867 43.779 43.704 43.652 43.614 43.599 43.517 43.482 43.417 43.599 43.567 43.254 43.139 43.119 43.032 42.882 42.792 42.709
51.477 51.779 56.592 56.517 45.924 45.854 45.777 45.677 45.594 45.564 45.559 45.552 45.549 45.527 45.532 45.537 45.477 45.464 45.414 45.384 45.347 45.314 45.289 45.224 45.209 45.172 45.124 45.084 45.034 44.947 44.974 44.929 44.879 44.854 44.802 44.749 44.654 44.607 44.557 44.504 44.444 44.419 44.387 44.367 44.352 44.307 44.252 44.227 44.174 44.122 44.069 43.982 43.912 43.829 43.759 43.672 43.594 43.522 43.499 43.444 43.362 43.304 43.477 43.689 43.099 43.109 43.457 42.834 42.699 42.542 42.474
51.452 51.277 50.422 49.402 45.962 45.784 45.714 45.627 45.539 45.512 45.504 45.502 45.469 45.469 45.472 45.474 45.442 45.409 45.372 45.329 45.314 45.287 45.249 45.194 45.169 45.134 45.117 45.054 45.019 44.929 44.957 44.909 44.892 44.824 44.772 44.712 44.659 44.597 44.542 44.494 44.422 44.404 44.367 44.352 44.319 44.279 44.249 44.194 44.137 44.104 44.019 43.962 43.877 43.789 43.704 43.627 43.529 43.464 43.402 43.362 43.332 43.197 43.464 44.174 43.159 42.874 44.074 43.537 42.544 42.429 42.269
51.462 51.284 47.044 46.567 45.887 45.727 45.662 45.584 45.504 45.444 45.454 45.414 45.422 45.412 45.417 45.397 45.377 45.367 45.324 45.279 45.249 45.232 45.199 45.162 45.139 45.102 45.059 45.029 45.002 44.927 44.927 44.872 44.854 44.809 44.779 44.722 44.629 44.564 44.494 44.442 44.407 44.352 44.324 44.304 44.284 44.224 44.197 44.167 44.077 44.032 43.972 43.919 43.827 43.747 43.684 43.584 43.464 43.394 43.312 43.249 43.194 43.127 43.774 43.557 43.189 43.352 48.317 45.972 45.437 44.717 43.409
51.492 51.287 47.144 46.677 45.882 45.694 45.599 45.524 45.449 45.422 45.379 45.379 45.394 45.349 45.342 45.344 45.314 45.282 45.279 45.227 45.194 45.184 45.154 45.114 45.092 45.087 45.057 44.984 44.972 44.897 44.889 44.864 44.834 44.797 44.734 44.679 44.612 44.537 44.469 44.407 44.357 44.304 44.299 44.277 44.239 44.182 44.147 44.119 44.012 43.979 43.929 43.867 43.759 43.694 43.619 43.534 43.414 43.329 43.237 43.197 43.127 43.029 43.569 46.122 44.039 44.397 45.977 45.379 45.824 48.319 42.739
51.489 51.289 47.219 47.587 46.092 45.654 45.547 45.469 45.407 45.354 45.354 45.332 45.332 45.324 45.312 45.312 45.239 45.217 45.209 45.174 45.147 45.127 45.079 45.074 45.062 45.029 44.999 44.957 44.902 44.879 44.844 44.827 44.802 44.764 44.709 44.639 44.569 44.492 44.419 44.344 44.309 44.264 44.229 44.232 44.202 44.129 44.099 44.054 43.987 43.929 43.867 43.809 43.684 43.617 43.554 43.447 43.357 43.299 43.207 43.132 43.047 42.934 43.442 43.637 42.934 43.127 50.109 46.469 48.784 45.257 44.217
51.502 51.309 47.219 48.342 47.239 45.634 45.502 45.414 45.357 45.332 45.302 45.299 45.307 45.279 45.287 45.277 45.197 45.152 45.154 45.124 45.114 45.087 45.054 45.014 45.007 45.004 44.972 44.924 44.884 44.834 44.844 44.787 44.764 44.722 44.667 44.604 44.552 44.457 44.402 44.314 44.272 44.214 44.167 44.157 44.122 44.084 44.044 43.992 43.904 43.859 43.797 43.744 43.649 43.532 43.467 43.362 43.292 43.219 43.134 43.042 42.954 42.852 43.289 44.622 43.894 43.229 48.684 42.932 43.114 42.129 41.972
51.487 51.287 47.852 49.139 47.804 45.569 45.462 45.372 45.322 45.289 45.282 45.279 45.272 45.257 45.254 45.247 45.187 45.142 45.119 45.112 45.077 45.039 45.012 44.974 44.977 44.964 44.962 44.902 44.869 44.812 44.792 44.772 44.739 44.719 44.629 44.589 44.509 44.427 44.364 44.279 44.237 44.157 44.164 44.084 44.059 44.012 43.974 43.924 43.837 43.784 43.754 43.662 43.557 43.479 43.382 43.319 43.219 43.107 43.032 42.957 42.872 42.792 43.392 44.974 44.697 42.894 42.197 42.132 42.054 41.964 41.884
51.464 51.272 47.304 48.277 48.224 45.517 45.407 45.332 45.289 45.244 45.232 45.234 45.244 45.212 45.227 45.207 45.164 45.122 45.097 45.057 45.054 45.024 44.987 44.977 44.947 44.934 44.922 44.874 44.834 44.789 44.769 44.757 44.704 44.674 44.604 44.559 44.489 44.404 44.322 44.227 44.164 44.114 44.084 44.024 44.012 43.944 43.934 43.869 43.784 43.727 43.677 43.594 43.504 43.404 43.352 43.242 43.122 43.014 42.944 42.892 42.844 42.739 42.879 44.034 45.837 46.427 42.154 42.099 42.017 41.924 41.832
51.472 51.284 47.107 49.727 51.992 46.124 45.354 45.304 45.267 45.237 45.167 45.187 45.209 45.182 45.174 45.167 45.117 45.074 45.054 45.024 44.992 44.994 44.952 44.907 44.909 44.917 44.884 44.844 44.802 44.784 44.727 44.712 44.664 44.644 44.569 44.514 44.442 44.362 44.294 44.204 44.132 44.072 44.029 43.982 43.919 43.899 43.877 43.804 43.729 43.672 43.619 43.564 43.447 43.359 43.287 43.212 43.079 42.969 42.877 42.832 42.804 42.689 42.732 44.149 45.319 43.224 42.054 42.059 41.982 41.864 41.787
51.509 51.294 47.619 49.584 52.169 45.609 45.309 45.257 45.229 45.179 45.152 45.137 45.142 45.127 45.132 45.092 45.057 45.024 45.014 44.994 44.957 44.944 44.899 44.874 44.859 44.869 44.837 44.799 44.759 44.759 44.702 44.677 44.614 44.594 44.532 44.489 44.394 44.307 44.239 44.169 44.107 44.012 43.972 43.924 43.879 43.849 43.832 43.759 43.682 43.607 43.559 43.467 43.384 43.289 43.219 43.112 43.002 42.917 42.804 42.744 42.679 42.589 42.624 46.169 42.597 42.232 42.049 42.054 42.124 41.797 41.724
51.502 51.299 49.624 47.377 49.434 45.412 45.272 45.209 45.152 45.114 45.092 45.079 45.084 45.067 45.054 45.047 45.014 44.969 44.962 44.922 44.917 44.877 44.839 44.817 44.822 44.812 44.764 44.757 44.717 44.697 44.622 44.612 44.572 44.539 44.467 44.459 44.369 44.269 44.192 44.109 44.037 43.952 43.907 43.889 43.834 43.802 43.747 43.664 43.629 43.557 43.497 43.394 43.312 43.214 43.134 43.027 42.912 42.827 42.747 42.647 42.574 42.497 42.497 44.134 43.904 42.489 43.647 42.992 42.454 41.749 41.712
51.524 51.302 49.912 47.772 48.354 46.687 45.232 45.169 45.099 45.062 45.022 45.007 45.022 45.019 44.989 44.989 44.944 44.927 44.872 44.834 44.819 44.782 44.782 44.739 44.722 44.734 44.697 44.697 44.649 44.602 44.564 44.557 44.529 44.477 44.437 44.394 44.317 44.229 44.142 44.047 43.969 43.904 43.859 43.834 43.777 43.714 43.677 43.614 43.542 43.487 43.407 43.334 43.232 43.147 43.062 42.992 42.864 42.744 42.664 42.552 42.484 42.392 43.332 43.797 42.449 42.102 42.034 41.849 42.264 42.227 41.842
51.539 51.314 47.129 47.639 48.484 46.819 45.192 45.107 45.057 45.027 45.004 44.952 44.969 45.017 44.964 44.924 44.897 44.847 44.832 44.762 44.727 44.734 44.712 44.674 44.667 44.687 44.639 44.612 44.549 44.559 44.499 44.482 44.434 44.389 44.377 44.317 44.234 44.162 44.082 43.977 43.919 43.832 43.792 43.754 43.704 43.654 43.604 43.539 43.462 43.392 43.334 43.257 43.154 43.089 42.992 42.894 42.772 42.652 42.537 42.477 42.402 42.334 43.409 44.282 43.462 42.094 41.894 41.754 41.717 41.822 41.642
51.534 51.329 47.204 47.259 46.947 45.674 45.147 45.097 45.002 44.964 44.962 44.917 44.912 44.909 44.912 44.839 44.817 44.767 44.707 44.672 44.627 44.622 44.617 44.614 44.572 44.564 44.567 44.499 44.447 44.412 44.397 44.369 44.334 44.299 44.269 44.214 44.147 44.064 43.979 43.912 43.817 43.757 43.724 43.697 43.607 43.572 43.514 43.447 43.379 43.324 43.244 43.167 43.079 42.982 42.912 42.784 42.649 42.554 42.469 42.402 42.297 42.217 42.637 45.162 45.524 44.229 41.919 41.694 41.647 41.679 41.552
51.514 51.317 47.107 46.814 46.729 45.374 45.102 45.054 44.927 44.892 44.949 44.852 44.852 44.827 44.807 44.777 44.694 44.637 44.612 44.569 44.532 44.529 44.499 44.474 44.464 44.424 44.424 44.379 44.332 44.314 44.419 44.292 44.222 44.194 44.144 44.114 44.047 43.967 43.887 43.797 43.722 43.667 43.624 43.602 43.544 43.492 43.439 43.352 43.274 43.204 43.172 43.112 42.974 42.887 42.817 42.712 42.567 42.477 42.387 42.304 42.232 42.147 42.514 47.349 47.284 43.889 42.002 41.657 41.592 41.584 41.457
51.519 51.337 49.417 46.782 46.444 45.569 45.037 44.989 44.907 44.869 44.877 44.802 44.767 44.757 44.742 44.684 44.624 44.554 44.512 44.447 44.422 44.399 44.407 44.354 44.349 44.309 44.304 44.264 44.232 44.199 44.174 44.157 44.107 44.069 44.012 44.027 43.912 43.869 43.789 43.714 43.649 43.559 43.517 43.494 43.437 43.404 43.332 43.249 43.184 43.134 43.092 43.009 42.914 42.807 42.719 42.612 42.484 42.394 42.324 42.229 42.167 42.059 43.342 50.577 50.229 45.479 41.664 41.589 41.722 41.494 41.479
51.524 51.342 50.592 47.502 46.622 45.589 44.994 44.964 44.877 44.864 44.824 44.779 44.734 44.684 44.652 44.607 44.564 44.522 44.629 44.374 44.334 44.297 44.277 44.259 44.247 44.212 44.182 44.142 44.119 44.082 44.052 44.052 43.992 43.949 43.912 43.907 43.819 43.757 43.712 43.619 43.539 43.469 43.427 43.404 43.342 43.307 43.252 43.172 43.102 43.049 43.002 42.909 42.797 42.707 42.632 42.537 42.384 42.329 42.252 42.169 42.097 42.004 43.222 50.217 51.437 49.962 41.579 41.497 41.437 41.344 41.282
51.529 51.329 50.642 48.227 50.527 45.432 44.952 44.917 44.832 44.802 44.769 44.734 44.689 44.642 44.637 44.537 44.467 44.404 44.352 44.277 44.252 44.227 44.202 44.152 44.159 44.157 44.079 44.107 44.002 43.997 43.937 43.917 43.869 43.834 43.807 43.789 43.714 43.672 43.582 43.489 43.449 43.379 43.342 43.314 43.262 43.202 43.132 43.064 42.999 42.937 42.894 42.827 42.717 42.664 42.549 42.472 42.367 42.284 42.137 42.089 42.027 41.964 42.904 49.402 51.699 51.794 43.777 41.374 41.359 41.344 41.264
50.072 50.077 48.914 47.604 50.394 45.129 44.897 44.812 44.812 44.764 44.707 44.674 44.639 44.574 44.539 44.482 44.414 44.347 44.277 44.224 44.154 44.134 44.099 44.082 44.049 44.139 44.059 44.157 43.944 43.907 43.849 43.849 43.794 43.739 43.682 43.672 43.629 43.569 43.489 43.407 43.349 43.297 43.252 43.229 43.169 43.132 43.077 42.984 42.909 42.829 42.782 42.742 42.647 42.552 42.462 42.387 42.267 42.179 42.072 42.027 41.977 41.904 42.777 49.699 51.729 51.987 45.014 41.272 41.244 41.272 41.139
47.234 47.172 47.129 46.922 46.847 45.917 44.869 44.797 44.774 44.724 44.677 44.649 44.607 44.589 44.484 44.429 44.339 44.257 44.174 44.092 44.052 44.022 43.989 43.992 43.979 43.944 43.902 43.899 43.864 43.807 43.789 43.784 43.734 43.657 43.597 43.579 43.532 43.449 43.374 43.304 43.282 43.214 43.174 43.159 43.087 43.017 42.952 42.872 42.802 42.747 42.702 42.637 42.534 42.464 42.362 42.282 42.177 42.107 42.029 41.974 41.899 41.837 42.502 49.129 51.862 51.527 43.502 41.199 41.182 41.129 41.069
48.832 48.569 47.347 46.734 45.997 46.232 44.987 44.737 44.704 44.622 44.574 44.514 44.479 44.444 44.399 44.369 44.309 44.214 44.137 44.034 43.984 43.909 43.872 44.314 44.047 43.762 43.737 43.789 43.772 43.724 43.657 43.662 43.617 43.539 43.499 43.484 43.439 43.384 43.282 43.244 43.214 43.134 43.117 43.062 43.047 42.962 42.907 42.807 42.714 42.659 42.609 42.534 42.454 42.372 42.264 42.207 42.107 42.049 41.952 41.889 41.839 41.749 42.239 48.872 51.442 50.667 41.207 41.137 41.207 41.047 40.984
48.639 47.912 47.229 49.054 47.149 45.172 46.507 44.764 44.672 44.607 44.712 44.459 44.309 44.192 44.154 44.114 44.107 44.084 44.009 43.977 43.919 43.889 43.864 44.102 43.792 43.669 43.652 43.697 43.652 43.589 43.532 43.534 43.499 43.479 43.469 43.402 43.364 43.307 43.219 43.162 43.117 43.077 43.037 43.004 42.972 42.884 42.812 42.769 42.639 42.562 42.502 42.437 42.347 42.269 42.167 42.097 42.052 41.967 41.877 41.839 41.777 41.679 41.679 44.227 46.997 43.357 41.177 41.124 41.032 41.002 40.899
48.602 46.772 51.087 51.242 45.609 45.084 44.872 44.799 44.832 45.127 45.417 45.454 45.112 45.079 45.254 44.562 44.342 43.744 43.712 43.749 43.719 43.732 43.699 43.694 43.672 43.687 43.637 43.627 43.594 43.512 43.414 43.357 43.404 43.352 43.332 43.262 43.229 43.164 43.119 43.049 42.992 42.972 42.932 42.917 42.867 42.824 42.739 42.659 42.532 42.489 42.417 42.349 42.289 42.177 42.092 42.022 41.994 41.919 41.844 41.789 41.709 41.602 41.679 43.307 41.482 41.177 41.127 41.082 40.997 40.932 40.834
47.587 46.422 47.204 47.254 45.234 45.032 44.817 44.807 44.782 45.319 44.919 44.209 44.069 44.184 44.194 44.622 44.589 44.892 44.652 44.329 43.894 43.532 43.549 43.402 43.467 43.519 43.524 43.524 43.472 43.377 43.282 43.192 43.229 43.254 43.244 43.167 43.119 43.089 43.032 42.962 42.902 42.882 42.824 42.819 42.779 42.719 42.674 42.569 42.492 42.404 42.344 42.302 42.202 42.102 42.027 41.949 41.912 41.839 41.762 41.739 41.667 41.562 41.534 43.177 41.469 41.097 41.054 40.992 40.902 40.839 40.759
46.189 45.594 45.182 45.064 45.004 44.957 44.809 44.797 44.769 45.214 44.477 44.147 44.019 43.864 43.717 43.594 43.487 43.579 43.694 44.192 44.752 44.854 44.779 44.317 43.724 43.729 43.347 43.222 43.239 43.194 43.169 43.112 43.137 43.187 43.194 43.142 43.104 43.052 42.994 42.919 42.864 42.912 42.794 42.707 42.649 42.592 42.562 42.452 42.379 42.307 42.252 42.177 42.114 42.017 41.929 41.889 41.832 41.767 41.694 41.644 41.607 41.504 41.437 42.544 41.422 41.267 41.004 40.889 40.824 40.742 40.689
