All_lidar/sz6090_DSM_2M.asc
ncols 500
nrows 500
xllcorner    460000
yllcorner    90000
cellsize     2
NODATA_value -9999
[rows 160 to 191 of 500, columns 219 to 291 of 500]
48.463 48.28 48.28 48.195 48.178 48.128 50.273 54.408 54.67 54.988 55.225 55.518 55.835 55.808 55.473 55.23 54.945 54.648 54.415 48.55 47.96 47.913 47.755 47.665 47.633 47.615 47.823 47.693 48.753 55.34 57.92 59.591 58.221 56.281 50.776 47.591 47.511 47.413 47.318 47.228 47.133 47.071 46.953 46.888 46.806 46.721 46.631 46.528 46.421 46.318 46.163 46.076 46.016 45.843 45.621 45.493 45.336 45.206 45.206 45.171 47.483 50.198 51.691 50.686 44.956 44.723 45.148 44.913 44.223 44.093 43.981 43.918 43.836
48.465 48.315 48.27 48.218 48.143 48.105 50.095 54.435 54.713 54.995 55.268 55.55 55.85 55.813 55.53 55.245 54.968 54.683 54.425 49.425 47.94 47.895 47.748 47.66 47.623 48.198 47.885 47.695 48.6 55.31 57.923 59.541 58.273 56.303 50.448 47.593 47.496 47.388 47.308 47.206 47.156 47.048 46.966 46.866 46.831 46.726 46.596 46.506 46.403 46.316 46.168 46.046 45.963 45.911 45.996 45.666 45.328 45.181 45.116 45.006 45.143 44.981 45.808 46.061 44.768 44.648 44.603 44.386 44.171 44.028 43.911 43.861 43.736
48.33 48.328 48.303 48.245 48.183 48.108 49.935 54.445 54.723 54.995 55.273 55.555 55.845 55.825 55.533 55.243 54.97 54.69 54.403 48.993 47.933 47.85 47.73 47.653 47.648 47.88 47.908 47.708 48.503 55.275 57.845 59.576 58.251 56.348 50.873 47.591 47.491 47.398 47.321 47.246 47.131 47.046 46.961 46.866 46.821 46.716 46.613 46.501 46.363 46.288 46.156 46.073 45.966 45.856 45.886 45.916 45.488 45.203 45.066 44.961 44.903 44.848 44.826 44.788 44.716 44.573 44.498 44.351 44.153 44.003 43.891 43.831 43.736
48.363 48.285 48.3 48.218 48.158 48.123 49.76 54.45 54.723 55.005 55.293 55.553 55.858 55.813 55.523 55.243 54.953 54.663 54.415 48.535 47.933 47.873 47.76 47.663 47.615 47.68 47.883 47.723 48.36 55.163 57.885 59.516 58.243 56.343 51.101 47.563 47.483 47.408 47.348 47.248 47.168 47.078 46.966 46.881 46.761 46.681 46.601 46.478 46.356 46.276 46.138 46.026 45.911 45.831 45.731 45.628 45.503 45.666 45.373 44.981 44.856 44.733 44.728 45.028 44.701 44.438 44.306 44.183 44.088 43.973 43.898 44.803 44.226
48.623 48.328 48.273 48.24 48.16 48.095 49.603 54.445 54.718 54.985 55.27 55.56 55.87 55.805 55.518 55.24 54.955 54.67 54.41 48.795 47.925 47.875 47.778 47.638 47.618 47.623 47.893 47.698 48.94 55.36 57.86 59.543 58.248 56.388 51.046 47.563 47.466 47.371 47.298 47.248 47.128 47.038 46.953 46.861 46.791 46.656 46.568 46.443 46.368 46.228 46.081 46.018 45.888 45.821 45.713 45.586 45.483 45.438 45.413 45.196 44.803 44.728 44.646 44.531 44.478 44.328 44.251 44.138 44.036 43.948 43.843 43.726 43.858
48.425 48.333 48.285 48.228 48.18 48.12 49.473 54.353 54.035 55.028 55.305 55.573 55.873 55.803 55.51 55.22 53.638 54.67 54.388 48.043 47.935 47.873 47.798 47.675 47.66 47.635 47.96 47.673 50.243 55.885 57.815 59.593 58.351 56.361 49.896 47.551 47.436 47.376 47.336 47.208 47.143 47.021 46.923 46.836 46.771 46.648 46.568 46.446 46.371 46.238 46.116 46.018 45.901 45.773 45.663 45.536 45.423 45.386 45.393 45.276 44.981 44.711 44.578 44.486 44.398 44.276 44.196 44.076 44.006 43.938 43.873 43.763 44.046
48.378 48.355 48.32 48.27 48.213 48.15 48.113 48.98 49.448 49.958 49.235 49.253 50.623 50.198 51.87 50.143 49.568 50.38 50.793 48.045 47.95 47.843 47.795 47.65 47.663 47.633 47.933 47.653 49.343 55.468 57.858 59.568 58.291 56.266 49.108 47.546 47.443 47.351 47.283 47.231 47.096 47.026 46.941 46.861 46.753 46.668 46.541 46.436 46.341 46.168 46.098 46.003 45.861 45.748 45.688 45.541 45.453 45.438 45.411 45.201 44.996 45.023 44.668 44.461 44.376 44.228 44.128 44.083 43.976 43.926 43.881 43.798 44.743
48.765 48.39 48.305 48.318 48.235 48.205 48.185 48.21 48.183 48.108 48.14 48.088 48.058 48.04 48.013 48.803 48.763 49.03 48.695 47.93 47.92 47.845 47.805 47.65 47.648 47.628 47.805 47.638 49.558 55.9 57.91 59.601 58.333 56.373 50.173 47.541 47.456 47.366 47.296 47.201 47.128 47.036 46.933 46.833 46.746 46.653 46.581 46.431 46.306 46.248 46.088 45.953 45.851 45.726 45.623 45.533 45.396 45.326 45.308 45.126 45.226 44.828 44.701 44.576 44.366 44.263 44.143 44.028 43.968 43.908 43.848 43.811 45.896
48.448 48.385 48.335 48.328 48.3 48.308 48.263 48.303 48.25 48.195 48.148 48.085 48.053 48.03 47.988 48.745 48.92 49.015 48.563 47.848 47.833 47.833 47.728 47.645 47.625 47.655 47.728 47.633 49.358 55.263 57.845 59.578 58.363 55.913 50.211 47.566 47.471 47.358 47.271 47.191 47.113 47.011 46.891 46.828 46.713 46.636 46.513 46.401 46.296 46.181 46.061 45.976 45.831 45.728 45.621 45.491 45.346 45.266 45.131 45.156 45.063 44.851 44.701 44.546 44.418 44.321 44.088 44.006 43.906 43.813 43.851 43.756 48.056
48.403 48.38 48.42 48.35 48.368 48.325 48.343 48.33 48.248 48.233 48.17 48.15 48.075 48.053 48.003 48.078 48 48.083 47.878 47.838 47.853 47.773 47.723 47.665 47.648 47.625 47.665 47.695 48.228 50.215 52.045 49.861 49.676 50.393 48.921 47.521 47.423 47.331 47.261 47.176 47.081 47.033 46.893 46.813 46.706 46.593 46.501 46.371 46.296 46.181 46.046 45.913 45.813 45.668 45.583 45.486 45.338 45.243 45.168 45.208 45.076 44.878 44.618 44.501 44.356 44.256 44.126 43.996 43.861 43.788 43.873 43.651 44.118
48.43 48.413 48.37 48.348 48.348 48.363 48.345 48.295 48.245 48.2 48.18 48.125 48.115 48.075 48.04 47.995 47.983 47.933 47.863 47.863 47.813 47.785 47.725 47.663 47.65 47.62 47.678 47.68 47.69 47.675 47.683 47.681 47.648 47.598 47.563 47.518 47.413 47.351 47.241 47.223 47.103 47.031 46.931 46.801 46.703 46.591 46.503 46.371 46.263 46.186 46.068 45.963 45.828 45.711 45.581 45.443 45.356 45.301 45.286 45.253 45.191 44.903 44.788 44.458 44.363 44.233 44.188 44.081 43.858 43.711 44.076 44.431 43.638
48.435 48.413 48.353 48.38 48.325 48.343 48.3 48.278 48.22 48.213 48.195 48.108 48.08 48.075 48.045 48.02 47.988 47.91 47.888 47.87 47.823 47.78 47.72 47.693 47.63 47.628 47.658 47.665 47.715 47.653 47.645 47.653 47.606 47.573 47.548 47.461 47.396 47.323 47.266 47.186 47.126 47.031 46.953 46.798 46.736 46.621 46.498 46.361 46.266 46.208 46.063 45.951 45.838 45.731 45.586 45.511 45.418 45.578 45.671 45.988 45.641 45.241 44.801 44.478 44.326 44.243 44.133 44.013 43.896 43.796 43.578 43.686 43.466
48.465 48.443 48.35 48.285 48.253 48.26 48.2 48.178 48.163 48.155 48.12 48.113 48.063 48.048 48.02 47.998 47.965 47.97 47.878 47.903 47.9 47.87 47.775 47.663 47.63 47.615 47.743 47.873 47.778 47.68 47.84 47.686 47.551 47.546 47.563 47.501 47.358 47.321 47.323 47.218 47.226 47.081 47.183 46.893 46.846 47.038 46.801 46.731 46.718 46.686 46.423 46.461 46.293 46.401 46.421 46.578 46.126 46.301 46.368 46.281 46.313 46.168 45.356 44.936 44.278 44.216 44.123 43.998 43.896 43.771 43.653 43.476 43.428
48.543 48.503 48.433 48.4 48.44 48.388 48.39 48.318 48.333 48.303 48.34 48.345 48.34 48.333 48.26 48.23 48.22 48.21 48.188 48.165 48.125 47.963 47.78 47.685 47.645 47.628 47.788 47.738 47.64 47.7 47.658 47.666 47.463 47.953 47.671 47.371 47.266 47.438 47.336 47.626 47.546 47.591 47.331 47.281 47.221 46.963 46.948 46.968 47.046 47.026 46.911 46.761 46.571 46.383 46.333 46.251 46.163 46.108 46.111 46.071 45.998 45.883 45.698 45.016 44.291 44.128 44.041 43.963 43.856 43.743 43.626 43.598 43.338
48.38 48.363 48.338 48.325 48.323 48.298 48.28 48.238 48.235 48.22 48.215 48.21 48.195 48.173 48.158 48.148 48.125 48.1 48.095 48.165 48.143 48.013 47.815 47.705 47.66 47.655 47.663 47.628 47.575 47.533 47.513 47.461 47.438 49.563 47.833 47.341 47.288 47.276 47.253 47.231 47.183 47.141 47.133 47.101 47.071 47.061 47.051 47.021 47.008 46.961 46.946 46.898 46.866 46.808 46.653 46.436 46.241 46.061 45.976 45.926 45.908 45.853 45.688 45.151 44.831 44.363 44.056 43.958 43.838 43.738 43.628 43.573 43.193
48.33 48.3 48.31 48.283 48.298 48.273 48.25 48.225 48.195 48.213 48.2 48.21 48.168 48.19 48.155 48.128 48.113 48.13 48.118 48.163 48.143 48.04 47.85 47.735 47.688 47.678 47.673 47.638 47.6 47.563 47.513 47.486 48.181 50.056 47.926 47.373 47.358 47.323 47.281 47.258 47.198 47.198 47.171 47.143 47.131 47.071 47.083 47.041 47.001 47.013 46.978 46.938 46.908 46.878 46.798 46.726 46.638 46.483 46.256 45.938 45.843 45.798 45.668 45.518 45.293 44.871 44.768 44.321 43.803 43.718 43.653 43.733 43.098
48.348 48.318 48.295 48.288 48.27 48.253 48.255 48.225 48.218 48.228 48.223 48.178 48.168 48.185 48.153 48.135 48.125 48.115 48.103 48.158 48.148 48.058 47.85 47.765 47.72 47.703 47.708 47.663 47.608 47.588 47.568 47.538 48.198 50.171 48.076 47.416 47.391 47.351 47.341 47.293 47.253 47.228 47.201 47.186 47.136 47.131 47.086 47.056 47.041 47.033 47.011 46.951 46.926 46.913 46.863 46.796 46.703 46.681 46.618 46.348 45.918 45.771 45.658 45.553 45.471 45.336 45.063 44.826 44.501 44.026 43.618 43.353 43.038
48.315 48.298 48.308 48.298 48.278 48.268 48.253 48.243 48.218 48.23 48.223 48.215 48.155 48.16 48.15 48.155 48.148 48.168 48.123 48.175 48.16 48.07 47.863 47.78 47.755 47.743 47.73 47.69 47.668 47.618 47.6 47.573 48.283 50.131 48.153 47.461 47.441 47.413 47.363 47.338 47.313 47.281 47.251 47.193 47.201 47.141 47.118 47.106 47.063 47.053 47.031 46.953 46.963 46.941 46.893 46.851 46.773 46.713 46.686 46.521 46.386 45.983 45.638 45.551 45.478 45.421 45.343 45.116 44.796 44.363 43.708 43.223 42.986
48.345 48.33 48.325 48.298 48.293 48.283 48.238 48.235 48.235 48.248 48.22 48.19 48.158 48.188 48.158 48.163 48.135 48.128 48.143 48.183 48.185 48.103 47.865 47.833 47.783 47.768 47.763 47.71 47.69 47.673 47.623 47.638 48.611 50.076 48.228 47.516 47.468 47.451 47.416 47.371 47.343 47.326 47.288 47.261 47.231 47.208 47.191 47.131 47.106 47.078 47.048 47.006 46.973 46.951 46.906 46.863 46.791 46.728 46.671 46.598 46.493 46.406 45.901 45.598 45.471 45.458 45.388 45.253 45.208 44.701 44.003 43.181 42.993
48.345 48.323 48.328 48.298 48.288 48.268 48.245 48.243 48.24 48.25 48.22 48.213 48.188 48.188 48.165 48.17 48.165 48.143 48.148 48.18 48.203 48.118 47.91 47.843 47.823 47.815 47.8 47.768 47.733 47.703 47.673 47.783 49.376 50.138 48.328 47.571 47.546 47.493 47.468 47.438 47.386 47.358 47.336 47.303 47.278 47.216 47.203 47.201 47.138 47.113 47.086 47.041 47.018 46.983 46.911 46.858 46.813 46.756 46.686 46.586 46.486 46.433 46.321 45.726 45.521 45.441 45.383 45.298 45.216 45.013 44.008 43.128 42.963
48.35 48.315 48.355 48.333 48.295 48.283 48.268 48.248 48.225 48.243 48.23 48.25 48.198 48.19 48.18 48.175 48.17 48.165 48.153 48.163 48.173 48.1 47.935 47.855 47.85 47.86 47.82 47.808 47.763 47.755 47.715 47.691 47.768 49.491 48.273 47.646 47.598 47.553 47.518 47.491 47.451 47.416 47.363 47.333 47.316 47.273 47.251 47.198 47.158 47.138 47.113 47.091 47.058 46.998 46.901 46.848 46.811 46.771 46.683 46.598 46.516 46.438 46.353 46.151 45.636 45.471 45.388 45.303 45.196 45.128 44.761 43.653 43.598
48.358 48.345 48.345 48.338 48.3 48.285 48.275 48.27 48.235 48.243 48.233 48.233 48.19 48.2 48.168 48.168 48.18 48.173 48.15 48.178 48.153 48.028 47.943 47.885 47.863 47.915 47.858 47.845 47.818 47.785 47.775 47.738 47.703 48.616 48.128 47.726 47.641 47.633 47.573 47.541 47.518 47.468 47.408 47.403 47.351 47.326 47.301 47.223 47.208 47.163 47.136 47.123 47.138 47.071 46.976 46.891 46.861 46.786 46.723 46.608 46.481 46.383 46.343 46.283 46.096 45.696 45.438 45.313 45.211 45.166 44.923 44.448 43.408
48.348 48.358 48.348 48.33 48.313 48.283 48.285 48.275 48.26 48.253 48.263 48.258 48.223 48.185 48.215 48.2 48.173 48.163 48.188 48.17 48.075 48.003 47.953 47.908 47.88 47.888 47.888 47.89 47.888 47.873 47.843 47.826 47.791 48.233 48.028 47.793 47.746 47.671 47.611 47.603 47.556 47.516 47.463 47.456 47.396 47.363 47.293 47.291 47.231 47.196 47.146 47.121 47.178 47.101 47.046 46.956 46.891 46.818 46.706 46.586 46.501 46.418 46.363 46.298 46.213 46.113 45.913 45.451 45.193 45.166 45.043 44.553 43.681
48.355 48.358 48.373 48.338 48.315 48.303 48.278 48.29 48.295 48.29 48.29 48.273 48.273 48.245 48.223 48.183 48.223 48.243 48.21 48.153 48.048 48.028 47.97 47.93 47.915 47.925 47.95 47.965 47.948 47.935 47.923 47.921 47.911 47.866 47.923 47.851 47.818 47.746 47.706 47.641 47.631 47.616 47.536 47.506 47.483 47.386 47.343 47.346 47.276 47.261 47.198 47.143 47.211 47.171 47.076 46.983 46.906 46.823 46.723 46.663 46.573 46.493 46.423 46.366 46.288 46.206 46.181 45.946 45.373 45.193 45.046 44.778 44.018
48.325 48.34 48.348 48.318 48.308 48.27 48.278 48.22 48.243 48.253 48.24 48.258 48.223 48.185 48.178 48.19 48.173 48.2 48.153 48.113 48.075 48.063 48.008 47.96 47.943 47.973 47.99 48.03 48.005 48.01 48.023 48.058 48.056 47.978 47.938 47.921 47.808 47.823 47.771 47.666 47.656 47.661 47.608 47.543 47.553 47.493 47.436 47.323 47.303 47.216 47.178 47.183 47.198 47.183 47.098 47.028 46.966 46.886 46.758 46.681 46.596 46.516 46.478 46.391 46.326 46.248 46.208 46.186 45.601 45.253 44.941 44.671 44.151
48.295 48.305 48.288 48.263 48.25 48.225 48.205 48.225 48.195 48.223 48.208 48.185 48.193 48.178 48.155 48.138 48.158 48.16 48.13 48.11 48.075 48.06 48.018 47.985 47.965 47.965 47.988 48.03 48.015 48.078 48.04 48.058 48.083 48.001 48.028 47.948 47.898 47.856 47.803 47.723 47.746 47.693 47.641 47.603 47.561 47.511 47.508 47.411 47.336 47.286 47.246 47.256 47.238 47.198 47.113 47.021 46.966 46.943 46.786 46.671 46.621 46.558 46.478 46.411 46.363 46.286 46.281 46.258 45.748 45.133 44.928 44.783 44.641
48.213 48.248 48.25 48.27 48.243 48.225 48.213 48.185 48.185 48.205 48.208 48.18 48.183 48.148 48.138 48.108 48.15 48.1 48.095 48.1 48.085 48.095 48.078 48.06 48.01 48.038 48.05 48.04 48.073 48.073 48.08 48.033 48.071 48.041 47.991 47.971 47.903 47.906 47.888 47.816 47.793 47.688 47.668 47.656 47.586 47.516 47.491 47.408 47.396 47.378 47.316 47.218 47.231 47.201 47.143 47.101 47.008 46.926 46.798 46.711 46.623 46.578 46.468 46.396 46.391 46.341 46.371 46.273 45.436 44.976 44.768 44.913 46.156
48.273 48.29 48.25 48.24 48.24 48.27 48.305 48.29 48.303 48.29 48.325 48.32 48.303 48.295 48.285 48.298 48.248 48.23 48.443 48.253 48.36 48.158 48.155 48.135 48.103 48.093 48.113 48.1 48.133 48.143 48.12 48.121 48.086 48.078 48.056 48.033 47.993 47.956 47.976 47.918 47.921 47.903 47.861 47.801 47.751 47.686 47.521 47.486 47.433 47.446 47.466 47.328 47.206 47.158 47.111 47.051 46.998 46.986 46.836 46.743 46.688 46.613 46.533 46.451 46.436 46.386 46.386 45.963 45.108 44.881 44.948 44.603 44.126
48.323 48.35 48.408 48.315 48.315 48.713 48.47 48.428 48.408 48.393 48.425 48.425 48.408 48.403 48.403 48.388 48.365 48.313 48.423 48.548 48.495 48.275 48.288 48.308 48.263 48.243 48.268 48.24 48.218 48.248 48.21 48.206 48.201 48.168 48.153 48.163 48.106 48.126 48.098 48.083 48.091 48.081 48.053 47.958 47.873 47.766 47.643 47.606 47.521 47.501 47.483 47.451 47.303 47.156 47.101 47.068 46.986 46.928 46.871 46.758 46.706 46.583 46.498 46.491 46.498 46.423 46.351 45.583 44.953 44.843 45.041 44.401 43.753
48.38 48.415 48.443 48.433 48.41 48.788 48.67 48.375 48.765 48.433 48.375 48.365 48.898 48.833 49.043 49.645 48.318 48.33 48.453 48.895 49.808 48.568 48.905 49.758 48.893 48.43 48.483 48.55 49.068 49.178 49.03 49.606 49.191 49.591 49.596 49.533 48.723 49.148 49.541 49.333 49.121 48.448 48.268 48.113 47.991 47.818 47.671 48.541 48.246 47.528 47.473 47.478 47.358 47.261 47.186 47.108 47.066 46.946 46.866 46.796 46.753 46.666 46.541 46.511 46.516 46.471 46.233 45.411 44.941 44.688 44.763 43.943 43.143
51.213 52.73 53.303 53.168 52.008 53.078 52.793 52.278 53.398 52.035 51.983 52.433 54.12 53.755 54.215 52.193 52.603 54.955 54.6 55.24 54.335 52.96 53.738 54.098 51.553 51.84 52.435 52.36 52.213 52.453 52.115 52.318 52.468 52.258 52.466 52.478 52.471 52.466 52.486 52.466 52.493 49.883 48.398 48.221 48.073 47.873 47.691 48.166 48.438 47.543 47.508 47.496 47.436 47.336 47.226 47.161 47.076 46.993 46.921 46.856 46.781 46.683 46.616 46.566 46.511 46.408 45.913 45.263 44.826 44.578 45.113 43.893 43.171
54.16 54.88 55.493 55.505 55.5 55.5 55.493 55.438 55.5 55.52 55.515 55.513 55.528 55.56 55.383 55.56 55.543 55.558 55.58 55.578 55.57 55.573 55.49 54.38 52.678 52.695 52.708 52.688 52.693 52.703 52.7 52.708 52.713 52.723 52.738 52.733 52.741 52.748 52.726 52.741 52.768 49.833 48.338 48.646 48.143 47.921 47.721 47.623 47.548 47.588 47.556 47.541 47.458 47.431 47.336 47.238 47.136 47.048 46.988 46.896 46.833 46.753 46.678 46.598 46.503 46.073 45.466 45.011 44.748 44.296 43.956 43.313 42.618
