All_lidar/sz6093_DSM_2M.asc
ncols 500
nrows 500
xllcorner    460000
yllcorner    93000
cellsize     2
NODATA_value -9999
[rows 384 to 415 of 500, columns 216 to 287 of 500]
-0.653 -0.669 -0.668 -0.622 -0.671 -0.66 -0.69 -0.633 -0.646 -0.737 -0.787 -0.68 -0.667 -0.677 -0.658 -0.698 -0.692 -0.686 -0.674 -0.685 -0.668 -0.698 -0.676 -0.699 -0.668 -0.674 -0.686 -0.715 -0.718 -0.773 -0.846 -0.817 -0.856 -0.924 -0.976 -0.977 -1.049 -0.98 -0.919 -0.888 -0.929 -0.884 -0.848 -0.841 -0.84 -0.894 -0.86 -0.856 -0.836 -0.855 -0.873 -0.906 -0.898 -0.936 -0.877 -0.89 -0.951 -0.997 -0.922 -0.91 -0.892 -0.934 -0.896 -0.914 -0.861 -0.83 -0.805 -0.825 -0.834 -0.84 -0.793 -0.803
-0.644 -0.663 -0.661 -0.666 -0.656 -0.672 -0.681 -0.663 -0.669 -0.677 -0.691 -0.65 -0.646 -0.654 -0.673 -0.658 -0.677 -0.665 -0.664 -0.669 -0.655 -0.697 -0.674 -0.702 -0.712 -0.695 -0.681 -0.754 -0.725 -0.729 -0.767 -0.844 -0.881 -0.996 -1.047 -0.999 -0.989 -0.942 -0.982 -0.938 -0.964 -0.901 -0.896 -0.819 -0.846 -0.868 -0.855 -0.849 -0.831 -0.823 -0.92 -0.916 -0.968 -0.947 -0.869 -0.92 -1.002 -0.962 -0.915 -0.904 -0.891 -0.865 -0.875 -0.836 -0.837 -0.846 -0.806 -0.807 -0.893 -0.811 -0.798 -0.799
-0.609 -0.645 -0.675 -0.681 -0.656 -0.641 -0.654 -0.675 -0.651 -0.665 -0.607 -0.651 -0.708 -0.689 -0.698 -0.641 -0.671 -0.645 -0.647 -0.657 -0.655 -0.693 -0.666 -0.686 -0.751 -0.71 -0.756 -0.782 -0.754 -0.769 -0.766 -0.847 -0.901 -0.963 -0.929 -1.063 -1.061 -0.982 -0.978 -0.993 -0.955 -0.994 -0.904 -0.919 -0.919 -0.882 -0.891 -0.834 -0.852 -0.872 -0.915 -0.947 -0.927 -0.916 -0.872 -0.912 -1.019 -0.945 -0.869 -0.898 -0.859 -0.827 -0.86 -0.888 -0.839 -0.823 -0.82 -0.869 -0.933 -0.814 -0.782 -0.799
-0.58 -0.598 -0.614 -0.63 -0.626 -0.607 -0.632 -0.636 -0.647 -0.675 -0.64 -0.673 -0.621 -0.671 -0.614 -0.618 -0.633 -0.658 -0.631 -0.635 -0.66 -0.678 -0.693 -0.737 -0.735 -0.759 -0.708 -0.763 -0.799 -0.853 -0.832 -0.813 -0.886 -0.935 -0.993 -1.053 -1.174 -1.112 -0.991 -1.031 -0.947 -0.959 -0.93 -0.947 -0.93 -0.915 -0.866 -0.888 -0.914 -0.889 -0.941 -1.049 -0.936 -0.908 -0.896 -0.903 -0.93 -0.919 -0.919 -0.926 -0.907 -0.86 -0.851 -0.843 -0.816 -0.822 -0.833 -0.867 -0.863 -0.825 -0.773 -0.762
-0.584 -0.562 -0.665 -0.632 -0.639 -0.612 -0.615 -0.576 -0.589 -0.61 -0.623 -0.628 -0.59 -0.558 -0.579 -0.651 -0.636 -0.621 -0.706 -0.68 -0.67 -0.672 -0.669 -0.726 -0.747 -0.743 -0.749 -0.79 -0.843 -0.886 -0.89 -0.904 -0.946 -0.976 -1.034 -1.042 -1.118 -1.054 -1.01 -1.024 -0.981 -0.989 -0.897 -0.98 -0.905 -0.956 -0.894 -0.895 -1.034 -0.998 -1.005 -0.986 -1.023 -0.891 -0.828 -0.942 -0.931 -0.943 -0.879 -0.884 -0.885 -0.863 -0.899 -0.877 -0.864 -0.819 -0.821 -0.841 -0.806 -0.821 -0.751 -0.744
-0.573 -0.599 -0.6 -0.614 -0.632 -0.622 -0.588 -0.577 -0.592 -0.599 -0.612 -0.626 -0.57 -0.567 -0.601 -0.565 -0.655 -0.606 -0.69 -0.666 -0.673 -0.668 -0.712 -0.731 -0.747 -0.797 -0.801 -0.824 -0.905 -0.887 -0.927 -0.958 -1.002 -1.167 -1.099 -1.106 -0.991 -1.047 -0.973 -1.021 -0.999 -0.963 -0.871 -0.917 -0.982 -0.952 -0.865 -0.894 -1.013 -1.089 -1.018 -0.986 -0.994 -0.889 -0.896 -0.936 -0.887 -0.927 -0.888 -0.876 -0.853 -0.862 -0.86 -0.891 -0.864 -0.788 -0.793 -0.82 -0.789 -0.767 -0.738 -0.731
-0.612 -0.567 -0.594 -0.598 -0.638 -0.66 -0.617 -0.627 -0.557 -0.574 -0.612 -0.625 -0.618 -0.65 -0.632 -0.63 -0.629 -0.617 -0.64 -0.644 -0.646 -0.641 -0.684 -0.718 -0.773 -0.838 -0.894 -0.859 -0.898 -0.926 -0.922 -1.042 -1.105 -1.217 -1.127 -0.989 -1.032 -1.005 -1.1 -0.998 -0.999 -0.942 -0.904 -0.933 -1.093 -0.969 -0.884 -0.932 -0.956 -0.993 -0.976 -0.972 -0.93 -0.886 -0.934 -0.897 -0.906 -0.901 -0.859 -0.841 -0.859 -0.881 -0.858 -0.844 -0.827 -0.783 -0.813 -0.769 -0.749 -0.711 -0.718 -0.735
-0.586 -0.545 -0.58 -0.581 -0.607 -0.645 -0.616 -0.611 -0.575 -0.545 -0.629 -0.588 -0.649 -0.666 -0.568 -0.587 -0.631 -0.603 -0.607 -0.636 -0.624 -0.651 -0.662 -0.748 -0.765 -0.825 -0.862 -0.893 -0.903 -0.915 -0.992 -0.967 -1.074 -1.143 -1.064 -1.015 -1.022 -0.998 -1.038 -0.989 -0.993 -0.95 -0.903 -0.986 -1.152 -0.968 -0.928 -0.907 -0.982 -0.935 -0.908 -0.888 -0.85 -0.989 -0.974 -0.892 -0.882 -0.895 -0.906 -0.861 -0.849 -0.873 -0.775 -0.811 -0.789 -0.752 -0.782 -0.778 -0.77 -0.698 -0.744 -0.778
-0.551 -0.549 -0.555 -0.562 -0.55 -0.603 -0.593 -0.547 -0.564 -0.551 -0.553 -0.532 -0.608 -0.584 -0.604 -0.638 -0.648 -0.582 -0.652 -0.668 -0.658 -0.692 -0.752 -0.753 -0.78 -0.791 -0.812 -0.856 -0.878 -0.97 -0.994 -0.99 -1.019 -1.063 -0.955 -0.982 -0.985 -0.956 -0.974 -0.95 -0.944 -0.927 -0.92 -0.997 -0.962 -0.963 -0.992 -0.952 -0.939 -0.902 -0.923 -0.911 -0.906 -0.914 -1.012 -0.862 -0.898 -0.861 -0.835 -0.815 -0.868 -0.844 -0.809 -0.798 -0.782 -0.733 -0.743 -0.736 -0.745 -0.744 -0.75 -0.829
-0.475 -0.509 -0.514 -0.558 -0.592 -0.605 -0.616 -0.558 -0.583 -0.592 -0.55 -0.57 -0.577 -0.575 -0.623 -0.607 -0.639 -0.618 -0.636 -0.631 -0.638 -0.687 -0.745 -0.684 -0.725 -0.759 -0.791 -0.883 -0.987 -1.048 -1.026 -0.96 -1.007 -1.096 -0.979 -0.947 -0.997 -0.988 -0.928 -0.945 -0.967 -0.908 -0.927 -1.016 -1.025 -0.969 -0.928 -0.946 -0.985 -0.927 -0.914 -0.933 -0.929 -0.961 -0.893 -0.858 -0.845 -0.834 -0.882 -0.826 -0.774 -0.794 -0.768 -0.8 -0.74 -0.726 -0.704 -0.753 -0.734 -0.747 -0.708 -0.793
-0.56 -0.545 -0.524 -0.546 -0.61 -0.588 -0.557 -0.589 -0.607 -0.562 -0.59 -0.574 -0.603 -0.595 -0.62 -0.62 -0.641 -0.661 -0.565 -0.627 -0.651 -0.666 -0.727 -0.684 -0.705 -0.75 -0.843 -0.862 -0.96 -1.04 -0.971 -0.913 -0.928 -1.042 -0.941 -0.918 -0.919 -0.942 -0.936 -0.889 -0.873 -0.863 -0.905 -0.94 -0.946 -0.914 -0.916 -0.952 -1.019 -0.982 -0.963 -0.955 -0.909 -0.888 -0.836 -0.845 -0.844 -0.853 -0.886 -0.832 -0.819 -0.782 -0.772 -0.755 -0.726 -0.694 -0.692 -0.718 -0.717 -0.669 -0.671 -0.732
-0.537 -0.525 -0.505 -0.555 -0.566 -0.559 -0.559 -0.571 -0.655 -0.604 -0.59 -0.612 -0.647 -0.617 -0.646 -0.637 -0.642 -0.686 -0.591 -0.563 -0.613 -0.68 -0.69 -0.677 -0.689 -0.764 -0.796 -0.833 -0.852 -0.943 -0.95 -0.929 -0.995 -0.891 -0.93 -0.986 -0.91 -0.872 -0.858 -0.847 -0.881 -0.91 -0.879 -0.865 -0.904 -1.055 -0.998 -0.893 -0.962 -0.944 -0.951 -0.923 -0.868 -0.849 -0.895 -0.869 -0.899 -0.85 -0.81 -0.804 -0.793 -0.781 -0.745 -0.741 -0.738 -0.709 -0.708 -0.699 -0.711 -0.677 -0.673 -0.775
-0.56 -0.569 -0.543 -0.558 -0.592 -0.614 -0.537 -0.603 -0.622 -0.633 -0.599 -0.619 -0.591 -0.54 -0.596 -0.606 -0.615 -0.64 -0.609 -0.571 -0.644 -0.668 -0.647 -0.662 -0.71 -0.736 -0.764 -0.82 -0.807 -0.858 -0.965 -0.883 -0.922 -0.864 -0.852 -1.012 -0.873 -0.844 -0.844 -0.881 -0.935 -0.867 -0.855 -0.878 -0.913 -1.01 -0.962 -0.9 -0.923 -0.888 -0.872 -0.861 -0.82 -0.87 -0.964 -0.919 -0.865 -0.823 -0.805 -0.8 -0.797 -0.763 -0.728 -0.691 -0.725 -0.701 -0.699 -0.716 -0.713 -0.655 -0.682 -0.755
-0.603 -0.541 -0.553 -0.521 -0.596 -0.54 -0.533 -0.554 -0.567 -0.616 -0.6 -0.598 -0.62 -0.578 -0.603 -0.604 -0.528 -0.605 -0.588 -0.555 -0.59 -0.607 -0.627 -0.646 -0.734 -0.762 -0.794 -0.813 -0.885 -0.855 -0.889 -0.933 -0.879 -0.842 -0.809 -0.866 -0.813 -0.84 -0.825 -0.864 -0.907 -0.812 -0.858 -0.888 -0.857 -1.047 -0.954 -0.927 -0.919 -0.887 -0.896 -0.84 -0.852 -0.933 -0.922 -0.926 -0.85 -0.757 -0.764 -0.796 -0.736 -0.756 -0.738 -0.7 -0.694 -0.688 -0.703 -0.717 -0.69 -0.993 -9999 -9999
-0.624 -0.526 -0.507 -0.514 -0.52 -0.581 -0.548 -0.512 -0.585 -0.592 -0.631 -0.584 -0.634 -0.569 -0.574 -0.595 -0.583 -0.592 -0.574 -0.566 -0.554 -0.628 -0.627 -0.664 -0.68 -0.763 -0.823 -0.817 -0.875 -0.846 -0.864 -0.903 -0.867 -0.85 -0.783 -0.811 -0.829 -0.796 -0.784 -0.833 -0.813 -0.834 -0.831 -0.811 -0.884 -0.892 -0.941 -0.92 -0.911 -0.888 -0.903 -0.912 -0.889 -0.883 -0.9 -0.864 -0.823 -0.8 -0.747 -0.753 -0.76 -0.738 -0.705 -0.719 -0.694 -0.749 -0.741 -0.706 -0.951 1.33 1.329 -9999
-0.532 -0.558 -0.531 -0.545 -0.53 -0.602 -0.573 -0.546 -0.606 -0.627 -0.662 -0.679 -0.651 -0.571 -0.593 -0.631 -0.565 -0.542 -0.609 -0.617 -0.642 -0.637 -0.647 -0.669 -0.695 -0.769 -0.783 -0.838 -0.821 -0.832 -0.807 -0.87 -0.814 -0.791 -0.808 -0.793 -0.797 -0.809 -0.797 -0.811 -0.794 -0.805 -0.834 -0.857 -0.851 -0.901 -0.897 -0.856 -0.923 -0.913 -0.876 -0.939 -0.923 -0.88 -0.873 -0.827 -0.758 -0.767 -0.748 -0.734 -0.751 -0.736 -0.709 -0.727 -0.72 -0.743 -0.739 -0.684 1.176 1.33 1.33 1.192
-0.589 -0.58 -0.537 -0.523 -0.526 -0.528 -0.577 -0.572 -0.585 -0.65 -0.614 -0.634 -0.593 -0.611 -0.623 -0.561 -0.532 -0.556 -0.648 -0.579 -0.622 -0.618 -0.69 -0.67 -0.718 -0.815 -0.804 -0.838 -0.872 -0.865 -0.795 -0.807 -0.812 -0.805 -0.755 -0.739 -0.751 -0.754 -0.76 -0.78 -0.779 -0.789 -0.909 -0.881 -0.827 -0.856 -0.876 -0.848 -0.925 -0.898 -0.871 -0.959 -0.981 -0.926 -0.867 -0.78 -0.784 -0.732 -0.749 -0.738 -0.725 -0.726 -0.743 -0.743 -0.711 -0.709 -0.758 1.18 1.338 1.332 1.33 1.19
-0.585 -0.577 -0.55 -0.517 -0.559 -0.527 -0.589 -0.619 -0.662 -0.645 -0.602 -0.632 -0.578 -0.606 -0.609 -0.596 -0.541 -0.546 -0.58 -0.572 -0.611 -0.625 -0.679 -0.687 -0.721 -0.743 -0.773 -0.79 -0.785 -0.78 -0.763 -0.745 -0.794 -0.776 -0.703 -0.709 -0.689 -0.691 -0.739 -0.764 -0.75 -0.77 -0.854 -0.823 -0.795 -0.837 -0.863 -0.857 -0.895 -0.872 -0.911 -0.951 -0.869 -0.84 -0.81 -0.796 -0.778 -0.721 -0.729 -0.754 -0.752 -0.699 -0.693 -0.73 -0.717 -0.728 1.044 1.184 1.357 1.34 1.19 -0.725
-0.582 -0.583 -0.559 -0.545 -0.512 -0.565 -0.585 -0.653 -0.675 -0.64 -0.617 -0.598 -0.623 -0.577 -0.591 -0.603 -0.587 -0.617 -0.604 -0.633 -0.607 -0.608 -0.687 -0.757 -0.722 -0.762 -0.761 -0.751 -0.772 -0.745 -0.805 -0.737 -0.752 -0.685 -0.697 -0.68 -0.672 -0.71 -0.7 -0.753 -0.754 -0.755 -0.82 -0.85 -0.819 -0.835 -0.86 -0.828 -0.848 -0.893 -0.898 -0.901 -0.852 -0.86 -0.764 -0.77 -0.759 -0.7 -0.712 -0.726 -0.738 -0.726 -0.71 -0.726 -0.719 0.887 0.988 1.154 1.364 1.343 -0.757 -0.769
-0.602 -0.563 -0.568 -0.577 -0.551 -0.58 -0.626 -0.573 -0.579 -0.585 -0.59 -0.586 -0.636 -0.561 -0.556 -0.555 -0.587 -0.641 -0.623 -0.667 -0.657 -0.637 -0.679 -0.733 -0.706 -0.743 -0.754 -0.765 -0.778 -0.73 -0.737 -0.739 -0.701 -0.644 -0.666 -0.671 -0.666 -0.693 -0.708 -0.704 -0.777 -0.79 -0.779 -0.817 -0.83 -0.871 -0.86 -0.866 -0.862 -0.85 -0.889 -0.802 -0.846 -0.807 -0.766 -0.757 -0.749 -0.74 -0.728 -0.743 -0.722 -0.731 -0.725 -0.719 -0.746 0.871 0.974 1.116 1.313 -9999 -0.74 -0.758
-0.597 -0.587 -0.625 -0.619 -0.599 -0.676 -0.68 -0.584 -0.562 -0.605 -0.571 -0.574 -0.597 -0.57 -0.567 -0.53 -0.557 -0.612 -0.681 -0.632 -0.624 -0.656 -0.677 -0.726 -0.758 -0.774 -0.765 -0.747 -0.76 -0.72 -0.7 -0.704 -0.669 -0.633 -0.619 -0.617 -0.637 -0.694 -0.699 -0.712 -0.755 -0.781 -0.763 -0.842 -0.884 -0.828 -0.845 -0.843 -0.832 -0.904 -0.906 -0.885 -0.853 -0.819 -0.803 -0.742 -0.702 -0.74 -0.781 -0.762 -0.716 -0.7 -0.7 0.595 0.715 -0.951 0.97 1.123 -9999 -0.757 -0.749 -0.742
-0.611 -0.603 -0.636 -0.618 -0.637 -0.691 -0.687 -0.552 -0.544 -0.545 -0.579 -0.517 -0.527 -0.565 -0.52 -0.586 -0.561 -0.577 -0.607 -0.639 -0.617 -0.668 -0.66 -0.733 -0.696 -0.769 -0.743 -0.741 -0.708 -0.685 -0.694 -0.646 -0.651 -0.599 -0.597 -0.609 -0.6 -0.687 -0.677 -0.692 -0.775 -0.823 -0.81 -0.81 -0.846 -0.814 -0.853 -0.796 -0.835 -0.845 -0.859 -0.863 -0.842 -0.786 -0.769 -0.769 -0.715 -0.734 -0.761 -0.733 -0.751 0.322 0.45 0.575 0.698 0.801 -1.045 1.052 1.15 1.098 0.996 -0.752
-0.631 -0.627 -0.59 -0.638 -0.742 -0.691 -0.615 -0.583 -0.574 -0.573 -0.589 -0.564 -0.557 -0.551 -0.571 -0.541 -0.617 -0.571 -0.603 -0.629 -0.608 -0.652 -0.666 -0.744 -0.742 -0.728 -0.759 -0.742 -0.693 -0.68 -0.671 -0.69 -0.683 -0.615 -0.615 -0.575 -0.612 -0.636 -0.673 -0.715 -0.733 -0.763 -0.75 -0.773 -0.828 -0.798 -0.786 -0.851 -0.838 -0.817 -0.878 -0.874 -0.789 -0.799 -0.758 -0.753 -0.736 -0.709 -0.711 -0.739 0.157 0.294 0.42 0.534 0.652 0.749 0.795 0.95 1.009 0.989 0.906 -0.746
-0.615 -0.652 -0.619 -0.665 -0.745 -0.691 -0.597 -0.57 -0.573 -0.58 -0.548 -0.553 -0.536 -0.508 -0.57 -0.583 -0.581 -0.577 -0.621 -0.618 -0.667 -0.639 -0.681 -0.715 -0.729 -0.734 -0.737 -0.741 -0.713 -0.708 -0.625 -0.665 -0.684 -0.624 -0.654 -0.6 -0.595 -0.605 -0.694 -0.725 -0.787 -0.738 -0.75 -0.772 -0.833 -0.82 -0.83 -0.812 -0.856 -0.874 -0.912 -0.866 -0.844 -0.82 -0.761 -0.712 -0.724 -0.743 -0.709 0.023 0.132 0.263 0.397 0.465 0.507 0.596 0.699 0.824 0.85 0.856 0.799 -0.708
-0.655 -0.682 -0.664 -0.675 -0.676 -0.617 -0.61 -0.666 -0.627 -0.61 -0.587 -0.565 -0.545 -0.516 -0.543 -0.6 -0.602 -0.625 -0.646 -0.639 -0.679 -0.675 -0.691 -0.745 -0.765 -0.79 -0.765 -0.713 -0.714 -0.732 -0.658 -0.675 -0.657 -0.636 -0.643 -0.663 -0.667 -0.659 -0.685 -0.686 -0.752 -0.754 -0.745 -0.774 -0.82 -0.796 -0.788 -0.834 -0.847 -0.898 -0.892 -0.852 -0.835 -0.79 -0.748 -0.744 -0.713 -0.745 -0.733 -0.037 0.095 0.21 0.326 0.383 0.366 0.486 0.569 0.693 0.705 0.726 -0.728 -0.686
-0.704 -0.675 -0.658 -0.658 -0.622 -0.634 -0.61 -0.651 -0.639 -0.579 -0.544 -0.525 -0.51 -0.499 -0.566 -0.566 -0.601 -0.645 -0.621 -0.688 -0.738 -0.699 -0.671 -0.74 -0.791 -0.798 -0.707 -0.705 -0.728 -0.735 -0.673 -0.668 -0.693 -0.645 -0.614 -0.641 -0.661 -0.643 -0.668 -0.741 -0.797 -0.765 -0.748 -0.758 -0.796 -0.801 -0.801 -0.852 -0.907 -0.85 -0.851 -0.858 -0.828 -0.794 -0.717 -0.755 -0.718 -0.294 -0.173 -0.073 0.023 0.111 0.205 0.302 0.376 0.417 0.561 0.606 0.621 0.64 0.601 -0.66
-0.737 -0.759 -0.644 -0.614 -0.594 -0.684 -0.668 -0.66 -0.625 -0.568 -0.519 -0.482 -0.47 -0.488 -0.556 -0.608 -0.589 -0.632 -0.651 -0.671 -0.759 -0.696 -0.724 -0.762 -0.807 -0.791 -0.694 -0.719 -0.733 -0.708 -0.682 -0.646 -0.625 -0.656 -0.669 -0.641 -0.654 -0.677 -0.743 -0.808 -0.811 -0.729 -0.734 -0.769 -0.808 -0.814 -0.841 -0.859 -0.868 -0.883 -0.843 -0.789 -0.842 -0.762 -0.744 -0.762 -0.502 -0.386 -0.235 -0.12 -0.032 0.044 0.122 0.219 0.3 0.376 0.429 0.479 0.497 0.5 0.469 -0.697
-0.692 -0.705 -0.648 -0.636 -0.641 -0.621 -0.601 -0.575 -0.588 -0.547 -0.499 -0.496 -0.502 -0.52 -0.58 -0.628 -0.592 -0.616 -0.65 -0.716 -0.692 -0.654 -0.694 -0.738 -0.73 -0.736 -0.736 -0.672 -0.735 -0.714 -0.675 -0.703 -0.672 -0.704 -0.688 -0.679 -0.674 -0.663 -0.747 -0.752 -0.773 -0.764 -0.77 -0.784 -0.807 -0.753 -0.82 -0.858 -0.859 -0.875 -0.901 -0.808 -0.865 -0.758 -0.716 -0.757 -0.592 -0.471 -0.319 -0.203 -0.71 -0.01 -0.674 0.125 0.153 0.208 0.288 0.321 0.318 0.329 -0.722 -0.702
-0.676 -0.659 -0.678 -0.673 -0.677 -0.594 -0.619 -0.563 -0.6 -0.546 -0.52 -0.522 -0.527 -0.526 -0.547 -0.613 -0.622 -0.639 -0.649 -0.656 -0.67 -0.674 -0.68 -0.742 -0.723 -0.743 -0.761 -0.711 -0.757 -0.73 -0.719 -0.73 -0.711 -0.749 -0.732 -0.694 -0.707 -0.699 -0.713 -0.729 -0.757 -0.742 -0.78 -0.81 -0.803 -0.829 -0.857 -0.902 -0.804 -0.868 -0.837 -0.837 -0.875 -0.823 -0.763 -0.718 -0.678 -0.564 -0.431 -0.306 -0.206 -0.104 -0.69 -0.67 0.069 0.095 0.159 0.174 0.158 -0.743 -0.748 -0.669
-0.678 -0.68 -0.689 -0.639 -0.646 -0.62 -0.621 -0.573 -0.625 -0.553 -0.528 -0.564 -0.576 -0.589 -0.567 -0.589 -0.654 -0.683 -0.681 -0.67 -0.699 -0.721 -0.681 -0.697 -0.731 -0.725 -0.761 -0.773 -0.727 -0.71 -0.745 -0.716 -0.685 -0.71 -0.783 -0.69 -0.739 -0.727 -0.735 -0.785 -0.747 -0.744 -0.798 -0.818 -0.848 -0.803 -0.857 -0.922 -0.838 -0.892 -0.848 -0.856 -0.894 -0.799 -0.774 -0.758 -0.726 -0.645 -0.512 -0.404 -0.29 -0.182 -0.141 -0.196 -0.173 -0.193 0.049 0.05 0.072 -0.676 -0.703 -0.67
-0.691 -0.692 -0.688 -0.62 -0.617 -0.658 -0.6 -0.625 -0.606 -0.581 -0.559 -0.575 -0.555 -0.573 -0.596 -0.605 -0.648 -0.674 -0.649 -0.669 -0.698 -0.715 -0.738 -0.733 -0.777 -0.746 -0.781 -0.75 -0.735 -0.752 -0.722 -0.744 -0.755 -0.724 -0.759 -0.739 -0.717 -0.727 -0.753 -0.777 -0.752 -0.762 -0.812 -0.855 -0.913 -0.819 -0.883 -0.885 -0.848 -0.876 -0.835 -0.856 -0.849 -0.797 -0.762 -0.785 -0.851 -0.743 -0.594 -0.497 -0.386 -0.274 -0.251 -0.263 -0.314 -0.358 -0.09 -0.072 -0.735 -0.765 -0.717 -0.672
-0.7 -0.668 -0.743 -0.625 -0.595 -0.62 -0.606 -0.604 -0.601 -0.575 -0.632 -0.618 -0.592 -0.591 -0.655 -0.664 -0.63 -0.656 -0.662 -0.69 -0.699 -0.721 -0.7 -0.72 -0.776 -0.75 -0.77 -0.75 -0.726 -0.769 -0.741 -0.737 -0.765 -0.782 -0.729 -0.717 -0.789 -0.77 -0.761 -0.767 -0.787 -0.771 -0.791 -0.849 -0.912 -0.916 -0.835 -0.887 -0.847 -0.79 -0.805 -0.764 -0.789 -0.772 -0.781 -0.75 -0.861 -0.736 -0.693 -0.572 -0.449 -0.398 -0.393 -0.358 -0.418 -0.299 -0.208 -0.19 -0.224 -0.719 -0.226 -0.691
