All_lidar/sz6094_DSM_2M.asc
ncols 500
nrows 500
xllcorner    460000
yllcorner    94000
cellsize     2
NODATA_value -9999
[rows 429 to 461 of 500, columns 0 to 74 of 500]
-2.113 -2.024 -2.121 -2.145 -2.178 -2.059 -2.122 -2.174 -2.055 -2.091 -2.002 -2.076 -2.108 -2.126 -2.009 -2.01 -2.142 -2.144 -2.039 -2.057 -2.129 -2.092 -2.116 -2.048 -2.069 -2.054 -2.051 -2.068 -2.074 -2.073 -2.055 -2.202 -2.124 -2.036 -2.076 -2.115 -2.059 -2.099 -2.093 -2.097 -2.112 -2.095 -2.042 -2.091 -2.053 -2.044 -2.081 -2.148 -2.014 -2.009 -2.098 -2.11 -2.073 -2.065 -2.109 -2.024 -2.099 -2.082 -2.068 -2.161 -2.071 -2.084 -2.044 -2.09 -2.033 -2.068 -2.005 -2.052 -2.177 -2.045 -2.099 -2.089 -2.148 -2.032 -2.082
-2.053 -2.079 -2.144 -2.176 -2.165 -2.102 -2.09 -2.1 -2.139 -2.113 -2.115 -2.034 -2.034 -2.094 -2.001 -2.019 -2.031 -2.116 -2.08 -2.034 -2.105 -2.052 -2.075 -2.073 -2.004 -2.056 -2.12 -2.087 -2.057 -2.155 -2.035 -2.135 -2.156 -2.048 -2.006 -2.066 -2.065 -2.129 -2.26 -2.069 -2.038 -2.044 -1.979 -2.088 -2.116 -2.136 -2.051 -2.095 -2.089 -2.029 -2.076 -2.047 -2.119 -2.058 -2.012 -2.111 -2.083 -2.078 -2.027 -2.017 -2.082 -2.099 -2.05 -2.11 -2.112 -2.077 -2.032 -2.045 -2.1 -2.063 -2.157 -2.144 -2.131 -2.199 -2.052
-2.194 -2.072 -2.101 -2.065 -2.094 -2.112 -2.071 -2.132 -2.092 -2.126 -2.066 -2.067 -2.018 -2.098 -2.022 -2.082 -2.179 -2.098 -2.048 -2.1 -2.066 -2.149 -2.069 -2.09 -2.076 -2.07 -2.099 -2.061 -2.103 -2.052 -2.074 -2.111 -2.162 -2.04 -2.036 -2.141 -2.08 -2.07 -2.112 -2.075 -2.083 -2.147 -2.005 -2.116 -2.079 -2.086 -2.099 -2.069 -2.045 -2.081 -2.057 -2.058 -2.034 -2.086 -2.05 -2.103 -2.035 -2.107 -2.042 -1.987 -2.019 -2.071 -2.086 -2.147 -2.099 -2.066 -2.072 -1.965 -2.132 -2.068 -2.1 -2.049 -2.089 -2.165 -2.116
-2.166 -2.033 -2.056 -2.058 -2.11 -2.036 -2.095 -2.095 -2.04 -2.105 -2.093 -2.09 -2.049 -2.058 -2.084 -2.06 -2.107 -2.169 -2.108 -2.042 -2.1 -2.1 -2.074 -2.065 -2.007 -2.055 -2.011 -2.034 -2.076 -2.124 -2.08 -2.131 -2.119 -2.101 -2.094 -2.083 -2.046 -2.013 -2.036 -2.212 -2.142 -2.088 -2.047 -2.068 -2.063 -2.074 -2.113 -2.065 -2.07 -2.062 -2.131 -2.137 -2.015 -2.058 -1.976 -2.092 -2.049 -2.091 -2.118 -2.078 -2.08 -2.071 -2.096 -2.134 -2.111 -2.086 -2.125 -2.015 -2.074 -2.03 -2.06 -2.058 -2.037 -2.126 -2.039
-2.097 -2.031 -2.116 -2.164 -2.153 -2.018 -2.097 -2.035 -2.034 -2.136 -2.089 -2.135 -2.107 -2.024 -2.047 -2.04 -2.021 -2.062 -2.096 -2.088 -2.08 -2.038 -2.123 -2.074 -2.046 -2.125 -2.07 -2.045 -2.006 -2.038 -2.086 -2.161 -2.061 -2.092 -2.102 -2.072 -2.117 -2.018 -2.06 -2.113 -2.085 -2.088 -2.041 -2.116 -2.103 -2.056 -2.084 -2.104 -2.083 -2.055 -2.081 -2.063 -2.099 -2.043 -2.03 -2.114 -2.063 -2.068 -2.076 -2.07 -2.018 -2.011 -2.043 -2.071 -2.061 -2.129 -2.095 -2.007 -2.124 -2.006 -2.201 -2.141 -2.033 -2.074 -2.091
-2.051 -2.044 -2.035 -2.123 -2.084 -9999 -2.098 -2.056 -2.067 -2.015 -2.037 -2.111 -2.057 -2.063 -2.039 -2.12 -2.1 -2.05 -2.082 -2.09 -2.083 -2.108 -2.086 -2.022 -2.084 -2.065 -2.078 -2.106 -2.085 -2.109 -2.078 -2.106 -2.098 -2.039 -2.069 -2.095 -2.047 -2.081 -2.065 -2.039 -2.092 -2.044 -2.147 -2.079 -2.134 -2.032 -2.06 -2.057 -2.051 -2.096 -2.098 -2.049 -2.079 -2.05 -1.999 -2.049 -2.143 -2.063 -2.099 -2.109 -2.047 -2.047 -2.091 -2.032 -2.157 -2.041 -2.056 -2.073 -2.108 -2.078 -2.045 -2.149 -2.049 -2.074 -2.118
-2.096 -2.013 -2.098 -2.086 -2.092 -2.056 -2.088 -2.106 -2.048 -2.056 -2.002 -2.075 -2.083 -2.067 -2.12 -2.105 -2.079 -2.051 -2.009 -2.004 -2.047 -2.043 -2.12 -2.142 -2.108 -2.102 -2.079 -2.102 -2.043 -2.022 -2.116 -2.111 -2.048 -2.051 -2.09 -2.061 -2.154 -2.158 -2.075 -2.087 -2.084 -2.057 -2.1 -2.079 -2.159 -2.045 -2.069 -1.996 -2.027 -2.083 -2.115 -2.092 -2.102 -2.037 -2.061 -2.033 -2.077 -2.053 -2.06 -2.051 -2.034 -2.103 -2.096 -1.983 -2.078 -2.061 -2.044 -2.058 -2.092 -2.079 -2.041 -2.128 -2.021 -2.069 -2.111
-2.062 -2.045 -2.052 -2.059 -2.019 -9999 -2.161 -2.094 -2.041 -2.08 -2.102 -2.014 -2.124 -2.161 -2.121 -2.095 -2.072 -2.114 -2.07 -2.094 -2.121 -2.13 -2.093 -2.069 -2.063 -2.106 -2.116 -2.067 -1.998 -2.05 -2.022 -2.017 -2.115 -2.016 -2.217 -2.067 -2.085 -2.143 -2.037 -2.127 -2.056 -2.085 -2.071 -2.051 -2.14 -2.078 -2.06 -2.058 -2.077 -2.117 -2.036 -2.143 -2.162 -2.097 -2.022 -2.033 -2.023 -2.062 -2.085 -2.098 -2.029 -2.054 -2.057 -2.066 -2.055 -2.127 -2.125 -2.102 -2.061 -2.064 -2.081 -2.091 -2.037 -2.054 -2.075
-2.117 -2.016 -2.054 -2.039 -2.086 -2.041 -2.08 -2.112 -2.085 -2.079 -2.092 -2.005 -2.084 -2.078 -2.075 -2.025 -2.12 -2.06 -2.057 -2.087 -2.044 -2.127 -2.08 -2.121 -2.065 -2.029 -2.057 -2.184 -2.062 -2.07 -2.05 -2.043 -2.05 -2.102 -2.082 -2.127 -2.034 -2.142 -9999 -2.056 -2.035 -2.051 -2.087 -2.106 -2.064 -2.072 -2.11 -2.076 -2.051 -2.093 -2.074 -2.124 -2.189 -2.047 -2.016 -1.965 -2.011 -2.028 -2.062 -2.111 -2.089 -2.103 -2.071 -2.143 -2.044 -2.079 -2.021 -2.096 -2.122 -2.1 -2.101 -2.027 -1.995 -2.111 -2.087
-2.018 -2.065 -2.132 -2.038 -2.083 -2.041 -2.083 -2.119 -2.161 -2.046 -2.032 -1.999 -2.128 -1.992 -2.067 -2.07 -2.136 -2.075 -2.092 -2.096 -2.049 -2 -2.06 -2.124 -2.148 -2.154 -2.014 -2.118 -2.084 -2.052 -2.047 -2.08 -2.15 -2.035 -2.092 -2.069 -2.084 -2.167 -9999 -2.058 -2.081 -2.155 -2.175 -2.094 -9999 -2.073 -2.089 -2.101 -2.017 -2.034 -2.054 -2.099 -2.182 -2.141 -2.061 -2.076 -2.068 -2.073 -2.135 -2.111 -2.133 -2.056 -2.13 -2.173 -2.059 -2.095 -2.084 -2.095 -2.097 -2.094 -2.065 -2.122 -2.061 -2.103 -1.992
-2.052 -2.139 -2.076 -2.107 -1.989 -2.096 -2.063 -2.075 -2.149 -9999 -9999 -2.089 -2.08 -2.171 -2.052 -2.111 -2.062 -2.051 -2.09 -2.106 -2.101 -2.077 -2.094 -2.163 -2.043 -2.136 -2.037 -2.064 -2.124 -2.055 -2.112 -2.05 -2.047 -2.024 -2.141 -2.098 -2.091 -2.031 -2.085 -2.039 -2.102 -2.123 -2.028 -2.081 -2.113 -2.041 -9999 -2.046 -2.036 -2.065 -2.053 -2.084 -2.21 -2.078 -2.073 -2.018 -2.029 -2.109 -2.089 -2.067 -2.159 -2.077 -2.057 -2.101 -2.104 -2.06 -2.046 -2.061 -2.069 -2.045 -2.087 -2.136 -2.068 -2.112 -2.023
-2.057 -2.151 -2.147 -2.11 -2.053 -1.979 -2.092 -2.032 -2.016 -2.209 -2.091 -2.044 -2.119 -2.12 -2.084 -2.124 -2.059 -2.054 -2.001 -2.018 -2.08 -2.027 -2.145 -2.147 -2.03 -2.111 -2.019 -2.14 -2.038 -2.042 -2.041 -2.101 -2.046 -2.105 -2.112 -1.996 -2.095 -2.049 -2.014 -2.068 -2.107 -9999 -2.06 -2.035 -2.037 -2.124 -2.174 -2.094 -2.08 -2.067 -2.045 -2.081 -2.073 -2.11 -2.194 -2.136 -2.085 -2.11 -2.126 -2.043 -2.021 -2.105 -2.072 -2.092 -2.132 -2.019 -2.135 -2.002 -2.004 -2.049 -2.069 -2.067 -2.143 -2.071 -2.063
-2.031 -2.048 -2.14 -2.051 -2.063 -2.001 -2.093 -2.124 -2.071 -2.099 -2.169 -2.098 -2.106 -2.066 -2.002 -2.033 -2.121 -2.054 -2.039 -2.024 -2.009 -2.08 -2.071 -2.096 -2.018 -2.059 -2.085 -2.181 -2.069 -2.116 -2.072 -2.032 -2.068 -2.032 -2.045 -2.115 -2.037 -2.005 -2.044 -2.093 -2.173 -2.113 -2.016 -2.121 -2.106 -2.111 -2.255 -2.053 -1.999 -2.077 -2.048 -2.095 -2.06 -2.079 -2.129 -2.047 -2.053 -2.066 -2.056 -2.066 -2.073 -2.084 -2.085 -2.086 -2.159 -2.063 -2.099 -2.072 -2.047 -2.129 -2.057 -2.043 -2.042 -2.086 -2.115
-2.004 -2.058 -2.034 -2.056 -2.069 -2.036 -2.095 -2.088 -2.073 -2.091 -2.077 -2.097 -2.101 -2.065 -2.079 -2.042 -2.073 -2.079 -2.03 -2.006 -2.175 -2.109 -2.138 -2.107 -2.003 -1.99 -2.081 -2.103 -2.052 -2.01 -2.137 -2.075 -2.065 -1.991 -1.997 -2.142 -2.142 -2.098 -2.007 -2.054 -2.162 -2.049 -1.989 -2.012 -2.123 -2.027 -2.213 -2.08 -2.108 -2.168 -2.138 -2.101 -2.048 -2.086 -2.05 -2.046 -2.055 -2.052 -2.124 -1.998 -2.038 -2.04 -2.075 -2.112 -2.13 -2.024 -2.003 -2.08 -2.077 -2.112 -2.124 -2.017 -2.088 -2.136 -2.025
-2.001 -2.025 -1.984 -2.093 -2.116 -2.079 -2.089 -2.012 -2.087 -2.106 -2.114 -2.03 -2.08 -2.044 -2.122 -2.085 -2.104 -2.121 -2.135 -2.069 -2.037 -2.009 -2.095 -2.148 -2.133 -2.057 -2.065 -2.115 -2.052 -2.056 -2.132 -2.078 -2.129 -1.971 -2.043 -1.985 -2.035 -2.088 -2.136 -9999 -2.121 -2.03 -1.994 -2.063 -2.109 -2.045 -2.052 -2.124 -2.011 -2.059 -2.017 -2.082 -2.055 -2.134 -2.106 -2.205 -2.023 -2.041 -2.176 -2.111 -2.09 -2.071 -2.106 -2.099 -2.072 -2.11 -2.064 -1.997 -2.023 -2.104 -2.07 -2.009 -2.067 -2.069 -2.047
-2.072 -2.064 -2.071 -2.133 -2.066 -2.074 -2.067 -2.019 -2.024 -2.052 -2.043 -2.023 -2.043 -2.034 -2.069 -2.083 -2.07 -2.083 -2.118 -2.112 -2.01 -1.981 -2.06 -2.053 -2.062 -2.053 -2.118 -2.082 -2.077 -2.096 -2.038 -2.008 -2.042 -2.037 -9999 -9999 -2.016 -2.02 -2.013 -1.997 -2.014 -2 -9999 -9999 -2.063 -2.13 -2.074 -2.033 -2.073 -2.021 -1.987 -2.08 -2.085 -2.093 -2.068 -2.064 -1.984 -2.081 -2.112 -2.107 -1.987 -2.016 -2.035 -2.052 -2.066 -2.058 -2.128 -2.019 -2.085 -2.155 -2.145 -2.114 -2.034 -2.051 -2.03
-2.152 -2.109 -2.045 -2.014 -2.119 -2.149 -2.068 -1.972 -2.056 -2.079 -2.072 -2.107 -2.084 -2.016 -2.148 -1.979 -2.094 -2.031 -2.064 -2.098 -2.099 -2.051 -2.022 -2.069 -2.066 -2.009 -2.13 -2.09 -2.012 -2.111 -2.061 -2.046 -2 -2.096 -2.034 -9999 -2.119 -2.208 -2.067 -2.053 -2.109 -2.086 -2.054 -2.121 -2.062 -2.132 -2.084 -2.095 -2.085 -2.089 -2.038 -2.094 -2.099 -2.133 -1.974 -2.012 -2.013 -2.074 -2.138 -2.081 -2.024 -2.068 -2.041 -2.079 -2.063 -2.099 -2.07 -2.12 -2.109 -2.143 -2.037 -2.051 -2.056 -2.074 -2.095
-2.124 -2.126 -2.084 -2.042 -2.009 -2.077 -2.103 -2.065 -2.042 -2.055 -2.127 -2.122 -2.12 -2.101 -2.066 -1.991 -2.085 -2.093 -2.065 -2.135 -2.041 -2.055 -2.113 -2.083 -2.087 -2.072 -2.117 -2.09 -2.026 -2.121 -2.007 -2.092 -2.092 -2.048 -2.051 -2.085 -2.112 -2.073 -2.052 -2.094 -2.11 -2.148 -2.087 -2.164 -2.102 -2.158 -2.185 -2.105 -2.103 -2.079 -2.074 -2.226 -2.053 -2.04 -2.064 -2.061 -2.142 -2.059 -2.115 -2.162 -2.082 -2.09 -2.003 -2.164 -2.102 -2.035 -2.011 -1.997 -2.02 -2.05 -2.043 -2.141 -2.08 -2.056 -2.074
-1.992 -2.038 -2.088 -2.007 -2.126 -2.055 -2.015 -2.043 -2.025 -2.081 -2.1 -2.005 -2.051 -2.094 -2.041 -2.077 -1.981 -2.066 -2.093 -2.085 -2.005 -2.033 -2.108 -2.132 -2.056 -2.047 -2.013 -2.162 -2.161 -2.074 -2.027 -2.081 -2.128 -2.03 -2.086 -2.115 -2.07 -2.058 -2.087 -2.055 -2.129 -2.075 -2.038 -2.004 -2.095 -2.135 -2.057 -2.023 -2.055 -2.127 -2.149 -2.239 -2.082 -2.074 -2.125 -2.14 -2.002 -2.052 -2.029 -2.055 -2.173 -2.082 -2.031 -2.066 -2.144 -2.048 -2.115 -2.062 -2.034 -2.057 -2.071 -2.128 -2.06 -2.063 -2.088
-2.069 -1.997 -2.142 -2.11 -2.103 -2.076 -2.138 -2.054 -2.037 -2.019 -2.04 -2.18 -2.043 -2.069 -2.092 -2.042 -2.05 -2.056 -2.085 -2.067 -2.117 -2.071 -2.11 -2.075 -2.062 -2.032 -9999 -2.088 -2.051 -9999 -2.231 -2.019 -2.116 -2.116 -2.108 -2.048 -2.016 -2.023 -2.02 -2.103 -2.102 -2.108 -2.144 -2.017 -2.057 -2.068 -2.151 -2.085 -2.039 -2.074 -2.019 -2.087 -2.026 -2.089 -2.152 -2.116 -2.01 -2.086 -2.117 -2.029 -2.132 -2.093 -2.108 -2.019 -2.147 -2.08 -2.06 -2.046 -2.026 -2.077 -2.109 -2.127 -2.022 -2.034 -2.069
-2.039 -1.998 -2.061 -2.063 -2.073 -2.129 -2.034 -2.128 -2.066 -2.031 -2.03 -2.165 -2.11 -2.053 -2.039 -2.052 -2.119 -2.042 -2.108 -2.088 -2.167 -9999 -2.074 -2.016 -2.088 -2.024 -2.003 -2.029 -2.065 -2.041 -2.048 -2.04 -2.121 -2.219 -2.074 -2.016 -1.984 -2.027 -2.053 -2.084 -2.028 -2.056 -2.128 -2.072 -2.112 -2.081 -2.088 -2.039 -2.071 -2.084 -2.087 -2.078 -2.077 -2.063 -2.153 -2.112 -2.085 -2.143 -2.119 -2.06 -2.114 -2.122 -2.163 -2.041 -2.083 -2.089 -2.074 -2.041 -2.026 -2.173 -2.107 -2.125 -2.132 -2.069 -2.081
-2.088 -2.085 -2.067 -2.015 -2.047 -2.018 -2.016 -2.1 -2.056 -2.02 -2.102 -2.203 -2.074 -9999 -2.031 -2.058 -2.071 -2.034 -2.029 -2.022 -2.084 -2.136 -2.146 -2.028 -2.159 -2.037 -2.091 -2.017 -9999 -1.993 -9999 -9999 -2.074 -2.157 -2.056 -2.087 -2.032 -2.059 -2.064 -2.054 -2.107 -2.032 -2.075 -2.148 -2.089 -2.093 -2.114 -2.101 -2.051 -2.062 -2.068 -2.073 -2.087 -2.083 -2.086 -2.143 -2.09 -2.13 -2.046 -2.054 -2.018 -2.09 -2.108 -1.999 -2.051 -2.142 -2.118 -2.06 -2.042 -2.11 -2.142 -2.213 -2.015 -2.053 -2.079
-2.118 -2.014 -2.025 -2.066 -2.029 -2.015 -2.032 -2.051 -2.069 -2.075 -2.093 -2.047 -2.089 -2.041 -1.991 -2.054 -2.08 -2.062 -2.016 -1.972 -2.037 -2.016 -9999 -2.003 -2.086 -2 -2.01 -2.054 -1.944 -1.894 -2.052 -2.081 -2.083 -2.091 -2.12 -1.982 -2.053 -2.136 -2.071 -2.07 -2.073 -2.013 -2.058 -2.055 -2.062 -2.076 -2.151 -2.121 -1.997 -2.079 -2.07 -2.101 -2.096 -2.091 -2.056 -2.053 -2.061 -2.132 -2.081 -2.006 -2.07 -2.068 -2.128 -2.065 -2.115 -2.108 -2.027 -2.057 -2.083 -2.115 -2.053 -2.043 -2.038 -2.052 -2.03
-2.097 -2.079 -2.012 -2.091 -2.087 -2.075 -2.029 -2.111 -2.038 -2.104 -2.052 -2.195 -2.046 -2.058 -2.08 -2.004 -2.043 -2.102 -2.044 -2.051 -1.998 -1.949 -9999 -1.961 -2.058 -2.098 -2.052 -2.013 -2.036 -2.076 -2.073 -2.103 -2.139 -2.054 -1.995 -2.078 -2.091 -2.047 -2.032 -9999 -2.054 -2.123 -2.101 -2.061 -2.041 -2.127 -2.097 -2.15 -2.034 -2.052 -1.985 -2.071 -2.134 -2.019 -2.024 -2.086 -2.069 -2.051 -2.092 -2.165 -2.031 -2.073 -1.989 -2.049 -1.994 -2.089 -2.151 -2.017 -2.101 -2.117 -2.059 -2.122 -2.189 -2.048 -2.021
-9999 -2.081 -2.07 -2.054 -2.036 -2.072 -2.052 -2 -2.099 -2.046 -2.027 -2.086 -2.066 -2.024 -2.071 -2.046 -2.057 -2.063 -2.066 -1.988 -1.975 -9999 -2.094 -2.087 -2.014 -2.079 -2.079 -2.024 -2.049 -2.099 -2.039 -2.157 -2.095 -2.042 -2.094 -2.047 -2.079 -2.069 -2.07 -2.175 -2.028 -2.02 -2.046 -2.041 -2.046 -2.203 -2.123 -2.087 -2.012 -2.175 -2.078 -2.063 -2.188 -2.072 -2.076 -2.102 -2.143 -2.059 -2.128 -2.162 -2.059 -2.081 -2.073 -2.072 -2.105 -2.02 -2.052 -2.012 -2.057 -2.112 -2.143 -2.058 -2.021 -2.093 -2.053
-2.019 -2.007 -2.067 -2.065 -2.048 -2.076 -2.029 -1.982 -2.035 -2.044 -2.045 -2.063 -2.048 -2.023 -2.101 -2.117 -2.141 -2.093 -2.092 -2.008 -1.989 -9999 -2.053 -2.16 -2.108 -2.013 -2.004 -2.017 -2.017 -2.06 -2.014 -1.981 -2.046 -2.093 -2.114 -2.083 -2.046 -2.057 -2.099 -2.165 -2.084 -2.082 -2.07 -2.141 -2.015 -2.093 -2.102 -2.082 -2.063 -2.083 -2.058 -2.103 -2.065 -1.998 -2.097 -2.101 -2.117 -2.085 -2.16 -2.175 -2.072 -2.042 -1.99 -1.973 -2.104 -2.1 -2.09 -2.17 -2.082 -2.106 -2.046 -2.04 -2.057 -2.138 -2.099
-2.038 -2.018 -2.018 -2.01 -1.958 -2.063 -2.112 -2.063 -2.084 -2.063 -2.058 -2.087 -2.086 -2.045 -2.032 -2.057 -2.035 -2.07 -2.007 -2.061 -1.988 -2.174 -2.096 -2.096 -2.114 -2.005 -2.082 -2.051 -2.035 -2.055 -2.052 -2.045 -2.081 -2.069 -2.086 -2.025 -2.108 -2.064 -2.057 -2.12 -2.093 -2.108 -2.03 -2.078 -2.113 -2.057 -2.12 -2.018 -2.117 -2.095 -2.072 -2.083 -2.064 -2.084 -2.15 -2.115 -2.112 -2.105 -2.124 -2.094 -2.022 -2.074 -2.065 -2.036 -2.074 -2.107 -2.108 -2.059 -2.094 -2.09 -2.068 -2.063 -2.033 -2.051 -2.149
-2.005 -2.037 -2.001 -2.054 -2.042 -2.063 -2.109 -2.089 -2.071 -2.102 -2.086 -2.078 -2.1 -2.134 -2.004 -2.019 -2.096 -2.054 -2.008 -2.014 -2.044 -2.072 -2.104 -2.125 -2.155 -2.058 -2.054 -2.065 -2.053 -2.16 -2.063 -2.05 -2.16 -2.086 -2.082 -2.091 -2.134 -2.112 -2.084 -1.998 -2.1 -2.083 -2 -2.023 -2.06 -2.024 -2.159 -1.991 -2.102 -2.216 -2.079 -2.024 -2.107 -2.06 -2.153 -2.085 -2.21 -2.137 -2.068 -2.133 -2.145 -2.036 -2.105 -2.034 -2.094 -2.139 -2.097 -2.052 -2.112 -9999 -1.994 -2.149 -2.03 -2.089 -2.12
-1.992 -2.042 -2.101 -2.032 -1.95 -2.06 -2.059 -2.125 -2.043 -1.977 -2.038 -2.041 -2.039 -2.068 -2.136 -2.024 -2.186 -9999 -2.001 -2.089 -9999 -2.065 -2.144 -2.053 -2.022 -2.032 -1.984 -2.085 -2.026 -2.086 -2.072 -2.053 -2.067 -2.068 -2.131 -2.093 -2.108 -9999 -2.085 -2.123 -2.101 -2.193 -2.052 -2.055 -2.107 -2.082 -2.224 -9999 -2.109 -2.151 -2.082 -2.103 -2.083 -2.117 -2.108 -2.141 -2.154 -2.149 -2.031 -2.132 -2.133 -2.051 -2.103 -2.079 -2.091 -2.077 -2.078 -1.973 -1.992 -2.059 -2.053 -2.069 -2.054 -2.034 -2.103
-2.13 -2.007 -2.012 -2.049 -2.039 -2.08 -2.022 -2.046 -2.013 -2.036 -2.035 -2.119 -2.031 -2.009 -2.089 -2.01 -2.081 -9999 -2.052 -2.067 -2.03 -9999 -2.136 -2.027 -2.057 -2.016 -1.996 -2.111 -2.125 -2.144 -2.029 -2.106 -2.037 -2.066 -2.073 -2.066 -2.063 -2.045 -2.057 -9999 -2.117 -2.099 -2.077 -2.023 -2.126 -2.044 -2.117 -2.066 -2.057 -2.035 -2.081 -2.045 -2.095 -2.113 -2.013 -2.107 -2.129 -2.084 -2.036 -2.108 -2.051 -2.137 -2.139 -2.083 -2.139 -2.071 -2.096 -2.019 -2.07 -2.098 -1.99 -2.047 -2.025 -2.026 -1.989
-2.101 -2.107 -2.029 -2.037 -2.014 -2.016 -2.028 -2.104 -2.102 -2.089 -2.038 -2.071 -2.032 -1.919 -9999 -2.003 -9999 -2.115 -2.076 -2.049 -2.013 -2.123 -2.097 -2.057 -1.993 -2.049 -2.096 -2.124 -2.084 -2.066 -2.066 -2.086 -2.063 -2.107 -2.091 -2.074 -2.035 -1.989 -2.058 -2.082 -2.12 -2.059 -2.132 -2.118 -2.176 -2.029 -2.083 -2.066 -2.077 -2.06 -2.064 -2.096 -2.077 -2.08 -2.074 -2.088 -2.071 -2.085 -2.199 -9999 -2.102 -2.128 -2.07 -2.091 -2.148 -2.117 -2.157 -2.216 -2.163 -2.063 -2.061 -2.036 -2.003 -2.098 -2.088
-2.007 -2.114 -2.057 -2.007 -2.039 -2.044 -2.092 -2.058 -2.016 -2.086 -2.084 -1.984 -2.079 -2.021 -1.973 -2.007 -2.088 -1.907 -9999 -2.101 -1.949 -2.096 -2.06 -1.992 -2.044 -2.047 -2.035 -2.103 -2.121 -2.127 -2.109 -2.109 -2.061 -2.034 -2.144 -2.137 -2.157 -2.076 -2.076 -9999 -2.04 -2.01 -2.208 -2.093 -2.089 -2.109 -2.071 -9999 -2.016 -2.182 -2.107 -2.058 -2.131 -2.1 -2.037 -2.041 -2.072 -2.089 -2.068 -2.098 -2.114 -2.076 -2.048 -2.136 -2.056 -2.037 -2.189 -2.086 -2.141 -2.046 -2.112 -2.027 -2.069 -2.101 -2.01
-2.019 -2.057 -2.073 -2 -2.138 -2.098 -2.09 -1.999 -2.043 -2.113 -2.076 -1.922 -2.007 -9999 -2.056 -2.002 -2.141 -2.001 -2.036 -2.067 -1.995 -9999 -2.096 -2.077 -2.017 -2.044 -2.08 -2.067 -2.044 -2.088 -2.083 -2.118 -2.076 -2.023 -2.084 -2.094 -2.097 -9999 -2.033 -2.065 -2.057 -2.038 -2.1 -2.062 -2.073 -2.07 -1.991 -2.096 -2.007 -2.097 -2.101 -2.091 -2.168 -2.071 -2.127 -2.054 -2.136 -2.058 -2.143 -2.11 -2.086 -2.169 -1.993 -2.102 -2.071 -2.078 -2.062 -2.074 -2.069 -2.128 -2.025 -2.051 -2.017 -2.043 -2.015
