All_lidar/sz6087_DSM_2M.asc
ncols 500
nrows 500
xllcorner    460000
yllcorner    87000
cellsize     2
NODATA_value -9999
[rows 64 to 95 of 500, columns 216 to 287 of 500]
19.724 19.656 19.466 19.359 19.329 19.181 19.036 18.854 18.741 18.629 18.451 18.364 18.224 18.176 18.139 18.011 17.899 17.756 17.644 17.426 17.256 17.149 17.051 16.931 16.736 16.666 16.614 16.454 16.314 16.129 15.956 15.834 15.696 15.629 15.459 15.381 15.279 15.224 15.096 14.939 14.816 14.659 14.491 14.389 14.291 14.171 13.956 13.699 13.759 13.736 13.664 13.641 13.496 13.621 14.661 16.009 14.684 14.146 13.719 13.296 15.139 17.269 17.119 14.794 11.716 11.574 11.609 11.406 11.224 11.274 11.191 11.074
19.831 19.774 19.644 19.549 19.431 19.329 19.146 19.001 18.914 18.789 18.616 18.491 18.406 18.251 18.234 18.176 18.009 17.886 17.804 17.604 17.421 17.314 17.209 17.041 16.874 16.826 16.734 16.551 16.426 16.236 16.086 15.931 15.796 15.686 15.556 15.454 15.351 15.291 15.181 15.031 14.886 14.741 14.629 14.484 14.399 14.254 14.099 13.861 13.801 13.811 13.761 13.714 13.621 13.656 14.251 15.701 15.289 14.314 14.154 13.576 15.334 17.294 17.671 15.464 12.411 11.799 11.656 11.329 11.254 11.289 11.224 11.109
19.896 19.824 19.731 19.651 19.601 19.449 19.301 19.121 19.021 18.919 18.751 18.644 18.576 18.431 18.339 18.309 18.164 18.001 17.931 17.766 17.596 17.449 17.339 17.169 17.004 16.884 16.841 16.694 16.521 16.371 16.209 16.074 15.899 15.789 15.666 15.546 15.436 15.366 15.289 15.111 14.986 14.836 14.694 14.594 14.486 14.359 14.199 13.921 13.799 13.889 13.849 13.781 13.736 13.639 13.864 15.181 15.084 13.509 14.661 14.774 15.984 17.196 17.369 16.759 12.096 11.926 11.774 11.304 11.319 11.319 11.246 11.156
20.001 19.901 19.814 19.739 19.686 19.554 19.436 19.274 19.129 19.056 18.924 18.771 18.714 18.584 18.476 18.381 18.306 18.166 18.051 17.904 17.734 17.586 17.456 17.316 17.151 16.999 16.901 16.781 16.669 16.521 16.304 16.149 16.014 15.879 15.774 15.624 15.556 15.494 15.369 15.229 15.074 14.926 14.801 14.656 14.489 14.426 14.299 14.039 13.856 13.934 13.901 13.824 13.774 13.661 13.821 14.576 14.879 13.281 14.211 14.829 15.469 15.629 14.351 13.844 12.414 12.051 11.546 11.336 11.389 11.374 11.279 11.189
20.104 19.999 19.924 19.806 19.769 19.686 19.544 19.424 19.256 19.161 19.041 18.931 18.834 18.764 18.604 18.446 18.399 18.286 18.141 18.049 17.864 17.691 17.574 17.419 17.284 17.131 17.034 16.916 16.744 16.631 16.436 16.286 16.124 15.984 15.874 15.726 15.614 15.601 15.469 15.319 15.126 15.019 14.876 14.771 14.664 14.499 14.374 14.211 14.009 13.961 13.959 13.884 13.839 13.809 13.801 14.289 15.259 14.416 14.899 12.494 13.234 14.049 12.419 12.544 12.529 11.726 11.471 11.406 11.426 11.381 11.319 11.761
20.239 20.151 20.026 19.901 19.796 19.771 19.686 19.514 19.406 19.294 19.161 19.024 18.956 18.886 18.709 18.564 18.474 18.366 18.244 18.149 17.986 17.801 17.691 17.534 17.391 17.226 17.151 17.041 16.906 16.774 16.569 16.396 16.239 16.129 15.956 15.834 15.701 15.676 15.561 15.414 15.214 15.096 14.919 14.856 14.691 14.611 14.476 14.359 14.074 13.931 14.016 13.961 13.944 13.944 13.746 14.074 15.184 15.264 14.966 12.864 12.566 12.484 12.984 12.804 12.741 12.836 11.929 11.494 11.491 11.481 11.359 12.261
20.334 20.236 20.111 20.001 19.894 19.866 19.761 19.636 19.464 19.354 19.301 19.136 19.009 18.949 18.839 18.671 18.614 18.506 18.371 18.249 18.084 17.884 17.764 17.619 17.454 17.281 17.206 17.136 17.009 16.869 16.704 16.484 16.341 16.201 16.084 15.934 15.789 15.726 15.629 15.476 15.311 15.166 14.991 14.889 14.746 14.669 14.559 14.394 14.166 13.976 14.034 14.026 14.006 13.969 13.796 13.881 15.336 15.676 14.841 12.974 12.721 12.986 12.896 12.479 12.329 14.404 13.264 11.579 11.576 11.536 11.414 11.601
20.421 20.306 20.191 20.084 19.961 19.879 19.829 19.731 19.589 19.406 19.324 19.244 19.076 18.954 18.901 18.774 18.731 18.614 18.459 18.329 18.156 17.976 17.864 17.724 17.559 17.409 17.279 17.196 17.064 16.959 16.809 16.606 16.414 16.286 16.156 16.039 15.896 15.789 15.679 15.576 15.441 15.251 15.101 15.011 14.869 14.721 14.599 14.506 14.304 14.061 14.014 14.081 14.079 14.031 13.919 13.904 15.219 14.724 13.669 12.889 14.286 14.781 12.556 12.441 12.346 13.981 12.689 11.599 11.611 11.571 11.486 11.484
20.479 20.379 20.281 20.136 19.991 19.909 19.876 19.786 19.669 19.509 19.411 19.324 19.154 19.024 19.004 18.841 18.766 18.691 18.561 18.456 18.271 18.056 17.931 17.784 17.631 17.501 17.351 17.249 17.186 17.081 16.891 16.724 16.529 16.384 16.271 16.119 15.966 15.869 15.791 15.624 15.544 15.376 15.201 15.096 14.956 14.756 14.666 14.581 14.434 14.129 14.031 14.121 14.084 14.091 14.086 13.874 14.026 14.921 14.996 13.141 15.106 13.891 12.526 12.449 12.404 14.599 12.959 11.704 11.676 11.614 11.516 11.464
20.569 20.484 20.369 20.206 20.126 20.001 19.961 19.844 19.751 19.609 19.459 19.386 19.266 19.106 19.031 18.869 18.771 18.761 18.659 18.509 18.361 18.186 18.031 17.874 17.714 17.581 17.449 17.294 17.241 17.151 16.999 16.824 16.626 16.454 16.334 16.196 16.061 15.931 15.879 15.711 15.596 15.476 15.324 15.151 15.029 14.891 14.744 14.669 14.531 14.244 14.079 14.174 14.096 14.099 14.096 13.931 13.886 14.761 15.896 14.021 13.036 12.781 12.589 12.501 12.651 15.414 12.909 11.729 11.781 11.686 11.571 12.216
20.629 20.524 20.411 20.309 20.211 20.091 20.031 19.914 19.831 19.676 19.519 19.456 19.349 19.221 19.114 18.944 18.806 18.809 18.694 18.519 18.436 18.279 18.124 17.961 17.776 17.619 17.494 17.366 17.321 17.211 17.064 16.931 16.726 16.564 16.434 16.291 16.166 15.986 15.934 15.841 15.666 15.551 15.394 15.239 15.116 14.994 14.839 14.739 14.619 14.374 14.156 14.201 14.149 14.124 14.101 13.984 13.946 14.589 16.061 14.056 12.849 12.764 12.606 12.609 12.706 15.011 12.846 11.831 11.779 11.741 11.629 13.034
20.704 20.584 20.454 20.344 20.274 20.121 20.089 19.996 19.869 19.729 19.566 19.489 19.404 19.286 19.136 19.046 18.881 18.871 18.721 18.646 18.541 18.396 18.191 18.014 17.859 17.721 17.579 17.434 17.379 17.304 17.146 17.016 16.839 16.641 16.521 16.391 16.234 16.049 15.996 15.874 15.734 15.609 15.484 15.344 15.199 15.064 14.881 14.771 14.711 14.511 14.249 14.186 14.231 14.176 14.149 14.076 13.919 13.959 15.639 14.374 12.919 12.804 12.669 12.671 12.786 15.451 12.586 11.889 11.844 11.781 11.681 13.736
20.736 20.634 20.529 20.409 20.319 20.141 20.061 20.009 19.924 19.781 19.679 19.549 19.466 19.329 19.186 19.111 18.944 18.874 18.809 18.749 18.589 18.461 18.259 18.086 17.929 17.766 17.661 17.496 17.384 17.324 17.254 17.094 16.944 16.716 16.566 16.484 16.294 16.164 16.046 15.961 15.811 15.679 15.574 15.444 15.274 15.119 14.949 14.839 14.774 14.609 14.364 14.174 14.266 14.216 14.184 14.096 13.969 14.289 15.664 15.051 12.994 12.851 12.751 13.001 13.046 14.749 12.459 11.969 11.906 11.864 11.796 14.671
20.769 20.671 20.564 20.479 20.371 20.206 20.064 20.064 19.961 19.821 19.749 19.624 19.481 19.399 19.231 19.161 19.019 18.884 18.889 18.809 18.669 18.536 18.311 18.149 18.021 17.859 17.746 17.584 17.476 17.414 17.289 17.179 17.016 16.799 16.649 16.561 16.401 16.266 16.114 16.019 15.889 15.766 15.656 15.519 15.364 15.209 15.054 14.909 14.826 14.686 14.431 14.226 14.311 14.279 14.204 14.121 13.974 14.184 15.779 14.689 13.041 12.919 13.674 15.014 15.016 14.734 12.036 12.046 12.004 11.896 11.804 14.209
20.819 20.739 20.624 20.521 20.439 20.306 20.114 20.119 20.011 19.911 19.791 19.691 19.531 19.431 19.331 19.201 19.079 18.944 18.936 18.871 18.729 18.576 18.404 18.221 18.089 17.916 17.789 17.694 17.569 17.484 17.354 17.241 17.094 16.871 16.731 16.654 16.496 16.351 16.204 16.049 15.951 15.859 15.751 15.621 15.411 15.281 15.144 14.944 14.866 14.761 14.544 14.359 14.381 14.314 14.266 14.199 14.011 14.334 15.744 14.756 13.016 12.946 13.101 14.744 14.824 14.656 12.109 12.136 12.066 11.976 11.896 15.664
20.866 20.776 20.641 20.544 20.474 20.364 20.131 20.059 20.074 19.956 19.841 19.756 19.581 19.511 19.421 19.249 19.154 19.024 18.999 18.899 18.801 18.694 18.496 18.301 18.146 17.989 17.846 17.724 17.656 17.559 17.486 17.314 17.159 16.969 16.806 16.674 16.554 16.399 16.306 16.126 16.006 15.956 15.806 15.701 15.539 15.394 15.244 15.074 14.936 14.826 14.586 14.419 14.426 14.386 14.289 14.236 14.044 14.154 15.656 15.114 13.111 13.031 12.959 13.196 15.421 14.521 12.139 12.179 12.136 12.034 12.569 16.264
20.939 20.809 20.686 20.581 20.491 20.416 20.251 20.106 20.104 20.031 19.926 19.786 19.649 19.566 19.466 19.329 19.211 19.104 19.044 18.964 18.836 18.726 18.566 18.356 18.179 18.049 17.901 17.776 17.691 17.591 17.524 17.394 17.244 17.114 16.899 16.739 16.636 16.479 16.366 16.229 16.059 15.996 15.871 15.769 15.586 15.459 15.306 15.149 14.966 14.924 14.731 14.491 14.489 14.446 14.359 14.271 14.109 14.159 15.694 14.566 13.216 13.181 13.099 13.359 14.521 13.604 12.256 12.264 12.174 12.109 12.404 16.781
20.936 20.861 20.709 20.604 20.516 20.466 20.339 20.171 20.151 20.076 19.936 19.856 19.721 19.581 19.519 19.414 19.254 19.096 19.041 19.031 18.941 18.826 18.644 18.426 18.269 18.124 17.959 17.836 17.726 17.601 17.579 17.461 17.309 17.174 16.974 16.809 16.704 16.551 16.449 16.299 16.144 16.009 15.946 15.796 15.651 15.531 15.326 15.231 15.056 15.001 14.866 14.591 14.496 14.526 14.376 14.306 14.144 14.311 15.844 15.111 13.241 13.201 13.139 12.986 13.779 13.404 12.314 12.314 12.251 12.176 12.311 15.671
20.941 20.871 20.741 20.661 20.561 20.479 20.389 20.221 20.169 20.101 20.014 19.886 19.764 19.666 19.589 19.451 19.301 19.124 19.071 19.064 18.956 18.866 18.696 18.511 18.331 18.209 18.064 17.879 17.739 17.646 17.654 17.541 17.394 17.236 17.051 16.896 16.774 16.619 16.486 16.379 16.226 16.114 15.999 15.849 15.734 15.609 15.444 15.314 15.134 15.044 14.921 14.666 14.556 14.571 14.446 14.324 14.204 14.231 15.726 15.671 13.254 13.191 13.151 12.994 14.094 13.234 12.374 12.411 12.291 12.246 12.389 15.281
20.966 20.916 20.786 20.686 20.599 20.494 20.424 20.241 20.171 20.164 20.029 19.914 19.856 19.719 19.589 19.479 19.326 19.201 19.096 19.039 19.019 18.894 18.739 18.584 18.399 18.244 18.111 17.944 17.791 17.709 17.671 17.579 17.461 17.326 17.159 16.969 16.824 16.664 16.549 16.446 16.299 16.179 16.076 15.944 15.811 15.679 15.506 15.394 15.191 15.104 14.999 14.746 14.611 14.629 14.531 14.381 14.281 14.276 15.636 15.554 13.449 13.271 13.161 13.024 14.629 13.659 12.441 12.446 12.336 12.311 13.454 16.579
21.041 20.921 20.816 20.694 20.589 20.511 20.441 20.294 20.119 20.159 20.081 19.959 19.886 19.726 19.609 19.531 19.371 19.244 19.146 19.079 19.006 18.929 18.824 18.656 18.476 18.279 18.166 18.044 17.891 17.779 17.711 17.624 17.516 17.379 17.246 17.036 16.894 16.764 16.629 16.489 16.361 16.206 16.081 15.976 15.911 15.739 15.599 15.469 15.291 15.189 15.081 14.831 14.701 14.741 14.641 14.439 14.379 14.341 15.631 15.421 13.491 13.419 13.239 13.176 14.486 13.169 12.509 12.481 12.451 12.389 14.206 16.651
21.076 20.929 20.841 20.696 20.601 20.531 20.449 20.341 20.159 20.164 20.059 19.936 19.906 19.769 19.644 19.584 19.441 19.249 19.151 19.084 19.029 18.979 18.869 18.701 18.519 18.339 18.194 18.094 17.944 17.821 17.724 17.666 17.586 17.446 17.321 17.109 16.944 16.829 16.699 16.544 16.436 16.286 16.166 16.061 15.961 15.821 15.691 15.551 15.414 15.274 15.164 14.924 14.789 14.791 14.719 14.596 14.459 14.411 15.449 15.879 13.491 13.414 13.331 13.236 14.784 12.999 12.536 12.559 12.529 12.436 14.211 16.471
21.071 20.966 20.891 20.739 20.639 20.544 20.446 20.356 20.181 20.119 20.131 19.984 19.956 19.814 19.684 19.614 19.501 19.329 19.176 19.116 19.049 18.986 18.884 18.724 18.589 18.401 18.226 18.141 17.974 17.894 17.759 17.736 17.626 17.509 17.411 17.214 17.011 16.889 16.791 16.579 16.456 16.344 16.216 16.084 16.021 15.896 15.756 15.626 15.479 15.326 15.194 15.021 14.811 14.871 14.774 14.719 14.546 14.496 15.249 16.169 13.611 13.596 13.426 13.289 14.739 13.061 12.676 12.654 12.566 12.531 14.794 16.151
21.069 20.971 20.891 20.791 20.654 20.541 20.489 20.371 20.254 20.111 20.134 20.016 19.991 19.834 19.701 19.614 19.566 19.349 19.214 19.154 19.094 19.014 18.924 18.791 18.601 18.439 18.259 18.179 18.049 17.934 17.824 17.736 17.596 17.554 17.451 17.286 17.086 16.921 16.836 16.661 16.539 16.426 16.279 16.161 16.051 15.954 15.816 15.694 15.579 15.406 15.291 15.064 14.869 14.911 14.886 14.816 14.641 14.549 15.381 16.156 13.906 13.749 13.484 13.436 14.664 12.739 12.731 12.681 12.661 12.569 14.944 15.676
21.089 20.979 20.891 20.784 20.666 20.579 20.516 20.431 20.296 20.189 20.176 20.071 19.981 19.854 19.734 19.619 19.581 19.404 19.251 19.166 19.094 19.016 18.939 18.819 18.659 18.506 18.294 18.194 18.081 17.964 17.861 17.801 17.714 17.619 17.506 17.356 17.149 16.996 16.891 16.769 16.631 16.471 16.336 16.231 16.136 16.004 15.894 15.759 15.634 15.471 15.366 15.114 14.981 14.974 14.934 14.866 14.736 14.609 15.694 16.296 13.699 13.779 13.571 13.966 14.614 12.836 12.824 12.774 12.731 12.706 15.221 15.769
21.071 21.001 20.941 20.814 20.684 20.566 20.501 20.446 20.399 20.246 20.151 20.071 20.001 19.879 19.809 19.649 19.579 19.474 19.316 19.191 19.116 19.011 18.921 18.859 18.669 18.531 18.351 18.236 18.129 17.989 17.914 17.859 17.751 17.661 17.561 17.406 17.241 17.066 16.916 16.814 16.689 16.544 16.426 16.284 16.206 16.119 15.956 15.831 15.701 15.541 15.426 15.219 15.094 15.071 14.984 14.961 14.801 14.679 15.661 16.779 14.191 13.689 13.621 13.879 14.456 12.856 12.886 12.834 12.804 12.794 17.811 15.151
21.066 20.979 20.961 20.839 20.706 20.601 20.536 20.486 20.414 20.259 20.154 20.109 20.011 19.921 19.851 19.709 19.629 19.504 19.349 19.196 19.096 18.999 18.934 18.921 18.744 18.571 18.414 18.279 18.181 18.059 17.926 17.884 17.801 17.719 17.621 17.451 17.326 17.164 16.986 16.871 16.761 16.639 16.494 16.361 16.261 16.179 16.039 15.889 15.794 15.601 15.466 15.354 15.216 15.139 15.099 14.999 14.844 14.781 15.499 16.469 14.249 13.794 13.951 14.331 14.396 12.924 12.934 12.899 12.849 12.926 15.721 14.339
21.019 20.996 20.911 20.806 20.721 20.634 20.544 20.474 20.374 20.204 20.116 20.119 20.071 19.961 19.854 19.719 19.639 19.544 19.371 19.221 19.171 19.026 18.991 18.931 18.771 18.639 18.481 18.316 18.194 18.106 17.966 17.894 17.781 17.726 17.666 17.539 17.376 17.209 17.049 16.919 16.806 16.696 16.584 16.406 16.271 16.234 16.094 15.936 15.816 15.661 15.514 15.406 15.241 15.214 15.181 15.079 14.911 14.839 15.591 16.099 13.944 13.746 13.666 14.336 14.114 13.009 13.044 12.954 12.919 13.024 13.334 13.369
20.926 20.974 20.921 20.821 20.784 20.666 20.541 20.456 20.376 20.289 20.104 20.134 20.076 20.006 19.846 19.766 19.639 19.596 19.419 19.269 19.191 19.084 19.016 18.966 18.791 18.681 18.561 18.356 18.254 18.144 18.021 17.976 17.854 17.766 17.726 17.589 17.486 17.309 17.129 16.994 16.871 16.756 16.649 16.494 16.309 16.234 16.181 16.046 15.829 15.751 15.649 15.449 15.276 15.256 15.274 15.201 15.026 14.924 15.414 15.579 14.081 13.751 13.754 14.384 13.551 13.091 13.109 13.031 13.036 13.116 13.234 13.134
20.969 20.966 20.914 20.829 20.761 20.639 20.524 20.464 20.409 20.311 20.161 20.111 20.066 20.011 19.886 19.789 19.646 19.584 19.434 19.289 19.189 19.101 19.034 18.986 18.904 18.769 18.611 18.431 18.286 18.199 18.086 17.994 17.939 17.844 17.774 17.661 17.531 17.371 17.186 17.069 16.949 16.821 16.686 16.616 16.421 16.309 16.246 16.111 15.926 15.831 15.729 15.579 15.396 15.306 15.336 15.301 15.144 15.019 15.124 15.179 14.139 13.854 14.151 14.486 13.541 13.131 13.169 13.101 13.079 13.191 13.316 13.191
20.956 20.909 20.901 20.831 20.731 20.696 20.574 20.496 20.409 20.336 20.156 20.096 20.064 19.999 19.894 19.801 19.664 19.591 19.461 19.284 19.201 19.146 18.994 19.001 18.904 18.789 18.656 18.474 18.349 18.259 18.144 18.019 17.981 17.851 17.811 17.724 17.584 17.421 17.261 17.121 17.021 16.899 16.776 16.644 16.511 16.374 16.309 16.174 16.044 15.951 15.846 15.689 15.466 15.329 15.434 15.381 15.234 15.086 15.129 16.041 14.366 13.886 13.729 14.706 13.344 13.194 13.214 13.141 13.226 13.451 14.579 13.271
20.944 20.846 20.889 20.836 20.736 20.656 20.591 20.474 20.399 20.369 20.206 20.074 20.071 20.024 19.896 19.794 19.684 19.589 19.456 19.331 19.226 19.164 19.006 18.986 18.961 18.829 18.701 18.536 18.406 18.304 18.206 18.079 18.026 17.859 17.826 17.776 17.661 17.461 17.329 17.201 17.096 16.971 16.861 16.761 16.596 16.419 16.329 16.244 16.159 16.011 15.911 15.754 15.506 15.386 15.486 15.439 15.314 15.171 15.369 16.344 14.334 13.959 13.824 15.106 13.221 13.286 13.309 13.249 13.254 13.634 15.291 13.351
