All_lidar/sz6094_DSM_2M.asc
ncols 500
nrows 500
xllcorner    460000
yllcorner    94000
cellsize     2
NODATA_value -9999
[rows 363 to 395 of 500, columns 150 to 224 of 500]
-1.999 -1.952 -2.002 -2.086 -2.116 -2.175 -1.975 -1.975 -1.948 -1.982 -1.992 -2.05 -2.087 -2.065 -1.99 -1.966 -1.971 -2.011 -2.055 -2.122 -2.054 -1.942 -2.038 -1.931 -1.938 -2.028 -2.01 -2.035 -2.081 -2.09 -2.008 -2.057 -1.948 -2.046 -2.044 -2.026 -2.057 -2.043 -1.965 -1.991 -1.944 -2.049 -1.985 -2.014 -2.073 -2.042 -1.965 -2.023 -2.025 -2.029 -2.034 -1.977 -2.048 -2.021 -2.004 -2.011 -2.007 -2.001 -2.046 -2.007 -2.07 -2.02 -1.98 -1.939 -1.984 -1.963 -1.931 -2.019 -1.984 -2.014 -2.018 -2.001 -1.976 -1.939 -2.047
-2.053 -1.96 -1.921 -2.113 -2.031 -2.084 -1.983 -1.944 -1.934 -1.934 -2.095 -2.071 -2.093 -2.032 -1.964 -1.938 -1.958 -2.036 -2.04 -2.078 -2.046 -2.009 -1.993 -2.026 -1.94 -2.021 -2.08 -1.999 -2.004 -2.038 -1.975 -1.983 -1.995 -1.996 -2.076 -1.992 -2.083 -2 -1.964 -1.941 -1.928 -2.042 -2.015 -2 -2.034 -2.07 -1.989 -1.97 -2.04 -2.069 -2.017 -2.053 -2.039 -2.001 -1.974 -1.957 -1.946 -2.017 -1.991 -1.959 -1.973 -1.978 -2.016 -1.981 -2.01 -1.945 -1.954 -2.024 -2.009 -2.035 -2.037 -1.982 -2.004 -1.978 -1.934
-1.98 -1.927 -2.029 -1.952 -2.084 -2.087 -1.994 -1.994 -1.968 -1.991 -1.986 -2.113 -2.076 -2.059 -1.987 -1.943 -1.983 -2.004 -1.983 -2.043 -2.024 -1.953 -1.982 -1.984 -1.924 -2.019 -2.09 -2.126 -2.06 -2.02 -1.992 -1.972 -2.039 -1.984 -2.042 -2.034 -2.046 -2.03 -1.957 -1.977 -1.952 -2.021 -2.037 -1.96 -2.02 -2.095 -1.963 -2.022 -1.983 -1.958 -2.04 -2.017 -2.054 -2 -1.976 -1.998 -1.979 -2.001 -1.996 -2.03 -2.032 -1.95 -2.061 -1.995 -1.991 -1.979 -2.02 -1.965 -2.016 -2.078 -1.996 -2.025 -1.956 -2.03 -2.043
-2.045 -1.973 -2.049 -2.068 -2.067 -2.083 -1.952 -2.05 -1.978 -1.98 -2.058 -2.066 -2.096 -2.038 -2.011 -2.029 -1.995 -2.014 -2.087 -2.072 -2.005 -1.996 -1.947 -2.017 -2.02 -2.041 -2.019 -2.013 -2.009 -2.089 -2.02 -2.054 -2.018 -2.092 -1.992 -2.007 -2.058 -2.038 -1.979 -1.899 -1.969 -2.002 -2.02 -1.978 -2.012 -2.014 -1.978 -1.991 -1.995 -2.044 -2.054 -2.038 -2.037 -1.99 -1.941 -1.957 -2.011 -2.023 -2.046 -1.993 -2.077 -1.971 -1.949 -2.086 -1.986 -1.964 -2.05 -1.967 -1.986 -2.113 -2.004 -2.017 -2.013 -1.999 -1.959
-2.005 -1.984 -1.975 -1.964 -2.141 -2.056 -1.991 -1.92 -1.998 -2.028 -1.956 -2.043 -2.037 -2.115 -2.067 -2.027 -1.972 -2.052 -2.052 -2.044 -2.034 -1.962 -2.012 -2.031 -1.989 -2.008 -2.042 -1.962 -1.982 -2.056 -2 -2.035 -1.993 -2.06 -2.035 -2.059 -1.992 -2.006 -1.983 -1.949 -2.01 -2.035 -2.004 -2.007 -1.996 -2.061 -1.989 -2.007 -2.055 -2.045 -2.037 -2.013 -1.991 -2.028 -1.937 -2.037 -1.988 -1.956 -1.992 -1.985 -2.009 -2.001 -1.957 -2.048 -2.099 -1.948 -2.047 -1.994 -1.99 -1.998 -1.936 -2.014 -1.955 -1.97 -1.958
-2.056 -1.95 -1.999 -2.018 -2.014 -1.97 -2.001 -2.005 -1.999 -2.01 -1.988 -2.09 -2.052 -1.99 -1.972 -1.961 -2.005 -2.039 -2.043 -2.072 -2.025 -1.96 -1.994 -1.985 -2.005 -2.019 -2.049 -2.02 -2.029 -2.009 -2 -2.061 -2.033 -2.008 -2.074 -2.07 -2.017 -1.977 -2.024 -2.039 -1.969 -2.019 -1.962 -1.985 -2.049 -2.043 -2.048 -1.995 -2.019 -2.012 -2.022 -2.058 -2.066 -1.991 -1.947 -2.039 -2.014 -2.028 -2.038 -1.977 -1.981 -2.031 -1.994 -1.976 -2.037 -1.997 -1.997 -2.01 -1.987 -2.022 -2.013 -2.008 -2.023 -1.982 -1.989
-2.007 -1.934 -2.023 -2.033 -2.036 -2.023 -2.012 -2.032 -1.976 -2.039 -2.019 -1.979 -2.043 -2.025 -1.95 -1.986 -1.963 -2.063 -2.16 -1.99 -2.07 -1.922 -2.015 -2.058 -2.006 -2.052 -2.053 -2.037 -1.992 -1.976 -1.984 -2.035 -2.03 -2.046 -1.994 -1.976 -2.014 -2.024 -2.018 -2.035 -2.029 -2.03 -1.993 -1.982 -1.981 -2.001 -1.989 -2.059 -1.994 -1.999 -2 -1.965 -2.036 -1.971 -1.95 -1.993 -2.054 -1.993 -1.962 -1.99 -1.994 -2.065 -1.957 -2.013 -2.05 -2.023 -2.056 -1.964 -2.021 -2.063 -2.007 -2.031 -2.014 -1.915 -1.988
-2.011 -2.019 -2.005 -2.042 -2.05 -2.067 -1.98 -1.956 -1.95 -2.053 -2.001 -2.066 -2.019 -1.985 -1.985 -1.984 -1.99 -2.042 -2.052 -1.981 -2.033 -2.037 -1.952 -2 -2.065 -2 -2.013 -2.02 -1.963 -1.977 -2.023 -2.096 -2.021 -2.022 -1.984 -2.11 -2.003 -1.988 -1.954 -2.017 -2.076 -2.005 -2.021 -1.995 -1.966 -1.959 -2.005 -2.05 -2.067 -2.052 -2.046 -1.919 -1.994 -1.969 -1.986 -1.947 -2.021 -2.033 -2.08 -2.04 -2.036 -1.978 -1.968 -1.961 -2.007 -2.054 -2.027 -1.961 -2.036 -1.959 -2.048 -1.996 -1.95 -2.036 -1.977
-1.993 -1.968 -1.947 -2.062 -2.026 -2.086 -2.041 -1.988 -1.984 -2.039 -1.992 -2.011 -2.053 -1.961 -1.956 -1.995 -2.047 -2.077 -2.072 -2.047 -2.019 -1.939 -1.98 -2.011 -2.016 -1.99 -1.986 -2.038 -1.989 -1.944 -1.999 -2.063 -2.112 -1.999 -1.959 -2.075 -1.999 -2.005 -1.967 -2.028 -2.125 -2.024 -1.963 -2.053 -1.999 -2.011 -2.039 -2.027 -2.051 -2.048 -2.09 -1.949 -2.014 -2.002 -1.938 -1.996 -1.946 -1.967 -2.058 -2.02 -2.002 -2.013 -1.983 -1.995 -2.116 -2.008 -2.078 -1.988 -2.05 -2.016 -2.032 -2.035 -1.992 -1.974 -2.005
-1.969 -2.039 -1.98 -2.107 -2.069 -1.982 -2.009 -1.98 -1.978 -2.123 -2.074 -2.068 -1.967 -2.052 -2.009 -1.935 -2.025 -2.09 -2.108 -2.015 -1.98 -1.956 -2.041 -2.012 -2.039 -2.036 -1.885 -2.002 -2.051 -2.08 -2.042 -2.096 -2.016 -1.93 -1.936 -1.977 -1.996 -2.065 -2 -1.999 -2.057 -2.04 -1.918 -2.06 -1.99 -1.958 -2.032 -2.1 -2.03 -2.063 -2.072 -2.011 -1.961 -1.99 -2.004 -2.006 -2.021 -1.968 -2.018 -2.023 -1.964 -2.015 -2.004 -1.945 -2.057 -2.039 -1.985 -1.94 -1.95 -1.968 -2.041 -2.053 -1.993 -1.976 -2.014
-2 -2.082 -1.991 -1.983 -2.027 -2.029 -2.039 -1.92 -2.007 -2.124 -2.055 -2.068 -1.965 -1.993 -1.961 -2.016 -1.997 -2.104 -2.115 -2.007 -2.016 -2.012 -2.017 -2.016 -2.076 -2.051 -1.928 -2.011 -1.978 -2.062 -2.086 -2.105 -2.01 -1.964 -1.948 -2.001 -1.967 -2.035 -2.044 -2.041 -2.067 -2.009 -1.913 -2.003 -1.979 -2.024 -2.016 -2.117 -2.015 -2.017 -2.028 -1.955 -1.978 -2.007 -2.06 -1.986 -2.029 -1.977 -1.977 -1.979 -1.952 -2.024 -1.995 -2.043 -2.033 -2.004 -1.983 -2.016 -1.938 -1.969 -2.04 -1.98 -2.017 -1.979 -2.032
-2.093 -2.132 -2.094 -2.005 -2.019 -2.079 -1.962 -1.928 -2.067 -2.035 -2.065 -2.018 -1.952 -1.935 -2.037 -2.116 -1.961 -1.934 -1.945 -2.024 -1.996 -1.967 -2.081 -2.081 -2.082 -2 -1.909 -1.989 -1.987 -2.068 -2.089 -2.058 -2.103 -2.016 -1.963 -1.974 -1.989 -2.017 -2.076 -2.114 -1.996 -1.998 -1.943 -1.985 -1.993 -1.987 -1.978 -1.99 -2.049 -1.998 -2.02 -1.994 -2.013 -2.045 -2.054 -2.042 -2.013 -2.024 -2 -1.967 -1.971 -2.003 -2.037 -2.05 -1.978 -2.106 -2.007 -1.995 -1.934 -2.04 -1.965 -2.035 -2.016 -2.046 -1.967
-1.995 -2.004 -2.008 -2.033 -2.122 -2.02 -1.958 -2.01 -2.085 -2.033 -2.028 -2.057 -2.026 -1.972 -1.956 -2.05 -2.018 -1.994 -2.012 -2.052 -1.985 -1.999 -2.052 -2.102 -2.015 -1.981 -1.908 -1.93 -1.961 -2.058 -2.142 -2.04 -2.073 -2.008 -1.919 -1.965 -1.943 -2.024 -2.045 -2.086 -2.1 -2.02 -1.919 -1.995 -1.992 -1.995 -2.095 -2.003 -2.004 -2.082 -2 -2.014 -1.974 -2.006 -1.982 -2.071 -1.999 -2.018 -1.892 -2.073 -2.012 -2.078 -2.017 -2.049 -1.973 -2.031 -2.043 -1.961 -1.986 -1.999 -1.935 -2.041 -2.051 -2.002 -2.029
-2.081 -2.064 -2.063 -2.017 -2.017 -2.055 -1.957 -2.034 -2.089 -2.053 -2.083 -1.985 -2.012 -1.972 -1.975 -2.056 -2.035 -1.993 -1.986 -2.018 -2.029 -2.082 -2.157 -2.066 -2.002 -2.013 -1.926 -1.906 -1.971 -2.03 -2.036 -2.124 -2.111 -1.968 -1.931 -1.968 -1.955 -2.044 -2.025 -2.051 -2.096 -1.967 -1.948 -1.952 -2.008 -1.983 -2.026 -2.043 -2.006 -1.982 -1.984 -1.969 -2.024 -1.997 -2.019 -1.958 -2.029 -1.985 -1.981 -1.971 -1.989 -1.956 -2.059 -2.041 -1.992 -2.031 -2.035 -2.042 -1.951 -2.014 -2.012 -2.008 -2.033 -2.005 -2.011
-2.106 -2.084 -2.05 -1.998 -1.986 -2.025 -1.995 -1.939 -2.013 -2.046 -1.925 -1.95 -2.018 -1.993 -1.983 -2.059 -2.121 -2.002 -1.999 -2.013 -1.952 -2.006 -2.084 -2.087 -2.037 -2.009 -1.88 -1.934 -1.996 -2.052 -2.033 -2.061 -1.998 -2.002 -2.013 -1.974 -2.034 -2.041 -2.032 -2.022 -2.05 -2.037 -1.955 -1.949 -2.084 -2.008 -2.054 -2.078 -2.097 -1.95 -1.968 -1.979 -1.994 -1.993 -2.062 -2.056 -1.983 -1.975 -1.926 -2.014 -1.966 -1.979 -1.985 -2.064 -2.022 -1.978 -2.011 -2.005 -1.95 -2.022 -2.012 -1.966 -2.042 -1.946 -1.966
-2.024 -2.079 -2.031 -2 -1.993 -2.01 -1.976 -1.926 -2.069 -2.145 -2.02 -1.975 -1.987 -2.05 -1.994 -2.01 -2.039 -1.985 -2.028 -1.994 -2.029 -2.01 -2.087 -2.224 -2.013 -1.983 -1.924 -1.931 -1.977 -2.017 -2.073 -2.076 -2.042 -2.027 -1.992 -1.966 -2.051 -2.05 -2.01 -2.028 -1.992 -1.986 -1.958 -2.005 -2.113 -2.08 -1.975 -2.042 -2.001 -1.973 -1.999 -1.991 -2.039 -2.116 -2.103 -1.989 -1.975 -2.016 -1.951 -1.946 -1.98 -1.997 -1.964 -2.017 -2.037 -1.947 -1.997 -2.029 -1.932 -1.971 -2.004 -2.037 -2.016 -1.987 -1.963
-2.052 -2.062 -2.067 -2.027 -1.983 -2.013 -2.027 -1.995 -2.036 -2.048 -1.97 -1.955 -1.99 -2.028 -2.119 -2.044 -2.002 -1.972 -2.006 -2.002 -2.045 -1.991 -2.083 -2.118 -2.064 -1.952 -1.912 -1.949 -1.981 -2.073 -2.113 -2.03 -1.972 -2.012 -1.978 -2.006 -2.075 -2.028 -1.971 -2.069 -1.996 -1.949 -1.981 -2.025 -2.029 -2.047 -2.083 -2.042 -1.975 -1.989 -1.933 -1.986 -1.987 -2.008 -2.123 -2.046 -1.957 -2.014 -1.949 -1.903 -1.992 -2.045 -1.979 -2.086 -2.048 -1.986 -2.004 -2.007 -1.992 -1.97 -1.995 -2.027 -2.003 -1.986 -2.023
-2.115 -2.075 -2.162 -2.062 -2.061 -2.017 -2.059 -2.015 -2.002 -2.041 -1.99 -1.961 -1.998 -2.151 -2.152 -2.048 -2.043 -1.968 -2.03 -1.972 -2.048 -2.037 -2.067 -2.099 -2.099 -1.927 -1.981 -1.947 -1.992 -2.039 -2.106 -2.065 -2.004 -1.969 -1.986 -2.012 -2.061 -2.087 -1.994 -1.978 -1.977 -1.935 -1.948 -1.988 -2.02 -2.079 -2.08 -1.956 -2.037 -1.937 -2.01 -2.028 -2.038 -2.033 -2.065 -2.075 -1.933 -2.019 -1.927 -1.89 -2.013 -2.031 -1.979 -2.032 -2.033 -1.974 -1.967 -1.973 -2.007 -1.982 -2.036 -2.018 -2.032 -1.982 -1.983
-2.087 -2.053 -2.067 -2.067 -2.016 -2.04 -2.071 -2.104 -9999 -2.012 -2.037 -1.988 -1.964 -2.152 -2.169 -2.038 -2.145 -1.91 -1.959 -1.986 -2.009 -2.032 -2.097 -2.148 -2.083 -1.953 -1.876 -2.021 -2.037 -2.082 -2.08 -2.084 -2.034 -1.986 -2.034 -1.994 -1.982 -2.124 -2.021 -1.955 -2.021 -1.923 -1.983 -1.954 -2.056 -2.08 -2.037 -2.028 -1.968 -1.968 -1.963 -1.981 -2.068 -2.034 -2.051 -2.083 -1.994 -1.899 -2.047 -1.922 -1.941 -2.016 -2.034 -2.017 -2.045 -1.961 -1.998 -1.951 -2.058 -2.034 -2.056 -2.105 -2.025 -2.03 -1.952
-2.053 -2.039 -2.04 -2.147 -2.04 -2.18 -2.095 -2.077 -2.001 -2.043 -1.952 -1.93 -2.035 -2.056 -2.098 -2.102 -2.03 -2.041 -1.964 -1.958 -9999 -2.024 -2.12 -2.148 -2.077 -2.004 -1.91 -1.941 -2.122 -2.035 -2.017 -2.044 -2.074 -1.896 -2.006 -1.988 -2.036 -2.123 -1.997 -2.001 -1.983 -1.997 -1.967 -1.999 -2.038 -2.071 -2.054 -2.047 -1.981 -1.957 -1.928 -1.996 -2.012 -2.045 -2.002 -2.101 -1.961 -1.914 -1.996 -1.977 -2.01 -2.009 -2.06 -2.083 -1.991 -2.001 -1.897 -1.954 -2.051 -2.013 -1.99 -2.113 -2.075 -2.008 -1.98
-2.058 -2.091 -2.049 -1.964 -2.055 -2.101 -2.15 -2.072 -2.107 -1.975 -1.967 -1.926 -2.05 -2.005 -2.073 -2.044 -2.06 -2.018 -1.936 -1.954 -2.028 -2.06 -2.069 -2.069 -2.175 -2.011 -1.906 -1.941 -2.016 -2.142 -2.029 -1.986 -1.991 -1.964 -2.026 -2.023 -2.068 -2.141 -2.072 -1.977 -1.948 -1.965 -1.986 -2.028 -2.091 -2.057 -2.013 -1.983 -1.997 -1.947 -1.95 -2.121 -2.116 -2.07 -2.038 -2.07 -2.002 -1.93 -1.949 -1.984 -2.025 -2.013 -2.033 -2.061 -2.02 -1.933 -1.912 -1.981 -1.995 -2.028 -2.003 -2.021 -2.051 -1.956 -1.917
-2.092 -9999 -2.045 -2.014 -1.957 -2.048 -2.169 -2.104 -2.02 -1.974 -1.99 -1.941 -1.966 -1.996 -2.099 -2 -1.963 -2.014 -1.918 -2.011 -2.01 -2.091 -2.116 -2.033 -2.032 -2.048 -1.988 -2.005 -2.019 -2.091 -2.007 -2.033 -1.94 -1.968 -2.031 -2.057 -2.055 -2.037 -1.996 -2.01 -1.951 -1.983 -1.989 -2.039 -2.106 -2.063 -2.014 -1.986 -2.025 -1.999 -1.9 -2.037 -2.086 -2.012 -1.997 -2.047 -2.07 -1.947 -1.946 -1.953 -2.078 -2.082 -1.971 -2.077 -2.061 -1.911 -1.983 -2.007 -2.014 -2.043 -2.032 -2.086 -2.026 -1.995 -1.961
-2.04 -2.094 -1.993 -2.004 -2.008 -2.074 -2.084 -2.064 -1.988 -1.955 -1.942 -1.97 -2.008 -2.077 -2.127 -2.12 -2.001 -1.972 -1.972 -1.961 -2.089 -2.077 -2.086 -2.017 -2.023 -1.957 -2.022 -2.025 -1.968 -2.042 -2.013 -1.992 -1.9 -1.968 -2.03 -2.032 -2.083 -2.09 -2.046 -2.029 -1.997 -1.9 -2.032 -2.064 -2.115 -2.047 -2.016 -1.952 -2.001 -2.066 -2.052 -1.958 -2.06 -2.084 -2.061 -2.026 -2.033 -1.933 -1.983 -2.046 -2.008 -2.13 -2.061 -2.079 -2.019 -1.946 -1.992 -1.954 -2.024 -2.025 -2.06 -2.098 -2.045 -1.956 -2.05
-2.097 -2.04 -2.038 -2.074 -2.169 -2.087 -2.079 -2.125 -9999 -1.831 -1.9 -1.933 -1.961 -2.019 -2.064 -2.063 -2.065 -1.944 -1.969 -1.968 -2.078 -2.043 -2.175 -2.153 -1.961 -2.003 -2.04 -1.977 -2.055 -1.998 -2.034 -1.996 -1.982 -1.922 -2.017 -2.064 -2.145 -2.089 -2.016 -1.918 -2.022 -1.967 -2.034 -2.008 -2.026 -2.047 -1.991 -1.944 -1.981 -2.048 -1.923 -2.103 -2.033 -2.099 -2.048 -1.965 -2.01 -1.934 -1.963 -1.97 -2.008 -2.114 -2.063 -2.009 -2.055 -1.975 -1.952 -1.904 -2.036 -2.052 -2.033 -2.034 -2.074 -1.981 -2.024
-2.049 -2.031 -2.015 -2.038 -2.053 -2.11 -2.057 -2.08 -2.09 -9999 -1.901 -1.992 -2.038 -2.023 -2.086 -2.092 -2.11 -1.986 -1.97 -1.964 -2.062 -2.088 -2.029 -2.047 -1.991 -1.914 -2.043 -2.048 -2.12 -2.049 -2.127 -2.025 -2.007 -1.913 -1.959 -2.084 -2.041 -2.047 -2.025 -1.956 -1.958 -1.922 -2.067 -2.01 -2.011 -2.037 -2.082 -1.992 -1.959 -1.944 -1.982 -2.035 -2.058 -2.067 -2.05 -1.977 -2.023 -1.984 -1.939 -2.054 -1.988 -1.979 -2.019 -2.012 -1.977 -2.058 -1.952 -1.917 -1.978 -2.023 -2.042 -2.03 -2.06 -1.952 -1.98
-2.029 -2.014 -2.028 -2.018 -2.042 -2.034 -2.118 -2.143 -2.067 -1.909 -1.959 -1.978 -2.035 -1.996 -2.049 -2.057 -2.128 -2.033 -1.927 -2.014 -2.004 -2.017 -2.075 -2.044 -2.04 -2.095 -2.012 -2.054 -2.111 -2.043 -2.003 -1.976 -1.994 -1.975 -1.958 -2.006 -2.142 -2.04 -2.022 -2.013 -1.976 -1.982 -2.066 -2.026 -2.003 -2.005 -2.06 -2.056 -2.007 -1.93 -2.024 -2.029 -2.076 -2.04 -2.038 -1.926 -1.964 -1.992 -1.947 -2.02 -1.981 -2.09 -2.019 -2.007 -1.973 -2.009 -2.008 -1.991 -1.971 -1.974 -2.042 -2.033 -2.063 -1.998 -1.971
-2.017 -1.999 -1.996 -1.972 -1.984 -2.029 -2.101 -2.155 -2.036 -1.992 -1.997 -1.937 -2.013 -2.058 -9999 -2.018 -1.988 -1.972 -1.992 -1.991 -2.101 -2.074 -2.035 -1.993 -2.029 -1.97 -1.921 -2.086 -2.017 -2.088 -2.029 -2.062 -1.932 -1.958 -2.013 -1.953 -2.178 -2.077 -1.972 -1.972 -1.959 -2.019 -2.027 -2.078 -2.024 -1.956 -1.967 -2.022 -1.968 -1.944 -1.992 -2.107 -2.092 -2.078 -2.06 -1.997 -1.984 -1.926 -1.944 -1.987 -2.005 -2.023 -1.983 -2.042 -1.941 -1.983 -1.94 -2.019 -2.087 -2.065 -2.025 -2.096 -2.052 -1.972 -1.957
-9999 -2.003 -2.018 -1.983 -2.027 -2.092 -2.121 -2.119 -2.029 -1.906 -2.01 -1.881 -1.991 -2.061 -9999 -2.033 -2.066 -1.973 -1.935 -2.014 -2.042 -2.104 -2.067 -2.017 -2.047 -2.028 -2.041 -2.011 -2.09 -2.054 -2.097 -2.011 -1.987 -1.937 -2.027 -1.996 -2.072 -2.081 -2.024 -1.993 -1.95 -2.001 -2.006 -2.046 -2.169 -2.02 -2.013 -1.969 -2.015 -1.962 -1.992 -2.052 -2.06 -2.078 -1.986 -2.023 -2.065 -1.981 -1.957 -2.05 -2.043 -2.032 -2.02 -1.985 -1.939 -1.931 -2.001 -1.988 -2.032 -2.059 -2.037 -2.015 -2.071 -2.002 -1.938
-2.056 -1.996 -2.072 -2.117 -2.001 -2.093 -2.053 -2.11 -2.11 -1.994 -2.066 -2.04 -1.96 -2.061 -2.042 -9999 -2.083 -1.96 -1.948 -2.016 -2.064 -2.006 -1.999 -1.946 -1.956 -1.948 -1.989 -1.996 -2.164 -1.999 -2.036 -1.926 -1.922 -1.936 -2.03 -2.036 -2.02 -2.052 -2.03 -1.965 -1.946 -1.925 -1.998 -2.078 -2.146 -2 -1.992 -1.952 -1.987 -2.001 -1.998 -2.032 -2.068 -2.062 -1.982 -2.006 -1.967 -1.969 -1.959 -2.021 -2.079 -2.007 -2.03 -1.972 -1.968 -1.91 -1.95 -2.025 -1.974 -2.058 -1.994 -2.03 -2.008 -2.042 -1.981
-2.127 -2.085 -1.999 -2.078 -2.003 -2.1 -2.1 -2.175 -2.059 -2.032 -2.015 -2.031 -2.006 -2.002 -2.034 -9999 -2.025 -1.967 -2.067 -2.004 -2.032 -2.049 -2.011 -2.009 -1.992 -2.01 -2.028 -2.083 -2.069 -2.009 -2.025 -2.041 -1.979 -1.982 -1.95 -2.039 -2.065 -2.163 -2.033 -1.951 -2.063 -2.08 -1.938 -2.03 -2.13 -1.992 -1.964 -1.986 -1.98 -1.975 -2.002 -2.037 -2.065 -2.033 -2.021 -1.971 -1.936 -1.95 -1.979 -2.07 -2.008 -2.01 -2.012 -2.008 -1.941 -1.939 -2.031 -1.968 -1.997 -2.079 -1.98 -2.046 -1.988 -1.982 -1.978
-2.065 -2.094 -1.997 -2.142 -2.105 -2.024 -2.066 -2.126 -2.087 -2.039 -2.031 -2.062 -2.068 -1.973 -2.081 -2.011 -2.066 -2.016 -2.072 -2.003 -2.006 -2.024 -2.088 -2.14 -1.992 -2.061 -2.123 -2.014 -2.038 -2.054 -2.006 -1.969 -1.941 -1.941 -2.012 -2.044 -2.045 -2.226 -2.041 -1.932 -1.939 -2.012 -1.968 -1.921 -2.079 -2.059 -1.994 -2.063 -2.04 -2.023 -2.043 -2.059 -2.072 -2.049 -1.962 -1.979 -1.954 -2.043 -1.996 -1.99 -2.002 -2.033 -2.003 -1.969 -1.995 -1.947 -1.989 -1.999 -1.981 -2.1 -2.089 -1.978 -1.943 -2.023 -1.975
-2.02 -1.963 -2.072 -2.059 -2.041 -2.052 -2.062 -2.075 -2.119 -2.032 -1.989 -9999 -2.015 -1.985 -2.018 -9999 -2.017 -1.987 -1.997 -2.114 -2.078 -2.079 -2.033 -2.002 -2.075 -1.964 -1.998 -2.073 -2.047 -2.014 -2.009 -2.071 -2.016 -1.955 -2.029 -2.028 -2.068 -2.001 -1.983 -1.986 -1.964 -2.103 -2.051 -1.966 -2.075 -2.136 -1.993 -2.01 -1.956 -1.969 -2.049 -2.04 -2.032 -2.014 -1.976 -1.954 -2.013 -2.036 -2.025 -1.992 -1.997 -1.999 -1.978 -1.934 -2.01 -1.929 -1.979 -2.018 -1.995 -2.008 -2.035 -1.956 -2.016 -1.972 -1.958
-2.164 -2.03 -2.026 -2.072 -9999 -2.021 -2.133 -2.064 -2.119 -2.12 -2.061 -2.044 -2.075 -2.068 -1.993 -2.031 -2.027 -2.003 -2.099 -2.063 -2.038 -2.042 -1.962 -2.023 -2.008 -2.08 -2.055 -2.054 -2.063 -1.983 -2.042 -2.095 -2.041 -2.053 -2.039 -2.133 -2.09 -2 -2.032 -2.025 -1.95 -2.036 -2.092 -2.098 -2.024 -2.038 -1.952 -1.97 -2.014 -2.032 -2.048 -2.058 -1.989 -2.055 -1.974 -1.973 -1.99 -2.01 -2.01 -2.031 -2.004 -1.998 -1.949 -1.932 -1.967 -1.999 -2.049 -2.035 -1.998 -2.048 -2.006 -1.965 -1.959 -1.967 -1.989
