All_lidar/sz6087_DSM_2M.asc
ncols 500
nrows 500
xllcorner    460000
yllcorner    87000
cellsize     2
NODATA_value -9999
[rows 160 to 191 of 500, columns 360 to 431 of 500]
18.054 17.839 17.619 17.401 17.189 16.991 16.786 16.579 16.366 16.196 16.031 15.811 15.554 15.374 15.191 14.979 14.759 14.541 14.334 14.146 13.914 13.696 13.511 13.306 13.056 12.836 12.644 12.421 12.201 12.006 11.854 11.684 11.476 11.296 11.139 10.909 10.754 10.586 10.419 10.241 10.041 9.874 9.706 9.536 9.359 9.174 9.029 8.889 8.774 8.631 8.456 8.319 8.166 8.061 7.921 7.794 7.679 7.586 7.431 7.341 7.254 7.199 7.084 7.026 6.966 6.846 6.776 6.704 7.284 7.414 6.831 6.554
18.076 17.861 17.646 17.404 17.199 16.984 16.826 16.634 16.419 16.236 16.074 15.866 15.616 15.414 15.216 15.004 14.781 14.594 14.374 14.204 13.944 13.761 13.566 13.359 13.104 12.889 12.666 12.496 12.241 12.064 11.891 11.686 11.484 11.304 11.151 10.959 10.801 10.629 10.449 10.271 10.106 9.921 9.766 9.604 9.429 9.221 9.066 8.946 8.806 8.671 8.504 8.384 8.251 8.144 8.009 7.844 7.734 7.624 7.474 7.339 7.279 7.221 7.101 7.061 6.986 6.909 6.826 6.766 6.714 7.566 6.991 6.646
18.111 17.869 17.639 17.444 17.236 17.019 16.841 16.639 16.414 16.219 16.056 15.864 15.684 15.451 15.271 15.036 14.821 14.656 14.441 14.234 14.006 13.829 13.576 13.371 13.164 12.936 12.734 12.521 12.321 12.131 11.911 11.731 11.564 11.371 11.211 11.046 10.824 10.664 10.489 10.289 10.154 9.986 9.836 9.669 9.489 9.304 9.134 9.029 8.866 8.726 8.559 8.416 8.294 8.176 8.044 7.916 7.799 7.696 7.544 7.391 7.286 7.221 7.156 7.079 7.031 6.951 6.869 6.811 6.769 7.031 7.584 6.656
18.111 17.891 17.644 17.414 17.219 17.031 16.849 16.644 16.446 16.254 16.096 15.919 15.689 15.474 15.266 15.061 14.856 14.719 14.496 14.256 14.051 13.866 13.614 13.406 13.194 12.984 12.789 12.549 12.339 12.129 11.939 11.774 11.626 11.399 11.204 11.054 10.894 10.706 10.551 10.374 10.209 10.061 9.864 9.691 9.556 9.399 9.206 9.051 8.926 8.774 8.621 8.464 8.346 8.256 8.094 7.951 7.836 7.726 7.589 7.441 7.349 7.234 7.151 7.084 7.019 6.966 6.891 6.851 6.811 6.749 8.114 7.976
18.099 17.889 17.646 17.414 17.219 17.059 16.876 16.679 16.449 16.276 16.091 15.906 15.726 15.514 15.314 15.146 14.866 14.701 14.531 14.289 14.036 13.859 13.631 13.439 13.216 13.034 12.811 12.586 12.379 12.166 12.009 11.826 11.624 11.451 11.259 11.099 10.959 10.744 10.606 10.444 10.264 10.096 9.934 9.761 9.634 9.479 9.289 9.119 8.981 8.831 8.691 8.529 8.389 8.289 8.164 7.996 7.859 7.759 7.634 7.481 7.379 7.271 7.189 7.116 7.064 6.989 6.919 6.866 6.816 6.754 7.794 8.906
18.094 17.856 17.619 17.409 17.234 17.094 16.869 16.654 16.454 16.294 16.099 15.936 15.716 15.491 15.319 15.146 14.876 14.716 14.549 14.329 14.074 13.861 13.664 13.479 13.264 13.036 12.809 12.614 12.381 12.214 12.036 11.806 11.631 11.459 11.319 11.156 10.974 10.774 10.614 10.501 10.316 10.159 9.989 9.841 9.691 9.501 9.331 9.176 9.014 8.871 8.724 8.579 8.429 8.311 8.206 8.051 7.929 7.791 7.671 7.521 7.406 7.286 7.216 7.146 7.056 6.996 6.939 6.861 6.819 6.786 6.759 8.674
18.069 17.854 17.639 17.406 17.236 17.076 16.844 16.629 16.461 16.289 16.139 15.934 15.706 15.516 15.319 15.131 14.899 14.676 14.534 14.371 14.104 13.864 13.684 13.491 13.261 13.059 12.861 12.666 12.441 12.284 12.064 11.856 11.671 11.511 11.361 11.201 11.021 10.834 10.671 10.546 10.359 10.191 10.029 9.906 9.709 9.556 9.366 9.194 9.036 8.914 8.749 8.601 8.466 8.324 8.234 8.101 7.971 7.839 7.704 7.549 7.416 7.311 7.226 7.146 7.089 7.004 6.946 6.871 6.821 6.749 6.754 7.869
18.029 17.854 17.641 17.416 17.221 17.034 16.834 16.616 16.459 16.309 16.129 15.926 15.739 15.521 15.346 15.126 14.916 14.731 14.571 14.346 14.131 13.874 13.684 13.486 13.291 13.089 12.904 12.721 12.511 12.286 12.076 11.911 11.751 11.581 11.394 11.239 11.046 10.869 10.714 10.551 10.404 10.231 10.071 9.939 9.799 9.594 9.406 9.249 9.099 8.976 8.784 8.696 8.541 8.401 8.271 8.156 8.014 7.876 7.731 7.609 7.439 7.341 7.244 7.164 7.104 7.011 6.941 6.871 6.829 6.754 6.784 7.704
17.996 17.809 17.614 17.396 17.221 17.026 16.834 16.646 16.491 16.296 16.121 15.939 15.739 15.559 15.366 15.134 14.926 14.711 14.541 14.364 14.184 13.896 13.699 13.524 13.359 13.111 12.909 12.704 12.509 12.309 12.126 11.919 11.751 11.599 11.426 11.224 11.081 10.909 10.756 10.589 10.431 10.264 10.074 9.916 9.794 9.601 9.469 9.329 9.129 9.011 8.846 8.701 8.559 8.446 8.301 8.166 8.029 7.921 7.794 7.616 7.469 7.364 7.239 7.159 7.116 7.039 6.966 6.889 6.816 6.766 6.721 6.756
17.986 17.791 17.589 17.384 17.236 17.021 16.816 16.636 16.471 16.289 16.101 15.921 15.726 15.576 15.359 15.129 14.926 14.734 14.546 14.366 14.164 13.916 13.701 13.504 13.364 13.159 12.956 12.744 12.541 12.341 12.176 11.959 11.771 11.631 11.441 11.271 11.099 10.949 10.779 10.611 10.466 10.321 10.129 9.951 9.821 9.619 9.474 9.351 9.181 9.061 8.886 8.749 8.589 8.464 8.349 8.204 8.076 7.951 7.836 7.664 7.516 7.376 7.269 7.194 7.101 6.999 6.934 6.849 6.769 6.714 6.654 6.654
17.931 17.761 17.596 17.416 17.244 16.991 16.786 16.604 16.469 16.284 16.106 15.931 15.741 15.559 15.349 15.136 14.924 14.734 14.554 14.349 14.176 13.929 13.719 13.521 13.344 13.196 12.976 12.746 12.564 12.396 12.171 12.001 11.824 11.669 11.519 11.324 11.149 11.001 10.809 10.671 10.509 10.374 10.181 10.011 9.856 9.676 9.531 9.374 9.236 9.094 8.946 8.801 8.631 8.506 8.379 8.234 8.116 7.999 7.876 7.691 7.526 7.411 7.291 7.201 7.094 7.026 6.929 6.829 6.729 6.651 6.616 6.566
17.936 17.746 17.576 17.416 17.204 17.001 16.779 16.596 16.441 16.281 16.089 15.909 15.756 15.561 15.329 15.156 14.916 14.751 14.576 14.396 14.209 13.954 13.754 13.576 13.364 13.169 12.986 12.804 12.571 12.396 12.189 12.036 11.846 11.681 11.504 11.349 11.176 11.001 10.851 10.716 10.549 10.369 10.211 10.069 9.921 9.761 9.559 9.429 9.286 9.109 8.944 8.796 8.681 8.534 8.409 8.286 8.134 8.004 7.871 7.714 7.559 7.454 7.326 7.194 7.091 7.021 6.929 6.844 6.759 6.671 6.591 6.599
17.909 17.734 17.581 17.431 17.154 16.979 16.804 16.614 16.451 16.279 16.076 15.899 15.761 15.539 15.344 15.154 14.936 14.769 14.604 14.431 14.169 13.964 13.766 13.594 13.391 13.179 13.011 12.794 12.616 12.404 12.209 12.041 11.859 11.716 11.519 11.346 11.191 11.029 10.849 10.724 10.561 10.421 10.246 10.106 9.949 9.779 9.589 9.429 9.271 9.104 8.954 8.811 8.681 8.566 8.414 8.296 8.151 8.036 7.896 7.741 7.594 7.459 7.341 7.244 7.156 7.064 6.966 6.866 6.791 6.734 6.686 6.634
17.894 17.736 17.601 17.406 17.161 16.994 16.781 16.611 16.446 16.264 16.111 15.904 15.744 15.566 15.374 15.179 14.981 14.811 14.611 14.396 14.189 13.976 13.791 13.576 13.381 13.211 13.031 12.844 12.629 12.444 12.251 12.084 11.909 11.754 11.581 11.399 11.236 11.054 10.884 10.709 10.589 10.411 10.274 10.106 9.949 9.796 9.626 9.436 9.266 9.104 8.974 8.824 8.686 8.579 8.439 8.284 8.159 8.074 7.924 7.786 7.611 7.474 7.371 7.271 7.156 7.081 6.971 6.931 6.846 6.799 6.726 6.716
17.871 17.711 17.561 17.381 17.209 16.994 16.796 16.579 16.394 16.264 16.096 15.936 15.779 15.609 15.376 15.164 14.954 14.819 14.579 14.396 14.186 14.006 13.794 13.591 13.409 13.216 13.051 12.844 12.644 12.421 12.266 12.096 11.926 11.739 11.571 11.384 11.241 11.051 10.889 10.751 10.589 10.431 10.279 10.109 9.964 9.799 9.624 9.431 9.266 9.099 8.964 8.844 8.691 8.546 8.414 8.286 8.206 8.091 7.934 7.796 7.661 7.564 7.446 7.354 7.274 7.126 7.046 6.959 6.939 6.864 6.776 6.709
17.864 17.696 17.539 17.369 17.179 16.976 16.784 16.579 16.384 16.246 16.104 15.946 15.741 15.569 15.376 15.164 14.984 14.794 14.571 14.376 14.179 13.994 13.786 13.584 13.431 13.236 13.021 12.816 12.631 12.436 12.239 12.041 11.894 11.761 11.574 11.401 11.221 11.044 10.884 10.731 10.566 10.419 10.264 10.126 9.939 9.771 9.611 9.464 9.276 9.121 8.974 8.844 8.684 8.554 8.431 8.299 8.239 8.119 7.976 7.889 7.784 7.631 7.526 7.416 7.301 7.166 7.096 7.026 6.946 6.884 6.814 6.749
17.831 17.644 17.491 17.321 17.106 16.924 16.726 16.569 16.409 16.209 16.061 15.914 15.739 15.539 15.349 15.136 14.981 14.769 14.556 14.346 14.181 13.994 13.789 13.576 13.399 13.234 13.031 12.849 12.629 12.449 12.274 12.076 11.889 11.729 11.576 11.429 11.279 11.074 10.919 10.771 10.599 10.436 10.271 10.106 9.964 9.784 9.619 9.456 9.289 9.144 8.984 8.859 8.744 8.619 8.519 8.421 8.321 8.201 8.069 7.931 7.881 7.671 7.596 7.454 7.331 7.234 7.156 7.036 6.996 6.911 6.849 6.874
17.831 17.664 17.501 17.304 17.066 16.909 16.731 16.564 16.406 16.216 16.061 15.881 15.696 15.521 15.326 15.086 14.944 14.746 14.559 14.381 14.194 13.984 13.789 13.606 13.389 13.229 13.054 12.866 12.681 12.469 12.281 12.094 11.909 11.774 11.616 11.449 11.304 11.121 10.944 10.794 10.614 10.464 10.304 10.176 10.026 9.861 9.679 9.514 9.359 9.214 9.089 8.974 8.839 8.749 8.651 8.521 8.419 8.291 8.129 8.011 7.876 7.744 7.614 7.474 7.336 7.241 7.171 7.039 7.134 7.051 7.094 7.811
17.789 17.616 17.436 17.261 17.084 16.904 16.731 16.574 16.379 16.201 16.056 15.806 15.659 15.484 15.304 15.084 14.891 14.744 14.574 14.374 14.211 14.034 13.814 13.591 13.401 13.244 13.071 12.891 12.724 12.501 12.286 12.129 11.966 11.816 11.646 11.499 11.309 11.134 11.001 10.876 10.721 10.566 10.404 10.271 10.096 9.936 9.751 9.611 9.454 9.309 9.176 9.046 8.916 8.811 8.706 8.526 8.416 8.316 8.184 7.994 7.854 8.256 9.001 7.486 7.436 7.381 7.789 7.926 8.431 7.379 7.336 7.346
17.714 17.539 17.371 17.204 17.034 16.849 16.694 16.529 16.349 16.186 16.006 15.806 15.631 15.449 15.251 15.076 14.879 14.726 14.554 14.389 14.206 14.021 13.814 13.621 13.431 13.299 13.079 12.951 12.734 12.536 12.339 12.201 12.024 11.861 11.681 11.509 11.346 11.176 11.024 10.864 10.756 10.609 10.464 10.279 10.144 9.954 9.804 9.636 9.474 9.341 9.211 9.074 8.946 8.826 8.696 8.564 8.429 8.306 8.174 8.216 8.406 12.711 12.536 12.101 8.851 7.781 7.774 8.439 8.709 8.351 7.466 7.446
17.669 17.476 17.314 17.164 16.984 16.816 16.646 16.504 16.324 16.156 15.976 15.796 15.704 15.499 15.259 15.069 14.874 14.721 14.531 14.364 14.194 14.014 13.821 13.656 13.464 13.276 13.069 12.959 12.761 12.559 12.396 12.216 12.024 11.841 11.671 11.511 11.351 11.161 11.019 10.856 10.736 10.569 10.419 10.284 10.129 9.971 9.791 9.664 9.479 9.359 9.219 9.089 8.966 8.799 8.694 8.864 8.779 8.586 8.739 8.679 8.736 9.691 9.624 12.939 11.239 7.956 7.879 7.809 7.714 7.679 7.624 7.511
17.601 17.439 17.249 17.099 16.946 16.779 16.621 16.466 16.306 16.146 15.934 15.816 15.726 15.579 15.286 15.049 14.871 14.709 14.521 14.339 14.169 13.991 13.811 13.629 13.451 13.264 13.081 12.931 12.744 12.564 12.366 12.204 12.016 11.844 11.686 11.481 11.336 11.154 11.029 10.871 10.736 10.574 10.431 10.479 10.161 9.954 9.799 9.639 9.471 9.331 9.229 9.604 9.149 9.204 9.284 9.621 9.361 8.914 8.771 8.651 8.369 8.196 8.164 7.944 7.911 7.976 7.874 7.826 7.759 7.736 7.539 7.491
17.521 17.346 17.169 17.024 16.884 16.719 16.561 16.399 16.241 16.079 15.884 15.806 15.789 15.591 15.259 15.019 14.826 14.669 14.476 14.301 14.134 14.019 13.786 13.606 13.421 13.281 13.136 12.936 12.759 12.564 12.381 12.214 12.029 11.831 11.671 11.499 11.309 11.151 11.021 10.879 10.701 10.534 10.379 10.306 10.076 9.929 9.781 9.619 10.011 10.451 10.386 11.319 10.979 9.819 10.449 9.146 8.971 8.904 8.564 8.446 8.276 8.134 8.111 8.941 7.994 7.931 7.881 7.844 7.716 7.686 7.564 7.499
17.579 17.329 17.226 17.086 17.561 17.821 16.559 16.419 16.206 16.394 16.109 15.899 16.579 16.826 15.806 15.504 15.446 15.161 14.566 15.009 14.629 15.299 13.909 13.836 13.404 13.274 13.436 12.941 12.779 12.551 12.371 12.184 11.959 11.816 11.614 11.479 11.316 11.126 10.991 10.816 10.766 10.741 11.701 10.619 10.964 10.551 10.241 11.186 12.269 10.706 10.619 10.251 9.654 9.241 9.601 8.806 8.656 8.521 8.454 8.489 8.361 8.261 8.174 8.094 8.029 7.951 7.931 7.854 7.764 7.696 7.616 7.576
18.624 18.876 19.326 19.051 19.271 19.519 17.161 17.411 17.476 17.431 17.376 16.254 17.049 16.916 15.969 15.916 16.019 17.004 17.424 18.206 16.521 14.471 14.204 14.364 13.511 13.236 13.126 12.956 12.754 12.536 12.386 12.379 12.131 12.204 11.576 11.461 11.339 11.819 11.966 12.374 13.466 13.744 12.589 12.549 10.764 11.534 10.754 11.069 11.994 10.869 10.166 9.839 9.426 9.176 8.969 8.736 8.596 8.571 8.541 8.514 8.396 8.311 8.199 8.139 9.916 8.444 8.004 7.899 7.739 7.679 7.664 7.584
17.424 17.661 17.439 17.249 16.864 17.151 16.726 16.439 16.336 17.384 16.404 15.871 15.761 15.671 15.561 15.681 15.141 15.321 15.391 14.821 14.441 14.304 14.179 14.359 14.471 13.674 13.384 13.504 13.356 14.146 15.084 13.884 13.216 13.446 12.916 12.626 13.041 14.841 13.271 12.446 13.081 14.129 12.576 11.259 10.716 10.804 11.521 11.181 10.726 11.164 9.794 9.514 9.206 8.981 8.899 8.779 8.706 8.649 8.614 8.571 8.469 8.316 8.281 8.194 8.499 9.766 8.016 7.864 7.781 7.676 7.594 7.539
17.714 17.426 17.084 16.856 16.736 16.566 16.419 16.269 16.024 17.149 16.274 15.811 15.789 15.244 15.031 14.939 14.786 14.626 14.394 14.224 14.141 14.041 13.956 13.966 14.176 13.371 13.264 13.354 13.261 13.906 15.014 15.044 12.731 13.554 13.641 12.754 13.851 13.509 12.676 11.589 11.299 12.194 11.251 10.591 10.481 10.111 9.959 9.656 9.541 9.449 9.316 9.219 9.104 9.001 8.886 8.826 8.724 8.659 8.641 8.571 8.461 8.384 8.304 8.234 8.084 8.011 7.929 7.856 7.781 7.674 7.566 7.499
17.674 17.561 17.106 16.869 16.699 16.639 17.324 16.841 16.124 16.789 15.939 15.319 15.144 15.014 15.346 14.781 14.599 14.454 14.326 14.156 14.029 13.899 13.779 13.606 13.391 13.174 12.944 12.769 12.739 12.696 13.714 13.209 12.131 11.939 12.144 12.114 11.594 11.439 11.041 10.849 10.739 10.569 10.401 10.274 10.096 9.914 9.746 9.616 9.469 9.349 9.239 9.159 9.074 8.979 8.894 8.846 8.779 8.719 8.701 8.576 8.471 8.429 8.389 8.231 8.079 7.996 7.939 7.889 7.756 7.654 7.614 7.561
17.131 17.009 16.869 16.714 16.566 16.669 17.264 17.339 16.061 17.216 16.354 15.236 15.069 14.954 14.811 14.709 14.586 14.424 14.284 14.091 13.969 13.839 13.691 13.466 13.261 12.994 12.811 12.661 12.519 12.359 12.199 12.024 11.846 11.706 11.506 11.349 11.219 11.069 10.921 10.829 10.664 10.471 10.316 10.184 10.029 9.856 9.691 9.584 9.441 9.349 9.239 9.161 9.084 9.036 8.931 8.831 8.981 8.851 8.841 8.579 8.481 8.384 8.304 8.231 8.129 8.036 7.924 7.846 7.786 7.716 7.679 7.626
17.046 16.964 16.806 16.659 16.516 16.389 16.251 16.009 15.876 16.889 17.374 15.376 15.006 14.934 14.739 14.546 14.506 14.339 14.196 14.024 13.849 13.686 13.511 13.311 13.099 12.899 12.781 12.646 12.456 12.286 12.124 11.974 11.786 11.649 11.489 11.324 11.164 11.014 10.876 10.734 10.566 10.394 10.256 10.119 9.931 9.774 9.649 9.539 9.446 9.334 9.256 9.179 9.096 9.049 8.959 8.859 8.866 8.751 8.589 8.509 8.464 8.361 8.279 8.204 8.114 8.046 7.974 7.916 7.864 7.801 7.731 7.684
16.974 16.881 16.696 16.554 16.419 16.306 16.071 15.879 15.771 16.466 17.471 16.066 14.966 14.846 14.684 14.494 14.331 14.209 14.096 13.941 13.779 13.621 13.439 13.231 13.049 12.891 12.731 12.576 12.381 12.224 12.066 11.876 11.706 11.539 11.369 11.209 11.051 10.924 10.749 10.621 10.474 10.296 10.144 10.009 9.871 9.751 9.651 9.581 9.444 9.344 9.284 9.201 9.161 9.064 8.909 8.866 8.729 8.664 8.606 8.569 8.434 8.394 8.314 8.224 8.166 8.071 8.009 7.949 7.896 7.846 7.756 7.676
16.904 16.779 16.614 16.484 16.326 16.196 16.086 15.856 15.761 16.694 17.464 15.716 14.904 14.714 14.581 14.404 14.251 14.104 13.969 13.861 13.714 13.539 13.374 13.131 12.969 12.834 12.609 12.404 12.254 12.096 11.951 11.774 11.626 11.451 11.291 11.144 11.011 10.864 10.706 10.586 10.436 10.271 10.121 9.984 9.886 9.754 9.681 9.594 9.449 9.354 9.274 9.231 9.166 9.046 8.919 8.844 8.766 8.699 8.641 8.554 8.489 8.451 8.364 8.304 8.194 8.084 8.021 7.954 7.886 7.831 7.764 7.691
