All_lidar/sz6087_DSM_2M.asc
ncols 500
nrows 500
xllcorner    460000
yllcorner    87000
cellsize     2
NODATA_value -9999
[rows 320 to 351 of 500, columns 360 to 431 of 500]
17.671 12.794 12.546 12.484 12.491 12.461 12.526 12.639 12.681 12.661 12.801 12.801 12.894 12.716 12.551 12.399 12.406 12.884 13.221 12.584 13.721 14.566 12.571 12.529 12.536 12.474 12.381 12.316 12.276 12.239 12.266 12.371 12.661 12.771 12.621 12.434 12.091 12.031 12.976 12.634 12.141 12.089 12.189 12.084 12.089 12.091 12.224 13.126 13.396 11.944 12.001 11.951 11.909 11.869 11.876 11.891 11.881 11.859 11.859 12.246 12.351 12.486 12.359 11.994 11.944 11.941 11.929 11.889 12.691 15.356 13.184 13.084
13.819 12.691 12.664 12.636 12.594 12.586 12.656 12.726 12.876 12.821 12.851 12.901 13.029 12.624 12.609 12.591 12.551 12.564 12.554 12.624 12.646 12.704 12.721 12.706 12.639 12.576 12.496 12.424 12.366 12.346 12.381 12.509 12.929 13.019 13.941 12.474 12.409 12.159 12.194 12.374 12.436 12.579 12.606 12.584 12.446 12.411 12.429 12.921 13.681 12.039 12.066 12.156 12.001 11.999 11.994 11.994 11.969 12.001 12.279 13.086 13.141 13.039 12.036 12.024 12.001 12.001 11.964 11.874 13.761 16.436 13.024 12.131
12.844 12.689 14.476 12.734 12.731 12.726 12.801 12.931 13.041 12.996 13.064 13.021 13.324 12.726 12.634 12.741 12.699 13.124 13.311 12.729 12.899 12.841 12.799 12.786 12.709 12.659 12.604 12.561 12.536 12.449 12.466 12.511 12.726 12.781 12.996 12.454 12.459 12.279 12.344 12.601 12.621 12.639 12.931 12.921 12.599 12.581 12.494 12.711 14.041 12.311 12.119 12.091 12.081 12.081 12.081 12.081 12.081 12.074 12.181 13.299 14.396 14.071 12.094 12.049 12.049 11.991 11.969 11.896 14.266 16.494 13.729 11.769
13.049 14.571 17.631 18.316 15.409 13.131 12.966 13.106 13.216 13.154 13.189 13.221 13.566 12.799 12.919 13.811 12.801 13.516 13.354 13.014 13.124 12.954 12.921 12.821 12.784 12.769 12.764 12.716 12.724 12.654 12.646 12.596 12.531 12.519 12.534 12.539 12.581 12.394 12.524 13.896 14.204 12.996 12.779 12.716 12.681 12.654 12.576 12.944 13.861 12.414 12.279 12.214 12.206 12.151 12.129 12.131 12.259 12.424 12.104 13.361 14.961 12.129 12.139 12.106 12.081 12.026 12.011 11.939 13.539 16.906 14.566 11.806
13.326 14.894 19.759 21.019 18.139 13.951 13.236 13.299 13.344 13.324 13.401 13.476 13.419 14.096 15.389 15.676 13.644 12.764 13.574 13.259 13.029 13.021 12.984 12.926 12.869 12.854 12.836 12.826 12.831 12.836 12.796 12.744 12.686 12.661 12.684 12.709 12.651 12.531 12.649 14.771 14.799 13.201 13.116 12.854 12.754 12.881 14.301 14.134 13.834 12.541 12.891 12.261 12.424 12.206 12.154 12.249 12.391 12.136 12.599 14.774 13.639 12.641 12.134 12.681 12.519 12.109 12.061 11.999 13.544 16.599 14.304 11.796
13.259 13.986 19.301 17.459 19.204 15.799 13.409 13.384 13.389 13.526 13.454 13.604 14.679 16.139 16.474 16.246 14.491 12.786 13.854 13.024 13.099 13.099 13.101 12.986 12.936 12.859 12.864 12.949 13.036 13.026 12.929 12.911 12.919 12.884 12.879 12.839 12.704 12.654 12.791 13.621 14.456 13.291 12.854 12.899 12.926 13.126 16.391 16.596 14.359 14.486 14.531 14.579 14.584 13.931 14.111 13.829 13.369 13.379 14.614 15.819 15.104 12.721 12.274 12.766 12.749 12.159 12.144 12.711 14.571 16.594 13.844 11.841
13.586 13.421 14.384 14.261 13.811 13.884 14.099 14.246 14.699 14.139 14.481 14.236 14.571 15.574 15.449 14.864 13.574 13.394 15.606 13.371 13.201 13.189 13.246 13.434 17.431 16.859 12.881 13.321 14.381 15.069 14.601 13.584 13.006 12.996 12.936 12.884 12.831 12.781 13.516 14.399 14.874 14.029 12.906 13.139 13.059 12.849 13.564 13.666 13.901 12.559 12.516 12.889 14.071 12.824 12.606 12.559 12.464 12.731 14.251 13.306 12.724 13.306 12.304 12.221 12.189 12.176 12.361 13.364 14.581 16.769 13.256 11.896
13.766 13.564 13.981 14.386 13.896 13.839 13.814 13.781 14.374 17.526 18.954 17.759 16.431 14.094 13.169 13.669 13.764 13.679 14.709 14.946 16.864 17.214 17.714 18.144 20.119 21.229 19.821 18.856 14.841 15.656 15.286 13.684 13.274 13.064 13.011 12.986 12.914 12.901 13.261 12.996 13.041 12.976 12.979 12.931 12.926 12.894 13.004 13.656 14.201 12.619 13.061 14.736 15.541 12.816 12.449 12.436 12.391 12.534 12.916 12.474 12.521 12.934 12.326 12.259 12.259 12.234 12.259 12.274 15.496 16.644 12.631 11.951
13.784 13.619 14.676 15.301 13.981 13.861 13.939 13.944 14.324 17.744 19.101 18.444 16.569 13.791 13.529 14.154 14.486 13.789 14.894 16.946 19.784 19.719 22.036 22.531 22.574 22.574 22.616 18.561 16.569 14.074 15.699 14.511 13.409 13.204 13.444 13.109 12.999 12.944 13.094 14.261 13.214 13.031 13.014 12.991 12.974 12.904 12.886 13.064 14.489 12.909 12.649 12.844 12.529 12.481 13.084 13.139 13.369 12.641 12.726 12.799 13.299 12.719 12.359 12.341 12.289 12.284 12.691 13.481 17.306 16.336 12.681 12.029
13.791 13.786 14.254 15.766 13.904 15.401 17.114 17.356 17.434 17.894 19.056 18.639 17.429 14.246 13.799 13.951 13.891 13.951 14.939 16.239 19.721 19.284 21.104 21.669 21.659 21.694 22.631 21.396 16.101 16.996 15.701 13.696 13.456 13.371 13.814 13.561 13.119 13.039 13.029 13.556 13.271 13.096 13.096 13.056 13.021 12.981 13.206 14.089 14.481 13.084 12.744 13.354 12.851 14.614 14.834 13.141 13.086 12.591 12.599 12.601 12.649 12.479 12.544 12.461 12.364 12.346 13.489 14.471 15.749 15.704 13.184 12.916
16.631 13.956 14.139 14.919 13.931 15.439 18.969 19.051 19.131 19.174 19.381 19.301 19.201 16.166 13.786 14.179 13.764 14.056 14.634 16.404 14.886 19.611 21.866 21.944 22.006 21.351 22.619 21.444 16.849 17.111 15.644 13.626 13.586 13.436 13.436 13.894 13.456 13.159 13.201 13.834 13.124 13.139 13.124 13.079 13.066 13.026 13.001 13.649 14.256 13.019 12.821 12.984 13.419 15.494 14.686 12.739 12.721 12.659 12.541 12.514 12.839 12.481 12.519 12.441 12.401 12.406 13.416 13.879 13.674 13.901 12.391 12.234
17.254 13.969 14.206 17.426 14.369 16.539 20.459 20.481 20.474 20.471 20.464 20.474 20.506 16.751 13.929 15.821 14.521 14.334 13.824 17.254 15.036 18.734 22.204 22.224 22.399 21.324 22.434 21.444 18.384 17.584 15.784 13.696 13.606 13.496 13.416 13.464 14.279 13.269 13.226 15.174 13.609 13.166 13.154 13.129 13.094 13.084 13.141 13.104 14.824 12.926 12.879 12.851 12.741 13.489 12.939 12.736 12.736 12.726 12.799 12.744 13.731 12.629 12.546 12.554 12.624 12.694 13.254 13.139 13.756 13.951 12.346 12.256
14.756 14.024 13.959 15.111 14.774 14.164 19.011 19.466 19.464 19.301 19.239 19.174 19.151 15.739 13.876 14.116 13.809 13.796 14.666 16.871 15.419 16.929 17.384 20.734 22.509 21.684 22.341 21.916 20.649 15.029 13.926 13.949 13.696 13.539 13.459 13.479 14.364 13.371 13.374 14.076 13.546 13.624 13.434 13.146 13.149 13.111 13.091 13.204 14.999 12.984 12.969 12.961 12.871 12.816 12.829 12.796 12.769 12.731 12.761 12.786 13.401 12.701 12.686 12.714 12.686 12.674 12.551 12.689 15.556 15.129 12.856 12.646
14.209 14.019 13.979 14.994 14.491 14.496 17.466 17.664 17.764 17.714 17.624 17.559 17.484 14.764 14.064 13.806 13.714 13.636 14.316 15.814 13.931 14.079 14.979 21.284 22.716 22.519 22.571 22.534 21.624 15.416 13.896 14.379 14.141 13.589 13.526 14.169 17.454 13.361 13.394 14.541 15.854 14.534 13.499 13.176 13.156 13.136 13.224 13.904 15.054 13.334 13.064 13.029 12.959 12.894 12.891 12.861 12.816 12.731 12.859 13.004 13.026 13.209 12.866 12.709 12.929 12.744 12.569 12.429 14.499 13.496 13.551 13.106
14.671 14.101 14.491 15.744 15.854 14.779 15.889 14.881 14.724 14.539 15.014 14.371 14.299 14.106 14.116 13.826 13.701 13.606 13.806 16.249 13.946 14.276 14.189 21.211 22.576 21.414 20.514 20.329 19.201 14.784 13.964 13.789 13.956 13.631 13.549 15.209 17.251 14.194 13.441 14.539 16.309 15.321 13.214 13.166 13.181 13.199 13.269 13.814 15.111 13.836 13.124 13.104 13.001 12.946 12.931 12.889 12.861 13.561 13.634 13.259 12.931 15.574 15.434 15.286 15.229 14.189 12.686 12.639 13.996 13.291 13.524 13.616
14.186 14.189 14.134 15.084 14.184 14.709 15.239 14.014 14.196 15.346 15.131 14.051 14.016 14.999 14.359 13.944 13.796 13.689 13.786 16.441 16.116 14.216 14.064 17.186 19.756 18.084 14.711 14.426 14.086 13.959 14.004 13.931 14.001 13.819 13.589 15.144 18.076 15.916 13.489 14.194 16.296 15.791 13.594 13.394 13.409 13.444 13.464 14.171 15.224 14.124 13.279 13.176 13.006 12.946 12.934 12.909 12.866 14.576 13.939 13.329 14.466 16.256 16.994 16.861 16.684 16.549 13.961 12.799 12.571 14.221 16.036 15.584
14.324 14.216 14.184 16.289 16.174 14.114 14.084 13.984 14.174 15.569 15.024 14.011 14.659 15.604 14.014 13.906 13.841 13.806 14.511 15.049 16.569 14.789 14.004 15.939 17.521 16.486 14.051 14.024 13.966 13.951 13.996 14.111 14.009 14.239 13.636 13.754 14.914 14.216 13.496 14.521 15.571 16.529 15.319 13.691 14.544 14.669 14.714 14.611 14.936 13.594 13.076 13.049 12.981 13.009 13.206 12.856 12.824 12.969 13.416 12.916 13.376 18.091 18.046 17.979 17.814 17.661 13.689 12.731 12.501 14.504 16.819 16.661
14.319 14.306 14.329 17.351 17.324 15.514 15.319 14.196 14.176 14.489 14.326 14.181 14.284 14.211 14.099 14.211 13.989 13.751 13.744 13.944 15.824 15.591 14.001 14.354 14.471 14.259 13.996 13.994 13.946 13.959 14.011 14.074 14.649 15.944 13.989 13.529 13.571 14.199 13.496 14.639 14.879 18.926 18.954 19.379 19.119 18.824 18.984 14.749 15.089 14.339 14.839 15.874 16.524 16.276 16.024 14.656 14.719 13.006 12.929 12.919 14.754 17.421 17.581 17.711 17.856 18.024 14.671 14.484 13.951 15.429 17.921 17.776
14.334 14.291 14.344 17.446 17.906 15.441 15.189 14.509 14.906 14.194 14.804 14.214 14.669 14.699 14.144 14.186 14.081 13.826 13.809 14.079 14.589 15.829 13.981 13.996 14.064 13.984 13.969 13.961 13.914 13.921 14.011 14.049 16.959 17.724 15.571 13.779 13.481 13.714 13.481 14.914 14.269 19.089 20.611 20.654 20.694 20.751 20.804 16.001 14.604 15.604 15.799 17.469 17.884 18.054 17.901 15.864 14.591 13.431 13.236 13.269 13.909 16.256 16.419 16.541 16.689 16.286 14.656 14.669 14.839 16.674 17.466 17.584
14.391 14.384 14.371 17.361 18.116 16.119 14.466 14.179 14.546 14.304 14.326 14.161 14.891 15.126 14.224 14.236 13.946 13.854 13.831 13.854 14.069 16.039 13.964 13.999 14.044 14.004 13.961 13.934 13.921 13.911 13.919 14.039 17.364 18.904 17.526 15.354 13.564 13.486 13.479 14.761 13.641 18.286 21.014 20.991 20.959 20.946 20.906 17.184 14.894 14.991 15.749 17.561 17.931 17.679 17.989 15.406 13.419 13.084 12.974 12.941 13.016 13.719 14.549 14.644 14.236 15.529 14.419 14.671 14.849 16.156 16.334 16.501
14.429 14.374 15.466 17.819 17.846 14.774 14.266 14.449 14.406 14.704 14.931 15.144 15.689 15.501 14.401 15.529 14.149 14.416 13.951 13.974 13.991 15.351 14.094 14.199 14.016 14.001 13.991 13.974 13.921 13.901 13.886 13.991 16.524 19.989 18.561 14.344 15.011 13.456 13.446 14.909 13.651 17.129 19.929 19.889 19.869 19.779 19.736 17.164 15.049 13.576 14.481 18.186 18.336 18.409 18.346 16.719 15.086 13.379 13.041 12.976 12.834 12.821 12.761 12.681 12.566 12.659 12.611 15.071 12.731 13.761 14.011 14.994
14.491 14.471 14.739 16.829 15.761 14.714 14.766 14.221 14.424 14.359 14.534 14.746 14.816 15.631 14.416 15.326 15.134 14.254 14.024 14.056 14.014 16.994 15.241 14.754 14.291 13.984 13.934 13.956 13.906 13.899 13.939 13.984 14.621 17.884 15.956 13.904 15.001 14.386 13.384 14.474 13.821 15.051 16.801 15.964 16.356 16.284 15.226 13.621 14.931 13.479 13.296 19.039 19.356 19.996 18.916 17.014 15.319 13.131 13.371 12.996 12.926 12.864 13.394 13.266 12.509 13.114 13.131 15.119 13.209 13.061 12.611 12.524
14.574 14.491 14.739 16.859 16.536 15.766 14.954 14.169 14.204 14.211 14.209 14.259 14.254 14.781 16.471 14.641 16.529 14.721 14.139 14.606 18.009 23.371 18.431 15.644 14.159 13.954 13.886 13.996 14.119 13.931 13.944 13.996 13.999 13.964 13.961 14.136 13.939 14.899 13.319 13.881 13.911 13.634 13.599 13.614 13.651 13.934 13.899 13.956 15.356 13.504 13.244 17.121 17.786 17.756 17.396 15.921 15.291 13.131 13.749 13.059 12.984 12.924 12.981 12.766 12.459 12.691 12.639 13.724 12.581 12.846 12.669 12.559
14.514 14.409 17.239 18.609 20.069 15.846 14.471 15.109 14.566 14.399 14.879 16.174 16.351 17.406 17.601 15.291 15.639 15.539 15.249 19.171 18.701 26.259 18.726 24.006 17.829 14.274 14.029 14.244 14.881 14.639 14.009 14.091 14.119 14.376 15.471 15.274 14.599 15.336 13.381 13.706 14.714 13.406 13.436 13.526 13.599 14.076 13.984 13.794 15.266 13.726 13.236 13.139 14.041 13.361 13.554 13.051 13.044 13.034 13.389 12.821 13.081 13.011 12.924 12.664 12.289 12.304 12.546 12.974 12.324 12.851 12.981 13.401
14.484 14.411 16.169 20.039 17.566 14.841 17.301 18.274 17.129 16.331 17.851 17.649 17.761 18.039 18.089 16.936 15.999 17.046 17.571 20.321 20.674 27.801 22.764 29.016 23.029 16.739 14.834 15.001 17.389 15.229 14.446 14.331 14.846 14.971 15.459 15.269 17.859 17.226 13.189 13.106 14.789 13.189 13.241 13.574 13.841 14.596 14.614 14.171 15.159 14.821 13.296 13.009 13.081 13.029 13.026 12.964 12.959 13.101 13.236 13.209 12.951 12.766 12.884 12.699 12.249 12.279 13.129 12.751 12.426 13.606 13.389 12.519
14.284 14.211 14.151 14.641 14.929 16.819 19.581 18.231 15.286 15.031 15.204 17.064 19.336 19.109 18.919 15.344 14.001 14.964 14.266 18.666 15.806 21.416 22.711 25.586 19.781 15.306 14.991 15.364 16.849 16.066 16.574 16.306 16.226 16.304 15.664 16.739 18.206 16.584 12.974 12.979 14.411 12.926 13.454 14.244 14.426 14.091 14.004 14.091 14.731 13.699 13.261 12.911 13.349 13.426 13.434 13.084 12.774 12.946 13.601 13.621 13.069 13.381 12.909 12.591 12.216 12.249 12.614 12.289 12.714 13.254 12.816 12.651
14.516 14.176 14.006 13.964 14.164 15.659 17.246 15.109 14.046 14.036 14.019 14.119 15.724 15.399 14.831 13.649 13.571 13.556 13.854 14.251 14.941 20.586 22.359 17.176 14.619 13.216 13.176 13.234 13.234 13.469 13.941 14.684 13.904 14.024 14.319 14.454 14.834 12.841 12.806 12.801 12.756 12.709 12.719 13.586 13.699 13.716 13.319 13.441 13.819 14.021 13.399 13.206 13.556 13.559 13.551 13.151 12.496 12.521 12.964 13.726 13.934 13.551 12.671 12.334 12.204 12.201 12.401 12.191 12.331 12.404 12.376 12.274
14.456 14.019 13.629 14.136 15.319 13.661 14.004 14.269 13.859 13.911 13.921 13.971 13.784 13.669 13.536 13.446 13.431 13.409 13.311 13.306 13.494 17.974 15.846 14.749 13.056 13.009 13.009 12.974 13.006 12.954 12.864 12.786 12.769 12.799 13.691 13.861 12.786 12.699 12.681 12.661 12.626 12.619 12.564 12.539 12.534 12.501 12.486 12.456 12.471 12.451 12.401 12.436 12.481 12.426 12.434 12.411 12.406 12.396 12.376 12.606 12.851 12.469 12.276 12.236 12.216 12.191 12.176 12.134 12.121 12.096 11.996 11.941
13.986 13.659 13.359 13.279 13.294 13.394 13.534 13.949 13.594 13.621 13.671 13.914 13.736 14.581 13.304 13.081 13.109 13.104 12.919 12.839 12.686 16.441 14.561 12.779 12.386 12.661 13.084 12.614 13.031 12.944 12.481 12.539 12.559 12.891 13.709 13.361 12.741 12.711 12.704 12.689 12.659 12.604 12.589 12.614 12.554 12.506 12.474 12.446 12.421 12.406 12.369 12.831 12.464 12.401 12.384 12.396 12.361 12.306 12.284 12.264 12.229 12.234 12.194 12.164 12.154 12.421 12.599 13.469 12.964 12.249 12.141 11.924
13.619 13.376 13.159 13.111 13.081 13.101 13.156 13.306 13.529 13.289 13.306 13.131 12.471 12.839 12.844 12.619 12.581 12.521 12.384 12.119 12.044 13.059 12.251 12.044 12.111 12.314 12.504 12.431 12.439 12.421 12.484 12.479 12.526 12.584 12.609 12.696 12.636 12.679 12.704 12.694 12.696 12.654 12.601 12.541 12.504 12.441 12.409 12.389 12.679 13.961 13.801 16.229 15.439 13.469 13.434 13.639 13.506 12.084 12.229 12.154 12.091 12.061 12.001 11.916 11.869 12.666 12.839 15.309 14.484 13.089 12.694 12.384
13.371 13.154 13.031 12.964 12.951 12.929 12.914 12.954 12.966 12.926 12.974 13.134 12.341 12.996 12.269 12.154 12.059 11.946 12.484 12.041 11.879 11.874 11.941 12.006 12.039 12.106 12.204 12.246 12.306 12.326 12.701 12.541 12.466 12.854 13.406 13.829 13.576 13.154 13.531 13.689 13.029 12.759 12.844 12.581 12.526 12.441 12.401 12.526 13.491 13.934 14.889 17.981 17.216 14.051 13.091 13.914 13.811 11.854 12.794 12.286 11.969 11.746 11.694 11.609 11.454 11.286 11.349 11.451 10.689 11.661 10.599 10.716
13.044 12.959 12.871 12.811 12.741 12.694 12.664 12.659 12.651 12.671 12.724 12.696 12.654 12.911 11.856 11.696 11.559 11.704 11.824 11.731 11.756 11.919 11.886 11.934 11.994 12.199 12.276 12.296 12.314 12.289 13.436 13.074 12.469 13.454 13.109 13.461 12.514 12.491 12.441 12.591 13.211 12.829 13.891 12.571 12.479 12.406 12.419 12.634 13.416 13.461 14.044 15.724 14.451 12.156 12.304 12.821 12.509 11.146 11.556 11.649 12.194 12.229 11.404 11.214 11.046 10.931 10.641 10.351 10.086 9.779 9.571 9.391
