All_lidar/sz6092_DSM_2M.asc
ncols 500
nrows 500
xllcorner    460000
yllcorner    92000
cellsize     2
NODATA_value -9999
[rows 272 to 305 of 500, columns 150 to 224 of 500]
16.102 16.165 16.829 17.575 16.714 16.653 16.633 16.615 16.647 16.674 17.362 20.4 20.457 19.699 20.74 20.965 21.031 21.577 26.606 28.155 29.068 27.793 26.258 22.638 21.142 20.582 17.85 16.906 16.975 17.019 17.014 17.015 16.981 16.945 16.991 19.39 19.665 21.276 24.567 25.644 25.844 25.001 24.366 24.409 24.541 23.875 24.187 23.781 22.108 19.669 20.309 21.577 22.051 21.995 21.908 22.544 28.033 28.156 27.024 18.832 17.306 16.401 16.427 16.264 16.16 16.57 22.013 25.926 29.379 30.729 30.841 29.934 30.243 29.608 30.002
16.143 16.307 16.527 16.964 16.623 16.627 16.644 16.686 16.671 16.706 18.585 20.588 20.096 17.712 19.577 21.021 21.074 23.805 27.304 28.722 28.681 27.173 24.45 21.004 21.071 20.72 19.253 17.45 17.047 17.047 17.068 17.029 17.004 16.948 17.629 19.897 19.808 23.135 25.006 25.921 25.545 24.706 24.216 24.598 24.262 23.949 24.707 24.668 24.027 21.252 21.533 22.391 21.846 21.72 22.162 25.694 28.347 28.699 28.304 28.055 28.052 26.053 24.129 17.486 16.154 15.972 17.835 22.638 27.497 29.359 29.333 28.736 28.664 28.804 27.73
16.208 16.422 16.817 17.072 16.687 16.662 16.683 16.717 16.777 16.748 19.501 20.495 19.401 17.357 20.641 21.057 21.515 26.228 27.888 29.091 28.057 26.471 21.701 19.709 19.953 20.726 21.027 20.799 19.02 17.635 17.632 17.16 16.972 16.979 19.392 20.447 20.875 24.207 25.445 25.988 25.192 24.457 24.242 24.574 23.967 24.247 24.978 24.869 24.447 23.98 23.606 24.209 23.852 23.237 22.353 27.722 28.682 28.481 28.726 28.912 28.614 28.272 28.114 27.8 17.784 16.049 15.844 15.654 17.384 24.456 27.606 27.927 28.504 28.165 27.037
16.353 16.548 16.836 16.783 16.731 16.695 16.76 16.951 16.938 17.3 20.112 20.267 18.088 18.291 20.936 21.071 23.107 27.078 28.456 28.856 27.422 25.379 21.015 17.635 17.213 17.692 18.492 20.188 20.709 20.907 20.539 19.489 19.018 20.001 20.553 20.823 22.419 24.608 25.796 25.827 24.747 22.43 23.455 24.248 23.751 24.542 25.057 25.096 25.072 24.95 24.709 24.756 24.883 24.536 25.419 28.161 28.831 27.994 28.478 28.758 28.428 28.873 28.334 27.683 20.75 18.936 16.754 15.647 15.547 23.425 27.708 28.184 28.46 27.891 26.946
16.434 16.7 16.851 16.771 16.753 16.755 16.883 17.007 16.866 18.493 20.196 19.428 17.361 20.156 21.053 21.27 25.377 27.648 28.933 28.323 26.841 22.536 20.239 17.169 17.399 17.835 17.397 18.185 18.042 19.229 20.801 21.081 21.317 21.546 21.319 20.981 22.882 24.915 25.473 25.362 22.85 18.474 17.543 18.575 22.044 23.369 24.161 24.818 24.96 24.679 24.923 25.077 25.07 25.138 27.978 28.447 28.633 27.968 28.821 28.471 28.052 28.85 28.09 25.311 20.379 19.009 16.429 15.621 16.678 23.322 26.888 28.106 27.895 25.999 27.374
16.47 16.85 16.815 16.81 16.823 16.817 17.154 17.455 19.059 20.997 21.375 18.705 17.953 20.143 21.188 22.531 26.833 28.244 29.025 27.738 25.975 21.14 18.531 17.165 17.213 17.269 17.289 17.893 17.585 17.385 18.835 21.02 20.874 20.998 21.412 21.629 21.714 21.173 21.632 24.481 21.53 17.199 17.46 17.924 18.079 19.955 21.596 22.395 23.533 23.623 23.187 24.304 24.705 25.651 29.404 28.748 28.257 28.237 28.911 28.04 28.432 28.638 28.154 21.808 20.126 17.097 15.665 15.583 16.082 22.932 26.212 26.376 26.183 26.36 26.954
16.635 16.867 17.028 16.826 16.845 16.93 17.384 21.291 23.438 23.333 22.147 20.061 18.436 17.752 21.317 25.936 27.445 28.774 28.587 27.101 23.678 20.614 17.433 17.193 17.246 17.307 17.329 17.327 17.368 17.4 20.166 20.643 18.589 19.458 20.513 21.092 21.493 20.664 20.027 21.109 19.573 18.573 19.826 20.337 20.237 19.3 19.268 18.42 18.035 20.894 17.564 18.689 22.288 25.666 28.17 28.877 28.675 28.602 28.706 28.009 28.775 28.263 28.117 20.022 17.563 17.347 15.722 15.595 15.545 15.795 22.175 25.214 24.12 25.216 24.215
16.885 17.016 16.959 16.865 16.865 16.894 17.767 22.664 24.468 24.356 22.553 20.89 20.252 18.703 19.247 26.424 28.046 29.001 27.965 26.332 21.447 19.248 17.279 17.219 17.594 17.939 17.397 17.298 17.29 17.753 21.005 19.827 17.303 17.436 20.357 21.269 22.18 21.78 20.062 20.496 19.919 18.552 18.244 17.967 17.431 16.863 16.63 16.664 16.616 17.182 16.995 16.799 16.757 23.11 27.848 28.2 28.535 28.888 28.834 28.575 28.859 27.979 28.084 28.321 19.832 16.098 15.612 15.56 15.538 15.424 19.038 24.708 24.94 24.426 22.52
16.992 16.944 16.864 16.88 16.92 16.997 17.624 21.72 23.505 23.448 22.179 21.5 21.612 21.416 18.767 20.682 25.418 28.029 27.359 24.745 20.707 17.465 17.211 17.295 17.732 18.209 17.415 17.276 17.383 19.209 20.906 18.483 17.291 18.408 20.761 21.646 22.382 21.097 17.819 17.865 17.47 16.879 16.797 16.964 17.641 17.152 16.588 16.646 16.667 20.215 20.026 18.711 17.619 17.697 19.363 25.635 28.158 28.712 28.228 28.571 28.545 28.347 27.978 27.794 16.749 15.681 15.661 15.604 15.542 15.432 20.015 24.926 25.901 25.513 21.687
17.025 16.894 16.906 16.954 16.962 17.052 18.125 19.991 21.929 21.766 21.455 21.554 21.681 21.505 21.394 19.84 19.18 21.122 25.19 22.024 19.778 17.239 17.243 17.263 17.286 17.369 17.286 17.274 17.434 20.842 20.444 17.547 17.286 19.498 21.056 21.986 22.287 19.98 17.14 16.951 17.064 17.377 18.248 17.474 18.521 17.638 16.565 16.446 16.47 18.94 18.217 18.423 18.382 20.105 18.605 19.823 27.595 28.075 27.775 27.983 28.143 27.098 17.642 17.961 15.827 15.705 15.64 15.55 15.549 15.616 20.522 25.311 26.068 25.58 22.401
16.904 16.94 17.018 17.015 17.003 17.872 20.673 21.214 21.322 21.261 21.319 21.627 21.667 21.399 22.524 22.617 22.19 21.598 22.612 20.886 18.369 17.281 19.173 18.824 17.293 17.234 17.241 17.285 18.388 21.03 18.899 17.348 17.733 20.6 21.403 22.341 21.675 18.666 17.058 16.961 17.857 18.919 18.952 17.594 18.455 17.746 17.033 16.503 16.337 16.601 18.516 20.317 19.982 19.587 17.055 17.315 19.077 21.787 19.039 17.359 20.087 20.955 15.96 17.374 16.028 15.641 15.606 15.506 15.476 16.244 22.163 24.959 25.973 26.015 23.138
17.017 17.047 17.086 17.184 17.107 19.916 22.161 22.682 21.872 21.264 21.37 21.757 21.935 21.206 22.206 22.901 23.12 22.558 21.218 21.045 19.859 18.092 17.879 18.147 18.055 18.381 17.315 17.325 20.284 20.882 17.922 17.344 18.803 20.853 21.796 22.44 20.876 17.608 16.983 17.212 19.054 19.009 18.059 17.455 16.698 16.75 17.831 16.586 16.291 17.075 16.458 16.692 17.214 18.018 16.32 16.524 16.7 16.596 16.465 16.898 18.136 17.801 15.922 15.83 15.769 15.564 15.524 15.423 15.41 18.037 22.949 24.128 24.274 24.515 22.722
17.171 17.434 17.484 17.621 17.63 21.263 22.515 22.66 21.63 21.242 21.442 21.726 21.569 20.449 18.961 20.732 21.957 22.353 21.631 21.286 21.132 21.037 20.636 18.572 18.139 19.611 17.492 17.729 21.055 19.819 17.399 17.416 20.181 21.148 22.178 22.142 19.883 17.132 17.16 17.82 19.411 18.766 17.271 18.765 18.008 16.384 16.122 15.783 16.055 17.664 16.492 16.289 16.294 16.245 16.253 16.344 16.37 16.286 16.25 16.23 17.561 18.193 16.048 15.733 15.786 15.486 15.457 15.394 15.592 23.057 25.952 26.921 27.207 24.007 18.413
17.581 17.267 17.273 17.576 18.882 21.96 22.777 22.237 21.327 21.315 21.598 21.662 21.308 19.282 17.339 17.477 18.437 20.526 21.728 21.841 21.012 21.048 21.101 21.089 20.919 19.814 17.857 19.246 21.057 18.214 17.424 17.523 20.433 21.423 22.465 21.534 18.33 17.37 18.606 19.339 19.026 17.417 17.239 18.987 17.239 16.128 15.952 15.491 15.515 15.61 15.677 15.839 16.073 16.244 16.363 16.277 16.189 16.543 16.418 16.178 16.339 18.325 18.444 18.335 17.314 15.41 15.349 15.734 19.296 24.51 25.382 24.589 22.133 18.171 13.993
17.236 17.248 17.208 17.262 20.668 22.333 22.772 21.817 21.226 21.39 21.836 21.655 20.795 18.082 17.278 17.31 17.32 17.309 17.974 20.8 21.802 22.154 21.055 20.833 21.105 21.115 21.031 21.054 20.817 17.555 17.583 19.927 21.288 19.683 21.139 20.497 17.367 17.746 18.469 19.157 17.476 16.938 17.682 18.672 16.507 15.854 15.639 15.38 15.358 15.387 15.374 15.402 15.49 15.665 16.311 15.995 16.132 16.165 16.089 16.054 16.084 16.228 17.228 17.671 16.032 15.308 15.329 19.952 21.111 20.895 22.909 21.338 16.396 14.099 13.729
18.152 17.496 17.265 18.196 21.704 22.68 22.437 21.447 21.261 21.588 21.8 21.439 19.868 17.314 17.292 17.305 17.287 17.287 17.394 20.613 22.291 23.207 22.332 21.123 20.436 20.602 20.968 21.119 19.519 17.465 18.42 21.229 21.703 19.655 17.483 18.199 17.169 18.485 18.685 18.361 17.658 16.931 17.055 17.221 16.187 15.763 15.351 15.385 15.315 15.292 15.269 15.258 15.272 15.238 15.272 15.715 15.587 15.741 15.916 16.049 16.641 23.415 25.334 26.24 24.922 19.04 21.143 23.728 21.648 18.836 17.373 14.715 14.098 13.836 13.517
20.773 19.688 18.822 18.435 20.165 22.287 22.032 21.261 21.309 21.546 21.682 21.03 18.662 17.296 17.339 17.336 17.295 17.41 18.75 21.455 22.7 23.058 21.876 20.588 17.656 18.615 19.557 20.4 17.807 17.44 19.712 21.488 21.087 18.254 17.622 17.733 17.209 17.807 18.331 17.724 18.588 17.686 17.688 16.299 15.968 15.483 15.47 15.508 15.228 15.186 15.193 15.487 15.789 15.374 15.162 15.181 15.274 15.336 15.546 15.497 20.155 26.298 26.994 27.177 26.551 25.296 22.287 23.352 20.952 16.833 14.905 14.345 13.778 13.686 13.295
22.184 21.745 21.213 19.977 17.639 18.956 20.64 20.812 20.334 21.043 21.384 20.348 17.511 17.343 17.317 17.54 17.97 17.384 20.128 22.039 23.138 22.617 21.4 18.985 17.347 17.372 17.386 17.679 17.488 17.393 17.365 18.46 18.188 17.74 18.164 17.2 17.956 17.499 17.311 17.556 19.013 18.621 16.555 16.124 15.635 15.349 15.578 15.487 15.197 15.134 15.164 15.523 16.186 15.192 15.264 15.146 15.146 15.167 15.158 15.18 22.763 27.462 27.703 27.983 27.146 26.438 21.765 21.865 21.345 15.488 19.278 18.351 13.68 13.427 13.292
22.882 22.733 22.435 21.819 20.779 19.982 18.762 19.22 17.892 18.752 20.921 19.189 17.406 17.35 17.322 17.428 17.727 17.684 21.11 22.5 23.174 22.168 20.94 17.607 17.424 17.548 17.43 17.48 17.675 17.366 17.381 17.353 17.5 17.948 17.468 17.214 17.743 17.488 17.264 17.577 18.423 17.299 16.221 15.919 15.347 15.321 15.305 15.258 15.125 15.11 15.098 15.111 15.668 15.141 15.549 15.061 15.055 15.043 15.049 15.086 18.327 26.351 27.94 28.349 27.867 26.462 22.266 18.545 22.404 18.092 20.645 20.114 13.474 13.108 13.435
21.603 22.43 22.813 22.857 22.614 22.236 21.794 21.132 19.901 19.717 21.022 20.585 18.726 17.705 17.364 17.378 17.361 19.125 21.808 22.977 22.842 21.703 19.9 17.387 17.582 18.921 18.681 17.482 17.376 17.368 17.397 17.485 17.68 18.011 17.16 17.432 17.432 18.089 17.239 17.689 18.512 16.43 16.175 15.597 15.176 15.456 15.191 15.123 15.09 15.07 15.178 15.068 15.426 15.074 15.282 15.021 15.03 15.038 14.995 15.026 21.206 26.111 27.341 27.588 27.759 25.969 19.637 23.581 22.657 20.91 19.949 16.821 13.123 12.811 13.137
18.303 19.604 20.184 21.996 22.533 22.778 22.809 22.452 22.043 21.641 21.831 22.117 21.596 20.884 19.556 18.127 17.625 20.655 22.332 23.217 22.39 21.191 17.888 17.379 17.42 18.656 18.711 17.539 17.43 17.384 17.492 17.614 18.106 17.236 17.321 17.487 17.313 17.227 17.218 18.708 17.673 16.266 16.032 15.357 15.182 16.036 15.489 15.114 15.06 15.045 15.17 15.351 15.182 15.185 15.043 14.996 14.993 14.997 14.975 14.968 15.568 24.154 26.922 26.759 27.038 25.283 21.098 18.262 20.682 20.977 17.683 13.157 12.873 12.635 12.427
18.075 17.47 17.637 19.068 20.685 21.536 22.327 22.769 22.879 22.592 22.485 22.744 22.654 22.319 21.833 21.246 20.693 21.465 22.747 23.075 21.912 20.443 17.385 18.098 20.024 18.868 17.4 17.367 17.39 17.379 17.694 18.138 17.314 17.275 17.545 17.51 17.262 17.124 18.256 18.7 16.776 16.232 15.968 15.256 15.284 15.999 15.239 15.049 15.045 15.002 14.969 15.025 14.976 15.41 14.959 14.924 14.922 14.875 14.875 14.862 14.865 17.811 20.942 24.258 22.802 24.701 22.857 16.415 21.193 18.413 13.44 12.93 12.628 12.407 12.254
20.154 17.465 17.459 17.459 17.602 18.011 19.516 20.94 21.44 21.845 21.234 21.721 22.316 22.682 22.757 22.486 22.017 22.087 23.159 22.627 21.44 19.014 17.408 19.38 20.771 20.696 17.608 17.524 18.071 17.886 18.027 17.402 17.196 17.531 17.374 18.227 17.765 17.184 18.717 17.967 16.253 16.078 15.527 15.137 15.344 15.737 15.145 14.992 15.133 15.065 14.997 14.96 15.002 14.926 14.914 14.942 14.889 14.843 14.804 14.814 14.943 21.071 23.794 20.011 20.904 24.698 21.584 16.343 20.187 15.508 13.056 12.716 12.512 12.279 12.086
18.157 17.556 17.544 17.523 17.538 17.714 17.524 17.757 18.544 18.643 18.511 19.26 20.376 21.477 22.091 22.542 22.764 22.784 23.316 22.213 21.392 20.65 18.72 18.402 20.136 19.33 17.405 18.126 20.291 19.843 17.46 17.265 18.473 18.679 17.283 17.562 17.351 17.736 18.374 17.406 16.15 15.826 15.334 15.073 15.19 15.295 15.016 15.032 15.02 15.123 14.925 14.911 15.089 14.884 14.818 14.785 14.816 14.794 14.752 14.707 17.419 20.939 23.221 24.692 25.231 25.326 24.65 16.186 14.093 13.201 12.871 12.554 12.396 12.157 11.936
18.067 17.626 17.623 17.613 17.654 17.671 17.574 17.524 17.658 17.661 17.539 17.563 17.789 19.158 20.504 21.487 22.07 23.1 23.194 22.827 22.473 22.03 21.578 21.11 19.898 18.214 17.455 19.371 20.316 18.086 17.236 18.358 21.976 21.478 17.277 17.003 17.523 18.782 18.199 16.37 16.087 15.434 15.117 14.973 15.001 15.069 14.966 15.09 14.967 15.067 14.902 14.908 14.866 14.778 14.777 14.774 14.755 14.726 14.691 14.654 18.988 21.491 22.292 22.982 27.173 27.083 26.067 24.119 15.89 13.012 12.717 12.444 12.268 12.017 11.801
17.699 17.636 17.636 17.62 17.679 17.711 17.755 17.581 17.964 17.903 17.561 17.535 17.574 17.514 18.019 20.804 22.275 23.235 22.428 22.128 22.623 22.873 22.734 22.328 21.411 19.155 17.575 18.486 17.633 17.229 17.926 22.451 23.54 23.112 21.999 18.197 18.679 18.468 16.764 16.161 15.946 15.284 14.967 14.895 14.895 14.882 14.949 15.109 15.087 14.969 14.853 15.013 14.879 14.727 14.756 14.701 14.726 14.641 14.623 14.614 17.707 21.495 20.921 22.121 26.805 26.746 25.869 23.135 18.599 12.903 12.619 12.359 12.14 11.94 11.707
17.642 17.643 17.637 17.644 17.679 17.725 17.595 17.718 17.713 17.683 17.617 17.811 17.649 17.503 18.814 21.465 22.731 23.153 22.036 21.078 21.447 21.898 22.361 22.551 18.766 17.992 18.401 17.411 17.246 17.706 21.819 22.447 22.358 23.906 22.933 18.746 18.873 17.875 16.212 16.113 15.589 15.071 14.864 14.848 14.872 14.817 15.067 14.867 15.025 14.84 14.807 14.736 14.786 14.757 14.728 14.662 14.641 14.593 14.617 14.58 17.529 21.371 23.042 24.702 26.445 26.534 25.003 21.625 16.757 12.802 12.513 12.245 12.011 11.827 11.641
17.764 17.612 17.653 17.643 17.886 17.665 17.661 17.904 17.713 17.646 17.62 17.947 17.492 17.623 20.387 22.02 23.151 22.674 21.535 19.442 18.777 20.257 20.93 19.531 17.781 18.245 17.344 17.273 17.878 23.388 25.593 23.795 22.049 23.461 18.783 17.229 16.671 16.262 16.134 15.995 15.333 14.903 14.812 14.804 14.79 14.772 14.777 14.78 14.75 14.74 14.731 14.718 14.749 14.732 14.707 14.616 14.612 14.586 14.585 14.542 16.287 20.907 22.376 23.915 25.034 25.047 23.953 17.153 13.07 12.581 12.305 12.146 11.923 11.683 11.47
19.866 18.367 17.926 17.689 17.819 17.694 17.895 17.747 17.707 17.674 18.056 17.733 17.509 17.745 20.907 22.451 23.26 22.23 20.886 17.905 18.354 17.641 18.024 18.806 17.549 17.28 17.314 19.21 22.199 25.048 26.114 24.548 24.127 24.18 19.402 16.624 16.414 16.138 16.041 15.708 15.128 14.796 14.76 14.794 14.748 14.782 14.748 14.673 14.692 14.705 14.675 14.634 14.609 14.622 14.642 14.629 14.557 14.571 14.459 17.458 15.927 22.853 22.516 23.726 22.951 21.101 19.403 13.774 12.659 12.359 12.142 11.972 11.735 11.514 11.323
20.641 20.278 19.565 17.774 17.772 17.921 17.812 17.717 17.651 17.805 18.34 17.604 17.627 17.62 17.792 19.698 21.963 21.699 20.089 17.656 17.642 18.192 18.432 17.518 17.299 17.623 19.252 25.826 24.828 21.331 22.303 24.285 23.548 22.684 16.779 16.539 16.234 16.09 15.979 16.251 15.232 14.7 14.695 14.73 14.713 14.767 14.687 14.651 14.675 14.63 14.571 14.563 14.532 14.556 14.603 14.551 14.524 14.427 15.202 22.461 22.834 22.903 24.242 23.934 20.629 17.3 13.487 12.797 12.428 12.156 11.955 11.824 11.585 11.406 11.236
20.553 20.181 19.017 17.804 17.738 17.813 17.699 17.669 17.652 18.177 17.78 17.643 17.671 17.845 18.573 18.544 17.735 18.004 17.968 17.924 18.472 17.839 17.312 17.338 18.635 22.673 22.716 27.948 28.874 27.657 21.248 24.387 24.884 22.669 18.124 16.424 16.082 16.02 15.809 15.281 14.848 14.721 14.697 14.694 14.671 14.658 14.656 14.663 14.634 14.562 14.542 14.539 14.481 14.523 14.523 14.478 14.425 14.32 17.816 22.159 25.458 24.307 24.208 23.829 22.163 15.903 13.41 12.562 12.193 11.938 11.774 11.605 11.441 11.243 11.123
19.58 19.951 18.437 17.788 17.895 17.852 17.806 17.72 17.698 17.878 17.641 17.684 17.704 17.986 18.496 18.384 17.827 18.059 18.473 17.951 17.464 17.42 17.59 19.364 22.55 23.713 27.214 28.882 28.483 29.161 27.64 28.167 26.537 25.95 22.226 18.574 17.282 15.994 15.627 15.284 14.727 14.676 14.691 14.623 14.638 14.591 14.64 14.613 14.585 14.544 14.45 14.481 14.478 14.465 14.427 14.446 14.313 14.331 21.121 25.803 26.571 25.667 25.799 26.389 24.868 19.422 17.459 16.233 11.989 11.751 11.566 11.455 11.262 11.101 10.939
17.807 17.933 17.859 17.878 18.391 18.155 18.078 17.913 17.866 17.836 17.832 17.842 17.797 17.862 17.93 18.198 18.665 18.053 17.941 19.798 19.192 18.801 19.234 20.577 22.627 25.021 28.443 29.513 29.696 29.566 27.754 26.818 27.46 25.381 25.173 24.621 18.06 15.87 15.418 15.142 14.679 14.646 14.597 14.57 14.636 14.575 14.52 14.492 14.46 14.491 14.426 14.442 14.432 14.413 14.369 14.406 14.253 14.222 23.116 26.98 26.917 28.054 27.563 26.503 25.466 22.006 20.117 17.704 11.745 11.569 11.415 11.276 11.079 10.951 10.781
17.92 17.863 17.852 17.847 18.256 18.365 18.76 18.642 18.699 18.564 18.641 18.481 18.484 18.445 18.113 17.899 18.287 20.379 21.545 27.182 22.768 20.711 20.574 20.212 19.907 23.798 27.788 28.951 29 28.565 27.465 24.729 24.38 24.749 24.589 25.045 20.722 16.155 15.387 15.077 14.838 14.634 14.595 14.57 14.502 14.563 14.497 14.469 14.433 14.386 14.343 14.378 14.332 14.326 14.317 14.3 14.208 14.571 21.72 26.061 26.608 27.237 25.488 25.73 24.424 23.347 20.08 15.239 11.552 11.417 11.259 11.103 10.939 10.781 10.653
