All_lidar/sz6090_DSM_2M.asc
ncols 500
nrows 500
xllcorner    460000
yllcorner    90000
cellsize     2
NODATA_value -9999
[rows 256 to 287 of 500, columns 219 to 291 of 500]
49.268 49.288 49.29 49.303 49.58 49.725 49.765 49.265 49.39 49.725 51.02 53.41 50.87 49.098 49.05 49.013 48.988 48.953 48.89 48.833 48.798 48.75 48.703 48.7 48.685 48.648 48.64 48.6 48.575 48.53 48.485 51.868 56.455 57.995 55.795 51.143 50.075 50.078 50.013 49.985 54.49 57.595 57.598 57.603 57.603 57.623 57.653 57.658 57.683 57.7 57.71 57.72 57.733 57.75 57.748 57.75 57.763 57.763 57.783 57.77 57.768 57.8 57.77 57.76 57.76 57.743 57.71 57.723 57.705 57.65 57.663 57.655 57.65
49.255 49.248 49.26 49.253 49.725 50.195 50.063 49.213 49.628 51.3 55.565 58.24 57.085 49.923 49.088 49.073 49.028 48.973 48.918 48.863 48.828 48.823 48.8 48.73 48.708 48.693 48.713 48.683 48.64 48.613 48.563 51.263 56.653 57.545 56.69 52.113 50.108 50.108 50.055 49.993 51.918 57.488 57.655 57.663 57.67 57.698 57.74 57.745 57.753 57.765 57.775 57.783 57.79 57.805 57.798 57.778 57.755 57.74 57.723 57.725 57.718 57.715 57.68 57.695 57.685 57.67 57.65 57.648 57.623 57.61 57.598 57.593 57.585
49.315 49.24 49.29 49.388 49.36 49.625 49.568 49.263 49.47 50.42 55.753 58.443 58.398 52.025 49.115 49.098 49.075 49.045 48.968 48.895 49.158 50.275 50.283 50.1 49.855 49.935 49.833 49.523 49.5 49.553 49.415 50.4 57.58 58.94 57.283 52.828 50.115 50.113 50.063 50.023 51.193 57.333 57.73 57.728 57.73 57.758 57.783 57.805 57.798 57.783 57.78 57.765 57.758 57.763 57.733 57.718 57.71 57.68 57.658 57.648 57.64 57.653 57.643 57.633 57.625 57.605 57.593 57.585 57.56 57.563 57.56 57.533 57.518
49.308 49.15 49.115 49.128 49.153 49.19 49.148 49.178 49.28 49.395 52.235 55.828 53.428 49.618 49.115 49.133 49.095 49.105 49.08 48.995 49.495 52.455 53.998 50.828 49.105 48.955 48.875 48.968 49.18 49.2 48.858 52.155 58.535 58.893 55.795 52.978 50.188 50.135 50.075 49.985 51.073 57.315 57.775 57.763 57.753 57.738 57.74 57.743 57.743 57.72 57.708 57.715 57.698 57.713 57.673 57.658 57.635 57.613 57.613 57.595 57.598 57.588 57.578 57.568 57.555 57.548 57.533 57.515 57.493 57.495 57.48 57.455 57.438
52.36 51.99 51.003 49.59 49.35 49.168 49.12 49.12 49.485 50.258 49.195 50.465 50.338 49.163 49.115 49.12 49.14 49.14 49.98 50.565 50.323 51.825 54.418 52.365 49.37 50.965 51.445 51.855 53.38 52.89 52.9 53.133 58.703 60.483 57.338 50.88 50.188 50.068 50.02 49.97 50.533 56.553 57.738 57.713 57.69 57.675 57.7 57.705 57.67 57.655 57.65 57.648 57.643 57.643 57.618 57.588 57.585 57.575 57.56 57.535 57.53 57.53 57.513 57.508 57.495 57.483 57.46 57.46 57.42 57.418 57.395 57.38 57.36
52.743 52.953 51.783 50.148 49.943 49.23 49.133 49.103 50.295 50.588 49.16 49.155 49.13 49.123 49.103 49.118 49.118 49.178 52.05 52.458 51.858 50.448 51.033 50.465 49.278 51.565 53.413 54.31 55.298 55.253 54.34 54.773 58.13 60.523 58.228 50.628 50.17 49.99 50 49.985 49.99 54.608 57.68 57.653 57.645 57.618 57.618 57.613 57.615 57.595 57.585 57.578 57.565 57.55 57.54 57.523 57.518 57.495 57.478 57.47 57.448 57.45 57.443 57.43 57.41 57.413 57.38 57.363 57.368 57.343 57.33 57.31 57.285
52.528 52.628 52.068 49.3 49.458 49.46 49.213 49.175 52.41 53.713 51.818 49.185 49.155 49.133 49.12 49.125 49.133 49.628 51.613 52.53 52.65 52.11 51.808 51.965 51.635 52.378 53.433 54.383 55.303 55.218 54.3 53.39 57.793 59.923 55.743 50.768 50.27 50.143 50.028 50.013 49.98 53.888 57.605 57.59 57.578 57.563 57.553 57.563 57.545 57.533 57.533 57.513 57.5 57.483 57.468 57.458 57.433 57.44 57.41 57.405 57.39 57.373 57.368 57.36 57.343 57.343 57.32 57.293 57.283 57.285 57.268 57.245 57.223
52.515 53.133 52.163 49.453 49.305 49.758 49.238 49.34 52.233 54.195 53.533 49.183 49.17 49.145 49.128 49.138 49.14 49.705 50.2 51.22 52.358 52.69 52.638 52.665 52.63 52.713 53.465 54.403 55.35 55.198 54.273 54.14 58.44 59.838 55.38 50.4 50.235 50.168 50.115 50.07 49.97 52.073 57.12 57.525 57.51 57.498 57.495 57.478 57.483 57.448 57.448 57.448 57.44 57.405 57.373 57.358 57.365 57.353 57.33 57.318 57.315 57.308 57.29 57.278 57.285 57.258 57.253 57.23 57.21 57.198 57.19 57.175 57.155
52.455 53.265 51.458 49.408 49.863 51.065 49.238 49.433 50.003 50.54 49.825 49.183 49.19 49.188 49.15 49.128 49.113 49.208 49.41 49.605 50.91 50.738 50.845 51.338 53.08 52.305 53.52 54.42 55.383 55.19 54.248 53.808 57.97 59.62 56.355 50.475 49.973 50.088 50.15 50.168 50.05 50.568 56.593 57.463 57.428 57.433 57.428 57.423 57.41 57.39 57.388 57.36 57.35 57.343 57.333 57.295 57.305 57.258 57.26 57.24 57.245 57.245 57.235 57.215 57.208 57.19 57.18 57.145 57.15 57.138 57.103 57.118 57.088
52.45 53.038 51.878 50.558 51.633 51.375 49.463 49.388 50.39 49.23 49.155 49.165 49.143 49.16 49.143 49.115 49.095 49.083 49.073 49.503 50.66 50.608 50.508 51.288 53.298 51.968 53.53 54.478 55.365 55.138 54.203 53.275 56.22 59.18 56.24 50.805 50.078 50.15 50.148 50.22 50.135 50.455 56.46 57.398 57.383 57.37 57.353 57.34 57.33 57.33 57.293 57.285 57.27 57.285 57.26 57.218 57.208 57.218 57.183 57.158 57.16 57.165 57.178 57.15 57.143 57.123 57.113 57.095 57.078 57.073 57.058 57.043 57.025
52.973 53.13 53.005 52.983 52.24 50.473 49.175 49.38 51.155 49.663 49.205 49.175 49.155 49.133 49.123 49.128 49.128 49.103 49.105 49.99 53.453 53.425 53.385 53.353 53.348 53.3 53.6 54.503 55.373 55.11 54.185 53.245 56.128 59.413 58.823 52.043 51.273 51.085 50.145 50.223 50.158 50.41 56.053 57.333 57.323 57.298 57.275 57.26 57.255 57.25 57.218 57.208 57.213 57.2 57.185 57.18 57.148 57.143 57.115 57.12 57.1 57.105 57.098 57.09 57.088 57.048 57.05 57.038 57.005 57.005 56.988 56.995 56.968
51.373 52.405 52.415 52.595 51.923 49.198 49.115 49.325 50.465 49.403 49.175 49.143 49.125 49.135 49.12 49.133 49.14 49.13 49.118 50.063 54.373 54.345 54.313 54.29 54.26 54.22 54.195 54.545 55.36 55.103 54.168 53.205 55.935 60.15 61.055 53.08 50.63 50.938 50.08 50.195 50.148 49.995 52.9 57.245 57.253 57.233 57.22 57.193 57.175 57.175 57.163 57.155 57.153 57.14 57.138 57.125 57.083 57.07 57.048 57.055 57.025 57.033 57.04 57.02 57.068 56.995 56.983 56.963 56.955 56.945 56.933 56.923 56.905
49.145 49.168 49.2 49.208 49.163 49.138 49.085 49.153 49.983 50.123 49.193 49.12 49.15 49.133 49.178 49.175 49.185 49.178 49.178 52.068 55.298 55.26 55.24 55.228 55.188 55.145 55.098 55.09 55.44 55.09 54.175 53.185 55.75 58.468 58.395 52.578 50.133 51.898 50.03 50.165 50.113 49.985 52.553 57.208 57.18 57.18 57.145 57.12 57.103 57.113 57.093 57.095 57.075 57.075 57.07 57.055 57.018 57.038 57.01 57.073 56.978 57.015 57.043 56.958 56.948 56.925 56.928 56.89 56.858 56.813 56.82 56.805 56.783
49.598 49.41 49.398 49.685 49.44 49.465 49.27 49.338 49.723 50.493 49.178 49.14 49.17 49.17 49.208 49.235 49.273 49.228 49.22 53.165 55.24 55.28 55.303 55.315 55.313 55.343 55.388 55.358 55.328 55 54.108 53.128 54.83 59.08 56.83 53.593 49.875 50.598 50.04 50.088 50.025 50.008 52.463 57.138 57.115 57.083 57.093 57.088 57.073 57.038 57.018 57.02 57.025 57.008 56.985 56.97 57.003 57.003 56.965 56.938 57.065 56.935 56.87 56.84 56.828 56.788 56.785 56.79 56.813 56.823 56.835 56.825 56.825
49.565 49.655 49.78 50.325 50.238 49.903 50.123 49.77 50.058 49.908 49.233 49.188 49.183 49.228 49.253 49.268 49.298 49.255 49.275 52.555 54.29 54.333 54.36 54.383 54.418 54.455 54.465 54.498 54.508 54.473 54.39 54.518 57.16 59.513 59.565 54.05 49.83 49.893 50.055 50.078 50.035 50.028 50.025 55.763 57.045 57.023 57.018 57.003 56.998 56.983 56.968 56.948 56.963 56.928 56.895 56.91 56.983 56.91 56.825 56.798 56.805 56.798 56.805 56.818 56.815 56.838 56.828 56.843 56.863 56.865 56.868 56.875 56.853
49.545 49.595 49.633 49.845 49.948 49.75 49.86 49.853 49.718 49.828 49.263 49.18 49.21 49.273 49.275 49.303 49.295 49.283 49.33 51.97 53.395 53.435 53.435 53.478 53.505 53.515 53.533 53.553 53.59 53.605 53.96 57.925 62.858 62.14 62.263 59.083 49.89 49.973 50.093 50.068 50.043 50.06 50.025 55.615 56.98 56.958 56.95 56.95 56.935 56.92 56.92 56.898 56.87 56.84 56.81 56.763 56.793 56.803 56.823 56.81 56.825 56.84 56.845 56.848 56.855 56.848 56.858 56.573 54.865 54.885 54.718 52.928 51.43
49.575 49.603 49.603 49.695 49.875 49.92 49.935 49.875 49.78 49.83 49.33 49.185 49.235 49.248 49.285 49.313 49.313 49.33 49.333 50.35 50.63 49.91 50.338 50.733 51.07 51.008 51.703 51.295 53.135 53.045 53.843 57.835 61.943 64.545 65.04 61.188 52.855 50.078 50.145 50.085 50.038 50.033 50.358 55.533 56.903 56.878 56.843 56.82 56.793 56.815 56.785 56.798 56.808 56.813 56.803 56.833 56.848 56.835 56.828 56.845 56.853 56.845 56.89 56.52 53.685 53.178 51.395 50.725 50.258 50.298 50.638 50.108 49.963
49.613 49.613 49.603 49.668 49.843 49.925 49.96 50.195 52.405 55.83 55.828 51.53 49.273 49.273 49.318 49.328 49.363 49.34 49.505 50.318 50.17 49.74 50.615 51.645 52.613 53.348 56.963 56.555 57.625 59.178 59.068 61.17 61.883 63.228 63.528 60.6 51.62 50.075 50.143 50.093 50.04 50.008 54.8 56.785 56.8 56.793 56.818 56.815 56.835 56.823 56.825 56.825 56.865 56.865 56.86 56.875 56.55 54.798 53.398 52.343 51.768 50.398 50.013 49.998 49.995 49.988 50.268 50.303 50.003 49.978 49.948 49.945 49.933
49.608 49.623 49.635 49.643 49.758 49.913 49.965 52.59 58.4 61.548 63.188 59.703 50.9 49.683 51.383 51.665 53.655 54.173 56.495 57.973 57.9 57.045 57.268 58.453 58.63 59.29 60.368 61.75 61.808 62.223 61.553 60.933 59.875 61.785 60.518 57.05 50.94 50.078 50.103 50.098 50.038 50.028 55.368 56.833 56.83 56.825 56.843 56.855 56.858 56.645 56.675 55.605 54.05 53.538 53.468 50.843 50.35 50.02 50.01 50 49.998 50.01 49.988 49.995 49.985 49.965 49.963 49.933 49.91 49.885 49.893 49.898 49.9
49.6 49.613 49.643 49.638 49.76 49.89 49.93 52.643 60.235 62.998 59.8 60.933 54.728 55.575 60.355 60.533 60.838 60.478 60.858 61.413 61.22 61.003 59.36 58.753 59.463 60.498 61.265 61.485 61.043 60.873 59.995 59.005 58.035 57.865 54.655 50.19 50.023 50.025 50.043 50.048 50.008 49.995 55.333 56.865 56.855 56.853 55.275 53.69 51.803 50.568 50 49.998 50.003 49.975 50.005 49.995 50.01 50.003 49.963 49.953 49.945 49.935 49.938 49.915 49.89 49.878 49.855 49.9 49.903 49.878 49.875 49.875 49.863
49.553 49.61 49.613 49.64 49.795 49.835 49.853 52.798 60.415 61.898 62.678 59.448 61.458 63.22 63.833 63.95 62.765 61.978 60.343 59.768 59.375 57.97 56.225 53.855 54.25 56.838 59.173 58.88 59.123 56.585 55.495 54.15 50.02 50.008 50.025 50.053 50.06 50.268 50.323 50.013 50.005 50 51.23 53.965 51.143 52.77 50.268 49.983 49.99 49.988 49.968 49.935 49.988 49.97 49.935 49.95 49.968 49.928 49.905 49.898 49.875 49.855 49.87 49.86 49.848 49.83 49.83 49.823 49.833 49.833 49.803 49.835 49.825
49.473 49.578 49.61 49.7 49.808 49.793 49.763 52.57 59.573 60.783 62.058 62.47 63.868 63.883 63.308 63.068 62.318 60.66 56.013 53.298 53.083 53.17 51.738 50.183 50.048 50.01 50.838 52.74 51.31 50.04 50.085 50.085 50.023 50.025 49.995 50.015 50.045 50.103 50.133 49.963 49.978 49.983 49.965 50.37 49.983 50.483 50.153 49.943 49.923 49.95 49.94 49.913 49.903 49.915 49.903 49.9 49.858 49.86 49.855 49.83 49.823 49.83 49.81 49.78 49.815 49.798 49.79 49.79 49.788 49.788 49.823 49.858 49.86
49.523 49.618 49.838 50.68 51.558 51.84 51.09 51.46 56.46 59.353 59.37 61.12 62.488 61.74 60.865 59.74 57.985 56.053 52.198 52.14 51.638 51.708 50.943 50.04 50.04 50.043 49.995 50.02 50.213 50.23 50.678 50.325 49.985 49.96 49.945 49.953 49.948 49.963 49.925 49.908 49.898 49.918 49.938 49.923 49.895 49.895 49.875 49.888 49.85 49.888 49.888 49.858 49.855 49.848 49.88 49.858 49.833 49.848 49.843 49.725 49.765 49.798 49.785 49.795 49.798 49.788 49.903 50.065 49.983 50.11 49.943 49.838 49.868
50.453 51.103 51.46 51.685 50.51 50.518 50.303 50.11 50.058 51.698 50.668 51.865 58.375 55.695 53.79 52.503 50.735 50.05 50.03 50.03 50.038 50.023 50.013 50.015 49.998 49.975 49.965 49.99 50.373 50.895 50.285 50.565 49.938 49.895 49.918 49.91 49.898 49.868 49.873 49.883 49.868 49.89 49.883 49.878 49.848 49.833 49.848 49.83 49.833 49.8 49.805 49.803 49.803 49.805 49.81 49.81 49.82 49.85 49.813 50.56 49.785 50.13 50.43 49.833 49.805 49.84 50.35 50.303 50 49.975 49.925 49.885 49.893
51.583 51.158 50.028 49.903 49.998 50 50.098 50.018 50.008 50.018 50.035 50.023 50.038 50.055 50.023 50.023 50.013 50.013 50.503 50 49.978 49.965 49.975 49.965 49.965 49.938 49.913 49.933 50.09 50.09 49.905 49.898 49.868 49.87 49.875 49.855 49.833 49.833 49.8 49.833 49.808 49.843 49.84 49.813 49.788 49.82 49.793 49.755 49.755 49.763 49.803 49.838 49.798 49.845 49.795 49.825 49.805 49.855 49.855 50.053 51.228 50.233 50.125 49.843 49.84 49.878 49.883 49.915 49.948 49.913 49.92 49.933 49.905
49.955 49.918 49.913 49.958 49.97 49.963 50.018 50.023 50.02 50.043 50.015 50.02 50 50.025 50.005 49.983 49.978 49.973 50.493 50.085 49.935 49.948 49.888 49.918 49.9 49.898 49.903 49.86 49.858 49.833 49.843 49.828 49.848 49.84 49.828 49.813 49.768 49.77 49.793 49.765 49.755 49.765 49.795 49.778 49.775 49.77 49.745 49.783 49.783 49.805 49.793 49.893 50.26 50.203 49.888 49.83 49.845 49.865 49.895 50.135 51.3 49.858 49.87 49.883 49.88 49.905 49.923 50.498 50.553 49.943 49.97 49.963 49.948
49.963 49.943 49.968 49.925 49.95 49.95 49.945 49.975 49.978 49.988 49.993 49.97 49.955 49.938 49.935 49.928 49.908 49.91 49.945 49.905 49.863 49.865 49.843 49.875 49.86 49.833 49.815 49.81 49.793 49.798 49.81 49.795 49.798 49.773 49.768 49.755 49.765 49.748 49.745 49.745 49.793 49.763 49.79 49.82 49.768 49.805 49.81 49.81 49.825 49.823 49.835 49.893 50.655 50.405 49.95 49.905 49.913 50.18 51.023 50.098 49.748 49.905 49.918 49.923 49.955 49.96 50.065 50.618 50.655 50.028 50.023 50.068 50.01
49.94 49.995 50.015 49.93 49.91 49.943 49.918 49.903 49.93 49.93 49.92 49.923 49.91 49.895 49.913 49.868 49.898 49.845 49.848 49.84 49.803 49.828 49.818 49.86 49.85 49.8 49.788 49.755 49.793 49.78 49.758 49.765 49.753 49.73 49.75 49.768 49.745 49.75 49.765 49.773 49.803 49.953 50.85 50.353 49.858 49.945 49.793 49.833 49.833 49.875 49.875 49.888 49.883 49.913 49.903 49.92 49.935 49.943 49.998 50.06 50.775 50.083 49.955 49.948 49.963 49.96 50.075 50.495 50.218 50.073 50.065 50.063 50.088
49.928 49.905 50.065 49.918 49.895 49.888 49.895 49.883 49.898 49.888 49.85 49.883 49.865 49.83 49.79 49.813 49.815 49.818 49.81 49.793 49.778 49.8 49.753 49.773 49.778 49.743 49.748 49.745 49.763 49.77 49.76 49.755 49.755 49.768 49.83 49.818 49.768 49.805 49.793 49.805 49.82 49.833 49.898 49.83 50.453 50.713 49.858 49.825 49.84 50.2 50.79 50.275 49.928 49.925 49.94 49.94 49.96 50.063 51.158 50.428 51.088 50.195 49.943 50.013 49.998 50.013 50.043 50.075 50.055 50.22 50.588 50.34 50.123
49.89 49.873 49.855 49.87 49.87 49.848 49.84 49.84 49.813 49.863 49.843 49.79 49.77 49.783 49.798 49.8 49.775 49.795 49.783 49.718 49.725 49.738 49.745 49.773 49.768 49.773 49.745 49.785 49.77 49.74 49.768 49.778 49.775 49.77 49.89 50.048 49.828 49.803 49.808 49.795 49.818 49.83 50.13 50.198 50.305 50.448 50.168 49.883 49.87 49.958 51.015 50.708 49.973 49.953 50.023 50.008 49.983 49.978 50.07 50.295 50.043 50.575 50.008 50.018 50.04 50.04 50.055 50.07 50.083 50.298 50.708 50.4 50.148
49.86 49.868 49.85 49.81 49.82 49.8 49.808 49.808 49.783 49.795 49.825 49.78 49.755 49.753 49.73 49.745 49.755 49.763 49.763 49.76 49.748 49.773 49.75 49.808 49.798 49.76 49.773 49.763 49.785 49.778 49.78 49.785 49.808 49.823 50.788 50.468 49.92 49.83 49.858 49.878 49.855 50.015 50.638 50.408 50.09 50.778 50.575 49.885 49.923 49.935 50.63 50.455 50.338 51.09 50.553 49.985 50 50.018 50.503 50.708 50.15 49.973 50.045 50.07 50.055 50.053 50.095 50.11 50.143 50.153 50.158 50.15 50.188
49.813 49.793 49.798 49.798 49.755 49.743 49.76 49.768 49.773 49.753 49.773 49.778 49.773 49.783 49.773 49.785 49.78 50.36 50.39 49.893 49.793 49.808 49.835 49.825 49.82 49.783 49.798 49.78 49.83 49.805 49.835 49.84 49.835 49.833 49.843 49.865 49.858 49.868 49.865 49.835 49.893 49.915 50.598 50.878 50.25 50.825 50.25 49.95 49.928 49.978 50.95 50.665 50.208 50.118 50.025 49.99 50.02 50.025 50.085 50.558 50.263 50.77 50.055 50.073 50.09 50.098 50.11 50.13 50.155 50.15 50.193 50.195 50.218
