All_lidar/sz6091_DSM_2M.asc
ncols 500
nrows 500
xllcorner    460000
yllcorner    91000
cellsize     2
NODATA_value -9999
[rows 192 to 223 of 500, columns 355 to 425 of 500]
45.324 45.297 45.237 45.452 45.272 44.884 44.789 44.814 44.767 45.059 44.394 44.074 43.939 43.799 43.612 43.489 43.397 43.379 43.347 43.212 43.167 43.109 43.287 43.532 43.517 44.117 44.054 44.339 43.862 43.257 43.197 43.162 43.119 43.064 43.097 43.072 43.064 43.004 42.932 42.874 42.884 42.864 42.789 42.677 42.569 42.534 42.437 42.357 42.282 42.212 42.139 42.097 42.039 41.937 41.862 41.824 41.729 41.682 41.614 41.557 41.509 41.402 42.512 45.359 45.549 41.599 40.909 40.822 40.739 40.664 40.682
45.434 45.204 45.117 45.602 45.639 44.849 44.792 44.834 44.714 44.937 44.387 43.999 43.834 43.692 43.522 43.407 43.354 43.302 43.242 43.164 43.044 42.962 42.897 42.877 42.854 42.889 42.939 43.022 43.472 43.762 43.897 43.239 44.002 43.467 43.147 42.844 42.789 42.847 42.827 42.814 42.782 42.782 42.689 42.617 42.587 42.509 42.422 42.322 42.222 42.142 42.049 42.012 41.944 41.842 41.772 41.719 41.652 41.624 41.527 41.497 41.409 41.324 41.807 43.757 42.479 40.879 40.807 40.744 40.689 40.639 40.514
45.287 45.129 45.059 44.977 44.827 44.857 44.744 44.737 44.682 44.977 44.509 43.954 43.807 43.624 43.484 43.372 43.307 43.247 43.179 43.099 42.992 42.909 42.862 42.847 42.852 42.864 42.867 42.902 42.892 42.807 42.792 42.799 43.389 43.694 43.987 44.074 43.572 43.314 42.849 42.597 42.552 42.574 42.577 42.544 42.512 42.474 42.392 42.292 42.232 42.149 42.037 41.982 41.887 41.777 41.699 41.677 41.612 41.527 41.454 41.389 41.344 41.234 41.479 42.607 41.227 40.737 40.647 40.614 40.562 40.509 40.407
45.299 45.092 44.984 44.904 44.799 44.812 44.687 44.747 44.662 44.967 44.334 43.897 43.762 43.609 43.449 43.337 43.269 43.164 43.107 43.044 42.992 42.849 42.834 42.797 42.819 42.817 42.819 42.839 42.849 42.792 42.649 42.597 42.627 42.677 42.762 42.857 43.247 43.592 43.887 43.837 43.329 43.099 42.579 42.272 42.224 42.309 42.322 42.214 42.132 42.064 41.989 41.947 41.912 41.802 41.682 41.622 41.577 41.517 41.394 41.327 41.242 41.152 42.292 44.369 41.327 40.852 40.637 40.552 40.467 40.422 40.327
45.162 45.057 44.889 44.834 44.762 44.754 44.647 44.687 44.642 44.929 44.409 43.894 43.767 43.599 43.437 43.342 43.222 43.142 43.032 42.944 42.924 42.819 42.787 42.799 42.792 42.789 42.764 42.757 42.774 42.724 42.632 42.577 42.592 42.612 42.589 42.557 42.472 42.437 42.444 42.474 42.712 42.974 43.259 43.302 43.434 42.749 42.562 42.112 41.872 41.884 41.884 41.864 41.844 41.757 41.652 41.584 41.572 41.544 41.394 41.292 41.179 41.107 41.569 42.647 41.564 41.677 40.554 40.484 40.409 40.374 40.249
45.004 45.442 45.232 44.799 44.684 44.697 44.582 44.664 44.659 44.962 44.544 43.942 43.812 43.564 43.444 43.327 43.224 43.122 43.004 42.904 42.839 42.779 42.762 42.779 42.772 42.724 42.734 42.697 42.699 42.682 42.612 42.544 42.532 42.524 42.492 42.439 42.394 42.347 42.329 42.297 42.202 42.167 42.139 42.157 42.232 42.339 42.627 42.957 42.722 42.447 41.979 41.714 41.499 41.574 41.609 41.472 41.432 41.372 41.317 41.262 41.189 41.357 41.457 43.139 41.559 40.784 40.452 40.327 40.294 40.242 40.162
45.089 45.712 45.397 44.754 44.609 44.592 44.532 44.604 44.679 44.924 44.534 43.994 43.849 43.632 43.487 43.347 43.232 43.147 43.042 42.919 42.819 42.762 42.764 42.782 42.732 42.692 42.669 42.649 42.657 42.627 42.584 42.549 42.499 42.467 42.432 42.367 42.314 42.272 42.234 42.214 42.147 42.099 42.042 42.004 41.979 41.957 41.869 41.769 41.802 42.092 42.494 42.739 42.567 42.114 41.427 41.139 41.139 41.127 41.142 41.134 41.104 41.002 41.784 42.464 42.419 40.452 40.409 40.307 40.249 40.142 40.049
45.254 45.617 45.044 44.742 44.594 44.547 44.474 44.582 44.729 44.914 44.544 44.037 43.884 43.759 43.634 43.467 43.302 43.202 43.059 42.902 42.812 42.774 42.787 42.779 42.727 42.634 42.614 42.594 42.574 42.569 42.557 42.534 42.494 42.452 42.392 42.317 42.259 42.237 42.162 42.137 42.077 42.034 41.962 41.914 41.869 41.877 41.807 41.697 41.614 41.522 41.472 41.477 41.657 42.002 42.329 42.327 41.587 41.079 40.759 40.602 40.689 40.927 41.972 44.202 43.497 41.334 40.269 40.352 41.374 40.389 39.989
45.084 45.132 44.724 44.672 44.627 44.517 44.429 44.497 44.659 44.759 44.437 44.022 43.934 43.817 43.712 43.609 43.459 43.307 43.147 42.982 42.852 42.824 42.787 42.779 42.709 42.637 42.587 42.542 42.517 42.522 42.529 42.499 42.467 42.414 42.354 42.279 42.237 42.187 42.104 42.052 42.014 41.942 41.879 41.804 41.762 41.709 41.624 41.549 41.507 41.457 41.414 41.352 41.257 41.174 41.117 41.289 41.744 42.007 41.917 41.774 41.397 41.207 44.074 46.334 44.969 42.552 40.239 40.047 40.032 39.989 39.919
44.704 44.707 44.574 44.557 44.547 44.492 44.407 44.417 44.542 44.919 44.452 44.004 43.944 43.864 43.769 43.677 43.557 43.427 43.319 43.174 42.964 42.844 42.809 42.774 42.702 42.599 42.554 42.529 42.437 42.442 42.482 42.459 42.429 42.367 42.317 42.254 42.184 42.132 42.049 41.979 41.924 41.887 41.817 41.742 41.659 41.572 41.499 41.404 41.362 41.317 41.269 41.247 41.199 41.139 41.057 40.982 40.899 40.812 40.732 40.922 41.132 41.644 42.754 42.117 42.302 42.012 41.357 40.444 40.072 39.832 39.774
44.594 44.547 44.512 44.459 44.444 44.449 44.387 44.417 44.487 44.714 44.444 43.959 43.914 43.859 43.804 43.712 43.637 43.547 43.434 43.289 43.124 43.009 42.889 42.789 42.674 42.582 42.527 42.479 42.402 42.342 42.402 42.382 42.364 42.319 42.264 42.207 42.119 42.052 41.977 41.927 41.862 41.809 41.737 41.684 41.579 41.489 41.399 41.337 41.257 41.209 41.137 41.104 41.059 41.007 40.964 40.902 40.822 40.784 40.679 40.589 40.492 40.459 40.537 40.537 40.779 41.009 41.469 41.432 41.607 41.499 40.924
44.494 44.457 44.399 44.459 44.409 44.377 44.292 44.377 44.427 44.662 44.409 43.947 43.887 43.839 43.769 43.719 43.647 43.554 43.479 43.389 43.234 43.117 42.969 42.849 42.672 42.602 42.517 42.447 42.392 42.307 42.309 42.299 42.262 42.247 42.182 42.139 42.057 41.979 41.932 41.877 41.807 41.749 41.672 41.619 41.527 41.434 41.342 41.234 41.187 41.119 41.054 40.999 40.967 40.914 40.862 40.814 40.764 40.704 40.602 40.499 40.409 40.314 40.267 40.187 40.049 39.984 39.922 39.824 40.022 40.019 40.244
44.504 44.424 44.364 44.364 44.357 44.327 44.254 44.337 44.412 44.689 44.399 43.879 43.837 43.819 43.744 43.714 43.632 43.532 43.464 43.372 43.249 43.119 42.979 42.842 42.679 42.617 42.569 42.497 42.372 42.284 42.254 42.232 42.172 42.179 42.084 42.019 41.959 41.924 41.849 41.774 41.729 41.654 41.582 41.507 41.419 41.359 41.269 41.197 41.117 41.042 40.972 40.929 40.874 40.814 40.747 40.699 40.644 40.567 40.494 40.402 40.274 40.184 40.132 40.099 40.027 39.952 39.902 39.854 39.777 39.689 39.582
44.479 44.409 44.349 44.317 44.259 44.274 44.239 44.314 44.394 44.724 44.382 43.849 43.809 43.812 43.714 43.674 43.597 43.487 43.424 43.342 43.179 43.042 42.962 42.827 42.724 42.612 42.519 42.462 42.414 42.347 42.289 42.219 42.134 42.082 42.029 41.982 41.884 41.837 41.762 41.704 41.637 41.557 41.469 41.384 41.324 41.259 41.197 41.134 41.054 41.024 40.952 40.902 40.822 40.722 40.652 40.597 40.537 40.464 40.397 40.282 40.152 40.079 40.034 39.979 39.947 39.894 39.857 39.812 39.722 39.622 39.542
44.374 44.342 44.274 44.219 44.159 44.202 44.194 44.292 44.364 44.527 44.339 43.809 43.814 43.769 43.674 43.639 43.564 43.472 43.377 43.247 43.109 43.002 42.939 42.884 42.789 42.674 42.542 42.414 42.329 42.272 42.252 42.159 42.137 42.042 41.959 41.897 41.819 41.754 41.684 41.624 41.547 41.459 41.367 41.292 41.214 41.144 41.087 41.052 40.972 40.947 40.869 40.822 40.769 40.662 40.577 40.514 40.424 40.344 40.282 40.197 40.109 40.024 39.959 39.899 39.857 39.817 39.732 39.697 39.664 39.524 39.452
44.309 44.299 44.242 44.162 44.124 44.122 44.152 44.279 44.352 44.482 44.477 43.802 43.767 43.694 43.619 43.579 43.487 43.419 43.307 43.187 43.077 42.987 42.944 42.902 42.849 42.754 42.622 42.464 42.319 42.204 42.162 42.067 42.032 41.972 41.899 41.812 41.729 41.699 41.654 41.604 41.517 41.402 41.307 41.222 41.142 41.052 41.004 40.939 40.882 40.819 40.744 40.704 40.649 40.614 40.497 40.404 40.324 40.259 40.172 40.102 40.039 39.964 39.899 39.829 39.739 39.687 39.677 39.614 39.519 39.437 39.369
44.239 44.267 44.204 44.154 44.114 44.077 44.077 44.304 44.667 44.564 44.722 43.864 43.637 43.594 43.502 43.517 43.434 43.354 43.219 43.142 43.047 43.002 42.984 42.939 42.869 42.797 42.679 42.559 42.392 43.369 42.132 41.972 41.929 41.842 41.799 41.717 41.649 41.627 41.544 41.467 41.429 41.349 41.277 41.184 41.079 40.984 40.909 40.862 40.802 40.757 40.669 40.607 40.552 40.499 40.399 40.319 40.244 40.152 40.074 40.027 39.964 39.882 39.807 39.739 39.647 39.602 39.549 39.502 39.414 39.344 39.277
44.194 44.197 44.194 44.157 44.114 44.012 43.979 44.242 44.377 44.487 44.699 44.034 43.687 43.549 43.489 43.504 43.397 43.264 43.154 43.082 43.044 43.032 43.009 42.942 42.857 42.792 42.694 42.584 42.524 42.427 42.202 42.022 41.879 41.764 41.724 41.657 41.607 41.549 41.489 41.409 41.312 41.219 41.154 41.084 41.024 40.957 40.877 40.814 40.744 40.714 40.649 40.557 40.457 40.397 40.327 40.244 40.152 40.082 39.997 39.937 39.872 39.792 39.709 39.672 39.582 39.522 39.437 39.369 39.304 39.239 39.137
44.149 44.129 44.127 44.092 44.057 43.937 43.942 44.139 44.252 44.309 44.329 43.914 43.782 43.557 43.504 43.447 43.344 43.209 43.139 43.084 43.069 43.044 43.027 42.949 42.867 42.774 42.687 42.572 42.507 42.404 42.229 42.044 41.884 41.742 41.632 41.569 41.514 41.472 41.412 41.344 41.252 41.139 41.072 40.984 40.927 40.869 40.809 40.772 40.714 40.672 40.592 40.494 40.394 40.299 40.224 40.162 40.092 39.997 39.922 39.862 39.779 39.689 39.634 39.592 39.509 39.412 39.309 39.234 39.147 39.067 38.999
44.122 44.122 44.119 44.074 43.992 43.949 43.952 44.084 44.849 45.447 45.047 44.894 43.917 43.542 43.489 43.402 43.272 43.202 43.112 43.109 43.074 43.069 43.027 42.962 42.847 42.752 42.667 42.579 42.499 42.397 42.249 42.119 41.947 41.739 41.554 41.512 41.457 41.392 41.332 41.239 41.174 41.092 41.022 40.957 40.874 40.807 40.749 40.692 40.654 40.599 40.497 40.439 40.304 40.232 40.164 40.094 39.999 39.932 39.839 39.784 39.712 39.602 39.549 39.494 39.402 39.284 39.197 39.087 38.999 38.909 38.879
44.104 44.102 44.097 43.979 43.884 43.897 43.937 44.327 45.089 45.184 45.179 45.184 44.342 43.654 43.454 43.307 43.204 43.197 43.124 43.094 43.112 43.069 43.012 42.927 42.842 42.757 42.647 42.574 42.484 42.364 42.272 42.159 42.039 41.822 41.644 41.557 41.462 41.309 41.237 41.199 41.127 41.017 40.962 40.897 40.859 40.799 40.714 40.639 40.574 40.514 40.382 40.304 40.184 40.102 40.057 40.007 39.939 39.864 39.774 39.687 39.642 39.532 39.474 39.404 39.277 39.174 39.039 38.934 38.832 38.797 38.782
44.024 44.037 43.982 43.902 43.882 43.837 43.924 44.289 44.629 44.717 44.609 44.604 44.064 43.682 43.492 43.322 43.234 43.197 43.167 43.084 43.034 42.999 42.937 42.897 42.827 42.739 42.624 42.544 42.474 42.362 42.239 42.114 42.017 41.884 41.764 41.642 41.514 41.367 41.222 41.139 41.084 40.997 40.912 40.827 40.779 40.729 40.667 40.619 40.549 40.472 40.324 40.209 40.119 40.027 39.969 39.902 39.812 39.739 39.689 39.617 39.547 39.447 39.329 39.279 39.179 39.084 38.957 38.822 38.719 38.687 38.659
43.989 43.954 43.919 43.957 44.009 43.832 43.857 44.047 43.947 43.842 43.819 43.884 44.007 43.827 43.504 43.347 43.222 43.199 43.164 43.122 43.057 42.987 42.904 42.837 42.782 42.707 42.649 42.564 42.452 42.342 42.217 42.117 41.979 41.894 41.767 41.644 41.509 41.374 41.232 41.104 41.017 40.959 40.889 40.802 40.724 40.657 40.599 40.524 40.459 40.399 40.272 40.169 40.067 39.964 39.907 39.844 39.769 39.684 39.562 39.479 39.392 39.317 39.234 39.197 39.084 38.962 38.857 38.759 38.652 38.574 38.532
43.932 43.889 44.004 44.162 44.044 43.767 43.754 43.879 43.719 43.657 43.562 43.504 43.964 43.894 43.467 43.284 43.204 43.159 43.149 43.102 43.027 42.964 42.904 42.829 42.762 42.677 42.604 42.529 42.399 42.282 42.182 42.057 41.959 41.867 41.759 41.614 41.507 41.369 41.234 41.082 40.994 40.912 40.857 40.779 40.707 40.604 40.542 40.472 40.384 40.312 40.207 40.122 40.032 39.942 39.834 39.769 39.679 39.587 39.504 39.404 39.337 39.229 39.134 39.052 38.939 38.869 38.794 38.702 38.589 38.507 38.404
43.894 43.879 43.859 43.864 43.914 43.692 43.597 43.692 43.624 43.584 43.492 43.467 43.922 43.859 43.502 43.244 43.239 43.189 43.117 43.064 43.002 42.922 42.884 42.822 42.734 42.677 42.557 42.444 42.357 42.249 42.167 42.049 41.937 41.844 41.714 41.577 41.474 41.347 41.272 41.159 41.042 40.907 40.792 40.734 40.712 40.607 40.522 40.419 40.337 40.227 40.119 40.039 39.952 39.874 39.804 39.734 39.644 39.514 39.424 39.324 39.224 39.122 39.039 38.972 38.879 38.797 38.694 38.609 38.504 38.394 38.307
43.824 43.874 43.979 44.247 44.114 43.654 43.484 43.462 43.459 43.467 43.567 43.614 43.547 43.512 43.197 43.272 43.417 43.252 43.077 43.002 42.919 42.877 42.839 42.784 42.722 42.649 42.549 42.437 42.294 42.197 42.092 42.004 41.879 41.759 41.634 41.534 41.414 41.349 41.289 41.224 41.079 40.909 40.772 40.669 40.637 40.562 40.499 40.414 40.302 40.202 40.099 40.009 39.894 39.799 39.709 39.624 39.544 39.454 39.342 39.259 39.164 39.049 38.964 38.904 38.797 38.679 38.594 38.519 38.432 38.357 38.229
43.677 43.829 44.309 44.744 43.919 43.592 43.382 43.359 43.339 43.312 44.209 43.642 43.357 43.209 43.049 43.119 43.332 43.339 43.114 42.894 42.832 42.787 42.774 42.722 42.657 42.594 42.479 42.387 42.294 42.169 42.062 41.949 41.854 41.734 41.614 41.532 41.432 41.324 41.247 41.179 41.052 40.929 40.807 40.649 40.552 40.482 40.449 40.334 40.257 40.184 40.059 39.967 39.849 39.759 39.647 39.532 39.414 39.347 39.262 39.199 39.099 38.972 38.872 38.777 38.672 38.629 38.529 38.447 38.364 38.264 38.144
43.609 43.802 44.242 44.822 44.014 43.504 43.297 43.324 43.239 43.294 44.029 43.299 43.219 43.029 42.922 42.862 42.932 43.017 43.014 42.839 42.744 42.692 42.617 42.579 42.507 42.474 42.409 42.342 42.269 42.169 42.109 41.979 41.829 41.682 41.564 41.497 41.404 41.289 41.182 41.119 41.042 40.917 40.824 40.652 40.522 40.422 40.362 40.304 40.212 40.124 40.037 39.947 39.864 39.739 39.629 39.507 39.387 39.269 39.174 39.062 39.009 38.929 38.842 38.727 38.612 38.517 38.439 38.372 38.287 38.194 38.062
43.577 43.862 43.927 44.029 43.902 43.437 43.282 43.294 43.182 43.512 43.799 43.242 43.129 42.962 42.792 42.719 42.764 42.782 42.797 42.739 42.682 42.747 42.629 42.554 42.512 42.429 42.324 42.242 42.187 42.137 42.054 41.972 41.839 41.702 41.549 41.427 41.329 41.239 41.157 41.087 41.002 40.867 40.777 40.649 40.494 40.377 40.309 40.254 40.192 40.139 40.032 39.927 39.832 39.752 39.612 39.497 39.357 39.202 39.087 39.017 38.894 38.824 38.759 38.669 38.577 38.412 38.357 38.289 38.187 38.097 37.979
43.539 43.797 43.704 43.689 43.977 43.402 43.217 43.184 43.104 43.212 43.162 43.177 42.989 42.839 42.692 42.684 42.664 42.704 42.702 42.677 42.624 42.662 42.649 42.577 42.537 42.439 42.297 42.212 42.137 42.044 41.964 41.877 41.789 41.697 41.567 41.437 41.329 41.199 41.122 41.019 40.937 40.839 40.747 40.632 40.509 40.387 40.274 40.202 40.142 40.077 39.994 39.902 39.794 39.704 39.607 39.484 39.304 39.164 39.054 38.942 38.852 38.764 38.669 38.547 38.479 38.364 38.264 38.182 38.077 37.984 37.902
43.344 43.337 43.364 43.382 43.392 43.217 43.137 43.109 43.049 43.092 43.117 43.137 42.929 42.734 42.687 42.584 42.572 42.572 42.594 42.597 42.619 42.619 42.582 42.479 42.469 42.437 42.302 42.214 42.107 42.044 41.942 41.824 41.699 41.612 41.507 41.407 41.319 41.204 41.124 41.012 40.879 40.772 40.684 40.599 40.489 40.389 40.259 40.174 40.099 40.022 39.957 39.869 39.737 39.679 39.587 39.457 39.312 39.154 39.017 38.924 38.804 38.712 38.599 38.492 38.364 38.299 38.184 38.089 37.984 37.872 37.782
43.247 43.199 43.209 43.177 43.157 43.104 43.034 43.024 42.992 43.077 43.142 43.017 42.862 42.702 42.592 42.549 42.527 42.499 42.484 42.572 42.622 42.654 42.634 42.492 42.382 42.369 42.307 42.192 42.109 41.994 41.894 41.759 41.624 41.524 41.429 41.327 41.262 41.207 41.122 41.037 40.892 40.782 40.684 40.542 40.454 40.362 40.294 40.174 40.084 39.967 39.864 39.802 39.707 39.612 39.504 39.379 39.267 39.142 39.002 38.897 38.767 38.657 38.514 38.424 38.342 38.232 38.124 38.017 37.912 37.772 37.657
