All_lidar/sz6088_DSM_2M.asc
ncols 500
nrows 500
xllcorner    460000
yllcorner    88000
cellsize     2
NODATA_value -9999
[rows 429 to 461 of 500, columns 0 to 73 of 500]
46.744 46.706 46.696 46.634 46.584 46.529 46.456 46.369 46.279 46.189 46.099 45.966 45.876 45.774 45.669 45.574 45.434 45.284 45.156 45.009 44.844 44.656 44.526 44.366 44.229 44.116 43.901 43.754 43.589 43.366 43.116 42.901 42.671 42.499 42.244 42.059 41.776 41.524 41.306 41.011 40.879 40.664 40.424 40.146 39.884 39.679 39.394 39.166 38.954 38.746 38.536 38.326 38.114 37.886 37.669 37.421 37.194 36.984 36.754 36.554 36.339 36.141 35.961 35.764 35.586 35.426 35.249 35.049 34.861 34.679 34.519 34.346 34.171 34.026
46.816 46.751 46.751 46.724 46.656 46.624 46.519 46.476 46.356 46.299 46.224 46.109 46.021 45.861 45.741 45.624 45.456 45.326 45.194 45.081 44.929 44.811 44.719 44.511 44.381 44.251 43.966 43.749 43.546 43.344 43.201 43.011 42.836 42.594 42.309 42.156 41.956 41.741 41.499 41.256 41.039 40.811 40.546 40.276 40.044 39.819 39.611 39.396 39.196 38.926 38.726 38.516 38.259 38.011 37.776 37.566 37.351 37.124 36.916 36.706 36.524 36.354 36.186 36.019 35.794 35.621 35.419 35.211 35.001 34.804 34.616 34.454 34.324 34.216
46.839 46.816 46.821 46.774 46.749 46.676 46.641 46.611 46.491 46.431 46.301 46.196 46.056 45.884 45.769 45.654 45.531 45.451 45.301 45.179 45.084 44.921 44.776 44.574 44.431 44.259 44.061 43.869 43.714 43.459 43.284 43.121 42.889 42.704 42.549 42.376 42.151 41.876 41.641 41.409 41.171 40.924 40.724 40.504 40.284 40.041 39.814 39.584 39.349 39.124 38.886 38.641 38.431 38.196 37.956 37.734 37.559 37.356 37.179 36.984 36.764 36.546 36.366 36.156 35.931 35.736 35.504 35.306 35.161 35.009 34.936 34.924 34.839 35.631
46.886 46.879 46.849 46.859 46.871 46.786 46.749 46.699 46.596 46.476 46.366 46.246 46.106 45.981 45.906 45.799 45.681 45.554 45.419 45.276 45.149 44.959 44.821 44.636 44.491 44.301 44.094 43.914 43.746 43.589 43.439 43.256 43.084 42.894 42.616 42.506 42.276 42.044 41.806 41.556 41.356 41.134 40.969 40.711 40.426 40.184 39.936 39.714 39.484 39.269 39.071 38.834 38.611 38.384 38.159 37.991 37.794 37.576 37.411 37.151 36.961 36.784 36.521 36.321 36.129 35.964 35.829 36.136 36.589 36.346 36.779 36.956 36.036 37.059
46.946 46.951 46.969 46.966 46.921 46.851 46.804 46.721 46.611 46.521 46.406 46.336 46.246 46.141 46.046 45.904 45.741 45.634 45.499 45.371 45.244 45.031 44.859 44.719 44.566 44.354 44.191 44.046 43.936 43.784 43.544 43.329 43.119 42.954 42.744 42.541 42.356 42.164 41.919 41.671 41.466 41.249 41.024 40.779 40.549 40.331 40.104 39.899 39.656 39.471 39.251 39.069 38.846 38.601 38.369 38.179 37.999 37.789 37.601 37.361 37.111 36.921 36.804 36.736 37.294 37.271 37.506 38.261 38.214 37.664 37.176 36.469 35.971 35.889
47.011 47.001 47.041 46.991 46.931 46.879 46.789 46.734 46.686 46.636 46.559 46.429 46.269 46.161 46.051 45.949 45.824 45.699 45.494 45.331 45.214 45.094 44.936 44.779 44.676 44.536 44.376 44.236 43.986 43.781 43.599 43.444 43.249 43.076 42.854 42.659 42.429 42.189 41.946 41.706 41.519 41.329 41.129 40.931 40.709 40.479 40.281 40.091 39.869 39.661 39.449 39.214 38.971 38.779 38.556 38.351 38.159 37.991 37.914 37.856 38.096 38.319 38.709 38.654 38.419 38.094 37.954 37.539 36.931 36.411 36.189 36.031 35.889 35.729
47.031 47.026 47.016 47.016 47.009 46.969 46.901 46.851 46.781 46.674 46.566 46.459 46.321 46.199 46.079 45.961 45.821 45.679 45.556 45.461 45.371 45.284 45.144 45.004 44.791 44.624 44.426 44.256 44.046 43.874 43.694 43.526 43.329 43.116 42.876 42.661 42.451 42.239 42.056 41.879 41.676 41.479 41.294 41.096 40.916 40.694 40.474 40.216 39.999 39.769 39.506 39.269 39.039 38.884 38.794 38.709 39.079 39.199 39.584 39.384 39.484 38.969 38.619 38.114 37.599 37.256 36.974 36.776 36.611 36.419 36.264 36.106 35.926 35.736
47.166 47.181 47.166 47.106 47.069 47.009 46.934 46.869 46.764 46.609 46.491 46.401 46.306 46.204 46.084 46.016 45.924 45.834 45.759 45.669 45.571 45.394 45.169 45.016 44.799 44.626 44.446 44.306 44.109 43.956 43.749 43.521 43.296 43.104 42.976 42.796 42.609 42.444 42.244 42.069 41.889 41.679 41.466 41.231 41.001 40.749 40.541 40.349 40.074 39.811 39.656 39.711 39.801 40.246 40.404 40.336 40.096 40.019 39.354 39.016 38.651 38.174 37.869 37.634 37.419 37.224 37.074 36.874 36.659 36.479 36.306 36.151 35.956 35.794
47.186 47.191 47.151 47.131 47.064 46.979 46.911 46.799 46.716 46.619 46.569 46.481 46.419 46.336 46.211 46.174 46.099 45.941 45.836 45.686 45.546 45.344 45.189 45.026 44.856 44.659 44.486 44.296 44.091 43.939 43.794 43.586 43.434 43.284 43.124 42.966 42.806 42.641 42.421 42.206 41.976 41.734 41.489 41.306 41.089 40.821 40.654 40.579 40.634 41.179 41.276 41.104 40.919 40.701 40.559 40.421 39.669 39.319 38.819 38.549 38.371 38.109 37.899 37.709 37.466 37.306 37.116 36.936 36.744 36.586 36.399 36.261 36.081 35.906
47.134 47.184 47.149 47.069 47.006 46.939 46.911 46.841 46.796 46.754 46.719 46.669 46.564 46.464 46.296 46.226 46.129 45.914 45.814 45.639 45.516 45.374 45.216 45.036 44.879 44.674 44.506 44.339 44.176 44.031 43.901 43.766 43.651 43.491 43.316 43.096 42.909 42.709 42.494 42.221 42.016 41.821 41.646 41.821 41.826 41.914 41.949 42.081 41.731 41.341 41.054 40.731 40.366 39.959 39.741 39.499 39.281 39.059 38.839 38.614 38.386 38.186 38.011 37.801 37.616 37.451 37.264 37.081 36.884 36.734 36.529 36.391 36.199 36.036
47.126 47.164 47.144 47.119 47.071 47.059 47.034 46.976 46.966 46.874 46.809 46.674 46.596 46.486 46.361 46.261 46.061 45.924 45.784 45.656 45.514 45.374 45.211 45.059 44.914 44.731 44.619 44.464 44.336 44.211 44.109 43.961 43.771 43.539 43.329 43.084 42.936 42.761 42.546 42.359 42.321 42.554 42.996 43.061 42.864 42.496 41.961 41.416 41.129 40.879 40.619 40.409 40.221 40.019 39.799 39.581 39.346 39.149 38.931 38.701 38.486 38.274 38.099 37.931 37.849 37.676 37.466 37.206 37.014 36.844 36.621 36.441 36.281 36.114
47.184 47.216 47.229 47.244 47.206 47.191 47.134 47.069 46.996 46.879 46.819 46.681 46.556 46.409 46.341 46.171 46.056 45.926 45.786 45.669 45.541 45.454 45.299 45.161 45.026 44.904 44.801 44.674 44.524 44.339 44.159 43.969 43.749 43.501 43.329 43.191 43.059 43.099 43.526 43.524 43.346 43.564 43.026 42.424 41.916 41.684 41.514 41.286 41.066 40.866 40.666 40.429 40.251 40.051 39.844 39.641 39.429 39.244 39.011 38.796 38.634 38.431 38.279 38.171 38.039 37.806 37.511 37.276 37.096 36.899 36.746 36.556 36.394 36.199
47.249 47.261 47.294 47.269 47.171 47.151 47.064 47.024 46.969 46.831 46.721 46.621 46.549 46.406 46.329 46.196 46.126 46.091 45.981 45.834 45.681 45.569 45.451 45.319 45.201 45.036 44.894 44.701 44.501 44.329 44.146 43.971 43.759 43.734 43.951 44.499 45.004 44.856 44.484 43.866 42.846 42.589 42.296 42.094 41.889 41.679 41.451 41.289 41.111 40.936 40.756 40.554 40.314 40.119 39.929 39.731 39.531 39.351 39.121 39.004 38.851 38.656 38.429 38.254 38.016 37.781 37.546 37.351 37.154 37.026 36.839 36.671 36.496 36.334
47.241 47.236 47.259 47.204 47.134 47.119 46.999 46.914 46.876 46.856 46.771 46.666 46.574 46.509 46.414 46.321 46.264 46.179 46.041 45.961 45.796 45.721 45.584 45.409 45.226 45.054 44.894 44.684 44.544 44.381 44.256 44.111 44.771 45.271 45.076 44.669 44.256 43.569 43.209 42.909 42.654 42.449 42.221 42.046 41.894 41.706 41.541 41.396 41.194 41.021 40.834 40.611 40.376 40.211 40.061 39.861 39.721 39.511 39.296 39.106 38.874 38.646 38.449 38.251 38.051 37.821 37.639 37.464 37.271 37.116 36.946 36.779 36.581 36.419
47.201 47.199 47.126 47.091 47.051 47.021 46.986 46.936 46.911 46.834 46.771 46.754 46.644 46.646 46.559 46.476 46.434 46.299 46.164 46.049 45.891 45.779 45.579 45.434 45.266 45.129 44.956 44.819 44.721 44.569 44.446 44.916 44.881 44.429 44.019 43.714 43.534 43.299 43.094 42.829 42.669 42.509 42.339 42.206 41.989 41.779 41.614 41.451 41.266 41.104 40.964 40.754 40.574 40.421 40.199 39.954 39.739 39.524 39.304 39.091 38.899 38.661 38.504 38.356 38.144 37.966 37.761 37.596 37.401 37.214 37.044 36.866 36.679 36.519
47.154 47.114 47.074 47.041 47.044 46.979 46.986 46.934 46.906 46.876 46.826 46.799 46.796 46.736 46.694 46.574 46.441 46.301 46.206 46.054 45.954 45.829 45.694 45.626 45.674 45.811 46.391 46.291 45.139 44.774 44.581 44.414 44.246 44.076 43.866 43.639 43.424 43.279 43.141 42.979 42.779 42.579 42.414 42.221 42.051 41.916 41.806 41.644 41.479 41.309 41.091 40.869 40.634 40.394 40.186 39.971 39.764 39.561 39.361 39.176 38.956 38.769 38.594 38.434 38.261 38.056 37.861 37.689 37.501 37.304 37.131 36.956 36.779 36.604
47.084 47.071 47.066 47.066 47.056 47.006 47.001 46.969 46.951 46.931 46.926 46.911 46.889 46.804 46.694 46.544 46.416 46.309 46.254 46.149 46.049 46.029 46.386 46.944 46.651 46.104 45.661 45.371 45.001 44.789 44.611 44.391 44.166 44.016 43.849 43.681 43.549 43.356 43.159 43.004 42.824 42.649 42.506 42.416 42.279 42.131 41.971 41.669 41.461 41.241 41.021 40.834 40.641 40.426 40.236 40.031 39.841 39.609 39.429 39.229 39.056 38.874 38.726 38.579 38.384 38.154 37.936 37.761 37.631 37.419 37.214 37.021 36.866 36.689
47.086 47.111 47.119 47.104 47.119 47.104 47.081 47.046 47.034 47.004 46.954 46.954 46.851 46.799 46.666 46.576 46.461 46.361 46.339 46.401 46.516 46.459 46.319 46.039 45.779 45.494 45.321 45.139 44.909 44.734 44.571 44.404 44.264 44.121 43.934 43.751 43.576 43.434 43.296 43.156 42.979 42.844 42.656 42.464 42.226 42.034 41.806 41.624 41.446 41.259 41.071 40.879 40.694 40.496 40.331 40.081 39.884 39.701 39.514 39.324 39.141 38.966 38.794 38.641 38.499 38.304 38.051 37.884 37.734 37.534 37.249 37.064 36.871 36.694
47.191 47.194 47.194 47.209 47.189 47.139 47.091 47.046 46.981 46.996 46.954 46.916 46.896 46.841 46.729 46.541 46.479 46.436 46.501 46.441 46.331 46.046 45.904 45.739 45.559 45.406 45.231 45.071 44.959 44.826 44.696 44.509 44.384 44.171 44.056 43.931 43.829 43.669 43.559 43.371 43.079 42.806 42.596 42.386 42.211 41.989 41.849 41.696 41.504 41.339 41.129 40.929 40.764 40.584 40.386 40.169 39.971 39.779 39.624 39.429 39.279 39.061 38.921 38.714 38.559 38.349 38.159 37.929 37.759 37.571 37.344 37.089 36.901 36.734
47.251 47.226 47.206 47.181 47.141 47.074 47.009 46.984 46.989 46.999 47.056 46.986 46.926 46.809 46.721 46.614 46.479 46.381 46.329 46.189 46.051 45.936 45.809 45.681 45.534 45.436 45.331 45.164 45.014 44.911 44.771 44.666 44.566 44.414 44.311 44.144 43.936 43.666 43.476 43.211 43.036 42.836 42.611 42.456 42.301 42.099 41.924 41.754 41.541 41.374 41.206 41.004 40.804 40.596 40.426 40.279 40.051 39.899 39.726 39.516 39.356 39.156 38.951 38.721 38.531 38.319 38.144 37.931 37.729 37.501 37.321 37.101 36.944 36.799
47.239 47.211 47.159 47.149 47.084 47.044 47.034 47.061 47.094 47.094 47.084 46.951 46.806 46.696 46.604 46.549 46.436 46.359 46.256 46.144 46.041 45.919 45.821 45.751 45.646 45.514 45.416 45.306 45.176 45.069 44.944 44.846 44.639 44.469 44.234 44.006 43.846 43.619 43.439 43.274 43.109 42.896 42.686 42.499 42.329 42.204 42.006 41.844 41.644 41.461 41.249 41.041 40.841 40.659 40.504 40.336 40.159 39.936 39.769 39.559 39.366 39.169 38.931 38.764 38.609 38.364 38.154 37.919 37.724 37.486 37.286 37.109 36.929 36.761
47.274 47.236 47.214 47.224 47.209 47.206 47.166 47.149 47.084 46.991 46.956 46.846 46.771 46.699 46.631 46.549 46.461 46.376 46.334 46.229 46.124 46.004 45.876 45.761 45.714 45.661 45.581 45.479 45.319 45.174 44.944 44.746 44.549 44.369 44.191 44.004 43.824 43.686 43.504 43.311 43.166 42.971 42.821 42.659 42.446 42.296 42.081 41.921 41.709 41.534 41.329 41.126 40.921 40.726 40.561 40.361 40.186 39.944 39.729 39.561 39.394 39.159 38.916 38.704 38.589 38.351 38.169 37.901 37.711 37.436 37.236 37.094 36.914 36.751
47.351 47.321 47.301 47.284 47.254 47.236 47.184 47.116 47.051 46.989 46.956 46.884 46.811 46.734 46.659 46.601 46.534 46.451 46.364 46.271 46.136 46.051 45.944 45.921 45.864 45.769 45.619 45.391 45.211 45.049 44.846 44.691 44.564 44.394 44.201 44.006 43.854 43.739 43.521 43.354 43.209 43.021 42.846 42.684 42.474 42.261 42.081 41.891 41.709 41.491 41.336 41.131 40.919 40.719 40.544 40.374 40.189 39.981 39.716 39.541 39.331 39.101 38.831 38.646 38.439 38.264 37.949 37.836 37.666 37.476 37.286 37.101 36.924 36.754
47.329 47.334 47.294 47.259 47.226 47.201 47.134 47.099 47.069 47.064 47.039 46.949 46.819 46.754 46.709 46.631 46.581 46.531 46.431 46.369 46.266 46.146 46.004 45.881 45.789 45.574 45.449 45.266 45.114 44.994 44.859 44.719 44.579 44.399 44.174 44.049 43.874 43.669 43.516 43.381 43.216 43.046 42.844 42.676 42.449 42.234 42.046 41.819 41.606 41.411 41.224 41.071 40.844 40.639 40.454 40.301 40.114 39.876 39.646 39.449 39.209 38.954 38.731 38.539 38.354 38.149 37.924 37.814 37.741 37.556 37.301 37.096 36.924 36.739
47.316 47.274 47.249 47.251 47.289 47.261 47.219 47.144 47.129 47.096 47.061 46.981 46.904 46.836 46.791 46.736 46.674 46.584 46.449 46.299 46.204 46.081 45.939 45.784 45.621 45.484 45.411 45.274 45.099 44.974 44.834 44.704 44.556 44.359 44.211 44.054 43.901 43.714 43.566 43.371 43.196 42.996 42.769 42.611 42.356 42.164 41.981 41.754 41.539 41.349 41.166 40.994 40.781 40.589 40.429 40.249 40.021 39.769 39.494 39.304 39.114 38.891 38.689 38.464 38.299 38.141 37.971 37.796 37.644 37.506 37.309 37.051 36.871 36.714
47.301 47.286 47.294 47.359 47.319 47.261 47.266 47.214 47.201 47.189 47.144 47.114 47.056 46.939 46.834 46.726 46.549 46.456 46.356 46.249 46.119 45.936 45.879 45.724 45.591 45.494 45.374 45.231 45.091 44.951 44.826 44.684 44.506 44.339 44.206 44.021 43.846 43.654 43.516 43.354 43.171 42.921 42.706 42.516 42.306 42.106 41.946 41.721 41.504 41.299 41.174 40.929 40.694 40.509 40.289 40.096 39.876 39.664 39.476 39.279 39.071 38.869 38.691 38.454 38.281 38.131 38.009 37.811 37.691 37.509 37.326 37.031 36.856 36.689
47.366 47.344 47.371 47.401 47.356 47.374 47.309 47.316 47.274 47.229 47.144 47.069 46.924 46.839 46.759 46.619 46.524 46.454 46.291 46.229 46.139 45.976 45.879 45.719 45.596 45.514 45.391 45.274 45.126 44.996 44.849 44.719 44.546 44.364 44.211 44.026 43.831 43.616 43.484 43.301 43.109 42.859 42.694 42.486 42.264 42.071 41.854 41.636 41.459 41.224 41.029 40.836 40.609 40.394 40.194 39.999 39.839 39.651 39.459 39.254 39.044 38.834 38.636 38.419 38.254 38.096 37.939 37.809 37.646 37.496 37.291 37.056 36.866 36.664
47.504 47.486 47.484 47.499 47.451 47.406 47.359 47.231 47.164 47.139 47.081 46.951 46.959 46.846 46.734 46.609 46.554 46.396 46.294 46.194 46.086 45.974 45.849 45.734 45.646 45.534 45.406 45.289 45.129 45.014 44.829 44.709 44.529 44.326 44.131 43.974 43.809 43.584 43.439 43.231 43.049 42.809 42.711 42.494 42.219 41.979 41.756 41.529 41.311 41.124 40.891 40.684 40.466 40.281 40.096 39.929 39.779 39.566 39.386 39.191 38.979 38.796 38.596 38.386 38.186 38.046 37.876 37.804 37.636 37.451 37.296 37.059 36.789 36.619
47.599 47.546 47.501 47.456 47.394 47.366 47.316 47.279 47.214 47.131 47.101 47.004 46.916 46.796 46.684 46.589 46.511 46.389 46.296 46.171 46.084 45.954 45.824 45.761 45.654 45.519 45.401 45.244 45.146 44.946 44.739 44.546 44.441 44.274 44.101 43.924 43.699 43.539 43.371 43.229 43.006 42.771 42.551 42.331 42.101 41.884 41.619 41.409 41.236 40.999 40.804 40.576 40.396 40.221 40.034 39.859 39.674 39.486 39.304 39.089 38.904 38.726 38.544 38.354 38.136 37.966 37.804 37.689 37.569 37.386 37.186 36.984 36.714 36.569
47.544 47.511 47.461 47.406 47.386 47.316 47.279 47.256 47.199 47.114 47.054 46.986 46.924 46.834 46.731 46.644 46.551 46.411 46.296 46.224 46.114 45.986 45.879 45.756 45.644 45.476 45.359 45.226 45.096 44.904 44.689 44.539 44.396 44.226 44.081 43.864 43.681 43.491 43.274 43.109 42.914 42.669 42.441 42.249 41.981 41.779 41.556 41.369 41.149 40.944 40.724 40.536 40.301 40.149 39.981 39.794 39.604 39.411 39.249 39.074 38.876 38.659 38.489 38.289 38.069 37.904 37.776 37.596 37.504 37.304 37.114 36.896 36.649 36.551
47.566 47.541 47.489 47.426 47.369 47.319 47.271 47.214 47.201 47.154 47.084 47.034 46.939 46.824 46.719 46.644 46.551 46.421 46.326 46.201 46.106 45.996 45.851 45.709 45.594 45.454 45.326 45.184 45.061 44.881 44.696 44.524 44.416 44.229 44.026 43.766 43.564 43.404 43.204 43.004 42.781 42.591 42.379 42.161 41.906 41.681 41.456 41.266 41.029 40.831 40.629 40.424 40.249 40.046 39.874 39.701 39.554 39.411 39.251 39.081 38.929 38.619 38.451 38.276 38.066 37.881 37.711 37.571 37.446 37.229 37.019 36.809 36.619 36.491
47.519 47.479 47.399 47.391 47.386 47.364 47.336 47.251 47.204 47.154 47.101 47.049 46.946 46.839 46.749 46.626 46.546 46.474 46.364 46.224 46.099 45.979 45.846 45.724 45.561 45.401 45.319 45.159 45.039 44.889 44.714 44.551 44.354 44.129 43.909 43.689 43.506 43.344 43.139 42.979 42.729 42.529 42.289 42.069 41.869 41.609 41.394 41.196 41.014 40.774 40.579 40.381 40.186 39.994 39.844 39.656 39.509 39.346 39.219 39.041 38.874 38.586 38.366 38.219 38.011 37.814 37.626 37.474 37.359 37.179 36.924 36.726 36.539 36.454
47.541 47.506 47.459 47.461 47.409 47.384 47.359 47.289 47.259 47.186 47.114 47.026 46.929 46.876 46.786 46.654 46.549 46.461 46.346 46.221 46.081 45.976 45.826 45.714 45.529 45.399 45.254 45.114 44.916 44.711 44.591 44.406 44.204 43.979 43.814 43.594 43.421 43.239 43.099 42.859 42.611 42.441 42.241 42.041 41.821 41.566 41.321 41.111 40.961 40.729 40.544 40.331 40.136 39.951 39.791 39.609 39.406 39.261 39.109 38.941 38.801 38.531 38.331 38.121 37.941 37.754 37.581 37.391 37.206 36.994 36.816 36.669 36.529 36.419
