All_lidar/sz6085_DSM_2M.asc
ncols 500
nrows 500
xllcorner    460000
yllcorner    85000
cellsize     2
NODATA_value -9999
[rows 102 to 135 of 500, columns 77 to 153 of 500]
6.292 5.794 5.975 6.068 5.266 4.715 4.957 5.776 4.652 4.09 3.919 3.764 3.779 3.784 3.966 5.816 5.091 4.421 4.389 4.644 6.886 8.376 8.786 7.754 5.644 5.761 5.799 4.994 3.954 3.864 3.786 3.734 3.719 3.681 3.729 4.739 4.986 3.679 3.336 3.259 3.279 3.259 3.224 3.156 3.141 3.151 3.129 3.049 3.009 2.961 2.911 2.839 2.776 2.716 2.641 2.614 2.576 2.549 2.504 2.486 2.471 2.401 2.401 2.369 2.341 2.241 2.056 2.001 1.921 2.031 2.014 1.869 1.586 1.464 1.341 1.241 1.141
8.383 5.513 5.869 6.19 5.005 4.428 3.974 3.754 3.622 3.619 3.659 3.751 3.721 3.734 3.884 5.126 6.246 4.504 4.319 5.666 7.904 8.881 8.256 6.171 4.296 4.444 5.154 6.074 5.311 4.094 3.711 3.671 3.631 3.596 3.811 5.189 4.179 3.349 3.244 3.256 3.249 3.176 3.179 3.164 3.166 3.166 3.026 2.946 2.936 2.844 2.786 2.779 2.699 2.674 2.616 2.604 2.551 2.486 2.444 2.454 2.379 2.381 2.364 2.339 2.266 2.161 2.021 1.974 1.904 1.834 1.799 1.674 1.564 1.424 1.429 1.376 1.729
7.523 5.172 5.173 5.17 4.916 4.446 3.779 3.532 3.516 3.584 3.641 3.649 3.651 3.741 3.899 4.064 4.366 4.196 4.279 7.329 8.574 8.779 7.609 6.174 4.209 3.909 3.806 4.914 5.871 5.619 4.489 3.611 3.576 3.481 3.564 4.901 3.506 3.264 3.199 3.196 3.204 3.101 3.091 3.084 3.106 3.089 2.976 2.916 2.886 2.836 2.736 2.726 2.666 2.649 2.611 2.544 2.516 2.439 2.384 2.379 2.334 2.306 2.269 2.256 2.191 2.116 2.044 1.934 1.811 1.731 1.641 1.649 1.589 1.494 1.511 1.411 1.731
6.16 4.944 5.029 5.045 5.269 5.275 3.715 3.444 3.476 3.549 3.579 3.564 3.631 3.771 3.859 4.216 4.249 4.146 4.781 6.951 8.369 8.006 7.106 6.149 3.821 3.794 3.751 3.686 3.631 4.611 5.879 5.449 4.039 4.456 4.301 3.489 3.209 3.179 3.149 3.126 3.116 3.091 3.021 3.019 2.996 2.984 2.881 2.874 2.836 2.759 2.739 2.701 2.646 2.624 2.561 2.496 2.451 2.386 2.331 2.286 2.204 2.184 2.179 2.184 2.144 2.084 2.084 1.979 1.819 1.756 1.724 1.656 1.569 1.514 1.466 1.794 1.579
5.026 4.832 5.268 5.817 5.109 4.324 3.661 3.497 3.491 3.486 3.454 3.491 4.174 4.381 3.881 4.159 4.369 4.266 4.929 5.999 6.494 6.349 6.474 5.349 3.801 3.751 3.711 3.661 3.609 3.544 4.556 5.831 5.591 5.179 4.456 3.216 3.106 3.111 3.146 3.109 3.056 3.031 3.006 2.941 2.919 2.884 2.821 2.799 2.739 2.711 2.664 2.644 2.591 2.551 2.506 2.451 2.426 2.326 2.276 2.179 2.119 2.124 2.116 2.139 2.016 2.016 1.994 1.934 1.829 1.786 1.774 1.649 1.531 1.451 1.489 2.036 1.761
4.724 4.819 5.486 7.067 5.028 3.519 4.333 3.451 3.414 3.426 3.436 3.614 4.094 4.009 3.886 3.966 4.604 4.191 4.804 4.339 5.241 4.621 5.199 4.364 4.576 3.869 3.636 3.619 3.539 3.474 4.736 5.769 4.711 4.994 3.449 3.084 3.046 3.039 3.044 3.019 2.976 2.971 2.921 2.901 2.871 2.839 2.771 2.704 2.664 2.674 2.626 2.551 2.541 2.504 2.429 2.391 2.326 2.231 2.176 2.106 2.074 2.104 2.051 2.074 1.991 1.944 1.914 1.881 1.791 1.816 1.736 1.586 1.351 1.171 1.974 2.276 2.516
5.252 5.998 7.494 6.015 4.436 3.315 3.299 3.306 3.359 3.371 3.446 3.886 3.866 3.869 3.864 3.824 3.786 4.536 6.836 6.069 5.296 4.521 5.651 5.676 6.984 4.646 3.564 3.544 3.476 3.429 4.586 4.394 4.151 3.816 3.049 2.999 3.001 2.966 2.946 2.924 2.911 2.906 2.866 2.849 2.801 2.764 2.709 2.644 2.676 2.666 2.624 2.544 2.489 2.446 2.386 2.334 2.229 2.151 2.149 2.121 2.091 2.106 2.046 2.004 1.969 1.889 1.869 1.784 1.814 1.759 1.599 1.451 1.236 1.524 2.431 2.691 3.104
6.688 7.379 6.84 3.937 3.271 3.204 3.204 3.256 3.254 3.311 3.621 3.979 3.801 3.804 3.814 3.794 4.141 6.584 7.669 7.661 7.076 6.271 4.184 5.534 4.776 3.546 3.461 3.429 3.484 3.561 5.946 5.116 4.489 3.106 2.991 2.941 2.916 2.896 2.849 2.839 2.806 2.824 2.809 2.766 2.729 2.696 2.634 2.636 2.616 2.599 2.561 2.466 2.411 2.316 2.291 2.184 2.104 2.114 2.136 2.099 2.101 2.076 1.989 1.976 1.849 1.816 1.789 1.746 1.759 1.586 1.449 1.299 1.226 2.081 2.634 2.791 2.954
5.401 6.093 5.071 3.149 3.116 3.139 3.149 3.176 3.181 3.696 5.344 4.069 3.749 3.746 3.781 3.726 3.854 6.484 7.259 8.006 7.431 5.344 3.594 5.151 3.846 4.416 3.801 3.779 3.646 4.736 7.044 4.741 3.556 2.946 2.904 2.894 2.866 2.844 2.776 2.731 2.711 2.721 2.706 2.716 2.661 2.609 2.571 2.586 2.556 2.529 2.451 2.381 2.289 2.209 2.146 2.094 2.116 2.089 2.119 2.054 2.051 2.036 1.959 1.896 1.796 1.751 1.724 1.716 1.589 1.459 1.389 1.196 1.676 2.419 2.991 2.886 2.991
5.015 5.386 3.561 3.571 3.264 3.039 3.159 3.121 3.171 3.441 4.539 4.441 3.894 3.706 3.731 3.684 3.776 5.439 7.319 7.669 6.781 6.019 3.844 3.464 3.394 3.394 4.054 4.751 3.469 3.426 4.189 3.946 2.929 2.874 2.909 2.889 2.804 2.761 2.716 2.669 2.666 2.644 2.629 2.624 2.596 2.594 2.579 2.594 2.541 2.464 2.401 2.299 2.206 2.094 2.044 2.101 2.144 2.144 2.086 2.039 1.999 1.974 1.911 1.814 1.731 1.709 1.676 1.664 1.471 1.341 1.269 1.289 2.044 2.584 2.959 2.959 2.439
4.706 4.069 3.291 4.256 3.094 3.051 3.044 3.009 3.139 3.689 3.689 4.511 4.346 3.854 3.686 3.694 4.614 6.859 7.794 7.271 6.246 4.976 3.446 3.366 3.314 3.379 3.296 3.624 3.771 3.661 4.234 3.176 2.849 2.829 2.854 2.801 2.791 2.776 2.724 2.654 2.584 2.581 2.561 2.551 2.544 2.579 2.526 2.514 2.446 2.399 2.291 2.221 2.151 2.004 1.999 2.049 2.136 2.116 2.066 2.014 1.954 1.931 1.859 1.786 1.679 1.669 1.631 1.544 1.386 1.254 1.084 1.811 2.651 2.864 2.984 2.566 2.046
3.246 2.926 3.066 3.139 2.989 2.964 2.961 3.049 3.209 3.254 3.271 3.291 3.301 4.256 4.169 3.761 4.141 5.951 7.254 6.241 5.424 3.926 3.394 3.349 3.434 4.606 3.854 3.194 3.226 3.731 3.161 2.801 2.764 2.789 2.809 2.784 2.779 2.786 2.716 2.639 2.606 2.569 2.539 2.501 2.481 2.474 2.456 2.436 2.346 2.294 2.191 2.119 2.056 2.026 1.969 2.019 2.089 2.086 2.001 1.984 1.959 1.869 1.804 1.729 1.639 1.601 1.559 1.434 1.329 1.211 1.196 2.124 2.781 3.034 2.826 2.209 1.931
3.226 2.864 2.864 2.879 2.896 2.864 2.939 3.386 4.126 3.291 3.241 3.221 3.226 3.221 3.279 3.734 3.514 3.454 4.569 4.089 3.524 3.416 3.341 3.279 3.314 3.906 3.204 3.166 3.136 3.251 2.826 2.731 2.731 2.751 2.721 2.709 2.719 2.671 2.639 2.596 2.526 2.509 2.451 2.446 2.421 2.386 2.386 2.326 2.261 2.244 2.221 2.161 2.121 2.006 1.891 1.939 2.026 2.041 1.976 1.936 1.899 1.839 1.756 1.664 1.599 1.591 1.454 1.359 1.319 1.059 1.046 2.531 2.729 2.936 2.529 2.141 1.931
3.064 2.811 2.829 2.829 2.814 2.831 3.341 4.851 4.346 3.299 3.196 3.176 3.171 3.829 4.664 3.509 3.206 3.276 3.459 4.204 4.266 4.939 3.744 3.291 3.181 3.166 3.161 3.149 3.484 2.874 2.719 2.696 2.711 2.734 2.691 2.654 2.626 2.614 2.594 2.564 2.486 2.411 2.394 2.366 2.356 2.289 2.219 2.186 2.229 2.261 2.261 2.179 2.114 1.954 1.814 1.776 1.844 1.901 1.876 1.861 1.826 1.776 1.684 1.646 1.619 1.511 1.399 1.334 1.204 0.821 1.959 1.911 2.229 3.104 2.211 1.899 2.061
2.776 2.754 2.751 2.756 2.741 2.841 3.691 4.331 3.821 3.246 3.154 3.136 3.321 6.796 6.814 5.714 4.546 3.456 3.411 4.394 4.566 5.971 5.779 4.504 3.276 3.201 3.324 3.524 3.174 2.709 2.651 2.644 2.684 2.679 2.604 2.596 2.556 2.519 2.534 2.486 2.411 2.409 2.309 2.249 2.191 2.161 2.146 2.179 2.204 2.244 2.246 2.166 2.126 1.906 1.674 1.581 1.671 1.681 1.726 1.751 1.721 1.671 1.609 1.609 1.571 1.429 1.391 1.311 1.051 0.651 1.649 1.774 2.439 2.556 1.979 1.971 2.199
2.696 2.696 2.714 2.731 2.726 3.186 4.354 6.826 5.669 4.266 3.436 3.094 3.924 8.281 8.084 7.646 7.936 6.304 4.609 4.379 4.799 4.521 5.054 6.026 4.546 3.251 3.646 3.509 2.769 2.659 2.676 2.671 2.646 2.616 2.576 2.574 2.531 2.514 2.479 2.379 2.341 2.289 2.184 2.139 2.106 2.121 2.114 2.121 2.119 2.156 2.149 2.121 2.086 1.849 1.596 1.501 1.491 1.494 1.631 1.676 1.629 1.594 1.554 1.526 1.426 1.391 1.359 1.229 1.006 1.491 1.979 2.789 2.406 2.184 1.954 2.101 2.174
2.661 2.641 2.641 2.624 2.864 4.379 6.929 8.239 7.191 4.916 5.126 4.014 5.501 7.976 8.584 8.546 8.309 7.439 6.386 4.609 5.176 5.176 4.614 4.739 3.364 3.259 3.564 2.831 2.696 2.649 2.659 2.716 2.694 2.611 2.564 2.514 2.471 2.434 2.371 2.311 2.231 2.154 2.124 2.101 2.104 2.069 2.084 2.089 2.084 2.044 2.036 2.011 1.879 1.691 1.509 1.416 1.374 1.391 1.526 1.594 1.561 1.494 1.451 1.401 1.284 1.259 1.266 1.481 1.889 2.789 4.541 3.169 2.449 1.986 2.019 2.209 2.161
2.599 2.616 2.564 2.641 3.844 6.486 7.616 7.621 6.991 3.911 4.104 5.284 5.714 6.964 8.166 8.424 8.654 8.514 7.806 4.994 3.571 4.116 4.274 4.849 4.664 3.456 3.009 2.696 2.636 2.681 2.681 2.664 2.614 2.546 2.534 2.441 2.394 2.344 2.259 2.189 2.146 2.131 2.139 2.129 2.114 2.079 2.039 1.986 1.954 1.884 1.889 1.841 1.701 1.569 1.426 1.326 1.304 1.321 1.466 1.501 1.469 1.394 1.331 1.271 1.189 1.174 1.214 2.531 2.609 2.539 2.944 2.854 2.004 1.959 2.149 2.204 2.049
2.531 2.501 2.574 2.661 5.171 7.196 7.389 6.931 5.039 3.716 4.616 3.944 3.344 3.984 6.236 7.686 8.109 8.206 8.231 3.476 2.766 2.739 2.956 4.056 4.064 3.579 2.736 2.634 2.654 2.691 2.636 2.611 2.559 2.486 2.426 2.331 2.274 2.211 2.151 2.149 2.171 2.161 2.139 2.114 2.106 2.054 1.981 1.901 1.824 1.751 1.741 1.639 1.519 1.459 1.354 1.271 1.269 1.304 1.389 1.411 1.324 1.271 1.219 1.149 1.109 1.046 2.304 3.174 3.089 2.926 2.879 2.249 1.906 2.069 2.209 2.119 1.871
2.496 2.434 2.509 3.159 6.309 7.606 6.826 4.851 2.751 2.794 2.844 2.879 2.949 3.109 4.889 5.394 6.454 6.961 5.199 2.736 2.716 2.686 3.124 3.636 3.629 2.816 2.689 2.641 2.659 2.651 2.604 2.561 2.489 2.389 2.271 2.169 2.101 2.096 2.149 2.139 2.156 2.141 2.091 2.079 2.049 1.974 1.876 1.794 1.721 1.646 1.611 1.556 1.471 1.369 1.311 1.264 1.216 1.234 1.291 1.256 1.189 1.159 1.124 1.069 1.096 1.221 2.761 3.301 2.959 3.054 2.346 2.031 1.996 2.199 2.211 2.036 1.731
2.424 2.431 2.539 5.494 7.279 7.166 6.189 3.274 2.656 2.724 2.756 2.759 2.776 4.221 4.706 4.471 5.436 6.066 4.034 2.656 2.646 3.221 4.189 4.051 2.846 2.661 2.629 2.641 2.624 2.574 2.481 2.461 2.371 2.241 2.179 2.041 2.001 2.059 2.079 2.119 2.086 2.066 2.034 1.986 1.921 1.866 1.784 1.679 1.606 1.559 1.509 1.441 1.384 1.344 1.334 1.264 1.121 1.159 1.161 1.136 1.131 1.059 1.031 0.994 0.996 1.459 1.951 2.321 2.501 2.584 2.019 1.964 2.136 2.156 2.094 1.884 1.344
2.316 2.406 3.049 5.964 8.056 6.029 4.476 2.864 2.594 2.624 2.671 2.714 2.704 3.346 4.456 4.931 2.946 3.401 3.331 2.619 2.766 4.149 4.161 2.866 2.589 2.571 2.591 2.529 2.504 2.406 2.309 2.274 2.261 2.189 2.124 2.014 1.961 1.981 2.021 2.054 2.054 1.981 1.894 1.811 1.774 1.706 1.661 1.549 1.506 1.454 1.409 1.346 1.306 1.289 1.246 1.204 1.121 1.114 1.101 1.079 1.041 0.991 0.979 0.941 1.191 1.394 1.771 2.109 2.554 2.071 1.901 2.051 2.224 2.151 2.024 1.649 1.239
2.269 2.316 4.026 6.219 8.234 7.766 4.796 3.346 3.061 2.521 2.576 2.619 2.626 2.684 2.741 2.784 2.556 2.524 2.531 2.556 3.614 4.526 2.724 2.459 2.456 2.489 2.469 2.419 2.386 2.244 2.186 2.199 2.204 2.159 2.119 2.009 1.924 1.891 1.921 1.944 1.884 1.809 1.746 1.669 1.621 1.564 1.534 1.466 1.391 1.334 1.319 1.244 1.214 1.249 1.194 1.091 1.024 1.066 1.079 1.059 1.011 0.969 0.924 0.974 1.139 1.351 1.986 2.589 2.279 1.944 1.966 2.169 2.164 2.059 1.871 1.531 1.646
2.214 2.291 2.744 5.054 8.429 8.809 7.214 6.146 5.464 3.591 3.834 3.256 2.506 2.514 2.499 2.464 2.451 2.421 2.449 3.466 4.071 2.596 2.261 2.231 2.324 2.371 2.366 2.349 2.311 2.174 2.126 2.159 2.144 2.116 2.049 1.956 1.836 1.786 1.784 1.751 1.721 1.661 1.626 1.569 1.494 1.439 1.411 1.361 1.269 1.224 1.184 1.166 1.156 1.134 1.089 0.986 0.971 1.016 1.094 1.076 0.961 0.911 0.846 0.979 1.311 1.789 2.429 2.469 2.039 1.901 2.086 2.181 2.101 2.066 1.829 1.551 1.564
2.209 3.189 2.441 2.416 4.586 5.989 7.061 5.286 4.844 4.839 6.511 6.101 3.811 2.554 2.399 2.406 2.376 2.334 2.671 2.846 3.271 2.239 2.089 1.991 2.126 2.189 2.234 2.236 2.216 2.116 2.079 2.094 2.109 2.046 1.956 1.859 1.731 1.681 1.654 1.629 1.596 1.554 1.486 1.414 1.394 1.356 1.314 1.246 1.154 1.106 1.064 1.086 1.064 1.036 1.006 0.936 0.944 1.014 1.101 1.084 0.979 0.866 1.164 1.209 1.774 2.284 2.574 2.106 1.931 1.944 2.209 2.169 2.061 2.136 1.594 1.676 0.964
2.176 3.224 2.421 2.341 2.266 2.191 2.181 2.754 3.004 3.119 4.724 6.116 6.341 5.411 2.419 2.289 2.279 3.136 3.094 3.066 2.334 2.099 1.969 1.839 1.834 1.759 1.891 1.971 1.934 1.889 1.886 1.924 1.909 1.796 1.744 1.674 1.614 1.561 1.529 1.524 1.456 1.416 1.364 1.316 1.261 1.251 1.164 1.116 1.081 1.006 0.976 0.969 0.956 0.956 0.984 0.991 0.999 1.089 1.099 1.061 1.021 0.989 1.206 1.476 2.121 2.631 2.246 1.966 1.929 2.091 2.124 2.114 2.106 2.029 1.616 1.176 0.806
2.199 2.736 2.281 2.236 2.214 2.106 2.079 2.111 2.151 2.816 3.926 3.661 5.259 6.189 5.049 2.974 2.179 2.474 3.294 2.814 2.046 1.994 1.896 1.774 1.661 1.469 1.544 1.569 1.574 1.561 1.554 1.569 1.584 1.564 1.511 1.494 1.434 1.401 1.379 1.374 1.306 1.281 1.214 1.194 1.176 1.129 1.069 1.044 1.016 0.926 0.914 0.926 0.959 0.981 1.041 1.044 1.046 1.089 1.099 1.054 0.896 2.309 2.154 1.654 2.519 2.446 2.081 1.899 2.031 2.126 2.096 1.999 2.059 1.444 1.544 0.871 0.841
2.179 2.224 2.201 2.184 2.189 2.119 2.074 2.101 2.081 2.094 2.281 2.861 3.476 4.126 2.511 2.076 2.486 3.849 4.131 2.231 1.956 1.799 1.699 1.649 1.506 1.359 1.369 1.406 1.406 1.364 1.409 1.374 1.389 1.339 1.314 1.279 1.271 1.196 1.204 1.191 1.184 1.159 1.126 1.126 1.124 1.091 1.016 1.004 0.969 0.981 1.014 1.064 1.131 1.149 1.194 1.189 1.209 1.231 1.196 1.106 0.984 2.514 1.804 1.866 2.404 2.186 1.946 1.939 2.141 2.124 1.979 1.876 1.376 1.296 0.936 0.764 0.756
2.136 2.179 2.094 2.134 2.126 2.131 2.106 2.076 2.026 2.064 2.054 2.009 2.001 3.051 3.474 2.581 2.369 3.466 3.204 1.946 1.839 1.621 1.471 1.464 1.314 1.244 1.254 1.279 1.261 1.256 1.379 1.304 1.211 1.204 1.211 1.176 1.179 1.144 1.126 1.136 1.134 1.131 1.144 1.134 1.129 1.094 1.031 0.966 0.976 1.059 1.161 1.216 1.256 1.311 1.321 1.364 1.354 1.294 1.279 1.281 1.464 1.984 1.866 1.944 2.311 1.961 1.854 2.049 2.156 2.031 1.916 1.691 1.349 1.159 0.816 0.711 0.704
2.139 2.466 2.074 2.076 2.066 2.051 2.154 2.086 2.061 2.049 2.036 2.004 1.876 1.846 2.009 2.516 3.281 3.486 2.046 1.851 1.731 1.471 1.351 1.259 1.221 1.166 1.164 1.189 1.249 1.291 1.269 1.251 1.189 1.181 1.159 1.124 1.131 1.119 1.074 1.104 1.079 1.129 1.166 1.116 1.091 1.066 0.954 0.941 0.941 1.044 1.256 1.309 1.404 1.441 1.441 1.489 1.401 1.366 1.401 1.384 1.306 1.641 1.569 2.604 2.984 1.879 1.939 2.124 2.096 1.979 1.786 1.546 1.484 0.916 0.799 0.761 0.766
1.944 2.014 2.024 1.991 2.066 3.476 3.936 2.049 2.039 2.039 2.021 1.976 1.869 1.771 1.706 1.739 2.241 2.151 1.791 1.741 1.604 1.414 1.281 1.234 1.186 1.114 1.171 1.194 1.176 1.249 1.269 1.199 1.141 1.141 1.126 1.104 1.071 1.056 1.026 1.071 1.094 1.111 1.084 1.134 1.149 1.154 1.149 1.054 1.051 1.114 1.316 1.506 1.456 1.456 1.456 1.421 1.439 1.606 1.546 1.256 0.976 1.314 1.261 2.321 2.146 1.891 2.099 2.111 2.016 1.916 1.646 1.681 1.009 0.839 0.834 0.854 0.844
1.911 2.101 2.029 1.984 1.956 1.951 3.131 2.079 1.991 1.966 1.941 1.881 1.829 1.741 1.671 1.596 1.681 1.714 1.719 1.616 1.449 1.249 1.159 1.136 1.114 1.139 1.226 1.314 1.166 1.126 1.144 1.166 1.149 1.144 1.121 1.089 1.044 1.036 1.036 1.041 1.096 1.126 1.144 1.259 1.321 1.299 1.266 1.306 1.176 1.231 1.309 1.376 1.336 1.254 1.246 1.186 1.131 1.034 0.764 0.651 0.544 0.579 1.214 2.029 1.869 1.971 2.109 2.019 1.999 1.841 1.784 1.791 0.941 0.876 0.884 0.869 0.889
1.831 2.029 1.919 1.831 1.819 1.861 2.744 2.366 1.986 1.936 1.849 1.759 1.706 1.694 1.656 1.609 1.629 1.654 1.586 1.476 1.311 1.219 1.159 1.144 1.131 1.154 1.256 1.276 1.139 1.146 1.139 1.189 1.174 1.141 1.101 1.054 1.011 1.039 1.036 1.144 1.206 1.246 1.286 1.396 1.436 1.399 1.366 1.321 1.186 1.041 1.019 0.966 1.001 1.194 0.801 0.986 0.691 0.769 0.869 0.834 1.506 2.164 2.374 1.954 1.956 2.081 2.056 2.239 1.829 1.861 1.814 1.266 0.861 0.861 0.886 0.914 0.919
1.766 1.821 1.856 1.846 1.834 1.834 1.869 2.094 1.984 1.919 1.781 1.694 1.621 1.594 1.599 1.589 1.601 1.594 1.526 1.391 1.254 1.196 1.179 1.174 1.166 1.149 1.216 1.226 1.146 1.149 1.124 1.166 1.181 1.154 1.129 1.144 1.161 1.151 1.226 1.281 1.319 1.376 1.416 1.459 1.441 1.349 1.209 1.104 0.964 1.079 0.944 0.801 0.481 0.429 0.699 0.809 0.796 1.066 1.101 1.996 2.514 3.234 2.806 1.866 2.046 2.104 1.974 1.176 1.139 2.334 1.506 0.876 0.884 0.859 0.884 0.956 0.956
