All_lidar/sz6093_DSM_2M.asc
ncols 500
nrows 500
xllcorner    460000
yllcorner    93000
cellsize     2
NODATA_value -9999
[rows 64 to 95 of 500, columns 288 to 359 of 500]
-1.325 -1.334 -1.313 -1.299 -1.263 -1.329 -1.386 -1.386 -1.314 -1.3 -1.297 -1.33 -1.333 -1.289 -1.316 -1.256 -1.284 -1.34 -1.292 -1.347 -1.301 -1.324 -1.383 -1.26 -1.343 -1.306 -1.285 -1.304 -1.322 -1.268 -1.304 -1.322 -1.303 -1.343 -1.313 -1.314 -1.256 -1.351 -1.262 -1.368 -1.357 -1.307 -1.279 -1.274 -1.269 -1.29 -1.418 -1.381 -1.404 -1.463 -1.361 -1.392 -1.344 -1.33 -1.3 -1.34 -1.291 -1.277 -1.251 -1.319 -1.316 -1.278 -1.329 -1.252 -1.28 -1.333 -1.269 -1.188 -1.306 -1.312 -1.362 -1.409
-1.241 -1.327 -1.308 -1.343 -1.28 -1.368 -1.361 -1.411 -1.339 -1.282 -1.212 -1.24 -1.29 -1.35 -1.295 -1.292 -1.312 -1.294 -1.324 -1.248 -1.366 -1.336 -1.278 -1.294 -1.283 -1.312 -1.336 -1.299 -1.278 -1.336 -1.303 -1.34 -1.331 -1.342 -1.299 -1.288 -1.325 -1.349 -1.296 -1.317 -1.258 -1.277 -1.289 -1.267 -1.364 -1.478 -1.536 -1.53 -1.487 -1.395 -1.305 -1.264 -1.319 -1.349 -1.246 -1.25 -1.321 -1.241 -1.297 -1.338 -1.334 -1.311 -1.332 -1.275 -1.277 -1.273 -1.208 -1.282 -1.344 -1.419 -1.452 -1.435
-1.303 -1.332 -1.43 -1.32 -1.341 -1.269 -1.312 -1.21 -1.27 -1.276 -1.284 -1.261 -1.354 -1.213 -1.264 -1.264 -1.413 -1.361 -1.371 -1.329 -1.43 -1.332 -1.344 -1.315 -1.363 -1.3 -1.397 -1.324 -1.349 -1.299 -1.326 -1.36 -1.367 -1.319 -1.3 -1.334 -1.338 -1.273 -1.349 -1.307 -1.297 -1.329 -1.33 -1.302 -1.406 -1.378 -1.465 -1.383 -1.307 -1.278 -1.313 -1.324 -1.289 -1.308 -1.313 -1.244 -1.243 -1.346 -1.294 -1.231 -1.258 -1.277 -1.281 -1.276 -1.254 -1.228 -1.306 -1.422 -1.485 -1.568 -1.591 -1.673
-1.386 -1.386 -1.339 -1.294 -1.225 -1.371 -1.34 -1.27 -1.266 -1.267 -1.269 -1.346 -1.32 -1.317 -1.336 -1.305 -1.384 -1.335 -1.261 -1.316 -1.379 -1.282 -1.331 -1.361 -1.419 -1.302 -1.329 -1.253 -1.31 -1.336 -1.337 -1.236 -1.306 -1.393 -1.342 -1.238 -1.33 -1.282 -1.281 -1.311 -1.335 -1.32 -1.365 -1.3 -1.326 -1.41 -1.387 -1.369 -1.341 -1.379 -1.321 -1.335 -1.227 -1.298 -1.241 -1.248 -1.251 -1.296 -1.289 -1.275 -1.291 -1.247 -1.301 -1.271 -1.265 -1.411 -1.486 -1.502 -1.557 -1.606 -1.634 -1.71
-1.382 -1.323 -1.307 -1.228 -1.306 -1.398 -1.234 -1.31 -1.286 -1.275 -1.29 -1.298 -1.258 -1.368 -1.238 -1.344 -1.282 -1.332 -1.336 -1.377 -1.314 -1.279 -1.285 -1.295 -1.353 -1.305 -1.289 -1.276 -1.259 -1.333 -1.301 -1.288 -1.383 -1.3 -1.295 -1.29 -1.327 -1.346 -1.271 -1.274 -1.347 -1.364 -1.349 -1.312 -1.391 -1.377 -1.327 -1.346 -1.285 -1.364 -1.292 -1.306 -1.26 -1.273 -1.335 -1.289 -1.332 -1.288 -1.242 -1.244 -1.272 -1.273 -1.318 -1.424 -1.47 -1.458 -1.568 -1.494 -1.623 -1.672 -1.725 -1.71
-1.403 -1.32 -1.236 -1.234 -1.255 -1.32 -1.241 -1.216 -1.286 -1.309 -1.33 -1.349 -1.382 -1.295 -1.326 -1.27 -1.268 -1.332 -1.31 -1.385 -1.339 -1.339 -1.259 -1.265 -1.251 -1.229 -1.247 -1.275 -1.307 -1.254 -1.302 -1.281 -1.33 -1.302 -1.314 -1.346 -1.361 -1.342 -1.35 -1.406 -1.394 -1.359 -1.35 -1.375 -1.332 -1.351 -1.285 -1.299 -1.316 -1.317 -1.312 -1.327 -1.317 -1.265 -1.325 -1.26 -1.257 -1.255 -1.262 -1.269 -1.348 -1.451 -1.532 -1.454 -1.529 -1.574 -1.602 -1.666 -1.679 -1.758 -1.785 -1.789
-1.348 -1.277 -1.339 -1.261 -1.341 -1.342 -1.338 -1.267 -1.244 -1.29 -1.291 -1.366 -1.369 -1.251 -1.299 -1.27 -1.324 -1.311 -1.374 -1.276 -1.336 -1.304 -1.331 -1.276 -1.241 -1.312 -1.274 -1.3 -1.287 -1.329 -1.252 -1.346 -1.374 -1.382 -1.332 -1.328 -1.393 -1.311 -1.391 -1.362 -1.368 -1.329 -1.327 -1.292 -1.32 -1.329 -1.314 -1.282 -1.287 -1.313 -1.31 -1.278 -1.281 -1.25 -1.256 -1.231 -1.257 -1.318 -1.315 -1.442 -1.444 -1.509 -1.522 -1.594 -1.589 -1.634 -1.6 -1.681 -1.73 -1.808 -1.804 -1.794
-1.322 -1.264 -1.3 -1.297 -1.297 -1.31 -1.273 -1.252 -1.304 -1.258 -1.371 -1.302 -1.286 -1.313 -1.295 -1.272 -1.32 -1.355 -1.351 -1.265 -1.282 -1.343 -1.324 -1.285 -1.304 -1.311 -1.241 -1.322 -1.264 -1.349 -1.363 -1.3 -1.393 -1.393 -1.37 -1.404 -1.385 -1.346 -1.325 -1.315 -1.27 -1.359 -1.222 -1.343 -1.316 -1.321 -1.29 -1.338 -1.319 -1.304 -1.306 -1.249 -1.263 -1.247 -1.262 -1.333 -1.348 -1.38 -1.473 -1.501 -1.498 -1.503 -1.639 -1.684 -1.706 -1.701 -1.713 -1.75 -1.755 -1.836 -1.84 -1.787
-1.264 -1.257 -1.277 -1.278 -1.326 -1.361 -1.375 -1.328 -1.262 -1.301 -1.268 -1.296 -1.272 -1.292 -1.336 -1.3 -1.342 -1.271 -1.296 -1.286 -1.324 -1.266 -1.306 -1.256 -1.297 -1.281 -1.292 -1.309 -1.271 -1.363 -1.36 -1.441 -1.476 -1.382 -1.304 -1.349 -1.358 -1.332 -1.373 -1.341 -1.229 -1.355 -1.295 -1.314 -1.289 -1.317 -1.297 -1.302 -1.281 -1.281 -1.219 -1.232 -1.238 -1.334 -1.38 -1.405 -1.441 -1.508 -1.556 -1.537 -1.604 -1.67 -1.652 -1.651 -1.743 -1.708 -1.713 -1.776 -1.849 -1.833 -1.809 -1.762
-1.301 -1.264 -1.301 -1.327 -1.308 -1.365 -1.241 -1.255 -1.309 -1.278 -1.32 -1.216 -1.236 -1.361 -1.356 -1.272 -1.328 -1.299 -1.353 -1.275 -1.318 -1.275 -1.295 -1.252 -1.264 -1.27 -1.379 -1.424 -1.421 -1.345 -1.359 -1.3 -1.386 -1.34 -1.366 -1.324 -1.336 -1.293 -1.36 -1.318 -1.374 -1.336 -1.304 -1.327 -1.284 -1.292 -1.269 -1.222 -1.24 -1.23 -1.208 -1.344 -1.341 -1.453 -1.504 -1.536 -1.54 -1.565 -1.505 -1.573 -1.671 -1.679 -1.751 -1.741 -1.68 -1.757 -1.817 -1.772 -1.82 -1.865 -1.839 -1.853
-1.267 -1.301 -1.303 -1.25 -1.348 -1.345 -1.208 -1.245 -1.302 -1.257 -1.241 -1.287 -1.294 -1.33 -1.305 -1.294 -1.274 -1.311 -1.312 -1.307 -1.301 -1.285 -1.291 -1.323 -1.298 -1.379 -1.434 -1.495 -1.41 -1.263 -1.333 -1.333 -1.414 -1.299 -1.341 -1.356 -1.302 -1.291 -1.352 -1.334 -1.324 -1.245 -1.342 -1.342 -1.359 -1.262 -1.244 -1.218 -1.292 -1.305 -1.421 -1.454 -1.538 -1.597 -1.572 -1.595 -1.614 -1.639 -1.634 -1.609 -1.68 -1.699 -1.803 -1.787 -1.821 -1.799 -1.821 -1.817 -1.843 -1.83 -1.857 -1.908
-1.282 -1.22 -1.339 -1.315 -1.291 -1.258 -1.24 -1.211 -1.296 -1.243 -1.286 -1.353 -1.393 -1.314 -1.363 -1.347 -1.283 -1.339 -1.306 -1.299 -1.244 -1.294 -1.313 -1.345 -1.44 -1.56 -1.515 -1.386 -1.411 -1.387 -1.346 -1.338 -1.398 -1.382 -1.337 -1.315 -1.347 -1.352 -1.319 -1.332 -1.304 -1.292 -1.309 -1.291 -1.252 -1.195 -1.22 -1.296 -1.36 -1.484 -1.529 -1.547 -1.573 -1.623 -1.684 -1.69 -1.664 -1.673 -1.724 -1.709 -1.729 -1.774 -1.746 -1.877 -1.833 -1.823 -1.864 -1.801 -1.796 -1.87 -1.933 -1.878
-1.265 -1.251 -1.308 -1.329 -1.276 -1.29 -1.282 -1.309 -1.292 -1.329 -1.306 -1.272 -1.322 -1.317 -1.302 -1.311 -1.293 -1.295 -1.287 -1.309 -1.229 -1.266 -1.268 -1.323 -1.355 -1.435 -1.356 -1.426 -1.333 -1.357 -1.354 -1.339 -1.335 -1.447 -1.397 -1.334 -1.345 -1.349 -1.3 -1.318 -1.292 -1.314 -1.288 -1.271 -1.276 -1.279 -1.319 -1.433 -1.508 -1.612 -1.574 -1.617 -1.667 -1.711 -1.719 -1.639 -1.714 -1.711 -1.719 -1.687 -1.758 -1.805 -1.858 -1.862 -1.831 -1.853 -1.87 -1.871 -1.815 -1.923 -1.933 -1.977
-1.272 -1.346 -1.322 -1.273 -1.246 -1.277 -1.265 -1.258 -1.334 -1.319 -1.371 -1.334 -1.29 -1.258 -1.307 -1.297 -1.316 -1.334 -1.292 -1.334 -1.358 -1.308 -1.398 -1.293 -1.395 -1.381 -1.417 -1.31 -1.329 -1.336 -1.332 -1.347 -1.337 -1.496 -1.416 -1.384 -1.375 -1.336 -1.318 -1.396 -1.354 -1.292 -1.291 -1.288 -1.294 -1.376 -1.402 -1.442 -1.596 -1.639 -1.666 -1.693 -1.724 -1.699 -1.761 -1.746 -1.749 -1.72 -1.719 -1.814 -1.844 -1.874 -1.872 -1.873 -1.897 -1.782 -1.825 -1.88 -1.837 -1.919 -1.897 -1.979
-1.232 -1.297 -1.313 -1.254 -1.283 -1.298 -1.308 -1.314 -1.343 -1.311 -1.323 -1.267 -1.294 -1.319 -1.318 -1.328 -1.334 -1.338 -1.367 -1.41 -1.364 -1.319 -1.376 -1.357 -1.347 -1.293 -1.367 -1.317 -1.319 -1.327 -1.346 -1.322 -1.272 -1.379 -1.482 -1.392 -1.392 -1.386 -1.35 -1.416 -1.329 -1.324 -1.368 -1.331 -1.404 -1.452 -1.523 -1.601 -1.64 -1.716 -1.722 -1.734 -1.799 -1.742 -1.811 -1.8 -1.803 -1.725 -1.742 -1.813 -1.906 -1.87 -1.89 -1.86 -1.905 -1.858 -1.91 -1.885 -1.916 -1.93 -2.008 -1.93
-1.281 -1.346 -1.314 -1.306 -1.304 -1.283 -1.232 -1.304 -1.281 -1.291 -1.293 -1.252 -1.314 -1.336 -1.314 -1.322 -1.375 -1.409 -1.358 -1.367 -1.367 -1.303 -1.363 -1.318 -1.341 -1.282 -1.285 -1.334 -1.313 -1.362 -1.371 -1.342 -1.322 -1.361 -1.393 -1.531 -1.432 -1.326 -1.33 -1.422 -1.35 -1.402 -1.441 -1.442 -1.497 -1.556 -1.586 -1.672 -1.685 -1.779 -1.797 -1.799 -1.791 -1.888 -1.852 -1.767 -1.798 -1.771 -1.797 -1.869 -1.938 -1.887 -1.913 -1.904 -1.88 -1.929 -1.925 -1.93 -1.863 -1.971 -1.939 -1.999
-1.261 -1.25 -1.316 -1.22 -1.287 -1.317 -1.298 -1.31 -1.296 -1.276 -1.216 -1.327 -1.368 -1.374 -1.44 -1.459 -1.35 -1.414 -1.435 -1.363 -1.344 -1.329 -1.323 -1.29 -1.332 -1.318 -1.299 -1.317 -1.337 -1.364 -1.31 -1.312 -1.287 -1.282 -1.384 -1.425 -1.537 -1.402 -1.402 -1.417 -1.461 -1.498 -1.487 -1.53 -1.556 -1.624 -1.633 -1.705 -1.757 -1.799 -1.835 -1.843 -1.883 -1.821 -1.846 -1.814 -1.723 -1.862 -1.831 -1.972 -2.015 -1.926 -1.929 -1.979 -1.957 -1.962 -1.932 -1.863 -1.932 -2.002 -2.016 -1.945
-1.343 -1.287 -1.222 -1.352 -1.23 -1.298 -1.247 -1.303 -1.298 -1.272 -1.272 -1.352 -1.349 -1.341 -1.437 -1.416 -1.352 -1.378 -1.354 -1.329 -1.343 -1.292 -1.27 -1.285 -1.339 -1.329 -1.316 -1.343 -1.297 -1.272 -1.247 -1.299 -1.214 -1.242 -1.407 -1.415 -1.584 -1.389 -1.435 -1.462 -1.499 -1.523 -1.506 -1.578 -1.56 -1.656 -1.659 -1.768 -1.853 -1.756 -1.766 -1.893 -1.875 -1.88 -1.861 -1.832 -1.831 -1.859 -1.841 -1.924 -2.047 -2.026 -1.939 -1.95 -2.016 -1.984 -1.975 -1.915 -1.987 -2.061 -2.014 -2.065
-1.241 -1.373 -1.258 -1.315 -1.324 -1.304 -1.314 -1.182 -1.255 -1.305 -1.276 -1.339 -1.428 -1.379 -1.391 -1.291 -1.315 -1.27 -1.297 -1.226 -1.267 -1.356 -1.255 -1.265 -1.284 -1.312 -1.262 -1.297 -1.246 -1.244 -1.284 -1.33 -1.374 -1.437 -1.45 -1.457 -1.462 -1.574 -1.541 -1.527 -1.546 -1.577 -1.551 -1.642 -1.664 -1.719 -1.771 -1.826 -1.909 -1.851 -1.931 -1.906 -1.871 -1.885 -1.892 -1.845 -1.852 -1.887 -1.921 -2.007 -1.975 -2.019 -1.965 -1.992 -1.998 -2.014 -1.945 -1.918 -2.001 -1.984 -1.991 -2.027
-1.364 -1.266 -1.351 -1.322 -1.284 -1.316 -1.232 -1.296 -1.361 -1.401 -1.367 -1.317 -1.308 -1.278 -1.299 -1.331 -1.31 -1.275 -1.34 -1.258 -1.274 -1.281 -1.176 -1.209 -1.202 -1.227 -1.185 -1.219 -1.293 -1.353 -1.386 -1.446 -1.462 -1.395 -1.508 -1.488 -1.521 -1.672 -1.567 -1.637 -1.604 -1.594 -1.678 -1.722 -1.659 -1.801 -1.801 -1.785 -1.921 -1.99 -1.965 -1.909 -1.86 -1.911 -1.807 -1.867 -1.885 -1.883 -1.929 -2.04 -2.036 -1.969 -1.949 -2.033 -1.971 -1.955 -2.018 -1.965 -2.026 -1.963 -2.084 -1.971
-1.287 -1.281 -1.239 -1.177 -1.297 -1.267 -1.288 -1.286 -1.382 -1.352 -1.278 -1.287 -1.274 -1.252 -1.323 -1.264 -1.196 -1.219 -1.258 -1.276 -1.212 -1.205 -1.197 -1.242 -1.284 -1.282 -1.362 -1.436 -1.456 -1.486 -1.427 -1.53 -1.596 -1.637 -1.627 -1.587 -1.591 -1.595 -1.556 -1.63 -1.687 -1.684 -1.713 -1.783 -1.799 -1.84 -1.868 -1.878 -1.922 -1.983 -1.997 -1.919 -1.875 -1.897 -1.903 -1.876 -1.918 -1.923 -1.932 -2.005 -2.049 -2.014 -2.1 -2.002 -2.029 -1.985 -1.987 -1.999 -2.09 -1.978 -2.098 -2.042
-1.24 -1.22 -1.3 -1.274 -1.238 -1.322 -1.313 -1.362 -1.256 -1.309 -1.31 -1.259 -1.26 -1.261 -1.199 -1.176 -1.116 -1.11 -1.163 -1.215 -1.275 -1.279 -1.226 -1.38 -1.419 -1.473 -1.507 -1.55 -1.539 -1.574 -1.606 -1.633 -1.637 -1.683 -1.657 -1.661 -1.605 -1.586 -1.629 -1.709 -1.727 -1.765 -1.79 -1.82 -1.831 -1.937 -1.893 -1.984 -1.955 -1.924 -1.944 -1.948 -1.879 -1.904 -1.908 -1.926 -1.989 -1.952 -2.04 -1.983 -2.039 -2.044 -2.06 -2.116 -1.977 -2.027 -1.992 -2.069 -2.193 -2.089 -2.044 -2.058
-1.273 -1.319 -1.298 -1.35 -1.312 -1.319 -1.232 -1.314 -1.301 -1.291 -1.316 -1.188 -1.206 -1.075 -1.119 -1.149 -1.151 -1.246 -1.331 -1.344 -1.399 -1.381 -1.457 -1.554 -1.515 -1.539 -1.537 -1.625 -1.663 -1.632 -1.672 -1.671 -1.682 -1.721 -1.75 -1.763 -1.69 -1.682 -1.72 -1.74 -1.798 -1.813 -1.847 -1.964 -1.943 -1.91 -2.064 -2.124 -2.035 -1.938 -1.895 -1.875 -1.936 -1.879 -1.907 -1.986 -2.054 -1.995 -2.063 -2.184 -2.298 -2.124 -2.118 -2.05 -2.013 -2.082 -2.001 -2.074 -2.18 -2.169 -2.134 -2.107
-1.387 -1.332 -1.232 -1.359 -1.279 -1.318 -1.318 -1.281 -1.293 -1.252 -1.191 -1.121 -1.154 -1.16 -1.229 -1.289 -1.303 -1.379 -1.46 -1.535 -1.524 -1.559 -1.559 -1.606 -1.613 -1.655 -1.639 -1.64 -1.541 -1.724 -1.723 -1.71 -1.751 -1.737 -1.753 -1.717 -1.725 -1.776 -1.762 -1.739 -1.85 -1.901 -1.935 -1.953 -1.935 -1.896 -1.933 -1.991 -1.947 -1.958 -1.951 -1.934 -2 -1.932 -1.937 -2.059 -1.947 -2.067 -2.06 -9999 -9999 -2.131 -2.11 -2.04 -2.086 -2.083 -2 -2.105 -2.126 -2.084 -2.14 -9999
-1.326 -1.302 -1.264 -1.259 -1.302 -1.323 -1.297 -1.267 -1.247 -1.164 -1.109 -1.134 -1.221 -1.263 -1.332 -1.376 -1.476 -1.504 -1.563 -1.579 -1.559 -1.614 -1.639 -1.626 -1.715 -1.666 -1.665 -1.717 -1.655 -1.75 -1.777 -1.791 -1.813 -1.834 -1.865 -1.771 -1.774 -1.819 -1.79 -1.827 -1.887 -1.909 -1.918 -1.971 -2.02 -1.991 -1.959 -2.045 -1.942 -1.986 -1.963 -1.981 -2.009 -1.936 -1.932 -2.03 -2.029 -2.086 -2.277 -2.185 -2.307 -2.111 -2.267 -2.287 -2.092 -2.011 -2.104 -2.157 -2.191 -2.082 -2.239 -9999
-1.257 -1.302 -1.314 -1.326 -1.277 -1.255 -1.254 -1.265 -1.162 -1.054 -1.186 -1.249 -1.308 -1.384 -1.437 -1.499 -1.447 -1.539 -1.592 -1.634 -1.703 -1.675 -1.638 -1.752 -1.721 -1.724 -1.717 -1.752 -1.684 -1.772 -1.803 -1.797 -1.753 -1.757 -1.841 -1.829 -1.812 -1.813 -1.876 -1.892 -1.931 -2.001 -1.995 -2.038 -2.03 -1.96 -1.968 -2.104 -2.073 -1.964 -1.962 -1.977 -1.944 -1.978 -1.972 -2.042 -2.048 -2.178 -2.327 -9999 -9999 -9999 -2.213 -2.339 -2.006 -2.038 -2.062 -2.072 -2.033 -2.087 -2.123 -2.129
-1.284 -1.282 -1.28 -1.295 -1.262 -1.22 -1.234 -1.093 -1.173 -1.234 -1.308 -1.387 -1.424 -1.46 -1.548 -1.551 -1.566 -1.546 -1.646 -1.672 -1.68 -1.642 -1.741 -1.711 -1.766 -1.747 -1.733 -1.694 -1.778 -1.829 -1.814 -1.814 -1.817 -1.855 -1.86 -1.84 -1.859 -1.906 -1.946 -1.939 -1.969 -1.965 -1.957 -1.989 -2.035 -1.911 -1.914 -2.022 -2.029 -1.891 -1.93 -1.995 -1.936 -2.016 -2.021 -2.087 -2.1 -2.22 -2.333 -9999 -9999 -9999 -2.307 -2.113 -2.032 -2.076 -2.087 -2.134 -2.163 -2.117 -2.139 -2.16
-1.308 -1.259 -1.254 -1.221 -1.233 -1.198 -1.171 -1.223 -1.305 -1.32 -1.424 -1.479 -1.549 -1.606 -1.57 -1.611 -1.631 -1.661 -1.637 -1.682 -1.702 -1.742 -1.766 -1.744 -1.76 -1.706 -1.731 -1.815 -1.82 -1.821 -1.839 -1.854 -1.844 -1.85 -1.873 -1.859 -1.886 -1.908 -1.938 -1.999 -2.025 -1.971 -1.971 -2.075 -1.949 -2.001 -1.99 -1.957 -2.051 -1.977 -1.949 -2.01 -1.935 -2.006 -2.011 -2.085 -2.17 -2.154 -2.268 -9999 -9999 -9999 -2.353 -2.1 -2.012 -2.093 -2.16 -2.273 -2.132 -2.13 -2.108 -2.198
-1.201 -1.264 -1.21 -1.23 -1.197 -1.288 -1.334 -1.36 -1.476 -1.473 -1.49 -1.544 -1.562 -1.592 -1.629 -1.658 -1.606 -1.702 -1.707 -1.722 -1.781 -1.704 -1.762 -1.714 -1.766 -1.773 -1.819 -1.851 -1.856 -1.81 -1.908 -1.882 -1.832 -1.899 -1.946 -1.915 -1.848 -1.953 -1.987 -2.013 -2.005 -2.066 -1.981 -2.102 -2.008 -2.025 -1.969 -1.995 -1.932 -1.963 -1.96 -2.009 -1.994 -2.053 -2.098 -2.102 -2.061 -2.234 -9999 -9999 -9999 -2.212 -2.062 -2.05 -2.089 -2.045 -2.013 -2.066 -2.17 -2.199 -2.119 -2.149
-1.131 -1.22 -1.163 -1.267 -1.293 -1.373 -1.421 -1.513 -1.541 -1.533 -1.583 -1.638 -1.669 -1.689 -1.661 -1.699 -1.752 -1.726 -1.737 -1.76 -1.787 -1.736 -1.805 -1.806 -1.797 -1.862 -1.842 -1.845 -1.838 -1.871 -1.918 -1.957 -1.907 -1.896 -1.961 -1.831 -1.951 -2.012 -2.013 -2.04 -2.158 -2.072 -1.936 -2.019 -2.026 -2 -2.021 -1.965 -2.051 -1.976 -2 -2.037 -2.022 -2.082 -2.136 -2.159 -2.117 -9999 -9999 -9999 -9999 -2.14 -2.145 -2.188 -2.126 -2.071 -2.088 -2.042 -2.066 -2.108 -2.188 -2.183
-1.201 -1.308 -1.36 -1.413 -1.537 -1.517 -1.554 -1.594 -1.598 -1.645 -1.597 -1.637 -1.729 -1.752 -1.72 -1.751 -1.791 -1.784 -1.824 -1.715 -1.804 -1.721 -1.812 -1.861 -1.825 -1.843 -1.882 -1.887 -1.918 -1.927 -1.939 -1.949 -1.939 -1.934 -1.947 -1.906 -2.026 -2.001 -1.966 -2.047 -1.969 -2.06 -1.99 -2.002 -2 -2.05 -2.012 -2.029 -2.015 -2.017 -2.036 -2.067 -1.998 -2.042 -2.024 -2.073 -2.129 -9999 -9999 -9999 -9999 -2.263 -2.199 -2.171 -2.088 -2.12 -2.127 -2.174 -2.211 -2.146 -2.055 -2.142
-1.41 -1.475 -1.485 -1.6 -1.657 -1.649 -1.634 -1.672 -1.671 -1.726 -1.712 -1.705 -1.709 -1.755 -1.771 -1.754 -1.819 -1.829 -1.745 -1.867 -1.829 -1.814 -1.838 -1.907 -1.888 -1.876 -1.871 -1.887 -1.929 -1.892 -1.902 -1.95 -1.915 -1.966 -2.008 -1.989 -1.992 -1.985 -2.021 -2.069 -2.011 -2.02 -1.991 -2.079 -2.036 -2.023 -2.002 -2.012 -2.034 -2.054 -2.064 -2.068 -2.088 -2.076 -2.048 -2.163 -2.065 -2.13 -2.24 -9999 -2.237 -2.125 -2.065 -2.127 -2.15 -2.188 -2.215 -2.097 -2.076 -2.251 -2.15 -2.106
