All_lidar/sz6094_DSM_2M.asc
ncols 500
nrows 500
xllcorner    460000
yllcorner    94000
cellsize     2
NODATA_value -9999
[rows 396 to 428 of 500, columns 225 to 299 of 500]
-2.016 -2.039 -2.033 -1.999 -2.004 -1.926 -1.953 -1.976 -1.954 -2.027 -2.008 -2.016 -2.008 -2.027 -2.024 -1.996 -2.033 -1.969 -2.037 -2.007 -1.996 -1.988 -2.001 -2.012 -1.907 -2.062 -1.943 -1.975 -1.971 -2.01 -1.959 -2.094 -2.068 -1.96 -2.051 -1.925 -2.013 -2.007 -2.032 -2.01 -1.996 -2.071 -1.99 -1.962 -1.987 -2.024 -1.955 -1.966 -2.011 -1.945 -2.016 -2.038 -1.972 -2 -1.993 -1.956 -1.956 -2.008 -2.036 -1.957 -1.965 -2.015 -2.001 -2.02 -2 -1.96 -2.114 -2.026 -2.054 -1.991 -2.008 -2.159 -2.069 -2.028 -2.018
-1.967 -2.006 -2.075 -2.096 -1.986 -1.959 -1.963 -1.975 -1.943 -1.982 -2.012 -2.039 -1.987 -1.988 -2.012 -1.971 -1.905 -1.956 -1.975 -2.102 -2.018 -1.988 -2.021 -1.961 -1.946 -2.05 -2.036 -1.942 -2.007 -2.048 -1.971 -2.025 -2.051 -1.979 -1.999 -1.966 -1.94 -2.024 -1.988 -1.986 -1.967 -1.977 -2.019 -1.978 -1.993 -2.033 -1.983 -2.026 -1.951 -2.055 -2.05 -2.018 -2.008 -2.074 -2.061 -2.077 -1.971 -2.019 -2.033 -1.976 -1.945 -2.064 -1.998 -2.012 -2.063 -2.005 -2.094 -2.02 -1.982 -2.006 -1.974 -2.034 -2.023 -2.038 -1.985
-2.069 -2.068 -1.988 -1.972 -2.014 -1.939 -1.944 -1.926 -2.014 -2.07 -1.986 -2.049 -2.034 -1.983 -1.981 -2.058 -1.93 -2.007 -1.963 -1.996 -2.06 -1.959 -2.043 -2.025 -1.976 -1.975 -2.06 -2.002 -2.02 -1.966 -2.029 -2.015 -2.022 -1.977 -1.963 -2.019 -1.952 -2.04 -1.995 -1.998 -1.959 -1.985 -2.039 -2.033 -1.985 -1.983 -1.995 -2.05 -1.966 -2.1 -2.019 -2.003 -2.005 -2.064 -1.99 -1.99 -2.027 -1.981 -1.929 -1.987 -2.005 -1.977 -2.083 -1.941 -2.05 -1.994 -2.011 -1.992 -2.006 -2.03 -2 -2.052 -1.973 -2.039 -1.981
-2.034 -2.079 -2.039 -2.045 -2.013 -1.944 -1.928 -1.978 -1.965 -2.016 -2.022 -2.086 -2.085 -1.978 -1.98 -1.977 -1.944 -1.995 -1.968 -2.039 -2.078 -1.935 -2.04 -1.991 -1.972 -1.92 -2.003 -2.005 -2.032 -1.961 -2.023 -2.031 -1.983 -1.975 -1.998 -2.01 -1.965 -2.045 -1.966 -2.009 -2.066 -1.981 -2.001 -2.045 -1.987 -1.95 -1.918 -1.987 -2.007 -2.024 -1.998 -2.011 -1.955 -2.043 -1.988 -2.004 -2.025 -1.965 -2.001 -2.001 -2.02 -2.05 -2.014 -2.037 -1.987 -1.988 -1.972 -2.024 -1.992 -1.927 -2.032 -1.988 -2.036 -2.032 -2.037
-1.997 -2.032 -2.022 -2.039 -1.985 -1.976 -1.946 -1.975 -1.962 -1.994 -2.026 -2.058 -2.025 -2.017 -2.018 -1.912 -1.887 -1.965 -1.983 -1.967 -2.006 -1.985 -1.977 -2.002 -1.954 -1.962 -1.933 -1.982 -2.014 -2.007 -2.029 -1.986 -2.073 -1.98 -2.08 -2.06 -1.95 -1.996 -2.053 -1.965 -1.967 -2.004 -2.079 -2.001 -1.975 -1.995 -2.02 -1.959 -2.05 -1.987 -2.022 -2.021 -2.016 -2.065 -1.997 -1.989 -1.996 -1.961 -2.035 -2.041 -2.047 -2.056 -2.012 -2.009 -1.984 -1.992 -1.991 -1.992 -2.073 -1.987 -1.985 -2.02 -2.017 -1.946 -2.085
-2.073 -2.057 -2.003 -1.988 -2.035 -1.962 -1.926 -2.081 -2.016 -1.976 -2.086 -2.124 -1.987 -2 -1.977 -1.972 -1.928 -2.012 -2.096 -1.998 -2.015 -2.124 -1.985 -1.92 -1.999 -1.968 -1.933 -2.007 -1.994 -2.017 -1.999 -2.011 -1.987 -2.007 -1.961 -2.075 -1.974 -1.936 -1.936 -2.042 -2.021 -1.98 -2.055 -1.963 -2.015 -2.001 -1.944 -1.931 -1.996 -2.025 -1.917 -2.027 -2.027 -1.971 -1.985 -1.969 -2.053 -2.015 -1.988 -2.075 -2.006 -2.006 -2.023 -1.979 -2.002 -2.125 -2.015 -1.996 -2.044 -2.005 -1.967 -2.008 -2.007 -1.981 -1.985
-2.063 -2.15 -2.106 -2.014 -1.974 -1.971 -2.044 -2.001 -2.048 -2.028 -2.014 -2.087 -1.972 -2.015 -1.994 -1.99 -1.978 -2.017 -2.05 -2.051 -2.027 -2.007 -2.033 -1.99 -1.928 -1.978 -1.993 -1.961 -2.047 -2.046 -2.009 -1.995 -1.971 -1.993 -1.987 -1.992 -1.97 -2.009 -1.99 -1.968 -2.015 -1.975 -2.001 -2.007 -1.974 -2.026 -1.984 -1.984 -2.046 -2.049 -1.981 -2.124 -2.106 -1.995 -2.025 -1.997 -1.984 -1.998 -2.05 -2.055 -2.028 -2.04 -2.02 -2.005 -1.96 -1.965 -1.993 -1.977 -1.962 -1.983 -2.021 -1.967 -2.028 -2.053 -1.949
-1.944 -2.082 -2.114 -1.996 -1.974 -2.046 -1.97 -1.989 -2.074 -2.023 -2.077 -2.039 -1.991 -2.04 -1.981 -1.987 -2.001 -1.986 -2.068 -2.053 -2.044 -1.949 -2.063 -2.033 -1.964 -1.92 -1.999 -2.003 -2.027 -2.099 -2.008 -1.973 -1.962 -2.003 -1.93 -1.997 -2.009 -1.988 -1.957 -1.996 -2.027 -1.981 -1.965 -1.988 -2.003 -2.108 -2.005 -1.951 -1.994 -2.016 -1.994 -2.037 -1.992 -1.956 -1.956 -1.997 -2.032 -2.021 -2.014 -2.084 -1.99 -2.06 -2.048 -2.046 -2.021 -2.002 -1.992 -1.952 -2.01 -2.063 -2.044 -1.952 -1.949 -1.977 -1.976
-2.06 -2.024 -2.021 -2.009 -1.935 -1.982 -2.015 -2.048 -2.055 -2.021 -2.05 -1.996 -2.029 -1.99 -2.023 -1.952 -1.969 -1.998 -2.039 -2.036 -2.088 -2.034 -2.009 -2.021 -2.064 -1.915 -1.959 -2.087 -1.982 -2.051 -2.056 -1.979 -2.038 -1.973 -1.97 -1.993 -1.954 -1.977 -2.031 -2.02 -2.017 -1.965 -1.972 -1.964 -1.993 -2.029 -2.019 -1.943 -1.998 -2.016 -1.95 -1.966 -1.962 -1.953 -1.996 -1.941 -1.965 -2.034 -1.967 -2.034 -1.983 -2.019 -2.106 -2.017 -2.036 -2.022 -2.012 -1.996 -1.971 -1.979 -2.089 -2.001 -2.062 -2.018 -2.014
-2.04 -2.038 -2.029 -1.956 -2.009 -1.962 -2.008 -2.058 -2.022 -2.005 -2.023 -1.981 -1.978 -1.932 -1.996 -2.048 -2.02 -2.028 -2.032 -1.997 -2.009 -2.021 -1.935 -1.98 -1.946 -1.97 -1.956 -2.024 -2.017 -2.009 -1.987 -2.005 -2.02 -1.954 -1.945 -1.951 -1.923 -2.047 -2.114 -1.995 -2.041 -1.974 -1.969 -1.94 -1.961 -1.99 -1.978 -1.985 -2.031 -1.987 -2.056 -1.982 -1.971 -1.966 -1.95 -1.987 -1.972 -1.942 -2.038 -2.038 -2.078 -2.009 -2.002 -1.998 -2.068 -1.985 -2 -2.06 -1.985 -1.986 -1.985 -2.032 -2.065 -2.023 -2.012
-2.088 -1.97 -1.994 -1.966 -1.994 -1.957 -1.976 -2.096 -1.997 -2.122 -2.104 -2.009 -1.976 -1.987 -2.016 -1.978 -1.92 -1.984 -2.086 -2.045 -2.033 -2.028 -1.972 -1.981 -2.001 -2.016 -1.914 -2.038 -2.033 -2.016 -1.956 -1.965 -2.009 -1.945 -1.975 -1.969 -1.927 -2.031 -2.088 -2.016 -1.961 -2.004 -1.995 -1.93 -1.978 -2.002 -1.995 -1.978 -2.005 -2.029 -2.01 -2.004 -2.009 -2.005 -1.954 -1.968 -2.013 -1.98 -1.995 -2.028 -2.074 -2.037 -1.982 -1.988 -2.008 -2.029 -1.976 -2.009 -2.023 -2.03 -1.992 -2.05 -2.025 -1.978 -1.983
-2.036 -2.027 -1.975 -1.971 -1.968 -1.942 -1.961 -2.085 -1.972 -1.993 -2.01 -2.021 -1.961 -1.983 -1.972 -2.033 -2.012 -1.968 -2.101 -2.019 -2.035 -2.047 -1.884 -1.909 -2.008 -2.028 -1.947 -2.08 -2.006 -2.053 -2 -2.028 -1.944 -1.985 -2.002 -1.989 -1.979 -2.012 -2.017 -2.05 -1.979 -1.971 -2.039 -1.949 -1.952 -2.032 -1.973 -2.059 -2.069 -1.996 -1.992 -1.978 -1.972 -1.991 -1.967 -1.974 -2.014 -1.98 -2.036 -2.069 -2.006 -2.063 -2.009 -1.969 -2.091 -1.977 -1.96 -2.01 -1.957 -2.053 -2.023 -1.97 -2.01 -2.054 -1.915
-2.037 -2.026 -2.053 -1.929 -1.993 -1.92 -1.977 -2.068 -2.027 -2.031 -2.047 -1.98 -1.984 -1.949 -1.981 -2.006 -2.042 -1.942 -2.046 -1.992 -1.984 -2.018 -1.952 -1.942 -1.964 -2.042 -2.032 -2.074 -2.005 -1.98 -2.05 -2.025 -1.965 -1.936 -2.021 -1.991 -1.99 -2.037 -2.043 -2.008 -2.01 -1.975 -1.965 -1.93 -1.95 -2.011 -1.97 -2.048 -2.047 -2.002 -1.975 -1.979 -2.026 -1.94 -2.013 -1.965 -1.974 -1.944 -2.024 -2.018 -1.989 -1.984 -1.987 -1.966 -2.012 -1.953 -1.987 -1.975 -2.014 -1.986 -2.058 -1.969 -2.025 -2.069 -2.014
-2.033 -2.055 -2 -1.963 -2.011 -2.01 -1.975 -2.021 -2.051 -2.062 -2.015 -2 -1.975 -1.975 -2.013 -1.969 -2 -2.011 -2.08 -2.006 -2.018 -2.071 -1.975 -1.897 -1.938 -2.068 -1.977 -2.037 -2.027 -1.99 -2.066 -1.965 -1.899 -1.961 -2.016 -1.963 -2.013 -2.061 -2.027 -1.993 -2.051 -2.004 -1.917 -1.917 -2.023 -2.016 -2.008 -1.966 -2.013 -2.043 -1.981 -2 -2.01 -1.971 -1.94 -1.97 -2.017 -1.977 -1.985 -2.069 -2.014 -2.039 -2.014 -1.958 -1.956 -1.955 -1.977 -2.063 -1.978 -1.996 -2.002 -1.948 -1.978 -1.993 -2.007
-2.003 -2.004 -1.982 -1.922 -1.954 -1.961 -1.987 -2.061 -2.038 -2.039 -2.001 -1.993 -1.964 -2.041 -1.976 -2.03 -1.982 -2.023 -2.094 -1.976 -1.954 -2.023 -1.925 -1.929 -2.01 -2.021 -1.983 -2.02 -2.046 -1.966 -1.999 -2.03 -1.985 -1.967 -1.991 -2.024 -2.012 -2.013 -1.993 -2.001 -1.943 -1.988 -2.01 -1.874 -2.006 -1.954 -2.016 -2.035 -2.01 -2.036 -1.948 -2.042 -1.967 -2.025 -1.944 -1.96 -1.965 -2.043 -2.065 -2.053 -1.986 -2.019 -2.025 -1.992 -1.979 -2 -1.969 -2 -2.004 -2.01 -2.019 -1.977 -2.006 -2.009 -2.008
-2.059 -1.943 -1.961 -1.962 -1.938 -1.975 -2.041 -2.084 -2.008 -2.045 -2.006 -1.995 -1.944 -2.016 -2.075 -2.041 -1.95 -2.055 -2.124 -2.029 -2.004 -2.013 -1.967 -1.948 -2.023 -2.058 -2.037 -2.052 -2.026 -1.931 -2.006 -1.968 -1.992 -1.956 -2.04 -1.978 -2.007 -1.973 -2.061 -2.012 -2.001 -2.056 -1.989 -1.901 -1.972 -1.954 -2.032 -2.036 -2.013 -1.983 -1.995 -1.979 -1.989 -1.99 -1.94 -1.992 -1.956 -2.021 -2.002 -1.996 -2.006 -2.043 -2.034 -2.009 -1.981 -1.936 -1.972 -1.983 -2.089 -2.051 -2.052 -1.975 -1.949 -2.001 -2.003
-1.976 -2.01 -2.016 -2.031 -1.978 -1.975 -1.986 -2.019 -2.069 -2.06 -2.056 -1.986 -2.001 -2.006 -2.007 -2.056 -1.994 -2.011 -2.022 -2.012 -1.944 -1.956 -1.941 -2.003 -1.957 -1.989 -2.01 -2.02 -2.019 -2.022 -1.99 -1.957 -1.953 -1.957 -2.101 -2.036 -1.996 -2.027 -2.04 -1.971 -2.012 -2 -2.028 -1.982 -1.995 -1.964 -1.945 -2.003 -2.082 -1.984 -1.994 -1.997 -1.977 -1.941 -1.97 -1.972 -2.017 -2.002 -2.013 -2.032 -1.999 -2.012 -1.958 -2.041 -1.988 -1.943 -1.986 -2.011 -2.038 -2.008 -2.051 -2.014 -2.018 -2.012 -1.955
-1.946 -2.083 -1.965 -2.02 -2.061 -1.982 -2.037 -2.055 -1.978 -2.028 -2.019 -1.944 -1.988 -2.001 -1.98 -2.026 -1.984 -2.037 -2.023 -1.962 -1.968 -2.03 -1.938 -1.949 -1.985 -1.995 -2.045 -2.068 -2.044 -2.01 -2.02 -1.983 -1.913 -1.936 -1.989 -2.044 -1.996 -2.052 -2.025 -1.987 -1.956 -1.958 -2.022 -1.963 -1.974 -2.098 -1.943 -1.956 -2.046 -2.056 -2 -2.034 -1.922 -1.96 -1.975 -1.993 -2 -1.965 -1.977 -1.97 -2.067 -1.965 -1.937 -1.957 -1.949 -1.962 -1.984 -1.974 -2.064 -1.998 -2.06 -2.022 -1.979 -2.059 -1.928
-1.973 -2.008 -2.023 -2.018 -2.037 -1.988 -2.028 -2.077 -1.998 -2.006 -1.997 -2.003 -1.951 -1.957 -2.013 -2.03 -2.038 -2.023 -1.976 -1.958 -1.942 -1.986 -1.945 -1.977 -2 -1.98 -2.008 -1.995 -1.995 -1.984 -1.942 -1.965 -1.961 -1.954 -2.031 -2.039 -1.988 -1.995 -2.015 -1.96 -1.952 -1.969 -1.992 -1.987 -2.018 -2.062 -1.949 -2.052 -2.024 -2.012 -2.013 -1.961 -1.969 -1.97 -2.017 -1.93 -2.073 -1.976 -1.982 -2.045 -1.983 -1.958 -1.969 -1.996 -1.928 -1.959 -1.995 -2.042 -2.003 -1.997 -2.072 -2.045 -1.951 -2.056 -1.967
-2.069 -1.987 -1.956 -2.031 -2.041 -1.999 -1.981 -2.012 -2.035 -2.049 -2.005 -2.037 -1.93 -1.962 -2.076 -2.042 -2.028 -2.012 -2.029 -2.023 -2.019 -2.009 -1.961 -2.008 -2.022 -2.107 -1.997 -2.043 -2.029 -1.968 -1.983 -1.996 -1.897 -1.998 -1.963 -2.01 -2.009 -2.079 -2.061 -2.01 -1.949 -1.987 -1.949 -1.954 -1.962 -2.087 -2.007 -2.019 -2.044 -2.057 -1.995 -2.011 -1.926 -2.02 -1.995 -1.974 -2.032 -1.998 -1.958 -2.048 -2.03 -1.997 -1.958 -2.023 -1.983 -1.986 -2.005 -2.002 -2.006 -1.997 -2.006 -1.998 -1.947 -2.026 -1.915
-2.026 -1.984 -1.866 -2.035 -2.023 -2.052 -2.028 -2.007 -2.074 -1.942 -1.987 -2.03 -1.944 -1.945 -2.098 -2.022 -1.974 -1.997 -1.991 -2.005 -1.933 -2.008 -2.08 -2.017 -2.018 -1.978 -2.092 -1.952 -2.021 -2.005 -1.932 -1.927 -1.937 -1.99 -2.016 -1.991 -2.034 -1.989 -2.063 -2.022 -1.96 -2.012 -1.941 -1.918 -1.982 -2.051 -2.02 -2.017 -2.035 -2.007 -1.975 -2.005 -1.969 -1.954 -2.013 -1.952 -1.976 -2.004 -1.996 -2.005 -1.971 -1.944 -1.937 -1.969 -1.969 -2.037 -2.021 -2.032 -2.008 -2.056 -1.987 -1.988 -1.962 -2.011 -1.984
-2.009 -1.97 -1.928 -1.989 -2.006 -2.036 -2.027 -2.009 -2.007 -2.01 -2.031 -1.996 -2.023 -2.015 -2 -2.072 -2.042 -1.987 -1.997 -1.946 -1.952 -1.985 -2.034 -2.046 -1.942 -1.996 -2.086 -1.968 -1.977 -1.938 -1.965 -1.982 -2.035 -1.974 -1.987 -2.019 -2.078 -2.043 -2.016 -1.994 -1.935 -2.016 -2 -1.95 -2.036 -2.031 -2.032 -2.004 -2.014 -2.012 -1.983 -1.969 -1.954 -1.946 -2.013 -1.97 -1.997 -2.012 -2.049 -2.039 -1.972 -1.965 -1.959 -1.929 -2.039 -1.952 -1.959 -1.988 -1.994 -2.056 -2.084 -1.985 -2.017 -2.049 -1.989
-2.003 -2.009 -1.919 -1.951 -1.968 -2.037 -2.155 -2.017 -1.978 -2.021 -2.052 -1.931 -2.009 -1.997 -2.013 -2.023 -2.068 -2.025 -2 -1.953 -1.98 -1.944 -2.033 -2.024 -2.038 -2.033 -2.006 -1.984 -1.948 -1.96 -1.962 -1.979 -1.941 -1.995 -2.061 -2.028 -2.089 -2.036 -1.98 -1.935 -1.913 -1.954 -1.963 -1.951 -2.079 -2.072 -2.083 -2.023 -1.987 -2 -1.925 -2.019 -1.998 -1.968 -1.973 -1.994 -2.036 -1.993 -2.027 -1.966 -1.974 -1.949 -1.976 -2.059 -1.97 -1.951 -1.975 -2.054 -2.011 -2.037 -2.048 -1.995 -1.903 -1.965 -1.965
-2.032 -1.988 -2.013 -1.978 -1.994 -2.034 -2.032 -2 -2.038 -1.95 -2.006 -2.096 -2.023 -2.007 -2.029 -2.097 -1.989 -2.043 -1.98 -2.001 -2.084 -1.964 -2.017 -2.008 -2.038 -2.022 -2.054 -1.972 -2.089 -1.976 -1.948 -1.961 -2.064 -2.031 -1.984 -1.995 -2.031 -2.014 -2.045 -1.967 -1.936 -1.923 -2.004 -1.988 -2.08 -2.038 -1.985 -1.994 -2.015 -1.989 -1.973 -1.984 -2.004 -2.016 -2.056 -2.024 -2.016 -2.007 -1.993 -2.008 -1.926 -1.946 -2.013 -1.942 -1.964 -2.026 -1.993 -2.021 -1.988 -2.049 -2.019 -2.015 -1.975 -1.966 -2.031
-1.997 -1.945 -2.017 -1.913 -2.042 -1.99 -1.963 -2.043 -2.053 -1.968 -1.983 -2.006 -2.016 -2.07 -1.981 -2.011 -1.958 -2.09 -2.082 -1.963 -2.023 -2.009 -2.012 -2.025 -2.028 -2.008 -2.04 -1.941 -1.998 -1.973 -1.968 -2.012 -1.987 -2.015 -2.028 -2.034 -2.005 -2.049 -1.984 -1.977 -1.988 -1.977 -1.953 -2.018 -2.035 -2.059 -2.055 -2.009 -2.031 -1.967 -1.923 -1.986 -1.992 -2.018 -2.026 -2.046 -2.059 -1.992 -1.96 -1.975 -1.959 -1.945 -2.06 -1.966 -1.928 -1.939 -2.029 -2.016 -2.04 -2.021 -1.972 -1.991 -1.911 -1.937 -1.966
-2.014 -1.971 -2.068 -1.996 -1.981 -2.089 -2.07 -2.024 -1.964 -1.993 -1.962 -1.938 -2.052 -2.056 -2.033 -2.022 -2.027 -2.003 -1.984 -2.034 -2.004 -2.042 -2.015 -2.046 -2.024 -2.005 -1.988 -2.008 -1.937 -1.958 -1.961 -1.988 -1.983 -1.97 -2.034 -2.022 -1.965 -2.04 -1.997 -2.028 -1.957 -1.977 -2.013 -2.015 -1.961 -2.04 -2.036 -1.962 -1.978 -2.089 -1.96 -1.966 -1.953 -2.03 -1.987 -2.073 -1.993 -2.011 -1.95 -1.957 -1.959 -1.949 -1.911 -1.984 -2.013 -2.008 -2.012 -2.076 -2.015 -2.005 -2.027 -1.934 -1.95 -2.003 -1.962
-1.974 -1.977 -1.957 -2.059 -1.989 -1.965 -2.018 -2.002 -1.971 -2 -2.078 -1.995 -2.024 -1.955 -1.978 -2.009 -2.04 -2.001 -2.024 -1.952 -2.006 -2.001 -2.03 -2.039 -2.006 -2.031 -2.009 -1.994 -1.959 -1.982 -2.005 -1.968 -2.046 -2.063 -2.015 -2.041 -1.993 -1.981 -1.964 -1.986 -1.971 -1.994 -1.97 -2.047 -1.959 -2.046 -2.018 -1.975 -1.969 -2.037 -1.925 -1.959 -1.953 -2.025 -2.08 -2.048 -1.989 -2.033 -1.981 -1.991 -1.996 -1.953 -1.955 -1.967 -2.016 -2.007 -2.035 -2.011 -1.994 -1.993 -1.974 -1.948 -1.938 -1.984 -1.977
-2.01 -2.017 -2.026 -2.085 -2.028 -1.976 -1.996 -1.964 -1.968 -2.007 -2.029 -1.937 -1.972 -2.151 -2.006 -1.964 -2.022 -1.994 -1.954 -1.964 -1.963 -2.025 -2.028 -2.081 -2.054 -2.018 -1.973 -2.001 -1.998 -2.017 -1.95 -2.048 -2.042 -2.035 -1.98 -2.036 -1.991 -1.966 -1.994 -1.964 -1.95 -2.018 -1.999 -2.052 -2.007 -2.014 -2.014 -1.957 -1.952 -2.081 -1.956 -1.973 -2.003 -1.922 -2.006 -2.061 -2.013 -2.029 -2.016 -1.943 -2.003 -2.02 -1.985 -2.02 -1.938 -2.009 -2.057 -2.002 -1.975 -1.988 -2.004 -1.97 -2.013 -1.963 -2.011
-1.928 -1.971 -1.965 -1.998 -2.038 -2.009 -2.003 -1.945 -1.944 -1.966 -1.99 -2 -1.952 -2.03 -2.102 -1.997 -2.075 -2.122 -1.948 -1.96 -1.985 -2.012 -1.969 -1.986 -1.995 -2.014 -1.967 -2.013 -2.076 -1.955 -1.917 -2.037 -2.031 -2.058 -2.037 -2.001 -2.049 -2.014 -1.979 -1.955 -1.972 -1.948 -2.008 -2.057 -2.012 -1.943 -2.008 -1.999 -1.925 -2.037 -1.998 -2.007 -1.997 -2.048 -2.006 -2.009 -2.031 -2.025 -2.017 -2.063 -1.956 -1.93 -1.982 -1.975 -1.995 -2.019 -2 -2.014 -2.008 -1.951 -1.986 -1.968 -2.004 -1.969 -1.954
-1.955 -1.961 -2.025 -1.988 -2.047 -2.046 -1.966 -1.987 -1.953 -1.959 -2.017 -2.035 -2.004 -2.046 -2.019 -2.072 -2.021 -2.022 -2.007 -2.057 -1.98 -2 -2.012 -2.035 -2.009 -2.018 -2.049 -1.989 -1.942 -1.991 -1.958 -1.992 -2.016 -2.073 -2.004 -1.968 -2.041 -1.983 -2.059 -1.997 -1.934 -1.944 -2.036 -1.996 -2.046 -1.968 -2.041 -1.955 -1.934 -1.942 -1.978 -1.957 -1.984 -2.049 -2.014 -2.007 -2.072 -1.99 -1.979 -1.99 -1.939 -1.934 -1.987 -1.967 -2.002 -1.967 -2.028 -1.975 -1.993 -2.011 -1.998 -1.984 -1.962 -1.994 -2.037
-2.106 -2.01 -2.052 -1.991 -1.971 -2.08 -1.939 -1.971 -1.94 -1.938 -1.985 -2.002 -1.958 -2.058 -1.982 -1.946 -1.94 -1.948 -1.932 -2.096 -1.954 -1.986 -1.982 -2.007 -2.019 -2.016 -1.996 -2.071 -1.974 -1.946 -1.997 -2.008 -2.026 -2.008 -1.992 -2.07 -1.971 -1.935 -2.017 -1.978 -1.973 -1.979 -2 -2.017 -2.02 -1.992 -2.034 -2.014 -1.976 -1.957 -1.951 -1.989 -2.036 -2.022 -2.062 -2.037 -2.045 -2.015 -1.978 -1.915 -1.96 -1.967 -2.049 -2.042 -1.942 -1.991 -2.012 -1.98 -1.973 -1.958 -2.006 -1.944 -1.98 -2.026 -2.015
-2.009 -1.984 -2.029 -9999 -1.952 -2.099 -2.041 -1.985 -2.025 -1.919 -2.017 -2.002 -1.973 -2.058 -2.024 -2.017 -2.069 -2.021 -1.952 -2.004 -1.988 -2.042 -1.996 -1.984 -1.962 -2.042 -2.01 -1.959 -1.911 -2.022 -2.018 -2.013 -2.066 -2.013 -2.021 -1.971 -1.976 -1.95 -1.94 -1.976 -1.959 -2.01 -2.007 -2.015 -2 -2.038 -2.016 -1.947 -1.918 -2.034 -2.039 -1.935 -1.976 -2.025 -2.039 -1.986 -2.067 -2.03 -1.957 -2.004 -1.912 -1.972 -2.003 -2.016 -1.979 -1.985 -1.994 -1.983 -2.002 -1.985 -2.022 -2.008 -1.984 -1.959 -1.985
-2.018 -2.033 -2.03 -2.066 -1.975 -2.019 -1.984 -1.965 -2.047 -2.054 -1.992 -1.999 -1.948 -1.986 -2.007 -1.982 -2.034 -1.971 -2.034 -1.971 -1.999 -2.084 -2.003 -2.032 -1.92 -2.062 -2.053 -2.003 -1.966 -1.997 -2.02 -1.983 -2.056 -2.049 -2.016 -2.007 -2.061 -2.088 -2.041 -2.027 -1.992 -2.104 -2.071 -1.977 -1.993 -1.963 -1.98 -1.946 -1.917 -2.007 -2.049 -1.953 -1.994 -2 -2.054 -1.996 -1.984 -2.031 -2.011 -1.972 -1.953 -1.977 -2.006 -2.058 -1.992 -2.009 -2.051 -2.029 -1.964 -1.984 -1.954 -1.985 -1.952 -1.962 -1.992
