All_lidar/sz6090_DSM_2M.asc
ncols 500
nrows 500
xllcorner    460000
yllcorner    90000
cellsize     2
NODATA_value -9999
[rows 160 to 191 of 500, columns 73 to 145 of 500]
39.363 39.453 39.595 39.695 39.795 39.91 40.05 40.193 40.308 40.43 40.56 40.68 40.79 40.898 40.99 41.058 41.21 41.315 41.418 41.55 41.66 41.78 41.913 42.045 42.168 42.263 42.39 42.485 42.623 42.78 42.863 42.97 43.113 43.238 43.378 43.478 43.615 43.74 43.82 43.928 44.033 44.103 44.19 44.278 44.38 44.48 44.57 44.688 44.768 44.86 44.973 45.078 45.16 45.278 45.375 45.458 45.59 45.65 45.768 45.83 45.955 46.045 46.118 46.205 46.28 46.405 46.485 46.555 46.638 46.693 46.785 46.865 46.928
39.273 39.37 39.505 39.63 39.77 39.86 40.033 40.125 40.265 40.428 40.543 40.658 40.76 40.883 41.033 41.085 41.203 41.295 41.433 41.543 41.658 41.803 41.918 42.048 42.138 42.263 42.38 42.498 42.6 42.733 42.865 42.978 43.13 43.23 43.36 43.455 43.563 43.708 43.795 43.9 43.988 44.06 44.173 44.263 44.375 44.46 44.543 44.67 44.738 44.85 44.96 45.04 45.145 45.275 45.338 45.425 45.545 45.63 45.698 45.798 45.92 46.01 46.093 46.18 46.283 46.37 46.478 46.505 46.593 46.675 46.75 46.845 46.91
39.218 39.313 39.44 39.568 39.718 39.868 40.025 40.125 40.26 40.413 40.548 40.648 40.78 40.893 40.998 41.118 41.213 41.328 41.465 41.57 41.69 41.793 41.91 42.028 42.16 42.268 42.38 42.478 42.585 42.72 42.82 42.943 43.078 43.208 43.303 43.41 43.518 43.678 43.768 43.848 43.963 44.045 44.125 44.228 44.333 44.443 44.533 44.658 44.723 44.805 44.938 45.028 45.11 45.23 45.32 45.395 45.525 45.615 45.693 45.778 45.925 46.003 46.085 46.155 46.243 46.35 46.428 46.503 46.598 46.658 46.748 46.813 46.88
39.168 39.268 39.413 39.548 39.695 39.853 40.008 40.143 40.283 40.415 40.553 40.665 40.77 40.893 41.035 41.125 41.208 41.335 41.453 41.558 41.668 41.778 41.903 42.045 42.158 42.238 42.343 42.465 42.57 42.653 42.778 42.89 43.018 43.13 43.255 43.383 43.52 43.62 43.738 43.828 43.905 44 44.108 44.21 44.31 44.405 44.503 44.628 44.715 44.795 44.885 45.02 45.105 45.218 45.313 45.408 45.47 45.578 45.665 45.77 45.893 45.983 46.04 46.135 46.238 46.325 46.393 46.478 46.558 46.625 46.713 46.815 46.858
39.135 39.26 39.355 39.478 39.645 39.823 39.983 40.14 40.313 40.443 40.535 40.658 40.76 40.885 40.988 41.078 41.208 41.34 41.415 41.565 41.625 41.77 41.92 42.018 42.12 42.213 42.303 42.418 42.535 42.63 42.738 42.85 42.965 43.095 43.215 43.345 43.443 43.588 43.72 43.808 43.905 43.99 44.08 44.203 44.31 44.383 44.463 44.605 44.678 44.778 44.883 44.978 45.08 45.18 45.29 45.368 45.47 45.56 45.668 45.765 45.885 45.938 46.038 46.128 46.213 46.325 46.363 46.443 46.525 46.593 46.678 46.753 46.83
39.103 39.23 39.325 39.463 39.645 39.803 39.993 40.143 40.283 40.403 40.548 40.658 40.76 40.893 40.968 41.093 41.213 41.32 41.403 41.53 41.633 41.745 41.843 41.973 42.063 42.173 42.28 42.373 42.465 42.585 42.685 42.823 42.925 43.065 43.18 43.305 43.42 43.563 43.69 43.803 43.873 43.948 44.06 44.19 44.295 44.37 44.465 44.605 44.673 44.773 44.868 44.973 45.065 45.178 45.283 45.38 45.463 45.548 45.655 45.745 45.835 45.94 46.01 46.118 46.203 46.293 46.363 46.413 46.503 46.558 46.645 46.715 46.803
39.1 39.198 39.343 39.463 39.648 39.81 39.938 40.095 40.255 40.395 40.515 40.613 40.743 40.863 40.948 41.06 41.168 41.28 41.395 41.493 41.62 41.71 41.815 41.923 42.028 42.138 42.233 42.33 42.423 42.548 42.665 42.818 42.913 43.005 43.12 43.253 43.365 43.51 43.64 43.748 43.855 43.95 44.05 44.165 44.263 44.343 44.458 44.588 44.653 44.79 44.908 44.97 45.075 45.165 45.263 45.358 45.453 45.538 45.633 45.72 45.833 45.933 46.01 46.085 46.17 46.25 46.305 46.398 46.46 46.553 46.61 46.673 46.77
39.068 39.205 39.335 39.43 39.618 39.778 39.91 40.065 40.225 40.34 40.485 40.578 40.725 40.813 40.918 41.028 41.128 41.23 41.335 41.45 41.555 41.645 41.768 41.888 41.99 42.09 42.188 42.28 42.393 42.52 42.633 42.77 42.875 42.965 43.08 43.215 43.323 43.475 43.605 43.7 43.81 43.918 44.02 44.173 44.24 44.35 44.44 44.595 44.673 44.765 44.888 44.973 45.073 45.165 45.268 45.36 45.445 45.525 45.595 45.713 45.805 45.898 45.99 46.055 46.158 46.21 46.29 46.36 46.428 46.53 46.58 46.65 46.73
39.05 39.165 39.3 39.423 39.595 39.76 39.863 40.008 40.163 40.318 40.443 40.55 40.66 40.778 40.88 40.983 41.085 41.195 41.283 41.378 41.498 41.623 41.723 41.85 41.958 42.058 42.13 42.24 42.355 42.468 42.583 42.708 42.833 42.953 43.065 43.183 43.328 43.468 43.603 43.71 43.785 43.9 44.028 44.153 44.23 44.365 44.433 44.573 44.66 44.728 44.863 44.948 45.06 45.15 45.248 45.338 45.44 45.493 45.578 45.685 45.785 45.87 45.945 46.04 46.113 46.173 46.245 46.33 46.41 46.493 46.56 46.633 46.7
39.04 39.15 39.263 39.41 39.56 39.715 39.835 39.945 40.11 40.27 40.4 40.5 40.618 40.753 40.85 40.948 41.05 41.143 41.253 41.36 41.488 41.593 41.698 41.813 41.92 42.018 42.118 42.213 42.31 42.4 42.538 42.663 42.808 42.92 43.02 43.158 43.303 43.413 43.545 43.675 43.775 43.913 44.013 44.138 44.225 44.348 44.428 44.563 44.64 44.73 44.855 44.948 45.03 45.13 45.238 45.318 45.415 45.5 45.555 45.653 45.758 45.853 45.935 46.015 46.07 46.148 46.203 46.32 46.378 46.47 46.525 46.588 46.668
39.033 39.145 39.24 39.38 39.515 39.653 39.778 39.913 40.073 40.223 40.353 40.455 40.558 40.695 40.78 40.895 41.003 41.08 41.193 41.315 41.433 41.53 41.653 41.783 41.89 41.97 42.073 42.17 42.293 42.393 42.513 42.638 42.76 42.88 42.99 43.138 43.263 43.393 43.508 43.63 43.758 43.878 43.985 44.138 44.188 44.305 44.415 44.533 44.61 44.7 44.828 44.913 45.003 45.105 45.198 45.28 45.38 45.475 45.548 45.623 45.733 45.818 45.91 45.98 46.038 46.133 46.203 46.285 46.358 46.435 46.5 46.573 46.663
38.998 39.103 39.213 39.315 39.45 39.605 39.718 39.88 40.018 40.158 40.31 40.405 40.503 40.615 40.72 40.848 40.955 41.043 41.175 41.283 41.395 41.498 41.633 41.75 41.84 41.945 42.038 42.14 42.248 42.365 42.47 42.608 42.725 42.858 42.965 43.123 43.24 43.365 43.488 43.625 43.728 43.858 43.958 44.08 44.17 44.283 44.388 44.508 44.603 44.665 44.793 44.898 44.97 45.078 45.208 45.293 45.355 45.468 45.5 45.618 45.738 45.818 45.865 45.958 46.015 46.09 46.16 46.253 46.333 46.425 46.495 46.563 46.63
38.978 39.075 39.178 39.278 39.428 39.553 39.673 39.805 39.943 40.103 40.268 40.36 40.468 40.548 40.673 40.795 40.913 41 41.108 41.238 41.353 41.47 41.583 41.703 41.823 41.913 42.035 42.118 42.233 42.35 42.44 42.573 42.678 42.823 42.955 43.095 43.208 43.31 43.46 43.613 43.723 43.83 43.928 44.04 44.145 44.243 44.345 44.495 44.573 44.628 44.785 44.875 44.958 45.063 45.17 45.255 45.333 45.438 45.485 45.588 45.675 45.765 45.84 45.925 46.015 46.098 46.135 46.245 46.34 46.385 46.463 46.533 46.598
38.965 39.073 39.16 39.25 39.363 39.513 39.628 39.768 39.9 40.05 40.198 40.298 40.41 40.513 40.635 40.773 40.853 40.97 41.095 41.213 41.323 41.435 41.54 41.64 41.775 41.893 41.985 42.088 42.21 42.308 42.395 42.535 42.665 42.79 42.943 43.04 43.153 43.288 43.453 43.568 43.693 43.808 43.903 44.035 44.11 44.22 44.33 44.468 44.528 44.615 44.743 44.823 44.913 45.01 45.11 45.243 45.298 45.385 45.47 45.55 45.643 45.748 45.865 45.94 46.005 46.075 46.14 46.215 46.298 46.37 46.445 46.515 46.58
38.968 39.058 39.145 39.223 39.343 39.508 39.6 39.75 39.883 40.018 40.143 40.258 40.363 40.475 40.595 40.715 40.823 40.935 41.048 41.183 41.28 41.395 41.525 41.618 41.725 41.85 41.935 42.053 42.198 42.303 42.395 42.5 42.613 42.755 42.898 43.025 43.145 43.26 43.415 43.56 43.655 43.768 43.87 44 44.088 44.183 44.325 44.44 44.515 44.585 44.68 44.793 44.88 44.968 45.06 45.188 45.255 45.365 45.43 45.528 45.633 45.72 45.818 45.88 45.968 46.053 46.135 46.198 46.288 46.378 46.448 46.535 46.59
38.965 39.035 39.1 39.175 39.313 39.473 39.57 39.708 39.838 39.983 40.12 40.208 40.315 40.46 40.558 40.67 40.778 40.908 41.023 41.173 41.255 41.36 41.485 41.585 41.71 41.793 41.903 42.048 42.163 42.268 42.35 42.5 42.603 42.715 42.86 43.005 43.105 43.253 43.385 43.505 43.623 43.743 43.838 43.965 44.07 44.163 44.29 44.395 44.49 44.588 44.68 44.775 44.875 44.96 45.053 45.163 45.243 45.335 45.418 45.52 45.618 45.733 45.81 45.893 45.968 46.053 46.123 46.203 46.288 46.37 46.433 46.518 46.593
38.925 39.02 39.095 39.163 39.283 39.423 39.54 39.66 39.815 39.943 40.065 40.165 40.278 40.41 40.495 40.618 40.753 40.858 40.983 41.118 41.208 41.358 41.42 41.553 41.675 41.783 41.88 41.98 42.12 42.213 42.303 42.443 42.568 42.693 42.833 42.975 43.103 43.225 43.348 43.478 43.593 43.728 43.828 43.935 44.045 44.145 44.26 44.365 44.465 44.563 44.655 44.745 44.828 44.933 45.028 45.128 45.23 45.315 45.4 45.503 45.605 45.71 45.805 45.87 45.958 46.033 46.12 46.2 46.273 46.375 46.433 46.515 46.6
38.898 38.98 39.07 39.13 39.25 39.363 39.503 39.633 39.79 39.903 40.045 40.138 40.245 40.38 40.468 40.58 40.708 40.81 40.925 41.06 41.16 41.283 41.395 41.503 41.645 41.768 41.85 41.958 42.083 42.193 42.293 42.418 42.543 42.673 42.803 42.943 43.065 43.193 43.325 43.445 43.548 43.675 43.765 43.92 44.018 44.085 44.25 44.353 44.458 44.545 44.63 44.733 44.838 44.928 45 45.1 45.203 45.31 45.385 45.48 45.59 45.693 45.778 45.868 45.958 46.028 46.115 46.178 46.273 46.33 46.408 46.5 46.58
38.865 38.945 39.04 39.118 39.213 39.35 39.495 39.6 39.74 39.865 39.978 40.115 40.2 40.345 40.438 40.53 40.643 40.763 40.888 41.015 41.12 41.238 41.358 41.468 41.595 41.723 41.828 41.923 42.023 42.153 42.235 42.378 42.495 42.653 42.758 42.895 43.02 43.163 43.303 43.415 43.528 43.648 43.748 43.883 43.968 44.068 44.2 44.295 44.395 44.498 44.585 44.698 44.825 44.9 44.988 45.113 45.2 45.275 45.368 45.47 45.573 45.683 45.758 45.855 45.948 46.028 46.083 46.175 46.278 46.338 46.405 46.468 46.585
38.83 38.893 39.003 39.08 39.175 39.32 39.445 39.575 39.69 39.818 39.955 40.078 40.155 40.315 40.418 40.528 40.625 40.74 40.878 40.973 41.09 41.193 41.308 41.45 41.56 41.658 41.805 41.908 42.008 42.118 42.23 42.343 42.463 42.633 42.743 42.873 42.983 43.135 43.268 43.395 43.505 43.628 43.718 43.83 43.94 44.053 44.178 44.265 44.375 44.475 44.57 44.678 44.775 44.873 44.983 45.093 45.173 45.28 45.36 45.453 45.555 45.665 45.738 45.838 45.933 46.003 46.08 46.168 46.26 46.333 46.4 46.473 46.578
38.803 38.863 38.948 39.08 39.16 39.26 39.408 39.51 39.635 39.78 39.905 40.04 40.15 40.265 40.343 40.473 40.593 40.688 40.803 40.925 41.033 41.17 41.285 41.423 41.518 41.65 41.77 41.858 41.973 42.085 42.213 42.33 42.448 42.575 42.715 42.853 42.973 43.128 43.263 43.378 43.498 43.613 43.7 43.825 43.915 44.02 44.125 44.26 44.343 44.458 44.56 44.65 44.758 44.833 44.953 45.04 45.155 45.255 45.338 45.438 45.535 45.64 45.728 45.813 45.915 46 46.065 46.153 46.225 46.31 46.365 46.473 46.575
38.748 38.825 38.9 39.038 39.108 39.24 39.38 39.483 39.6 39.72 39.86 39.983 40.088 40.235 40.313 40.413 40.548 40.67 40.793 40.898 41.028 41.14 41.255 41.378 41.49 41.613 41.738 41.845 41.953 42.058 42.203 42.3 42.44 42.573 42.69 42.835 42.963 43.11 43.22 43.345 43.485 43.588 43.705 43.788 43.88 44.008 44.105 44.245 44.318 44.403 44.523 44.62 44.745 44.828 44.918 45.028 45.113 45.225 45.315 45.45 45.548 45.625 45.728 45.8 45.905 45.995 46.055 46.16 46.21 46.315 46.348 46.465 46.55
38.675 38.775 38.87 38.958 39.098 39.215 39.313 39.455 39.555 39.675 39.818 39.935 40.045 40.183 40.283 40.378 40.51 40.625 40.755 40.873 41.013 41.1 41.23 41.348 41.48 41.583 41.703 41.823 41.948 42.033 42.165 42.285 42.43 42.57 42.668 42.795 42.948 43.105 43.195 43.315 43.46 43.57 43.685 43.765 43.875 43.98 44.088 44.22 44.3 44.388 44.495 44.578 44.693 44.788 44.923 45.04 45.118 45.218 45.31 45.415 45.528 45.605 45.713 45.835 45.92 45.993 46.053 46.145 46.218 46.305 46.36 46.453 46.56
38.65 38.708 38.813 38.913 39.05 39.175 39.275 39.415 39.505 39.638 39.765 39.893 40.043 40.14 40.253 40.338 40.468 40.585 40.698 40.838 40.99 41.1 41.195 41.328 41.478 41.568 41.698 41.8 41.908 42.028 42.135 42.258 42.4 42.528 42.648 42.775 42.918 43.048 43.18 43.28 43.455 43.54 43.658 43.75 43.85 43.948 44.068 44.205 44.283 44.368 44.463 44.558 44.663 44.76 44.91 45.028 45.093 45.195 45.298 45.4 45.508 45.583 45.723 45.81 45.908 45.975 46.033 46.138 46.195 46.288 46.35 46.43 46.528
38.593 38.66 38.76 38.87 38.975 39.108 39.21 39.328 39.44 39.59 39.758 39.88 39.99 40.098 40.228 40.325 40.443 40.59 40.715 40.838 40.958 41.068 41.198 41.328 41.443 41.58 41.675 41.79 41.893 42 42.11 42.26 42.368 42.515 42.648 42.755 42.895 43.018 43.158 43.3 43.425 43.508 43.628 43.728 43.833 43.933 44.02 44.17 44.263 44.343 44.443 44.513 44.67 44.725 44.858 44.998 45.083 45.183 45.283 45.42 45.51 45.583 45.715 45.785 45.883 45.963 46.02 46.123 46.193 46.255 46.33 46.43 46.513
38.56 38.613 38.715 38.805 38.9 39.035 39.153 39.26 39.398 39.55 39.703 39.835 39.965 40.08 40.198 40.308 40.425 40.548 40.69 40.83 40.94 41.078 41.2 41.323 41.428 41.563 41.658 41.77 41.903 41.978 42.093 42.225 42.328 42.48 42.62 42.73 42.89 43.015 43.138 43.245 43.368 43.49 43.608 43.703 43.813 43.895 43.99 44.145 44.215 44.313 44.443 44.5 44.645 44.74 44.84 44.995 45.073 45.168 45.28 45.388 45.493 45.58 45.685 45.778 45.863 45.935 46.013 46.098 46.15 46.265 46.328 46.395 46.493
38.515 38.555 38.67 38.785 38.865 38.983 39.1 39.238 39.375 39.51 39.67 39.795 39.925 40.063 40.173 40.298 40.41 40.548 40.698 40.788 40.963 41.063 41.185 41.315 41.468 41.553 41.673 41.75 41.86 41.968 42.075 42.185 42.298 42.445 42.6 42.73 42.863 42.975 43.1 43.243 43.35 43.465 43.563 43.688 43.795 43.873 43.98 44.108 44.213 44.308 44.413 44.485 44.63 44.743 44.825 44.955 45.035 45.153 45.243 45.358 45.465 45.563 45.67 45.733 45.845 45.928 45.993 46.098 46.143 46.25 46.308 46.388 46.465
38.47 38.535 38.655 38.743 38.85 38.95 39.118 39.228 39.365 39.505 39.68 39.808 39.908 40.035 40.145 40.295 40.415 40.525 40.665 40.79 40.918 41.058 41.2 41.3 41.425 41.523 41.633 41.753 41.81 41.943 42.028 42.165 42.295 42.425 42.583 42.698 42.825 42.93 43.078 43.215 43.32 43.44 43.575 43.66 43.755 43.853 43.955 44.083 44.173 44.28 44.398 44.453 44.6 44.713 44.81 44.92 45.033 45.12 45.24 45.325 45.453 45.55 45.648 45.733 45.823 45.923 45.973 46.06 46.133 46.228 46.295 46.365 46.458
38.468 38.523 38.635 38.725 38.835 38.955 39.108 39.233 39.383 39.528 39.68 39.775 39.92 40.033 40.165 40.275 40.388 40.513 40.638 40.778 40.918 41.028 41.155 41.27 41.373 41.493 41.638 41.723 41.813 41.918 42.01 42.143 42.278 42.405 42.53 42.665 42.803 42.908 43.058 43.183 43.283 43.433 43.533 43.65 43.775 43.845 43.945 44.09 44.16 44.265 44.368 44.445 44.595 44.69 44.798 44.903 45.008 45.115 45.195 45.298 45.42 45.525 45.608 45.69 45.788 45.875 45.94 46.035 46.12 46.193 46.283 46.36 46.433
38.473 38.54 38.628 38.755 38.883 38.978 39.135 39.24 39.38 39.533 39.648 39.795 39.905 40.053 40.155 40.265 40.393 40.535 40.665 40.763 40.903 41.025 41.145 41.233 41.368 41.5 41.58 41.678 41.775 41.878 41.993 42.12 42.24 42.37 42.505 42.628 42.763 42.918 43.038 43.16 43.258 43.405 43.505 43.643 43.763 43.818 43.915 44.07 44.118 44.22 44.343 44.433 44.553 44.668 44.775 44.888 44.97 45.07 45.153 45.283 45.395 45.478 45.623 45.678 45.783 45.868 45.943 46.035 46.083 46.173 46.26 46.348 46.413
38.458 38.528 38.618 38.743 38.893 38.993 39.148 39.268 39.388 39.56 39.663 39.798 39.928 40.045 40.155 40.278 40.4 40.5 40.653 40.768 40.88 41.018 41.11 41.223 41.34 41.485 41.585 41.658 41.77 41.853 41.968 42.085 42.215 42.343 42.485 42.59 42.76 42.883 42.995 43.108 43.235 43.378 43.493 43.6 43.703 43.81 43.898 44.03 44.135 44.205 44.293 44.408 44.545 44.625 44.748 44.848 44.97 45.028 45.138 45.225 45.358 45.473 45.573 45.658 45.765 45.833 45.933 46.01 46.088 46.158 46.235 46.325 46.403
38.48 38.575 38.653 38.775 38.918 39.02 39.173 39.313 39.433 39.55 39.66 39.823 39.925 40.043 40.14 40.273 40.38 40.48 40.615 40.71 40.88 40.983 41.11 41.215 41.338 41.44 41.555 41.65 41.723 41.828 41.955 42.065 42.21 42.315 42.47 42.588 42.695 42.84 42.99 43.11 43.225 43.36 43.458 43.588 43.675 43.778 43.88 44.013 44.115 44.195 44.315 44.415 44.5 44.605 44.725 44.853 44.948 45.023 45.11 45.235 45.338 45.445 45.543 45.615 45.735 45.81 45.92 45.973 46.055 46.143 46.218 46.3 46.378
