All_lidar/sz6086_DSM_2M.asc
ncols 500
nrows 500
xllcorner    460000
yllcorner    86000
cellsize     2
NODATA_value -9999
[rows 165 to 197 of 500, columns 365 to 437 of 500]
13.349 14.511 15.596 13.051 10.771 9.291 8.374 6.304 5.654 6.164 6.586 6.716 6.876 6.386 4.664 3.231 3.236 3.244 3.231 3.191 3.276 3.406 4.091 6.226 4.086 4.669 5.089 4.761 4.281 3.539 3.169 2.909 2.694 2.374 2.051 1.774 1.594 1.424 1.463 1.522 1.433 1.565 1.571 1.348 1.218 0.846 0.433 0.01 -0.112 0.004 -0.054 -0.061 -0.059 -0.051 -0.06 0.087 0.858 0.863 0.918 0.981 1.015 1.034 1.047 1.08 1.083 1.097 1.092 1.058 0.987 0.966 0.925 0.904 0.85
14.461 15.411 16.221 11.514 9.434 8.049 6.664 5.486 4.509 4.206 4.629 6.234 6.444 4.531 3.141 3.201 3.246 3.206 3.211 3.171 3.456 4.419 4.274 4.901 3.739 4.759 4.356 3.859 3.324 3.096 2.889 2.606 2.319 2.016 1.774 1.536 1.431 1.567 1.512 1.509 1.452 1.32 1.244 0.899 0.804 0.236 -0.079 -0.054 -0.074 -0.049 -0.064 -0.064 -0.054 -0.049 0.648 0.827 0.9 0.949 0.999 1.016 1.06 1.078 1.147 1.158 1.109 1.107 1.075 1.019 0.986 0.942 0.871 0.78 0.751
14.266 15.041 12.754 8.969 7.501 6.254 5.926 7.584 8.196 5.391 3.494 5.281 4.929 3.219 3.149 3.234 3.201 3.161 3.061 5.384 6.344 6.659 3.951 3.521 4.136 4.396 3.786 3.256 3.019 2.796 2.539 2.229 1.941 1.666 1.501 1.354 1.508 1.509 1.628 1.364 1.339 1.066 0.56 0.43 -0.071 0.019 -0.186 -0.045 -0.061 -0.066 -0.056 -0.049 0.154 0.819 0.861 0.937 0.973 0.983 1.031 1.04 1.089 1.154 1.166 1.13 1.107 1.097 1.049 1.009 0.956 0.842 0.767 0.704 0.691
12.291 10.784 8.964 9.166 10.171 6.271 5.469 7.529 8.174 6.576 3.384 4.144 3.359 3.166 3.211 3.157 3.161 3.144 4.495 7.805 7.418 5.09 3.467 3.842 3.736 3.513 3.189 2.931 2.686 2.421 2.119 1.854 1.634 1.406 1.261 1.353 1.459 1.459 1.321 1.111 0.817 0.457 0.096 -0.156 -0.031 -0.111 -0.071 -0.066 -0.066 -0.066 -0.054 0.715 0.897 0.914 0.937 0.973 1.028 1.014 1.043 1.084 1.136 1.151 1.114 1.106 1.095 1.056 0.963 0.886 0.829 0.762 0.702 0.636 0.626
10.316 8.869 7.411 6.146 7.559 6.301 6.966 6.386 4.781 4.089 3.884 3.179 3.161 3.255 3.176 3.366 3.846 3.525 5.587 7.32 4.462 3.611 3.597 3.7 3.311 3.072 2.802 2.532 2.281 2.041 1.756 1.536 1.394 1.239 1.372 1.333 1.364 1.174 0.917 0.679 0.221 -0.186 -0.009 0.029 0.006 -0.047 -0.066 -0.047 -0.061 0.741 0.875 0.945 0.944 1.007 0.982 1.003 1.045 1.046 1.102 1.109 1.118 1.135 1.12 1.074 1.051 0.97 0.841 0.782 0.76 0.717 0.668 0.606 0.621
7.994 7.536 6.576 5.051 5.661 8.346 3.491 6.614 4.091 4.419 3.286 3.209 3.196 3.168 3.243 3.117 3.359 4.347 5.16 4.467 3.665 3.58 3.551 3.486 3.02 2.722 2.452 2.183 1.958 1.759 1.549 1.354 1.279 1.239 1.342 1.324 1.137 0.886 0.101 -0.061 -0.049 -0.046 -0.128 -0.031 -0.061 -0.044 -0.015 0.147 0.781 0.928 0.974 0.985 1.008 0.991 0.986 1.014 1.042 1.061 1.116 1.103 1.11 1.117 1.099 1.021 0.954 0.831 0.762 0.753 0.737 0.686 0.653 0.641 0.643
6.689 5.976 5.284 5.411 8.031 7.059 3.604 4.576 4.361 3.451 3.209 3.171 3.118 3.156 3.079 3.57 5.512 5.297 4.722 3.818 3.47 3.372 3.362 3.026 2.589 2.317 2.106 1.861 1.689 1.538 1.367 1.276 1.221 1.403 1.246 0.86 0.53 -0.051 -0.134 -0.054 -0.051 -0.104 -0.166 -0.024 -0.046 0.022 0.888 0.896 0.958 0.997 1.023 1.012 1.026 1.019 1.065 1.084 1.07 1.083 1.116 1.102 1.108 1.048 0.98 0.882 0.823 0.77 0.711 0.709 0.719 0.695 0.69 0.659 0.641
5.509 5.926 3.926 3.509 5.084 3.411 3.909 4.166 3.759 3.235 3.2 3.169 3.158 3.333 3.85 4.996 6.735 4.487 3.744 3.526 3.397 3.426 3.137 2.57 2.173 1.968 1.791 1.585 1.481 1.382 1.338 1.257 1.215 0.98 0.68 0.191 0.019 -0.131 -0.071 -0.014 -0.039 -0.04 -0.136 0.085 0.62 0.874 0.958 1.008 1.022 1.017 1.057 1.055 1.063 1.09 1.113 1.083 1.092 1.097 1.098 1.073 1.035 0.949 0.858 0.809 0.777 0.74 0.707 0.715 0.709 0.7 0.688 0.639 0.634
4.764 4.079 3.766 3.496 3.531 4.089 3.726 3.404 3.254 3.228 3.145 3.082 3.07 3.895 4.93 5.043 4.714 3.761 3.617 3.43 3.477 3.28 2.656 2.065 1.823 1.677 1.56 1.478 1.439 1.456 1.343 1.166 0.699 0.506 -0.014 -0.111 0.054 -0.054 -0.048 -0.079 -0.081 -0.069 0.564 0.782 0.925 1.009 1.044 1.06 1.07 1.102 1.104 1.132 1.109 1.092 1.083 1.083 1.09 1.089 1.068 1 0.922 0.855 0.838 0.816 0.776 0.738 0.719 0.711 0.704 0.699 0.651 0.654 0.659
4.796 4.504 6.104 4.684 3.611 3.966 3.329 3.229 3.216 3.137 3.08 2.974 3.831 5.933 5.954 4.647 3.639 3.409 3.429 3.403 3.254 2.572 2.055 1.776 1.606 1.542 1.482 1.468 1.387 1.133 0.952 0.636 0.064 0.01 -0.021 0.004 -0.049 -0.049 -0.054 -0.049 0.123 0.75 0.865 0.945 1.033 1.046 1.099 1.09 1.088 1.133 1.134 1.126 1.118 1.112 1.097 1.088 1.101 1.079 1.017 0.924 0.887 0.894 0.833 0.793 0.761 0.739 0.764 0.748 0.734 0.679 0.646 0.634 0.661
4.614 4.339 3.674 3.206 3.414 3.426 3.296 3.232 3.093 3.077 3.014 3.516 5.073 5.951 4.926 3.734 3.519 3.371 3.281 3.019 2.492 1.965 1.742 1.585 1.552 1.545 1.443 1.251 1.067 0.712 0.337 0.147 0.245 0.091 -0.039 -0.004 -0.053 -0.059 -0.022 0.776 0.797 0.873 0.972 1.032 1.054 1.115 1.111 1.131 1.137 1.167 1.154 1.138 1.14 1.102 1.084 1.045 1.031 0.956 0.905 0.893 0.864 0.842 0.786 0.765 0.752 0.775 0.741 0.726 0.699 0.699 0.674 0.686 0.674
4.709 5.254 4.739 4.326 3.276 3.206 3.241 3.152 3.15 3.169 3.103 4.078 4.734 5.163 4.241 3.508 3.283 3.056 2.81 2.315 1.989 1.767 1.634 1.499 1.507 1.382 1.132 0.777 0.617 0.084 0.209 1.917 2.79 2.964 0.11 0.054 -0.028 0.635 0.924 0.982 0.989 0.96 0.975 1.051 1.079 1.131 1.147 1.142 1.15 1.137 1.13 1.116 1.127 1.064 1.023 0.962 0.903 0.864 0.859 0.853 0.816 0.754 0.777 0.758 0.766 0.774 0.739 0.729 0.721 0.699 0.711 0.706 0.699
4.961 4.731 4.594 3.884 3.207 3.219 3.131 3.094 3.31 3.303 3.574 4.038 4.292 4.223 3.829 3.34 2.938 2.499 2.157 1.855 1.746 1.63 1.514 1.422 1.304 0.998 0.605 0.214 0.015 0.119 1.313 2.648 3.48 4.105 3.706 0.035 0.844 0.953 1.014 1.051 1.048 1.014 1.027 1.055 1.086 1.141 1.146 1.142 1.103 1.115 1.103 1.1 1.073 1.012 0.929 0.843 0.843 0.825 0.813 0.791 0.807 0.777 0.741 0.771 0.754 0.719 0.709 0.704 0.716 0.709 0.726 0.739 0.721
3.251 3.919 3.466 3.14 3.161 3.171 3.107 3.132 3.695 5.401 4.158 4.076 3.805 3.764 3.531 3.104 2.436 1.981 1.806 1.665 1.624 1.489 1.339 1.145 0.671 0.282 0.215 0.106 -0.069 0.072 2.067 2.942 3.654 3.162 2.506 0.871 0.971 1.027 1.052 1.079 1.085 1.078 1.066 1.063 1.078 1.105 1.12 1.12 1.096 1.067 1.08 1.06 0.946 0.884 0.829 0.788 0.764 0.741 0.748 0.762 0.766 0.769 0.729 0.746 0.716 0.684 0.704 0.704 0.739 0.716 0.734 0.766 0.751
4.114 4.009 3.185 3.172 3.202 3.1 3.148 3.338 4.158 6.515 5.011 3.33 3.382 3.427 3.142 2.572 1.926 1.763 1.679 1.54 1.472 1.201 0.998 0.664 0.286 0.127 0.265 0.319 0.051 0.416 1.757 2.542 2.196 2.323 2.468 1.012 1.023 1.033 1.07 1.109 1.098 1.109 1.081 1.059 1.059 1.078 1.081 1.058 1.042 1.002 0.963 0.898 0.783 0.778 0.779 0.735 0.704 0.689 0.695 0.667 0.691 0.694 0.686 0.679 0.674 0.681 0.721 0.726 0.741 0.731 0.731 0.696 0.716
3.939 3.314 3.171 3.183 3.078 3.042 2.958 3.435 5.319 6.829 4.444 3.149 3.159 3.028 2.498 1.924 1.675 1.642 1.576 1.315 1.1 0.76 0.47 0.324 0.228 0.358 0.946 1.7 1.472 0.337 0.321 0.978 0.876 0.982 0.988 1.004 1.032 1.06 1.09 1.112 1.11 1.119 1.084 1.066 1.048 1.019 1.029 1.018 0.904 0.816 0.801 0.763 0.737 0.689 0.706 0.699 0.685 0.677 0.661 0.631 0.616 0.634 0.664 0.684 0.686 0.681 0.716 0.671 0.721 0.716 0.741 0.741 0.744
3.142 3.128 3.095 3.076 3.017 3.114 3.344 4.048 4.162 3.551 3.144 2.975 2.852 2.441 1.931 1.74 1.635 1.557 1.365 1.043 0.728 0.296 0.259 0.281 -0.059 0.609 1.45 1.773 1.526 0.473 0.825 0.929 0.987 1.004 1.009 1.029 1.069 1.094 1.148 1.128 1.117 1.105 1.084 1.07 1.027 0.997 0.916 0.792 0.752 0.71 0.69 0.669 0.654 0.636 0.657 0.632 0.616 0.631 0.634 0.634 0.626 0.629 0.636 0.656 0.674 0.684 0.679 0.679 0.706 0.711 0.701 0.734 0.734
3.145 3.087 3.059 3.043 2.992 3.442 4.153 4.165 3.533 3.198 2.94 2.817 2.447 2.073 1.887 1.723 1.559 1.378 1.002 0.848 0.71 0.414 0.321 -0.189 -0.056 1.073 1.342 1.32 0.776 0.845 0.911 0.981 1.018 1.012 1.039 1.04 1.065 1.12 1.131 1.091 1.09 1.069 1.035 1.037 0.93 0.836 0.76 0.715 0.667 0.659 0.643 0.624 0.584 0.618 0.611 0.619 0.599 0.616 0.624 0.651 0.656 0.649 0.649 0.644 0.669 0.679 0.664 0.669 0.671 0.709 0.706 0.724 0.716
3.106 3.003 2.97 3.492 3.585 4.952 4.946 3.871 3.225 2.904 2.66 2.518 2.158 1.935 1.776 1.587 1.223 0.754 0.421 0.62 -0.131 -0.125 -0.038 -0.011 0.48 0.453 0.656 0.763 0.849 0.905 0.972 1.025 1.07 1.078 1.089 1.089 1.093 1.085 1.064 1.105 1.075 1.021 0.985 0.88 0.772 0.726 0.719 0.683 0.667 0.651 0.616 0.575 0.539 0.581 0.591 0.614 0.604 0.621 0.654 0.644 0.664 0.674 0.661 0.691 0.684 0.676 0.661 0.676 0.699 0.691 0.716 0.709 0.681
3.014 2.981 2.942 3.403 4.691 4.519 3.687 3.156 2.905 2.588 2.455 2.218 1.997 1.805 1.482 1.057 0.655 0.585 0.422 0.572 -0.076 -0.034 -0.014 0.485 0.519 0.779 0.786 0.901 0.96 1.03 1.047 1.091 1.127 1.12 1.142 1.12 1.104 1.102 1.071 1.06 0.976 0.909 0.855 0.786 0.745 0.711 0.639 0.655 0.639 0.612 0.583 0.571 0.564 0.586 0.571 0.596 0.614 0.639 0.651 0.656 0.666 0.666 0.661 0.664 0.681 0.686 0.686 0.694 0.689 0.679 0.704 0.706 0.691
2.939 2.941 3.102 3.795 4.7 4.022 3.094 2.791 2.527 2.295 2.211 2.138 1.866 1.512 0.98 0.614 0.586 -0.144 -0.111 -0.046 0.154 0.201 0.27 0.541 0.757 0.854 0.896 1.011 1.059 1.08 1.066 1.097 1.138 1.156 1.133 1.104 1.093 1.076 1.04 0.971 0.893 0.833 0.784 0.727 0.71 0.702 0.624 0.62 0.591 0.556 0.569 0.566 0.571 0.561 0.579 0.601 0.594 0.611 0.634 0.661 0.641 0.644 0.661 0.674 0.681 0.684 0.679 0.679 0.689 0.694 0.691 0.709 0.666
2.975 3.099 4.233 4.686 3.307 2.916 2.6 2.488 2.299 2.159 2.011 1.821 1.392 0.74 0.594 0.57 0.553 0.019 0.016 0.019 0.16 0.124 0.213 0.637 0.767 0.913 0.932 1.092 1.102 1.124 1.125 1.15 1.154 1.126 1.111 1.107 1.091 1.06 0.966 0.906 0.846 0.811 0.771 0.699 0.689 0.65 0.597 0.571 0.566 0.559 0.554 0.559 0.599 0.586 0.579 0.584 0.591 0.594 0.656 0.624 0.639 0.661 0.644 0.661 0.654 0.676 0.681 0.686 0.656 0.696 0.689 0.671 0.659
3.645 5.546 6.099 4.196 2.707 2.573 2.162 2.18 2.212 2.077 1.665 1.225 0.714 0.277 0.422 -0.039 -0.049 -0.104 0.594 0.322 0.165 0.049 0.177 0.535 0.726 0.87 0.941 1.031 1.048 1.122 1.117 1.127 1.132 1.121 1.101 1.071 1.053 0.963 0.896 0.839 0.827 0.788 0.721 0.675 0.631 0.622 0.569 0.581 0.579 0.551 0.561 0.571 0.589 0.576 0.576 0.579 0.596 0.579 0.616 0.599 0.619 0.614 0.644 0.664 0.634 0.644 0.666 0.659 0.681 0.676 0.641 0.656 0.681
4.186 6.341 5.958 2.949 2.377 2.296 2.181 2.181 2.112 1.734 1.174 0.6 0.483 0.188 0.302 -0.046 -0.085 0.783 0.709 0.647 0.471 0.134 0.15 0.3 0.422 0.815 0.9 0.993 1.013 1.06 1.077 1.081 1.125 1.113 1.062 0.993 0.955 0.863 0.822 0.815 0.774 0.728 0.684 0.641 0.627 0.619 0.609 0.584 0.601 0.604 0.604 0.616 0.599 0.601 0.609 0.606 0.591 0.591 0.596 0.611 0.631 0.629 0.656 0.644 0.664 0.629 0.641 0.646 0.661 0.679 0.646 0.639 0.669
5.193 4.606 3.528 2.285 2.253 2.322 2.161 1.984 1.625 1.04 0.848 0.545 0.468 0.151 -0.036 0.615 0.725 0.783 0.694 0.762 0.774 0.745 0.552 0.381 0.355 0.468 0.652 0.893 0.916 0.964 1.005 1.048 1.055 1.034 0.978 0.912 0.876 0.828 0.783 0.75 0.716 0.692 0.642 0.654 0.646 0.639 0.671 0.629 0.606 0.619 0.651 0.694 0.664 0.644 0.619 0.636 0.624 0.621 0.599 0.596 0.581 0.626 0.654 0.631 0.656 0.636 0.634 0.636 0.614 0.634 0.621 0.631 0.639
5.542 3.14 2.378 2.105 2.095 2.217 2.034 1.437 0.966 0.844 0.763 0.112 -0.091 0.372 0.427 0.537 0.722 0.858 0.889 0.883 0.829 0.841 0.798 0.673 0.558 0.455 0.384 0.442 0.555 0.73 0.866 0.947 0.974 0.951 0.901 0.869 0.831 0.82 0.764 0.724 0.674 0.694 0.684 0.671 0.669 0.654 0.659 0.631 0.646 0.634 0.664 0.689 0.674 0.684 0.674 0.651 0.629 0.641 0.626 0.631 0.604 0.604 0.601 0.619 0.634 0.631 0.629 0.654 0.616 0.581 0.614 0.634 0.639
4.283 2.233 2.079 1.995 2.024 1.924 1.517 0.769 0.688 0.751 -0.119 -0.149 0.505 0.43 0.277 0.619 0.797 0.889 0.887 0.911 0.886 0.922 0.899 0.888 0.821 0.674 0.508 0.341 0.294 0.419 0.594 0.78 0.886 0.903 0.923 0.878 0.84 0.816 0.794 0.736 0.729 0.711 0.711 0.671 0.671 0.669 0.671 0.641 0.656 0.634 0.649 0.646 0.629 0.664 0.701 0.669 0.656 0.656 0.656 0.631 0.609 0.616 0.616 0.594 0.584 0.621 0.606 0.609 0.604 0.574 0.574 0.596 0.584
2.763 1.971 1.865 1.893 1.746 1.393 0.734 0.635 0.66 -0.121 -0.094 0.564 0.53 0.545 0.471 0.721 0.912 0.943 0.861 0.919 0.937 0.926 0.906 0.903 0.867 0.793 0.72 0.535 0.524 0.432 0.356 0.465 0.68 0.854 0.901 0.921 0.936 0.879 0.844 0.766 0.716 0.694 0.674 0.681 0.659 0.641 0.661 0.694 0.661 0.646 0.674 0.646 0.664 0.686 0.664 0.671 0.674 0.709 0.684 0.666 0.626 0.634 0.621 0.639 0.624 0.601 0.611 0.624 0.611 0.606 0.611 0.606 0.591
2.02 1.876 1.757 1.721 1.444 0.942 0.624 0.56 -0.119 -0.151 0.575 0.583 0.741 0.787 0.826 0.892 0.922 0.882 0.911 0.965 0.927 0.907 0.883 0.89 0.835 0.748 0.714 0.763 0.808 0.788 0.603 0.454 0.39 0.507 0.797 0.922 0.979 0.941 0.899 0.846 0.769 0.711 0.676 0.676 0.669 0.684 0.659 0.679 0.714 0.721 0.716 0.714 0.726 0.736 0.729 0.679 0.696 0.719 0.716 0.696 0.671 0.664 0.644 0.671 0.629 0.634 0.631 0.624 0.611 0.611 0.604 0.599 0.641
1.873 1.686 1.488 1.389 0.925 0.796 0.768 -0.161 0.394 0.471 0.515 0.757 0.808 0.894 0.887 0.908 0.904 0.913 0.928 0.941 0.911 0.874 0.839 0.831 0.811 0.743 0.712 0.736 0.777 0.866 0.897 0.845 0.7 0.479 0.382 0.561 0.786 0.834 0.744 0.946 0.909 0.824 0.764 0.729 0.694 0.664 0.691 0.716 0.724 0.729 0.729 0.739 0.734 0.766 0.774 0.759 0.734 0.731 0.734 0.736 0.701 0.659 0.661 0.636 0.649 0.641 0.634 0.636 0.636 0.624 0.586 0.599 0.614
1.578 1.34 1.07 1.118 1.035 0.904 -0.226 0.386 0.368 0.45 0.664 0.733 0.857 0.904 0.897 0.909 0.93 0.915 0.887 0.868 0.856 0.847 0.818 0.797 0.755 0.719 0.699 0.726 0.759 0.822 0.871 0.939 0.964 0.887 0.666 0.399 0.339 0.369 0.609 0.879 0.939 0.896 0.879 0.816 0.751 0.731 0.741 0.756 0.769 0.741 0.721 0.724 0.714 0.741 0.759 0.769 0.791 0.771 0.746 0.754 0.704 0.669 0.669 0.664 0.684 0.694 0.669 0.641 0.624 0.624 0.631 0.639 0.644
1.197 0.769 0.52 0.827 -9999 -0.201 0.498 0.432 0.301 0.473 0.725 0.82 0.851 0.876 0.917 0.924 0.904 0.862 0.819 0.785 0.799 0.796 0.773 0.751 0.716 0.687 0.674 0.725 0.756 0.825 0.869 0.882 0.914 0.949 0.951 0.821 0.411 0.339 0.356 0.521 0.706 0.861 0.906 0.879 0.834 0.774 0.756 0.766 0.759 0.721 0.734 0.739 0.724 0.734 0.714 0.731 0.756 0.716 0.724 0.706 0.676 0.664 0.684 0.659 0.704 0.721 0.679 0.654 0.661 0.626 0.631 0.624 0.611
0.809 0.566 0.888 -9999 -9999 -0.104 0.525 0.517 0.623 0.666 0.778 0.845 0.865 0.905 0.889 0.884 0.859 0.815 0.779 0.761 0.729 0.727 0.737 0.732 0.679 0.671 0.712 0.738 0.774 0.833 0.831 0.834 0.854 0.856 0.911 0.886 0.696 0.754 0.594 0.356 0.366 0.579 0.759 0.849 0.864 0.821 0.796 0.774 0.731 0.704 0.711 0.744 0.691 0.691 0.684 0.701 0.701 0.666 0.654 0.644 0.649 0.686 0.686 0.629 0.659 0.671 0.664 0.641 0.641 0.624 0.629 0.609 0.631
