All_lidar/sz6089_DSM_2M.asc
ncols 500
nrows 500
xllcorner    460000
yllcorner    89000
cellsize     2
NODATA_value -9999
[rows 192 to 223 of 500, columns 216 to 287 of 500]
35.155 35.187 35.242 35.362 35.572 35.677 35.735 35.79 35.81 36.015 36.342 36.39 36.532 38.03 41.877 43.135 42.67 48.5 48.027 44.94 45.59 48.36 47.687 38.072 38.607 38.99 39.025 39.197 39.717 39.465 39.58 39.745 39.995 40.33 40.622 40.87 41.287 41.61 41.847 42.085 42.375 42.602 43.437 44.347 45.9 43.732 43.732 44.207 44.062 44.465 44.645 44.8 45.695 46.34 45.227 45.367 45.357 45.407 45.512 45.727 45.82 45.895 46 46.14 46.295 46.422 46.547 46.67 46.8 46.927 47.022 47.16
35.09 35.085 35.14 35.3 35.57 35.675 35.722 35.75 35.765 36.555 41.24 38.975 36.195 36.66 46.442 41.087 40.205 44.382 46.395 46.257 46.572 44.222 44.405 47.16 40.505 40.747 39.062 39.075 39.267 39.325 39.532 39.71 39.975 40.155 40.51 42.597 41.282 41.695 41.967 42.032 42.34 42.585 49.297 46.737 50.975 45.092 43.612 43.837 44.257 44.112 44.595 44.66 45.75 46.617 45.497 45.57 45.437 45.57 45.467 45.597 45.75 45.84 45.875 46.022 46.192 46.332 46.447 46.562 46.677 46.792 46.877 47.025
34.922 34.937 35.03 35.31 35.557 35.652 35.692 35.715 35.745 37.387 42.22 36.595 36.35 44.857 48.752 40.89 45.615 40.542 44.762 38.642 42.12 40.7 41.935 49.285 42.46 39.325 38.925 39.02 39.072 39.242 39.447 39.657 39.99 40.197 40.72 40.73 42.61 41.567 41.847 42.06 42.292 43.41 48.23 52.167 53.242 46.507 48.172 46.802 43.912 44.282 44.347 44.49 44.912 45.022 45.147 47.6 46.082 45.7 45.52 45.517 45.567 45.712 45.792 45.915 46.027 46.202 46.302 46.405 46.54 46.672 46.792 46.91
34.762 34.79 34.922 35.11 35.395 35.507 35.567 35.602 35.627 38.212 36.047 35.91 38.77 43.702 48.155 43.69 47.65 45.995 44.575 43.13 46.302 39.527 46.4 50.41 46.042 38.505 38.492 38.932 38.93 39.162 39.375 39.505 39.747 40.01 41.2 40.597 46.53 41.537 41.835 42.025 42.24 48.56 53.1 49.217 51.175 53.42 54.717 55.187 43.757 43.947 44.322 44.47 44.46 44.832 46.417 45.6 45.532 45.43 45.995 45.605 45.712 45.822 45.787 45.912 45.937 46.087 46.132 46.247 46.367 46.53 46.67 46.797
34.727 34.735 34.835 34.912 35.067 35.165 35.247 35.335 35.505 40.647 35.925 39.357 46.375 48.257 42.175 47.642 45.45 43.892 43.232 43.41 40.93 39.615 44.967 48.977 49.515 45.705 38.31 38.582 38.682 38.967 39.282 39.5 39.69 39.862 40.155 40.475 46.632 45.292 41.65 41.965 42.802 53.64 54.187 53.265 48.527 50.042 50.282 54.15 49.422 46.55 45.02 45.485 44.53 44.79 44.695 44.795 44.985 45.175 46.772 45.82 45.802 46.562 46.717 46.32 46.542 46.265 46.267 46.272 46.322 46.42 46.505 46.665
34.682 34.682 34.742 34.84 35.015 35.082 35.145 35.23 35.325 36.952 38.097 37.3 46.3 48.145 46.282 46.335 36.57 36.935 43.26 41.615 44.187 46.765 46.15 47.53 47.07 40.04 41.322 38.635 38.552 38.795 39.032 39.38 39.605 39.775 39.897 48.125 53.432 48.425 51.375 50.73 50.922 52.02 51.617 48.61 49.752 49.16 45.902 52.052 50.19 51.6 47.67 50.01 44.125 44.357 44.61 44.857 45.527 45.415 45.81 45.257 45.562 45.99 46.617 46.885 47.157 46.865 46.72 46.645 46.462 46.41 46.472 46.555
34.65 34.69 34.737 34.825 34.962 35.035 35.077 35.11 35.2 40.042 44.745 44.577 44.75 47.452 45.597 40.45 36.2 38.76 40.625 40.742 40.012 39.795 44.017 45.027 40.43 43.64 41.967 39.042 38.42 38.712 38.955 39.22 39.515 39.585 43.28 52.147 52.33 52.94 52.157 52.422 49.515 50.325 51.332 48.58 51.87 51.77 46.737 50.945 49.095 51.305 50.402 49.072 50.132 49.73 45.572 44.395 44.597 44.735 45.06 45.43 45.957 45.755 46.442 47.05 47.167 47.192 46.87 47.037 48.095 47.042 46.807 46.792
34.552 34.595 34.702 34.77 34.855 34.925 34.975 34.997 35.07 38.06 44.61 38.28 40.617 43.017 40.36 36.825 36.11 44.457 39.957 43.2 45.692 44.207 38.697 38.405 43.222 46.625 38.147 38.482 38.437 38.542 38.87 39.042 39.242 39.412 45.15 48.877 49.425 52.187 52.725 49.087 53.102 52.855 51.472 50.287 44.707 50.975 46.857 48.96 47.655 46.317 52.177 49.172 50.455 51.777 50.735 47.972 48.727 49.992 46.427 44.862 45.15 45.777 45.717 45.525 45.547 45.84 47.5 46.29 47.43 46.942 47.47 47.097
34.459 34.554 34.614 34.662 34.759 34.817 34.859 34.894 34.954 37.389 43.884 40.004 45.054 38.209 40.484 39.624 36.059 38.507 37.662 40.044 43.909 39.904 40.562 37.544 39.209 40.087 37.949 38.109 38.412 38.532 38.732 39.047 39.104 39.287 40.009 41.719 42.057 50.929 48.639 51.149 51.647 50.552 45.217 50.332 54.282 46.254 51.737 52.972 52.854 51.852 52.074 51.617 51.504 49.279 46.382 50.324 52.139 52.657 49.047 50.674 47.029 48.002 45.734 47.807 48.174 46.112 46.374 47.247 46.132 46.542 46.764 46.869
34.407 34.474 34.574 34.597 34.652 34.689 34.754 34.794 34.817 35.037 38.829 42.744 42.202 40.382 42.034 40.212 36.007 36.144 36.387 36.682 38.842 39.784 40.022 37.604 37.679 37.737 37.789 37.852 37.992 38.397 38.602 38.894 38.952 39.052 39.207 39.502 39.939 43.644 41.314 44.382 46.464 50.394 41.642 51.252 53.414 44.872 49.512 49.219 44.862 45.137 48.339 50.782 50.207 47.972 44.994 52.797 54.767 49.392 46.087 47.119 48.424 48.699 50.382 50.744 52.002 49.137 47.317 46.259 46.264 46.214 46.394 46.599
34.397 34.414 34.509 34.504 34.512 34.574 34.637 34.687 34.729 34.919 36.427 38.762 36.844 36.674 37.339 37.249 36.432 36.487 38.117 36.827 36.919 37.059 37.419 37.567 37.667 37.739 37.769 37.824 37.859 38.224 38.627 38.742 38.874 38.969 39.029 39.142 39.494 39.969 40.187 40.607 43.522 52.959 51.322 51.407 51.184 42.837 51.852 46.457 48.322 43.927 45.754 50.897 52.884 50.014 51.974 54.424 49.244 50.867 50.899 48.449 49.512 47.809 51.909 50.847 45.624 45.259 45.734 45.724 49.327 47.737 46.219 46.417
34.364 34.374 34.422 34.409 34.432 34.519 34.547 34.527 34.544 34.832 40.169 38.869 39.092 35.617 35.807 36.197 36.314 36.257 37.002 36.557 37.884 41.317 37.294 37.509 37.602 37.694 37.749 37.794 37.814 38.124 38.567 38.762 38.857 38.909 38.987 39.014 39.092 39.304 39.804 40.227 41.519 48.612 52.629 52.364 52.609 53.214 52.827 50.292 49.584 48.992 48.862 46.207 50.199 51.424 53.677 54.857 50.029 48.124 52.204 47.324 54.414 46.044 48.842 50.139 46.554 46.809 50.197 54.124 53.037 50.247 47.069 45.897
34.347 34.302 34.307 34.332 34.319 34.382 34.397 34.429 34.427 34.672 35.604 35.934 42.407 39.859 35.984 36.132 36.074 36.294 36.367 36.467 36.557 36.867 37.249 37.484 37.562 37.652 37.694 37.754 37.784 38.069 38.507 38.704 38.777 38.854 38.939 38.962 38.989 39.027 39.182 40.024 40.224 46.052 49.464 50.037 52.252 52.327 52.474 51.537 44.522 52.537 51.547 51.757 51.612 50.157 53.084 55.537 55.359 47.977 50.647 46.357 46.869 49.564 53.582 44.864 50.497 51.867 53.094 53.694 49.222 49.154 51.507 48.252
34.222 34.214 34.257 34.274 34.229 34.289 34.347 34.347 34.364 34.494 34.899 40.027 44.614 43.824 38.914 36.442 36.144 36.329 36.442 36.487 36.517 36.669 37.437 37.429 37.519 37.582 37.647 37.712 37.767 37.984 38.397 38.652 38.717 38.817 38.907 38.894 38.972 38.974 38.989 39.162 39.564 40.439 40.934 41.437 50.992 51.437 50.184 49.539 52.282 48.674 49.902 52.367 51.112 54.209 53.227 53.322 52.314 47.102 53.029 50.187 49.092 47.549 51.644 46.034 52.862 48.704 52.367 54.047 50.459 48.834 51.722 51.439
34.114 34.124 34.117 34.137 34.144 34.197 34.234 34.277 34.299 34.414 34.792 42.932 44.244 37.982 39.054 36.259 36.269 36.377 36.462 36.522 36.522 36.607 36.892 37.257 37.334 37.404 37.609 37.747 37.892 38.017 38.219 38.457 38.584 38.779 38.832 38.932 38.937 38.994 39.019 39.084 39.427 39.794 39.999 40.829 45.642 43.044 44.517 48.159 52.094 48.642 51.742 52.587 48.934 51.084 49.504 44.737 45.559 44.822 49.959 51.802 53.657 53.297 53.119 50.374 51.004 46.427 48.319 53.114 52.299 51.602 51.837 51.064
34.044 34.024 34.039 34.049 34.087 34.094 34.169 34.214 34.272 34.414 34.779 36.447 39.867 39.574 45.384 36.432 36.292 36.404 36.464 36.502 36.519 36.564 36.724 36.974 37.172 37.384 37.577 37.739 37.879 38.052 38.222 38.352 38.494 38.672 38.787 38.862 38.932 39.014 38.997 39.109 39.439 39.549 39.602 39.777 40.094 41.249 46.577 45.747 45.144 42.054 49.332 52.677 46.124 53.584 50.364 46.242 43.849 54.562 53.032 52.144 52.939 53.292 54.049 53.242 52.074 50.064 47.702 48.892 54.387 52.522 51.104 53.299
33.972 33.952 33.914 33.952 33.972 33.999 34.074 34.164 34.224 34.287 34.679 35.199 35.689 41.387 38.889 35.939 36.252 36.407 36.434 36.462 36.452 36.544 36.772 36.957 37.157 37.314 37.477 37.704 37.897 38.049 38.237 38.357 38.462 38.552 38.707 38.779 38.882 38.959 38.989 39.207 39.404 39.477 39.529 39.587 39.664 39.972 40.929 42.042 43.462 45.594 46.422 42.422 45.794 52.489 50.934 51.922 48.419 54.277 54.407 54.014 50.162 50.232 51.362 51.102 53.154 51.204 54.092 53.404 53.542 54.279 53.839 53.537
33.909 33.879 33.834 33.852 33.844 33.904 34.009 34.077 34.114 34.152 34.627 35.414 35.479 35.889 35.932 35.832 36.047 36.282 36.409 36.449 36.454 36.564 36.749 36.864 37.027 37.184 37.457 37.697 37.882 38.134 38.242 38.312 38.444 38.512 38.627 38.669 38.837 38.949 39.074 39.294 39.362 39.404 39.467 39.527 39.572 39.682 40.799 41.092 41.577 45.482 40.882 40.667 46.344 46.712 49.692 51.367 52.474 52.707 52.369 53.097 47.567 53.137 45.179 51.989 48.217 51.559 53.077 46.954 49.364 54.042 53.547 51.682
33.812 33.757 33.809 33.774 33.784 33.824 33.899 33.972 34.012 34.099 34.442 35.492 35.584 36.039 36.024 35.844 35.912 35.972 36.189 36.362 36.429 36.552 36.702 36.802 36.929 37.027 37.307 37.632 37.857 38.167 38.274 38.299 38.414 38.494 38.554 38.577 38.739 38.947 39.182 39.279 39.317 39.342 39.387 39.444 39.544 39.637 40.024 40.114 39.972 40.217 40.587 40.632 40.827 42.094 49.997 51.552 50.847 52.007 51.257 49.452 50.187 52.532 48.587 50.769 47.164 54.274 54.629 47.062 50.737 51.332 52.089 52.919
33.552 33.622 33.562 33.649 33.732 33.754 33.804 33.867 33.919 34.027 34.207 34.862 35.504 35.912 35.837 35.877 35.919 35.967 36.014 36.169 36.422 36.492 36.602 36.774 36.862 36.912 37.049 37.459 37.779 38.179 38.297 38.317 38.427 38.444 38.459 38.587 38.649 38.769 39.059 39.217 39.252 39.252 39.304 39.394 39.469 39.702 40.014 39.802 39.814 39.934 40.222 41.007 40.474 40.539 40.829 43.299 43.259 51.274 48.374 44.397 43.749 47.807 46.142 44.679 46.787 49.989 54.272 53.429 54.527 48.987 49.299 52.979
33.444 33.512 33.509 33.534 33.622 33.667 33.742 33.787 33.869 33.964 34.069 34.512 35.372 35.922 35.697 35.919 35.984 36.027 36.084 36.179 36.347 36.387 36.572 36.749 36.812 36.874 36.929 37.274 37.712 38.159 38.249 38.352 38.399 38.497 38.464 38.514 38.624 38.744 38.809 39.014 39.139 39.189 39.239 39.304 39.409 39.869 39.819 39.689 39.764 39.817 39.899 40.369 40.317 40.439 40.524 41.027 40.869 43.777 45.389 48.944 45.059 49.349 46.047 44.897 50.367 48.969 48.827 52.904 53.649 52.604 51.792 50.699
33.424 33.469 33.419 33.457 33.519 33.564 33.664 33.754 33.827 33.897 33.992 34.189 35.109 35.674 35.677 35.869 35.967 36.062 36.084 36.149 36.279 36.299 36.529 36.742 36.784 36.849 36.909 37.214 37.832 38.132 38.202 38.324 38.364 38.449 38.462 38.549 38.629 38.704 38.792 38.832 38.949 39.074 39.139 39.199 39.344 39.767 39.582 39.652 39.739 39.812 39.847 39.922 40.309 40.377 40.449 40.522 40.744 40.927 41.064 41.739 42.292 45.994 50.167 47.329 52.634 52.407 49.642 53.662 53.797 53.947 51.547 47.674
33.222 33.387 35.154 36.624 33.462 33.467 33.577 33.697 33.849 33.867 33.929 34.019 34.684 35.829 35.642 35.819 35.892 36.017 36.052 36.132 36.182 36.224 36.507 36.704 36.797 36.844 36.894 37.237 37.794 38.062 38.157 38.294 38.322 38.357 38.477 38.537 38.587 38.632 38.739 38.819 38.854 38.907 38.984 39.084 39.289 39.439 39.467 39.594 39.684 39.737 39.767 39.984 40.327 40.349 40.387 40.397 40.459 40.769 40.892 41.184 41.269 42.464 52.564 54.522 47.864 45.967 49.509 53.197 53.517 54.314 51.637 48.722
32.704 33.152 35.167 41.249 33.609 33.374 33.394 33.559 33.717 33.792 33.834 33.897 34.339 36.204 35.667 35.617 35.732 35.807 35.847 35.939 36.057 36.104 36.434 36.674 36.759 36.839 36.894 37.159 37.502 37.949 38.129 38.219 38.277 38.319 38.409 38.487 38.547 38.594 38.627 38.709 38.774 38.814 38.844 38.952 39.092 39.242 39.374 39.489 39.547 39.644 39.689 40.022 40.244 40.279 40.334 40.362 40.434 40.679 40.787 40.842 40.904 43.039 47.919 46.002 43.444 43.852 43.992 44.689 51.369 53.709 54.609 52.047
32.482 33.042 35.094 38.022 33.232 33.234 33.274 33.437 33.552 33.692 33.797 33.827 34.059 35.162 35.342 35.522 35.649 35.722 35.777 35.864 35.972 36.047 36.334 36.637 36.684 36.727 36.827 37.037 37.219 37.482 37.924 38.107 38.177 38.257 38.362 38.437 38.494 38.569 38.582 38.632 38.712 38.752 38.839 38.882 38.974 39.169 39.312 39.392 39.457 39.517 39.624 40.034 40.169 40.237 40.267 40.304 40.494 40.602 40.682 40.742 40.779 40.869 41.144 42.862 42.947 43.887 43.144 43.397 44.314 49.342 46.564 44.774
32.342 32.979 33.097 33.284 33.132 33.142 33.184 33.344 33.524 33.677 33.767 33.779 33.852 34.507 35.294 35.487 35.614 35.684 35.759 35.834 35.897 35.959 36.137 36.382 36.344 36.299 36.439 36.869 37.034 37.237 37.447 37.739 38.084 38.232 38.324 38.384 38.449 38.474 38.549 38.594 38.652 38.732 38.759 38.834 38.907 38.967 39.129 39.272 39.332 39.417 39.692 39.997 40.099 40.159 40.222 40.294 40.519 40.559 40.607 40.677 40.734 40.787 40.862 48.787 47.642 42.422 42.919 43.209 43.417 43.554 43.784 44.247
32.267 32.887 33.014 33.109 33.087 33.059 33.077 33.192 33.494 33.619 33.714 33.742 33.757 34.164 35.122 35.407 35.589 35.657 35.769 35.804 35.829 35.827 35.867 35.944 36.014 36.099 36.244 36.754 36.937 37.054 37.302 37.622 38.022 38.072 38.244 38.337 38.404 38.427 38.447 38.522 38.622 38.697 38.727 38.749 38.839 38.954 38.967 39.057 39.167 39.299 39.674 39.914 39.984 40.027 40.082 40.219 40.417 40.487 40.562 40.594 40.694 40.722 40.737 45.079 48.519 46.079 42.724 42.982 43.217 43.432 43.599 43.697
32.134 32.544 32.924 33.024 33.027 32.947 32.962 33.017 33.402 33.552 33.639 33.619 33.599 33.877 35.662 35.984 35.604 35.657 35.744 35.819 35.807 35.767 35.764 35.879 35.999 36.104 36.182 36.367 36.802 37.024 37.159 37.594 37.787 37.737 37.844 38.112 38.277 38.324 38.357 38.484 38.592 38.682 38.682 38.567 38.752 38.857 38.997 39.047 39.109 39.227 39.354 39.617 39.759 39.819 39.914 40.097 40.334 40.437 40.534 40.582 40.634 40.664 40.667 40.964 41.452 41.782 42.169 42.519 42.827 43.122 43.577 43.614
33.219 33.104 33.047 32.979 32.947 32.917 32.922 32.894 33.112 33.329 33.407 33.424 33.457 34.149 36.062 36.319 35.549 35.602 35.679 35.712 35.652 35.662 35.689 35.842 35.984 36.059 36.114 36.219 36.442 36.832 36.939 37.139 37.309 37.469 37.662 40.124 37.959 38.112 38.239 38.404 38.514 38.544 38.454 38.419 38.787 38.829 38.912 39.012 39.117 39.199 39.287 39.429 39.542 39.657 39.734 39.902 40.142 40.307 40.434 40.482 40.539 40.587 40.649 40.797 41.017 41.267 42.307 42.044 42.327 46.454 48.849 43.377
32.139 32.252 33.517 32.984 32.927 32.882 32.819 32.839 32.887 33.059 33.287 33.374 33.427 33.482 34.449 34.819 35.339 35.212 35.357 35.412 35.459 35.594 35.619 35.792 35.944 36.034 36.099 36.174 36.317 36.577 36.879 37.367 39.859 45.122 45.964 44.534 38.337 38.187 38.052 38.149 38.317 38.372 38.289 38.312 38.564 38.654 38.839 39.027 39.152 39.232 39.302 39.387 39.479 39.594 39.699 39.804 39.864 40.002 40.147 40.294 40.344 40.434 40.744 40.904 40.879 41.067 41.352 41.537 41.829 43.254 44.092 43.014
34.477 36.177 33.219 35.862 32.869 32.859 32.822 32.792 32.809 32.932 33.204 33.334 33.374 33.487 33.937 34.422 34.802 35.134 35.127 35.207 35.344 35.454 35.534 35.762 35.924 35.982 36.039 36.112 36.212 36.392 40.387 39.679 47.944 47.632 44.339 46.177 40.622 42.682 39.502 38.912 39.149 39.117 44.027 41.774 38.339 38.544 38.772 39.082 39.202 39.339 39.317 39.334 39.427 39.522 39.634 39.754 39.844 39.937 40.009 40.102 40.207 40.342 40.619 41.222 41.022 40.942 41.597 41.247 41.459 41.799 42.137 42.732
31.594 38.172 43.164 35.559 32.714 32.827 32.822 32.784 32.762 32.809 33.149 33.279 33.334 33.449 33.717 34.222 35.549 36.194 34.969 35.214 35.367 35.354 35.452 35.704 35.872 37.509 35.942 35.982 36.104 37.044 47.819 40.657 45.899 44.712 47.574 47.612 47.294 46.387 44.414 46.369 48.342 41.584 47.509 44.047 38.182 38.449 38.777 39.074 39.194 39.247 39.332 39.322 39.409 39.474 39.557 39.597 39.702 39.852 39.964 40.087 40.134 40.217 40.374 41.297 41.099 40.977 41.039 41.139 41.199 41.429 41.734 42.447
