All_lidar/sz6093_DSM_2M.asc
ncols 500
nrows 500
xllcorner    460000
yllcorner    93000
cellsize     2
NODATA_value -9999
[rows 384 to 415 of 500, columns 72 to 143 of 500]
-0.612 -0.704 -0.589 -0.623 -0.556 -0.62 -0.616 -0.564 -0.546 -0.576 -0.554 -0.508 -0.445 -0.363 -0.367 -0.339 -0.31 -0.276 -0.251 -0.226 -0.185 -0.282 -0.288 -0.267 -0.228 -0.257 -0.22 -0.225 -0.236 -0.276 -0.237 -0.199 -0.245 -0.252 -0.249 -0.275 -0.292 -0.212 -0.287 -0.285 -0.267 -0.36 -0.368 -0.32 -0.28 -0.308 -0.358 -0.315 -0.28 -0.327 -0.379 -0.356 -0.32 -0.327 -0.305 -0.29 -0.282 -0.362 -0.377 -0.342 -0.358 -0.398 -0.376 -0.257 -0.295 -0.357 -0.355 -0.374 -0.416 -0.314 -0.406 -0.346
-0.632 -0.646 -0.599 -0.545 -0.581 -0.589 -0.634 -0.554 -0.639 -0.553 -0.571 -0.524 -0.413 -0.429 -0.356 -0.345 -0.333 -0.259 -0.275 -0.269 -0.249 -0.279 -0.342 -0.284 -0.297 -0.252 -0.234 -0.257 -0.266 -0.282 -0.275 -0.246 -0.262 -0.253 -0.289 -0.317 -0.297 -0.294 -0.327 -0.271 -0.32 -0.247 -0.286 -0.314 -0.355 -0.312 -0.361 -0.325 -0.257 -0.333 -0.362 -0.342 -0.35 -0.307 -0.344 -0.312 -0.325 -0.32 -0.358 -0.327 -0.312 -0.351 -0.386 -0.35 -0.272 -0.313 -0.349 -0.34 -0.389 -0.336 -0.348 -0.28
-0.642 -0.57 -0.663 -0.58 -0.658 -0.703 -0.708 -0.547 -0.619 -0.542 -0.491 -0.529 -0.427 -0.414 -0.394 -0.389 -0.363 -0.325 -0.362 -0.294 -0.328 -0.272 -0.35 -0.304 -0.305 -0.285 -0.285 -0.257 -0.285 -0.252 -0.225 -0.271 -0.29 -0.34 -0.296 -0.332 -0.304 -0.324 -0.333 -0.354 -0.316 -0.324 -0.314 -0.327 -0.3 -0.323 -0.367 -0.302 -0.307 -0.399 -0.411 -0.39 -0.402 -0.394 -0.307 -0.3 -0.307 -0.352 -0.34 -0.319 -0.337 -0.412 -0.336 -0.312 -0.27 -0.344 -0.364 -0.3 -0.303 -0.343 -0.35 -0.327
-0.65 -0.612 -0.617 -0.621 -0.664 -0.694 -0.775 -0.599 -0.559 -0.583 -0.542 -0.515 -0.496 -0.423 -0.452 -0.453 -0.332 -0.387 -0.381 -0.34 -0.344 -0.364 -0.34 -0.357 -0.357 -0.361 -0.279 -0.295 -0.293 -0.319 -0.264 -0.326 -0.333 -0.36 -0.339 -0.363 -0.353 -0.361 -0.321 -0.385 -0.39 -0.305 -0.32 -0.365 -0.392 -0.355 -0.369 -0.352 -0.38 -0.395 -0.418 -0.397 -0.44 -0.442 -0.388 -0.372 -0.421 -0.331 -0.357 -0.298 -0.308 -0.329 -0.337 -0.321 -0.325 -0.378 -0.305 -0.389 -0.309 -0.32 -0.32 -0.325
-0.57 -0.601 -0.629 -0.632 -0.73 -0.605 -0.62 -0.652 -0.56 -0.607 -0.556 -0.537 -0.513 -0.485 -0.448 -0.441 -0.413 -0.432 -0.362 -0.374 -0.35 -0.41 -0.355 -0.364 -0.356 -0.321 -0.278 -0.314 -0.289 -0.328 -0.326 -0.321 -0.355 -0.351 -0.361 -0.406 -0.436 -0.438 -0.441 -0.403 -0.434 -0.359 -0.326 -0.347 -0.359 -0.398 -0.349 -0.448 -0.429 -0.429 -0.422 -0.423 -0.375 -0.396 -0.394 -0.358 -0.362 -0.311 -0.33 -0.327 -0.358 -0.346 -0.374 -0.376 -0.346 -0.366 -0.35 -0.373 -0.372 -0.358 -0.338 -0.332
-0.626 -0.662 -0.689 -0.618 -0.679 -0.646 -0.655 -0.629 -0.63 -0.609 -0.603 -0.556 -0.516 -0.514 -0.462 -0.436 -0.433 -0.418 -0.404 -0.402 -0.369 -0.393 -0.395 -0.368 -0.389 -0.297 -0.323 -0.343 -0.36 -0.387 -0.36 -0.298 -0.361 -0.383 -0.397 -0.45 -0.448 -0.458 -0.415 -0.442 -0.38 -0.391 -0.373 -0.331 -0.38 -0.36 -0.368 -0.384 -0.423 -0.386 -0.433 -0.455 -0.367 -0.399 -0.357 -0.415 -0.363 -0.397 -0.353 -0.387 -0.344 -0.414 -0.429 -0.362 -0.37 -0.378 -0.364 -0.389 -0.392 -0.394 -0.329 -0.367
-0.519 -0.668 -0.599 -0.668 -0.644 -0.666 -0.626 -0.681 -0.619 -0.582 -0.579 -0.565 -0.518 -0.536 -0.476 -0.436 -0.45 -0.435 -0.404 -0.433 -0.515 -0.423 -0.392 -0.366 -0.393 -0.352 -0.357 -0.344 -0.347 -0.345 -0.375 -0.356 -0.379 -0.443 -0.389 -0.438 -0.409 -0.481 -0.44 -0.429 -0.389 -0.421 -0.44 -0.379 -0.396 -0.417 -0.407 -0.397 -0.389 -0.441 -0.479 -0.531 -0.36 -0.394 -0.404 -0.419 -0.368 -0.362 -0.388 -0.394 -0.413 -0.424 -0.414 -0.375 -0.395 -0.35 -0.395 -0.375 -0.395 -0.421 -0.377 -0.408
-0.568 -0.637 -0.627 -0.645 -0.641 -0.594 -0.65 -0.674 -0.638 -0.639 -0.583 -0.58 -0.539 -0.507 -0.462 -0.515 -0.452 -0.474 -0.449 -0.493 -0.446 -0.441 -0.381 -0.419 -0.452 -0.392 -0.365 -0.4 -0.41 -0.395 -0.403 -0.41 -0.352 -0.431 -0.433 -0.457 -0.464 -0.492 -0.475 -0.402 -0.408 -0.432 -0.478 -0.437 -0.378 -0.455 -0.446 -0.461 -0.425 -0.386 -0.436 -0.447 -0.446 -0.402 -0.454 -0.413 -0.464 -0.375 -0.343 -0.404 -0.394 -0.449 -0.463 -0.38 -0.43 -0.442 -0.454 -0.435 -0.413 -0.426 -0.417 -0.403
-0.491 -0.603 -0.611 -0.608 -0.654 -0.645 -0.586 -0.597 -0.598 -0.609 -0.595 -0.622 -0.572 -0.541 -0.525 -0.504 -0.499 -0.482 -0.446 -0.475 -0.477 -0.459 -0.441 -0.396 -0.396 -0.416 -0.423 -0.399 -0.438 -0.396 -0.469 -0.451 -0.43 -0.424 -0.473 -0.437 -0.471 -0.45 -0.448 -0.432 -0.457 -0.427 -0.5 -0.4 -0.418 -0.427 -0.442 -0.447 -0.442 -0.416 -0.48 -0.458 -0.484 -0.435 -0.423 -0.385 -0.409 -0.37 -0.391 -0.419 -0.402 -0.461 -0.419 -0.427 -0.427 -0.439 -0.474 -0.47 -0.404 -0.439 -0.43 -0.406
-0.565 -0.627 -0.645 -0.615 -0.603 -0.568 -0.55 -0.593 -0.561 -0.595 -0.606 -0.556 -0.514 -0.518 -0.529 -0.54 -0.502 -0.509 -0.475 -0.524 -0.493 -0.444 -0.425 -0.437 -0.444 -0.411 -0.452 -0.412 -0.401 -0.395 -0.439 -0.425 -0.458 -0.467 -0.457 -0.431 -0.478 -0.439 -0.437 -0.444 -0.451 -0.438 -0.466 -0.427 -0.448 -0.48 -0.433 -0.433 -0.485 -0.472 -0.428 -0.444 -0.522 -0.474 -0.419 -0.42 -0.416 -0.436 -0.38 -0.386 -0.411 -0.48 -0.431 -0.403 -0.438 -0.489 -0.527 -0.452 -0.432 -0.43 -0.468 -0.41
-0.659 -0.682 -0.651 -0.516 -0.543 -0.547 -0.496 -0.611 -0.539 -0.603 -0.55 -0.544 -0.495 -0.474 -0.481 -0.489 -0.495 -0.531 -0.47 -0.479 -0.491 -0.44 -0.422 -0.409 -0.434 -0.437 -0.419 -0.416 -0.386 -0.408 -0.45 -0.459 -0.433 -0.482 -0.445 -0.451 -0.499 -0.47 -0.42 -0.442 -0.469 -0.453 -0.465 -0.442 -0.461 -0.462 -0.438 -0.465 -0.478 -0.498 -0.445 -0.492 -0.514 -0.469 -0.469 -0.437 -0.435 -0.414 -0.422 -0.435 -0.445 -0.471 -0.483 -0.503 -0.481 -0.506 -0.516 -0.468 -0.491 -0.461 -0.474 -0.455
-0.569 -0.543 -0.496 -0.542 -0.5 -0.565 -0.561 -0.546 -0.508 -0.567 -0.514 -0.497 -0.524 -0.511 -0.508 -0.454 -0.471 -0.485 -0.438 -0.417 -0.47 -0.439 -0.373 -0.394 -0.416 -0.451 -0.419 -0.452 -0.436 -0.419 -0.431 -0.451 -0.461 -0.462 -0.498 -0.49 -0.492 -0.478 -0.444 -0.48 -0.455 -0.454 -0.423 -0.435 -0.426 -0.462 -0.449 -0.479 -0.433 -0.461 -0.472 -0.463 -0.495 -0.514 -0.47 -0.443 -0.433 -0.412 -0.466 -0.469 -0.452 -0.517 -0.454 -0.482 -0.446 -0.486 -0.492 -0.49 -0.489 -0.464 -0.451 -0.438
-0.455 -0.512 -0.537 -0.509 -0.485 -0.542 -0.595 -0.451 -0.477 -0.512 -0.514 -0.5 -0.471 -0.522 -0.447 -0.421 -0.469 -0.403 -0.433 -0.483 -0.418 -0.423 -0.444 -0.419 -0.394 -0.398 -0.456 -0.476 -0.447 -0.427 -0.431 -0.441 -0.456 -0.394 -0.483 -0.494 -0.459 -0.418 -0.403 -0.448 -0.403 -0.437 -0.434 -0.416 -0.423 -0.466 -0.449 -0.481 -0.437 -0.5 -0.521 -0.508 -0.476 -0.51 -0.458 -0.466 -0.439 -0.506 -0.526 -0.474 -0.485 -0.52 -0.505 -0.481 -0.495 -0.514 -0.537 -0.475 -0.476 -0.489 -0.442 -0.469
-0.437 -0.441 -0.446 -0.527 -0.517 -0.486 -0.456 -0.432 -0.463 -0.462 -0.475 -0.409 -0.409 -0.488 -0.409 -0.397 -0.409 -0.443 -0.462 -0.432 -0.443 -0.426 -0.44 -0.408 -0.358 -0.38 -0.419 -0.411 -0.418 -0.37 -0.43 -0.448 -0.433 -0.442 -0.448 -0.423 -0.45 -0.418 -0.433 -0.467 -0.436 -0.463 -0.439 -0.449 -0.489 -0.434 -0.46 -0.434 -0.461 -0.489 -0.498 -0.477 -0.464 -0.51 -0.46 -0.476 -0.484 -0.47 -0.475 -0.482 -0.468 -0.496 -0.482 -0.447 -0.523 -0.486 -0.528 -0.487 -0.476 -0.438 -0.471 -0.49
-0.422 -0.436 -0.424 -0.411 -0.395 -0.433 -0.43 -0.403 -0.348 -0.403 -0.406 -0.352 -0.365 -0.372 -0.365 -0.35 -0.361 -0.42 -0.46 -0.444 -0.425 -0.379 -0.413 -0.384 -0.365 -0.387 -0.405 -0.423 -0.365 -0.375 -0.42 -0.398 -0.416 -0.377 -0.392 -0.407 -0.4 -0.458 -0.444 -0.438 -0.408 -0.44 -0.464 -0.448 -0.474 -0.46 -0.427 -0.462 -0.407 -0.462 -0.478 -0.499 -0.484 -0.476 -0.497 -0.522 -0.511 -0.474 -0.491 -0.484 -0.465 -0.473 -0.457 -0.483 -0.498 -0.508 -0.508 -0.534 -0.499 -0.542 -0.454 -0.477
-0.356 -0.383 -0.408 -0.356 -0.362 -0.313 -0.373 -0.38 -0.316 -0.303 -0.313 -0.353 -0.312 -0.324 -0.313 -0.32 -0.367 -0.438 -0.422 -0.407 -0.386 -0.394 -0.425 -0.384 -0.412 -0.382 -0.428 -0.386 -0.342 -0.382 -0.391 -0.379 -0.405 -0.395 -0.425 -0.427 -0.406 -0.45 -0.469 -0.362 -0.425 -0.408 -0.459 -0.433 -0.501 -0.47 -0.443 -0.407 -0.387 -0.475 -0.438 -0.455 -0.472 -0.481 -0.47 -0.455 -0.45 -0.447 -0.474 -0.491 -0.458 -0.507 -0.489 -0.51 -0.473 -0.514 -0.513 -0.527 -0.512 -0.542 -0.499 -0.506
-0.337 -0.374 -0.365 -0.346 -0.374 -0.291 -0.351 -0.327 -0.249 -0.27 -0.268 -0.311 -0.286 -0.358 -0.309 -0.299 -0.391 -0.394 -0.427 -0.347 -0.362 -0.398 -0.386 -0.366 -0.329 -0.379 -0.393 -0.387 -0.424 -0.383 -0.395 -0.37 -0.419 -0.36 -0.427 -0.388 -0.454 -0.474 -0.427 -0.413 -0.425 -0.414 -0.441 -0.451 -0.479 -0.442 -0.474 -0.389 -0.405 -0.463 -0.446 -0.471 -0.478 -0.494 -0.473 -0.423 -0.495 -0.463 -0.472 -0.459 -0.498 -0.486 -0.5 -0.503 -0.508 -0.525 -0.516 -0.527 -0.549 -0.51 -0.515 -0.496
-0.299 -0.35 -0.359 -0.328 -0.293 -0.304 -0.292 -0.293 -0.25 -0.272 -0.252 -0.275 -0.347 -0.317 -0.262 -0.32 -0.383 -0.395 -0.397 -0.396 -0.363 -0.414 -0.375 -0.318 -0.402 -0.422 -0.392 -0.422 -0.413 -0.387 -0.392 -0.383 -0.396 -0.393 -0.419 -0.423 -0.425 -0.488 -0.415 -0.374 -0.372 -0.377 -0.38 -0.408 -0.46 -0.425 -0.42 -0.443 -0.446 -0.479 -0.484 -0.501 -0.471 -0.457 -0.472 -0.451 -0.452 -0.453 -0.45 -0.519 -0.471 -0.512 -0.489 -0.519 -0.514 -0.53 -0.518 -0.548 -0.526 -0.511 -0.528 -0.489
-0.314 -0.286 -0.317 -0.295 -0.27 -0.268 -0.263 -0.261 -0.264 -0.248 -0.253 -0.282 -0.331 -0.35 -0.311 -0.354 -0.379 -0.435 -0.317 -0.433 -0.382 -0.39 -0.375 -0.342 -0.379 -0.393 -0.415 -0.384 -0.385 -0.382 -0.433 -0.435 -0.399 -0.375 -0.397 -0.433 -0.416 -0.422 -0.418 -0.394 -0.415 -0.393 -0.397 -0.417 -0.443 -0.416 -0.43 -0.407 -0.411 -0.478 -0.45 -0.49 -0.468 -0.44 -0.496 -0.53 -0.55 -0.483 -0.5 -0.512 -0.473 -0.483 -0.444 -0.519 -0.5 -0.505 -0.514 -0.52 -0.513 -0.502 -0.515 -0.528
-0.333 -0.259 -0.312 -0.242 -0.305 -0.285 -0.257 -0.272 -0.272 -0.27 -0.25 -0.354 -0.337 -0.366 -0.375 -0.311 -0.359 -0.322 -0.385 -0.396 -0.349 -0.351 -0.332 -0.365 -0.353 -0.327 -0.387 -0.434 -0.419 -0.411 -0.369 -0.38 -0.381 -0.431 -0.408 -0.385 -0.367 -0.421 -0.436 -0.416 -0.375 -0.372 -0.38 -0.417 -0.389 -0.45 -0.421 -0.408 -0.403 -0.442 -0.482 -0.453 -0.435 -0.422 -0.455 -0.528 -0.499 -0.458 -0.515 -0.51 -0.494 -0.523 -0.512 -0.472 -0.465 -0.655 -0.528 -0.512 -0.477 -0.533 -0.531 -0.517
-0.293 -0.254 -0.241 -0.232 -0.235 -0.288 -0.288 -0.288 -0.318 -0.352 -0.335 -0.373 -0.353 -0.382 -0.375 -0.392 -0.362 -0.344 -0.418 -0.44 -0.374 -0.357 -0.385 -0.411 -0.425 -0.376 -0.4 -0.385 -0.345 -0.439 -0.354 -0.349 -0.407 -0.442 -0.386 -0.465 -0.394 -0.359 -0.346 -0.358 -0.414 -0.403 -0.413 -0.428 -0.384 -0.409 -0.397 -0.457 -0.456 -0.418 -0.442 -0.453 -0.454 -0.467 -0.456 -0.505 -0.459 -0.437 -0.493 -0.45 -0.415 -0.443 -0.5 -0.497 -0.546 -0.558 -0.531 -0.528 -0.526 -0.523 -0.516 -0.573
-0.241 -0.283 -0.282 -0.306 -0.304 -0.273 -0.326 -0.35 -0.293 -0.375 -0.346 -0.371 -0.352 -0.42 -0.5 -0.421 -0.362 -0.424 -0.454 -0.391 -0.408 -0.345 -0.384 -0.38 -0.411 -0.378 -0.399 -0.394 -0.362 -0.351 -0.343 -0.335 -0.424 -0.462 -0.38 -0.414 -0.358 -0.382 -0.429 -0.404 -0.427 -0.396 -0.388 -0.379 -0.399 -0.358 -0.445 -0.45 -0.439 -0.465 -0.447 -0.44 -0.496 -0.424 -0.414 -0.455 -0.477 -0.523 -0.497 -0.491 -0.468 -0.43 -0.508 -0.452 -0.49 -0.526 -0.467 -0.509 -0.531 -0.553 -0.559 -0.558
-0.308 -0.28 -0.245 -0.325 -0.337 -0.338 -0.336 -0.345 -0.341 -0.377 -0.361 -0.371 -0.406 -0.433 -0.426 -0.428 -0.415 -0.407 -0.449 -0.449 -0.414 -0.425 -0.33 -0.454 -0.417 -0.371 -0.369 -0.367 -0.399 -0.378 -0.358 -0.442 -0.4 -0.389 -0.357 -0.387 -0.339 -0.416 -0.44 -0.442 -0.382 -0.384 -0.389 -0.379 -0.426 -0.371 -0.425 -0.391 -0.374 -0.363 -0.411 -0.432 -0.439 -0.382 -0.43 -0.434 -0.428 -0.483 -0.464 -0.461 -0.499 -0.456 -0.443 -0.494 -0.466 -0.537 -0.427 -0.517 -0.567 -0.554 -0.549 -0.53
-0.263 -0.258 -0.345 -0.364 -0.396 -0.386 -0.319 -0.342 -0.368 -0.426 -0.371 -0.423 -0.432 -0.382 -0.34 -0.422 -0.423 -0.44 -0.408 -0.408 -0.362 -0.417 -0.382 -0.416 -0.41 -0.37 -0.434 -0.4 -0.313 -0.369 -0.395 -0.428 -0.415 -0.42 -0.363 -0.394 -0.417 -0.405 -0.388 -0.372 -0.392 -0.412 -0.383 -0.355 -0.378 -0.326 -0.343 -0.383 -0.43 -0.439 -0.432 -0.415 -0.378 -0.366 -0.41 -0.448 -0.438 -0.514 -0.48 -0.457 -0.478 -0.444 -0.437 -0.485 -0.486 -0.491 -0.392 -0.483 -0.506 -0.542 -0.543 -0.522
-0.339 -0.332 -0.322 -0.309 -0.398 -0.378 -0.408 -0.38 -0.345 -0.426 -0.398 -0.429 -0.447 -0.392 -0.454 -0.455 -0.439 -0.444 -0.41 -0.44 -0.385 -0.459 -0.409 -0.394 -0.392 -0.403 -0.419 -0.398 -0.369 -0.346 -0.374 -0.383 -0.435 -0.402 -0.401 -0.385 -0.445 -0.406 -0.379 -0.336 -0.387 -0.333 -0.369 -0.355 -0.383 -0.306 -0.349 -0.363 -0.45 -0.4 -0.378 -0.389 -0.375 -0.441 -0.417 -0.43 -0.454 -0.498 -0.41 -0.39 -0.394 -0.363 -0.435 -0.419 -0.436 -0.522 -0.419 -0.43 -0.467 -0.49 -0.525 -0.521
-0.353 -0.312 -0.365 -0.332 -0.391 -0.39 -0.373 -0.416 -0.415 -0.428 -0.416 -0.428 -0.388 -0.411 -0.443 -0.387 -0.451 -0.421 -0.451 -0.429 -0.406 -0.439 -0.401 -0.375 -0.436 -0.48 -0.429 -0.438 -0.402 -0.391 -0.382 -0.429 -0.435 -0.47 -0.448 -0.428 -0.445 -0.434 -0.35 -0.361 -0.367 -0.374 -0.386 -0.34 -0.353 -0.354 -0.354 -0.393 -0.418 -0.378 -0.362 -0.359 -0.354 -0.413 -0.369 -0.381 -0.42 -0.45 -0.43 -0.38 -0.391 -0.387 -0.402 -0.405 -0.402 -0.456 -0.434 -0.426 -0.498 -0.455 -0.472 -0.47
-0.347 -0.322 -0.325 -0.398 -0.343 -0.373 -0.415 -0.358 -0.34 -0.362 -0.425 -0.422 -0.443 -0.366 -0.41 -0.46 -0.461 -0.447 -0.432 -0.405 -0.447 -0.403 -0.411 -0.428 -0.444 -0.516 -0.484 -0.439 -0.427 -0.454 -0.4 -0.45 -0.448 -0.498 -0.427 -0.472 -0.439 -0.354 -0.372 -0.381 -0.345 -0.352 -0.365 -0.32 -0.319 -0.363 -0.332 -0.321 -0.317 -0.292 -0.295 -0.324 -0.352 -0.379 -0.382 -0.413 -0.421 -0.45 -0.394 -0.353 -0.376 -0.357 -0.338 -0.347 -0.345 -0.375 -0.41 -0.317 -0.435 -0.451 -0.403 -0.466
-0.385 -0.347 -0.375 -0.376 -0.323 -0.347 -0.382 -0.33 -0.353 -0.378 -0.397 -0.382 -0.389 -0.361 -0.402 -0.391 -0.461 -0.452 -0.44 -0.43 -0.435 -0.439 -0.433 -0.454 -0.443 -0.465 -0.548 -0.423 -0.434 -0.437 -0.498 -0.452 -0.424 -0.492 -0.465 -0.449 -0.382 -0.365 -0.356 -0.328 -0.307 -0.32 -0.382 -0.33 -0.285 -0.325 -0.3 -0.285 -0.257 -0.263 -0.277 -0.339 -0.314 -0.321 -0.331 -0.351 -0.408 -0.398 -0.34 -0.346 -0.356 -0.315 -0.291 -0.326 -0.345 -0.349 -0.372 -0.361 -0.391 -0.424 -0.425 -0.521
-0.323 -0.356 -0.372 -0.4 -0.336 -0.34 -0.37 -0.316 -0.319 -0.398 -0.366 -0.349 -0.347 -0.413 -0.378 -0.385 -0.388 -0.412 -0.372 -0.468 -0.517 -0.49 -0.438 -0.431 -0.431 -0.418 -0.476 -0.433 -0.421 -0.454 -0.436 -0.446 -0.436 -0.456 -0.468 -0.374 -0.373 -0.357 -0.327 -0.348 -0.323 -0.353 -0.335 -0.3 -0.268 -0.313 -0.268 -0.276 -0.292 -0.29 -0.258 -0.283 -0.306 -0.352 -0.331 -0.36 -0.352 -0.361 -0.357 -0.276 -0.295 -0.315 -0.269 -0.323 -0.321 -0.349 -0.337 -0.333 -0.351 -0.382 -0.439 -0.477
-0.34 -0.348 -0.32 -0.333 -0.298 -0.329 -0.342 -0.334 -0.325 -0.378 -0.374 -0.339 -0.344 -0.405 -0.363 -0.403 -0.367 -0.372 -0.454 -0.453 -0.507 -0.523 -0.44 -0.44 -0.517 -0.436 -0.416 -0.398 -0.418 -0.446 -0.431 -0.466 -0.482 -0.43 -0.456 -0.426 -0.402 -0.381 -0.378 -0.34 -0.31 -0.304 -0.276 -0.255 -0.265 -0.253 -0.263 -0.246 -0.252 -0.283 -0.291 -0.275 -0.285 -0.292 -0.383 -0.4 -0.332 -0.31 -0.327 -0.276 -0.319 -0.317 -0.277 -0.274 -0.274 -0.297 -0.324 -0.353 -0.352 -0.344 -0.4 -0.455
-0.312 -0.308 -0.27 -0.299 -0.314 -0.289 -0.332 -0.33 -0.337 -0.362 -0.345 -0.32 -0.315 -0.373 -0.367 -0.326 -0.356 -0.398 -0.379 -0.427 -0.443 -0.516 -0.476 -0.452 -0.472 -0.485 -0.446 -0.424 -0.436 -0.44 -0.424 -0.544 -0.458 -0.387 -0.421 -0.419 -0.388 -0.386 -0.356 -0.333 -0.321 -0.327 -0.308 -0.284 -0.234 -0.206 -0.215 -0.208 -0.22 -0.247 -0.252 -0.267 -0.276 -0.283 -0.332 -0.337 -0.312 -0.31 -0.288 -0.263 -0.26 -0.289 -0.273 -0.27 -0.273 -0.316 -0.346 -0.339 -0.289 -0.327 -0.359 -0.429
-0.306 -0.282 -0.277 -0.265 -0.286 -0.281 -0.313 -0.338 -0.281 -0.325 -0.333 -0.307 -0.301 -0.34 -0.354 -0.367 -0.365 -0.375 -0.357 -0.345 -0.451 -0.499 -0.45 -0.403 -0.464 -0.456 -0.477 -0.447 -0.44 -0.451 -0.42 -0.496 -0.423 -0.441 -0.438 -0.407 -0.385 -0.381 -0.356 -0.322 -0.269 -0.264 -0.229 -0.264 -0.246 -0.208 -0.2 -0.195 -0.218 -0.209 -0.217 -0.249 -0.263 -0.267 -0.29 -0.297 -0.306 -0.294 -0.268 -0.217 -0.284 -0.285 -0.279 -0.306 -0.333 -0.312 -0.287 -0.281 -0.273 -0.318 -0.351 -0.375
