All_lidar/sz6091_DSM_2M.asc
ncols 500
nrows 500
xllcorner    460000
yllcorner    91000
cellsize     2
NODATA_value -9999
[rows 448 to 479 of 500, columns 284 to 354 of 500]
36.941 36.828 36.698 36.588 36.426 36.326 36.191 36.058 35.881 35.686 35.546 35.416 35.303 35.181 35.031 35.076 35.954 34.889 34.446 34.326 34.224 34.096 33.966 33.834 33.734 33.566 33.416 33.291 33.151 33.021 32.836 32.689 32.531 32.411 32.291 32.144 32.054 31.931 31.811 31.664 31.494 31.416 31.331 31.254 31.181 31.054 33.044 32.059 30.779 31.419 30.689 30.651 30.544 30.451 30.361 30.309 30.224 30.176 30.111 30.114 30.126 30.036 30.071 30.026 30.011 30.016 30.026 30.044 30.029 30.039 30.094
36.938 36.808 36.716 36.561 36.406 36.306 36.246 36.098 35.918 35.698 35.568 35.416 35.303 35.176 35.016 35.006 35.991 34.836 34.431 34.284 34.161 34.039 33.904 33.774 33.656 33.474 33.341 33.199 33.081 32.976 32.794 32.624 32.469 32.381 32.244 32.131 32.019 31.906 31.756 31.564 31.451 31.429 31.374 31.286 31.204 31.129 31.489 34.944 35.341 32.446 30.819 30.761 30.594 30.489 30.476 30.441 30.371 30.311 30.251 30.224 30.254 30.201 30.211 30.139 30.146 30.146 30.134 30.144 30.116 30.149 30.171
36.986 36.861 36.758 36.586 36.423 36.343 36.283 36.136 35.926 35.733 35.543 35.416 35.301 35.181 34.988 35.091 35.668 34.503 34.388 34.251 34.121 33.996 33.838 33.728 33.576 33.426 33.266 33.098 32.983 32.878 32.748 32.556 32.436 32.333 32.218 32.098 31.998 31.873 31.706 31.523 31.501 31.491 31.421 31.306 31.216 31.138 31.148 34.883 31.518 31.546 30.908 30.881 30.663 30.561 30.528 30.531 30.476 30.446 30.388 30.361 30.366 30.348 30.288 30.286 30.268 30.246 30.226 30.233 30.248 30.253 30.268
37.066 36.941 36.816 36.658 36.506 36.396 36.298 36.163 35.963 35.796 35.561 35.416 35.303 35.133 34.978 35.543 35.598 34.443 34.333 34.211 34.078 33.946 33.791 33.686 33.531 33.391 33.203 33.053 32.948 32.833 32.698 32.533 32.403 32.326 32.151 32.056 31.941 31.813 31.661 31.538 31.553 31.526 31.423 31.311 31.163 31.113 31.046 31.643 31.931 30.936 30.911 30.898 30.788 30.776 30.746 30.673 30.591 30.528 30.551 30.616 31.666 30.588 30.381 30.366 30.353 30.361 30.338 30.331 30.356 30.356 30.401
37.113 37.003 36.881 36.688 36.533 36.426 36.303 36.143 35.963 35.743 35.556 35.376 35.253 35.146 34.986 35.706 35.341 34.413 34.301 34.166 34.046 33.918 33.766 33.646 33.511 33.396 33.211 33.076 32.956 32.828 32.708 32.536 32.423 32.293 32.158 32.046 31.911 31.758 31.631 31.623 31.613 31.526 31.406 31.246 31.103 31.053 31.018 31.008 30.973 30.931 30.911 30.916 30.891 30.881 30.821 30.786 30.748 30.653 30.598 30.571 30.666 30.586 30.536 30.491 30.478 30.466 30.473 30.471 30.513 30.496 30.536
37.083 36.973 36.826 36.646 36.478 36.378 36.278 36.151 35.941 35.736 35.571 35.383 35.218 35.158 35.043 36.148 35.051 34.378 34.278 34.148 34.033 33.871 33.751 33.601 33.458 33.356 33.203 33.098 32.973 32.818 32.703 32.566 32.411 32.303 32.168 32.031 31.843 31.711 31.673 31.691 31.618 31.503 31.313 31.141 31.106 31.078 31.023 30.978 30.971 30.981 30.928 30.958 30.916 30.896 30.896 30.853 30.821 30.783 30.773 30.696 30.648 30.638 30.633 30.738 30.671 30.623 30.588 30.601 30.608 30.616 30.683
37.021 36.931 36.768 36.618 36.423 36.311 36.208 36.048 35.873 35.673 35.488 35.351 35.191 35.086 34.943 36.063 35.041 34.378 34.248 34.133 34.008 33.863 33.688 33.558 33.426 33.323 33.191 33.078 32.911 32.778 32.648 32.526 32.386 32.286 32.148 31.973 31.766 31.746 31.833 31.778 31.633 31.461 31.298 31.233 31.171 31.111 31.058 31.023 31.006 31.016 30.986 30.991 30.978 30.963 30.903 30.883 30.883 30.843 30.863 30.818 30.783 30.743 30.748 30.841 30.738 30.733 30.708 30.716 30.761 30.753 30.803
36.996 36.883 36.733 36.556 36.373 36.293 36.176 35.976 35.816 35.598 35.463 35.283 35.163 35.058 35.241 36.056 35.003 34.351 34.226 34.088 33.963 33.858 33.668 33.511 33.398 33.296 33.176 33.038 32.876 32.741 32.623 32.498 32.383 32.251 32.088 31.928 31.813 31.921 31.918 31.796 31.626 31.466 31.393 31.306 31.216 31.161 31.128 31.106 31.071 31.066 31.056 31.056 31.023 30.988 30.951 30.941 30.906 30.913 30.893 30.888 30.898 30.933 30.933 30.906 30.898 30.863 30.876 30.838 30.861 30.891 30.931
36.951 36.813 36.683 36.511 36.343 36.211 36.081 35.886 35.731 35.556 35.406 35.263 35.141 35.033 35.468 35.998 34.471 34.316 34.196 34.058 33.941 33.836 33.663 33.516 33.391 33.296 33.166 32.993 32.866 32.751 32.623 32.491 32.366 32.228 32.078 31.946 31.978 32.021 31.933 31.783 31.596 31.493 31.436 31.338 31.308 31.218 31.191 31.188 31.181 31.181 31.141 31.078 31.061 31.041 31.011 30.968 30.936 30.961 30.936 30.981 30.991 30.996 31.036 31.026 31.058 31.063 31.051 31.031 31.003 31.031 31.038
36.888 36.751 36.601 36.448 36.268 36.131 35.998 35.841 35.666 35.486 35.386 35.261 35.121 34.951 35.618 35.973 34.398 34.273 34.151 33.983 33.888 33.756 33.601 33.473 33.353 33.228 33.098 32.956 32.846 32.748 32.611 32.478 32.358 32.218 32.088 32.053 32.083 32.046 31.931 31.756 31.583 31.541 31.476 31.408 31.333 31.291 31.311 31.281 31.286 31.281 31.231 31.176 31.138 31.106 31.046 31.028 30.993 30.996 30.988 31.038 31.061 31.083 31.088 31.128 31.146 31.188 31.183 31.173 31.223 31.231 31.233
36.843 36.688 36.566 36.421 36.266 36.108 35.976 35.806 35.603 35.458 35.361 35.228 35.041 34.871 36.146 35.683 34.408 34.253 34.126 33.963 33.851 33.716 33.561 33.416 33.313 33.176 33.053 32.943 32.833 32.738 32.623 32.463 32.341 32.211 32.131 32.128 32.166 32.076 31.941 31.756 31.703 31.626 31.546 31.466 31.413 31.401 31.431 31.438 31.401 31.368 31.311 31.278 31.263 31.198 31.141 31.091 31.066 31.061 31.078 31.078 31.081 31.133 31.133 31.153 31.198 31.261 31.306 31.351 31.383 31.391 31.388
36.833 36.698 36.583 36.426 36.216 36.101 35.943 35.811 35.616 35.433 35.333 35.226 35.033 35.108 36.096 35.311 34.378 34.258 34.131 33.988 33.856 33.741 33.563 33.413 33.278 33.126 33.038 32.953 32.841 32.723 32.608 32.486 32.353 32.251 32.251 32.206 32.183 32.041 31.901 31.796 31.713 31.661 31.571 31.533 31.521 31.541 31.566 31.558 31.493 31.456 31.411 31.386 31.356 31.331 31.271 31.193 31.146 31.146 31.173 31.173 31.151 31.163 31.203 31.208 31.256 31.336 31.393 31.458 31.503 31.511 31.523
36.838 36.706 36.551 36.406 36.223 36.061 35.971 35.801 35.613 35.463 35.331 35.198 35.008 35.306 36.116 35.173 34.406 34.273 34.118 33.963 33.838 33.743 33.578 33.428 33.306 33.181 33.091 32.966 32.881 32.748 32.608 32.486 32.358 32.333 32.293 32.321 32.153 31.991 31.903 31.833 31.726 31.666 31.646 31.616 31.628 31.648 31.683 31.638 31.566 31.553 31.536 31.523 31.486 31.456 31.378 31.326 31.273 31.281 31.271 31.248 31.238 31.251 31.286 31.291 31.328 31.388 31.438 31.506 31.583 31.606 31.606
36.828 36.703 36.578 36.416 36.251 36.068 35.983 35.796 35.601 35.446 35.338 35.186 34.973 35.371 36.158 34.588 34.358 34.261 34.108 33.973 33.841 33.696 33.576 33.443 33.353 33.223 33.136 33.006 32.883 32.738 32.581 32.441 32.406 32.403 32.388 32.311 32.118 32.038 31.951 31.848 31.781 31.748 31.718 31.693 31.693 31.733 31.751 31.668 31.638 31.621 31.616 31.626 31.583 31.586 31.493 31.468 31.431 31.446 31.403 31.396 31.373 31.346 31.368 31.391 31.433 31.493 31.518 31.568 31.623 31.646 31.666
36.811 36.683 36.551 36.386 36.241 36.083 35.946 35.798 35.586 35.428 35.298 35.148 34.921 35.436 36.111 34.573 34.371 34.251 34.126 33.968 33.838 33.703 33.561 33.433 33.331 33.228 33.131 33.013 32.876 32.708 32.578 32.501 32.481 32.473 32.438 32.271 32.138 32.098 31.981 31.921 31.863 31.821 31.813 31.836 31.848 31.828 31.783 31.763 31.746 31.731 31.706 31.701 31.706 31.691 31.636 31.598 31.611 31.586 31.551 31.516 31.506 31.503 31.496 31.523 31.571 31.593 31.646 31.696 31.711 31.718 31.731
36.761 36.611 36.476 36.341 36.171 35.993 35.898 35.736 35.521 35.371 35.308 35.111 34.861 35.911 35.866 34.531 34.346 34.231 34.098 33.923 33.811 33.691 33.528 33.408 33.288 33.206 33.081 32.976 32.831 32.713 32.626 32.598 32.588 32.546 32.468 32.288 32.216 32.121 32.038 31.968 31.938 31.941 31.921 31.931 31.976 31.936 31.873 31.838 31.818 31.826 31.783 31.768 31.788 31.801 31.783 31.746 31.776 31.736 31.698 31.678 31.683 31.681 31.661 31.703 31.723 31.748 31.818 31.826 31.801 31.823 31.843
36.706 36.563 36.448 36.303 36.118 35.943 35.801 35.651 35.451 35.328 35.243 35.053 35.093 36.173 35.606 34.456 34.341 34.203 34.051 33.928 33.798 33.661 33.528 33.393 33.286 33.178 33.041 32.953 32.828 32.731 32.691 32.671 32.626 32.606 32.433 32.328 32.246 32.156 32.108 32.078 32.036 32.041 32.026 32.056 32.048 32.001 31.968 31.936 31.913 31.903 31.898 31.898 31.913 31.888 31.896 31.886 31.893 31.856 31.843 31.846 31.861 31.816 31.826 31.873 31.871 31.891 31.923 31.923 31.941 31.966 31.981
36.656 36.538 36.398 36.231 36.061 35.913 35.721 35.573 35.446 35.271 35.161 34.973 35.146 35.898 35.381 34.431 34.306 34.183 34.023 33.908 33.776 33.678 33.558 33.433 33.296 33.188 33.058 32.931 32.836 32.793 32.776 32.713 32.751 32.583 32.421 32.351 32.318 32.256 32.213 32.166 32.151 32.131 32.153 32.151 32.148 32.083 32.056 32.031 32.026 32.013 31.988 31.981 31.988 31.981 32.028 32.041 32.001 31.988 31.968 31.976 31.996 32.008 32.053 32.043 32.043 32.046 32.083 32.073 32.088 32.093 32.086
36.643 36.513 36.381 36.193 36.013 35.821 35.681 35.556 35.371 35.256 35.166 34.971 35.173 35.918 34.928 34.411 34.278 34.158 34.018 33.891 33.813 33.698 33.581 33.448 33.321 33.201 33.083 32.948 32.881 32.851 32.851 32.816 32.788 32.576 32.486 32.436 32.371 32.326 32.253 32.253 32.221 32.248 32.283 32.243 32.218 32.181 32.158 32.151 32.143 32.103 32.128 32.108 32.073 32.091 32.138 32.168 32.128 32.123 32.116 32.096 32.136 32.148 32.186 32.211 32.211 32.213 32.238 32.228 32.231 32.223 32.233
36.556 36.416 36.301 36.183 35.956 35.766 35.613 35.513 35.406 35.241 35.168 34.973 35.713 36.153 34.836 34.378 34.253 34.143 33.996 33.886 33.796 33.701 33.566 33.448 33.291 33.181 33.078 32.991 32.953 32.918 32.898 32.863 32.703 32.591 32.553 32.523 32.461 32.386 32.343 32.346 32.341 32.386 32.391 32.328 32.301 32.271 32.256 32.263 32.251 32.226 32.238 32.223 32.216 32.263 32.253 32.248 32.228 32.216 32.223 32.256 32.263 32.276 32.291 32.301 32.311 32.336 32.348 32.391 32.376 32.393 32.371
36.486 36.351 36.243 36.108 35.898 35.723 35.608 35.496 35.378 35.256 35.141 34.981 35.756 35.996 34.541 34.356 34.211 34.103 33.971 33.886 33.788 33.671 33.543 33.401 33.263 33.176 33.093 33.056 33.016 32.961 32.911 32.826 32.703 32.671 32.643 32.576 32.541 32.508 32.456 32.411 32.446 32.513 32.451 32.403 32.388 32.376 32.363 32.351 32.341 32.348 32.346 32.321 32.333 32.376 32.368 32.378 32.346 32.341 32.351 32.388 32.396 32.413 32.406 32.416 32.441 32.466 32.506 32.511 32.516 32.526 32.523
36.493 36.361 36.211 36.081 35.881 35.708 35.611 35.508 35.426 35.278 35.128 35.066 35.836 35.688 34.468 34.343 34.218 34.118 33.958 33.871 33.773 33.663 33.536 33.413 33.273 33.188 33.156 33.123 33.071 33.063 32.983 32.843 32.753 32.751 32.733 32.686 32.636 32.596 32.578 32.563 32.576 32.533 32.508 32.501 32.503 32.478 32.481 32.456 32.478 32.476 32.466 32.458 32.486 32.528 32.531 32.501 32.498 32.498 32.438 32.493 32.506 32.521 32.533 32.566 32.588 32.588 32.618 32.621 32.668 32.653 32.643
36.521 36.361 36.261 36.066 35.896 35.733 35.608 35.536 35.451 35.251 35.106 35.038 36.153 35.821 34.436 34.321 34.201 34.083 33.963 33.868 33.766 33.683 33.558 33.458 33.343 33.261 33.258 33.211 33.173 33.113 33.016 32.921 32.871 32.828 32.813 32.771 32.748 32.718 32.703 32.693 32.723 32.653 32.598 32.566 32.568 32.573 32.598 32.583 32.586 32.568 32.566 32.566 32.598 32.646 32.628 32.618 32.616 32.586 32.596 32.621 32.601 32.626 32.633 32.673 32.676 32.708 32.741 32.751 32.781 32.741 32.776
36.488 36.348 36.233 36.091 35.906 35.713 35.601 35.523 35.396 35.223 35.063 35.046 36.173 35.431 34.416 34.306 34.188 34.081 33.941 33.836 33.743 33.688 33.596 33.488 33.446 33.401 33.351 33.281 33.226 33.166 33.081 33.028 32.988 32.921 32.901 32.866 32.833 32.821 32.836 32.836 32.808 32.766 32.718 32.693 32.693 32.678 32.688 32.678 32.686 32.696 32.678 32.696 32.733 32.736 32.738 32.721 32.756 32.741 32.733 32.743 32.723 32.758 32.761 32.798 32.803 32.838 32.881 32.891 32.916 32.903 32.913
36.491 36.321 36.171 36.041 35.841 35.676 35.563 35.463 35.298 35.168 35.053 35.353 36.183 35.088 34.406 34.283 34.168 34.056 33.938 33.841 33.758 33.683 33.606 33.528 33.541 33.493 33.441 33.363 33.296 33.246 33.148 33.106 33.083 33.023 32.996 32.948 32.936 32.926 32.951 32.966 32.921 32.868 32.836 32.828 32.838 32.846 32.791 32.791 32.816 32.813 32.803 32.828 32.848 32.828 32.848 32.841 32.881 32.876 32.861 32.851 32.856 32.903 32.908 32.941 32.923 32.931 32.943 32.986 33.018 33.036 33.033
36.466 36.318 36.193 36.031 35.843 35.651 35.521 35.441 35.246 35.138 35.003 35.483 36.006 34.591 34.388 34.278 34.148 34.036 33.931 33.873 33.771 33.701 33.621 33.603 33.608 33.558 33.518 33.443 33.353 33.291 33.228 33.206 33.166 33.106 33.071 33.043 33.053 33.058 33.068 33.056 33.031 33.006 32.993 33.001 32.966 32.963 32.948 32.936 32.913 32.886 32.928 32.963 32.968 32.948 32.941 32.966 32.983 33.016 32.996 32.991 33.006 33.016 33.038 33.068 33.068 33.078 33.078 33.111 33.136 33.121 33.143
36.458 36.318 36.178 36.018 35.808 35.623 35.521 35.456 35.268 35.106 34.936 35.458 36.178 34.466 34.368 34.276 34.126 34.033 33.936 33.883 33.831 33.756 33.678 33.653 33.646 33.611 33.613 33.548 33.416 33.376 33.343 33.301 33.251 33.198 33.141 33.136 33.176 33.188 33.178 33.168 33.138 33.136 33.138 33.098 33.111 33.106 33.101 33.098 33.093 33.063 33.078 33.068 33.083 33.083 33.071 33.083 33.096 33.146 33.141 33.141 33.151 33.148 33.181 33.196 33.216 33.201 33.231 33.233 33.236 33.248 33.286
36.406 36.276 36.148 35.993 35.808 35.611 35.526 35.481 35.308 35.153 34.971 35.508 35.771 34.491 34.408 34.281 34.176 34.073 33.983 33.921 33.866 33.801 33.753 33.748 33.703 33.643 33.613 33.618 33.511 33.491 33.453 33.401 33.333 33.286 33.266 33.258 33.293 33.288 33.281 33.273 33.243 33.266 33.266 33.246 33.248 33.251 33.266 33.241 33.248 33.258 33.256 33.231 33.178 33.188 33.186 33.216 33.226 33.256 33.271 33.286 33.308 33.313 33.306 33.328 33.356 33.353 33.373 33.403 33.403 33.401 33.403
36.378 36.258 36.128 35.948 35.766 35.598 35.511 35.438 35.303 35.148 34.971 35.973 35.471 34.526 34.441 34.321 34.211 34.111 34.048 33.963 33.916 33.886 33.846 33.833 33.808 33.746 33.778 33.633 33.618 33.568 33.548 33.483 33.431 33.411 33.396 33.401 33.446 33.408 33.368 33.366 33.366 33.403 33.406 33.383 33.373 33.423 33.403 33.411 33.418 33.433 33.411 33.368 33.341 33.321 33.311 33.343 33.323 33.368 33.391 33.456 33.488 33.443 33.441 33.463 33.488 33.518 33.518 33.531 33.556 33.556 33.543
36.391 36.256 36.133 35.946 35.778 35.598 35.521 35.418 35.293 35.146 35.011 36.053 35.388 34.578 34.476 34.358 34.251 34.176 34.091 34.063 33.996 33.968 33.943 33.916 33.926 33.856 33.773 33.701 33.718 33.663 33.626 33.578 33.553 33.538 33.533 33.546 33.578 33.561 33.523 33.496 33.488 33.491 33.533 33.523 33.523 33.543 33.541 33.556 33.561 33.553 33.518 33.496 33.496 33.473 33.496 33.506 33.453 33.446 33.471 33.521 33.551 33.551 33.583 33.588 33.611 33.648 33.681 33.683 33.681 33.691 33.658
36.421 36.286 36.146 35.968 35.786 35.668 35.573 35.466 35.336 35.186 35.136 36.153 34.893 34.581 34.498 34.403 34.318 34.273 34.171 34.123 34.088 34.078 34.028 34.011 33.973 33.921 33.858 33.798 33.786 33.776 33.731 33.678 33.638 33.643 33.683 33.701 33.698 33.698 33.671 33.648 33.638 33.628 33.598 33.623 33.648 33.656 33.661 33.678 33.703 33.703 33.646 33.613 33.623 33.621 33.646 33.648 33.626 33.576 33.601 33.621 33.666 33.703 33.708 33.733 33.746 33.801 33.811 33.803 33.816 33.791 33.801
36.388 36.261 36.123 35.961 35.786 35.656 35.588 35.541 35.386 35.233 35.558 36.333 34.911 34.618 34.538 34.463 34.391 34.343 34.291 34.236 34.196 34.151 34.108 34.086 34.036 33.993 33.981 33.938 33.868 33.893 33.861 33.821 33.801 33.786 33.788 33.796 33.806 33.808 33.798 33.781 33.778 33.768 33.783 33.748 33.763 33.776 33.803 33.831 33.833 33.826 33.781 33.758 33.738 33.766 33.786 33.761 33.756 33.731 33.753 33.811 33.793 33.808 33.828 33.858 33.871 33.898 33.911 33.931 33.933 33.901 33.913
