All_lidar/sz6192_DSM_2M.asc
ncols 500
nrows 500
xllcorner    461000
yllcorner    92000
cellsize     2
NODATA_value -9999
[rows 288 to 319 of 500, columns 72 to 143 of 500]
-0.127 -0.092 -0.151 -0.13 -0.13 -0.199 -0.194 -0.15 -0.167 -0.206 -0.184 -0.263 -0.217 -0.217 -0.254 -0.232 -0.293 -0.279 -0.23 -0.264 -0.253 -0.248 -0.283 -0.323 -0.308 -0.273 -0.283 -0.187 -0.238 -0.289 -0.257 -0.309 -0.264 -0.209 -0.246 -0.264 -0.245 -0.223 -0.217 -0.257 -0.257 -0.252 -0.21 -0.228 -0.246 -0.242 -0.239 -0.257 -0.202 -0.18 -0.2 -0.086 0.004 0.127 0.205 0.074 -0.012 -0.109 -0.144 -0.232 -0.226 -0.238 -0.249 -0.251 -0.31 -0.237 -0.366 -0.357 -0.369 -0.365 -0.44 -0.44
-0.142 -0.101 -0.14 -0.136 -0.171 -0.144 -0.158 -0.2 -0.134 -0.179 -0.195 -0.215 -0.249 -0.217 -0.214 -0.292 -0.238 -0.263 -0.265 -0.199 -0.246 -0.306 -0.236 -0.259 -0.258 -0.199 -0.188 -0.164 -0.256 -0.211 -0.23 -0.22 -0.265 -0.247 -0.21 -0.229 -0.21 -0.167 -0.191 -0.212 -0.224 -0.206 -0.133 -0.196 -0.152 -0.203 -0.213 -0.146 -0.172 -0.139 -0.104 0.021 0.161 0.195 0.051 -0.045 -0.079 -0.083 -0.156 -0.201 -0.221 -0.251 -0.249 -0.298 -0.283 -0.364 -0.357 -0.387 -0.378 -0.37 -0.401 -0.399
-0.106 -0.146 -0.081 -0.124 -0.143 -0.125 -0.149 -0.193 -0.174 -0.152 -0.171 -0.19 -0.227 -0.208 -0.198 -0.195 -0.179 -0.269 -0.288 -0.239 -0.231 -0.263 -0.266 -0.265 -0.223 -0.249 -0.236 -0.208 -0.256 -0.236 -0.227 -0.198 -0.215 -0.197 -0.191 -0.25 -0.247 -0.189 -0.154 -0.214 -0.202 -0.146 -0.129 -0.177 -0.134 -0.17 -0.114 -0.089 -0.148 -0.018 0.009 0.142 0.162 0.03 -0.065 -0.086 -0.045 -0.141 -0.162 -0.255 -0.233 -0.226 -0.251 -0.27 -0.328 -0.308 -0.381 -0.369 -0.381 -0.426 -0.389 -0.406
-0.125 -0.05 -0.115 -0.113 -0.165 -0.122 -0.083 -0.126 -0.167 -0.198 -0.136 -0.182 -0.189 -0.187 -0.203 -0.22 -0.242 -0.23 -0.236 -0.221 -0.197 -0.212 -0.197 -0.222 -0.19 -0.212 -0.185 -0.2 -0.231 -0.199 -0.127 -0.217 -0.203 -0.155 -0.138 -0.189 -0.229 -0.136 -0.161 -0.174 -0.169 -0.139 -0.165 -0.09 -0.115 -0.095 -0.073 -0.034 0.036 0.089 0.098 0.07 0.089 -0.035 -0.028 -0.102 -0.138 -0.198 -0.165 -0.173 -0.176 -0.24 -0.254 -0.291 -0.304 -0.313 -0.366 -0.383 -0.36 -0.333 -0.379 -0.44
-0.115 -0.132 -0.123 -0.066 -0.092 -0.153 -0.105 -0.148 -0.201 -0.186 -0.163 -0.186 -0.223 -0.231 -0.231 -0.24 -0.238 -0.228 -0.209 -0.194 -0.227 -0.139 -0.201 -0.203 -0.228 -0.208 -0.193 -0.161 -0.162 -0.17 -0.186 -0.204 -0.23 -0.1 -0.141 -0.097 -0.181 -0.112 -0.13 -0.088 -0.173 -0.121 -0.12 -0.088 -0.117 -0.077 -0.065 0.04 0.075 0.16 0.139 0.152 -0.015 -0.105 -0.083 -0.114 -0.08 -0.188 -0.16 -0.226 -0.151 -0.213 -0.217 -0.263 -0.335 -0.296 -0.302 -0.296 -0.321 -0.357 -0.371 -0.393
-0.106 -0.102 -0.068 -0.095 -0.142 -0.184 -0.131 -0.129 -0.176 -0.182 -0.231 -0.192 -0.162 -0.191 -0.249 -0.227 -0.286 -0.239 -0.245 -0.176 -0.234 -0.23 -0.137 -0.188 -0.154 -0.167 -0.142 -0.175 -0.101 -0.101 -0.103 -0.14 -0.134 -0.076 -0.122 -0.068 -0.036 -0.09 -0.1 -0.156 -0.116 -0.134 -0.041 -0.064 -0.047 0.004 0.075 0.114 0.185 0.156 0.117 0.016 -0.02 -0.042 -0.093 -0.147 -0.12 -0.127 -0.183 -0.203 -0.198 -0.176 -0.206 -0.173 -0.255 -0.284 -0.319 -0.298 -0.358 -0.379 -0.417 -0.382
-0.118 -0.153 -0.098 -0.177 -0.146 -0.191 -0.13 -0.174 -0.2 -0.173 -0.217 -0.248 -0.286 -0.203 -0.193 -0.189 -0.201 -0.185 -0.19 -0.166 -0.216 -0.171 -0.095 -0.104 -0.125 -0.167 -0.137 -0.113 -0.115 -0.151 -0.095 -0.039 -0.102 -0.135 -0.074 -0.114 -0.066 -0.097 -0.057 -0.04 -0.041 -0.006 0.006 -0.004 0.012 0.083 0.14 0.183 0.131 0.161 0.047 -0.046 -0.051 -0.059 -0.065 -0.105 -0.143 -0.137 -0.19 -0.226 -0.199 -0.239 -0.203 -0.208 -0.262 -0.311 -0.276 -0.308 -0.348 -0.412 -0.407 -0.363
-0.152 -0.125 -0.188 -0.173 -0.129 -0.164 -0.185 -0.184 -0.177 -0.226 -0.218 -0.251 -0.182 -0.282 -0.221 -0.205 -0.212 -0.176 -0.149 -0.164 -0.116 -0.168 -0.11 -0.157 -0.115 -0.119 -0.12 -0.123 -0.069 -0.05 -0.081 -0.105 -0.078 0.003 -0.044 -0.091 0.003 -0.015 0.023 0.049 0.014 0.03 0.016 0.093 0.139 0.113 0.232 0.172 0.138 0.036 0.03 -0.043 -0.109 -0.121 -0.096 -0.067 -0.168 -0.166 -0.178 -0.198 -0.185 -0.244 -0.252 -0.232 -0.3 -0.279 -0.327 -0.308 -0.323 -0.375 -0.406 -0.383
-0.18 -0.1 -0.156 -0.162 -0.105 -0.164 -0.211 -0.19 -0.247 -0.217 -0.178 -0.251 -0.204 -0.215 -0.217 -0.133 -0.116 -0.171 -0.151 -0.169 -0.125 -0.084 -0.062 -0.072 -0.108 -0.092 -0.101 -0.058 -0.046 -0.002 -0.039 -0.044 -0.075 -0.005 0.005 -0.058 0.007 -0.044 -0.047 0.054 0.05 0.124 0.131 0.165 0.176 0.205 0.219 0.139 0.081 0.025 0 -0.017 -0.056 -0.104 -0.143 -0.145 -0.106 -0.161 -0.178 -0.179 -0.236 -0.266 -0.171 -0.285 -0.317 -0.315 -0.253 -0.342 -0.325 -0.377 -0.381 -0.387
-0.183 -0.169 -0.171 -0.195 -0.198 -0.201 -0.231 -0.124 -0.177 -0.212 -0.281 -0.189 -0.19 -0.202 -0.193 -0.176 -0.15 -0.094 -0.12 -0.019 -0.103 -0.073 -0.058 -0.09 0.006 -0.033 -0.055 -0.049 -0.07 -0.081 -0.044 -0.049 -0.044 0.038 0.044 -0.002 -0.016 0.027 0.032 0.087 0.123 0.212 0.197 0.207 0.193 0.17 0.122 0.03 0.025 -0.009 -0.018 -0.026 -0.091 -0.117 -0.096 -0.138 -0.127 -0.209 -0.216 -0.22 -0.205 -0.276 -0.308 -0.281 -0.255 -0.289 -0.24 -0.312 -0.332 -0.345 -0.307 -0.359
-0.163 -0.23 -0.117 -0.202 -0.166 -0.224 -0.126 -0.184 -0.208 -0.263 -0.168 -0.236 -0.212 -0.092 -0.182 -0.098 -0.109 -0.103 -0.097 -0.079 -0.06 -0.044 -0.071 -0.068 -0.043 0.017 -0.057 -0.034 0.011 -0.017 -0.019 -0.032 0.005 0.045 0.017 0.109 0.034 0.069 0.128 0.186 0.158 0.182 0.203 0.136 0.153 0.116 0.048 -0.073 -0.039 -0.054 -0.099 -0.069 -0.094 -0.125 -0.144 -0.127 -0.152 -0.188 -0.198 -0.203 -0.178 -0.266 -0.231 -0.237 -0.272 -0.265 -0.263 -0.312 -0.334 -0.335 -0.359 -0.331
-0.177 -0.167 -0.181 -0.106 -0.202 -0.146 -0.189 -0.178 -0.185 -0.19 -0.122 -0.184 -0.204 -0.134 -0.108 -0.095 -0.078 -0.025 -0.083 -0.059 -0.088 0.02 -0.053 -0.038 -0.006 -0.042 -0 0.022 -0.018 0.069 0.011 -0.034 -0.005 0.051 0.14 0.154 0.096 0.165 0.189 0.165 0.26 0.139 0.209 0.135 0.114 0.05 -0.004 -0.037 -0.021 -0.092 -0.11 -0.07 -0.106 -0.104 -0.161 -0.123 -0.155 -0.158 -0.165 -0.164 -0.163 -0.225 -0.251 -0.227 -0.205 -0.296 -0.271 -0.336 -0.359 -0.319 -0.35 -0.315
-0.1 -0.118 -0.174 -0.17 -0.169 -0.192 -0.203 -0.187 -0.173 -0.207 -0.208 -0.124 -0.177 -0.023 -0.074 -0.121 -0.027 -0.089 -0.044 -0.072 -0.03 -0.003 0.01 -0.009 0.028 0.019 0.036 0.005 0.043 0.072 0.089 0.041 0.061 0.087 0.071 0.116 0.213 0.299 0.231 0.251 0.222 0.153 0.158 0.07 0.057 0.057 -0.012 -0.03 -0.076 -0.076 -0.076 -0.061 -0.116 -0.109 -0.099 -0.135 -0.166 -0.158 -0.144 -0.201 -0.25 -0.246 -0.229 -0.248 -0.231 -0.213 -0.285 -0.276 -0.317 -0.34 -0.294 -0.314
-0.132 -0.156 -0.141 -0.116 -0.172 -0.202 -0.206 -0.16 -0.104 -0.204 -0.112 -0.12 -0.1 0.01 -0.066 -0.036 0.02 0.001 -0.031 -0.017 -0.038 0.02 -0.009 -0.008 -0.001 0.019 0.031 0.005 0.025 0.034 0.044 0.021 0.123 0.206 0.233 0.22 0.325 0.319 0.257 0.236 0.143 0.112 0.043 -0.004 -0.059 -0.048 -0.044 -0.062 -0.103 -0.112 -0.104 -0.101 -0.094 -0.092 -0.095 -0.147 -0.167 -0.1 -0.203 -0.194 -0.235 -0.244 -0.234 -0.285 -0.298 -0.267 -0.279 -0.245 -0.321 -0.318 -0.345 -0.399
-0.134 -0.111 -0.13 -0.105 -0.105 -0.175 -0.176 -0.15 -0.148 -0.2 -0.194 -0.121 -0.096 -0.069 -0.058 -0.021 -0.002 -0.019 -0.026 0.024 0.009 -0.001 0.046 0.047 0.046 0.062 0.076 0.098 0.087 0.112 0.174 0.131 0.204 0.293 0.35 0.314 0.265 0.236 0.194 0.102 0.069 0.035 -0.012 -0.073 -0.079 -0.037 -0.085 -0.091 -0.101 -0.097 -0.057 -0.123 -0.13 -0.114 -0.078 -0.158 -0.209 -0.152 -0.178 -0.217 -0.209 -0.246 -0.249 -0.278 -0.227 -0.273 -0.265 -0.256 -0.329 -0.323 -0.335 -0.366
-0.155 -0.11 -0.086 -0.109 -0.105 -0.158 -0.174 -0.12 -0.154 -0.205 -0.126 -0.111 -0.091 -0.003 -0.02 0.034 0.025 -0.023 0.037 0.062 0.023 0.11 0.112 0.09 0.154 0.08 0.086 0.152 0.107 0.128 0.162 0.29 0.34 0.307 0.287 0.243 0.24 0.14 0.072 0.029 -0.014 -0.022 -0.101 -0.065 -0.057 -0.079 -0.125 -0.101 -0.14 -0.102 -0.111 -0.1 -0.147 -0.154 -0.148 -0.175 -0.121 -0.153 -0.141 -0.181 -0.133 -0.144 -0.213 -0.255 -0.245 -0.283 -0.301 -0.272 -0.324 -0.38 -0.349 -0.288
-0.142 -0.113 -0.085 -0.103 -0.118 -0.132 -0.126 -0.168 -0.112 -0.138 -0.112 -0.105 0.006 -0.009 0.033 0.017 -0.015 0.047 0.124 0.064 0.105 0.099 0.088 0.106 0.175 0.193 0.099 0.182 0.164 0.273 0.374 0.356 0.396 0.312 0.218 0.16 0.127 0.054 0.047 -0.026 -0.048 -0.09 -0.096 -0.075 -0.089 -0.104 -0.128 -0.098 -0.116 -0.131 -0.171 -0.14 -0.137 -0.147 -0.194 -0.179 -0.159 -0.116 -0.168 -0.161 -0.132 -0.205 -0.232 -0.226 -0.211 -0.292 -0.261 -0.265 -0.325 -0.351 -0.324 -0.339
-0.112 -0.122 -0.072 -0.151 -0.095 -0.138 -0.134 -0.157 -0.057 -0.097 -0.085 -0.068 -0.016 0.012 0.04 0.09 0.097 0.081 0.06 0.108 0.147 0.123 0.11 0.101 0.151 0.171 0.172 0.276 0.325 0.408 0.381 0.356 0.287 0.242 0.154 0.081 0.042 -0.03 -0.025 -0.066 -0.089 -0.094 -0.117 -0.114 -0.123 -0.12 -0.127 -0.131 -0.094 -0.146 -0.161 -0.189 -0.158 -0.148 -0.189 -0.172 -0.151 -0.137 -0.189 -0.189 -0.151 -0.179 -0.237 -0.244 -0.246 -0.26 -0.263 -0.27 -0.244 -0.294 -0.356 -0.342
-0.118 -0.135 -0.118 -0.132 -0.166 -0.121 -0.098 -0.115 -0.081 -0.066 -0.03 -0.009 0.025 0.001 0.037 0.061 0.064 0.151 0.074 0.11 0.19 0.077 0.127 0.15 0.149 0.22 0.311 0.356 0.442 0.389 0.341 0.238 0.187 0.118 0.077 0.042 0.008 -0.041 -0.085 -0.089 -0.099 -0.1 -0.127 -0.127 -0.15 -0.123 -0.123 -0.14 -0.142 -0.14 -0.175 -0.175 -0.145 -0.208 -0.203 -0.178 -0.157 -0.189 -0.119 -0.145 -0.15 -0.116 -0.22 -0.249 -0.221 -0.246 -0.228 -0.3 -0.234 -0.322 -0.37 -0.304
-0.1 -0.1 -0.124 -0.158 -0.175 -0.116 -0.103 -0.081 -0.058 -0.032 -0.086 -0 0.045 0.055 0.055 0.077 0.05 0.077 0.098 0.11 0.162 0.128 0.152 0.197 0.287 0.346 0.437 0.436 0.41 0.306 0.23 0.142 0.102 0.021 0.002 -0.039 -0.057 -0.066 -0.103 -0.109 -0.128 -0.113 -0.131 -0.145 -0.142 -0.14 -0.141 -0.137 -0.154 -0.139 -0.182 -0.164 -0.154 -0.158 -0.169 -0.195 -0.189 -0.21 -0.186 -0.193 -0.154 -0.199 -0.219 -0.212 -0.232 -0.295 -0.241 -0.277 -0.29 -0.336 -0.318 -0.299
-0.114 -0.094 -0.093 -0.151 -0.128 -0.091 -0.054 -0.062 -0.042 -0.003 0.027 -0.022 0.017 0.053 0.086 0.14 0.093 0.162 0.11 0.081 0.142 0.224 0.326 0.363 0.421 0.492 0.433 0.396 0.269 0.195 0.135 0.112 0.036 -0.015 -0.049 -0.068 -0.099 -0.071 -0.118 -0.133 -0.112 -0.14 -0.116 -0.12 -0.135 -0.144 -0.136 -0.124 -0.159 -0.151 -0.207 -0.188 -0.187 -0.173 -0.174 -0.181 -0.187 -0.238 -0.225 -0.214 -0.195 -0.153 -0.225 -0.178 -0.235 -0.285 -0.299 -0.237 -0.281 -0.279 -0.264 -0.29
-0.11 -0.126 -0.148 -0.13 -0.109 -0.07 -0.074 -0.057 -0.035 0.001 0.033 -0.004 0.085 0.056 0.09 0.11 0.108 0.125 0.115 0.168 0.241 0.354 0.463 0.471 0.486 0.369 0.275 0.216 0.153 0.091 0.026 0.025 -0.01 -0.053 -0.089 -0.084 -0.093 -0.113 -0.113 -0.098 -0.115 -0.104 -0.117 -0.137 -0.124 -0.146 -0.175 -0.136 -0.155 -0.141 -0.181 -0.165 -0.19 -0.194 -0.196 -0.192 -0.209 -0.19 -0.211 -0.156 -0.148 -0.204 -0.202 -0.216 -0.238 -0.173 -0.27 -0.288 -0.307 -0.279 -0.246 -0.273
-0.088 -0.1 -0.13 -0.086 -0.064 -0.069 -0.027 0.002 0.039 0.073 0.053 0.043 0.085 0.159 0.048 0.169 0.157 0.18 0.264 0.312 0.435 0.464 0.532 0.354 0.293 0.228 0.196 0.124 0.103 0.057 0.017 -0.005 -0.01 -0.053 -0.116 -0.102 -0.114 -0.122 -0.112 -0.119 -0.113 -0.11 -0.122 -0.116 -0.123 -0.13 -0.139 -0.161 -0.144 -0.139 -0.115 -0.157 -0.161 -0.219 -0.197 -0.184 -0.228 -0.175 -0.201 -0.244 -0.186 -0.151 -0.197 -0.23 -0.174 -0.192 -0.209 -0.301 -0.3 -0.251 -0.304 -0.338
-0.049 -0.092 -0.098 -0.093 -0.087 -0.053 0.01 -0.001 0.013 0.172 0.037 0.075 0.093 0.115 0.136 0.123 0.18 0.304 0.35 0.452 0.572 0.466 0.4 0.262 0.168 0.154 0.097 0.056 0.023 0.003 -0.022 -0.041 -0.06 -0.079 -0.107 -0.102 -0.1 -0.109 -0.111 -0.116 -0.103 -0.108 -0.123 -0.122 -0.088 -0.105 -0.101 -0.125 -0.1 -0.163 -0.182 -0.168 -0.187 -0.161 -0.189 -0.203 -0.184 -0.154 -0.251 -0.208 -0.17 -0.18 -0.179 -0.188 -0.255 -0.228 -0.2 -0.238 -0.272 -0.312 -0.308 -0.318
-0.053 -0.09 -0.104 -0.061 -0.019 -0.014 -0.007 0.03 0.103 0.099 0.165 0.116 0.127 0.182 0.195 0.251 0.279 0.414 0.531 0.512 0.388 0.288 0.186 0.127 0.132 0.079 0.018 -0.024 0.021 -0.027 -0.004 -0.029 -0.088 -0.105 -0.094 -0.091 -0.091 -0.097 -0.109 -0.103 -0.086 -0.105 -0.088 -0.111 -0.114 -0.103 -0.111 -0.118 -0.139 -0.159 -0.173 -0.171 -0.163 -0.164 -0.179 -0.2 -0.21 -0.222 -0.164 -0.198 -0.16 -0.181 -0.132 -0.131 -0.247 -0.241 -0.226 -0.234 -0.256 -0.242 -0.349 -0.371
-0.073 -0.057 -0.058 -0.062 -0.001 0.013 0.024 0.102 0.072 0.13 0.179 0.179 0.15 0.191 0.218 0.263 0.472 0.558 0.513 0.374 0.235 0.183 0.111 0.056 0.071 -0.011 0.008 -0.025 -0.044 -0.049 -0.064 -0.095 -0.117 -0.103 -0.1 -0.097 -0.078 -0.091 -0.097 -0.084 -0.06 -0.078 -0.073 -0.074 -0.079 -0.075 -0.118 -0.146 -0.12 -0.125 -0.15 -0.193 -0.196 -0.169 -0.195 -0.201 -0.237 -0.207 -0.189 -0.14 -0.132 -0.133 -0.183 -0.163 -0.213 -0.208 -0.259 -0.234 -0.218 -0.3 -0.298 -0.307
-0.034 -0.026 -0.016 -0.041 0.051 0.082 0.078 0.136 0.222 0.131 0.179 0.157 0.274 0.227 0.312 0.475 0.548 0.427 0.349 0.234 0.204 0.107 0.075 0.018 -0.015 -0.057 0.03 -0.031 -0.072 -0.063 -0.077 -0.075 -0.098 -0.119 -0.1 -0.091 -0.089 -0.082 -0.071 -0.061 -0.065 -0.048 -0.064 -0.067 -0.056 -0.111 -0.12 -0.108 -0.1 -0.148 -0.123 -0.162 -0.184 -0.221 -0.175 -0.215 -0.181 -0.195 -0.196 -0.18 -0.164 -0.154 -0.142 -0.21 -0.158 -0.158 -0.204 -0.223 -0.298 -0.205 -0.224 -0.266
0.012 -0.021 0.009 0.051 0.044 0.08 0.146 0.134 0.21 0.185 0.184 0.225 0.285 0.395 0.403 0.545 0.423 0.246 0.223 0.248 0.152 0.017 -0.006 -0.041 0.01 0.001 -0 -0.063 -0.072 -0.088 -0.123 -0.11 -0.098 -0.1 -0.085 -0.089 -0.094 -0.093 -0.084 -0.056 -0.05 -0.048 -0.064 -0.043 -0.048 -0.034 -0.087 -0.108 -0.108 -0.144 -0.166 -0.159 -0.172 -0.194 -0.174 -0.193 -0.176 -0.193 -0.182 -0.158 -0.123 -0.14 -0.128 -0.198 -0.177 -0.193 -0.175 -0.268 -0.234 -0.293 -0.264 -0.31
0.023 0.063 0.081 0.063 0.088 0.135 0.113 0.161 0.237 0.182 0.196 0.295 0.371 0.474 0.486 0.331 0.249 0.255 0.165 0.092 0.052 0.008 -0.011 -0.058 -0.025 -0.045 -0.074 -0.083 -0.112 -0.078 -0.113 -0.114 -0.132 -0.103 -0.092 -0.081 -0.071 -0.072 -0.068 -0.064 -0.081 -0.042 -0.052 -0.059 -0.074 -0.073 -0.072 -0.08 -0.094 -0.087 -0.141 -0.142 -0.177 -0.202 -0.189 -0.208 -0.169 -0.197 -0.187 -0.184 -0.179 -0.137 -0.117 -0.201 -0.208 -0.198 -0.236 -0.239 -0.227 -0.22 -0.267 -0.275
0.033 0.035 0.075 0.092 0.084 0.12 0.181 0.177 0.225 0.264 0.293 0.403 0.561 0.532 0.41 0.233 0.139 0.105 0.044 0.089 0.017 -0.001 -0.029 -0.057 -0.042 -0.071 -0.091 -0.123 -0.117 -0.13 -0.14 -0.127 -0.114 -0.084 -0.076 -0.082 -0.082 -0.041 -0.061 -0.048 -0.042 -0.049 -0.036 -0.071 -0.043 -0.076 -0.061 -0.105 -0.062 -0.111 -0.121 -0.15 -0.191 -0.2 -0.183 -0.224 -0.248 -0.221 -0.223 -0.175 -0.18 -0.153 -0.138 -0.192 -0.173 -0.17 -0.218 -0.165 -0.21 -0.279 -0.28 -0.298
0.043 0.11 0.103 0.153 0.131 0.216 0.207 0.221 0.196 0.23 0.422 0.562 0.483 0.322 0.273 0.129 0.124 0.034 0.011 0.106 0.024 0 -0.085 -0.065 -0.082 -0.067 -0.059 -0.099 -0.098 -0.101 -0.123 -0.124 -0.105 -0.083 -0.083 -0.07 -0.075 -0.046 -0.053 -0.015 -0.058 -0.069 -0.024 -0.076 -0.096 -0.03 -0.064 -0.065 -0.04 -0.08 -0.092 -0.149 -0.174 -0.179 -0.165 -0.192 -0.211 -0.282 -0.191 -0.149 -0.128 -0.133 -0.181 -0.128 -0.155 -0.2 -0.263 -0.165 -0.236 -0.261 -0.268 -0.302
0.09 0.156 0.142 0.199 0.209 0.227 0.206 0.242 0.221 0.217 0.333 0.447 0.309 0.194 0.133 0.121 0.101 0.046 -0.035 -0.004 -0.024 -0.037 -0.12 -0.082 -0.064 -0.059 -0.076 -0.102 -0.1 -0.107 -0.083 -0.119 -0.103 -0.08 -0.081 -0.056 -0.042 -0.031 -0.032 -0.035 -0.026 -0.05 -0.037 -0.039 -0.06 -0.039 -0.039 -0.067 -0.07 -0.055 -0.12 -0.12 -0.168 -0.193 -0.142 -0.2 -0.242 -0.211 -0.206 -0.144 -0.192 -0.147 -0.132 -0.175 -0.198 -0.17 -0.25 -0.258 -0.261 -0.282 -0.205 -0.299
