All_lidar/sz6193_DSM_2M.asc
ncols 500
nrows 500
xllcorner    461000
yllcorner    93000
cellsize     2
NODATA_value -9999
[rows 330 to 362 of 500, columns 222 to 295 of 500]
-2.099 -2.063 -2.051 -2.089 -2.113 -2.095 -1.954 -2.033 -2.145 -2.064 -2.031 -2.027 -2.098 -2.062 -2.031 -1.983 -2.104 -2.08 -2.056 -2.024 -2.054 -2.065 -2.072 -2.003 -2.035 -2.099 -2.075 -2.082 -2.003 -2.007 -2.119 -2.003 -2.057 -2.031 -2.087 -2.094 -2.083 -2.024 -1.959 -2.08 -2.06 -2.168 -2.092 -1.998 -1.955 -2.046 -2.115 -2.092 -2.014 -2.002 -1.998 -2.05 -2.109 -2.052 -1.993 -2.051 -2.067 -2.085 -2.114 -1.97 -2.055 -2.002 -2.024 -2.068 -2.083 -2.072 -2.007 -2.071 -2.039 -2.063 -2.046 -2.078 -2.056 -2.059
-2.124 -2.043 -2.057 -2.051 -2.093 -2.103 -1.981 -2.068 -2.141 -2.098 -2.098 -1.972 -2.111 -2.097 -2.148 -1.982 -2.048 -2.072 -2.123 -2.062 -2.019 -2.061 -2.027 -2.028 -2.069 -2.075 -2.046 -2.083 -2.047 -2.08 -2.046 -2.04 -2.025 -2.014 -2.08 -2.088 -2.109 -1.971 -2.045 -2.067 -2.086 -2.063 -2.088 -1.978 -1.999 -2.05 -2.12 -2.08 -2.014 -1.979 -1.977 -2.027 -2.053 -2.069 -2.011 -2.031 -2.039 -2.081 -2.044 -2.06 -2.006 -1.977 -2.074 -2.053 -2.067 -2.107 -2.032 -2.039 -2.08 -2.067 -1.999 -2.048 -2.078 -2.045
-2.092 -2.038 -1.956 -2.095 -2.108 -2.085 -1.957 -2.073 -2.09 -2.073 -2.019 -2.007 -2.067 -2.056 -2.076 -2.046 -2.044 -2.052 -2.051 -1.992 -2.103 -2.056 -2.008 -2.005 -2.075 -2.073 -2.05 -2.108 -2.062 -2.022 -2.028 -2.065 -2.01 -2.033 -2.109 -2.123 -2.091 -2.071 -1.969 -2.069 -2.106 -2.056 -2.031 -2.021 -1.996 -2.092 -2.108 -2.064 -2.053 -1.951 -2.019 -2.1 -2.054 -2.06 -2.105 -1.988 -2.053 -2.08 -2.059 -1.994 -1.975 -1.984 -2.065 -2.101 -2.07 -2.101 -2.001 -1.988 -2.016 -2.038 -2.005 -2.042 -2.035 -2.071
-2.117 -2.027 -1.996 -2.044 -2.104 -2.087 -1.952 -1.984 -2.151 -2.064 -2.048 -2.023 -2.031 -2.121 -2.023 -2.064 -2.023 -2.052 -2.032 -2.008 -2.015 -2.013 -2.02 -2.029 -2.054 -2.051 -2.049 -2.095 -2.071 -2.011 -2.024 -2.053 -2.064 -2.022 -2.031 -2.059 -2.047 -2.004 -1.996 -2.053 -2.121 -2.094 -2.064 -1.994 -2.018 -2.069 -2.062 -2.055 -2.056 -2.003 -1.99 -2.124 -2.022 -2.117 -1.972 -2.021 -2.038 -2.081 -2.071 -2.035 -2 -2 -2.069 -2.083 -2.045 -2.055 -2.019 -1.998 -2 -2.014 -2.01 -2.042 -2.023 -2.106
-2.005 -2.094 -2.042 -2.01 -2.067 -2.128 -2.05 -2.053 -2.183 -2.135 -2.044 -2.051 -2.078 -2.062 -2.143 -2.033 -2.066 -2.094 -2.027 -2.079 -2.07 -1.979 -2.045 -2.067 -2.106 -2.046 -1.998 -2.002 -2.05 -2.049 -2.003 -2.114 -2.006 -2.024 -2.098 -2.057 -2.029 -1.974 -2.021 -2.052 -2.114 -2.074 -2.093 -1.941 -2.052 -2.08 -2.097 -2.049 -2.027 -2.009 -2.01 -2.083 -2.03 -2.036 -2.056 -2.074 -2.143 -2.131 -2.067 -2.049 -1.943 -2.046 -2.018 -2.071 -2.092 -2.082 -1.997 -1.995 -1.997 -2.085 -1.999 -2.013 -2.059 -2.036
-2.054 -2.119 -2.174 -2.026 -2.044 -2.094 -1.954 -2.087 -2.05 -2.087 -2.113 -2.063 -2.02 -2.069 -2.077 -2.031 -2.049 -2.081 -2.062 -2.05 -2.025 -2.089 -2.089 -2.079 -2.064 -2.069 -1.995 -2.04 -2.052 -2.048 -2.053 -2.087 -2.072 -2.003 -2.077 -2.031 -2.064 -1.987 -2.002 -2.059 -2.09 -2.041 -2.099 -1.94 -2.042 -2.077 -2.03 -2.062 -1.982 -1.995 -2.066 -2.053 -1.989 -2.077 -1.99 -1.971 -2.065 -2.073 -2.037 -1.979 -2.006 -2.105 -2.025 -2.039 -2.1 -2.018 -2.057 -1.998 -2.087 -2.001 -2.078 -2.036 -2.022 -2.039
-2.067 -2.078 -2.129 -2.115 -2.065 -2.048 -2.013 -2.055 -2.056 -2.077 -2.046 -2.12 -2.042 -2.045 -2.058 -2.091 -2.083 -2.029 -2.08 -2.112 -2.042 -2.057 -2.045 -2.083 -2.101 -2.145 -1.979 -2.071 -2.055 -2.012 -2.025 -2.066 -2.063 -2.098 -2.055 -2.043 -2.043 -2.034 -2.027 -2.149 -2.181 -2.041 -2.099 -1.955 -2.037 -2.078 -2.114 -2.049 -2.038 -2.063 -2.039 -2.122 -2.044 -2.027 -2.048 -1.983 -2.085 -2.109 -2.041 -1.98 -1.995 -2.085 -2.053 -2.02 -2.018 -2.087 -2.055 -2.068 -2.043 -2.069 -2.074 -2.019 -2.004 -2.064
-1.986 -2.033 -2.127 -2.133 -2.029 -2.028 -2.025 -2.079 -2.057 -2.029 -2.112 -2.088 -1.99 -2.076 -2.007 -2.072 -2.059 -1.997 -2.004 -2.06 -1.981 -2.025 -2.025 -2.032 -2.043 -2.043 -2.095 -2.076 -2.052 -2.055 -1.994 -2.089 -2.088 -2.087 -2.022 -2.03 -1.99 -2.023 -2.069 -2.047 -2.103 -2.024 -2.037 -1.987 -2.036 -2.128 -2.172 -2.067 -2.017 -2.041 -2.011 -2.029 -2.024 -2.052 -1.984 -2.029 -2.097 -2.078 -2.045 -1.987 -2.013 -2.028 -2.062 -2.053 -2.017 -2.045 -2.086 -2.059 -2.049 -2.086 -2.03 -2.057 -2.035 -2.111
-1.941 -2.054 -2.04 -2.091 -2.179 -1.951 -2.028 -2.138 -2.099 -1.998 -2.078 -2.088 -2.072 -2.025 -2.047 -2.133 -2.103 -1.993 -2.038 -2.056 -2.097 -2.011 -2.062 -2.067 -2.036 -2.016 -2.057 -2.077 -2.069 -2.009 -2.038 -2.026 -2.096 -2.071 -2.097 -1.98 -2.064 -2.06 -2.055 -2.114 -2.105 -1.989 -2.028 -1.966 -2.078 -2.143 -2.044 -2.085 -2.019 -1.977 -2.087 -2.071 -2.073 -2.052 -1.973 -2.038 -2.067 -2.057 -1.988 -1.935 -2.07 -2.095 -2.087 -2.058 -2.03 -2.095 -2.044 -2.029 -2.052 -2.035 -2.088 -2.005 -2.033 -2.081
-1.985 -1.993 -2.124 -2.155 -2.078 -1.954 -2.04 -2.106 -2.098 -2.021 -2.045 -2.131 -2.089 -2.018 -2.041 -2.065 -2.099 -2.05 -2.055 -2.09 -2.03 -2.045 -2.056 -2.082 -2.085 -2.08 -2.069 -2.087 -2.038 -2.065 -2.021 -2.092 -2.01 -2.076 -2.139 -2.001 -1.995 -2.038 -2.074 -2.08 -2.106 -2.065 -1.951 -2.035 -2.035 -2.159 -2.06 -2.045 -2.037 -1.962 -2.05 -2.099 -2.007 -2.011 -2.083 -2.05 -2.06 -2.149 -1.946 -2.069 -2.009 -2.068 -2.07 -2.008 -1.976 -2.023 -2.046 -2.044 -2.071 -2.099 -2.011 -1.979 -2.009 -2.14
-2.085 -2.007 -2.102 -2.083 -2.109 -1.935 -2.074 -2.096 -2.124 -2.18 -2.023 -2.018 -2.098 -2.037 -2.063 -2.079 -2.04 -2.01 -2.056 -2.064 -2.092 -2.11 -2.032 -2.069 -2.077 -2.034 -2.066 -2.061 -2.024 -2.082 -2.006 -2.075 -2.066 -2.082 -2.076 -2.04 -2.048 -1.961 -2.048 -2.101 -2.086 -2.111 -2.005 -1.982 -2.024 -2.122 -2.07 -1.981 -2.07 -2.068 -2.01 -2.076 -2.032 -2.018 -1.987 -2.066 -2.031 -2.099 -2.117 -2.021 -2.028 -2.141 -2.069 -2.053 -1.958 -2.027 -2.072 -2.029 -2.035 -2.06 -2.02 -1.98 -2.034 -2.058
-2.077 -2.016 -2.072 -2.076 -2.088 -2.058 -1.972 -2.079 -2.114 -2.089 -2.076 -2.051 -2.044 -2.068 -2.044 -2.097 -2.053 -2.052 -1.994 -2.113 -2.056 -2.129 -2.101 -2.044 -2.033 -2.005 -2.104 -2.098 -2.043 -2.011 -2.081 -2.113 -2.047 -2.06 -2.025 -2.029 -2.047 -1.999 -2.04 -2.087 -2.15 -2.042 -1.98 -2.098 -2.121 -2.125 -2.12 -2.028 -2.054 -2.023 -2.084 -2.039 -2.009 -2.064 -2.017 -2.068 -2.054 -2.055 -2.012 -2.006 -2.015 -2.078 -2.114 -2.109 -1.976 -2.002 -2.073 -2.028 -2.048 -2.043 -2.005 -2.01 -2.045 -2.1
-2.011 -1.929 -2.057 -2.051 -2.067 -2.141 -1.981 -2.124 -2.114 -1.999 -2.102 -2.001 -2.025 -2.016 -2.036 -2.051 -2.043 -2.073 -1.983 -2.066 -2.075 -2.107 -2.048 -2.017 -2.064 -2.044 -2.122 -2.101 -2.048 -2.034 -2.074 -2.068 -2.01 -2.054 -2.034 -2 -2.088 -2.068 -2.083 -2.125 -2.039 -2.039 -1.993 -2.049 -2.061 -2.074 -2.095 -2.053 -2.036 -2.041 -2.172 -2.021 -1.997 -1.972 -2.035 -2.057 -2.043 -2.037 -2.028 -1.981 -2.017 -2.061 -2.085 -2.086 -2.003 -2.008 -2.037 -2.064 -1.988 -2.012 -2.022 -2.047 -2.034 -2.167
-2.095 -1.98 -2.03 -2.198 -2.141 -2.096 -1.971 -2.077 -2.072 -2.05 -2.129 -2.034 -2.108 -2.096 -2.049 -2.045 -2.069 -2.064 -2.035 -2.038 -2.058 -2.039 -2.048 -2.056 -2.102 -2.069 -2.047 -2.05 -2.009 -2.048 -2.041 -2.048 -2.107 -2.036 -1.986 -2.018 -2.011 -2.09 -2.038 -2.07 -2.072 -2.044 -2.013 -2.018 -2.113 -2.123 -2.085 -2.046 -2.057 -2.082 -2.1 -2.057 -2.022 -1.995 -2.08 -2.066 -2.098 -2.046 -2.02 -1.99 -2.053 -2.103 -2.111 -2.073 -2.016 -2.059 -2.017 -1.996 -2.013 -2.001 -1.986 -2.043 -2.067 -2.095
-2.07 -2.046 -2.035 -2.084 -2.108 -2.131 -2.048 -1.995 -2.071 -2.066 -2.016 -1.969 -2.073 -2.09 -2.189 -2.098 -2.06 -2.005 -2.02 -2.069 -2.135 -2.08 -2.066 -2.014 -2.144 -2.04 -2.022 -2.063 -2.009 -2.066 -2.055 -2.085 -2.106 -2.122 -1.936 -2.009 -2.046 -2.058 -2.098 -2.065 -1.995 -2.077 -2.009 -2.074 -2.053 -2.066 -2.119 -1.994 -2.058 -2.064 -2.075 -2.047 -1.999 -2.073 -2.089 -2.077 -2.051 -2.072 -2.021 -2.019 -2.061 -2.094 -2.116 -2.075 -2.024 -2.081 -2.068 -2.077 -1.982 -2.006 -2.052 -2.02 -2.076 -2.109
-2.009 -2.121 -2.121 -2.123 -2.1 -2.06 -2.039 -2.055 -2.036 -2.066 -2.082 -2.094 -2.017 -2.088 -2.113 -1.982 -2.084 -2.055 -2.069 -2.107 -2.123 -2.098 -2.008 -2.034 -2.077 -2.069 -2.045 -2.059 -2.004 -2.042 -2.148 -2.061 -2.075 -2.076 -2.026 -1.982 -2.013 -2.041 -2.051 -2.079 -2.069 -1.988 -2.053 -2.038 -2.096 -2.159 -2.041 -1.998 -1.975 -2.07 -2.037 -2.033 -2.012 -2.011 -2.064 -2.048 -2.012 -2.075 -2.081 -1.997 -2.034 -2.089 -2.066 -2.046 -2.006 -2.05 -2.065 -2.049 -1.988 -1.997 -1.986 -2.067 -2.042 -2.11
-2.055 -2.177 -2.109 -2.083 -2.048 -1.994 -2.084 -2.091 -2.033 -2.091 -2.024 -1.959 -2.072 -2.046 -2.059 -2.087 -2.141 -2.025 -2.044 -1.987 -2.063 -2.12 -1.993 -2.031 -2.106 -2.066 -2.036 -2.03 -2.093 -2.008 -2.077 -2.113 -2.155 -2.094 -2.008 -2.043 -2.072 -2.069 -2.118 -2.011 -2.058 -2.051 -2.054 -2.045 -2.081 -2.14 -2.059 -1.997 -2.053 -2.042 -2.018 -2.049 -2.048 -2.028 -2.024 -2.046 -2.063 -2.11 -2.008 -2.015 -2.016 -2.148 -2.076 -2.017 -2.005 -2.034 -2.143 -2.064 -2.007 -2.014 -2.06 -2.029 -2.075 -2.114
-2.071 -2.049 -2.105 -2.044 -2.136 -2.049 -2.021 -1.973 -2.027 -2.056 -2.049 -2.035 -2.132 -2.094 -2.094 -2.054 -2.068 -2.042 -2.024 -2.02 -2.017 -2.139 -2.042 -2.065 -2.001 -1.98 -2.072 -2.084 -2.049 -2.071 -2.071 -2.108 -2.103 -2.089 -1.947 -1.996 -2.01 -2.115 -2.042 -2.052 -2.025 -1.98 -2.05 -2.075 -2.042 -2.169 -2.062 -2.017 -2.023 -2.082 -2.062 -2.026 -2.049 -2.05 -2.11 -2.056 -1.992 -2.035 -2.037 -1.975 -2.073 -2.101 -2.032 -2.057 -1.964 -2.006 -2.091 -2.082 -1.992 -2.008 -2.066 -2.078 -2.075 -2.038
-2.154 -2.04 -2.037 -2.122 -2.066 -2.108 -2.065 -2.014 -2.058 -2.108 -2.084 -2.044 -2.045 -2.073 -2.084 -2.034 -2.133 -2.086 -2.047 -2.023 -2.034 -2.065 -2.045 -2.057 -2.002 -2.054 -2.06 -2.059 -2.07 -2.026 -2.048 -2.127 -2.053 -2.078 -2.05 -1.981 -2.008 -2.062 -2.077 -2.059 -2.017 -2.039 -2.025 -2.073 -2.089 -2.086 -2.087 -2.027 -2.018 -2.061 -2.06 -2.022 -2.085 -2.159 -2.066 -2.053 -2 -2.089 -2.002 -2.003 -2.042 -2.001 -2.042 -2.044 -1.981 -2.04 -2.045 -2.118 -2.035 -2.042 -2.122 -2.106 -2.13 -2.021
-2.075 -2.065 -2.078 -2.113 -2.084 -2.024 -2 -2.022 -2.062 -2.064 -2.065 -1.999 -2.079 -1.96 -2.052 -2.045 -2.072 -2.096 -1.997 -2.045 -2.054 -2.105 -1.976 -2.021 -1.998 -2.082 -2.009 -2.117 -2.008 -2.047 -2.05 -2.094 -2.055 -2.071 -2.016 -1.958 -2.037 -2.109 -2.121 -2.067 -2.027 -2.025 -2.02 -2.143 -2.069 -2.126 -2.075 -1.965 -2.029 -2.064 -2.047 -2.074 -2.013 -2.049 -2.036 -2.077 -2.04 -2.029 -2.018 -2.079 -2.01 -2.04 -2.033 -2.058 -2.023 -2.017 -2.079 -2.033 -1.985 -2.01 -2.06 -2.061 -2.076 -2.025
-2.03 -1.995 -2.005 -2.058 -2.106 -2.053 -2.059 -2.028 -2.132 -2.113 -2.061 -2 -2.062 -2.095 -2.104 -2.059 -2.074 -2.07 -2.005 -2.021 -2.075 -2.059 -2.054 -2.018 -2.056 -2.042 -2.11 -2.049 -1.982 -2.045 -2.081 -2.089 -2.078 -1.997 -2.025 -1.973 -2.055 -2.061 -2.061 -2.105 -2.098 -2.037 -2.033 -2.037 -2.095 -2.127 -2.074 -2.084 -2.046 -2.028 -2.031 -2.062 -2.065 -2.099 -2.084 -2.08 -1.936 -2.054 -2.052 -2.087 -2.068 -2.095 -2.038 -2.042 -2.034 -2.018 -2.066 -2.071 -2.012 -2.051 -2.047 -2.094 -2.037 -2.046
-1.995 -2.1 -2.065 -2.096 -2.079 -2.044 -2.033 -2.121 -2.051 -2.071 -2.012 -2 -2.097 -2.082 -2.145 -2.024 -2.039 -2.046 -2.075 -2.088 -2.002 -2.122 -2.105 -1.999 -2.077 -2.04 -2.04 -2.01 -2.004 -2.076 -2.133 -2.049 -2.066 -2.069 -2.025 -2.007 -2.013 -2.089 -2.024 -2.017 -2.038 -2.157 -2.065 -2.022 -2.066 -2.1 -2.093 -2.091 -2.029 -2.007 -2.027 -2.058 -2.058 -2.067 -2.111 -2.098 -2.074 -2.046 -2.13 -2.122 -2.044 -2.008 -2.043 -2.036 -2.057 -2.005 -2.031 -2.065 -1.99 -2.073 -2.036 -2.131 -2.044 -1.971
-2.082 -2.032 -2.064 -2.053 -2.039 -1.996 -1.958 -2.021 -2.051 -2.064 -2.133 -2.125 -2.051 -2.087 -2.099 -2.026 -2.107 -2.02 -2.104 -2.046 -2.032 -2.033 -2.049 -2.031 -2.04 -2.091 -2.03 -2.092 -2.063 -2.04 -2.052 -2.141 -2.009 -2.049 -2.021 -2.049 -2.117 -2.09 -2.107 -2.065 -2.059 -2.024 -2.048 -2.05 -2.006 -2.143 -2.032 -2.068 -2.014 -1.963 -2.037 -2.143 -2.035 -2.037 -2.042 -2.052 -2.02 -2.02 -2.066 -2.062 -2.07 -2.035 -1.977 -1.995 -2.103 -2 -2.036 -2.013 -1.984 -2.142 -2.073 -2.082 -2.068 -2.013
-2.128 -2.042 -2.048 -2.209 -2.069 -2.115 -1.997 -2.088 -2.113 -2.053 -2.032 -2.024 -2.01 -2.099 -2.131 -2.051 -2.054 -2.059 -2.072 -2.058 -2.035 -2.042 -2.056 -1.982 -2.042 -2.132 -2.064 -2.109 -2.012 -2.017 -2.081 -2.119 -2.098 -2.02 -2.051 -2.01 -2.026 -2.072 -2.03 -2.045 -2.032 -2.06 -2.073 -2.106 -2.037 -2.071 -2.003 -2.074 -2.063 -1.978 -2.064 -2.091 -2.007 -2.101 -2.02 -2.056 -2.026 -2.021 -2.049 -2.097 -2.056 -2.023 -2.009 -1.99 -2.045 -2.02 -1.997 -2.026 -2.012 -2.063 -2.042 -2.084 -2.053 -2.042
-2.058 -2.047 -2.035 -2.103 -2.071 -2.1 -2.106 -2.098 -2.064 -2.082 -2.069 -2.004 -2.038 -2.084 -2.125 -2.041 -2.066 -2.062 -2.075 -2.031 -2.082 -2.132 -2.066 -2.067 -2.028 -2.118 -2.077 -2.12 -1.982 -1.979 -2.049 -2.102 -2.095 -2.026 -2.039 -2.021 -2.053 -2.077 -2.04 -2.01 -2.043 -2.052 -2.03 -2.115 -2.008 -2.105 -2.049 -2.022 -2.059 -2.001 -2.092 -2.118 -2.057 -2.09 -2.042 -2.061 -2.031 -2.027 -2.059 -2.071 -2.063 -2.06 -2.003 -2.044 -2.029 -2.038 -2.045 -2.015 -2.038 -2.115 -2.085 -2.087 -2.045 -1.997
-2.092 -2.073 -2.079 -2.032 -2.011 -2.095 -2.046 -2.077 -2.04 -2.046 -2.087 -2.089 -2.09 -2.016 -2.159 -2.083 -2.033 -2.116 -2.057 -2.04 -2.112 -2.046 -2.063 -2.103 -2.056 -2.159 -2.099 -2.039 -2.06 -2.03 -2.053 -2.069 -2.061 -2.065 -2.062 -2.05 -2.076 -2.09 -2.021 -2.012 -2.015 -2.11 -2.061 -1.99 -2.04 -2.075 -2.063 -2.072 -2.052 -1.976 -2.017 -2.071 -2.094 -2.07 -2.083 -2.068 -1.979 -2.042 -2.045 -2.093 -2.03 -2.046 -2.059 -2.084 -2.023 -2.027 -2.04 -1.996 -2.017 -2.048 -2.07 -2.071 -2.013 -2.018
-2.107 -2.053 -2.082 -2.063 -2.044 -2.096 -2.039 -2.123 -2.076 -2.039 -2.024 -2.032 -2.026 -2.004 -2.086 -2.001 -2.033 -2.107 -1.948 -2.066 -2.045 -2.017 -2.027 -2.028 -1.996 -2.071 -2.068 -2.114 -2.013 -1.996 -2 -2.168 -2.098 -2.064 -1.982 -2.122 -2.076 -2.089 -2.066 -2.111 -2.054 -2.032 -2.139 -2.024 -2.027 -2.109 -2.063 -2.055 -2.05 -2.059 -2.003 -2.048 -2.099 -2.084 -2.019 -2.062 -2.035 -2.041 -2.027 -2.166 -2.03 -2.086 -2.039 -2.079 -2.068 -2.051 -2.037 -2.014 -2.058 -2.14 -2.091 -2.019 -2.038 -1.99
-2.079 -2.051 -2.148 -2.124 -2.079 -2.056 -2.087 -2.093 -2.079 -2.039 -2.062 -2.055 -2.117 -2.061 -2.127 -2.062 -2.139 -2.081 -2.019 -2.098 -2.055 -2.166 -2.13 -2.027 -2.018 -2.008 -2.083 -2.096 -2.027 -2.031 -2.098 -2.141 -2.058 -2.069 -2.006 -2.049 -2.048 -2.079 -2.093 -2.091 -2.101 -1.993 -2.081 -2.104 -2.055 -2.083 -2.055 -2.109 -2.114 -1.97 -2.002 -2.084 -2.082 -2.127 -2.018 -2.001 -2.088 -2.028 -1.979 -2.09 -2.069 -2.091 -2.059 -2.048 -2.026 -2.02 -2 -2.071 -2.101 -2.135 -2.058 -2.036 -2.014 -2.002
-2.09 -2.055 -2.098 -2.075 -2.077 -2.065 -2.056 -2.071 -2.089 -2.037 -2.083 -2.048 -2.096 -2.015 -2.041 -2.1 -2.084 -2.069 -2.11 -2.046 -2.013 -2.047 -2.108 -2.084 -2.049 -2.064 -2.12 -2.041 -2.046 -2.016 -2.066 -2.11 -2.116 -2.039 -1.998 -2.074 -2.062 -2.085 -2.112 -2.051 -1.987 -2.046 -2.038 -2.053 -2.008 -2.039 -2.113 -2.128 -2.042 -1.979 -2 -2.082 -2.079 -2.138 -2.078 -1.998 -2.07 -2.091 -2.044 -2.053 -2.068 -2.079 -2.078 -2.04 -2.02 -2.037 -2.033 -1.97 -2.085 -2.133 -2.087 -2.029 -2.011 -1.993
-2.011 -2.013 -2.031 -2.001 -2.076 -2.018 -2.037 -2.115 -2.124 -2.044 -2.013 -2.073 -2.148 -2.077 -2.124 -2.045 -2.048 -2.091 -2.098 -2.041 -2.05 -2.075 -2.103 -2.027 -2.041 -2.043 -2.103 -2.022 -2.13 -2.03 -2.057 -2.109 -2.109 -2.012 -1.991 -2.08 -2.073 -2.056 -2.023 -2.046 -2.057 -2.078 -2.152 -2.052 -2.043 -2.064 -2.089 -2.092 -2.12 -1.948 -1.949 -2.084 -2.063 -2.071 -1.954 -1.955 -1.994 -2.055 -2.071 -2.025 -2.067 -2.044 -2.029 -2.074 -2.005 -2.037 -2.035 -2.047 -2.103 -2.108 -2.019 -2.009 -2.026 -2.011
-2.09 -2.01 -2.064 -2.082 -2.053 -2.041 -2.011 -2.089 -2.118 -2.071 -2.004 -2.078 -2.127 -2.16 -2.037 -2.061 -2.065 -2.111 -2.021 -2.037 -2.085 -2.035 -2.117 -2.071 -1.985 -2.088 -2.084 -2.087 -2.044 -2.051 -2.085 -2.201 -2.098 -1.973 -2.005 -2.057 -2.026 -2.109 -2.067 -2.089 -2.089 -2.073 -2.054 -2.054 -1.992 -2.028 -2.098 -2.052 -2.104 -1.955 -1.975 -2.041 -2.122 -2.089 -1.984 -1.954 -2.001 -2.131 -2.071 -2.085 -2.068 -2.034 -2.006 -2.095 -2.06 -2.028 -2.047 -2.01 -2.077 -2.078 -2.038 -2.017 -2.041 -2.008
-2.075 -2.011 -1.999 -2.091 -2.124 -2.097 -2.098 -2.134 -2.155 -2.065 -2.013 -2.015 -2.07 -2.139 -2.1 -2.081 -2.144 -2.105 -2.04 -2.062 -2.03 -2.035 -2.066 -2.085 -2.03 -2.077 -2.11 -2.024 -2.073 -2.079 -2.117 -2.167 -2.118 -2.044 -1.961 -2.049 -2.064 -2.136 -2.074 -2.019 -2.049 -2.051 -2.067 -2.078 -2.009 -2.057 -2.014 -2.068 -2.075 -2.047 -1.944 -2.027 -2.144 -2.119 -1.919 -2.009 -2.039 -2.069 -2.069 -2.031 -2 -2.112 -2.114 -2.12 -2.026 -1.98 -2.008 -1.994 -2.036 -2.034 -2.078 -2.017 -1.991 -1.992
-2.1 -2.026 -2.007 -2.093 -2.115 -2.011 -2.148 -2.053 -2.093 -1.977 -2.043 -2.092 -2.049 -2.111 -2.022 -2.066 -2.015 -2.063 -2.02 -2.094 -2.104 -2.002 -2.076 -2.046 -2.069 -1.944 -2.154 -2.038 -2.087 -2.135 -2.097 -2.154 -2.13 -2.075 -2.002 -2.072 -2.08 -2.078 -2.072 -2.092 -2.069 -2.053 -2.116 -1.993 -1.973 -2.06 -2.034 -2.075 -2.123 -1.986 -1.92 -2.049 -2.073 -2.199 -1.991 -2.024 -2.012 -2.065 -2.038 -2.027 -2.006 -2.14 -2.097 -2.047 -2.019 -1.975 -1.976 -2.017 -2.068 -2.099 -2.096 -2.05 -2.037 -2.013
