All_lidar/sz6186_DSM_2M.asc
ncols 500
nrows 500
xllcorner    461000
yllcorner    86000
cellsize     2
NODATA_value -9999
[rows 64 to 95 of 500, columns 144 to 215 of 500]
1.94 2.426 1.806 1.037 0.568 0.228 -0.061 -0.104 0.358 0.43 0.477 0.684 0.756 0.827 0.876 0.855 0.962 0.969 1.016 1 1.017 1.026 1.033 1.039 1.008 0.915 0.758 0.658 0.633 0.623 0.602 0.608 0.605 0.608 0.616 0.596 0.579 0.586 0.576 0.574 0.589 0.596 0.611 0.606 0.609 0.604 0.609 0.614 0.601 0.621 0.636 0.631 0.629 0.644 0.649 0.644 0.664 0.641 0.664 0.654 0.644 0.629 0.596 0.619 0.636 0.619 0.629 0.619 0.609 0.579 0.569 0.571
0.462 0.873 0.913 0.794 0.76 0.565 0.129 0.335 0.372 0.385 0.575 0.716 0.753 0.884 0.983 0.95 1.017 0.996 1.008 0.978 0.991 1.014 1.017 0.993 0.924 0.813 0.718 0.632 0.625 0.623 0.584 0.596 0.608 0.574 0.606 0.596 0.596 0.619 0.586 0.601 0.606 0.614 0.599 0.614 0.639 0.626 0.621 0.619 0.606 0.624 0.621 0.626 0.651 0.651 0.649 0.646 0.651 0.649 0.659 0.654 0.644 0.619 0.631 0.616 0.614 0.616 0.626 0.609 0.574 0.559 0.599 0.569
0.84 0.739 0.681 0.723 0.75 0.493 0.391 0.296 0.397 0.479 0.588 0.741 0.827 0.917 0.984 0.964 1.031 1.011 0.996 0.99 0.984 0.984 0.963 0.855 0.753 0.705 0.708 0.644 0.642 0.589 0.601 0.589 0.584 0.601 0.601 0.611 0.594 0.591 0.589 0.589 0.606 0.621 0.606 0.636 0.624 0.629 0.624 0.601 0.601 0.626 0.649 0.626 0.634 0.641 0.649 0.646 0.659 0.644 0.644 0.639 0.619 0.614 0.636 0.619 0.631 0.641 0.634 0.589 0.569 0.606 0.596 0.546
1.04 1.179 0.992 0.624 0.823 0.754 -0.071 0.239 0.303 0.375 0.64 0.805 0.864 0.926 0.958 0.949 1.048 1.027 1.029 0.988 0.963 0.921 0.83 0.757 0.701 0.707 0.695 0.638 0.607 0.593 0.564 0.576 0.579 0.579 0.604 0.609 0.589 0.596 0.609 0.626 0.639 0.626 0.631 0.634 0.631 0.676 0.649 0.646 0.634 0.634 0.626 0.596 0.629 0.641 0.681 0.649 0.649 0.656 0.651 0.646 0.621 0.646 0.644 0.609 0.634 0.631 0.586 0.579 0.579 0.586 0.571 0.554
1.082 1.055 1.318 0.777 0.609 0.082 -0.049 0.163 0.14 0.413 0.662 0.805 0.841 0.921 0.958 0.989 1.071 1.053 1.028 0.97 0.892 0.834 0.818 0.761 0.726 0.73 0.685 0.616 0.591 0.584 0.584 0.571 0.596 0.594 0.609 0.601 0.596 0.604 0.611 0.654 0.651 0.649 0.649 0.651 0.649 0.679 0.669 0.676 0.631 0.621 0.639 0.626 0.621 0.641 0.649 0.656 0.659 0.669 0.674 0.654 0.634 0.644 0.634 0.616 0.616 0.611 0.561 0.571 0.579 0.579 0.561 0.579
1.005 1.126 1.307 0.99 0.632 0.001 0.087 0.105 0.129 0.473 0.665 0.79 0.79 0.881 0.973 0.999 1.037 1.024 1.004 0.938 0.851 0.848 0.814 0.781 0.751 0.71 0.636 0.574 0.579 0.581 0.586 0.576 0.609 0.621 0.611 0.606 0.624 0.619 0.669 0.676 0.684 0.651 0.666 0.666 0.676 0.684 0.684 0.664 0.611 0.601 0.629 0.606 0.616 0.659 0.649 0.641 0.674 0.666 0.639 0.659 0.626 0.631 0.634 0.604 0.641 0.584 0.584 0.556 0.566 0.566 0.571 0.551
0.951 1.03 1.21 0.675 0.512 -0.019 0.07 0.477 1.06 0.487 0.658 0.756 0.783 0.891 0.947 0.991 1.002 1.022 1.005 0.891 0.876 0.825 0.799 0.786 0.734 0.661 0.596 0.614 0.606 0.584 0.614 0.589 0.611 0.604 0.644 0.649 0.671 0.664 0.654 0.674 0.661 0.674 0.696 0.676 0.679 0.701 0.684 0.641 0.611 0.626 0.636 0.599 0.596 0.599 0.649 0.646 0.631 0.611 0.634 0.669 0.634 0.611 0.616 0.619 0.611 0.606 0.581 0.556 0.564 0.561 0.554 0.561
0.891 1.031 0.824 0.658 0.486 0.026 0.037 0.593 0.98 0.451 0.652 0.743 0.804 0.878 0.938 0.981 0.99 1.016 0.981 0.871 0.836 0.799 0.775 0.754 0.691 0.641 0.609 0.591 0.596 0.621 0.616 0.621 0.624 0.609 0.651 0.626 0.629 0.669 0.656 0.671 0.676 0.679 0.679 0.661 0.664 0.671 0.636 0.629 0.639 0.646 0.654 0.619 0.634 0.616 0.624 0.629 0.636 0.669 0.634 0.656 0.651 0.619 0.616 0.649 0.624 0.576 0.599 0.561 0.564 0.559 0.609 0.609
0.851 0.874 0.625 0.643 0.71 0.001 -0.039 0.046 0.338 0.406 0.633 0.73 0.797 0.87 0.922 0.95 1.005 1.018 0.952 0.855 0.839 0.779 0.76 0.709 0.661 0.614 0.621 0.624 0.621 0.636 0.644 0.629 0.629 0.649 0.626 0.639 0.646 0.674 0.681 0.684 0.671 0.679 0.681 0.656 0.659 0.634 0.641 0.654 0.654 0.671 0.656 0.644 0.656 0.614 0.661 0.654 0.656 0.659 0.629 0.634 0.626 0.614 0.606 0.624 0.629 0.606 0.591 0.576 0.599 0.571 0.579 0.564
0.648 0.702 0.602 0.426 0.387 0.115 -0.054 0.083 0.087 0.416 0.612 0.708 0.77 0.856 0.88 0.965 0.977 0.996 0.9 0.832 0.815 0.807 0.758 0.714 0.641 0.614 0.616 0.621 0.629 0.651 0.661 0.626 0.624 0.639 0.641 0.636 0.654 0.669 0.656 0.676 0.661 0.641 0.649 0.639 0.629 0.641 0.689 0.681 0.664 0.669 0.674 0.659 0.656 0.639 0.666 0.661 0.634 0.649 0.621 0.619 0.641 0.599 0.596 0.611 0.594 0.601 0.574 0.566 0.586 0.556 0.564 0.564
0.578 0.608 0.458 0.471 0.25 0.031 -0.069 0.066 0.066 0.452 0.561 0.666 0.724 0.836 0.864 0.92 0.961 0.965 0.915 0.812 0.782 0.771 0.76 0.706 0.666 0.644 0.626 0.616 0.624 0.619 0.616 0.656 0.626 0.621 0.649 0.629 0.646 0.661 0.641 0.674 0.636 0.636 0.631 0.634 0.636 0.666 0.681 0.674 0.649 0.684 0.666 0.661 0.629 0.636 0.661 0.646 0.616 0.634 0.634 0.611 0.624 0.609 0.621 0.609 0.599 0.606 0.564 0.564 0.571 0.569 0.584 0.606
0.469 0.555 0.429 0.348 0.227 0.115 -0.066 0.137 0.188 0.293 0.521 0.631 0.704 0.801 0.847 0.887 0.917 0.957 0.928 0.806 0.773 0.746 0.741 0.706 0.666 0.609 0.624 0.629 0.629 0.634 0.646 0.649 0.631 0.651 0.631 0.666 0.664 0.666 0.654 0.661 0.659 0.664 0.606 0.606 0.676 0.666 0.659 0.681 0.679 0.664 0.664 0.624 0.611 0.634 0.621 0.656 0.634 0.616 0.626 0.614 0.584 0.601 0.609 0.626 0.591 0.601 0.574 0.581 0.611 0.559 0.561 0.591
0.472 0.419 0.386 0.347 0.218 0.219 -0.121 -0.076 0.228 0.343 0.51 0.683 0.681 0.762 0.805 0.864 0.891 0.937 0.901 0.821 0.773 0.748 0.739 0.751 0.681 0.631 0.619 0.631 0.634 0.624 0.639 0.644 0.656 0.624 0.666 0.661 0.679 0.676 0.629 0.681 0.656 0.616 0.634 0.639 0.651 0.674 0.656 0.691 0.671 0.641 0.664 0.599 0.596 0.601 0.631 0.599 0.631 0.634 0.616 0.611 0.611 0.626 0.619 0.591 0.591 0.591 0.571 0.571 0.589 0.589 0.566 0.596
0.502 0.557 0.465 0.329 0.301 0.279 0.049 -0.064 0.268 0.264 0.425 0.698 0.676 0.728 0.784 0.865 0.898 0.906 0.878 0.79 0.789 0.733 0.747 0.769 0.691 0.634 0.611 0.629 0.624 0.624 0.604 0.624 0.641 0.659 0.659 0.651 0.661 0.651 0.656 0.676 0.666 0.664 0.646 0.659 0.674 0.684 0.664 0.681 0.619 0.621 0.629 0.616 0.619 0.596 0.619 0.626 0.659 0.649 0.641 0.634 0.619 0.606 0.589 0.576 0.561 0.579 0.569 0.581 0.599 0.564 0.554 0.564
0.539 0.586 0.547 0.302 0.332 0.267 -9999 0.001 0.206 0.215 0.337 0.651 0.667 0.704 0.764 0.863 0.888 0.896 0.871 0.812 0.776 0.74 0.772 0.789 0.674 0.649 0.591 0.611 0.606 0.594 0.614 0.629 0.644 0.646 0.666 0.644 0.636 0.649 0.659 0.674 0.686 0.664 0.641 0.651 0.666 0.676 0.659 0.661 0.631 0.614 0.616 0.629 0.639 0.611 0.561 0.609 0.634 0.634 0.634 0.639 0.611 0.591 0.581 0.566 0.569 0.551 0.569 0.591 0.619 0.586 0.559 0.566
0.541 0.545 0.501 0.565 0.38 0.367 -0.021 -0.045 0.215 0.245 0.286 0.65 0.643 0.71 0.735 0.838 0.874 0.907 0.887 0.797 0.81 0.787 0.773 0.785 0.721 0.606 0.619 0.586 0.614 0.619 0.629 0.634 0.636 0.626 0.649 0.641 0.639 0.646 0.669 0.671 0.649 0.674 0.656 0.651 0.679 0.666 0.644 0.659 0.616 0.626 0.601 0.606 0.594 0.589 0.574 0.594 0.609 0.624 0.621 0.626 0.609 0.591 0.601 0.576 0.569 0.576 0.569 0.571 0.621 0.576 0.566 0.614
0.541 0.502 0.502 0.417 0.291 -0.056 -0.029 -0.046 0.202 0.278 0.335 0.619 0.624 0.651 0.751 0.814 0.864 0.91 0.897 0.787 0.798 0.809 0.779 0.777 0.726 0.651 0.609 0.606 0.611 0.629 0.636 0.641 0.656 0.626 0.651 0.621 0.644 0.646 0.639 0.659 0.651 0.641 0.679 0.686 0.684 0.674 0.651 0.616 0.581 0.599 0.604 0.606 0.606 0.599 0.589 0.586 0.624 0.614 0.636 0.614 0.591 0.576 0.591 0.564 0.551 0.566 0.546 0.569 0.589 0.636 0.641 0.646
0.533 0.462 0.524 0.489 0.285 0.296 -0.059 -0.044 0.221 0.345 0.305 0.572 0.626 0.683 0.719 0.81 0.893 0.902 0.914 0.822 0.798 0.783 0.8 0.747 0.704 0.654 0.584 0.609 0.589 0.614 0.626 0.639 0.644 0.646 0.616 0.626 0.654 0.649 0.664 0.661 0.676 0.676 0.671 0.639 0.659 0.631 0.616 0.614 0.589 0.596 0.606 0.609 0.581 0.579 0.586 0.609 0.619 0.621 0.621 0.601 0.594 0.589 0.566 0.584 0.546 0.549 0.564 0.549 0.571 0.564 0.616 0.714
0.52 0.777 0.616 0.658 0.231 0.273 -0.076 -0.061 -0.059 0.271 0.312 0.536 0.606 0.713 0.702 0.793 0.889 0.899 0.918 0.845 0.789 0.791 0.787 0.766 0.698 0.626 0.601 0.616 0.616 0.619 0.609 0.621 0.616 0.616 0.641 0.631 0.651 0.649 0.646 0.654 0.669 0.651 0.661 0.624 0.636 0.654 0.611 0.611 0.594 0.601 0.569 0.574 0.584 0.566 0.576 0.611 0.609 0.591 0.609 0.596 0.576 0.561 0.556 0.576 0.571 0.556 0.574 0.551 0.581 0.659 0.659 0.721
0.634 0.509 0.648 0.782 0.711 0.434 -0.069 -0.116 -0.056 0.205 0.225 0.524 0.57 0.626 0.735 0.801 0.883 0.9 0.943 0.891 0.777 0.797 0.793 0.765 0.711 0.654 0.599 0.589 0.606 0.614 0.581 0.619 0.604 0.606 0.626 0.656 0.671 0.659 0.654 0.676 0.684 0.644 0.656 0.641 0.624 0.629 0.601 0.604 0.591 0.579 0.589 0.601 0.596 0.599 0.564 0.599 0.621 0.599 0.564 0.599 0.569 0.559 0.559 0.571 0.549 0.556 0.554 0.556 0.586 0.616 0.679 0.766
0.602 0.498 0.628 0.893 0.885 0.594 0.213 0.19 -0.011 0.256 0.545 0.572 0.578 0.648 0.725 0.804 0.894 0.896 0.955 0.896 0.792 0.794 0.807 0.747 0.728 0.691 0.626 0.591 0.596 0.589 0.611 0.611 0.606 0.631 0.611 0.659 0.651 0.634 0.664 0.649 0.661 0.651 0.656 0.624 0.621 0.596 0.636 0.629 0.589 0.631 0.599 0.594 0.599 0.596 0.554 0.601 0.601 0.619 0.586 0.591 0.576 0.571 0.554 0.571 0.551 0.574 0.571 0.549 0.564 0.656 0.719 0.821
0.519 0.523 0.651 0.853 0.881 0.499 0.224 0.183 0.024 0.011 1.184 1.436 0.587 0.663 0.689 0.782 0.854 0.918 0.938 0.931 0.863 0.829 0.826 0.767 0.7 0.66 0.626 0.594 0.574 0.569 0.561 0.611 0.629 0.611 0.639 0.629 0.626 0.619 0.636 0.621 0.619 0.631 0.619 0.596 0.604 0.611 0.624 0.631 0.614 0.596 0.616 0.614 0.601 0.584 0.584 0.624 0.586 0.609 0.586 0.581 0.556 0.556 0.544 0.579 0.556 0.559 0.539 0.534 0.589 0.639 0.736 0.826
0.493 0.54 0.641 0.84 0.783 0.652 0.23 0.215 0.519 0.651 0.287 0.595 0.566 0.663 0.677 0.768 0.841 0.916 0.947 0.962 0.919 0.843 0.832 0.795 0.705 0.642 0.611 0.591 0.586 0.561 0.561 0.571 0.601 0.596 0.596 0.626 0.649 0.631 0.641 0.634 0.634 0.636 0.619 0.589 0.586 0.609 0.604 0.609 0.621 0.576 0.584 0.601 0.586 0.589 0.599 0.584 0.581 0.569 0.589 0.574 0.564 0.559 0.546 0.559 0.541 0.561 0.566 0.591 0.616 0.744 0.811 0.824
0.468 0.556 0.627 0.813 0.832 0.668 0.242 0.289 0.544 -0.005 0.3 0.39 0.531 0.657 0.711 0.733 0.855 0.89 0.943 0.943 0.931 0.884 0.841 0.814 0.734 0.661 0.622 0.591 0.564 0.549 0.569 0.591 0.599 0.619 0.604 0.631 0.619 0.629 0.636 0.604 0.601 0.614 0.606 0.604 0.591 0.589 0.601 0.591 0.579 0.556 0.609 0.589 0.601 0.594 0.576 0.566 0.574 0.566 0.556 0.579 0.541 0.561 0.561 0.564 0.576 0.571 0.679 0.669 0.616 0.724 0.951 1.056
0.482 0.616 0.554 0.715 0.769 0.759 0.35 0.338 0.199 0.031 -0.061 0.328 0.573 0.679 0.684 0.732 0.852 0.879 0.943 0.927 0.952 0.949 0.85 0.836 0.756 0.702 0.625 0.576 0.549 0.564 0.551 0.584 0.614 0.589 0.586 0.606 0.611 0.611 0.619 0.606 0.594 0.594 0.571 0.564 0.566 0.604 0.574 0.586 0.574 0.596 0.586 0.596 0.591 0.586 0.584 0.594 0.596 0.591 0.569 0.544 0.559 0.546 0.554 0.539 0.589 0.551 0.646 0.614 0.654 0.834 0.971 1.151
0.506 0.589 0.525 0.678 0.693 0.635 0.503 0.424 0.141 -0.014 0.398 0.379 0.542 0.647 0.705 0.718 0.851 0.863 0.917 0.932 0.955 0.959 0.873 0.781 0.713 0.682 0.644 0.581 0.541 0.544 0.561 0.554 0.576 0.596 0.574 0.611 0.576 0.593 0.593 0.566 0.558 0.568 0.567 0.564 0.557 0.572 0.585 0.575 0.586 0.586 0.606 0.584 0.571 0.601 0.606 0.601 0.589 0.591 0.586 0.549 0.551 0.554 0.521 0.529 0.544 0.576 0.549 0.589 0.646 0.711 0.864 1.079
0.43 0.562 0.555 0.607 0.709 0.632 0.529 0.429 -0.079 -0.021 -0.054 0.408 0.493 0.642 0.671 0.712 0.851 0.873 0.933 0.948 0.996 0.974 0.881 0.777 0.722 0.68 0.64 0.572 0.554 0.521 0.506 0.526 0.566 0.606 0.576 0.575 0.574 0.576 0.544 0.563 0.549 0.549 0.542 0.533 0.543 0.556 0.583 0.578 0.584 0.594 0.604 0.581 0.599 0.616 0.609 0.609 0.596 0.596 0.596 0.561 0.544 0.544 0.544 0.569 0.529 0.561 0.556 0.631 0.594 0.656 0.746 0.859
0.391 0.579 0.518 0.579 0.653 0.663 0.585 0.41 0.361 -0.044 -0.074 0.42 0.406 0.61 0.637 0.686 0.824 0.857 0.953 0.964 1.002 0.994 0.896 0.786 0.743 0.699 0.663 0.561 0.554 0.531 0.516 0.526 0.564 0.577 0.545 0.562 0.556 0.559 0.55 0.518 0.53 0.516 0.508 0.52 0.535 0.546 0.567 0.572 0.584 0.589 0.577 0.6 0.594 0.621 0.599 0.589 0.599 0.559 0.574 0.541 0.566 0.504 0.544 0.479 0.491 0.564 0.556 0.641 0.571 0.594 0.689 0.789
0.422 0.553 0.495 0.544 0.662 0.676 0.619 0.152 0.247 -0.031 -0.054 -0.061 0.383 0.622 0.592 0.672 0.773 0.851 0.935 0.97 1.014 1.001 0.946 0.819 0.762 0.697 0.658 0.586 0.546 0.531 0.516 0.53 0.544 0.563 0.544 0.54 0.53 0.541 0.498 0.512 0.52 0.503 0.497 0.509 0.543 0.546 0.541 0.57 0.574 0.563 0.578 0.584 0.602 0.614 0.621 0.576 0.574 0.589 0.549 0.531 0.524 0.541 0.501 0.486 0.489 0.556 0.504 0.566 0.544 0.566 0.634 0.779
0.378 0.531 0.487 0.512 0.619 0.75 0.636 0.423 0.249 0.209 -0.052 -0.071 0.278 0.337 0.544 0.636 0.701 0.845 0.899 0.956 1.014 0.971 0.981 0.836 0.733 0.67 0.645 0.591 0.515 0.501 0.515 0.527 0.548 0.511 0.523 0.514 0.513 0.519 0.499 0.503 0.496 0.481 0.493 0.509 0.535 0.541 0.55 0.541 0.559 0.57 0.563 0.576 0.598 0.611 0.605 0.594 0.576 0.554 0.544 0.524 0.521 0.486 0.441 0.456 0.436 0.474 0.499 0.569 0.544 0.581 0.589 0.749
0.312 0.502 0.503 0.479 0.607 0.768 0.748 0.503 0.248 0.192 -0.055 -0.069 0.219 0.224 0.501 0.656 0.699 0.815 0.862 0.927 0.981 0.967 0.973 0.828 0.736 0.682 0.661 0.613 0.508 0.478 0.5 0.508 0.522 0.484 0.499 0.491 0.483 0.51 0.459 0.477 0.452 0.481 0.471 0.474 0.511 0.522 0.553 0.557 0.572 0.567 0.574 0.6 0.591 0.597 0.601 0.583 0.566 0.544 0.524 0.499 0.504 0.449 0.411 0.444 0.451 0.479 0.486 0.519 0.544 0.561 0.581 0.729
0.314 0.434 0.521 0.517 0.637 0.752 0.842 0.592 0.41 0.208 0.176 -0.059 0.161 0.117 0.384 0.631 0.735 0.801 0.82 0.869 0.929 0.945 0.94 0.861 0.724 0.693 0.654 0.625 0.558 0.488 0.494 0.494 0.507 0.475 0.477 0.468 0.473 0.489 0.445 0.47 0.463 0.453 0.461 0.469 0.536 0.527 0.545 0.537 0.595 0.559 0.567 0.599 0.59 0.581 0.576 0.569 0.559 0.529 0.539 0.491 0.441 0.404 0.409 0.469 0.464 0.514 0.484 0.534 0.571 0.569 0.581 0.611
