All_lidar/sz6190_DSM_2M.asc
ncols 500
nrows 500
xllcorner    461000
yllcorner    90000
cellsize     2
NODATA_value -9999
[rows 416 to 447 of 500, columns 284 to 354 of 500]
30.725 30.775 30.828 30.868 30.91 30.925 30.93 30.965 30.985 31.02 31.068 31.07 31.118 31.173 31.22 31.3 31.338 31.378 31.435 31.475 31.51 31.545 31.598 31.645 31.723 31.755 31.778 31.818 31.863 31.9 31.898 31.915 31.948 31.975 32.033 32.04 32.05 32.04 32.065 32.093 32.1 32.135 32.185 32.258 32.313 32.388 32.443 32.793 34.623 34.673 34.635 33.563 32.963 34.003 33.955 32.723 32.175 32.125 32.155 32.025 31.993 32 32.043 32.173 32.14 32.193 32.203 32.14 32.068 32.203 32.293
30.878 30.91 30.948 30.98 31.018 31.05 31.05 31.083 31.118 31.15 31.165 31.21 31.243 31.303 31.363 31.398 31.435 31.533 31.57 31.593 31.618 31.678 31.735 31.778 31.845 31.878 31.9 31.945 31.993 31.998 32.015 32.04 32.06 32.103 32.148 32.14 32.175 32.193 32.178 32.175 32.213 32.223 32.268 32.323 32.4 32.438 32.5 32.598 33.2 34.96 34.523 33.498 33.175 34.51 33.67 32.328 32.223 32.158 32.185 32.18 33.07 33.888 32.643 32.338 32.253 32.25 32.27 32.21 32.175 32.28 32.488
30.988 31.023 31.055 31.125 31.123 31.163 31.175 31.22 31.25 31.258 31.27 31.318 31.35 31.405 31.488 31.5 31.575 31.655 31.673 31.72 31.745 31.788 31.85 31.905 31.958 31.963 32.02 32.068 32.08 32.11 32.143 32.168 32.18 32.24 32.26 32.258 32.278 32.288 32.273 32.315 32.335 32.353 32.375 32.443 32.478 32.513 32.58 32.63 32.738 33.45 33.983 34.093 34.585 35.77 34.51 32.323 32.213 32.215 32.48 32.55 34.043 33.89 35.18 32.973 32.84 32.753 32.363 32.293 32.253 32.415 32.81
31.08 31.138 31.188 31.22 31.225 31.263 31.29 31.32 31.348 31.36 31.403 31.46 31.49 31.55 31.595 31.643 31.715 31.75 31.783 31.835 31.87 31.935 32.003 32.043 32.045 32.078 32.125 32.18 32.223 32.238 32.26 32.285 32.32 32.353 32.343 32.363 32.363 32.38 32.425 32.413 32.445 32.468 32.515 32.548 32.583 32.623 32.67 32.71 32.743 32.87 33.423 34.095 35.438 35.738 34.78 32.5 32.43 32.385 32.768 34.255 34.068 34.768 36.663 36.66 35.158 33.183 32.5 32.403 32.39 32.68 33.213
31.188 31.245 31.29 31.323 31.325 31.38 31.418 31.438 31.473 31.495 31.528 31.57 31.61 31.683 31.708 31.75 31.825 31.875 31.895 31.953 32.018 32.073 32.113 32.14 32.173 32.195 32.248 32.285 32.325 32.345 32.388 32.413 32.42 32.438 32.44 32.465 32.483 32.498 32.52 32.53 32.565 32.585 32.648 32.648 32.668 32.71 32.763 32.805 32.82 32.835 33.13 34.22 35.26 35.34 35.178 34.695 33.025 32.4 33.028 34.67 34.233 36.04 37.245 36.583 34.65 32.708 32.58 32.45 32.578 33.045 33.483
31.305 31.363 31.38 31.405 31.435 31.49 31.515 31.545 31.578 31.595 31.63 31.685 31.758 31.79 31.825 31.88 31.938 31.975 32.003 32.063 32.133 32.19 32.253 32.248 32.27 32.305 32.36 32.41 32.453 32.458 32.503 32.538 32.543 32.555 32.568 32.558 32.593 32.63 32.64 32.655 32.693 32.7 32.743 32.743 32.783 32.803 32.845 32.898 32.928 32.945 32.963 33.363 34.755 35.095 35.245 35.363 35.025 34.333 35.668 34.21 35.195 36.85 37.068 35.53 33.335 32.668 32.665 32.575 32.69 33.215 33.798
31.403 31.448 31.458 31.513 31.563 31.575 31.623 31.64 31.715 31.73 31.79 31.838 31.85 31.898 31.945 32.013 32.048 32.088 32.143 32.21 32.263 32.325 32.36 32.355 32.365 32.44 32.468 32.515 32.568 32.578 32.635 32.645 32.673 32.655 32.66 32.668 32.708 32.725 32.72 32.77 32.813 32.828 32.875 32.855 32.885 32.895 32.933 32.985 33.045 33.04 33.058 33.075 33.333 33.705 34.733 35.19 35.325 35.89 36.035 35.44 36.335 37.24 36.393 34.23 32.953 32.72 32.678 32.678 32.77 33.233 33.58
31.54 31.548 31.575 31.613 31.665 31.69 31.73 31.77 31.81 31.85 31.913 31.955 31.963 32 32.063 32.115 32.158 32.218 32.253 32.338 32.378 32.415 32.443 32.478 32.505 32.54 32.568 32.62 32.65 32.725 32.733 32.745 32.758 32.768 32.785 32.78 32.815 32.825 32.84 32.883 32.933 32.94 32.995 32.993 33.01 33.003 33.043 33.083 33.125 33.17 33.185 33.185 33.175 33.26 34.02 35.128 35.475 36.243 36.358 36.163 37.158 36.925 35.275 32.975 32.885 32.758 32.768 32.758 32.913 33.528 34.2
31.618 31.643 31.683 31.733 31.748 31.775 31.853 31.888 31.935 32.008 32.055 32.07 32.093 32.125 32.18 32.25 32.27 32.333 32.403 32.468 32.51 32.53 32.563 32.588 32.618 32.663 32.708 32.735 32.78 32.81 32.813 32.833 32.853 32.875 32.865 32.885 32.923 32.948 32.96 33.01 33.025 33.025 33.118 33.068 33.113 33.105 33.138 33.198 33.235 33.253 33.288 33.29 33.288 33.308 33.345 33.918 34.868 36.168 37.118 37.31 37.455 36.393 33.988 33.073 32.915 32.918 32.843 32.82 32.998 33.888 34.578
31.703 31.728 31.785 31.818 31.855 31.903 31.955 31.975 32.035 32.125 32.14 32.17 32.205 32.253 32.305 32.348 32.378 32.42 32.5 32.56 32.618 32.623 32.643 32.683 32.735 32.77 32.803 32.83 32.873 32.9 32.91 32.923 32.94 32.968 33.003 32.995 33.04 33.068 33.103 33.118 33.128 33.158 33.188 33.165 33.188 33.235 33.25 33.265 33.328 33.323 33.358 33.373 33.373 33.398 33.415 33.423 33.54 34.333 36.265 37.433 37.465 36.023 33.895 33.158 33.04 33.03 32.96 32.943 33.12 33.735 33.873
31.815 31.848 31.858 31.9 31.968 32.018 32.063 32.09 32.148 32.223 32.258 32.275 32.315 32.388 32.435 32.453 32.518 32.575 32.653 32.658 32.688 32.733 32.753 32.805 32.825 32.865 32.898 32.935 32.96 32.968 33.005 33.028 33.025 33.043 33.108 33.118 33.138 33.17 33.193 33.238 33.243 33.248 33.26 33.25 33.29 33.333 33.338 33.355 33.405 33.428 33.428 33.465 33.48 33.478 33.515 33.543 33.56 33.588 33.918 34.65 35.083 34.655 34.183 33.52 33.333 33.163 33.055 33.04 33.163 33.725 34.38
31.923 31.948 31.965 32.023 32.08 32.12 32.165 32.208 32.278 32.333 32.36 32.423 32.463 32.515 32.55 32.573 32.648 32.693 32.738 32.77 32.793 32.84 32.883 32.91 32.943 32.97 33.02 33.068 33.048 33.058 33.105 33.115 33.133 33.193 33.18 33.233 33.27 33.293 33.293 33.32 33.345 33.333 33.35 33.365 33.388 33.42 33.453 33.478 33.518 33.49 33.51 33.54 33.57 33.583 33.613 33.63 33.65 33.66 33.688 33.753 34.098 34.475 34.573 34.148 33.483 33.23 33.178 33.115 33.213 34.005 35.91
32.013 32.035 32.075 32.128 32.205 32.228 32.288 32.348 32.373 32.428 32.458 32.525 32.595 32.635 32.668 32.713 32.76 32.81 32.843 32.878 32.915 32.948 32.998 33.013 33.045 33.088 33.148 33.135 33.15 33.165 33.188 33.203 33.248 33.3 33.318 33.36 33.398 33.4 33.383 33.435 33.438 33.433 33.458 33.475 33.485 33.518 33.573 33.575 33.605 33.605 33.62 33.633 33.658 33.683 33.708 33.708 33.73 33.753 33.763 33.748 33.74 33.793 33.943 34.138 33.533 33.303 33.393 33.275 33.225 34.158 34.998
32.09 32.145 32.188 32.243 32.303 32.35 32.4 32.468 32.5 32.543 32.625 32.648 32.71 32.75 32.788 32.848 32.883 32.903 32.948 32.978 32.998 33.058 33.113 33.118 33.158 33.193 33.238 33.243 33.248 33.255 33.275 33.313 33.375 33.423 33.445 33.473 33.503 33.5 33.503 33.535 33.515 33.525 33.55 33.58 33.625 33.625 33.663 33.673 33.698 33.708 33.715 33.735 33.73 33.793 33.803 33.81 33.803 33.823 33.87 33.838 33.81 33.735 33.683 33.645 33.48 33.505 34.08 33.488 33.305 34.423 35.465
32.2 32.235 32.318 32.358 32.41 32.48 32.533 32.57 32.593 32.675 32.745 32.783 32.808 32.863 32.923 32.95 32.998 33.018 33.075 33.093 33.135 33.173 33.19 33.22 33.253 33.32 33.313 33.345 33.335 33.343 33.39 33.44 33.485 33.508 33.555 33.585 33.608 33.598 33.623 33.61 33.613 33.635 33.665 33.665 33.713 33.745 33.745 33.763 33.785 33.783 33.795 33.835 33.855 33.838 33.855 33.865 33.885 33.91 33.925 33.898 33.85 33.788 33.733 33.703 33.715 33.75 34.083 33.673 33.433 34.28 34.985
32.288 32.355 32.423 32.475 32.528 32.61 32.63 32.665 32.743 32.808 32.868 32.895 32.93 32.98 33.065 33.08 33.105 33.123 33.165 33.215 33.248 33.268 33.305 33.32 33.373 33.403 33.428 33.428 33.435 33.463 33.518 33.555 33.593 33.625 33.658 33.693 33.705 33.72 33.715 33.718 33.728 33.765 33.755 33.785 33.828 33.848 33.823 33.853 33.885 33.883 33.89 33.925 33.945 33.96 33.968 33.94 33.98 33.988 33.98 33.968 33.913 33.865 33.84 33.835 33.828 33.855 34.013 33.725 33.503 33.803 34.478
32.423 32.498 32.535 32.595 32.65 32.703 32.743 32.805 32.875 32.935 32.973 33.023 33.048 33.113 33.165 33.183 33.213 33.253 33.283 33.343 33.355 33.37 33.388 33.43 33.468 33.485 33.513 33.52 33.525 33.578 33.635 33.645 33.695 33.735 33.745 33.76 33.793 33.808 33.8 33.835 33.855 33.868 33.88 33.9 33.918 33.905 33.913 33.928 33.968 33.973 33.983 34.02 34.048 34.02 34.033 34.053 34.058 34.048 34.055 34.038 34.025 34.013 33.978 33.96 33.935 33.935 34.1 33.76 33.645 33.8 34.18
32.538 32.61 32.668 32.708 32.77 32.823 32.873 32.94 32.978 33.035 33.07 33.135 33.18 33.238 33.245 33.283 33.338 33.37 33.433 33.438 33.478 33.48 33.513 33.53 33.54 33.56 33.575 33.613 33.653 33.71 33.733 33.778 33.813 33.815 33.843 33.853 33.883 33.88 33.895 33.93 33.97 33.975 33.983 34.003 34.028 33.995 34.015 34.018 34.048 34.063 34.105 34.118 34.11 34.12 34.15 34.155 34.148 34.158 34.158 34.148 34.16 34.095 34.083 34.073 34.055 34.108 34.178 33.82 33.813 33.898 33.975
32.66 32.72 32.775 32.82 32.875 32.948 32.995 33.058 33.11 33.158 33.18 33.243 33.3 33.325 33.353 33.413 33.433 33.483 33.523 33.525 33.555 33.598 33.628 33.623 33.64 33.653 33.67 33.693 33.755 33.82 33.858 33.903 33.925 33.923 33.94 33.95 33.963 33.968 34.005 34.058 34.063 34.073 34.09 34.095 34.095 34.12 34.128 34.11 34.133 34.15 34.2 34.195 34.2 34.228 34.22 34.248 34.245 34.245 34.248 34.253 34.213 34.175 34.178 34.168 34.168 34.25 34.403 33.948 33.908 33.975 33.98
32.77 32.825 32.883 32.928 33.003 33.06 33.13 33.175 33.23 33.273 33.318 33.373 33.403 33.415 33.473 33.508 33.548 33.598 33.625 33.635 33.648 33.7 33.708 33.688 33.723 33.755 33.793 33.808 33.878 33.943 33.965 34.005 34.013 34.02 34.018 34.053 34.048 34.078 34.148 34.143 34.15 34.215 34.203 34.213 34.208 34.223 34.223 34.238 34.26 34.273 34.285 34.268 34.283 34.298 34.32 34.353 34.338 34.33 34.328 34.343 34.28 34.295 34.263 34.27 34.245 34.363 34.833 34.05 33.983 34.05 34.035
32.885 32.945 33.008 33.05 33.11 33.18 33.26 33.315 33.34 33.39 33.433 33.475 33.518 33.54 33.568 33.635 33.658 33.678 33.748 33.753 33.76 33.788 33.793 33.793 33.83 33.87 33.943 33.955 34 34.04 34.085 34.115 34.1 34.128 34.138 34.133 34.168 34.203 34.248 34.233 34.25 34.263 34.278 34.293 34.303 34.325 34.308 34.32 34.37 34.368 34.378 34.39 34.395 34.4 34.428 34.443 34.425 34.425 34.405 34.39 34.353 34.363 34.38 34.405 34.39 34.603 35.418 34.105 34.033 34.135 34.128
33.02 33.063 33.103 33.19 33.23 33.288 33.373 33.413 33.453 33.51 33.545 33.585 33.613 33.645 33.663 33.713 33.788 33.813 33.838 33.85 33.885 33.888 33.888 33.913 33.963 33.998 34.04 34.068 34.108 34.143 34.185 34.18 34.22 34.25 34.23 34.245 34.253 34.315 34.325 34.343 34.378 34.37 34.37 34.388 34.4 34.408 34.418 34.433 34.46 34.448 34.48 34.498 34.493 34.513 34.518 34.53 34.508 34.525 34.535 34.473 34.435 34.448 34.468 34.48 34.475 35.07 35.443 34.128 34.118 34.255 34.235
33.125 33.173 33.243 33.318 33.36 33.408 33.458 33.523 33.593 33.63 33.653 33.7 33.73 33.753 33.793 33.825 33.87 33.905 33.945 33.965 33.955 33.968 34.023 34.033 34.068 34.12 34.125 34.18 34.228 34.26 34.275 34.303 34.308 34.33 34.308 34.33 34.39 34.395 34.408 34.46 34.463 34.47 34.48 34.495 34.503 34.498 34.525 34.525 34.54 34.548 34.553 34.608 34.583 34.623 34.623 34.608 34.588 34.6 34.58 34.54 34.535 34.53 34.555 34.57 34.588 35.633 35.235 34.215 34.228 34.328 34.358
33.245 33.308 33.358 33.433 33.48 33.533 33.583 33.645 33.688 33.74 33.758 33.793 33.855 33.868 33.925 33.968 33.975 34.003 34.055 34.048 34.055 34.088 34.115 34.17 34.198 34.243 34.253 34.285 34.318 34.343 34.393 34.395 34.41 34.385 34.425 34.455 34.48 34.468 34.513 34.548 34.555 34.555 34.578 34.59 34.598 34.605 34.618 34.615 34.663 34.653 34.663 34.705 34.69 34.7 34.715 34.708 34.688 34.703 34.628 34.598 34.623 34.618 34.638 34.645 34.705 35.683 34.408 34.22 34.355 34.433 34.425
33.353 33.423 33.518 33.55 33.593 33.663 33.703 33.798 33.818 33.835 33.863 33.945 33.963 33.98 34.035 34.03 34.085 34.135 34.148 34.148 34.133 34.218 34.228 34.27 34.328 34.328 34.36 34.405 34.413 34.45 34.453 34.498 34.5 34.503 34.523 34.57 34.573 34.568 34.603 34.633 34.645 34.665 34.675 34.678 34.67 34.698 34.693 34.708 34.733 34.743 34.765 34.78 34.785 34.79 34.775 34.773 34.775 34.763 34.693 34.698 34.708 34.705 34.723 34.738 34.88 35.06 34.378 34.36 34.53 34.545 34.478
33.49 33.553 33.635 33.675 33.74 33.778 33.818 33.87 33.908 33.938 33.968 34.04 34.09 34.113 34.113 34.14 34.173 34.23 34.238 34.24 34.255 34.318 34.35 34.393 34.433 34.438 34.485 34.478 34.513 34.51 34.565 34.593 34.6 34.613 34.63 34.633 34.655 34.665 34.705 34.715 34.745 34.743 34.763 34.753 34.8 34.79 34.785 34.81 34.823 34.845 34.868 34.895 34.885 34.838 34.863 34.855 34.84 34.813 34.778 34.775 34.785 34.808 34.793 34.848 35.023 34.76 34.425 34.5 34.65 34.62 34.518
33.628 33.71 33.758 33.798 33.843 33.895 33.923 33.978 34.018 34.048 34.1 34.135 34.195 34.205 34.243 34.27 34.305 34.325 34.323 34.36 34.375 34.443 34.48 34.503 34.528 34.558 34.568 34.583 34.608 34.63 34.668 34.643 34.633 34.705 34.718 34.718 34.758 34.758 34.785 34.818 34.805 34.828 34.845 34.863 34.87 34.875 34.9 34.903 34.94 34.945 34.963 34.953 34.933 34.93 34.933 34.93 34.898 34.86 34.873 34.898 34.88 34.895 34.898 35.475 35.165 34.56 34.493 34.66 34.72 34.665 34.61
33.783 33.828 33.875 33.94 33.98 34.013 34.028 34.078 34.103 34.14 34.208 34.255 34.293 34.3 34.353 34.375 34.4 34.415 34.423 34.465 34.52 34.533 34.588 34.6 34.63 34.633 34.668 34.68 34.688 34.75 34.735 34.738 34.758 34.788 34.783 34.803 34.83 34.858 34.873 34.878 34.928 34.923 34.93 34.933 34.943 34.975 34.99 35.03 35.028 35.035 35.048 35.023 35.033 35.018 35.038 35.005 34.968 34.965 34.985 34.983 34.985 34.98 35.258 36.33 34.938 34.62 34.668 34.723 34.755 34.725 34.655
33.935 33.943 33.978 34.04 34.098 34.118 34.145 34.193 34.198 34.263 34.298 34.345 34.378 34.408 34.45 34.47 34.513 34.515 34.56 34.585 34.633 34.663 34.673 34.71 34.718 34.748 34.765 34.765 34.81 34.828 34.823 34.843 34.865 34.898 34.885 34.918 34.933 34.938 34.965 34.983 34.97 34.985 35.018 35.025 35.02 35.068 35.085 35.12 35.135 35.155 35.133 35.103 35.113 35.105 35.11 35.08 35.023 35.018 35.048 35.068 35.055 35.293 36.02 35.465 34.715 34.683 34.81 34.818 34.838 34.818 34.703
34.023 34.058 34.088 34.158 34.195 34.24 34.25 34.3 34.345 34.353 34.418 34.463 34.485 34.533 34.548 34.58 34.588 34.643 34.713 34.723 34.738 34.775 34.758 34.798 34.828 34.845 34.863 34.888 34.905 34.89 34.903 34.948 34.968 34.97 34.99 35.003 35.03 35.04 35.053 35.068 35.055 35.093 35.11 35.128 35.148 35.16 35.2 35.213 35.225 35.218 35.208 35.175 35.188 35.205 35.168 35.128 35.12 35.118 35.103 35.15 35.153 36.043 36.208 34.895 34.788 34.858 34.888 34.89 34.9 34.87 34.718
34.13 34.18 34.21 34.27 34.325 34.333 34.36 34.418 34.435 34.495 34.528 34.56 34.598 34.633 34.658 34.688 34.698 34.738 34.813 34.83 34.873 34.858 34.863 34.895 34.895 34.915 34.965 35.008 34.99 35.01 35.028 35.045 35.055 35.083 35.105 35.078 35.125 35.12 35.145 35.165 35.15 35.18 35.185 35.208 35.235 35.293 35.305 35.298 35.32 35.31 35.278 35.255 35.285 35.245 35.24 35.198 35.218 35.208 35.228 35.21 35.815 36.658 35.34 34.885 34.853 34.963 34.963 34.938 34.943 34.893 34.728
34.23 34.285 34.333 34.4 34.403 34.465 34.483 34.545 34.575 34.615 34.63 34.665 34.713 34.718 34.75 34.785 34.835 34.855 34.925 34.975 34.965 34.963 34.98 34.995 35.003 35.035 35.075 35.098 35.085 35.105 35.148 35.143 35.125 35.143 35.198 35.21 35.218 35.215 35.208 35.235 35.248 35.285 35.263 35.325 35.345 35.373 35.38 35.395 35.398 35.37 35.323 35.355 35.365 35.33 35.278 35.283 35.285 35.295 35.308 35.498 36.485 35.963 35.053 34.91 35.018 35.058 35.02 34.98 34.983 34.87 34.755
