All_lidar/sz6189_DSM_2M.asc
ncols 500
nrows 500
xllcorner    461000
yllcorner    89000
cellsize     2
NODATA_value -9999
[rows 192 to 223 of 500, columns 213 to 283 of 500]
51.022 50.975 50.952 50.932 50.945 50.927 50.972 50.952 50.94 50.957 50.98 51.002 50.977 50.93 50.95 50.96 50.972 50.967 50.98 50.98 51.012 51.012 51.045 51.087 51.057 51.09 51.097 51.107 51.082 51.105 51.14 51.127 51.135 51.117 51.117 51.117 51.125 51.135 51.122 51.127 51.13 51.137 51.19 51.177 51.2 51.182 51.187 51.125 51.16 51.21 51.185 51.257 51.42 51.397 54.025 54.51 54.167 52.37 51.677 51.267 51.075 50.967 50.932 50.86 50.83 50.832 50.792 50.82 50.795 50.762 50.717
51.057 51.05 51.005 51.062 51.037 51.017 51.037 51.012 51.03 51.037 51.065 51.055 51.042 51.032 51.03 51.045 51.077 51.065 51.077 51.135 51.142 51.125 51.205 51.21 51.197 51.197 51.197 51.205 51.192 51.192 51.222 51.212 51.197 51.192 51.235 51.232 51.192 51.195 51.175 51.165 51.195 51.195 51.202 51.2 51.2 51.19 51.267 51.185 51.235 51.217 51.247 51.247 51.185 51.122 53.38 54.6 54.155 53.36 51.88 51.435 51.142 51.047 50.985 50.962 50.932 50.89 50.84 50.86 50.822 50.8 50.792
51.13 51.102 51.117 51.132 51.117 51.092 51.127 51.14 51.152 51.14 51.107 51.127 51.142 51.15 51.18 51.167 51.185 51.205 51.187 51.247 51.292 51.275 51.307 51.305 51.27 51.3 51.295 51.297 51.335 51.305 51.295 51.287 51.257 51.285 51.285 51.297 51.267 51.255 51.257 51.25 51.227 51.21 51.212 51.215 51.185 51.275 51.305 51.282 51.252 51.285 51.242 51.192 51.005 51.055 52.945 53.845 54.297 53.532 51.777 51.457 51.195 51.11 51.09 51.027 50.977 50.93 50.91 50.905 50.897 50.842 50.827
51.232 51.21 51.222 51.225 51.215 51.185 51.205 51.192 51.185 51.2 51.22 51.235 51.232 51.295 51.227 51.282 51.312 51.322 51.355 51.345 51.352 51.337 51.392 51.407 51.395 51.397 51.407 51.387 51.375 51.392 51.39 51.357 51.342 51.385 51.395 51.39 51.35 51.325 51.315 51.292 51.282 51.282 51.255 51.282 51.277 51.285 51.302 51.285 51.3 51.282 51.272 51.21 51.125 51.445 53.122 53.177 53.525 53.575 51.46 51.347 51.28 51.232 51.172 51.092 51.027 50.992 50.992 50.97 50.955 50.892 50.872
51.32 51.292 51.285 51.272 51.265 51.287 51.242 51.267 51.277 51.287 51.315 51.315 51.312 51.377 51.352 51.42 51.427 51.4 51.44 51.445 51.447 51.457 51.47 51.46 51.477 51.455 51.46 51.472 51.452 51.435 51.437 51.415 51.44 51.452 51.47 51.422 51.352 51.35 51.38 51.345 51.357 51.417 51.39 51.357 51.362 51.365 51.307 51.355 51.362 51.325 51.3 52.15 53.222 53.27 53.972 51.672 51.92 51.775 51.375 51.37 51.31 51.267 51.207 51.135 51.08 51.052 51.042 51.002 50.99 50.932 50.917
51.395 51.392 51.397 51.355 51.345 51.327 51.37 51.405 51.392 51.437 51.455 51.415 51.45 51.467 51.505 51.512 51.505 51.48 51.532 51.56 51.535 51.525 51.547 51.545 51.542 51.527 51.545 51.56 51.56 51.507 51.51 51.517 51.52 51.467 51.482 51.515 51.445 51.44 51.482 51.47 51.435 51.407 51.42 51.417 51.41 51.42 51.407 51.397 51.49 53.002 53.957 54.335 53.55 53.172 53.257 51.557 51.402 51.477 51.41 51.407 51.307 51.242 51.185 51.175 51.13 51.09 51.072 51.045 51.012 50.982 50.965
51.432 51.49 51.47 51.45 51.435 51.43 51.48 51.5 51.492 51.535 51.542 51.542 51.58 51.562 51.58 51.592 51.63 51.632 51.627 51.62 51.62 51.592 51.61 51.645 51.617 51.612 51.627 51.645 51.607 51.595 51.585 51.585 51.532 51.505 51.517 51.577 51.52 51.535 51.5 51.507 51.492 51.51 51.507 51.49 51.49 51.4 51.405 51.892 53.64 55.395 55.055 52.327 51.915 51.677 51.482 51.487 51.475 51.46 51.407 51.337 51.33 51.275 51.245 51.207 51.175 51.145 51.115 51.102 51.065 51.025 50.995
51.547 51.582 51.575 51.547 51.5 51.602 51.717 51.645 51.617 51.605 51.602 51.617 51.595 51.642 51.672 51.642 51.68 51.652 51.652 51.655 51.675 51.692 51.695 51.682 51.717 51.717 51.72 51.71 51.665 51.597 51.607 51.61 51.6 51.587 51.59 51.587 51.587 51.572 51.577 51.53 51.537 51.555 51.507 51.432 51.457 52.317 53.687 54.227 52.867 52.597 51.757 51.492 51.51 51.56 51.542 51.537 51.472 51.402 51.392 51.367 51.367 51.355 51.317 51.26 51.227 51.202 51.155 51.135 51.115 51.087 51.03
51.637 51.632 51.62 51.617 51.627 51.622 51.732 51.702 51.68 51.692 51.657 51.692 51.707 51.725 51.76 51.727 51.735 51.735 51.75 51.742 51.747 51.772 51.815 51.775 51.777 51.787 51.737 51.672 51.69 51.652 51.665 51.647 51.707 51.682 51.637 51.617 51.652 51.647 51.61 51.59 51.52 51.47 51.62 52.575 53.407 53.83 52.53 51.962 51.61 51.497 51.502 51.522 51.542 51.56 51.512 51.482 51.45 51.427 51.43 51.445 51.42 51.412 51.367 51.332 51.282 51.257 51.237 51.175 51.16 51.142 51.1
51.72 51.702 51.732 51.752 51.765 51.747 51.772 51.767 51.8 51.78 51.775 51.777 51.807 51.795 51.805 51.792 51.83 51.86 51.85 51.887 51.885 51.835 51.83 51.852 51.81 51.742 51.775 51.732 51.742 51.757 51.76 51.732 51.732 51.702 51.697 51.685 51.712 51.652 51.577 51.567 53.802 53.357 54.947 53.085 52.525 52.17 51.69 51.58 51.625 51.617 51.595 51.58 51.547 51.5 51.49 51.522 51.485 51.482 51.502 51.512 51.497 51.45 51.405 51.372 51.355 51.312 51.262 51.227 51.212 51.172 51.157
51.81 51.78 51.82 51.83 51.827 51.89 51.842 51.84 51.892 51.86 51.852 51.837 51.89 51.877 51.925 51.895 51.885 51.952 51.977 51.975 51.902 51.872 51.827 51.815 51.825 51.797 51.855 51.832 51.855 51.765 51.752 51.787 51.802 51.787 51.775 51.717 51.645 51.662 52.1 54.575 56.515 53.177 54.02 52.045 51.657 51.63 51.71 51.752 51.66 51.63 51.6 51.56 51.542 51.565 51.557 51.555 51.54 51.537 51.557 51.552 51.55 51.47 51.442 51.41 51.397 51.36 51.317 51.285 51.25 51.257 51.227
51.922 51.892 51.927 51.91 51.95 51.947 51.917 51.897 51.92 51.897 51.905 51.915 51.917 51.945 51.995 51.997 52 51.967 51.952 51.975 51.907 51.862 51.877 51.887 51.825 51.922 51.9 51.867 51.842 51.855 51.81 51.845 51.807 51.775 51.7 51.702 52.602 53.962 53.457 53.212 53.142 52.895 52.367 51.68 51.752 51.777 51.705 51.675 51.652 51.577 51.617 51.632 51.62 51.61 51.6 51.595 51.582 51.577 51.587 51.597 51.572 51.527 51.482 51.462 51.427 51.397 51.362 51.352 51.315 51.3 51.262
51.975 51.99 51.965 51.98 51.99 51.975 51.97 51.977 51.995 51.99 51.977 51.965 51.95 52.015 52.087 52.057 52.042 51.997 51.99 51.932 51.972 51.955 51.995 51.92 51.912 51.905 51.932 51.935 51.91 51.937 51.9 51.805 51.825 51.94 52.882 53.715 53.997 54.627 53.222 52.112 51.737 51.617 51.735 51.787 51.755 51.78 51.677 51.652 51.657 51.67 51.67 51.652 51.645 51.657 51.642 51.647 51.632 51.615 51.63 51.632 51.625 51.592 51.535 51.515 51.495 51.477 51.427 51.402 51.385 51.345 51.317
52.07 52.05 52.032 52.065 52.057 52.062 52.077 52.06 52.05 52.067 52.072 52.105 52.047 52.065 52.117 52.04 52.1 52.01 52.045 51.962 52.047 52.047 52.035 52.015 52.007 52.005 51.967 51.982 51.955 51.91 51.87 52.867 53.622 53.952 53.345 53.02 52.85 52.065 51.755 51.767 51.795 51.827 51.785 51.805 51.73 51.662 51.685 51.71 51.722 51.712 51.7 51.707 51.69 51.692 51.702 51.7 51.682 51.68 51.682 51.67 51.67 51.625 51.592 51.58 51.545 51.512 51.495 51.46 51.41 51.402 51.337
52.15 52.097 52.095 52.13 52.11 52.16 52.157 52.11 52.112 52.157 52.107 52.137 52.085 52.057 52.105 52.05 52.107 52.03 52.105 52.085 52.077 52.042 52.032 52.037 52.062 52 52.04 52.012 52.16 53.427 53.975 54.345 55.385 53.332 52.47 52.125 51.895 51.86 51.877 51.865 51.86 51.84 51.777 51.74 51.747 51.752 51.762 51.747 51.767 51.747 51.752 51.752 51.73 51.707 51.697 51.745 51.747 51.74 51.725 51.707 51.69 51.665 51.625 51.612 51.585 51.547 51.517 51.507 51.46 51.42 51.37
52.175 52.167 52.19 52.18 52.205 52.25 52.222 52.185 52.202 52.205 52.162 52.17 52.092 52.117 52.147 52.127 52.177 52.117 52.112 52.137 52.127 52.07 52.125 52.132 52.06 51.982 52.985 53.817 54.332 54.205 54.08 53.1 54.642 52.562 52.01 52.03 51.997 51.955 51.942 51.885 51.832 51.792 51.807 51.82 51.812 51.81 51.81 51.812 51.827 51.777 51.792 51.77 51.742 51.752 51.757 51.767 51.777 51.76 51.755 51.707 51.702 51.677 51.682 51.635 51.63 51.6 51.54 51.532 51.52 51.47 51.432
52.23 52.237 52.295 52.292 52.327 52.34 52.287 52.237 52.22 52.152 52.187 52.225 52.177 52.235 52.242 52.185 52.195 52.137 52.165 52.18 52.167 52.16 52.14 52.325 52.977 53.867 53.642 54.412 54.567 53.035 52.34 53.095 52.76 52.045 52.012 52.005 51.992 51.96 51.877 51.855 51.857 51.865 51.857 51.87 51.892 51.892 51.907 51.885 51.847 51.817 51.81 51.81 51.812 51.805 51.802 51.785 51.762 51.757 51.76 51.75 51.732 51.722 51.71 51.665 51.652 51.625 51.587 51.552 51.53 51.532 51.485
52.312 52.385 52.362 52.382 52.4 52.36 52.277 52.26 52.292 52.207 52.23 52.302 52.295 52.29 52.257 52.245 52.28 52.262 52.24 52.24 52.147 52.112 52.54 53.62 54.172 53.897 53.44 53.13 52.197 52.037 52.097 52.087 52.095 52.06 52.087 51.977 51.945 51.917 51.937 51.942 51.942 51.957 51.942 51.95 51.945 51.945 51.915 51.87 51.877 51.875 51.887 51.862 51.855 51.837 51.825 51.827 51.787 51.78 51.767 51.767 51.755 51.725 51.712 51.677 51.69 51.637 51.637 51.612 51.59 51.582 51.505
52.427 52.43 52.412 52.412 52.392 52.317 52.3 52.35 52.332 52.352 52.34 52.332 52.292 52.312 52.307 52.312 52.285 52.235 52.192 52.797 53.3 53.785 53.982 53.812 53.435 52.542 52.412 52.15 52.162 52.182 52.17 52.13 52.11 52.055 51.98 51.99 52.01 52.002 52.017 52.017 52.017 52.025 52.027 52.015 51.985 51.965 51.947 51.952 51.932 51.935 51.912 51.902 51.875 51.882 51.857 51.837 51.812 51.787 51.795 51.777 51.767 51.755 51.735 51.72 51.695 51.69 51.68 51.64 51.595 51.585 51.522
52.455 52.47 52.417 52.415 52.375 52.352 52.39 52.362 52.345 52.36 52.38 52.35 52.357 52.337 52.307 52.255 52.515 53.025 54.655 54.835 54.557 54.01 53.035 52.605 52.465 52.217 52.267 52.2 52.22 52.19 52.147 52.1 52.057 52.077 52.082 52.092 52.087 52.085 52.08 52.065 52.085 52.087 52.052 52.047 52.037 52.025 52.01 51.997 52.007 51.967 51.95 51.955 51.92 51.907 51.895 51.875 51.86 51.825 51.805 51.782 51.777 51.76 51.762 51.745 51.732 51.717 51.672 51.65 51.602 51.58 51.567
52.46 52.437 52.402 52.395 52.455 52.455 52.417 52.397 52.4 52.445 52.452 52.392 52.327 52.3 52.31 53.245 54.337 55.577 54.867 54.027 52.867 52.472 52.382 52.307 52.28 52.27 52.26 52.245 52.205 52.147 52.117 52.122 52.145 52.152 52.15 52.15 52.16 52.15 52.147 52.137 52.122 52.117 52.082 52.077 52.072 52.07 52.037 52.017 52.015 52.002 51.98 51.95 51.935 51.927 51.892 51.88 51.86 51.84 51.827 51.807 51.8 51.802 51.795 51.762 51.742 51.71 51.697 51.677 51.645 51.617 51.6
52.52 52.475 52.542 52.522 52.465 52.487 52.452 52.49 52.462 52.455 52.397 52.367 52.61 53.662 54.257 54.505 54.89 54.747 53.322 52.472 52.31 52.317 52.37 52.355 52.302 52.272 52.237 52.202 52.185 52.22 52.222 52.237 52.215 52.242 52.225 52.202 52.2 52.205 52.197 52.185 52.177 52.145 52.145 52.152 52.107 52.087 52.055 52.07 52.045 52.035 52.007 51.992 51.937 51.937 51.92 51.885 51.89 51.867 51.865 51.85 51.845 51.81 51.802 51.767 51.752 51.747 51.712 51.705 51.68 51.647 51.64
52.57 52.547 52.53 52.567 52.575 52.535 52.515 52.497 52.442 52.415 52.657 53.107 54.887 55.702 54.1 52.625 52.51 52.467 52.352 52.382 52.427 52.412 52.41 52.362 52.327 52.252 52.225 52.26 52.28 52.267 52.297 52.295 52.282 52.302 52.267 52.252 52.245 52.24 52.235 52.25 52.225 52.175 52.172 52.16 52.14 52.127 52.122 52.095 52.065 52.052 52.047 52.022 52.002 51.952 51.942 51.927 51.915 51.897 51.887 51.865 51.852 51.812 51.792 51.79 51.757 51.752 51.732 51.725 51.687 51.667 51.662
52.55 52.542 52.605 52.625 52.64 52.63 52.56 52.557 53.262 55.032 55.712 54.572 53.802 52.565 52.5 52.597 52.44 52.395 52.542 52.417 52.412 52.402 52.35 52.295 52.295 52.3 52.322 52.33 52.325 52.337 52.34 52.33 52.312 52.33 52.322 52.327 52.31 52.307 52.277 52.247 52.227 52.217 52.197 52.192 52.182 52.16 52.15 52.125 52.092 52.1 52.065 52.015 52.005 51.99 51.992 51.94 51.945 51.905 51.877 51.867 51.837 51.835 51.81 51.8 51.762 51.755 51.737 51.712 51.697 51.697 51.665
52.622 52.67 52.68 52.682 52.627 52.652 52.755 53.42 54.777 55.242 55.267 54.075 52.732 52.417 52.44 52.505 52.59 52.477 52.465 52.447 52.375 52.332 52.335 52.34 52.36 52.36 52.375 52.375 52.38 52.387 52.377 52.382 52.36 52.377 52.39 52.382 52.375 52.347 52.325 52.29 52.272 52.262 52.245 52.21 52.207 52.19 52.175 52.17 52.127 52.1 52.095 52.067 52.055 52.027 52.002 51.967 51.952 51.932 51.907 51.875 51.84 51.822 51.812 51.81 51.78 51.767 51.752 51.725 51.725 51.715 51.707
52.732 52.71 52.647 52.657 53.082 53.395 53.84 54.182 53.965 53.932 53.17 53.667 52.702 52.54 52.547 52.527 52.512 52.48 52.445 52.382 52.375 52.39 52.385 52.397 52.427 52.42 52.43 52.435 52.425 52.445 52.442 52.445 52.44 52.427 52.44 52.422 52.377 52.372 52.355 52.33 52.315 52.297 52.282 52.26 52.235 52.227 52.19 52.17 52.142 52.14 52.117 52.097 52.075 52.057 52.025 51.962 51.955 51.927 51.917 51.875 51.865 51.87 51.84 51.822 51.82 51.8 51.787 51.78 51.765 51.75 51.722
52.792 52.93 54.467 54.585 54.84 53.817 53.492 53.95 52.657 52.607 52.63 52.725 52.697 52.597 52.567 52.527 52.465 52.46 52.442 52.43 52.42 52.44 52.447 52.467 52.472 52.465 52.472 52.487 52.475 52.49 52.485 52.495 52.465 52.437 52.457 52.455 52.42 52.41 52.38 52.345 52.325 52.327 52.3 52.287 52.247 52.252 52.242 52.222 52.205 52.172 52.13 52.122 52.1 52.067 52.032 52.002 51.987 51.932 51.92 51.92 51.905 51.872 51.862 51.842 51.85 51.815 51.795 51.797 51.767 51.767 51.71
53.325 55.595 56.245 54.43 53.735 52.81 52.687 52.695 52.697 52.712 52.68 52.692 52.66 52.602 52.535 52.507 52.5 52.477 52.485 52.505 52.497 52.515 52.527 52.502 52.52 52.517 52.527 52.547 52.53 52.552 52.545 52.53 52.51 52.497 52.5 52.465 52.447 52.435 52.42 52.395 52.377 52.372 52.34 52.31 52.292 52.282 52.26 52.252 52.217 52.192 52.167 52.137 52.1 52.082 52.077 52.022 52.012 51.982 51.94 51.947 51.927 51.895 51.875 51.865 51.85 51.842 51.842 51.837 51.767 51.767 51.74
53.497 54.13 54.117 53.147 52.937 52.782 52.81 52.807 52.815 52.732 52.722 52.647 52.577 52.59 52.552 52.565 52.565 52.562 52.562 52.572 52.595 52.552 52.56 52.592 52.572 52.585 52.582 52.595 52.565 52.577 52.577 52.582 52.562 52.547 52.537 52.492 52.485 52.472 52.462 52.43 52.42 52.4 52.37 52.372 52.362 52.322 52.297 52.282 52.265 52.182 52.167 52.177 52.122 52.107 52.095 52.065 52.03 52.032 52.015 51.967 51.952 51.92 51.92 51.905 51.87 51.852 51.83 51.832 51.817 51.8 51.787
53.187 52.855 53.057 52.895 52.912 52.902 52.827 52.817 52.765 52.712 52.635 52.63 52.607 52.605 52.592 52.622 52.62 52.645 52.625 52.622 52.617 52.607 52.62 52.625 52.625 52.62 52.625 52.622 52.607 52.61 52.612 52.597 52.59 52.582 52.57 52.532 52.525 52.53 52.497 52.47 52.477 52.44 52.42 52.392 52.36 52.335 52.315 52.285 52.267 52.25 52.227 52.205 52.147 52.145 52.145 52.105 52.075 52.055 52.025 51.992 51.982 51.95 51.932 51.915 51.902 51.885 51.88 51.882 51.85 51.84 51.822
52.89 52.825 52.915 52.9 52.902 52.842 52.83 52.772 52.697 52.697 52.695 52.67 52.667 52.695 52.69 52.715 52.685 52.705 52.707 52.672 52.672 52.685 52.672 52.67 52.675 52.66 52.655 52.672 52.665 52.665 52.67 52.652 52.635 52.612 52.615 52.577 52.547 52.555 52.52 52.497 52.507 52.482 52.457 52.432 52.4 52.382 52.325 52.315 52.292 52.277 52.235 52.232 52.232 52.182 52.172 52.147 52.117 52.087 52.052 52.02 51.995 51.975 51.957 51.945 51.927 51.912 51.922 51.905 51.87 51.842 51.815
53.005 52.945 52.915 52.945 52.877 52.807 52.772 52.76 52.732 52.735 52.715 52.747 52.742 52.745 52.747 52.737 52.74 52.732 52.732 52.732 52.73 52.72 52.697 52.69 52.707 52.687 52.692 52.705 52.717 52.692 52.697 52.685 52.675 52.637 52.63 52.612 52.595 52.595 52.582 52.537 52.512 52.51 52.46 52.455 52.415 52.412 52.36 52.357 52.33 52.302 52.307 52.27 52.277 52.205 52.182 52.157 52.125 52.1 52.065 52.055 52.017 52.005 52.002 51.96 51.937 51.92 51.932 51.905 51.885 51.86 51.832
