All_lidar/sz6187_DSM_2M.asc
ncols 500
nrows 500
xllcorner    461000
yllcorner    87000
cellsize     2
NODATA_value -9999
[rows 204 to 237 of 500, columns 308 to 384 of 500]
0.551 0.584 0.204 0.091 0.616 0.469 0.201 0.956 0.464 0.346 0.446 0.329 0.339 0.741 0.801 0.309 0.286 0.101 -0.201 -0.184 -0.201 -0.121 -0.089 -0.034 0.024 0.069 0.056 0.106 0.124 0.106 0.111 0.156 0.146 0.154 0.164 0.164 0.166 0.139 0.159 0.124 0.126 0.121 0.191 0.149 0.209 0.199 0.171 0.161 0.161 0.184 0.149 0.156 0.104 0.119 0.091 0.114 0.146 0.166 0.161 0.156 0.184 0.174 0.164 0.164 0.141 0.121 0.109 0.126 0.126 0.124 0.151 0.141 0.131 0.129 0.101 0.126 0.141
0.669 0.596 0.444 0.256 0.441 0.516 0.076 0.556 0.414 0.294 0.344 0.239 0.381 0.446 1.359 0.194 -0.014 -0.196 -0.236 -0.231 -0.136 -0.081 -0.059 -0.014 0.044 0.069 0.101 0.164 0.141 0.124 0.121 0.124 0.151 0.181 0.176 0.179 0.186 0.159 0.179 0.156 0.171 0.201 0.224 0.201 0.194 0.204 0.204 0.171 0.221 0.191 0.184 0.184 0.136 0.101 0.124 0.139 0.106 0.169 0.159 0.189 0.176 0.174 0.174 0.184 0.199 0.211 0.196 0.184 0.204 0.174 0.174 0.164 0.191 0.151 0.136 0.159 0.156
0.446 0.461 0.241 0.214 0.359 0.256 0.276 0.561 0.309 0.351 0.504 0.421 0.591 0.456 0.306 -0.101 -0.164 -0.189 -0.221 -0.159 -0.089 -0.044 -0.031 0.019 0.071 0.064 0.081 0.121 0.121 0.114 0.154 0.144 0.181 0.189 0.166 0.176 0.186 0.171 0.194 0.199 0.214 0.254 0.241 0.236 0.229 0.229 0.221 0.211 0.224 0.261 0.214 0.199 0.181 0.141 0.146 0.131 0.141 0.176 0.186 0.174 0.164 0.139 0.171 0.166 0.184 0.191 0.206 0.226 0.269 0.244 0.201 0.216 0.224 0.229 0.204 0.194 0.189
0.591 0.231 0.316 0.449 0.284 0.486 0.371 0.309 0.184 0.431 0.681 0.741 0.594 0.471 0.234 -0.121 -0.239 -0.256 -0.156 -0.114 -0.061 -0.034 0.026 0.061 0.081 0.036 0.056 0.061 0.081 0.116 0.119 0.119 0.144 0.154 0.211 0.224 0.229 0.214 0.231 0.211 0.241 0.269 0.251 0.259 0.244 0.256 0.274 0.261 0.231 0.236 0.176 0.206 0.161 0.156 0.139 0.156 0.171 0.169 0.181 0.161 0.159 0.156 0.139 0.161 0.176 0.171 0.211 0.184 0.206 0.199 0.214 0.221 0.264 0.309 0.311 0.251 0.256
0.269 0.321 0.274 0.409 0.351 0.531 0.291 0.236 0.321 0.649 0.639 0.809 0.356 0.419 0.011 -0.219 -0.271 -0.221 -0.109 -0.056 -0.021 0.029 0.106 0.136 0.144 0.114 0.106 0.109 0.104 0.099 0.126 0.136 0.146 0.144 0.159 0.186 0.191 0.209 0.226 0.256 0.296 0.284 0.271 0.261 0.266 0.279 0.269 0.244 0.209 0.196 0.186 0.176 0.174 0.201 0.204 0.204 0.194 0.206 0.216 0.204 0.201 0.189 0.171 0.181 0.179 0.189 0.191 0.186 0.194 0.204 0.209 0.219 0.216 0.251 0.274 0.304 0.266
0.626 0.429 0.286 0.424 0.556 0.581 0.374 0.431 0.264 0.634 0.699 0.409 0.166 0.016 -0.214 -0.271 -0.174 -0.096 -0.056 -0.031 0.009 0.059 0.121 0.124 0.146 0.126 0.141 0.149 0.181 0.206 0.216 0.216 0.199 0.161 0.151 0.144 0.181 0.201 0.186 0.231 0.249 0.249 0.256 0.254 0.281 0.266 0.236 0.194 0.194 0.226 0.219 0.201 0.229 0.239 0.244 0.239 0.234 0.271 0.251 0.244 0.214 0.199 0.209 0.204 0.204 0.216 0.246 0.221 0.244 0.229 0.246 0.249 0.251 0.236 0.264 0.224 0.211
0.904 0.684 0.526 0.884 0.661 0.286 0.474 0.531 0.454 0.584 0.561 0.301 -0.096 -0.254 -0.246 -0.236 -0.126 -0.051 -0.046 -0.004 0.079 0.086 0.126 0.164 0.171 0.149 0.139 0.161 0.216 0.236 0.229 0.261 0.226 0.221 0.216 0.224 0.221 0.244 0.221 0.216 0.196 0.194 0.239 0.249 0.244 0.249 0.209 0.204 0.236 0.246 0.246 0.241 0.254 0.254 0.279 0.319 0.286 0.281 0.269 0.291 0.296 0.279 0.261 0.239 0.234 0.249 0.231 0.264 0.246 0.276 0.251 0.261 0.281 0.269 0.271 0.234 0.244
0.619 0.956 1.001 0.664 0.474 0.496 0.336 0.446 0.609 0.414 1.024 0.036 -0.149 -0.249 -0.246 -0.161 -0.086 -0.034 -0.021 0.054 0.134 0.159 0.156 0.179 0.189 0.144 0.139 0.159 0.201 0.226 0.231 0.241 0.269 0.266 0.251 0.256 0.291 0.276 0.284 0.269 0.266 0.239 0.214 0.204 0.184 0.169 0.164 0.176 0.229 0.239 0.236 0.236 0.264 0.261 0.294 0.314 0.256 0.261 0.246 0.304 0.316 0.304 0.331 0.274 0.284 0.269 0.279 0.246 0.264 0.281 0.269 0.276 0.286 0.294 0.294 0.281 0.309
0.334 0.626 0.876 0.721 0.684 0.551 0.459 0.599 0.544 0.884 0.729 -0.144 -0.219 -0.239 -0.186 -0.129 -0.059 -0.001 0.076 0.106 0.146 0.169 0.179 0.154 0.159 0.186 0.189 0.204 0.236 0.241 0.259 0.264 0.286 0.254 0.264 0.324 0.339 0.324 0.319 0.306 0.284 0.276 0.274 0.246 0.206 0.199 0.169 0.151 0.194 0.216 0.206 0.239 0.256 0.304 0.339 0.366 0.324 0.246 0.281 0.316 0.316 0.321 0.336 0.334 0.339 0.356 0.314 0.299 0.299 0.351 0.334 0.324 0.361 0.341 0.371 0.356 0.351
0.504 0.451 0.149 0.579 0.794 0.599 0.429 0.596 0.276 -0.071 -0.106 -0.186 -0.219 -0.211 -0.151 -0.099 -0.021 0.051 0.104 0.134 0.166 0.186 0.171 0.159 0.176 0.204 0.216 0.219 0.241 0.241 0.254 0.286 0.269 0.311 0.284 0.309 0.324 0.311 0.294 0.311 0.291 0.284 0.274 0.241 0.259 0.224 0.216 0.231 0.236 0.251 0.244 0.229 0.234 0.261 0.304 0.336 0.359 0.361 0.354 0.384 0.341 0.344 0.376 0.376 0.374 0.354 0.359 0.384 0.376 0.421 0.376 0.409 0.416 0.429 0.454 0.426 0.421
0.721 0.426 0.366 0.416 0.686 0.489 0.494 0.311 0.396 -0.069 -0.196 -0.206 -0.209 -0.171 -0.124 -0.049 0.056 0.106 0.119 0.119 0.144 0.146 0.189 0.154 0.189 0.216 0.204 0.196 0.244 0.261 0.274 0.304 0.301 0.289 0.291 0.294 0.294 0.274 0.284 0.269 0.269 0.254 0.251 0.234 0.251 0.246 0.244 0.284 0.336 0.296 0.304 0.286 0.269 0.279 0.284 0.266 0.251 0.269 0.311 0.341 0.351 0.354 0.376 0.394 0.374 0.409 0.429 0.451 0.429 0.451 0.464 0.429 0.451 0.476 0.469 0.469 0.489
0.526 0.316 0.261 0.741 0.514 0.564 0.611 0.501 0.024 -0.134 -0.174 -0.146 -0.124 -0.104 -0.069 -0.009 0.079 0.096 0.116 0.094 0.124 0.154 0.189 0.159 0.216 0.234 0.231 0.244 0.231 0.256 0.261 0.246 0.256 0.284 0.306 0.276 0.271 0.276 0.256 0.241 0.241 0.246 0.269 0.246 0.266 0.289 0.316 0.299 0.341 0.311 0.339 0.321 0.316 0.336 0.314 0.291 0.249 0.241 0.274 0.291 0.301 0.329 0.346 0.356 0.376 0.431 0.461 0.451 0.439 0.446 0.454 0.484 0.534 0.539 0.539 0.526 0.496
0.526 0.431 0.259 0.394 0.539 0.674 0.376 -0.011 -0.169 -0.114 -0.071 -0.089 -0.039 -0.034 0.006 0.026 0.074 0.086 0.106 0.126 0.159 0.176 0.156 0.189 0.221 0.251 0.254 0.244 0.216 0.246 0.249 0.264 0.271 0.271 0.289 0.279 0.271 0.259 0.271 0.289 0.239 0.269 0.296 0.304 0.294 0.311 0.311 0.309 0.319 0.311 0.324 0.329 0.359 0.369 0.329 0.309 0.289 0.306 0.349 0.331 0.321 0.331 0.379 0.364 0.364 0.404 0.426 0.444 0.446 0.489 0.479 0.519 0.574 0.611 0.596 0.576 0.594
0.681 0.604 0.516 0.504 0.514 0.646 0.156 -0.146 -0.036 0.001 -0.021 -0.014 -0.006 0.041 0.061 0.046 0.094 0.114 0.104 0.149 0.164 0.141 0.156 0.194 0.246 0.271 0.236 0.209 0.241 0.229 0.234 0.216 0.224 0.254 0.249 0.236 0.279 0.271 0.281 0.271 0.274 0.269 0.296 0.286 0.286 0.309 0.359 0.316 0.341 0.326 0.334 0.336 0.334 0.364 0.351 0.359 0.356 0.361 0.401 0.406 0.411 0.454 0.469 0.461 0.481 0.454 0.431 0.441 0.446 0.466 0.504 0.564 0.576 0.621 0.616 0.626 0.644
0.444 0.639 0.779 0.484 0.279 0.364 -0.164 -0.051 0.006 0.054 0.034 -0.001 0.029 0.074 0.099 0.126 0.169 0.156 0.141 0.141 0.141 0.141 0.201 0.201 0.249 0.264 0.194 0.224 0.214 0.239 0.229 0.224 0.211 0.246 0.234 0.244 0.219 0.261 0.271 0.279 0.291 0.301 0.329 0.326 0.316 0.341 0.324 0.339 0.376 0.361 0.359 0.364 0.406 0.376 0.376 0.401 0.424 0.434 0.451 0.454 0.469 0.486 0.531 0.564 0.574 0.559 0.551 0.564 0.584 0.606 0.611 0.579 0.549 0.546 0.591 0.601 0.624
0.546 0.719 0.616 0.669 0.456 -0.089 -0.141 -0.024 0.021 0.039 0.064 0.034 0.049 0.101 0.129 0.114 0.176 0.221 0.251 0.184 0.181 0.181 0.216 0.246 0.206 0.191 0.169 0.151 0.196 0.206 0.204 0.204 0.211 0.196 0.249 0.266 0.261 0.286 0.304 0.299 0.314 0.309 0.344 0.344 0.349 0.346 0.344 0.379 0.391 0.409 0.431 0.451 0.469 0.489 0.446 0.446 0.484 0.519 0.544 0.534 0.566 0.571 0.601 0.614 0.629 0.619 0.629 0.636 0.661 0.731 0.714 0.684 0.616 0.629 0.636 0.621 0.614
0.519 0.541 0.836 0.559 0.106 -0.149 -0.076 0.004 0.026 0.041 0.066 0.051 0.091 0.126 0.136 0.126 0.164 0.214 0.211 0.189 0.169 0.189 0.216 0.224 0.214 0.214 0.179 0.176 0.159 0.211 0.231 0.209 0.211 0.214 0.229 0.261 0.269 0.256 0.309 0.321 0.321 0.346 0.371 0.386 0.374 0.394 0.406 0.426 0.424 0.456 0.501 0.496 0.509 0.501 0.514 0.519 0.541 0.571 0.599 0.654 0.694 0.694 0.689 0.699 0.666 0.686 0.686 0.699 0.704 0.751 0.771 0.686 0.689 0.714 0.744 0.774 0.761
0.829 0.594 0.434 0.696 -0.079 -0.124 -0.039 -0.006 0.059 0.069 0.066 0.094 0.116 0.134 0.146 0.151 0.169 0.169 0.161 0.196 0.176 0.176 0.169 0.209 0.221 0.226 0.226 0.191 0.184 0.221 0.241 0.216 0.244 0.229 0.234 0.274 0.299 0.304 0.296 0.334 0.374 0.379 0.394 0.406 0.416 0.436 0.439 0.474 0.516 0.519 0.524 0.521 0.539 0.576 0.581 0.596 0.611 0.659 0.699 0.794 0.809 0.811 0.749 0.729 0.761 0.779 0.749 0.726 0.739 0.749 0.751 0.709 0.711 0.729 0.769 0.801 0.844
0.476 0.464 0.499 0.254 -0.089 -0.116 -0.056 0.001 0.031 0.056 0.104 0.086 0.096 0.126 0.144 0.164 0.154 0.149 0.176 0.171 0.184 0.191 0.184 0.231 0.219 0.201 0.204 0.229 0.206 0.236 0.269 0.239 0.266 0.259 0.289 0.306 0.334 0.344 0.349 0.386 0.411 0.449 0.429 0.454 0.454 0.469 0.484 0.534 0.539 0.584 0.551 0.571 0.606 0.641 0.681 0.709 0.719 0.714 0.761 0.846 0.881 0.829 0.791 0.781 0.826 0.826 0.836 0.826 0.796 0.776 0.759 0.746 0.761 0.761 0.794 0.801 0.834
0.556 0.426 0.474 0.054 -0.079 -0.141 -0.009 0.061 0.049 0.066 0.089 0.096 0.106 0.129 0.151 0.139 0.159 0.159 0.181 0.184 0.186 0.181 0.206 0.186 0.209 0.209 0.219 0.204 0.231 0.264 0.299 0.304 0.339 0.346 0.366 0.359 0.401 0.416 0.426 0.429 0.436 0.466 0.511 0.526 0.536 0.556 0.566 0.591 0.606 0.611 0.606 0.619 0.636 0.701 0.771 0.844 0.841 0.804 0.799 0.844 0.874 0.826 0.821 0.851 0.886 0.896 0.899 0.886 0.866 0.836 0.746 0.774 0.804 0.796 0.801 0.829 0.821
0.604 0.474 0.079 -0.104 -0.181 -0.119 0.021 0.061 0.041 0.046 0.089 0.096 0.124 0.134 0.174 0.159 0.104 0.156 0.131 0.179 0.179 0.169 0.181 0.179 0.214 0.209 0.229 0.224 0.226 0.271 0.271 0.344 0.356 0.386 0.404 0.449 0.464 0.486 0.479 0.541 0.501 0.531 0.564 0.609 0.619 0.626 0.636 0.671 0.686 0.669 0.699 0.689 0.751 0.759 0.841 0.896 0.834 0.811 0.824 0.846 0.879 0.874 0.851 0.864 0.906 0.924 0.929 0.894 0.871 0.819 0.779 0.801 0.829 0.836 0.816 0.826 0.824
0.521 0.424 -0.186 -0.201 -0.114 -0.019 0.031 0.049 0.074 0.064 0.061 0.124 0.126 0.161 0.146 0.129 0.146 0.151 0.159 0.171 0.171 0.214 0.234 0.224 0.204 0.224 0.274 0.271 0.244 0.296 0.364 0.351 0.361 0.399 0.419 0.441 0.476 0.526 0.561 0.599 0.611 0.666 0.671 0.709 0.741 0.754 0.736 0.746 0.769 0.749 0.796 0.836 0.894 0.921 0.924 0.851 0.806 0.806 0.854 0.859 0.909 0.914 0.904 0.906 0.936 0.934 0.874 0.874 0.844 0.809 0.801 0.819 0.839 0.834 0.806 0.799 0.831
0.559 0.104 -0.149 -0.116 -0.031 0.014 0.024 0.046 0.061 0.066 0.081 0.111 0.151 0.136 0.134 0.136 0.154 0.149 0.186 0.161 0.166 0.204 0.214 0.244 0.236 0.281 0.326 0.279 0.289 0.346 0.376 0.366 0.411 0.434 0.436 0.426 0.451 0.516 0.534 0.594 0.636 0.694 0.729 0.826 0.876 0.899 0.836 0.831 0.836 0.819 0.906 0.934 0.964 0.979 0.969 0.824 0.839 0.869 0.899 0.911 0.941 0.944 0.959 0.924 0.924 0.906 0.901 0.949 0.904 0.839 0.824 0.831 0.874 0.866 0.829 0.816 0.826
0.129 -0.076 -0.156 -0.069 -0.016 -0.001 0.031 0.041 0.081 0.094 0.126 0.134 0.121 0.124 0.144 0.169 0.184 0.184 0.191 0.191 0.224 0.211 0.246 0.264 0.261 0.319 0.349 0.309 0.324 0.369 0.414 0.416 0.434 0.459 0.459 0.519 0.514 0.541 0.556 0.624 0.679 0.704 0.761 0.811 0.879 0.899 0.874 0.896 0.911 0.886 0.891 0.916 0.896 0.886 0.869 0.804 0.851 0.864 0.934 0.951 0.946 0.956 0.964 0.969 0.919 0.886 0.991 1.079 0.981 0.861 0.829 0.831 0.864 0.851 0.836 0.856 0.821
-0.061 -0.161 -0.109 -0.036 -0.014 -0.001 0.031 0.074 0.091 0.134 0.129 0.156 0.159 0.144 0.159 0.196 0.174 0.186 0.211 0.249 0.244 0.244 0.296 0.301 0.364 0.376 0.354 0.344 0.349 0.376 0.414 0.461 0.481 0.496 0.519 0.544 0.569 0.611 0.626 0.699 0.744 0.751 0.794 0.789 0.829 0.829 0.841 0.844 0.911 0.916 0.886 0.884 0.881 0.924 0.921 0.916 0.881 0.889 0.986 0.986 0.966 0.969 0.949 0.959 0.941 0.901 0.961 1.034 0.966 0.869 0.866 0.834 0.861 0.901 0.861 0.836 0.881
-0.069 -0.141 -0.034 -0.011 -0.014 0.024 0.059 0.096 0.144 0.136 0.136 0.166 0.186 0.166 0.179 0.231 0.216 0.201 0.234 0.269 0.284 0.334 0.369 0.396 0.444 0.441 0.466 0.429 0.381 0.419 0.446 0.466 0.524 0.556 0.586 0.574 0.619 0.656 0.719 0.744 0.739 0.769 0.814 0.836 0.834 0.866 0.891 0.879 0.931 0.901 0.894 0.881 0.986 1.066 1.034 0.989 0.991 0.956 0.986 0.956 0.966 0.971 0.959 0.959 0.944 0.931 0.959 0.966 0.974 0.899 0.866 0.849 0.884 0.884 0.866 0.884 0.896
-0.114 -0.119 -0.021 -0.044 -0.011 0.006 0.089 0.141 0.171 0.161 0.154 0.166 0.161 0.166 0.181 0.211 0.284 0.266 0.294 0.334 0.394 0.416 0.469 0.511 0.519 0.531 0.504 0.509 0.459 0.419 0.451 0.519 0.589 0.629 0.626 0.656 0.669 0.704 0.709 0.731 0.744 0.794 0.844 0.871 0.894 0.914 0.939 0.924 0.944 0.936 0.901 0.881 0.976 1.056 1.069 0.964 0.931 0.909 0.916 0.966 1.006 1.006 1.009 0.964 0.931 0.941 0.931 0.944 0.934 0.906 0.914 0.871 0.896 0.894 0.886 0.911 0.909
-0.134 -0.086 -0.031 -0.026 -0.024 0.049 0.089 0.109 0.124 0.164 0.156 0.166 0.196 0.209 0.221 0.279 0.311 0.344 0.401 0.436 0.484 0.504 0.541 0.556 0.521 0.539 0.494 0.531 0.476 0.481 0.489 0.594 0.646 0.674 0.684 0.736 0.696 0.734 0.741 0.754 0.766 0.884 0.889 0.904 0.916 0.906 0.931 0.924 0.934 0.931 0.881 0.901 0.999 1.064 1.056 0.854 0.839 0.841 0.886 0.931 0.966 0.999 1.009 1.004 1.016 0.984 0.949 0.954 0.951 0.911 0.921 0.911 0.926 0.879 0.874 0.894 0.886
-0.126 -0.034 -0.004 -0.021 0.031 0.081 0.101 0.124 0.126 0.149 0.156 0.194 0.194 0.226 0.291 0.331 0.406 0.436 0.456 0.496 0.534 0.531 0.556 0.556 0.594 0.586 0.559 0.544 0.499 0.521 0.526 0.561 0.661 0.714 0.741 0.704 0.721 0.731 0.759 0.759 0.861 0.891 0.886 0.921 0.919 0.916 0.906 0.916 0.911 0.916 0.909 0.911 1.056 1.064 0.991 0.931 0.864 0.861 0.894 0.924 0.916 0.939 0.936 0.941 0.979 0.974 1.001 1.044 1.026 0.994 0.971 0.946 0.901 0.881 0.854 0.871 0.851
-0.086 -0.021 -0.049 -0.011 0.034 0.091 0.121 0.121 0.109 0.121 0.129 0.176 0.234 0.241 0.321 0.364 0.424 0.479 0.506 0.526 0.544 0.536 0.561 0.569 0.621 0.654 0.614 0.621 0.514 0.509 0.539 0.566 0.629 0.704 0.716 0.734 0.754 0.744 0.811 0.854 0.949 0.959 0.936 0.936 0.949 0.959 0.929 0.906 0.904 0.909 0.884 0.911 1.071 1.026 0.946 0.914 0.926 0.886 0.909 0.916 0.924 0.939 0.954 0.944 0.939 0.944 0.956 1.001 0.999 1.016 0.999 0.986 0.946 0.894 0.894 0.889 0.866
-0.044 -0.036 -0.026 0.014 0.059 0.134 0.144 0.136 0.104 0.114 0.139 0.194 0.244 0.299 0.391 0.431 0.469 0.511 0.534 0.539 0.551 0.561 0.584 0.621 0.639 0.646 0.656 0.624 0.559 0.541 0.536 0.604 0.629 0.681 0.714 0.729 0.736 0.756 0.811 0.814 0.916 0.924 0.906 0.929 0.966 0.969 0.931 0.929 0.929 0.894 0.894 0.924 0.981 0.976 0.894 0.904 0.906 0.906 0.911 0.926 0.929 0.941 0.946 0.931 0.949 0.931 0.921 0.944 0.946 0.946 0.914 0.891 0.864 0.901 0.894 0.886 0.881
-0.009 -0.019 0.021 0.061 0.094 0.154 0.184 0.161 0.149 0.159 0.189 0.244 0.306 0.349 0.394 0.421 0.444 0.479 0.529 0.556 0.609 0.614 0.631 0.599 0.616 0.646 0.654 0.651 0.601 0.586 0.566 0.589 0.616 0.654 0.681 0.719 0.734 0.769 0.776 0.791 0.846 0.856 0.889 0.901 0.956 0.996 0.966 0.941 0.926 0.916 0.916 0.936 0.921 0.871 0.851 0.849 0.884 0.906 0.911 0.896 0.921 0.916 0.904 0.909 0.926 0.906 0.909 0.896 0.904 0.906 0.874 0.834 0.851 0.836 0.826 0.819 0.814
0.009 0.044 0.099 0.111 0.126 0.154 0.201 0.164 0.179 0.221 0.274 0.331 0.394 0.444 0.479 0.489 0.466 0.474 0.514 0.556 0.574 0.596 0.636 0.609 0.649 0.649 0.636 0.616 0.586 0.584 0.579 0.589 0.614 0.659 0.704 0.711 0.766 0.809 0.839 0.839 0.824 0.856 0.864 0.874 0.901 0.979 0.956 0.939 0.931 0.906 0.936 0.951 0.914 0.886 0.869 0.856 0.886 0.894 0.891 0.869 0.866 0.866 0.889 0.876 0.876 0.911 0.886 0.891 0.876 0.881 0.831 0.836 0.811 0.796 0.791 0.761 0.776
0.034 0.106 0.114 0.126 0.164 0.161 0.229 0.214 0.224 0.264 0.311 0.364 0.474 0.524 0.546 0.561 0.559 0.554 0.526 0.519 0.514 0.529 0.566 0.636 0.634 0.629 0.624 0.631 0.636 0.616 0.589 0.596 0.624 0.646 0.694 0.711 0.741 0.796 0.839 0.836 0.841 0.854 0.851 0.861 0.894 0.929 0.911 0.899 0.891 0.911 0.944 0.946 0.914 0.914 0.881 0.861 0.866 0.881 0.861 0.856 0.874 0.871 0.869 0.869 0.866 0.874 0.891 0.871 0.871 0.826 0.841 0.814 0.809 0.816 0.786 0.769 0.776
