All_lidar/sz6189_DSM_2M.asc
ncols 500
nrows 500
xllcorner    461000
yllcorner    89000
cellsize     2
NODATA_value -9999
[rows 64 to 95 of 500, columns 426 to 496 of 500]
36.35 36.327 35.95 35.87 36.117 36.385 36.427 38.127 39.702 36.697 36.13 36.177 36.312 36.44 36.572 36.7 36.865 37.005 37.157 37.3 37.42 37.53 37.622 37.725 37.83 37.945 38.015 38.112 38.192 38.282 38.357 38.39 38.487 38.552 38.577 38.66 38.72 38.745 38.792 38.855 38.892 38.897 38.927 38.967 38.977 39.037 39.1 39.102 39.092 39.07 39.135 39.155 39.155 39.117 39.505 41.397 41.18 38.92 38.802 38.797 38.752 38.785 38.782 38.755 38.727 38.675 38.617 38.577 38.53 38.495 38.47
36.48 36.437 36.222 36.02 36.19 36.527 36.542 38.467 39.45 37.805 36.32 36.34 36.45 36.567 36.692 36.82 36.995 37.165 37.277 37.397 37.52 37.632 37.75 37.807 37.93 38.032 38.107 38.19 38.282 38.352 38.437 38.492 38.57 38.607 38.665 38.767 38.79 38.822 38.885 38.937 38.947 38.967 38.987 39.015 39.072 39.11 39.135 39.147 39.147 39.21 39.237 39.257 39.227 39.33 41.2 41.277 39.89 38.91 38.91 38.88 38.87 38.885 38.87 38.835 38.807 38.747 38.712 38.675 38.645 38.592 38.547
36.63 36.582 36.48 36.225 36.227 36.87 37.325 39.81 39.975 39.172 36.477 36.497 36.565 36.715 36.832 36.967 37.132 37.257 37.395 37.5 37.64 37.752 37.822 37.947 38.03 38.117 38.197 38.277 38.392 38.445 38.497 38.59 38.625 38.692 38.745 38.822 38.872 38.922 38.977 38.987 39.007 39.03 39.065 39.075 39.142 39.175 39.212 39.222 39.292 39.33 39.327 39.362 39.307 40.88 41.402 39.947 39.082 39.03 39.012 38.985 39.007 39.002 38.942 38.905 38.9 38.83 38.81 38.782 38.74 38.707 38.66
36.772 36.692 36.667 36.442 36.317 37.22 38.245 38.822 39.655 40.012 37.077 36.707 36.757 36.872 36.982 37.085 37.247 37.375 37.517 37.63 37.745 37.88 37.95 38.057 38.11 38.215 38.31 38.362 38.465 38.52 38.61 38.687 38.717 38.8 38.872 38.897 38.972 39.022 39.035 39.072 39.077 39.095 39.095 39.182 39.237 39.247 39.275 39.312 39.402 39.43 39.435 39.427 40.88 42.41 41.172 39.277 39.135 39.115 39.087 39.122 39.115 39.092 39.04 38.995 38.972 38.925 38.905 38.865 38.827 38.802 38.76
36.882 36.835 36.8 36.697 36.54 36.847 37.772 39.075 38.617 39.97 38.94 36.867 36.93 37 37.132 37.262 37.39 37.505 37.632 37.752 37.867 37.96 38.075 38.157 38.212 38.315 38.392 38.477 38.51 38.6 38.69 38.735 38.792 38.897 38.942 38.995 39.075 39.097 39.14 39.14 39.175 39.162 39.202 39.265 39.282 39.307 39.342 39.43 39.47 39.517 39.525 39.695 41.282 42.13 40.185 39.227 39.2 39.2 39.212 39.225 39.187 39.182 39.127 39.077 39.032 39.032 39.005 38.947 38.935 38.895 38.835
37.012 36.972 36.957 36.902 36.755 36.725 37.747 38.72 39.182 38.782 39.375 37.245 37.105 37.15 37.252 37.395 37.522 37.65 37.727 37.862 37.977 38.075 38.175 38.245 38.322 38.407 38.49 38.567 38.622 38.705 38.767 38.827 38.92 38.95 39.022 39.067 39.135 39.165 39.2 39.22 39.227 39.252 39.295 39.317 39.315 39.367 39.437 39.537 39.565 39.605 39.597 40.72 41.527 40.482 39.347 39.307 39.29 39.29 39.317 39.287 39.28 39.235 39.195 39.185 39.142 39.117 39.1 39.057 39 38.967 38.91
37.125 37.075 37.052 37.085 36.93 36.835 37.402 38.1 38.047 38.092 38.83 37.565 37.257 37.322 37.397 37.482 37.6 37.755 37.855 37.965 38.085 38.185 38.27 38.347 38.427 38.512 38.582 38.632 38.705 38.792 38.865 38.962 39.005 39.05 39.135 39.167 39.205 39.227 39.28 39.272 39.282 39.327 39.39 39.39 39.375 39.442 39.552 39.62 39.642 39.672 40.077 41.62 40.907 39.642 39.412 39.405 39.395 39.43 39.422 39.395 39.362 39.32 39.287 39.245 39.255 39.212 39.205 39.155 39.095 39.05 39.005
37.232 37.197 37.157 37.212 37.137 36.945 37.185 37.902 37.955 38.797 39.997 37.87 37.417 37.467 37.52 37.625 37.762 37.855 37.98 38.077 38.172 38.282 38.39 38.475 38.55 38.617 38.68 38.757 38.837 38.885 38.972 39.06 39.1 39.16 39.232 39.237 39.287 39.32 39.345 39.342 39.352 39.435 39.452 39.465 39.477 39.575 39.65 39.682 39.715 39.867 41.575 41.717 39.935 39.48 39.49 39.465 39.5 39.53 39.532 39.467 39.447 39.405 39.362 39.325 39.342 39.312 39.267 39.23 39.175 39.137 39.087
37.355 37.297 37.287 37.312 37.342 37.12 37.097 37.86 38.6 39.885 39.455 38.132 37.562 37.615 37.657 37.76 37.865 37.965 38.085 38.177 38.28 38.387 38.507 38.595 38.677 38.742 38.805 38.875 38.925 39.002 39.082 39.117 39.175 39.24 39.295 39.335 39.372 39.392 39.4 39.412 39.467 39.472 39.497 39.535 39.582 39.695 39.712 39.732 39.792 40.82 42.37 41.095 39.635 39.587 39.602 39.582 39.632 39.627 39.58 39.56 39.505 39.47 39.437 39.43 39.417 39.39 39.362 39.32 39.275 39.21 39.157
37.497 37.472 37.425 37.432 37.487 37.302 37.17 37.65 38.122 37.897 39.42 38.49 37.692 37.755 37.792 37.87 37.93 38.052 38.195 38.307 38.4 38.52 38.627 38.722 38.785 38.835 38.94 39.02 39.032 39.092 39.167 39.232 39.297 39.352 39.377 39.395 39.427 39.477 39.482 39.495 39.545 39.545 39.575 39.6 39.682 39.747 39.802 39.822 40.047 41.66 42.055 40.197 39.697 39.712 39.677 39.72 39.73 39.717 39.682 39.645 39.6 39.552 39.52 39.53 39.517 39.462 39.425 39.385 39.32 39.29 39.242
37.647 37.635 37.58 37.625 37.597 37.512 37.325 37.482 38.31 39.327 40.107 39.365 37.882 37.892 37.952 38.007 38.052 38.167 38.27 38.41 38.535 38.642 38.732 38.832 38.88 38.952 39.052 39.1 39.17 39.235 39.29 39.355 39.397 39.44 39.462 39.497 39.512 39.542 39.555 39.61 39.6 39.635 39.645 39.695 39.752 39.81 39.85 39.897 41.307 41.395 40.227 39.812 39.822 39.807 39.807 39.842 39.802 39.757 39.725 39.725 39.68 39.652 39.612 39.61 39.57 39.54 39.492 39.445 39.42 39.37 39.34
37.802 37.79 37.752 37.775 37.72 37.737 37.512 37.48 38.207 38.607 38.682 38.997 38.042 38.04 38.075 38.117 38.2 38.285 38.38 38.547 38.66 38.737 38.832 38.942 39.027 39.095 39.165 39.247 39.287 39.33 39.397 39.447 39.502 39.515 39.54 39.552 39.582 39.597 39.655 39.692 39.672 39.697 39.747 39.805 39.83 39.882 39.885 40.545 41.452 41.317 39.952 39.932 39.912 39.925 39.927 39.937 39.912 39.862 39.825 39.8 39.787 39.76 39.725 39.692 39.647 39.617 39.572 39.53 39.47 39.472 39.412
38.01 37.945 37.942 37.912 37.9 37.95 37.74 37.617 37.947 38.177 39.735 40.025 38.442 38.265 38.185 38.242 38.325 38.402 38.492 38.66 38.755 38.847 38.985 39.062 39.155 39.225 39.285 39.36 39.397 39.457 39.517 39.562 39.597 39.63 39.637 39.672 39.662 39.705 39.762 39.75 39.772 39.81 39.87 39.9 39.917 39.957 40.562 42.19 41.05 40.39 40.012 40.022 40.027 40.035 40.045 40.02 39.99 39.955 39.907 39.87 39.865 39.847 39.79 39.767 39.732 39.667 39.635 39.612 39.562 39.512 39.507
38.202 38.162 38.162 38.122 38.132 38.115 37.927 37.847 37.832 38.12 41.725 43.022 40.267 38.38 38.54 41.497 38.66 38.517 38.617 38.77 38.87 38.962 39.095 39.19 39.277 39.332 39.402 39.452 39.522 39.567 39.627 39.66 39.69 39.715 39.747 39.74 39.76 39.835 39.827 39.825 39.83 39.912 39.952 40.005 40.005 40.06 41.94 41.19 40.812 40.105 40.082 40.107 40.127 40.132 40.112 40.087 40.075 40.04 39.987 39.98 39.96 39.92 39.872 39.86 39.832 39.727 39.712 39.697 39.645 39.595 39.592
38.412 38.35 38.342 38.325 38.302 38.32 38.185 38.117 37.895 38.152 39.67 45.802 44.772 42.477 39.312 38.775 38.572 38.642 38.727 38.847 38.985 39.082 39.2 39.32 39.382 39.43 39.522 39.567 39.612 39.672 39.737 39.78 39.77 39.81 39.812 39.835 39.897 39.937 39.9 39.92 39.99 40.022 40.022 40.085 40.092 40.75 42.597 41.885 40.102 40.152 40.177 40.197 40.232 40.212 40.182 40.152 40.15 40.112 40.08 40.077 40.04 39.987 39.952 39.915 39.857 39.817 39.8 39.757 39.712 39.687 39.672
38.6 38.522 38.51 38.47 38.435 38.487 38.452 38.442 38.067 40.76 42.57 47.632 41.12 38.73 38.57 38.577 38.672 38.772 38.857 38.965 39.092 39.21 39.335 39.412 39.472 39.557 39.61 39.692 39.74 39.802 39.8 39.86 39.89 39.902 39.937 39.977 40.02 40.007 40.05 40.025 40.107 40.102 40.155 40.2 40.477 41.962 42.137 40.62 40.207 40.242 40.267 40.305 40.337 40.297 40.242 40.25 40.232 40.195 40.172 40.195 40.11 40.04 40.022 39.98 39.925 39.905 39.885 39.837 39.787 39.745 39.715
38.802 38.69 38.62 38.64 38.575 38.655 38.627 38.56 38.332 38.865 38.79 38.757 38.955 38.955 38.757 38.767 38.815 38.9 38.967 39.085 39.215 39.342 39.437 39.53 39.587 39.657 39.765 39.815 39.865 39.877 39.902 39.937 39.98 39.987 40.04 40.085 40.097 40.097 40.122 40.215 40.197 40.222 40.267 41.105 41.617 42.547 40.532 40.257 40.277 40.312 40.367 40.385 40.382 40.372 40.342 40.33 40.322 40.277 40.27 40.242 40.205 40.155 40.1 40.04 40.015 39.997 39.952 39.92 39.852 39.802 39.755
39 38.865 38.765 38.782 38.775 38.822 38.802 38.695 38.612 38.347 38.565 38.862 38.847 39.415 38.902 38.877 38.942 39.015 39.09 39.207 39.312 39.43 39.537 39.632 39.722 39.79 39.877 39.93 39.957 39.952 39.995 40.047 40.072 40.097 40.162 40.19 40.18 40.195 40.257 40.322 40.342 40.367 40.66 41.48 41.86 41.53 40.38 40.327 40.34 40.392 40.455 40.445 40.437 40.445 40.417 40.41 40.382 40.357 40.362 40.315 40.26 40.207 40.137 40.097 40.1 40.057 39.997 39.975 39.925 39.882 39.837
39.185 39.042 38.925 38.905 38.962 38.937 38.952 38.89 38.775 38.457 38.545 39.03 39.195 40.31 39.137 39.055 39.022 39.107 39.222 39.325 39.43 39.547 39.65 39.745 39.825 39.917 40.002 40.04 40.027 40.05 40.082 40.102 40.145 40.195 40.255 40.275 40.297 40.342 40.41 40.422 40.44 40.435 41.365 42.182 42.375 40.557 40.39 40.372 40.415 40.487 40.515 40.52 40.51 40.495 40.515 40.477 40.452 40.45 40.415 40.365 40.315 40.26 40.225 40.192 40.17 40.105 40.067 40.04 39.977 39.96 39.9
39.332 39.247 39.11 39.03 39.095 39.04 39.087 39.067 38.972 38.85 38.552 38.915 39.162 39.765 39.497 39.192 39.217 39.252 39.35 39.467 39.56 39.675 39.757 39.845 39.95 40.02 40.085 40.1 40.135 40.135 40.135 40.185 40.257 40.312 40.347 40.357 40.417 40.485 40.492 40.527 40.525 40.87 41.56 41.187 40.657 40.472 40.46 40.465 40.52 40.567 40.58 40.59 40.572 40.565 40.57 40.557 40.562 40.532 40.475 40.417 40.377 40.327 40.28 40.26 40.215 40.187 40.147 40.105 40.067 40.02 39.992
39.635 39.435 39.305 39.147 39.22 39.25 39.212 39.235 39.142 39.13 38.655 39.002 40.087 39.73 39.955 39.382 39.362 39.387 39.465 39.57 39.68 39.78 39.877 39.96 40.037 40.117 40.135 40.162 40.212 40.207 40.225 40.285 40.347 40.357 40.417 40.482 40.56 40.572 40.622 40.617 40.852 41.302 41.77 41.275 40.515 40.48 40.535 40.57 40.63 40.657 40.657 40.637 40.655 40.667 40.62 40.63 40.612 40.567 40.53 40.485 40.445 40.412 40.377 40.33 40.285 40.242 40.19 40.172 40.142 40.085 40.065
39.757 39.692 39.5 39.295 39.247 39.375 39.36 39.367 39.362 39.217 38.887 38.87 40.212 40.532 40.422 39.677 39.545 39.512 39.602 39.69 39.772 39.902 39.952 40.065 40.142 40.19 40.217 40.232 40.255 40.27 40.31 40.407 40.435 40.44 40.51 40.595 40.652 40.657 40.71 40.69 41.445 40.972 41.41 40.667 40.557 40.57 40.622 40.697 40.71 40.712 40.737 40.727 40.74 40.722 40.707 40.68 40.67 40.625 40.572 40.54 40.512 40.47 40.432 40.397 40.355 40.325 40.26 40.247 40.205 40.177 40.165
39.887 39.81 39.662 39.43 39.365 39.455 39.53 39.495 39.507 39.395 39.342 38.962 39.735 41.54 42.277 41.852 39.792 39.702 39.742 39.815 39.935 40.007 40.067 40.135 40.205 40.227 40.297 40.317 40.34 40.387 40.445 40.48 40.505 40.51 40.605 40.687 40.72 40.767 40.767 41.395 42.285 42.025 41.017 40.665 40.657 40.682 40.757 40.797 40.8 40.8 40.792 40.805 40.792 40.787 40.8 40.762 40.72 40.702 40.637 40.617 40.585 40.56 40.517 40.477 40.422 40.372 40.342 40.312 40.272 40.232 40.232
39.93 39.882 39.737 39.6 39.507 39.517 39.657 39.655 39.65 39.607 39.585 39.285 39.262 41.635 43.865 42.462 40.057 39.89 39.905 39.967 40.042 40.117 40.167 40.227 40.29 40.32 40.357 40.402 40.442 40.492 40.56 40.555 40.57 40.637 40.722 40.762 40.797 40.825 40.905 41.702 42.935 40.937 40.73 40.74 40.77 40.825 40.88 40.87 40.862 40.862 40.885 40.865 40.845 40.872 40.842 40.807 40.772 40.737 40.715 40.672 40.657 40.61 40.58 40.525 40.465 40.44 40.395 40.4 40.34 40.345 40.29
40.032 39.92 39.81 39.85 39.715 39.64 39.707 39.777 39.752 39.8 39.645 39.625 39.35 40.375 42.75 41.865 41.372 40.182 40.057 40.115 40.19 40.22 40.255 40.31 40.365 40.402 40.45 40.487 40.535 40.582 40.635 40.645 40.67 40.74 40.795 40.855 40.875 40.942 41.695 41.93 41.377 40.845 40.817 40.847 40.87 40.985 40.98 40.96 40.945 40.985 40.982 40.95 40.92 40.935 40.922 40.86 40.84 40.817 40.78 40.747 40.727 40.662 40.602 40.595 40.547 40.487 40.475 40.43 40.407 40.392 40.345
40.2 40.02 39.942 39.99 39.94 39.822 39.83 39.93 39.947 39.94 39.81 39.805 39.532 39.56 41.352 42.225 41.882 40.63 40.237 40.247 40.28 40.337 40.352 40.412 40.482 40.49 40.552 40.592 40.635 40.655 40.707 40.732 40.787 40.827 40.885 40.922 40.91 42.23 43.27 41.992 41.035 40.877 40.937 40.972 41.052 41.06 41.027 41.022 41.05 41.045 41.022 40.995 41.015 40.982 40.947 40.925 40.91 40.885 40.84 40.815 40.785 40.712 40.685 40.652 40.622 40.58 40.557 40.5 40.477 40.442 40.41
40.267 40.13 40.085 40.087 40.195 39.977 39.95 40.025 40.032 40.03 39.982 39.892 39.837 39.562 40.25 42.402 42.15 41.387 40.405 40.412 40.43 40.442 40.477 40.5 40.56 40.562 40.635 40.705 40.717 40.755 40.78 40.812 40.867 40.902 40.967 40.965 41.705 42.965 43.1 41.492 41.007 41.012 41.075 41.112 41.155 41.122 41.122 41.1 41.115 41.125 41.1 41.097 41.085 41.05 41.012 40.99 40.977 40.972 40.912 40.852 40.817 40.777 40.742 40.722 40.675 40.647 40.605 40.592 40.555 40.5 40.432
40.397 40.322 40.27 40.317 40.35 40.162 40.045 40.102 40.21 40.127 40.095 40.125 40.075 39.822 39.8 41.32 42.44 42.177 40.772 40.58 40.572 40.567 40.597 40.597 40.662 40.695 40.762 40.802 40.847 40.832 40.88 40.92 40.952 41.007 41.01 41.46 43.102 42.722 41.84 41.07 41.09 41.105 41.185 41.25 41.212 41.182 41.19 41.222 41.192 41.172 41.175 41.165 41.122 41.11 41.1 41.062 41.047 41.035 40.99 40.922 40.865 40.847 40.825 40.77 40.747 40.715 40.697 40.657 40.597 40.535 40.52
40.51 40.527 40.465 40.445 40.43 40.337 40.197 40.135 40.322 40.277 40.242 40.375 40.297 40.162 39.847 40.34 42.567 42.682 41.29 40.757 40.71 40.695 40.725 40.742 40.777 40.8 40.86 40.91 40.932 40.95 40.982 41.01 41.045 41.07 41.47 43.882 43.862 42.51 41.082 41.125 41.165 41.242 41.312 41.335 41.282 41.265 41.267 41.282 41.255 41.237 41.26 41.227 41.207 41.2 41.165 41.142 41.097 41.082 41.057 41.005 40.957 40.92 40.857 40.845 40.812 40.792 40.75 40.7 40.62 40.587 40.575
40.657 40.67 40.565 40.49 40.5 40.55 40.357 40.227 40.375 40.422 40.43 40.53 40.555 40.48 40.1 40.122 41.75 42.987 43.225 40.955 40.902 40.885 40.88 40.887 40.902 40.937 40.972 41.017 41.012 41.07 41.072 41.115 41.165 41.255 42.15 44.42 43.562 41.585 41.18 41.247 41.26 41.37 41.4 41.36 41.327 41.337 41.352 41.312 41.312 41.285 41.29 41.245 41.275 41.255 41.2 41.167 41.18 41.137 41.102 41.055 41.007 40.977 40.945 40.91 40.882 40.845 40.8 40.745 40.707 40.655 40.615
40.812 40.77 40.725 40.657 40.647 40.64 40.522 40.385 40.417 40.615 40.602 40.742 40.83 40.682 40.445 40.195 40.957 43.412 44.825 42.607 41.045 41.025 40.992 40.995 41.042 41.062 41.125 41.122 41.152 41.185 41.21 41.27 41.28 42.105 43.397 43.002 41.927 41.152 41.267 41.31 41.392 41.457 41.467 41.432 41.405 41.412 41.38 41.362 41.342 41.347 41.3 41.322 41.312 41.315 41.287 41.26 41.215 41.197 41.16 41.135 41.072 41.045 41.025 40.977 40.965 40.9 40.852 40.785 40.755 40.712 40.69
40.93 40.895 40.825 40.762 40.705 40.58 40.562 40.51 40.515 40.615 40.79 40.872 40.987 40.985 40.85 40.485 40.505 42.01 45.02 43.925 41.257 41.125 41.102 41.12 41.165 41.195 41.205 41.257 41.27 41.325 41.38 41.4 42.162 43.007 43.252 41.327 41.207 41.267 41.325 41.415 41.49 41.535 41.527 41.482 41.492 41.477 41.477 41.417 41.4 41.402 41.365 41.382 41.372 41.375 41.337 41.327 41.282 41.247 41.23 41.212 41.145 41.112 41.102 41.045 40.985 40.95 40.89 40.877 40.8 40.76 40.75
