All_lidar/sz6186_DSM_2M.asc
ncols 500
nrows 500
xllcorner    461000
yllcorner    86000
cellsize     2
NODATA_value -9999
[rows 224 to 255 of 500, columns 216 to 287 of 500]
19.611 19.536 19.429 19.329 19.251 19.131 19.029 18.924 18.826 18.739 18.651 18.529 18.386 18.296 18.156 18.029 17.879 17.724 17.571 17.414 17.239 17.101 16.881 16.694 16.489 16.294 16.099 15.911 15.721 15.541 15.379 15.209 15.061 14.896 14.741 14.596 14.386 14.194 13.966 13.746 13.479 13.206 12.854 12.521 12.184 11.826 11.486 11.136 10.829 10.504 10.224 9.966 9.721 9.524 9.356 9.189 9.021 8.839 8.649 8.501 8.351 8.156 7.946 7.721 7.569 7.454 7.291 7.169 7.051 6.934 6.914 7.024
19.616 19.509 19.456 19.396 19.324 19.184 19.079 18.971 18.876 18.751 18.664 18.514 18.401 18.289 18.151 18.019 17.869 17.699 17.536 17.384 17.221 17.046 16.864 16.659 16.461 16.249 16.059 15.874 15.696 15.509 15.349 15.174 15.039 14.849 14.666 14.474 14.291 14.069 13.829 13.569 13.309 13.026 12.694 12.341 11.986 11.644 11.296 10.961 10.621 10.309 10.029 9.759 9.539 9.339 9.171 9.031 8.844 8.654 8.509 8.361 8.184 7.976 7.761 7.576 7.484 7.376 7.231 7.129 6.969 6.874 6.884 7.021
19.661 19.556 19.489 19.394 19.294 19.196 19.094 18.996 18.884 18.766 18.654 18.539 18.416 18.289 18.156 18.021 17.866 17.691 17.536 17.371 17.206 17.014 16.826 16.629 16.434 16.226 16.024 15.834 15.661 15.481 15.296 15.161 14.984 14.799 14.621 14.419 14.181 13.941 13.704 13.404 13.131 12.799 12.461 12.096 11.786 11.449 11.114 10.749 10.441 10.116 9.816 9.589 9.386 9.171 9.006 8.851 8.699 8.571 8.354 8.186 8.009 7.754 7.561 7.461 7.394 7.269 7.139 7.004 6.904 6.914 8.654 8.094
19.671 19.611 19.511 19.416 19.306 19.196 19.109 18.999 18.886 18.789 18.659 18.551 18.389 18.291 18.171 17.996 17.829 17.694 17.521 17.361 17.184 16.984 16.796 16.581 16.401 16.189 15.986 15.821 15.641 15.449 15.271 15.121 14.926 14.754 14.546 14.329 14.094 13.804 13.514 13.199 12.891 12.549 12.194 11.849 11.526 11.181 10.851 10.526 10.214 9.896 9.639 9.431 9.241 9.034 8.844 8.676 8.521 8.391 8.216 8.016 7.794 7.549 7.436 7.369 7.264 7.171 7.034 6.906 6.919 7.004 7.251 6.766
19.731 19.644 19.564 19.449 19.349 19.231 19.129 19.036 18.894 18.786 18.671 18.526 18.421 18.299 18.136 17.991 17.816 17.641 17.486 17.294 17.129 16.931 16.734 16.549 16.341 16.146 15.946 15.774 15.596 15.396 15.234 15.074 14.894 14.676 14.469 14.239 13.959 13.656 13.341 12.999 12.656 12.324 11.956 11.596 11.256 10.909 10.586 10.276 9.949 9.701 9.481 9.281 9.084 8.906 8.729 8.551 8.411 8.261 8.066 7.816 7.594 7.399 7.359 7.249 7.161 7.046 6.899 6.861 7.081 6.989 6.111 6.331
19.801 19.704 19.616 19.454 19.346 19.274 19.159 19.054 18.909 18.796 18.679 18.554 18.436 18.301 18.129 17.969 17.804 17.629 17.436 17.256 17.064 16.866 16.656 16.451 16.256 16.054 15.859 15.714 15.536 15.339 15.179 14.989 14.814 14.579 14.341 14.091 13.821 13.521 13.164 12.806 12.454 12.096 11.714 11.374 11.031 10.659 10.334 9.989 9.741 9.519 9.306 9.114 8.924 8.716 8.541 8.399 8.279 8.116 7.916 7.664 7.466 7.296 7.254 7.134 7.014 6.889 6.841 6.879 7.676 7.061 5.516 5.704
19.784 19.711 19.614 19.494 19.381 19.296 19.156 19.044 18.896 18.796 18.669 18.539 18.404 18.259 18.106 17.921 17.769 17.604 17.404 17.221 17.044 16.811 16.591 16.411 16.196 16.021 15.829 15.659 15.449 15.289 15.129 14.911 14.724 14.484 14.214 13.946 13.661 13.329 12.949 12.589 12.241 11.881 11.489 11.154 10.779 10.421 10.094 9.804 9.566 9.311 9.109 8.891 8.724 8.551 8.374 8.231 8.104 7.921 7.689 7.491 7.344 7.199 7.086 6.996 6.899 6.779 6.759 7.101 8.809 6.436 4.929 5.149
19.816 19.751 19.621 19.526 19.429 19.291 19.176 19.076 18.921 18.806 18.704 18.569 18.411 18.216 18.069 17.906 17.746 17.556 17.359 17.184 16.981 16.779 16.561 16.379 16.181 15.974 15.839 15.606 15.416 15.234 15.054 14.826 14.604 14.359 14.071 13.774 13.454 13.106 12.744 12.371 12.001 11.609 11.254 10.909 10.524 10.181 9.881 9.584 9.341 9.126 8.904 8.704 8.544 8.386 8.226 8.074 7.951 7.724 7.466 7.309 7.151 7.074 6.941 6.854 6.741 6.711 6.691 8.846 7.481 6.294 4.996 6.729
19.834 19.729 19.659 19.554 19.449 19.319 19.224 19.101 18.946 18.806 18.714 18.521 18.374 18.206 18.039 17.886 17.699 17.514 17.316 17.144 16.926 16.731 16.529 16.306 16.116 15.921 15.754 15.546 15.356 15.154 14.961 14.751 14.524 14.224 13.924 13.589 13.254 12.894 12.516 12.126 11.781 11.381 11.014 10.676 10.299 9.961 9.669 9.389 9.154 8.936 8.734 8.526 8.359 8.199 8.036 7.899 7.754 7.491 7.284 7.146 7.011 6.869 6.789 6.691 6.611 6.701 7.611 9.401 5.986 4.309 4.651 3.786
19.876 19.771 19.709 19.594 19.479 19.344 19.221 19.071 18.941 18.821 18.696 18.551 18.361 18.181 17.994 17.856 17.679 17.481 17.286 17.056 16.871 16.654 16.436 16.246 16.041 15.859 15.684 15.476 15.299 15.076 14.881 14.654 14.386 14.104 13.749 13.396 13.041 12.646 12.246 11.884 11.501 11.124 10.781 10.426 10.066 9.746 9.444 9.216 9.016 8.799 8.589 8.401 8.196 8.034 7.886 7.704 7.481 7.291 7.119 6.994 6.854 6.716 6.594 6.519 6.516 7.181 6.796 5.259 4.939 4.281 3.966 2.551
19.939 19.869 19.776 19.634 19.529 19.409 19.276 19.136 18.999 18.849 18.724 18.566 18.391 18.199 18.011 17.819 17.621 17.429 17.236 17.021 16.826 16.609 16.404 16.194 16.011 15.806 15.599 15.424 15.221 15.046 14.794 14.544 14.266 13.944 13.579 13.194 12.834 12.426 12.021 11.604 11.224 10.866 10.501 10.139 9.834 9.536 9.251 9.024 8.834 8.614 8.436 8.256 8.071 7.861 7.706 7.501 7.284 7.081 6.966 6.811 6.711 6.551 6.444 6.436 6.426 6.174 6.209 5.351 3.909 3.124 3.791 3.774
20.011 19.911 19.821 19.676 19.604 19.451 19.296 19.166 19.026 18.864 18.744 18.574 18.416 18.219 18.034 17.824 17.629 17.434 17.204 16.984 16.764 16.559 16.364 16.164 15.976 15.764 15.566 15.366 15.159 14.934 14.681 14.421 14.129 13.781 13.396 13.006 12.601 12.176 11.791 11.386 10.986 10.614 10.246 9.879 9.576 9.329 9.066 8.851 8.644 8.466 8.286 8.094 7.904 7.739 7.516 7.311 7.089 6.939 6.799 6.684 6.551 6.394 6.339 6.329 6.094 5.529 7.076 5.146 3.386 3.436 3.001 2.574
20.069 19.979 19.869 19.744 19.659 19.496 19.329 19.191 19.051 18.899 18.734 18.596 18.419 18.224 18.031 17.811 17.616 17.384 17.169 16.954 16.749 16.504 16.306 16.134 15.951 15.796 15.559 15.354 15.139 14.891 14.626 14.321 13.981 13.629 13.234 12.806 12.399 11.986 11.576 11.146 10.754 10.379 10.011 9.674 9.379 9.114 8.871 8.659 8.479 8.319 8.146 7.954 7.779 7.576 7.366 7.131 6.954 6.801 6.631 6.521 6.376 6.226 6.229 6.144 7.329 5.676 5.716 4.209 2.949 3.206 3.096 1.946
20.154 20.014 19.891 19.811 19.686 19.526 19.399 19.209 19.026 18.901 18.756 18.599 18.426 18.219 18.004 17.816 17.589 17.366 17.149 16.939 16.719 16.504 16.266 16.069 15.926 15.741 15.534 15.344 15.094 14.851 14.561 14.221 13.859 13.466 13.066 12.646 12.189 11.746 11.346 10.946 10.541 10.171 9.799 9.451 9.189 8.924 8.706 8.494 8.291 8.136 7.959 7.819 7.641 7.411 7.174 6.961 6.799 6.649 6.494 6.361 6.196 6.136 6.079 7.031 6.271 4.974 3.726 3.116 2.549 2.169 2.031 1.694
20.181 20.074 19.949 19.831 19.729 19.551 19.429 19.289 19.111 18.951 18.781 18.601 18.411 18.236 18.006 17.796 17.556 17.356 17.104 16.916 16.714 16.494 16.299 16.089 15.904 15.706 15.501 15.274 15.059 14.786 14.481 14.136 13.764 13.366 12.924 12.496 12.041 11.581 11.149 10.754 10.319 9.946 9.596 9.281 8.989 8.731 8.524 8.324 8.156 8.009 7.834 7.661 7.429 7.214 6.991 6.786 6.651 6.481 6.336 6.189 6.036 6.019 6.001 7.716 6.014 5.681 3.534 2.769 2.276 1.921 1.599 1.504
20.246 20.149 20.031 19.924 19.776 19.611 19.464 19.324 19.179 19.029 18.829 18.626 18.451 18.256 18.016 17.816 17.599 17.341 17.104 16.911 16.681 16.491 16.289 16.104 15.919 15.686 15.486 15.274 15.031 14.711 14.426 14.076 13.681 13.231 12.796 12.359 11.916 11.444 11.001 10.554 10.144 9.771 9.389 9.091 8.836 8.586 8.394 8.194 8.024 7.851 7.664 7.509 7.281 7.036 6.819 6.659 6.501 6.329 6.196 6.044 5.936 5.884 6.129 8.039 5.869 3.926 4.259 2.461 2.104 1.641 1.636 1.674
20.356 20.209 20.084 19.951 19.826 19.669 19.529 19.369 19.221 19.036 18.879 18.674 18.489 18.271 18.041 17.816 17.599 17.351 17.119 16.906 16.684 16.479 16.294 16.094 15.886 15.684 15.454 15.246 14.976 14.659 14.331 13.964 13.569 13.121 12.656 12.194 11.741 11.271 10.841 10.384 9.966 9.604 9.261 8.936 8.654 8.436 8.266 8.076 7.869 7.669 7.526 7.334 7.126 6.886 6.691 6.526 6.379 6.181 6.039 5.901 5.799 5.754 6.111 6.991 5.294 5.109 2.929 2.131 1.721 1.539 1.639 1.534
20.401 20.269 20.156 20.004 19.844 19.744 19.579 19.404 19.234 19.046 18.879 18.674 18.459 18.244 18.024 17.811 17.599 17.336 17.111 16.914 16.699 16.479 16.291 16.066 15.871 15.666 15.426 15.174 14.904 14.589 14.244 13.841 13.411 12.974 12.521 12.036 11.549 11.104 10.654 10.226 9.784 9.416 9.079 8.799 8.501 8.314 8.129 7.949 7.766 7.564 7.366 7.156 6.959 6.756 6.596 6.384 6.199 6.009 5.866 5.754 5.669 5.584 6.236 4.774 4.816 3.094 2.506 1.809 1.576 1.584 1.606 1.571
20.471 20.341 20.231 20.091 19.944 19.789 19.634 19.446 19.271 19.089 18.886 18.686 18.469 18.256 18.024 17.779 17.561 17.361 17.086 16.901 16.691 16.456 16.271 16.056 15.844 15.646 15.411 15.149 14.874 14.534 14.149 13.749 13.296 12.841 12.376 11.904 11.401 10.921 10.471 10.079 9.666 9.279 8.954 8.681 8.399 8.216 8.019 7.854 7.664 7.461 7.246 7.001 6.814 6.651 6.444 6.246 6.041 5.869 5.689 5.599 5.544 5.496 6.241 4.426 3.289 4.244 3.481 2.424 1.586 1.594 1.671 1.661
20.556 20.414 20.259 20.136 19.969 19.821 19.666 19.506 19.311 19.119 18.921 18.714 18.501 18.274 18.021 17.774 17.541 17.346 17.066 16.851 16.654 16.429 16.239 16.029 15.829 15.606 15.376 15.134 14.821 14.474 14.074 13.664 13.209 12.711 12.244 11.736 11.266 10.764 10.314 9.871 9.479 9.134 8.809 8.594 8.331 8.109 7.914 7.739 7.546 7.341 7.101 6.861 6.686 6.519 6.299 6.091 5.886 5.704 5.549 5.429 5.414 5.361 5.136 4.419 3.141 4.221 2.864 1.801 1.599 1.624 1.696 1.681
20.611 20.474 20.331 20.166 20.039 19.889 19.701 19.551 19.376 19.156 18.926 18.731 18.509 18.279 18.014 17.804 17.529 17.301 17.094 16.876 16.694 16.479 16.259 16.029 15.834 15.616 15.374 15.109 14.784 14.409 13.996 13.556 13.106 12.621 12.109 11.601 11.121 10.636 10.179 9.759 9.401 9.024 8.694 8.456 8.214 8.009 7.841 7.631 7.404 7.196 6.959 6.759 6.564 6.341 6.134 5.949 5.744 5.531 5.416 5.316 5.274 5.086 4.034 3.594 2.874 3.431 2.506 1.739 1.519 1.564 1.641 1.679
20.679 20.534 20.366 20.209 20.044 19.904 19.751 19.589 19.394 19.181 18.964 18.786 18.516 18.321 18.059 17.806 17.536 17.314 17.079 16.874 16.676 16.461 16.271 16.069 15.851 15.626 15.359 15.081 14.734 14.374 13.949 13.486 13.011 12.526 11.989 11.509 10.994 10.514 10.059 9.619 9.234 8.876 8.594 8.319 8.081 7.901 7.699 7.491 7.279 7.081 6.836 6.614 6.404 6.161 5.986 5.801 5.616 5.389 5.284 5.191 5.181 4.774 4.914 4.651 4.304 2.169 2.301 1.769 1.491 1.486 1.584 1.549
20.719 20.569 20.409 20.241 20.116 19.966 19.784 19.599 19.409 19.184 18.986 18.764 18.516 18.276 18.024 17.769 17.556 17.341 17.089 16.844 16.681 16.461 16.254 16.076 15.831 15.589 15.339 15.036 14.704 14.319 13.881 13.416 12.946 12.436 11.904 11.386 10.874 10.369 9.884 9.464 9.104 8.781 8.481 8.209 7.964 7.761 7.564 7.371 7.126 6.904 6.701 6.516 6.286 6.024 5.811 5.624 5.464 5.296 5.121 5.064 5.041 4.641 5.124 3.871 3.946 1.854 1.661 1.611 1.499 1.456 1.516 1.571
20.756 20.631 20.454 20.266 20.136 19.979 19.801 19.614 19.406 19.186 18.969 18.751 18.489 18.249 17.999 17.736 17.521 17.306 17.086 16.861 16.679 16.464 16.254 16.039 15.821 15.571 15.316 15.014 14.641 14.239 13.806 13.316 12.846 12.349 11.829 11.271 10.754 10.261 9.759 9.334 8.991 8.704 8.406 8.121 7.854 7.644 7.446 7.266 7.064 6.799 6.581 6.414 6.161 5.884 5.666 5.461 5.301 5.164 4.986 4.929 4.821 4.706 4.536 3.099 2.264 1.879 1.721 1.541 1.476 1.471 1.606 1.806
20.806 20.691 20.519 20.326 20.156 19.996 19.791 19.571 19.364 19.159 18.944 18.719 18.496 18.226 17.981 17.721 17.486 17.281 17.041 16.811 16.604 16.434 16.224 16.034 15.791 15.551 15.294 14.976 14.589 14.166 13.706 13.206 12.699 12.206 11.729 11.166 10.659 10.154 9.644 9.226 8.866 8.556 8.289 8.051 7.796 7.541 7.311 7.116 6.911 6.706 6.496 6.294 6.031 5.794 5.524 5.281 5.166 5.006 4.896 4.816 4.651 4.839 3.974 3.061 3.234 1.666 1.536 1.499 1.469 1.484 1.704 1.706
20.854 20.704 20.564 20.401 20.231 20.034 19.821 19.594 19.411 19.169 18.936 18.701 18.466 18.196 17.939 17.701 17.481 17.211 16.991 16.789 16.571 16.391 16.181 15.959 15.734 15.496 15.219 14.899 14.524 14.071 13.584 13.091 12.561 12.054 11.546 11.039 10.496 9.996 9.511 9.131 8.766 8.466 8.201 7.944 7.694 7.429 7.199 6.981 6.796 6.606 6.419 6.171 5.926 5.674 5.371 5.126 4.989 4.866 4.766 4.711 4.454 4.216 3.994 3.876 2.561 1.771 1.561 1.599 1.569 1.489 1.691 1.739
20.901 20.761 20.594 20.404 20.231 20.044 19.796 19.639 19.401 19.186 18.939 18.686 18.441 18.171 17.914 17.649 17.434 17.184 16.964 16.786 16.561 16.394 16.194 15.989 15.736 15.459 15.151 14.796 14.396 13.969 13.494 13.006 12.479 11.926 11.416 10.866 10.366 9.864 9.411 9.026 8.666 8.366 8.114 7.844 7.619 7.366 7.086 6.874 6.671 6.506 6.326 6.056 5.806 5.564 5.259 5.041 4.886 4.759 4.654 4.594 4.209 3.969 3.634 2.971 2.779 1.686 1.736 1.619 1.521 1.604 1.711 1.839
20.961 20.799 20.619 20.459 20.259 20.079 19.871 19.619 19.394 19.159 18.926 18.696 18.416 18.141 17.899 17.624 17.401 17.169 16.949 16.754 16.534 16.354 16.164 15.946 15.726 15.439 15.131 14.751 14.349 13.886 13.389 12.866 12.354 11.796 11.304 10.761 10.236 9.754 9.341 8.949 8.599 8.279 7.981 7.734 7.486 7.264 7.021 6.789 6.586 6.401 6.211 5.956 5.716 5.454 5.169 4.929 4.756 4.621 4.531 4.421 4.644 4.064 3.804 4.096 3.074 1.659 1.676 1.669 1.696 1.699 1.744 1.846
21.051 20.849 20.691 20.509 20.319 20.104 19.891 19.656 19.414 19.161 18.904 18.664 18.406 18.114 17.859 17.591 17.369 17.131 16.924 16.751 16.549 16.354 16.141 15.916 15.684 15.424 15.116 14.714 14.286 13.806 13.309 12.754 12.249 11.684 11.151 10.644 10.134 9.661 9.254 8.864 8.514 8.174 7.871 7.626 7.404 7.171 6.946 6.731 6.491 6.289 6.086 5.826 5.586 5.331 5.056 4.791 4.616 4.519 4.439 4.306 5.391 3.899 2.904 2.791 2.104 1.721 1.676 1.691 1.851 1.701 1.759 1.856
21.081 20.931 20.746 20.571 20.339 20.129 19.921 19.674 19.424 19.204 18.931 18.654 18.396 18.116 17.849 17.589 17.384 17.176 16.961 16.756 16.539 16.361 16.159 15.924 15.651 15.389 15.056 14.651 14.196 13.724 13.229 12.696 12.149 11.601 11.071 10.541 10.036 9.571 9.171 8.784 8.434 8.106 7.794 7.541 7.294 7.059 6.836 6.614 6.401 6.184 5.954 5.701 5.456 5.239 4.971 4.721 4.529 4.394 4.321 4.246 4.059 4.594 2.639 1.979 1.744 1.609 1.674 1.689 1.841 1.681 1.901 1.941
21.174 21.006 20.819 20.626 20.399 20.191 19.949 19.716 19.466 19.204 18.939 18.686 18.394 18.119 17.866 17.631 17.404 17.189 16.939 16.756 16.594 16.399 16.179 15.949 15.684 15.374 15.026 14.609 14.156 13.654 13.146 12.591 12.056 11.529 10.956 10.436 9.939 9.489 9.069 8.709 8.359 8.044 7.736 7.474 7.209 6.974 6.749 6.526 6.304 6.074 5.811 5.551 5.341 5.094 4.839 4.584 4.409 4.289 4.219 4.124 3.516 3.889 2.316 2.044 1.636 1.664 1.721 1.731 1.901 1.899 1.929 1.826
21.206 21.041 20.846 20.639 20.429 20.206 19.991 19.739 19.476 19.209 18.934 18.691 18.411 18.146 17.886 17.639 17.426 17.221 16.994 16.776 16.599 16.434 16.186 15.946 15.694 15.369 15.014 14.589 14.131 13.619 13.076 12.536 11.991 11.479 10.899 10.339 9.841 9.404 8.989 8.659 8.331 7.969 7.659 7.401 7.156 6.899 6.674 6.444 6.199 5.949 5.716 5.459 5.209 5.011 4.754 4.491 4.349 4.219 4.144 4.046 4.486 3.584 2.544 1.911 1.631 1.749 1.861 1.824 1.874 1.849 1.806 1.806
