All_lidar/sz6189_DSM_2M.asc
ncols 500
nrows 500
xllcorner    461000
yllcorner    89000
cellsize     2
NODATA_value -9999
[rows 224 to 255 of 500, columns 284 to 354 of 500]
51.835 51.827 51.817 51.802 51.77 51.722 51.725 51.7 51.64 51.61 51.575 51.52 51.495 51.447 51.427 51.402 51.39 51.327 51.342 51.287 51.287 51.262 51.245 51.202 51.197 51.172 51.137 51.092 51.08 51.03 51.012 50.97 50.955 50.935 50.925 50.895 50.882 50.817 50.78 50.737 50.732 50.695 50.68 50.637 50.617 50.59 50.53 50.512 50.465 50.427 50.395 50.365 50.335 50.31 50.28 50.245 50.235 50.185 50.155 50.14 50.11 50.082 50.04 50.017 49.955 49.932 49.887 49.87 49.852 49.835 49.822
51.855 51.837 51.832 51.817 51.782 51.757 51.735 51.702 51.657 51.62 51.602 51.552 51.525 51.477 51.43 51.41 51.397 51.335 51.342 51.307 51.295 51.292 51.26 51.202 51.167 51.142 51.115 51.09 51.075 51.047 51.002 50.987 50.97 50.912 50.91 50.842 50.842 50.82 50.777 50.78 50.735 50.702 50.687 50.657 50.6 50.542 50.532 50.5 50.447 50.432 50.402 50.375 50.35 50.315 50.3 50.272 50.235 50.175 50.175 50.135 50.127 50.072 50.027 50.002 49.982 49.942 49.897 49.87 49.83 49.835 49.805
51.875 51.857 51.84 51.807 51.792 51.787 51.715 51.695 51.682 51.65 51.632 51.572 51.535 51.49 51.467 51.425 51.4 51.36 51.337 51.305 51.295 51.27 51.245 51.227 51.177 51.157 51.125 51.11 51.057 51.04 51.015 50.975 50.957 50.917 50.895 50.835 50.812 50.785 50.777 50.752 50.73 50.7 50.652 50.612 50.582 50.545 50.527 50.487 50.452 50.425 50.405 50.395 50.355 50.322 50.305 50.262 50.23 50.187 50.177 50.142 50.107 50.08 50.045 50.01 49.967 49.94 49.917 49.877 49.865 49.827 49.8
51.875 51.87 51.857 51.825 51.79 51.757 51.742 51.735 51.69 51.667 51.627 51.587 51.55 51.507 51.462 51.425 51.4 51.37 51.332 51.31 51.29 51.262 51.225 51.21 51.192 51.175 51.125 51.097 51.065 51.037 50.982 50.957 50.93 50.882 50.872 50.865 50.812 50.8 50.772 50.752 50.717 50.695 50.667 50.625 50.575 50.565 50.522 50.482 50.452 50.45 50.417 50.4 50.365 50.33 50.287 50.252 50.245 50.19 50.172 50.155 50.105 50.082 50.055 50.017 49.992 49.957 49.925 49.902 49.882 49.855 49.8
51.89 51.88 51.835 51.822 51.805 51.772 51.75 51.74 51.715 51.67 51.642 51.615 51.545 51.517 51.49 51.427 51.41 51.377 51.345 51.305 51.275 51.24 51.205 51.202 51.177 51.165 51.13 51.092 51.062 51.025 50.972 50.975 50.925 50.902 50.862 50.84 50.82 50.777 50.745 50.732 50.712 50.69 50.642 50.62 50.582 50.565 50.525 50.482 50.487 50.47 50.427 50.395 50.352 50.32 50.307 50.257 50.247 50.182 50.195 50.147 50.11 50.097 50.072 50.015 49.99 49.957 49.927 49.887 49.855 49.825 49.812
51.897 51.87 51.852 51.825 51.797 51.787 51.757 51.752 51.707 51.657 51.65 51.607 51.532 51.522 51.475 51.442 51.417 51.375 51.355 51.295 51.27 51.237 51.245 51.2 51.165 51.147 51.115 51.092 51.04 51.007 50.975 50.957 50.935 50.897 50.865 50.832 50.807 50.747 50.737 50.727 50.705 50.677 50.662 50.6 50.587 50.572 50.535 50.495 50.495 50.452 50.432 50.407 50.362 50.325 50.31 50.26 50.265 50.19 50.182 50.155 50.12 50.082 50.042 50 49.975 49.952 49.935 49.897 49.875 49.83 49.817
51.9 51.875 51.835 51.822 51.8 51.767 51.757 51.722 51.705 51.672 51.652 51.59 51.54 51.542 51.505 51.46 51.43 51.377 51.332 51.292 51.277 51.235 51.22 51.177 51.167 51.147 51.122 51.09 51.022 51.017 50.965 50.92 50.897 50.887 50.85 50.81 50.775 50.765 50.762 50.725 50.68 50.655 50.652 50.622 50.587 50.557 50.547 50.497 50.477 50.452 50.432 50.397 50.345 50.325 50.292 50.277 50.24 50.197 50.17 50.147 50.102 50.052 50.025 49.997 49.977 49.945 49.925 49.897 49.86 49.825 49.825
51.9 51.88 51.852 51.79 51.79 51.77 51.725 51.715 51.702 51.667 51.637 51.607 51.582 51.537 51.512 51.485 51.412 51.36 51.345 51.307 51.262 51.237 51.225 51.195 51.145 51.142 51.105 51.07 51.052 51.017 50.977 50.93 50.895 50.87 50.835 50.792 50.8 50.767 50.745 50.717 50.71 50.66 50.67 50.625 50.592 50.56 50.552 50.482 50.475 50.447 50.42 50.382 50.337 50.327 50.315 50.287 50.247 50.197 50.157 50.115 50.095 50.067 50.05 50.022 49.99 49.94 49.925 49.905 49.845 49.825 49.792
51.885 51.85 51.832 51.79 51.772 51.76 51.747 51.725 51.692 51.682 51.66 51.625 51.605 51.55 51.522 51.472 51.412 51.372 51.332 51.297 51.26 51.237 51.225 51.18 51.142 51.115 51.092 51.062 51.032 50.995 50.965 50.922 50.897 50.852 50.845 50.8 50.787 50.785 50.737 50.715 50.692 50.68 50.662 50.61 50.585 50.575 50.542 50.517 50.472 50.487 50.43 50.39 50.357 50.335 50.312 50.287 50.225 50.205 50.152 50.125 50.11 50.08 50.057 50.02 49.985 49.952 49.897 49.875 49.857 49.807 49.787
51.887 51.857 51.825 51.805 51.767 51.77 51.747 51.74 51.712 51.667 51.645 51.607 51.587 51.54 51.522 51.497 51.45 51.362 51.325 51.305 51.267 51.242 51.212 51.17 51.145 51.115 51.085 51.05 51.007 50.982 50.95 50.915 50.892 50.865 50.835 50.802 50.8 50.757 50.72 50.715 50.677 50.7 50.667 50.61 50.6 50.552 50.542 50.525 50.487 50.457 50.42 50.385 50.345 50.317 50.295 50.237 50.23 50.195 50.165 50.14 50.097 50.077 50.015 50.02 49.967 49.94 49.9 49.862 49.855 49.792 49.75
51.892 51.84 51.81 51.787 51.762 51.735 51.725 51.687 51.67 51.652 51.62 51.597 51.575 51.56 51.532 51.477 51.42 51.402 51.362 51.307 51.26 51.227 51.19 51.155 51.14 51.102 51.065 51.045 51.027 50.975 50.96 50.945 50.892 50.85 50.82 50.805 50.795 50.765 50.767 50.697 50.697 50.69 50.662 50.617 50.585 50.567 50.545 50.537 50.495 50.472 50.435 50.39 50.342 50.317 50.292 50.257 50.227 50.2 50.162 50.127 50.092 50.065 50.015 50.002 49.947 49.915 49.88 49.855 49.822 49.79 49.745
51.857 51.835 51.83 51.8 51.747 51.717 51.707 51.68 51.637 51.66 51.632 51.597 51.592 51.537 51.517 51.457 51.445 51.422 51.345 51.297 51.245 51.227 51.195 51.172 51.137 51.107 51.072 51.037 51.007 50.995 50.97 50.93 50.882 50.855 50.84 50.815 50.8 50.77 50.747 50.72 50.69 50.677 50.642 50.63 50.587 50.565 50.552 50.497 50.475 50.44 50.41 50.372 50.352 50.34 50.317 50.262 50.23 50.177 50.15 50.105 50.08 50.05 50.005 49.982 49.935 49.882 49.852 49.845 49.802 49.775 49.73
51.875 51.83 51.805 51.775 51.735 51.685 51.672 51.67 51.657 51.63 51.632 51.597 51.582 51.54 51.485 51.457 51.447 51.372 51.357 51.292 51.262 51.222 51.202 51.165 51.125 51.09 51.067 51.04 51 51.017 50.962 50.92 50.897 50.872 50.825 50.815 50.79 50.772 50.755 50.707 50.695 50.677 50.677 50.642 50.607 50.552 50.527 50.512 50.447 50.432 50.412 50.377 50.352 50.327 50.29 50.24 50.21 50.177 50.155 50.102 50.072 50.052 50.01 49.945 49.932 49.907 49.867 49.827 49.792 49.75 49.702
51.862 51.815 51.777 51.735 51.712 51.695 51.705 51.662 51.645 51.632 51.612 51.562 51.565 51.5 51.47 51.447 51.44 51.4 51.355 51.31 51.26 51.21 51.192 51.157 51.102 51.097 51.072 51.05 51.02 51.017 50.972 50.947 50.915 50.88 50.855 50.815 50.807 50.76 50.735 50.7 50.715 50.69 50.652 50.615 50.585 50.545 50.52 50.502 50.477 50.44 50.425 50.387 50.345 50.312 50.292 50.237 50.217 50.172 50.142 50.095 50.05 50.05 49.992 49.945 49.92 49.88 49.83 49.802 49.762 49.752 49.717
51.86 51.805 51.775 51.755 51.727 51.71 51.657 51.672 51.607 51.585 51.572 51.527 51.517 51.507 51.46 51.442 51.422 51.397 51.337 51.33 51.242 51.235 51.187 51.16 51.115 51.092 51.067 51.065 51.045 51.007 50.985 50.955 50.93 50.875 50.835 50.812 50.792 50.765 50.72 50.717 50.72 50.682 50.63 50.59 50.597 50.557 50.525 50.505 50.467 50.427 50.382 50.365 50.32 50.317 50.265 50.232 50.212 50.157 50.125 50.085 50.057 50.027 49.97 49.927 49.902 49.877 49.827 49.805 49.782 49.74 49.702
51.822 51.817 51.79 51.74 51.705 51.672 51.637 51.62 51.592 51.562 51.552 51.547 51.522 51.49 51.482 51.455 51.43 51.39 51.35 51.3 51.28 51.25 51.22 51.152 51.13 51.11 51.095 51.065 51.035 51.002 51 50.965 50.93 50.89 50.837 50.812 50.78 50.78 50.722 50.705 50.685 50.645 50.635 50.595 50.575 50.562 50.54 50.49 50.457 50.41 50.382 50.36 50.317 50.295 50.26 50.23 50.195 50.147 50.107 50.075 50.03 49.992 49.955 49.92 49.892 49.865 49.845 49.8 49.775 49.757 49.695
51.86 51.82 51.765 51.722 51.69 51.652 51.622 51.587 51.587 51.577 51.552 51.527 51.5 51.497 51.47 51.452 51.435 51.405 51.385 51.337 51.267 51.245 51.207 51.187 51.15 51.112 51.117 51.052 51.03 51.002 50.987 50.945 50.905 50.867 50.84 50.815 50.785 50.75 50.72 50.702 50.682 50.645 50.617 50.605 50.597 50.525 50.502 50.472 50.435 50.4 50.377 50.352 50.31 50.275 50.25 50.212 50.167 50.135 50.087 50.057 50.032 49.995 49.94 49.917 49.9 49.847 49.837 49.805 49.777 49.737 49.717
51.832 51.775 51.727 51.7 51.682 51.642 51.627 51.617 51.582 51.56 51.555 51.515 51.507 51.477 51.47 51.445 51.417 51.385 51.347 51.342 51.29 51.27 51.232 51.202 51.167 51.12 51.12 51.075 51.032 51.017 50.967 50.947 50.912 50.895 50.837 50.807 50.79 50.757 50.725 50.69 50.652 50.655 50.637 50.625 50.562 50.52 50.512 50.485 50.43 50.392 50.372 50.335 50.312 50.277 50.25 50.195 50.152 50.132 50.1 50.045 50.012 49.992 49.962 49.922 49.892 49.857 49.847 49.815 49.8 49.747 49.692
51.8 51.76 51.735 51.705 51.667 51.66 51.635 51.607 51.57 51.54 51.53 51.512 51.48 51.455 51.435 51.435 51.41 51.365 51.357 51.352 51.322 51.267 51.227 51.22 51.162 51.132 51.102 51.065 51.022 50.997 50.98 50.96 50.91 50.877 50.855 50.837 50.792 50.762 50.72 50.695 50.657 50.63 50.592 50.575 50.542 50.505 50.495 50.455 50.395 50.375 50.367 50.332 50.287 50.245 50.242 50.2 50.147 50.117 50.09 50.07 50.04 49.997 49.96 49.92 49.882 49.85 49.822 49.812 49.777 49.752 49.697
51.815 51.755 51.73 51.7 51.662 51.63 51.625 51.597 51.552 51.54 51.52 51.51 51.492 51.495 51.445 51.432 51.427 51.402 51.377 51.355 51.325 51.31 51.255 51.24 51.177 51.137 51.092 51.055 51.025 51.002 50.972 50.947 50.92 50.877 50.865 50.842 50.792 50.752 50.725 50.675 50.635 50.632 50.6 50.562 50.555 50.502 50.472 50.435 50.402 50.37 50.362 50.31 50.285 50.24 50.222 50.197 50.17 50.15 50.107 50.065 50.017 50.015 49.965 49.937 49.875 49.842 49.832 49.82 49.772 49.732 49.72
51.817 51.747 51.74 51.692 51.665 51.63 51.597 51.575 51.557 51.545 51.52 51.505 51.507 51.495 51.45 51.447 51.45 51.417 51.387 51.362 51.325 51.29 51.282 51.232 51.177 51.15 51.107 51.075 51.032 51.01 50.967 50.942 50.92 50.872 50.842 50.825 50.795 50.742 50.702 50.677 50.63 50.622 50.587 50.545 50.52 50.492 50.465 50.435 50.397 50.367 50.315 50.3 50.247 50.225 50.217 50.195 50.17 50.155 50.122 50.05 50.015 50 49.96 49.945 49.89 49.845 49.83 49.802 49.747 49.727 49.702
51.817 51.785 51.752 51.695 51.65 51.615 51.592 51.58 51.572 51.542 51.522 51.52 51.485 51.475 51.465 51.465 51.44 51.4 51.38 51.35 51.32 51.302 51.26 51.225 51.182 51.177 51.112 51.06 51.04 51.007 50.977 50.957 50.922 50.89 50.847 50.817 50.777 50.735 50.702 50.645 50.64 50.602 50.557 50.532 50.502 50.472 50.427 50.4 50.355 50.37 50.33 50.31 50.29 50.257 50.23 50.19 50.172 50.122 50.09 50.06 50.017 50.012 49.947 49.917 49.89 49.86 49.832 49.797 49.77 49.722 49.702
51.83 51.785 51.745 51.707 51.68 51.642 51.627 51.582 51.545 51.525 51.53 51.52 51.502 51.487 51.475 51.397 51.405 51.382 51.372 51.345 51.322 51.29 51.265 51.242 51.207 51.145 51.132 51.072 51.047 51.005 50.975 50.945 50.922 50.877 50.842 50.8 50.762 50.722 50.69 50.655 50.61 50.59 50.545 50.512 50.497 50.45 50.425 50.397 50.375 50.375 50.34 50.292 50.275 50.247 50.232 50.167 50.16 50.132 50.1 50.077 50.037 50.002 49.96 49.912 49.9 49.872 49.812 49.772 49.755 49.75 49.692
51.84 51.797 51.75 51.702 51.667 51.647 51.605 51.562 51.557 51.55 51.547 51.525 51.497 51.46 51.457 51.422 51.407 51.367 51.34 51.34 51.33 51.292 51.267 51.25 51.22 51.182 51.107 51.08 51.042 51.012 50.98 50.935 50.915 50.875 50.842 50.807 50.752 50.712 50.687 50.64 50.597 50.595 50.547 50.502 50.472 50.455 50.44 50.422 50.395 50.375 50.322 50.302 50.277 50.232 50.202 50.195 50.15 50.127 50.112 50.057 50.015 49.985 49.952 49.92 49.892 49.855 49.822 49.792 49.735 49.692 49.64
51.852 51.782 51.77 51.725 51.675 51.652 51.632 51.627 51.592 51.532 51.515 51.497 51.477 51.442 51.427 51.422 51.372 51.375 51.365 51.317 51.31 51.297 51.277 51.242 51.21 51.165 51.132 51.092 51.06 51.012 50.965 50.937 50.887 50.862 50.825 50.785 50.747 50.725 50.685 50.62 50.6 50.575 50.545 50.532 50.492 50.445 50.467 50.415 50.385 50.332 50.327 50.32 50.28 50.262 50.205 50.195 50.147 50.13 50.082 50.047 50.002 49.96 49.937 49.915 49.882 49.85 49.805 49.732 49.702 49.66 49.605
51.852 51.807 51.777 51.715 51.7 51.67 51.642 51.645 51.582 51.555 51.515 51.49 51.455 51.427 51.397 51.392 51.395 51.375 51.355 51.325 51.327 51.292 51.26 51.247 51.217 51.172 51.11 51.08 51.075 50.995 50.97 50.935 50.892 50.87 50.832 50.8 50.755 50.712 50.685 50.615 50.575 50.577 50.545 50.505 50.48 50.472 50.437 50.397 50.37 50.34 50.315 50.285 50.292 50.242 50.215 50.165 50.155 50.11 50.077 50.047 50.005 49.992 49.955 49.92 49.847 49.817 49.76 49.712 49.657 49.61 49.59
51.857 51.832 51.797 51.747 51.714 51.674 51.619 51.619 51.569 51.544 51.509 51.469 51.417 51.434 51.394 51.394 51.372 51.352 51.339 51.312 51.302 51.277 51.257 51.242 51.207 51.157 51.137 51.107 51.047 50.977 50.937 50.934 50.877 50.862 50.822 50.777 50.757 50.717 50.682 50.624 50.609 50.582 50.532 50.507 50.494 50.444 50.402 50.379 50.377 50.359 50.302 50.299 50.274 50.214 50.209 50.167 50.142 50.097 50.072 50.029 50.004 49.974 49.909 49.864 49.802 49.772 49.732 49.667 49.649 49.619 49.607
51.872 51.847 51.819 51.769 51.719 51.689 51.649 51.592 51.559 51.522 51.484 51.477 51.439 51.422 51.389 51.379 51.374 51.342 51.322 51.292 51.284 51.272 51.254 51.247 51.207 51.172 51.139 51.077 51.047 50.989 50.949 50.907 50.884 50.872 50.817 50.769 50.749 50.714 50.669 50.649 50.609 50.572 50.529 50.519 50.477 50.432 50.422 50.382 50.372 50.354 50.324 50.287 50.239 50.217 50.204 50.149 50.127 50.112 50.062 50.017 49.977 49.917 49.882 49.809 49.774 49.747 49.709 49.697 49.674 49.644 49.634
51.887 51.854 51.814 51.769 51.712 51.667 51.639 51.592 51.557 51.532 51.482 51.459 51.447 51.422 51.397 51.349 51.347 51.339 51.307 51.282 51.287 51.274 51.262 51.219 51.202 51.157 51.097 51.059 51.027 50.989 50.944 50.917 50.872 50.829 50.819 50.772 50.757 50.714 50.692 50.662 50.604 50.574 50.529 50.524 50.472 50.432 50.414 50.397 50.369 50.317 50.299 50.254 50.229 50.192 50.187 50.149 50.104 50.072 50.042 49.987 49.917 49.872 49.854 49.839 49.772 49.777 49.754 49.722 49.704 49.672 49.607
51.897 51.867 51.822 51.769 51.714 51.667 51.639 51.619 51.557 51.522 51.477 51.479 51.442 51.392 51.374 51.347 51.344 51.304 51.314 51.279 51.272 51.242 51.222 51.184 51.152 51.134 51.104 51.079 51.034 50.992 50.959 50.934 50.884 50.859 50.819 50.777 50.769 50.717 50.674 50.664 50.614 50.567 50.554 50.517 50.474 50.434 50.402 50.364 50.342 50.319 50.277 50.244 50.227 50.187 50.172 50.127 50.087 50.034 50.014 49.982 49.922 49.879 49.859 49.852 49.819 49.807 49.759 49.709 49.682 49.639 49.589
51.902 51.852 51.832 51.782 51.742 51.692 51.652 51.617 51.572 51.527 51.494 51.464 51.442 51.394 51.347 51.337 51.307 51.284 51.279 51.242 51.252 51.224 51.179 51.174 51.142 51.142 51.094 51.074 51.044 50.997 50.949 50.937 50.884 50.839 50.817 50.782 50.739 50.707 50.684 50.642 50.597 50.589 50.559 50.512 50.467 50.419 50.402 50.354 50.329 50.302 50.282 50.239 50.189 50.174 50.142 50.082 50.069 50.019 50.004 49.967 49.949 49.912 49.884 49.877 49.812 49.812 49.747 49.707 49.669 49.622 49.574
51.924 51.869 51.819 51.782 51.737 51.699 51.649 51.619 51.559 51.522 51.484 51.469 51.422 51.379 51.349 51.314 51.292 51.279 51.232 51.222 51.194 51.179 51.162 51.162 51.137 51.092 51.082 51.057 51.042 50.989 50.967 50.937 50.899 50.879 50.822 50.777 50.744 50.709 50.687 50.627 50.594 50.539 50.537 50.489 50.442 50.399 50.382 50.347 50.322 50.294 50.259 50.214 50.162 50.117 50.089 50.052 50.039 50.017 50.022 50.009 49.947 49.919 49.904 49.837 49.797 49.777 49.762 49.702 49.642 49.579 49.534
