All_lidar/sz6193_DSM_2M.asc
ncols 500
nrows 500
xllcorner    461000
yllcorner    93000
cellsize     2
NODATA_value -9999
[rows 198 to 230 of 500, columns 0 to 73 of 500]
-2.074 -2.096 -2.055 -2.12 -2.072 -2.082 -2.083 -2.112 -2.186 -2.135 -2.085 -2.035 -2.119 -1.964 -2.08 -2.072 -2.211 -2.077 -2.079 -2.094 -2.086 -2.098 -2.154 -2.055 -2.08 -2.029 -2.036 -2.004 -2.059 -2.07 -2.073 -2.183 -2.068 -2.083 -2.136 -2.101 -2.09 -2.08 -2.052 -2.082 -2.067 -2.02 -2.064 -2.131 -2.101 -2.044 -2.049 -1.987 -2.088 -2.068 -2.109 -2.017 -2.126 -2 -2.074 -2.087 -2.067 -2.068 -2.122 -2.053 -2.047 -2.088 -2.019 -2.022 -1.958 -2.011 -2.003 -2.041 -2.029 -2.042 -2.008 -1.961 -2.101 -2.009
-2.062 -2.034 -2.086 -2.032 -2.197 -2.136 -2.137 -2.107 -2.158 -2.086 -2.04 -2.091 -2.091 -2.027 -2.167 -2.043 -2.118 -2.199 -2.178 -2.039 -2.104 -2.126 -2.132 -2.13 -2.053 -2.112 -1.983 -2.113 -2.101 -2.034 -2.047 -2.074 -2.106 -1.977 -2.074 -2.239 -2.136 -2.173 -2.126 -2.024 -2.094 -2.052 -1.985 -2.033 -2.181 -2.086 -2.15 -1.98 -2.139 -2.109 -2.096 -2.014 -2.056 -2.059 -2.022 -2.079 -2.121 -2.039 -2.014 -2.012 -1.99 -2.021 -2 -2.037 -2.118 -2.051 -2.011 -2.058 -2.113 -2.019 -1.99 -2.036 -2.044 -2.067
-2.135 -2.013 -2.126 -2.103 -2.125 -2.071 -2.11 -2.136 -2.113 -2.054 -2.044 -2.093 -2.001 -2.118 -2.119 -2.018 -2.099 -2.09 -2.042 -2.096 -2.116 -2.085 -2.081 -2.076 -2.202 -2.09 -2.145 -2.072 -2.024 -2.125 -2.011 -2.057 -2.091 -2.127 -2.062 -2.079 -2.126 -2.044 -2.2 -2.012 -2.024 -2.041 -2.042 -2.052 -2.07 -2.175 -2.131 -2.025 -2.078 -2.056 -2.06 -2.044 -2.058 -1.949 -2.057 -2.073 -2.13 -2.087 -2.061 -2.059 -2.066 -2.092 -2.018 -2.039 -2.029 -2.04 -2.102 -2.03 -2.032 -2.02 -1.974 -2.033 -2.06 -2.051
-2.137 -2.063 -2.112 -2.111 -2.07 -2.08 -2.049 -2.117 -2.1 -2.131 -2.208 -2.109 -2.14 -2.124 -2.093 -2.064 -2.11 -2.086 -2.071 -2.082 -2.16 -2.104 -2.07 -2.022 -2.031 -2.028 -2.051 -2.067 -2.017 -2.105 -2.174 -2.143 -2.054 -2.049 -2.026 -2.024 -2.073 -2.066 -2.078 -2.116 -2.043 -2.084 -2.08 -2.183 -2.071 -2.126 -2.074 -1.977 -2.016 -2.114 -2.153 -2.061 -2.033 -2.127 -2.072 -2.079 -2.069 -2.062 -2.014 -2.056 -1.989 -1.998 -2.068 -2.122 -2.036 -2.055 -2.053 -2.059 -2.041 -2.043 -2.047 -2.041 -1.984 -2.051
-2.113 -2.09 -2.128 -2.062 -2.027 -2.063 -2.133 -2.08 -2.036 -2.053 -2.063 -2.129 -2.076 -2.077 -2.067 -2.033 -2.076 -2.166 -2.045 -2.136 -2.062 -2.03 -2.138 -2.075 -2.111 -2.123 -2.071 -2.018 -2.115 -2.059 -2.06 -2.111 -2.134 -1.993 -2.139 -2.169 -2.109 -2.047 -2.061 -2.088 -2.004 -2.067 -2.101 -2.07 -2.106 -2.137 -2.005 -1.991 -2.078 -2.024 -2.03 -2.067 -2.038 -2.137 -2.078 -2.067 -2.086 -2.092 -2.059 -2.052 -2.029 -2.091 -2.051 -2.07 -2.1 -2.074 -2.094 -2.019 -2.012 -1.984 -2.021 -2.077 -2.021 -1.998
-2.036 -2.095 -2.05 -2.063 -2.065 -2.071 -2.159 -2.107 -2.112 -2.073 -2.037 -2.118 -2.145 -2.216 -2.116 -2.098 -2.063 -2.182 -2.025 -2.139 -2.085 -2.079 -2.025 -2.115 -2.072 -2.159 -2.137 -2.1 -2.181 -2.081 -2.111 -2.05 -2.084 -2.137 -2.164 -2.134 -2.058 -2.069 -2.069 -2.067 -2.107 -2.084 -2.104 -2.031 -2.053 -2.068 -2.013 -2.041 -2.075 -1.998 -2.04 -2.141 -2.074 -2.082 -2.065 -2.028 -2.014 -2.003 -2.034 -2.002 -2.029 -2.031 -2.039 -2.071 -2.033 -2.058 -2.018 -2.089 -2.039 -2.133 -2.044 -2.067 -2.065 -2.018
-2.094 -2.143 -2.148 -2.124 -2.062 -2.075 -2.105 -2.115 -2.088 -2.022 -2.089 -2.072 -2.044 -2.074 -2.079 -2.129 -2.113 -2.114 -2.166 -2.11 -2.056 -2.088 -2.013 -2.026 -2.096 -2.069 -2.157 -2.036 -2.109 -2.062 -2.12 -2.071 -2.084 -2.112 -2.186 -2.123 -2.041 -2.186 -2.058 -1.992 -2.046 -2.056 -2.053 -2.179 -2.009 -1.986 -2.054 -2.102 -2.091 -2.116 -2.045 -2.016 -2.021 -1.998 -2.061 -2.071 -2.066 -2.097 -2.032 -2.045 -2.052 -2.018 -2.002 -1.99 -2.004 -2.121 -2.045 -1.986 -2.023 -2.011 -2.062 -2.114 -2.086 -2.115
-2.046 -2.158 -2.075 -2.022 -2.116 -2.171 -2.323 -2.134 -2.221 -2.099 -2.09 -2.119 -2.05 -2.021 -2.071 -2.083 -2.097 -2.085 -2.203 -2.087 -2.166 -2.139 -2.068 -2.092 -2.081 -2.061 -2.057 -2.07 -2.08 -2.084 -2.004 -2.057 -2.129 -2.125 -2.113 -2.033 -2.088 -2.045 -2.055 -2.028 -2.082 -2.205 -2.057 -2.068 -2.096 -2.051 -2.071 -2.091 -2.103 -2.107 -2.026 -2.105 -2.011 -2.145 -2.025 -2.144 -2.121 -1.976 -2.139 -2.06 -2.183 -2.048 -2.061 -2.036 -2.098 -2.11 -2.035 -2.142 -2.04 -2.085 -2.048 -1.999 -2.064 -2.01
-2.085 -2.198 -2.091 -2.074 -2.058 -2.131 -2.203 -2.1 -2.129 -2.1 -2.091 -2.114 -2.096 -2.083 -2.099 -2.274 -2.098 -2.088 -2.131 -2.094 -2.019 -2.069 -2.061 -2.016 -2.09 -2.113 -2.134 -2.101 -2.211 -2.066 -2.075 -2.138 -2.184 -2.085 -2.115 -2.128 -2.127 -2.074 -1.998 -2.117 -2.035 -2.126 -2.089 -2.12 -2.022 -2.027 -2.085 -2.231 -2.032 -2.03 -2.069 -1.988 -2.043 -2.087 -2.057 -2.017 -2.075 -2.093 -2.028 -2.06 -2.074 -2.013 -2.055 -2.08 -2.032 -2.074 -2.029 -2.049 -2.087 -1.96 -2.123 -2.061 -2.03 -2.137
-2.103 -2.067 -2.11 -2.035 -2.133 -1.994 -2.087 -2.044 -2.067 -9999 -2.156 -2.047 -2.095 -2.107 -2.157 -2.081 -2.084 -2.011 -2.035 -2.11 -2.242 -2.142 -2.185 -2.05 -2.077 -2.092 -2.125 -2.182 -2.114 -2.021 -1.981 -2.025 -2.019 -2.132 -2.1 -2.143 -2.056 -2.105 -2.074 -2.169 -2.107 -2.144 -2.111 -2.187 -2.033 -2.012 -2.071 -2.043 -2.053 -2.056 -2.065 -2.031 -2.049 -2.169 -1.977 -2.111 -2.049 -2.08 -2.077 -2.11 -2.05 -2.035 -2.084 -2.061 -2.028 -2.033 -2.063 -1.977 -2.017 -2.13 -2.115 -1.986 -1.935 -1.988
-2.075 -2.09 -2.062 -2.218 -2.048 -2.121 -2.165 -2.12 -2.092 -2.035 -2.168 -2.095 -2.055 -2.039 -2.05 -2.137 -2.095 -2.13 -2.118 -2.056 -2.032 -2.116 -2.024 -2.06 -2.077 -2.17 -2.013 -2.135 -2.118 -2.06 -2.09 -2.066 -2.001 -2.048 -2 -2.082 -2.028 -2.025 -2.125 -2.008 -2.07 -2.128 -2.14 -2.09 -2.049 -2.06 -2.051 -2.078 -2.065 -2.001 -2.071 -2.145 -2.009 -2.082 -2.016 -2.064 -2.034 -2.048 -2.084 -2.057 -2.002 -2.083 -2.101 -2.054 -2.102 -2.1 -2.087 -2.03 -2.107 -2.013 -2.124 -2.031 -2.129 -2.138
-2.141 -2.075 -2.089 -2.087 -2.129 -2.128 -2.181 -2.102 -2.113 -2.161 -2.115 -2.073 -2.103 -2.104 -2.075 -2.121 -2.081 -2.121 -2.093 -2.022 -2.198 -2.076 -2.105 -2.013 -2.046 -2.152 -2.033 -2.1 -2.14 -2.154 -2.021 -2.053 -2.038 -2.124 -2.027 -2.105 -2.08 -2.118 -2.057 -2.046 -2.169 -2.033 -2.061 -2.094 -2.091 -2.132 -2.124 -2.152 -2.154 -2.119 -2.075 -1.998 -2.051 -2.047 -2.131 -2.061 -2.064 -2.018 -2.119 -2.029 -2.072 -2.088 -2.014 -2.048 -2.016 -2.101 -2.089 -2.037 -2.003 -2.027 -2.055 -2.021 -2.087 -2.016
-2.114 -2.195 -2.104 -2.107 -2.112 -2.134 -2.13 -2.165 -2.11 -2.135 -2.074 -2.088 -2.053 -2.206 -2.15 -2.078 -2.103 -2.08 -2.017 -2.141 -2.118 -2.107 -2.061 -2.123 -2.062 -2.121 -2.019 -2.174 -2.038 -2.043 -2.07 -2.049 -2.089 -2.077 -2.024 -2.037 -2.029 -2.035 -2.104 -2.11 -2.133 -2.065 -2.135 -2.045 -2.043 -2.065 -2.015 -2.102 -2.064 -2.124 -2.029 -2.066 -2.018 -2.053 -2.046 -2.061 -2.117 -2.027 -2.123 -1.997 -2.042 -2.058 -2.082 -2.052 -2.085 -2.168 -2.108 -2.069 -1.985 -1.991 -2.032 -1.983 -2.042 -2.028
-2.09 -2.088 -2.053 -2.115 -2.079 -2.074 -2.11 -2.043 -2.139 -2.107 -2.062 -2.117 -2.177 -2.1 -2.102 -2.103 -2.144 -2.059 -2.065 -2.089 -2.129 -2.103 -2.031 -1.999 -1.995 -1.984 -9999 -2.12 -2.144 -2.169 -2.096 -2.118 -2.102 -2.172 -2.044 -2.077 -2.03 -2.06 -2.08 -2.064 -2.089 -2.056 -2.079 -2.114 -2.082 -2.037 -2.006 -2.052 -2.071 -2.124 -2.048 -2.067 -2.045 -2.02 -2.191 -2.149 -2.022 -2.101 -2.092 -1.956 -2.049 -2.038 -2.058 -2.031 -2.053 -2.081 -2.097 -1.988 -1.985 -2.059 -2.035 -2.076 -1.98 -2.025
-2.06 -2.019 -2.09 -2.105 -2.065 -2.042 -2.101 -2.129 -2.154 -2.101 -2.128 -2.091 -2.13 -2.031 -2.094 -2.026 -2.218 -2.027 -2.094 -2.082 -2.047 -1.998 -2.038 -2.099 -2.124 -2.071 -2.083 -2.089 -2.035 -2.159 -2.079 -2.103 -2.06 -2.125 -2.056 -2.078 -2.006 -2.051 -2.114 -2.063 -2.085 -2.061 -2.128 -2.046 -2.027 -2.087 -2.143 -2.044 -2.062 -2.06 -2.07 -2.129 -2.09 -2.099 -2.024 -2.08 -2.049 -1.993 -2.103 -2.167 -2.155 -2.073 -2.031 -2.097 -2.092 -2.23 -2.094 -1.978 -2.028 -2.037 -2.019 -2.008 -2.076 -2.154
-2.108 -2.096 -2.12 -2.155 -2.08 -2.063 -2.092 -2.117 -2.064 -2.063 -2.061 -2.099 -2.114 -2.068 -2.103 -2.086 -2.155 -2.168 -2.122 -2.097 -2.149 -2.105 -2.079 -2.006 -2.056 -2.082 -2.18 -2.154 -2.152 -2.053 -2.043 -2.095 -2.055 -2.038 -1.995 -2.054 -2.056 -2.132 -2.088 -2.039 -2.052 -2.123 -1.986 -2.071 -2.15 -2.148 -2.045 -2.059 -2.035 -2.05 -2.065 -2.095 -2.057 -2.034 -2.088 -2.162 -1.961 -2.053 -2.079 -2.005 -2.034 -2.074 -2.021 -2.045 -2.117 -2.14 -2.066 -2.059 -2.086 -2.176 -1.988 -2.185 -2.162 -2.107
-2.158 -2.029 -2.059 -2.074 -2.085 -2.138 -2.18 -2.12 -2.129 -2.219 -2.066 -2.084 -2.188 -2.001 -2.037 -2.057 -2.092 -2.053 -2.057 -2.03 -2.191 -2.026 -2.129 -2.049 -2.209 -2.103 -2.029 -2.068 -2.098 -2.139 -2.104 -2.121 -2.073 -2.041 -2.111 -2.06 -2.035 -2.141 -2.033 -2.052 -2.088 -2.078 -2.065 -2.078 -2.081 -2.169 -2.044 -2.132 -2.046 -2.074 -2.064 -2.091 -2.015 -2.121 -2.049 -2.083 -2.079 -2 -2.07 -2.046 -2.03 -2.045 -2.039 -1.976 -2.073 -2.119 -2.047 -2.007 -2.017 -2.078 -2.13 -2.086 -2.159 -2.091
-2.057 -2.088 -2.121 -2.078 -2.055 -2.038 -2.053 -2.074 -2.038 -2.065 -2.132 -2.121 -2.062 -2.071 -2.164 -2.089 -2.126 -2.063 -2.019 -2.13 -2.153 -2.012 -2.117 -2.075 -2.158 -2.082 -2.076 -2.141 -2.136 -2.015 -2.086 -2.086 -2.118 -2.028 -2.099 -2.159 -2.082 -2.132 -2.13 -2.129 -2.071 -2.035 -2.046 -2.134 -2.09 -2.115 -2.034 -2.067 -2.128 -2.069 -2.182 -2.124 -2.213 -2.126 -1.998 -2.047 -1.989 -2.05 -2.127 -2.068 -2.086 -2.046 -1.992 -2.087 -2.044 -2.087 -2.052 -1.98 -2.084 -2.11 -1.984 -2.023 -2.092 -2.031
-2.056 -2.071 -2.099 -2.135 -2.099 -2.042 -2.124 -2.142 -2.092 -2.071 -2.017 -2.061 -2.093 -2.061 -2.111 -2.125 -2.017 -2.111 -2.063 -2.076 -2.131 -2.074 -2.11 -2.091 -2.045 -2.101 -2.096 -2.231 -2.062 -2.039 -2.178 -2.055 -2.064 -2.084 -2.026 -2.049 -2.085 -2.002 -2.039 -2.039 -2.061 -2.136 -2.065 -2.02 -2.089 -2.05 -2.008 -2.062 -2.044 -2.056 -2.215 -2.042 -2.11 -2.07 -2.088 -2.095 -2.114 -2.18 -2.105 -2.043 -2.069 -2.077 -2.132 -2.114 -2.185 -2.066 -2.039 -2.05 -2.027 -2.06 -2.006 -1.999 -1.987 -2.108
-2.093 -2.165 -2.064 -2.103 -2.045 -2.059 -2.111 -2.169 -2.089 -2.09 -2.149 -2.116 -2.059 -2.062 -2.174 -2.126 -2.035 -2.056 -2.164 -2.042 -2.09 -2.079 -2.064 -2.119 -2.09 -2.184 -2.193 -2.078 -1.995 -2.118 -2.116 -2.146 -2.051 -2.153 -2.051 -2.01 -2.054 -2.043 -1.997 -2.117 -2.095 -2.073 -2.115 -2.131 -2.162 -2.027 -2.077 -2.091 -2.048 -2.05 -2.061 -2.071 -2.15 -2.062 -2.02 -2.098 -2.02 -2.017 -2.066 -2.134 -2.09 -2.065 -2.1 -2.117 -2.105 -2.173 -2.017 -2.125 -2.056 -1.982 -2.04 -2.053 -2.178 -2.065
-2.09 -2.059 -2.073 -2.073 -2.077 -2.174 -2.143 -2.068 -2.028 -2.081 -2.098 -2.03 -2.118 -2.111 -2.08 -2.044 -2.106 -2.021 -2.018 -2.171 -2.149 -2.122 -2.157 -2.068 -2.11 -2.037 -2.129 -2.107 -2.071 -2.066 -2.103 -2.086 -2.005 -2.111 -2.175 -2.075 -2.101 -2.046 -2.009 -2.143 -2.074 -2.048 -2.026 -9999 -2.024 -2.014 -2.075 -2.06 -2.101 -2.093 -2.072 -2.077 -2.09 -2.105 -2.019 -2.028 -2.083 -2.072 -2.104 -2.235 -2.099 -2.077 -2.078 -2.101 -2.03 -2.035 -2.045 -2.122 -2.121 -2.088 -2.029 -2.165 -2.093 -2.074
-2.078 -2.154 -2.085 -2.05 -2.096 -2.094 -2.062 -2.086 -2.154 -2.068 -2.09 -2.105 -2.204 -2.168 -2.026 -2.123 -2.253 -2.065 -2.044 -2.086 -2.131 -2.196 -2.106 -2.091 -2.067 -2.125 -2.058 -2.037 -2.078 -2.17 -2.199 -2.054 -2.104 -2.025 -1.999 -2.01 -2.105 -2.06 -2.18 -2.16 -2.116 -2.043 -2.08 -2.11 -2.042 -2.066 -2.031 -2.045 -2.18 -2.046 -2.064 -2.06 -2.118 -2.066 -2.038 -2.1 -2.049 -2.08 -2.047 -2.065 -2.097 -2.052 -2.055 -2.092 -2.084 -2.066 -1.996 -2.034 -2.032 -2.046 -2.095 -2.024 -2.09 -2.074
-2.144 -2.043 -2.191 -2.017 -2.045 -2.123 -2.05 -2.081 -2.118 -2.188 -2.057 -2.077 -2.065 -2.088 -2.092 -2.121 -2.067 -2.044 -2.033 -2.025 -2.113 -2.115 -2.141 -1.979 -2.074 -2.058 -2.047 -2.094 -2.075 -2.147 -2.135 -2.057 -2.059 -2.012 -2.079 -2.125 -2.125 -2.022 -9999 -2.087 -2.049 -2.071 -2.084 -2.059 -2.059 -2.101 -2.244 -2.112 -2.147 -2.14 -2.175 -2.073 -2.053 -2.036 -2.04 -2.108 -2.062 -2.029 -2.043 -2.036 -2.093 -2.066 -2.179 -2.096 -2.038 -2.047 -2.061 -2.115 -2.002 -2.031 -2.097 -2.038 -2.091 -2.024
-2.123 -2.096 -2.1 -2.083 -2.045 -2.112 -2.154 -2.097 -2.112 -2.041 -2.027 -2.022 -2.059 -2.12 -2.13 -2.101 -2.002 -2.127 -2.05 -2.061 -2.073 -2.067 -2.033 -1.994 -2.094 -2.045 -2.036 -2.104 -2.104 -9999 -2.022 -2.08 -2.159 -2.102 -2.02 -2.124 -2.074 -2.091 -2.048 -2.042 -2.084 -2.086 -2.068 -2.092 -2.11 -2.118 -2.077 -2.122 -2.164 -2.102 -2.05 -2.021 -2.047 -2.07 -2.013 -2.182 -2.08 -2.074 -2.069 -2.111 -2.168 -2.052 -2.166 -2.03 -2.112 -2.085 -2.08 -2.081 -2.142 -2.08 -2.127 -2.135 -2.168 -2.108
-2.081 -2.056 -2.041 -2.11 -2.071 -2.04 -2.074 -2.079 -2.101 -2.051 -2.02 -2.073 -2.058 -1.998 -2.085 -2.054 -2.052 -2.03 -1.999 -2.021 -2.151 -2.109 -2.033 -2.168 -2.097 -2.036 -2.172 -2.078 -2.045 -2.052 -2.038 -2.048 -2.109 -2.049 -1.998 -2.049 -2.102 -2.135 -2.056 -2.092 -2.079 -2.128 -2.085 -2.023 -2.11 -2.026 -2.164 -2.127 -2.057 -2.104 -2.129 -2.026 -2.032 -2.101 -2.039 -2.056 -2.101 -2.023 -2.023 -2.141 -2.05 -2.072 -2.12 -2.02 -2.014 -2.048 -2.085 -2.073 -2.072 -2.004 -2.042 -2.034 -2.091 -2.117
-2.043 -2.007 -2.13 -2.067 -2.124 -2.126 -2.132 -2.096 -2.139 -2.02 -2 -2.138 -2.095 -2.008 -2.217 -2.055 -2.104 -2.037 -2.04 -2.055 -2.092 -2.067 -2.088 -2.041 -2.086 -2.095 -2.102 -2.049 -2.054 -2.094 -2.039 -2.078 -2.097 -2.063 -2.022 -2.144 -2.041 -2.105 -2.067 -2.013 -2.033 -2.046 -2.062 -2.161 -2.127 -2.049 -2.017 -2.082 -2.057 -2.082 -2.122 -2.089 -2.041 -2.147 -2.046 -2.127 -2.058 -2.096 -2.067 -1.967 -2.03 -2.058 -2.1 -2.019 -2.037 -2.039 -2.136 -2.11 -2.144 -2.045 -2.047 -2.074 -2.102 -2.107
-2.041 -2.042 -2.025 -2.108 -2.084 -2.073 -2.15 -2.173 -2.111 -2.003 -2.084 -2.055 -2.086 -2.087 -2.077 -2.101 -2.001 -2.08 -2.051 -2.013 -2.058 -2.005 -2.07 -2.065 -2.08 -2.1 -2.051 -2.107 -2.044 -2.068 -2.006 -1.998 -2.066 -2.027 -2.113 -2.124 -2.022 -2.213 -2.063 -2.1 -2.067 -2.119 -2.106 -2.09 -2.126 -2.011 -2.093 -1.998 -2.011 -2.205 -2.101 -2.063 -2.095 -2.15 -2.172 -2.123 -2.037 -2.086 -2.11 -2.058 -2.157 -2.022 -2.08 -2.108 -2.085 -2.037 -2.098 -2.039 -2.013 -2.028 -2.121 -2.056 -2.126 -2.035
-2.034 -2.125 -2.062 -2.095 -2.075 -2.07 -2.053 -2.142 -2.042 -2.053 -1.999 -2.054 -2.075 -2.106 -2.07 -2.05 -2.057 -2.15 -2.045 -2.089 -2.036 -2.068 -2.072 -2.116 -2.014 -2.031 -2.146 -2.101 -2.048 -2.047 -2.073 -2.04 -2.205 -2.022 -2.101 -2.07 -2.081 -2.141 -2.076 -2.045 -2.11 -2.021 -2.187 -2.093 -2.076 -1.991 -2.149 -2.142 -2.131 -2.062 -2.133 -1.998 -2.047 -2.023 -2.046 -2.111 -2.033 -2.032 -2.028 -2.033 -2.076 -2.091 -2.092 -2.101 -2.06 -2.045 -2.087 -2.064 -2.084 -2.068 -2.118 -2.062 -2.091 -1.979
-2.048 -2.019 -2.074 -2.119 -2.139 -2.036 -2.024 -2.047 -2.134 -2.064 -2.01 -2.032 -2.091 -2.122 -2.025 -2.08 -2.073 -2.11 -2.093 -2.162 -2.098 -2.01 -2.058 -2.088 -2.067 -2.091 -2.087 -2.085 -2.061 -2.036 -2.042 -1.998 -2.05 -2.026 -2.044 -2.071 -2.129 -2.072 -2.036 -2.035 -2.09 -2.145 -2.074 -2.103 -2.037 -2.097 -2.052 -2.076 -1.99 -2.105 -2.045 -2.026 -2.118 -2.104 -2.14 -2.066 -2.118 -2.076 -2.1 -2.102 -2.129 -2.124 -2.103 -2.067 -2.01 -2.049 -2.125 -2.067 -2.126 -2.031 -2.168 -2.119 -2.098 -2.03
-2.049 -2.161 -2.076 -2.114 -2.103 -2.11 -2.056 -2.026 -2.044 -2.028 -2.078 -2.082 -2.071 -2.098 -2.029 -1.993 -2.054 -2.047 -2.114 -2.205 -2.066 -2.159 -2.118 -2.142 -2.059 -2.077 -2.043 -2.08 -2.053 -2.037 -2.034 -2.101 -2.012 -2.174 -2.085 -2.157 -2.093 -2.084 -2.099 -2.039 -2.15 -2.155 -2.124 -2.109 -2.012 -2.174 -2.084 -2.111 -2.185 -2.068 -2.043 -1.996 -2.029 -2.059 -2.037 -2.108 -2.029 -2.053 -2.103 -2.026 -1.994 -2.014 -2.067 -2.05 -2.099 -2.15 -2.09 -2.093 -2.02 -2.066 -2.136 -1.95 -2.013 -2.02
-2.175 -2.118 -2.113 -2.067 -2.072 -2.154 -2.145 -2.116 -2.024 -2.03 -2.153 -2.113 -2.066 -2.089 -2.068 -2.082 -2.076 -2.036 -2.054 -2.014 -2.076 -2.061 -2.059 -2.052 -2.022 -2.161 -2.083 -2.03 -2.114 -2.134 -2.157 -2.078 -2.113 -2.083 -2.072 -2.144 -2.095 -2.081 -2.055 -2.146 -2.072 -2.204 -1.957 -2.071 -2.04 -2.075 -2.059 -2.161 -2.023 -2.128 -2.047 -2.099 -2.002 -2.073 -2.11 -2.148 -2.02 -2.045 -2.196 -2.097 -2.061 -2.031 -2.064 -2.034 -2.178 -2.086 -2.064 -2.011 -2.099 -2.101 -2.048 -2.047 -1.998 -2.106
-2.133 -2.071 -2.029 -2.054 -2.092 -2.072 -2.08 -2.099 -2.106 -2.046 -2.125 -2.054 -2.131 -2.123 -2.075 -2.102 -2.025 -2.124 -2.132 -2.133 -2.102 -2.067 -2.041 -2.042 -2.101 -2.071 -2.043 -2.093 -2.03 -2.086 -2.067 -2.035 -2.081 -2.097 -2.055 -2.058 -2.124 -2.063 -2.033 -2.071 -2.104 -2.104 -2.102 -2.058 -2.047 -2.108 -2.104 -2.024 -2.093 -1.992 -2.145 -2.074 -2.095 -2.041 -2.184 -2.101 -2.063 -2.003 -2.023 -2.166 -2.123 -2.037 -2.16 -2.103 -2.177 -2.112 -2.093 -2.116 -2.05 -2.047 -2.036 -2.115 -2.05 -2.153
-2.107 -2.131 -2.049 -2.157 -2.116 -2.081 -2.058 -2.127 -2.017 -2.067 -2.118 -2.088 -2.068 -2.086 -2.126 -2.153 -2.125 -2.07 -2.061 -2.087 -2.1 -2.134 -2.006 -2.087 -2.026 -2.117 -1.996 -2.106 -2.051 -2.055 -2.122 -2.03 -2.178 -2.061 -2.047 -2.057 -2.04 -2.08 -2.017 -2.115 -2.057 -2.07 -2.059 -2.092 -2.066 -2.102 -2.038 -2.097 -2.065 -2.087 -2.003 -2.124 -2.098 -2.054 -2.04 -2.129 -2.037 -2.065 -2.153 -2.145 -2.077 -2.054 -2.089 -2.026 -2.143 -2.016 -2.189 -2.137 -1.99 -2.094 -2.043 -2.124 -2.07 -2.104
