All_lidar/sz6193_DSM_2M.asc
ncols 500
nrows 500
xllcorner    461000
yllcorner    93000
cellsize     2
NODATA_value -9999
[rows 462 to 494 of 500, columns 148 to 221 of 500]
-2.059 -2.105 -2.039 -2.163 -2.035 -2.132 -2.115 -2.098 -2.054 -2.096 -2.103 -2.085 -2.094 -2.134 -2.18 -2.106 -2.025 -2.027 -2.055 -2.1 -2.089 -2.105 -2.081 -2.114 -2.127 -2.112 -2.077 -2.006 -1.983 -1.931 -1.955 -1.928 -1.878 -1.858 -1.824 -1.795 -1.777 -1.775 -1.773 -1.773 -1.737 -1.771 -1.815 -1.807 -1.821 -1.841 -1.876 -1.922 -1.898 -1.893 -1.945 -2.01 -2.069 -2.067 -2.063 -2.059 -2.055 -2.079 -2.081 -2.059 -2.128 -2.049 -2.064 -2.052 -2.078 -2.109 -2.139 -2.083 -2.136 -2.111 -2.095 -2.094 -2.038 -2.102
-2.083 -2.076 -2.04 -2.142 -2.054 -2.091 -2.071 -2.06 -2.061 -2.102 -2.149 -2.015 -2.034 -2.064 -2.03 -2.104 -2.126 -2.095 -2.136 -2.061 -2.138 -2.083 -2.178 -2.071 -2.085 -2.1 -2.066 -1.99 -1.93 -1.937 -1.893 -1.885 -1.869 -1.852 -1.803 -1.774 -1.773 -1.758 -1.733 -1.728 -1.716 -1.751 -1.726 -1.751 -1.823 -1.831 -1.834 -1.865 -1.904 -1.92 -1.946 -1.975 -2.043 -2.048 -2.121 -2.088 -2.102 -2.053 -2.006 -2.055 -2.124 -2.066 -2.04 -2.064 -2.049 -2.078 -2.113 -2.083 -2.112 -2.078 -2.062 -2.05 -2.077 -2.114
-2.084 -2.132 -2.081 -2.098 -2.077 -2.044 -2.073 -2.088 -2.028 -2.091 -2.042 -2.039 -2.031 -2.061 -2.107 -2.177 -2.158 -2.079 -2.136 -2.076 -2.091 -2.105 -2.098 -2.15 -2.067 -2.097 -2.079 -2.028 -1.963 -1.915 -1.921 -1.937 -1.884 -1.84 -1.789 -1.767 -1.744 -1.72 -1.724 -1.734 -1.69 -1.728 -1.729 -1.755 -1.782 -1.82 -1.846 -1.843 -1.889 -1.874 -1.9 -1.944 -2.047 -2.034 -2.056 -2.065 -2.051 -2.071 -2.034 -2.02 -2.098 -2.037 -2.062 -2.176 -2.065 -2.08 -2.069 -2.06 -2.1 -2.087 -2.09 -2.066 -2.036 -2.044
-2.067 -2.061 -2.089 -2.079 -2.114 -2.119 -2.062 -2.046 -1.943 -2.007 -2.022 -2.094 -2.001 -2.035 -2.034 -2.142 -2.088 -2.008 -2.036 -2.098 -2.135 -2.14 -2.129 -2.058 -2.057 -2.071 -2.05 -2.076 -1.977 -1.956 -1.871 -1.89 -1.887 -1.856 -1.81 -1.755 -1.679 -1.698 -1.677 -1.704 -1.683 -1.648 -1.663 -1.73 -1.792 -1.789 -1.87 -1.87 -1.907 -1.891 -1.902 -1.971 -2.028 -2.026 -2.097 -2.104 -2.042 -2.046 -2.119 -2.065 -2.122 -2.032 -2.063 -2.138 -2.074 -2.109 -2.046 -2.014 -2.087 -2.117 -2.047 -2.075 -2.032 -2.08
-2.066 -2.035 -2.006 -1.981 -2.017 -2.049 -1.999 -1.973 -2.005 -2.05 -1.991 -1.997 -2.081 -2.014 -1.958 -2.039 -2.079 -2.071 -2.048 -2.083 -2.169 -2.116 -2.093 -2.034 -2.112 -2.113 -2.027 -1.995 -1.942 -1.937 -1.902 -1.844 -1.825 -1.817 -1.796 -1.756 -1.719 -1.641 -1.638 -1.625 -1.642 -1.714 -1.732 -1.742 -1.779 -1.786 -1.842 -1.888 -1.917 -1.888 -1.902 -1.995 -2.041 -2.016 -2.097 -2.086 -2.066 -2.09 -2.136 -2.113 -2.041 -2.103 -2.119 -2.052 -2.059 -2.033 -2.047 -2.052 -2.068 -2.078 -2.056 -2.04 -2.008 -2.042
-2.028 -2.028 -2.075 -2.011 -1.961 -2.017 -1.926 -2.025 -2.062 -1.965 -1.899 -1.922 -1.957 -2.033 -1.973 -1.99 -1.976 -2.088 -2.087 -2.06 -2.103 -2.1 -2.081 -2.067 -2.076 -2.103 -2.06 -1.963 -1.966 -1.949 -1.946 -1.88 -1.831 -1.826 -1.794 -1.785 -1.737 -1.686 -1.676 -1.657 -1.661 -1.717 -1.755 -1.763 -1.757 -1.805 -1.847 -1.888 -1.956 -1.912 -1.908 -1.981 -2.039 -2.075 -2.085 -2.107 -2.062 -2.044 -2.118 -2.075 -2.073 -2.06 -2.03 -2.054 -2.083 -2.116 -2.053 -2.087 -2.048 -2.093 -2.034 -2.072 -2.07 -2.051
-2.106 -2.004 -2.036 -2.001 -1.876 -1.878 -2.05 -2.019 -1.973 -1.889 -1.909 -1.952 -2.007 -1.996 -1.958 -1.983 -1.999 -2.014 -2.019 -2.066 -2.126 -2.029 -2.055 -2.007 -2.047 -2.055 -1.945 -1.967 -1.947 -1.965 -1.889 -1.854 -1.838 -1.822 -1.77 -1.756 -1.794 -1.711 -1.707 -1.673 -1.661 -1.672 -1.742 -1.759 -1.765 -1.791 -1.832 -1.874 -1.904 -1.908 -1.909 -2.031 -1.993 -2.041 -2.127 -2.137 -2.064 -2.059 -2.131 -2.097 -2.077 -2.065 -2.038 -2.057 -2.081 -2.114 -2.039 -2.05 -2.05 -2.07 -2.025 -2.009 -2.091 -2.103
-2.053 -1.981 -1.973 -1.939 -1.91 -1.913 -1.963 -1.924 -1.92 -1.875 -1.875 -1.909 -1.913 -1.91 -1.973 -1.989 -1.982 -1.975 -2.016 -2.092 -2.086 -2.073 -2.027 -2.043 -1.996 -2.002 -1.929 -1.941 -1.93 -1.927 -1.896 -1.893 -1.829 -1.847 -1.829 -1.814 -1.793 -1.743 -1.721 -1.71 -1.683 -1.675 -1.739 -1.774 -1.777 -1.777 -1.856 -1.873 -1.913 -1.959 -1.971 -1.958 -1.989 -2.068 -2.074 -2.085 -2.056 -2.141 -2.063 -2.134 -2.072 -2.064 -2.036 -2.07 -2.069 -2.074 -2.063 -2.029 -2.024 -2.111 -2.085 -1.988 -2.045 -2.073
-2.015 -1.962 -1.916 -1.935 -1.857 -1.917 -1.911 -1.865 -1.878 -1.867 -1.908 -1.835 -1.863 -1.87 -1.904 -1.943 -1.961 -1.935 -2.007 -2.03 -2.033 -2.037 -1.981 -1.994 -2.012 -1.96 -1.935 -1.897 -1.87 -1.865 -1.871 -1.897 -1.848 -1.791 -1.847 -1.824 -1.77 -1.749 -1.752 -1.727 -1.72 -1.747 -1.781 -1.773 -1.833 -1.826 -1.833 -1.861 -1.886 -1.918 -1.965 -2.002 -2.003 -2.119 -2.056 -2.059 -2.069 -2.086 -2.039 -2.125 -2.085 -2.056 -2.029 -2.127 -2.022 -2.064 -2.053 -2.099 -2.049 -2.07 -2.097 -2.069 -2.043 -2.058
-1.932 -1.929 -1.951 -1.896 -1.872 -1.905 -1.848 -1.815 -1.781 -1.81 -1.83 -1.816 -1.848 -1.866 -1.866 -1.881 -1.932 -1.972 -1.981 -2.025 -2.016 -2.028 -2.009 -1.963 -1.952 -1.983 -1.964 -1.862 -1.863 -1.844 -1.843 -1.854 -1.834 -1.81 -1.83 -1.858 -1.799 -1.767 -1.769 -1.768 -1.785 -1.768 -1.781 -1.806 -1.845 -1.87 -1.92 -1.886 -1.948 -1.948 -1.93 -1.985 -2.014 -2.102 -2.125 -2.071 -2.074 -2.112 -2.112 -2.047 -2.068 -2.025 -2.015 -2.075 -2.077 -2.103 -2.071 -2.089 -2.021 -2.132 -2.129 -2.065 -2.049 -2.062
-1.94 -1.925 -1.877 -1.84 -1.889 -1.852 -1.851 -1.833 -1.799 -1.794 -1.775 -1.789 -1.829 -1.842 -1.845 -1.854 -1.928 -1.894 -1.949 -1.96 -2.001 -2.062 -2.012 -1.93 -1.927 -1.942 -1.867 -1.846 -1.869 -1.823 -1.848 -1.803 -1.84 -1.828 -1.823 -1.834 -1.876 -1.825 -1.803 -1.797 -1.824 -1.825 -1.788 -1.854 -1.843 -1.865 -1.93 -1.907 -1.948 -1.962 -1.97 -1.977 -2.089 -2.085 -2.073 -2.092 -2.09 -2.105 -2.045 -2.028 -2.114 -2.071 -2.07 -2.006 -2.074 -2.148 -2.052 -2.122 -2.052 -2.087 -2.062 -2.015 -2.083 -2.077
-1.948 -1.942 -1.885 -1.83 -1.818 -1.806 -1.838 -1.811 -1.796 -1.754 -1.759 -1.768 -1.758 -1.783 -1.822 -1.842 -1.873 -1.899 -1.901 -1.932 -1.995 -2 -2.006 -1.91 -1.897 -1.918 -1.861 -1.872 -1.84 -1.796 -1.821 -1.762 -1.788 -1.808 -1.806 -1.797 -1.836 -1.786 -1.818 -1.824 -1.809 -1.889 -1.832 -1.876 -1.884 -1.926 -1.921 -1.943 -1.955 -1.994 -2.007 -1.965 -2.015 -2.073 -2.122 -2.111 -2.044 -2.136 -2.065 -2.1 -2.158 -2.079 -2.097 -2.068 -2.053 -2.078 -2.086 -2.063 -2.048 -2.078 -2.043 -2.005 -2.059 -2.052
-1.963 -1.908 -1.887 -1.839 -1.8 -1.767 -1.792 -1.787 -1.768 -1.711 -1.708 -1.725 -1.769 -1.791 -1.835 -1.837 -1.877 -1.915 -1.936 -1.967 -1.967 -1.934 -1.977 -1.922 -1.87 -1.887 -1.844 -1.853 -1.862 -1.789 -1.771 -1.748 -1.761 -1.751 -1.758 -1.77 -1.852 -1.824 -1.8 -1.832 -1.864 -1.882 -1.895 -1.905 -1.906 -1.955 -1.951 -1.977 -2.017 -2.03 -2.041 -2.005 -2.034 -2.024 -2.082 -2.113 -2.102 -2.16 -2.077 -2.129 -2.111 -2.113 -2.083 -2.043 -2.114 -2.075 -2.101 -2.058 -2.117 -2.084 -2.127 -2.009 -2.058 -2.042
-1.908 -1.893 -1.86 -1.812 -1.764 -1.744 -1.771 -1.761 -1.765 -1.68 -1.666 -1.728 -1.737 -1.787 -1.793 -1.862 -1.91 -1.858 -1.887 -1.906 -1.99 -1.974 -1.97 -1.895 -1.859 -1.87 -1.818 -1.817 -1.829 -1.769 -1.746 -1.696 -1.696 -1.705 -1.712 -1.752 -1.808 -1.762 -1.762 -1.827 -1.838 -1.913 -1.921 -1.873 -1.915 -2.046 -1.977 -1.928 -1.962 -2.027 -2.074 -2.036 -2.091 -2.09 -2.091 -2.116 -2.113 -2.08 -2.069 -2.054 -2.058 -2.063 -2.096 -2.018 -2.031 -2.114 -2.096 -2.052 -2.099 -2.111 -2.047 -2.092 -2.022 -2.075
-1.873 -1.862 -1.854 -1.826 -1.743 -1.709 -1.741 -1.718 -1.697 -1.67 -1.67 -1.704 -1.743 -1.726 -1.778 -1.79 -1.848 -1.89 -1.891 -1.908 -1.95 -1.967 -2.006 -1.91 -1.86 -1.858 -1.827 -1.787 -1.79 -1.766 -1.695 -1.654 -1.646 -1.674 -1.679 -1.719 -1.726 -1.781 -1.776 -1.784 -1.827 -1.886 -1.891 -1.93 -1.998 -1.983 -1.952 -2.004 -2.046 -2.033 -2.057 -2.073 -2.108 -2.057 -2.051 -2.11 -2.09 -2.06 -2.073 -2.07 -2.068 -2.017 -2.084 -2.097 -2.092 -2.081 -2.07 -2.078 -2.041 -2.182 -2.055 -2.075 -2.053 -2.026
-1.877 -1.855 -1.858 -1.806 -1.785 -1.708 -1.699 -1.68 -1.662 -1.664 -1.656 -1.701 -1.684 -1.714 -1.73 -1.762 -1.863 -1.869 -1.858 -1.904 -1.959 -1.962 -1.919 -1.882 -1.859 -1.843 -1.787 -1.785 -1.762 -1.736 -1.677 -1.647 -1.601 -1.615 -1.678 -1.688 -1.697 -1.737 -1.784 -1.811 -1.838 -1.855 -1.852 -1.914 -2.018 -2 -1.969 -2.009 -2.023 -2.061 -2.133 -2.035 -2.102 -2.084 -2.1 -2.161 -2.151 -2.069 -2.115 -2.069 -2.113 -2.046 -2.071 -2.046 -2.16 -2.047 -2.083 -2.098 -2.069 -2.093 -2.057 -2.051 -2.055 -2.002
-1.909 -1.819 -1.818 -1.795 -1.738 -1.733 -1.689 -1.666 -1.653 -1.632 -1.646 -1.706 -1.701 -1.684 -1.756 -1.775 -1.849 -1.909 -1.902 -1.885 -1.976 -1.951 -1.924 -1.866 -1.834 -1.83 -1.779 -1.797 -1.749 -1.728 -1.679 -1.631 -1.582 -1.597 -1.671 -1.673 -1.697 -1.718 -1.748 -1.855 -1.851 -1.876 -1.887 -1.939 -1.973 -1.979 -2.023 -2.05 -2.081 -2.137 -2.086 -2.042 -2.141 -2.073 -2.108 -2.03 -2.078 -2.062 -2.107 -2.081 -2.111 -2.052 -2.002 -2.1 -2.101 -2.092 -2.098 -2.108 -2.136 -2.127 -2.015 -2.107 -2.088 -2.062
-1.868 -1.834 -1.864 -1.81 -1.758 -1.745 -1.732 -1.669 -1.7 -1.667 -1.679 -1.693 -1.691 -1.722 -1.756 -1.783 -1.825 -1.881 -1.879 -1.883 -1.897 -1.959 -1.9 -1.852 -1.857 -1.837 -1.804 -1.751 -1.758 -1.761 -1.68 -1.663 -1.627 -1.629 -1.678 -1.689 -1.742 -1.747 -1.753 -1.774 -1.819 -1.859 -1.862 -1.893 -1.925 -1.97 -2.029 -2.009 -2.02 -2.151 -2.061 -2.024 -2.03 -2.084 -2.099 -2.115 -2.118 -2.056 -2.058 -2.123 -2.146 -2.033 -2.024 -2.117 -2.03 -2.091 -2.064 -2.068 -2.139 -2.071 -2.098 -2.054 -2.066 -2.052
-1.88 -1.848 -1.831 -1.795 -1.773 -1.717 -1.724 -1.677 -1.695 -1.641 -1.662 -1.689 -1.735 -1.771 -1.772 -1.796 -1.835 -1.868 -1.883 -1.958 -1.953 -1.957 -1.96 -1.876 -1.89 -1.856 -1.793 -1.773 -1.769 -1.734 -1.709 -1.678 -1.649 -1.669 -1.669 -1.692 -1.739 -1.762 -1.758 -1.773 -1.83 -1.887 -1.852 -1.855 -1.908 -1.982 -2.036 -2.038 -2.028 -2.091 -2.041 -2.028 -2.062 -2.091 -2.063 -2.101 -2.101 -2.055 -2.113 -2.07 -2.074 -2.052 -2.064 -2.136 -2.057 -2.04 -2.128 -2.121 -2.146 -2.085 -2.036 -2.091 -2.161 -2.082
-1.885 -1.897 -1.854 -1.817 -1.774 -1.771 -1.721 -1.727 -1.704 -1.685 -1.705 -1.744 -1.769 -1.768 -1.761 -1.848 -1.849 -1.886 -1.884 -1.949 -1.93 -2.002 -1.91 -1.899 -1.847 -1.816 -1.813 -1.814 -1.805 -1.729 -1.752 -1.698 -1.675 -1.68 -1.662 -1.65 -1.7 -1.761 -1.752 -1.785 -1.781 -1.854 -1.862 -1.934 -1.951 -1.958 -1.962 -1.987 -2.07 -2.155 -2.081 -2.103 -2.042 -2.122 -2.074 -2.137 -2.043 -2.077 -2.119 -2.059 -2.115 -2.084 -2.025 -2.114 -2.029 -2.033 -2.118 -2.084 -2.105 -2.062 -2.05 -2.066 -2.115 -2.165
-1.904 -1.879 -1.855 -1.823 -1.811 -1.743 -1.743 -1.746 -1.753 -1.773 -1.769 -1.766 -1.748 -1.761 -1.821 -1.83 -1.858 -1.888 -1.929 -1.99 -1.996 -2.001 -1.976 -1.914 -1.879 -1.866 -1.842 -1.82 -1.815 -1.76 -1.777 -1.704 -1.674 -1.684 -1.655 -1.631 -1.655 -1.713 -1.743 -1.757 -1.796 -1.852 -1.842 -1.892 -1.91 -1.947 -1.978 -2.019 -2.08 -2.116 -2.071 -2.085 -2.086 -2.061 -2.107 -2.026 -2.077 -2.081 -2.11 -2.126 -2.034 -2.15 -2.048 -2.09 -2.058 -2.063 -2.066 -2.14 -2.062 -2.052 -2.118 -2.116 -2.094 -2.108
-1.934 -1.89 -1.913 -1.825 -1.806 -1.761 -1.804 -1.814 -1.792 -1.761 -1.774 -1.779 -1.806 -1.796 -1.879 -1.853 -1.846 -1.873 -1.94 -1.947 -2.058 -1.957 -1.962 -1.942 -1.975 -1.853 -1.88 -1.84 -1.817 -1.778 -1.753 -1.722 -1.689 -1.669 -1.647 -1.698 -1.721 -1.719 -1.733 -1.771 -1.794 -1.84 -1.857 -1.921 -1.922 -1.998 -1.925 -1.953 -1.995 -2.129 -1.999 -2.048 -2.104 -2.046 -2.107 -2.098 -2.094 -2.057 -2.088 -2.085 -2.08 -2.058 -2.088 -2.107 -2.046 -2.092 -2.069 -2.103 -2.103 -2.113 -2.09 -2.12 -2.08 -2.085
-1.96 -1.931 -1.883 -1.843 -1.852 -1.845 -1.78 -1.806 -1.832 -1.802 -1.807 -1.774 -1.794 -1.807 -1.844 -1.878 -1.885 -1.908 -1.961 -2.038 -1.975 -2.012 -2.026 -1.913 -1.914 -1.889 -1.83 -1.831 -1.826 -1.808 -1.778 -1.724 -1.686 -1.674 -1.648 -1.683 -1.708 -1.725 -1.736 -1.776 -1.817 -1.843 -1.87 -1.912 -1.976 -1.976 -1.981 -2.06 -2.026 -2.105 -2.085 -2.049 -2.079 -2.088 -2.064 -2.083 -2.094 -2.05 -2.085 -2.082 -2.061 -2.085 -2.055 -2.068 -2.094 -2.13 -2.033 -2.054 -2.026 -2.126 -2.102 -2.061 -2.079 -2.108
-1.927 -1.925 -1.914 -1.884 -1.887 -1.848 -1.828 -1.848 -1.815 -1.846 -1.863 -1.856 -1.861 -1.856 -1.868 -1.877 -1.944 -1.96 -1.943 -1.978 -1.993 -2.018 -1.962 -1.994 -1.91 -1.875 -1.859 -1.794 -1.809 -1.784 -1.758 -1.706 -1.68 -1.636 -1.637 -1.68 -1.735 -1.754 -1.768 -1.772 -1.857 -1.888 -1.833 -1.884 -1.953 -1.995 -2.005 -2.01 -2.083 -2.022 -2.086 -2.169 -2.131 -2.133 -2.105 -2.108 -2.093 -2.132 -2.077 -2.11 -2.102 -2.075 -2.094 -2.085 -2.114 -2.06 -2.016 -2.081 -2.03 -2.067 -2.09 -2.128 -2.05 -2.121
-1.928 -1.961 -1.918 -1.889 -1.896 -1.874 -1.891 -1.843 -1.836 -1.865 -1.87 -1.916 -1.914 -1.88 -1.875 -1.88 -1.917 -1.974 -2.015 -2.007 -1.978 -2.034 -1.931 -1.908 -1.962 -1.902 -1.86 -1.835 -1.828 -1.812 -1.765 -1.713 -1.725 -1.698 -1.652 -1.687 -1.734 -1.766 -1.81 -1.773 -1.837 -1.857 -1.882 -1.916 -1.991 -2.02 -1.972 -1.994 -2.024 -2.025 -2.092 -2.082 -2.053 -2.105 -2.034 -2.028 -2.108 -2.085 -2.037 -2.075 -2.07 -2.056 -2.027 -2.161 -2.065 -2.065 -2.041 -2.103 -2.103 -2.106 -2.131 -2.078 -2.123 -2.069
-2.055 -1.965 -1.918 -1.908 -1.937 -1.971 -1.87 -1.9 -1.857 -1.845 -1.888 -1.848 -1.886 -1.916 -1.928 -1.934 -1.931 -1.975 -2.048 -2.061 -2.031 -2.062 -2.022 -1.928 -1.916 -1.883 -1.849 -1.862 -1.836 -1.819 -1.811 -1.785 -1.744 -1.755 -1.718 -1.728 -1.753 -1.806 -1.79 -1.804 -1.834 -1.867 -1.89 -1.917 -1.91 -1.972 -1.999 -2.066 -2.069 -2.053 -2.106 -2.072 -2.09 -2.018 -2.017 -2.038 -2.089 -2.065 -2.012 -2.092 -2.088 -2.073 -2.026 -2.021 -2.068 -2.129 -2.044 -2.132 -2.083 -2.122 -2.154 -2.048 -2.028 -2.096
-2.078 -2.02 -1.929 -1.962 -1.943 -1.955 -1.97 -1.939 -1.942 -1.941 -1.969 -1.916 -1.932 -1.965 -1.964 -2.02 -1.949 -1.913 -1.971 -2.033 -2.021 -2.035 -1.97 -1.949 -1.977 -1.951 -1.879 -1.872 -1.823 -1.852 -1.842 -1.821 -1.802 -1.755 -1.735 -1.794 -1.802 -1.808 -1.787 -1.825 -1.862 -1.869 -1.915 -1.926 -1.936 -2.03 -2.06 -2.034 -2.047 -1.992 -2.099 -2.138 -2.071 -2.049 -1.994 -2.015 -1.987 -2.066 -2.051 -2.07 -2.074 -2.047 -2.09 -2.126 -2.074 -2.068 -2.038 -2.083 -2.101 -2.075 -2.069 -2.115 -2.073 -2.09
-2.034 -2.002 -2.053 -1.937 -1.96 -1.98 -2.006 -1.909 -1.945 -1.981 -1.933 -1.95 -1.936 -1.971 -1.964 -2.021 -2.018 -2.008 -1.999 -2.064 -2.01 -2.083 -2.03 -1.998 -1.963 -1.956 -1.919 -1.867 -1.847 -1.834 -1.854 -1.823 -1.796 -1.795 -1.779 -1.797 -1.81 -1.819 -1.815 -1.86 -1.852 -1.902 -1.898 -2.011 -2.081 -2.027 -1.978 -2.05 -2 -2.03 -2.08 -2.055 -2.035 -2.041 -2.019 -1.914 -2.02 -1.985 -1.947 -1.985 -1.994 -2.034 -2.103 -2.118 -2.111 -2.038 -2.095 -2.046 -2.124 -2.043 -2.138 -2.108 -2.125 -2.072
-2.079 -2.055 -2.069 -2.004 -1.995 -2.034 -1.947 -1.963 -1.958 -1.962 -1.981 -1.976 -1.955 -1.978 -1.983 -1.996 -1.999 -2.041 -2.108 -2.068 -2.02 -2.074 -2 -1.987 -2.006 -1.942 -1.919 -1.898 -1.872 -1.9 -1.851 -1.825 -1.855 -1.813 -1.813 -1.866 -1.819 -1.892 -1.896 -1.924 -1.886 -1.932 -1.919 -1.905 -1.986 -2.041 -1.978 -2.088 -2.021 -1.992 -1.97 -2.051 -1.986 -1.967 -1.955 -1.985 -1.992 -1.939 -1.965 -1.966 -2.002 -2.009 -2.029 -2.117 -2.12 -2.082 -2.091 -2.05 -2.084 -2.125 -2.079 -2.071 -2.069 -2.113
-2.112 -2.069 -2.093 -2.033 -2.039 -1.985 -1.989 -2.021 -1.966 -1.974 -1.968 -1.997 -2.016 -2.045 -2 -2.058 -2.052 -2.077 -2.079 -2.09 -2.075 -2.067 -2.036 -2.072 -2.095 -1.984 -2 -1.975 -1.903 -1.895 -1.906 -1.904 -1.881 -1.854 -1.852 -1.859 -1.854 -1.847 -1.904 -1.878 -1.895 -1.978 -1.943 -1.944 -1.99 -2.039 -1.987 -1.96 -1.965 -1.961 -1.934 -1.92 -1.933 -1.963 -1.954 -1.927 -1.933 -1.892 -1.948 -1.974 -1.961 -1.978 -1.978 -2.085 -2.035 -2.095 -2.1 -2.093 -2.058 -2.09 -2.1 -2.115 -2.033 -2.071
-2.077 -2.03 -2.083 -2.092 -2.027 -2.019 -2.089 -2.092 -2.015 -1.995 -2.035 -2.113 -2.053 -2.049 -2.102 -2.137 -2.143 -2.017 -2.116 -2.057 -2.045 -2.01 -2.097 -2.017 -2.033 -2.003 -2.018 -1.922 -1.924 -1.919 -1.962 -1.91 -1.922 -1.937 -1.89 -1.897 -1.857 -1.903 -1.932 -1.935 -1.917 -2.031 -2.004 -2.032 -2.046 -2.026 -1.995 -1.995 -1.988 -1.981 -1.943 -1.888 -1.908 -1.86 -1.891 -1.906 -1.928 -1.915 -1.92 -1.97 -1.949 -1.981 -1.995 -1.986 -2.008 -2.033 -2.052 -2.079 -2.027 -2.085 -2.076 -2.033 -2.056 -2.086
-2.03 -2 -2.01 -2.068 -2.103 -2.022 -2.02 -2.107 -2.078 -2.031 -2.035 -2.092 -2.094 -2.044 -2.089 -2.083 -2.064 -2.043 -2.106 -2.11 -2.037 -2.083 -2.02 -2.093 -2.018 -1.971 -1.996 -1.961 -1.954 -1.91 -1.949 -1.914 -1.952 -1.958 -1.882 -1.899 -1.919 -1.934 -1.984 -1.976 -1.983 -1.979 -2.041 -2.043 -2.099 -1.995 -1.956 -1.967 -1.945 -1.919 -1.909 -1.871 -1.858 -1.894 -1.872 -1.881 -1.869 -1.886 -1.928 -1.907 -1.924 -1.928 -1.971 -1.99 -2.025 -2.014 -2.086 -2.066 -2.051 -2.113 -2.052 -2.09 -2.085 -2.075
-2.043 -2.067 -2.073 -1.978 -2.058 -2.113 -2.05 -2.028 -2.035 -2.132 -2.045 -2.058 -2.088 -2.031 -2.113 -2.05 -2.083 -2.068 -2.085 -2.091 -1.997 -2.083 -2.068 -2.028 -2.033 -2.019 -2.011 -2.029 -2.087 -1.962 -1.94 -1.924 -1.925 -1.93 -1.927 -1.97 -1.984 -1.991 -1.974 -2.003 -1.96 -2.048 -2.037 -2.009 -2.026 -2.036 -1.981 -1.946 -1.887 -1.86 -1.887 -1.876 -1.852 -1.868 -1.812 -1.83 -1.818 -1.865 -1.855 -1.863 -1.878 -1.877 -1.95 -1.954 -1.923 -2.004 -2.042 -2.02 -2.08 -2.106 -2.105 -2.066 -2.072 -2.019
