All_lidar/sz6187_DSM_2M.asc
ncols 500
nrows 500
xllcorner    461000
yllcorner    87000
cellsize     2
NODATA_value -9999
[rows 272 to 305 of 500, columns 154 to 230 of 500]
2.404 2.424 2.389 2.356 2.359 2.341 2.366 2.359 2.331 2.329 2.351 2.331 2.369 2.341 2.369 2.346 2.324 2.381 2.371 2.369 2.374 2.469 2.499 2.524 2.601 2.604 2.591 2.739 2.911 4.136 4.376 4.219 4.761 4.081 5.054 5.169 2.851 3.841 2.211 2.234 4.569 3.109 3.859 2.121 1.949 2.031 1.949 2.269 3.491 7.514 6.021 3.526 6.366 3.666 3.201 1.299 2.136 1.359 3.209 4.646 2.954 3.804 1.564 4.081 1.896 1.599 2.576 1.864 2.244 2.419 3.731 4.914 3.091 3.399 3.319 2.879 2.496
2.509 2.509 2.466 2.426 2.444 2.431 2.434 2.419 2.449 2.409 2.404 2.419 2.421 2.416 2.414 2.381 2.381 2.409 2.404 2.426 2.484 2.674 2.749 2.661 2.759 2.571 2.504 2.686 3.241 4.529 5.204 5.489 4.976 4.316 5.966 5.429 3.439 2.751 2.304 2.259 3.881 2.894 2.119 1.986 2.031 2.026 2.634 2.704 4.481 7.646 2.816 10.869 5.219 4.614 2.091 1.834 1.466 1.416 1.551 4.199 3.074 2.176 2.464 4.489 1.811 2.191 5.171 5.009 5.756 2.294 3.694 2.956 3.081 3.154 2.716 2.554 2.701
2.581 2.591 2.546 2.566 2.569 2.571 2.549 2.516 2.549 2.559 2.526 2.494 2.484 2.451 2.446 2.424 2.431 2.464 2.481 2.499 2.579 2.724 2.844 2.856 2.871 2.756 2.529 2.991 3.626 3.881 4.369 4.969 4.981 5.251 5.874 4.539 2.766 3.386 2.706 4.414 2.966 2.201 2.121 2.129 2.041 3.759 3.411 2.021 1.951 7.704 8.936 11.414 4.106 2.039 2.281 1.951 1.639 2.784 3.174 8.009 6.234 4.871 4.264 4.331 1.991 2.719 5.789 2.591 6.574 2.779 3.974 3.511 2.496 3.024 3.771 2.674 2.819
2.681 2.694 2.641 2.656 2.671 2.674 2.661 2.619 2.626 2.621 2.619 2.609 2.596 2.571 2.561 2.511 2.551 2.579 2.594 2.609 2.721 2.791 2.849 2.844 2.859 2.636 2.631 2.869 3.006 2.641 2.464 3.349 4.169 3.819 4.789 3.471 4.101 4.921 4.404 2.359 2.561 2.311 2.186 2.129 2.119 3.061 3.584 7.159 4.431 5.341 4.189 10.056 2.669 1.891 1.824 1.856 1.871 5.906 8.474 7.591 4.931 8.189 3.409 2.279 1.246 1.301 1.941 2.324 4.271 4.009 3.411 6.389 3.079 3.436 6.434 2.879 2.774
2.811 2.779 2.764 2.746 2.774 2.724 2.719 2.684 2.694 2.719 2.726 2.721 2.699 2.659 2.601 2.604 2.659 2.656 2.681 2.694 2.791 2.869 2.899 2.836 2.801 2.709 2.681 2.899 5.566 2.569 3.211 2.676 2.481 2.576 3.604 2.531 3.436 4.819 4.359 2.444 2.514 2.551 2.464 2.199 2.161 2.154 4.471 3.424 3.666 2.059 5.991 7.159 4.496 2.014 1.824 1.836 5.239 8.016 5.721 4.206 7.704 5.116 1.836 3.771 4.109 1.861 2.219 2.541 2.836 6.699 4.331 3.071 3.226 5.481 6.429 2.909 3.241
2.924 2.911 2.866 2.841 2.836 2.826 2.784 2.779 2.821 2.811 2.824 2.791 2.776 2.759 2.671 2.689 2.759 2.736 2.729 2.739 2.849 2.809 2.789 2.804 2.806 2.744 2.824 3.064 3.436 2.879 2.714 4.109 2.819 2.839 5.149 4.746 5.089 6.554 3.744 3.744 3.321 2.969 2.306 2.384 2.229 4.584 2.701 2.721 2.096 2.121 5.136 4.204 2.181 2.106 1.894 2.031 3.076 9.344 12.074 2.606 3.059 5.759 6.381 4.559 1.689 4.524 2.419 2.444 2.504 3.744 5.361 2.846 2.896 3.901 3.124 3.036 3.464
3.034 3.029 3.004 2.956 2.934 2.916 2.921 2.886 2.911 2.926 2.921 2.916 2.874 2.811 2.779 2.791 2.829 2.766 2.781 2.971 2.856 2.821 2.884 2.954 2.956 3.159 3.346 6.119 4.311 3.646 3.999 4.504 2.684 3.881 4.014 2.614 5.664 5.139 2.436 2.836 2.456 3.484 2.571 2.246 2.356 2.371 3.959 2.274 2.201 2.334 3.554 4.669 2.371 3.051 3.219 3.224 2.406 4.664 9.006 7.571 6.296 5.129 8.639 1.161 2.651 3.299 2.564 2.964 2.354 2.519 2.689 4.236 4.739 3.291 5.516 3.614 4.179
3.091 3.094 3.079 3.066 3.054 3.026 3.019 3.011 3.026 3.004 3.016 2.984 2.919 2.879 2.884 2.876 2.901 2.874 2.876 2.959 2.914 2.891 2.961 3.364 3.496 3.264 4.019 4.784 4.374 3.469 3.241 2.619 3.136 3.924 2.891 5.311 4.769 3.464 2.931 3.846 3.206 2.859 2.196 2.404 2.206 2.524 2.499 2.304 2.519 2.391 2.561 2.129 2.054 2.401 1.989 2.244 2.851 6.826 8.089 9.114 10.134 8.281 8.679 1.819 2.229 3.171 3.749 3.021 2.944 2.869 4.921 8.259 6.799 3.041 3.034 3.141 4.721
3.246 3.186 3.161 3.156 3.161 3.119 3.106 3.071 3.079 3.101 3.076 3.031 3.011 2.959 2.964 2.974 2.976 2.969 3.059 3.086 2.779 3.039 3.436 3.836 4.554 4.834 4.711 3.664 2.646 2.681 3.386 4.206 4.066 4.301 3.999 4.674 4.689 3.709 3.289 4.251 2.391 2.366 2.331 2.441 2.184 2.281 2.321 2.226 2.329 2.906 2.464 4.854 3.939 2.961 1.944 2.191 2.351 5.734 3.876 8.804 6.756 6.904 4.371 1.896 2.169 4.709 3.829 4.864 7.419 2.931 3.874 4.769 4.326 3.151 3.854 3.276 3.639
3.376 3.304 3.269 3.264 3.236 3.204 3.184 3.166 3.186 3.176 3.114 3.076 3.086 3.071 3.064 3.076 3.056 3.086 3.166 2.936 3.006 3.241 3.504 3.484 5.304 4.291 4.264 4.311 2.484 2.674 2.884 3.231 3.016 2.881 3.919 4.361 4.161 4.491 3.674 2.526 2.446 2.406 2.551 2.546 2.296 2.494 2.659 2.284 3.376 4.589 2.641 4.274 4.769 4.414 7.749 2.714 3.839 5.961 8.819 8.629 7.506 3.389 6.139 3.809 2.189 3.044 3.424 4.091 4.296 3.781 2.831 3.489 3.746 3.216 4.444 4.439 5.149
3.454 3.414 3.371 3.389 3.339 3.329 3.281 3.319 3.319 3.291 3.231 3.201 3.201 3.159 3.146 3.146 3.131 3.194 3.274 3.741 3.336 3.189 2.841 2.419 3.954 4.911 4.534 6.341 4.121 3.324 3.171 3.094 3.581 2.906 3.464 4.744 4.646 6.139 4.634 3.111 2.701 2.704 3.451 2.429 2.441 2.394 2.364 2.341 2.661 3.654 2.526 3.574 4.219 2.721 4.326 2.616 3.246 4.149 4.559 3.959 2.989 5.659 3.801 5.511 2.839 2.436 2.764 5.551 4.476 4.004 3.224 4.189 3.251 3.326 4.174 4.554 4.529
3.559 3.509 3.494 3.471 3.449 3.419 3.396 3.451 3.419 3.411 3.366 3.354 3.304 3.271 3.221 3.199 3.241 3.296 3.399 5.451 5.654 4.794 4.004 2.681 2.969 2.891 3.201 3.736 5.996 3.114 4.756 3.256 3.116 3.161 3.036 3.254 3.929 3.804 5.164 3.459 2.674 2.514 2.476 2.436 2.571 2.441 2.344 2.421 2.836 3.496 3.564 2.819 2.731 2.119 3.511 3.469 4.761 2.696 2.616 4.111 1.961 2.124 2.271 6.419 2.346 2.369 4.516 3.986 3.104 3.754 3.806 3.336 3.309 3.591 3.594 3.301 4.099
3.714 3.659 3.634 3.599 3.529 3.531 3.549 3.561 3.544 3.519 3.496 3.486 3.406 3.379 3.331 3.284 3.361 3.634 4.249 6.344 6.016 6.351 4.639 3.409 3.274 3.179 2.251 2.731 7.411 3.409 4.154 3.039 3.021 3.016 3.034 2.931 2.804 3.304 3.501 3.446 3.644 2.746 2.531 2.511 2.639 2.456 2.369 2.476 3.106 2.729 4.891 3.219 2.251 4.244 3.241 3.356 5.779 2.351 2.031 2.034 1.919 2.291 4.751 3.721 2.566 2.416 2.484 2.649 3.021 3.259 3.491 3.339 3.521 3.506 3.371 4.041 4.106
3.861 3.799 3.741 3.681 3.679 3.686 3.681 3.681 3.661 3.654 3.641 3.599 3.541 3.509 3.504 3.501 3.534 3.814 4.234 6.721 7.741 7.101 5.331 5.296 2.946 2.456 2.161 5.079 5.781 5.156 3.046 3.091 3.041 3.066 3.066 2.951 2.789 2.851 3.076 2.806 2.624 2.661 2.601 2.634 2.491 2.461 2.376 2.409 3.314 3.611 4.031 3.591 2.321 4.426 4.944 3.376 5.421 2.914 4.839 2.124 2.146 2.564 2.716 2.839 2.781 2.584 2.629 2.914 4.621 3.141 3.224 3.254 3.646 3.406 3.791 4.064 3.469
3.896 3.874 3.846 3.819 3.806 3.809 3.816 3.806 3.759 3.756 3.724 3.706 3.684 3.646 3.636 3.629 3.801 4.459 5.296 5.606 8.644 8.309 4.086 4.009 3.514 3.551 2.581 3.834 3.729 6.094 5.834 3.199 3.544 3.156 3.139 2.971 2.891 2.884 3.214 3.119 2.876 2.916 2.676 2.799 2.691 2.521 2.749 2.456 3.441 3.256 3.906 4.281 2.319 2.341 4.506 2.771 3.736 3.874 2.636 2.399 2.439 4.321 3.574 2.764 5.231 2.781 2.799 3.756 4.696 5.931 3.211 3.499 3.751 3.469 4.091 4.149 4.006
4.016 3.976 3.966 3.946 3.929 3.919 3.939 3.929 3.901 3.856 3.824 3.769 3.766 3.731 3.731 3.746 3.859 4.066 5.034 6.211 7.199 4.779 2.199 2.444 2.874 2.371 2.716 2.991 5.769 3.994 7.261 6.144 3.836 3.301 3.109 2.964 2.974 2.934 2.984 3.371 2.909 2.786 2.816 2.784 3.701 4.211 4.364 4.781 2.576 2.926 3.314 4.516 5.131 2.319 3.839 2.471 2.296 4.646 5.251 2.344 3.096 5.614 3.674 2.714 2.884 3.039 3.551 4.854 5.061 6.621 3.251 3.536 3.479 3.539 3.881 3.986 4.229
4.121 4.101 4.059 4.051 4.049 4.066 4.044 4.014 4.004 3.941 3.926 3.881 3.861 3.826 3.839 3.831 4.061 5.066 6.001 5.471 4.484 2.424 1.804 2.414 3.206 3.506 3.129 3.049 3.381 3.369 4.244 7.769 3.346 3.264 3.129 3.039 3.129 3.049 2.944 2.961 2.889 3.976 3.501 7.119 3.964 4.951 4.324 5.306 6.794 2.914 2.771 3.464 3.016 2.774 2.446 3.771 3.461 3.054 5.211 2.181 2.404 2.499 2.854 3.234 3.309 4.856 4.516 5.636 6.449 6.641 3.424 3.501 3.404 3.604 3.849 3.924 3.719
4.241 4.241 4.189 4.189 4.174 4.149 4.164 4.146 4.104 4.044 4.046 4.004 3.966 3.916 3.909 3.919 4.366 6.081 7.586 4.676 3.589 2.301 1.799 2.846 2.974 4.444 5.446 4.526 4.116 4.434 3.504 5.059 3.489 3.354 3.196 3.164 3.174 3.111 3.026 2.931 3.054 5.939 5.116 5.126 5.181 4.039 3.979 5.911 6.716 2.916 2.994 3.684 2.979 2.599 2.581 2.544 3.371 2.954 3.409 2.269 3.321 2.566 2.901 3.356 3.139 3.289 8.809 5.544 4.236 4.934 3.779 3.579 4.004 4.561 4.079 4.134 3.586
4.386 4.344 4.341 4.301 4.291 4.281 4.299 4.259 4.229 4.194 4.151 4.111 4.069 4.019 4.031 4.084 4.394 4.666 5.161 5.741 3.321 2.254 2.246 2.994 3.131 3.884 6.941 3.439 4.594 5.319 5.456 5.846 3.526 3.496 3.371 3.176 3.176 3.146 3.031 2.981 2.994 2.946 3.359 3.629 2.939 4.214 4.776 4.646 3.466 2.944 2.756 3.509 2.861 3.346 3.146 2.501 2.654 3.761 5.996 3.864 2.841 4.684 4.911 5.509 3.251 3.086 3.286 8.779 5.354 5.641 3.951 3.481 4.299 4.476 4.211 3.799 3.219
4.496 4.484 4.474 4.441 4.374 4.394 4.369 4.354 4.316 4.279 4.254 4.199 4.146 4.159 4.131 4.281 4.421 4.461 5.294 7.056 5.586 2.306 3.779 5.409 3.861 3.681 3.571 3.601 3.691 3.586 5.509 5.616 3.584 3.451 3.326 3.256 3.214 3.191 3.046 2.994 3.071 2.991 3.674 3.194 2.924 3.076 2.871 2.754 2.964 3.209 3.136 2.644 2.784 3.299 2.531 2.556 2.514 4.031 5.831 3.641 2.084 3.261 3.679 5.669 3.741 3.091 3.881 7.571 4.291 5.479 4.304 3.451 4.844 4.774 4.246 3.369 3.154
4.599 4.581 4.579 4.554 4.521 4.499 4.486 4.451 4.421 4.396 4.336 4.284 4.256 4.219 4.226 4.376 4.566 4.849 6.389 7.324 5.644 2.661 3.434 4.614 4.574 4.106 3.636 5.126 3.719 3.739 5.454 4.891 3.726 3.476 3.309 3.311 3.349 3.276 3.131 3.091 3.974 3.041 3.941 2.919 2.936 3.006 3.134 3.056 2.851 2.776 2.849 2.726 4.324 4.444 2.674 2.684 2.444 3.011 2.421 3.029 2.911 5.191 4.924 7.441 5.116 3.236 3.594 7.124 4.779 4.879 4.609 3.676 5.141 5.564 4.396 3.194 3.219
4.701 4.671 4.651 4.664 4.676 4.669 4.666 4.614 4.556 4.504 4.461 4.394 4.419 4.401 4.361 4.606 5.324 6.056 6.551 5.974 4.681 3.399 4.801 5.081 3.974 3.844 3.754 4.841 3.896 3.769 3.771 3.759 3.781 3.496 3.424 3.424 3.404 3.314 3.211 3.084 3.104 3.179 3.091 2.964 3.831 2.906 2.999 2.961 2.901 2.799 2.774 3.144 5.736 5.201 2.614 2.746 2.686 5.149 3.301 2.404 2.394 3.334 3.504 3.684 6.571 5.596 3.744 10.831 6.519 4.121 3.676 4.104 5.674 4.784 3.206 3.179 3.566
4.766 4.734 4.706 4.736 4.764 4.784 4.776 4.726 4.699 4.629 4.614 4.551 4.571 4.496 4.531 5.084 5.924 6.509 6.239 5.341 4.009 4.276 4.694 5.031 4.121 3.819 4.399 6.789 3.891 3.901 3.841 3.761 3.679 3.551 3.461 3.499 3.454 3.421 3.241 3.181 3.209 3.176 3.089 3.469 2.919 2.944 3.034 3.069 3.041 2.989 2.896 3.131 3.409 2.896 2.926 3.146 5.446 2.679 3.171 2.594 2.551 3.934 3.249 4.199 5.581 4.146 3.734 8.469 6.991 3.699 3.654 3.999 4.376 3.354 3.189 3.359 3.309
4.854 4.836 4.809 4.846 4.859 4.869 4.839 4.834 4.801 4.756 4.704 4.661 4.631 4.606 4.671 5.179 5.724 6.591 5.894 4.874 4.406 4.904 4.981 5.061 4.134 3.794 3.621 4.696 3.846 4.814 4.934 3.801 3.729 4.506 3.576 3.824 3.756 3.466 3.299 3.261 3.284 3.236 3.196 3.244 3.006 3.169 3.236 3.221 2.994 2.981 2.861 2.886 2.974 2.774 2.761 2.879 3.396 2.636 2.859 2.454 3.374 2.889 2.821 3.779 5.876 6.401 4.829 4.936 5.956 3.739 3.994 4.004 3.349 3.166 3.271 3.064 2.829
4.926 4.901 4.914 4.931 4.961 4.979 4.916 4.881 4.856 4.824 4.786 4.754 4.711 4.689 4.814 5.234 6.026 6.399 5.464 4.794 5.479 5.194 4.666 5.404 4.539 4.026 3.784 3.914 3.971 5.369 6.554 4.241 7.859 6.301 3.699 3.801 3.989 3.709 3.651 3.311 3.366 3.331 3.229 3.189 3.109 3.236 3.296 3.291 3.071 3.734 3.244 2.826 2.846 3.104 2.579 2.726 2.836 2.709 2.501 2.459 2.951 2.864 3.259 3.706 4.811 6.784 4.086 3.779 3.664 4.281 4.006 3.449 3.189 3.224 3.131 2.506 2.096
4.991 4.964 4.986 4.989 5.049 5.046 5.009 4.964 4.936 4.914 4.914 4.879 4.779 4.754 4.901 5.316 6.799 5.786 5.196 5.406 4.904 5.116 4.504 4.504 4.321 4.081 4.051 3.999 4.134 4.144 5.956 4.429 7.419 4.616 3.744 3.694 3.876 4.406 5.241 3.439 3.326 3.391 3.309 3.274 3.126 3.246 3.291 3.124 3.449 3.164 2.894 2.851 2.804 2.746 2.574 2.639 2.749 2.584 2.964 2.949 4.551 3.966 4.951 6.651 4.476 5.409 4.261 3.731 3.524 4.104 3.621 3.206 3.241 3.086 2.314 1.859 1.904
5.034 5.034 5.026 5.046 5.096 5.126 5.106 5.044 5.021 5.006 5.001 4.974 4.881 4.861 4.986 5.344 8.586 5.274 6.211 10.621 4.859 4.826 4.914 4.824 4.516 4.101 4.186 4.101 4.124 4.426 9.164 7.656 4.711 4.891 3.819 3.846 3.771 5.636 4.461 4.221 3.726 3.386 3.279 3.231 3.176 3.221 3.189 3.134 3.321 3.029 2.926 2.836 2.794 2.659 2.651 2.749 2.726 2.641 4.394 5.156 6.959 6.561 6.096 7.249 3.826 4.641 4.354 3.574 3.914 3.936 3.309 3.231 3.159 2.469 2.461 1.319 1.131
5.084 5.059 5.074 5.116 5.164 5.174 5.159 5.116 5.064 5.041 5.046 5.011 4.974 4.991 5.039 5.254 6.264 6.111 5.856 7.836 5.031 5.041 5.246 5.109 4.521 4.704 4.331 4.619 4.196 4.269 8.494 5.699 5.221 5.014 3.956 5.129 4.101 4.711 3.564 4.979 3.604 3.429 3.371 3.269 3.331 3.281 3.254 3.196 3.104 3.036 3.004 2.889 3.221 2.696 2.719 2.754 3.104 2.634 2.606 4.484 4.274 8.496 7.004 8.449 5.654 4.809 3.641 3.939 4.039 3.386 3.219 3.234 3.504 2.301 1.311 3.201 0.921
5.161 5.126 5.144 5.139 5.194 5.224 5.209 5.164 5.089 5.094 5.104 5.069 5.066 5.054 5.106 5.264 5.221 7.736 5.371 5.614 5.224 5.324 5.186 5.124 4.244 4.219 4.426 4.276 4.229 5.434 4.861 4.619 7.476 5.761 4.049 3.901 3.849 4.504 3.859 4.104 3.699 3.604 3.496 3.401 3.386 3.311 3.256 3.221 3.144 3.086 2.989 2.869 2.841 2.781 2.784 2.789 2.786 2.719 3.051 2.876 3.344 9.156 9.499 7.421 4.764 4.854 3.616 4.146 3.451 3.281 3.316 2.744 2.121 1.424 2.034 1.101 0.886
5.201 5.181 5.199 5.196 5.241 5.241 5.239 5.214 5.161 5.136 5.171 5.156 5.161 5.106 5.144 5.251 5.406 5.419 7.046 6.969 6.921 4.864 5.359 4.786 4.384 4.984 5.379 5.756 4.286 6.721 4.254 4.036 3.991 4.479 4.324 3.911 3.934 4.004 4.731 4.461 3.684 3.641 3.481 3.506 3.499 3.391 3.374 3.284 3.299 5.946 3.169 3.019 4.164 4.254 2.844 2.766 2.766 2.759 3.576 3.666 3.476 6.629 3.676 5.741 3.849 3.651 3.619 3.501 3.274 3.324 3.049 2.194 2.136 2.046 2.044 1.041 0.971
5.201 5.211 5.276 5.304 5.294 5.251 5.254 5.256 5.206 5.149 5.186 5.184 5.189 5.201 5.244 5.506 6.326 6.809 6.596 5.686 5.034 5.049 4.871 4.871 4.536 5.434 8.249 4.331 4.346 5.114 5.439 4.094 4.011 4.076 4.104 4.011 4.196 3.806 6.136 6.086 4.561 3.659 3.509 3.421 3.434 3.446 3.429 3.359 4.419 5.256 3.876 3.084 4.821 2.919 2.856 2.789 2.821 4.039 4.096 5.146 3.476 6.919 5.996 8.766 4.351 3.496 3.571 3.274 3.311 3.056 2.336 2.414 2.214 2.691 1.069 1.029 0.984
5.209 5.259 5.321 5.364 5.351 5.304 5.281 5.251 5.246 5.221 5.216 5.194 5.211 5.239 5.369 5.371 5.961 8.444 5.516 4.994 5.134 5.284 5.264 5.099 4.761 4.651 4.689 4.444 6.026 4.579 5.469 4.356 4.041 4.546 4.119 4.036 3.941 3.894 3.949 4.649 6.124 3.706 3.609 3.581 3.511 3.536 3.454 3.366 3.651 4.236 3.179 3.101 3.041 2.939 2.841 2.879 3.026 4.059 3.576 3.459 4.106 4.384 8.736 6.326 3.799 3.514 3.321 3.289 3.306 2.456 1.924 1.614 1.609 1.216 1.076 1.044 0.984
5.259 5.309 5.359 5.361 5.374 5.366 5.334 5.291 5.261 5.251 5.259 5.249 5.274 5.259 5.321 5.401 5.511 6.059 6.346 5.344 5.434 5.386 5.366 5.031 4.691 4.769 4.991 4.506 4.739 5.434 4.529 4.169 4.099 4.151 4.149 4.734 4.204 3.891 3.899 4.216 4.761 3.966 3.606 3.614 3.636 3.634 3.489 3.486 3.396 3.286 3.226 3.119 2.996 2.919 2.916 2.981 3.266 3.489 3.401 4.529 7.966 7.759 5.131 5.434 3.851 3.419 3.314 3.369 2.814 2.226 3.006 1.589 1.381 1.159 1.096 1.041 0.969
5.349 5.369 5.411 5.431 5.401 5.374 5.361 5.349 5.324 5.299 5.301 5.324 5.336 5.336 5.361 5.524 5.604 5.529 5.606 5.671 5.566 5.406 5.286 4.951 4.724 4.834 4.671 4.484 4.751 4.659 5.419 4.581 4.146 4.121 4.139 4.516 4.259 3.931 3.961 3.899 4.086 3.891 3.849 4.036 3.791 4.239 3.536 3.461 3.436 3.319 3.241 3.159 3.031 3.156 3.099 3.286 3.356 3.441 4.504 5.641 9.109 8.144 3.859 5.494 3.929 3.289 3.414 3.191 2.356 2.119 1.936 1.526 1.266 1.179 1.094 1.019 0.944
