All_lidar/sz6189_DSM_2M.asc
ncols 500
nrows 500
xllcorner    461000
yllcorner    89000
cellsize     2
NODATA_value -9999
[rows 160 to 191 of 500, columns 142 to 212 of 500]
48.882 48.892 48.905 48.905 48.957 48.96 49.022 49.025 49.092 49.095 49.08 49.095 49.13 49.177 49.205 49.23 49.287 49.282 49.322 49.367 49.392 49.455 49.467 49.507 49.53 49.53 49.542 49.557 49.58 49.57 49.63 49.677 49.737 49.772 49.832 49.8 49.817 49.802 49.775 49.767 49.822 49.94 50.05 49.98 49.892 49.832 50.31 51.4 50.26 49.79 49.975 50.122 50.145 50.072 50.072 49.957 49.967 50 50.03 50.087 50.132 50.155 50.25 50.255 50.235 50.26 50.207 50.2 50.205 50.21 50.245
48.967 48.99 49.01 48.987 49.002 49.03 49.027 49.05 49.107 49.1 49.122 49.157 49.24 49.27 49.28 49.302 49.34 49.315 49.32 49.375 49.397 49.435 49.467 49.502 49.535 49.537 49.597 49.625 49.622 49.662 49.737 49.77 49.82 49.817 49.86 49.797 49.872 49.89 49.857 49.922 49.885 49.992 50.067 50.05 49.96 49.862 50.792 51.435 49.967 49.882 50.095 50.175 50.177 50.102 50.01 49.942 49.957 50.022 50.07 50.092 50.115 50.165 50.172 50.185 50.172 50.242 50.192 50.162 50.127 50.107 50.132
49.04 49.037 49.07 49.09 49.112 49.14 49.14 49.125 49.16 49.165 49.15 49.225 49.292 49.32 49.32 49.312 49.335 49.357 49.365 49.39 49.422 49.442 49.485 49.542 49.59 49.6 49.62 49.657 49.725 49.742 49.795 49.815 49.81 49.805 49.815 49.82 49.887 49.935 49.94 49.895 49.94 50.127 50.1 50.055 49.997 49.975 51.207 51.215 49.94 49.967 50.125 50.235 50.272 50.145 49.98 49.962 49.94 49.98 50.047 50.097 50.157 50.187 50.19 50.185 50.137 50.16 50.197 50.185 50.125 50.092 50.085
49.11 49.157 49.147 49.17 49.177 49.202 49.187 49.18 49.212 49.19 49.242 49.275 49.322 49.305 49.3 49.327 49.372 49.407 49.437 49.495 49.495 49.507 49.542 49.557 49.587 49.565 49.625 49.677 49.752 49.792 49.82 49.815 49.81 49.825 49.842 49.832 49.84 49.872 49.89 49.917 50.012 50.17 50.042 50.065 50.032 50.285 51.592 50.692 49.977 50.052 50.125 50.277 50.305 50.16 50.02 49.99 49.995 50.045 50.152 50.18 50.215 50.282 50.282 50.245 50.277 50.265 50.245 50.197 50.172 50.132 50.137
49.155 49.182 49.205 49.23 49.27 49.235 49.217 49.227 49.22 49.237 49.222 49.267 49.305 49.322 49.322 49.36 49.405 49.415 49.445 49.475 49.495 49.542 49.567 49.605 49.627 49.64 49.642 49.67 49.685 49.71 49.73 49.755 49.77 49.83 49.867 49.88 49.907 49.91 49.92 49.992 50.055 50.105 50.087 50.087 50.11 51.282 51.78 50.15 49.97 50.077 50.162 50.285 50.282 50.217 50.09 50.077 50.09 50.112 50.15 50.202 50.227 50.235 50.26 50.275 50.267 50.265 50.202 50.19 50.182 50.182 50.192
49.22 49.24 49.235 49.267 49.28 49.275 49.265 49.32 49.31 49.317 49.277 49.285 49.307 49.357 49.382 49.422 49.455 49.472 49.492 49.547 49.567 49.585 49.595 49.622 49.642 49.647 49.67 49.685 49.722 49.755 49.782 49.817 49.877 49.907 49.952 49.982 50.042 50.057 50.065 50.05 50.06 50.067 50.067 50.117 50.265 51.417 51.367 50.022 49.922 50.045 50.177 50.227 50.232 50.195 50.17 50.155 50.175 50.175 50.195 50.22 50.225 50.24 50.252 50.282 50.267 50.26 50.237 50.225 50.232 50.23 50.22
49.297 49.34 49.34 49.287 49.297 49.335 49.355 49.4 49.415 49.402 49.377 49.382 49.38 49.39 49.43 49.465 49.492 49.52 49.535 49.542 49.577 49.6 49.617 49.687 49.735 49.762 49.832 49.892 49.917 49.955 49.98 50.005 50 50.017 50.015 50.01 50.047 50.067 50.08 50.057 50.045 50.057 50.087 50.122 50.22 50.905 50.257 50.017 50.007 50.112 50.195 50.227 50.252 50.3 50.315 50.285 50.267 50.272 50.27 50.287 50.307 50.307 50.317 50.32 50.35 50.34 50.347 50.297 50.322 50.305 50.277
49.397 49.402 49.4 49.372 49.405 49.445 49.367 49.405 49.38 49.375 49.377 49.397 49.407 49.452 49.48 49.505 49.557 49.622 49.647 49.695 49.722 49.745 49.762 49.85 49.89 49.89 49.927 49.982 49.987 50.045 50.067 50.117 50.072 50.037 50.052 50.082 50.132 50.145 50.122 50.067 50.062 50.092 50.1 50.13 50.207 50.185 50.105 50.057 50.142 50.182 50.192 50.22 50.245 50.317 50.345 50.357 50.355 50.362 50.362 50.35 50.357 50.38 50.355 50.345 50.332 50.31 50.317 50.282 50.267 50.26 50.25
49.35 49.352 49.337 49.355 49.375 49.387 49.377 49.415 49.42 49.472 49.507 49.582 49.602 49.615 49.682 49.685 49.722 49.787 49.772 49.795 49.762 49.795 49.865 49.92 49.925 49.932 49.96 49.977 49.982 50.02 50.085 50.09 50.047 50.065 50.057 50.082 50.105 50.125 50.1 50.105 50.187 50.457 50.687 50.725 50.285 50.187 50.112 50.182 50.272 50.272 50.28 50.302 50.317 50.362 50.417 50.462 50.445 50.46 50.47 50.472 50.465 50.527 50.482 50.475 50.437 50.452 50.43 50.392 50.367 50.342 50.342
49.425 49.402 49.407 49.442 49.505 49.572 49.592 49.685 49.675 49.667 49.712 49.765 49.82 49.782 49.785 49.787 49.78 49.832 49.867 49.845 49.852 49.857 49.892 49.937 49.952 49.932 49.922 49.92 49.972 49.987 50.01 50.027 50.042 50.215 50.572 50.545 50.777 51.07 51.237 51.462 51.732 51.82 51.765 51.05 50.217 50.17 50.202 50.372 50.492 50.602 50.6 50.612 50.597 50.522 50.542 50.65 50.927 51.102 51.27 51.412 51.51 51.375 51.73 51.57 51.63 51.475 51.56 51.625 51.295 51.305 51.315
49.672 49.65 49.662 49.685 49.747 49.715 49.75 49.802 49.822 49.825 49.815 49.847 49.862 49.85 49.802 49.802 49.792 49.807 49.79 49.815 49.81 49.827 49.805 49.87 49.875 49.9 50.122 50.49 50.69 50.86 50.967 51.207 51.695 51.815 51.975 51.815 51.527 51.717 51.68 51.287 51.015 50.825 50.472 50.33 50.575 51.172 50.895 51.362 51.277 51.442 51.29 51.457 51.83 51.44 50.732 51.065 52.267 52.29 52.572 52.43 52.252 52.025 51.94 51.56 51.757 51.952 52.002 51.94 51.745 51.737 52.11
49.787 49.737 49.727 49.735 49.827 49.81 49.845 49.87 49.832 49.815 49.772 49.805 49.787 49.77 49.712 49.702 49.697 49.757 50.01 50.172 50.512 50.665 50.935 51.072 51.502 51.41 51.74 51.697 51.605 51.537 51.19 51.162 51.155 51.04 50.995 50.802 50.715 50.66 50.582 50.58 50.57 50.502 50.39 50.425 51.345 51.54 51.775 51.51 51.915 51.552 51.65 51.33 51.142 50.992 50.712 50.7 50.672 50.682 50.91 50.82 50.752 50.657 50.672 50.632 50.652 50.605 50.545 50.462 50.46 50.487 50.487
49.735 49.787 49.772 49.747 49.762 49.762 49.747 49.732 49.732 49.677 49.68 49.707 49.87 50.137 50.527 50.81 50.995 51.565 51.625 51.657 51.76 51.757 51.667 51.58 51.197 51.062 50.955 50.705 50.62 50.63 50.602 50.56 50.57 50.607 50.632 50.592 50.607 50.6 50.615 50.575 50.545 50.557 50.537 50.51 50.732 50.862 50.785 50.757 50.772 50.76 50.765 50.782 50.712 50.732 50.757 50.682 50.667 50.645 50.632 50.62 50.602 50.62 50.662 50.635 50.577 50.567 50.515 50.5 50.482 50.447 50.387
49.655 49.69 49.68 49.69 49.935 49.905 49.807 50.335 50.46 50.815 50.97 51.34 51.462 51.555 51.525 51.177 51.185 51.087 50.947 50.86 50.722 50.68 50.637 50.63 50.615 50.615 50.635 50.582 50.565 50.54 50.54 50.5 50.56 50.56 50.567 50.595 50.597 50.637 50.655 50.602 50.632 50.715 50.687 50.665 50.747 50.73 50.702 50.732 50.755 50.715 50.707 50.692 50.73 50.785 50.772 50.69 50.657 50.632 50.635 50.647 50.665 50.7 50.697 50.69 50.65 50.587 50.532 50.485 50.477 50.477 50.427
50.322 50.65 50.635 51.12 51.175 51.192 51.422 51.497 51.532 51.262 50.955 50.902 50.792 50.585 50.525 50.485 50.547 50.542 50.512 50.547 50.55 50.57 50.582 50.565 50.587 50.597 50.607 50.63 50.63 50.66 50.68 50.695 50.702 50.722 50.742 50.78 50.795 50.8 50.78 50.72 50.777 50.877 50.802 50.752 50.762 50.795 50.84 50.822 50.742 50.7 50.737 50.71 50.767 50.8 50.845 50.747 50.725 50.73 50.727 50.717 50.767 50.8 50.8 50.777 50.707 50.66 50.562 50.5 50.52 50.487 50.45
50.78 50.785 50.695 50.457 50.572 50.542 50.605 50.487 50.482 50.5 50.475 50.467 50.465 50.452 50.42 50.435 50.485 50.51 50.527 50.54 50.575 50.587 50.605 50.64 50.67 50.697 50.682 50.742 50.777 50.785 50.785 50.827 50.842 50.877 50.932 50.9 50.877 50.857 50.842 50.87 50.945 51.002 50.902 50.88 50.932 50.875 50.932 50.885 50.82 50.81 50.832 50.84 50.91 50.917 50.895 50.825 50.755 50.745 50.745 50.782 50.787 50.795 50.795 50.747 50.722 50.612 50.547 50.537 50.51 50.472 50.457
50.312 50.37 50.382 50.387 50.405 50.405 50.41 50.412 50.41 50.382 50.395 50.407 50.45 50.47 50.525 50.567 50.602 50.632 50.63 50.66 50.68 50.695 50.71 50.732 50.697 50.74 50.79 50.76 50.82 50.857 50.832 50.857 50.89 50.917 50.96 50.94 50.942 50.982 50.92 50.942 51.002 50.98 50.92 50.885 50.95 50.865 50.962 50.94 50.89 50.942 50.922 50.94 50.982 50.965 50.945 50.92 50.84 50.785 50.772 50.782 50.795 50.81 50.795 50.76 50.745 50.727 50.632 50.562 50.495 50.457 50.44
50.28 50.307 50.327 50.35 50.375 50.41 50.407 50.43 50.447 50.485 50.542 50.562 50.59 50.617 50.632 50.662 50.665 50.71 50.717 50.722 50.712 50.75 50.747 50.807 50.825 50.815 50.832 50.765 50.785 50.835 50.82 50.88 50.935 50.94 50.977 50.972 50.982 50.95 50.872 50.93 50.99 50.92 50.97 50.972 51.02 50.922 50.932 50.962 50.905 50.895 50.955 50.935 50.942 50.96 50.94 50.927 50.92 50.867 50.867 50.852 50.882 50.885 50.852 50.86 50.832 50.79 50.715 50.675 50.642 50.557 50.462
50.312 50.357 50.41 50.437 50.475 50.492 50.507 50.585 50.54 50.577 50.647 50.662 50.707 50.697 50.705 50.725 50.735 50.732 50.805 50.775 50.767 50.747 50.745 50.79 50.84 50.872 50.835 50.792 50.835 50.827 50.832 50.887 50.95 50.937 50.977 50.947 50.945 50.96 50.96 50.945 50.932 51.005 51.077 51.01 51.03 51.002 50.925 50.995 50.962 50.92 50.975 50.992 50.93 50.962 51.007 50.992 50.935 50.94 50.952 50.95 50.932 50.942 50.875 50.862 50.847 50.8 50.752 50.73 50.67 50.567 50.472
50.422 50.487 50.525 50.59 50.607 50.625 50.637 50.66 50.66 50.682 50.687 50.692 50.707 50.69 50.725 50.76 50.772 50.772 50.815 50.775 50.765 50.752 50.722 50.775 50.81 50.777 50.815 50.827 50.805 50.827 50.842 50.907 50.967 51.005 51.042 51.052 51.025 51.037 51.085 51.007 50.995 51.03 51.122 51.105 51.087 51.025 50.937 51.032 50.985 50.97 50.98 51.01 51.015 51.037 51.062 50.987 50.995 51.032 51.065 50.987 50.957 50.932 50.907 50.912 50.882 50.802 50.742 50.682 50.602 50.53 50.467
50.5 50.547 50.57 50.607 50.642 50.66 50.637 50.677 50.687 50.722 50.737 50.705 50.655 50.69 50.68 50.71 50.732 50.755 50.782 50.77 50.792 50.785 50.795 50.827 50.802 50.845 50.897 50.815 50.832 50.892 50.97 51.005 51.02 51.035 51.07 51.092 51.132 51.105 51.097 51.077 51.017 51.03 51.08 51.097 51.077 51.08 50.965 51.037 51.047 51.052 51.05 51.055 51.087 51.055 51.065 51.085 51.12 51.117 51.137 51.05 51 50.985 50.947 50.912 50.87 50.755 50.69 50.657 50.632 50.572 50.575
50.557 50.55 50.587 50.622 50.655 50.645 50.657 50.652 50.625 50.687 50.677 50.69 50.705 50.717 50.717 50.71 50.725 50.822 50.827 50.88 50.847 50.892 50.92 50.892 50.912 50.927 50.947 50.92 50.87 50.962 50.987 50.99 51.03 51.06 51.077 51.17 51.15 51.095 51.062 51.087 51.017 50.962 51.04 51.075 51.087 51.092 50.987 51.027 51.055 51.027 51.03 51.07 51.065 51.052 51.082 51.16 51.15 51.11 51.107 51.122 51.06 50.99 50.942 50.875 50.837 50.765 50.73 50.747 50.71 50.64 50.595
50.485 50.517 50.56 50.572 50.6 50.615 50.64 50.667 50.647 50.712 50.75 50.812 50.855 50.855 50.87 50.832 50.832 50.902 50.95 50.937 50.937 50.922 50.97 50.987 50.982 50.995 50.99 50.95 50.932 51.027 51.02 51.032 51.08 51.08 51.132 51.175 51.18 51.137 51.095 51.127 51.08 51 51.035 51.107 51.117 51.102 51.095 51.08 51.105 51.015 51.015 51.057 51.045 51.08 51.18 51.16 51.182 51.155 51.19 51.115 51.027 50.972 50.905 50.885 50.857 50.807 50.825 50.792 50.745 50.66 50.592
50.555 50.58 50.597 50.657 50.747 50.79 50.777 50.712 50.79 50.89 50.885 50.897 50.895 50.92 50.945 50.972 50.935 50.957 51.047 51.04 51.01 51.002 51.07 51.07 51.047 51.027 51.06 50.965 50.975 51.042 51.052 51.077 51.107 51.127 51.17 51.197 51.235 51.15 51.102 51.125 51.055 51.01 51.092 51.137 51.127 51.132 51.212 51.097 51.14 51.107 51.08 51.162 51.152 51.072 51.155 51.207 51.227 51.132 51.162 51.09 51.065 50.985 50.93 50.882 50.827 50.785 50.832 50.81 50.732 50.647 50.6
50.71 50.705 50.71 50.762 50.77 50.832 50.785 50.815 50.875 50.947 50.957 50.965 51.015 51.027 51.03 51.092 51.025 51.012 51.085 51.13 51.087 51.082 51.12 51.107 51.105 51.097 51.09 51.017 51.035 51.065 51.115 51.147 51.177 51.162 51.185 51.27 51.262 51.17 51.112 51.127 51.092 51.062 51.102 51.18 51.187 51.18 51.205 51.142 51.177 51.185 51.177 51.197 51.127 51.085 51.147 51.17 51.175 51.175 51.14 51.077 51.072 51.022 50.992 50.867 50.83 50.84 50.825 50.785 50.712 50.662 50.625
50.77 50.742 50.78 50.812 50.835 50.895 50.93 50.925 50.925 51 51.005 51.062 51.05 51.075 51.132 51.14 51.125 51.102 51.172 51.17 51.197 51.147 51.172 51.182 51.17 51.137 51.142 51.105 51.08 51.117 51.165 51.17 51.202 51.205 51.215 51.292 51.29 51.232 51.187 51.155 51.112 51.075 51.077 51.21 51.255 51.227 51.232 51.19 51.172 51.245 51.212 51.207 51.21 51.232 51.16 51.185 51.165 51.182 51.177 51.165 51.075 50.987 50.93 50.905 50.875 50.87 50.867 50.83 50.785 50.735 50.685
50.83 50.812 50.857 50.87 50.882 50.912 50.957 50.942 50.995 51.032 51.042 51.077 51.14 51.17 51.165 51.217 51.19 51.152 51.225 51.22 51.22 51.217 51.205 51.232 51.207 51.192 51.202 51.15 51.145 51.2 51.202 51.225 51.25 51.267 51.257 51.3 51.34 51.287 51.24 51.235 51.185 51.117 51.092 51.212 51.292 51.27 51.277 51.225 51.215 51.22 51.2 51.22 51.297 51.24 51.142 51.192 51.195 51.232 51.192 51.145 51.16 51.065 51.025 50.99 50.922 50.912 50.897 50.832 50.82 50.777 50.762
50.88 50.887 50.94 50.952 50.977 50.982 51.015 51.025 51.065 51.075 51.102 51.167 51.177 51.212 51.24 51.265 51.225 51.217 51.242 51.265 51.285 51.297 51.287 51.282 51.27 51.287 51.275 51.242 51.23 51.252 51.26 51.257 51.297 51.29 51.305 51.355 51.375 51.322 51.317 51.337 51.265 51.18 51.145 51.26 51.335 51.342 51.3 51.29 51.22 51.272 51.252 51.24 51.292 51.187 51.182 51.2 51.257 51.22 51.215 51.205 51.162 51.097 51.047 50.987 50.932 50.91 50.89 50.9 50.88 50.852 50.837
50.96 50.957 51.012 51.022 51.037 51.075 51.062 51.035 51.1 51.117 51.135 51.202 51.222 51.26 51.307 51.322 51.305 51.267 51.312 51.332 51.332 51.35 51.355 51.345 51.355 51.372 51.357 51.295 51.297 51.307 51.295 51.33 51.36 51.362 51.37 51.377 51.42 51.375 51.36 51.42 51.357 51.3 51.225 51.282 51.367 51.36 51.337 51.365 51.26 51.252 51.225 51.245 51.292 51.25 51.23 51.27 51.257 51.217 51.262 51.257 51.177 51.125 51.045 51.01 50.97 50.975 50.962 50.952 50.902 50.862 50.86
51.01 51.017 51.06 51.075 51.11 51.11 51.132 51.087 51.135 51.182 51.227 51.295 51.322 51.315 51.352 51.357 51.35 51.337 51.365 51.37 51.395 51.39 51.41 51.425 51.435 51.422 51.4 51.355 51.352 51.37 51.367 51.402 51.425 51.442 51.4 51.41 51.455 51.43 51.435 51.462 51.45 51.375 51.345 51.335 51.34 51.34 51.365 51.39 51.327 51.315 51.287 51.292 51.332 51.367 51.227 51.282 51.267 51.262 51.27 51.197 51.152 51.1 51.092 51.042 50.992 50.99 51 50.962 50.955 50.932 50.885
51.07 51.107 51.107 51.145 51.172 51.19 51.192 51.2 51.22 51.272 51.28 51.352 51.382 51.38 51.447 51.387 51.422 51.422 51.415 51.42 51.45 51.46 51.457 51.492 51.46 51.487 51.465 51.395 51.392 51.437 51.43 51.445 51.45 51.457 51.472 51.457 51.487 51.502 51.495 51.542 51.475 51.445 51.37 51.395 51.417 51.405 51.41 51.425 51.405 51.38 51.332 51.32 51.337 51.365 51.352 51.237 51.345 51.307 51.262 51.237 51.192 51.142 51.102 51.072 51.057 51.047 51.037 51.032 51.032 50.942 50.912
51.11 51.165 51.187 51.207 51.212 51.267 51.27 51.242 51.28 51.317 51.362 51.447 51.447 51.41 51.462 51.465 51.465 51.467 51.465 51.492 51.497 51.512 51.497 51.522 51.49 51.507 51.497 51.447 51.477 51.482 51.507 51.475 51.537 51.527 51.525 51.53 51.542 51.537 51.577 51.612 51.585 51.522 51.36 51.34 51.467 51.425 51.45 51.425 51.415 51.455 51.392 51.332 51.317 51.38 51.41 51.387 51.37 51.332 51.315 51.277 51.245 51.172 51.142 51.147 51.122 51.087 51.057 51.042 51.047 51.005 50.98
