All_lidar/sz6187_DSM_2M.asc
ncols 500
nrows 500
xllcorner    461000
yllcorner    87000
cellsize     2
NODATA_value -9999
[rows 272 to 305 of 500, columns 0 to 76 of 500]
6.454 6.594 6.561 6.386 6.266 6.154 6.114 6.121 6.089 6.059 6.049 6.019 6.024 5.991 5.951 5.904 5.894 5.814 5.836 5.839 5.814 5.794 5.764 5.734 5.719 5.646 5.661 5.626 5.601 5.589 5.576 5.546 5.509 5.474 5.429 5.394 5.384 5.344 5.311 5.266 5.239 5.201 5.169 5.154 5.114 5.091 5.029 4.969 4.906 4.901 4.911 4.879 4.869 4.839 4.806 4.866 4.989 5.324 5.914 5.121 4.816 4.834 4.844 4.776 4.719 4.689 4.634 4.606 4.594 4.524 4.516 4.509 4.534 4.511 4.459 4.394 6.509
6.214 6.589 6.666 6.574 6.329 6.239 6.196 6.171 6.139 6.116 6.094 6.066 6.046 6.041 5.976 5.949 5.926 5.884 5.871 5.909 5.871 5.846 5.796 5.786 5.776 5.716 5.714 5.681 5.671 5.659 5.624 5.569 5.549 5.509 5.449 5.446 5.416 5.391 5.339 5.284 5.264 5.259 5.209 5.184 5.161 5.119 5.061 5.024 4.974 4.969 4.994 4.949 4.926 4.884 4.871 4.899 7.349 5.464 6.474 4.811 4.851 4.884 4.889 4.824 4.749 4.719 4.716 4.684 4.631 4.574 4.579 4.581 4.594 4.549 4.524 4.436 6.199
5.879 6.436 6.661 6.691 6.449 6.306 6.266 6.219 6.201 6.184 6.171 6.139 6.099 6.089 6.086 6.009 5.951 5.916 5.929 5.949 5.924 5.904 5.846 5.831 5.834 5.771 5.739 5.726 5.706 5.676 5.641 5.606 5.574 5.526 5.481 5.471 5.454 5.414 5.386 5.344 5.296 5.254 5.239 5.239 5.236 5.189 5.131 5.089 5.046 5.059 5.071 4.996 4.986 4.941 4.929 4.994 6.659 6.899 5.526 4.879 4.919 4.951 4.946 4.881 4.849 4.834 4.809 4.771 4.711 4.696 4.671 4.656 4.651 4.634 4.599 4.491 7.549
5.609 6.189 6.621 6.704 6.761 6.456 6.361 6.264 6.271 6.244 6.234 6.204 6.149 6.119 6.104 6.054 6.009 5.971 6.009 5.989 5.964 5.934 5.929 5.891 5.884 5.806 5.784 5.754 5.724 5.694 5.671 5.654 5.611 5.559 5.516 5.529 5.501 5.474 5.451 5.406 5.371 5.354 5.319 5.324 5.316 5.261 5.194 5.136 5.099 5.111 5.136 5.076 5.024 4.994 5.004 5.056 6.791 6.734 5.339 4.971 4.994 5.029 5.054 4.979 4.936 4.896 4.831 4.831 4.781 4.754 4.764 4.741 4.719 4.716 4.636 4.711 7.801
5.561 5.849 6.474 6.694 6.784 6.539 6.391 6.354 6.301 6.279 6.294 6.269 6.246 6.186 6.149 6.096 6.069 5.994 6.026 6.026 5.976 5.971 5.934 5.949 5.901 5.844 5.824 5.794 5.776 5.721 5.714 5.671 5.656 5.616 5.576 5.561 5.574 5.536 5.504 5.466 5.444 5.431 5.394 5.391 5.369 5.321 5.281 5.219 5.189 5.174 5.176 5.144 5.091 5.074 5.079 5.229 7.369 7.354 5.369 5.039 5.106 5.116 5.109 5.036 5.039 5.009 4.919 4.876 4.836 4.816 4.816 4.794 4.804 4.774 4.701 5.171 7.991
5.479 5.611 6.219 6.721 6.946 6.961 6.479 6.404 6.351 6.366 6.364 6.346 6.296 6.254 6.204 6.169 6.096 6.044 6.049 6.034 5.996 6.036 5.981 5.961 5.944 5.904 5.861 5.826 5.814 5.794 5.771 5.729 5.706 5.649 5.646 5.631 5.601 5.591 5.561 5.534 5.501 5.481 5.446 5.446 5.449 5.381 5.306 5.274 5.269 5.266 5.271 5.214 5.176 5.114 5.139 5.194 8.419 7.931 7.831 5.071 5.139 5.266 5.289 5.141 5.091 5.071 4.969 4.964 4.909 4.904 4.889 4.869 4.846 4.829 4.751 4.899 7.734
5.429 5.521 5.896 6.539 6.836 6.896 6.519 6.504 6.419 6.394 6.401 6.376 6.359 6.329 6.289 6.221 6.146 6.094 6.094 6.066 6.046 6.046 6.036 6.019 5.989 5.924 5.919 5.894 5.889 5.826 5.806 5.779 5.739 5.691 5.694 5.674 5.651 5.661 5.629 5.604 5.544 5.509 5.521 5.516 5.506 5.439 5.389 5.336 5.326 5.339 5.334 5.259 5.241 5.186 5.219 5.284 6.229 7.046 7.031 5.159 5.206 5.439 5.731 5.209 5.159 5.144 5.024 5.016 4.979 4.986 4.946 4.929 4.889 4.854 4.821 4.746 5.921
5.376 5.471 5.676 6.214 6.744 6.799 6.606 6.529 6.501 6.459 6.449 6.449 6.424 6.364 6.336 6.266 6.229 6.154 6.156 6.154 6.109 6.061 6.074 6.054 6.034 5.971 5.959 5.946 5.941 5.891 5.851 5.829 5.779 5.781 5.756 5.731 5.706 5.694 5.681 5.659 5.634 5.574 5.596 5.596 5.556 5.489 5.429 5.416 5.391 5.404 5.376 5.334 5.291 5.271 5.309 5.369 7.506 5.654 5.771 5.276 5.296 5.579 5.501 5.241 5.249 5.201 5.126 5.084 5.049 5.034 5.006 4.986 4.934 4.931 4.881 4.861 6.471
5.486 5.399 5.534 5.919 6.589 6.839 6.794 6.824 6.584 6.544 6.499 6.471 6.469 6.411 6.386 6.331 6.286 6.249 6.209 6.189 6.139 6.146 6.139 6.126 6.084 6.024 6.006 6.006 5.996 5.949 5.929 5.879 5.851 5.811 5.829 5.774 5.774 5.769 5.736 5.706 5.666 5.666 5.666 5.654 5.616 5.539 5.484 5.451 5.464 5.461 5.446 5.384 5.346 5.334 5.386 5.459 6.894 7.351 5.326 5.364 5.394 5.439 5.416 5.374 5.329 5.264 5.179 5.154 5.099 5.099 5.056 5.031 5.006 5.001 4.961 4.931 7.546
5.801 5.351 5.434 5.746 6.361 6.774 7.436 7.286 6.661 6.606 6.589 6.529 6.529 6.511 6.446 6.409 6.341 6.321 6.271 6.226 6.206 6.181 6.184 6.174 6.136 6.089 6.074 6.066 6.054 5.994 5.976 5.939 5.901 5.886 5.871 5.844 5.836 5.829 5.796 5.769 5.719 5.716 5.719 5.726 5.656 5.599 5.549 5.519 5.539 5.554 5.524 5.431 5.406 5.431 5.461 5.811 7.309 7.791 5.384 5.451 5.466 5.496 5.471 5.424 5.406 5.331 5.251 5.186 5.174 5.184 5.126 5.079 5.051 5.036 5.001 5.166 8.051
6.351 5.486 5.434 5.596 6.001 6.721 7.404 7.534 6.869 6.706 6.654 6.614 6.601 6.594 6.554 6.499 6.436 6.399 6.339 6.311 6.276 6.264 6.261 6.241 6.179 6.121 6.221 6.121 6.109 6.056 6.029 6.006 5.969 5.954 5.924 5.899 5.884 5.879 5.861 5.836 5.769 5.774 5.809 5.771 5.734 5.669 5.624 5.609 5.616 5.631 5.574 5.519 5.481 5.489 5.556 5.684 7.776 7.246 5.464 5.536 5.571 5.579 5.531 5.504 5.436 5.391 5.304 5.264 5.241 5.226 5.194 5.171 5.124 5.091 5.046 5.934 7.916
6.584 5.789 5.369 5.491 5.739 6.526 7.291 7.296 7.429 6.804 6.729 6.699 6.691 6.689 6.666 6.626 6.561 6.514 6.451 6.381 6.319 6.301 6.301 6.279 6.251 6.171 6.169 6.164 6.159 6.119 6.084 6.039 6.024 5.999 6.001 5.951 5.946 5.951 5.921 5.874 5.844 5.849 5.851 5.849 5.801 5.739 5.676 5.669 5.679 5.704 5.651 5.619 5.569 5.579 5.641 6.304 8.209 6.696 5.564 5.631 5.656 5.649 5.594 5.549 5.494 5.459 5.391 5.331 5.296 5.271 5.266 5.206 5.171 5.124 5.094 5.454 7.556
6.799 6.271 5.394 5.376 5.531 6.124 6.966 7.069 7.451 6.921 6.789 6.784 6.786 6.754 6.749 6.689 6.651 6.589 6.544 6.459 6.386 6.389 6.406 6.371 6.314 6.221 6.229 6.241 6.204 6.159 6.146 6.119 6.079 6.059 6.064 6.026 6.024 6.029 6.006 5.929 5.906 5.926 5.931 5.914 5.859 5.789 5.774 5.739 5.766 5.774 5.726 5.679 5.644 5.651 5.731 6.684 8.384 6.069 5.656 5.701 5.706 5.694 5.621 5.621 5.549 5.511 5.444 5.434 5.376 5.346 5.291 5.244 5.221 5.166 5.141 5.131 7.706
6.886 6.626 5.666 5.391 5.464 5.859 6.579 7.099 7.211 7.186 6.844 6.844 6.831 6.819 6.814 6.774 6.754 6.689 6.621 6.561 6.471 6.476 6.541 6.434 6.379 6.311 6.284 6.284 6.279 6.226 6.194 6.174 6.146 6.146 6.136 6.101 6.091 6.106 6.076 6.011 5.989 5.991 6.006 5.991 5.941 5.881 5.814 5.806 5.831 5.824 5.786 5.731 5.716 5.746 5.801 6.121 7.049 6.041 5.739 5.811 5.776 5.764 5.696 5.669 5.641 5.574 5.546 5.446 5.429 5.411 5.371 5.306 5.271 5.209 5.184 5.146 7.311
6.989 6.661 6.116 5.439 5.376 5.571 6.204 6.951 7.169 7.326 6.924 6.881 6.899 6.909 6.861 6.851 6.819 6.779 6.716 6.644 6.601 6.569 6.551 6.529 6.436 6.379 6.369 6.389 6.331 6.284 6.296 6.246 6.209 6.191 6.191 6.184 6.149 6.161 6.139 6.079 6.064 6.059 6.079 6.056 6.004 5.919 5.901 5.876 5.876 5.911 5.856 5.819 5.789 5.816 5.894 6.001 7.501 5.936 5.844 5.856 5.826 5.831 5.799 5.749 5.734 5.636 5.604 5.566 5.529 5.484 5.439 5.386 5.321 5.271 5.234 5.199 5.634
7.211 6.771 6.381 5.644 5.344 5.451 5.879 6.576 7.119 7.264 7.059 6.916 6.949 6.976 6.944 6.931 6.914 6.864 6.806 6.751 6.689 6.634 6.614 6.606 6.526 6.456 6.444 6.441 6.416 6.376 6.336 6.301 6.256 6.251 6.239 6.229 6.254 6.256 6.226 6.164 6.156 6.171 6.164 6.136 6.044 5.986 5.959 5.956 5.966 5.959 5.924 5.889 5.846 5.886 6.121 6.909 8.354 6.419 5.886 5.904 5.901 5.909 5.866 5.824 5.771 5.729 5.666 5.606 5.586 5.569 5.496 5.404 5.386 5.344 5.299 5.246 5.374
7.299 6.981 6.521 5.974 5.291 5.389 5.681 6.289 6.909 7.196 7.146 6.991 6.986 7.004 7.019 6.999 6.976 6.936 6.954 6.854 6.799 6.756 6.696 6.684 6.606 6.531 6.514 6.526 6.511 6.464 6.419 6.366 6.336 6.339 6.321 6.306 6.331 6.324 6.286 6.206 6.211 6.239 6.231 6.184 6.099 6.056 6.009 6.031 6.031 6.019 5.996 5.951 5.891 5.961 6.001 7.869 8.144 5.936 5.941 5.961 5.984 5.954 5.921 5.896 5.834 5.804 5.734 5.664 5.614 5.596 5.541 5.474 5.431 5.381 5.336 5.301 5.521
7.229 7.264 6.756 6.206 5.454 5.359 5.546 5.949 6.641 7.141 7.314 7.116 6.994 7.029 7.059 7.029 7.011 6.994 6.981 6.931 6.911 6.861 6.851 6.791 6.731 6.654 6.629 6.611 6.596 6.559 6.496 6.441 6.419 6.419 6.401 6.374 6.386 6.389 6.326 6.286 6.274 6.306 6.284 6.241 6.166 6.104 6.076 6.084 6.081 6.079 6.069 6.001 5.979 6.019 6.071 9.226 8.286 6.029 6.001 6.031 6.041 6.064 6.001 5.946 5.896 5.841 5.761 5.729 5.689 5.651 5.594 5.534 5.479 5.421 5.371 5.331 5.506
7.291 7.349 7.064 6.504 5.831 5.369 5.406 5.686 6.351 6.999 7.331 7.344 7.051 7.046 7.084 7.096 7.079 7.071 7.026 6.986 6.966 6.954 6.966 6.936 6.839 6.781 6.746 6.739 6.716 6.664 6.589 6.539 6.501 6.481 6.476 6.481 6.461 6.446 6.406 6.326 6.364 6.381 6.356 6.291 6.219 6.176 6.141 6.151 6.189 6.151 6.096 6.069 6.046 6.086 6.104 8.216 8.476 6.199 6.096 6.109 6.134 6.126 6.094 6.039 5.966 5.936 5.829 5.781 5.739 5.696 5.689 5.631 5.529 5.476 5.444 5.381 5.346
7.414 7.286 7.191 6.766 6.186 5.429 5.359 5.534 6.029 6.819 7.254 7.334 7.124 7.074 7.094 7.129 7.136 7.134 7.079 7.056 7.064 7.054 7.044 7.021 6.969 6.919 6.859 6.824 6.804 6.746 6.809 6.596 6.571 6.559 6.551 6.534 6.516 6.521 6.456 6.394 6.429 6.419 6.384 6.339 6.279 6.229 6.206 6.204 6.251 6.214 6.166 6.144 6.141 6.184 6.379 8.226 7.129 6.131 6.169 6.176 6.161 6.161 6.151 6.109 6.036 6.001 5.911 5.859 5.786 5.764 5.689 5.639 5.584 5.521 5.486 5.454 5.381
7.524 7.391 7.294 7.071 6.411 5.581 5.324 5.446 5.769 6.496 7.124 7.391 7.286 7.141 7.124 7.141 7.149 7.156 7.129 7.129 7.129 7.121 7.126 7.116 7.061 6.991 6.969 6.924 6.884 6.819 6.749 6.689 6.659 6.649 6.611 6.599 6.596 6.579 6.546 6.464 6.456 6.486 6.441 6.399 6.344 6.274 6.289 6.281 6.284 6.271 6.216 6.209 6.204 6.289 7.034 7.759 6.966 6.239 6.271 6.256 6.244 6.216 6.176 6.111 6.071 6.009 5.959 5.909 5.849 5.809 5.731 5.704 5.644 5.591 5.551 5.501 5.399
7.621 7.601 7.551 7.204 6.636 6.014 5.324 5.374 5.601 6.191 7.106 7.674 7.809 7.301 7.174 7.141 7.146 7.156 7.161 7.179 7.196 7.169 7.171 7.194 7.141 7.081 7.049 7.041 7.006 6.929 6.836 6.786 6.751 6.719 6.696 6.676 6.671 6.634 6.599 6.536 6.546 6.586 6.526 6.469 6.409 6.359 6.334 6.349 6.369 6.336 6.289 6.291 6.281 6.389 7.349 7.609 6.879 6.276 6.324 6.314 6.276 6.281 6.239 6.164 6.154 6.074 5.994 5.941 5.881 5.836 5.774 5.754 5.694 5.649 5.576 5.556 5.454
7.749 7.781 7.741 7.454 6.954 6.276 5.459 5.289 5.489 5.906 6.801 7.316 7.694 7.966 7.249 7.194 7.146 7.151 7.171 7.191 7.216 7.199 7.181 7.196 7.154 7.151 7.124 7.101 7.074 6.994 6.921 6.884 6.839 6.824 6.786 6.776 6.764 6.731 6.666 6.631 6.649 6.649 6.606 6.526 6.471 6.456 6.439 6.434 6.451 6.409 6.394 6.354 6.381 6.434 6.666 7.046 6.564 6.376 6.429 6.381 6.369 6.351 6.284 6.229 6.176 6.121 6.041 5.994 5.951 5.889 5.846 5.789 5.731 5.664 5.604 5.589 5.506
8.391 7.814 7.771 7.789 7.399 6.594 5.739 5.241 5.366 5.651 6.329 7.104 7.979 7.781 7.371 7.221 7.191 7.166 7.151 7.199 7.251 7.246 7.226 7.251 7.201 7.171 7.186 7.171 7.156 7.081 7.031 6.984 6.956 6.934 6.904 6.909 6.891 6.839 6.801 6.719 6.736 6.729 6.704 6.616 6.569 6.536 6.524 6.534 6.524 6.496 6.439 6.454 6.479 6.516 7.146 7.521 6.619 6.441 6.484 6.471 6.419 6.391 6.324 6.281 6.201 6.144 6.094 6.036 5.989 5.924 5.889 5.814 5.754 5.721 5.666 5.594 5.559
8.689 8.069 7.861 8.016 7.734 6.951 6.101 5.296 5.341 5.529 5.996 6.979 8.296 8.696 8.524 7.284 7.219 7.181 7.184 7.209 7.264 7.289 7.276 7.294 7.284 7.259 7.249 7.269 7.229 7.164 7.111 7.104 7.069 7.074 7.039 7.041 6.999 6.936 6.911 6.834 6.851 6.841 6.794 6.721 6.661 6.639 6.621 6.621 6.604 6.584 6.539 6.521 6.546 6.609 8.699 8.679 6.571 6.514 6.526 6.516 6.469 6.419 6.341 6.334 6.259 6.206 6.119 6.096 6.039 5.969 5.921 5.836 5.784 5.731 5.661 5.621 5.599
8.726 8.294 7.849 7.714 7.901 7.194 6.436 5.441 5.281 5.419 5.734 6.791 8.164 9.514 9.159 7.531 7.294 7.249 7.261 7.251 7.279 7.349 7.311 7.316 7.326 7.301 7.311 7.339 7.316 7.259 7.216 7.159 7.166 7.184 7.154 7.164 7.099 7.076 7.026 6.964 6.981 6.974 6.914 6.854 6.781 6.756 6.716 6.721 6.696 6.679 6.644 6.614 6.649 6.684 8.676 7.826 6.564 6.604 6.606 6.584 6.534 6.456 6.414 6.384 6.276 6.256 6.189 6.121 6.081 6.021 5.954 5.869 5.806 5.769 5.706 5.664 5.631
8.131 8.704 8.221 7.701 8.296 7.656 6.719 5.699 5.281 5.304 5.534 6.366 7.839 8.199 8.371 7.999 7.351 7.316 7.336 7.319 7.329 7.386 7.389 7.349 7.371 7.351 7.374 7.384 7.386 7.329 7.294 7.254 7.244 7.256 7.286 7.254 7.226 7.181 7.141 7.114 7.116 7.094 7.026 6.969 6.904 6.894 6.861 6.854 6.821 6.811 6.771 6.741 6.749 6.874 8.336 7.479 6.621 6.631 6.636 6.654 6.584 6.539 6.474 6.439 6.361 6.259 6.211 6.161 6.094 6.046 5.996 5.916 5.854 5.809 5.766 5.674 5.679
7.929 9.491 7.981 7.709 7.596 9.056 7.076 5.956 5.329 5.271 5.406 5.934 7.709 8.081 8.231 7.836 7.404 7.374 7.409 7.396 7.399 7.421 7.441 7.404 7.424 7.411 7.404 7.421 7.449 7.424 7.371 7.349 7.346 7.356 7.379 7.369 7.341 7.294 7.276 7.269 7.244 7.209 7.139 7.099 7.039 7.011 6.996 6.956 6.924 6.894 6.869 6.861 6.874 7.471 8.979 7.876 6.706 6.739 6.721 6.676 6.656 6.616 6.524 6.494 6.399 6.316 6.276 6.211 6.159 6.106 6.046 5.981 5.939 5.846 5.834 5.729 5.651
7.781 9.786 8.546 8.136 8.656 8.401 8.789 6.259 5.476 5.229 5.296 5.659 7.171 8.094 7.856 8.004 7.686 7.451 7.491 7.491 7.476 7.466 7.509 7.479 7.479 7.481 7.461 7.479 7.484 7.454 7.429 7.416 7.399 7.424 7.451 7.436 7.434 7.399 7.386 7.371 7.361 7.329 7.266 7.209 7.164 7.129 7.109 7.069 7.019 6.979 6.999 7.001 6.999 7.821 9.226 7.594 6.796 6.779 6.769 6.729 6.701 6.671 6.586 6.514 6.444 6.344 6.319 6.249 6.216 6.154 6.079 6.014 5.989 5.919 5.866 5.799 5.686
7.859 8.636 8.586 7.886 7.974 7.696 8.679 6.834 5.689 5.176 5.279 5.481 6.604 8.131 7.859 7.999 8.259 7.584 7.531 7.564 7.564 7.531 7.559 7.546 7.531 7.529 7.509 7.549 7.511 7.501 7.469 7.434 7.439 7.476 7.486 7.501 7.486 7.466 7.444 7.449 7.441 7.401 7.346 7.304 7.264 7.231 7.221 7.206 7.139 7.091 7.074 7.089 7.101 8.294 8.986 7.081 6.821 6.839 6.846 6.816 6.769 6.694 6.624 6.574 6.494 6.431 6.361 6.334 6.274 6.219 6.141 6.069 6.029 5.966 5.904 5.849 5.766
7.914 7.929 10.351 8.659 8.389 8.331 9.571 9.739 5.986 5.319 5.264 5.391 5.984 7.494 8.096 8.136 8.209 7.684 7.594 7.664 7.676 7.659 7.659 7.636 7.616 7.599 7.574 7.571 7.566 7.539 7.496 7.491 7.506 7.529 7.539 7.531 7.514 7.524 7.511 7.499 7.506 7.471 7.426 7.396 7.349 7.346 7.296 7.266 7.196 7.186 7.181 7.164 7.194 8.081 8.206 7.179 6.896 6.884 6.939 6.874 6.814 6.759 6.681 6.646 6.541 6.499 6.471 6.391 6.331 6.239 6.191 6.131 6.069 5.979 5.966 5.881 5.801
7.971 7.936 9.266 8.276 8.076 7.966 8.371 7.654 6.236 5.594 5.206 5.324 5.576 7.009 7.929 8.206 8.131 7.766 7.631 7.681 7.734 7.756 7.724 7.731 7.711 7.676 7.659 7.634 7.639 7.564 7.549 7.534 7.549 7.574 7.584 7.591 7.571 7.576 7.569 7.566 7.559 7.534 7.511 7.436 7.416 7.371 7.341 7.311 7.266 7.279 7.276 7.249 7.291 8.539 8.069 7.091 6.954 6.959 6.986 6.894 6.896 6.814 6.709 6.646 6.631 6.569 6.524 6.464 6.386 6.286 6.244 6.161 6.124 6.031 5.986 5.944 5.834
8.069 8.034 8.321 8.736 8.144 8.014 7.809 7.346 7.381 5.836 5.229 5.269 5.459 6.369 7.731 8.126 8.111 7.984 7.711 7.724 7.769 7.806 7.786 7.781 7.781 7.759 7.724 7.694 7.681 7.616 7.596 7.611 7.614 7.626 7.644 7.631 7.641 7.624 7.611 7.621 7.609 7.596 7.561 7.521 7.464 7.419 7.401 7.394 7.374 7.361 7.331 7.309 7.444 9.151 8.734 7.114 7.076 7.031 6.981 6.959 6.929 6.801 6.654 6.566 6.571 6.536 6.514 6.474 6.394 6.349 6.254 6.201 6.139 6.054 6.006 5.951 5.891
8.164 8.114 8.544 8.481 8.166 8.136 8.386 7.446 8.279 7.101 5.389 5.244 5.356 5.649 6.859 7.764 7.874 8.024 7.789 7.784 7.844 7.869 7.859 7.846 7.836 7.851 7.804 7.756 7.734 7.689 7.651 7.656 7.689 7.676 7.679 7.676 7.671 7.674 7.636 7.636 7.654 7.624 7.609 7.546 7.504 7.489 7.456 7.461 7.429 7.394 7.359 7.341 8.956 8.966 8.691 7.174 7.194 7.166 7.059 6.979 6.899 6.669 6.541 6.494 6.514 6.506 6.489 6.459 6.421 6.386 6.304 6.234 6.159 6.071 6.021 5.954 5.909
