All_lidar/sz6188_DSM_2M.asc
ncols 500
nrows 500
xllcorner    461000
yllcorner    88000
cellsize     2
NODATA_value -9999
[rows 442 to 475 of 500, columns 385 to 461 of 500]
0.301 0.484 0.616 0.569 0.601 0.714 0.699 0.686 0.516 0.414 0.516 0.526 0.509 0.504 0.451 0.399 0.389 0.384 0.409 0.394 0.356 0.374 0.389 0.521 1.139 1.771 1.996 1.601 1.056 0.366 0.284 0.284 0.324 0.341 0.354 0.459 0.459 0.456 0.464 0.506 0.489 0.469 0.461 0.434 0.424 0.426 0.391 0.441 0.481 0.486 0.486 0.496 0.479 0.466 0.456 0.476 0.469 0.484 0.509 0.496 0.509 0.521 0.504 0.496 0.529 0.484 0.466 0.454 0.391 0.354 0.359 0.324 0.299 0.306 0.219 0.114 0.134
0.346 0.554 0.634 0.529 0.554 0.686 0.696 0.646 0.469 0.441 0.529 0.544 0.524 0.514 0.479 0.466 0.444 0.411 0.439 0.419 0.394 0.486 0.359 0.581 1.191 1.809 1.899 1.466 0.816 0.389 0.264 0.226 0.281 0.309 0.309 0.391 0.399 0.394 0.436 0.469 0.469 0.436 0.401 0.459 0.459 0.436 0.426 0.441 0.479 0.484 0.506 0.529 0.469 0.504 0.499 0.526 0.486 0.496 0.499 0.481 0.521 0.521 0.489 0.499 0.509 0.481 0.461 0.444 0.391 0.369 0.319 0.311 0.284 0.229 0.139 0.121 0.179
0.541 0.641 0.659 0.559 0.554 0.694 0.726 0.636 0.459 0.461 0.504 0.504 0.471 0.409 0.349 0.366 0.331 0.369 0.416 0.414 0.336 0.509 0.374 0.574 1.204 1.761 1.886 1.596 1.124 0.359 0.264 0.256 0.244 0.296 0.311 0.344 0.354 0.381 0.374 0.404 0.414 0.446 0.441 0.446 0.469 0.491 0.474 0.484 0.514 0.546 0.546 0.544 0.506 0.536 0.529 0.531 0.514 0.531 0.521 0.506 0.509 0.461 0.486 0.496 0.519 0.486 0.439 0.434 0.396 0.401 0.349 0.319 0.299 0.176 0.159 0.224 0.221
0.646 0.701 0.639 0.504 0.581 0.671 0.706 0.686 0.521 0.386 0.406 0.436 0.416 0.311 0.241 0.299 0.316 0.331 0.334 0.294 0.341 0.324 0.301 0.596 1.166 1.721 1.849 1.716 0.776 0.376 0.279 0.256 0.301 0.299 0.311 0.324 0.336 0.344 0.369 0.376 0.394 0.399 0.459 0.486 0.486 0.524 0.514 0.544 0.574 0.589 0.579 0.584 0.549 0.541 0.534 0.519 0.514 0.519 0.531 0.516 0.561 0.524 0.551 0.531 0.501 0.484 0.444 0.431 0.419 0.396 0.389 0.326 0.301 0.179 0.189 0.281 0.251
0.666 0.641 0.544 0.491 0.579 0.714 0.749 0.724 0.591 0.394 0.369 0.394 0.391 0.326 0.249 0.266 0.326 0.324 0.299 0.246 0.251 0.329 0.329 0.589 1.144 1.684 1.829 2.249 2.359 0.366 0.254 0.281 0.329 0.334 0.351 0.336 0.346 0.349 0.374 0.409 0.421 0.416 0.441 0.471 0.484 0.521 0.504 0.506 0.564 0.596 0.586 0.549 0.564 0.549 0.561 0.509 0.519 0.509 0.531 0.509 0.539 0.511 0.524 0.526 0.496 0.484 0.446 0.409 0.394 0.376 0.349 0.344 0.281 0.154 0.241 0.311 0.281
0.596 0.514 0.481 0.484 0.551 0.614 0.696 0.744 0.679 0.524 0.394 0.409 0.391 0.359 0.316 0.321 0.386 0.371 0.326 0.244 0.219 0.364 0.269 0.599 1.124 1.656 1.889 2.919 4.104 0.576 0.276 0.314 0.349 0.366 0.366 0.329 0.344 0.361 0.351 0.379 0.439 0.431 0.446 0.451 0.484 0.536 0.511 0.471 0.494 0.566 0.566 0.589 0.576 0.531 0.556 0.539 0.539 0.491 0.504 0.531 0.519 0.536 0.526 0.516 0.521 0.471 0.456 0.406 0.396 0.356 0.336 0.334 0.209 0.211 0.304 0.324 0.331
0.511 0.461 0.471 0.506 0.521 0.549 0.651 0.729 0.711 0.651 0.439 0.354 0.359 0.406 0.431 0.481 0.491 0.446 0.394 0.284 0.241 0.336 0.386 0.546 1.119 1.576 1.814 1.781 1.114 0.389 0.271 0.319 0.371 0.386 0.356 0.356 0.381 0.379 0.361 0.361 0.406 0.434 0.471 0.464 0.456 0.466 0.481 0.489 0.494 0.554 0.566 0.561 0.561 0.554 0.521 0.519 0.504 0.471 0.521 0.526 0.529 0.536 0.526 0.526 0.506 0.489 0.439 0.439 0.399 0.389 0.311 0.294 0.189 0.271 0.324 0.334 0.364
0.466 0.459 0.509 0.594 0.566 0.524 0.611 0.706 0.709 0.709 0.554 0.384 0.321 0.341 0.414 0.491 0.466 0.496 0.474 0.399 0.339 0.374 0.354 0.411 1.059 2.029 2.261 1.779 1.771 0.441 0.294 0.316 0.346 0.366 0.384 0.401 0.414 0.396 0.379 0.364 0.394 0.421 0.461 0.486 0.484 0.479 0.489 0.529 0.499 0.516 0.544 0.584 0.604 0.601 0.569 0.521 0.514 0.524 0.521 0.541 0.554 0.556 0.534 0.521 0.504 0.479 0.476 0.464 0.434 0.376 0.304 0.254 0.191 0.306 0.329 0.334 0.346
0.471 0.529 0.551 0.574 0.586 0.579 0.641 0.689 0.721 0.709 0.579 0.414 0.334 0.301 0.384 0.434 0.494 0.494 0.499 0.461 0.366 0.306 0.374 0.476 1.181 4.824 3.091 1.866 2.206 0.509 0.291 0.309 0.336 0.324 0.384 0.429 0.449 0.409 0.404 0.364 0.416 0.434 0.461 0.491 0.506 0.509 0.521 0.529 0.539 0.541 0.556 0.599 0.601 0.586 0.604 0.549 0.541 0.566 0.554 0.504 0.534 0.536 0.506 0.529 0.534 0.519 0.481 0.451 0.411 0.376 0.304 0.246 0.201 0.326 0.349 0.389 0.359
0.469 0.539 0.551 0.536 0.539 0.601 0.636 0.674 0.694 0.676 0.559 0.419 0.389 0.394 0.399 0.421 0.474 0.464 0.519 0.449 0.406 0.324 0.364 0.409 1.604 3.096 3.006 1.786 1.979 0.419 0.294 0.339 0.359 0.381 0.406 0.386 0.411 0.406 0.386 0.376 0.411 0.431 0.474 0.516 0.531 0.506 0.544 0.504 0.519 0.541 0.579 0.591 0.574 0.599 0.534 0.606 0.571 0.576 0.554 0.546 0.564 0.546 0.501 0.514 0.526 0.534 0.496 0.434 0.409 0.366 0.314 0.249 0.186 0.296 0.341 0.381 0.369
0.509 0.571 0.536 0.509 0.579 0.626 0.609 0.599 0.629 0.621 0.489 0.401 0.431 0.419 0.449 0.436 0.444 0.439 0.431 0.484 0.436 0.401 0.251 0.429 2.464 3.771 2.111 1.629 2.394 0.421 0.299 0.326 0.336 0.371 0.384 0.419 0.409 0.419 0.399 0.401 0.411 0.461 0.496 0.554 0.546 0.549 0.574 0.566 0.574 0.549 0.564 0.611 0.554 0.534 0.561 0.629 0.621 0.576 0.591 0.594 0.569 0.521 0.536 0.539 0.554 0.524 0.501 0.416 0.391 0.366 0.304 0.214 0.204 0.314 0.359 0.384 0.379
0.501 0.521 0.519 0.499 0.574 0.666 0.676 0.636 0.639 0.646 0.484 0.434 0.431 0.456 0.474 0.461 0.499 0.476 0.416 0.469 0.436 0.359 0.241 0.396 3.099 3.999 2.939 1.636 2.436 0.429 0.361 0.381 0.364 0.376 0.404 0.456 0.421 0.426 0.399 0.389 0.416 0.441 0.461 0.544 0.566 0.541 0.536 0.571 0.511 0.546 0.564 0.609 0.544 0.519 0.561 0.614 0.619 0.596 0.596 0.609 0.549 0.546 0.531 0.534 0.534 0.551 0.484 0.451 0.411 0.321 0.256 0.189 0.289 0.306 0.379 0.424 0.421
0.501 0.484 0.494 0.481 0.526 0.646 0.706 0.636 0.636 0.661 0.494 0.431 0.496 0.486 0.519 0.501 0.506 0.536 0.499 0.459 0.406 0.299 0.286 0.456 1.079 1.626 1.909 1.599 3.306 0.604 0.351 0.384 0.409 0.386 0.414 0.449 0.429 0.426 0.391 0.409 0.404 0.414 0.436 0.516 0.544 0.574 0.566 0.536 0.524 0.559 0.591 0.601 0.576 0.559 0.566 0.576 0.581 0.574 0.561 0.536 0.561 0.559 0.539 0.546 0.536 0.536 0.494 0.401 0.384 0.316 0.226 0.264 0.326 0.394 0.404 0.419 0.429
0.584 0.521 0.504 0.501 0.556 0.594 0.646 0.614 0.676 0.689 0.509 0.464 0.516 0.509 0.484 0.506 0.534 0.559 0.541 0.496 0.384 0.246 0.329 0.456 0.929 1.494 1.791 1.774 1.829 0.496 0.321 0.376 0.379 0.384 0.381 0.419 0.431 0.414 0.429 0.379 0.409 0.409 0.474 0.506 0.539 0.531 0.549 0.554 0.534 0.551 0.539 0.574 0.551 0.574 0.561 0.546 0.609 0.584 0.559 0.576 0.556 0.574 0.561 0.529 0.556 0.509 0.436 0.389 0.366 0.334 0.224 0.274 0.359 0.396 0.406 0.439 0.454
0.656 0.609 0.594 0.581 0.601 0.651 0.581 0.596 0.696 0.666 0.446 0.461 0.486 0.454 0.474 0.496 0.494 0.556 0.564 0.536 0.461 0.291 0.316 0.481 0.906 1.471 1.841 1.761 1.591 0.491 0.316 0.351 0.336 0.359 0.386 0.396 0.446 0.399 0.406 0.364 0.416 0.466 0.494 0.509 0.551 0.531 0.541 0.559 0.541 0.539 0.524 0.571 0.594 0.579 0.564 0.611 0.599 0.566 0.581 0.574 0.541 0.539 0.556 0.519 0.511 0.474 0.414 0.369 0.326 0.284 0.186 0.289 0.389 0.416 0.394 0.461 0.449
0.669 0.646 0.656 0.654 0.609 0.641 0.609 0.589 0.614 0.604 0.419 0.416 0.454 0.464 0.456 0.494 0.484 0.511 0.536 0.529 0.471 0.331 0.236 0.416 0.976 1.961 1.826 1.909 1.444 0.641 0.319 0.339 0.351 0.336 0.389 0.409 0.441 0.474 0.474 0.436 0.454 0.504 0.506 0.501 0.529 0.536 0.551 0.576 0.541 0.536 0.549 0.579 0.589 0.564 0.589 0.621 0.591 0.581 0.559 0.551 0.516 0.554 0.534 0.536 0.454 0.421 0.416 0.364 0.324 0.231 0.156 0.316 0.384 0.401 0.429 0.434 0.439
0.726 0.711 0.674 0.666 0.631 0.619 0.614 0.601 0.571 0.541 0.496 0.469 0.406 0.426 0.446 0.444 0.476 0.514 0.496 0.521 0.501 0.319 0.244 0.401 1.321 2.754 1.874 1.834 1.511 0.616 0.306 0.351 0.369 0.361 0.406 0.439 0.471 0.514 0.516 0.491 0.456 0.476 0.529 0.516 0.546 0.516 0.499 0.534 0.549 0.554 0.544 0.581 0.591 0.554 0.571 0.604 0.581 0.586 0.579 0.549 0.529 0.529 0.504 0.516 0.481 0.421 0.396 0.334 0.256 0.186 0.254 0.364 0.404 0.406 0.406 0.429 0.474
0.776 0.774 0.734 0.686 0.586 0.556 0.594 0.631 0.614 0.606 0.609 0.549 0.474 0.439 0.454 0.494 0.506 0.544 0.521 0.526 0.524 0.366 0.294 0.354 0.934 1.599 1.841 1.746 1.836 0.661 0.319 0.341 0.404 0.406 0.436 0.456 0.481 0.499 0.511 0.456 0.461 0.466 0.516 0.539 0.539 0.514 0.496 0.521 0.549 0.556 0.534 0.561 0.584 0.554 0.576 0.566 0.574 0.621 0.586 0.539 0.521 0.504 0.504 0.506 0.469 0.416 0.391 0.316 0.204 0.294 0.364 0.399 0.399 0.399 0.441 0.456 0.471
0.709 0.799 0.714 0.626 0.546 0.516 0.576 0.669 0.634 0.626 0.599 0.586 0.544 0.516 0.444 0.471 0.496 0.546 0.546 0.526 0.531 0.446 0.219 0.524 0.921 1.489 1.884 1.869 2.014 0.699 0.346 0.309 0.379 0.416 0.454 0.479 0.481 0.429 0.454 0.444 0.494 0.489 0.531 0.544 0.529 0.526 0.511 0.534 0.529 0.524 0.544 0.571 0.596 0.586 0.564 0.561 0.551 0.584 0.576 0.539 0.529 0.519 0.546 0.481 0.444 0.416 0.391 0.316 0.191 0.319 0.384 0.401 0.381 0.406 0.436 0.444 0.474
0.616 0.641 0.591 0.526 0.491 0.486 0.559 0.651 0.634 0.621 0.616 0.581 0.586 0.559 0.444 0.464 0.506 0.549 0.541 0.509 0.466 0.421 0.369 0.506 0.999 1.564 1.924 2.149 2.166 0.781 0.369 0.346 0.381 0.424 0.454 0.491 0.471 0.466 0.461 0.459 0.496 0.554 0.554 0.549 0.549 0.561 0.546 0.559 0.561 0.551 0.551 0.571 0.611 0.576 0.551 0.554 0.546 0.574 0.551 0.566 0.534 0.541 0.519 0.479 0.441 0.389 0.376 0.319 0.164 0.369 0.391 0.421 0.411 0.426 0.441 0.429 0.466
0.599 0.576 0.529 0.494 0.489 0.529 0.591 0.634 0.654 0.604 0.581 0.551 0.601 0.556 0.466 0.464 0.544 0.554 0.531 0.511 0.421 0.371 0.346 0.414 1.044 1.646 1.861 1.954 1.899 0.886 0.371 0.356 0.384 0.411 0.441 0.499 0.501 0.466 0.511 0.466 0.496 0.554 0.544 0.576 0.569 0.584 0.584 0.569 0.581 0.594 0.606 0.536 0.616 0.586 0.566 0.541 0.534 0.556 0.529 0.541 0.544 0.524 0.476 0.464 0.446 0.394 0.349 0.249 0.249 0.376 0.401 0.416 0.431 0.416 0.441 0.464 0.446
0.646 0.666 0.601 0.589 0.591 0.629 0.646 0.666 0.669 0.576 0.536 0.469 0.536 0.531 0.446 0.466 0.564 0.604 0.536 0.464 0.446 0.361 0.281 0.466 1.011 1.691 1.929 1.969 2.229 1.009 0.356 0.386 0.421 0.434 0.439 0.491 0.484 0.451 0.484 0.509 0.539 0.569 0.606 0.584 0.581 0.571 0.614 0.644 0.641 0.631 0.616 0.564 0.561 0.554 0.516 0.521 0.576 0.549 0.551 0.534 0.549 0.509 0.474 0.454 0.444 0.341 0.274 0.304 0.289 0.384 0.444 0.454 0.454 0.449 0.439 0.486 0.464
0.709 0.746 0.724 0.699 0.704 0.696 0.661 0.636 0.566 0.516 0.451 0.419 0.459 0.489 0.514 0.556 0.616 0.644 0.531 0.499 0.466 0.396 0.396 0.471 1.126 1.799 1.959 1.934 1.901 0.879 0.356 0.394 0.436 0.451 0.459 0.501 0.529 0.534 0.514 0.496 0.536 0.579 0.601 0.616 0.616 0.581 0.581 0.659 0.661 0.661 0.609 0.611 0.631 0.569 0.551 0.539 0.519 0.526 0.526 0.536 0.479 0.464 0.474 0.401 0.296 0.271 0.361 0.326 0.309 0.409 0.444 0.469 0.484 0.469 0.464 0.476 0.484
0.684 0.731 0.751 0.719 0.679 0.629 0.606 0.551 0.471 0.386 0.346 0.399 0.426 0.531 0.686 0.681 0.639 0.624 0.526 0.499 0.476 0.401 0.496 0.541 1.179 1.834 1.926 1.911 2.336 0.701 0.351 0.391 0.466 0.484 0.499 0.516 0.549 0.574 0.599 0.551 0.516 0.576 0.561 0.581 0.596 0.614 0.606 0.624 0.649 0.654 0.631 0.636 0.636 0.594 0.551 0.571 0.489 0.481 0.449 0.404 0.434 0.371 0.309 0.301 0.354 0.409 0.369 0.339 0.314 0.376 0.431 0.486 0.486 0.481 0.466 0.486 0.479
0.616 0.664 0.701 0.659 0.566 0.481 0.459 0.469 0.374 0.336 0.454 0.534 0.571 0.649 0.749 0.789 0.694 0.544 0.499 0.466 0.439 0.326 0.364 0.656 1.181 1.811 1.909 2.249 2.441 0.551 0.346 0.371 0.451 0.459 0.541 0.549 0.559 0.561 0.549 0.561 0.564 0.586 0.554 0.566 0.601 0.584 0.576 0.554 0.626 0.619 0.646 0.614 0.619 0.586 0.576 0.574 0.464 0.456 0.384 0.329 0.351 0.301 0.356 0.416 0.449 0.414 0.361 0.341 0.364 0.431 0.454 0.484 0.504 0.491 0.511 0.499 0.486
0.521 0.549 0.571 0.519 0.421 0.419 0.371 0.441 0.394 0.416 0.509 0.569 0.636 0.676 0.716 0.759 0.664 0.489 0.476 0.436 0.391 0.324 0.431 0.539 1.234 1.871 1.949 2.421 2.309 0.664 0.321 0.391 0.469 0.504 0.506 0.556 0.591 0.566 0.554 0.474 0.484 0.581 0.586 0.586 0.604 0.576 0.581 0.574 0.571 0.599 0.551 0.554 0.586 0.616 0.581 0.531 0.464 0.426 0.351 0.306 0.366 0.414 0.454 0.434 0.424 0.404 0.381 0.346 0.424 0.461 0.464 0.499 0.521 0.521 0.506 0.504 0.466
0.451 0.469 0.476 0.474 0.416 0.366 0.389 0.489 0.486 0.444 0.484 0.554 0.654 0.671 0.654 0.621 0.554 0.484 0.446 0.441 0.416 0.334 0.396 0.636 1.286 1.939 1.964 2.324 2.041 0.541 0.321 0.386 0.481 0.486 0.536 0.561 0.569 0.589 0.526 0.389 0.376 0.561 0.596 0.589 0.554 0.509 0.541 0.589 0.614 0.589 0.559 0.549 0.536 0.516 0.554 0.539 0.459 0.356 0.346 0.316 0.449 0.416 0.471 0.449 0.411 0.399 0.376 0.346 0.416 0.459 0.474 0.509 0.524 0.536 0.529 0.509 0.496
0.449 0.439 0.459 0.486 0.481 0.454 0.429 0.516 0.586 0.511 0.446 0.496 0.626 0.691 0.611 0.586 0.496 0.486 0.439 0.484 0.471 0.326 0.379 0.651 1.441 2.029 1.971 1.869 1.179 0.406 0.346 0.409 0.446 0.479 0.569 0.604 0.566 0.591 0.481 0.314 0.381 0.469 0.554 0.544 0.446 0.464 0.586 0.594 0.609 0.621 0.619 0.554 0.554 0.521 0.521 0.511 0.386 0.351 0.361 0.406 0.501 0.454 0.476 0.441 0.426 0.406 0.346 0.376 0.431 0.469 0.509 0.501 0.539 0.554 0.521 0.484 0.484
0.559 0.511 0.499 0.524 0.544 0.539 0.464 0.494 0.531 0.539 0.444 0.481 0.614 0.676 0.649 0.576 0.564 0.504 0.474 0.521 0.474 0.299 0.336 0.774 1.549 1.984 1.989 1.764 1.051 0.396 0.396 0.421 0.451 0.464 0.546 0.609 0.576 0.454 0.374 0.334 0.371 0.316 0.421 0.471 0.381 0.371 0.509 0.551 0.551 0.644 0.639 0.559 0.511 0.516 0.446 0.436 0.394 0.404 0.419 0.506 0.511 0.506 0.499 0.476 0.431 0.384 0.369 0.416 0.446 0.464 0.476 0.506 0.494 0.534 0.501 0.466 0.499
0.629 0.551 0.526 0.549 0.554 0.491 0.454 0.439 0.451 0.496 0.476 0.506 0.651 0.711 0.684 0.649 0.606 0.576 0.534 0.556 0.469 0.371 0.399 0.854 1.621 1.896 1.929 1.701 1.156 0.391 0.394 0.426 0.456 0.466 0.544 0.549 0.436 0.349 0.354 0.361 0.369 0.406 0.534 0.461 0.389 0.339 0.469 0.379 0.451 0.611 0.601 0.549 0.546 0.529 0.384 0.409 0.426 0.489 0.521 0.506 0.524 0.506 0.509 0.469 0.439 0.409 0.389 0.424 0.484 0.451 0.459 0.506 0.526 0.524 0.481 0.494 0.506
0.551 0.511 0.476 0.459 0.409 0.329 0.359 0.379 0.441 0.534 0.476 0.541 0.624 0.731 0.729 0.724 0.714 0.629 0.566 0.549 0.444 0.366 0.416 0.939 1.574 1.919 1.829 2.314 1.741 0.431 0.376 0.464 0.486 0.516 0.526 0.494 0.331 0.279 0.306 0.326 0.326 0.404 0.501 0.496 0.466 0.304 0.249 0.389 0.529 0.594 0.569 0.586 0.556 0.449 0.371 0.404 0.456 0.511 0.524 0.551 0.536 0.529 0.501 0.504 0.466 0.426 0.414 0.446 0.459 0.474 0.491 0.526 0.541 0.491 0.486 0.489 0.489
0.451 0.491 0.506 0.496 0.396 0.311 0.314 0.414 0.591 0.661 0.659 0.599 0.571 0.696 0.751 0.779 0.741 0.656 0.566 0.529 0.446 0.306 0.399 0.989 1.624 1.924 2.144 2.709 2.126 0.499 0.386 0.501 0.454 0.516 0.599 0.564 0.411 0.334 0.294 0.276 0.254 0.261 0.396 0.496 0.479 0.389 0.411 0.556 0.576 0.599 0.576 0.534 0.441 0.366 0.391 0.451 0.494 0.546 0.544 0.504 0.524 0.506 0.506 0.516 0.446 0.441 0.436 0.446 0.471 0.521 0.526 0.509 0.501 0.501 0.501 0.474 0.461
0.504 0.561 0.576 0.564 0.521 0.444 0.339 0.449 0.639 0.709 0.696 0.629 0.649 0.731 0.746 0.764 0.711 0.584 0.546 0.536 0.459 0.296 0.469 1.004 1.694 1.921 2.156 2.784 1.051 0.361 0.396 0.511 0.471 0.554 0.564 0.556 0.514 0.449 0.354 0.264 0.269 0.249 0.319 0.421 0.414 0.474 0.544 0.571 0.539 0.581 0.509 0.396 0.351 0.411 0.499 0.476 0.531 0.519 0.534 0.496 0.514 0.524 0.499 0.516 0.469 0.481 0.454 0.464 0.496 0.519 0.531 0.519 0.511 0.491 0.494 0.486 0.481
0.661 0.644 0.679 0.659 0.599 0.569 0.416 0.401 0.504 0.599 0.666 0.716 0.749 0.749 0.721 0.716 0.641 0.541 0.459 0.464 0.451 0.354 0.529 1.106 1.751 1.876 1.916 2.646 1.304 0.399 0.426 0.501 0.499 0.551 0.596 0.546 0.466 0.414 0.351 0.324 0.296 0.264 0.251 0.344 0.361 0.466 0.529 0.546 0.541 0.521 0.359 0.384 0.424 0.519 0.504 0.476 0.536 0.551 0.556 0.511 0.511 0.486 0.451 0.466 0.449 0.486 0.511 0.511 0.536 0.519 0.491 0.509 0.494 0.521 0.499 0.489 0.469
