All_lidar/sz6187_DSM_2M.asc
ncols 500
nrows 500
xllcorner    461000
yllcorner    87000
cellsize     2
NODATA_value -9999
[rows 442 to 475 of 500, columns 77 to 153 of 500]
0.764 0.744 0.739 0.721 0.679 0.676 0.699 0.721 0.731 0.756 0.769 0.771 0.756 0.761 0.761 0.756 0.776 0.776 0.781 0.806 0.819 0.834 0.821 0.799 0.779 0.721 0.696 0.654 0.584 0.569 0.584 0.589 0.586 0.586 0.581 0.599 0.609 0.639 0.619 0.624 0.634 0.636 0.601 0.564 0.554 0.546 0.464 0.519 0.631 0.676 0.734 0.724 0.711 0.761 0.804 0.801 0.781 0.769 0.766 0.751 0.734 0.751 0.726 0.744 0.781 0.844 0.876 0.904 0.941 0.974 0.889 0.871 0.939 0.946 0.916 0.934 0.949
0.791 0.761 0.744 0.719 0.684 0.686 0.689 0.704 0.726 0.734 0.759 0.746 0.734 0.734 0.754 0.746 0.774 0.769 0.771 0.804 0.809 0.836 0.811 0.789 0.771 0.741 0.691 0.631 0.561 0.571 0.599 0.584 0.574 0.574 0.581 0.594 0.624 0.641 0.646 0.641 0.624 0.626 0.629 0.609 0.541 0.526 0.471 0.509 0.629 0.689 0.706 0.701 0.721 0.769 0.774 0.779 0.746 0.756 0.731 0.709 0.696 0.706 0.716 0.731 0.794 0.841 0.881 0.916 0.941 0.944 0.864 0.911 0.929 0.954 0.934 0.924 0.939
0.756 0.734 0.741 0.726 0.666 0.661 0.694 0.726 0.731 0.734 0.724 0.709 0.729 0.721 0.741 0.746 0.779 0.781 0.811 0.801 0.791 0.814 0.791 0.794 0.779 0.706 0.684 0.611 0.589 0.591 0.616 0.609 0.594 0.576 0.574 0.566 0.596 0.614 0.606 0.631 0.636 0.659 0.654 0.611 0.551 0.544 0.466 0.504 0.599 0.681 0.714 0.739 0.749 0.769 0.776 0.756 0.729 0.729 0.709 0.709 0.671 0.684 0.691 0.731 0.819 0.841 0.876 0.906 0.924 0.936 0.879 0.916 0.916 0.931 0.926 0.924 0.911
0.729 0.711 0.716 0.719 0.704 0.674 0.664 0.729 0.744 0.736 0.741 0.696 0.716 0.699 0.729 0.734 0.766 0.776 0.766 0.774 0.786 0.786 0.766 0.781 0.769 0.706 0.676 0.646 0.606 0.606 0.646 0.609 0.581 0.591 0.604 0.611 0.619 0.626 0.629 0.626 0.644 0.676 0.664 0.626 0.569 0.534 0.466 0.521 0.591 0.666 0.749 0.746 0.746 0.774 0.766 0.749 0.716 0.726 0.701 0.706 0.674 0.666 0.689 0.739 0.809 0.869 0.906 0.954 0.956 0.941 0.916 0.954 0.926 0.924 0.929 0.941 0.936
0.691 0.709 0.701 0.706 0.714 0.686 0.656 0.699 0.731 0.739 0.764 0.726 0.696 0.724 0.741 0.724 0.751 0.791 0.781 0.806 0.786 0.794 0.796 0.791 0.741 0.694 0.666 0.636 0.616 0.614 0.611 0.584 0.576 0.621 0.639 0.641 0.616 0.639 0.621 0.626 0.671 0.676 0.649 0.631 0.581 0.524 0.449 0.474 0.626 0.649 0.711 0.744 0.749 0.781 0.756 0.739 0.709 0.746 0.721 0.744 0.711 0.696 0.699 0.734 0.779 0.856 0.901 0.964 0.971 0.891 0.959 0.981 0.971 0.939 0.959 0.946 0.939
0.706 0.741 0.724 0.731 0.751 0.711 0.684 0.681 0.694 0.716 0.746 0.781 0.746 0.726 0.754 0.764 0.756 0.784 0.791 0.811 0.809 0.836 0.811 0.831 0.794 0.736 0.674 0.639 0.631 0.601 0.604 0.601 0.594 0.639 0.654 0.629 0.644 0.654 0.649 0.654 0.654 0.674 0.636 0.624 0.586 0.559 0.471 0.451 0.651 0.699 0.764 0.776 0.779 0.776 0.766 0.754 0.721 0.741 0.744 0.744 0.759 0.746 0.736 0.764 0.804 0.836 0.906 0.931 0.886 0.889 0.989 0.969 0.971 0.961 0.946 0.946 0.939
1.111 0.781 0.714 1.469 1.664 1.294 0.784 0.734 0.736 0.716 0.731 0.784 0.774 0.771 0.779 0.796 0.819 0.829 0.814 0.849 0.846 0.849 0.851 0.864 0.826 0.776 0.714 0.676 0.666 0.641 0.626 0.619 0.599 0.639 0.659 0.629 0.654 0.659 0.654 0.666 0.684 0.679 0.634 0.624 0.589 0.561 0.474 0.376 0.629 0.716 0.756 0.834 0.809 0.794 0.801 0.774 0.761 0.779 0.784 0.789 0.799 0.806 0.769 0.791 0.814 0.829 0.894 0.909 0.831 0.869 0.916 0.914 0.919 0.924 0.936 0.941 0.924
2.854 1.954 1.839 3.229 2.916 2.004 1.416 1.894 1.829 1.376 0.921 0.801 0.799 0.811 0.821 0.826 0.869 0.864 0.871 0.881 0.871 0.879 0.879 0.914 0.876 0.834 0.794 0.741 0.729 0.669 0.661 0.634 0.641 0.654 0.641 0.639 0.639 0.661 0.664 0.686 0.701 0.691 0.661 0.656 0.634 0.611 0.514 0.354 0.661 0.751 0.761 0.841 0.861 0.824 0.831 0.806 0.789 0.814 0.781 0.791 0.834 0.866 0.859 0.821 0.839 0.889 0.906 0.884 0.844 0.889 0.876 0.881 0.864 0.946 0.956 0.944 0.934
1.111 1.429 3.356 2.229 1.701 1.026 0.916 1.121 2.181 2.556 1.539 0.584 1.751 1.446 0.834 1.259 0.806 0.761 0.836 0.886 0.924 0.934 0.899 0.921 0.914 0.869 0.816 0.776 0.786 0.726 0.709 0.696 0.676 0.671 0.691 0.679 0.676 0.684 0.701 0.699 0.724 0.734 0.714 0.679 0.681 0.691 0.619 0.426 0.594 0.811 1.006 0.954 0.884 0.874 0.866 0.874 0.869 0.856 0.844 0.826 0.874 0.889 0.904 0.879 0.881 0.921 0.924 0.904 0.911 0.966 0.936 0.924 0.911 0.949 0.971 0.951 0.931
0.179 0.296 0.186 0.109 0.169 0.039 0.061 0.296 1.106 1.539 0.144 0.236 1.899 1.769 0.106 0.129 0.059 0.099 0.089 0.111 0.336 0.301 0.414 0.609 0.484 0.534 0.639 0.651 1.451 1.361 1.341 0.554 0.554 0.591 0.831 0.764 0.786 0.771 0.784 0.724 0.741 0.744 0.776 0.801 0.761 0.754 0.646 0.324 0.754 1.831 2.381 1.966 1.061 0.901 0.874 0.894 0.919 0.884 0.864 0.861 0.891 0.929 0.974 0.941 0.914 0.951 0.981 0.946 0.941 0.964 0.956 0.939 0.981 0.991 0.999 0.976 0.949
0.886 0.904 0.921 0.919 0.884 0.919 0.939 0.749 0.756 0.611 0.461 0.399 0.421 0.314 0.209 0.236 0.281 0.176 0.209 0.164 0.041 0.154 0.066 0.926 0.524 -0.011 0.109 0.306 1.949 2.684 2.309 0.064 0.159 0.454 1.886 1.786 0.831 0.636 0.651 0.586 1.096 1.081 1.536 1.021 0.691 1.141 0.751 0.266 0.709 3.209 2.859 2.626 1.894 1.124 0.919 1.094 1.004 1.061 0.976 0.891 0.911 0.964 1.026 1.014 0.999 1.014 1.031 1.021 0.946 0.971 0.986 0.951 0.996 0.996 1.016 0.999 0.986
1.104 1.064 1.036 1.084 1.109 1.249 1.266 1.289 1.291 1.296 1.164 1.221 1.156 1.111 1.106 1.114 1.196 1.224 1.146 1.129 1.006 0.916 0.846 0.921 1.196 0.624 0.546 0.926 2.921 0.744 0.524 0.176 1.139 0.539 1.084 0.774 0.126 0.144 0.026 0.129 0.996 0.876 1.336 1.501 0.371 2.234 1.596 0.099 0.596 1.721 1.906 1.589 2.686 2.991 1.879 1.926 2.091 2.259 2.176 1.871 0.969 1.066 1.119 1.019 1.101 1.091 1.081 1.044 1.021 0.996 1.014 1.019 1.004 1.026 1.021 1.014 0.964
1.009 1.009 0.996 1.036 1.066 1.091 1.141 1.154 1.116 1.194 1.234 1.249 1.324 1.204 1.191 1.264 1.289 1.349 1.376 1.381 1.361 1.389 1.391 1.329 1.344 1.289 1.311 1.306 1.399 1.154 0.724 1.039 1.386 0.946 0.829 0.696 0.531 0.529 0.356 0.294 0.224 0.246 0.286 0.939 1.766 0.334 0.396 0.074 0.194 0.061 0.219 0.144 1.901 3.699 1.521 2.446 1.649 1.704 1.474 3.144 3.221 0.739 0.774 0.851 1.941 1.956 1.301 0.899 0.936 1.064 1.029 1.006 1.149 1.199 1.046 1.011 0.984
1.084 0.974 1.144 1.064 1.079 1.094 1.159 1.184 1.161 1.136 1.131 1.149 1.159 1.164 1.119 1.179 1.236 1.224 1.284 1.266 1.264 1.239 1.276 1.269 1.201 1.184 1.119 1.346 1.149 0.919 1.039 1.326 1.456 1.256 1.211 1.289 1.244 1.236 1.229 1.156 1.131 1.179 1.121 1.139 1.324 1.069 1.244 0.751 0.109 0.131 0.581 0.784 1.866 0.379 0.784 2.636 0.624 0.521 0.069 1.439 1.364 0.159 0.036 0.579 2.746 2.191 2.396 0.174 0.201 0.341 0.409 0.416 0.934 2.826 0.724 0.591 0.671
1.061 1.124 0.956 0.931 0.911 0.939 0.986 0.976 0.989 0.964 0.981 0.981 1.009 1.011 1.001 1.109 1.146 1.166 1.171 1.201 1.254 1.206 1.216 1.236 1.141 1.069 1.029 1.049 0.879 0.684 1.064 1.246 1.241 1.164 1.199 1.261 1.339 1.229 1.366 1.134 1.256 1.259 1.209 1.154 1.114 1.141 1.136 0.599 0.341 0.584 1.159 1.729 2.321 1.244 1.259 2.116 1.379 1.164 1.056 0.949 0.824 0.564 0.669 1.294 0.866 0.644 0.654 0.369 0.171 0.166 0.191 0.284 0.164 0.371 0.439 2.504 0.316
0.936 0.921 0.874 0.801 0.736 0.744 0.801 0.854 0.849 0.831 0.821 0.786 0.754 0.739 0.744 0.769 0.794 0.859 0.866 0.921 0.969 1.049 1.111 1.154 1.119 1.119 1.029 0.976 0.721 0.904 0.989 1.259 1.221 1.176 1.266 0.961 1.091 1.121 1.209 1.124 1.146 1.131 1.054 1.054 1.139 1.099 1.086 0.814 0.429 0.699 1.169 1.299 1.239 1.374 1.386 1.309 1.414 1.324 1.304 1.349 1.336 1.346 1.419 1.394 1.386 1.409 1.346 1.379 1.341 1.224 1.184 1.344 1.111 0.949 0.859 1.019 0.651
0.921 0.866 0.719 0.671 0.701 0.726 0.759 0.844 0.861 0.834 0.791 0.774 0.746 0.741 0.744 0.716 0.716 0.726 0.741 0.746 0.766 0.839 0.879 0.851 0.814 0.819 0.696 0.561 0.544 0.706 0.844 0.946 0.921 0.914 0.884 0.814 0.794 0.816 0.811 0.854 0.819 0.834 0.859 0.919 0.921 0.936 0.951 0.756 0.449 0.696 0.989 1.034 1.061 1.139 1.134 1.199 1.279 1.221 1.191 1.234 1.246 1.304 1.441 1.449 1.471 1.469 1.409 1.399 1.439 1.511 1.474 1.566 1.664 1.541 1.491 1.409 1.524
0.896 0.821 0.759 0.734 0.741 0.799 0.804 0.799 0.821 0.836 0.801 0.736 0.731 0.769 0.759 0.734 0.746 0.731 0.731 0.731 0.739 0.781 0.819 0.794 0.741 0.631 0.556 0.496 0.609 0.734 0.796 0.794 0.764 0.716 0.724 0.741 0.729 0.769 0.761 0.759 0.699 0.701 0.724 0.741 0.759 0.791 0.749 0.586 0.424 0.546 0.706 0.774 0.824 0.876 0.941 1.014 1.006 1.009 1.006 0.974 0.981 1.036 1.126 1.231 1.269 1.286 1.266 1.261 1.249 1.269 1.296 1.294 1.289 1.249 1.266 1.274 1.324
0.901 0.836 0.844 0.811 0.834 0.884 0.871 0.831 0.776 0.814 0.794 0.736 0.751 0.756 0.729 0.726 0.734 0.721 0.721 0.741 0.744 0.761 0.779 0.779 0.749 0.664 0.546 0.576 0.701 0.776 0.769 0.731 0.736 0.704 0.699 0.711 0.706 0.731 0.761 0.736 0.719 0.686 0.711 0.749 0.701 0.679 0.596 0.539 0.414 0.409 0.546 0.586 0.686 0.729 0.766 0.851 0.899 0.881 0.839 0.849 0.819 0.839 0.901 0.944 1.009 1.074 1.111 1.156 1.149 1.129 1.114 1.134 1.151 1.139 1.131 1.111 1.096
0.901 0.894 0.911 0.884 0.909 0.971 0.969 0.906 0.836 0.786 0.794 0.759 0.756 0.739 0.729 0.739 0.719 0.729 0.729 0.746 0.761 0.746 0.744 0.714 0.699 0.601 0.536 0.679 0.766 0.781 0.761 0.719 0.706 0.704 0.691 0.716 0.704 0.701 0.706 0.706 0.724 0.694 0.684 0.721 0.706 0.656 0.591 0.529 0.419 0.369 0.461 0.489 0.644 0.689 0.736 0.819 0.851 0.821 0.769 0.776 0.751 0.769 0.791 0.851 0.864 0.919 1.024 1.089 1.066 1.036 1.011 0.994 0.991 0.996 1.024 0.999 0.969
0.884 0.919 0.899 0.904 0.956 0.994 1.009 0.966 0.899 0.859 0.791 0.754 0.761 0.751 0.731 0.734 0.721 0.754 0.749 0.761 0.749 0.719 0.696 0.651 0.624 0.521 0.611 0.726 0.784 0.781 0.749 0.706 0.684 0.681 0.701 0.709 0.699 0.726 0.714 0.736 0.761 0.719 0.699 0.709 0.669 0.626 0.584 0.544 0.429 0.331 0.416 0.464 0.619 0.691 0.751 0.801 0.854 0.834 0.789 0.791 0.761 0.781 0.816 0.819 0.841 0.879 0.926 1.021 1.021 0.989 0.946 0.944 0.956 0.966 0.979 0.944 0.929
0.929 0.924 0.939 0.931 0.944 0.949 0.991 0.941 0.916 0.854 0.824 0.804 0.754 0.766 0.761 0.741 0.749 0.744 0.774 0.756 0.739 0.709 0.666 0.609 0.509 0.556 0.671 0.754 0.786 0.769 0.756 0.726 0.696 0.686 0.711 0.719 0.716 0.721 0.741 0.744 0.756 0.714 0.664 0.669 0.681 0.641 0.606 0.531 0.481 0.336 0.399 0.451 0.616 0.684 0.739 0.769 0.779 0.811 0.796 0.756 0.744 0.744 0.781 0.816 0.834 0.891 0.916 1.004 1.029 0.981 0.964 0.961 0.984 0.954 0.954 0.929 0.939
0.961 0.941 0.936 0.919 0.934 0.934 0.929 0.899 0.861 0.834 0.796 0.786 0.811 0.789 0.756 0.769 0.774 0.764 0.749 0.756 0.759 0.726 0.669 0.566 0.504 0.611 0.689 0.749 0.804 0.764 0.779 0.744 0.726 0.736 0.721 0.706 0.714 0.719 0.726 0.736 0.714 0.671 0.644 0.696 0.694 0.629 0.579 0.541 0.456 0.329 0.414 0.424 0.571 0.681 0.719 0.766 0.784 0.769 0.766 0.786 0.784 0.749 0.751 0.806 0.824 0.874 0.916 0.969 1.001 0.974 0.936 0.951 0.944 0.949 0.946 0.961 0.961
0.956 0.941 0.899 0.884 0.904 0.914 0.916 0.916 0.904 0.836 0.804 0.791 0.794 0.801 0.764 0.754 0.781 0.774 0.749 0.764 0.744 0.696 0.639 0.516 0.569 0.654 0.691 0.699 0.746 0.754 0.749 0.756 0.751 0.769 0.749 0.756 0.729 0.709 0.711 0.704 0.699 0.694 0.676 0.704 0.674 0.634 0.586 0.536 0.479 0.274 0.361 0.396 0.544 0.656 0.716 0.781 0.811 0.771 0.734 0.769 0.786 0.784 0.764 0.789 0.831 0.871 0.926 0.944 0.976 0.934 0.936 0.931 0.931 0.946 0.944 0.959 0.939
0.996 0.959 0.889 0.884 0.964 0.931 0.926 0.941 0.901 0.866 0.809 0.826 0.809 0.801 0.779 0.771 0.751 0.746 0.739 0.736 0.706 0.669 0.586 0.529 0.629 0.679 0.689 0.726 0.726 0.724 0.749 0.759 0.749 0.761 0.746 0.774 0.744 0.731 0.714 0.711 0.749 0.741 0.669 0.714 0.704 0.644 0.601 0.561 0.451 0.311 0.349 0.414 0.571 0.674 0.721 0.779 0.821 0.794 0.744 0.769 0.824 0.814 0.794 0.796 0.831 0.879 0.911 0.956 0.979 0.931 0.904 0.931 0.924 0.949 0.961 0.964 0.956
1.009 1.019 0.929 0.916 1.004 0.999 0.969 0.971 0.894 0.854 0.829 0.824 0.789 0.776 0.794 0.791 0.776 0.751 0.744 0.701 0.669 0.589 0.479 0.581 0.684 0.696 0.731 0.741 0.736 0.724 0.749 0.749 0.764 0.754 0.744 0.754 0.714 0.701 0.704 0.736 0.771 0.769 0.686 0.696 0.694 0.631 0.609 0.581 0.489 0.289 0.344 0.409 0.579 0.669 0.696 0.754 0.799 0.776 0.759 0.746 0.781 0.794 0.826 0.839 0.859 0.884 0.949 0.969 0.946 0.926 0.909 0.914 0.956 0.944 0.944 0.944 0.961
1.026 1.039 0.969 0.919 0.981 1.004 0.969 0.926 0.879 0.849 0.834 0.814 0.779 0.789 0.791 0.786 0.774 0.751 0.729 0.706 0.646 0.514 0.519 0.656 0.689 0.719 0.729 0.744 0.734 0.754 0.759 0.771 0.769 0.731 0.739 0.726 0.686 0.694 0.711 0.739 0.769 0.759 0.704 0.689 0.666 0.629 0.616 0.571 0.454 0.296 0.376 0.429 0.564 0.656 0.684 0.741 0.796 0.804 0.769 0.744 0.736 0.776 0.809 0.866 0.914 0.959 1.011 0.976 0.936 0.936 0.941 0.931 0.926 0.924 0.934 0.941 0.959
1.051 1.039 0.934 0.884 0.926 0.924 0.909 0.889 0.861 0.839 0.824 0.799 0.784 0.786 0.784 0.756 0.734 0.719 0.706 0.646 0.559 0.521 0.616 0.679 0.749 0.771 0.724 0.744 0.741 0.769 0.779 0.796 0.761 0.716 0.704 0.691 0.691 0.686 0.676 0.711 0.756 0.754 0.704 0.706 0.666 0.626 0.624 0.559 0.451 0.294 0.394 0.461 0.614 0.659 0.691 0.721 0.786 0.784 0.761 0.754 0.754 0.766 0.791 0.859 0.914 0.979 1.001 0.961 0.934 0.964 0.936 0.939 0.939 0.916 0.949 0.961 0.961
0.986 0.984 0.939 0.854 0.836 0.821 0.824 0.839 0.856 0.831 0.831 0.809 0.806 0.771 0.729 0.739 0.726 0.709 0.669 0.571 0.489 0.579 0.674 0.699 0.759 0.746 0.714 0.724 0.719 0.764 0.779 0.759 0.724 0.719 0.701 0.714 0.681 0.679 0.681 0.716 0.741 0.719 0.669 0.694 0.674 0.619 0.591 0.544 0.411 0.284 0.391 0.534 0.631 0.651 0.699 0.741 0.789 0.811 0.781 0.771 0.751 0.754 0.781 0.836 0.899 0.974 0.976 0.939 0.924 0.951 0.959 0.944 0.931 0.916 0.921 0.951 0.984
0.969 0.956 0.924 0.874 0.824 0.824 0.786 0.791 0.794 0.794 0.776 0.766 0.779 0.714 0.719 0.709 0.719 0.659 0.556 0.529 0.606 0.694 0.719 0.761 0.774 0.774 0.734 0.736 0.734 0.759 0.726 0.706 0.706 0.691 0.691 0.694 0.679 0.671 0.684 0.701 0.716 0.739 0.661 0.651 0.664 0.624 0.571 0.516 0.359 0.261 0.419 0.546 0.606 0.629 0.671 0.771 0.829 0.811 0.839 0.784 0.746 0.771 0.771 0.831 0.884 0.956 0.946 0.954 0.946 0.906 0.946 0.951 0.911 0.924 0.939 0.959 0.971
0.914 0.926 0.901 0.901 0.884 0.841 0.821 0.746 0.726 0.741 0.746 0.726 0.746 0.681 0.709 0.711 0.651 0.546 0.514 0.604 0.686 0.731 0.769 0.779 0.771 0.771 0.736 0.701 0.736 0.731 0.731 0.736 0.701 0.701 0.679 0.669 0.684 0.654 0.649 0.671 0.699 0.691 0.669 0.676 0.626 0.629 0.601 0.526 0.319 0.299 0.449 0.579 0.601 0.634 0.691 0.771 0.846 0.846 0.864 0.851 0.804 0.796 0.796 0.814 0.896 0.939 0.941 0.941 0.944 0.941 0.916 0.874 0.914 0.921 0.909 0.929 0.956
0.869 0.876 0.866 0.884 0.849 0.839 0.821 0.779 0.751 0.751 0.729 0.694 0.681 0.679 0.661 0.596 0.556 0.609 0.634 0.679 0.721 0.774 0.796 0.821 0.791 0.754 0.716 0.719 0.724 0.701 0.699 0.691 0.709 0.689 0.676 0.686 0.674 0.669 0.681 0.721 0.729 0.731 0.716 0.711 0.666 0.636 0.616 0.489 0.304 0.296 0.434 0.589 0.569 0.631 0.674 0.741 0.821 0.844 0.836 0.811 0.841 0.836 0.824 0.831 0.929 0.951 0.939 0.946 0.956 0.919 0.899 0.899 0.879 0.886 0.904 0.916 0.919
0.809 0.824 0.829 0.841 0.806 0.796 0.824 0.821 0.791 0.729 0.704 0.689 0.644 0.651 0.609 0.581 0.629 0.651 0.651 0.699 0.706 0.751 0.754 0.746 0.751 0.724 0.736 0.749 0.736 0.724 0.719 0.716 0.704 0.696 0.664 0.696 0.694 0.706 0.729 0.759 0.764 0.781 0.731 0.699 0.664 0.621 0.611 0.419 0.274 0.334 0.509 0.631 0.639 0.621 0.676 0.696 0.769 0.774 0.801 0.816 0.844 0.859 0.871 0.866 0.921 0.961 0.939 0.919 0.934 0.909 0.881 0.859 0.876 0.869 0.881 0.901 0.926
0.769 0.824 0.864 0.826 0.824 0.784 0.794 0.794 0.761 0.711 0.706 0.656 0.641 0.649 0.691 0.694 0.674 0.676 0.681 0.729 0.744 0.776 0.761 0.756 0.771 0.749 0.749 0.741 0.726 0.716 0.709 0.724 0.711 0.719 0.716 0.711 0.721 0.719 0.731 0.789 0.809 0.806 0.756 0.709 0.646 0.616 0.596 0.466 0.306 0.356 0.601 0.661 0.656 0.654 0.659 0.674 0.726 0.749 0.784 0.799 0.806 0.839 0.866 0.869 0.864 0.909 0.921 0.899 0.909 0.891 0.874 0.856 0.871 0.879 0.884 0.904 0.891
