All_lidar/sz6185_DSM_2M.asc
ncols 500
nrows 500
xllcorner    461000
yllcorner    85000
cellsize     2
NODATA_value -9999
[rows 256 to 287 of 500, columns 72 to 143 of 500]
14.889 14.891 14.906 14.951 14.984 15.024 15.064 15.086 15.129 15.171 15.201 15.246 15.276 15.299 15.294 15.341 15.371 15.391 15.399 15.424 15.461 15.486 15.481 15.454 15.426 15.419 15.426 15.429 15.411 15.433 15.473 15.491 15.491 15.491 15.483 15.478 15.476 15.453 15.473 15.468 15.448 15.438 15.418 15.441 15.441 15.433 15.406 15.388 15.356 15.338 15.278 15.233 15.208 15.206 15.228 15.231 15.226 15.176 15.156 15.093 15.043 14.983 14.986 14.998 14.941 14.906 14.826 14.788 14.736 14.713 14.641 14.601
15.009 15.011 15.044 15.091 15.096 15.139 15.174 15.211 15.269 15.289 15.326 15.386 15.404 15.439 15.444 15.499 15.499 15.504 15.559 15.596 15.636 15.626 15.616 15.601 15.584 15.596 15.614 15.599 15.618 15.631 15.648 15.671 15.676 15.666 15.661 15.653 15.641 15.656 15.656 15.651 15.633 15.626 15.608 15.623 15.613 15.606 15.606 15.566 15.556 15.516 15.456 15.403 15.396 15.416 15.431 15.438 15.403 15.366 15.316 15.263 15.216 15.163 15.163 15.148 15.116 15.041 15.008 14.958 14.911 14.856 14.813 14.738
15.086 15.111 15.171 15.199 15.236 15.266 15.309 15.346 15.394 15.416 15.474 15.501 15.549 15.559 15.594 15.626 15.624 15.656 15.686 15.714 15.761 15.771 15.759 15.754 15.746 15.766 15.771 15.781 15.801 15.831 15.851 15.851 15.818 15.846 15.846 15.851 15.846 15.856 15.831 15.836 15.813 15.838 15.821 15.813 15.801 15.803 15.796 15.766 15.733 15.686 15.648 15.616 15.593 15.618 15.648 15.623 15.583 15.551 15.488 15.423 15.383 15.356 15.343 15.321 15.286 15.228 15.163 15.121 15.063 14.996 14.926 14.886
15.194 15.219 15.249 15.309 15.356 15.389 15.444 15.489 15.529 15.551 15.601 15.646 15.696 15.706 15.739 15.759 15.769 15.791 15.824 15.866 15.886 15.896 15.884 15.899 15.906 15.924 15.939 15.979 16.011 16.026 16.048 16.068 16.036 16.043 16.033 16.036 16.038 16.048 16.043 16.041 16.016 15.996 16.001 16.011 16.016 16.001 15.986 15.951 15.911 15.861 15.808 15.798 15.801 15.841 15.808 15.798 15.761 15.721 15.681 15.638 15.596 15.533 15.518 15.496 15.458 15.396 15.333 15.301 15.228 15.198 15.136 15.076
15.276 15.331 15.369 15.411 15.484 15.511 15.574 15.609 15.654 15.706 15.759 15.794 15.821 15.861 15.886 15.891 15.901 15.941 15.984 16.021 16.029 16.024 16.006 16.029 16.034 16.079 16.096 16.139 16.168 16.188 16.208 16.213 16.233 16.236 16.233 16.221 16.228 16.226 16.226 16.201 16.191 16.196 16.181 16.183 16.183 16.181 16.163 16.131 16.066 16.036 15.991 15.998 16.016 16.008 15.991 15.973 15.938 15.906 15.851 15.808 15.753 15.716 15.716 15.686 15.608 15.546 15.521 15.478 15.396 15.353 15.303 15.243
15.369 15.404 15.436 15.531 15.591 15.629 15.689 15.721 15.759 15.841 15.891 15.899 15.951 15.979 16.019 16.019 16.054 16.124 16.151 16.164 16.181 16.174 16.159 16.164 16.184 16.196 16.229 16.291 16.308 16.341 16.356 16.366 16.386 16.408 16.421 16.413 16.408 16.403 16.383 16.368 16.371 16.383 16.381 16.368 16.396 16.358 16.363 16.328 16.256 16.198 16.181 16.203 16.201 16.218 16.178 16.141 16.121 16.086 15.998 15.966 15.933 15.931 15.916 15.846 15.783 15.718 15.688 15.651 15.571 15.526 15.498 15.408
15.419 15.481 15.531 15.611 15.669 15.726 15.791 15.834 15.881 15.939 15.986 16.034 16.049 16.086 16.134 16.151 16.194 16.274 16.294 16.309 16.351 16.331 16.306 16.326 16.349 16.349 16.394 16.434 16.468 16.471 16.513 16.538 16.561 16.571 16.578 16.603 16.596 16.581 16.571 16.551 16.528 16.538 16.536 16.531 16.568 16.533 16.528 16.473 16.431 16.388 16.358 16.378 16.406 16.403 16.368 16.328 16.308 16.258 16.183 16.163 16.131 16.121 16.098 16.041 15.958 15.923 15.888 15.801 15.776 15.703 15.646 15.588
15.489 15.534 15.591 15.654 15.744 15.796 15.874 15.924 15.994 16.064 16.094 16.136 16.179 16.234 16.251 16.284 16.346 16.389 16.434 16.459 16.474 16.456 16.436 16.451 16.494 16.531 16.544 16.591 16.636 16.638 16.648 16.663 16.711 16.728 16.743 16.753 16.756 16.758 16.751 16.746 16.736 16.726 16.726 16.706 16.713 16.696 16.686 16.646 16.613 16.576 16.586 16.583 16.596 16.576 16.563 16.528 16.488 16.436 16.353 16.338 16.311 16.301 16.288 16.223 16.148 16.108 16.051 15.983 15.956 15.881 15.831 15.773
15.581 15.614 15.654 15.704 15.796 15.874 15.941 16.004 16.099 16.166 16.219 16.221 16.291 16.346 16.366 16.431 16.511 16.546 16.564 16.574 16.596 16.604 16.599 16.651 16.656 16.716 16.729 16.766 16.771 16.796 16.811 16.841 16.866 16.866 16.886 16.913 16.896 16.913 16.906 16.908 16.901 16.903 16.908 16.913 16.911 16.886 16.848 16.823 16.766 16.766 16.781 16.778 16.781 16.746 16.723 16.691 16.648 16.611 16.548 16.513 16.523 16.493 16.436 16.408 16.346 16.301 16.261 16.206 16.148 16.081 16.013 15.993
15.634 15.709 15.746 15.799 15.881 15.944 16.006 16.089 16.194 16.286 16.321 16.341 16.404 16.431 16.479 16.559 16.629 16.689 16.694 16.726 16.736 16.766 16.766 16.806 16.824 16.869 16.909 16.964 16.968 16.966 16.971 17.001 17.036 17.036 17.071 17.076 17.061 17.076 17.051 17.073 17.096 17.073 17.081 17.071 17.091 17.031 17.008 16.963 16.911 16.933 16.966 16.978 16.956 16.948 16.913 16.876 16.803 16.773 16.723 16.726 16.721 16.688 16.603 16.583 16.533 16.491 16.413 16.368 16.311 16.238 16.208 16.176
16.626 16.011 15.831 15.904 15.959 16.011 16.091 16.164 16.264 16.334 16.384 16.436 16.489 16.539 16.581 16.654 16.719 16.791 16.821 16.836 16.851 16.871 16.926 16.941 16.986 17.056 17.069 17.129 17.146 17.138 17.158 17.173 17.218 17.223 17.223 17.221 17.251 17.236 17.233 17.246 17.246 17.233 17.223 17.221 17.231 17.216 17.146 17.133 17.088 17.136 17.148 17.123 17.121 17.121 17.076 17.036 16.981 16.953 16.921 16.918 16.911 16.863 16.821 16.783 16.731 16.663 16.616 16.548 16.516 16.441 16.386 16.351
17.579 18.106 16.379 15.964 16.004 16.101 16.166 16.264 16.319 16.399 16.469 16.529 16.566 16.604 16.699 16.751 16.821 16.889 16.911 16.949 16.979 17.026 17.071 17.089 17.161 17.229 17.251 17.279 17.291 17.336 17.331 17.361 17.386 17.413 17.406 17.401 17.408 17.383 17.371 17.388 17.416 17.398 17.401 17.388 17.381 17.361 17.281 17.291 17.246 17.298 17.326 17.323 17.311 17.283 17.226 17.208 17.173 17.133 17.126 17.101 17.101 17.043 16.998 16.966 16.936 16.836 16.811 16.748 16.688 16.641 16.568 16.538
15.776 15.994 16.169 16.194 16.469 16.419 17.114 17.129 16.841 16.531 16.539 16.619 16.624 16.709 16.781 16.851 16.904 16.946 17.014 17.044 17.091 17.136 17.214 17.249 17.321 17.366 17.399 17.429 17.446 17.473 17.503 17.513 17.538 17.563 17.573 17.573 17.543 17.531 17.558 17.563 17.551 17.551 17.583 17.581 17.516 17.498 17.443 17.466 17.458 17.473 17.503 17.513 17.491 17.453 17.416 17.373 17.348 17.306 17.296 17.296 17.273 17.206 17.171 17.138 17.086 17.036 17.001 16.946 16.913 16.846 16.763 16.716
15.726 15.834 17.066 16.889 17.436 16.626 17.689 17.589 18.026 17.576 16.769 16.679 16.726 16.789 16.854 16.929 16.981 17.051 17.114 17.151 17.179 17.239 17.301 17.376 17.459 17.516 17.579 17.619 17.656 17.648 17.673 17.688 17.708 17.721 17.741 17.731 17.708 17.711 17.728 17.731 17.731 17.718 17.728 17.721 17.711 17.646 17.616 17.626 17.633 17.658 17.698 17.661 17.643 17.626 17.623 17.573 17.521 17.501 17.488 17.468 17.433 17.406 17.366 17.313 17.266 17.221 17.188 17.153 17.081 17.038 16.996 16.928
15.704 15.829 17.416 16.656 16.264 16.711 16.924 18.789 17.964 18.049 17.569 17.116 16.934 16.864 16.961 16.999 17.061 17.116 17.171 17.231 17.269 17.346 17.411 17.504 17.576 17.651 17.716 17.746 17.796 17.826 17.843 17.851 17.886 17.886 17.888 17.878 17.856 17.883 17.866 17.888 17.911 17.908 17.898 17.871 17.813 17.783 17.783 17.828 17.831 17.858 17.861 17.828 17.811 17.801 17.776 17.728 17.693 17.683 17.673 17.656 17.641 17.571 17.541 17.496 17.431 17.421 17.391 17.306 17.271 17.231 17.166 17.108
15.674 15.821 15.976 16.064 16.709 17.414 16.431 17.956 17.349 17.861 17.286 17.556 17.861 17.289 17.136 17.141 17.189 17.194 17.249 17.304 17.346 17.424 17.519 17.629 17.689 17.766 17.821 17.886 17.921 17.966 18.001 18.011 18.036 18.048 18.043 18.018 17.998 17.998 18.026 18.043 18.058 18.048 18.033 18.028 17.966 17.938 17.938 17.971 17.991 18.008 18.021 18.018 17.986 17.971 17.918 17.876 17.868 17.866 17.866 17.821 17.786 17.746 17.721 17.656 17.618 17.588 17.536 17.493 17.458 17.408 17.351 17.301
15.614 15.761 15.896 16.024 16.149 16.294 16.411 17.421 17.861 17.471 16.981 17.071 17.356 17.599 17.989 17.786 17.429 17.416 17.359 17.446 17.459 17.499 17.594 17.676 17.751 17.874 17.941 18.004 18.046 18.086 18.106 18.153 18.188 18.188 18.188 18.213 18.191 18.188 18.176 18.171 18.188 18.206 18.188 18.168 18.126 18.108 18.121 18.141 18.196 18.191 18.186 18.176 18.158 18.138 18.081 18.053 18.076 18.066 18.028 17.998 17.966 17.918 17.896 17.851 17.821 17.763 17.716 17.666 17.636 17.588 17.551 17.498
15.574 15.646 15.744 15.896 16.061 16.229 16.314 17.019 16.661 16.791 16.906 17.041 17.191 17.304 17.439 17.624 18.074 18.161 18.021 17.931 17.646 17.671 17.691 17.781 17.849 17.956 18.046 18.124 18.168 18.198 18.253 18.281 18.288 18.333 18.323 18.333 18.348 18.363 18.338 18.346 18.361 18.363 18.316 18.281 18.256 18.256 18.278 18.328 18.363 18.343 18.326 18.298 18.313 18.268 18.268 18.251 18.238 18.246 18.198 18.163 18.133 18.121 18.086 18.033 17.991 17.958 17.873 17.833 17.798 17.753 17.728 17.678
17.754 15.869 16.491 16.149 16.161 16.159 16.474 16.431 16.649 16.824 16.886 16.966 17.156 17.331 17.504 17.624 17.899 17.826 18.361 18.319 17.974 17.906 17.899 17.954 18.011 18.101 18.146 18.191 18.261 18.301 18.361 18.391 18.416 18.431 18.448 18.446 18.453 18.486 18.488 18.516 18.541 18.523 18.486 18.446 18.403 18.436 18.458 18.493 18.518 18.511 18.498 18.468 18.466 18.441 18.413 18.428 18.423 18.433 18.421 18.358 18.298 18.276 18.266 18.218 18.156 18.108 18.073 18.048 18.008 17.963 17.903 17.851
18.301 16.171 17.346 18.029 17.491 16.519 16.511 16.444 16.714 16.816 16.831 16.919 17.054 17.169 17.354 17.569 17.649 17.826 18.541 18.331 18.151 18.146 18.151 18.176 18.184 18.244 18.341 18.399 18.406 18.436 18.436 18.463 18.528 18.546 18.546 18.561 18.588 18.588 18.591 18.656 18.681 18.676 18.636 18.591 18.603 18.611 18.658 18.658 18.663 18.671 18.656 18.626 18.623 18.598 18.586 18.641 18.631 18.601 18.588 18.561 18.496 18.456 18.416 18.401 18.358 18.311 18.283 18.246 18.206 18.171 18.106 18.043
17.541 16.064 18.026 18.039 18.074 17.474 16.409 16.441 16.674 16.754 16.794 16.846 16.804 16.529 16.971 17.331 17.546 17.831 18.414 19.389 18.264 18.194 18.316 18.454 18.464 18.481 18.549 18.579 18.621 18.613 18.586 18.591 18.623 18.656 18.666 18.688 18.706 18.718 18.748 18.768 18.803 18.793 18.778 18.731 18.748 18.813 18.863 18.868 18.843 18.823 18.798 18.798 18.768 18.763 18.781 18.788 18.798 18.783 18.773 18.733 18.678 18.653 18.636 18.616 18.558 18.513 18.488 18.436 18.403 18.363 18.308 18.271
16.576 15.341 17.106 18.016 17.979 16.869 16.334 16.464 16.621 16.684 16.761 16.751 16.329 16.711 16.596 16.459 17.104 17.659 17.934 18.969 18.259 18.256 18.366 18.469 18.591 18.714 18.806 18.916 18.873 18.808 18.826 18.781 18.753 18.791 18.786 18.798 18.818 18.856 18.881 18.883 18.908 18.906 18.873 18.853 18.891 18.976 19.038 19.043 19.048 19.021 18.983 18.963 18.931 18.911 18.938 18.951 18.966 18.941 18.908 18.916 18.863 18.798 18.813 18.776 18.753 18.723 18.701 18.661 18.588 18.571 18.521 18.481
15.159 14.841 15.129 15.811 16.896 16.196 15.929 16.294 16.449 16.564 16.651 16.549 15.874 15.814 16.229 15.831 16.139 17.839 17.789 17.911 18.029 18.174 18.319 18.456 18.594 18.731 18.829 19.004 19.288 20.316 19.726 19.621 19.106 18.978 18.948 18.946 18.933 18.951 18.966 18.986 19.006 19.018 19.001 19.001 19.036 19.111 19.171 19.196 19.216 19.213 19.183 19.151 19.116 19.098 19.126 19.131 19.103 19.061 19.038 19.066 19.076 18.998 18.988 18.941 18.938 18.913 18.896 18.863 18.803 18.761 18.698 18.653
16.961 15.616 15.186 15.314 15.844 17.366 16.624 15.986 15.869 16.189 16.426 16.161 15.826 16.146 15.819 15.834 17.146 18.256 17.751 17.846 17.984 18.084 18.241 18.394 18.556 18.709 18.871 19.014 20.526 20.966 19.901 19.936 20.401 19.876 19.433 19.386 19.121 19.031 19.053 19.091 19.118 19.133 19.138 19.153 19.188 19.258 19.276 19.316 19.338 19.351 19.363 19.346 19.323 19.331 19.338 19.336 19.261 19.208 19.193 19.183 19.171 19.141 19.136 19.131 19.113 19.093 19.061 19.028 18.991 18.946 18.916 18.876
17.674 17.554 15.799 15.329 17.071 19.531 19.199 18.006 16.164 15.764 15.791 15.739 16.924 18.486 17.516 16.509 17.736 17.564 17.649 17.806 17.931 18.036 18.171 18.241 18.454 18.681 18.856 19.344 21.473 19.961 19.291 19.198 19.193 19.506 19.643 19.706 20.353 19.983 19.401 19.256 19.263 19.283 19.321 19.308 19.331 19.373 19.401 19.443 19.461 19.471 19.513 19.501 19.501 19.521 19.513 19.491 19.446 19.433 19.368 19.326 19.306 19.278 19.273 19.296 19.276 19.263 19.236 19.208 19.158 19.121 19.116 19.078
17.654 16.639 15.279 15.474 20.066 21.044 20.461 19.876 19.176 17.861 16.781 16.146 18.046 18.481 18.491 17.961 17.586 17.481 17.619 17.749 17.876 18.014 18.131 18.196 18.209 18.484 19.001 20.531 20.931 19.426 19.223 19.203 19.151 19.236 19.248 19.196 19.241 20.053 19.828 19.803 19.558 19.478 19.448 19.468 19.496 19.528 19.551 19.578 19.603 19.631 19.628 19.621 19.651 19.673 19.698 19.671 19.663 19.661 19.596 19.546 19.483 19.456 19.443 19.476 19.471 19.426 19.378 19.358 19.336 19.301 19.308 19.268
16.984 15.756 15.259 17.049 20.789 21.324 21.546 21.159 20.544 19.929 19.344 18.799 18.536 18.489 18.481 17.509 17.294 17.414 17.564 17.699 17.819 17.991 18.166 18.179 18.226 18.379 19.114 21.391 19.948 19.316 19.231 19.186 19.191 19.216 19.248 19.221 19.233 19.586 19.733 19.923 20.021 19.938 19.853 19.798 19.678 19.706 19.691 19.738 19.751 19.746 19.741 19.758 19.781 19.841 19.841 19.818 19.833 19.828 19.798 19.786 19.713 19.661 19.621 19.653 19.643 19.593 19.563 19.543 19.513 19.481 19.481 19.448
14.976 15.251 15.789 17.804 19.414 20.101 20.736 21.274 21.514 21.219 20.621 20.026 19.439 17.366 16.841 17.144 17.274 17.359 17.411 17.459 17.706 18.159 18.279 18.219 18.469 18.661 19.561 21.126 19.778 19.176 19.186 19.191 19.243 19.181 19.218 19.228 19.551 19.583 19.651 19.743 19.851 20.008 20.196 20.288 20.223 20.078 20.053 20.018 19.913 19.896 19.873 19.883 19.921 19.946 19.936 19.968 20.006 19.998 20.001 19.968 19.943 19.886 19.856 19.851 19.851 19.778 19.738 19.716 19.681 19.691 19.676 19.668
14.859 15.101 15.504 16.184 16.724 18.544 19.641 20.901 20.851 21.226 21.516 21.316 19.516 15.969 16.806 16.969 17.234 17.309 18.281 17.459 17.441 18.076 18.176 18.431 18.774 18.931 20.984 20.754 19.923 19.113 19.158 19.228 19.208 19.223 19.203 19.288 19.481 19.556 19.623 19.698 19.756 19.826 19.936 20.118 20.328 20.483 20.716 21.048 20.408 20.118 20.058 20.058 20.056 20.068 20.076 20.083 20.118 20.131 20.143 20.128 20.116 20.091 20.086 20.073 20.038 20.001 19.988 19.923 19.881 19.846 19.861 19.853
14.704 15.169 15.546 15.734 15.781 15.889 16.884 18.819 19.356 19.976 20.584 21.141 17.454 16.299 18.676 17.909 17.071 17.506 19.034 18.476 18.404 17.219 17.651 18.181 18.781 19.679 21.154 21.076 20.088 19.013 19.128 19.183 19.296 19.363 19.273 19.378 19.596 19.551 19.618 19.708 19.768 19.836 19.916 20.001 20.103 20.266 20.511 20.763 20.953 21.211 21.321 20.196 20.221 20.213 20.201 20.203 20.216 20.173 20.206 20.248 20.243 20.273 20.291 20.251 20.236 20.196 20.183 20.101 20.058 20.068 20.081 20.076
15.356 16.311 15.296 15.569 15.676 15.729 15.754 15.771 16.834 17.814 19.139 19.396 15.994 17.501 21.709 21.449 20.424 19.991 20.256 19.804 18.476 17.181 17.199 18.589 21.036 20.134 19.859 20.184 19.561 19.023 19.103 19.181 19.243 19.318 19.356 19.426 19.463 19.521 19.581 19.678 19.776 19.871 19.966 20.021 20.098 20.213 20.421 20.523 20.633 20.828 21.348 21.873 20.526 20.403 20.421 20.358 20.311 20.326 20.311 20.353 20.366 20.403 20.436 20.441 20.411 20.371 20.341 20.288 20.283 20.326 20.328 21.496
16.156 15.926 15.136 15.329 15.519 15.714 15.911 15.884 15.796 16.084 16.526 16.829 15.969 19.174 22.691 22.819 22.739 22.296 21.806 20.491 19.991 19.054 19.276 20.516 20.841 18.931 18.561 18.711 18.866 18.976 19.086 19.186 19.243 19.273 19.353 19.401 19.436 19.506 19.608 19.668 19.773 19.861 19.961 20.036 20.133 20.296 20.491 20.528 20.553 20.658 20.886 22.093 21.321 20.783 20.888 20.468 21.671 20.438 20.396 20.441 20.471 20.511 20.568 20.553 20.558 20.503 20.493 20.503 20.533 20.578 20.621 21.503
