All_lidar/sz6191_DSM_2M.asc
ncols 500
nrows 500
xllcorner    461000
yllcorner    91000
cellsize     2
NODATA_value -9999
[rows 0 to 31 of 500, columns 216 to 287 of 500]
11.885 11.563 11.425 11.343 11.27 11.148 10.993 10.823 10.608 10.198 9.76 9.355 9.005 8.675 8.418 8.135 7.915 7.633 7.35 7.058 6.803 6.545 6.843 7.22 8.488 8.57 6.643 5.268 5.303 5.215 5.053 4.815 4.728 4.73 4.71 5.045 5.393 4.508 4.45 4.44 4.475 6.203 7.58 8.455 8.603 7.81 6.65 4.115 3.873 9.545 6.795 4.35 4.158 3.945 5.075 5 4.023 4.263 5.09 5.55 3.875 8.448 13.37 12.188 10.805 7.62 5.273 3.213 6.153 6.803 8.908 10.458
11.71 11.568 11.508 11.45 11.36 11.17 11.013 10.825 10.538 10.12 9.648 9.255 8.9 8.665 8.458 8.183 7.93 7.65 7.355 7.115 6.835 6.56 6.29 6.213 6.245 6.54 5.495 5.36 5.34 5.233 4.913 4.785 4.765 4.718 4.71 5.418 4.59 4.508 4.453 4.348 5.378 7.35 8.29 8.68 7.973 7.1 4.485 3.828 3.968 7.28 5.105 4.405 4.395 3.983 3.878 3.81 3.875 4.375 3.898 3.56 4.573 11.448 14.15 15.105 12.238 4.968 2.998 3.373 4.54 5.5 3.958 5.458
11.778 11.645 11.618 11.553 11.415 11.2 10.97 10.723 10.38 10.003 9.58 9.138 8.815 8.613 8.378 8.143 7.883 7.695 7.335 7.085 6.843 6.583 6.353 6.105 5.923 5.683 5.5 5.403 5.345 5.085 4.825 4.91 4.8 4.775 4.76 4.61 4.59 4.523 4.373 4.823 7.125 8.065 8.718 8.13 6.64 5.278 5.05 3.868 3.895 4.033 4.32 4.478 4.415 4.208 3.963 3.778 3.903 3.76 3.553 3.583 4.46 11.575 14.125 10.56 4.743 2.898 3.168 3.375 3.18 2.738 2.718 2.698
11.79 11.74 11.718 11.575 11.358 11.165 10.923 10.6 10.283 9.92 9.473 9.108 8.848 8.565 8.358 8.113 7.86 7.685 7.365 7.055 6.775 6.598 6.37 6.14 5.943 5.718 5.568 5.413 5.178 4.86 4.89 4.86 4.988 4.885 4.745 4.675 4.565 4.458 4.6 6.773 7.935 8.698 8.288 7.453 4.77 3.835 3.775 4.73 10.515 5.363 4.358 4.758 5.96 9.76 4.028 3.843 3.655 3.57 3.603 3.978 6.46 5.44 5.783 4.233 3.225 5.11 3.905 3.275 2.783 2.748 2.678 2.713
11.898 11.838 11.735 11.518 11.28 11.065 10.78 10.468 10.16 9.808 9.405 9.09 8.84 8.63 8.38 8.143 7.873 7.643 7.308 7.035 6.753 6.553 6.353 6.16 5.965 6.655 6.528 5.628 5.198 5.223 5.258 4.74 4.843 4.778 4.768 4.695 4.458 4.283 6.285 7.783 8.618 8.5 7.62 5.705 4.125 3.845 3.813 4.408 11.74 9.468 4.423 4.525 8.133 9.91 4.705 3.853 3.603 3.603 3.63 5.133 7.863 4.303 3.198 3.4 3.153 5.77 4.62 3.038 2.698 2.798 2.698 2.675
11.985 11.905 11.753 11.463 11.21 10.943 10.653 10.365 10.038 9.723 9.395 9.098 8.798 8.553 8.315 8.113 7.86 7.558 7.265 6.965 6.755 6.52 6.363 6.19 6.99 7.918 7.755 6.598 5.488 5.665 5.195 4.858 4.745 4.74 4.728 4.558 4.363 4.163 4.158 6.715 8.583 7.81 6.003 4.183 3.855 3.905 4.05 4.19 5.585 8.145 4.695 4.338 4.785 4.95 3.87 3.628 3.64 3.613 4.245 7.26 5.408 3.465 3.053 2.99 2.97 3.513 5.345 3.445 2.725 2.663 2.613 2.695
12.058 11.943 11.733 11.465 11.155 10.83 10.575 10.303 9.975 9.665 9.338 9.035 8.765 8.52 8.318 8.115 7.758 7.465 7.248 6.968 6.753 6.555 6.388 6.193 7.243 8.013 7.35 6.86 6.778 5.815 5.243 5.175 4.783 4.745 4.663 4.583 4.713 4.218 4.148 4.3 6.195 7.033 4.518 3.89 4.073 6.24 5.393 4.5 4.463 4.665 4.865 4.633 4.305 3.895 3.675 3.628 3.645 3.745 4.365 4.27 3.215 3.018 3.143 3.09 2.905 2.758 2.733 2.683 2.668 2.615 2.663 2.658
12.08 11.92 11.678 11.41 11.065 10.763 10.485 10.18 9.89 9.645 9.308 9.035 8.738 8.51 8.31 8.07 7.698 7.45 7.205 6.965 6.738 6.553 6.348 6.743 7.765 7.623 7.228 6.595 7.143 7.675 6.303 5.33 4.823 4.688 4.628 5.48 7.088 5.345 4.303 4.108 3.98 3.878 3.953 4.043 4.235 5.068 5.9 4.64 4.483 4.363 4.285 4.668 4.283 3.675 3.665 3.663 3.74 4.77 5.945 3.298 2.95 3.085 4.805 3.173 2.788 2.78 2.703 2.683 2.618 2.655 2.673 2.663
12.085 11.87 11.603 11.265 10.978 10.68 10.41 10.135 9.873 9.598 9.275 8.97 8.703 8.52 8.325 8.088 7.753 7.455 7.175 6.958 6.68 6.5 6.97 8.32 8.135 7.245 7.468 7.033 7.25 7.28 6.585 5.385 4.92 4.75 4.93 7.19 7.733 8.638 7.013 4.315 4.055 4.015 4.055 5.878 10.918 10.178 7.353 5.19 4.5 4.58 4.153 4.14 3.773 3.738 3.665 3.853 5.023 4.063 7.463 4.16 3.553 3.07 2.935 2.78 2.783 2.748 2.71 2.698 2.67 2.68 2.645 2.64
12.003 11.773 11.468 11.14 10.815 10.538 10.31 10.14 9.87 9.615 9.313 8.98 8.72 8.53 8.333 8.058 7.733 7.423 7.148 6.895 6.635 6.643 7.748 8.02 7.94 7.603 8.52 7.94 7.108 6.848 5.59 5.105 4.888 4.78 6.903 7.218 9.018 8.925 8.115 5.883 4.178 4.15 4.588 6.008 6.975 9.305 5.535 4.675 4.503 4.523 4.508 3.758 3.71 3.73 3.77 6.213 6.175 4.18 5.905 7.098 4.385 2.913 2.763 2.77 2.778 2.733 2.715 2.705 2.708 2.69 2.638 2.64
11.963 11.67 11.315 11.043 10.738 10.475 10.333 10.21 10.99 10.475 10.733 10.443 8.743 8.528 8.28 8.038 7.685 7.433 7.178 6.825 6.715 7.045 7.2 7.51 7.413 7.685 7.828 7.17 5.845 5.405 5.188 5.018 4.79 6.428 7.993 8.448 9.115 8.335 7.135 4.745 4.24 4.24 10.34 7.815 5.165 4.843 4.558 4.538 4.763 4.095 3.778 3.698 3.723 3.778 4.13 3.703 3.228 3.308 3.593 6.865 3.66 2.8 2.773 2.778 2.763 2.783 2.75 2.698 2.668 2.673 2.628 2.61
11.948 11.565 11.208 10.94 10.68 10.51 12.018 13.538 13.643 15.358 18.183 18.86 9.543 8.515 8.27 7.988 7.658 7.388 7.13 7.12 8.293 8.05 7.16 6.913 7.333 7.393 7.623 6.353 5.378 5.298 5.1 5.568 6.47 7.69 8.668 9.183 8.52 7.395 4.93 4.628 4.733 4.323 7.333 7.65 4.523 5.1 4.65 4.518 4.31 3.878 4.773 4.6 3.738 3.898 4.335 3.31 3.163 3.165 4.025 3.628 3.213 2.813 2.795 2.758 2.76 2.76 2.723 2.69 2.635 2.625 2.615 2.578
11.9 11.468 11.168 10.895 10.618 10.793 13.665 19.288 15.645 18.22 20.338 17.83 13.293 8.545 8.275 8.008 7.625 7.34 7.113 7.61 8.77 7.923 6.37 6.103 7.058 7.095 6.703 5.805 5.373 5.183 4.945 5.688 7.508 8.503 9.203 8.74 7.628 5.625 4.945 5.793 8.655 5.428 4.438 5.633 4.44 5.888 7.655 4.19 3.87 6.348 10.843 11.515 10.055 8.153 7.288 4.778 3.343 3.18 3.125 2.925 2.87 2.798 2.79 2.76 2.78 2.74 2.695 2.663 2.63 2.643 2.593 2.56
11.833 11.445 11.105 10.855 11.335 17.138 15.15 13.413 17.603 16.748 20.313 14.325 16.598 10.045 8.59 7.96 7.58 7.278 7.355 8.748 8.348 7.83 7.618 6.138 5.723 6.003 6.003 5.453 5.313 5.118 5.098 7.035 8.29 9.143 8.918 8.015 6.175 4.443 5.828 7.02 6.953 5.903 4.87 4.753 4.585 4.59 4.238 3.9 5.018 10.688 13.883 15.005 13.118 13.533 8.3 3.755 3.048 3.323 3.413 2.973 2.865 2.833 2.83 2.793 2.74 2.713 2.708 2.653 2.623 2.608 2.568 2.53
11.785 11.413 11.113 10.885 12.768 15.44 13.258 11.013 11.453 15.89 10.698 10.968 12.26 10.933 8.508 7.83 7.495 7.79 8.865 8.478 8.04 7.493 8.718 7.223 5.705 5.578 5.52 5.38 5.233 5.04 6.68 8.148 9.033 9.088 8.183 6.393 4.47 4.665 6.073 6.113 5.583 5.315 4.653 4.715 4.515 4.45 4.068 3.8 4.84 11.773 14.088 16.095 14.063 12.813 8.883 3.958 3.95 4.75 3.133 2.913 2.868 2.865 2.81 2.765 2.718 2.705 2.688 2.653 2.613 2.605 2.53 2.495
11.683 11.408 11.16 10.93 11.26 19.095 13.283 10.173 10.015 14.935 12.735 9.178 19.1 13.285 8.98 7.793 7.7 9.223 9.373 8.505 6.75 6.783 6.885 6.55 6.053 5.663 5.54 5.368 4.923 6.17 7.958 8.86 9.168 8.41 6.785 4.878 5.018 5.62 5.223 5.463 6.708 4.768 4.673 4.483 4.548 4.34 3.83 3.873 3.818 8.138 12.628 11.54 12.718 9.655 6.758 5.755 9.283 4.558 2.96 2.88 2.833 2.838 2.803 2.79 2.738 2.718 2.685 2.668 2.61 2.585 2.528 2.455
11.63 11.39 11.185 10.96 10.758 13.358 11.695 11.823 10.01 9.78 9.523 9.095 8.7 11.835 9.54 7.783 8.67 9.513 11.335 10.093 6.873 6.73 6.69 6.66 6.653 5.87 5.633 5.293 6.443 7.663 8.658 9.228 8.62 7.76 5.045 4.63 6.055 5.685 5.163 4.758 5.048 4.808 4.683 5.06 4.983 3.863 3.893 3.888 4.035 5.088 8.84 12.79 15.113 8.773 7.378 5.515 3.275 3.2 2.96 2.94 2.91 2.843 2.775 2.758 2.738 2.7 2.66 2.638 2.593 2.545 2.48 2.4
11.608 11.368 11.125 10.958 10.743 10.555 10.345 10.168 9.963 9.715 9.408 9.1 8.698 8.4 8.108 9.168 9.285 9.235 9.443 8.89 6.935 6.693 6.655 6.598 6.62 6.048 5.79 6.82 8.8 8.425 9.218 8.83 7.95 5.445 4.535 5.648 5.965 5.098 4.665 4.655 4.675 4.62 4.58 4.775 3.953 3.865 3.905 3.878 4.55 4.43 4.048 8.22 15.185 4.158 10.348 8.028 3.145 2.895 2.888 2.94 2.913 2.885 2.845 2.76 2.748 2.713 2.678 2.645 2.608 2.515 2.448 2.378
11.613 11.41 11.138 10.913 10.74 10.585 10.398 10.238 9.983 9.713 9.388 9.008 8.675 8.333 9.14 9.893 8.433 8.438 7.458 6.783 7.22 7.513 6.64 6.473 6.263 6.005 5.968 6.65 6.07 7.745 9.008 8.118 6.065 4.603 5.078 5.66 5.258 5.133 4.585 4.493 4.678 4.533 4.275 4.008 3.918 4.53 8.203 6.403 9.67 3.923 3.158 3.533 10.56 5.903 15.763 9.643 2.955 2.915 2.873 2.875 2.888 2.873 2.855 2.795 2.748 2.69 2.66 2.62 2.588 2.488 2.398 2.358
11.618 11.403 11.178 10.928 10.708 10.54 10.373 10.235 9.973 9.685 9.33 8.993 8.645 9.11 10.185 9.233 7.965 8.273 7.313 6.785 7.088 8 6.768 6.365 6.133 6.148 7.855 9.363 7.695 5.883 6.55 6.923 4.703 5.315 8.398 5.31 5.133 5.458 5.238 4.573 4.35 4.405 4.085 3.965 3.92 5.333 10.858 8.2 8.518 3.19 3.443 3.185 5.515 4.43 5.868 4.198 2.96 2.915 2.878 2.86 2.818 2.8 2.828 2.795 2.795 2.705 2.643 2.628 2.54 2.478 2.403 2.375
11.635 11.42 11.175 10.895 10.673 10.493 10.32 10.16 9.905 9.648 9.298 8.95 8.883 9.338 10.315 8.748 7.59 6.98 6.883 7.333 8.258 8.578 7.58 6.378 6.023 7.1 9.193 10.058 10.503 8.783 6.2 6.093 6.955 9.268 10.91 6.113 5.133 5.248 5.253 4.48 4.37 4.565 4.688 4.013 4.628 4.993 11.688 9.795 3.403 3.215 3.808 3.395 3.42 4.915 3.89 2.98 2.96 2.913 2.88 2.855 2.795 2.755 2.768 2.74 2.775 2.723 2.65 2.588 2.505 2.445 2.385 2.38
11.68 11.413 11.17 10.93 10.705 10.515 10.308 10.128 9.88 9.605 9.27 9.01 9.45 10.095 9.638 8.268 7.308 7.178 8.288 8.625 8.84 8.255 7.163 6.21 6.73 8.953 9.885 10.54 9.973 8.795 6.498 5.37 13.705 10.395 13.815 14.403 8.458 4.998 4.848 4.573 4.553 8.258 12.538 10.51 11.385 10.348 6.128 6.943 3.31 4.005 3.545 3.358 3.028 3.01 3.013 3 2.968 2.928 2.888 2.848 2.808 2.8 2.738 2.698 2.688 2.67 2.633 2.568 2.463 2.43 2.375 2.348
11.67 11.405 11.128 10.905 10.705 10.52 10.345 10.075 9.88 9.605 9.313 9.56 8.95 9.355 10.265 8.71 7.755 7.435 7.118 8.755 8.815 7.12 6.478 6.43 8.705 9.708 10.48 10.138 9.145 7.658 5.628 5.86 10.638 15.215 13.34 15.188 6.338 4.993 4.573 4.653 5.213 13.65 17.08 14.683 15.12 16.75 5.588 3.313 4.508 7.64 3.883 3.065 3.068 3.03 2.98 2.973 2.953 2.933 2.873 2.818 2.778 2.758 2.753 2.705 2.648 2.608 2.573 2.563 2.448 2.413 2.363 2.348
11.613 11.425 11.12 10.925 10.698 10.508 10.305 10.065 9.865 9.593 9.9 9.508 10.368 9.898 9.92 8.763 8.898 8.635 7.553 9.023 8.075 6.798 6.113 8.213 9.54 10.41 10.303 9.435 8.215 5.72 9.303 12.995 11.87 8.003 10.118 13.163 4.638 4.79 4.63 4.365 6.68 16.873 20.06 18.755 18.368 19.513 14.08 5.08 4.63 3.843 3.085 3.065 3.053 2.993 2.978 2.943 2.913 2.9 2.85 2.83 2.775 2.735 2.735 2.68 2.655 2.588 2.55 2.503 2.435 2.413 2.393 2.365
11.565 11.338 11.11 10.9 10.688 10.49 10.293 10.05 9.818 10.563 10.195 9.175 10.103 9.765 9.168 8.903 10.62 10.71 9.103 8.04 7.485 7.605 7.99 9.318 10.248 10.06 9.543 8.093 5.718 5.833 11.54 16.943 14.268 10.175 5.708 8.458 4.688 5.873 4.48 4.193 12.93 18.558 16.118 20.313 18.258 19.708 15.193 8.568 3.378 3.27 3.135 3.053 3.02 2.965 2.97 2.95 2.89 2.855 2.798 2.805 2.753 2.765 2.705 2.655 2.633 2.603 2.545 2.518 2.435 2.448 2.375 2.378
11.528 11.325 11.15 10.905 10.648 10.445 10.265 10.063 9.888 12.223 10.645 10.063 10.483 10.94 9.658 10.05 9.688 9.255 8.53 7.963 7.933 7.9 8.303 9.97 10.533 9.84 8.755 6.165 5.703 6.128 8.253 15.023 14.28 8 5.048 6.418 8.73 8.633 4.295 6.733 14.755 17.06 20.558 20.988 19.165 19.023 15.69 11.688 5.093 4.433 3.168 3.05 3.005 2.955 2.938 2.908 2.885 2.83 2.79 2.77 2.765 2.76 2.753 2.65 2.618 2.573 2.548 2.523 2.433 2.433 2.395 2.373
11.543 11.305 11.138 10.918 10.665 10.443 10.24 10.615 11.463 12.248 11.598 11.463 11.82 11.748 12.523 12.27 9.538 8.653 8.283 8.79 9.77 9.06 7.143 6.735 9.535 9.15 6.498 5.793 5.843 6.683 7.87 9 12.743 6.278 4.858 4.515 7.865 5.648 4.738 9.895 15.035 17.843 20.345 20.36 18.108 17.83 14.12 4.693 4.923 4.455 3.185 3.08 3.015 2.97 2.925 2.893 2.843 2.843 2.808 2.818 2.758 2.758 2.73 2.66 2.623 2.553 2.545 2.515 2.44 2.433 2.428 2.425
11.555 11.325 11.118 10.89 10.648 10.435 10.51 11.723 11.79 11.883 11.998 10.643 11.38 11.738 12.258 11.853 10.315 8.5 8.533 9.91 8.88 9.57 9.97 7.24 6.305 7.415 7.223 6.928 6.073 6.518 7.373 7.118 5.818 5.45 6.765 6.423 10.318 4.433 5.565 11.853 15.048 13.74 18.868 19.803 16.343 14.523 9.705 3.463 3.263 3.455 3.13 3.09 3.083 3.025 2.965 2.89 2.838 2.833 2.768 2.793 2.763 2.778 2.76 2.645 2.59 2.538 2.558 2.508 2.478 2.493 2.453 2.403
11.593 11.363 11.135 10.955 10.688 10.488 11.298 12.485 10.14 10.873 11.408 10.253 10.188 10.153 11.36 11.695 10.708 9.068 9.805 10.055 9.453 8.678 9.818 8.273 8.025 6.84 7.313 6.708 6.08 6.77 6.495 6.24 5.6 5.288 8.275 5.558 5.023 5.973 9.098 14.668 15.08 12.758 16.588 16.613 18.34 18.518 11.325 3.705 3.263 3.188 3.09 3.035 3.03 3.025 2.993 2.945 2.883 2.84 2.78 2.763 2.76 2.73 2.698 2.658 2.588 2.52 2.523 2.498 2.483 2.48 2.445 2.393
11.605 11.398 11.163 10.948 10.723 12.198 12.968 11.268 10.983 10.843 10.88 10.748 9.42 10.513 9.55 9.983 11.298 9.845 11.555 9.003 9.938 9.175 7.808 7.148 6.875 6.645 6.598 6.31 6.92 7.505 6.553 5.73 5.818 6.123 5.388 6.09 11.795 14.188 16.988 17.253 15.263 16.503 11.973 15.935 17.23 20.708 17.745 5.198 3.27 3.205 3.12 3.045 2.983 2.965 2.983 2.96 2.93 2.885 2.803 2.768 2.72 2.713 2.665 2.648 2.575 2.553 2.533 2.475 2.478 2.478 2.49 2.413
11.678 11.43 11.165 10.97 11.893 13.46 13.605 13.083 15.638 11.185 10.905 10.13 10.348 11.355 9.96 10.705 9.95 9.6 11.043 8.163 8.953 9.68 8.613 7.195 6.933 6.838 7.893 11.765 6.725 8.06 7.578 8.065 11.323 9.905 5.79 11.085 17.028 20.365 21.72 21.123 16.375 16.553 14.783 12.853 16.23 18.355 16.463 7.408 3.253 3.193 3.165 3.108 3.035 2.958 2.925 2.93 2.953 2.928 2.84 2.795 2.743 2.69 2.67 2.6 2.588 2.538 2.523 2.498 2.455 2.47 2.458 2.433
11.688 11.445 11.193 11.69 13.155 15.123 15.828 11.063 13.563 12.735 11.475 10.428 9.698 10.583 9.598 9.833 9.185 10.485 9.738 8.453 8.24 8.828 7.88 7.418 7.165 7.888 8.733 6.438 6.858 9.855 9.478 8.71 11.935 7.523 11.343 17.195 19.243 20.66 23.625 22.655 17.783 15.903 13.783 9.088 10.67 15.96 9.723 5.073 3.268 3.205 3.163 3.108 3.058 2.995 2.955 2.94 2.888 2.898 2.875 2.838 2.82 2.755 2.683 2.633 2.563 2.54 2.513 2.508 2.455 2.473 2.475 2.443
