All_lidar/sz6185_DSM_2M.asc
ncols 500
nrows 500
xllcorner    461000
yllcorner    85000
cellsize     2
NODATA_value -9999
[rows 448 to 479 of 500, columns 288 to 359 of 500]
0.046 0.174 0.292 0.433 0.413 0.436 0.437 0.386 0.391 0.422 0.424 0.445 0.284 0.13 0.016 -0.139 -0.221 -0.312 -0.358 -0.4 -0.391 -0.365 -0.315 -0.22 -0.105 0.027 -0.137 -0.255 -0.273 -0.311 -0.31 -0.313 -0.312 -0.275 -0.272 -0.235 -0.178 -0.298 -0.437 -0.525 -0.635 -0.674 -0.733 -0.762 -0.85 -0.89 -0.892 -0.939 -1.034 -1.145 -1.235 -1.29 -1.294 -1.34 -1.351 -1.357 -1.346 -1.329 -1.28 -0.617 -0.434 -0.269 -0.088 0.18 0.424 0.698 1.123 1.424 1.613 1.625 1.603 1.58
-0.052 0.068 0.165 0.384 0.463 0.43 0.47 0.495 0.436 0.469 0.482 0.488 0.326 0.201 0.052 -0.066 -0.164 -0.246 -0.27 -0.313 -0.343 -0.291 -0.233 -0.226 -0.14 -0.05 -0.089 -0.178 -0.245 -0.277 -0.318 -0.323 -0.361 -0.338 -0.311 -0.256 -0.377 -0.465 -0.542 -0.685 -0.808 -0.845 -0.877 -0.901 -1.002 -1.05 -1.053 -1.107 -1.155 -1.274 -1.358 -1.388 -1.419 -1.421 -1.408 -1.42 -1.426 -1.418 -0.879 -0.773 -0.639 -0.464 -0.259 -0.043 0.182 0.491 0.808 1.175 1.598 1.533 1.498 1.498
-0.127 -0.015 0.091 0.234 0.37 0.431 0.586 0.64 0.603 0.559 0.603 0.554 0.404 0.285 0.217 -0.03 -0.148 -0.207 -0.235 -0.252 -0.278 -0.284 -0.249 -0.204 -0.144 -0.047 -0.086 -0.162 -0.208 -0.267 -0.307 -0.358 -0.385 -0.382 -0.426 -0.472 -0.536 -0.653 -0.741 -0.853 -0.951 -1.028 -1.048 -1.069 -0.449 -0.597 -1.197 -1.233 -1.296 -1.405 -1.504 -1.488 -1.541 -1.51 -1.467 -1.495 -1.516 -1.467 -1.461 -1.423 -0.815 -0.636 -0.417 0.542 0.712 0.908 1.056 1.305 1.497 1.485 1.473 1.481
-0.233 -0.146 -0.013 0.151 0.25 0.376 0.543 0.677 0.713 0.664 0.714 0.598 0.487 0.299 0.226 0.045 -0.061 -0.142 -0.157 -0.199 -0.255 -0.219 -0.237 -0.162 -0.139 -0.094 -0.133 -0.2 -0.267 -0.342 -0.388 -0.481 -0.536 -0.608 -0.644 -0.692 -0.735 -0.796 -0.874 -0.991 -1.07 -1.152 -1.188 -1.219 -0.612 -0.753 -1.302 -1.333 -1.399 -1.475 -1.546 -1.585 -1.555 -1.564 -1.54 -1.532 -1.538 -1.502 -1.5 -1.485 -1.279 -0.013 0.173 0.411 0.62 -0.283 -0.003 0.383 1.388 1.437 1.327 -0.16
-0.282 -0.185 -0.104 0.035 0.166 0.312 0.514 0.626 0.848 0.885 0.862 0.657 0.477 0.324 0.176 0.074 -0.027 -0.109 -0.133 -0.204 -0.236 -0.216 -0.215 -0.185 -0.181 -0.264 -0.303 -0.36 -0.416 -0.526 -0.591 -0.659 -0.301 -0.796 -0.843 -0.904 -0.958 -1.008 -1.029 -1.102 -1.208 -1.259 -1.322 -1.332 -1.352 -1.318 -1.366 -1.4 -1.463 -1.499 -1.541 -1.602 -1.667 -1.629 -1.552 -1.536 -1.56 -1.555 -1.544 -1.393 -0.344 -0.112 0.058 -0.805 -0.551 -0.288 0.045 0.183 0.283 0.041 -0.156 -0.356
-0.313 -0.231 -0.134 -0.036 0.161 0.305 0.445 0.662 0.82 0.779 0.757 0.662 0.509 0.412 0.259 0.13 0.012 -0.057 -0.117 -0.2 -0.203 -0.225 -0.301 -0.368 -0.417 -0.489 -0.536 -0.604 -0.606 -0.716 -0.805 -0.472 -0.547 -0.618 -0.654 -1.065 -1.131 -1.158 -1.214 -1.225 -1.284 -0.844 -0.923 -1.405 -1.43 -1.391 -1.436 -1.469 -1.521 -1.627 -1.651 -1.631 -1.644 -1.659 -1.614 -1.594 -1.584 -1.551 -1.537 -1.425 -1.293 -0.242 -1.013 -0.781 -0.551 -0.309 -0.202 -0.097 0.002 -0.108 -0.334 -0.538
-0.327 -0.251 -0.204 -0.056 0.078 0.221 0.419 0.628 0.633 0.615 0.453 0.365 0.229 0.137 0.06 -0.036 -0.095 -0.203 -0.275 -0.354 -0.414 -0.466 -0.529 -0.532 -0.599 -0.649 -0.724 -0.754 -0.814 -0.896 -0.961 -0.683 -0.801 -0.873 -0.905 -1.232 -0.929 -0.916 -1.314 -1.379 -0.991 -1.065 -1.097 -1.447 -1.448 -1.459 -1.504 -1.526 -1.562 -1.558 -1.614 -1.654 -1.649 -1.669 -1.654 -1.476 -1.587 -1.594 -1.503 -1.404 -1.298 -1.121 -0.988 -0.758 -0.582 -0.483 -0.332 -0.244 -0.251 -0.255 -0.434 -0.615
-0.333 -0.266 -0.2 -0.091 0.015 0.142 0.321 0.392 0.299 0.218 0.14 0.055 0.037 -0.088 -0.174 -0.254 -0.316 -0.374 -0.488 -0.544 -0.621 -0.66 -0.7 -0.709 -0.771 -0.833 -0.892 -0.937 -1.003 -1.059 -1.134 -0.896 -0.983 -1.067 -1.142 -1.144 -1.086 -1.093 -1.116 -1.449 -1.464 -1.481 -1.475 -1.264 -1.483 -1.477 -1.491 -1.519 -1.518 -1.591 -1.577 -1.624 -1.494 -1.687 -1.451 -1.438 -1.624 -1.565 -1.461 -1.329 -1.199 -1.071 -0.956 -0.815 -0.699 -0.601 -0.477 -0.483 -0.501 -0.539 -0.517 -0.694
-0.336 -0.294 -0.213 -0.137 -0.025 0.147 0.185 0.058 0.013 -0.039 -0.057 -0.134 -0.148 -0.277 -0.344 -0.46 -0.507 -0.549 -0.648 -0.717 -0.787 -0.806 -0.843 -0.875 -0.916 -0.635 -0.712 -0.81 -1.16 -1.202 -1.248 -1.308 -1.394 -1.264 -1.339 -1.302 -1.272 -1.261 -1.302 -1.528 -1.478 -1.495 -1.479 -1.352 -1.38 -1.515 -1.52 -1.515 -1.55 -1.44 -1.514 -1.615 -1.427 -1.513 -1.411 -1.602 -1.584 -1.486 -1.35 -1.235 -1.165 -1.094 -0.987 -0.869 -0.761 -0.724 -0.75 -0.645 -0.736 -0.733 -0.698 -0.767
-0.325 -0.288 -0.221 -0.153 -0.065 0.024 -0.062 -0.166 -0.254 -0.253 -0.248 -0.36 -0.389 -0.457 -0.58 -0.635 -0.683 -0.721 -0.8 -0.86 -0.903 -0.944 -0.676 -0.733 -0.734 -0.821 -0.904 -1 -1.287 -1.337 -1.356 -1.41 -1.481 -1.381 -1.412 -1.432 -1.469 -1.44 -1.569 -1.647 -1.569 -1.567 -1.398 -0.696 -0.593 -0.466 -0.308 -1.438 -1.439 -1.448 -1.508 -1.57 -1.289 -1.317 -1.605 -1.541 -1.48 -1.405 -1.305 -1.228 -1.194 -1.134 -1.051 -0.979 -0.826 -0.853 -0.913 -0.887 -0.874 -0.889 -0.809 -0.887
-0.428 -0.364 -0.297 -0.202 -0.148 -0.219 -0.281 -0.334 -0.433 -0.466 -0.458 -0.547 -0.584 -0.651 -0.752 -0.792 -0.857 -0.888 -0.94 -0.995 -1.039 -1.089 -0.846 -0.881 -1.177 -1.033 -1.299 -1.327 -1.4 -1.277 -1.44 -1.502 -1.509 -1.515 -1.546 -1.578 -1.611 -1.602 -1.602 -1.631 -1.591 -1.064 -0.967 -0.894 -0.766 -0.647 -0.486 -0.301 -1.38 -0.621 -0.791 -1.441 -1.508 -1.059 -1.512 -1.458 -1.441 -1.401 -1.351 -1.325 -1.306 -1.232 -1.175 -1.038 -1.017 -1.077 -1.088 -1.132 -1.027 -0.952 -0.968 -1.023
-0.537 -0.479 -0.409 -0.344 -0.301 -0.389 -0.429 -0.532 -0.598 -0.654 -0.681 -0.727 -0.748 -0.841 -0.919 -0.969 -1.002 -1.044 -1.083 -1.128 -1.169 -1.206 -1.059 -1.074 -1.095 -1.168 -1.386 -1.315 -1.358 -1.415 -1.486 -1.468 -1.549 -1.558 -1.636 -1.646 -1.682 -1.647 -1.682 -1.656 -1.644 -1.244 -1.2 -1.073 -1.468 -1.419 -1.391 -1.279 -0.355 -0.502 -0.61 -1.44 -1.433 -1.456 -1.413 -1.452 -1.456 -1.423 -1.409 -1.35 -1.333 -1.276 -1.184 -1.176 -1.104 -1.258 -1.276 -1.261 -1.144 -1.135 -1.122 -1.154
-0.621 -0.574 -0.523 -0.457 -0.438 -0.526 -0.601 -0.693 -0.76 -0.795 -0.86 -0.893 -0.927 -0.983 -1.067 -1.114 -1.184 -1.193 -1.196 -1.239 -1.28 -1.311 -1.218 -1.227 -1.254 -1.271 -1.378 -1.431 -1.477 -1.512 -1.553 -1.592 -1.585 -1.616 -1.674 -1.694 -1.742 -1.672 -1.652 -1.697 -1.505 -1.497 -1.407 -1.217 -1.509 -1.416 -1.347 -0.406 -0.186 -0.352 -0.432 -1.48 -1.49 -1.47 -1.426 -1.43 -1.469 -1.513 -1.451 -1.431 -1.366 -1.388 -1.358 -1.298 -1.234 -1.389 -1.401 -1.384 -1.344 -1.269 -1.226 -1.261
-0.721 -0.667 -0.599 -0.531 -0.566 -0.665 -0.729 -0.816 -0.885 -0.966 -1.039 -1.065 -1.091 -1.143 -1.223 -1.253 -1.312 -1.32 -1.327 -1.361 -1.398 -1.399 -1.417 -1.425 -1.369 -1.371 -1.485 -1.523 -1.556 -1.556 -1.59 -1.61 -1.64 -1.645 -1.674 -1.689 -1.522 -1.407 -1.669 -1.53 -1.707 -1.757 -1.497 -1.272 -1.538 -0.855 -0.654 -0.442 -0.203 -0.101 -0.224 -0.316 -1.502 -1.429 -1.407 -1.402 -1.448 -1.544 -1.494 -1.559 -1.562 -1.524 -1.526 -1.393 -1.364 -1.43 -1.595 -1.509 -1.497 -1.368 -1.344 -1.379
-0.784 -0.753 -0.715 -0.676 -0.752 -0.801 -0.876 -0.948 -1.03 -1.097 -1.183 -1.249 -1.265 -1.281 -1.352 -1.368 -1.416 -1.426 -1.456 -1.467 -1.476 -1.452 -1.464 -1.454 -1.478 -1.496 -1.518 -1.539 -1.623 -1.593 -1.644 -1.619 -1.622 -1.667 -1.465 -1.729 -1.498 -1.375 -1.629 -1.707 -1.692 -1.699 -1.47 -1.277 -1.072 -0.858 -0.627 -0.493 -0.325 -0.057 -0.015 -0.069 -1.53 -1.428 -1.436 -1.406 -1.518 -1.581 -1.576 -1.583 -1.587 -1.572 -1.479 -1.349 -1.333 -1.504 -1.589 -1.587 -1.501 -1.423 -1.367 -1.441
-0.861 -0.818 -0.805 -0.844 -0.906 -0.979 -1.043 -1.123 -1.179 -1.241 -1.273 -1.355 -1.384 -1.391 -1.422 -1.472 -1.536 -1.536 -1.544 -1.548 -1.555 -1.528 -1.525 -1.49 -1.506 -1.533 -1.557 -1.557 -1.552 -1.455 -1.453 -1.457 -1.47 -1.486 -1.709 -1.702 -1.724 -1.482 -1.622 -1.474 -1.485 -1.494 -1.396 -1.229 -1.007 -0.918 -0.78 -0.629 -0.455 -0.208 -1.352 -1.427 -1.543 -1.556 -1.495 -1.513 -1.548 -1.657 -1.605 -1.648 -1.61 -1.615 -1.461 -1.323 -1.336 -1.443 -1.461 -1.488 -1.513 -1.46 -1.404 -1.52
-0.916 -0.883 -0.907 -0.996 -1.048 -1.152 -1.213 -1.251 -1.318 -1.375 -1.4 -1.457 -1.466 -1.463 -1.519 -1.6 -1.616 -1.651 -1.603 -1.596 -1.531 -1.558 -1.572 -1.588 -1.53 -1.582 -1.584 -1.592 -1.629 -1.462 -1.652 -1.487 -1.41 -1.476 -1.697 -1.697 -1.704 -1.512 -1.276 -1.258 -1.261 -1.3 -1.304 -1.279 -1.214 -1.554 -1.478 -1.506 -1.495 -1.386 -1.387 -1.514 -1.574 -1.578 -1.581 -1.558 -1.541 -1.577 -1.62 -1.564 -1.544 -1.517 -1.444 -1.33 -1.309 -1.391 -1.451 -1.508 -1.504 -1.455 -1.504 -1.561
-0.958 -0.963 -1.004 -1.115 -1.203 -1.279 -1.311 -1.392 -1.42 -1.454 -1.496 -1.52 -1.477 -1.521 -1.578 -1.614 -1.655 -1.631 -1.6 -1.633 -1.6 -1.591 -1.629 -1.614 -1.594 -1.579 -1.599 -1.434 -1.444 -1.455 -1.667 -1.682 -1.478 -1.48 -1.672 -1.707 -1.519 -1.406 -1.204 -1.068 -1.219 -1.376 -1.502 -1.461 -1.63 -1.586 -1.556 -1.525 -1.533 -1.453 -1.437 -1.559 -1.61 -1.633 -1.63 -1.601 -1.582 -1.627 -1.63 -1.614 -1.531 -1.502 -1.496 -1.425 -1.416 -1.397 -1.491 -1.485 -1.534 -1.581 -1.608 -1.575
-0.993 -1.055 -1.136 -1.249 -1.353 -1.443 -1.456 -1.464 -1.477 -1.544 -1.542 -1.544 -1.566 -1.565 -1.537 -1.655 -1.683 -1.469 -1.646 -1.675 -1.612 -1.339 -1.407 -1.624 -1.624 -1.634 -1.475 -1.388 -1.26 -1.495 -1.707 -1.722 -1.499 -1.401 -1.506 -1.481 -1.413 -1.222 -1.032 -1.188 -1.407 -1.5 -1.709 -1.739 -1.692 -1.665 -1.618 -1.563 -1.609 -1.44 -1.453 -1.579 -1.595 -1.638 -1.644 -1.626 -1.631 -1.651 -1.63 -1.587 -1.608 -1.581 -1.591 -1.507 -0.537 -0.732 -1.458 -1.56 -1.618 -1.665 -1.696 -1.659
-1.062 -1.151 -1.277 -1.073 -1.209 -1.512 -1.511 -1.536 -1.508 -1.576 -1.605 -1.564 -1.513 -1.498 -1.509 -1.63 -1.693 -1.722 -1.687 -1.692 -1.468 -1.582 -1.355 -1.636 -1.45 -1.464 -1.363 -1.201 -1.222 -1.405 -1.68 -1.515 -1.404 -1.233 -1.262 -1.256 -1.233 -1.229 -1.227 -1.278 -1.655 -1.687 -1.724 -1.732 -1.689 -1.646 -1.629 -1.612 -1.557 -1.446 -1.464 -1.576 -1.621 -1.613 -1.67 -1.661 -1.688 -1.665 -1.678 -1.627 -1.6 -1.597 -1.626 -1.535 -0.605 -0.806 -1.534 -1.639 -1.697 -1.729 -1.731 -1.668
-1.145 -1.234 -1.344 -1.184 -1.313 -1.556 -1.574 -1.599 -1.562 -1.584 -1.567 -1.545 -0.903 -0.86 -1.498 -1.567 -1.645 -1.489 -1.727 -1.679 -1.511 -1.623 -1.577 -1.599 -1.615 -1.291 -1.205 -1.523 -1.105 -1.237 -1.27 -1.302 -1.204 -1.079 -1.034 -1.038 -1.209 -1.41 -1.492 -1.384 -1.668 -1.695 -1.698 -1.683 -1.691 -1.634 -1.619 -1.612 -1.5 -1.459 -1.536 -1.571 -1.571 -1.618 -1.653 -1.694 -1.691 -1.694 -1.524 -1.291 -1.083 -1.612 -1.584 -1.536 -0.758 -0.938 -1.569 -1.624 -1.696 -1.735 -1.715 -1.644
-1.263 -1.318 -1.434 -1.511 -1.565 -1.585 -1.579 -1.62 -1.619 -1.411 -1.656 -1.564 -1.464 -0.825 -1.482 -1.551 -1.604 -1.673 -1.716 -1.688 -1.669 -1.619 -1.518 -1.544 -1.514 -1.508 -1.482 -1.505 -0.926 -1.006 -1.034 -1.016 -1.014 -0.938 -1.12 -1.228 -1.265 -1.517 -1.747 -1.677 -1.675 -1.678 -1.666 -1.65 -1.644 -1.603 -1.612 -1.579 -1.547 -1.468 -1.597 -1.628 -1.585 -1.593 -1.64 -1.677 -1.739 -1.739 -1.506 -1.324 -1.101 -1.576 -1.504 -1.484 -1.503 -1.528 -1.595 -1.415 -1.447 -1.672 -1.642 -1.615
-1.366 -1.414 -1.212 -1.435 -1.536 -1.583 -1.597 -1.608 -1.612 -1.697 -1.662 -1.592 -1.527 -1.409 -1.391 -1.485 -1.608 -1.625 -1.622 -1.625 -1.595 -1.569 -1.489 -1.539 -1.494 -1.516 -1.523 -1.515 -1.455 -0.804 -0.763 -0.786 -0.919 -1.038 -1.247 -1.407 -1.448 -1.533 -1.703 -1.653 -1.677 -1.66 -1.621 -1.636 -1.652 -1.622 -1.608 -1.614 -1.58 -1.572 -1.555 -1.536 -1.55 -1.55 -1.628 -1.676 -1.507 -1.507 -1.436 -1.248 -1.044 -1.525 -1.462 -1.439 -1.448 -1.053 -1.225 -1.451 -1.63 -1.69 -1.705 -1.69
-1.103 -1.234 -0.703 -0.874 -1.542 -1.585 -1.616 -1.641 -1.684 -1.64 -1.634 -1.598 -1.525 -1.449 -1.406 -1.41 -1.49 -1.533 -1.545 -1.524 -1.529 -1.504 -1.48 -1.533 -1.529 -1.512 -1.557 -1.5 -1.471 -1.386 -0.767 -0.928 -1.097 -1.216 -1.273 -1.481 -1.707 -1.729 -1.691 -1.632 -1.623 -1.619 -1.576 -1.61 -1.589 -1.597 -1.602 -1.641 -1.589 -1.527 -1.452 -1.448 -1.512 -1.521 -1.563 -1.604 -1.637 -1.265 -1.265 -1.562 -1.515 -1.483 -1.433 -1.409 -1.036 -1.153 -1.24 -1.471 -1.675 -1.68 -1.705 -1.78
-0.519 -0.742 -0.912 -1.071 -1.553 -1.576 -1.62 -1.431 -1.521 -1.395 -1.605 -1.594 -1.52 -1.461 -1.463 -1.435 -1.53 -1.533 -1.525 -1.46 -1.473 -1.476 -1.516 -1.526 -1.587 -1.592 -1.612 -1.546 -1.577 -0.742 -0.958 -1.119 -1.236 -1.375 -1.499 -1.498 -1.697 -1.69 -1.677 -1.648 -1.63 -1.64 -1.589 -1.536 -1.555 -1.524 -1.625 -1.629 -1.632 -1.548 -1.508 -1.451 -0.668 -0.83 -0.952 -1.55 -1.569 -1.605 -1.653 -1.57 -1.557 -1.556 -1.076 -1.007 -1.182 -1.323 -1.487 -1.486 -1.745 -1.725 -1.521 -1.555
-0.603 -0.832 -1.038 -1.215 -1.644 -1.677 -1.674 -1.429 -1.292 -1.585 -1.576 -1.595 -1.555 -1.54 -1.478 -1.429 -1.509 -1.552 -1.531 -1.487 -1.506 -1.505 -1.555 -1.564 -1.629 -1.653 -1.603 -1.66 -1.649 -1.602 -1.03 -1.248 -1.403 -1.48 -1.692 -1.689 -1.637 -1.644 -1.64 -1.682 -1.648 -1.621 -1.54 -1.526 -1.483 -1.55 -1.643 -1.652 -1.667 -1.631 -1.595 -1.54 -0.851 -0.874 -0.931 -0.997 -1.203 -1.369 -1.451 -1.489 -1.45 -1.367 -1.25 -1.235 -1.258 -1.443 -1.78 -1.76 -1.747 -1.697 -1.484 -1.366
-1.329 -0.879 -1.081 -1.277 -1.683 -1.702 -1.692 -1.491 -1.267 -1.491 -1.54 -1.594 -1.644 -1.624 -1.548 -1.465 -1.585 -1.627 -1.632 -1.6 -1.581 -1.624 -1.624 -1.239 -1.65 -1.637 -1.608 -1.66 -1.633 -1.576 -1.575 -1.63 -1.456 -1.704 -1.717 -1.699 -1.676 -1.68 -1.66 -1.669 -1.606 -1.556 -1.509 -1.501 -1.499 -1.546 -1.64 -1.664 -1.655 -1.646 -1.272 -1.146 -1.023 -1.043 -1.032 -1.182 -1.216 -1.447 -1.664 -1.672 -1.669 -1.488 -1.472 -1.522 -1.498 -1.492 -1.486 -1.71 -1.742 -1.456 -1.422 -1.223
-1.385 -1.449 -1.551 -1.608 -1.412 -1.481 -1.49 -1.648 -1.607 -1.558 -1.52 -1.565 -1.639 -1.633 -1.593 -1.544 -1.634 -1.637 -1.615 -1.604 -1.579 -1.65 -1.477 -1.475 -1.672 -1.682 -1.64 -1.618 -1.59 -1.549 -1.541 -1.575 -1.652 -1.685 -1.606 -1.682 -1.63 -1.617 -1.622 -1.599 -1.514 -1.454 -1.503 -1.484 -1.485 -1.557 -1.639 -1.653 -1.724 -1.659 -1.401 -1.162 -1.15 -1.225 -1.216 -1.349 -1.381 -1.443 -1.699 -1.719 -1.654 -1.493 -1.705 -1.762 -1.72 -1.702 -1.71 -1.475 -1.511 -1.387 -1.247 -1.255
-1.5 -1.449 -1.53 -1.555 -1.592 -1.274 -1.264 -1.655 -1.644 -1.557 -1.453 -1.511 -1.56 -1.574 -1.54 -1.576 -1.626 -1.658 -1.62 -1.696 -1.58 -1.66 -1.712 -1.712 -1.722 -1.683 -1.707 -1.676 -1.633 -1.601 -1.537 -1.571 -1.603 -1.657 -1.637 -1.683 -1.634 -1.572 -1.526 -1.501 -1.448 -1.424 -1.467 -1.516 -1.527 -1.575 -1.627 -1.648 -1.695 -1.632 -1.439 -1.313 -1.367 -1.429 -1.458 -1.474 -1.662 -1.692 -1.485 -1.697 -1.752 -1.757 -1.685 -1.712 -1.695 -1.682 -1.665 -1.695 -1.521 -1.314 -1.171 -1.38
-1.586 -1.568 -1.534 -1.577 -1.608 -1.624 -1.617 -1.621 -1.565 -1.478 -1.435 -1.496 -1.534 -1.526 -1.529 -1.632 -1.707 -1.53 -1.473 -1.433 -1.648 -1.686 -1.704 -1.699 -1.706 -1.683 -1.651 -1.724 -1.608 -1.52 -1.502 -1.532 -1.555 -1.589 -1.633 -1.632 -1.598 -1.59 -1.496 -1.39 -1.426 -1.423 -0.936 -1.093 -1.172 -1.257 -1.218 -1.455 -1.632 -1.629 -1.637 -1.422 -1.451 -1.697 -1.707 -1.697 -1.722 -1.749 -1.722 -1.739 -1.762 -1.687 -1.675 -1.725 -1.662 -1.725 -1.775 -1.785 -1.564 -1.44 -1.315 -1.401
-1.649 -1.59 -1.56 -1.54 -1.614 -1.611 -1.624 -1.6 -1.518 -1.462 -1.439 -1.51 -1.613 -1.557 -1.579 -1.66 -1.73 -1.754 -1.712 -1.664 -1.634 -1.704 -1.702 -1.67 -1.681 -1.629 -1.585 -1.561 -1.514 -1.437 -1.412 -1.491 -1.545 -1.521 -1.577 -1.574 -1.568 -1.515 -1.499 -1.464 -1.47 -0.909 -1.005 -1.204 -1.38 -1.452 -1.407 -1.468 -1.395 -1.679 -1.424 -1.487 -1.687 -1.714 -1.732 -1.719 -1.747 -1.724 -1.727 -1.684 -1.682 -1.674 -1.71 -1.722 -1.752 -1.797 -1.782 -1.715 -1.767 -1.477 -1.48 -1.474
-1.634 -1.624 -1.577 -1.544 -1.588 -1.578 -1.617 -1.556 -1.519 -1.508 -1.529 -1.519 -1.609 -1.624 -1.604 -1.651 -1.69 -1.698 -1.682 -1.661 -1.671 -1.669 -1.661 -1.694 -1.682 -1.624 -1.536 -1.499 -1.449 -1.343 -1.407 -1.516 -1.564 -1.522 -1.541 -1.555 -1.539 -1.568 -1.546 -1.542 -1.02 -1.065 -1.163 -1.213 -1.432 -1.629 -1.654 -1.669 -1.488 -1.724 -1.712 -1.712 -1.722 -1.739 -1.749 -1.744 -1.483 -1.719 -1.677 -1.669 -1.674 -1.714 -1.697 -1.74 -1.765 -1.747 -1.702 -1.655 -1.647 -1.422 -1.765 -1.752
