All_lidar/sz6192_DSM_2M.asc
ncols 500
nrows 500
xllcorner    461000
yllcorner    92000
cellsize     2
NODATA_value -9999
[rows 448 to 479 of 500, columns 360 to 431 of 500]
1.827 1.726 1.616 1.533 1.488 1.402 1.287 1.191 1.166 1.118 1.053 1.011 0.926 0.879 0.862 0.769 0.716 0.67 0.623 0.601 0.583 0.542 0.918 0.429 0.422 0.329 0.241 0.187 0.159 0.165 0.135 0.123 0.1 0.101 0.095 0.088 0.072 0.129 0.104 0.154 0.117 0.139 0.088 0.119 0.084 0.065 0.124 0.087 0.107 0.095 0.129 0.1 0.099 0.051 0.054 0.099 0.086 0.059 0.03 0.021 -0.004 0.031 0.065 -0.022 0.037 0.033 0.038 0.013 0.072 -0.005 -0.03 -0.022
1.997 1.886 1.808 1.72 1.619 1.536 1.478 1.327 1.292 1.219 1.199 1.125 1.052 0.934 0.943 0.906 0.789 0.766 0.736 0.762 0.677 0.623 0.755 0.503 0.481 0.403 0.33 0.341 0.249 0.211 0.179 0.153 0.177 0.113 0.113 0.139 0.15 0.142 0.13 0.137 0.147 0.155 0.161 0.144 0.093 0.148 0.132 0.12 0.108 0.128 0.137 0.093 0.115 0.052 0.094 0.122 0.107 0.086 0.069 0.059 0.03 0.005 0.092 0.024 0.05 -0.005 0.052 0.054 -0 0.036 -0.001 0.032
2.172 2.044 1.953 1.878 1.763 1.661 1.582 1.531 1.469 1.331 1.27 1.205 1.146 1.106 1.094 1.029 0.96 0.952 0.86 0.85 0.801 0.792 0.88 0.61 0.644 0.542 0.437 0.401 0.358 0.302 0.253 0.187 0.154 0.165 0.139 0.145 0.131 0.193 0.13 0.142 0.18 0.193 0.18 0.13 0.174 0.188 0.149 0.164 0.144 0.156 0.139 0.106 0.157 0.112 0.103 0.124 0.179 0.14 0.115 0.093 0.084 0.067 0.058 0.1 0.061 0.028 0.044 0.052 0.074 0.041 0.039 0.016
2.535 2.364 2.162 2.068 1.942 1.849 1.776 1.662 1.573 1.519 1.427 1.343 1.266 1.204 1.178 1.109 1.054 1.038 0.984 0.927 0.914 0.831 0.884 0.7 0.733 0.655 0.573 0.526 0.451 0.409 0.331 0.248 0.192 0.205 0.175 0.139 0.149 0.124 0.178 0.197 0.22 0.188 0.207 0.176 0.189 0.172 0.215 0.197 0.176 0.131 0.16 0.211 0.212 0.163 0.146 0.118 0.112 0.091 0.127 0.115 0.079 0.155 0.113 0.134 0.108 0.088 0.052 0.051 0.109 0.112 0.014 0.029
2.715 2.616 2.483 2.335 2.131 2.011 1.936 1.87 1.755 1.68 1.591 1.531 1.389 1.318 1.281 1.238 1.192 1.141 1.085 1.077 1.032 0.938 1.073 0.816 0.804 0.763 0.657 0.702 0.544 0.492 0.425 0.335 0.337 0.235 0.231 0.239 0.175 0.223 0.169 0.21 0.23 0.181 0.189 0.239 0.207 0.21 0.226 0.219 0.213 0.243 0.194 0.18 0.193 0.204 0.185 0.155 0.142 0.135 0.137 0.153 0.129 0.09 0.093 0.144 0.13 0.136 0.12 0.087 0.089 0.059 0.092 0.04
2.95 2.797 2.675 2.595 2.463 2.347 2.146 2.017 1.941 1.864 1.775 1.667 1.567 1.476 1.435 1.425 1.277 1.231 1.208 1.169 1.111 1.104 0.956 0.907 0.874 0.849 0.818 0.75 0.7 0.63 0.539 0.542 0.426 0.39 0.291 0.23 0.227 0.234 0.209 0.253 0.206 0.262 0.219 0.256 0.287 0.212 0.186 0.181 0.226 0.209 0.245 0.185 0.23 0.244 0.2 0.204 0.184 0.203 0.195 0.133 0.173 0.152 0.123 0.137 0.144 0.136 0.152 0.121 0.118 0.089 0.09 0.071
3.105 3.039 2.917 2.764 2.676 2.608 2.509 2.368 2.171 2.02 1.921 1.847 1.747 1.659 1.572 1.498 1.447 1.363 1.291 1.233 1.208 1.201 1.089 1.054 1.012 0.937 0.873 0.841 0.786 0.718 0.703 0.615 0.579 0.477 0.443 0.381 0.321 0.241 0.196 0.246 0.234 0.237 0.263 0.289 0.295 0.255 0.257 0.25 0.272 0.258 0.238 0.232 0.195 0.209 0.227 0.225 0.212 0.239 0.18 0.199 0.214 0.174 0.157 0.173 0.117 0.117 0.102 0.124 0.138 0.112 0.097 0.124
3.123 3.11 3.038 2.999 2.929 2.785 2.673 2.624 2.559 2.403 2.213 2.04 1.939 1.843 1.753 1.683 1.61 1.522 1.471 1.398 1.363 1.27 1.294 1.159 1.115 1.068 1.018 0.93 0.912 0.861 0.763 0.759 0.658 0.61 0.536 0.512 0.493 0.368 0.3 0.332 0.346 0.301 0.305 0.273 0.309 0.296 0.334 0.318 0.271 0.285 0.274 0.28 0.297 0.25 0.25 0.226 0.199 0.255 0.204 0.235 0.214 0.222 0.17 0.19 0.187 0.129 0.124 0.169 0.146 0.162 0.108 0.157
3.348 3.054 3.059 3.069 3.063 2.991 2.904 2.769 2.685 2.587 2.551 2.43 2.25 2.077 1.967 1.881 1.783 1.683 1.595 1.544 1.442 1.405 1.339 1.28 1.232 1.194 1.149 1.103 0.984 0.959 0.876 0.829 0.818 0.736 0.651 0.589 0.525 0.447 0.46 0.379 0.32 0.346 0.319 0.351 0.285 0.285 0.315 0.315 0.268 0.308 0.344 0.328 0.304 0.323 0.21 0.271 0.221 0.25 0.235 0.242 0.267 0.244 0.243 0.206 0.173 0.201 0.134 0.195 0.15 0.205 0.226 0.23
3.52 3.694 3.2 3.007 3.027 3.049 3.041 3.004 2.928 2.838 2.699 2.584 2.574 2.478 2.344 2.133 1.976 1.873 1.765 1.702 1.579 1.576 1.484 1.408 1.337 1.285 1.269 1.208 1.125 1.08 0.989 0.951 0.878 0.817 0.779 0.748 0.664 0.579 0.574 0.51 0.46 0.364 0.398 0.305 0.358 0.365 0.337 0.3 0.347 0.322 0.327 0.353 0.366 0.329 0.327 0.269 0.312 0.335 0.267 0.307 0.285 0.291 0.237 0.305 0.235 0.243 0.223 0.221 0.223 0.223 0.238 0.206
3.259 3.278 3.622 3.563 3.02 2.957 3.024 3.057 3.106 3.04 2.954 2.834 2.717 2.615 2.583 2.574 2.369 2.133 2.009 1.905 1.822 1.75 1.623 1.571 1.532 1.409 1.354 1.307 1.273 1.22 1.119 1.111 1.018 0.951 0.87 0.852 0.838 0.732 0.666 0.621 0.566 0.528 0.487 0.413 0.403 0.366 0.368 0.347 0.397 0.336 0.34 0.333 0.355 0.295 0.325 0.355 0.363 0.271 0.288 0.302 0.286 0.326 0.229 0.309 0.294 0.243 0.266 0.213 0.215 0.181 0.242 0.167
3.33 3.299 3.233 3.327 3.628 3.378 2.93 2.964 2.989 3.025 3.034 3.043 3.002 2.875 2.729 2.652 2.623 2.565 2.424 2.213 2.048 1.924 1.823 1.722 1.662 1.551 1.525 1.432 1.42 1.34 1.252 1.263 1.223 1.098 1.081 0.973 0.918 0.888 0.794 0.783 0.705 0.632 0.625 0.509 0.489 0.492 0.438 0.402 0.425 0.413 0.404 0.433 0.364 0.361 0.372 0.355 0.349 0.312 0.289 0.376 0.326 0.342 0.285 0.268 0.296 0.275 0.305 0.246 0.262 0.239 0.243 0.213
3.348 3.341 3.332 3.266 3.54 3.634 3.261 3.016 2.887 2.894 2.911 2.972 3.022 3.075 3.059 2.943 2.792 2.674 2.612 2.566 2.449 2.241 2.046 1.921 1.867 1.735 1.702 1.616 1.591 1.452 1.396 1.377 1.326 1.215 1.183 1.109 1.088 1.035 0.959 0.878 0.839 0.773 0.749 0.682 0.644 0.58 0.5 0.463 0.459 0.447 0.415 0.365 0.389 0.386 0.382 0.359 0.362 0.339 0.335 0.368 0.353 0.29 0.294 0.343 0.3 0.319 0.282 0.292 0.3 0.257 0.269 0.209
3.281 3.336 3.374 3.358 3.42 3.517 3.212 3.4 3.507 2.942 2.87 2.906 2.995 3.08 3.129 3.142 3.092 2.99 2.823 2.705 2.639 2.568 2.462 2.258 2.069 1.946 1.844 1.764 1.697 1.603 1.571 1.529 1.435 1.345 1.295 1.24 1.175 1.17 1.075 1.038 0.984 0.909 0.83 0.79 0.739 0.708 0.697 0.645 0.569 0.521 0.499 0.442 0.436 0.428 0.411 0.417 0.427 0.358 0.357 0.347 0.385 0.331 0.371 0.362 0.313 0.33 0.304 0.299 0.288 0.249 0.298 0.214
3.672 3.303 3.279 3.357 3.348 3.305 3.313 3.255 3.234 3.554 3.284 2.947 2.916 3.024 3.069 3.107 3.157 3.166 3.125 3.015 2.877 2.733 2.648 2.576 2.47 2.291 2.073 1.943 1.875 1.781 1.718 1.691 1.601 1.526 1.438 1.335 1.296 1.322 1.218 1.227 1.094 1.092 0.994 0.941 0.88 0.803 0.786 0.715 0.646 0.63 0.583 0.504 0.446 0.46 0.408 0.476 0.405 0.411 0.412 0.356 0.377 0.371 0.395 0.349 0.345 0.284 0.33 0.299 0.319 0.265 0.284 0.284
4.221 4.303 3.776 3.272 3.286 3.32 3.317 3.349 3.264 3.243 3.396 3.513 3.19 2.891 2.947 3.023 3.072 3.097 3.127 3.144 3.14 3.074 2.937 2.782 2.669 2.571 2.502 2.314 2.12 1.994 1.885 1.859 1.762 1.664 1.605 1.517 1.43 1.402 1.375 1.267 1.27 1.2 1.123 1.105 0.993 0.932 0.929 0.875 0.774 0.759 0.741 0.665 0.588 0.543 0.506 0.486 0.448 0.453 0.413 0.396 0.356 0.363 0.377 0.371 0.36 0.335 0.328 0.323 0.323 0.291 0.276 0.308
3.226 3.796 4.306 4.339 3.718 3.32 3.278 3.344 3.35 3.344 3.27 3.24 3.365 3.4 2.947 2.818 2.914 2.999 3.066 3.109 3.156 3.164 3.153 3.111 3.008 2.851 2.705 2.601 2.515 2.331 2.13 2.019 1.93 1.87 1.795 1.687 1.595 1.526 1.543 1.422 1.358 1.312 1.292 1.21 1.145 1.072 1.083 0.981 0.944 0.878 0.798 0.791 0.694 0.667 0.598 0.516 0.474 0.505 0.475 0.422 0.407 0.433 0.408 0.376 0.322 0.322 0.334 0.377 0.375 0.326 0.266 0.307
2.958 3.086 3.183 3.603 4.708 5.439 3.934 3.309 3.314 3.355 3.349 3.357 3.299 3.296 3.411 3.096 2.821 2.815 2.903 3.011 3.069 3.131 3.134 3.161 3.193 3.134 3.04 2.879 2.717 2.657 2.556 2.409 2.198 2.073 1.952 1.854 1.774 1.702 1.645 1.575 1.484 1.444 1.489 1.429 1.274 1.27 1.197 1.097 1.063 0.96 0.943 0.865 0.814 0.757 0.735 0.657 0.605 0.576 0.498 0.469 0.452 0.504 0.437 0.424 0.374 0.376 0.355 0.332 0.331 0.308 0.314 0.298
2.873 2.883 3.038 3.096 3.776 6.653 5.185 4.039 3.439 3.317 3.335 3.342 3.381 3.365 3.255 3.27 3.362 3.071 2.779 2.765 2.872 2.98 3.061 3.112 3.156 3.17 3.194 3.186 3.094 2.924 2.765 2.695 2.595 2.445 2.227 2.05 1.948 1.899 1.785 1.701 1.625 1.583 1.602 1.545 1.483 1.362 1.338 1.268 1.178 1.127 1.06 1.056 0.995 0.878 0.819 0.784 0.734 0.666 0.634 0.613 0.517 0.472 0.466 0.463 0.412 0.348 0.38 0.355 0.333 0.363 0.318 0.299
2.856 2.916 2.971 3.016 3.073 4.086 3.753 3.763 3.979 3.742 3.457 3.331 3.343 3.359 3.348 3.309 3.25 3.27 3.565 3.476 2.784 2.719 2.817 2.935 3.057 3.163 3.149 3.17 3.208 3.188 3.096 2.932 2.785 2.676 2.57 2.45 2.248 2.105 1.97 1.932 1.856 1.784 1.706 1.645 1.577 1.532 1.43 1.349 1.346 1.296 1.269 1.152 1.085 1.048 0.945 0.89 0.861 0.761 0.712 0.691 0.618 0.565 0.518 0.496 0.426 0.395 0.4 0.388 0.339 0.354 0.34 0.367
2.666 2.778 2.866 2.896 2.946 3.003 3.193 3.241 3.341 3.746 4.083 4.238 3.76 3.414 3.347 3.334 3.308 3.25 3.255 3.248 3.628 3.239 2.663 2.634 2.786 2.942 3.068 3.111 3.146 3.22 3.209 3.191 3.092 2.946 2.779 2.682 2.63 2.509 2.32 2.171 2.039 1.968 1.893 1.778 1.691 1.615 1.578 1.455 1.454 1.447 1.32 1.27 1.2 1.168 1.065 1.023 0.991 0.903 0.827 0.756 0.707 0.687 0.594 0.57 0.493 0.483 0.398 0.423 0.367 0.368 0.326 0.372
2.501 2.633 2.771 2.798 2.883 2.976 3.096 3.191 3.231 3.261 3.331 3.751 4.191 3.738 3.635 3.344 3.305 3.347 3.334 3.261 3.275 3.364 3.72 3.208 2.596 2.645 2.82 2.968 3.082 3.18 3.196 3.213 3.231 3.191 3.085 2.913 2.766 2.688 2.623 2.531 2.444 2.214 2.077 1.959 1.859 1.798 1.695 1.628 1.61 1.517 1.453 1.387 1.392 1.264 1.196 1.139 1.135 1.033 0.946 0.89 0.862 0.82 0.783 0.677 0.654 0.573 0.51 0.45 0.482 0.481 0.397 0.356
2.326 2.526 2.671 2.746 2.833 2.933 3.023 3.001 3.061 3.161 3.251 3.258 3.131 3.068 4.173 4.546 3.592 3.333 3.289 3.314 3.331 3.313 3.267 3.422 3.562 3.139 2.672 2.776 2.974 3.099 3.166 3.185 3.198 3.2 3.219 3.196 3.062 2.903 2.761 2.669 2.642 2.604 2.451 2.254 2.092 1.989 1.919 1.831 1.713 1.651 1.584 1.541 1.493 1.425 1.382 1.287 1.211 1.167 1.085 1.039 0.934 0.861 0.892 0.81 0.803 0.686 0.612 0.588 0.528 0.513 0.455 0.402
2.183 2.283 2.456 2.638 2.763 2.823 2.936 2.911 2.896 3.028 3.153 3.183 3.131 3.076 3.113 3.418 3.363 3.626 3.699 3.386 3.314 3.345 3.338 3.279 3.275 3.422 3.638 3.248 2.991 2.986 2.989 3.079 3.12 3.149 3.152 3.174 3.15 3.161 3.113 2.964 2.797 2.716 2.696 2.65 2.426 2.248 2.097 2.02 1.908 1.818 1.74 1.65 1.607 1.594 1.518 1.399 1.342 1.26 1.2 1.127 1.058 0.997 0.925 0.892 0.837 0.777 0.716 0.719 0.656 0.581 0.583 0.468
2.118 2.193 2.218 2.363 2.473 2.576 2.733 2.868 2.941 2.978 3.021 3.061 3.073 3.093 3.111 3.143 3.223 3.396 4.228 3.906 3.656 3.336 3.317 3.299 3.282 3.266 3.268 3.49 3.658 3.648 3.149 2.957 2.994 3.038 3.034 3.029 3.038 3.12 3.174 3.186 3.156 3.019 2.872 2.719 2.669 2.605 2.481 2.259 2.113 1.985 1.916 1.834 1.778 1.701 1.625 1.543 1.503 1.449 1.309 1.283 1.209 1.131 1.081 0.987 0.986 0.884 0.819 0.807 0.757 0.699 0.617 0.601
2.023 2.131 2.166 2.176 2.188 2.311 2.403 2.548 2.723 2.791 2.846 2.968 3.021 3.043 3.111 3.161 3.248 3.281 3.343 3.723 5.766 4.823 3.322 3.293 3.304 3.31 3.321 3.29 3.235 3.288 3.613 3.518 3.094 3.227 3.144 2.845 2.907 3.026 3.144 3.165 3.186 3.225 3.178 3.071 2.877 2.732 2.681 2.639 2.487 2.292 2.15 2.06 1.958 1.853 1.775 1.694 1.631 1.549 1.496 1.409 1.378 1.252 1.144 1.125 1.066 1.029 0.988 0.905 0.843 0.796 0.698 0.687
1.923 1.993 2.028 2.051 2.053 2.121 2.196 2.301 2.436 2.588 2.696 2.818 2.871 2.953 3.073 3.161 3.221 3.351 3.388 3.586 6.043 4.828 3.406 3.331 3.321 3.298 3.31 3.27 3.29 3.313 3.281 3.259 3.456 3.576 3.724 2.994 2.763 2.874 3.032 3.159 3.175 3.142 3.183 3.215 3.179 3.053 2.875 2.732 2.672 2.657 2.505 2.314 2.181 2.054 1.976 1.868 1.755 1.701 1.593 1.565 1.53 1.384 1.341 1.278 1.251 1.163 1.115 1.015 0.96 0.878 0.809 0.76
1.878 1.903 1.941 1.928 1.978 2.011 2.063 2.153 2.301 2.363 2.483 2.596 2.726 2.883 3.003 3.146 3.213 3.323 3.433 5.033 6.723 3.583 3.563 3.508 3.491 3.671 3.526 3.281 3.316 3.321 3.314 3.295 3.246 3.215 3.23 3.53 3.444 3.019 2.927 3.005 3.059 3.033 3.087 3.152 3.186 3.214 3.161 3.06 2.906 2.782 2.729 2.677 2.505 2.363 2.237 2.095 1.969 1.883 1.766 1.705 1.672 1.55 1.451 1.435 1.335 1.319 1.242 1.175 1.024 0.967 0.952 0.875
1.876 1.888 1.868 1.888 1.918 1.926 1.963 2.033 2.136 2.238 2.358 2.443 2.626 2.783 2.918 3.058 3.181 3.406 3.461 4.131 3.833 3.558 3.523 3.586 5.301 10.233 5.038 3.938 4.088 3.546 3.308 3.339 3.341 3.28 3.266 3.188 3.233 3.362 3.638 3.345 3.044 2.871 2.95 3.02 3.065 3.119 3.176 3.238 3.193 3.113 2.964 2.811 2.722 2.655 2.519 2.36 2.223 2.095 1.976 1.874 1.759 1.71 1.646 1.542 1.486 1.412 1.347 1.258 1.215 1.166 1.039 1.025
1.871 1.861 1.868 1.911 1.893 1.906 1.966 1.961 2.006 2.096 2.206 2.368 2.501 2.633 2.778 2.888 3.016 3.303 3.498 3.573 3.616 3.606 3.573 4.088 8.236 17.111 6.546 5.511 7.411 4.646 4.333 3.547 3.342 3.335 3.312 3.301 3.301 3.236 3.187 3.313 3.386 3.195 3.41 2.883 2.963 3.005 3.126 3.222 3.202 3.192 3.172 3.087 2.898 2.777 2.712 2.636 2.471 2.389 2.276 2.169 1.998 1.88 1.801 1.725 1.661 1.583 1.491 1.448 1.376 1.274 1.161 1.15
1.853 1.823 1.858 1.866 1.886 1.921 1.976 1.978 1.961 2.018 2.171 2.291 2.343 2.443 2.491 2.593 2.858 3.336 3.503 3.586 3.643 3.626 3.583 3.618 4.546 10.741 17.768 11.898 15.958 14.298 7.591 4.743 4.086 3.602 3.42 3.3 3.334 3.295 3.294 3.295 3.236 3.178 3.23 3.518 3.496 3.398 3.276 3.453 3.205 3.138 3.202 3.238 3.167 3.043 2.896 2.755 2.649 2.571 2.486 2.405 2.283 2.165 2.035 1.917 1.878 1.738 1.639 1.555 1.5 1.452 1.336 1.26
1.871 1.853 1.878 1.861 1.883 1.951 1.956 1.968 1.981 2.018 2.113 2.201 2.281 2.308 2.181 2.201 3.206 3.431 3.538 3.586 3.588 3.616 3.571 3.601 5.236 14.956 19.211 13.373 17.966 19.338 10.528 6.998 3.973 4.411 4.193 3.963 3.343 3.292 3.308 3.345 3.32 3.273 3.26 3.207 3.18 3.274 3.441 3.541 3.467 3.369 3.155 3.159 3.112 3.172 3.138 3.02 2.848 2.716 2.669 2.563 2.485 2.44 2.344 2.254 2.1 1.944 1.86 1.737 1.664 1.578 1.481 1.401
