All_lidar/sz6191_DSM_2M.asc
ncols 500
nrows 500
xllcorner    461000
yllcorner    91000
cellsize     2
NODATA_value -9999
[rows 256 to 287 of 500, columns 72 to 143 of 500]
22.902 22.827 22.732 22.664 22.562 22.494 22.424 22.317 22.224 22.132 22.032 21.967 21.914 21.859 21.787 21.712 21.562 21.444 21.407 21.329 21.229 21.164 21.082 20.989 20.897 20.774 20.677 20.524 20.424 20.302 20.199 20.099 19.994 19.884 19.767 19.669 19.564 19.449 19.322 19.124 18.969 18.817 18.907 21.137 19.197 18.617 18.297 18.229 18.122 18.254 18.094 18.009 19.274 19.877 20.157 17.872 17.742 17.704 17.582 17.434 19.727 29.324 26.999 24.572 17.844 15.782 15.424 15.202 15.472 19.327 18.109 14.372
22.782 22.709 22.602 22.512 22.424 22.324 22.252 22.177 22.097 21.984 21.872 21.787 21.742 21.657 21.592 21.502 21.427 21.352 21.252 21.207 21.092 20.997 20.907 20.817 20.734 20.614 20.504 20.417 20.304 20.192 20.077 19.984 19.874 19.752 19.647 19.532 19.429 19.329 19.202 19.054 18.862 18.694 18.562 18.512 19.102 18.964 18.042 18.144 19.244 19.772 20.344 18.062 22.562 22.059 17.742 17.702 17.692 17.619 17.597 17.507 17.354 18.729 21.369 20.737 16.894 16.609 16.314 15.912 18.469 22.627 19.087 17.957
22.644 22.549 22.447 22.372 22.297 22.194 22.089 22.019 21.909 21.837 21.727 21.654 21.572 21.489 21.422 21.352 21.279 21.219 21.122 21.057 20.944 20.857 20.754 20.662 20.567 20.419 20.314 20.234 20.152 20.059 19.959 19.854 19.739 19.627 19.512 19.417 19.262 19.157 19.059 18.919 18.784 18.614 18.452 18.292 18.209 18.524 18.917 21.632 20.574 19.399 19.157 18.862 23.669 20.899 21.499 17.579 17.597 17.544 17.552 17.419 17.382 17.242 17.164 17.079 17.002 17.489 19.759 18.497 27.677 26.374 19.499 21.262
22.492 22.402 22.332 22.254 22.139 22.049 21.964 21.867 21.757 21.637 21.537 21.444 21.377 21.322 21.269 21.194 21.122 21.049 20.974 20.904 20.804 20.702 20.584 20.472 20.367 20.229 20.154 20.057 19.972 19.882 19.789 19.699 19.607 19.497 19.382 19.264 19.162 19.002 18.867 18.792 18.664 18.527 18.349 18.187 18.064 17.909 18.769 19.354 17.819 17.574 17.487 17.434 19.767 19.067 18.774 17.694 19.159 17.372 18.679 17.342 17.362 17.274 17.169 17.072 16.917 21.087 23.347 19.769 28.147 25.397 19.784 26.179
22.367 22.279 22.199 22.112 22.022 21.929 21.824 21.724 21.622 21.532 21.424 21.332 21.244 21.169 21.092 21.019 20.949 20.882 20.814 20.739 20.622 20.547 20.432 20.292 20.202 20.094 19.984 19.904 19.784 19.674 19.632 19.547 19.447 19.384 19.259 19.132 19.024 18.897 18.727 18.569 18.479 18.384 18.257 18.082 17.894 17.787 17.702 17.717 19.434 19.419 17.684 17.689 17.144 18.527 18.447 20.372 19.082 18.617 21.994 17.297 17.174 17.172 17.137 17.017 16.954 20.037 24.627 21.079 21.482 22.514 22.517 19.489
22.299 22.202 22.097 21.994 21.887 21.829 21.714 21.612 21.519 21.424 21.304 21.207 21.084 21.019 20.927 20.847 20.787 20.707 20.617 20.537 20.442 20.369 20.262 20.144 20.019 19.914 19.814 19.732 19.614 19.514 19.457 19.369 19.274 19.214 19.102 18.992 18.879 18.762 18.602 18.467 18.284 18.199 18.094 17.942 17.797 17.657 17.517 17.402 17.609 19.204 17.307 17.449 17.387 16.902 17.217 17.382 18.827 21.059 24.699 22.274 17.219 17.014 17.009 16.957 16.927 17.194 17.234 17.019 17.994 19.044 20.182 18.772
22.222 22.117 22.022 21.927 21.804 21.742 21.607 21.487 21.387 21.269 21.184 21.079 20.987 20.914 20.794 20.687 20.612 20.524 20.442 20.339 20.249 20.187 20.059 19.974 19.872 19.742 19.642 19.559 19.464 19.339 19.279 19.207 19.119 19.032 18.927 18.807 18.714 18.599 18.454 18.334 18.144 18.012 17.904 17.784 17.647 17.512 17.364 17.284 17.224 17.407 18.352 17.584 19.539 16.757 16.969 18.439 18.222 18.644 22.299 18.112 17.304 17.127 16.952 17.009 18.479 16.804 16.762 16.684 16.619 16.554 17.457 16.369
22.122 22.034 21.932 21.862 21.734 21.634 21.517 21.407 21.327 21.199 21.069 20.959 20.864 20.747 20.657 20.552 20.457 20.362 20.262 20.157 20.089 19.989 19.882 19.779 19.712 19.609 19.504 19.404 19.324 19.214 19.142 19.057 18.999 18.877 18.752 18.642 18.514 18.402 18.264 18.147 18.004 17.854 17.717 17.627 17.527 17.399 17.254 17.114 17.027 16.977 17.242 18.337 18.144 17.829 16.509 17.259 16.402 16.562 16.864 16.929 16.807 17.059 17.424 20.414 21.934 16.739 16.667 16.649 16.637 16.552 16.457 16.377
22.027 21.927 21.832 21.749 21.644 21.542 21.452 21.327 21.197 21.084 20.969 20.854 20.737 20.614 20.532 20.424 20.314 20.217 20.109 20.009 19.914 19.829 19.724 19.639 19.537 19.459 19.377 19.284 19.182 19.089 19.027 18.909 18.864 18.719 18.592 18.474 18.359 18.189 18.072 17.944 17.792 17.709 17.569 17.407 17.359 17.279 17.179 17.012 16.879 16.764 16.772 17.039 18.357 16.962 16.692 16.692 17.202 16.057 16.122 16.219 16.104 16.302 17.452 23.199 20.769 19.464 18.007 18.429 16.549 16.482 16.459 16.382
21.874 21.804 21.719 21.639 21.527 21.467 21.344 21.219 21.104 20.972 20.869 20.764 20.647 20.517 20.397 20.279 20.182 20.067 19.952 19.877 19.754 19.679 19.604 19.492 19.409 19.324 19.202 19.174 19.069 18.959 18.867 18.777 18.702 18.562 18.442 18.317 18.182 18.017 17.837 17.722 17.592 17.454 17.409 17.249 17.139 17.077 17.014 16.932 16.754 16.614 16.554 16.617 17.802 19.429 16.872 17.197 17.892 15.767 15.762 15.792 15.697 18.789 16.962 20.942 18.064 20.434 18.687 22.667 22.132 19.564 16.364 16.344
21.734 21.652 21.584 21.507 21.409 21.304 21.242 21.137 21.022 20.899 20.797 20.652 20.522 20.429 20.294 20.182 20.054 19.954 19.844 19.764 19.674 19.559 19.484 19.387 19.284 19.179 19.104 19.004 18.892 18.804 18.712 18.599 18.504 18.392 18.267 18.122 17.989 17.824 17.662 17.514 17.397 17.254 17.192 17.079 16.942 16.852 16.802 16.767 16.657 16.497 16.359 16.322 16.442 17.562 16.934 15.749 17.342 16.684 15.479 15.549 15.452 18.369 18.337 21.347 15.832 16.617 19.089 20.622 21.752 21.059 16.384 16.299
21.594 21.507 21.459 21.352 21.267 21.177 21.089 20.979 20.899 20.817 20.672 20.562 20.439 20.329 20.184 20.067 19.967 19.882 19.752 19.664 19.569 19.462 19.372 19.249 19.177 19.074 18.972 18.869 18.759 18.657 18.552 18.452 18.309 18.189 18.054 17.882 17.764 17.612 17.482 17.324 17.199 17.049 16.937 16.864 16.754 16.624 16.574 16.524 16.434 16.297 16.212 16.122 16.054 17.814 18.254 16.969 17.327 15.824 15.254 15.272 15.517 15.317 15.407 14.952 14.917 15.002 15.967 15.392 22.144 18.727 16.219 16.224
21.487 21.409 21.322 21.224 21.124 21.044 20.934 20.809 20.727 20.642 20.552 20.449 20.347 20.237 20.144 19.994 19.872 19.777 19.662 19.579 19.474 19.342 19.284 19.157 19.042 18.977 18.842 18.752 18.624 18.522 18.382 18.267 18.122 17.974 17.814 17.669 17.524 17.412 17.237 17.112 17.017 16.869 16.757 16.652 16.554 16.417 16.344 16.274 16.177 16.072 16.019 15.932 15.809 16.892 18.234 15.779 15.129 15.067 15.032 15.307 15.884 15.232 14.687 14.579 14.554 14.439 14.487 14.597 16.292 20.609 18.219 15.629
21.367 21.287 21.199 21.119 21.009 20.899 20.807 20.704 20.584 20.474 20.382 20.279 20.207 20.097 20.027 19.934 19.797 19.687 19.589 19.482 19.374 19.287 19.154 19.032 18.952 18.827 18.739 18.642 18.499 18.379 18.242 18.097 17.954 17.787 17.594 17.442 17.297 17.119 16.994 16.869 16.784 16.659 16.569 16.434 16.337 16.219 16.109 16.012 15.894 15.864 15.804 15.702 15.609 15.867 17.444 16.164 14.774 14.972 14.809 14.847 14.604 14.369 14.282 14.314 14.284 14.192 14.177 14.167 14.267 16.332 15.669 14.864
21.287 21.169 21.082 20.999 20.879 20.787 20.664 20.584 20.457 20.332 20.244 20.119 20.044 19.969 19.879 19.807 19.697 19.617 19.492 19.397 19.312 19.192 19.092 18.964 18.844 18.747 18.609 18.477 18.349 18.217 18.084 17.942 17.779 17.604 17.407 17.222 17.067 16.887 16.719 16.579 16.502 16.409 16.337 16.232 16.112 15.999 15.887 15.752 15.677 15.662 15.559 15.449 15.424 15.362 16.814 17.944 14.622 14.659 14.557 14.467 14.302 14.104 14.012 13.924 13.927 13.994 14.032 13.807 13.819 14.004 14.284 15.127
21.139 21.067 20.982 20.864 20.759 20.662 20.562 20.427 20.322 20.229 20.092 20.012 19.917 19.847 19.729 19.654 19.594 19.502 19.419 19.327 19.177 19.092 18.987 18.877 18.754 18.614 18.477 18.334 18.209 18.029 17.889 17.757 17.587 17.412 17.224 17.052 16.859 16.684 16.504 16.339 16.222 16.119 16.037 15.959 15.849 15.749 15.622 15.492 15.477 15.424 15.342 15.234 15.187 16.029 15.159 15.319 14.407 14.359 14.337 14.217 14.082 13.874 13.729 13.679 13.662 14.277 13.722 13.574 13.492 13.567 13.707 14.652
21.049 20.949 20.872 20.772 20.662 20.547 20.414 20.282 20.179 20.094 19.964 19.874 19.794 19.702 19.609 19.524 19.434 19.379 19.297 19.212 19.114 18.997 18.859 18.779 18.654 18.504 18.369 18.234 18.062 17.899 17.719 17.542 17.402 17.227 17.072 16.864 16.674 16.484 16.322 16.159 15.979 15.862 15.779 15.662 15.574 15.487 15.337 15.259 15.269 15.202 15.102 15.009 14.982 15.637 14.829 15.034 14.527 14.187 14.184 14.089 13.879 13.667 13.532 13.417 13.354 13.442 13.439 13.419 13.389 13.319 13.367 13.807
20.927 20.832 20.729 20.622 20.529 20.409 20.319 20.184 20.062 19.969 19.872 19.764 19.667 19.564 19.494 19.424 19.324 19.224 19.164 19.084 18.972 18.852 18.784 18.687 18.547 18.409 18.274 18.124 17.957 17.779 17.564 17.374 17.192 17.012 16.857 16.674 16.484 16.309 16.134 15.974 15.837 15.659 15.507 15.404 15.304 15.212 15.099 14.984 15.014 14.937 14.844 14.817 14.817 14.759 14.679 14.984 15.472 15.002 14.109 14.264 13.832 13.604 13.599 13.244 13.904 16.117 13.139 13.279 13.352 13.269 13.204 13.539
20.779 20.689 20.579 20.487 20.372 20.277 20.162 20.034 19.954 19.864 19.764 19.649 19.549 19.474 19.364 19.297 19.199 19.122 19.039 18.929 18.809 18.732 18.624 18.517 18.429 18.304 18.154 17.994 17.792 17.614 17.449 17.237 17.032 16.819 16.634 16.457 16.309 16.157 15.972 15.827 15.662 15.507 15.354 15.192 15.072 14.947 14.837 14.742 14.719 14.642 14.582 14.594 14.634 14.504 14.167 14.129 13.947 14.322 14.287 13.802 13.762 13.467 13.247 13.369 23.322 20.824 16.924 14.682 14.712 13.264 13.059 13.122
20.634 20.557 20.462 20.342 20.237 20.134 20.027 19.897 19.824 19.719 19.637 19.549 19.457 19.374 19.269 19.154 19.104 18.999 18.904 18.807 18.697 18.589 18.494 18.384 18.252 18.129 17.974 17.857 17.677 17.479 17.269 17.057 16.892 16.682 16.497 16.287 16.119 15.959 15.799 15.619 15.479 15.347 15.179 15.002 14.869 14.729 14.577 14.507 14.427 14.347 14.277 14.269 14.914 14.084 17.049 17.319 14.174 13.932 14.319 13.779 13.507 13.299 13.109 13.934 18.042 17.664 21.042 13.972 12.967 12.944 12.942 12.917
20.482 20.387 20.307 20.212 20.152 20.024 19.879 19.799 19.677 19.569 19.519 19.414 19.337 19.234 19.194 19.069 18.962 18.894 18.842 18.687 18.587 18.489 18.352 18.224 18.092 17.934 17.817 17.639 17.467 17.324 17.157 16.944 16.739 16.534 16.372 16.174 15.994 15.797 15.649 15.489 15.302 15.139 15.004 14.829 14.684 14.517 14.394 14.254 14.127 14.032 13.999 14.242 14.692 17.084 21.514 14.767 14.672 13.532 15.804 17.154 19.417 13.324 13.029 13.152 12.687 14.402 14.742 13.762 12.472 12.747 13.284 12.762
20.337 20.239 20.157 20.054 19.977 19.879 19.794 19.687 19.572 19.457 19.369 19.279 19.207 19.127 19.057 18.974 18.849 18.749 18.669 18.577 18.462 18.334 18.219 18.127 17.979 17.817 17.659 17.484 17.309 17.122 16.942 16.754 16.574 16.377 16.204 16.037 15.859 15.674 15.469 15.299 15.154 15.002 14.819 14.664 14.492 14.329 14.222 14.039 13.874 13.782 13.739 14.839 16.662 15.184 17.179 14.412 13.409 13.407 13.327 20.957 21.239 12.979 12.854 13.124 12.642 12.369 12.207 12.734 12.219 12.407 12.462 12.602
20.167 20.087 20.004 19.922 19.812 19.727 19.647 19.512 19.454 19.362 19.249 19.182 19.094 18.992 18.944 18.837 18.734 18.652 18.542 18.439 18.339 18.232 18.084 17.952 17.852 17.707 17.537 17.332 17.147 16.952 16.752 16.549 16.379 16.212 16.042 15.862 15.714 15.534 15.364 15.202 15.047 14.877 14.702 14.532 14.384 14.212 14.049 13.912 13.709 13.629 13.679 15.294 14.377 15.089 13.182 13.337 13.382 13.194 13.127 19.812 22.127 12.747 12.737 12.702 12.482 12.327 12.097 11.972 11.994 12.157 12.272 12.359
20.034 19.927 19.852 19.767 19.682 19.587 19.474 19.382 19.297 19.232 19.149 19.077 18.974 18.907 18.812 18.699 18.629 18.534 18.414 18.277 18.172 18.072 18.004 17.852 17.674 17.537 17.374 17.209 17.007 16.807 16.592 16.407 16.194 16.009 15.897 15.712 15.559 15.409 15.239 15.069 14.877 14.739 14.572 14.387 14.252 14.137 13.989 13.799 13.597 13.452 13.862 16.742 14.849 16.262 14.494 16.594 13.022 12.964 12.969 12.762 16.627 12.584 12.609 12.614 12.369 12.317 12.064 11.892 11.837 11.957 11.894 12.049
19.879 19.779 19.694 19.609 19.524 19.439 19.352 19.242 19.162 19.087 19.019 18.962 18.864 18.799 18.697 18.624 18.504 18.404 18.277 18.144 18.037 17.924 17.839 17.702 17.582 17.414 17.219 17.054 16.857 16.644 16.409 16.229 16.049 15.837 15.679 15.517 15.372 15.239 15.097 14.932 14.749 14.587 14.434 14.262 14.109 13.992 13.899 13.772 13.594 13.407 13.304 13.387 14.224 16.359 19.777 20.797 13.947 12.509 12.694 12.582 12.559 12.444 12.439 12.414 12.252 12.149 12.002 11.869 11.817 11.767 11.902 11.769
19.714 19.629 19.544 19.472 19.372 19.282 19.214 19.117 19.034 18.959 18.869 18.799 18.744 18.664 18.579 18.464 18.362 18.279 18.157 18.029 17.922 17.764 17.659 17.522 17.399 17.267 17.094 16.904 16.702 16.514 16.269 16.067 15.889 15.709 15.549 15.334 15.184 15.054 14.902 14.744 14.587 14.437 14.294 14.149 14.014 13.874 13.772 13.657 13.539 13.379 13.254 13.154 13.229 15.424 19.507 19.344 14.347 12.539 13.292 12.207 12.337 12.322 12.214 12.689 12.152 12.002 11.919 11.857 11.829 11.899 12.267 11.677
19.552 19.494 19.407 19.322 19.242 19.139 19.059 18.974 18.892 18.814 18.739 18.664 18.599 18.539 18.449 18.337 18.252 18.149 18.027 17.924 17.789 17.642 17.504 17.389 17.234 17.084 16.917 16.739 16.539 16.349 16.159 15.949 15.724 15.529 15.372 15.224 15.054 14.862 14.739 14.562 14.412 14.289 14.154 14.004 13.889 13.749 13.607 13.509 13.437 13.329 13.182 13.057 13.049 12.969 15.789 14.949 13.957 13.389 12.744 13.064 14.204 12.194 12.077 12.027 11.962 11.929 11.964 11.867 11.774 11.992 11.849 11.617
19.472 19.352 19.267 19.162 19.104 19.002 18.919 18.849 18.772 18.677 18.597 18.534 18.439 18.384 18.304 18.217 18.107 17.994 17.892 17.734 17.647 17.522 17.379 17.197 17.059 16.884 16.712 16.547 16.407 16.207 16.009 15.807 15.607 15.437 15.232 15.049 14.884 14.719 14.572 14.434 14.277 14.129 13.994 13.837 13.732 13.622 13.489 13.379 13.257 13.214 13.124 13.014 12.919 12.852 12.767 12.694 12.554 12.429 12.757 16.024 12.614 11.982 12.429 12.652 11.994 11.847 11.777 11.774 11.739 11.587 11.879 11.602
19.317 19.219 19.152 19.039 18.944 18.864 18.779 18.702 18.639 18.549 18.472 18.414 18.307 18.222 18.162 18.052 17.967 17.854 17.744 17.609 17.479 17.354 17.249 17.112 16.914 16.724 16.572 16.377 16.207 16.027 15.847 15.657 15.472 15.272 15.117 14.967 14.769 14.579 14.452 14.287 14.139 13.984 13.839 13.692 13.574 13.484 13.359 13.244 13.139 13.054 12.972 12.922 12.829 12.749 12.664 12.649 12.522 12.407 12.634 12.842 13.017 13.132 13.374 14.324 14.464 11.739 11.624 11.559 11.492 11.422 11.589 11.514
19.159 19.069 19.004 18.917 18.819 18.734 18.657 18.564 18.494 18.419 18.362 18.289 18.202 18.109 18.012 17.914 17.817 17.679 17.562 17.447 17.347 17.217 17.094 16.947 16.809 16.652 16.427 16.254 16.049 15.874 15.679 15.492 15.324 15.164 14.999 14.844 14.697 14.504 14.329 14.134 14.029 13.847 13.724 13.604 13.459 13.354 13.252 13.142 13.042 12.934 12.842 12.777 12.707 12.582 12.487 12.532 12.504 12.417 12.359 12.219 12.184 12.589 13.039 14.759 16.289 17.827 11.459 11.454 11.347 11.432 11.497 12.007
19.007 18.937 18.859 18.754 18.682 18.609 18.537 18.452 18.344 18.294 18.219 18.124 18.074 17.987 17.897 17.794 17.677 17.559 17.429 17.317 17.182 17.034 16.917 16.769 16.632 16.462 16.297 16.124 15.912 15.719 15.542 15.362 15.144 15.009 14.842 14.677 14.549 14.389 14.267 14.087 13.907 13.744 13.627 13.489 13.342 13.277 13.139 13.052 12.949 12.854 12.762 12.649 12.579 12.487 12.422 12.407 12.422 12.289 12.239 12.154 12.052 11.964 12.137 16.607 15.654 14.009 11.664 11.314 11.444 11.432 11.854 11.709
18.819 18.767 18.694 18.594 18.532 18.457 18.397 18.329 18.247 18.149 18.062 18.014 17.944 17.842 17.762 17.649 17.542 17.419 17.287 17.167 17.052 16.902 16.744 16.614 16.467 16.304 16.154 15.977 15.799 15.612 15.397 15.239 15.079 14.899 14.702 14.554 14.414 14.279 14.134 13.997 13.854 13.677 13.539 13.382 13.272 13.169 13.064 12.934 12.857 12.747 12.662 12.574 12.469 12.412 12.352 12.302 12.237 12.194 12.172 12.074 12.024 11.927 11.914 12.034 11.477 11.222 11.169 11.419 11.337 11.282 10.867 11.269
