All_lidar/sz6188_DSM_2M.asc
ncols 500
nrows 500
xllcorner    461000
yllcorner    88000
cellsize     2
NODATA_value -9999
[rows 102 to 135 of 500, columns 154 to 230 of 500]
22.816 22.909 22.921 23.006 23.074 23.179 23.229 23.251 23.336 23.446 23.479 23.589 23.606 23.639 23.694 23.739 23.819 23.861 23.941 23.964 24.041 24.049 24.081 24.061 24.076 24.064 24.039 24.051 24.039 24.021 24.011 23.969 23.949 23.899 23.856 23.804 23.749 23.741 23.701 23.694 23.614 23.539 23.491 23.434 23.316 23.269 23.196 23.066 23.006 22.934 22.859 22.794 22.696 22.604 22.469 22.409 22.291 22.206 22.081 22.044 21.991 21.859 21.771 21.661 21.589 22.096 22.049 21.611 21.461 21.536 21.559 21.601 21.596 21.631 21.654 21.686 21.704
22.604 22.636 22.696 22.899 22.876 22.899 22.949 23.006 23.099 23.169 23.214 23.324 23.369 23.419 23.471 23.536 23.596 23.661 23.709 23.729 23.819 23.831 23.849 23.861 23.881 23.874 23.874 23.859 23.846 23.831 23.794 23.771 23.739 23.696 23.641 23.611 23.589 23.559 23.516 23.476 23.416 23.361 23.296 23.241 23.174 23.091 23.034 22.931 22.836 22.751 22.704 22.639 22.551 22.439 22.334 22.236 22.139 22.024 21.924 21.876 21.819 21.719 21.584 21.546 21.459 21.646 21.769 21.489 21.329 21.339 21.374 21.409 21.429 21.441 21.446 21.501 21.514
22.374 22.471 22.591 22.639 22.611 22.656 22.731 22.786 22.869 22.929 23.026 23.101 23.156 23.199 23.264 23.344 23.391 23.474 23.481 23.564 23.591 23.624 23.639 23.646 23.651 23.661 23.679 23.659 23.644 23.621 23.591 23.574 23.564 23.499 23.456 23.414 23.374 23.396 23.331 23.284 23.254 23.179 23.116 23.061 22.996 22.924 22.856 22.799 22.704 22.621 22.556 22.474 22.386 22.294 22.169 22.069 21.959 21.884 21.799 21.729 21.674 21.599 21.459 21.399 21.291 21.266 21.254 21.386 21.211 21.171 21.191 21.236 21.254 21.241 21.264 21.301 21.321
22.131 22.224 22.304 22.356 22.529 22.446 22.491 22.559 22.616 22.689 22.776 22.896 22.916 22.984 23.059 23.101 23.159 23.216 23.251 23.324 23.369 23.416 23.419 23.421 23.446 23.476 23.446 23.444 23.419 23.451 23.394 23.401 23.359 23.306 23.269 23.236 23.221 23.191 23.161 23.114 23.069 23.021 22.961 22.906 22.824 22.771 22.701 22.621 22.559 22.471 22.409 22.351 22.254 22.149 22.016 21.944 21.839 21.744 21.659 21.574 21.531 21.461 21.331 21.294 21.196 21.141 20.976 21.014 21.044 20.969 21.031 21.034 21.059 21.079 21.111 21.141 21.154
21.909 22.064 22.106 22.094 22.206 22.226 22.271 22.349 22.416 22.496 22.571 22.734 22.784 22.766 22.829 22.929 22.946 22.996 23.066 23.119 23.189 23.206 23.201 23.204 23.256 23.254 23.256 23.241 23.241 23.236 23.221 23.181 23.169 23.114 23.084 23.074 23.049 23.019 22.991 22.954 22.909 22.851 22.809 22.736 22.651 22.639 22.546 22.491 22.406 22.326 22.244 22.236 22.091 21.989 21.896 21.804 21.701 21.619 21.511 21.446 21.384 21.351 21.239 21.141 21.069 21.001 20.876 20.691 20.896 20.801 20.866 20.864 20.906 20.929 20.954 20.974 20.981
21.691 21.761 21.829 21.889 22.014 22.024 22.116 22.151 22.249 22.281 22.391 22.544 22.599 22.711 22.661 22.676 22.746 22.796 22.856 22.916 22.969 23.001 23.024 23.034 23.049 23.066 23.074 23.074 23.076 23.061 23.036 23.031 23.006 22.954 22.929 22.924 22.904 22.859 22.834 22.779 22.744 22.706 22.659 22.591 22.524 22.484 22.414 22.321 22.236 22.154 22.056 22.029 21.914 21.794 21.741 21.649 21.549 21.466 21.396 21.326 21.281 21.216 21.131 21.006 20.949 20.866 20.839 21.346 20.669 20.666 20.681 20.711 20.744 20.784 20.804 20.816 20.811
21.529 21.556 21.691 21.671 21.916 21.851 21.951 21.974 21.986 22.081 22.189 22.236 22.316 22.396 22.441 22.474 22.544 22.596 22.629 22.721 22.766 22.781 22.799 22.841 22.859 22.844 22.881 22.861 22.881 22.856 22.841 22.849 22.819 22.781 22.781 22.756 22.749 22.721 22.681 22.611 22.621 22.551 22.504 22.429 22.391 22.324 22.246 22.161 22.096 22.006 21.924 21.831 21.764 21.671 21.606 21.506 21.429 21.359 21.276 21.221 21.129 21.071 21.006 20.879 20.836 20.739 20.681 21.424 20.964 20.536 20.471 20.534 20.576 20.629 20.624 20.634 20.646
21.299 21.316 21.406 21.486 21.624 21.601 21.664 21.734 21.796 21.891 21.946 22.036 22.091 22.166 22.251 22.276 22.349 22.414 22.466 22.504 22.556 22.591 22.586 22.616 22.639 22.661 22.681 22.714 22.704 22.709 22.684 22.696 22.661 22.641 22.624 22.606 22.571 22.581 22.514 22.481 22.461 22.424 22.351 22.296 22.206 22.159 22.069 21.999 21.989 21.866 21.759 21.694 21.619 21.546 21.441 21.369 21.304 21.259 21.156 21.096 20.974 20.906 20.859 20.741 20.699 20.584 20.529 21.244 20.604 20.361 20.299 20.371 20.419 20.481 20.459 20.486 20.496
21.059 21.101 21.166 21.366 21.399 21.409 21.439 21.531 21.574 21.694 21.739 21.821 21.884 21.966 22.004 22.091 22.149 22.234 22.261 22.326 22.359 22.424 22.419 22.434 22.454 22.496 22.486 22.539 22.541 22.546 22.546 22.526 22.549 22.499 22.459 22.401 22.406 22.394 22.351 22.319 22.311 22.266 22.191 22.166 22.079 22.019 21.956 21.856 21.829 21.719 21.609 21.529 21.461 21.369 21.331 21.226 21.179 21.124 21.021 20.976 20.839 20.761 20.686 20.556 20.521 20.424 20.359 20.896 20.714 20.129 20.144 20.216 20.286 20.301 20.301 20.319 20.339
20.839 20.909 20.991 21.114 21.109 21.184 21.246 21.316 21.394 21.486 21.524 21.614 21.701 21.749 21.821 21.879 21.954 22.011 22.056 22.096 22.171 22.221 22.254 22.266 22.301 22.311 22.329 22.329 22.336 22.359 22.361 22.356 22.366 22.346 22.289 22.261 22.236 22.224 22.209 22.159 22.131 22.061 22.031 21.981 21.919 21.829 21.794 21.704 21.601 21.546 21.421 21.364 21.291 21.216 21.141 21.066 21.034 20.979 20.861 20.799 20.706 20.599 20.526 20.419 20.334 20.309 20.221 20.256 21.351 19.964 20.046 20.049 20.099 20.146 20.136 20.139 20.194
20.594 20.691 20.744 20.959 20.896 20.961 21.016 21.106 21.169 21.266 21.341 21.409 21.486 21.539 21.649 21.721 21.761 21.791 21.849 21.909 21.969 22.016 22.034 22.066 22.099 22.151 22.171 22.164 22.161 22.174 22.149 22.169 22.154 22.144 22.109 22.154 22.049 22.034 22.001 21.951 21.946 21.871 21.821 21.796 21.724 21.654 21.589 21.506 21.451 21.371 21.284 21.209 21.129 21.059 20.984 20.911 20.861 20.801 20.721 20.646 20.561 20.436 20.374 20.331 20.161 20.146 20.046 20.029 20.894 19.811 19.869 19.871 19.939 19.996 20.009 19.984 20.014
20.419 20.444 20.521 20.621 20.669 20.746 20.861 20.891 20.936 21.059 21.121 21.204 21.271 21.349 21.419 21.486 21.536 21.586 21.649 21.701 21.786 21.816 21.864 21.864 21.899 21.959 21.971 21.969 21.994 21.981 22.006 21.994 22.006 22.006 21.919 21.889 21.874 21.856 21.824 21.769 21.736 21.679 21.649 21.604 21.509 21.544 21.416 21.321 21.256 21.186 21.114 21.034 20.954 20.874 20.831 20.769 20.696 20.629 20.564 20.516 20.424 20.289 20.219 20.186 20.036 19.986 19.876 19.881 20.521 19.991 19.701 19.674 19.786 19.841 19.854 19.856 19.849
20.166 20.239 20.339 20.394 20.444 20.519 20.606 20.669 20.734 20.819 20.936 21.001 21.044 21.129 21.236 21.324 21.314 21.399 21.434 21.504 21.569 21.616 21.654 21.704 21.709 21.734 21.751 21.776 21.781 21.809 21.791 21.806 21.809 21.811 21.749 21.741 21.704 21.646 21.626 21.581 21.539 21.496 21.449 21.401 21.346 21.269 21.214 21.129 21.054 20.996 20.944 20.849 20.779 20.739 20.664 20.631 20.546 20.464 20.414 20.331 20.241 20.121 20.056 19.971 19.889 19.799 19.766 19.704 20.174 20.024 19.546 19.499 19.626 19.669 19.696 19.691 19.716
19.939 20.079 20.111 20.184 20.246 20.309 20.389 20.454 20.531 20.624 20.696 20.779 20.909 20.939 21.034 21.056 21.091 21.164 21.239 21.276 21.379 21.386 21.461 21.496 21.491 21.524 21.561 21.569 21.599 21.599 21.589 21.594 21.599 21.556 21.559 21.539 21.496 21.444 21.419 21.396 21.386 21.304 21.256 21.221 21.134 21.086 21.046 20.961 20.881 20.861 20.789 20.699 20.656 20.586 20.529 20.484 20.396 20.309 20.204 20.131 20.086 19.966 19.886 19.831 19.754 19.639 19.616 19.561 19.569 20.134 19.369 19.411 19.466 19.521 19.539 19.546 19.541
19.739 19.819 19.961 19.986 20.041 20.116 20.179 20.264 20.311 20.391 20.496 20.551 20.654 20.716 20.821 20.856 20.891 20.971 21.031 21.091 21.149 21.189 21.259 21.284 21.296 21.326 21.354 21.364 21.391 21.404 21.399 21.401 21.406 21.391 21.381 21.324 21.284 21.281 21.236 21.181 21.156 21.099 21.044 21.014 20.966 20.904 20.836 20.771 20.719 20.696 20.604 20.556 20.476 20.426 20.354 20.309 20.246 20.126 20.044 19.971 19.904 19.831 19.751 19.696 19.631 19.496 19.471 19.409 19.391 20.116 19.449 19.219 19.244 19.351 19.354 19.376 19.409
19.524 19.611 19.699 19.814 19.869 19.926 19.986 20.056 20.101 20.186 20.256 20.331 20.436 20.506 20.579 20.646 20.699 20.766 20.809 20.884 20.951 21.019 21.044 21.096 21.119 21.149 21.171 21.189 21.209 21.209 21.209 21.196 21.224 21.199 21.179 21.159 21.126 21.061 21.071 21.014 20.969 20.891 20.866 20.836 20.774 20.709 20.654 20.604 20.554 20.499 20.446 20.394 20.331 20.264 20.204 20.134 20.086 20.001 19.914 19.836 19.759 19.671 19.604 19.546 19.461 19.371 19.351 19.241 19.221 19.994 19.154 19.089 19.029 19.181 19.196 19.234 19.266
19.326 19.414 19.549 19.669 19.644 19.721 19.804 19.851 19.916 19.986 20.084 20.154 20.239 20.311 20.406 20.469 20.501 20.606 20.686 20.654 20.741 20.791 20.846 20.884 20.916 20.961 20.989 20.989 21.009 21.014 21.001 21.009 21.031 20.991 20.976 20.971 20.929 20.891 20.874 20.821 20.764 20.749 20.674 20.649 20.596 20.546 20.479 20.461 20.381 20.364 20.336 20.254 20.229 20.134 20.049 19.979 19.946 19.874 19.789 19.704 19.654 19.724 19.454 19.386 19.326 19.246 19.194 19.121 19.089 19.326 19.141 19.026 18.911 19.056 19.071 19.099 19.116
19.119 19.221 19.299 19.441 19.459 19.544 19.594 19.701 19.719 19.786 19.864 19.959 20.044 20.114 20.169 20.264 20.311 20.416 20.391 20.466 20.551 20.596 20.646 20.651 20.714 20.751 20.761 20.776 20.796 20.821 20.809 20.814 20.819 20.801 20.774 20.759 20.746 20.694 20.656 20.621 20.586 20.581 20.514 20.486 20.411 20.366 20.339 20.299 20.261 20.204 20.154 20.106 20.071 19.996 19.939 19.861 19.834 19.751 19.659 19.564 19.519 19.414 19.329 19.264 19.174 19.109 19.059 18.994 18.951 19.024 19.479 18.894 18.826 18.856 18.924 18.956 18.946
18.909 19.026 19.086 19.189 19.239 19.336 19.381 19.461 19.524 19.609 19.694 19.741 19.849 19.929 20.004 20.064 20.131 20.184 20.216 20.269 20.319 20.379 20.451 20.479 20.506 20.549 20.559 20.576 20.586 20.596 20.611 20.606 20.619 20.574 20.586 20.554 20.546 20.499 20.484 20.456 20.419 20.379 20.366 20.279 20.256 20.249 20.186 20.156 20.116 20.056 20.024 19.954 19.916 19.849 19.781 19.734 19.681 19.599 19.506 19.444 19.379 19.284 19.199 19.109 19.064 18.984 18.894 18.836 18.786 18.764 18.974 18.751 18.701 18.711 18.774 18.809 18.844
18.731 18.809 18.931 18.996 19.041 19.131 19.206 19.274 19.334 19.421 19.519 19.566 19.641 19.731 19.806 19.851 19.911 19.971 20.066 20.079 20.131 20.199 20.214 20.289 20.316 20.321 20.331 20.381 20.376 20.394 20.374 20.391 20.401 20.379 20.369 20.376 20.339 20.309 20.291 20.266 20.271 20.216 20.156 20.124 20.101 20.066 20.034 19.986 19.966 19.924 19.841 19.796 19.769 19.701 19.649 19.599 19.539 19.469 19.384 19.311 19.234 19.121 19.051 18.966 18.924 18.866 18.744 18.709 18.631 18.601 19.121 18.519 18.589 18.579 18.689 18.699 18.706
18.531 18.624 18.694 18.789 18.884 18.934 19.024 19.091 19.144 19.234 19.316 19.399 19.499 19.551 19.614 19.661 19.729 19.781 19.826 19.886 19.946 19.969 20.044 20.084 20.086 20.134 20.151 20.169 20.199 20.196 20.179 20.194 20.201 20.189 20.209 20.196 20.189 20.144 20.124 20.089 20.081 20.071 20.011 19.969 19.939 19.901 19.874 19.834 19.809 19.756 19.724 19.691 19.619 19.556 19.504 19.421 19.396 19.296 19.234 19.186 19.101 18.986 18.899 18.809 18.791 18.716 18.626 18.569 18.499 18.449 18.691 18.209 18.474 18.419 18.516 18.586 18.599
18.361 18.409 18.504 18.594 18.681 18.754 18.839 18.884 18.986 19.044 19.129 19.236 19.269 19.346 19.419 19.456 19.544 19.586 19.629 19.704 19.754 19.784 19.844 19.871 19.884 19.946 19.939 19.976 19.979 19.964 19.961 20.001 20.004 20.014 20.001 20.011 19.986 19.974 19.944 19.939 19.891 19.869 19.846 19.789 19.766 19.774 19.706 19.681 19.646 19.599 19.569 19.556 19.491 19.429 19.359 19.304 19.241 19.156 19.109 19.016 18.951 18.871 18.784 18.724 18.616 18.601 18.481 18.404 18.374 18.336 18.794 18.299 18.359 18.299 18.389 18.459 18.484
18.144 18.256 18.316 18.436 18.514 18.579 18.671 18.721 18.789 18.874 18.931 19.019 19.084 19.171 19.211 19.296 19.336 19.419 19.419 19.506 19.551 19.589 19.639 19.689 19.694 19.719 19.746 19.776 19.774 19.764 19.794 19.801 19.826 19.836 19.804 19.859 19.799 19.774 19.766 19.759 19.721 19.684 19.674 19.636 19.626 19.611 19.544 19.536 19.491 19.454 19.431 19.389 19.341 19.284 19.249 19.179 19.114 19.019 19.044 18.874 18.789 18.711 18.604 18.581 18.464 18.436 18.386 18.274 18.229 18.214 18.471 18.854 18.216 18.229 18.264 18.311 18.331
17.969 18.054 18.154 18.276 18.341 18.391 18.476 18.531 18.614 18.684 18.771 18.836 18.916 18.976 19.054 19.104 19.156 19.199 19.229 19.309 19.376 19.386 19.431 19.479 19.501 19.509 19.549 19.561 19.576 19.581 19.606 19.636 19.629 19.644 19.644 19.669 19.621 19.629 19.606 19.594 19.569 19.556 19.514 19.524 19.481 19.431 19.506 19.396 19.349 19.286 19.271 19.244 19.191 19.134 19.084 19.026 18.929 18.861 18.811 18.709 18.639 18.564 18.469 18.406 18.314 18.266 18.184 18.109 18.086 18.069 18.254 18.751 18.084 18.091 18.139 18.189 18.234
17.864 17.861 18.024 18.039 18.129 18.226 18.274 18.371 18.486 18.531 18.639 18.761 18.736 18.809 18.869 18.901 18.971 19.071 19.069 19.124 19.149 19.219 19.236 19.274 19.311 19.359 19.351 19.351 19.384 19.379 19.419 19.441 19.441 19.471 19.454 19.474 19.476 19.476 19.421 19.426 19.416 19.394 19.376 19.346 19.336 19.271 19.251 19.224 19.201 19.146 19.141 19.099 19.034 18.989 18.929 18.859 18.806 18.749 18.676 18.566 18.509 18.411 18.341 18.266 18.171 18.136 18.056 17.984 17.951 17.919 18.031 18.861 18.021 17.941 18.016 18.069 18.096
17.611 17.686 17.796 17.859 17.964 18.024 18.104 18.156 18.264 18.329 18.396 18.469 18.569 18.611 18.684 18.726 18.791 18.836 18.889 18.911 18.976 19.016 19.064 19.079 19.131 19.161 19.156 19.164 19.204 19.219 19.256 19.251 19.289 19.281 19.281 19.301 19.311 19.299 19.259 19.274 19.256 19.246 19.209 19.186 19.159 19.131 19.091 19.059 19.046 19.014 18.981 18.926 18.901 18.851 18.786 18.696 18.641 18.606 18.511 18.444 18.354 18.279 18.206 18.121 18.039 17.994 17.939 17.834 17.839 17.784 17.906 18.906 17.799 17.861 17.856 17.929 17.964
17.419 17.519 17.614 17.699 17.786 17.856 17.916 17.986 18.064 18.139 18.219 18.299 18.371 18.414 18.486 18.546 18.596 18.656 18.669 18.729 18.759 18.831 18.869 18.941 18.944 18.956 18.979 18.999 19.031 19.039 19.076 19.086 19.109 19.116 19.126 19.136 19.146 19.146 19.114 19.119 19.114 19.109 19.056 19.049 19.014 18.981 18.954 18.919 18.934 18.851 18.819 18.794 18.764 18.739 18.664 18.574 18.474 18.451 18.381 18.286 18.229 18.154 18.074 17.974 17.871 17.839 17.791 17.729 17.686 17.649 17.734 18.664 17.546 17.736 17.696 17.791 17.839
17.246 17.379 17.441 17.624 17.624 17.694 17.776 17.824 17.879 17.969 18.044 18.111 18.179 18.229 18.316 18.366 18.431 18.466 18.489 18.566 18.611 18.631 18.694 18.771 18.789 18.806 18.816 18.836 18.874 18.866 18.881 18.901 18.936 18.939 18.961 18.994 19.006 18.971 18.979 18.961 18.974 18.949 18.936 18.896 18.849 18.814 18.831 18.799 18.744 18.739 18.701 18.641 18.596 18.541 18.506 18.414 18.369 18.304 18.216 18.161 18.084 17.989 17.934 17.836 17.754 17.684 17.666 17.581 17.531 17.494 17.526 18.464 17.439 17.621 17.554 17.654 17.746
17.084 17.171 17.284 17.354 17.439 17.519 17.606 17.656 17.691 17.821 17.869 17.919 17.991 18.064 18.121 18.206 18.264 18.289 18.309 18.386 18.421 18.501 18.541 18.589 18.606 18.619 18.646 18.651 18.691 18.691 18.716 18.741 18.761 18.786 18.789 18.824 18.836 18.826 18.806 18.834 18.819 18.796 18.766 18.741 18.699 18.669 18.689 18.621 18.599 18.586 18.549 18.514 18.476 18.404 18.346 18.264 18.206 18.151 18.059 18.011 17.916 17.844 17.781 17.689 17.566 17.521 17.501 17.431 17.399 17.361 17.374 18.311 17.416 17.494 17.426 17.524 17.579
16.906 17.014 17.091 17.184 17.276 17.341 17.436 17.544 17.539 17.621 17.674 17.734 17.826 17.904 17.974 18.021 18.071 18.109 18.156 18.214 18.266 18.329 18.389 18.414 18.444 18.464 18.476 18.516 18.516 18.519 18.551 18.569 18.586 18.614 18.646 18.664 18.671 18.651 18.681 18.656 18.676 18.634 18.611 18.591 18.564 18.514 18.504 18.479 18.466 18.424 18.386 18.371 18.314 18.246 18.179 18.141 18.069 18.004 17.919 17.861 17.781 17.721 17.664 17.574 17.444 17.399 17.369 17.271 17.239 17.224 17.211 18.006 17.584 17.376 17.319 17.389 17.426
16.746 16.861 16.934 17.016 17.149 17.206 17.251 17.306 17.369 17.431 17.509 17.556 17.639 17.734 17.794 17.836 17.899 17.951 17.999 18.054 18.094 18.164 18.204 18.259 18.274 18.294 18.314 18.351 18.321 18.381 18.364 18.421 18.421 18.436 18.484 18.519 18.514 18.526 18.514 18.524 18.504 18.496 18.451 18.431 18.416 18.396 18.351 18.351 18.324 18.279 18.236 18.211 18.134 18.071 18.029 17.964 17.904 17.851 17.786 17.709 17.691 17.579 17.521 17.426 17.319 17.261 17.201 17.136 17.094 17.064 17.054 17.596 17.991 17.224 17.196 17.261 17.274
16.586 16.676 16.784 16.881 16.961 17.034 17.079 17.169 17.186 17.271 17.354 17.416 17.486 17.571 17.616 17.691 17.731 17.799 17.826 17.906 17.964 18.016 18.041 18.106 18.119 18.181 18.176 18.209 18.194 18.206 18.246 18.246 18.271 18.284 18.321 18.369 18.371 18.366 18.349 18.361 18.346 18.341 18.304 18.284 18.249 18.234 18.209 18.179 18.151 18.106 18.076 18.029 18.001 17.916 17.889 17.806 17.746 17.696 17.666 17.556 17.479 17.436 17.376 17.284 17.179 17.126 17.094 17.019 16.946 16.959 16.914 17.226 17.986 17.089 17.009 17.109 17.176
16.451 16.534 16.649 16.739 16.786 16.866 16.961 16.989 17.039 17.116 17.184 17.234 17.341 17.399 17.456 17.506 17.581 17.631 17.699 17.736 17.799 17.834 17.889 17.929 17.979 18.014 18.021 18.029 18.059 18.066 18.101 18.116 18.121 18.146 18.196 18.199 18.209 18.226 18.201 18.194 18.171 18.206 18.159 18.144 18.106 18.081 18.071 18.034 17.979 17.944 17.916 17.874 17.811 17.754 17.746 17.654 17.599 17.559 17.499 17.426 17.359 17.311 17.214 17.149 17.071 17.001 16.956 16.886 16.834 16.841 16.796 17.016 17.726 16.879 16.866 16.939 17.019
16.271 16.386 16.494 16.561 16.636 16.734 16.776 16.806 16.866 16.959 17.029 17.104 17.176 17.259 17.301 17.341 17.426 17.496 17.541 17.579 17.636 17.699 17.736 17.804 17.841 17.859 17.851 17.889 17.906 17.909 17.936 17.936 17.971 18.009 18.044 18.061 18.064 18.069 18.061 18.039 18.031 18.029 18.011 17.966 17.949 17.941 17.906 17.879 17.856 17.796 17.776 17.739 17.704 17.631 17.591 17.526 17.469 17.426 17.361 17.279 17.229 17.166 17.094 17.026 16.911 16.871 16.789 16.756 16.699 16.681 16.674 16.784 17.691 16.594 16.774 16.794 16.884
