All_lidar/sz6193_DSM_2M.asc
ncols 500
nrows 500
xllcorner    461000
yllcorner    93000
cellsize     2
NODATA_value -9999
[rows 264 to 296 of 500, columns 222 to 295 of 500]
-2.01 -2.044 -2.041 -2.029 -1.98 -2.057 -2.06 -2.014 -2.033 -2.117 -2.035 -1.983 -2.098 -2.107 -1.926 -2.046 -2.118 -2.099 -2.027 -1.979 -2.045 -2.025 -2.027 -2.006 -2.038 -2.03 -2.063 -2.045 -2.071 -2.006 -2.023 -2.038 -2.105 -2.021 -2.039 -2.043 -2.072 -2.005 -2.003 -2.039 -2.03 -2.038 -2.059 -2.042 -2.095 -2.013 -1.964 -2.064 -2.066 -2.094 -2.053 -2.03 -1.978 -2.027 -2.112 -2.101 -1.978 -2.075 -2.005 -2.106 -2.063 -1.999 -2.075 -2.051 -2.105 -2.055 -2.048 -1.958 -1.973 -2.121 -2.004 -2.011 -2.011 -2.12
-1.953 -1.964 -2.122 -2.025 -2.113 -2.047 -1.972 -2.084 -2.029 -2.038 -1.986 -2 -2.02 -2.107 -2.05 -2.036 -2.035 -2.108 -2.038 -1.968 -2.054 -2.04 -2.082 -2.01 -1.997 -2.039 -2.029 -2.07 -2.023 -1.993 -2.066 -2.093 -2.024 -2.124 -1.949 -2.071 -2.041 -2.03 -1.997 -2.053 -1.959 -1.961 -2.078 -2.069 -2.09 -2.053 -2.105 -2.006 -2.011 -2.051 -2.063 -1.991 -2.079 -2.029 -2.098 -2.056 -1.942 -2.06 -2.146 -2.025 -2.129 -1.971 -1.989 -2.167 -2.173 -2.113 -2.107 -2.078 -2.022 -2.119 -2.09 -2.013 -2.01 -2.165
-2.029 -2.006 -2.105 -2.048 -2.024 -1.97 -2.024 -2.064 -2.05 -2.005 -1.997 -1.969 -2.064 -2.026 -1.984 -2.007 -2.127 -2.112 -2.001 -1.964 -2.024 -2.028 -2.008 -1.99 -2.034 -2.062 -2.085 -2.013 -2.023 -2.04 -2.094 -2.063 -1.993 -2.008 -2.041 -2.047 -2.104 -2.087 -1.992 -2.021 -2.06 -1.997 -1.997 -2.105 -2.053 -2.024 -2.028 -2.015 -1.995 -2.097 -2.052 -1.983 -1.984 -2.039 -2.139 -2.115 -2.007 -2.04 -2.072 -2.059 -2.058 -2.048 -1.975 -2.071 -2.09 -2.132 -2.157 -1.989 -2.038 -2.097 -2.107 -1.976 -2.074 -2.044
-2.013 -2.01 -2.048 -2.103 -2.021 -2.016 -2.057 -2.05 -2.056 -2.021 -1.953 -2.103 -2.035 -2.068 -1.986 -2.053 -2.046 -2.044 -1.987 -1.994 -2.059 -2.095 -2.054 -2.018 -1.992 -2.023 -2.059 -1.992 -2.098 -2.043 -2.082 -2.097 -2.048 -2.013 -2.013 -2.027 -2.056 -2.013 -2.107 -2.004 -1.993 -2.056 -2.049 -2.094 -2.027 -2.031 -2.021 -1.939 -1.99 -2.116 -2.057 -1.998 -2.117 -2.102 -2.031 -2.117 -1.969 -1.993 -1.998 -2.122 -2.048 -2.054 -2.007 -2.108 -2.213 -2.149 -2.046 -1.942 -2.081 -2.047 -2.098 -1.974 -9999 -2.039
-1.979 -2.023 -2.099 -2.074 -2.015 -2.001 -2.084 -2.03 -2.041 -2.045 -1.964 -2.128 -2.056 -2.045 -1.984 -2.023 -2.137 -2.034 -2.051 -1.999 -2.003 -2.057 -2.037 -2.07 -2.014 -2.057 -2.031 -2.013 -2.012 -1.984 -2.082 -2.048 -2.008 -2.064 -2.002 -2.136 -2.113 -2.045 -2.078 -2.056 -2.071 -2.004 -1.984 -2.037 -2.138 -2.063 -2.069 -2.002 -2.121 -2.094 -2.041 -2.058 -1.98 -2.024 -2.111 -2.138 -2 -2.003 -2.076 -2.048 -2.023 -2.053 -2.055 -2.22 -2.165 -2.151 -2.075 -2.007 -2.105 -2.08 -2.071 -2.055 -2.011 -2.052
-2.016 -2.05 -2.062 -2.114 -2.011 -1.953 -2.051 -2.035 -2.055 -2.008 -1.984 -2.02 -2.103 -2.069 -2.034 -2.037 -2.042 -2.065 -2.072 -1.982 -2.068 -2.095 -2.079 -1.956 -1.989 -2.074 -2.092 -1.996 -2 -2.067 -2.069 -2.053 -2.046 -2.002 -2.054 -2.068 -2.053 -1.988 -2.033 -2.098 -1.951 -2.02 -2.061 -2.059 -2.04 -2.019 -2.003 -2.038 -2.014 -2.09 -2.014 -2.061 -2.024 -2.126 -2.111 -2.035 -2.132 -2.206 -2.006 -2.069 -2.062 -2.112 -2.073 -2.106 -2.07 -2.18 -2.018 -1.943 -1.982 -2.168 -2.137 -2.067 -2.049 -2.007
-2 -2.056 -2.048 -2.032 -2.017 -2.002 -1.983 -2.016 -2.01 -2.039 -2.011 -2.016 -2.031 -2.038 -1.985 -2.031 -2.062 -2.006 -2.097 -1.959 -2.001 -2.089 -2.04 -2.054 -2.016 -2.055 -2.016 -2.011 -2.06 -2.04 -2.062 -2.069 -1.994 -2.026 -2.065 -2.042 -2.039 -2.076 -2.018 -2.027 -1.995 -2.077 -2.021 -2.121 -2.101 -2.044 -2.011 -2.056 -2.037 -2.068 -2.076 -2.064 -2.045 -2.115 -2.075 -1.956 -1.98 -2.066 -2.025 -2.029 -2.047 -2.053 -2.161 -2.072 -2.126 -2.073 -2.163 -2.031 -2.019 -2.052 -2.053 -2.087 -1.988 -2.09
-2.042 -2.023 -2.083 -2.096 -1.982 -2.019 -2.033 -2.038 -2.1 -2.024 -1.988 -2.026 -2.089 -2.003 -2.038 -2.062 -2.03 -2.009 -2.047 -2.016 -2.093 -2.101 -2.05 -2.031 -2.041 -2.105 -1.981 -1.964 -2.05 -2.089 -2.052 -2.11 -1.993 -1.979 -2.056 -2.128 -2.024 -2.066 -2.016 -2.043 -2.035 -2.006 -2.011 -2.121 -2.061 -2.045 -2.023 -2.097 -2.109 -2.071 -2.01 -2.045 -2.118 -2.034 -2.113 -2 -2.067 -2.006 -2.122 -2.079 -2.084 -2.023 -2.016 -2.106 -2.152 -2.013 -2.031 -2.005 -1.993 -2.046 -2.04 -2.136 -2.084 -2.116
-2.01 -2.049 -2.076 -2.1 -2.014 -2.091 -2.012 -2.032 -2.034 -2.034 -2.077 -2.017 -2.103 -2.006 -2.032 -2.041 -2.109 -2.021 -2.008 -2.034 -2.007 -2.113 -2.073 -1.995 -2.065 -2.045 -2.029 -2.026 -2.027 -2.079 -2.078 -2.003 -2.055 -1.984 -2.05 -2.029 -2.061 -2.076 -2.053 -2.029 -2.032 -2.063 -2.023 -2.077 -2.073 -2.005 -2.011 -2.061 -2.044 -2.006 -2.118 -2.059 -2.075 -2.118 -2.062 -2.067 -1.976 -2.092 -2.044 -2.041 -2.064 -2.079 -2.016 -2.103 -2.055 -2.144 -2.159 -2.042 -2.027 -2.143 -2.13 -2.033 -2.032 -2.032
-2.105 -2.037 -2.037 -2.065 -1.978 -2.092 -2.028 -2.044 -2.09 -2.032 -2.08 -2.024 -2.08 -2.003 -2.076 -2.041 -2.041 -2.047 -2.05 -2.029 -2.019 -2.057 -2.066 -2.034 -2.005 -2.022 -2.034 -2.092 -2.023 -1.996 -2.044 -2.046 -2.002 -2.033 -2.047 -2.01 -2.065 -2.117 -2.017 -1.975 -1.969 -1.986 -2.08 -2.101 -2.039 -1.99 -1.999 -2.071 -2.007 -1.966 -2.039 -2.03 -2.105 -2.129 -2.006 -1.989 -2 -2.009 -2.041 -2.086 -2.004 -2.019 -2.051 -2.08 -2.077 -2.09 -2.102 -2.039 -2.057 -2.005 -2.051 -2.095 -2.012 -2.117
-2.034 -2.073 -2.039 -2.093 -2.076 -2.004 -2.034 -2.058 -2.036 -1.968 -2.044 -2.068 -2.052 -2.027 -2.089 -2.037 -2.024 -2.067 -1.988 -1.981 -1.999 -2.041 -2.022 -2.012 -1.988 -1.981 -2.054 -2.087 -2.09 -2.1 -2.052 -2.003 -2.023 -2.023 -2.028 -2.102 -2.083 -2.065 -2.029 -2.043 -2.048 -2.014 -2.11 -2.068 -2.026 -2.099 -1.986 -2.015 -2.111 -2.073 -2.031 -2.074 -2.085 -2.131 -1.997 -1.972 -1.975 -2.13 -2.126 -2.021 -1.989 -2.014 -2.127 -2.08 -2.063 -2.074 -2.138 -2.112 -1.993 -2.117 -2.041 -2.14 -1.977 -2.027
-2.039 -2.032 -2.018 -2.033 -2.063 -2.014 -2.04 -2.122 -1.999 -1.954 -2.151 -2.028 -2.041 -2.011 -2.028 -2.053 -2.029 -2.043 -2.089 -1.958 -1.983 -2.058 -2.029 -2.046 -2.036 -2.053 -1.981 -2.053 -1.978 -2.009 -2.028 -2.045 -2.012 -2.091 -2.065 -2.038 -2.064 -2.042 -2.032 -2.065 -2.093 -2.04 -2.111 -2.075 -2.096 -1.985 -2.094 -2.023 -2.105 -2.043 -1.968 -2.147 -2.166 -2.107 -2.005 -2.023 -1.984 -2.039 -2.035 -2.048 -2.066 -2.069 -2.223 -2.057 -2.1 -2.035 -2.11 -2.096 -2.025 -2.042 -2.092 -2.123 -1.988 -2.082
-2.023 -2.076 -2.058 -2.039 -2.095 -2.002 -2.04 -2.077 -1.994 -1.938 -2.06 -2.11 -2.137 -1.989 -2.063 -2.055 -2.123 -2.06 -2.032 -2.04 -2.109 -1.992 -1.999 -2.041 -1.983 -2.055 -2.042 -2.081 -2.026 -2.063 -2.03 -1.972 -2.006 -2.018 -2.037 -2.101 -2.052 -1.995 -2.048 -2.023 -1.972 -2.035 -2.134 -2.048 -2.017 -1.965 -2.041 -2.021 -2.02 -1.972 -2.012 -2.07 -2.044 -2.178 -2.025 -1.976 -1.993 -2.058 -2.091 -1.99 -1.994 -2.047 -2.149 -2.146 -2.029 -2.057 -2.001 -2.083 -2.006 -1.978 -2.073 -2.072 -2.047 -2.112
-1.998 -2.062 -2.07 -1.984 -2.006 -1.969 -2.061 -2.094 -1.975 -1.996 -2.157 -2.073 -2.078 -2.01 -2.089 -2.076 -2.021 -2.037 -2.025 -2.051 -1.994 -1.998 -2.091 -1.981 -2.006 -2.08 -2.059 -2.054 -2.078 -2.029 -1.991 -1.995 -2.014 -2.076 -2.013 -2.028 -2.064 -2.024 -2.009 -2.019 -2.01 -2.018 -2.078 -1.995 -1.998 -2.036 -2.042 -2.015 -2.063 -1.987 -2.028 -2.111 -2.129 -2.099 -2.057 -2.003 -1.985 -2.012 -2.11 -2.045 -1.934 -2.089 -2.111 -2.071 -1.998 -2.087 -2.094 -2.077 -2.006 -2.039 -2.064 -2.027 -2.029 -2.025
-2.009 -2.099 -2.053 -2.047 -2.046 -1.958 -2.07 -2.111 -2.056 -2.019 -2.021 -2.067 -2.052 -2.002 -2.08 -2.061 -2.073 -2.071 -2.041 -2.06 -2.045 -1.992 -2.043 -2.049 -2.051 -2.013 -2.065 -2.025 -2.09 -2.008 -2.036 -2.045 -1.999 -2.083 -2.074 -2.029 -2.038 -2.02 -2.013 -2.027 -2.026 -2.032 -2.065 -2.006 -2.048 -2.066 -2.046 -2.039 -2.061 -1.998 -2.069 -1.998 -2.036 -2.047 -2.074 -1.984 -2.034 -2.07 -2.066 -2.009 -2.077 -2.014 -2.106 -2.091 -2.059 -2.03 -1.983 -2.046 -2.051 -2.078 -2.057 -1.992 -2.038 -2.05
-2.029 -2.014 -2.041 -2.039 -2.087 -2.027 -2.047 -2.139 -1.977 -2.012 -2.076 -2.06 -2.094 -1.995 -2.022 -2.081 -2.056 -1.986 -1.978 -2.048 -2.105 -2.033 -2.005 -2.074 -2.015 -2.011 -1.999 -2.076 -2.06 -2.079 -2.007 -2.021 -2.046 -2.028 -2.037 -2.038 -2.02 -2.058 -2.037 -2.054 -2.05 -2.053 -2.032 -2.035 -1.983 -2.037 -2.074 -1.99 -1.996 -2.039 -2.159 -2.034 -2.057 -2.138 -2.042 -2.069 -2.017 -2.043 -2.099 -2.047 -1.973 -2.067 -2.057 -2.066 -2.028 -2.116 -2.064 -2.113 -2.01 -2.12 -2.017 -2.027 -2.051 -2.036
-2.094 -2.053 -2.039 -2.046 -2.013 -2.022 -2.101 -2.046 -2.062 -1.974 -2.05 -2.026 -2.122 -1.973 -2.076 -1.963 -2.062 -2.038 -2.116 -2.018 -1.999 -2.004 -2.03 -2.141 -2.037 -2 -2.007 -2.074 -2.041 -2.033 -2 -2.038 -2.114 -2.043 -2.003 -2.033 -2.021 -2.092 -1.962 -1.958 -2.049 -2.043 -1.952 -2.055 -1.978 -2.124 -2.062 -1.994 -2.019 -2.064 -2.134 -2.024 -2.001 -2.132 -1.991 -2.063 -2.059 -2.085 -2.073 -2.148 -1.997 -1.999 -2.042 -2.11 -2.067 -2.034 -2.096 -2.075 -2.024 -2.03 -2.105 -1.966 -2.075 -2.067
-2.036 -2.018 -2.019 -2.075 -2.049 -2.003 -2.006 -2.083 -2.053 -1.973 -1.992 -2.035 -2.055 -2.064 -2.032 -2.023 -2.052 -2.027 -2.02 -2.012 -2.046 -2.022 -2.041 -2.035 -2.083 -2.05 -2.04 -2.072 -2.069 -2.029 -1.994 -2.029 -2.011 -2.058 -2.058 -2.08 -1.963 -2.03 -2.075 -2.003 -1.99 -2.042 -2.056 -1.998 -1.999 -2.105 -2.036 -1.949 -2.044 -2.042 -2.107 -2.048 -1.925 -2.088 -2.009 -2.013 -2.036 -2.09 -2.076 -2.093 -1.999 -1.99 -2.087 -2.096 -2.165 -2.108 -1.995 -2.023 -2.073 -2.027 -2.042 -2.035 -2.048 -2.078
-2.062 -2.08 -1.999 -2.066 -2.083 -2.062 -2.045 -2.045 -1.984 -2.02 -2.019 -2.096 -2.03 -2.08 -2.018 -2.051 -2.023 -2.021 -1.991 -1.995 -1.997 -2.066 -2.01 -2.044 -2.03 -2.004 -1.979 -2.036 -2.053 -2.134 -2.038 -2.027 -2.059 -2.033 -2.052 -2 -1.996 -2.061 -2.063 -2.037 -2.006 -2.027 -2.04 -2.038 -1.985 -2.111 -2.036 -2.005 -1.981 -2.08 -2.077 -2.134 -1.966 -2.116 -2.026 -2.045 -2.019 -2.152 -2.104 -2.136 -1.927 -1.937 -2.069 -2.126 -2.052 -2.075 -1.979 -2.048 -2.112 -2.042 -2.04 -2.014 -2.065 -2.066
-2.073 -1.971 -2.002 -2.07 -2.073 -2.091 -1.99 -2.027 -2.036 -2.026 -2.056 -2.026 -2.034 -2.049 -2.023 -2.031 -2.057 -2.015 -2.001 -2.01 -1.98 -2.051 -2.005 -1.983 -2.107 -2.009 -2.065 -2.043 -2.066 -2.113 -2.05 -2.009 -2.056 -2.094 -2.055 -2.009 -2.048 -2.042 -2.104 -2.023 -2.084 -2.007 -2.014 -2.041 -2.043 -2.105 -2.101 -1.974 -1.916 -1.987 -2.058 -2.078 -2.05 -2.05 -2.039 -2.038 -2.044 -2.034 -2.044 -2.045 -2.028 -1.923 -9999 -2.14 -2.156 -2.066 -1.967 -1.999 -2.022 -2.077 -2.022 -2.094 -2.074 -2.046
-2.028 -1.982 -2.126 -2.064 -2.07 -2.057 -2.031 -2.046 -2.026 -2.033 -2.044 -1.972 -2.08 -2.044 -2.046 -2.032 -2.033 -2.041 -1.999 -1.998 -1.98 -2.074 -2.065 -2.038 -2.073 -2.021 -2.019 -2.045 -2.111 -2.032 -2.036 -2.078 -2.023 -2.068 -2.072 -2.048 -1.979 -2.086 -2.121 -1.954 -2.053 -2.039 -2.067 -2.056 -2.014 -2.036 -2.03 -2.055 -1.95 -2.074 -2.142 -2.044 -2.05 -2.003 -1.989 -2.043 -2.113 -2.042 -9999 -2.039 -1.961 -1.939 -2.044 -2.124 -2.138 -2.061 -1.993 -1.991 -2.043 -2.046 -1.943 -2.085 -2.08 -2.032
-2.004 -1.994 -1.994 -1.992 -2.073 -2.061 -2.081 -2.03 -2.045 -2.042 -1.982 -2.009 -2.032 -2.096 -2.056 -2.06 -2.106 -2.069 -2.015 -2.027 -2.048 -2.081 -1.985 -1.988 -2.079 -1.977 -2.003 -2.029 -2.065 -1.994 -1.978 -2.019 -2.03 -2.04 -2.002 -2.031 -1.937 -2.07 -2.11 -2 -2.034 -2.052 -2.024 -1.967 -2.076 -2.015 -1.997 -2.024 -1.983 -2.052 -2.095 -2.031 -1.964 -2.025 -2.028 -2.069 -2.021 -1.964 -2.072 -2.123 -1.993 -1.988 -1.938 -2.058 -2.165 -2.042 -2.002 -2.04 -2.026 -2.084 -2.024 -2.052 -2.036 -2.034
-2 -2.042 -2.002 -2.014 -2.042 -2.059 -2.066 -2.011 -1.966 -2.042 -1.987 -2.103 -2.058 -2.059 -2.02 -2.054 -2.034 -2.007 -1.988 -2.033 -2.046 -2.042 -2.011 -1.991 -2.026 -2.052 -2.052 -2.173 -2.098 -2.022 -2.006 -2.066 -2.072 -2.064 -2.063 -2.056 -2.014 -2.02 -2.092 -2.01 -2.053 -2.051 -2 -2.089 -2.107 -2.031 -2.023 -2.055 -2.055 -2.007 -2.086 -2.047 -1.996 -2.127 -2.004 -2.088 -1.997 -1.99 -2.049 -2.12 -2.02 -1.94 -1.966 -2.161 -2.082 -2.091 -2.047 -2.023 -2.106 -2.095 -1.963 -1.969 -2.049 -2.104
-1.988 -2.003 -2.023 -2.051 -2.045 -2.037 -2.042 -1.986 -2.013 -2.096 -2.036 -2.044 -2.088 -2.042 -1.984 -1.993 -2.018 -2.03 -2.067 -2.08 -2.022 -2.055 -2.079 -2.01 -2.028 -2.018 -2.036 -2.093 -2.029 -2.008 -1.956 -2.011 -2.1 -2.024 -2.039 -2.006 -2.084 -2.013 -2.074 -1.991 -2.036 -2.08 -2.092 -2.055 -2.12 -2.062 -2.045 -2.04 -2.004 -2.074 -2.069 -2.077 -2.072 -1.976 -2.03 -2.04 -2.118 -2.008 -2.105 -2.122 -2.015 -1.927 -1.988 -2.033 -2.074 -2.062 -1.938 -2.013 -2.056 -2.042 -1.953 -2.035 -9999 -2.165
-1.952 -2.033 -2.107 -2.076 -2.012 -1.973 -2.035 -2.035 -2.022 -2.046 -2.125 -2.046 -2.06 -2.048 -2.008 -2.024 -1.992 -2.041 -2.042 -2.046 -1.995 -2.013 -2.059 -2.091 -2.027 -2.076 -2.036 -2.097 -1.998 -2.089 -1.95 -2.008 -2.025 -2.036 -1.984 -1.999 -2 -2.061 -2.006 -2.029 -2.009 -2 -2.071 -2.109 -2.026 -1.958 -2.024 -2.08 -2.025 -2.025 -2.049 -2.064 -2.106 -1.992 -1.983 -2.115 -2.073 -1.994 -2.078 -2.01 -2.037 -2.017 -1.97 -2.132 -1.991 -2.057 -1.973 -2.12 -2.057 -1.986 -2 -1.998 -2.117 -2.09
-1.964 -2.055 -2.14 -2.104 -2.043 -2.017 -1.996 -2.068 -2.035 -2.048 -2.019 -2.015 -2.054 -2.083 -2.014 -1.952 -2.034 -2.089 -2.086 -2.095 -1.965 -2.014 -2.017 -2.037 -2.087 -2.062 -2.057 -2.044 -2.001 -1.953 -1.988 -2.091 -2.026 -1.99 -1.951 -1.993 -2.059 -2.082 -2.009 -1.997 -1.983 -2.031 -2.038 -2.113 -2.068 -1.979 -2.033 -2.125 -2.058 -1.949 -2.036 -2.06 -2.063 -2.093 -2.008 -1.997 -2.061 -2.035 -1.98 -2.013 -2.001 -2.042 -2.008 -2.05 -2.111 -2.066 -2.035 -2.019 -2.091 -2.004 -1.964 -1.979 -2.095 -2.093
-1.972 -2.045 -2.07 -2.151 -2.027 -2.084 -2.088 -2.057 -2.047 -2.022 -2.003 -2.028 -2.078 -2.1 -2.021 -2.013 -2.002 -2.073 -2.117 -2.049 -1.958 -1.979 -2.059 -2.067 -2.028 -2.028 -2.025 -2.001 -2.043 -2.014 -1.958 -2.067 -2.083 -2.017 -2.017 -2.072 -2.055 -2.055 -2.002 -1.992 -1.987 -2.011 -2.043 -2.044 -2.164 -2.032 -1.989 -1.988 -2.055 -1.998 -2.051 -2.08 -2.045 -2.07 -2.017 -1.996 -2.084 -2.076 -2.082 -1.975 -1.966 -2.079 -2.044 -2.011 -2.099 -2.04 -1.995 -1.982 -2.121 -2.076 -2.033 -1.998 -2.074 -2.202
-1.99 -2 -2.012 -2.047 -2.085 -1.962 -2.014 -2.041 -2.029 -2.085 -2 -1.985 -2.049 -2.115 -1.996 -2.036 -2.066 -2.098 -2.084 -2.016 -1.928 -1.991 -2.03 -2.072 -2.051 -2.002 -2.03 -2.046 -2.046 -2.017 -2.071 -2.038 -2.08 -2 -1.981 -1.986 -2.04 -2.068 -1.99 -2.001 -2.004 -2.076 -2.028 -2.05 -2.037 -2.014 -2.061 -1.995 -2.095 -2.038 -1.989 -2.053 -2.06 -2.074 -1.976 -2.037 -2.07 -2.049 -2.006 -2.007 -1.969 -2.081 -2.04 -1.999 -2.112 -2.077 -2.022 -1.998 -2.073 -2.016 -1.982 -2.035 -2.048 -2.1
-2.045 -2.006 -2.077 -2.071 -2.032 -2.109 -2.044 -1.967 -2.009 -2.035 -2.049 -2.037 -2.029 -2.063 -2.026 -1.985 -2.061 -2.109 -2.049 -2.028 -1.955 -2.024 -2.013 -2.082 -2.058 -1.981 -2.001 -2.033 -2.002 -2.043 -2.089 -2.111 -2.085 -1.985 -2.06 -2.021 -2.086 -2.059 -2.075 -2.004 -2.023 -2.02 -2.026 -2.037 -2.099 -2.005 -2.051 -2.001 -2.012 -2.057 -2.008 -2.054 -2.057 -2.081 -1.979 -1.955 -2.117 -2.051 -2.029 -1.991 -2.056 -2.052 -2.031 -2.033 -2.043 -2.1 -2.05 -2.1 -2.073 -2.026 -2.074 -1.99 -2.069 -2.111
-2.052 -2.01 -2.064 -2.081 -2.081 -1.99 -2.031 -2.096 -2.119 -2.072 -2.035 -2.07 -2.054 -2.028 -2.029 -2.046 -2.102 -2.121 -2.058 -1.99 -1.982 -2.021 -2.074 -2.096 -2.082 -2.013 -2.011 -2.033 -2.01 -2.026 -2.106 -2.044 -2.012 -2.001 -2.027 -2.027 -2.151 -2.007 -1.984 -2.027 -2.048 -2.076 -2.134 -2.078 -2.054 -1.992 -1.974 -2.044 -1.975 -2.131 -2.015 -2.038 -2.105 -2.165 -1.983 -2.002 -2.058 -2.062 -2.012 -2.012 -2.064 -2.022 -2.085 -1.999 -2.052 -2.076 -2.078 -2.039 -2.013 -2.077 -2.046 -2.031 -2.043 -2.063
-2.036 -2.014 -2.039 -2.026 -2.108 -2 -2.016 -2.029 -2.066 -2.046 -2.066 -2.017 -2.029 -2.021 -2.081 -2.01 -1.998 -2.064 -2.074 -1.949 -2.003 -2.102 -2.101 -2.089 -1.98 -2.018 -2.033 -2.026 -2.007 -2.048 -2.088 -2.032 -2.034 -2.018 -1.997 -1.984 -2.126 -2.048 -2 -2.017 -2.047 -2.015 -2.017 -2.039 -2.129 -2.123 -2.021 -1.983 -2.01 -2.07 -2 -2.039 -2.029 -2.073 -1.958 -1.955 -2.078 -2.101 -2.032 -1.919 -2.005 -2.07 -2.071 -1.977 -1.993 -2.072 -2.124 -2.081 -2.089 -2.066 -2.061 -2.08 -2.041 -2.041
-2.051 -2.007 -2.082 -1.991 -2.07 -1.996 -2.005 -2.079 -2.066 -2.07 -2.106 -2.039 -2.031 -2.002 -2.067 -2.085 -2.079 -2.069 -2.009 -2 -2.019 -2.092 -2.085 -2.084 -2.056 -2.034 -2.033 -2.008 -1.975 -2.064 -2.044 -2.054 -2.06 -2.015 -1.941 -1.984 -2.083 -2.03 -2.061 -2.077 -2.021 -2.008 -2.004 -2.061 -2.062 -2.034 -2.094 -1.999 -2.071 -2.025 -2.064 -1.991 -2.047 -2.105 -2.1 -2.011 -2.053 -2.109 -2.066 -1.999 -1.949 -2.077 -2.052 -2.001 -2.005 -2.136 -2.073 -2.118 -1.999 -2.003 -2.091 -2.142 -2.01 -2.024
-1.988 -2.094 -2.096 -2.038 -2.044 -1.959 -2.06 -2.065 -2.031 -2.056 -2.055 -2.029 -2.013 -2.038 -1.99 -2.102 -2.078 -2.012 -2.06 -1.919 -2.041 -2.067 -2.073 -2.06 -2.061 -2.041 -2.018 -2.013 -1.993 -2.038 -2.138 -1.996 -2.073 -1.981 -1.998 -2.077 -2.108 -2.099 -2.064 -2.047 -2.067 -2.056 -2.03 -2.056 -2.024 -2.103 -2.056 -1.968 -1.995 -2.047 -2.003 -1.994 -2.034 -2.124 -2.052 -2.025 -2.051 -2.051 -2.033 -1.985 -1.984 -2.078 -2.041 -2.032 -1.984 -2.086 -2.088 -2.146 -2.01 -2.003 -2.043 -2.08 -2.058 -2.007
