All_lidar/sz6191_DSM_2M.asc
ncols 500
nrows 500
xllcorner    461000
yllcorner    91000
cellsize     2
NODATA_value -9999
[rows 96 to 127 of 500, columns 216 to 287 of 500]
7.58 7.55 7.483 7.41 7.333 7.24 7.203 7.128 7.03 6.938 6.875 6.835 6.738 6.703 6.6 6.488 6.373 6.258 6.188 6.148 6.085 6.058 5.965 5.823 5.66 5.468 5.328 5.21 5.108 4.955 4.845 4.745 4.658 4.628 4.578 4.505 4.44 4.4 4.358 4.31 4.295 4.253 4.275 4.25 4.21 4.235 4.198 4.12 4.115 4.16 4.16 4.15 4.16 4.128 4.125 4.113 4.11 4.105 4.08 4.09 4.1 4.03 3.92 3.915 3.948 3.755 3.425 4.19 4.033 3.853 3.795 3.775
7.633 7.545 7.49 7.428 7.37 7.31 7.24 7.145 7.048 6.953 6.955 6.87 6.815 6.753 6.658 6.523 6.408 6.305 6.215 6.125 6.055 5.998 5.96 5.86 5.735 5.555 5.39 5.27 5.15 4.99 4.905 4.798 4.753 4.71 4.628 4.55 4.465 4.418 4.368 4.35 4.318 4.288 4.263 4.243 4.22 4.228 4.18 4.118 4.17 4.16 4.178 4.16 4.168 4.165 4.15 4.15 4.135 4.118 4.105 4.118 4.153 4.145 4.06 3.993 3.928 3.32 3.72 3.973 3.948 3.825 3.818 3.798
7.673 7.595 7.513 7.498 7.45 7.388 7.313 7.195 7.088 7.028 6.958 6.915 6.893 6.815 6.683 6.543 6.423 6.34 6.255 6.165 6.058 5.983 5.885 5.825 5.748 5.615 5.495 5.338 5.225 5.093 4.983 4.893 4.793 4.743 4.698 4.583 4.513 4.445 4.403 4.37 4.338 4.315 4.275 4.253 4.258 4.233 4.168 4.133 4.218 4.203 4.213 4.195 4.168 4.175 4.148 4.168 4.125 4.128 4.123 4.135 4.17 4.165 4.115 4.038 3.66 3.453 3.915 3.985 3.893 3.885 3.848 3.833
7.698 7.65 7.588 7.565 7.513 7.44 7.328 7.243 7.175 7.088 7.023 7.013 6.963 6.84 6.7 6.583 6.495 6.418 6.31 6.228 6.108 5.968 5.888 5.815 5.728 5.668 5.56 5.445 5.263 5.15 5.043 5 4.873 4.778 4.715 4.633 4.575 4.49 4.433 4.41 4.375 4.313 4.288 4.273 4.26 4.223 4.15 4.198 4.24 4.243 4.233 4.205 4.218 4.178 4.178 4.155 4.143 4.143 4.12 4.14 4.163 4.128 4.1 4.048 3.42 3.828 3.998 3.93 3.89 3.878 3.873 3.868
7.78 7.722 7.67 7.607 7.577 7.482 7.342 7.277 7.19 7.102 7.08 7.045 6.962 6.87 6.717 6.63 6.535 6.435 6.372 6.272 6.16 6.012 5.9 5.817 5.752 5.667 5.552 5.452 5.382 5.632 5.275 5.057 4.927 4.822 4.73 4.658 4.625 4.55 4.483 4.435 4.38 4.315 4.3 4.275 4.28 4.275 4.198 4.245 4.268 4.26 4.255 4.21 4.225 4.198 4.195 4.168 4.175 4.153 4.158 4.153 4.195 4.115 3.968 4.048 4.028 4.033 4.023 3.943 3.883 3.89 3.87 3.863
7.915 7.837 7.767 7.672 7.617 7.5 7.375 7.307 7.227 7.142 7.117 7.05 6.97 6.882 6.727 6.652 6.577 6.485 6.402 6.29 6.157 6.02 5.922 5.825 5.747 5.687 5.555 5.39 5.27 5.307 5.14 5.08 4.965 4.885 4.773 4.705 4.633 4.65 4.523 4.45 4.378 4.373 4.318 4.3 4.308 4.268 4.223 4.308 4.298 4.275 4.255 4.23 4.213 4.21 4.225 4.195 4.183 4.183 4.178 4.198 4.215 3.888 3.533 4.298 4.09 4.1 4.065 3.993 3.925 3.893 3.888 3.875
8.047 7.98 7.917 7.75 7.647 7.527 7.42 7.362 7.282 7.195 7.102 7.047 6.99 6.877 6.73 6.625 6.57 6.535 6.412 6.297 6.172 6.037 5.947 5.857 5.787 5.645 5.51 5.352 5.22 5.192 5.135 5.065 5 4.965 4.85 4.735 4.67 4.625 4.578 4.495 4.428 4.385 4.355 4.328 4.308 4.275 4.29 4.33 4.305 4.298 4.278 4.248 4.245 4.233 4.243 4.178 4.228 4.218 4.215 4.235 4.123 3.6 3.988 4.195 4.128 4.143 4.13 4.033 4.03 3.978 3.898 3.895
8.11 8.035 7.882 7.802 7.745 7.6 7.467 7.42 7.345 7.237 7.132 7.055 6.965 6.86 6.755 6.682 6.617 6.517 6.425 6.3 6.155 6.042 5.96 5.897 5.795 5.637 5.482 5.282 5.18 5.137 5.092 5.067 5.012 5.032 4.93 4.805 4.683 4.638 4.605 4.54 4.478 4.418 4.415 4.363 4.333 4.268 4.33 4.338 4.303 4.283 4.268 4.263 4.253 4.238 4.248 4.263 4.255 4.258 4.268 4.26 3.885 3.513 4.273 4.213 4.195 4.208 4.145 4.11 4.093 4.043 3.983 3.933
8.197 8.025 7.912 7.847 7.807 7.622 7.505 7.46 7.342 7.277 7.162 7.055 6.955 6.852 6.735 6.657 6.617 6.507 6.417 6.267 6.13 6.045 6.01 5.922 5.822 5.675 5.452 5.215 5.155 5.075 5.042 5.08 5.057 5.017 4.923 4.81 4.693 4.658 4.635 4.59 4.575 4.485 4.44 4.403 4.338 4.338 4.378 4.345 4.308 4.305 4.268 4.26 4.263 4.265 4.263 4.28 4.278 4.298 4.293 3.99 3.468 3.768 4.285 4.253 4.238 4.21 4.168 4.158 4.158 4.093 4.018 3.988
8.187 8.15 8.022 7.942 7.865 7.77 7.577 7.457 7.347 7.262 7.17 7.067 6.957 6.852 6.717 6.667 6.577 6.495 6.375 6.24 6.142 6.057 6.012 5.92 5.787 5.61 5.355 5.182 5.122 5.037 5.037 5.042 5.037 4.935 4.783 4.745 4.698 4.663 4.635 4.615 4.628 4.543 4.508 4.445 4.375 4.388 4.378 4.38 4.363 4.325 4.303 4.28 4.285 4.275 4.318 4.293 4.328 4.298 3.92 3.533 3.735 4.25 4.318 4.268 4.235 4.22 4.208 4.195 4.168 4.135 4.055 4.043
8.382 8.302 8.2 8.01 7.877 7.832 7.697 7.572 7.417 7.282 7.19 7.082 6.987 6.875 6.752 6.642 6.517 6.415 6.332 6.242 6.13 6.065 6.017 5.89 5.727 5.512 5.27 5.16 5.082 4.987 4.972 4.97 4.922 4.852 4.75 4.71 4.675 4.673 4.663 4.635 4.643 4.623 4.57 4.485 4.445 4.435 4.403 4.39 4.388 4.36 4.32 4.285 4.318 4.318 4.34 4.348 4.385 4.145 3.93 4.045 4.235 4.345 4.288 4.26 4.245 4.225 4.218 4.208 4.183 4.17 4.128 4.118
8.362 8.26 8.232 8.115 7.94 7.84 7.75 7.645 7.505 7.36 7.237 7.112 7.012 6.885 6.742 6.62 6.485 6.377 6.29 6.217 6.157 6.062 5.985 5.85 5.675 5.422 5.235 5.125 5.022 4.94 4.855 4.88 4.822 4.792 4.718 4.718 4.693 4.69 4.7 4.728 4.703 4.668 4.628 4.523 4.505 4.495 4.428 4.415 4.383 4.373 4.37 4.373 4.348 4.358 4.383 4.403 4.305 3.95 4.685 4.29 4.355 4.318 4.263 4.243 4.258 4.245 4.245 4.228 4.215 4.188 4.165 4.16
8.42 8.357 8.28 8.17 8.057 7.892 7.79 7.705 7.617 7.442 7.295 7.152 7.062 6.9 6.77 6.657 6.517 6.392 6.25 6.215 6.14 6.042 5.91 5.787 5.62 5.357 5.245 5.117 4.992 4.915 4.837 4.835 4.777 4.757 4.773 4.75 4.74 4.705 4.72 4.76 4.76 4.7 4.618 4.57 4.595 4.563 4.475 4.45 4.425 4.453 4.415 4.388 4.385 4.41 4.435 4.363 4.22 4.57 4.413 4.415 4.365 4.323 4.283 4.273 4.27 4.275 4.28 4.24 4.223 4.18 4.175 4.183
8.495 8.427 8.302 8.197 8.12 7.982 7.83 7.742 7.655 7.502 7.367 7.21 7.082 6.952 6.792 6.662 6.522 6.39 6.277 6.145 6.012 5.955 5.892 5.76 5.535 5.342 5.252 5.12 4.965 4.897 4.862 4.835 4.815 4.797 4.795 4.763 4.723 4.67 4.69 4.748 4.768 4.673 4.638 4.638 4.668 4.645 4.558 4.498 4.468 4.468 4.443 4.44 4.438 4.443 4.418 4.21 5.11 4.528 4.428 4.42 4.358 4.31 4.29 4.295 4.31 4.298 4.295 4.265 4.238 4.203 4.193 4.21
8.595 8.49 8.37 8.25 8.137 8.02 7.907 7.78 7.672 7.542 7.417 7.275 7.117 6.955 6.777 6.662 6.542 6.427 6.262 6.117 5.982 5.887 5.785 5.667 5.442 5.365 5.28 5.147 5.007 4.907 4.89 4.842 4.815 4.8 4.788 4.773 4.735 4.693 4.665 4.665 4.71 4.68 4.638 4.703 4.683 4.66 4.668 4.575 4.545 4.503 4.475 4.49 4.475 4.473 4.178 4.34 4.615 4.48 4.458 4.403 4.358 4.338 4.34 4.308 4.32 4.343 4.348 4.308 4.27 4.26 4.245 4.28
8.652 8.567 8.442 8.322 8.187 8.072 7.952 7.842 7.675 7.585 7.487 7.312 7.125 6.95 6.812 6.68 6.557 6.4 6.287 6.13 6.032 5.877 5.77 5.987 5.91 7.307 7.925 5.187 5.03 4.927 4.887 4.855 4.845 4.845 4.808 4.785 4.725 4.68 4.67 4.64 4.635 4.643 4.7 4.765 4.738 4.703 4.69 4.665 4.605 4.583 4.565 4.533 4.548 4.373 3.893 4.225 4.47 4.49 4.428 4.393 4.373 4.375 4.34 4.358 4.378 4.358 4.373 4.335 4.358 4.34 4.343 4.363
8.72 8.67 8.56 8.435 8.267 8.122 8.037 7.905 7.735 7.57 7.46 7.357 7.18 6.94 6.802 6.667 6.522 6.402 6.29 6.172 6.087 5.92 5.782 5.897 9.015 12.905 13.257 6.147 5.02 4.937 4.875 4.877 4.875 4.857 4.835 4.788 4.71 4.678 4.645 4.65 4.643 4.663 4.72 4.79 4.778 4.743 4.695 4.718 4.685 4.65 4.618 4.62 4.593 4.018 4.185 4.495 4.525 4.465 4.425 4.415 4.405 4.418 4.413 4.408 4.393 4.398 4.413 4.41 4.42 4.428 4.465 4.48
8.795 8.817 8.642 8.53 8.337 8.192 8.085 7.952 7.83 7.645 7.462 7.367 7.172 6.977 6.83 6.662 6.5 6.415 6.362 6.225 6.082 5.99 10.517 14.392 14.38 13.06 11.615 5.147 5.005 4.922 4.902 4.89 4.902 4.9 4.843 4.775 4.72 4.678 4.645 4.64 4.693 4.698 4.713 4.768 4.805 4.768 4.75 4.73 4.77 4.745 4.683 4.688 4.293 4.198 4.49 4.555 4.508 4.488 4.455 4.448 4.45 4.463 4.46 4.458 4.47 4.445 4.458 4.463 4.515 4.533 4.568 4.65
8.875 8.825 8.705 8.51 8.365 8.225 8.105 7.965 7.852 7.712 7.505 7.347 7.147 6.985 6.845 6.667 6.517 6.422 6.337 6.187 6.08 10.657 20.172 25.185 21.322 19.082 17.672 8.385 13.012 5.35 4.917 4.92 4.925 4.89 4.843 4.758 4.72 4.675 4.648 4.663 4.698 4.71 4.683 4.708 4.71 4.755 4.775 4.745 4.745 4.81 4.748 4.675 6.735 5.405 4.635 4.59 4.52 4.49 4.47 4.488 4.483 4.5 4.51 4.523 4.513 4.52 4.538 4.558 4.605 4.663 4.693 4.795
8.867 8.767 8.632 8.502 8.33 8.23 8.102 7.992 7.865 7.737 7.522 7.3 7.142 6.982 6.8 6.62 6.51 6.387 6.312 6.195 7.625 17.82 20.582 20.427 12.995 18.577 14.685 18.482 16.422 5.347 4.93 4.935 4.925 4.87 4.855 4.785 4.72 4.685 4.685 4.705 4.735 4.698 4.703 4.7 4.693 4.755 4.795 4.79 4.805 4.825 4.775 4.21 7.568 5.87 4.643 4.62 4.565 4.53 4.503 4.53 4.533 4.558 4.585 4.575 4.59 4.61 4.623 4.663 4.698 4.765 4.873 5.048
8.86 8.73 8.59 8.467 8.352 8.237 8.105 7.99 7.835 7.715 7.535 7.292 7.097 6.982 6.772 6.622 6.487 6.377 6.29 6.255 6.15 12.655 15.745 17.81 10.317 12.375 16.925 21.455 10.492 5.065 4.957 4.927 4.932 4.892 4.855 4.763 4.738 4.703 4.695 4.758 4.76 4.73 4.725 4.73 4.723 4.753 4.78 4.848 4.855 4.813 4.903 4.51 5.135 4.735 4.675 4.623 4.6 4.565 4.565 4.57 4.575 4.608 4.65 4.648 4.695 4.708 4.77 4.798 4.835 4.928 5.093 5.323
8.84 8.72 8.572 8.455 8.35 8.22 8.08 7.962 7.81 7.675 7.497 7.287 7.027 6.89 6.747 6.622 6.447 6.352 6.27 6.255 6.55 13.03 16.84 18.115 17.02 18.355 20.845 22.797 5.032 5 4.987 4.942 4.925 4.895 4.855 4.803 4.788 4.743 4.755 4.765 4.765 4.778 4.765 4.775 4.773 4.823 4.83 4.84 4.793 4.365 4.665 4.71 4.783 4.738 4.673 4.68 4.628 4.628 4.61 4.63 4.615 4.665 4.728 4.745 4.803 4.848 4.875 4.908 4.985 5.13 5.335 5.553
8.845 8.715 8.562 8.435 8.305 8.195 8.08 7.965 7.795 7.64 7.47 7.227 6.99 6.862 6.717 6.542 6.445 6.362 6.33 6.23 6.227 11.472 7.56 10.362 19.735 18.082 16.717 7.912 5.02 5.002 5 4.985 4.932 4.88 4.873 4.83 4.82 4.795 4.803 4.798 4.793 4.793 4.8 4.82 4.848 4.908 4.9 4.818 4.368 4.245 4.73 4.763 4.74 4.735 4.735 4.753 4.735 4.73 4.7 4.685 4.71 4.75 4.808 4.84 4.91 4.965 5.018 5.08 5.168 5.368 5.59 5.765
8.832 8.687 8.532 8.39 8.282 8.152 8.015 7.927 7.752 7.562 7.405 7.187 6.97 6.797 6.687 6.53 6.42 6.332 6.307 6.24 6.002 6.71 5.557 6.415 6.72 5.96 5.052 5.022 4.987 5.042 5.007 5.007 4.942 4.912 4.9 4.838 4.843 4.813 4.818 4.823 4.815 4.828 4.85 4.903 4.94 4.943 4.893 4.503 4.32 4.653 4.833 4.788 4.768 4.773 4.795 4.84 4.838 4.815 4.798 4.785 4.818 4.863 4.92 4.965 5.023 5.085 5.145 5.278 5.445 5.62 5.815 5.923
8.787 8.645 8.532 8.4 8.235 8.112 7.987 7.81 7.675 7.512 7.317 7.135 6.932 6.797 6.647 6.457 6.362 6.297 6.26 6.157 5.93 5.682 5.472 5.33 5.24 5.167 5.042 4.987 5.032 5.045 5.035 5.007 4.965 4.922 4.903 4.863 4.868 4.84 4.868 4.863 4.85 4.853 4.888 4.96 4.975 4.945 4.635 4.255 4.713 4.823 4.868 4.8 4.78 4.8 4.825 4.9 4.925 4.958 4.905 4.888 4.938 5 5.08 5.133 5.173 5.24 5.36 5.523 5.728 5.88 5.99 6.07
8.757 8.63 8.49 8.362 8.23 8.1 7.922 7.775 7.59 7.445 7.232 7.012 6.852 6.755 6.622 6.447 6.385 6.312 6.247 6.15 5.832 5.63 5.495 5.327 5.212 5.127 5.045 5.017 5.062 5.04 5.055 5.035 4.99 4.947 4.918 4.91 4.9 4.858 4.89 4.903 4.88 4.915 4.943 5.008 4.978 4.775 4.445 5.235 4.928 4.933 4.845 4.808 4.845 4.85 4.88 4.93 5.005 5.06 5.045 5.053 5.108 5.175 5.24 5.318 5.365 5.453 5.613 5.828 6.015 6.108 6.185 6.21
8.707 8.575 8.405 8.272 8.157 8.03 7.875 7.702 7.507 7.357 7.14 6.955 6.777 6.732 6.615 6.52 6.435 6.377 6.255 6.037 5.772 5.567 5.395 5.265 5.195 5.11 5.065 5.087 5.085 5.085 5.067 5.035 5.012 4.957 4.955 4.948 4.923 4.903 4.925 4.948 4.933 4.968 5.01 5.038 4.84 4.328 5.17 5.233 4.965 4.92 4.88 4.858 4.885 4.915 4.978 5.003 5.06 5.163 5.223 5.263 5.295 5.348 5.413 5.493 5.588 5.735 5.92 6.085 6.195 6.263 6.28 6.34
8.657 8.507 8.35 8.217 8.092 7.975 7.805 7.622 7.45 7.277 7.065 6.885 6.765 6.687 6.625 6.592 6.422 6.352 6.17 5.892 5.755 5.5 5.36 5.265 5.177 5.112 5.087 5.13 5.112 5.11 5.102 5.092 5.042 5.022 4.978 4.98 4.97 4.953 5 4.98 4.975 5.04 5.065 4.983 4.445 4.323 4.995 4.985 4.983 4.943 4.9 4.915 4.935 4.96 5.048 5.123 5.208 5.283 5.403 5.455 5.513 5.56 5.618 5.685 5.823 5.985 6.15 6.273 6.325 6.373 6.395 6.43
8.592 8.45 8.287 8.155 8.042 7.9 7.73 7.562 7.385 7.187 7.037 6.837 6.75 6.677 6.607 6.52 6.395 6.242 6.057 5.837 5.652 5.502 5.36 5.25 5.165 5.12 5.145 5.185 5.137 5.112 5.085 5.105 5.075 5.037 5.015 5.025 4.993 5.03 5.06 5.075 5.1 5.133 5.098 4.725 4.703 4.688 5.043 5.033 4.978 4.935 4.91 4.923 4.973 5.058 5.123 5.26 5.36 5.443 5.498 5.643 5.72 5.785 5.873 5.925 6.045 6.17 6.305 6.388 6.41 6.465 6.498 6.528
8.482 8.35 8.212 8.065 7.947 7.79 7.61 7.477 7.295 7.137 6.97 6.782 6.72 6.647 6.62 6.527 6.34 6.15 6.197 5.857 5.625 5.522 5.41 5.265 5.152 5.192 5.19 5.207 5.165 5.167 5.135 5.132 5.105 5.07 5.065 5.065 5.003 5.1 5.118 5.145 5.168 5.125 4.813 4.368 6.025 5.078 5.08 5.033 4.983 4.97 4.958 4.94 5.015 5.133 5.248 5.39 5.515 5.578 5.67 5.773 5.9 6.003 6.08 6.168 6.265 6.353 6.435 6.468 6.523 6.575 6.615 6.653
8.412 8.265 8.12 7.972 7.845 7.692 7.512 7.372 7.202 7.065 6.902 6.775 6.707 6.642 6.607 6.537 6.232 6.067 8.85 9.2 5.612 5.487 5.407 5.292 5.215 5.235 5.237 5.225 5.202 5.192 5.172 5.162 5.147 5.137 5.128 5.093 5.085 5.173 5.195 5.195 5.2 4.955 4.593 4.793 5.168 5.153 5.068 5.018 5.008 4.98 4.978 5.03 5.09 5.218 5.38 5.518 5.615 5.695 5.808 5.91 6.038 6.21 6.303 6.39 6.508 6.528 6.6 6.645 6.685 6.7 6.763 6.765
8.317 8.182 8.042 7.902 7.77 7.6 7.45 7.287 7.137 6.992 6.835 6.77 6.68 6.64 6.627 6.397 6.105 5.997 12.592 7.865 6.362 5.495 5.355 5.3 5.27 5.277 5.285 5.26 5.22 5.212 5.197 5.202 5.2 5.195 5.2 5.14 5.178 5.22 5.238 5.25 5.13 4.478 4.93 5.028 5.158 5.123 5.063 5.038 5.02 5.008 5.048 5.123 5.215 5.35 5.473 5.64 5.755 5.853 5.948 6.093 6.238 6.388 6.515 6.615 6.683 6.743 6.77 6.83 6.863 6.87 6.898 6.915
