All_lidar/sz6190_DSM_2M.asc
ncols 500
nrows 500
xllcorner    461000
yllcorner    90000
cellsize     2
NODATA_value -9999
[rows 160 to 191 of 500, columns 355 to 425 of 500]
20.479 20.389 20.229 20.124 20.036 19.911 19.816 19.709 19.586 19.479 19.376 19.219 19.096 18.999 18.894 18.854 18.759 18.704 18.546 18.496 18.361 18.264 18.219 18.134 18.014 17.979 17.896 17.806 17.711 17.696 17.611 17.514 17.439 17.361 17.229 17.084 17.004 16.891 16.786 16.724 16.636 16.509 16.419 16.326 16.244 16.154 16.044 15.949 15.884 15.816 15.744 15.646 15.546 15.496 15.396 15.281 15.194 15.094 14.994 14.921 14.851 14.776 14.699 14.641 14.569 14.486 14.419 14.381 14.369 14.329 14.351
20.519 20.409 20.269 20.161 20.051 19.954 19.829 19.719 19.584 19.521 19.391 19.229 19.101 19.006 18.914 18.851 18.736 18.664 18.576 18.466 18.369 18.279 18.209 18.156 18.049 17.976 17.906 17.816 17.734 17.681 17.586 17.501 17.441 17.314 17.201 17.071 17.001 16.864 16.794 16.721 16.601 16.516 16.441 16.324 16.229 16.149 16.059 15.971 15.879 15.801 15.736 15.639 15.531 15.471 15.414 15.271 15.204 15.079 14.971 14.914 14.821 14.744 14.669 14.619 14.521 14.424 14.359 14.319 14.286 14.266 14.266
20.501 20.409 20.284 20.191 20.076 19.949 19.849 19.711 19.609 19.519 19.374 19.214 19.101 19.004 18.959 18.879 18.769 18.699 18.574 18.466 18.391 18.291 18.219 18.151 18.041 17.984 17.896 17.824 17.736 17.666 17.566 17.499 17.429 17.314 17.189 17.051 16.974 16.876 16.764 16.711 16.589 16.499 16.416 16.324 16.246 16.139 16.044 15.946 15.879 15.814 15.734 15.634 15.546 15.476 15.391 15.251 15.181 15.049 14.941 14.881 14.816 14.709 14.664 14.584 14.506 14.389 14.304 14.264 14.221 14.179 14.179
20.554 20.421 20.306 20.196 20.094 19.954 19.864 19.744 19.641 19.529 19.376 19.229 19.139 19.051 18.979 18.879 18.794 18.684 18.571 18.494 18.416 18.329 18.249 18.134 18.064 17.989 17.901 17.806 17.754 17.691 17.569 17.511 17.441 17.311 17.181 17.041 16.971 16.876 16.769 16.691 16.586 16.479 16.389 16.316 16.221 16.114 16.026 15.931 15.869 15.786 15.749 15.631 15.544 15.444 15.361 15.244 15.144 15.036 14.924 14.879 14.781 14.669 14.616 14.539 14.459 14.359 14.271 14.184 14.146 14.101 14.126
20.551 20.436 20.314 20.194 20.099 19.976 19.894 19.731 19.626 19.539 19.369 19.264 19.134 19.061 18.969 18.909 18.781 18.714 18.579 18.491 18.409 18.336 18.221 18.171 18.056 17.994 17.911 17.814 17.729 17.671 17.589 17.506 17.431 17.314 17.169 17.036 16.951 16.841 16.786 16.684 16.561 16.466 16.376 16.294 16.196 16.101 16.036 15.934 15.841 15.754 15.726 15.619 15.529 15.424 15.319 15.199 15.124 14.994 14.906 14.851 14.751 14.654 14.606 14.524 14.426 14.324 14.239 14.161 14.116 14.064 14.036
20.549 20.436 20.309 20.231 20.094 19.989 19.899 19.761 19.639 19.554 19.389 19.244 19.164 19.054 18.974 18.929 18.809 18.689 18.571 18.499 18.409 18.321 18.244 18.164 18.079 17.979 17.904 17.829 17.764 17.696 17.604 17.526 17.426 17.301 17.164 17.046 16.959 16.836 16.796 16.684 16.554 16.466 16.366 16.284 16.181 16.084 15.999 15.899 15.849 15.739 15.681 15.596 15.501 15.369 15.281 15.174 15.076 14.971 14.889 14.801 14.736 14.649 14.581 14.496 14.404 14.306 14.209 14.139 14.076 14.006 13.981
20.554 20.449 20.306 20.231 20.104 19.966 19.876 19.776 19.631 19.529 19.366 19.276 19.149 19.064 19.019 18.911 18.824 18.704 18.576 18.471 18.409 18.329 18.254 18.184 18.064 18.001 17.936 17.831 17.756 17.711 17.594 17.494 17.419 17.284 17.146 17.054 16.936 16.824 16.774 16.666 16.566 16.454 16.356 16.264 16.164 16.071 15.996 15.879 15.799 15.739 15.661 15.576 15.469 15.359 15.254 15.144 15.051 14.959 14.846 14.801 14.694 14.604 14.539 14.469 14.366 14.284 14.189 14.106 14.074 13.961 13.949
20.561 20.471 20.341 20.241 20.139 19.966 19.874 19.779 19.626 19.511 19.354 19.274 19.184 19.059 19.024 18.916 18.824 18.691 18.594 18.469 18.419 18.321 18.234 18.166 18.089 18.006 17.921 17.816 17.764 17.679 17.604 17.494 17.399 17.286 17.166 17.056 16.946 16.849 16.799 16.664 16.534 16.441 16.346 16.254 16.169 16.074 15.969 15.881 15.809 15.734 15.644 15.559 15.431 15.316 15.221 15.096 15.004 14.904 14.824 14.736 14.641 14.571 14.511 14.411 14.331 14.276 14.171 14.071 14.021 13.926 13.889
20.554 20.474 20.331 20.239 20.134 19.951 19.876 19.764 19.614 19.516 19.406 19.271 19.211 19.074 19.026 18.916 18.799 18.681 18.566 18.471 18.439 18.324 18.219 18.154 18.071 17.999 17.939 17.841 17.756 17.691 17.606 17.479 17.404 17.284 17.144 17.031 16.936 16.836 16.801 16.664 16.526 16.459 16.349 16.244 16.159 16.081 15.951 15.894 15.809 15.709 15.616 15.534 15.419 15.296 15.216 15.071 14.954 14.886 14.774 14.701 14.614 14.556 14.476 14.379 14.286 14.231 14.139 14.036 13.976 13.886 13.834
20.571 20.479 20.339 20.239 20.144 19.976 19.891 19.754 19.611 19.524 19.416 19.294 19.174 19.084 19.046 18.921 18.779 18.681 18.569 18.491 18.444 18.324 18.249 18.156 18.076 17.989 17.926 17.839 17.756 17.674 17.591 17.491 17.379 17.251 17.144 17.031 16.929 16.846 16.781 16.656 16.476 16.419 16.334 16.271 16.151 16.076 15.974 15.891 15.804 15.719 15.631 15.504 15.419 15.276 15.174 15.056 14.964 14.846 14.746 14.669 14.576 14.494 14.424 14.324 14.234 14.184 14.101 14.021 13.944 13.871 13.799
20.569 20.464 20.359 20.254 20.134 19.984 19.891 19.759 19.584 19.534 19.419 19.289 19.179 19.094 19.044 18.936 18.796 18.674 18.569 18.474 18.406 18.339 18.236 18.146 18.054 17.989 17.904 17.819 17.741 17.636 17.559 17.456 17.376 17.259 17.129 17.036 16.921 16.829 16.744 16.651 16.499 16.419 16.339 16.271 16.149 16.071 15.946 15.871 15.809 15.699 15.614 15.501 15.381 15.251 15.136 15.014 14.924 14.811 14.711 14.639 14.539 14.459 14.374 14.284 14.219 14.154 14.074 13.989 13.926 13.816 13.744
20.564 20.469 20.341 20.234 20.124 19.986 19.879 19.746 19.584 19.476 19.406 19.281 19.211 19.084 19.004 18.899 18.771 18.666 18.569 18.456 18.439 18.326 18.216 18.146 18.056 17.959 17.906 17.816 17.706 17.631 17.551 17.451 17.344 17.236 17.119 17.029 16.929 16.814 16.714 16.619 16.496 16.399 16.321 16.236 16.111 16.051 15.959 15.851 15.784 15.719 15.614 15.486 15.364 15.249 15.114 15.009 14.891 14.811 14.711 14.591 14.496 14.411 14.339 14.239 14.174 14.096 14.041 13.954 13.886 13.809 13.716
20.536 20.446 20.334 20.224 20.109 19.959 19.856 19.766 19.586 19.486 19.399 19.296 19.236 19.099 19.039 18.901 18.766 18.684 18.539 18.461 18.399 18.324 18.216 18.149 18.044 17.961 17.886 17.809 17.691 17.629 17.531 17.429 17.339 17.201 17.081 16.984 16.904 16.791 16.681 16.581 16.491 16.381 16.294 16.191 16.099 16.054 15.949 15.854 15.789 15.709 15.606 15.471 15.349 15.229 15.109 15.004 14.881 14.791 14.679 14.564 14.474 14.396 14.319 14.231 14.141 14.031 13.971 13.899 13.816 13.756 13.671
20.544 20.436 20.319 20.201 20.074 19.961 19.829 19.711 19.571 19.464 19.371 19.279 19.229 19.096 19.014 18.896 18.769 18.644 18.544 18.461 18.414 18.324 18.201 18.114 18.026 17.939 17.874 17.806 17.694 17.609 17.519 17.399 17.304 17.186 17.066 16.974 16.889 16.771 16.649 16.569 16.469 16.364 16.291 16.199 16.089 16.044 15.959 15.836 15.761 15.704 15.586 15.466 15.321 15.214 15.084 14.979 14.874 14.791 14.676 14.576 14.469 14.354 14.284 14.206 14.096 14.029 13.941 13.861 13.781 13.719 13.636
20.489 20.404 20.281 20.164 20.061 19.919 19.826 19.686 19.539 19.426 19.354 19.279 19.199 19.071 19.021 18.891 18.764 18.634 18.561 18.456 18.409 18.324 18.186 18.129 18.026 17.941 17.869 17.799 17.679 17.609 17.499 17.396 17.281 17.176 17.041 16.959 16.854 16.764 16.611 16.549 16.459 16.341 16.251 16.169 16.086 16.006 15.896 15.801 15.764 15.636 15.549 15.441 15.334 15.196 15.059 14.969 14.841 14.726 14.646 14.544 14.439 14.314 14.276 14.144 14.074 13.976 13.894 13.816 13.741 13.656 13.569
20.499 20.381 20.264 20.171 20.034 19.911 19.801 19.639 19.514 19.426 19.339 19.254 19.161 19.069 18.976 18.856 18.736 18.641 18.539 18.466 18.404 18.309 18.176 18.121 18.006 17.929 17.871 17.754 17.669 17.569 17.474 17.361 17.259 17.129 17.041 16.946 16.841 16.744 16.586 16.534 16.439 16.316 16.261 16.149 16.081 15.989 15.891 15.796 15.734 15.604 15.534 15.406 15.291 15.181 15.026 14.939 14.831 14.716 14.611 14.539 14.411 14.289 14.224 14.129 14.019 13.944 13.826 13.759 13.689 13.609 13.556
20.456 20.356 20.234 20.154 20.021 19.894 19.734 19.616 19.479 19.371 19.349 19.259 19.191 19.024 18.949 18.829 18.739 18.624 18.521 18.456 18.396 18.281 18.166 18.104 18.019 17.936 17.831 17.754 17.659 17.549 17.439 17.336 17.219 17.106 17.054 16.911 16.804 16.686 16.569 16.511 16.414 16.314 16.246 16.129 16.051 15.964 15.841 15.751 15.694 15.591 15.514 15.369 15.236 15.111 14.996 14.931 14.794 14.731 14.604 14.506 14.384 14.276 14.196 14.099 13.966 13.914 13.796 13.714 13.664 13.586 13.484
20.409 20.334 20.199 20.086 19.979 19.849 19.719 19.591 19.446 19.364 19.279 19.224 19.144 18.976 18.899 18.794 18.689 18.591 18.506 18.409 18.351 18.239 18.146 18.086 18.004 17.901 17.819 17.744 17.614 17.506 17.414 17.276 17.184 17.081 17.021 16.891 16.801 16.661 16.541 16.504 16.399 16.291 16.236 16.094 16.034 15.916 15.811 15.739 15.664 15.551 15.474 15.349 15.219 15.081 14.966 14.884 14.774 14.684 14.579 14.449 14.346 14.229 14.141 14.031 13.936 13.856 13.729 13.674 13.616 13.511 13.429
20.399 20.281 20.156 20.051 19.921 19.791 19.676 19.536 19.394 19.341 19.264 19.214 19.114 18.954 18.889 18.771 18.641 18.566 18.476 18.374 18.316 18.211 18.086 18.046 17.956 17.874 17.786 17.716 17.584 17.479 17.351 17.241 17.146 17.061 16.989 16.851 16.776 16.671 16.539 16.486 16.364 16.264 16.211 16.096 15.994 15.916 15.791 15.719 15.646 15.546 15.424 15.304 15.169 15.069 14.961 14.869 14.744 14.656 14.514 14.426 14.301 14.206 14.096 14.001 13.896 13.831 13.701 13.616 13.531 13.481 13.374
20.334 20.241 20.106 20.031 19.881 19.754 19.619 19.484 19.371 19.341 19.244 19.169 19.036 18.919 18.824 18.734 18.659 18.531 18.416 18.354 18.279 18.186 18.056 17.994 17.906 17.824 17.746 17.666 17.561 17.414 17.341 17.251 17.164 17.041 16.959 16.844 16.739 16.626 16.534 16.451 16.336 16.234 16.169 16.059 15.971 15.876 15.791 15.699 15.611 15.499 15.376 15.276 15.091 15.029 14.934 14.839 14.724 14.624 14.501 14.384 14.304 14.166 14.064 13.974 13.859 13.774 13.649 13.559 13.476 13.416 13.316
20.286 20.196 20.079 19.971 19.844 19.719 19.564 19.446 19.334 19.294 19.214 19.129 19.011 18.849 18.771 18.674 18.569 18.491 18.391 18.336 18.244 18.119 17.989 17.954 17.879 17.786 17.694 17.614 17.496 17.404 17.296 17.189 17.119 17.014 16.936 16.776 16.706 16.586 16.476 16.424 16.306 16.216 16.154 16.036 15.931 15.854 15.771 15.656 15.586 15.461 15.339 15.216 15.051 15.011 14.889 14.779 14.699 14.576 14.471 14.366 14.266 14.136 14.034 13.929 13.811 13.711 13.599 13.529 13.434 13.356 13.281
20.271 20.131 20.069 19.934 19.791 19.651 19.516 19.406 19.291 19.249 19.196 19.074 18.961 18.821 18.726 18.604 18.524 18.421 18.341 18.239 18.191 18.091 18.014 17.914 17.839 17.756 17.649 17.591 17.436 17.336 17.241 17.134 17.086 16.979 16.871 16.759 16.659 16.574 16.469 16.399 16.269 16.184 16.129 16.016 15.894 15.814 15.744 15.621 15.539 15.426 15.294 15.169 15.036 14.939 14.839 14.751 14.634 14.536 14.436 14.331 14.216 14.099 13.964 13.859 13.759 13.641 13.531 13.469 13.384 13.316 13.281
20.199 20.086 19.991 19.901 19.744 19.574 19.474 19.346 19.266 19.211 19.149 19.044 18.904 18.759 18.669 18.589 18.499 18.431 18.326 18.201 18.141 18.049 17.949 17.889 17.784 17.699 17.599 17.516 17.396 17.286 17.174 17.094 17.006 16.921 16.829 16.721 16.601 16.504 16.406 16.354 16.226 16.134 16.091 15.964 15.849 15.791 15.691 15.574 15.491 15.376 15.276 15.126 15.006 14.884 14.796 14.739 14.614 14.474 14.386 14.286 14.161 14.011 13.904 13.819 13.714 13.616 13.481 13.424 13.346 13.286 13.216
20.194 20.031 19.941 19.826 19.699 19.511 19.421 19.311 19.211 19.184 19.094 18.991 18.836 18.701 18.631 18.564 18.441 18.351 18.231 18.149 18.084 18.006 17.926 17.844 17.751 17.664 17.544 17.451 17.326 17.231 17.126 17.054 16.926 16.869 16.746 16.661 16.564 16.451 16.371 16.304 16.181 16.079 16.021 15.921 15.816 15.719 15.619 15.529 15.454 15.321 15.219 15.066 14.929 14.876 14.756 14.661 14.556 14.446 14.339 14.234 14.104 13.961 13.871 13.761 13.644 13.536 13.464 13.376 13.274 13.194 13.114
20.139 20.011 19.879 19.769 19.629 19.489 19.374 19.269 19.186 19.131 19.051 18.924 18.791 18.656 18.596 18.499 18.374 18.304 18.214 18.119 18.036 17.979 17.859 17.809 17.681 17.606 17.466 17.379 17.296 17.189 17.089 17.004 16.874 16.826 16.714 16.599 16.494 16.404 16.324 16.221 16.134 16.059 15.986 15.876 15.761 15.686 15.566 15.479 15.409 15.271 15.171 15.029 14.884 14.819 14.711 14.651 14.524 14.399 14.266 14.139 14.034 13.919 13.809 13.709 13.586 13.501 13.391 13.336 13.279 13.146 13.081
20.099 19.984 19.821 19.731 19.574 19.436 19.306 19.221 19.141 19.071 18.976 18.886 18.736 18.611 18.549 18.456 18.336 18.264 18.146 18.049 17.976 17.919 17.816 17.749 17.639 17.566 17.434 17.316 17.224 17.109 17.024 16.954 16.834 16.774 16.671 16.561 16.444 16.336 16.244 16.169 16.066 15.979 15.914 15.794 15.711 15.626 15.526 15.421 15.331 15.204 15.101 14.969 14.844 14.769 14.646 14.579 14.469 14.359 14.221 14.119 13.974 13.859 13.786 13.626 13.519 13.416 13.326 13.294 13.194 13.109 13.004
20.041 19.941 19.791 19.664 19.546 19.416 19.296 19.221 19.119 19.001 18.909 18.816 18.681 18.551 18.481 18.376 18.259 18.194 18.069 17.991 17.911 17.861 17.764 17.704 17.576 17.514 17.374 17.269 17.131 17.051 16.961 16.896 16.801 16.714 16.604 16.474 16.404 16.326 16.194 16.111 16.029 15.929 15.831 15.719 15.656 15.571 15.451 15.371 15.241 15.124 15.026 14.921 14.794 14.711 14.601 14.491 14.389 14.289 14.169 14.019 13.916 13.799 13.701 13.571 13.486 13.369 13.296 13.224 13.114 13.036 12.914
19.989 19.909 19.726 19.646 19.501 19.379 19.256 19.159 19.081 18.969 18.884 18.756 18.629 18.521 18.436 18.301 18.201 18.141 18.034 17.954 17.869 17.806 17.716 17.651 17.531 17.449 17.306 17.214 17.091 16.979 16.899 16.826 16.751 16.666 16.544 16.421 16.329 16.244 16.131 16.046 15.951 15.866 15.779 15.656 15.609 15.549 15.404 15.314 15.171 15.064 14.961 14.826 14.736 14.629 14.509 14.426 14.296 14.224 14.091 13.961 13.849 13.754 13.611 13.504 13.411 13.324 13.216 13.144 13.074 12.981 12.954
19.959 19.839 19.729 19.624 19.489 19.359 19.226 19.121 19.064 18.929 18.854 18.711 18.594 18.461 18.356 18.276 18.169 18.096 18.001 17.896 17.824 17.759 17.656 17.601 17.481 17.379 17.256 17.136 17.026 16.929 16.859 16.766 16.676 16.614 16.471 16.349 16.246 16.179 16.049 15.986 15.881 15.809 15.694 15.606 15.549 15.449 15.326 15.239 15.099 15.006 14.901 14.766 14.659 14.559 14.446 14.329 14.241 14.161 14.046 13.904 13.789 13.674 13.549 13.464 13.361 13.259 13.156 13.081 12.956 12.976 13.201
19.936 19.794 19.666 19.556 19.406 19.306 19.196 19.104 19.011 18.904 18.806 18.666 18.531 18.409 18.329 18.259 18.161 18.056 17.961 17.856 17.806 17.706 17.634 17.546 17.414 17.331 17.204 17.084 16.956 16.861 16.796 16.721 16.614 16.549 16.424 16.316 16.224 16.121 15.999 15.966 15.851 15.749 15.649 15.539 15.464 15.386 15.264 15.171 15.051 14.916 14.844 14.716 14.571 14.474 14.371 14.274 14.149 14.061 13.944 13.814 13.724 13.621 13.509 13.371 13.296 13.236 13.116 13.024 12.991 14.569 15.614
19.899 19.751 19.614 19.511 19.354 19.274 19.171 19.079 18.994 18.864 18.764 18.626 18.499 18.381 18.296 18.226 18.126 18.016 17.906 17.844 17.769 17.684 17.586 17.484 17.336 17.269 17.149 17.001 16.904 16.786 16.731 16.664 16.541 16.464 16.379 16.256 16.144 16.066 15.949 15.896 15.789 15.684 15.599 15.496 15.429 15.316 15.191 15.109 14.969 14.869 14.781 14.651 14.524 14.449 14.314 14.201 14.081 13.981 13.869 13.754 13.646 13.544 13.416 13.334 13.276 13.171 13.049 12.996 13.169 14.896 18.044
19.861 19.691 19.546 19.464 19.294 19.241 19.136 19.006 18.934 18.829 18.721 18.581 18.476 18.356 18.251 18.184 18.076 17.961 17.874 17.786 17.741 17.649 17.549 17.421 17.284 17.196 17.099 16.969 16.844 16.771 16.691 16.591 16.496 16.404 16.299 16.206 16.069 15.979 15.881 15.804 15.709 15.624 15.534 15.416 15.334 15.239 15.129 15.039 14.919 14.784 14.669 14.566 14.484 14.359 14.231 14.124 14.024 13.891 13.791 13.674 13.604 13.496 13.386 13.299 13.224 13.094 13.081 13.179 13.914 13.454 14.771
