All_lidar/sz6188_DSM_2M.asc
ncols 500
nrows 500
xllcorner    461000
yllcorner    88000
cellsize     2
NODATA_value -9999
[rows 408 to 441 of 500, columns 77 to 153 of 500]
1.001 0.956 1.049 1.349 1.279 1.174 1.159 1.164 1.396 1.389 1.261 1.299 1.096 0.939 0.949 0.989 0.994 0.979 1.106 1.146 1.136 1.191 1.136 1.159 1.204 1.164 1.229 1.116 0.981 0.936 0.976 1.066 1.119 1.111 1.129 1.141 1.326 1.294 1.201 1.259 1.321 1.279 1.284 1.254 1.164 1.171 1.174 1.174 1.166 1.141 1.124 1.109 1.084 1.081 1.094 1.114 1.086 1.089 1.066 1.091 1.071 1.051 0.941 0.884 1.334 0.756 0.914 0.909 0.881 1.079 1.099 1.137 1.032 1.117 1.04 1.139 1.055
0.861 0.939 1.086 1.284 1.239 1.204 1.256 1.206 1.631 1.496 1.224 1.204 0.996 0.906 0.931 0.931 0.906 0.894 1.044 1.144 1.139 1.149 1.111 1.124 1.241 1.126 1.181 1.104 0.974 0.854 0.969 1.046 1.116 1.109 1.126 1.111 1.141 1.259 1.291 1.299 1.201 1.296 1.214 1.036 0.904 0.946 0.894 0.944 0.986 1.044 1.076 1.074 1.096 1.074 1.041 1.079 1.109 1.064 1.069 1.131 1.071 0.986 1.009 0.911 3.874 1.326 0.924 0.866 1.086 1.094 1.041 1.129 1.164 1.086 1.178 1.102 1.039
0.891 0.986 1.274 1.289 1.176 1.216 1.191 1.251 1.499 1.256 1.139 1.099 0.956 0.949 0.979 1.001 0.984 0.899 0.924 1.104 1.131 1.141 1.126 1.171 1.111 1.146 1.069 0.949 0.856 0.939 1.196 1.264 1.074 1.074 1.096 1.091 1.079 1.136 1.214 1.254 1.281 1.154 1.016 0.859 0.796 0.796 0.786 0.794 0.831 0.984 1.041 1.166 1.141 1.081 1.059 1.069 1.064 1.069 1.061 1.116 1.084 0.936 0.909 1.531 2.604 1.866 0.829 0.964 1.139 1.154 1.104 1.366 1.151 1.116 1.151 1.151 1.121
0.921 1.056 1.376 1.201 1.139 1.134 1.151 1.216 1.254 1.121 1.071 1.006 0.991 1.001 1.041 1.041 1.071 1.046 0.966 0.966 0.994 1.081 1.091 1.054 0.989 0.884 0.829 0.806 0.809 0.874 1.079 1.111 1.044 1.039 1.049 1.084 1.064 1.074 1.084 1.111 1.101 0.981 0.791 0.726 0.769 0.769 0.794 0.761 0.771 0.834 0.959 1.081 1.059 1.051 1.061 1.084 1.071 1.084 1.089 1.119 1.011 0.954 0.896 0.966 0.896 0.876 0.911 1.386 1.491 1.459 1.306 1.471 1.204 1.091 1.169 1.251 1.299
0.934 1.209 1.366 1.196 1.161 1.174 1.109 1.251 1.331 1.109 1.049 1.051 1.034 1.051 1.064 1.054 1.101 1.089 1.041 0.966 0.916 0.911 0.971 0.879 0.886 0.896 0.876 0.924 0.869 0.821 0.839 0.916 1.016 1.024 1.041 1.041 1.069 1.061 1.029 1.034 1.076 0.849 0.789 0.736 0.706 0.744 0.789 0.749 0.884 0.916 0.866 0.954 1.029 1.001 1.034 1.084 1.104 1.151 1.056 1.064 0.966 0.859 0.846 0.966 1.014 0.884 1.264 1.691 1.634 1.439 1.309 1.244 1.241 1.466 1.834 1.811 1.661
0.974 1.221 1.349 1.206 1.221 1.256 1.159 1.246 1.256 1.094 1.079 1.054 1.029 1.031 1.051 1.069 1.124 1.091 1.121 1.026 0.984 0.854 0.869 0.979 1.069 1.066 1.081 1.059 0.956 0.904 0.801 0.784 0.839 0.914 1.016 1.061 1.076 0.996 0.896 0.861 0.951 0.806 0.814 0.739 0.736 0.729 0.749 0.909 1.001 0.944 0.914 0.841 0.924 0.996 1.041 1.049 1.059 1.119 1.039 1.079 0.969 0.919 0.899 0.889 0.901 0.796 1.444 1.844 1.716 1.544 1.431 1.361 1.326 1.651 1.786 2.264 2.301
0.971 1.226 1.204 1.236 1.191 1.149 1.159 1.246 1.221 1.104 1.071 1.064 1.014 1.024 1.054 1.139 1.149 1.059 1.064 0.961 0.949 0.876 1.039 1.044 1.066 1.091 1.094 1.089 0.996 1.031 0.949 0.799 0.749 0.801 0.991 1.049 1.054 1.021 0.889 0.844 0.836 0.839 0.814 0.819 0.849 0.784 0.741 0.931 0.974 0.896 0.864 0.891 0.814 0.836 0.961 1.044 1.069 1.061 1.046 1.016 0.926 0.891 0.924 0.951 0.889 1.029 1.711 1.941 1.694 1.479 1.166 1.051 1.159 1.594 1.721 1.694 1.731
1.059 1.304 1.206 1.156 1.164 1.119 1.091 1.206 1.179 1.084 1.069 1.061 1.036 1.059 1.056 1.171 1.116 1.074 0.936 0.896 0.934 0.939 1.114 1.084 1.116 1.094 1.096 1.086 1.096 1.134 1.021 0.909 0.814 0.774 0.791 1.021 1.059 1.014 0.906 0.869 0.836 0.826 0.904 0.976 0.926 0.806 0.734 0.774 0.796 0.889 0.916 0.986 0.889 0.839 0.871 0.966 1.034 1.026 1.069 0.994 0.881 0.779 0.969 0.839 0.831 0.904 1.356 1.384 1.431 1.289 1.151 1.061 1.174 1.454 1.501 1.539 1.561
1.131 1.321 1.241 1.169 1.121 1.116 1.106 1.359 1.156 1.094 1.086 1.059 0.999 1.006 1.029 1.061 1.054 1.026 0.911 0.971 0.999 0.979 1.024 1.081 1.086 1.076 1.054 1.099 1.079 1.144 1.011 0.959 0.909 0.784 0.759 0.809 0.939 0.904 0.824 0.759 0.819 0.761 0.939 1.044 0.869 0.769 0.789 0.786 0.834 0.981 1.049 1.096 1.049 1.044 1.074 1.061 1.084 1.061 1.084 1.176 0.909 0.884 0.976 1.064 1.039 0.904 0.954 1.104 1.301 0.984 0.959 1.074 0.956 1.181 1.306 1.341 1.389
1.184 1.261 1.204 1.176 1.081 1.121 1.119 1.181 1.134 1.104 1.139 1.066 0.996 1.011 1.024 1.059 1.051 0.959 0.916 1.031 1.014 0.986 1.009 1.049 1.046 1.019 1.099 1.089 1.121 1.111 1.011 1.049 1.069 0.841 0.781 0.886 0.784 0.754 0.739 0.764 0.769 0.814 0.859 0.896 0.889 0.766 0.806 0.821 0.846 0.951 1.094 1.054 1.039 1.211 1.191 1.026 1.006 1.076 1.679 1.691 1.244 1.034 0.934 0.916 0.869 0.931 0.961 0.966 1.116 0.844 0.709 0.721 0.786 1.191 1.166 1.086 1.149
1.254 1.194 1.191 1.221 1.169 1.156 1.234 1.326 1.141 1.166 1.101 1.054 1.074 1.041 1.031 1.034 0.999 0.926 1.051 1.089 1.009 0.991 1.014 1.046 1.056 1.084 1.076 1.064 1.029 1.019 0.969 0.984 1.096 0.979 0.891 0.906 0.804 0.776 0.779 0.819 0.876 0.974 0.994 0.919 0.891 0.881 0.859 0.819 0.891 0.929 1.026 1.049 1.129 1.161 1.106 1.034 1.051 1.819 2.884 2.459 1.996 0.879 0.794 0.896 1.004 0.981 0.956 1.096 0.941 0.929 0.681 0.751 0.839 1.166 1.111 0.984 1.369
1.291 1.176 1.221 1.281 1.149 1.194 1.149 1.139 1.079 1.101 1.039 1.006 1.016 1.016 1.031 1.034 1.001 1.036 1.049 1.006 0.991 0.996 1.034 1.044 1.096 1.076 1.064 1.174 1.236 1.169 1.121 1.061 1.131 1.094 0.984 0.931 0.861 0.864 0.834 0.871 0.991 1.101 1.074 0.899 0.866 0.899 0.966 0.939 0.926 1.006 1.036 1.071 1.134 1.114 1.164 1.191 1.399 2.559 3.154 2.504 1.786 0.891 0.956 0.889 0.954 0.951 0.946 0.919 0.896 0.901 0.736 0.854 1.121 1.084 1.066 0.996 1.534
1.276 1.179 1.331 1.259 1.166 1.141 1.171 1.181 1.021 1.041 1.014 1.026 1.084 1.071 1.004 1.016 0.979 1.049 1.131 0.956 1.011 1.014 1.041 1.101 1.111 1.071 1.071 1.251 1.314 1.264 1.356 1.184 1.099 1.091 1.044 1.011 0.966 0.964 0.926 0.964 1.041 1.164 1.024 0.909 0.786 0.926 0.966 0.864 0.896 1.049 1.034 1.131 1.154 1.149 1.259 1.401 2.386 3.149 3.021 2.704 1.494 0.836 0.904 1.096 1.086 0.976 0.964 0.846 0.881 0.899 0.719 0.959 1.144 1.214 1.134 1.074 1.371
1.124 1.159 1.381 1.301 1.286 1.186 1.161 1.109 1.019 0.986 1.029 1.039 1.021 1.081 1.016 1.011 1.024 0.974 0.949 0.864 0.961 0.929 0.966 1.089 1.111 1.074 1.116 1.226 1.286 1.356 1.359 1.201 1.101 1.124 1.136 1.179 1.004 0.974 0.969 1.076 1.116 1.136 0.984 0.874 0.829 0.844 0.876 0.911 0.909 1.009 0.976 1.001 1.081 1.116 1.231 1.501 2.009 2.914 3.049 2.709 1.066 0.881 0.921 1.101 1.039 0.969 0.911 0.844 1.021 0.961 0.834 0.909 1.201 1.121 1.129 1.161 1.126
1.134 1.151 1.321 1.314 1.334 1.174 1.224 1.091 1.016 1.006 1.026 1.019 1.009 1.006 1.031 1.019 1.026 1.014 0.989 0.906 0.899 0.861 0.904 0.996 1.121 1.206 1.196 1.291 1.371 1.299 1.324 1.154 1.159 1.216 1.209 1.116 1.004 0.986 1.026 1.054 1.051 1.124 0.961 0.926 0.904 0.936 0.889 0.849 0.854 0.934 0.961 0.974 0.946 1.066 1.171 1.321 2.341 2.604 2.686 2.029 0.774 1.184 1.471 1.324 0.966 0.981 0.949 0.851 0.844 0.919 0.911 1.074 1.136 0.941 1.086 1.261 1.176
1.186 1.274 1.334 1.329 1.231 1.206 1.281 1.104 1.049 1.031 1.046 1.031 1.034 1.071 1.061 1.031 1.034 1.039 1.061 1.064 0.984 0.874 0.864 0.936 1.159 1.196 1.194 1.266 1.244 1.334 1.196 1.126 1.096 1.204 1.151 1.221 1.039 1.021 1.029 1.064 1.054 1.094 0.989 0.964 0.939 0.961 0.856 0.836 0.804 0.786 0.896 0.914 0.869 0.921 1.111 2.139 2.969 3.116 2.684 1.556 0.729 2.436 3.571 1.489 0.964 0.939 0.909 0.924 0.964 0.971 1.046 1.161 1.154 1.039 1.096 1.221 1.121
1.186 1.266 1.329 1.314 1.176 1.149 1.169 1.121 1.071 1.044 1.059 1.006 1.011 1.016 1.041 1.021 1.014 1.014 1.049 1.064 1.014 0.941 0.969 0.981 1.109 1.121 1.186 1.224 1.249 1.256 1.136 1.131 1.129 1.139 1.176 1.181 1.139 1.169 1.091 1.039 1.164 1.049 0.896 0.854 0.926 0.856 0.749 0.834 0.819 0.634 0.716 0.819 0.879 0.866 1.086 2.161 2.669 2.539 2.326 1.054 0.871 1.284 1.991 1.219 0.936 0.989 0.941 1.041 1.089 1.124 1.099 1.199 1.249 1.161 1.076 1.121 1.109
1.159 1.226 1.231 1.234 1.104 1.194 1.204 1.131 1.106 1.049 1.034 1.019 1.034 1.029 1.051 1.054 1.084 1.034 1.046 1.056 1.014 1.019 1.091 1.024 1.114 1.214 1.164 1.206 1.251 1.191 1.136 1.181 1.164 1.126 1.181 1.161 1.176 1.211 1.119 1.044 1.119 1.026 0.911 0.899 0.886 0.906 0.811 0.889 0.861 0.731 0.594 0.846 0.864 0.849 1.021 2.096 2.034 2.029 1.366 0.936 1.054 1.166 0.994 0.949 0.874 0.971 0.976 0.981 1.136 1.091 0.964 1.074 1.086 1.126 1.124 1.171 1.141
1.131 1.229 1.216 1.211 1.096 1.199 1.189 1.144 1.086 1.056 1.044 1.031 1.031 1.019 1.024 1.036 1.039 1.069 1.076 1.031 1.009 0.999 1.101 1.126 1.121 1.191 1.119 1.069 1.071 1.104 1.101 1.159 1.064 0.999 1.104 1.234 1.206 1.141 1.139 1.104 1.086 1.056 1.061 1.044 0.989 1.101 1.219 1.199 1.109 0.996 0.806 0.744 0.811 0.916 1.021 1.201 1.021 1.094 0.911 0.946 1.066 1.064 1.059 1.011 0.846 0.926 0.931 0.921 1.039 1.051 0.969 0.929 0.911 1.039 1.201 1.146 1.236
1.189 1.346 1.261 1.159 1.064 1.169 1.146 1.116 1.096 1.049 1.044 1.049 1.029 1.034 1.014 1.019 1.016 1.044 1.054 1.094 1.069 1.106 1.161 1.129 1.056 1.091 1.089 1.064 1.071 1.079 1.074 1.159 1.074 1.056 1.116 1.186 1.159 1.156 1.086 1.084 1.071 1.164 1.204 1.116 1.151 1.289 1.366 1.381 1.211 1.039 1.016 0.729 0.771 0.894 1.024 0.956 0.894 0.791 0.974 1.104 1.194 1.136 1.221 1.021 0.844 0.944 1.074 0.929 0.921 0.954 0.891 0.841 0.796 1.101 1.206 1.184 1.216
1.231 1.296 1.169 1.114 1.079 1.091 1.199 1.091 1.074 1.054 1.036 1.039 1.074 1.039 0.994 1.064 1.081 1.146 1.181 1.119 1.146 1.089 1.294 1.151 1.166 1.204 1.146 1.086 1.089 1.084 1.051 1.084 1.116 1.144 1.196 1.179 1.146 1.206 1.289 1.246 1.351 1.496 1.321 1.161 1.209 1.311 1.409 1.416 1.226 1.269 1.049 0.769 0.804 0.829 0.909 0.936 0.859 0.729 0.834 1.106 1.089 1.111 1.169 1.044 1.006 0.909 0.941 0.909 0.884 0.904 0.921 0.861 0.966 1.059 1.106 1.149 1.196
1.229 1.199 1.154 1.139 1.176 1.224 1.084 1.081 1.111 1.089 1.066 1.089 1.096 1.119 1.109 1.076 1.159 1.209 1.186 1.154 1.129 1.144 1.199 1.134 1.256 1.179 1.011 1.079 1.241 1.136 1.211 1.139 1.236 1.244 1.194 1.229 1.191 1.161 1.251 1.126 1.189 1.244 1.161 0.994 1.016 1.044 1.071 1.149 1.064 1.021 0.946 0.749 0.874 0.881 0.914 0.864 0.771 0.719 0.736 0.874 1.016 1.174 1.246 1.139 1.001 1.004 0.904 0.979 0.926 0.934 0.951 0.924 0.906 1.009 1.144 1.174 1.171
1.164 1.096 1.079 1.091 1.146 1.209 1.099 1.104 1.156 1.091 1.109 1.286 1.011 1.066 1.141 1.029 1.159 1.316 1.214 1.141 1.101 1.151 1.194 1.221 1.394 1.191 1.016 1.036 1.201 1.101 1.089 1.009 1.106 1.144 1.141 1.089 1.026 1.019 1.036 1.021 1.014 0.999 0.979 0.986 1.019 1.039 1.001 0.991 1.076 1.086 0.899 0.849 0.766 0.899 0.911 0.806 0.814 0.941 0.871 0.874 0.994 1.009 1.139 1.019 1.026 1.001 0.926 0.964 1.084 0.944 0.921 0.911 0.979 1.104 1.236 1.091 1.189
1.091 1.004 1.061 1.124 1.094 1.106 1.046 1.076 1.071 1.036 1.059 1.014 1.004 1.074 1.079 1.089 1.184 1.211 1.154 1.116 1.114 1.094 1.214 1.266 1.329 1.101 1.029 1.001 1.016 1.019 1.031 1.021 1.019 1.094 1.139 1.089 1.016 1.026 1.031 1.001 0.999 0.969 0.991 0.974 1.039 1.091 1.264 1.096 1.961 2.631 2.144 1.009 1.024 0.891 0.919 0.944 0.956 1.036 1.041 0.881 0.854 0.846 0.899 1.001 1.016 1.054 0.931 0.909 1.071 0.994 0.924 0.941 0.976 1.126 1.179 1.174 1.184
1.079 0.991 1.069 1.029 1.109 1.079 1.026 1.034 1.074 1.089 1.134 1.156 1.086 1.131 1.161 1.181 1.159 1.179 1.171 1.041 1.061 1.176 1.094 1.049 1.074 1.009 0.996 1.024 1.039 1.019 0.999 1.016 1.069 1.119 1.194 1.161 1.034 1.019 1.029 0.981 0.984 0.986 0.989 1.019 1.154 1.224 1.389 2.089 2.649 2.869 3.236 1.746 1.561 1.476 1.081 0.851 1.059 1.199 1.146 1.031 1.026 0.946 0.874 1.009 0.974 0.971 0.991 1.074 0.964 1.089 0.979 0.929 0.951 1.021 1.074 1.126 1.214
1.046 1.086 1.154 1.041 1.071 1.071 1.059 1.014 1.106 1.101 1.211 1.399 1.146 1.254 1.234 1.171 1.086 1.059 1.114 1.121 1.111 1.139 1.199 1.139 1.059 0.994 0.976 1.014 1.026 1.001 1.026 1.079 1.131 1.139 1.146 1.086 1.021 1.034 1.031 1.016 1.024 0.984 1.029 1.134 1.174 1.214 1.461 2.391 2.789 2.981 3.564 2.544 2.136 2.264 1.619 0.866 1.114 1.211 1.284 1.106 1.116 1.326 1.266 1.054 0.961 0.976 1.009 1.049 0.904 1.066 1.079 0.916 0.996 0.999 0.961 0.969 1.046
1.086 1.124 1.104 1.099 1.116 1.109 1.089 1.031 1.101 1.164 1.514 1.684 1.264 1.116 1.104 1.054 1.096 1.124 1.091 1.154 1.129 1.156 1.094 1.191 1.106 1.069 1.064 1.019 1.116 1.089 1.051 1.081 1.171 1.159 1.151 1.149 1.026 1.031 1.059 1.051 1.016 1.014 1.026 1.099 1.211 1.231 1.811 2.421 2.556 2.589 2.979 2.809 2.676 2.454 2.221 1.121 1.209 1.294 1.351 1.371 1.614 1.836 1.759 1.614 1.061 0.971 0.941 0.966 1.021 0.961 1.074 0.929 0.836 0.904 0.866 0.991 1.016
1.004 1.039 1.056 1.124 1.104 1.119 1.056 1.011 1.054 1.229 1.384 1.494 1.334 1.084 1.071 1.094 1.159 1.211 1.169 1.154 1.109 1.099 1.081 1.166 1.136 1.101 1.089 1.089 1.231 1.204 1.129 1.124 1.096 1.124 1.154 1.111 1.056 1.026 1.031 1.046 1.036 1.019 1.034 1.096 1.246 1.496 1.656 2.519 2.546 3.664 3.101 2.671 2.599 2.064 1.959 1.156 1.249 1.534 1.856 1.931 1.771 1.619 1.786 1.844 1.539 0.976 0.934 1.006 1.009 1.004 1.011 1.064 0.949 0.906 0.846 1.034 1.026
1.056 1.096 1.064 1.059 1.071 1.051 1.006 1.024 1.164 1.211 1.271 1.094 1.041 1.034 1.054 1.219 1.256 1.201 1.244 1.119 1.094 1.081 1.054 1.051 1.156 1.091 1.051 1.196 1.274 1.266 1.171 1.151 1.029 1.059 1.081 1.101 1.171 1.054 1.024 1.039 1.036 1.031 1.051 1.061 1.209 1.239 2.001 2.601 2.786 3.379 2.776 2.576 2.466 2.396 0.961 1.281 1.284 1.579 2.031 1.931 1.519 1.756 1.879 1.886 1.799 1.421 1.031 0.976 0.989 1.124 0.899 1.031 1.089 0.951 0.856 0.866 0.891
1.061 1.044 1.049 1.046 1.076 1.036 1.054 1.091 1.089 1.056 1.089 1.071 1.079 1.046 1.044 1.104 1.069 1.051 1.084 1.104 1.054 1.171 1.206 1.129 1.126 1.059 1.059 1.261 1.324 1.226 1.071 1.064 1.086 1.024 1.021 1.116 1.206 1.156 1.064 1.049 1.119 1.476 1.131 1.049 1.109 1.069 1.909 2.944 2.114 2.254 2.776 2.236 2.289 3.256 2.141 1.224 1.201 1.504 2.049 1.861 1.604 1.586 1.711 1.864 1.691 1.631 1.231 0.999 0.971 1.039 1.009 1.014 0.976 1.076 1.071 0.901 0.761
1.061 1.076 1.264 1.444 1.301 1.119 1.079 1.096 1.124 1.131 1.141 1.086 1.119 1.081 1.059 1.059 1.039 1.024 1.029 1.094 1.156 1.231 1.266 1.234 1.224 1.156 1.084 1.216 1.439 1.261 1.139 1.051 1.046 1.074 1.039 1.049 1.056 1.071 1.121 1.604 2.026 1.974 1.741 1.119 1.044 1.036 1.611 2.429 2.666 2.846 3.221 3.239 2.599 2.549 1.359 1.536 1.406 1.834 1.959 1.986 2.001 1.781 1.859 1.929 1.906 1.711 1.229 1.061 1.011 0.954 0.979 0.986 1.011 1.004 1.074 1.069 0.916
1.096 1.126 1.649 1.609 1.451 1.161 1.151 1.181 1.104 1.131 1.154 1.144 1.139 1.086 1.084 1.044 1.049 1.044 1.061 1.089 1.146 1.276 1.281 1.196 1.259 1.081 1.071 1.161 1.376 1.261 1.111 1.079 1.056 1.096 1.094 1.054 1.061 1.104 1.199 1.851 2.616 2.044 1.671 1.154 1.034 1.156 1.624 2.369 2.596 2.834 3.274 3.276 2.686 1.301 1.244 1.756 1.474 1.774 2.299 2.054 2.101 2.051 2.141 2.224 1.816 1.469 1.016 1.064 0.974 0.979 0.971 0.976 1.061 1.049 0.999 1.121 1.079
1.094 1.246 1.611 1.466 1.239 1.036 1.136 1.181 1.141 1.166 1.166 1.154 1.124 1.111 1.139 1.091 1.051 1.036 1.256 1.169 1.136 1.109 1.171 1.196 1.121 1.051 1.214 1.344 1.409 1.321 1.174 1.124 1.071 1.139 1.159 1.084 1.086 1.206 1.151 1.849 2.554 2.199 1.616 1.049 1.081 1.396 1.864 2.099 2.264 2.669 3.056 3.256 2.594 0.991 1.191 1.646 1.476 1.631 2.151 2.379 2.004 1.861 2.021 2.049 1.544 1.359 1.019 1.106 1.024 0.921 0.979 0.999 0.996 1.104 1.129 1.166 1.464
1.091 1.264 1.549 1.794 1.531 1.116 1.141 1.186 1.184 1.196 1.211 1.199 1.166 1.141 1.119 1.084 1.041 1.026 1.076 1.151 1.104 1.059 1.271 1.296 1.264 1.099 1.226 1.174 1.104 1.164 1.321 1.329 1.206 1.234 1.231 1.131 1.076 1.114 1.181 1.729 1.976 1.746 1.429 1.044 1.061 1.356 1.609 1.889 2.079 2.966 2.851 3.041 1.721 1.019 1.129 1.319 1.251 1.666 1.861 2.251 1.754 1.556 1.779 1.671 1.454 1.361 1.119 1.054 1.074 1.001 0.944 0.959 0.926 1.019 1.039 0.966 1.621
