All_lidar/sz6190_DSM_2M.asc
ncols 500
nrows 500
xllcorner    461000
yllcorner    90000
cellsize     2
NODATA_value -9999
[rows 64 to 95 of 500, columns 284 to 354 of 500]
31.017 30.829 30.659 30.464 30.277 30.104 29.929 29.727 29.567 29.394 29.267 29.082 28.954 28.802 28.607 28.467 28.282 28.102 27.869 27.722 27.504 27.382 27.184 27.049 26.969 26.934 27.157 28.257 27.307 26.974 26.427 27.417 27.737 26.764 26.014 26.592 26.637 26.117 25.447 25.179 24.849 24.719 26.172 25.469 25.824 25.102 25.164 25.592 24.759 24.249 24.714 24.602 25.439 25.722 24.399 24.404 24.357 23.824 23.759 23.582 23.502 23.579 23.492 23.714 24.349 26.302 23.402 22.642 22.209 22.027 21.744
31.112 30.937 30.742 30.552 30.342 30.134 29.914 29.754 29.582 29.399 29.239 29.074 28.899 28.719 28.539 28.404 28.224 28.054 27.874 27.727 27.557 27.377 27.209 27.004 26.834 26.667 26.504 26.374 26.399 26.324 26.844 26.822 26.814 27.007 27.272 27.112 25.837 25.869 25.359 26.159 25.529 25.782 26.807 26.057 26.557 27.337 25.634 25.062 27.214 24.644 26.459 24.894 24.804 25.002 24.857 24.669 24.429 24.094 23.644 23.579 23.399 22.994 22.714 22.557 22.459 22.132 22.219 21.767 21.654 21.499 21.347
31.207 30.967 30.832 30.604 30.417 30.217 30.017 29.809 29.664 29.452 29.307 29.112 28.932 28.772 28.579 28.379 28.217 28.032 27.852 27.699 27.512 27.349 27.192 27.052 26.897 26.734 26.549 26.397 26.254 26.142 25.977 25.817 25.682 25.639 25.509 25.329 25.202 25.399 25.292 25.129 25.399 25.812 25.894 26.569 26.829 27.177 25.982 25.754 25.844 25.364 28.254 27.047 25.289 24.824 24.464 24.219 23.614 23.207 23.034 22.874 22.717 22.607 22.492 22.394 22.289 22.172 22.017 21.857 21.724 21.564 21.427
31.252 31.064 30.887 30.702 30.519 30.304 30.074 29.894 29.714 29.532 29.347 29.162 29.004 28.819 28.659 28.464 28.279 28.092 27.904 27.722 27.514 27.359 27.187 27.034 26.852 26.737 26.574 26.394 26.247 26.099 25.999 25.827 25.697 25.554 25.394 25.262 25.139 25.027 24.887 24.719 24.594 24.532 24.527 24.644 24.864 25.037 25.817 26.397 26.097 26.254 26.322 25.099 24.162 23.632 23.489 23.404 23.264 23.134 23.022 22.889 22.702 22.602 22.482 22.407 22.289 22.164 22.052 21.927 21.764 21.652 21.522
31.314 31.132 30.954 30.762 30.592 30.387 30.212 30.017 29.839 29.612 29.449 29.234 29.072 28.892 28.717 28.527 28.337 28.164 27.964 27.797 27.597 27.392 27.239 27.062 26.892 26.762 26.607 26.454 26.279 26.162 26.007 25.864 25.729 25.579 25.467 25.317 25.172 25.074 24.924 24.804 24.697 24.592 24.444 24.344 24.262 24.147 24.102 24.082 24.037 23.907 23.807 23.709 23.659 23.564 23.489 23.387 23.249 23.147 23.017 22.877 22.767 22.657 22.517 22.427 22.324 22.207 22.084 21.982 21.819 21.734 21.589
31.354 31.157 30.972 30.804 30.577 30.427 30.249 30.084 29.902 29.734 29.554 29.367 29.179 29.002 28.812 28.647 28.464 28.279 28.039 27.857 27.657 27.492 27.324 27.147 26.989 26.832 26.679 26.537 26.329 26.212 26.032 25.882 25.734 25.592 25.497 25.364 25.224 25.117 24.954 24.824 24.719 24.607 24.519 24.402 24.274 24.194 24.139 24.029 23.977 23.897 23.834 23.762 23.677 23.582 23.499 23.394 23.282 23.139 23.064 22.904 22.797 22.697 22.562 22.447 22.354 22.234 22.157 22.004 21.894 21.807 21.724
31.344 31.192 30.989 30.802 30.647 30.444 30.274 30.107 29.932 29.764 29.599 29.397 29.237 29.074 28.904 28.719 28.547 28.369 28.174 28.002 27.824 27.632 27.447 27.269 27.069 26.894 26.749 26.559 26.427 26.239 26.119 25.944 25.817 25.664 25.547 25.417 25.282 25.152 25.047 24.904 24.769 24.659 24.552 24.439 24.332 24.217 24.099 24.042 23.972 23.909 23.844 23.779 23.702 23.614 23.507 23.422 23.309 23.197 23.097 22.937 22.832 22.709 22.599 22.507 22.394 22.292 22.207 22.042 21.962 21.897 21.839
31.394 31.234 31.024 30.829 30.662 30.467 30.297 30.109 29.942 29.754 29.597 29.394 29.244 29.107 28.924 28.779 28.604 28.449 28.249 28.087 27.889 27.729 27.589 27.412 27.229 27.037 26.872 26.669 26.504 26.337 26.189 26.034 25.874 25.729 25.602 25.474 25.317 25.199 25.072 24.962 24.849 24.739 24.634 24.507 24.372 24.269 24.164 24.097 24.034 23.942 23.879 23.794 23.692 23.627 23.542 23.434 23.347 23.219 23.082 22.942 22.822 22.714 22.622 22.542 22.427 22.379 22.267 22.174 22.057 22.037 21.929
31.417 31.252 31.044 30.874 30.707 30.537 30.344 30.157 29.984 29.792 29.632 29.452 29.277 29.087 28.942 28.782 28.644 28.472 28.327 28.132 27.947 27.767 27.629 27.469 27.334 27.154 26.967 26.812 26.667 26.507 26.324 26.167 25.979 25.839 25.699 25.554 25.404 25.274 25.157 25.042 24.884 24.767 24.649 24.537 24.427 24.329 24.217 24.149 24.039 23.977 23.917 23.844 23.772 23.692 23.584 23.477 23.362 23.252 23.119 23.004 22.867 22.789 22.702 22.607 22.527 22.482 22.332 22.244 22.174 22.129 22.087
31.434 31.247 31.074 30.877 30.699 30.549 30.384 30.179 30.007 29.837 29.684 29.504 29.314 29.159 28.972 28.847 28.654 28.497 28.302 28.132 27.997 27.824 27.662 27.527 27.379 27.214 27.079 26.882 26.744 26.587 26.409 26.269 26.112 25.972 25.857 25.724 25.559 25.417 25.289 25.167 25.017 24.859 24.737 24.599 24.502 24.384 24.302 24.214 24.102 24.029 23.949 23.884 23.769 23.727 23.639 23.522 23.444 23.304 23.212 23.102 22.967 22.894 22.809 22.727 22.622 22.537 22.442 22.352 22.282 22.232 22.167
31.452 31.244 31.074 30.894 30.727 30.549 30.379 30.184 29.999 29.862 29.689 29.557 29.387 29.229 29.052 28.907 28.734 28.534 28.379 28.217 28.052 27.889 27.717 27.579 27.399 27.254 27.127 26.969 26.809 26.652 26.497 26.352 26.167 26.074 25.937 25.824 25.717 25.567 25.429 25.292 25.164 25.014 24.862 24.734 24.597 24.524 24.389 24.312 24.214 24.112 24.037 23.974 23.852 23.829 23.749 23.647 23.529 23.419 23.299 23.229 23.082 22.999 22.872 22.792 22.664 22.577 22.467 22.402 22.377 22.309 22.249
31.487 31.292 31.109 30.934 30.759 30.577 30.392 30.214 30.059 29.894 29.722 29.567 29.392 29.254 29.067 28.954 28.772 28.607 28.422 28.272 28.122 27.962 27.782 27.649 27.477 27.319 27.177 27.024 26.867 26.709 26.564 26.434 26.277 26.137 25.994 25.867 25.742 25.657 25.522 25.372 25.252 25.099 24.992 24.892 24.742 24.622 24.502 24.414 24.317 24.264 24.167 24.069 23.982 23.927 23.819 23.752 23.614 23.494 23.377 23.274 23.142 23.062 22.942 22.832 22.732 22.632 22.547 22.509 22.454 22.357 22.327
31.544 31.357 31.169 30.974 30.799 30.622 30.452 30.272 30.092 29.934 29.759 29.602 29.424 29.267 29.099 28.947 28.787 28.619 28.452 28.307 28.144 27.997 27.839 27.709 27.534 27.387 27.249 27.072 26.924 26.777 26.627 26.484 26.332 26.187 26.074 25.959 25.819 25.709 25.547 25.419 25.319 25.159 25.047 24.922 24.807 24.699 24.622 24.524 24.422 24.362 24.244 24.177 24.089 24.019 23.894 23.847 23.714 23.574 23.444 23.307 23.202 23.109 23.012 22.877 22.769 22.644 22.587 22.589 22.517 22.424 22.397
31.577 31.417 31.219 31.042 30.879 30.682 30.507 30.339 30.167 30.004 29.832 29.667 29.484 29.312 29.172 29.014 28.817 28.669 28.497 28.332 28.189 28.049 27.882 27.724 27.574 27.417 27.289 27.132 26.982 26.817 26.692 26.529 26.394 26.267 26.112 25.989 25.864 25.732 25.599 25.462 25.359 25.214 25.082 24.947 24.832 24.732 24.637 24.547 24.459 24.384 24.327 24.244 24.177 24.077 24.002 23.882 23.782 23.672 23.529 23.394 23.272 23.174 23.064 22.932 22.819 22.739 22.702 22.637 22.579 22.507 22.392
31.634 31.449 31.254 31.062 30.879 30.737 30.542 30.392 30.209 30.047 29.889 29.717 29.564 29.397 29.232 29.072 28.892 28.752 28.564 28.389 28.234 28.082 27.897 27.749 27.614 27.464 27.324 27.147 27.024 26.862 26.729 26.579 26.474 26.329 26.187 26.049 25.937 25.792 25.662 25.509 25.382 25.254 25.129 25.009 24.897 24.797 24.659 24.574 24.472 24.402 24.337 24.249 24.177 24.107 24.022 23.974 23.832 23.739 23.614 23.489 23.339 23.237 23.102 22.987 22.844 22.794 22.732 22.669 22.629 22.559 22.419
31.674 31.499 31.297 31.142 30.964 30.807 30.634 30.459 30.297 30.087 29.914 29.774 29.619 29.459 29.289 29.117 28.959 28.804 28.624 28.477 28.309 28.147 27.957 27.829 27.669 27.514 27.374 27.194 27.049 26.902 26.769 26.607 26.492 26.352 26.224 26.107 25.949 25.849 25.712 25.579 25.452 25.282 25.177 25.042 24.939 24.819 24.729 24.639 24.537 24.482 24.404 24.307 24.219 24.149 24.052 23.959 23.864 23.764 23.669 23.522 23.382 23.279 23.157 23.029 22.912 22.839 22.787 22.717 22.682 22.587 22.442
31.699 31.524 31.337 31.149 31.004 30.829 30.664 30.502 30.354 30.182 30.024 29.834 29.674 29.489 29.347 29.192 29.022 28.852 28.669 28.517 28.357 28.217 28.089 27.934 27.742 27.624 27.462 27.289 27.122 26.962 26.829 26.697 26.557 26.422 26.279 26.129 26.007 25.899 25.752 25.614 25.479 25.377 25.242 25.102 25.002 24.872 24.787 24.674 24.577 24.487 24.394 24.342 24.282 24.209 24.129 24.027 23.919 23.829 23.692 23.567 23.429 23.304 23.164 22.999 22.902 22.914 22.857 22.787 22.709 22.577 22.519
31.754 31.564 31.359 31.197 31.024 30.859 30.694 30.512 30.387 30.227 30.064 29.902 29.757 29.572 29.429 29.284 29.087 28.934 28.747 28.602 28.439 28.259 28.167 27.999 27.827 27.657 27.517 27.347 27.202 27.039 26.919 26.757 26.617 26.477 26.334 26.197 26.062 25.919 25.779 25.649 25.519 25.389 25.289 25.157 25.042 24.959 24.814 24.719 24.627 24.514 24.439 24.357 24.284 24.217 24.132 24.047 23.967 23.879 23.762 23.632 23.484 23.344 23.202 23.074 22.984 22.954 22.902 22.857 22.724 22.617 22.582
31.787 31.589 31.437 31.259 31.089 30.897 30.732 30.537 30.387 30.262 30.122 29.932 29.812 29.612 29.447 29.307 29.139 28.987 28.839 28.679 28.529 28.382 28.194 28.044 27.882 27.744 27.577 27.429 27.264 27.109 26.979 26.824 26.697 26.559 26.427 26.264 26.134 26.002 25.857 25.714 25.547 25.424 25.332 25.184 25.074 24.964 24.882 24.772 24.667 24.574 24.462 24.379 24.314 24.252 24.164 24.102 23.994 23.884 23.764 23.669 23.509 23.349 23.242 23.094 23.054 23.024 22.972 22.897 22.719 22.644 22.549
31.884 31.694 31.519 31.337 31.164 30.957 30.799 30.599 30.447 30.277 30.129 29.964 29.822 29.662 29.519 29.329 29.192 29.004 28.864 28.702 28.539 28.402 28.247 28.107 27.959 27.822 27.667 27.462 27.314 27.182 27.042 26.884 26.774 26.619 26.482 26.339 26.172 26.064 25.907 25.802 25.657 25.512 25.379 25.214 25.112 25.017 24.884 24.802 24.692 24.574 24.494 24.442 24.359 24.264 24.207 24.137 24.042 23.932 23.817 23.694 23.532 23.372 23.289 23.177 23.102 23.057 23.019 22.917 22.737 22.692 22.524
31.967 31.784 31.574 31.397 31.229 31.052 30.869 30.652 30.494 30.334 30.162 30.004 29.867 29.704 29.557 29.382 29.197 29.062 28.899 28.729 28.587 28.422 28.262 28.137 27.992 27.837 27.687 27.524 27.382 27.234 27.074 26.932 26.797 26.667 26.527 26.377 26.239 26.082 25.959 25.834 25.692 25.592 25.437 25.307 25.179 25.072 24.932 24.844 24.704 24.612 24.492 24.447 24.377 24.324 24.252 24.177 24.092 24.002 23.917 23.747 23.612 23.472 23.312 23.237 23.154 23.094 23.029 22.909 22.749 22.714 22.519
32.029 31.837 31.659 31.492 31.309 31.129 30.939 30.727 30.549 30.382 30.209 30.052 29.892 29.734 29.569 29.394 29.227 29.087 28.939 28.792 28.647 28.477 28.339 28.164 27.992 27.847 27.722 27.557 27.402 27.272 27.114 26.992 26.839 26.709 26.552 26.394 26.289 26.112 26.004 25.877 25.734 25.617 25.479 25.344 25.204 25.119 24.992 24.882 24.772 24.677 24.542 24.472 24.392 24.344 24.272 24.199 24.122 24.039 23.944 23.809 23.657 23.514 23.379 23.294 23.212 23.154 23.082 22.917 22.802 22.684 22.539
32.139 31.912 31.707 31.529 31.352 31.144 30.992 30.809 30.649 30.469 30.299 30.142 29.957 29.772 29.604 29.427 29.272 29.089 28.952 28.782 28.662 28.504 28.369 28.217 28.067 27.909 27.767 27.622 27.467 27.292 27.157 27.009 26.869 26.719 26.574 26.452 26.287 26.164 26.027 25.902 25.774 25.642 25.524 25.382 25.254 25.147 25.007 24.897 24.804 24.707 24.627 24.529 24.452 24.372 24.314 24.224 24.157 24.059 23.942 23.839 23.679 23.522 23.434 23.372 23.284 23.222 23.094 22.934 22.829 22.662 22.507
32.182 31.962 31.757 31.557 31.377 31.177 30.984 30.812 30.647 30.522 30.319 30.179 29.982 29.862 29.702 29.534 29.342 29.159 29.002 28.864 28.717 28.554 28.407 28.229 28.109 27.934 27.799 27.634 27.499 27.327 27.192 27.067 26.902 26.764 26.607 26.464 26.327 26.184 26.052 25.927 25.807 25.669 25.542 25.429 25.269 25.159 25.024 24.937 24.832 24.709 24.609 24.509 24.452 24.397 24.332 24.264 24.182 24.094 23.969 23.844 23.709 23.562 23.484 23.434 23.327 23.242 23.112 22.934 22.799 22.654 22.487
32.184 31.989 31.809 31.589 31.417 31.237 31.047 30.852 30.697 30.497 30.367 30.217 30.009 29.874 29.699 29.549 29.402 29.249 29.089 28.947 28.794 28.624 28.469 28.302 28.167 27.962 27.839 27.687 27.519 27.379 27.209 27.067 26.914 26.802 26.664 26.539 26.372 26.219 26.094 25.934 25.797 25.662 25.564 25.419 25.292 25.172 25.022 24.919 24.802 24.727 24.594 24.507 24.434 24.344 24.309 24.229 24.199 24.109 23.989 23.859 23.729 23.617 23.532 23.457 23.369 23.237 23.084 22.982 22.782 22.597 22.487
32.212 31.992 31.779 31.607 31.427 31.239 31.069 30.892 30.737 30.544 30.404 30.254 30.039 29.884 29.717 29.532 29.412 29.244 29.102 28.939 28.797 28.669 28.524 28.359 28.149 28.052 27.872 27.694 27.557 27.392 27.262 27.117 26.934 26.812 26.659 26.557 26.399 26.274 26.127 26.019 25.854 25.697 25.577 25.449 25.319 25.179 25.067 24.937 24.784 24.669 24.569 24.474 24.422 24.362 24.297 24.207 24.157 24.057 23.954 23.839 23.712 23.604 23.559 23.462 23.372 23.234 23.097 22.929 22.742 22.594 22.422
32.249 32.019 31.832 31.622 31.442 31.257 31.089 30.869 30.702 30.594 30.407 30.242 30.072 29.914 29.757 29.612 29.434 29.269 29.124 28.967 28.809 28.662 28.522 28.367 28.204 28.077 27.897 27.737 27.607 27.442 27.292 27.142 26.967 26.849 26.707 26.532 26.389 26.264 26.139 25.997 25.877 25.724 25.607 25.494 25.339 25.199 25.067 24.924 24.817 24.677 24.577 24.462 24.382 24.324 24.237 24.172 24.134 24.032 23.909 23.802 23.664 23.607 23.557 23.484 23.357 23.249 23.104 22.872 22.704 22.549 22.417
32.217 32.032 31.844 31.642 31.457 31.282 31.092 30.899 30.739 30.599 30.399 30.259 30.067 29.917 29.749 29.599 29.429 29.292 29.129 28.994 28.814 28.712 28.529 28.387 28.207 28.059 27.947 27.794 27.614 27.452 27.284 27.164 26.997 26.854 26.712 26.554 26.427 26.287 26.139 26.004 25.872 25.734 25.602 25.487 25.339 25.199 25.067 24.949 24.802 24.664 24.549 24.487 24.384 24.277 24.192 24.112 23.992 23.927 23.842 23.739 23.669 23.594 23.542 23.474 23.372 23.234 23.067 22.842 22.697 22.517 22.422
32.204 32.004 31.814 31.624 31.459 31.274 31.109 30.934 30.782 30.594 30.459 30.294 30.099 29.929 29.757 29.612 29.434 29.292 29.127 28.972 28.822 28.677 28.532 28.394 28.257 28.077 27.947 27.807 27.639 27.489 27.322 27.144 27.002 26.844 26.704 26.572 26.439 26.289 26.172 26.019 25.904 25.742 25.592 25.454 25.297 25.204 25.074 24.922 24.779 24.652 24.557 24.442 24.334 24.217 24.157 24.047 23.954 23.847 23.764 23.684 23.664 23.619 23.539 23.474 23.347 23.217 22.997 22.802 22.627 22.517 22.412
32.247 32.042 31.837 31.642 31.444 31.257 31.087 30.909 30.759 30.572 30.417 30.249 30.084 29.954 29.774 29.599 29.444 29.299 29.117 28.962 28.809 28.652 28.517 28.414 28.259 28.102 27.952 27.814 27.664 27.489 27.299 27.139 26.974 26.859 26.699 26.567 26.389 26.262 26.154 26.022 25.854 25.749 25.607 25.447 25.312 25.177 25.062 24.897 24.774 24.637 24.492 24.362 24.264 24.182 24.079 24.014 23.902 23.789 23.724 23.662 23.619 23.564 23.514 23.409 23.314 23.162 22.909 22.764 22.562 22.484 22.369
32.202 32.019 31.852 31.677 31.499 31.289 31.114 30.924 30.759 30.592 30.434 30.252 30.094 29.957 29.767 29.632 29.447 29.282 29.137 28.982 28.832 28.682 28.509 28.362 28.219 28.047 27.949 27.827 27.632 27.462 27.324 27.184 27.009 26.874 26.734 26.572 26.402 26.287 26.122 25.992 25.854 25.734 25.579 25.432 25.299 25.147 25.032 24.874 24.774 24.637 24.477 24.359 24.224 24.122 24.029 23.942 23.832 23.737 23.647 23.614 23.584 23.509 23.439 23.354 23.267 23.077 22.882 22.692 22.527 22.412 22.372
32.234 32.017 31.844 31.672 31.492 31.287 31.139 30.959 30.777 30.619 30.444 30.304 30.137 29.967 29.762 29.617 29.444 29.254 29.122 28.982 28.827 28.682 28.534 28.367 28.234 28.077 27.907 27.769 27.632 27.474 27.299 27.179 27.022 26.859 26.714 26.597 26.447 26.307 26.114 25.972 25.834 25.702 25.557 25.407 25.277 25.134 24.999 24.844 24.719 24.604 24.454 24.314 24.219 24.112 23.977 23.869 23.772 23.672 23.587 23.557 23.527 23.489 23.422 23.314 23.194 23.009 22.847 22.639 22.502 22.409 22.304
