All_lidar/sz6192_DSM_2M.asc
ncols 500
nrows 500
xllcorner    461000
yllcorner    92000
cellsize     2
NODATA_value -9999
[rows 416 to 447 of 500, columns 216 to 287 of 500]
7.505 7.445 7.393 7.318 7.24 7.203 7.165 7.14 7.053 7.01 6.973 6.9 6.885 6.788 6.71 6.585 6.38 5.985 5.565 5.273 5.13 5.093 5.11 5.083 5.058 5.15 6.05 8.508 9.785 9.728 9.955 9.85 10.335 10.575 10.743 10.773 10.61 10.313 9.878 9.268 7.983 6.398 5.733 5.62 5.695 5.68 5.703 5.705 6.313 8.438 9.604 10.134 10.306 10.176 9.807 8.939 7.734 7.977 9.742 9.728 9.312 8.924 8.801 8.734 8.607 8.098 7.295 7.035 6.975 6.902 6.84 6.102
7.515 7.458 7.405 7.365 7.285 7.245 7.188 7.128 7.045 6.998 6.98 6.915 6.91 6.848 6.79 6.74 6.7 6.578 6.4 6.08 5.73 5.365 5.155 5.11 5.088 5.073 5.043 4.983 5.115 5.693 7.628 10.098 10.183 10.36 10.3 10.363 10.383 10.17 9.645 8.82 7.478 6.083 5.625 5.62 5.653 5.708 5.68 5.73 5.903 7.143 8.97 9.904 10.163 9.872 9.071 7.842 7.259 7.405 8.208 8.311 7.536 8.017 8.823 8.854 8.863 8.732 8.283 7.378 7.066 7.477 8.703 7.455
7.53 7.463 7.43 7.358 7.283 7.26 7.173 7.1 7.018 6.998 6.975 6.905 6.868 6.84 6.79 6.743 6.69 6.633 6.568 6.51 6.378 6.145 5.85 5.515 5.265 5.125 5.038 4.993 4.943 4.963 4.933 5.088 6.555 8.42 10.158 10.53 10.415 10.078 9.838 8.69 7.103 5.885 5.568 5.623 5.585 5.655 5.69 5.748 5.82 5.963 7.103 8.805 9.608 9.052 7.827 7.052 7.152 7.209 7.301 7.377 7.392 7.419 8.505 9.339 9.314 9.585 9.472 8.479 7.592 9.841 14.129 12.416
7.52 7.443 7.39 7.35 7.268 7.24 7.158 7.105 7.03 6.97 6.955 6.878 6.87 6.828 6.748 6.703 6.653 6.62 6.598 6.53 6.49 6.42 6.295 6.155 5.955 5.688 5.465 5.195 5.018 4.985 4.973 4.963 4.928 4.905 5.365 6.338 8.49 9.85 11.025 8.738 6.653 5.658 5.513 5.573 5.605 5.618 5.683 5.765 5.858 5.918 5.813 6.995 8.24 7.855 6.874 6.789 6.862 7.133 7.269 7.383 7.441 7.395 8.579 9.821 9.692 9.729 9.828 9.56 9.889 14.09 14.522 15.502
7.495 7.445 7.403 7.323 7.265 7.255 7.17 7.125 7.058 6.978 6.913 6.878 6.845 6.785 6.738 6.675 6.635 6.64 6.568 6.483 6.43 6.398 6.36 6.29 6.24 6.218 6.153 5.948 5.645 5.33 5.098 4.993 4.97 4.935 4.885 4.898 4.9 5.563 6.935 7.27 5.913 5.343 5.355 5.515 5.598 5.643 5.668 5.725 5.805 5.883 5.925 5.923 6.873 6.863 6.428 6.158 6.211 6.715 7.105 7.214 7.321 7.386 8.622 9.971 10.092 9.764 9.898 9.856 10.091 13.955 15.335 17.69
7.498 7.443 7.385 7.325 7.24 7.238 7.19 7.14 7.06 6.983 6.9 6.86 6.813 6.738 6.695 6.653 6.633 6.615 6.528 6.463 6.408 6.388 6.33 6.308 6.265 6.295 6.385 6.405 6.373 6.218 5.91 5.56 5.238 4.985 4.87 4.858 4.913 4.935 4.98 5.05 5.08 5.2 5.285 5.458 5.555 5.628 5.695 5.75 5.77 5.808 5.875 5.9 5.908 6 6.008 5.923 5.99 6.18 6.61 7.058 7.355 7.435 7.97 9.289 10.249 10.104 9.829 9.916 9.791 11.479 13.792 16.765
7.523 7.455 7.37 7.32 7.275 7.253 7.205 7.16 7.093 7.01 6.938 6.848 6.8 6.713 6.663 6.625 6.603 6.59 6.523 6.465 6.42 6.368 6.333 6.325 6.303 6.35 6.448 6.513 6.545 6.58 6.548 6.39 6.135 5.79 5.383 5.093 4.96 4.92 4.995 5.013 5.063 5.13 5.245 5.343 5.513 5.583 5.665 5.7 5.735 5.778 5.808 5.848 5.858 5.863 5.893 5.9 5.94 5.985 6.123 6.533 9.38 10.17 9.258 10.483 11.235 10.239 9.824 9.898 9.827 9.422 8.453 12.022
7.528 7.453 7.368 7.325 7.283 7.245 7.223 7.173 7.118 7.03 6.95 6.875 6.808 6.733 6.67 6.648 6.59 6.573 6.51 6.465 6.44 6.41 6.363 6.363 6.36 6.415 6.485 6.55 6.588 6.615 6.628 6.628 6.593 6.49 6.338 6.105 5.763 5.425 5.175 5.083 5.043 5.063 5.158 5.273 5.393 5.528 5.638 5.675 5.72 5.753 5.748 5.763 5.808 5.823 5.848 5.888 5.923 5.97 6.055 6.198 9.23 11.205 10.383 11.42 12.078 10.872 9.958 9.793 9.777 9.422 8.18 7.455
7.588 7.515 7.39 7.343 7.288 7.268 7.223 7.185 7.118 7.043 6.94 6.87 6.795 6.728 6.693 6.605 6.588 6.57 6.53 6.453 6.448 6.46 6.438 6.385 6.41 6.488 6.555 6.58 6.608 6.625 6.653 6.658 6.658 6.625 6.61 6.605 6.515 6.368 6.035 5.648 5.293 5.078 5.14 5.218 5.338 5.433 5.55 5.65 5.673 5.675 5.688 5.723 5.765 5.755 5.823 5.858 5.885 5.898 5.99 6.21 7.983 11.475 11.428 12.393 12.048 11.645 10.041 9.71 9.708 9.427 8.951 7.411
8.855 7.593 7.465 7.395 7.293 7.228 7.18 7.15 7.098 7.003 6.925 6.855 6.803 6.753 6.678 6.603 6.568 6.538 6.533 6.49 6.458 6.48 6.468 6.49 6.538 6.58 6.603 6.59 6.608 6.638 6.675 6.68 6.668 6.63 6.628 6.64 6.655 6.655 6.633 6.413 5.98 5.448 5.228 5.223 5.308 5.373 5.505 5.585 5.623 5.658 5.623 5.64 5.693 5.745 5.788 5.815 5.865 5.905 5.988 6.063 6.093 8.96 11.69 12.343 12.018 11.86 10.005 9.599 9.787 9.364 8.276 7.396
8.178 8.14 7.645 7.42 7.308 7.2 7.175 7.11 7.083 7.013 6.943 6.888 6.828 6.74 6.66 6.6 6.578 6.548 6.523 6.488 6.478 6.465 6.505 6.578 6.628 6.66 6.64 6.625 6.63 6.68 6.695 6.69 6.665 6.628 6.63 6.625 6.64 6.668 6.693 6.64 6.455 6.06 5.54 5.328 5.345 5.408 5.47 5.54 5.585 5.605 5.603 5.588 5.618 5.673 5.758 5.788 5.843 5.863 5.908 5.973 5.98 8.478 10.87 11.43 10.99 10.135 9.288 9.652 9.787 9.412 9.128 8.794
8.933 10.405 9.308 7.565 7.385 7.228 7.143 7.078 7.013 6.99 6.92 6.885 6.823 6.728 6.685 6.583 6.543 6.515 6.49 6.448 6.455 6.47 6.545 6.648 6.68 6.693 6.678 6.668 6.688 6.698 6.705 6.67 6.663 6.66 6.678 6.68 6.658 6.67 6.67 6.583 6.42 6.255 5.978 5.598 5.43 5.415 5.483 5.525 5.525 5.563 5.578 5.575 5.59 5.648 5.678 5.705 5.778 5.798 5.818 5.905 5.93 6.953 9.895 9.9 9.658 11.708 11.598 10.265 10.16 10.821 13.919 15.514
8.423 9.32 8.605 7.823 7.593 7.348 7.163 7.075 7.033 7.003 6.925 6.828 6.778 6.723 6.65 6.59 6.533 6.488 6.435 6.415 6.43 6.49 6.578 6.675 6.695 6.705 6.698 6.675 6.69 6.705 6.713 6.72 6.753 6.7 6.695 6.658 6.673 6.59 6.525 6.363 6.215 6.078 5.903 5.72 5.565 5.518 5.49 5.525 5.563 5.598 5.595 5.555 5.575 5.565 5.605 5.643 5.693 5.75 5.785 5.855 5.883 5.913 7.465 9.118 8.578 10.015 14.055 13.928 14.34 15.48 19.737 21.358
8.545 7.603 8.05 7.875 7.76 7.64 7.383 7.118 7.05 6.993 6.913 6.805 6.725 6.645 6.605 6.545 6.505 6.445 6.43 6.38 6.428 6.528 6.615 6.625 6.645 6.685 6.653 6.683 6.688 6.738 6.75 6.755 6.815 6.793 6.715 6.63 6.563 6.44 6.303 6.135 5.953 5.805 5.645 5.58 5.553 5.528 5.555 5.518 5.533 5.565 5.533 5.518 5.573 5.548 5.57 5.613 5.628 5.69 5.74 5.805 5.843 5.848 5.858 7.288 7.88 8.68 13.945 15.92 18.508 20.215 22.334 23.246
9.545 9.968 10.413 7.568 7.933 7.778 7.713 7.45 7.153 7.038 6.923 6.795 6.683 6.61 6.548 6.485 6.418 6.403 6.388 6.363 6.493 6.57 6.61 6.633 6.643 6.665 6.655 6.663 6.7 6.733 6.713 6.675 6.69 6.77 6.708 6.503 6.35 6.218 6.068 5.9 5.693 5.59 5.5 5.505 5.508 5.543 5.57 5.515 5.51 5.483 5.485 5.473 5.508 5.548 5.568 5.573 5.59 5.643 5.675 5.748 5.773 5.805 5.878 6.2 7.195 8.44 14.203 18.21 20.815 23.303 23.868 23.525
11.603 12.418 11.098 7.54 7.36 7.63 7.773 7.71 7.423 7.065 6.91 6.808 6.71 6.595 6.515 6.468 6.403 6.38 6.373 6.415 6.535 6.618 6.648 6.658 6.658 6.675 6.655 6.668 6.705 6.793 6.775 6.693 6.583 6.585 6.503 6.24 6.078 5.94 5.783 5.635 5.553 5.525 5.503 5.493 5.495 5.543 5.578 5.545 5.443 5.45 5.433 5.468 5.485 5.52 5.525 5.53 5.573 5.573 5.62 5.698 5.693 5.705 5.76 6.148 7.148 7.88 12.58 18.885 21.088 23.818 24.355 22.408
9.533 11.175 10.878 8.43 7.568 7.205 7.51 7.625 7.493 7.123 6.895 6.74 6.69 6.603 7.198 7.355 6.385 6.35 6.338 6.368 6.455 6.533 6.628 6.66 6.663 6.665 6.643 6.683 6.708 6.78 6.855 6.775 6.538 6.288 6.14 5.955 5.82 5.685 5.59 5.533 5.495 5.485 5.475 5.48 5.52 5.558 5.568 5.558 5.478 5.44 5.363 5.343 5.375 5.433 5.453 5.493 5.518 5.523 5.57 5.638 5.64 5.68 5.708 6.658 7.433 7.708 11.298 19.825 22.24 23.913 24.115 22.29
8.33 11.593 12.66 8.203 7.768 7.478 7.125 7.415 7.42 7.188 6.935 6.743 6.625 7.178 10.258 10.605 9.108 6.795 6.333 6.315 6.3 6.3 6.383 6.59 6.675 6.668 6.673 6.69 6.703 6.688 6.64 6.508 6.29 6.068 5.878 5.74 5.628 5.565 5.538 5.558 5.518 5.478 5.495 5.523 5.553 5.543 5.538 5.553 5.513 5.458 5.343 5.298 5.305 5.34 5.378 5.413 5.44 5.448 5.5 5.543 5.57 5.593 5.745 6.42 7.495 7.985 10.38 19.815 22.518 23.595 24.445 24.368
8.255 10.375 9.558 8.205 8.805 8.215 7.428 7.155 7.295 7.255 6.983 6.775 6.623 7.555 11.04 11.738 11.208 10.32 7.89 6.398 6.255 6.205 6.135 6.238 6.52 6.625 6.603 6.623 6.628 6.545 6.33 6.073 5.918 5.78 5.688 5.633 5.573 5.515 5.518 5.473 5.483 5.5 5.508 5.5 5.49 5.508 5.438 5.458 5.443 5.42 5.368 5.24 5.27 5.253 5.285 5.283 5.298 5.343 5.393 5.42 5.455 5.473 6.32 7.923 7.45 8.948 9.425 19.435 21.27 23.04 24.363 23.815
8.275 8.098 7.788 8.805 11.063 8.47 7.643 8.635 7.445 7.045 6.948 6.84 6.675 8.27 10.328 11.463 11.818 11.57 10.423 6.675 6.238 6.178 6.098 6.055 6.128 6.298 6.38 6.435 6.37 6.195 5.985 5.82 5.755 5.65 5.618 5.553 5.508 5.495 5.508 5.518 5.468 5.493 5.495 5.468 5.433 5.443 5.41 5.39 5.398 5.368 5.285 5.255 5.208 5.228 5.235 5.248 5.245 5.273 5.3 5.31 5.293 5.343 5.875 7.493 6.823 7.873 8.933 15.838 20.553 22.478 23.263 23.713
8.365 8.103 7.828 7.585 7.53 7.35 7.413 8.818 7.933 8.203 6.82 6.818 6.705 6.613 7.343 9.648 11.053 11.66 9.528 6.495 6.225 6.168 6.09 6.035 5.96 6 6.08 6.203 6.078 5.908 5.76 5.69 5.665 5.595 5.545 5.533 5.503 5.51 5.535 5.51 5.473 5.423 5.42 5.345 5.333 5.335 5.3 5.313 5.315 5.303 5.243 5.195 5.15 5.153 5.165 5.128 5.145 5.163 5.163 5.23 5.188 5.19 5.398 5.99 6.563 7.55 8.538 11.405 14.098 21.755 22.743 23.228
8.545 8.245 7.94 7.638 7.888 7.66 7.393 7.313 8.628 8.82 8.24 6.913 6.68 6.635 6.62 7 8.42 10.303 6.848 6.28 6.228 6.2 6.128 6.015 5.933 5.97 5.91 5.905 5.845 5.753 5.678 5.623 5.59 5.553 5.553 5.548 5.538 5.498 5.495 5.585 5.395 5.365 5.358 5.333 5.37 5.283 5.263 5.275 5.265 5.225 5.21 5.168 5.133 5.16 5.16 5.145 5.12 5.115 5.073 5.09 5.083 5.06 5.33 5.98 6.298 7.403 8.54 9.943 12.36 18.643 20.908 21.06
8.883 8.55 8.165 7.858 7.65 7.603 7.508 7.43 7.225 8.96 8.568 8.863 8.173 7.088 6.635 6.62 6.598 6.575 6.47 6.253 6.233 6.215 6.183 6.068 5.985 5.935 6.003 5.795 5.728 5.693 5.625 5.573 5.56 5.578 5.575 5.533 5.518 5.475 5.42 5.375 5.325 5.313 5.275 5.285 5.543 5.423 5.273 5.27 5.258 5.368 5.435 5.165 5.498 5.185 5.113 5.078 5.068 5.038 5.005 5.02 5.02 5.023 5.148 5.805 6.283 7.808 8.848 9.73 9.48 9.205 14.563 15.923
10.255 9.093 8.495 8.14 7.943 7.765 7.625 7.555 7.383 7.195 7.065 7.295 8.19 8.443 6.938 6.645 6.655 6.68 6.588 6.438 6.293 6.255 6.22 6.103 5.978 6.193 6.333 5.773 5.738 5.665 5.6 5.575 5.575 5.58 5.545 5.503 5.48 5.435 5.403 5.535 5.47 5.32 5.273 5.278 5.263 5.53 5.313 5.213 5.213 5.223 5.18 5.88 8.05 6.045 5.143 5.083 5.04 5.04 5 4.993 4.895 4.97 5.218 5.815 6.393 9.018 9.345 9.46 9.418 8.868 9.715 9.255
12.413 11.085 8.933 8.27 8.118 7.955 7.793 7.673 7.535 7.328 7.22 7.055 6.878 7.2 6.72 6.635 6.683 6.695 6.688 6.608 6.473 6.503 6.22 6.088 5.958 5.953 5.945 5.808 5.735 5.65 5.633 5.61 5.585 5.555 5.523 5.44 5.41 5.34 5.353 5.523 5.638 5.335 5.273 5.218 5.195 5.485 5.283 5.205 5.22 5.118 5.685 7.86 9.633 9.035 5.588 5.133 5.03 4.97 4.943 4.933 4.923 4.918 4.878 5.21 6.635 8.393 9.263 9.478 9.228 8.37 7.545 7.428
13.398 12.77 11.32 9.3 8.413 8.145 7.99 7.828 7.67 7.565 7.693 7.633 7.238 6.938 6.86 6.833 7.05 6.973 6.733 6.64 6.575 6.65 6.415 6.158 5.998 5.948 5.87 5.845 5.803 5.723 5.658 5.618 5.595 5.53 5.49 5.39 5.335 5.473 5.3 5.505 5.773 5.29 5.21 5.2 5.19 5.318 5.258 5.185 5.175 5.053 6.925 9.338 9.773 8.04 5.478 5.025 5.068 4.99 4.91 4.9 4.895 4.863 4.855 5.075 7.185 9.015 9.233 9.34 8.865 7.81 7.39 7.368
14.14 13.253 12.26 11.588 10.503 8.808 8.205 8.03 7.898 7.903 7.818 7.645 7.43 7.158 6.903 7.62 8.493 7.603 6.693 6.535 6.553 6.513 6.423 6.248 6.113 5.958 5.908 5.885 5.823 5.788 5.73 5.705 5.88 5.555 5.435 5.355 5.253 5.24 5.308 5.733 5.795 5.54 5.225 5.155 5.18 5.18 5.2 5.143 5.085 6.193 8.99 10.003 8.565 5.368 4.998 4.993 5 5.058 4.908 4.845 4.888 4.853 4.813 4.75 5.655 7.833 9.45 9.508 8.218 7.36 7.258 7.295
13.275 13.325 13.065 12.568 11.968 11.268 9.59 8.37 8.14 8.135 7.998 7.823 7.65 7.368 7.055 6.775 6.835 8.353 7.75 6.713 6.508 6.513 6.425 6.258 6.085 5.963 5.968 5.88 5.815 5.773 5.703 5.62 5.55 5.47 5.37 5.313 5.283 5.368 5.49 5.605 5.54 5.408 5.155 5.113 5.105 5.15 5.34 5.358 5.925 8.51 9.848 8.935 5.755 4.99 4.988 4.98 4.958 4.998 4.96 4.885 4.798 4.748 4.78 4.74 4.705 4.693 5.363 7.705 7.628 7.123 7.115 7.165
11.965 12.31 12.908 13.205 12.878 12.318 11.733 10.668 9.165 8.178 8.1 7.918 7.765 7.555 7.215 6.84 6.638 7.403 8.67 7.403 6.713 6.358 6.348 6.158 5.993 5.968 5.958 5.87 5.815 5.743 5.675 5.663 5.573 5.47 5.398 5.3 5.288 5.423 5.783 5.613 5.788 5.63 5.203 5.01 4.998 5.073 5.088 5.718 8.128 9.715 9.29 7.043 5.088 4.98 4.988 4.958 4.948 4.97 4.938 4.96 4.848 4.74 4.688 4.72 4.705 4.69 4.938 5.875 6.695 6.945 7.025 7.075
9.463 10.99 11.938 12.51 13.085 13.128 12.683 12.063 10.42 8.265 8.223 8.038 7.725 7.448 7.133 6.73 6.558 6.35 6.358 7.09 7.12 7.163 6.41 6.13 5.985 5.918 5.913 5.903 5.845 5.763 5.688 5.61 5.515 5.5 5.43 5.313 5.178 5.41 5.658 5.31 5.47 5.298 5.045 4.943 4.933 4.97 5.005 5.363 8.363 9.818 7.785 4.938 4.99 4.98 4.97 4.948 4.963 4.945 4.953 4.963 4.953 4.91 4.675 4.65 4.663 4.638 4.62 5.835 6.9 6.953 6.978 7.035
8.648 8.583 10.535 11.56 12.128 12.748 13.19 12.13 10.04 8.31 8.253 7.92 7.418 7.125 6.848 6.558 6.803 6.433 6.453 6.46 6.998 7.433 6.635 6.148 6.2 5.958 5.9 5.88 5.823 5.755 5.703 5.638 5.523 5.495 5.445 5.32 5.173 5.12 5.113 5.023 4.993 5.02 4.928 4.875 4.885 4.918 4.905 4.92 4.93 7.075 4.895 4.958 4.965 4.965 4.965 4.988 4.955 4.945 4.963 4.973 4.923 4.985 4.885 4.693 4.603 4.583 4.575 4.553 4.778 6.353 6.985 7.695
8.78 8.53 8.53 9.165 10.52 11.785 12.395 11.223 8.41 8.383 8.17 7.61 7.125 6.873 6.673 6.56 6.41 6.405 6.438 6.478 6.478 6.903 8.323 6.865 6.058 5.933 5.87 5.848 5.79 5.75 5.733 5.645 5.683 5.995 5.495 5.33 5.215 5.118 5.125 4.99 4.965 4.958 4.923 4.945 4.953 4.908 4.918 5.103 4.89 5.01 5.118 4.983 4.963 4.958 4.948 4.943 4.918 4.943 4.958 4.93 4.933 4.94 4.93 4.875 4.735 4.553 4.5 4.503 4.455 4.518 5.808 8.883
