All_lidar/sz6192_DSM_2M.asc
ncols 500
nrows 500
xllcorner    461000
yllcorner    92000
cellsize     2
NODATA_value -9999
[rows 96 to 127 of 500, columns 0 to 71 of 500]
-0.948 -1.042 -1.015 -0.94 -0.911 -1.003 -1.026 -1.023 -1.042 -0.978 -0.982 -1.086 -0.991 -1.032 -0.963 -1.014 -0.996 -1.014 -0.945 -1.032 -1.077 -0.997 -1.022 -1.006 -0.986 -1.011 -0.98 -1.027 -1.022 -1.135 -1.033 -1.179 -1.083 -0.998 -1.003 -1.048 -1.041 -1.03 -1.023 -1.111 -1.142 -1.063 -1.08 -1.068 -1.143 -1.066 -1.076 -1.068 -1.14 -1.153 -1.156 -1.104 -1.121 -1.116 -1.226 -1.248 -1.158 -1.18 -1.25 -1.208 -1.21 -1.308 -1.206 -1.164 -1.246 -1.263 -1.181 -1.295 -1.221 -1.162 -1.14 -1.23
-0.938 -0.89 -0.892 -0.932 -0.953 -0.996 -0.922 -1.051 -1.054 -1.011 -0.914 -1.013 -0.975 -1.025 -0.988 -0.971 -0.986 -0.883 -1.012 -0.96 -0.995 -1.04 -1.091 -1.068 -1.042 -0.976 -1.005 -0.982 -1.008 -1.027 -1.127 -1.084 -1.06 -1.034 -1.027 -1.068 -1.001 -1.034 -1.074 -1.104 -1.084 -1.103 -1.11 -1.079 -1.145 -1.047 -1.133 -1.133 -1.18 -1.15 -1.082 -1.159 -1.075 -1.156 -1.139 -1.238 -1.231 -1.171 -1.203 -1.215 -1.206 -1.174 -1.154 -1.205 -1.238 -1.27 -1.231 -1.262 -1.252 -1.205 -1.282 -1.222
-0.934 -0.967 -0.862 -0.868 -0.911 -0.938 -0.899 -1.024 -1.036 -0.96 -0.965 -0.994 -0.971 -0.967 -0.882 -0.983 -0.911 -0.902 -0.962 -0.979 -0.989 -1.036 -0.974 -0.974 -1.01 -1.019 -0.997 -0.94 -0.979 -0.976 -1.031 -0.996 -1.008 -0.995 -1.055 -1.031 -1.071 -1.004 -1.065 -1.1 -1.053 -0.995 -1.052 -1.137 -1.118 -1.069 -1.143 -1.172 -1.167 -1.08 -1.125 -1.128 -1.104 -1.165 -1.16 -1.14 -1.261 -1.208 -1.136 -1.157 -1.167 -1.205 -1.21 -1.233 -1.239 -1.211 -1.217 -1.25 -1.201 -1.285 -1.25 -1.224
-0.943 -0.935 -0.93 -0.998 -1.038 -0.969 -0.898 -0.978 -0.944 -0.958 -0.979 -0.985 -0.921 -0.953 -0.894 -0.968 -0.968 -0.953 -1.036 -0.988 -0.949 -0.933 -1.045 -1.015 -1.004 -0.968 -1.014 -1.032 -0.951 -1.015 -1.031 -1.058 -1.044 -1.017 -1.063 -1.07 -1.045 -1.068 -1.086 -1 -1.04 -1.069 -1.042 -1.134 -1.055 -1.108 -1.139 -1.091 -1.163 -1.072 -1.207 -1.167 -1.158 -1.16 -1.167 -1.215 -1.186 -1.141 -1.183 -1.224 -1.163 -1.15 -1.13 -1.217 -1.21 -1.161 -1.242 -1.223 -1.126 -1.271 -1.228 -1.274
-0.942 -0.909 -0.936 -1.006 -1.022 -0.997 -0.973 -1.001 -0.973 -0.941 -1.011 -1.017 -1.023 -0.993 -0.951 -0.924 -0.992 -0.991 -1.017 -0.959 -0.933 -0.971 -1.016 -0.992 -1.033 -0.942 -1.068 -0.98 -1.054 -1.004 -0.993 -0.987 -1.052 -1.07 -0.986 -1.074 -1.039 -1.097 -1.023 -1.089 -1.056 -1.052 -1.106 -1.112 -1.08 -1.055 -1.067 -1.111 -1.061 -1.128 -1.12 -1.141 -1.188 -1.142 -1.167 -1.166 -1.204 -1.136 -1.178 -1.198 -1.132 -1.18 -1.181 -1.179 -1.223 -1.2 -1.247 -1.219 -1.128 -1.25 -1.276 -1.138
-0.905 -0.963 -0.976 -0.988 -0.967 -0.935 -0.941 -0.886 -0.979 -0.923 -0.987 -0.961 -0.935 -0.957 -0.979 -0.895 -0.895 -0.992 -1.04 -0.998 -0.993 -0.996 -1.037 -0.997 -1.028 -0.985 -0.94 -1.029 -0.965 -1.061 -1.037 -0.991 -1.053 -1.04 -1.099 -1.012 -0.992 -0.98 -1.026 -1.144 -1.035 -1.054 -1.072 -1.157 -1.074 -1.076 -1.096 -1.093 -1.135 -1.138 -1.105 -1.101 -1.117 -1.086 -1.103 -1.123 -1.182 -1.167 -1.108 -1.137 -1.205 -1.149 -1.174 -1.15 -1.166 -1.24 -1.18 -1.171 -1.206 -1.163 -1.26 -1.233
-0.876 -0.961 -0.95 -0.984 -0.98 -0.881 -0.87 -0.932 -0.936 -0.929 -0.926 -0.937 -0.986 -0.939 -1.057 -0.974 -0.842 -0.894 -1.047 -0.999 -0.943 -0.99 -0.955 -0.956 -1.014 -1.019 -0.971 -0.976 -0.949 -1.011 -1.004 -1.007 -1.095 -0.979 -0.915 -1.072 -1.075 -0.999 -1.147 -1.016 -0.943 -1.022 -1.03 -1.094 -1.053 -1.059 -1.073 -1.085 -1.14 -1.105 -1.054 -1.074 -1.073 -1.077 -1.167 -1.174 -1.054 -1.091 -1.189 -1.189 -1.156 -1.247 -1.177 -1.191 -1.178 -1.243 -1.184 -1.281 -1.195 -1.226 -1.228 -1.248
-0.948 -0.946 -0.881 -0.963 -0.955 -0.923 -0.878 -1.005 -0.972 -0.86 -1.019 -0.948 -0.973 -0.915 -0.979 -0.975 -1.006 -0.989 -0.944 -0.906 -0.97 -0.977 -1.004 -0.939 -0.999 -1.007 -1.005 -1.037 -1.096 -0.918 -0.97 -0.98 -1.091 -1.077 -1.026 -0.98 -1.022 -1.01 -1.113 -1.045 -1.001 -1.034 -1.099 -1.033 -1.155 -1.136 -1.089 -1.068 -1.103 -1.12 -1.068 -1.143 -1.085 -1.078 -1.133 -1.236 -1.089 -1.103 -1.147 -1.153 -1.166 -1.216 -1.21 -1.158 -1.196 -1.17 -1.203 -1.196 -1.209 -1.292 -1.241 -1.226
-0.976 -0.904 -0.904 -0.935 -0.99 -0.941 -0.969 -0.999 -0.89 -0.882 -0.993 -0.99 -0.891 -0.922 -0.947 -1.035 -1.019 -0.906 -1.03 -1.017 -0.946 -1.082 -0.943 -1.051 -1.055 -1.014 -0.968 -1.049 -0.994 -0.97 -0.897 -1.046 -1.029 -1.139 -1.06 -1.104 -1.037 -1.022 -0.981 -1.107 -1.073 -1.085 -1.013 -1.16 -1.141 -1.092 -1.056 -1.109 -1.132 -1.178 -1.049 -1.101 -1.085 -1.092 -1.127 -1.211 -1.173 -1.15 -1.153 -1.113 -1.187 -1.191 -1.108 -1.175 -1.125 -1.154 -1.158 -1.15 -1.169 -1.24 -1.091 -1.264
-0.886 -0.932 -0.876 -0.911 -0.898 -0.927 -0.974 -1.004 -0.986 -0.92 -0.979 -0.953 -0.908 -0.934 -0.89 -0.94 -0.997 -0.973 -1.083 -1.012 -0.929 -1.009 -1.043 -1.027 -0.973 -0.931 -1.008 -1.016 -1.02 -1.054 -0.998 -0.974 -0.961 -0.999 -1.073 -1.056 -1.035 -1.089 -1.058 -1.063 -1.056 -1.047 -0.985 -1.055 -1.001 -1.02 -1.081 -1.058 -1.062 -1.087 -1.094 -1.066 -1.106 -1.105 -1.103 -1.028 -1.183 -1.117 -1.159 -1.129 -1.124 -1.112 -1.187 -1.089 -1.163 -1.184 -1.187 -1.129 -1.211 -1.235 -1.131 -1.113
-0.927 -0.983 -0.912 -0.953 -0.904 -0.966 -0.932 -0.937 -0.98 -0.968 -0.93 -0.963 -0.943 -0.963 -0.979 -0.948 -1.024 -1.023 -0.968 -0.906 -0.954 -0.892 -0.981 -1.017 -1.03 -0.959 -1.032 -0.943 -0.972 -1.019 -1.057 -1.001 -1.074 -0.95 -0.94 -1.032 -1.013 -1.084 -1.05 -1.056 -1.042 -0.987 -0.95 -1.024 -1.076 -1.012 -1.085 -1.067 -1.047 -1.089 -1.058 -1.006 -1.025 -1.098 -1.139 -1.088 -1.144 -1.053 -1.13 -1.109 -1.195 -1.05 -1.117 -1.136 -1.091 -1.167 -1.173 -1.121 -1.127 -1.067 -1.121 -1.194
-0.905 -0.933 -0.905 -0.897 -0.893 -0.968 -0.935 -0.938 -0.961 -0.909 -0.946 -0.933 -0.909 -0.863 -0.992 -0.988 -1.026 -0.977 -1.007 -1.061 -0.997 -0.972 -0.972 -0.959 -0.976 -0.966 -1.02 -0.983 -0.993 -0.975 -1.023 -1.046 -1.023 -1.01 -0.932 -0.918 -0.894 -1.03 -1.029 -1.05 -1.043 -1.029 -1.044 -1.044 -1.168 -1.068 -1.127 -1.053 -1.065 -1.061 -1.073 -1.029 -1.069 -1.014 -0.991 -1.109 -1.139 -1.024 -1.074 -1.146 -1.181 -1.121 -1.109 -1.167 -1.142 -1.101 -1.095 -1.084 -1.134 -1.17 -1.191 -1.174
-0.921 -0.94 -0.928 -0.928 -0.956 -0.967 -0.955 -0.906 -0.91 -0.962 -0.953 -0.921 -0.922 -0.908 -0.818 -0.941 -1.044 -0.98 -0.958 -0.957 -0.933 -0.928 -1.007 -0.994 -0.893 -0.996 -0.964 -1.058 -0.989 -1.028 -1.038 -1.077 -1.01 -0.987 -1.002 -0.981 -0.967 -0.998 -1.005 -1.035 -1.082 -1.087 -1.035 -1.071 -1.042 -1.101 -1.084 -1.083 -1.058 -1.108 -1.086 -1.094 -1.052 -1.146 -1.087 -1.055 -1.054 -1.155 -1.126 -1.175 -1.061 -1.119 -1.053 -1.079 -1.082 -1.145 -1.138 -1.137 -1.165 -1.14 -1.124 -1.117
-0.953 -0.952 -0.843 -0.884 -0.926 -0.826 -0.96 -0.902 -0.872 -0.868 -0.942 -0.93 -0.948 -0.934 -0.897 -0.908 -0.961 -0.962 -0.941 -0.99 -0.982 -0.957 -1.015 -1.019 -0.95 -0.972 -0.977 -0.958 -0.953 -0.935 -1.056 -0.938 -1.019 -0.999 -0.956 -1.026 -0.984 -0.956 -0.951 -0.943 -1.042 -1.007 -1.028 -1.049 -1.017 -1.078 -1.004 -0.944 -1.116 -1.124 -1.013 -0.999 -1.055 -1.055 -0.995 -1.041 -1.075 -1.128 -1.088 -1.048 -1.155 -1.058 -1.147 -1.119 -1.094 -1.11 -1.153 -1.154 -1.132 -1.144 -1.126 -1.218
-0.862 -0.936 -0.937 -0.944 -0.942 -0.965 -0.921 -0.901 -0.86 -0.943 -1.013 -0.934 -0.883 -0.948 -0.954 -0.889 -0.946 -0.939 -0.927 -0.981 -0.917 -0.884 -0.936 -0.995 -1.028 -0.966 -0.958 -1.074 -1.044 -0.99 -1.016 -1.079 -1.047 -1.007 -0.998 -1.011 -1.013 -0.981 -1.018 -1.06 -1.06 -1.113 -1.065 -1.053 -1.081 -0.995 -1.01 -1.054 -1.108 -1.033 -1.004 -1.028 -1.049 -1.09 -1.039 -1.145 -1.13 -1.093 -1.048 -1.06 -1.135 -1.136 -1.115 -1.053 -1.112 -1.122 -1.138 -1.12 -1.23 -1.129 -1.121 -1.138
-0.877 -0.926 -0.797 -0.882 -0.884 -0.9 -0.927 -0.934 -0.917 -0.904 -0.946 -0.917 -0.949 -0.913 -0.958 -0.941 -0.973 -0.939 -0.971 -0.928 -1.021 -0.928 -0.925 -0.977 -0.947 -0.971 -0.979 -0.913 -0.952 -0.901 -0.967 -1.056 -1.083 -0.98 -1.01 -1.028 -0.879 -1.004 -1.018 -1.046 -1.035 -1.053 -1.072 -1.062 -1.039 -1.038 -1.041 -1.035 -1.04 -1.063 -1.129 -1.088 -1.006 -1.075 -1.038 -1.137 -1.121 -1.133 -1.114 -1.106 -1.036 -1.021 -1.119 -1.133 -1.143 -1.113 -1.147 -1.145 -1.131 -1.252 -1.143 -1.178
-0.913 -0.874 -0.897 -0.91 -0.88 -0.892 -0.957 -0.898 -0.937 -0.908 -0.882 -0.962 -0.893 -0.988 -0.907 -1.017 -0.984 -0.932 -0.955 -0.931 -0.977 -0.92 -0.912 -0.987 -0.949 -0.935 -0.966 -0.972 -1 -0.969 -0.967 -0.973 -1.08 -1.012 -0.999 -0.966 -1.013 -0.916 -1.004 -1.008 -1.061 -1.064 -0.993 -1.044 -1.049 -1.041 -1.086 -1.025 -1.022 -1.082 -1.089 -0.928 -1.043 -1.081 -1.059 -1.044 -1.049 -1.013 -1.1 -1.144 -1.138 -1.094 -1.05 -1.123 -1.151 -1.084 -1.107 -1.152 -1.124 -1.168 -1.18 -1.161
-0.882 -0.822 -0.902 -0.927 -0.914 -0.915 -0.915 -0.977 -0.893 -0.957 -0.918 -0.964 -0.881 -0.927 -0.97 -0.878 -1.009 -0.929 -0.905 -0.874 -0.994 -0.949 -0.955 -1.027 -0.986 -0.911 -0.974 -1.017 -0.933 -0.973 -0.945 -0.981 -0.961 -1.054 -1.026 -1.015 -0.968 -1.028 -1.012 -0.987 -1.004 -1.109 -1.055 -1.031 -1.041 -1.061 -1.048 -1.045 -1.098 -1.08 -1.031 -1.041 -1.085 -1.048 -1.06 -1.047 -1.043 -1.053 -1.097 -1.048 -1.052 -1.126 -1.114 -1.149 -1.106 -1.083 -1.114 -1.149 -1.077 -1.113 -1.111 -1.096
-0.883 -0.861 -0.819 -0.874 -0.944 -0.899 -0.805 -0.954 -0.893 -0.889 -0.969 -0.86 -0.964 -0.916 -1.007 -1.024 -0.986 -0.955 -0.907 -0.928 -1.03 -0.969 -0.938 -0.926 -0.986 -0.901 -0.943 -1.002 -0.994 -1.018 -0.997 -0.969 -0.988 -0.97 -1.016 -1.002 -1.029 -0.988 -1.032 -1.022 -1.084 -1.037 -0.967 -1.024 -0.912 -0.962 -1.011 -1.056 -0.972 -1.026 -0.977 -1.083 -1.025 -1.103 -1.091 -1.034 -1.098 -1.062 -1.087 -1.086 -1.073 -1.196 -1.168 -1.155 -1.129 -1.117 -1.057 -1.096 -1.165 -1.109 -1.157 -1.033
-0.851 -0.837 -0.875 -0.893 -0.942 -0.91 -0.918 -0.944 -0.936 -0.87 -0.829 -0.842 -0.914 -0.973 -0.923 -0.881 -0.975 -0.988 -0.921 -0.898 -0.917 -0.93 -0.939 -1.001 -0.962 -0.915 -0.931 -0.986 -0.961 -0.993 -0.937 -0.875 -0.988 -0.97 -0.964 -1.033 -1.06 -1.019 -1.028 -1.051 -1.047 -1.031 -1.038 -1.02 -1 -1.04 -1.015 -1.04 -1.026 -1.073 -1.046 -1.117 -1.075 -1.047 -0.987 -1.044 -1.025 -1.123 -1.086 -0.997 -1.059 -1.111 -1.135 -1.133 -1.172 -1.13 -1.141 -1.119 -1.128 -1.154 -1.143 -1.126
-0.856 -0.875 -0.861 -0.848 -0.859 -0.903 -0.862 -0.877 -0.876 -0.882 -0.928 -0.926 -0.887 -0.919 -0.907 -0.959 -0.925 -0.924 -0.972 -0.916 -0.995 -0.851 -0.873 -1.001 -0.926 -0.915 -0.881 -0.966 -0.973 -0.99 -0.939 -1 -0.964 -0.964 -0.975 -1.051 -1.025 -1.011 -0.985 -1.056 -1.019 -1.01 -1.064 -1.077 -0.962 -0.986 -0.983 -1.024 -1.027 -1.021 -0.968 -1.042 -1.094 -1.027 -1.003 -1.036 -1.031 -1.056 -1.072 -1.033 -1.049 -1.007 -1.083 -1.132 -0.954 -1.127 -1.152 -1.146 -1.087 -1.024 -1.118 -1.099
-0.911 -0.898 -0.923 -0.811 -0.819 -0.791 -0.874 -0.786 -0.905 -0.844 -0.831 -0.877 -0.873 -0.851 -0.849 -0.897 -0.926 -0.917 -0.908 -0.894 -0.928 -0.907 -0.917 -0.958 -0.896 -0.961 -0.987 -0.973 -0.949 -0.877 -0.992 -0.888 -0.961 -0.996 -1.015 -0.965 -0.98 -1.027 -0.937 -1.019 -1.031 -0.938 -0.985 -1.091 -1.04 -0.955 -1.08 -1.012 -1.019 -0.928 -1.022 -0.963 -1.045 -1.038 -1.034 -1.096 -1.068 -1.063 -1.122 -0.957 -1.095 -1.092 -1.027 -1.116 -1.151 -1.07 -1.041 -1.056 -1.068 -1.078 -1.046 -1.096
-0.789 -0.857 -0.883 -0.86 -0.879 -0.906 -0.96 -0.919 -0.877 -0.864 -0.959 -0.929 -0.892 -0.904 -0.939 -0.92 -0.934 -0.879 -0.952 -0.807 -0.923 -0.934 -0.906 -0.926 -0.987 -0.997 -0.898 -0.964 -0.884 -0.964 -0.974 -0.96 -0.954 -0.95 -0.978 -0.951 -0.925 -0.916 -0.966 -1.004 -1.006 -1.002 -0.984 -1.073 -1.034 -1.067 -1.074 -1.038 -1.076 -1.063 -0.983 -1.056 -1.049 -1.14 -1.015 -1.023 -1.04 -1.087 -1.094 -1.048 -1.06 -1.115 -1.033 -1.031 -1.037 -1.07 -1.128 -1.063 -1.106 -1.107 -1.155 -1.126
-0.817 -0.823 -0.831 -0.805 -0.809 -0.841 -0.946 -0.907 -0.801 -0.865 -0.919 -0.925 -0.885 -0.888 -0.912 -0.883 -0.855 -0.921 -0.86 -0.91 -0.83 -0.889 -0.915 -0.891 -0.928 -0.959 -0.96 -0.893 -0.887 -0.959 -0.991 -0.92 -0.946 -1.064 -1.046 -0.932 -0.939 -0.931 -1.005 -0.955 -1.018 -0.946 -0.991 -1.032 -1.046 -1.022 -0.986 -1.011 -1.014 -1.063 -1.035 -1.031 -1.07 -1.095 -1.118 -1.055 -1.032 -1.085 -1.161 -1.127 -1.025 -1.152 -1.082 -1.044 -1.073 -1.066 -1.104 -1.035 -1.071 -1.106 -1.131 -1.183
-0.87 -0.83 -0.803 -0.822 -0.784 -0.834 -0.853 -0.853 -0.808 -0.794 -0.837 -0.964 -0.918 -0.898 -0.913 -0.91 -0.831 -0.893 -0.887 -0.898 -0.808 -0.854 -0.958 -0.898 -0.953 -0.914 -0.982 -0.886 -0.99 -0.948 -0.972 -0.944 -0.98 -0.894 -0.959 -1.007 -0.862 -0.965 -1.051 -1.01 -0.942 -0.984 -0.99 -0.977 -0.993 -1.063 -0.982 -1.05 -1.004 -1.052 -1.057 -1.03 -1.018 -1.016 -1.079 -1.015 -0.916 -1.01 -1.139 -1.138 -1.095 -1.032 -1.124 -1.128 -1.096 -1.054 -1.056 -1.093 -1.062 -1.094 -1.138 -1.13
-0.801 -0.85 -0.801 -0.888 -0.794 -0.823 -0.823 -0.89 -0.869 -0.795 -0.805 -0.858 -0.893 -0.886 -0.886 -0.922 -0.881 -0.89 -0.861 -0.881 -0.882 -0.939 -0.95 -0.917 -0.865 -0.902 -0.9 -0.925 -0.944 -0.943 -0.965 -0.98 -0.919 -0.932 -0.975 -0.989 -0.884 -0.893 -1.017 -1.009 -0.996 -1.006 -0.953 -1.005 -0.993 -0.986 -1.01 -1.065 -1.064 -1.054 -0.994 -0.995 -1.019 -1.013 -1.06 -1.022 -1.013 -1.017 -1.027 -1.027 -1.107 -1.071 -1.02 -1.134 -1.136 -0.96 -1.092 -1.025 -1.08 -1.084 -1.13 -1.029
-0.831 -0.821 -0.838 -0.847 -0.776 -0.767 -0.788 -0.851 -0.819 -0.852 -0.835 -0.896 -0.911 -0.876 -0.939 -0.863 -0.919 -0.912 -0.856 -0.857 -0.926 -0.888 -0.925 -0.877 -0.913 -0.89 -0.919 -0.874 -0.924 -0.947 -0.977 -1.008 -0.985 -0.911 -0.991 -0.959 -0.913 -0.907 -0.971 -1.006 -1.04 -1.021 -0.984 -1.017 -0.946 -1.01 -0.953 -1.033 -0.989 -1.047 -1.053 -1.017 -0.974 -1.018 -1.028 -1.072 -1.04 -1.033 -1.068 -1.065 -1.06 -1.055 -1.031 -1.07 -1.118 -1.05 -1.02 -1.107 -1.049 -1.109 -1.095 -1.113
-0.876 -0.865 -0.872 -0.804 -0.819 -0.833 -0.88 -0.862 -0.84 -0.878 -0.855 -0.84 -0.782 -0.884 -0.925 -0.931 -0.905 -0.841 -0.966 -0.865 -0.873 -0.847 -0.875 -0.874 -0.792 -0.826 -0.887 -0.937 -0.94 -0.95 -0.923 -0.949 -0.927 -1.028 -0.978 -1.003 -0.958 -0.984 -0.976 -0.969 -1.055 -1.021 -1.037 -0.999 -0.979 -0.974 -0.954 -0.999 -0.961 -1 -1.011 -0.974 -1.027 -1.002 -1.034 -1.093 -1.033 -1.037 -0.99 -0.97 -1.061 -1.044 -0.964 -1.018 -1.104 -1.099 -1.143 -1.085 -1.017 -1.085 -1.11 -1.131
-0.818 -0.853 -0.839 -0.86 -0.822 -0.796 -0.8 -0.82 -0.83 -0.803 -0.88 -0.789 -0.837 -0.893 -0.885 -0.91 -0.892 -0.908 -0.886 -0.892 -0.9 -0.924 -0.949 -0.925 -0.898 -0.931 -0.806 -0.92 -0.968 -0.948 -0.895 -0.931 -0.92 -0.954 -0.938 -0.961 -0.881 -1.002 -0.962 -0.956 -0.979 -0.965 -0.987 -1.058 -1.072 -0.986 -1.007 -0.978 -0.992 -0.927 -0.975 -1.006 -0.977 -0.954 -1.063 -0.974 -0.985 -1.011 -1.001 -1.054 -1.079 -1.057 -0.971 -1.064 -1.037 -1.077 -1.076 -1.05 -1.069 -1.08 -0.983 -1.096
-0.744 -0.848 -0.807 -0.847 -0.848 -0.857 -0.788 -0.885 -0.907 -0.826 -0.799 -0.885 -0.833 -0.835 -0.847 -0.813 -0.89 -0.863 -0.939 -0.842 -0.914 -0.883 -0.907 -0.948 -0.955 -0.927 -0.935 -0.928 -0.95 -0.94 -0.892 -0.845 -0.934 -0.94 -0.962 -0.97 -0.974 -0.915 -0.956 -0.985 -0.889 -0.978 -0.98 -0.966 -0.97 -1.03 -0.949 -1.013 -0.897 -0.946 -1.005 -1.019 -1.002 -0.989 -1.031 -1.045 -1.027 -1.044 -1.042 -0.993 -1.113 -1.047 -1.035 -1.042 -1.012 -1.112 -1.061 -1.115 -1.068 -1.123 -1.115 -1.109
-0.823 -0.777 -0.872 -0.806 -0.8 -0.811 -0.877 -0.82 -0.901 -0.802 -0.84 -0.783 -0.798 -0.819 -0.837 -0.909 -0.902 -0.828 -0.874 -0.959 -0.918 -0.96 -0.866 -0.895 -0.907 -1.015 -0.954 -0.867 -0.903 -0.914 -0.943 -0.867 -0.995 -0.963 -0.92 -0.879 -0.91 -0.987 -0.925 -0.939 -0.96 -0.952 -0.928 -0.963 -1.075 -1.087 -0.976 -0.974 -1.01 -0.946 -1.008 -1.014 -1.044 -0.999 -1.02 -1.083 -1.045 -1.034 -1.021 -0.981 -1.024 -1.084 -1.071 -1.027 -1 -0.964 -1.071 -1.042 -1.046 -1.034 -1.044 -1.03
-0.861 -0.779 -0.771 -0.797 -0.786 -0.854 -0.747 -0.801 -0.896 -0.78 -0.896 -0.768 -0.861 -0.784 -0.772 -0.82 -0.818 -0.882 -0.922 -0.921 -0.879 -0.898 -0.905 -0.869 -0.844 -0.942 -0.956 -0.898 -0.921 -0.924 -0.912 -1.011 -0.922 -0.954 -0.902 -0.892 -0.996 -0.988 -0.894 -0.891 -0.962 -0.907 -0.942 -0.941 -0.979 -1.041 -0.943 -0.953 -0.888 -0.975 -0.977 -0.998 -1.01 -0.974 -1.026 -1.048 -0.99 -1.017 -1.005 -0.92 -0.989 -1.01 -0.987 -1.044 -0.953 -1.019 -1.04 -1.021 -1.052 -1.107 -1.04 -1.067
