All_lidar/sz6190_DSM_2M.asc
ncols 500
nrows 500
xllcorner    461000
yllcorner    90000
cellsize     2
NODATA_value -9999
[rows 64 to 95 of 500, columns 0 to 70 of 500]
35.436 35.569 35.711 35.861 36.003 36.113 36.241 36.431 37.444 37.871 37.081 39.091 39.478 40.093 39.811 40.046 41.321 43.263 40.076 40.918 38.633 38.566 39.148 39.036 38.743 39.371 39.588 39.416 39.113 39.106 39.223 39.233 39.328 39.401 39.518 39.633 39.736 39.853 39.951 40.006 40.121 40.233 40.323 40.371 40.441 40.513 40.569 40.641 40.671 40.758 40.846 40.906 40.959 40.974 41.029 41.094 41.176 41.214 41.291 41.341 41.411 41.444 41.516 41.531 41.591 41.606 41.611 41.659 41.726 41.734 41.769
35.593 35.708 35.821 35.968 36.123 36.243 36.403 36.718 38.893 36.906 39.286 38.646 39.683 39.726 38.366 38.476 38.151 39.018 39.321 38.706 38.563 38.706 38.731 38.808 38.806 39.308 40.348 38.733 39.226 39.218 39.264 39.346 39.421 39.523 39.631 39.741 39.848 39.958 40.043 40.121 40.206 40.296 40.406 40.458 40.511 40.576 40.678 40.688 40.751 40.826 40.921 40.966 40.991 41.024 41.091 41.176 41.254 41.311 41.371 41.431 41.466 41.529 41.579 41.609 41.656 41.661 41.679 41.714 41.784 41.769 41.836
35.683 35.831 35.938 36.093 36.223 36.378 36.723 38.031 39.138 37.266 38.078 37.953 38.221 38.713 37.633 38.441 38.358 38.356 38.293 38.508 38.651 38.819 38.868 39.653 39.053 39.066 39.003 38.963 39.348 39.286 39.346 39.431 39.516 39.624 39.716 39.841 39.963 40.081 40.133 40.203 40.283 40.396 40.473 40.508 40.561 40.658 40.733 40.768 40.828 40.906 40.984 41.024 41.071 41.111 41.179 41.244 41.304 41.354 41.411 41.469 41.521 41.571 41.626 41.666 41.719 41.719 41.729 41.776 41.824 41.864 41.889
35.796 35.906 36.103 36.253 36.366 36.453 37.311 37.883 37.283 37.361 37.491 39.191 37.621 37.626 38.583 38.931 39.458 38.183 38.421 39.088 38.693 38.763 38.878 39.153 38.961 39.193 39.176 39.258 39.311 39.373 39.423 39.523 39.586 39.686 39.788 39.938 40.056 40.181 40.221 40.306 40.383 40.476 40.536 40.591 40.646 40.736 40.808 40.846 40.883 40.983 41.051 41.094 41.144 41.176 41.276 41.339 41.369 41.414 41.459 41.536 41.614 41.669 41.684 41.716 41.746 41.789 41.809 41.841 41.886 41.921 41.969
35.918 36.078 36.238 36.336 36.483 36.868 36.781 37.569 37.361 37.546 37.618 38.993 37.611 37.688 38.531 44.131 40.591 38.316 40.281 45.428 40.081 38.886 39.066 38.853 38.978 38.921 38.773 39.416 39.358 39.398 39.413 39.583 39.656 39.758 39.876 40.001 40.126 40.228 40.286 40.391 40.476 40.563 40.618 40.673 40.748 40.828 40.873 40.933 40.971 41.058 41.119 41.156 41.221 41.249 41.311 41.411 41.454 41.491 41.561 41.606 41.669 41.711 41.751 41.799 41.819 41.841 41.859 41.924 41.956 41.989 42.029
36.058 36.241 36.323 36.416 43.051 43.401 38.378 46.476 46.881 41.338 37.758 37.698 37.713 38.028 38.743 38.171 38.198 38.438 38.576 41.808 42.233 38.806 38.941 38.911 39.061 39.233 39.558 39.553 39.421 39.456 39.533 39.628 39.711 39.848 39.943 40.083 40.193 40.303 40.378 40.493 40.551 40.666 40.708 40.773 40.821 40.886 40.923 40.996 41.053 41.128 41.194 41.239 41.269 41.324 41.379 41.474 41.501 41.571 41.636 41.679 41.739 41.776 41.821 41.869 41.914 41.916 41.934 41.986 42.016 42.051 42.086
36.223 36.331 36.456 38.718 45.996 42.978 40.898 38.631 45.018 41.618 38.718 37.833 38.811 38.601 39.076 38.231 38.421 38.761 44.481 41.268 41.751 41.991 41.803 39.976 39.458 41.026 40.246 39.521 39.441 39.531 39.641 39.726 39.796 39.931 40.031 40.168 40.301 40.403 40.473 40.566 40.626 40.711 40.783 40.806 40.891 40.948 41.028 41.068 41.163 41.226 41.266 41.316 41.361 41.399 41.496 41.529 41.584 41.651 41.666 41.756 41.804 41.834 41.891 41.921 41.941 41.989 42.004 42.039 42.081 42.124 42.146
36.366 36.466 36.621 37.736 43.771 46.366 46.493 46.583 43.258 41.061 39.241 38.918 38.063 39.593 42.608 39.143 46.528 40.938 41.551 42.211 41.251 43.266 49.093 43.938 41.666 41.386 40.596 39.493 39.513 39.601 39.751 39.831 39.898 40.016 40.166 40.296 40.391 40.448 40.541 40.623 40.713 40.808 40.861 40.898 40.968 41.033 41.086 41.148 41.231 41.298 41.334 41.376 41.421 41.454 41.566 41.611 41.656 41.726 41.736 41.806 41.871 41.886 41.931 41.971 42.011 42.034 42.061 42.096 42.116 42.171 42.221
36.446 36.673 36.966 37.821 41.713 41.813 44.896 42.671 47.171 41.681 39.521 38.481 38.058 38.311 39.188 38.843 40.368 42.653 40.586 39.743 40.021 46.026 43.476 49.163 43.071 41.811 40.468 39.568 39.603 39.686 39.806 39.913 40.033 40.131 40.264 40.366 40.443 40.531 40.591 40.683 40.786 40.876 40.911 40.971 41.046 41.098 41.176 41.243 41.331 41.351 41.401 41.444 41.484 41.544 41.621 41.661 41.721 41.799 41.849 41.886 41.926 41.989 42.034 42.029 42.051 42.084 42.116 42.144 42.169 42.209 42.271
36.603 38.496 38.773 37.323 38.986 38.913 42.486 43.526 44.071 40.641 39.753 39.206 38.503 38.373 38.618 38.911 39.171 39.681 39.221 38.998 42.333 43.898 40.991 43.331 42.056 41.556 40.153 39.718 39.686 39.768 39.893 40.011 40.173 40.266 40.376 40.411 40.503 40.588 40.658 40.731 40.846 40.916 40.963 41.018 41.121 41.148 41.238 41.303 41.361 41.411 41.471 41.511 41.574 41.639 41.699 41.751 41.804 41.834 41.894 41.961 41.989 42.031 42.076 42.096 42.129 42.131 42.199 42.209 42.234 42.286 42.339
37.688 38.253 38.396 38.681 41.136 42.571 39.093 39.511 40.258 40.406 39.406 38.558 38.563 38.526 40.346 39.194 43.478 39.218 39.208 39.191 39.263 39.301 39.658 39.738 39.906 40.178 39.916 39.721 39.761 39.843 39.978 40.061 40.236 40.351 40.433 40.511 40.581 40.638 40.751 40.821 40.921 40.961 41.051 41.081 41.183 41.238 41.288 41.371 41.408 41.493 41.576 41.584 41.659 41.726 41.789 41.814 41.891 41.906 41.974 42.036 42.061 42.096 42.111 42.141 42.179 42.191 42.229 42.259 42.299 42.349 42.409
39.313 38.986 39.101 39.803 39.891 40.116 39.716 40.733 40.446 40.353 38.736 38.523 38.776 39.728 40.418 39.393 39.511 39.323 39.406 39.286 39.258 39.903 40.691 40.361 41.941 40.386 39.818 39.751 39.823 39.908 40.028 40.118 40.263 40.396 40.526 40.581 40.626 40.731 40.806 40.918 40.976 41.031 41.086 41.153 41.223 41.276 41.348 41.436 41.501 41.543 41.614 41.651 41.719 41.791 41.849 41.894 41.959 41.984 42.034 42.076 42.111 42.131 42.184 42.216 42.226 42.249 42.271 42.306 42.364 42.369 42.436
40.656 40.048 41.881 40.786 39.473 42.133 40.108 40.433 39.981 38.764 38.658 38.851 40.908 39.516 40.073 40.306 39.958 39.363 39.378 39.378 39.488 40.213 39.691 39.891 41.206 40.276 39.978 39.826 39.876 39.976 40.081 40.191 40.328 40.483 40.586 40.653 40.723 40.821 40.898 40.991 41.061 41.071 41.158 41.233 41.291 41.333 41.408 41.478 41.561 41.608 41.654 41.721 41.791 41.851 41.916 41.964 42.001 42.051 42.106 42.129 42.176 42.211 42.244 42.284 42.286 42.321 42.319 42.356 42.419 42.459 42.496
40.996 41.178 42.433 41.548 39.313 39.101 39.053 38.861 38.483 38.531 39.643 39.501 41.968 41.696 39.901 39.671 40.426 40.056 40.118 40.183 40.578 44.633 41.858 40.378 40.778 40.778 39.968 39.946 39.963 40.083 40.151 40.281 40.431 40.566 40.663 40.751 40.818 40.876 40.983 41.046 41.106 41.143 41.243 41.273 41.338 41.398 41.453 41.563 41.623 41.648 41.689 41.799 41.854 41.899 41.986 42.041 42.066 42.116 42.151 42.194 42.221 42.244 42.294 42.326 42.329 42.341 42.359 42.409 42.464 42.521 42.561
42.076 41.683 42.491 42.646 39.908 39.023 38.631 38.746 38.389 38.526 38.853 39.363 39.523 39.793 40.041 43.991 43.531 41.383 41.831 40.453 39.968 43.761 42.348 45.116 43.903 40.608 39.951 39.971 40.018 40.148 40.236 40.381 40.518 40.639 40.736 40.811 40.893 40.968 41.033 41.106 41.201 41.243 41.281 41.326 41.398 41.448 41.523 41.588 41.686 41.691 41.754 41.831 41.881 41.974 42.021 42.099 42.126 42.149 42.196 42.236 42.246 42.286 42.329 42.389 42.389 42.389 42.396 42.464 42.499 42.571 42.589
40.748 41.718 41.411 42.936 40.833 39.356 38.583 38.838 38.503 38.673 39.326 43.768 39.401 40.023 40.261 41.941 43.088 41.546 44.453 43.896 39.946 41.418 41.966 42.538 42.546 40.336 39.953 40.013 40.096 40.223 40.328 40.471 40.601 40.741 40.801 40.893 40.971 41.031 41.126 41.228 41.246 41.296 41.348 41.403 41.456 41.536 41.603 41.639 41.731 41.741 41.804 41.861 41.951 41.986 42.044 42.099 42.174 42.204 42.231 42.279 42.306 42.356 42.389 42.416 42.436 42.441 42.474 42.516 42.569 42.619 42.649
41.566 42.801 40.706 42.181 42.563 39.768 40.873 42.696 42.186 38.788 42.888 43.566 41.006 39.958 39.636 39.681 40.076 40.976 43.196 43.041 39.953 41.091 40.958 40.639 41.078 40.198 40.031 40.083 40.213 40.311 40.408 40.576 40.686 40.798 40.876 40.956 41.053 41.136 41.201 41.253 41.313 41.356 41.433 41.506 41.533 41.616 41.673 41.748 41.773 41.803 41.866 41.946 41.981 42.021 42.094 42.141 42.186 42.239 42.281 42.306 42.361 42.419 42.456 42.436 42.466 42.499 42.526 42.589 42.614 42.666 42.689
42.528 43.423 42.191 43.471 41.553 41.118 41.391 41.573 44.153 39.816 42.056 42.146 39.718 40.446 40.273 40.338 39.803 39.923 39.696 39.651 39.728 41.751 43.058 42.146 41.478 40.256 40.113 40.161 40.288 40.376 40.511 40.651 40.781 40.878 40.978 41.053 41.148 41.223 41.293 41.338 41.366 41.403 41.499 41.578 41.613 41.673 41.731 41.788 41.838 41.861 41.934 42.006 42.031 42.091 42.141 42.159 42.229 42.299 42.296 42.351 42.391 42.456 42.466 42.501 42.534 42.551 42.571 42.616 42.669 42.699 42.746
43.113 42.343 41.996 42.273 42.601 40.778 40.663 40.893 42.288 41.153 39.678 42.071 39.546 39.298 39.653 40.761 40.303 39.916 40.263 39.731 39.751 42.051 44.041 42.643 41.061 40.203 40.181 40.241 40.346 40.453 40.591 40.723 40.863 40.958 41.061 41.148 41.216 41.283 41.353 41.403 41.471 41.503 41.581 41.618 41.651 41.711 41.776 41.831 41.878 41.898 41.966 42.044 42.111 42.156 42.201 42.224 42.281 42.329 42.334 42.379 42.434 42.491 42.524 42.536 42.556 42.591 42.629 42.681 42.716 42.766 42.796
42.776 43.313 42.711 41.573 46.508 44.663 41.393 45.766 43.943 40.281 41.108 42.556 40.373 40.299 40.016 39.473 39.653 39.853 39.993 40.233 39.791 40.008 43.651 41.961 42.493 40.458 40.253 40.318 40.431 40.531 40.653 40.818 40.953 41.026 41.111 41.218 41.306 41.378 41.438 41.451 41.516 41.583 41.636 41.706 41.728 41.781 41.808 41.888 41.923 41.943 42.021 42.101 42.139 42.206 42.249 42.251 42.301 42.354 42.376 42.439 42.481 42.521 42.566 42.594 42.614 42.624 42.684 42.721 42.771 42.806 42.839
45.386 43.306 43.703 44.766 43.848 44.278 44.476 41.133 42.738 40.053 39.941 40.543 39.416 39.566 39.523 39.518 39.786 39.758 39.868 39.983 39.906 40.841 41.543 42.346 41.136 40.293 40.321 40.423 40.546 40.641 40.771 40.918 41.053 41.124 41.188 41.301 41.391 41.443 41.526 41.531 41.578 41.643 41.708 41.766 41.766 41.828 41.866 41.943 41.973 42.008 42.084 42.154 42.194 42.259 42.291 42.304 42.341 42.404 42.429 42.481 42.559 42.606 42.601 42.631 42.664 42.661 42.714 42.771 42.816 42.854 42.869
44.131 42.311 42.723 42.361 42.206 41.621 42.998 43.103 40.713 40.016 40.011 40.488 40.201 40.416 39.573 39.661 40.086 39.866 39.928 40.021 40.016 40.818 42.111 42.523 40.673 40.356 40.411 40.476 40.613 40.728 40.891 41.021 41.108 41.196 41.281 41.393 41.458 41.503 41.581 41.603 41.666 41.711 41.771 41.801 41.843 41.903 41.958 42.008 42.013 42.086 42.139 42.214 42.236 42.304 42.351 42.369 42.416 42.454 42.484 42.526 42.611 42.651 42.651 42.689 42.706 42.719 42.799 42.834 42.856 42.906 42.921
45.183 41.708 38.918 39.543 40.128 41.838 43.913 39.578 40.341 40.961 40.943 41.553 41.746 41.041 39.713 41.928 42.776 41.748 39.981 40.036 40.071 41.356 41.168 41.603 40.421 40.436 40.496 40.586 40.676 40.836 40.978 41.128 41.198 41.276 41.358 41.471 41.556 41.581 41.623 41.683 41.758 41.776 41.833 41.871 41.903 41.963 41.991 42.058 42.091 42.121 42.176 42.246 42.291 42.334 42.371 42.426 42.489 42.521 42.559 42.576 42.649 42.714 42.706 42.714 42.766 42.776 42.869 42.879 42.889 42.954 42.956
43.206 39.831 38.636 38.736 39.026 41.516 39.701 39.676 39.533 40.006 42.063 44.078 41.701 39.913 40.603 42.041 44.368 44.071 40.081 40.066 40.406 41.761 42.518 40.921 40.436 40.533 40.603 40.728 40.808 40.961 41.081 41.228 41.298 41.336 41.436 41.546 41.598 41.671 41.703 41.741 41.801 41.868 41.906 41.946 41.973 42.021 42.063 42.121 42.123 42.191 42.261 42.299 42.334 42.394 42.436 42.484 42.546 42.574 42.596 42.671 42.734 42.744 42.756 42.794 42.799 42.839 42.911 42.931 42.976 42.989 43.011
38.633 38.648 38.701 38.788 38.951 39.331 42.436 39.421 39.583 41.066 42.611 46.976 41.398 39.931 39.936 43.698 45.506 42.183 40.163 40.208 40.266 41.421 42.353 40.851 40.531 40.608 40.693 40.831 40.928 41.051 41.171 41.291 41.363 41.423 41.528 41.606 41.668 41.738 41.793 41.806 41.858 41.911 41.958 42.016 42.043 42.066 42.143 42.161 42.208 42.243 42.311 42.349 42.384 42.436 42.476 42.544 42.591 42.629 42.659 42.721 42.779 42.781 42.789 42.829 42.861 42.894 42.949 42.981 43.029 43.034 43.066
38.773 38.736 38.778 38.903 39.353 39.218 39.791 39.783 41.661 44.246 43.428 46.343 40.611 39.893 39.888 41.531 43.786 41.351 42.376 40.863 40.396 41.043 41.496 40.601 40.598 40.696 40.808 40.913 41.021 41.171 41.283 41.351 41.438 41.518 41.613 41.706 41.753 41.816 41.871 41.876 41.938 41.978 41.991 42.061 42.091 42.141 42.163 42.213 42.266 42.306 42.336 42.421 42.459 42.506 42.534 42.626 42.674 42.681 42.689 42.784 42.799 42.861 42.859 42.871 42.904 42.949 42.989 43.019 43.076 43.086 43.126
38.816 38.891 38.998 39.738 40.831 40.308 39.866 40.166 43.201 45.581 45.848 44.811 41.921 40.106 40.003 40.958 41.901 40.736 41.316 40.673 40.376 40.858 41.016 40.608 40.698 40.761 40.889 41.003 41.136 41.283 41.378 41.418 41.501 41.586 41.686 41.764 41.823 41.863 41.913 41.951 42.003 42.026 42.073 42.111 42.131 42.193 42.218 42.273 42.316 42.371 42.429 42.481 42.526 42.551 42.611 42.656 42.706 42.731 42.759 42.854 42.884 42.909 42.884 42.934 42.954 43.021 43.019 43.066 43.114 43.144 43.186
38.941 39.051 39.178 39.218 40.573 43.471 41.569 39.593 40.626 44.101 45.401 41.603 41.058 40.238 41.043 41.501 41.316 40.376 40.578 40.403 40.458 41.053 41.139 40.648 40.748 40.853 40.976 41.101 41.231 41.348 41.418 41.471 41.573 41.651 41.731 41.768 41.868 41.903 41.956 42.023 42.066 42.096 42.111 42.151 42.193 42.238 42.288 42.323 42.378 42.444 42.489 42.541 42.604 42.611 42.689 42.741 42.766 42.786 42.849 42.919 42.959 42.971 42.939 42.959 43.014 43.049 43.084 43.124 43.144 43.194 43.214
39.091 39.171 40.076 39.423 40.836 43.666 42.378 40.058 41.508 40.668 41.086 40.681 40.014 40.036 43.323 44.198 42.353 40.556 40.998 41.101 40.953 41.421 41.076 40.748 40.803 40.951 41.043 41.181 41.313 41.438 41.478 41.533 41.646 41.731 41.793 41.853 41.906 41.956 42.041 42.069 42.131 42.143 42.163 42.201 42.241 42.306 42.343 42.363 42.431 42.496 42.559 42.621 42.669 42.674 42.726 42.801 42.819 42.849 42.906 42.954 42.976 43.004 42.994 43.026 43.069 43.106 43.126 43.181 43.181 43.236 43.289
39.231 39.243 39.346 40.521 43.646 42.608 41.513 42.343 42.866 41.401 40.183 40.061 40.098 42.946 44.553 45.048 43.951 40.626 40.606 42.216 42.006 42.283 40.883 40.841 40.886 41.036 41.153 41.278 41.406 41.508 41.553 41.638 41.718 41.781 41.868 41.921 41.966 42.026 42.073 42.118 42.178 42.201 42.216 42.258 42.303 42.368 42.408 42.426 42.491 42.576 42.639 42.684 42.709 42.731 42.819 42.844 42.874 42.929 42.969 43.014 43.066 43.029 43.041 43.076 43.151 43.164 43.196 43.214 43.251 43.276 43.329
42.956 40.366 40.918 41.531 41.678 41.328 43.803 41.416 41.271 43.553 40.188 40.101 43.236 46.593 46.278 45.731 43.393 40.663 40.528 40.786 41.761 41.878 40.851 40.906 40.991 41.118 41.253 41.356 41.498 41.558 41.581 41.696 41.801 41.856 41.926 41.983 42.021 42.063 42.108 42.156 42.206 42.228 42.276 42.293 42.351 42.403 42.428 42.483 42.553 42.628 42.679 42.731 42.764 42.791 42.884 42.944 42.926 43.006 43.041 43.076 43.089 43.091 43.101 43.151 43.186 43.184 43.236 43.279 43.286 43.321 43.366
40.718 42.248 40.416 44.296 39.701 40.696 41.893 41.898 44.563 42.453 41.366 40.266 46.451 47.038 46.866 46.843 45.533 40.528 40.591 41.298 41.893 41.636 40.911 40.968 41.051 41.181 41.338 41.456 41.571 41.616 41.666 41.758 41.826 41.913 41.978 42.021 42.051 42.098 42.128 42.213 42.249 42.266 42.311 42.333 42.393 42.443 42.481 42.553 42.621 42.681 42.744 42.779 42.834 42.884 42.944 42.981 42.994 43.056 43.104 43.139 43.159 43.144 43.161 43.194 43.236 43.251 43.289 43.304 43.346 43.389 43.409
