All_lidar/sz6186_DSM_2M.asc
ncols 500
nrows 500
xllcorner    461000
yllcorner    86000
cellsize     2
NODATA_value -9999
[rows 256 to 287 of 500, columns 72 to 143 of 500]
20.821 20.981 21.211 21.399 21.649 21.864 22.051 22.294 22.501 22.694 22.871 23.066 23.259 23.459 23.669 23.831 24.019 24.196 24.384 24.544 24.724 24.896 25.054 25.191 25.346 25.461 25.574 25.739 25.851 25.971 26.086 26.201 26.329 26.451 26.566 26.684 26.814 26.921 27.036 27.129 27.216 27.306 27.371 27.474 27.541 27.601 27.699 27.754 27.814 27.831 27.874 27.911 27.959 28.024 28.079 28.119 28.154 28.166 28.189 28.216 28.216 28.246 28.271 28.299 28.289 28.296 28.286 28.294 28.324 28.361 28.324 28.319
21.196 21.416 21.614 21.781 22.021 22.259 22.464 22.694 22.906 23.096 23.271 23.454 23.644 23.834 24.024 24.219 24.424 24.591 24.754 24.926 25.079 25.236 25.379 25.519 25.679 25.796 25.916 26.041 26.171 26.276 26.404 26.541 26.646 26.794 26.919 27.026 27.139 27.246 27.316 27.411 27.544 27.624 27.699 27.759 27.844 27.914 27.976 28.034 28.109 28.174 28.214 28.231 28.279 28.351 28.381 28.419 28.426 28.476 28.504 28.536 28.546 28.559 28.541 28.564 28.579 28.584 28.586 28.596 28.646 28.674 28.644 28.681
21.606 21.801 21.999 22.179 22.464 22.664 22.871 23.104 23.304 23.461 23.614 23.809 24.034 24.229 24.381 24.586 24.776 24.959 25.101 25.249 25.401 25.544 25.699 25.836 25.961 26.126 26.266 26.351 26.491 26.601 26.721 26.889 26.986 27.121 27.211 27.336 27.434 27.539 27.664 27.776 27.849 27.924 28.004 28.126 28.194 28.256 28.321 28.401 28.444 28.489 28.516 28.554 28.599 28.686 28.709 28.744 28.766 28.794 28.824 28.796 28.821 28.821 28.841 28.851 28.851 28.864 28.886 28.904 28.921 28.949 28.969 28.999
21.999 22.209 22.386 22.606 22.841 23.044 23.246 23.449 23.634 23.829 23.984 24.206 24.406 24.559 24.759 24.939 25.106 25.286 25.446 25.609 25.721 25.859 25.999 26.146 26.284 26.421 26.584 26.686 26.794 26.946 27.066 27.166 27.311 27.416 27.534 27.626 27.776 27.879 27.979 28.074 28.156 28.216 28.311 28.409 28.481 28.559 28.636 28.681 28.716 28.781 28.834 28.886 28.896 28.966 28.999 29.031 29.071 29.094 29.106 29.119 29.139 29.129 29.151 29.164 29.159 29.184 29.186 29.199 29.239 29.266 29.256 29.266
22.389 22.571 22.749 22.984 23.201 23.386 23.589 23.799 24.024 24.194 24.371 24.546 24.759 24.926 25.096 25.276 25.461 25.621 25.791 25.911 26.046 26.171 26.326 26.456 26.591 26.719 26.861 26.976 27.116 27.254 27.371 27.504 27.614 27.749 27.876 27.974 28.074 28.176 28.279 28.374 28.449 28.546 28.606 28.684 28.754 28.851 28.886 28.969 29.046 29.086 29.141 29.194 29.221 29.259 29.316 29.336 29.359 29.364 29.396 29.406 29.429 29.444 29.446 29.484 29.491 29.486 29.499 29.511 29.531 29.571 29.569 29.569
22.776 22.964 23.111 23.351 23.569 23.754 23.959 24.159 24.334 24.489 24.694 24.909 25.074 25.244 25.419 25.606 25.764 25.944 26.101 26.224 26.359 26.504 26.656 26.776 26.921 27.061 27.179 27.321 27.454 27.589 27.694 27.836 27.954 28.079 28.219 28.319 28.419 28.514 28.596 28.651 28.749 28.819 28.901 28.996 29.054 29.126 29.176 29.241 29.334 29.389 29.431 29.466 29.499 29.591 29.624 29.664 29.649 29.654 29.684 29.694 29.716 29.681 29.701 29.709 29.741 29.751 29.756 29.764 29.804 29.826 29.869 29.829
23.164 23.321 23.494 23.721 23.931 24.146 24.361 24.539 24.671 24.846 25.051 25.229 25.396 25.569 25.736 25.904 26.071 26.226 26.391 26.539 26.676 26.816 26.944 27.059 27.209 27.376 27.519 27.681 27.794 27.956 28.039 28.169 28.286 28.389 28.526 28.631 28.744 28.836 28.926 28.989 29.056 29.139 29.201 29.266 29.374 29.429 29.496 29.561 29.569 29.631 29.696 29.739 29.799 29.844 29.874 29.941 29.946 29.919 29.951 29.969 29.966 29.921 29.939 29.951 29.996 30.001 30.031 30.019 30.036 30.074 30.091 30.099
23.501 23.669 23.854 24.084 24.311 24.496 24.699 24.829 25.016 25.199 25.371 25.536 25.711 25.899 26.064 26.211 26.351 26.529 26.681 26.839 26.961 27.084 27.231 27.376 27.501 27.664 27.791 27.956 28.099 28.214 28.344 28.459 28.601 28.721 28.844 28.964 29.026 29.146 29.209 29.294 29.341 29.421 29.509 29.579 29.639 29.731 29.761 29.829 29.866 29.941 29.991 30.031 30.086 30.149 30.174 30.214 30.204 30.214 30.194 30.209 30.211 30.224 30.229 30.234 30.254 30.271 30.276 30.311 30.294 30.299 30.321 30.291
23.886 24.026 24.239 24.451 24.679 24.866 25.034 25.186 25.339 25.504 25.701 25.906 26.039 26.216 26.361 26.524 26.676 26.836 26.989 27.114 27.264 27.394 27.536 27.671 27.824 27.939 28.066 28.211 28.381 28.521 28.644 28.794 28.911 29.051 29.119 29.226 29.329 29.424 29.484 29.601 29.646 29.724 29.781 29.851 29.884 29.959 30.034 30.076 30.144 30.194 30.236 30.291 30.349 30.404 30.444 30.461 30.441 30.454 30.471 30.474 30.506 30.461 30.471 30.509 30.521 30.511 30.511 30.531 30.534 30.534 30.516 30.539
24.236 24.384 24.601 24.811 25.014 25.179 25.339 25.489 25.644 25.841 26.011 26.169 26.354 26.536 26.661 26.824 26.979 27.136 27.271 27.406 27.566 27.729 27.841 27.976 28.106 28.236 28.389 28.501 28.641 28.799 28.906 29.051 29.181 29.291 29.399 29.506 29.596 29.674 29.761 29.851 29.934 29.969 30.031 30.081 30.191 30.219 30.264 30.319 30.376 30.454 30.504 30.559 30.609 30.681 30.689 30.711 30.711 30.711 30.716 30.726 30.719 30.711 30.714 30.746 30.751 30.764 30.784 30.771 30.781 30.779 30.744 30.721
24.581 24.736 24.956 25.141 25.329 25.509 25.671 25.779 25.944 26.116 26.319 26.496 26.664 26.836 27.019 27.161 27.301 27.444 27.564 27.739 27.861 27.994 28.109 28.261 28.416 28.566 28.709 28.811 28.944 29.086 29.216 29.339 29.441 29.589 29.684 29.756 29.839 29.909 30.001 30.091 30.174 30.236 30.284 30.324 30.419 30.474 30.476 30.551 30.586 30.666 30.726 30.794 30.829 30.869 30.926 30.971 30.961 30.966 30.974 30.964 31.016 30.969 30.984 30.984 31.019 31.021 31.016 31.001 31.004 30.989 30.984 30.939
24.906 25.029 25.284 25.461 25.641 25.819 25.974 26.116 26.306 26.456 26.636 26.809 26.989 27.146 27.291 27.421 27.554 27.714 27.864 28.004 28.156 28.294 28.439 28.586 28.729 28.846 28.986 29.104 29.216 29.366 29.504 29.636 29.749 29.829 29.944 30.046 30.131 30.209 30.281 30.346 30.399 30.481 30.529 30.586 30.619 30.679 30.731 30.786 30.854 30.866 30.926 31.006 31.049 31.089 31.116 31.139 31.184 31.184 31.181 31.214 31.201 31.184 31.224 31.196 31.216 31.229 31.224 31.194 31.191 31.211 31.196 31.171
25.226 25.369 25.564 25.781 25.964 26.131 26.259 26.426 26.586 26.806 26.966 27.129 27.271 27.436 27.591 27.741 27.876 27.996 28.174 28.314 28.461 28.594 28.746 28.894 29.041 29.164 29.306 29.389 29.539 29.626 29.781 29.894 29.999 30.106 30.201 30.294 30.396 30.464 30.539 30.596 30.669 30.724 30.781 30.851 30.879 30.909 30.954 30.981 31.014 31.091 31.144 31.179 31.211 31.266 31.326 31.369 31.404 31.401 31.404 31.424 31.429 31.434 31.421 31.411 31.419 31.414 31.429 31.404 31.394 31.376 31.359 31.356
25.514 25.699 25.919 26.114 26.301 26.459 26.576 26.719 26.911 27.084 27.254 27.431 27.591 27.759 27.911 28.061 28.186 28.341 28.461 28.566 28.726 28.881 29.004 29.139 29.314 29.424 29.526 29.644 29.789 29.916 30.041 30.164 30.274 30.364 30.451 30.556 30.621 30.714 30.771 30.834 30.921 30.979 31.036 31.086 31.146 31.176 31.186 31.216 31.239 31.291 31.359 31.404 31.434 31.451 31.526 31.541 31.584 31.586 31.616 31.614 31.606 31.619 31.649 31.641 31.599 31.609 31.604 31.591 31.579 31.571 31.514 31.511
25.834 26.011 26.259 26.439 26.639 26.771 26.894 27.046 27.214 27.366 27.524 27.709 27.866 28.051 28.194 28.341 28.471 28.609 28.759 28.904 29.016 29.154 29.286 29.439 29.554 29.686 29.839 29.939 30.071 30.154 30.301 30.386 30.539 30.631 30.714 30.796 30.879 30.936 31.014 31.079 31.171 31.214 31.274 31.309 31.364 31.416 31.446 31.456 31.521 31.541 31.591 31.656 31.656 31.709 31.759 31.756 31.789 31.781 31.824 31.839 31.834 31.846 31.859 31.831 31.806 31.814 31.804 31.814 31.804 31.749 31.714 31.679
26.179 26.369 26.591 26.756 26.936 27.079 27.194 27.369 27.526 27.689 27.831 27.989 28.124 28.296 28.481 28.636 28.794 28.936 29.049 29.189 29.334 29.461 29.584 29.736 29.841 29.959 30.091 30.204 30.314 30.414 30.534 30.616 30.711 30.841 30.931 31.026 31.106 31.166 31.236 31.306 31.406 31.456 31.499 31.534 31.581 31.609 31.651 31.699 31.719 31.764 31.796 31.856 31.861 31.894 31.914 31.959 31.999 32.011 32.056 32.046 32.069 32.071 32.101 32.079 32.049 32.044 32.016 32.011 31.979 31.964 31.929 31.886
26.534 26.741 26.949 27.111 27.241 27.364 27.526 27.651 27.829 27.994 28.149 28.296 28.439 28.594 28.744 28.909 29.049 29.206 29.336 29.474 29.639 29.754 29.869 30.001 30.131 30.239 30.361 30.461 30.591 30.719 30.814 30.904 30.996 31.081 31.151 31.259 31.329 31.421 31.476 31.554 31.621 31.671 31.706 31.734 31.796 31.816 31.841 31.881 31.944 31.991 32.016 32.061 32.069 32.126 32.154 32.186 32.199 32.209 32.249 32.266 32.266 32.276 32.276 32.264 32.279 32.276 32.259 32.221 32.184 32.129 32.101 32.054
26.879 27.076 27.259 27.409 27.554 27.711 27.811 27.949 28.121 28.304 28.441 28.564 28.711 28.906 29.074 29.209 29.354 29.489 29.649 29.781 29.926 30.031 30.181 30.294 30.394 30.549 30.644 30.749 30.871 30.946 31.056 31.141 31.271 31.334 31.396 31.489 31.546 31.606 31.649 31.774 31.829 31.866 31.919 31.929 31.981 32.031 32.074 32.106 32.154 32.204 32.244 32.286 32.304 32.334 32.356 32.401 32.411 32.426 32.461 32.471 32.484 32.476 32.471 32.481 32.489 32.484 32.446 32.419 32.359 32.319 32.266 32.211
27.196 27.399 27.596 27.741 27.849 28.026 28.149 28.291 28.449 28.579 28.726 28.889 29.039 29.209 29.359 29.511 29.686 29.814 29.959 30.106 30.221 30.336 30.469 30.589 30.731 30.834 30.919 31.031 31.146 31.229 31.336 31.404 31.481 31.579 31.654 31.711 31.759 31.809 31.876 31.954 31.994 32.056 32.116 32.154 32.209 32.241 32.264 32.324 32.369 32.419 32.439 32.496 32.486 32.524 32.576 32.591 32.586 32.624 32.611 32.619 32.646 32.669 32.694 32.666 32.654 32.681 32.661 32.594 32.551 32.511 32.454 32.386
27.491 27.681 27.854 28.036 28.166 28.306 28.441 28.589 28.744 28.896 29.029 29.179 29.344 29.491 29.646 29.811 29.966 30.106 30.269 30.374 30.524 30.639 30.779 30.866 30.996 31.106 31.211 31.291 31.386 31.496 31.594 31.684 31.756 31.824 31.906 31.921 31.999 32.066 32.101 32.176 32.219 32.271 32.331 32.366 32.419 32.451 32.474 32.544 32.599 32.649 32.661 32.706 32.721 32.734 32.779 32.774 32.806 32.811 32.856 32.851 32.834 32.846 32.864 32.859 32.871 32.866 32.829 32.764 32.726 32.669 32.616 32.549
27.789 27.954 28.144 28.281 28.444 28.596 28.749 28.914 29.031 29.191 29.329 29.461 29.584 29.769 29.941 30.111 30.239 30.396 30.539 30.671 30.789 30.906 31.029 31.149 31.254 31.336 31.466 31.574 31.664 31.721 31.834 31.906 31.974 32.026 32.101 32.154 32.231 32.291 32.364 32.414 32.474 32.494 32.536 32.581 32.631 32.694 32.739 32.799 32.836 32.864 32.906 32.931 32.946 32.946 32.986 32.991 33.019 33.046 33.051 33.049 33.066 33.061 33.056 33.081 33.054 33.049 33.021 32.939 32.899 32.826 32.769 32.714
28.154 28.294 28.426 28.571 28.721 28.879 29.016 29.151 29.314 29.471 29.621 29.759 29.894 30.044 30.194 30.366 30.504 30.659 30.814 30.946 31.064 31.194 31.296 31.411 31.486 31.576 31.666 31.769 31.854 31.971 32.046 32.134 32.216 32.271 32.326 32.379 32.439 32.519 32.554 32.616 32.654 32.714 32.776 32.811 32.864 32.916 32.929 32.991 33.041 33.086 33.121 33.144 33.151 33.164 33.191 33.204 33.236 33.256 33.266 33.276 33.279 33.289 33.259 33.284 33.256 33.226 33.184 33.129 33.071 33.011 32.971 32.874
28.451 28.596 28.724 28.881 29.016 29.159 29.279 29.441 29.614 29.736 29.874 30.009 30.161 30.296 30.476 30.626 30.761 30.909 31.051 31.176 31.314 31.441 31.561 31.634 31.739 31.856 31.941 31.996 32.094 32.176 32.254 32.351 32.406 32.479 32.534 32.614 32.644 32.719 32.756 32.809 32.859 32.921 32.949 32.971 33.039 33.099 33.139 33.159 33.229 33.279 33.314 33.361 33.394 33.406 33.414 33.424 33.474 33.489 33.481 33.456 33.469 33.461 33.469 33.479 33.459 33.429 33.386 33.296 33.261 33.221 33.134 33.056
28.769 28.931 29.089 29.221 29.341 29.474 29.569 29.704 29.874 29.986 30.154 30.296 30.426 30.566 30.759 30.896 31.041 31.159 31.281 31.414 31.564 31.671 31.769 31.871 31.969 32.056 32.156 32.196 32.289 32.379 32.486 32.546 32.629 32.706 32.751 32.811 32.859 32.924 32.964 33.016 33.049 33.089 33.156 33.179 33.231 33.266 33.341 33.376 33.444 33.464 33.489 33.534 33.581 33.591 33.624 33.636 33.654 33.654 33.661 33.659 33.664 33.646 33.659 33.664 33.629 33.614 33.599 33.521 33.459 33.371 33.314 33.239
29.089 29.226 29.369 29.514 29.634 29.769 29.889 30.029 30.164 30.284 30.436 30.574 30.686 30.834 31.001 31.149 31.259 31.399 31.521 31.651 31.811 31.904 31.999 32.111 32.204 32.286 32.394 32.439 32.531 32.606 32.694 32.761 32.821 32.849 32.971 33.004 33.061 33.076 33.166 33.219 33.259 33.301 33.354 33.404 33.431 33.494 33.521 33.571 33.619 33.659 33.671 33.711 33.756 33.779 33.794 33.829 33.836 33.829 33.841 33.829 33.836 33.826 33.854 33.836 33.799 33.776 33.741 33.664 33.631 33.559 33.486 33.419
29.394 29.531 29.634 29.739 29.829 29.971 30.106 30.234 30.366 30.516 30.664 30.796 30.951 31.089 31.221 31.366 31.511 31.649 31.774 31.899 32.014 32.139 32.219 32.306 32.391 32.481 32.611 32.669 32.764 32.829 32.909 32.976 33.016 33.051 33.139 33.179 33.266 33.291 33.351 33.376 33.441 33.451 33.491 33.534 33.591 33.636 33.696 33.774 33.791 33.856 33.856 33.901 33.924 33.916 33.979 33.989 34.026 34.034 34.044 34.026 34.006 33.974 33.991 33.994 33.959 33.956 33.906 33.841 33.801 33.769 33.669 33.586
29.671 29.814 29.906 29.974 30.094 30.241 30.386 30.496 30.639 30.766 30.916 31.014 31.171 31.294 31.441 31.571 31.734 31.879 32.014 32.134 32.249 32.379 32.471 32.579 32.656 32.731 32.834 32.896 32.941 33.024 33.104 33.144 33.186 33.279 33.349 33.401 33.436 33.489 33.501 33.544 33.609 33.651 33.729 33.736 33.786 33.801 33.861 33.906 33.991 34.041 34.069 34.111 34.114 34.121 34.151 34.209 34.199 34.211 34.206 34.189 34.176 34.171 34.146 34.136 34.136 34.101 34.054 34.004 33.944 33.886 33.816 33.751
29.971 30.096 30.206 30.319 30.429 30.536 30.624 30.746 30.881 31.031 31.169 31.314 31.446 31.576 31.701 31.821 31.964 32.064 32.189 32.281 32.421 32.531 32.669 32.776 32.861 32.931 33.041 33.091 33.174 33.229 33.276 33.339 33.406 33.469 33.519 33.604 33.666 33.706 33.734 33.794 33.831 33.841 33.894 33.944 33.979 34.011 34.066 34.114 34.169 34.199 34.249 34.279 34.329 34.326 34.354 34.356 34.374 34.369 34.366 34.361 34.311 34.306 34.289 34.299 34.264 34.239 34.241 34.139 34.076 34.049 33.979 33.899
30.239 30.336 30.449 30.561 30.701 30.766 30.921 31.034 31.179 31.301 31.439 31.559 31.706 31.811 31.969 32.111 32.256 32.349 32.466 32.591 32.666 32.769 32.841 32.964 33.036 33.091 33.161 33.236 33.336 33.404 33.429 33.494 33.564 33.644 33.726 33.811 33.849 33.916 33.944 33.994 34.031 34.024 34.059 34.121 34.161 34.211 34.266 34.336 34.356 34.359 34.409 34.459 34.479 34.481 34.494 34.531 34.559 34.526 34.544 34.521 34.514 34.511 34.486 34.449 34.419 34.401 34.364 34.304 34.251 34.186 34.111 34.019
30.519 30.599 30.721 30.844 30.944 31.029 31.176 31.286 31.404 31.524 31.674 31.786 31.924 32.059 32.214 32.306 32.464 32.579 32.696 32.774 32.879 32.961 33.079 33.161 33.239 33.336 33.424 33.489 33.569 33.611 33.686 33.706 33.739 33.814 33.874 33.924 33.974 34.046 34.099 34.156 34.199 34.196 34.254 34.291 34.351 34.376 34.459 34.486 34.511 34.559 34.596 34.616 34.651 34.654 34.669 34.694 34.721 34.706 34.716 34.674 34.669 34.671 34.651 34.629 34.601 34.534 34.499 34.441 34.384 34.319 34.246 34.176
30.786 30.904 30.976 31.084 31.181 31.294 31.386 31.509 31.641 31.756 31.876 31.991 32.121 32.274 32.386 32.516 32.661 32.791 32.904 32.999 33.076 33.191 33.279 33.359 33.429 33.534 33.591 33.684 33.746 33.804 33.879 33.939 33.964 34.021 34.084 34.129 34.196 34.226 34.274 34.301 34.344 34.366 34.414 34.481 34.514 34.556 34.614 34.636 34.686 34.716 34.754 34.781 34.786 34.804 34.809 34.841 34.856 34.864 34.861 34.859 34.851 34.859 34.814 34.756 34.729 34.671 34.629 34.556 34.534 34.461 34.399 34.334
31.071 31.149 31.254 31.366 31.446 31.544 31.634 31.736 31.876 31.989 32.126 32.259 32.364 32.464 32.594 32.731 32.871 32.994 33.101 33.186 33.299 33.379 33.454 33.564 33.646 33.696 33.774 33.846 33.961 34.004 34.061 34.109 34.161 34.234 34.249 34.336 34.361 34.409 34.469 34.484 34.551 34.586 34.616 34.656 34.711 34.734 34.794 34.799 34.834 34.869 34.879 34.934 34.929 34.969 34.991 35.014 35.036 35.014 35.006 35.006 35.014 35.006 34.969 34.919 34.914 34.854 34.819 34.741 34.661 34.616 34.541 34.491
