All_lidar/sz6188_DSM_2M.asc
ncols 500
nrows 500
xllcorner    461000
yllcorner    88000
cellsize     2
NODATA_value -9999
[rows 34 to 67 of 500, columns 308 to 384 of 500]
23.976 23.834 23.741 23.629 23.491 23.409 23.299 23.176 23.021 22.866 22.711 22.524 22.366 22.144 21.991 21.851 21.694 21.619 21.389 21.384 21.354 21.586 23.689 25.024 21.601 20.676 20.624 20.634 20.519 20.524 20.641 20.351 20.419 20.826 21.296 20.109 22.496 27.571 31.476 33.181 29.039 21.956 23.801 19.149 19.024 19.036 19.284 19.151 19.591 18.759 19.514 19.644 19.309 20.824 19.981 19.449 23.104 24.384 25.651 21.039 17.716 17.554 17.926 19.411 18.929 16.871 16.901 17.924 16.836 17.839 18.069 16.771 16.686 17.519 18.736 16.441 16.299
23.994 23.871 23.769 23.664 23.506 23.391 23.301 23.121 23.054 22.876 22.699 22.499 22.329 22.136 21.974 21.804 21.656 21.591 21.516 21.329 21.329 21.256 23.159 23.979 22.054 20.634 20.489 20.409 20.371 20.479 20.471 20.209 20.114 20.509 20.134 19.994 19.809 20.179 21.479 19.671 21.519 19.404 21.609 19.156 19.044 18.869 19.166 18.949 19.206 18.559 19.504 22.544 19.591 19.449 19.234 18.919 23.466 25.066 27.919 20.944 17.884 18.154 19.294 18.119 17.654 17.151 16.664 16.596 16.556 16.699 16.714 17.064 16.996 16.506 17.171 16.269 17.474
24.011 23.876 23.774 23.644 23.526 23.384 23.236 23.134 22.986 22.834 22.634 22.466 22.289 22.089 21.931 21.756 21.624 21.514 21.479 21.364 21.351 21.306 21.554 24.111 24.534 21.354 20.524 20.489 20.286 20.261 20.309 24.089 25.119 21.844 19.894 19.756 19.644 19.599 19.616 19.534 19.709 19.489 19.091 19.279 19.144 18.789 18.769 19.119 18.581 18.481 19.019 21.274 19.561 18.771 19.084 19.366 20.434 23.736 26.494 22.359 19.706 19.694 19.546 17.504 18.386 17.529 17.529 16.806 16.689 16.614 16.951 16.594 17.864 16.564 16.646 17.131 16.131
24.026 23.881 23.799 23.644 23.521 23.394 23.206 23.086 22.954 22.764 22.549 22.401 22.264 22.076 21.899 21.759 21.619 21.551 21.484 21.429 21.411 21.336 21.461 23.781 23.594 21.781 20.616 20.646 20.336 20.189 22.034 26.581 24.616 21.606 19.834 19.781 20.121 19.784 20.734 19.769 19.546 19.444 19.766 19.011 18.834 18.716 18.686 18.706 18.504 18.501 18.486 18.964 18.694 18.904 20.441 19.029 19.851 21.064 21.341 20.684 18.639 18.796 19.281 18.484 17.621 17.046 17.254 17.359 16.574 16.541 16.314 16.324 16.301 16.476 16.426 16.161 16.139
24.036 23.899 23.774 23.629 23.519 23.356 23.216 23.054 22.886 22.709 22.546 22.371 22.209 22.086 21.921 21.821 21.686 21.579 21.404 21.271 21.246 21.219 21.086 21.344 22.966 22.189 20.569 21.091 20.349 20.934 20.204 21.599 20.904 20.149 20.104 20.226 19.649 19.579 19.669 19.279 19.551 19.791 21.006 18.806 18.784 18.799 18.699 18.951 18.434 18.369 18.304 18.404 18.791 18.289 19.319 20.056 20.796 19.859 20.296 20.011 19.101 18.996 19.179 19.106 20.664 16.929 17.656 17.109 16.589 16.511 16.256 16.121 17.706 18.314 16.144 16.051 16.026
24.049 23.899 23.786 23.624 23.501 23.384 23.219 23.066 22.921 22.731 22.589 22.449 22.251 22.144 21.944 21.824 21.664 21.509 21.419 21.294 21.271 21.154 20.941 20.961 22.916 20.864 20.489 20.301 20.384 20.564 21.969 21.971 20.759 20.069 20.429 20.269 19.651 19.896 19.451 20.124 19.054 20.114 19.281 18.631 18.696 18.536 20.034 21.056 18.431 18.441 18.284 18.374 18.046 18.019 18.806 20.684 19.626 19.369 19.104 19.786 20.336 19.751 20.276 19.456 19.246 17.769 17.051 16.826 16.864 17.331 16.309 16.386 16.506 16.509 16.269 16.054 16.006
24.089 23.956 23.879 23.694 23.579 23.424 23.256 23.109 22.939 22.756 22.599 22.399 22.239 22.079 21.916 21.796 21.716 21.546 21.731 21.649 22.344 22.679 21.106 20.874 22.736 21.181 20.681 20.554 20.466 20.304 20.884 20.204 20.274 19.954 20.411 19.769 19.606 19.536 19.664 19.419 19.411 19.104 19.226 18.876 18.484 18.404 18.439 18.411 18.354 18.286 18.186 18.164 18.039 17.886 18.211 21.076 20.466 19.176 19.186 19.476 19.086 18.704 19.176 18.666 18.336 18.329 17.921 17.394 19.101 17.169 16.286 16.091 16.146 16.199 15.876 15.681 15.861
24.179 24.081 23.969 23.854 23.611 23.431 23.249 23.061 22.876 22.696 22.521 22.366 22.229 22.159 21.956 21.836 21.841 22.571 23.426 23.061 23.314 24.716 21.839 21.166 21.066 21.664 20.979 20.661 20.494 20.261 20.199 20.199 20.144 19.969 19.871 19.756 19.689 19.641 19.654 19.366 19.241 19.199 18.891 19.099 18.751 18.536 18.489 18.604 18.336 18.641 18.149 18.116 17.984 17.831 18.364 18.276 18.451 17.566 17.489 17.961 17.654 17.279 17.704 17.504 17.324 17.034 20.256 18.891 19.201 16.606 18.211 16.309 16.106 15.974 15.786 15.546 15.421
24.169 24.031 23.886 23.701 23.524 23.379 23.201 23.024 22.866 22.821 23.051 23.446 23.444 23.729 22.116 22.026 23.061 23.114 23.791 22.739 22.724 23.291 23.866 23.089 21.036 21.029 21.879 21.046 20.424 20.371 20.186 20.249 20.064 19.974 19.841 19.736 19.664 19.771 19.536 19.269 19.221 19.054 18.886 18.779 18.884 19.526 19.011 18.716 18.379 18.356 18.164 18.071 18.144 18.661 17.876 17.881 17.629 17.784 18.196 18.864 17.969 17.181 17.026 16.984 16.986 16.746 19.736 20.449 20.284 19.469 20.266 16.516 16.299 16.081 15.829 15.631 15.666
24.176 24.049 23.874 23.819 23.756 24.041 25.729 24.959 24.246 24.009 25.324 25.674 24.771 24.954 24.241 22.239 23.826 22.499 23.804 23.341 22.619 23.871 22.736 22.976 21.224 20.991 20.981 20.859 20.536 20.329 20.206 20.114 20.044 19.946 19.776 19.881 19.661 19.774 20.194 19.196 19.219 19.084 18.874 18.944 18.741 18.704 19.076 18.779 18.846 18.234 18.456 18.096 18.359 17.926 17.881 18.259 17.606 17.596 20.981 20.141 18.909 18.501 17.476 16.949 18.439 18.326 21.031 23.534 24.084 16.321 17.124 15.999 15.989 17.026 15.871 15.884 16.696
24.181 24.219 25.141 26.261 26.411 24.764 24.941 26.304 25.321 24.766 25.241 25.486 24.801 24.959 24.941 24.396 23.269 23.064 23.069 21.976 21.886 21.411 21.116 21.026 20.919 21.091 21.084 21.759 20.736 22.109 20.286 20.301 20.046 20.089 20.086 19.969 19.589 19.681 20.254 19.779 19.106 18.864 18.851 18.814 19.484 18.971 18.614 18.716 18.326 18.199 18.114 18.056 17.874 17.939 17.871 17.999 21.884 20.831 20.694 19.394 19.624 19.311 17.209 17.824 17.396 17.099 18.751 19.599 22.019 17.274 18.019 17.181 16.366 16.449 16.499 17.554 17.604
25.731 26.376 26.294 25.344 25.731 26.564 25.269 26.414 25.461 24.831 24.544 24.239 23.409 22.969 22.306 22.094 21.844 21.679 21.539 21.409 21.244 21.134 21.014 20.904 20.799 20.764 21.761 22.216 20.764 20.486 20.394 20.979 20.146 19.959 20.351 20.186 19.644 20.146 19.524 19.359 19.009 18.881 18.981 18.731 18.804 18.756 19.014 18.546 18.436 18.251 18.184 18.121 18.006 17.871 17.921 18.391 22.669 21.746 24.989 24.209 25.946 17.861 17.161 17.896 17.241 17.069 16.829 18.616 18.466 16.946 16.799 17.526 16.556 16.336 17.454 17.196 16.879
25.369 25.724 26.154 26.221 26.076 24.719 24.649 23.876 23.416 23.199 22.796 22.629 22.404 22.241 22.071 21.934 21.779 21.654 21.539 21.399 21.211 21.109 21.014 20.881 20.756 20.676 20.941 21.589 21.009 20.531 20.359 20.251 20.139 19.989 19.974 20.506 19.704 19.546 19.391 19.246 19.066 18.966 18.904 18.721 18.741 18.616 18.521 18.451 18.381 18.304 18.271 18.006 18.124 17.916 20.411 17.699 25.871 22.769 26.081 26.074 26.391 24.771 18.509 17.071 17.239 17.001 17.024 16.651 16.986 16.674 16.529 16.361 16.924 17.481 16.454 16.589 15.926
24.176 23.999 23.831 23.651 23.524 23.349 23.219 23.076 22.951 22.821 22.659 22.481 22.364 22.254 22.099 21.954 21.791 21.646 21.571 21.406 21.281 21.144 21.024 20.869 20.736 20.644 20.634 20.751 21.674 20.596 20.511 20.209 20.091 20.406 21.444 19.779 19.661 19.636 19.386 19.224 19.094 19.029 18.876 18.746 18.676 18.559 18.716 18.644 18.861 18.299 18.119 17.989 18.136 17.804 17.849 23.131 20.726 23.851 24.669 24.551 29.379 25.489 18.236 17.174 17.106 16.719 17.736 17.001 16.469 16.424 17.681 17.199 16.706 16.074 17.914 19.981 17.984
24.074 23.939 23.804 23.671 23.494 23.356 23.209 23.054 22.941 22.814 22.676 22.496 22.361 22.256 22.094 21.979 21.831 21.686 21.569 21.416 21.296 21.159 21.031 20.904 20.764 20.619 20.566 20.599 20.624 21.121 20.474 20.151 20.224 21.076 20.611 19.756 19.629 19.659 19.374 19.769 19.094 18.964 18.831 18.741 18.619 18.574 18.544 18.564 19.484 18.329 18.131 18.351 17.916 17.751 19.866 19.889 30.464 28.106 26.486 30.519 21.354 25.261 19.654 17.901 16.764 16.886 16.604 16.464 16.316 16.896 16.416 16.624 17.389 20.379 17.194 16.799 16.796
24.106 23.959 23.821 23.656 23.511 23.339 23.196 23.074 22.966 22.831 22.689 22.491 22.369 22.241 22.116 21.999 21.851 21.729 21.589 21.444 21.314 21.196 21.066 20.944 20.806 20.664 20.564 20.509 20.574 21.046 20.651 20.194 20.249 20.056 19.944 19.824 19.649 19.496 19.351 19.171 19.016 18.906 18.811 18.684 18.681 18.659 19.136 18.474 18.309 18.384 18.044 18.041 17.944 17.891 18.894 19.504 26.936 28.734 30.311 29.176 24.681 22.164 18.429 18.944 19.199 16.554 16.404 17.079 16.464 16.254 16.289 17.054 18.441 16.004 18.301 18.544 15.849
24.129 23.991 23.821 23.671 23.514 23.369 23.206 23.089 22.966 22.811 22.694 22.534 22.414 22.274 22.121 22.029 21.894 21.751 21.654 21.481 21.341 21.226 21.089 20.936 20.834 20.684 20.559 20.471 20.439 20.374 20.301 20.594 20.169 20.029 19.899 19.811 19.749 19.546 19.889 19.164 19.896 18.964 18.744 18.721 18.836 18.694 19.081 18.354 18.374 18.186 18.256 20.331 17.956 17.784 20.206 21.819 22.416 24.139 26.021 23.821 27.304 24.011 17.421 19.219 17.754 17.664 16.411 16.719 16.269 16.739 17.411 16.276 16.884 15.986 17.119 16.024 18.361
24.154 23.991 23.851 23.716 23.541 23.364 23.226 23.101 22.991 22.821 22.704 22.554 22.419 22.294 22.159 22.036 21.906 21.771 21.639 21.504 21.361 21.226 21.101 20.971 20.829 20.716 20.566 20.411 20.366 20.366 20.894 20.619 20.934 20.011 19.831 19.739 20.046 20.019 19.889 19.299 19.386 19.036 18.779 18.909 18.719 18.934 18.799 18.919 19.476 18.299 18.444 22.999 18.861 17.699 17.564 17.506 17.611 18.779 22.364 20.544 19.386 18.441 17.821 17.736 16.721 16.629 17.994 17.234 17.031 16.289 16.881 16.171 16.089 16.141 17.364 16.006 16.536
24.186 24.024 23.864 23.714 23.544 23.391 23.246 23.111 22.986 22.846 22.711 22.566 22.441 22.314 22.174 22.051 21.919 21.829 21.654 21.526 21.401 21.259 21.106 20.971 20.846 20.726 20.589 20.421 20.334 20.289 20.276 20.241 20.526 19.989 19.974 19.819 19.841 20.076 19.346 22.116 21.589 19.091 18.851 18.766 18.774 19.309 19.299 19.366 20.714 18.341 18.371 22.046 18.331 17.681 17.521 17.389 17.264 18.176 19.406 17.966 19.156 18.649 18.311 17.039 16.911 16.536 18.774 20.334 17.661 16.574 16.509 16.459 16.256 16.246 17.126 16.529 15.786
24.236 24.054 23.879 23.746 23.576 23.416 23.246 23.119 22.984 22.851 22.731 22.579 22.451 22.334 22.181 22.046 21.924 21.786 21.656 21.536 21.396 21.274 21.121 20.989 20.846 20.724 20.584 20.449 20.314 20.256 20.189 20.161 20.264 20.134 19.894 19.871 19.679 19.664 20.621 19.966 19.406 19.759 18.786 18.799 18.649 19.154 19.409 19.524 19.671 18.869 18.621 19.469 17.984 17.704 17.474 17.429 17.399 17.724 18.839 17.844 19.439 19.569 18.746 18.056 16.541 18.061 21.879 21.529 24.001 18.694 16.276 16.724 16.084 16.341 16.656 15.856 15.626
24.231 24.074 23.934 23.771 23.586 23.446 23.271 23.114 22.996 22.869 22.736 22.591 22.464 22.329 22.189 22.044 21.921 21.796 21.646 21.526 21.401 21.269 21.124 20.979 20.844 20.726 20.596 20.441 20.289 20.186 20.164 20.139 20.036 20.269 19.931 19.806 19.724 19.486 19.441 20.051 19.086 19.286 19.119 18.944 18.776 19.509 19.404 19.544 19.764 19.174 18.546 18.591 17.876 17.696 17.571 17.496 18.019 18.374 18.739 20.146 20.606 17.856 17.434 19.629 18.281 18.114 20.579 18.229 18.991 18.616 16.886 16.689 15.906 16.374 17.441 16.341 16.464
24.234 24.089 23.919 23.761 23.601 23.429 23.289 23.144 23.031 22.871 22.734 22.599 22.449 22.329 22.194 22.061 21.936 21.779 21.651 21.514 21.374 21.226 21.104 20.954 20.846 20.721 20.581 20.439 20.279 20.154 20.101 20.069 21.369 23.239 21.124 19.721 19.589 20.066 19.231 19.161 19.034 19.206 19.054 18.866 18.676 19.036 19.234 19.324 19.561 19.096 18.126 18.234 17.759 17.614 17.536 17.384 17.536 18.166 18.466 20.686 22.104 17.764 17.966 18.556 17.311 17.489 16.521 18.939 16.491 17.406 16.126 16.029 16.396 16.316 16.709 16.004 15.576
24.211 24.086 23.924 23.774 23.614 23.464 23.294 23.129 23.006 22.856 22.699 22.584 22.451 22.311 22.186 22.044 21.931 21.784 21.649 21.479 21.344 21.219 21.081 20.944 20.824 20.679 20.549 20.431 20.296 20.139 20.081 20.024 20.064 23.086 22.521 19.991 19.804 19.616 19.464 19.171 19.024 18.981 18.849 18.784 18.704 18.611 18.669 19.201 18.869 18.159 18.014 17.866 17.751 17.701 17.494 17.384 17.321 17.329 17.579 19.671 22.921 18.896 18.301 16.769 16.376 16.269 16.234 17.301 17.086 17.276 16.114 15.989 16.346 15.791 15.679 16.124 15.589
24.224 24.076 23.934 23.799 23.616 23.441 23.279 23.131 23.004 22.846 22.706 22.591 22.406 22.281 22.141 22.019 21.896 21.754 21.624 21.466 21.324 21.201 21.046 20.916 20.784 20.641 20.536 20.399 20.284 20.116 20.016 19.926 20.016 20.231 19.919 19.641 19.729 19.434 19.309 19.176 19.016 18.904 18.839 18.764 18.721 18.609 20.086 18.559 18.199 18.126 18.049 18.204 17.796 17.626 17.521 17.351 17.291 17.129 17.141 18.551 18.851 18.814 17.299 16.634 16.381 16.399 16.239 16.126 16.084 16.064 16.294 16.354 15.946 15.689 15.764 15.619 15.534
24.216 24.071 23.914 23.774 23.621 23.444 23.271 23.116 22.984 22.831 22.686 22.541 22.401 22.244 22.111 21.981 21.859 21.731 21.564 21.411 21.279 21.151 21.021 20.876 20.781 20.634 20.494 20.379 20.274 20.109 19.971 19.844 19.824 19.826 21.069 19.829 19.574 19.374 19.396 19.141 19.001 18.904 18.819 18.754 18.651 21.081 18.884 18.324 18.169 18.116 17.976 17.859 17.774 17.606 17.549 17.356 17.406 17.241 17.196 16.914 17.794 17.824 16.571 16.454 16.361 16.259 16.144 16.069 16.439 16.644 16.334 16.371 16.291 16.656 16.791 15.559 15.856
24.201 24.061 23.894 23.749 23.591 23.409 23.236 23.091 22.959 22.814 22.651 22.506 22.361 22.236 22.084 21.954 21.821 21.691 21.539 21.381 21.261 21.119 20.981 20.866 20.729 20.619 20.486 20.359 20.229 20.096 19.959 19.829 19.749 19.756 19.941 20.526 19.689 19.391 19.351 19.084 19.339 18.894 19.041 19.259 19.344 19.459 18.404 18.259 18.434 18.091 17.924 17.826 17.676 17.536 17.536 17.316 17.184 17.116 16.949 16.829 16.834 16.789 16.544 16.491 16.339 16.309 16.261 16.356 16.151 16.006 15.984 16.294 16.769 15.686 15.561 15.666 15.621
24.166 24.021 23.861 23.719 23.554 23.394 23.234 23.096 22.936 22.789 22.631 22.469 22.329 22.196 22.051 21.936 21.791 21.674 21.524 21.361 21.229 21.089 20.964 20.866 20.724 20.586 20.461 20.316 20.196 20.076 19.934 19.774 19.681 19.659 19.701 20.479 20.194 19.894 19.189 19.116 19.506 18.941 18.864 18.804 19.159 18.569 18.399 18.321 18.764 17.989 17.851 17.811 18.096 17.771 18.076 17.276 17.246 17.024 16.964 16.971 16.819 16.794 16.546 16.499 16.399 16.289 16.161 16.029 16.054 16.621 15.859 15.944 15.784 17.431 15.656 15.631 15.559
24.139 23.989 23.839 23.684 23.541 23.356 23.206 23.064 22.919 22.749 22.601 22.441 22.314 22.151 22.004 21.881 21.761 21.631 21.484 21.324 21.211 21.071 20.951 20.821 20.699 20.554 20.434 20.281 20.171 20.041 19.921 19.761 19.601 19.524 19.531 19.856 20.069 19.601 19.449 19.166 18.994 18.859 18.864 18.691 18.826 18.441 18.334 18.721 18.356 18.274 17.934 18.236 18.516 17.554 17.431 17.319 17.101 17.124 17.031 17.139 16.739 16.699 16.796 16.534 16.784 16.134 16.061 15.941 15.979 16.431 15.879 18.271 15.794 20.746 15.616 15.559 15.414
24.106 23.966 23.804 23.659 23.504 23.354 23.196 23.059 22.886 22.744 22.586 22.431 22.259 22.111 21.974 21.834 21.729 21.579 21.451 21.299 21.169 21.044 20.936 20.799 20.656 20.501 20.404 20.266 20.141 20.024 19.891 19.771 19.564 19.456 19.439 19.486 19.889 20.719 19.564 19.151 19.136 18.889 18.781 18.651 18.494 18.454 18.331 18.226 17.999 18.791 18.109 18.304 18.021 17.716 17.809 17.356 17.146 17.171 17.144 16.784 16.726 16.654 16.469 16.419 16.394 16.219 16.946 16.171 16.664 15.999 15.924 20.216 17.061 18.404 16.281 16.384 17.169
24.061 23.916 23.786 23.636 23.486 23.334 23.154 23.011 22.846 22.719 22.561 22.391 22.254 22.099 21.951 21.814 21.694 21.546 21.409 21.301 21.154 21.016 20.881 20.761 20.634 20.481 20.369 20.241 20.101 19.984 19.866 19.716 19.536 19.389 19.341 19.324 19.731 19.904 20.194 21.569 19.676 18.996 18.659 18.584 18.566 18.504 18.404 18.149 18.014 18.029 19.481 17.969 17.549 17.499 17.596 17.581 17.361 17.071 17.156 17.404 16.706 16.591 16.486 16.631 16.291 16.289 16.174 16.059 18.769 18.031 20.196 23.021 19.919 15.714 15.669 15.661 15.699
24.026 23.891 23.759 23.614 23.456 23.289 23.131 22.969 22.824 22.701 22.549 22.394 22.229 22.074 21.914 21.796 21.654 21.514 21.404 21.239 21.094 20.984 20.846 20.714 20.599 20.454 20.339 20.196 20.069 19.929 19.811 19.691 19.524 19.369 19.286 19.209 19.239 19.269 20.021 20.744 20.006 19.569 19.154 18.579 18.571 18.311 18.474 18.079 18.066 18.156 18.346 18.004 17.561 17.409 17.374 18.451 17.161 17.516 16.921 16.984 16.829 16.606 16.544 16.411 16.244 16.181 16.194 20.454 21.014 22.519 19.306 25.291 16.066 19.114 18.709 15.729 16.359
24.009 23.856 23.714 23.594 23.416 23.246 23.116 22.946 22.789 22.654 22.534 22.369 22.216 22.064 21.911 21.769 21.626 21.496 21.359 21.221 21.086 20.951 20.819 20.681 20.559 20.421 20.314 20.171 20.041 19.904 19.756 19.636 19.481 19.349 19.231 19.146 19.131 19.211 20.271 20.336 19.086 19.929 19.099 18.541 18.416 18.284 18.196 18.244 18.981 18.099 17.884 18.144 17.564 18.539 17.511 19.194 18.544 16.984 16.841 16.754 16.599 16.499 16.374 16.421 16.211 16.274 16.099 17.356 22.336 26.101 24.759 22.051 21.179 18.904 25.251 17.664 15.386
23.984 23.829 23.689 23.539 23.369 23.234 23.089 22.941 22.786 22.641 22.511 22.369 22.189 22.036 21.874 21.731 21.611 21.464 21.331 21.174 21.046 20.914 20.776 20.644 20.511 20.386 20.276 20.124 20.006 19.849 19.704 19.581 19.429 19.316 19.156 19.051 19.059 19.006 19.334 19.294 19.249 19.381 18.674 18.511 18.359 18.326 18.239 18.169 18.071 18.719 17.736 17.744 17.374 17.314 17.266 17.691 17.064 17.296 17.069 16.639 16.584 16.396 16.579 16.399 16.556 16.086 16.074 19.326 20.651 15.816 22.779 23.096 24.374 26.344 19.644 16.079 16.806
23.941 23.811 23.666 23.506 23.336 23.194 23.071 22.926 22.794 22.631 22.509 22.356 22.179 22.026 21.866 21.709 21.559 21.429 21.299 21.161 20.991 20.861 20.729 20.586 20.456 20.334 20.204 20.076 19.936 19.801 19.664 19.549 19.411 19.269 19.111 18.966 18.944 18.926 18.969 19.264 19.056 18.761 18.694 18.514 18.496 18.369 18.149 18.161 18.986 18.279 17.846 17.669 17.839 17.899 17.279 17.086 17.039 16.914 16.734 16.684 16.514 16.579 16.804 16.436 16.889 16.054 16.059 19.626 17.411 18.584 20.529 20.281 15.996 17.521 19.291 15.501 16.206
