All_lidar/sz6185_DSM_2M.asc
ncols 500
nrows 500
xllcorner    461000
yllcorner    85000
cellsize     2
NODATA_value -9999
[rows 0 to 31 of 500, columns 144 to 215 of 500]
18.573 18.606 18.616 18.621 18.631 18.628 18.631 18.616 18.611 18.613 18.621 18.633 18.676 18.733 18.738 18.778 18.806 18.823 18.823 18.883 18.908 18.908 18.938 18.973 19.066 19.188 19.206 19.256 19.268 19.288 19.371 19.453 19.501 19.596 19.646 19.683 20.643 20.961 19.683 19.663 19.653 20.366 20.903 20.081 20.013 19.943 19.916 19.898 19.886 19.888 19.911 19.903 19.916 19.926 19.928 19.941 19.906 19.838 19.788 19.716 19.631 19.521 19.433 19.301 19.166 19.013 18.856 18.736 18.601 18.438 18.238 18.093
18.348 18.373 18.398 18.398 18.428 18.456 18.421 18.418 18.433 18.426 18.411 18.433 18.501 18.531 18.548 18.586 18.608 18.618 18.663 18.708 18.743 18.773 18.796 18.821 18.916 19.031 19.078 19.151 19.158 19.188 19.276 19.361 19.403 19.501 19.568 19.636 19.958 20.796 19.656 19.658 19.643 20.336 20.918 20.076 20.003 19.943 19.886 19.871 19.908 19.908 19.923 19.913 19.916 19.933 19.943 19.943 19.946 19.896 19.836 19.766 19.691 19.613 19.498 19.398 19.276 19.103 18.976 18.853 18.728 18.556 18.366 18.211
18.098 18.146 18.156 18.176 18.191 18.236 18.233 18.253 18.231 18.206 18.238 18.256 18.303 18.321 18.356 18.368 18.433 18.468 18.501 18.573 18.596 18.651 18.663 18.673 18.761 18.888 18.966 19.036 19.051 19.103 19.193 19.283 19.328 19.433 19.493 19.566 19.848 20.731 19.616 19.663 19.681 20.283 20.828 20.058 20.028 19.971 19.918 19.891 19.916 19.936 19.941 19.926 19.968 19.961 19.973 19.988 19.976 19.956 19.928 19.843 19.768 19.693 19.596 19.481 19.366 19.203 19.078 18.933 18.818 18.663 18.513 18.331
17.871 17.891 17.891 17.933 17.933 17.978 17.998 18.016 18.001 18.016 18.036 18.063 18.086 18.138 18.183 18.198 18.231 18.283 18.326 18.401 18.441 18.506 18.536 18.571 18.633 18.763 18.876 18.941 18.966 18.981 19.116 19.198 19.243 19.348 19.418 19.466 19.963 20.546 19.636 19.668 19.678 20.906 20.456 20.058 20.053 20.008 19.961 19.946 19.923 19.931 19.968 19.988 20.008 20.021 20.038 20.028 20.048 20.016 19.988 19.938 19.883 19.821 19.748 19.618 19.493 19.353 19.203 19.043 18.911 18.756 18.583 18.423
17.628 17.656 17.681 17.698 17.718 17.726 17.761 17.768 17.793 17.796 17.821 17.861 17.921 17.958 17.991 18.033 18.093 18.148 18.181 18.263 18.301 18.358 18.378 18.441 18.558 18.663 18.783 18.836 18.856 18.916 19.013 19.096 19.171 19.273 19.356 19.476 20.043 20.368 19.618 19.633 19.666 19.908 20.036 20.023 20.078 20.078 20.031 20.038 20.031 19.991 20.006 20.061 20.081 20.101 20.106 20.106 20.131 20.156 20.128 20.096 20.068 19.978 19.888 19.766 19.633 19.518 19.356 19.201 19.028 18.868 18.683 18.513
17.401 17.463 17.481 17.483 17.498 17.506 17.538 17.578 17.593 17.601 17.616 17.676 17.736 17.776 17.858 17.888 17.918 17.968 18.013 18.116 18.158 18.241 18.281 18.346 18.451 18.581 18.698 18.753 18.778 18.836 18.911 18.981 19.071 19.223 19.301 19.471 20.143 20.386 19.586 19.608 19.628 19.791 20.046 23.158 20.178 20.103 20.153 20.166 20.171 20.126 20.093 20.073 20.138 20.221 20.271 20.261 20.271 20.311 20.308 20.296 20.268 20.166 20.083 19.923 19.803 19.698 19.513 19.331 19.188 19.036 18.811 18.621
17.203 17.213 17.258 17.266 17.286 17.306 17.368 17.446 17.453 17.451 17.463 17.516 17.558 17.633 17.713 17.751 17.778 17.808 17.898 17.993 18.028 18.138 18.178 18.221 18.353 18.508 18.601 18.681 18.676 18.743 18.798 18.878 18.971 19.141 19.226 19.361 20.696 20.081 19.601 19.636 19.621 19.723 20.863 23.496 20.371 20.306 20.311 20.403 20.406 20.428 20.448 20.291 20.411 20.461 20.453 20.538 20.623 20.518 20.573 20.681 20.471 20.491 20.333 20.213 20.136 20.016 19.791 19.586 19.433 19.276 19.053 18.813
16.993 17.018 17.078 17.088 17.093 17.131 17.166 17.218 17.273 17.293 17.303 17.366 17.416 17.473 17.548 17.596 17.643 17.683 17.756 17.841 17.903 17.983 18.066 18.138 18.253 18.403 18.528 18.603 18.603 18.681 18.738 18.821 18.931 19.083 19.163 19.321 20.991 20.388 19.558 19.636 19.598 19.653 21.016 20.741 20.271 20.343 20.368 20.386 20.438 20.418 20.451 20.473 20.516 20.536 20.563 20.623 20.651 20.701 20.761 20.798 20.763 20.783 20.693 20.661 20.553 20.451 20.428 20.058 19.896 19.783 19.363 19.083
16.783 16.826 16.883 16.898 16.911 16.961 17.011 17.056 17.108 17.153 17.193 17.223 17.266 17.326 17.411 17.441 17.498 17.568 17.638 17.736 17.808 17.903 18.001 18.053 18.168 18.298 18.431 18.486 18.546 18.608 18.681 18.763 18.881 19.013 19.073 19.251 21.216 20.973 19.568 19.616 19.601 19.643 20.773 20.201 20.273 20.356 20.366 20.453 20.533 20.498 20.556 20.616 20.643 20.693 20.701 20.711 20.808 20.861 20.908 20.921 20.906 20.866 20.838 20.766 20.666 20.541 20.416 20.211 20.043 19.873 19.626 19.346
16.623 16.658 16.716 16.733 16.741 16.791 16.866 16.931 16.973 17.041 17.068 17.091 17.136 17.218 17.288 17.326 17.368 17.433 17.553 17.628 17.713 17.796 17.906 17.976 18.096 18.216 18.341 18.383 18.448 18.538 18.641 18.726 18.831 18.938 19.011 19.481 20.731 21.023 19.571 19.608 19.586 19.678 21.531 20.613 20.276 20.396 20.446 20.601 20.651 20.613 20.653 20.688 20.761 20.788 20.806 20.861 20.891 20.968 20.998 21.046 21.011 20.991 20.963 20.878 20.766 20.641 20.516 20.311 20.143 19.928 19.718 19.451
16.443 16.476 16.553 16.553 16.601 16.641 16.691 16.766 16.821 16.888 16.941 16.981 17.028 17.103 17.188 17.231 17.266 17.338 17.458 17.501 17.583 17.698 17.831 17.938 18.043 18.123 18.266 18.333 18.376 18.473 18.563 18.641 18.761 18.878 18.898 19.191 20.603 20.341 19.581 19.591 19.611 19.628 22.996 20.711 20.273 20.411 20.478 20.533 20.576 20.661 20.726 20.771 20.836 20.901 20.921 20.971 21.038 21.118 21.183 21.153 21.128 21.143 21.103 21.003 20.876 20.741 20.631 20.461 20.268 20.053 19.806 19.566
16.281 16.318 16.383 16.388 16.428 16.478 16.541 16.608 16.688 16.758 16.818 16.843 16.881 16.966 17.046 17.098 17.166 17.238 17.383 17.401 17.463 17.608 17.738 17.868 17.978 18.061 18.181 18.258 18.328 18.406 18.483 18.583 18.728 18.806 18.818 19.183 20.961 20.568 19.603 19.583 19.613 19.608 21.116 20.781 20.278 20.428 20.478 20.568 20.633 20.673 20.768 20.836 20.911 20.941 20.993 21.048 21.148 21.233 21.268 21.281 21.298 21.298 21.243 21.136 21.031 20.893 20.756 20.573 20.361 20.171 19.946 20.063
16.121 16.141 16.211 16.263 16.286 16.346 16.416 16.493 16.573 16.621 16.681 16.728 16.781 16.843 16.943 17.016 17.078 17.151 17.271 17.321 17.421 17.546 17.661 17.788 17.903 18.001 18.118 18.213 18.266 18.331 18.418 18.523 18.676 18.771 18.806 19.626 21.646 20.633 19.566 19.608 19.636 19.601 20.506 21.513 20.213 20.361 20.508 20.596 20.648 20.721 20.826 20.948 21.043 21.073 21.158 21.211 21.268 21.363 21.396 21.431 21.451 21.448 21.383 21.278 21.173 21.031 20.898 20.731 20.516 20.311 20.093 20.088
15.951 15.981 16.061 16.093 16.146 16.208 16.273 16.336 16.428 16.488 16.538 16.596 16.653 16.743 16.856 16.931 16.988 17.066 17.183 17.261 17.388 17.511 17.603 17.738 17.836 17.923 18.058 18.141 18.208 18.286 18.368 18.478 18.646 18.703 18.788 19.668 20.528 20.486 19.541 19.593 19.616 19.621 19.888 20.156 20.156 20.363 20.506 20.588 20.696 20.796 20.898 21.033 21.123 21.261 21.366 21.388 21.448 21.526 21.593 21.611 21.621 21.608 21.571 21.443 21.316 21.183 21.033 20.868 20.671 20.461 20.231 20.021
15.803 15.843 15.888 15.936 15.988 16.033 16.108 16.211 16.316 16.383 16.433 16.491 16.531 16.661 16.763 16.848 16.941 16.991 17.086 17.203 17.346 17.463 17.528 17.656 17.801 17.896 17.996 18.101 18.193 18.263 18.336 18.451 18.583 18.618 18.643 19.393 20.531 20.631 19.528 19.591 19.633 19.588 20.201 20.226 20.273 20.383 20.513 20.643 20.761 20.843 20.961 21.078 21.191 21.296 21.376 21.473 21.573 21.663 21.773 21.798 21.833 21.848 21.751 21.576 21.471 21.326 21.143 20.991 20.816 20.598 20.403 20.218
15.668 15.701 15.738 15.803 15.881 15.933 16.008 16.091 16.176 16.256 16.313 16.381 16.438 16.558 16.653 16.771 16.848 16.893 17.023 17.126 17.278 17.388 17.486 17.586 17.723 17.831 17.953 18.046 18.136 18.201 18.288 18.401 18.463 18.506 18.568 19.001 20.846 20.128 19.568 19.586 19.571 19.736 21.503 20.343 20.418 20.531 20.661 20.768 20.888 20.963 21.056 21.163 21.218 21.303 21.426 21.511 21.616 21.696 21.793 21.883 21.926 21.983 22.073 22.003 22.078 21.771 21.388 21.153 20.936 20.703 20.523 20.388
15.523 15.573 15.626 15.646 15.723 15.788 15.856 15.936 16.068 16.156 16.208 16.268 16.373 16.458 16.566 16.651 16.753 16.823 16.958 17.056 17.198 17.283 17.386 17.548 17.653 17.776 17.898 17.976 18.071 18.131 18.243 18.361 18.453 18.643 18.708 19.071 20.801 20.478 19.561 19.538 19.576 21.318 22.106 20.538 20.456 20.608 20.743 20.886 21.053 21.191 21.296 21.386 21.451 21.528 21.548 21.601 21.691 21.798 21.876 21.911 22.003 22.031 22.076 22.153 22.221 22.238 22.261 22.166 22.061 22.128 22.311 21.506
15.346 15.441 15.473 15.531 15.591 15.671 15.716 15.823 15.948 16.031 16.106 16.188 16.281 16.371 16.486 16.568 16.663 16.761 16.888 16.988 17.126 17.186 17.281 17.483 17.623 17.733 17.866 17.931 18.011 18.076 18.208 18.356 18.481 18.793 18.691 18.796 19.933 20.051 19.543 19.528 19.541 20.703 21.151 20.313 20.533 20.663 20.761 20.918 21.041 21.226 21.373 21.488 21.616 21.671 21.736 21.793 21.906 21.971 22.003 23.213 22.258 22.963 22.686 22.168 22.178 22.241 22.281 22.303 22.311 22.358 22.523 22.576
15.188 15.308 15.361 15.398 15.461 15.521 15.591 15.683 15.816 15.946 16.003 16.091 16.191 16.276 16.388 16.493 16.598 16.701 16.806 16.911 17.048 17.153 17.256 17.438 17.603 17.731 17.816 17.903 17.971 18.056 18.176 18.361 18.518 18.706 18.673 18.888 19.471 19.566 19.561 19.573 19.548 20.863 21.508 20.356 20.541 20.696 20.833 21.011 21.148 21.308 21.421 21.541 21.663 21.778 21.878 21.961 22.023 22.081 22.153 22.198 22.278 24.188 24.396 23.548 22.268 22.278 22.271 22.258 22.298 22.303 22.341 22.426
15.041 15.123 15.198 15.258 15.338 15.406 15.496 15.588 15.711 15.851 15.918 16.001 16.101 16.183 16.301 16.431 16.528 16.636 16.756 16.858 16.983 17.128 17.251 17.396 17.561 17.708 17.806 17.863 17.961 17.998 18.176 18.381 18.568 18.633 18.683 18.906 19.506 20.136 19.556 19.586 19.536 20.928 21.166 20.401 20.531 20.688 20.921 21.086 21.268 21.581 21.556 21.613 21.681 21.811 21.956 22.051 22.148 22.223 22.296 22.348 23.093 24.233 24.698 26.738 25.343 25.168 24.796 23.423 22.418 22.346 22.346 22.401
14.918 14.981 15.088 15.161 15.213 15.286 15.388 15.493 15.598 15.733 15.801 15.906 16.033 16.101 16.203 16.321 16.436 16.576 16.716 16.796 16.951 17.113 17.246 17.373 17.543 17.681 17.761 17.861 17.933 17.983 18.146 18.338 18.543 18.626 18.673 18.833 19.741 20.058 19.566 19.543 19.521 20.903 21.046 20.376 20.578 20.753 20.978 21.171 21.341 21.501 21.621 21.723 21.793 21.881 21.991 22.093 22.216 22.351 22.436 22.466 23.868 23.763 25.596 27.248 26.961 28.216 28.243 27.598 26.293 24.691 23.126 22.598
14.796 14.888 14.971 15.016 15.076 15.176 15.281 15.371 15.478 15.636 15.738 15.806 15.953 16.031 16.133 16.253 16.363 16.523 16.621 16.731 16.888 17.043 17.191 17.336 17.488 17.636 17.748 17.836 17.881 17.951 18.113 18.303 18.486 18.583 18.631 18.788 19.821 20.003 19.566 19.563 19.518 21.238 20.461 20.376 21.243 22.261 21.336 21.261 21.451 21.603 21.686 21.771 21.858 21.946 22.058 22.153 22.283 22.393 22.521 22.756 24.508 23.053 22.941 25.791 27.911 30.168 30.023 29.486 28.851 28.163 27.378 24.593
14.661 14.766 14.856 14.928 14.988 15.078 15.178 15.288 15.426 15.568 15.673 15.753 15.863 15.966 16.046 16.158 16.296 16.436 16.533 16.663 16.823 16.951 17.131 17.291 17.456 17.606 17.751 17.823 17.883 17.936 18.086 18.288 18.433 18.538 18.556 18.818 19.931 19.941 19.578 19.578 19.511 22.356 22.428 23.278 26.198 27.538 22.978 21.341 21.521 21.681 21.756 21.851 21.978 21.996 22.103 22.273 22.348 22.451 22.571 22.958 24.656 22.833 23.266 26.326 28.308 28.793 29.316 29.848 30.093 29.993 29.203 23.996
14.553 14.661 14.776 14.873 14.906 14.993 15.083 15.186 15.318 15.461 15.596 15.693 15.771 15.918 16.001 16.113 16.233 16.386 16.466 16.608 16.771 16.908 17.101 17.266 17.426 17.566 17.711 17.808 17.861 17.928 18.043 18.263 18.406 18.488 18.508 18.858 19.886 20.063 19.558 19.566 19.723 22.708 24.771 26.553 26.933 27.751 25.838 23.143 23.048 21.801 22.443 23.373 22.468 22.196 22.263 22.356 22.436 22.498 22.611 24.086 23.763 22.756 24.163 27.051 28.238 27.161 26.898 27.968 28.601 29.288 29.056 23.636
14.426 14.578 14.661 14.786 14.826 14.911 15.001 15.128 15.248 15.366 15.523 15.613 15.723 15.863 15.956 16.056 16.173 16.336 16.441 16.601 16.716 16.873 17.053 17.256 17.398 17.541 17.701 17.788 17.858 17.931 18.073 18.213 18.381 18.453 18.493 19.048 20.368 19.868 19.516 19.543 19.478 20.866 22.866 23.911 24.378 26.081 26.588 27.246 26.311 22.786 23.791 24.558 23.761 22.968 23.191 22.683 22.631 22.626 22.666 23.823 23.121 22.788 24.986 27.721 27.903 25.906 23.113 23.511 25.268 26.953 25.861 23.076
14.393 14.488 14.598 14.718 14.776 14.843 14.921 15.068 15.171 15.308 15.446 15.561 15.676 15.831 15.901 15.998 16.146 16.261 16.396 16.593 16.703 16.841 17.018 17.198 17.368 17.513 17.673 17.763 17.841 17.933 18.046 18.188 18.346 18.448 18.533 19.861 20.946 19.953 19.491 19.546 19.456 20.263 20.663 20.938 21.236 23.131 23.928 24.693 22.313 23.906 22.426 22.046 22.351 22.783 22.793 23.778 23.726 24.538 24.813 24.966 22.808 23.256 26.446 28.258 27.401 25.313 23.103 23.866 24.001 23.103 23.476 23.093
14.303 14.406 14.546 14.648 14.723 14.801 14.881 15.006 15.136 15.266 15.398 15.513 15.648 15.786 15.868 15.976 16.101 16.246 16.363 16.556 16.693 16.816 16.986 17.143 17.306 17.486 17.618 17.733 17.818 17.898 18.061 18.181 18.313 18.403 18.958 19.378 21.388 20.943 19.471 19.541 19.593 20.306 20.753 20.928 21.136 21.308 21.503 21.648 22.481 24.513 24.281 24.163 24.208 23.506 24.776 26.386 26.018 22.656 24.398 24.711 22.821 25.476 31.288 33.356 28.176 24.593 23.081 23.081 23.733 23.118 23.133 23.191
14.241 14.358 14.473 14.593 14.676 14.753 14.838 14.978 15.051 15.196 15.346 15.493 15.611 15.738 15.871 15.953 16.063 16.203 16.341 16.538 16.666 16.763 16.928 17.101 17.256 17.438 17.586 17.691 17.773 17.886 18.041 18.168 18.263 18.348 19.578 19.286 21.058 19.771 19.496 19.496 19.473 20.466 20.818 21.023 21.131 21.316 21.503 21.691 21.848 24.608 25.793 25.688 25.743 25.983 25.911 27.493 26.148 24.988 23.413 23.361 22.888 26.103 32.626 33.588 31.408 27.588 25.951 24.676 26.383 24.591 23.211 23.261
14.191 14.326 14.443 14.561 14.653 14.723 14.816 14.938 15.051 15.173 15.311 15.438 15.561 15.713 15.828 15.898 16.023 16.158 16.341 16.541 16.656 16.741 16.903 17.058 17.216 17.406 17.541 17.651 17.761 17.853 17.958 18.111 18.246 18.371 20.163 23.256 25.818 20.171 19.483 19.473 19.481 20.338 21.243 21.046 21.163 21.358 21.513 21.708 22.466 25.806 27.696 27.198 27.041 26.986 26.848 27.461 26.301 25.883 23.908 22.888 22.901 32.323 33.353 33.068 30.941 28.951 28.241 29.353 33.306 31.436 24.361 23.473
14.166 14.276 14.416 14.536 14.621 14.683 14.771 14.888 15.018 15.121 15.258 15.433 15.551 15.666 15.803 15.878 16.006 16.133 16.308 16.498 16.646 16.748 16.883 17.021 17.168 17.336 17.491 17.621 17.736 17.803 17.908 18.081 18.208 18.356 21.026 19.953 20.331 19.653 19.448 19.528 19.501 20.363 21.441 21.036 21.178 21.341 21.503 21.671 22.621 30.781 30.943 29.218 29.171 29.046 28.641 27.941 27.588 27.308 23.508 22.896 23.023 32.316 33.518 32.628 31.361 30.763 30.148 31.428 33.418 31.338 23.798 23.996
14.153 14.278 14.383 14.486 14.576 14.666 14.743 14.838 14.973 15.083 15.231 15.378 15.523 15.633 15.778 15.871 15.966 16.128 16.253 16.448 16.606 16.733 16.861 17.013 17.156 17.293 17.448 17.593 17.711 17.778 17.903 18.066 18.186 18.473 19.528 18.948 19.646 19.621 19.481 19.476 19.433 20.446 20.741 21.013 21.221 21.393 21.488 21.648 22.513 27.393 28.888 28.366 28.558 28.728 28.786 28.261 28.428 28.348 24.258 22.888 25.493 32.636 33.863 33.621 33.038 32.593 31.988 32.211 33.276 30.443 26.093 24.883
14.113 14.216 14.343 14.453 14.566 14.643 14.688 14.811 14.928 15.066 15.176 15.333 15.451 15.603 15.736 15.836 15.931 16.061 16.231 16.408 16.566 16.711 16.828 16.973 17.131 17.286 17.448 17.551 17.686 17.791 17.891 17.993 18.123 18.736 19.506 20.081 19.873 19.681 19.456 19.468 19.488 20.343 20.693 21.018 21.246 21.411 21.501 21.601 21.806 24.098 25.763 25.821 25.628 25.423 24.706 25.048 25.056 25.343 22.888 22.898 27.763 32.828 33.241 32.843 33.361 33.641 33.591 33.466 33.396 32.421 31.933 31.008
