All_lidar/sz6186_DSM_2M.asc
ncols 500
nrows 500
xllcorner    461000
yllcorner    86000
cellsize     2
NODATA_value -9999
[rows 96 to 127 of 500, columns 216 to 287 of 500]
0.691 0.721 0.759 0.826 0.911 0.936 0.996 1.066 1.159 1.214 1.224 1.279 1.386 1.456 1.564 1.601 1.651 1.589 1.691 2.146 1.964 1.974 2.104 2.089 2.159 2.399 2.496 2.684 2.761 2.671 3.456 6.951 9.661 10.109 7.521 6.636 6.729 7.286 7.769 7.529 8.474 7.039 7.229 7.779 8.786 8.379 9.839 8.656 8.511 8.756 9.839 9.564 9.554 9.774 10.029 10.264 10.421 10.566 10.614 10.614 10.661 10.664 10.664 10.676 10.644 10.629 10.584 10.529 10.504 10.444 10.366 10.326
0.729 0.744 0.764 0.871 0.976 0.931 0.984 1.074 1.191 1.206 1.346 1.366 1.376 1.546 1.614 1.701 1.669 1.629 1.711 1.839 1.989 2.079 2.171 2.209 2.554 2.539 2.474 2.591 2.936 3.389 3.964 4.884 9.954 7.816 7.424 7.801 8.384 8.936 8.986 9.074 9.511 9.489 9.664 9.021 10.001 9.286 9.096 10.556 13.006 10.259 10.506 9.984 9.876 10.079 10.309 10.536 10.664 10.801 10.866 10.889 10.874 10.881 10.896 10.921 10.876 10.864 10.816 10.754 10.719 10.666 10.599 10.546
0.719 0.776 0.756 0.904 0.956 0.896 0.994 1.069 1.151 1.304 1.304 1.354 1.481 1.501 1.579 1.629 1.714 1.866 1.864 2.011 2.034 2.206 2.256 2.244 2.351 2.249 2.549 2.866 4.194 3.909 4.439 5.819 8.776 12.001 9.569 9.269 10.011 11.114 11.781 10.579 10.429 10.301 9.996 10.109 10.354 9.991 9.519 10.596 11.581 10.004 10.784 10.009 10.221 10.386 10.596 10.766 10.901 11.011 11.086 11.149 11.119 11.141 11.126 11.139 11.114 11.069 11.049 10.986 10.911 10.869 10.789 10.756
0.726 0.731 0.741 0.889 0.881 0.961 0.984 1.019 1.129 1.284 1.341 1.426 1.534 1.516 1.616 1.714 1.724 1.791 1.899 2.116 2.181 2.286 2.261 2.279 2.416 3.089 2.694 3.789 4.044 4.599 4.886 5.886 9.996 8.534 10.651 9.906 10.704 11.394 12.496 11.509 11.574 11.486 11.421 11.784 12.094 11.131 11.674 11.316 11.069 11.519 10.874 10.404 10.559 10.689 10.901 11.034 11.134 11.241 11.301 11.296 11.314 11.329 11.346 11.326 11.309 11.264 11.216 11.171 11.124 11.064 10.981 10.919
0.714 0.764 0.744 0.801 0.879 0.914 0.981 1.034 1.161 1.276 1.391 1.436 1.561 1.524 1.646 1.734 1.901 1.729 1.931 2.066 2.224 2.244 2.264 2.281 2.574 2.721 2.744 3.356 4.119 4.626 5.291 6.064 8.354 8.774 9.174 10.301 10.924 11.416 11.601 11.756 11.866 11.981 11.924 12.969 12.546 13.496 12.929 11.751 11.969 12.029 11.359 10.801 10.929 11.036 11.189 11.294 11.389 11.459 11.501 11.489 11.491 11.496 11.501 11.511 11.499 11.436 11.364 11.321 11.261 11.199 11.131 11.071
0.716 0.746 0.734 0.761 0.859 0.909 0.924 1.021 1.146 1.221 1.376 1.511 1.506 1.491 1.566 1.694 1.829 1.769 1.966 2.096 2.221 2.281 2.414 2.561 2.464 2.656 3.106 3.544 4.249 4.771 5.511 6.391 7.586 8.559 9.899 10.721 11.056 11.249 11.636 11.769 11.836 11.884 11.914 11.944 11.914 11.859 11.764 11.634 11.506 11.349 11.161 11.154 11.244 11.359 11.446 11.554 11.619 11.634 11.661 11.674 11.669 11.681 11.671 11.631 11.626 11.574 11.519 11.489 11.449 11.379 11.294 11.226
0.744 0.781 0.759 0.831 0.824 0.821 0.916 1.036 1.129 1.196 1.389 1.466 1.516 1.719 1.911 1.719 1.724 1.779 1.886 2.036 2.159 2.241 2.461 2.561 2.541 2.974 3.251 3.704 4.299 5.164 5.824 6.726 7.816 9.491 10.594 10.804 11.121 11.446 11.716 11.821 11.801 11.916 11.891 11.914 11.914 11.849 11.789 11.696 11.584 11.489 11.431 11.424 11.519 11.606 11.679 11.749 11.806 11.841 11.846 11.849 11.849 11.811 11.809 11.784 11.754 11.704 11.674 11.611 11.569 11.504 11.434 11.349
0.741 0.731 0.776 0.861 0.929 0.954 0.909 0.984 1.064 1.179 1.306 3.111 1.581 2.804 2.884 1.824 1.669 1.701 1.799 1.919 2.029 2.151 2.279 2.444 2.771 3.031 3.476 3.926 4.521 5.414 6.284 7.541 9.081 10.939 10.826 11.211 11.241 11.659 11.839 11.854 11.899 11.939 11.959 11.961 11.896 11.854 11.816 11.751 11.691 11.634 11.624 11.644 11.736 11.804 11.881 11.941 11.974 12.011 12.016 11.989 11.979 11.954 11.941 11.886 11.881 11.829 11.796 11.756 11.704 11.629 11.556 11.461
0.721 0.726 0.759 0.864 0.884 0.974 1.024 1.116 1.111 1.131 1.639 3.016 1.416 2.169 2.416 1.479 1.561 1.624 1.669 1.749 1.969 2.074 2.174 3.754 2.866 3.599 3.636 5.089 4.961 6.761 7.194 8.369 9.229 11.039 11.209 11.571 11.736 11.874 11.904 11.951 11.974 12.009 12.029 12.009 11.984 12.021 11.971 11.941 11.896 11.856 11.864 11.894 11.951 12.004 12.081 12.121 12.139 12.169 12.164 12.139 12.111 12.091 12.054 12.034 11.976 11.939 11.929 11.871 11.809 11.731 11.686 11.594
0.719 0.709 0.746 0.801 0.876 0.981 1.089 1.236 1.274 1.896 3.711 3.824 2.669 2.926 2.479 1.486 1.509 1.556 1.641 1.934 2.261 2.931 6.211 4.569 6.981 3.266 3.721 4.976 8.569 6.609 7.739 8.916 10.924 11.234 11.489 11.966 12.081 11.984 12.024 12.079 12.084 12.166 12.166 12.154 12.146 12.136 12.109 12.104 12.074 12.076 12.069 12.096 12.119 12.176 12.216 12.274 12.294 12.289 12.289 12.294 12.266 12.219 12.211 12.146 12.071 12.051 12.019 11.956 11.929 11.839 11.799 11.669
0.751 0.666 0.729 0.831 0.894 0.984 1.104 1.216 1.284 2.499 3.364 3.266 3.306 3.096 2.144 1.461 1.484 1.601 1.974 1.984 3.961 6.199 6.409 8.576 5.421 5.416 4.299 6.711 6.106 7.214 8.804 10.149 10.749 11.544 11.944 12.159 12.086 12.046 12.116 12.169 12.231 12.276 12.304 12.274 12.269 12.254 12.284 12.251 12.256 12.236 12.244 12.276 12.296 12.351 12.376 12.406 12.446 12.431 12.424 12.374 12.389 12.366 12.309 12.256 12.204 12.144 12.081 12.034 11.976 11.926 11.861 11.774
0.716 0.676 0.751 0.916 0.916 1.059 1.286 1.284 1.441 2.306 2.906 2.839 2.814 2.521 1.711 1.446 1.591 4.144 3.226 1.836 3.684 4.979 5.821 8.006 7.271 6.651 4.896 5.656 6.519 7.536 8.689 9.814 11.046 11.634 12.066 12.176 12.101 12.116 12.184 12.234 12.329 12.391 12.404 12.389 12.396 12.384 12.376 12.384 12.396 12.396 12.429 12.479 12.449 12.496 12.511 12.511 12.516 12.516 12.546 12.531 12.476 12.454 12.411 12.356 12.294 12.236 12.184 12.104 12.041 11.971 11.899 11.819
0.751 0.766 0.801 0.979 1.049 1.249 1.374 1.419 1.414 1.846 2.309 2.459 2.481 2.084 1.581 2.724 1.684 1.899 1.604 1.666 7.569 6.459 7.429 7.876 10.346 11.609 7.564 6.074 6.841 7.871 8.941 10.124 11.064 11.709 12.184 12.189 12.126 12.191 12.249 12.319 12.419 12.429 12.449 12.454 12.454 12.464 12.474 12.469 12.506 12.506 12.546 12.609 12.596 12.631 12.636 12.609 12.619 12.594 12.611 12.594 12.576 12.524 12.484 12.431 12.356 12.321 12.264 12.221 12.149 12.059 11.969 11.899
0.769 0.806 0.841 1.004 1.171 1.439 1.511 1.464 1.579 1.699 1.849 2.084 1.706 1.691 1.559 2.161 2.191 1.844 1.719 2.036 6.446 4.794 9.841 6.204 4.894 6.351 6.184 6.866 7.659 8.574 9.524 10.579 11.184 11.949 12.159 12.139 12.149 12.226 12.259 12.384 12.434 12.464 12.474 12.474 12.466 12.466 12.501 12.549 12.566 12.584 12.629 12.684 12.666 12.666 12.656 12.679 12.699 12.714 12.691 12.664 12.649 12.599 12.579 12.501 12.431 12.384 12.314 12.264 12.186 12.099 12.024 11.954
0.719 0.819 0.959 1.101 1.214 1.459 1.579 1.546 1.706 1.656 1.711 1.749 1.646 1.619 1.636 1.721 1.901 2.039 2.111 2.629 3.714 6.164 5.894 5.006 5.694 8.131 7.044 10.851 8.524 9.231 10.604 11.061 12.264 12.296 12.171 12.141 12.206 12.231 12.331 12.404 12.464 12.469 12.469 12.451 12.484 12.491 12.484 12.549 12.576 12.564 12.579 12.626 12.669 12.711 12.751 12.749 12.766 12.761 12.734 12.711 12.681 12.634 12.609 12.551 12.489 12.431 12.366 12.334 12.236 12.151 12.086 11.989
0.804 1.154 1.149 1.146 1.311 1.421 1.509 1.509 1.644 1.826 1.856 1.796 1.746 1.789 2.011 1.776 1.811 2.129 2.599 3.119 3.711 4.296 5.531 5.581 6.461 7.096 8.129 13.359 10.029 10.011 10.711 11.604 13.881 12.321 12.189 12.169 12.241 12.276 12.371 12.434 12.451 12.481 12.491 12.509 12.489 12.484 12.516 12.539 12.569 12.644 12.694 12.711 12.719 12.771 12.786 12.799 12.796 12.781 12.751 12.744 12.709 12.659 12.636 12.586 12.529 12.456 12.401 12.339 12.266 12.209 12.131 12.019
0.861 1.059 1.044 1.614 1.924 1.849 1.851 1.784 1.721 2.271 2.091 1.996 2.779 1.821 1.826 1.819 1.941 2.409 3.051 3.811 4.516 6.234 6.639 7.039 7.561 9.091 10.349 10.876 10.946 10.571 12.451 11.816 14.774 12.916 12.159 12.211 12.244 12.324 12.406 12.471 12.484 12.501 12.524 12.509 12.539 12.536 12.566 12.606 12.624 12.689 12.711 12.739 12.764 12.796 12.791 12.791 12.821 12.799 12.774 12.746 12.726 12.706 12.646 12.596 12.551 12.481 12.419 12.356 12.286 12.224 12.141 12.056
0.866 0.809 1.376 2.141 2.084 2.154 2.101 2.234 1.946 2.731 2.971 2.376 3.386 2.064 1.801 1.929 2.271 2.939 3.821 4.661 5.366 6.831 6.691 9.866 8.794 8.914 9.541 9.984 10.536 11.699 13.699 12.716 12.966 12.304 12.184 12.281 12.291 12.389 12.431 12.479 12.504 12.544 12.549 12.544 12.536 12.571 12.609 12.654 12.686 12.729 12.741 12.766 12.789 12.796 12.796 12.809 12.799 12.796 12.746 12.734 12.711 12.706 12.659 12.606 12.554 12.489 12.429 12.354 12.309 12.234 12.119 12.066
0.589 0.829 1.896 2.266 1.951 2.049 2.096 1.866 1.769 2.571 2.656 2.304 2.519 2.486 2.249 2.246 2.906 3.701 4.709 6.059 8.626 10.471 9.296 9.496 8.906 9.524 10.191 10.766 11.291 11.844 12.904 12.631 12.441 12.244 12.269 12.309 12.351 12.431 12.436 12.489 12.516 12.556 12.559 12.566 12.576 12.611 12.666 12.669 12.704 12.769 12.781 12.811 12.819 12.829 12.824 12.791 12.779 12.771 12.741 12.739 12.691 12.664 12.656 12.614 12.554 12.469 12.416 12.369 12.316 12.224 12.151 12.061
0.614 1.424 2.214 2.204 1.904 1.754 1.669 1.616 1.689 1.864 2.364 4.339 3.626 2.041 2.216 2.976 3.736 4.684 6.229 6.279 9.629 10.879 9.269 8.911 9.536 10.074 10.759 11.376 11.731 12.044 12.624 12.736 12.366 12.264 12.321 12.341 12.436 12.466 12.471 12.494 12.521 12.554 12.579 12.571 12.589 12.606 12.681 12.706 12.751 12.786 12.804 12.819 12.849 12.804 12.814 12.821 12.809 12.789 12.766 12.734 12.704 12.651 12.619 12.571 12.544 12.471 12.409 12.354 12.289 12.241 12.144 12.076
0.669 1.494 2.271 2.134 1.864 1.574 1.541 2.574 2.224 1.911 2.786 5.214 7.681 2.341 2.881 3.684 4.516 5.416 6.144 7.236 7.821 11.001 8.941 9.384 9.946 10.531 11.181 11.724 12.014 12.241 12.409 12.479 12.374 12.334 12.351 12.396 12.459 12.464 12.516 12.556 12.569 12.566 12.576 12.589 12.606 12.636 12.684 12.729 12.719 12.804 12.819 12.844 12.831 12.846 12.839 12.809 12.786 12.776 12.746 12.706 12.681 12.664 12.616 12.564 12.506 12.439 12.404 12.374 12.279 12.204 12.126 12.066
0.736 1.131 2.006 2.141 2.061 2.269 2.759 2.934 3.539 3.221 2.424 10.829 5.164 5.289 3.501 4.466 5.316 6.059 6.871 7.696 8.431 9.416 9.584 10.081 10.561 11.181 11.546 12.011 12.271 12.401 12.611 12.491 12.411 12.406 12.379 12.411 12.434 12.484 12.541 12.571 12.576 12.586 12.574 12.589 12.606 12.666 12.719 12.779 12.791 12.801 12.791 12.824 12.829 12.826 12.819 12.801 12.801 12.764 12.746 12.694 12.664 12.621 12.581 12.551 12.506 12.441 12.391 12.324 12.261 12.194 12.109 12.059
0.806 0.894 1.541 1.624 2.371 3.574 2.214 2.014 3.486 2.156 6.016 5.056 5.159 3.271 4.146 5.499 7.774 6.551 7.444 8.086 9.516 14.541 10.116 10.531 11.041 11.744 11.904 12.169 12.301 12.484 12.686 12.479 12.446 12.464 12.429 12.451 12.474 12.514 12.524 12.544 12.539 12.526 12.554 12.609 12.639 12.661 12.716 12.766 12.801 12.826 12.821 12.839 12.854 12.856 12.854 12.809 12.779 12.761 12.731 12.691 12.666 12.614 12.584 12.496 12.496 12.424 12.346 12.304 12.251 12.166 12.076 12.014
0.751 0.864 0.959 1.376 2.051 2.634 2.496 2.254 4.506 2.761 5.664 6.114 7.556 4.196 4.716 9.899 6.814 6.724 7.444 8.456 10.101 9.494 10.104 10.714 11.229 11.709 12.126 12.386 12.729 12.669 12.591 12.451 12.499 12.481 12.479 12.511 12.546 12.551 12.581 12.616 12.554 12.571 12.584 12.594 12.636 12.691 12.756 12.789 12.809 12.826 12.854 12.859 12.854 12.846 12.836 12.821 12.799 12.781 12.749 12.691 12.654 12.606 12.564 12.496 12.474 12.396 12.359 12.294 12.209 12.116 12.061 11.994
0.759 0.859 0.951 1.094 1.536 2.034 2.221 3.144 3.991 3.849 4.156 6.981 9.694 6.014 5.231 5.611 6.064 6.486 7.056 7.641 8.356 9.054 9.769 10.536 11.121 11.764 12.189 12.376 12.844 12.781 12.574 12.531 12.539 12.511 12.546 12.591 12.621 12.624 12.671 12.671 12.631 12.641 12.664 12.671 12.686 12.726 12.804 12.824 12.834 12.846 12.861 12.839 12.861 12.879 12.844 12.821 12.806 12.786 12.749 12.699 12.666 12.629 12.574 12.501 12.436 12.366 12.324 12.264 12.199 12.104 12.024 11.974
0.799 0.881 0.971 1.096 1.604 2.009 2.184 2.594 2.919 4.816 5.764 5.484 8.474 5.029 6.079 5.574 5.946 6.371 6.866 7.364 8.041 8.671 9.579 10.364 11.059 11.869 12.244 12.314 12.711 13.111 12.569 12.539 12.554 12.531 12.599 12.671 12.679 12.696 12.706 12.684 12.704 12.671 12.696 12.731 12.736 12.794 12.844 12.866 12.869 12.904 12.886 12.894 12.871 12.884 12.869 12.834 12.819 12.776 12.746 12.714 12.636 12.606 12.564 12.521 12.454 12.381 12.316 12.244 12.201 12.129 12.046 11.949
0.849 0.916 1.031 1.114 1.461 1.796 2.681 2.689 2.876 3.106 3.784 3.904 4.441 4.891 5.341 5.636 5.909 6.351 6.896 7.381 7.789 8.804 10.274 10.101 10.931 11.949 12.206 12.534 13.339 12.644 12.591 12.591 12.574 12.596 12.679 12.709 12.719 12.754 12.754 12.709 12.724 12.721 12.756 12.784 12.804 12.849 12.869 12.896 12.929 12.951 12.951 12.934 12.924 12.904 12.896 12.856 12.814 12.791 12.756 12.714 12.676 12.609 12.544 12.506 12.446 12.384 12.324 12.251 12.221 12.106 12.046 11.966
0.846 0.986 1.091 1.169 1.331 1.721 2.226 2.731 2.959 3.129 3.514 4.121 4.761 5.146 5.561 5.924 6.186 6.549 7.031 7.411 7.721 8.501 9.464 9.854 10.846 11.691 12.244 13.044 13.271 12.644 12.626 12.626 12.601 12.691 12.746 12.761 12.794 12.816 12.769 12.759 12.736 12.751 12.801 12.816 12.846 12.884 12.919 12.939 12.956 12.996 12.994 12.964 12.956 12.951 12.904 12.881 12.866 12.809 12.786 12.746 12.686 12.641 12.579 12.519 12.449 12.386 12.341 12.259 12.216 12.114 12.046 11.981
0.924 1.011 1.071 1.169 1.269 1.616 2.181 2.666 2.756 3.091 3.624 4.361 4.914 5.414 5.834 6.204 6.481 6.781 7.129 7.441 7.739 8.189 8.764 9.559 11.089 11.789 13.341 13.441 12.741 12.641 12.654 12.634 12.631 12.731 12.786 12.809 12.814 12.809 12.801 12.776 12.754 12.791 12.846 12.869 12.881 12.916 12.944 12.969 13.009 13.001 13.016 13.009 12.996 12.971 12.949 12.906 12.879 12.851 12.811 12.766 12.716 12.661 12.611 12.551 12.471 12.426 12.354 12.261 12.224 12.134 12.066 11.996
0.979 1.051 1.111 1.156 1.324 1.524 1.971 2.439 2.651 3.029 3.671 4.354 5.039 5.709 6.051 6.411 6.686 6.869 7.244 7.456 7.761 8.226 8.826 9.976 10.601 11.544 13.931 13.586 12.651 12.666 12.671 12.646 12.731 12.799 12.849 12.849 12.836 12.826 12.844 12.824 12.816 12.829 12.864 12.899 12.901 12.941 12.989 12.999 13.001 13.016 13.034 13.016 13.011 13.014 12.994 12.949 12.921 12.879 12.809 12.771 12.724 12.679 12.616 12.551 12.506 12.446 12.376 12.296 12.234 12.189 12.104 12.006
0.971 1.086 1.116 1.224 1.331 1.501 1.821 2.161 2.604 3.161 3.906 4.799 5.341 5.931 6.481 6.674 6.934 7.169 7.396 7.576 7.919 8.549 9.339 10.691 10.981 11.729 13.551 12.884 12.699 12.726 12.691 12.716 12.789 12.814 12.869 12.891 12.879 12.889 12.884 12.874 12.879 12.901 12.951 12.966 12.981 13.014 13.024 13.046 13.039 13.049 13.034 13.026 13.006 12.986 12.979 12.954 12.956 12.884 12.841 12.789 12.744 12.686 12.619 12.589 12.519 12.444 12.404 12.331 12.254 12.191 12.111 12.026
0.999 1.109 1.264 1.284 1.366 1.606 2.179 2.581 2.936 3.429 4.164 4.961 5.669 6.264 6.806 7.339 7.546 8.041 7.674 7.909 8.366 9.046 10.074 11.401 12.361 12.836 12.706 12.714 12.766 12.779 12.721 12.816 12.851 12.914 12.939 12.931 12.894 12.891 12.916 12.911 12.936 12.949 12.969 13.011 13.054 13.059 13.094 13.091 13.094 13.086 13.086 13.054 13.051 13.019 12.989 12.956 12.926 12.881 12.871 12.826 12.759 12.724 12.669 12.609 12.546 12.464 12.406 12.339 12.284 12.194 12.131 12.056
