All_lidar/sz6191_DSM_2M.asc
ncols 500
nrows 500
xllcorner    461000
yllcorner    91000
cellsize     2
NODATA_value -9999
[rows 64 to 95 of 500, columns 144 to 215 of 500]
23.417 23.24 23.07 22.89 22.71 22.542 22.257 24.657 29.91 30.202 29.36 23.085 22.477 24.477 25.23 24.145 22.91 22.335 19.765 19.682 19.457 19.335 18.41 18.215 18.277 18.77 17.757 17.54 17.37 17.207 17.052 17.45 17.592 17.245 16.732 16.62 16.795 18.92 23.212 18.59 15.5 16.67 21.275 23.16 21.937 23.415 18.695 14.75 13.4 13.072 13.855 15.995 17.057 16.565 15.462 12.495 12.318 12.275 12.235 12.228 12.173 12.115 12.07 11.94 11.898 12.263 14.17 12.203 11.02 10.718 10.56 10.223
23.3 23.137 22.902 22.745 22.582 22.385 22.085 21.86 24.887 27.607 27.28 22.03 22.89 24.835 25.657 25.362 25.065 24.992 23.985 22.517 19.925 19.09 18.262 18.055 20.377 23.81 24.142 27.105 25.37 24.78 18.987 17.382 16.945 16.72 16.51 16.267 16.08 20.667 22.545 18.55 15.325 15.735 20.39 20.012 21.015 22.152 18.002 13.68 13.2 12.92 13.002 15.5 16.71 16.832 15.832 13.297 12.303 12.253 12.21 12.395 13.045 13.598 12.598 11.99 12.198 13.998 13.278 11.068 10.618 10.503 10.255 11.845
23.182 22.99 22.79 22.617 22.475 22.345 21.967 22.237 21.637 20.912 20.017 21.642 22.965 24.717 26.195 26.865 27.015 27.17 26.33 23.13 20.16 19.032 18.13 17.952 22.04 28.705 33.007 34.462 34.33 34.005 31.722 20.752 17.82 16.692 16.335 16.097 15.867 15.955 15.597 15.427 15.185 15.622 16.98 18.362 16.622 16.537 15.157 13.5 13.077 12.937 12.627 15.035 16.352 17.042 16.195 14.077 12.363 12.19 12.998 14.458 14.75 14.738 13.53 11.978 12.85 14.123 11.678 10.785 10.693 10.498 10.5 12.213
23.055 22.86 22.662 22.492 22.317 22.25 21.845 22.75 22.132 23.24 25.592 20.68 23.862 24.815 26.567 27.447 27.27 27.392 26.372 22.065 19.75 18.807 18.03 19.885 28.892 35.622 34.132 35.047 35.177 36.892 35.162 29.075 25.77 16.647 16.172 15.91 15.697 15.535 15.442 15.275 15.005 14.907 17.887 18.567 16.525 17.48 14.892 13.37 13.03 12.927 12.592 13.845 15.99 16.997 16.572 15.427 13.97 14.115 14.773 14.76 14.723 14.068 13.923 12.148 11.928 11.638 12.548 11.053 10.57 10.48 10.718 12.57
22.887 22.667 22.547 22.822 22.257 22.092 21.645 21.852 22.89 22.93 21.28 21.277 24.62 25.167 26.27 26.5 26.335 25.862 25.482 21.707 19.622 18.245 17.925 26.565 35.092 36.635 38.62 38.815 38.915 39.422 38.175 32.395 29.602 16.282 16.035 15.822 15.552 15.36 15.272 15.16 14.855 14.67 15.065 15.835 16.375 18.712 14.78 13.27 12.982 12.862 12.615 13.2 15.627 16.697 16.887 15.79 15.015 15.133 15.318 13.783 13.153 12.188 11.893 12.388 12.585 11.038 11.39 12.933 11.653 10.473 10.148 11.583
22.717 22.542 25.277 24.25 24.307 23.485 21.507 21.412 22.172 21.985 21.575 21.902 22.785 23.57 24.09 24.685 24.385 24.35 23.632 20.817 19.04 17.987 18.782 30.172 36.722 37.555 39.212 39.752 40.227 40.055 38.542 34.34 27.442 16.1 15.902 15.682 15.39 15.175 15.295 15.305 14.697 14.52 14.652 15.507 19.5 19.367 14.035 15.915 13.895 12.785 12.565 12.317 14.702 16.33 17.037 16.192 15.86 16.243 16.465 12.538 11.88 11.858 11.81 12.18 11.483 10.698 10.518 10.718 12.1 11.678 10.018 9.98
22.532 24.105 32.327 27.16 31.622 25.935 21.34 21.285 21.522 21.392 21.295 20.655 19.672 20.617 20.737 21.637 21.782 22.407 22.445 20.737 19.275 18.002 22.667 32.012 36.577 37.59 39.882 39.942 40.215 40.152 38.332 35.555 30.14 17.335 15.692 15.482 15.18 15.075 14.997 14.87 14.512 14.415 14.727 16.8 19.995 18.907 17.412 21.91 21.187 13.987 12.517 12.317 14.355 15.947 17.027 16.805 17.353 17.238 17.228 14.36 11.84 11.793 11.68 11.403 10.948 10.553 10.37 10.31 10.22 11.463 11.37 10.183
22.43 22.522 24.08 28.525 28.002 21.697 21.205 21.177 21.075 20.775 21.127 19.992 19.537 19.442 19.477 19.447 19.51 19.585 19.447 19.8 19.32 17.785 24.295 35.872 36.02 37.465 39.23 39.905 39.685 39.557 35.91 33.8 26.315 15.745 15.46 15.22 14.995 14.902 14.777 14.58 14.357 14.275 14.575 20.057 22.067 17.417 16.775 20.832 21.372 15.675 12.507 12.355 12.797 15.602 16.72 17.295 17.008 16.64 16.243 14.803 11.763 11.703 11.49 11.078 10.738 10.423 10.288 10.19 10.135 9.955 9.655 11.09
22.3 22.132 21.982 21.827 21.805 22.005 21.052 21.082 21.252 21.337 20.975 19.797 19.567 19.437 19.412 19.087 19.617 19.525 19.485 19.395 18.112 17.642 24.42 34.742 35.867 36.89 37.492 39.095 38.895 38.615 35.32 27.55 18.045 15.387 15.345 15.137 14.8 14.645 14.545 14.38 14.202 14.117 15.41 21.767 22.265 18.537 14.337 15.55 18.18 12.655 12.487 12.305 12.05 12.727 16.372 17.052 16.13 15.13 14.598 12.335 11.658 11.578 11.34 10.938 10.553 10.295 10.175 10.07 10.735 12.198 11.818 9.778
22.157 21.992 21.825 21.62 21.46 21.157 20.912 20.915 21.355 22.057 21.422 19.795 18.945 18.735 19.132 18.667 18.912 18.702 18.842 18.3 17.652 17.882 26.035 32.657 35.202 35.512 35.6 34.73 32.94 30.45 27.572 23.102 25.28 18.332 15.032 15.12 14.56 14.442 14.33 14.172 14.052 13.992 14.085 20.182 20.477 14.93 17.355 18.832 14.35 12.585 12.45 12.295 12.127 12.277 15.465 14.662 12.968 12.04 11.69 11.628 11.55 11.368 11.08 10.738 10.385 10.243 10.125 9.88 11.548 12.48 12.153 10.018
22.015 21.802 21.66 21.467 21.357 20.97 20.805 20.85 21.267 21.09 20.77 19.597 18.865 18.705 18.647 18.66 18.635 18.67 18.722 18.007 17.585 19.4 28.092 29.782 32.68 32.957 34.135 33.11 26.36 17.507 18.022 18.48 21.332 17.427 14.687 14.52 14.395 14.302 14.19 13.995 13.917 13.837 13.687 17.58 18.49 12.852 14.562 17.862 15.1 12.515 12.412 12.312 12.03 11.977 12.167 11.797 11.768 11.75 11.66 11.498 11.333 11.08 10.788 10.443 10.193 10.118 10 9.785 10.833 11.525 10.46 9.475
21.875 21.672 21.51 21.332 21.155 20.845 20.697 20.682 21.04 21.395 21.282 19.3 18.757 18.682 18.627 18.59 18.587 18.527 18.52 18.327 17.492 17.247 21.655 28.112 28.28 29.037 30.12 27.635 24.95 17.36 15.162 16.892 15.122 15.49 14.482 14.307 14.215 14.132 14.01 13.837 13.76 13.682 13.522 13.742 13.807 12.737 12.562 12.472 12.432 12.355 12.272 12.172 11.992 11.895 11.805 11.727 11.653 11.47 11.313 11.11 10.915 10.665 10.37 10.18 10.073 9.96 9.838 9.893 11.395 11.528 10.418 9.293
24.14 21.535 21.362 21.145 20.992 20.675 20.562 20.555 20.79 20.615 20.822 19.167 18.727 18.655 18.612 18.57 18.522 18.445 18.125 17.637 17.305 17.077 18.017 25.56 25.805 25.957 24.927 23.127 17.39 15.215 15.035 17.435 14.922 14.515 14.275 14.107 14.062 13.967 13.845 13.672 13.59 13.512 13.375 13.27 13.037 12.627 12.447 12.3 12.257 12.172 12.082 11.967 11.857 11.742 11.602 11.447 11.255 11.045 10.853 10.663 10.428 10.21 10.028 9.975 9.99 9.875 9.763 9.753 10.36 10.023 9.753 9.055
28.595 21.412 21.212 21.035 20.85 20.522 20.437 20.5 21.167 20.712 20.897 19.062 18.727 18.642 18.592 18.527 18.482 18.367 17.947 17.462 17.232 16.94 16.68 18.03 19.64 24.025 19.24 17.337 15.25 15.037 15.027 14.96 15.355 16.31 15.175 13.95 13.907 13.835 13.712 13.532 13.452 13.345 13.192 13.425 13.852 12.462 12.315 12.207 12.11 12 11.87 11.747 11.655 11.452 11.277 11.04 10.825 10.648 10.51 10.36 10.143 9.928 9.843 9.875 9.903 9.758 9.65 9.513 10.338 10.708 9.035 8.678
24.527 21.245 21.13 20.91 20.695 20.42 20.402 20.627 21.38 20.317 19.465 18.867 18.707 18.642 18.597 18.535 18.46 18.277 20.735 27.037 29.69 19.195 16.477 16.257 16.017 15.78 15.605 15.33 15.117 14.887 14.922 15.275 17.797 18.402 18.36 13.792 13.73 13.627 13.49 13.362 13.305 13.205 13.055 14.692 13.625 12.287 12.175 12.072 11.982 11.847 11.692 11.532 11.35 11.117 10.912 10.75 10.588 10.475 10.323 10.145 9.903 9.758 9.72 9.735 9.81 9.663 9.645 9.658 11 10.56 9.248 8.63
21.245 21.072 20.932 20.757 20.552 20.285 20.317 20.51 20.487 20.56 19.475 18.725 18.687 18.642 18.597 18.547 18.457 18.215 20.652 26.785 33.17 25.357 16.167 15.857 15.682 15.532 15.367 15.177 14.98 14.75 14.66 15.705 20.122 17.95 18.615 13.7 13.69 13.437 13.397 13.235 13.177 13.097 12.912 14.17 13.082 12.137 12.027 11.97 11.857 11.732 11.545 11.367 11.175 10.952 10.765 10.62 10.478 10.345 10.158 9.898 9.728 9.66 9.635 9.65 9.718 10.283 10.42 10.468 10.603 10.44 8.99 9.168
21.09 20.957 20.81 20.655 20.405 20.182 20.42 20.427 20.752 20.207 19.185 18.727 18.7 18.63 18.59 18.547 18.435 18.115 17.502 19.695 25.185 19.32 15.832 15.132 14.832 14.772 14.802 14.792 14.74 14.615 14.62 14.875 17.02 19.187 15.59 13.95 14.74 14.39 13.457 13.117 13.082 12.962 12.89 13.115 12.425 12 11.9 11.835 11.72 11.572 11.412 11.255 11.077 10.872 10.722 10.537 10.37 10.235 10.005 9.82 9.673 9.58 9.555 9.74 10.94 11.535 10.918 10.84 9.318 9.008 9.07 9.383
20.915 20.775 20.607 20.447 20.25 20.047 20.382 21.017 20.73 19.787 19.097 18.702 18.66 18.657 18.582 18.547 18.422 18.002 17.325 16.865 16.515 16.255 15.555 14.705 14.572 14.527 14.53 14.505 14.522 14.507 14.55 14.775 14.577 14.62 13.812 14.48 13.952 14.752 13.077 13.022 12.992 12.867 13.017 12.915 12.672 11.895 11.755 11.662 11.57 11.465 11.305 11.172 10.982 10.825 10.685 10.487 10.295 10.153 9.948 9.783 9.64 9.56 9.54 10.438 11.898 10.998 10.935 10.588 9.763 8.745 8.758 9.298
20.765 20.59 20.425 20.272 20.042 19.95 20.772 21.875 20.272 19.535 18.952 18.702 18.67 18.647 18.607 18.545 18.397 17.9 17.165 16.677 16.41 16.38 15.377 14.567 14.45 14.39 14.38 14.4 14.43 14.45 14.517 14.805 15.07 15.135 13.627 13.822 14.34 14.047 12.935 12.905 12.862 13.05 12.922 13.27 12.625 11.852 11.675 11.595 11.517 11.395 11.242 11.06 10.91 10.745 10.585 10.412 10.273 10.118 9.85 9.68 9.603 9.578 10.063 11.875 11.508 11.11 10.25 10.08 8.865 8.893 9.243 9.813
20.61 20.53 20.272 20.092 19.897 19.815 20.132 21.957 21.777 20.187 18.817 18.682 18.645 18.642 18.612 18.545 18.52 17.777 17.02 16.512 16.187 16.122 14.985 14.505 14.38 14.297 14.325 14.327 14.342 14.402 14.46 14.447 14.707 15.295 13.405 13.23 13.45 12.965 12.782 12.825 12.747 13.017 13.352 12.762 11.932 11.842 11.647 11.54 11.442 11.335 11.17 11.01 10.867 10.722 10.525 10.38 10.228 10.07 9.778 9.615 11.17 11.91 11.705 11.635 10.408 10.668 10.068 9.128 8.875 10.568 9.925 8.298
20.55 20.41 20.055 19.855 19.79 19.75 20.477 20.327 20.307 19.66 18.727 18.692 18.665 18.652 18.597 18.527 18.262 17.63 16.855 16.34 15.97 15.657 14.77 14.455 14.347 14.305 14.33 14.317 14.652 14.382 14.432 14.477 14.307 15.525 13.595 13.095 13.012 12.842 12.675 12.652 12.592 12.46 13.082 13.262 11.98 11.827 11.675 11.5 11.375 11.242 11.095 10.967 10.82 10.667 10.475 10.345 10.213 10.043 9.745 9.543 9.65 12.088 11.865 10.67 9.983 9.433 9.575 10.298 8.973 10.07 8.52 8.238
20.367 20.115 19.847 19.76 19.715 19.622 20.21 20.007 21.352 21.715 19.432 18.695 18.642 18.642 18.582 18.497 18.117 17.417 16.67 16.192 15.8 15.462 14.695 14.417 14.332 14.352 14.272 14.295 14.335 14.367 14.727 14.825 14.78 14.94 13.377 13.577 13.372 13.055 12.572 12.477 12.375 12.262 12.735 12.455 11.875 11.802 11.715 11.487 11.342 11.177 11.037 10.907 10.74 10.577 10.427 10.31 10.2 10.015 9.673 9.518 11.178 11.795 10.92 11.313 10.07 9.03 9.988 10.598 9.78 9.248 8.35 8.19
20.652 20.075 19.712 19.667 19.645 19.512 20.157 19.99 22.205 23.147 20.99 19.165 18.647 18.595 18.547 18.637 18.145 17.435 16.515 16.017 15.635 15.25 14.617 14.377 14.31 14.307 14.26 14.292 14.342 14.335 14.542 16.135 15.637 13.992 13.445 13.665 13.94 13.11 13.04 14.042 12.622 12.305 12.675 12.6 11.817 11.78 11.68 11.482 11.315 11.097 10.94 10.792 10.612 10.502 10.335 10.222 10.15 9.918 9.693 10.738 11.82 11.245 11.313 11.203 9.42 9.078 8.995 9.535 8.583 8.363 8.303 8.178
21.07 19.86 19.622 19.585 19.52 19.532 19.595 20.055 21.437 20.752 20.235 20.102 19.695 18.595 18.987 18.585 18.565 17.92 16.342 15.852 15.51 15.167 14.595 14.447 14.365 14.317 14.32 14.337 14.357 14.312 14.24 14.835 13.935 13.422 13.062 12.865 12.705 12.502 15.027 19.3 20.735 16.87 15.01 12.752 13.92 12.877 11.515 11.365 11.16 10.965 10.797 10.652 10.487 10.367 10.232 10.155 10.058 9.828 11.255 11.868 11.098 11.05 10.68 9.358 8.983 9.253 9.545 9.708 8.468 8.385 8.275 8.138
20.502 19.622 19.555 19.465 19.38 19.35 19.362 20.687 22.302 19.52 20.122 20.592 19.755 18.767 19.14 19.475 19.207 17.425 16.09 15.705 15.412 15.057 14.545 14.38 14.332 14.347 14.337 14.357 14.445 14.282 14.255 15.045 13.962 13.262 12.917 12.707 12.547 12.425 15.795 17.757 20.852 17.58 14.827 12.522 13.102 11.445 11.335 11.242 11.032 10.842 10.685 10.542 10.41 10.272 10.18 10.077 9.945 10.31 11.755 11.875 9.77 9.493 9.438 8.958 9.538 9.683 10.05 8.808 8.47 8.348 8.15 8
20.057 19.422 19.382 19.317 19.267 19.992 20.565 20.582 21.2 19.032 19.447 20.025 19.302 18.622 18.315 18.177 18.035 16.552 15.982 15.987 16.225 14.89 14.475 14.34 14.312 14.315 14.307 14.35 14.315 14.277 14.582 15.607 13.932 13.035 12.775 12.572 12.497 12.42 12.342 14.007 16.435 14.657 14.242 13.697 12.897 11.275 11.172 11.097 10.9 10.745 10.602 10.457 10.32 10.187 10.07 9.96 9.83 11.555 11.798 10.185 9.333 9.008 8.943 9.15 9.93 9.235 9.545 9.29 8.383 8.185 7.995 7.865
20.295 19.25 19.212 19.155 19.135 20.682 21.417 21.797 19.162 18.117 18.717 19.39 18.59 18.55 18.34 17.192 16.43 16.145 16.527 17.697 16.057 15.045 14.442 14.337 14.33 14.327 14.312 14.332 14.335 14.265 14.475 15.562 13.385 12.892 12.712 12.512 12.497 14.282 12.277 12.185 12.8 13.24 14.887 14.58 12.627 11.205 11.1 11.005 10.825 10.662 10.522 10.382 10.235 10.107 9.967 9.882 10.105 10.833 10.058 9.283 9.088 8.973 8.973 10.328 9.353 8.925 9.438 9.025 8.28 7.998 7.875 7.783
19.992 19.115 19.062 19.002 19.377 20.405 20.277 18.832 17.27 17.257 17.925 18.1 18.217 17.995 17.16 16.657 15.802 16.14 17.177 19.242 18.677 15.732 14.457 15.172 15.06 14.297 14.307 15.3 14.467 14.26 14.457 15.16 13.565 12.807 12.655 12.45 12.392 12.38 12.21 12.135 13.02 14.45 14.88 13.34 11.63 11.135 11.135 10.93 10.75 10.615 10.5 10.32 10.14 10.002 10.05 10.245 11.195 11.605 9.975 9.25 9.035 8.95 9.955 11.073 9.288 8.85 8.583 8.375 8.128 7.93 7.805 7.663
20.155 19.105 18.867 18.857 18.845 19.292 19.545 17.405 16.915 16.855 16.997 17.015 17.347 16.97 16.33 15.882 15.595 15.79 18.232 22.415 22.995 21.015 14.997 14.392 14.327 14.292 14.27 14.59 14.357 14.56 15.427 14.62 13.25 12.785 12.64 12.47 12.542 12.31 12.762 12.337 13.017 13.23 14.24 13.22 12.11 12.057 12.085 10.872 10.932 10.725 10.815 10.36 10.007 9.877 10.025 11.25 13.3 14.805 10.1 9.11 9.01 9.258 10.508 10.115 8.583 8.475 8.303 8.148 7.998 7.81 7.703 7.603
20.042 19.25 18.675 18.627 18.64 18.94 18.727 17.09 16.9 16.877 16.96 17.58 17.547 17.555 16.432 15.597 15.542 15.78 20.342 22.875 23.34 21.557 15.475 14.442 14.41 14.337 14.322 14.325 15.127 20.455 20.667 16.38 14.152 13.642 12.89 12.922 13.627 12.665 13.157 13.56 12.092 11.9 12.427 12.487 11.44 11.625 11.137 11.307 11.44 11.835 11.532 10.747 9.917 9.832 10.417 13.03 13.308 11.39 9.215 9.143 9.325 10.868 9.185 8.758 8.35 8.273 8.195 8.035 7.933 7.823 7.698 7.578
20.47 19.54 18.642 18.447 18.457 18.602 18.515 17.842 17.587 17.242 17.412 18.822 17.727 18.835 20.282 19.117 15.71 15.817 16.775 21.205 21.632 18.53 14.562 14.445 14.432 14.4 14.362 14.307 17.365 23.217 23.242 17.655 13.285 13.68 15.575 15.01 14.4 14.435 16.427 16.542 13.195 11.977 12.342 11.747 11.815 11.582 11.535 10.97 10.795 10.58 10.395 10.347 10.48 11.505 11.745 13.067 13.06 10.813 9.253 9.673 9.89 10.493 10.21 8.445 8.345 8.245 8.113 7.98 7.91 7.81 7.68 7.608
20.845 19.622 18.925 18.235 18.75 19.177 18.647 18.355 19.147 19.112 16.812 17.067 16.775 19.05 19.99 18.575 16.16 16.052 15.932 15.887 16.16 14.785 14.49 14.46 14.442 14.402 14.37 14.417 18.075 23.917 24.395 21.55 13.262 13.975 16.53 15.61 15.477 16.495 18.587 18.605 15.67 14.21 12.192 12.382 14.395 12.222 11.277 10.99 10.827 10.645 10.457 11.01 12.632 13.395 10.692 11.627 10.793 10.31 9.85 10.135 11.348 10.74 9.95 8.425 8.355 8.233 8.108 7.963 7.898 7.793 7.698 7.615
