All_lidar/sz6185_DSM_2M.asc
ncols 500
nrows 500
xllcorner    461000
yllcorner    85000
cellsize     2
NODATA_value -9999
[rows 416 to 447 of 500, columns 144 to 215 of 500]
9.166 9.243 9.303 9.368 9.423 9.493 9.581 9.661 9.731 9.771 9.856 9.926 10.006 10.048 10.081 10.151 10.208 10.283 10.286 10.338 10.416 10.418 10.468 10.583 10.736 10.678 10.651 10.696 10.803 10.848 10.873 10.911 10.956 11.006 11.091 11.166 11.268 11.333 11.371 11.406 11.443 11.503 11.588 11.638 11.683 11.706 11.776 11.868 11.966 12.031 12.098 12.158 12.246 12.328 12.413 12.526 12.651 12.771 12.876 12.976 13.061 13.161 13.276 13.383 13.531 13.626 13.741 13.863 13.961 14.061 14.171 14.236
9.058 9.123 9.203 9.241 9.333 9.413 9.518 9.596 9.661 9.761 9.828 9.901 9.956 9.981 10.033 10.088 10.133 10.161 10.211 10.331 10.366 10.388 10.463 10.641 10.538 10.558 10.601 10.678 10.746 10.791 10.803 10.873 10.906 10.933 11.036 11.126 11.171 11.228 11.263 11.316 11.378 11.426 11.481 11.533 11.568 11.618 11.733 11.803 11.873 11.931 12.013 12.101 12.156 12.251 12.348 12.456 12.551 12.671 12.783 12.853 12.956 13.046 13.156 13.276 13.413 13.523 13.618 13.713 13.823 13.901 13.973 14.096
8.993 9.033 9.098 9.128 9.231 9.323 9.426 9.488 9.586 9.701 9.793 9.816 9.891 9.928 9.991 10.013 10.033 10.101 10.191 10.266 10.296 10.451 10.476 10.426 10.473 10.491 10.586 10.626 10.671 10.698 10.743 10.796 10.816 10.901 10.996 11.053 11.098 11.143 11.171 11.221 11.306 11.363 11.398 11.443 11.466 11.566 11.691 11.726 11.786 11.866 11.931 12.003 12.076 12.176 12.278 12.371 12.478 12.573 12.656 12.743 12.838 12.936 13.063 13.191 13.273 13.368 13.503 13.578 13.678 13.741 13.833 13.966
8.928 8.971 8.983 9.066 9.146 9.241 9.343 9.391 9.501 9.631 9.676 9.733 9.796 9.906 9.941 9.968 9.993 10.083 10.151 10.223 10.318 10.246 10.321 10.391 10.408 10.453 10.536 10.566 10.601 10.638 10.701 10.738 10.791 10.881 10.943 10.978 11.033 11.036 11.093 11.153 11.211 11.268 11.306 11.348 11.416 11.506 11.583 11.626 11.708 11.786 11.843 11.918 12.011 12.093 12.206 12.288 12.398 12.493 12.566 12.633 12.748 12.838 12.948 13.068 13.168 13.273 13.383 13.463 13.581 13.628 13.721 13.841
8.866 8.856 8.938 9.028 9.098 9.166 9.258 9.366 9.451 9.563 9.591 9.658 9.743 9.818 9.861 9.896 9.963 10.038 10.161 10.083 10.096 10.186 10.268 10.328 10.338 10.418 10.501 10.516 10.503 10.593 10.636 10.681 10.751 10.841 10.891 10.913 10.958 10.993 11.023 11.091 11.151 11.193 11.226 11.271 11.388 11.468 11.498 11.581 11.651 11.713 11.766 11.861 11.958 12.051 12.121 12.218 12.296 12.401 12.473 12.566 12.651 12.751 12.873 12.966 13.078 13.173 13.273 13.368 13.481 13.566 13.663 13.753
8.763 8.803 8.881 8.953 9.031 9.096 9.191 9.291 9.391 9.448 9.498 9.583 9.673 9.728 9.756 9.811 9.938 9.983 9.933 9.943 10.043 10.123 10.188 10.216 10.291 10.381 10.418 10.448 10.478 10.546 10.553 10.636 10.723 10.796 10.828 10.871 10.883 10.936 10.968 11.043 11.076 11.098 11.156 11.233 11.331 11.388 11.446 11.511 11.591 11.658 11.728 11.798 11.886 11.963 12.056 12.133 12.228 12.328 12.396 12.478 12.583 12.673 12.798 12.896 12.978 13.078 13.176 13.251 13.381 13.506 13.588 13.668
8.611 8.703 8.811 8.881 8.928 9.001 9.116 9.238 9.276 9.338 9.401 9.493 9.593 9.636 9.713 9.996 9.878 9.818 9.843 9.931 10.013 10.086 10.113 10.163 10.248 10.328 10.348 10.381 10.436 10.473 10.531 10.601 10.686 10.728 10.788 10.808 10.826 10.891 10.931 10.971 11.003 11.021 11.098 11.206 11.276 11.336 11.401 11.466 11.536 11.591 11.668 11.738 11.823 11.906 11.996 12.051 12.131 12.233 12.331 12.431 12.551 12.623 12.703 12.796 12.868 12.973 13.093 13.171 13.306 13.416 13.508 13.558
8.551 8.641 8.731 8.786 8.836 8.921 9.061 9.136 9.148 9.203 9.298 9.408 9.483 9.583 9.826 9.776 9.713 9.731 9.801 9.883 9.973 10.001 10.048 10.131 10.226 10.258 10.276 10.338 10.376 10.436 10.513 10.588 10.641 10.676 10.708 10.723 10.768 10.851 10.891 10.921 10.946 10.976 11.083 11.153 11.211 11.286 11.343 11.406 11.461 11.538 11.616 11.688 11.773 11.858 11.926 12.013 12.063 12.171 12.261 12.366 12.473 12.548 12.636 12.701 12.781 12.883 12.996 13.093 13.196 13.308 13.411 13.483
8.483 8.558 8.608 8.683 8.773 8.883 9.003 9.023 9.041 9.118 9.231 9.361 9.461 9.483 9.493 9.578 9.601 9.631 9.763 9.843 9.906 9.941 9.993 10.073 10.156 10.163 10.236 10.291 10.326 10.411 10.483 10.568 10.596 10.618 10.646 10.681 10.726 10.813 10.841 10.848 10.888 10.951 11.058 11.101 11.148 11.233 11.291 11.348 11.411 11.511 11.588 11.628 11.723 11.821 11.936 11.946 12.016 12.116 12.223 12.311 12.408 12.461 12.578 12.651 12.736 12.816 12.913 13.013 13.118 13.221 13.301 13.376
8.418 8.463 8.518 8.593 8.686 8.801 8.888 8.923 8.968 9.083 9.248 9.258 9.201 9.313 9.401 9.466 9.496 9.588 9.706 9.776 9.823 9.868 9.973 10.038 10.061 10.116 10.173 10.201 10.283 10.363 10.448 10.516 10.556 10.563 10.598 10.633 10.693 10.766 10.771 10.828 10.876 10.953 11.023 11.058 11.131 11.193 11.236 11.301 11.383 11.458 11.536 11.591 11.668 11.758 11.853 11.893 11.973 12.048 12.178 12.246 12.316 12.393 12.503 12.563 12.661 12.726 12.833 12.936 12.993 13.101 13.168 13.263
8.466 8.381 8.396 8.503 8.613 8.716 8.753 8.811 8.946 9.138 9.131 9.018 9.103 9.231 9.306 9.338 9.421 9.543 9.646 9.706 9.728 9.826 9.908 9.976 9.998 10.073 10.113 10.158 10.236 10.326 10.386 10.451 10.496 10.518 10.558 10.591 10.656 10.693 10.736 10.761 10.853 10.946 10.986 11.013 11.088 11.146 11.193 11.251 11.328 11.411 11.501 11.573 11.641 11.688 11.763 11.833 11.926 12.006 12.098 12.191 12.263 12.348 12.418 12.528 12.586 12.656 12.748 12.818 12.901 12.993 13.068 13.176
8.641 8.353 8.348 8.401 8.588 8.626 8.668 8.781 8.928 8.958 8.893 8.938 9.036 9.121 9.171 9.213 9.351 9.466 9.566 9.613 9.681 9.773 9.836 9.881 9.921 10.003 10.028 10.093 10.193 10.301 10.353 10.383 10.408 10.446 10.511 10.568 10.581 10.651 10.698 10.751 10.841 10.893 10.946 11.003 11.043 11.088 11.146 11.208 11.278 11.361 11.431 11.508 11.576 11.631 11.708 11.781 11.876 11.948 12.038 12.106 12.193 12.281 12.351 12.438 12.521 12.596 12.666 12.721 12.798 12.871 12.968 13.061
8.778 8.541 8.393 8.401 8.523 8.548 8.581 8.678 8.691 8.738 8.783 8.878 8.971 9.026 9.048 9.133 9.273 9.376 9.453 9.508 9.618 9.721 9.746 9.808 9.876 9.921 9.981 10.068 10.168 10.253 10.278 10.306 10.328 10.398 10.443 10.523 10.556 10.608 10.651 10.723 10.803 10.823 10.921 10.978 10.996 11.041 11.103 11.158 11.253 11.316 11.381 11.456 11.528 11.616 11.643 11.706 11.816 11.891 11.963 12.016 12.108 12.206 12.288 12.356 12.426 12.496 12.533 12.631 12.703 12.786 12.883 12.976
8.786 8.811 8.306 8.346 8.468 8.656 8.761 8.611 8.591 8.631 8.698 8.803 8.876 8.903 8.953 9.078 9.183 9.268 9.316 9.423 9.543 9.618 9.666 9.746 9.796 9.868 9.948 10.046 10.123 10.158 10.208 10.223 10.278 10.371 10.413 10.471 10.523 10.561 10.626 10.698 10.743 10.768 10.873 10.928 10.968 11.011 11.073 11.131 11.198 11.258 11.341 11.381 11.463 11.538 11.591 11.668 11.763 11.818 11.886 11.951 12.026 12.148 12.238 12.306 12.331 12.348 12.448 12.526 12.603 12.691 12.768 12.871
8.031 8.483 8.661 8.376 8.596 9.031 9.096 8.868 8.513 8.536 8.653 8.721 8.743 8.806 8.911 9.016 9.103 9.171 9.248 9.363 9.456 9.503 9.591 9.678 9.728 9.828 9.918 10.003 10.058 10.101 10.131 10.183 10.258 10.313 10.373 10.416 10.461 10.536 10.603 10.661 10.693 10.771 10.823 10.868 10.883 10.971 11.006 11.093 11.151 11.206 11.241 11.308 11.406 11.456 11.541 11.613 11.688 11.728 11.746 11.816 11.926 12.043 12.168 12.223 12.233 12.256 12.368 12.426 12.501 12.576 12.661 12.773
7.873 8.078 8.523 8.818 8.838 8.936 9.136 9.183 8.733 8.466 8.591 8.628 8.666 8.728 8.858 8.956 9.021 9.091 9.168 9.288 9.346 9.413 9.511 9.578 9.661 9.753 9.881 9.931 9.988 10.036 10.068 10.138 10.216 10.278 10.336 10.381 10.431 10.526 10.588 10.626 10.656 10.716 10.748 10.793 10.836 10.911 10.978 11.023 11.078 11.141 11.193 11.241 11.313 11.363 11.476 11.548 11.566 11.606 11.663 11.731 11.871 11.931 12.006 12.101 12.173 12.213 12.261 12.341 12.366 12.301 12.498 12.438
8.436 9.173 8.641 8.321 7.986 8.188 8.758 9.163 9.093 8.573 8.481 8.521 8.591 8.683 8.798 8.861 8.928 9.018 9.131 9.221 9.243 9.343 9.421 9.498 9.608 9.701 9.788 9.871 9.928 9.961 10.008 10.091 10.173 10.243 10.276 10.313 10.401 10.503 10.538 10.546 10.616 10.671 10.693 10.723 10.796 10.871 10.923 10.973 11.036 11.076 11.126 11.181 11.211 11.291 11.378 11.413 11.466 11.563 11.611 11.701 11.791 11.873 11.943 11.953 12.068 12.108 12.151 12.041 11.653 11.326 11.281 11.371
8.508 8.828 7.913 7.556 9.111 8.653 8.381 8.993 9.191 8.961 8.453 8.416 8.538 8.668 8.748 8.793 8.861 8.966 9.066 9.098 9.161 9.253 9.336 9.416 9.538 9.651 9.708 9.773 9.823 9.861 9.951 10.041 10.101 10.181 10.243 10.283 10.348 10.426 10.471 10.508 10.553 10.598 10.631 10.678 10.738 10.776 10.843 10.898 10.953 11.008 11.053 11.083 11.146 11.218 11.256 11.311 11.398 11.438 11.521 11.601 11.691 11.808 11.826 11.893 11.988 12.023 11.678 10.963 10.793 10.628 10.011 10.118
8.466 7.526 7.866 7.516 8.551 9.773 8.073 8.508 9.096 9.193 8.746 8.378 8.458 8.598 8.668 8.681 8.801 8.868 8.966 9.031 9.126 9.201 9.248 9.388 9.488 9.591 9.643 9.721 9.776 9.823 9.886 9.976 10.043 10.111 10.183 10.303 10.358 10.373 10.411 10.466 10.503 10.526 10.596 10.606 10.646 10.698 10.758 10.811 10.878 10.938 10.966 11.001 11.081 11.126 11.156 11.226 11.281 11.331 11.438 11.523 11.606 11.663 11.743 11.796 11.718 11.453 10.773 10.191 9.776 9.671 9.256 9.048
7.273 7.256 7.618 7.846 8.633 8.816 9.331 7.911 8.678 9.143 8.966 8.466 8.371 8.458 8.563 8.636 8.716 8.806 8.873 8.956 9.053 9.103 9.193 9.346 9.413 9.476 9.551 9.613 9.691 9.766 9.848 9.936 10.003 10.071 10.158 10.208 10.266 10.291 10.338 10.383 10.433 10.483 10.516 10.531 10.586 10.618 10.671 10.721 10.778 10.808 10.863 10.943 10.991 11.008 11.051 11.116 11.168 11.238 11.341 11.406 11.503 11.523 11.358 10.956 10.676 10.211 9.946 8.908 8.388 8.088 8.168 7.878
7.283 8.233 8.163 9.458 10.341 9.208 9.573 8.498 8.396 9.023 9.133 8.733 8.426 8.381 8.441 8.546 8.643 8.733 8.791 8.886 8.968 9.041 9.161 9.266 9.363 9.421 9.478 9.528 9.603 9.701 9.771 9.851 9.921 9.978 10.091 10.131 10.186 10.246 10.266 10.318 10.328 10.391 10.403 10.461 10.498 10.541 10.596 10.628 10.688 10.733 10.781 10.841 10.888 10.886 10.961 11.006 11.068 11.156 11.233 11.326 11.398 10.976 10.123 9.748 9.478 8.921 8.431 7.543 7.267 6.972 6.756 6.688
9.611 9.353 9.908 10.538 10.946 10.443 8.858 9.396 9.721 10.108 9.116 9.108 8.683 8.313 8.368 8.468 8.561 8.648 8.723 8.821 8.866 8.991 9.111 9.213 9.268 9.331 9.393 9.451 9.536 9.636 9.696 9.781 9.818 9.928 10.013 10.043 10.101 10.158 10.201 10.233 10.261 10.293 10.343 10.388 10.418 10.458 10.518 10.563 10.601 10.626 10.696 10.741 10.763 10.803 10.898 10.916 11.011 11.053 11.136 11.121 10.746 9.981 9.221 8.481 8.068 7.361 6.715 6.392 6.56 6.459 6.191 6.038
10.061 10.391 10.803 11.071 10.983 10.611 9.303 8.051 7.921 8.576 8.806 9.081 9.111 8.583 8.313 8.396 8.451 8.596 8.656 8.711 8.806 8.928 9.046 9.118 9.198 9.241 9.321 9.376 9.486 9.573 9.616 9.678 9.741 9.843 9.901 9.931 10.023 10.048 10.091 10.146 10.181 10.216 10.278 10.291 10.328 10.393 10.423 10.466 10.478 10.546 10.588 10.651 10.673 10.731 10.788 10.863 10.901 10.838 10.636 10.031 9.566 8.973 8.263 7.491 6.886 6.21 5.953 5.925 6.008 6.09 6.031 5.799
10.638 10.983 11.056 10.783 10.383 9.908 8.388 7.236 7.388 7.918 9.013 8.898 9.113 8.903 8.371 8.321 8.383 8.493 8.568 8.638 8.743 8.866 8.951 9.021 9.096 9.161 9.241 9.336 9.436 9.481 9.553 9.583 9.668 9.746 9.788 9.836 9.896 9.938 10.001 10.041 10.086 10.123 10.161 10.178 10.233 10.288 10.306 10.353 10.413 10.463 10.511 10.553 10.606 10.683 10.723 10.721 10.171 9.891 9.506 9.171 8.581 7.881 7.388 6.729 6.255 5.95 5.943 6.045 5.973 5.841 5.842 5.213
11.123 10.988 10.551 10.176 9.126 7.578 7.221 7.228 7.633 8.948 9.266 9.661 9.078 8.996 8.816 8.366 8.333 8.418 8.481 8.573 8.708 8.778 8.841 8.918 8.986 9.066 9.168 9.261 9.348 9.401 9.426 9.501 9.591 9.636 9.668 9.738 9.788 9.821 9.868 9.916 9.993 10.026 10.068 10.096 10.128 10.153 10.193 10.246 10.328 10.378 10.423 10.488 10.548 10.621 10.596 9.931 9.308 8.978 8.768 8.441 7.793 7.498 7.075 6.54 6.318 6.25 6.161 6.113 5.657 5.007 4.681 4.03
10.723 10.393 9.216 8.548 7.686 7.248 7.203 7.693 8.951 9.918 9.398 9.791 9.228 8.876 8.856 8.531 8.238 8.301 8.411 8.516 8.621 8.686 8.756 8.823 8.911 9.001 9.093 9.181 9.251 9.291 9.351 9.448 9.516 9.536 9.583 9.636 9.636 9.693 9.756 9.816 9.861 9.926 9.961 9.991 10.023 10.051 10.086 10.163 10.246 10.296 10.346 10.413 10.466 10.441 10.051 9.166 8.568 8.253 8.053 7.686 7.228 7.024 6.69 6.341 6.218 5.832 5.494 5.245 4.754 4.01 3.337 2.921
10.006 8.893 7.218 7.301 7.273 7.216 7.236 7.738 9.671 10.008 9.153 9.461 9.751 9.006 8.941 8.918 8.376 8.201 8.293 8.426 8.523 8.601 8.643 8.728 8.818 8.913 9.008 9.081 9.141 9.201 9.286 9.358 9.396 9.438 9.491 9.501 9.521 9.588 9.643 9.706 9.771 9.813 9.853 9.888 9.908 9.948 10.001 10.096 10.146 10.208 10.263 10.348 10.391 9.506 9.018 8.416 8.066 7.976 7.926 7.553 6.903 6.544 5.886 5.658 5.219 4.845 4.5 3.98 3.264 2.838 2.693 2.596
10.483 7.726 7.176 7.443 7.216 7.186 7.208 7.233 7.946 9.626 9.903 9.981 9.946 8.801 8.766 8.908 8.626 8.211 8.211 8.323 8.426 8.493 8.553 8.603 8.698 8.826 8.906 8.971 9.053 9.123 9.211 9.256 9.286 9.338 9.386 9.401 9.433 9.471 9.538 9.586 9.638 9.706 9.746 9.766 9.801 9.863 9.936 9.991 10.031 10.091 10.191 9.878 9.601 8.603 8.021 7.711 7.605 7.402 7.388 7.097 6.351 5.682 4.79 4.24 3.713 3.428 3.11 2.792 2.669 2.583 2.506 2.449
12.616 9.971 7.298 7.193 7.198 7.211 7.238 7.243 7.286 8.553 9.936 9.848 8.831 7.868 8.373 8.816 8.846 8.541 8.163 8.203 8.283 8.348 8.423 8.516 8.643 8.738 8.813 8.881 8.946 9.051 9.101 9.143 9.188 9.241 9.263 9.286 9.326 9.373 9.446 9.478 9.543 9.606 9.633 9.661 9.738 9.808 9.858 9.506 9.053 9.643 9.993 8.966 8.298 7.958 7.414 6.751 6.571 6.229 6.079 5.748 4.947 4.031 3.481 3.107 2.886 2.757 2.648 2.568 2.481 2.399 2.366 2.32
10.661 7.676 7.131 7.146 7.151 7.198 7.246 7.278 7.328 7.396 8.908 7.818 8.793 9.433 8.308 8.488 8.876 8.776 8.238 8.076 8.141 8.203 8.306 8.448 8.578 8.618 8.738 8.781 8.881 8.966 9.003 9.053 9.106 9.148 9.168 9.196 9.256 9.271 9.351 9.393 9.446 9.486 9.533 9.568 9.643 9.638 9.156 8.243 7.623 8.721 9.091 8.058 7.091 6.582 6.109 5.621 5.15 4.696 4.298 3.673 3.141 2.968 2.8 2.719 2.637 2.545 2.464 2.418 2.329 2.327 2.32 2.265
7.298 7.101 7.111 7.123 7.171 7.183 7.231 7.261 7.288 7.336 7.378 8.336 10.043 10.093 9.051 8.041 8.698 8.428 7.953 7.988 8.043 8.071 8.206 8.348 8.448 8.526 8.603 8.698 8.821 8.868 8.921 8.983 9.026 9.046 9.068 9.128 9.176 9.183 9.266 9.308 9.326 9.383 9.453 9.468 9.346 8.533 7.998 7.336 6.511 7.886 7.621 6.564 5.781 5.03 4.633 4.382 4.222 3.735 3.147 2.889 2.755 2.65 2.585 2.514 2.444 2.382 2.321 2.293 2.266 2.272 2.29 2.262
7.048 7.068 7.108 7.121 7.151 7.166 7.208 7.251 7.288 7.288 7.343 8.251 9.851 9.848 8.756 7.778 7.891 7.793 7.851 8.068 7.986 7.971 8.093 8.228 8.338 8.393 8.498 8.616 8.733 8.768 8.803 8.856 8.903 8.916 8.996 9.023 9.111 9.131 9.193 9.221 9.238 9.311 9.343 9.316 8.381 7.578 6.863 6.613 5.508 6.203 5.834 4.906 4.392 3.872 3.468 3.295 3.227 2.921 2.745 2.638 2.569 2.47 2.401 2.334 2.282 2.254 2.25 2.236 2.239 2.225 2.163 2.048
