All_lidar/sz6289_DSM_2M.asc
ncols 500
nrows 500
xllcorner    462000
yllcorner    89000
cellsize     2
NODATA_value -9999
[rows 320 to 351 of 500, columns 146 to 218 of 500]
39.842 39.772 39.705 39.607 39.507 39.407 39.31 39.197 39.107 39.017 38.915 38.86 38.797 38.665 38.64 38.62 38.567 38.542 38.455 38.34 38.312 38.38 38.537 38.622 38.137 37.985 37.902 37.947 37.957 37.932 37.882 37.822 37.815 37.725 37.675 37.66 37.622 37.602 37.562 37.53 37.522 37.452 37.41 37.362 37.312 37.275 37.222 37.192 37.197 37.17 37.155 37.17 37.172 37.18 37.175 37.205 37.275 37.38 37.44 37.53 37.595 37.71 37.797 37.887 37.995 38.092 38.182 38.302 38.427 38.53 38.66 38.775 38.917
39.71 39.655 39.567 39.502 39.412 39.322 39.227 39.09 38.972 38.91 38.805 38.72 38.665 38.547 38.505 38.47 38.435 38.417 38.34 38.247 38.227 38.36 38.402 38.655 38.035 37.817 37.757 37.812 37.79 37.775 37.742 37.657 37.607 37.595 37.542 37.517 37.485 37.45 37.425 37.372 37.352 37.305 37.252 37.212 37.182 37.12 37.082 37.045 36.997 36.992 36.962 36.965 36.965 36.985 36.987 37.03 37.135 37.212 37.272 37.362 37.455 37.575 37.68 37.787 37.88 37.972 38.08 38.205 38.335 38.46 38.597 38.712 38.865
39.63 39.555 39.48 39.39 39.292 39.197 39.102 38.992 38.89 38.77 38.662 38.612 38.512 38.445 38.405 38.345 38.32 38.267 38.215 38.102 38.11 38.25 38.605 39.145 37.97 37.715 37.655 37.705 37.695 37.627 37.585 37.525 37.487 37.415 37.367 37.332 37.322 37.285 37.252 37.2 37.172 37.12 37.072 37.017 37.007 36.947 36.907 36.842 36.817 36.805 36.8 36.792 36.78 36.777 36.827 36.885 36.947 37.017 37.107 37.222 37.33 37.432 37.542 37.667 37.77 37.87 37.972 38.122 38.23 38.362 38.502 38.64 38.76
39.495 39.422 39.347 39.262 39.162 39.075 38.972 38.86 38.75 38.65 38.572 38.505 38.38 38.34 38.305 38.232 38.182 38.145 38.07 37.982 38.017 38.137 38.772 39.382 37.972 37.632 37.54 37.572 37.567 37.492 37.455 37.405 37.31 37.26 37.235 37.18 37.145 37.1 37.062 37.035 37 36.92 36.91 36.847 36.795 36.77 36.72 36.635 36.597 36.602 36.592 36.59 36.585 36.615 36.652 36.702 36.79 36.865 36.952 37.075 37.16 37.32 37.405 37.547 37.655 37.76 37.892 38.032 38.135 38.3 38.415 38.55 38.69
39.37 39.32 39.245 39.142 39.06 38.962 38.847 38.745 38.655 38.542 38.452 38.417 38.27 38.242 38.177 38.105 38.075 38.005 37.94 37.86 37.92 37.96 38.207 38.605 37.592 37.482 37.405 37.407 37.37 37.352 37.3 37.2 37.127 37.07 37.035 37.01 36.967 36.932 36.86 36.842 36.807 36.767 36.695 36.647 36.597 36.565 36.535 36.492 36.49 36.46 36.41 36.41 36.412 36.46 36.512 36.577 36.632 36.72 36.822 36.965 37.077 37.235 37.305 37.435 37.54 37.652 37.787 37.932 38.067 38.225 38.345 38.495 38.64
39.25 39.207 39.102 39 38.912 38.835 38.745 38.615 38.527 38.422 38.357 38.302 38.182 38.12 38.065 37.987 37.94 37.902 37.822 37.75 37.76 37.88 39.15 38.412 37.357 37.322 37.28 37.277 37.212 37.127 37.07 37.047 36.987 36.977 36.892 36.845 36.805 36.792 36.73 36.687 36.652 36.587 36.552 36.507 36.457 36.415 36.382 36.327 36.32 36.287 36.272 36.242 36.252 36.275 36.322 36.39 36.485 36.58 36.675 36.822 36.945 37.067 37.195 37.315 37.447 37.6 37.727 37.867 37.992 38.145 38.267 38.422 38.57
39.13 39.047 38.98 38.875 38.785 38.695 38.602 38.505 38.41 38.302 38.25 38.177 38.067 38.025 37.942 37.855 37.815 37.777 37.687 37.635 37.687 38.157 42.29 39.657 37.24 37.165 37.125 37.13 37.075 36.967 36.935 36.925 36.817 36.762 36.712 36.675 36.63 36.58 36.537 36.49 36.465 36.4 36.352 36.302 36.267 36.212 36.187 36.155 36.145 36.07 36.1 36.09 36.07 36.122 36.17 36.295 36.362 36.462 36.572 36.7 36.812 36.957 37.095 37.237 37.362 37.452 37.597 37.735 37.88 38.037 38.185 38.352 38.487
38.995 38.945 38.862 38.77 38.667 38.57 38.462 38.41 38.307 38.222 38.12 38.077 37.957 37.922 37.827 37.747 37.715 37.655 37.552 37.555 37.665 38.975 45.012 41.455 44.217 37.025 36.992 36.97 36.915 36.85 36.807 36.725 36.642 36.592 36.552 36.537 36.48 36.43 36.382 36.35 36.307 36.257 36.232 36.18 36.13 36.092 36.047 36.002 36 35.97 35.925 35.93 35.922 35.962 36.032 36.102 36.197 36.297 36.422 36.557 36.695 36.837 36.967 37.09 37.225 37.357 37.502 37.662 37.792 37.935 38.095 38.235 38.405
38.857 38.78 38.702 38.635 38.557 38.462 38.367 38.275 38.18 38.12 38.027 37.957 37.832 37.795 37.7 37.647 37.595 37.52 37.445 37.532 37.83 40.392 43.277 43.035 40.612 36.885 36.842 36.83 36.777 36.742 36.705 36.607 36.527 36.452 36.397 36.385 36.337 36.267 36.235 36.187 36.135 36.087 36.045 35.987 35.95 35.92 35.882 35.825 35.8 35.772 35.747 35.752 35.767 35.817 35.87 35.947 36.07 36.21 36.322 36.437 36.597 36.737 36.847 37.005 37.132 37.257 37.407 37.545 37.68 37.835 37.98 38.12 38.325
38.747 38.675 38.57 38.51 38.44 38.342 38.24 38.162 38.082 38.01 37.932 37.862 37.717 37.64 37.57 37.522 37.467 37.4 37.322 38.845 41.02 41.21 45.13 38.305 36.885 36.71 36.697 36.695 36.637 36.597 36.52 36.435 36.375 36.3 36.257 36.19 36.145 36.115 36.047 36.017 35.962 35.925 35.885 35.845 35.787 35.752 35.717 35.682 35.637 35.63 35.602 35.587 35.607 35.67 35.755 35.842 35.947 36.092 36.205 36.34 36.475 36.615 36.74 36.875 37.037 37.157 37.3 37.445 37.625 37.79 37.922 38.075 38.257
38.597 38.527 38.465 38.375 38.307 38.215 38.12 38.04 37.94 37.865 37.805 37.727 37.6 37.542 37.447 37.417 37.357 37.277 37.227 37.262 37.535 37.782 37.115 36.79 36.735 36.642 36.58 36.545 36.51 36.435 36.355 36.29 36.197 36.132 36.12 36.045 36.017 35.965 35.907 35.857 35.807 35.755 35.712 35.642 35.592 35.567 35.542 35.497 35.462 35.407 35.412 35.392 35.452 35.53 35.617 35.73 35.84 35.967 36.115 36.247 36.395 36.525 36.67 36.797 36.927 37.065 37.26 37.375 37.562 37.682 37.835 37.997 38.17
38.462 38.402 38.322 38.252 38.167 38.08 37.997 37.93 37.847 37.742 37.697 37.597 37.487 37.425 37.365 37.3 37.24 37.16 37.09 37.152 37.282 37.362 36.995 36.562 36.557 36.467 36.445 36.4 36.315 36.24 36.175 36.112 36.04 35.945 35.902 35.865 35.8 35.745 35.695 35.652 35.6 35.557 35.52 35.47 35.425 35.397 35.375 35.332 35.285 35.24 35.232 35.247 35.307 35.4 35.507 35.617 35.73 35.872 36.005 36.152 36.29 36.405 36.572 36.675 36.85 36.987 37.167 37.305 37.477 37.64 37.787 37.957 38.125
38.322 38.247 38.175 38.122 38.037 37.947 37.867 37.817 37.712 37.642 37.572 37.447 37.385 37.312 37.24 37.19 37.127 37.03 36.975 37.127 37.245 37.43 36.857 36.437 36.407 36.327 36.315 36.262 36.147 36.087 36.002 35.917 35.83 35.78 35.74 35.68 35.63 35.56 35.535 35.485 35.422 35.367 35.307 35.287 35.23 35.19 35.185 35.172 35.115 35.077 35.067 35.11 35.182 35.285 35.4 35.507 35.642 35.765 35.912 36.057 36.19 36.335 36.495 36.645 36.8 36.932 37.107 37.242 37.4 37.57 37.742 37.907 38.1
38.175 38.102 38.05 37.975 37.895 37.795 37.74 37.66 37.587 37.537 37.442 37.327 37.287 37.195 37.122 37.08 37.005 36.912 36.885 37.057 37.465 38.26 36.957 36.285 36.265 36.195 36.192 36.065 35.972 35.917 35.847 35.74 35.67 35.577 35.527 35.495 35.455 35.427 35.365 35.32 35.27 35.225 35.177 35.105 35.062 35.047 35.03 35 34.995 34.927 34.937 34.957 35.052 35.152 35.262 35.382 35.54 35.69 35.825 35.96 36.127 36.257 36.42 36.575 36.707 36.865 37.035 37.19 37.342 37.5 37.692 37.887 38.06
38.007 37.962 37.912 37.847 37.755 37.65 37.602 37.525 37.447 37.382 37.26 37.232 37.15 37.072 37.007 36.952 36.9 36.817 36.782 37.017 37.287 38.312 37.417 36.19 36.107 36.045 36.037 35.937 35.827 35.747 35.662 35.605 35.525 35.445 35.415 35.37 35.315 35.25 35.18 35.127 35.09 35.05 34.982 34.922 34.877 34.857 34.832 34.807 34.775 34.77 34.772 34.817 34.935 35.057 35.165 35.295 35.462 35.602 35.757 35.9 36.052 36.202 36.352 36.497 36.635 36.777 36.935 37.105 37.255 37.425 37.577 37.755 37.945
37.875 37.84 37.787 37.722 37.647 37.547 37.47 37.42 37.347 37.225 37.175 37.145 36.99 36.917 36.907 36.837 36.777 36.715 36.707 37.127 36.85 36.992 38.805 36.32 35.952 35.925 35.867 35.785 35.67 35.592 35.515 35.405 35.335 35.272 35.225 35.16 35.1 35.07 35.03 34.982 34.917 34.877 34.822 34.777 34.722 34.695 34.672 34.625 34.63 34.61 34.652 34.715 34.815 34.94 35.1 35.217 35.365 35.477 35.637 35.825 35.955 36.102 36.242 36.397 36.54 36.692 36.822 37.015 37.16 37.332 37.52 37.69 37.9
37.755 37.707 37.642 37.577 37.5 37.412 37.357 37.285 37.18 37.1 37.065 36.952 36.857 36.8 36.775 36.705 36.632 36.58 36.74 37.747 37.59 38.96 36.51 36.157 35.812 35.78 35.777 35.665 35.53 35.44 35.347 35.245 35.177 35.13 35.06 35.012 35.005 34.912 34.872 34.812 34.752 34.67 34.62 34.587 34.557 34.5 34.495 34.457 34.447 34.455 34.48 34.565 34.68 34.822 34.955 35.077 35.242 35.392 35.547 35.705 35.857 35.982 36.125 36.27 36.432 36.592 36.752 36.915 37.055 37.242 37.395 37.612 37.787
37.62 37.56 37.495 37.45 37.342 37.297 37.202 37.122 37.035 37.022 36.905 36.797 36.73 36.68 36.642 36.572 36.515 36.45 36.607 37.48 38.697 38.917 36.235 35.74 35.705 35.68 35.66 35.53 35.382 35.27 35.207 35.07 35.007 34.93 34.905 34.847 34.805 34.732 34.662 34.595 34.545 34.502 34.477 34.41 34.352 34.315 34.302 34.29 34.28 34.282 34.345 34.45 34.537 34.685 34.83 34.942 35.12 35.287 35.437 35.607 35.76 35.885 36.032 36.187 36.322 36.467 36.655 36.817 37.002 37.165 37.34 37.53 37.712
37.487 37.43 37.357 37.305 37.217 37.155 37.082 36.975 36.95 36.915 36.74 36.647 36.59 36.522 36.487 36.45 36.39 36.33 36.395 36.545 36.842 36.262 35.78 35.622 35.577 35.545 35.492 35.367 35.205 35.137 35.05 34.952 34.87 34.817 34.745 34.69 34.635 34.547 34.475 34.402 34.342 34.305 34.277 34.25 34.182 34.142 34.117 34.115 34.13 34.155 34.247 34.35 34.452 34.562 34.7 34.877 35.012 35.185 35.335 35.482 35.637 35.802 35.92 36.075 36.247 36.367 36.555 36.732 36.922 37.105 37.265 37.437 37.647
37.337 37.292 37.202 37.14 37.07 37.002 36.912 36.847 36.86 36.71 36.64 36.517 36.427 36.402 36.347 36.287 36.225 36.202 36.29 36.25 36.802 36.052 35.567 35.477 35.455 35.445 35.305 35.175 35.067 34.965 34.87 34.762 34.665 34.6 34.545 34.51 34.445 34.397 34.335 34.267 34.205 34.172 34.107 34.047 34.02 34 33.967 33.955 33.962 34.042 34.105 34.19 34.305 34.437 34.6 34.74 34.915 35.082 35.26 35.385 35.52 35.68 35.832 35.99 36.142 36.29 36.467 36.635 36.817 37.04 37.205 37.407 37.61
37.202 37.132 37.077 37.007 36.935 36.877 36.775 36.78 36.682 36.55 36.47 36.397 36.332 36.265 36.212 36.15 36.087 36.077 36.17 36.095 35.975 35.695 35.412 35.33 35.292 35.3 35.162 35.025 34.907 34.797 34.717 34.61 34.527 34.465 34.395 34.332 34.247 34.192 34.145 34.065 34 33.965 33.907 33.882 33.84 33.835 33.787 33.802 33.822 33.922 34.01 34.09 34.225 34.35 34.5 34.667 34.832 35.012 35.16 35.325 35.465 35.595 35.785 35.94 36.085 36.257 36.43 36.632 36.782 36.977 37.132 37.362 37.555
37.057 36.997 36.945 36.882 36.787 36.72 36.692 36.637 36.535 36.41 36.345 36.255 36.197 36.142 36.08 36.002 35.927 35.927 36.007 35.815 36.375 35.552 35.252 35.21 35.155 35.092 34.987 34.835 34.735 34.637 34.54 34.447 34.357 34.275 34.192 34.107 34.067 34.02 33.96 33.91 33.88 33.832 33.767 33.722 33.697 33.7 33.677 33.67 33.74 33.807 33.905 33.997 34.122 34.272 34.447 34.602 34.787 34.942 35.122 35.237 35.412 35.53 35.702 35.857 36.017 36.175 36.36 36.527 36.707 36.93 37.095 37.29 37.49
36.922 36.842 36.802 36.732 36.65 36.635 36.567 36.475 36.36 36.24 36.2 36.077 36.05 35.997 35.942 35.865 35.78 35.812 35.835 35.542 35.715 35.265 35.11 35.057 35 34.962 34.84 34.66 34.575 34.46 34.397 34.297 34.21 34.135 34.08 34.007 33.935 33.887 33.795 33.76 33.715 33.667 33.635 33.615 33.597 33.55 33.545 33.545 33.6 33.665 33.805 33.92 34.037 34.18 34.342 34.512 34.69 34.865 35.045 35.17 35.35 35.48 35.657 35.82 35.972 36.127 36.317 36.49 36.68 36.86 37.065 37.24 37.43
36.78 36.7 36.645 36.592 36.522 36.525 36.417 36.345 36.247 36.087 36.022 35.967 35.915 35.842 35.787 35.705 35.655 35.657 35.712 35.375 35.425 35.072 34.947 34.882 34.825 34.79 34.65 34.505 34.395 34.285 34.2 34.122 34.022 33.96 33.877 33.81 33.755 33.682 33.645 33.6 33.542 33.482 33.467 33.462 33.462 33.43 33.385 33.432 33.507 33.577 33.695 33.82 34 34.15 34.297 34.502 34.652 34.845 35.002 35.13 35.287 35.425 35.595 35.757 35.92 36.087 36.267 36.482 36.645 36.84 36.997 37.202 37.382
36.672 36.622 36.53 36.447 36.45 36.362 36.29 36.195 36.112 35.932 35.86 35.81 35.745 35.68 35.647 35.55 35.52 35.565 35.505 35.312 35.33 34.9 34.83 34.712 34.657 34.635 34.502 34.337 34.22 34.122 34.045 33.957 33.89 33.805 33.737 33.68 33.637 33.577 33.515 33.442 33.38 33.345 33.325 33.337 33.335 33.31 33.282 33.325 33.42 33.525 33.637 33.757 33.897 34.047 34.235 34.392 34.575 34.737 34.907 35.077 35.23 35.36 35.505 35.652 35.847 36.012 36.212 36.39 36.585 36.777 36.942 37.135 37.322
36.535 36.477 36.39 36.382 36.307 36.225 36.177 36.06 35.937 35.837 35.715 35.652 35.587 35.535 35.495 35.385 35.385 35.422 35.305 35.19 35.047 34.72 34.63 34.525 34.467 34.425 34.322 34.16 34.075 33.945 33.86 33.76 33.667 33.64 33.572 33.49 33.427 33.357 33.325 33.282 33.247 33.23 33.202 33.205 33.195 33.125 33.135 33.192 33.317 33.415 33.54 33.672 33.787 33.98 34.135 34.315 34.515 34.665 34.817 34.98 35.147 35.275 35.44 35.615 35.777 35.942 36.157 36.357 36.547 36.725 36.892 37.087 37.302
36.39 36.32 36.272 36.257 36.142 36.07 36.007 35.897 35.787 35.687 35.577 35.505 35.43 35.37 35.337 35.255 35.262 35.28 35.117 35.112 34.867 34.522 34.452 34.375 34.305 34.23 34.1 33.965 33.87 33.782 33.682 33.62 33.532 33.485 33.407 33.335 33.28 33.215 33.16 33.1 33.05 33.03 33.015 33.002 32.977 32.962 32.97 33.057 33.17 33.327 33.422 33.557 33.702 33.9 34.042 34.232 34.415 34.575 34.712 34.862 35.087 35.22 35.372 35.537 35.725 35.922 36.087 36.292 36.465 36.66 36.842 37.077 37.292
36.25 36.182 36.185 36.09 36.005 35.922 35.837 35.762 35.632 35.562 35.44 35.355 35.29 35.227 35.17 35.077 35.092 35.147 34.997 34.997 34.517 34.337 34.282 34.195 34.132 34.032 33.922 33.812 33.705 33.627 33.507 33.41 33.337 33.28 33.21 33.145 33.09 32.985 32.932 32.882 32.852 32.867 32.842 32.807 32.812 32.815 32.86 32.977 33.075 33.195 33.31 33.455 33.607 33.775 33.947 34.112 34.297 34.487 34.627 34.792 34.99 35.137 35.307 35.49 35.675 35.87 36.057 36.252 36.432 36.635 36.812 37.047 37.247
36.085 36.117 36.027 35.93 35.857 35.787 35.682 35.6 35.467 35.415 35.252 35.192 35.14 35.075 35.017 34.905 34.92 34.982 34.91 35.527 34.582 34.175 34.102 34.027 33.965 33.865 33.735 33.63 33.505 33.427 33.325 33.237 33.162 33.1 33.03 32.977 32.905 32.83 32.757 32.707 32.665 32.667 32.675 32.635 32.625 32.642 32.705 32.837 32.927 33.092 33.195 33.362 33.52 33.707 33.87 34.022 34.22 34.39 34.567 34.747 34.877 35.07 35.242 35.427 35.617 35.815 36.017 36.21 36.415 36.617 36.785 36.995 37.21
36.032 35.95 35.847 35.777 35.7 35.607 35.532 35.422 35.287 35.22 35.11 35.035 34.967 34.907 34.832 34.747 34.765 34.79 34.585 34.655 34.095 33.962 33.93 33.87 33.777 33.652 33.555 33.475 33.367 33.247 33.13 33.077 32.99 32.905 32.822 32.767 32.722 32.615 32.57 32.547 32.522 32.512 32.495 32.445 32.45 32.495 32.617 32.76 32.845 32.975 33.132 33.272 33.427 33.605 33.79 33.987 34.15 34.322 34.502 34.695 34.862 35.012 35.19 35.395 35.575 35.755 35.975 36.197 36.395 36.602 36.802 37.015 37.22
35.892 35.77 35.7 35.59 35.525 35.442 35.362 35.257 35.122 35.04 34.977 34.88 34.805 34.737 34.665 34.592 34.607 34.555 34.497 35.367 34.112 33.792 33.732 33.677 33.587 33.515 33.397 33.292 33.182 33.077 32.955 32.897 32.815 32.705 32.665 32.575 32.522 32.452 32.41 32.395 32.37 32.32 32.295 32.315 32.312 32.395 32.507 32.632 32.752 32.892 33.02 33.185 33.345 33.527 33.7 33.877 34.077 34.237 34.412 34.597 34.802 34.977 35.167 35.357 35.565 35.762 35.947 36.177 36.367 36.57 36.775 36.992 37.187
35.697 35.592 35.52 35.445 35.382 35.295 35.187 35.09 34.94 34.86 34.765 34.68 34.632 34.547 34.465 34.435 34.492 34.362 34.425 34.747 33.89 33.625 33.57 33.487 33.415 33.342 33.252 33.132 33.01 32.89 32.835 32.732 32.682 32.572 32.525 32.45 32.375 32.29 32.212 32.21 32.197 32.175 32.14 32.145 32.192 32.28 32.372 32.512 32.667 32.832 32.962 33.115 33.28 33.46 33.632 33.802 34.017 34.187 34.382 34.542 34.745 34.947 35.13 35.315 35.525 35.745 35.965 36.182 36.36 36.572 36.762 36.987 37.17
