All_lidar/sz6290_DSM_2M.asc
ncols 500
nrows 500
xllcorner    462000
yllcorner    90000
cellsize     2
NODATA_value -9999
[rows 0 to 31 of 500, columns 426 to 496 of 500]
37.262 37.227 36.227 36.17 36.122 36.007 35.897 35.79 35.677 35.562 35.452 35.357 35.277 35.242 35.122 34.997 34.832 34.725 34.577 34.447 34.352 34.262 34.155 34.047 33.962 33.862 33.705 33.627 33.522 33.377 33.227 33.125 32.967 32.847 32.722 32.59 32.472 32.357 32.25 32.14 32.037 31.89 31.76 31.597 31.48 31.352 31.227 31.105 30.977 30.882 30.792 30.652 30.552 30.41 30.262 30.182 30.062 29.91 29.817 29.692 29.59 29.475 29.365 29.232 29.445 29.717 28.705 28.687 28.582 28.477 28.307
37.007 38.035 41.57 39.582 36.12 35.862 35.777 35.652 35.525 35.415 35.352 35.28 35.157 35.075 34.982 34.805 34.73 34.56 34.405 34.3 34.197 34.085 34.005 33.912 33.792 33.655 33.555 33.455 33.36 33.225 33.06 32.962 32.827 32.695 32.572 32.417 32.287 32.207 32.07 31.957 31.882 31.732 31.61 31.465 31.352 31.207 31.072 30.962 30.832 30.727 30.615 30.475 30.365 30.22 30.115 29.965 29.86 29.777 29.68 29.527 29.477 29.332 29.19 29.165 29.487 28.99 28.63 28.505 28.425 28.292 28.135
36.72 45.367 47.455 46.432 40.835 35.757 35.672 35.512 35.427 35.302 35.247 35.135 35.06 34.902 34.82 34.735 34.55 34.42 34.295 34.165 34.035 33.96 33.852 33.74 33.645 33.517 33.38 33.275 33.21 33.06 32.895 32.762 32.632 32.502 32.365 32.297 32.165 32.042 31.922 31.835 31.71 31.605 31.457 31.312 31.187 31.08 30.937 30.802 30.707 30.582 30.455 30.342 30.197 30.077 29.952 29.81 29.702 29.637 29.54 29.42 29.302 29.185 29.08 29.067 29.48 28.54 28.525 28.397 28.27 28.142 27.917
38.432 45.947 47.415 45.727 40.837 35.887 35.707 35.385 35.317 35.182 35.12 35.012 34.915 34.802 34.722 34.585 34.46 34.342 34.187 34.075 33.935 33.782 33.685 33.565 33.457 33.345 33.232 33.107 33.037 32.912 32.747 32.592 32.48 32.362 32.237 32.15 32.015 31.897 31.83 31.687 31.532 31.442 31.342 31.18 31.052 30.907 30.787 30.667 30.537 30.435 30.312 30.177 30.065 29.91 29.807 29.68 29.577 29.47 29.37 29.267 29.122 28.995 28.89 29.232 28.905 28.435 28.337 28.235 28.095 27.91 27.72
37.907 41.392 43.562 39.645 37.53 35.867 36.16 36.137 35.615 35.272 35.012 34.775 34.667 34.615 34.487 34.377 34.277 34.142 33.992 33.932 33.79 33.637 33.515 33.4 33.232 33.122 33.042 32.93 32.845 32.71 32.54 32.427 32.3 32.185 32.065 31.965 31.862 31.752 31.667 31.527 31.342 31.29 31.187 31.027 30.89 30.78 30.632 30.53 30.402 30.252 30.167 30.052 29.892 29.732 29.645 29.565 29.452 29.357 29.257 29.087 28.957 28.82 28.835 29.237 28.43 28.31 28.165 28.027 27.867 27.677 27.56
37.612 37.315 37.197 36.257 36.165 36.042 36.36 36.865 36.327 36.415 35.565 34.937 34.712 34.512 34.282 34.085 33.917 33.86 33.772 33.692 33.605 35.07 33.627 33.332 33.08 32.962 32.835 32.687 32.61 32.475 32.36 32.255 32.122 32.022 31.915 31.802 31.702 31.597 31.49 31.362 31.21 31.077 31.005 30.88 30.727 30.607 30.507 30.367 30.265 30.14 30.012 29.92 29.777 29.59 29.515 29.415 29.357 29.215 29.08 28.947 28.762 28.725 28.91 29.14 28.19 28.202 28.052 27.882 27.695 27.482 27.42
37.45 37.577 36.26 35.985 35.285 35.35 35.297 35.312 35.932 35.817 35.995 35.037 35.142 34.965 34.592 34.077 33.947 33.782 33.52 33.472 33.52 36.98 34.402 33.1 32.917 32.827 32.692 32.537 32.462 32.335 32.192 32.015 31.91 31.812 31.712 31.632 31.55 31.43 31.34 31.197 31.067 30.945 30.82 30.712 30.59 30.465 30.39 30.27 30.132 29.987 29.875 29.752 29.597 29.49 29.345 29.285 29.212 29.067 28.925 28.767 28.562 28.637 29.145 28.347 28.117 28.022 27.88 27.71 27.49 27.382 27.255
38.685 38.675 37.555 36.922 35.475 35.33 35.277 35.14 34.547 34.755 34.927 35.327 35.135 34.777 34.61 35.172 34.245 34.09 34.452 33.695 34.495 35.435 36.75 34.91 34.672 32.635 32.497 32.39 32.295 32.142 31.93 31.865 31.732 31.637 31.535 31.41 31.355 31.227 31.142 31 30.877 30.78 30.665 30.55 30.415 30.325 30.187 30.09 29.957 29.82 29.702 29.622 29.49 29.33 29.215 29.112 29.015 28.902 28.735 28.57 28.362 28.69 28.872 28.02 27.992 27.86 27.71 27.567 27.297 27.215 27.1
37.812 38.54 37.532 35.17 35.157 34.765 34.597 34.482 34.527 35.54 35.515 34.797 34.315 33.97 33.705 34.575 35.05 34.535 34.052 35.612 34.55 34.025 36.812 35.135 33.635 33.69 32.71 32.492 32.262 31.935 31.717 31.64 31.552 31.49 31.362 31.242 31.135 31.04 30.875 30.777 30.652 30.575 30.492 30.377 30.275 30.147 29.992 29.852 29.74 29.645 29.57 29.42 29.357 29.192 29.05 28.995 28.885 28.78 28.575 28.42 28.322 28.85 28.19 27.935 27.895 27.747 27.592 27.347 27.102 27.057 26.915
36.24 38.212 36.977 34.897 34.777 34.635 34.46 34.425 34.435 34.332 34.21 33.8 33.81 33.885 34.007 35.37 33.76 33.4 33.08 33.03 32.857 32.782 32.757 33.275 34.665 34.135 32.765 32.46 32.652 32.06 31.732 31.605 31.61 31.337 31.18 31.087 30.992 30.92 30.765 30.63 30.492 30.372 30.292 30.22 30.117 30 29.85 29.712 29.612 29.557 29.467 29.297 29.165 29.055 28.925 28.817 28.665 28.55 28.397 28.23 28.247 28.565 27.812 27.8 27.715 27.592 27.42 27.717 26.867 26.867 26.765
35.575 37.692 35.877 34.722 34.572 34.422 34.32 34.195 34.067 34.367 34.052 33.677 33.567 33.425 33.305 33.18 33.132 33.01 32.962 33.222 33.432 32.825 32.932 32.347 32.29 32.245 31.8 31.787 31.655 31.83 31.48 31.572 32.612 32.085 32.117 31.337 31.667 33.895 31.725 30.562 30.362 30.227 30.122 30.022 29.93 29.807 29.692 29.622 29.485 29.412 29.26 29.12 28.99 28.89 28.782 28.64 28.455 28.32 28.195 28.072 28.107 27.855 27.592 27.605 28.22 29.46 27.195 26.972 26.815 26.77 26.622
34.92 36.465 36.605 34.522 34.39 34.307 34.13 33.995 34.647 36.845 35.38 33.552 33.442 33.332 33.182 33.03 32.88 34.247 32.525 32.45 32.33 32.28 32.32 32.157 32.512 32.502 31.802 31.64 31.912 31.4 31.18 31.08 31.112 31.065 31.58 31.407 31.412 32.527 36.7 31.35 31.26 30.427 30.04 29.887 29.795 29.675 29.562 29.497 29.397 29.29 29.182 29.037 28.862 28.72 28.627 28.455 28.27 28.135 28.067 28.432 28.422 27.542 27.782 27.535 29.27 28.39 26.982 26.81 26.692 26.63 26.462
34.917 35.605 37.942 34.395 34.247 34.152 33.952 33.82 33.64 35.275 34.895 33.405 33.26 33.13 32.987 32.86 32.777 33.832 32.525 32.282 32.165 32.047 31.915 31.775 31.947 31.787 31.52 31.267 31.222 31.252 31.155 31.262 31.147 31.047 31.875 30.697 30.78 30.445 33.267 30.37 30.462 30.507 30.422 30.002 29.762 29.655 29.467 29.382 29.242 29.135 29.007 28.805 28.612 28.515 28.432 28.29 28.15 28.215 28.4 28.645 28.505 27.592 28.127 27.997 28.415 27.077 27.012 26.732 26.535 26.417 26.27
34.785 35.942 37.072 34.267 34.12 33.977 33.777 33.667 33.495 34.76 35.665 33.262 33.1 32.972 32.82 32.687 32.917 33.757 32.25 32.16 32.047 31.947 31.795 31.662 31.685 31.632 31.275 31.205 31.152 31.14 31.1 31.01 31.287 32.52 32.36 31.722 30.547 30.757 30.337 30.105 29.78 29.775 29.827 29.667 29.502 29.842 30.122 30.165 29.362 29.22 29.052 28.705 29.035 29.03 28.872 28.865 29.075 28.772 28.71 28.545 27.765 27.602 27.802 27.645 27.152 26.995 27.372 26.542 26.402 26.265 26.12
39.252 36.865 35.487 34.127 33.93 33.762 33.672 33.485 33.277 33.932 36.01 33.837 36.932 32.81 32.665 32.532 32.72 33.305 32.075 31.817 31.712 31.63 31.52 31.455 31.72 32.202 31.135 31.065 31.057 31.035 31 30.802 30.757 31.082 30.695 30.337 30.262 30.102 29.792 29.915 30.79 30.105 30.325 29.967 29.902 29.567 29.232 29.142 28.82 29.07 29.985 28.662 28.64 29.085 28.745 28.577 28.712 27.962 28.757 27.305 27.22 27.37 27.347 26.997 28.142 27.062 26.91 26.28 26.192 26.042 25.95
41.275 37.237 35.147 33.862 33.755 33.71 33.64 34.262 34.875 33.895 35.72 34.28 34.622 32.74 32.682 32.962 33.12 32.18 31.82 31.745 31.447 31.405 31.365 31.282 31.662 32.647 30.812 30.697 30.62 30.73 30.56 30.492 30.345 30.107 29.94 29.725 29.7 29.63 29.577 29.657 30.64 29.605 29.285 30.432 29.995 29.99 30.385 30.095 29.455 29.087 28.63 28.655 28.565 28.162 28.345 28.14 28.235 27.947 27.292 27.137 27.09 26.94 26.887 26.717 26.597 26.375 26.795 26.012 25.957 25.827 25.722
41.472 37.34 34.827 34.605 35.307 35.2 35.157 36.345 36.805 34.82 36.192 34.055 32.45 32.392 32.33 33.68 33.937 32.45 32.142 31.622 31.525 31.29 31.15 31.037 31.652 31.695 31.03 33.607 33.397 34.072 33.507 31.172 30.067 29.702 29.355 29.37 29.312 29.352 29.322 29.387 30.182 29.342 29.087 29.032 28.962 28.945 28.78 28.68 28.295 28.645 30.202 28.042 28.017 27.887 27.875 27.64 27.542 27.702 27.145 27.082 27.157 27.232 26.607 26.445 26.505 26.402 26.6 26.097 25.965 25.765 25.502
40.245 37.472 34.462 36.42 38.58 40.335 39.832 39.165 38.505 36.737 34.995 35.367 33.44 34.09 32.977 35.167 35.275 33.067 32.28 31.24 31.162 31.13 31.282 32.72 32.33 31.432 32.822 33.722 34.53 34.432 33.567 31.057 29.847 29.352 28.572 28.755 29.182 29.167 29.252 29.08 29.587 29.192 28.977 28.937 28.847 28.51 28.275 28.32 27.94 27.912 28.052 27.655 27.93 27.607 27.572 27.52 27.405 27.585 27.012 27.052 27.085 27.247 27.347 26.36 26.132 26.082 26.012 26.255 26.225 27.107 25.362
38.98 37.512 33.995 36.212 39.577 40.34 39.865 39.222 38.535 37.792 32.717 36.045 38.765 38.152 38.28 37.625 36.962 34.162 32.3 32.427 33.112 32.155 33.842 34.262 33.662 30.292 31.245 33.577 34.49 34.487 33.615 31.25 29.677 29.347 29.772 31.85 32.35 31.792 31.357 30.557 29.485 28.877 28.402 28.337 28.155 27.82 27.385 27.737 27.392 27.555 27.615 27.235 27.792 27.47 27.457 27.35 27.207 27.152 26.927 27.022 26.907 26.717 26.51 26.24 26.147 25.762 25.555 25.67 25.592 27.372 26.08
36.407 34.307 33.8 34.78 38.905 39.51 39.457 38.362 36.692 36.135 32.89 35.745 38.412 39 38.352 37.675 36.987 34.26 32.382 36.455 37.625 37.09 36.885 36.225 35.06 30.865 29.967 33.375 34.437 34.52 33.672 31.255 29.507 29.385 29.76 31.805 32.502 31.805 31.12 29.555 29.45 28.552 27.862 27.697 28.215 27.32 26.955 26.95 26.88 27.315 28.175 28.502 28.52 27.33 27.315 27.21 27.085 26.885 26.885 26.92 26.76 26.52 27.542 25.995 25.875 25.827 25.44 25.19 25.212 25.607 26.215
35.687 34.002 34.187 33.927 35.597 34.617 34.117 33.802 32.6 32.385 33.105 35.472 37.465 38.202 37.712 37.137 34.955 32.377 33.06 36.377 37.69 37.61 36.94 36.257 35.207 30.715 30.077 33.275 34.367 34.582 33.6 30.57 29.17 28.9 29.677 31.742 32.52 31.83 30.802 28.84 28.367 28.06 28.537 29.382 30.615 30.245 29.837 28.81 28.455 29.397 29.982 30.165 29.095 27.167 27.152 27.04 26.865 26.72 26.795 26.712 26.515 26.267 28.032 26.982 25.795 25.632 25.525 25.492 25.02 24.895 24.917
33.87 33.942 33.917 33.687 34.305 34.547 34.425 33.377 32.255 32.23 33.522 33.215 32.587 33.527 32.045 31.397 31.287 32.63 31.742 36.02 36.922 36.662 34.725 34.607 34 30.837 29.955 33.135 34.302 34.605 33.35 29.31 28.952 28.712 29.485 31.707 32.53 31.875 30.845 28.32 27.957 28.345 29.442 30.827 31.63 31.817 31 30.142 29.7 29.65 29.98 30.175 29.11 27 26.98 26.84 26.722 26.63 26.632 26.47 26.24 26.225 25.735 25.697 25.587 25.492 25.33 25.252 25.182 24.99 24.565
33.447 33.43 33.857 34.13 33.637 34.207 33.36 32.592 32.082 32.002 32.865 33.707 32.51 32.092 31.515 31.13 30.895 31.352 30.635 31.09 30.665 31.682 30.125 30.092 30.427 30.995 29.665 32.99 34.26 34.617 33.357 28.982 28.882 28.87 29.41 31.637 32.517 31.96 30.83 27.94 27.617 27.787 29.135 30.805 31.617 31.805 31.01 30.157 29.712 29.652 29.727 29.757 29.07 26.822 26.782 26.647 26.565 26.522 26.42 26.187 25.825 25.655 25.48 25.412 25.465 25.315 25.172 25 24.815 24.74 24.812
33.315 33.147 33.037 33.165 32.87 33.185 32.895 32.242 31.855 31.802 32.167 32.187 31.545 31.267 31.072 30.827 30.682 30.615 31.032 33.617 31.395 29.975 31.84 31.127 30.937 29.805 29.31 29.985 31.02 30.657 29.375 28.327 28.242 28.602 29.147 31.577 32.497 31.985 29.83 27.28 27.117 27.655 29.002 30.822 31.645 31.807 31.01 30.172 29.655 29.532 29.36 29.14 28.192 26.675 26.595 26.572 26.357 26.377 26.202 25.847 25.567 25.072 25.17 25.305 25.3 25.242 24.952 24.782 24.665 24.67 24.49
35.33 34.402 33.882 32.76 32.617 32.465 32.292 32.005 31.68 31.602 31.655 31.482 31.302 31.072 30.872 30.64 30.477 30.42 30.32 31.665 30.465 29.977 31.085 30.642 29.515 29.367 28.972 28.815 28.127 28.01 27.98 27.96 27.772 27.7 28.195 31.54 32.32 31.342 28.805 26.645 27.097 27.26 28.637 30.855 31.645 31.807 30.98 30.155 28.49 27.155 27.655 26.62 26.465 26.512 26.415 26.22 26.197 26.195 25.942 25.642 25.485 25.772 25.255 25.157 25.207 24.99 24.547 24.537 24.465 24.692 24.517
33.99 33.52 33.63 32.6 32.497 32.585 32.222 32.272 31.575 31.397 31.365 31.245 31.09 30.88 30.64 30.415 30.235 30.2 30.165 29.98 29.8 29.677 29.497 29.305 29.195 29.237 28.782 28.422 27.98 27.917 27.817 27.677 27.46 27.217 26.94 26.95 27.485 28.16 26.292 26.295 26.67 27.07 27.785 29.86 30.912 30.1 27.57 27.922 26.842 26.315 26.225 26.257 26.295 26.292 26.152 26.022 26.042 25.962 25.657 25.42 25.1 27.395 27.937 26.697 25.577 24.122 23.837 24.94 24.527 24.362 24.197
32.982 32.705 32.562 32.51 32.572 32.862 32.825 33.125 31.557 31.227 31.172 31.047 30.867 30.66 30.45 30.227 30.022 29.982 29.937 29.835 29.68 29.505 29.362 29.49 28.995 29.01 29.135 28.32 27.927 27.795 27.697 27.552 27.295 26.95 26.617 26.18 25.982 25.96 26.037 26.34 26.37 26.252 26.045 26.512 26.455 26.437 26.062 26.092 26.102 26.04 26.01 26.045 26.072 26.042 25.965 25.82 25.837 25.837 26.305 25.512 25.937 27.977 28.64 28.945 27.477 25.267 24.315 25.925 24.882 23.642 23.485
32.81 32.55 32.397 32.287 32.157 32.005 31.792 31.522 31.247 31.135 31.037 30.917 30.767 30.577 30.337 30.062 29.847 29.775 29.742 29.602 29.492 29.302 29.167 29.015 28.775 28.845 29.177 28.27 27.845 27.685 27.585 27.47 27.242 26.902 26.58 26.182 26.01 25.98 26.085 26.187 26.247 26.137 25.927 25.902 25.942 26.042 25.952 25.94 25.89 25.775 25.8 25.8 25.822 25.76 25.675 25.65 25.625 25.702 26.557 25.527 27.557 28.34 28.992 28.702 27.995 27.277 26.295 25.815 23.887 24.555 24.74
32.692 32.442 32.282 32.48 32.335 31.902 31.69 31.662 31.212 31.037 30.962 30.87 30.707 30.515 30.3 30.032 29.775 29.655 29.605 29.515 29.372 29.19 29.032 28.8 28.62 28.51 28.36 28.11 27.777 27.59 27.455 27.347 27.165 26.907 26.63 26.285 26.077 26.015 26.082 26.17 26.232 26.19 25.815 25.822 25.972 26.515 25.775 25.722 25.66 25.622 25.55 25.557 25.527 25.44 25.412 25.485 25.44 25.11 25.24 26.572 28.092 28.775 28.965 28.307 27.59 26.88 26.105 24.447 23.33 25.54 26.605
32.627 32.42 32.285 32.6 32.427 31.722 31.512 31.335 31.145 30.945 30.792 30.645 30.5 30.367 30.175 29.952 29.73 29.572 29.5 29.395 29.225 29.082 28.93 28.692 28.447 28.337 28.232 28.022 27.705 27.515 27.352 27.237 27.105 26.882 26.62 26.35 26.155 26.035 26.122 26.082 26.147 26.092 25.715 25.7 25.697 25.652 25.597 25.585 25.472 25.32 25.34 25.49 25.282 25.185 25.202 25.312 25.19 24.835 24.705 26.185 28.39 29.047 28.622 27.875 27.162 25.062 25.112 23.632 24.965 26.307 26.922
32.607 32.437 32.255 32.117 31.912 31.707 31.477 31.31 31.137 30.942 30.765 30.565 30.417 30.247 30.062 29.885 29.692 29.545 29.352 29.247 30.097 29.487 28.637 28.455 28.292 28.107 27.96 27.81 27.545 27.35 27.165 27.077 26.955 26.787 26.55 26.325 26.195 26.042 26.037 26.017 25.955 25.897 25.62 25.567 25.547 25.497 25.645 25.547 25.27 25.137 25.105 25.09 25.085 25.02 25.042 25.037 24.94 24.685 24.44 24.435 24.992 27.24 27.405 27.332 26.572 24.077 23.492 23.177 25.715 26.742 26.78
32.662 32.42 32.232 32.04 31.84 31.64 31.435 31.247 31.052 30.897 30.72 30.572 30.362 30.18 30.007 29.825 29.665 29.527 29.362 29.162 28.982 28.855 28.615 28.437 28.26 28.067 27.882 27.68 27.502 27.307 27.137 26.952 26.765 26.602 26.392 26.222 26.067 25.937 25.855 25.815 25.79 25.662 25.487 25.477 25.412 25.352 25.272 25.185 25.062 24.957 24.902 24.847 25.067 24.87 24.82 25.857 26.01 24.677 24.425 24.355 24.265 24.167 24.125 24.737 24.61 23.632 23.165 25.367 26.442 26.907 26.41
