All_lidar/sz6287_DSM_2M.asc
ncols 500
nrows 500
xllcorner    462000
yllcorner    87000
cellsize     2
NODATA_value -9999
[rows 238 to 271 of 500, columns 154 to 230 of 500]
0.462 0.462 0.442 0.439 0.457 0.479 0.492 0.482 0.469 0.434 0.397 0.384 0.402 0.419 0.359 0.384 0.414 0.402 0.434 0.419 0.422 0.402 0.397 0.404 0.402 0.397 0.409 0.407 0.429 0.392 0.359 0.374 0.289 0.202 0.122 0.104 0.084 0.102 0.177 0.232 0.262 0.214 0.234 0.224 0.197 0.187 0.172 0.147 0.142 0.172 0.204 0.239 0.277 0.329 0.319 0.324 0.302 0.289 0.312 0.339 0.344 0.347 0.342 0.364 0.337 0.352 0.377 0.379 0.369 0.374 0.404 0.429 0.427 0.404 0.389 0.392 0.354
0.459 0.459 0.444 0.449 0.429 0.469 0.462 0.477 0.429 0.437 0.432 0.417 0.399 0.412 0.382 0.394 0.402 0.402 0.419 0.417 0.437 0.417 0.434 0.402 0.427 0.412 0.434 0.407 0.402 0.364 0.367 0.382 0.364 0.354 0.262 0.142 0.124 0.119 0.202 0.239 0.269 0.264 0.252 0.219 0.232 0.169 0.154 0.152 0.167 0.217 0.239 0.259 0.272 0.302 0.302 0.302 0.294 0.309 0.349 0.357 0.342 0.347 0.322 0.329 0.347 0.347 0.369 0.369 0.394 0.399 0.419 0.432 0.419 0.389 0.417 0.409 0.364
0.444 0.464 0.452 0.454 0.442 0.437 0.447 0.432 0.402 0.407 0.399 0.409 0.397 0.397 0.404 0.387 0.399 0.397 0.392 0.397 0.412 0.402 0.397 0.377 0.367 0.392 0.427 0.409 0.422 0.387 0.374 0.382 0.379 0.397 0.357 0.224 0.154 0.169 0.244 0.262 0.262 0.224 0.222 0.222 0.214 0.187 0.182 0.184 0.204 0.224 0.227 0.274 0.284 0.309 0.312 0.294 0.287 0.312 0.327 0.347 0.327 0.329 0.349 0.339 0.339 0.354 0.369 0.372 0.384 0.392 0.412 0.409 0.387 0.394 0.397 0.404 0.407
0.429 0.444 0.439 0.437 0.432 0.422 0.434 0.434 0.434 0.422 0.409 0.402 0.377 0.397 0.412 0.399 0.422 0.417 0.404 0.414 0.442 0.427 0.399 0.412 0.402 0.412 0.399 0.419 0.382 0.384 0.372 0.384 0.382 0.419 0.417 0.357 0.244 0.244 0.302 0.327 0.297 0.242 0.232 0.222 0.237 0.227 0.257 0.237 0.239 0.252 0.272 0.332 0.307 0.317 0.302 0.277 0.277 0.324 0.339 0.342 0.342 0.344 0.339 0.354 0.364 0.379 0.359 0.389 0.387 0.434 0.419 0.422 0.434 0.462 0.424 0.422 0.422
0.442 0.434 0.424 0.417 0.442 0.449 0.414 0.439 0.457 0.452 0.429 0.407 0.394 0.407 0.404 0.404 0.427 0.417 0.404 0.419 0.424 0.419 0.389 0.439 0.422 0.432 0.419 0.417 0.412 0.397 0.399 0.409 0.402 0.379 0.394 0.407 0.369 0.374 0.392 0.359 0.299 0.309 0.317 0.309 0.299 0.332 0.369 0.334 0.307 0.272 0.294 0.334 0.304 0.277 0.234 0.252 0.292 0.344 0.349 0.342 0.352 0.312 0.362 0.347 0.347 0.377 0.382 0.384 0.389 0.432 0.412 0.422 0.419 0.422 0.412 0.434 0.449
0.444 0.412 0.429 0.449 0.457 0.449 0.419 0.417 0.434 0.452 0.419 0.434 0.424 0.432 0.419 0.412 0.404 0.447 0.429 0.422 0.402 0.419 0.417 0.437 0.429 0.442 0.442 0.474 0.457 0.459 0.464 0.452 0.437 0.379 0.342 0.394 0.389 0.397 0.379 0.347 0.347 0.354 0.407 0.402 0.402 0.414 0.424 0.434 0.362 0.294 0.324 0.309 0.277 0.229 0.222 0.262 0.334 0.342 0.359 0.377 0.364 0.342 0.339 0.344 0.342 0.354 0.407 0.447 0.399 0.377 0.427 0.424 0.419 0.412 0.399 0.457 0.504
0.444 0.434 0.437 0.452 0.444 0.467 0.427 0.427 0.432 0.439 0.434 0.419 0.414 0.434 0.429 0.427 0.417 0.422 0.417 0.422 0.409 0.399 0.427 0.429 0.437 0.444 0.434 0.442 0.442 0.439 0.422 0.422 0.399 0.319 0.297 0.377 0.417 0.392 0.379 0.387 0.419 0.452 0.482 0.504 0.487 0.479 0.487 0.442 0.417 0.354 0.297 0.242 0.229 0.239 0.272 0.322 0.372 0.352 0.397 0.389 0.342 0.339 0.349 0.364 0.362 0.364 0.449 0.499 0.462 0.454 0.457 0.442 0.429 0.412 0.399 0.442 0.497
0.447 0.442 0.429 0.447 0.407 0.412 0.407 0.417 0.387 0.417 0.394 0.414 0.427 0.419 0.432 0.437 0.434 0.424 0.407 0.422 0.422 0.409 0.414 0.429 0.424 0.414 0.394 0.419 0.412 0.404 0.402 0.422 0.362 0.339 0.354 0.414 0.452 0.442 0.412 0.454 0.452 0.457 0.477 0.494 0.487 0.472 0.464 0.474 0.429 0.379 0.292 0.237 0.222 0.267 0.314 0.359 0.397 0.427 0.432 0.362 0.347 0.352 0.362 0.357 0.359 0.379 0.427 0.492 0.527 0.499 0.447 0.414 0.422 0.424 0.422 0.449 0.489
0.439 0.429 0.422 0.427 0.402 0.402 0.414 0.447 0.437 0.419 0.422 0.432 0.427 0.424 0.404 0.417 0.429 0.419 0.412 0.429 0.442 0.402 0.392 0.419 0.424 0.432 0.419 0.424 0.417 0.389 0.374 0.357 0.357 0.377 0.417 0.437 0.447 0.432 0.434 0.444 0.459 0.472 0.469 0.477 0.494 0.449 0.464 0.467 0.412 0.369 0.262 0.202 0.274 0.312 0.362 0.397 0.424 0.427 0.389 0.384 0.379 0.374 0.372 0.392 0.437 0.434 0.462 0.477 0.519 0.484 0.462 0.447 0.427 0.417 0.412 0.427 0.454
0.444 0.422 0.424 0.429 0.447 0.444 0.399 0.449 0.444 0.429 0.422 0.439 0.429 0.419 0.424 0.434 0.439 0.447 0.437 0.457 0.442 0.419 0.439 0.422 0.414 0.412 0.412 0.379 0.369 0.377 0.362 0.369 0.392 0.419 0.417 0.404 0.429 0.409 0.429 0.442 0.442 0.479 0.479 0.454 0.462 0.509 0.492 0.447 0.419 0.327 0.252 0.237 0.294 0.374 0.432 0.424 0.464 0.417 0.364 0.399 0.399 0.394 0.392 0.367 0.422 0.492 0.519 0.489 0.474 0.474 0.459 0.457 0.444 0.442 0.449 0.437 0.442
0.427 0.444 0.454 0.462 0.432 0.454 0.447 0.429 0.429 0.437 0.434 0.434 0.444 0.434 0.442 0.452 0.467 0.442 0.424 0.459 0.469 0.407 0.414 0.404 0.429 0.409 0.399 0.417 0.414 0.402 0.404 0.402 0.432 0.417 0.419 0.429 0.432 0.447 0.437 0.464 0.442 0.454 0.469 0.449 0.464 0.494 0.522 0.482 0.402 0.339 0.264 0.254 0.307 0.384 0.462 0.482 0.482 0.449 0.384 0.412 0.434 0.419 0.407 0.399 0.402 0.447 0.494 0.502 0.499 0.457 0.459 0.464 0.449 0.467 0.444 0.429 0.474
0.439 0.462 0.452 0.442 0.439 0.437 0.414 0.449 0.447 0.447 0.457 0.439 0.457 0.452 0.452 0.449 0.462 0.449 0.467 0.457 0.429 0.414 0.397 0.412 0.449 0.449 0.402 0.437 0.459 0.439 0.437 0.447 0.407 0.397 0.429 0.452 0.472 0.474 0.459 0.479 0.492 0.477 0.444 0.442 0.484 0.504 0.509 0.452 0.377 0.327 0.292 0.304 0.352 0.412 0.444 0.444 0.489 0.462 0.434 0.412 0.424 0.409 0.412 0.454 0.449 0.497 0.494 0.509 0.522 0.479 0.464 0.477 0.479 0.484 0.477 0.459 0.464
0.504 0.492 0.454 0.459 0.442 0.452 0.457 0.474 0.472 0.457 0.429 0.427 0.459 0.444 0.439 0.442 0.454 0.454 0.464 0.464 0.462 0.449 0.412 0.409 0.437 0.454 0.432 0.437 0.477 0.472 0.459 0.454 0.429 0.377 0.429 0.444 0.449 0.449 0.439 0.482 0.502 0.497 0.457 0.464 0.494 0.519 0.512 0.422 0.394 0.302 0.297 0.337 0.377 0.422 0.439 0.417 0.414 0.444 0.447 0.419 0.409 0.409 0.437 0.459 0.479 0.477 0.459 0.487 0.484 0.474 0.462 0.472 0.474 0.472 0.472 0.469 0.479
0.507 0.474 0.454 0.452 0.439 0.464 0.487 0.464 0.469 0.464 0.462 0.452 0.439 0.457 0.479 0.479 0.472 0.472 0.484 0.479 0.457 0.442 0.419 0.409 0.414 0.434 0.432 0.464 0.494 0.449 0.459 0.452 0.449 0.439 0.442 0.459 0.437 0.449 0.432 0.494 0.522 0.542 0.499 0.497 0.544 0.539 0.512 0.462 0.394 0.292 0.257 0.322 0.389 0.422 0.452 0.414 0.434 0.464 0.469 0.474 0.447 0.417 0.442 0.492 0.502 0.467 0.482 0.467 0.467 0.452 0.467 0.472 0.449 0.454 0.457 0.477 0.467
0.499 0.474 0.459 0.444 0.437 0.572 0.542 0.457 0.417 0.432 0.459 0.447 0.444 0.457 0.507 0.469 0.469 0.447 0.457 0.474 0.444 0.429 0.417 0.409 0.427 0.462 0.474 0.454 0.459 0.502 0.469 0.469 0.447 0.472 0.482 0.472 0.484 0.454 0.444 0.507 0.529 0.559 0.552 0.527 0.522 0.527 0.507 0.469 0.372 0.297 0.289 0.339 0.402 0.412 0.399 0.417 0.462 0.459 0.474 0.464 0.459 0.492 0.454 0.472 0.464 0.452 0.467 0.487 0.479 0.472 0.492 0.469 0.472 0.452 0.447 0.467 0.464
0.462 0.462 0.447 0.442 0.512 0.607 0.557 0.467 0.444 0.432 0.497 0.484 0.482 0.479 0.479 0.494 0.474 0.462 0.492 0.504 0.459 0.422 0.452 0.447 0.444 0.442 0.434 0.439 0.469 0.494 0.467 0.447 0.459 0.469 0.509 0.514 0.477 0.422 0.462 0.482 0.537 0.564 0.542 0.519 0.542 0.534 0.517 0.469 0.389 0.277 0.284 0.342 0.397 0.409 0.417 0.439 0.412 0.474 0.474 0.474 0.467 0.474 0.479 0.469 0.472 0.462 0.459 0.469 0.477 0.472 0.474 0.479 0.469 0.457 0.454 0.457 0.459
0.422 0.414 0.402 0.419 0.494 0.534 0.527 0.509 0.477 0.504 0.512 0.514 0.502 0.464 0.464 0.492 0.517 0.532 0.522 0.509 0.464 0.424 0.437 0.472 0.472 0.462 0.449 0.459 0.497 0.494 0.447 0.487 0.509 0.502 0.512 0.534 0.504 0.502 0.532 0.542 0.559 0.574 0.559 0.539 0.537 0.547 0.509 0.457 0.367 0.272 0.279 0.349 0.392 0.417 0.452 0.419 0.354 0.412 0.447 0.467 0.442 0.444 0.467 0.469 0.487 0.474 0.462 0.464 0.454 0.474 0.484 0.484 0.464 0.469 0.464 0.449 0.447
0.429 0.397 0.374 0.374 0.439 0.494 0.522 0.527 0.517 0.522 0.519 0.507 0.479 0.469 0.469 0.499 0.519 0.549 0.552 0.544 0.509 0.459 0.459 0.502 0.512 0.504 0.512 0.517 0.497 0.462 0.464 0.497 0.544 0.534 0.537 0.554 0.557 0.597 0.607 0.612 0.597 0.564 0.517 0.519 0.507 0.497 0.464 0.432 0.319 0.272 0.279 0.337 0.364 0.399 0.432 0.434 0.369 0.399 0.429 0.472 0.474 0.474 0.469 0.464 0.482 0.467 0.452 0.442 0.439 0.449 0.422 0.434 0.444 0.457 0.434 0.447 0.459
0.422 0.437 0.414 0.432 0.434 0.479 0.509 0.527 0.547 0.537 0.524 0.539 0.502 0.482 0.499 0.517 0.544 0.539 0.592 0.572 0.549 0.522 0.509 0.542 0.569 0.549 0.529 0.507 0.489 0.502 0.489 0.527 0.567 0.574 0.582 0.579 0.587 0.619 0.612 0.622 0.597 0.569 0.507 0.509 0.497 0.477 0.444 0.437 0.399 0.314 0.294 0.334 0.377 0.394 0.442 0.434 0.404 0.399 0.402 0.434 0.464 0.457 0.479 0.459 0.479 0.457 0.449 0.459 0.459 0.457 0.444 0.442 0.427 0.417 0.434 0.437 0.447
0.427 0.457 0.467 0.452 0.439 0.457 0.494 0.537 0.552 0.534 0.549 0.542 0.557 0.579 0.582 0.544 0.534 0.562 0.589 0.597 0.569 0.537 0.552 0.559 0.559 0.554 0.502 0.499 0.547 0.554 0.512 0.524 0.569 0.582 0.604 0.627 0.629 0.639 0.609 0.622 0.562 0.529 0.529 0.507 0.474 0.479 0.477 0.457 0.417 0.337 0.294 0.324 0.349 0.409 0.434 0.452 0.432 0.409 0.414 0.437 0.422 0.452 0.467 0.472 0.454 0.459 0.449 0.444 0.464 0.459 0.457 0.429 0.452 0.417 0.424 0.439 0.447
0.427 0.444 0.464 0.474 0.449 0.462 0.472 0.522 0.537 0.569 0.594 0.597 0.582 0.579 0.587 0.579 0.552 0.542 0.614 0.632 0.632 0.597 0.602 0.589 0.594 0.592 0.549 0.549 0.567 0.547 0.544 0.584 0.602 0.612 0.652 0.649 0.657 0.639 0.599 0.602 0.572 0.534 0.539 0.509 0.482 0.452 0.469 0.457 0.432 0.349 0.312 0.302 0.324 0.389 0.432 0.442 0.427 0.424 0.407 0.442 0.427 0.444 0.449 0.447 0.452 0.449 0.442 0.429 0.437 0.429 0.404 0.402 0.412 0.407 0.424 0.449 0.442
0.442 0.462 0.482 0.462 0.457 0.472 0.484 0.489 0.537 0.582 0.602 0.597 0.559 0.542 0.569 0.569 0.567 0.569 0.602 0.627 0.609 0.617 0.627 0.629 0.619 0.587 0.577 0.594 0.572 0.557 0.627 0.644 0.627 0.627 0.642 0.649 0.662 0.609 0.597 0.599 0.609 0.579 0.552 0.514 0.502 0.484 0.492 0.462 0.434 0.397 0.342 0.319 0.332 0.399 0.437 0.432 0.452 0.412 0.414 0.427 0.422 0.419 0.422 0.444 0.444 0.454 0.442 0.439 0.427 0.419 0.382 0.382 0.377 0.409 0.407 0.399 0.402
0.462 0.474 0.462 0.474 0.467 0.467 0.487 0.522 0.547 0.562 0.589 0.577 0.582 0.582 0.572 0.574 0.632 0.624 0.572 0.622 0.652 0.664 0.679 0.662 0.642 0.589 0.587 0.599 0.612 0.582 0.639 0.652 0.644 0.624 0.634 0.632 0.609 0.602 0.602 0.599 0.574 0.554 0.539 0.537 0.514 0.487 0.492 0.492 0.464 0.427 0.392 0.342 0.312 0.357 0.407 0.429 0.427 0.409 0.412 0.414 0.404 0.422 0.419 0.449 0.444 0.444 0.434 0.399 0.394 0.414 0.389 0.389 0.382 0.397 0.402 0.392 0.399
0.442 0.462 0.452 0.492 0.494 0.519 0.479 0.502 0.529 0.567 0.587 0.572 0.574 0.597 0.582 0.587 0.647 0.664 0.652 0.652 0.664 0.687 0.682 0.649 0.634 0.594 0.634 0.664 0.659 0.659 0.667 0.669 0.629 0.624 0.617 0.604 0.617 0.594 0.577 0.572 0.567 0.549 0.539 0.532 0.512 0.469 0.487 0.492 0.509 0.479 0.434 0.387 0.349 0.379 0.374 0.407 0.422 0.414 0.409 0.422 0.439 0.417 0.454 0.437 0.444 0.417 0.397 0.409 0.384 0.402 0.404 0.394 0.407 0.422 0.439 0.439 0.429
0.457 0.444 0.457 0.477 0.497 0.512 0.502 0.494 0.557 0.584 0.599 0.592 0.589 0.597 0.602 0.604 0.627 0.642 0.657 0.684 0.674 0.697 0.669 0.634 0.652 0.599 0.622 0.679 0.707 0.677 0.667 0.672 0.642 0.627 0.639 0.614 0.577 0.567 0.569 0.579 0.567 0.542 0.537 0.509 0.482 0.464 0.462 0.472 0.499 0.497 0.422 0.407 0.344 0.349 0.377 0.412 0.424 0.419 0.422 0.422 0.414 0.429 0.424 0.434 0.417 0.407 0.409 0.417 0.417 0.409 0.404 0.404 0.412 0.404 0.432 0.454 0.444
0.444 0.449 0.477 0.489 0.489 0.487 0.512 0.532 0.532 0.564 0.569 0.607 0.592 0.612 0.592 0.577 0.599 0.637 0.659 0.694 0.692 0.669 0.697 0.667 0.622 0.599 0.617 0.672 0.727 0.689 0.649 0.602 0.579 0.602 0.604 0.572 0.579 0.574 0.557 0.577 0.574 0.572 0.559 0.537 0.524 0.492 0.472 0.459 0.489 0.477 0.442 0.394 0.344 0.339 0.387 0.407 0.427 0.437 0.442 0.419 0.432 0.434 0.414 0.432 0.427 0.412 0.409 0.407 0.407 0.404 0.409 0.417 0.427 0.412 0.417 0.417 0.429
0.477 0.464 0.474 0.499 0.492 0.489 0.504 0.529 0.537 0.539 0.584 0.604 0.602 0.609 0.609 0.594 0.607 0.634 0.659 0.679 0.644 0.637 0.682 0.649 0.597 0.577 0.587 0.634 0.672 0.657 0.619 0.582 0.572 0.574 0.577 0.574 0.584 0.547 0.552 0.559 0.567 0.562 0.564 0.549 0.502 0.484 0.474 0.474 0.479 0.489 0.472 0.427 0.374 0.359 0.374 0.404 0.414 0.449 0.454 0.432 0.457 0.452 0.429 0.462 0.437 0.442 0.442 0.444 0.477 0.457 0.449 0.444 0.444 0.447 0.459 0.437 0.459
0.462 0.474 0.477 0.504 0.487 0.482 0.492 0.522 0.537 0.532 0.559 0.609 0.624 0.649 0.609 0.612 0.627 0.654 0.659 0.649 0.642 0.647 0.654 0.647 0.627 0.597 0.612 0.629 0.647 0.642 0.629 0.584 0.584 0.562 0.562 0.577 0.572 0.582 0.544 0.537 0.534 0.552 0.582 0.552 0.519 0.504 0.479 0.469 0.479 0.499 0.492 0.439 0.404 0.384 0.369 0.384 0.409 0.457 0.464 0.469 0.469 0.474 0.467 0.479 0.474 0.457 0.462 0.477 0.447 0.449 0.437 0.442 0.454 0.447 0.454 0.459 0.464
0.444 0.489 0.494 0.522 0.502 0.489 0.539 0.542 0.564 0.554 0.544 0.614 0.632 0.627 0.614 0.629 0.624 0.644 0.647 0.639 0.664 0.689 0.699 0.682 0.659 0.609 0.604 0.612 0.627 0.634 0.624 0.592 0.564 0.562 0.537 0.557 0.547 0.564 0.557 0.569 0.544 0.542 0.522 0.529 0.494 0.494 0.484 0.452 0.472 0.482 0.482 0.457 0.437 0.414 0.392 0.424 0.412 0.434 0.474 0.499 0.457 0.482 0.469 0.477 0.474 0.482 0.487 0.462 0.467 0.457 0.452 0.449 0.459 0.454 0.454 0.449 0.472
0.469 0.484 0.507 0.514 0.522 0.497 0.539 0.564 0.604 0.584 0.562 0.587 0.612 0.612 0.607 0.639 0.644 0.667 0.662 0.667 0.682 0.674 0.679 0.637 0.617 0.597 0.574 0.594 0.627 0.679 0.699 0.619 0.542 0.552 0.534 0.529 0.557 0.574 0.554 0.529 0.542 0.537 0.539 0.522 0.484 0.489 0.479 0.479 0.487 0.502 0.502 0.494 0.432 0.422 0.409 0.422 0.429 0.439 0.452 0.479 0.462 0.469 0.477 0.502 0.479 0.492 0.497 0.479 0.479 0.469 0.482 0.424 0.477 0.444 0.469 0.472 0.479
0.517 0.494 0.509 0.524 0.529 0.544 0.534 0.559 0.582 0.567 0.574 0.572 0.582 0.609 0.614 0.614 0.624 0.639 0.639 0.652 0.682 0.679 0.679 0.662 0.614 0.599 0.579 0.582 0.607 0.674 0.677 0.627 0.572 0.554 0.562 0.574 0.559 0.552 0.554 0.552 0.532 0.529 0.534 0.537 0.502 0.507 0.489 0.507 0.494 0.502 0.524 0.512 0.504 0.472 0.454 0.434 0.429 0.437 0.472 0.492 0.494 0.474 0.487 0.484 0.484 0.494 0.494 0.492 0.482 0.467 0.464 0.449 0.467 0.482 0.474 0.459 0.449
0.509 0.514 0.504 0.542 0.552 0.549 0.552 0.542 0.562 0.589 0.609 0.602 0.599 0.602 0.624 0.629 0.634 0.617 0.619 0.642 0.639 0.669 0.669 0.647 0.624 0.602 0.574 0.589 0.584 0.589 0.589 0.597 0.584 0.547 0.539 0.542 0.569 0.542 0.534 0.524 0.504 0.514 0.514 0.517 0.504 0.514 0.507 0.514 0.537 0.539 0.522 0.527 0.529 0.494 0.477 0.464 0.437 0.444 0.469 0.502 0.539 0.509 0.512 0.507 0.504 0.507 0.507 0.502 0.464 0.482 0.492 0.484 0.482 0.472 0.482 0.487 0.502
0.479 0.517 0.519 0.534 0.554 0.582 0.564 0.567 0.577 0.597 0.614 0.602 0.587 0.594 0.614 0.604 0.649 0.647 0.622 0.629 0.637 0.657 0.662 0.634 0.609 0.609 0.594 0.579 0.567 0.582 0.544 0.544 0.569 0.564 0.569 0.557 0.587 0.544 0.534 0.544 0.529 0.539 0.534 0.532 0.542 0.549 0.537 0.549 0.532 0.524 0.507 0.512 0.512 0.487 0.474 0.472 0.439 0.457 0.464 0.492 0.499 0.514 0.512 0.484 0.499 0.484 0.487 0.487 0.482 0.497 0.509 0.477 0.477 0.492 0.509 0.517 0.509
0.477 0.494 0.519 0.547 0.567 0.562 0.577 0.589 0.584 0.597 0.607 0.614 0.589 0.592 0.594 0.599 0.642 0.659 0.644 0.634 0.644 0.667 0.647 0.632 0.604 0.619 0.607 0.604 0.594 0.594 0.567 0.582 0.559 0.557 0.549 0.549 0.554 0.567 0.549 0.537 0.529 0.537 0.557 0.547 0.577 0.562 0.549 0.552 0.547 0.527 0.524 0.547 0.537 0.487 0.469 0.459 0.442 0.449 0.449 0.504 0.517 0.537 0.534 0.547 0.514 0.507 0.494 0.509 0.487 0.479 0.479 0.477 0.472 0.492 0.497 0.497 0.522
