All_lidar/sz6287_DSM_2M.asc
ncols 500
nrows 500
xllcorner    462000
yllcorner    87000
cellsize     2
NODATA_value -9999
[rows 340 to 373 of 500, columns 231 to 307 of 500]
4.357 4.364 4.309 4.312 4.329 4.369 4.362 4.394 4.474 4.574 4.629 4.779 4.859 4.967 5.087 5.169 5.272 5.354 5.422 5.447 5.529 5.612 5.659 5.717 5.764 5.849 5.879 5.937 5.959 6.024 6.089 6.164 6.217 6.282 6.267 6.322 6.359 6.389 6.419 6.487 6.502 6.549 6.539 6.567 6.607 6.622 6.627 6.654 6.654 6.654 6.687 6.704 6.652 6.627 6.662 6.619 6.647 6.612 6.574 6.492 6.449 6.509 6.647 6.752 6.374 6.337 6.397 6.409 6.352 6.312 6.277 6.117 6.637 8.524 7.224 10.122 5.827
4.459 4.404 4.377 4.357 4.374 4.399 4.442 4.467 4.564 4.619 4.724 4.829 4.927 5.074 5.159 5.257 5.337 5.439 5.542 5.574 5.607 5.694 5.739 5.822 5.857 5.934 5.942 6.032 6.094 6.119 6.157 6.214 6.289 6.319 6.359 6.392 6.444 6.502 6.534 6.614 6.602 6.624 6.639 6.682 6.704 6.724 6.742 6.757 6.749 6.762 6.757 6.764 6.754 6.777 6.747 6.734 6.744 6.712 6.687 6.624 6.517 6.554 6.772 7.079 6.497 6.547 6.559 6.594 6.659 7.147 6.562 6.432 7.419 7.829 7.317 6.479 5.659
4.567 4.507 4.472 4.452 4.437 4.464 4.492 4.517 4.604 4.689 4.802 4.889 4.994 5.094 5.222 5.354 5.417 5.512 5.567 5.632 5.719 5.762 5.852 5.889 5.914 5.984 6.004 6.089 6.159 6.199 6.247 6.317 6.372 6.404 6.454 6.499 6.517 6.589 6.617 6.677 6.727 6.734 6.759 6.747 6.774 6.792 6.822 6.824 6.834 6.857 6.869 6.847 6.849 6.839 6.824 6.804 6.794 6.802 6.794 6.704 6.584 6.639 6.754 6.882 6.664 6.744 6.704 6.684 6.567 6.739 6.764 6.534 7.029 6.642 6.262 6.084 5.809
4.649 4.572 4.569 4.552 4.534 4.542 4.617 4.617 4.687 4.752 4.852 4.952 5.082 5.154 5.297 5.389 5.474 5.559 5.622 5.687 5.702 5.764 5.839 5.919 5.952 5.989 6.052 6.114 6.152 6.207 6.277 6.319 6.372 6.432 6.479 6.527 6.577 6.632 6.682 6.724 6.777 6.802 6.842 6.884 6.859 6.914 6.919 6.962 6.939 6.944 7.002 6.972 6.939 6.917 6.914 6.934 6.932 6.919 6.884 6.794 6.697 6.702 6.784 6.992 6.774 6.649 6.842 6.647 6.627 6.659 6.669 7.384 6.402 6.447 7.527 6.727 5.932
4.779 4.704 4.669 4.647 4.659 4.649 4.664 4.669 4.739 4.809 4.912 5.017 5.129 5.207 5.347 5.442 5.539 5.579 5.667 5.732 5.759 5.827 5.904 5.974 6.022 6.072 6.119 6.182 6.214 6.277 6.307 6.374 6.424 6.494 6.569 6.594 6.632 6.687 6.727 6.769 6.814 6.834 6.872 6.899 6.922 6.924 6.969 6.989 7.002 6.987 7.032 7.054 7.037 7.034 6.987 7.014 7.017 6.994 6.969 6.897 6.844 6.792 6.814 7.027 7.112 6.752 6.937 6.804 6.667 6.629 6.694 6.539 6.482 7.277 6.664 6.804 6.009
4.904 4.849 4.847 4.824 4.799 4.709 4.732 4.739 4.799 4.857 4.947 5.012 5.127 5.244 5.372 5.482 5.594 5.664 5.767 5.842 5.894 5.959 6.034 6.054 6.087 6.172 6.204 6.264 6.299 6.354 6.432 6.487 6.549 6.589 6.617 6.682 6.727 6.794 6.827 6.862 6.912 6.942 6.967 6.994 7.009 7.022 7.037 7.022 7.052 7.052 7.059 7.144 7.107 7.102 7.079 7.079 7.057 7.094 7.067 7.017 6.979 6.869 6.892 7.137 7.647 7.159 6.782 6.789 6.859 6.852 6.762 6.659 6.462 6.674 6.594 6.232 6.152
4.999 4.919 4.879 4.862 4.807 4.754 4.747 4.782 4.809 4.902 4.982 5.092 5.239 5.364 5.482 5.554 5.657 5.774 5.829 5.909 5.954 6.017 6.052 6.092 6.154 6.217 6.287 6.337 6.397 6.444 6.512 6.577 6.634 6.662 6.719 6.754 6.832 6.899 6.944 6.977 6.997 7.029 7.069 7.097 7.102 7.104 7.127 7.137 7.127 7.139 7.154 7.217 7.197 7.169 7.184 7.202 7.187 7.172 7.172 7.157 7.072 7.027 6.984 7.132 7.399 7.597 6.987 6.904 6.892 6.782 6.792 6.779 6.672 6.647 7.244 6.334 6.219
5.119 5.062 5.007 4.957 4.934 4.914 4.907 4.912 4.952 5.024 5.112 5.222 5.322 5.427 5.544 5.647 5.732 5.804 5.869 5.977 6.067 6.097 6.134 6.179 6.227 6.314 6.357 6.409 6.464 6.509 6.579 6.647 6.717 6.757 6.799 6.869 6.912 6.944 7.009 7.049 7.069 7.112 7.144 7.162 7.174 7.194 7.189 7.222 7.227 7.239 7.282 7.314 7.299 7.287 7.302 7.314 7.267 7.272 7.269 7.207 7.177 7.122 7.067 7.149 7.282 8.294 7.319 7.077 7.039 6.947 7.024 6.879 6.887 6.707 6.842 6.999 6.357
5.219 5.182 5.169 5.092 5.062 5.019 4.992 4.989 5.022 5.097 5.167 5.282 5.387 5.477 5.617 5.744 5.824 5.967 6.024 6.084 6.127 6.184 6.244 6.309 6.354 6.382 6.452 6.497 6.544 6.634 6.677 6.737 6.807 6.844 6.904 6.942 6.997 7.089 7.082 7.104 7.142 7.189 7.199 7.247 7.279 7.294 7.307 7.339 7.344 7.342 7.377 7.427 7.412 7.377 7.379 7.412 7.424 7.397 7.374 7.344 7.287 7.227 7.189 7.234 7.472 7.589 7.434 7.612 7.202 7.542 7.129 7.067 6.907 6.872 6.962 6.932 6.514
5.372 5.317 5.269 5.199 5.152 5.137 5.094 5.087 5.117 5.177 5.249 5.367 5.479 5.604 5.714 5.807 5.907 5.979 6.049 6.122 6.184 6.237 6.302 6.382 6.442 6.504 6.539 6.602 6.662 6.717 6.779 6.824 6.897 6.959 7.002 7.039 7.082 7.174 7.182 7.202 7.252 7.294 7.322 7.334 7.369 7.397 7.417 7.439 7.452 7.452 7.457 7.547 7.524 7.494 7.504 7.507 7.527 7.502 7.517 7.472 7.434 7.377 7.289 7.304 7.787 7.604 7.582 7.549 7.377 7.209 7.152 7.222 7.344 6.959 7.012 6.842 6.649
5.504 5.467 5.424 5.372 5.337 5.319 5.282 5.239 5.304 5.339 5.402 5.487 5.587 5.667 5.787 5.839 5.947 6.052 6.132 6.189 6.262 6.307 6.387 6.467 6.512 6.594 6.624 6.682 6.752 6.814 6.874 6.939 6.992 7.034 7.094 7.134 7.197 7.229 7.277 7.332 7.372 7.397 7.434 7.447 7.484 7.509 7.514 7.549 7.557 7.567 7.567 7.634 7.654 7.604 7.612 7.617 7.642 7.617 7.617 7.599 7.564 7.462 7.419 7.417 7.679 8.672 7.769 7.834 7.667 7.349 7.264 7.347 8.844 7.624 7.552 6.997 6.762
5.699 5.662 5.619 5.572 5.534 5.494 5.434 5.424 5.407 5.434 5.499 5.559 5.637 5.739 5.824 5.942 6.029 6.134 6.179 6.247 6.334 6.384 6.469 6.527 6.594 6.654 6.717 6.774 6.824 6.894 6.969 7.024 7.064 7.142 7.182 7.244 7.274 7.327 7.384 7.427 7.464 7.499 7.524 7.539 7.599 7.624 7.604 7.642 7.654 7.669 7.684 7.709 7.762 7.712 7.719 7.702 7.747 7.754 7.759 7.764 7.677 7.617 7.557 7.502 7.669 7.992 8.479 8.052 7.754 7.399 7.429 7.494 7.442 7.172 7.329 7.304 7.667
5.839 5.769 5.734 5.667 5.664 5.614 5.544 5.554 5.539 5.552 5.572 5.627 5.712 5.817 5.919 6.017 6.117 6.182 6.252 6.334 6.389 6.467 6.552 6.637 6.697 6.732 6.819 6.857 6.929 6.974 7.047 7.117 7.179 7.237 7.287 7.337 7.372 7.437 7.477 7.537 7.614 7.624 7.634 7.644 7.717 7.734 7.719 7.759 7.804 7.804 7.784 7.829 7.879 7.862 7.857 7.867 7.877 7.877 7.909 7.899 7.819 7.789 7.719 7.634 7.799 8.509 8.107 7.779 7.679 7.557 7.632 7.787 7.832 7.359 7.427 7.617 7.082
5.942 5.899 5.859 5.824 5.782 5.752 5.719 5.684 5.672 5.682 5.682 5.752 5.839 5.899 6.024 6.102 6.184 6.272 6.392 6.459 6.497 6.547 6.639 6.707 6.762 6.857 6.882 6.919 7.034 7.082 7.132 7.204 7.272 7.344 7.399 7.467 7.499 7.547 7.579 7.652 7.702 7.769 7.739 7.769 7.817 7.834 7.827 7.894 7.942 7.894 7.909 7.939 8.022 7.989 7.999 7.982 8.004 8.014 8.009 8.034 7.992 7.919 7.879 7.794 7.852 8.034 7.842 7.922 7.844 7.842 7.857 7.997 8.554 7.779 7.499 7.442 7.179
6.064 6.032 5.994 5.964 5.917 5.854 5.862 5.819 5.822 5.832 5.844 5.879 5.934 6.037 6.109 6.184 6.302 6.377 6.454 6.539 6.607 6.662 6.724 6.794 6.889 6.954 7.009 7.092 7.147 7.219 7.277 7.349 7.399 7.469 7.519 7.567 7.617 7.664 7.749 7.779 7.812 7.864 7.887 7.904 7.927 7.984 7.989 8.012 8.044 8.044 8.072 8.109 8.132 8.124 8.117 8.087 8.099 8.097 8.134 8.159 8.119 8.067 7.977 7.954 7.967 8.102 8.017 7.929 7.972 8.084 7.879 8.119 8.014 7.859 7.802 7.629 7.344
6.254 6.177 6.184 6.117 6.082 6.019 6.017 5.969 5.972 5.972 5.944 5.984 6.044 6.134 6.222 6.302 6.392 6.499 6.562 6.612 6.699 6.749 6.827 6.912 6.989 7.037 7.104 7.192 7.244 7.312 7.377 7.422 7.494 7.589 7.637 7.679 7.774 7.794 7.839 7.867 7.954 8.004 8.002 8.037 8.057 8.132 8.122 8.144 8.204 8.217 8.192 8.247 8.264 8.279 8.257 8.232 8.244 8.274 8.269 8.319 8.324 8.242 8.179 8.084 8.117 8.369 8.177 8.137 8.152 8.022 7.942 7.984 7.939 7.912 8.002 7.862 7.489
6.337 6.317 6.279 6.247 6.194 6.139 6.137 6.109 6.114 6.114 6.067 6.107 6.157 6.222 6.327 6.404 6.502 6.567 6.652 6.749 6.784 6.839 6.897 7.002 7.064 7.139 7.189 7.292 7.349 7.409 7.472 7.544 7.612 7.654 7.759 7.832 7.912 7.929 7.974 8.017 8.072 8.097 8.122 8.169 8.194 8.222 8.242 8.254 8.282 8.317 8.319 8.337 8.379 8.414 8.374 8.374 8.384 8.414 8.419 8.472 8.469 8.402 8.317 8.264 8.247 8.362 8.487 8.287 8.287 8.284 8.122 8.152 9.794 11.144 7.939 8.117 7.629
6.459 6.399 6.367 6.359 6.342 6.312 6.269 6.252 6.217 6.219 6.219 6.259 6.309 6.362 6.414 6.517 6.577 6.662 6.757 6.837 6.904 6.942 6.997 7.099 7.194 7.232 7.307 7.377 7.442 7.504 7.579 7.682 7.737 7.822 7.879 7.932 7.999 8.062 8.089 8.157 8.182 8.217 8.267 8.317 8.337 8.407 8.407 8.424 8.419 8.447 8.464 8.487 8.492 8.537 8.502 8.497 8.532 8.544 8.564 8.612 8.629 8.552 8.484 8.392 8.397 8.472 8.519 8.447 8.417 8.349 8.287 8.322 8.217 8.574 8.092 8.124 7.707
6.582 6.532 6.494 6.497 6.507 6.484 6.427 6.387 6.384 6.397 6.344 6.382 6.414 6.492 6.539 6.612 6.717 6.779 6.872 6.934 7.047 7.057 7.132 7.214 7.269 7.359 7.417 7.509 7.594 7.637 7.724 7.779 7.872 7.934 7.989 8.077 8.137 8.174 8.204 8.277 8.334 8.387 8.437 8.457 8.499 8.524 8.592 8.549 8.562 8.592 8.599 8.597 8.637 8.642 8.644 8.647 8.644 8.679 8.724 8.737 8.754 8.689 8.619 8.564 8.547 8.582 8.782 8.722 8.487 8.497 8.412 8.422 8.424 8.287 8.197 8.907 7.897
6.702 6.654 6.614 6.594 6.612 6.562 6.517 6.517 6.509 6.539 6.507 6.524 6.577 6.604 6.672 6.724 6.812 6.884 6.954 7.032 7.114 7.172 7.274 7.329 7.419 7.477 7.552 7.614 7.692 7.762 7.854 7.922 8.012 8.087 8.112 8.182 8.277 8.327 8.349 8.412 8.464 8.499 8.539 8.599 8.597 8.629 8.664 8.692 8.679 8.724 8.694 8.754 8.759 8.829 8.819 8.814 8.819 8.832 8.857 8.864 8.912 8.844 8.759 8.707 8.657 8.717 8.979 8.812 8.724 8.669 8.537 8.497 8.462 8.487 8.452 8.537 8.057
6.854 6.784 6.744 6.722 6.737 6.677 6.654 6.649 6.662 6.607 6.612 6.627 6.679 6.717 6.797 6.872 6.934 7.012 7.072 7.144 7.202 7.317 7.337 7.432 7.504 7.597 7.679 7.767 7.822 7.882 7.962 8.034 8.117 8.214 8.267 8.319 8.349 8.424 8.497 8.544 8.609 8.637 8.687 8.747 8.729 8.752 8.777 8.817 8.867 8.872 8.847 8.874 8.894 8.987 8.934 8.934 8.952 8.952 9.017 8.997 9.049 9.007 8.917 8.824 8.794 8.839 8.977 9.397 8.917 9.174 8.822 9.062 8.639 8.652 8.432 8.534 8.194
6.944 6.912 6.869 6.849 6.832 6.812 6.827 6.807 6.797 6.784 6.739 6.749 6.789 6.822 6.897 6.959 7.039 7.119 7.177 7.264 7.337 7.429 7.514 7.592 7.652 7.707 7.784 7.854 7.907 7.984 8.082 8.152 8.227 8.307 8.402 8.444 8.514 8.559 8.629 8.684 8.712 8.734 8.812 8.859 8.847 8.877 8.904 8.964 8.992 9.009 8.999 9.004 9.027 9.094 9.112 9.102 9.099 9.127 9.134 9.147 9.157 9.139 9.082 8.972 8.944 8.947 9.074 9.289 9.292 8.999 8.954 9.007 8.844 8.769 9.019 8.662 8.939
7.054 6.997 6.977 6.937 6.954 6.929 6.912 6.909 6.907 6.887 6.864 6.882 6.924 6.974 7.012 7.069 7.134 7.212 7.264 7.344 7.414 7.492 7.592 7.662 7.734 7.832 7.887 7.972 8.032 8.124 8.222 8.279 8.364 8.429 8.499 8.569 8.669 8.719 8.752 8.792 8.897 8.897 8.939 8.967 8.999 9.027 9.042 9.099 9.114 9.139 9.152 9.152 9.174 9.224 9.249 9.222 9.222 9.234 9.277 9.317 9.339 9.314 9.254 9.129 9.117 9.094 9.169 9.747 9.874 9.689 9.372 9.109 9.092 8.924 8.804 9.052 8.989
7.127 7.112 7.077 7.072 7.077 7.034 7.017 7.014 6.979 6.974 6.987 7.014 7.047 7.092 7.132 7.179 7.269 7.322 7.389 7.477 7.564 7.629 7.702 7.774 7.829 7.914 8.032 8.102 8.174 8.247 8.324 8.399 8.517 8.582 8.659 8.722 8.794 8.852 8.899 8.944 9.017 9.052 9.097 9.109 9.124 9.122 9.142 9.219 9.214 9.242 9.297 9.277 9.329 9.354 9.407 9.387 9.369 9.419 9.447 9.449 9.469 9.482 9.384 9.309 9.257 9.232 9.264 9.499 9.534 9.672 9.864 9.299 9.324 9.032 8.892 9.309 8.839
7.257 7.227 7.192 7.192 7.194 7.169 7.117 7.099 7.077 7.072 7.119 7.117 7.152 7.204 7.249 7.307 7.374 7.414 7.477 7.557 7.657 7.747 7.837 7.894 7.982 8.034 8.119 8.222 8.302 8.387 8.454 8.529 8.607 8.702 8.774 8.854 8.932 8.969 9.014 9.054 9.154 9.187 9.232 9.232 9.249 9.257 9.277 9.332 9.359 9.382 9.449 9.409 9.447 9.507 9.547 9.512 9.499 9.524 9.577 9.624 9.614 9.612 9.537 9.474 9.402 9.379 9.397 9.667 9.874 9.402 9.464 9.502 9.427 9.269 9.102 9.204 8.864
7.374 7.344 7.337 7.299 7.299 7.292 7.269 7.227 7.244 7.197 7.177 7.219 7.262 7.309 7.359 7.439 7.499 7.557 7.644 7.677 7.759 7.852 7.927 7.989 8.079 8.162 8.254 8.337 8.407 8.477 8.594 8.639 8.724 8.839 8.907 8.974 9.037 9.104 9.127 9.179 9.229 9.294 9.357 9.384 9.364 9.377 9.432 9.472 9.484 9.574 9.569 9.549 9.587 9.627 9.672 9.654 9.649 9.657 9.719 9.749 9.719 9.767 9.672 9.629 9.537 9.524 9.549 9.777 9.789 9.557 9.619 9.579 9.499 9.512 9.257 9.387 8.989
7.479 7.434 7.414 7.414 7.367 7.364 7.369 7.359 7.372 7.344 7.364 7.377 7.399 7.429 7.484 7.542 7.599 7.664 7.744 7.819 7.929 7.952 8.022 8.137 8.207 8.282 8.372 8.449 8.554 8.632 8.689 8.774 8.839 8.922 9.009 9.092 9.177 9.247 9.264 9.314 9.372 9.447 9.472 9.499 9.507 9.529 9.562 9.614 9.627 9.682 9.697 9.697 9.712 9.747 9.792 9.794 9.767 9.764 9.804 9.854 9.869 9.902 9.832 9.737 9.697 9.654 9.674 9.807 9.812 9.804 9.717 9.652 9.634 9.552 9.339 10.132 10.072
7.647 7.604 7.572 7.532 7.492 7.492 7.462 7.449 7.447 7.449 7.427 7.479 7.477 7.552 7.609 7.649 7.714 7.779 7.847 7.927 8.007 8.084 8.172 8.252 8.332 8.394 8.469 8.547 8.609 8.717 8.809 8.919 8.989 9.067 9.154 9.222 9.297 9.334 9.392 9.434 9.514 9.534 9.582 9.632 9.647 9.687 9.704 9.744 9.799 9.819 9.824 9.822 9.829 9.872 9.907 9.927 9.909 9.897 9.929 9.962 10.007 10.019 9.994 9.912 9.854 9.782 9.799 9.944 10.027 9.852 9.969 9.794 10.147 9.964 9.732 9.999 9.484
7.772 7.714 7.669 7.644 7.624 7.617 7.604 7.609 7.599 7.602 7.609 7.612 7.647 7.682 7.727 7.787 7.857 7.872 7.967 8.057 8.102 8.179 8.259 8.364 8.457 8.529 8.609 8.692 8.759 8.842 8.939 9.014 9.102 9.194 9.267 9.349 9.437 9.472 9.537 9.569 9.602 9.647 9.707 9.759 9.802 9.797 9.804 9.917 9.917 9.929 9.984 9.952 9.937 9.964 10.012 10.044 10.059 10.032 10.029 10.059 10.069 10.132 10.134 10.062 10.017 9.922 9.952 10.047 10.162 10.029 10.019 9.969 10.204 9.992 10.234 9.984 9.564
7.862 7.847 7.802 7.792 7.757 7.719 7.722 7.714 7.712 7.714 7.732 7.744 7.777 7.834 7.879 7.917 7.989 8.027 8.082 8.147 8.217 8.304 8.379 8.484 8.559 8.654 8.727 8.829 8.919 8.979 9.044 9.152 9.224 9.332 9.379 9.467 9.539 9.609 9.634 9.687 9.747 9.797 9.822 9.852 9.877 9.882 9.917 9.977 10.057 10.042 10.092 10.077 10.074 10.092 10.117 10.154 10.154 10.144 10.149 10.162 10.212 10.259 10.242 10.177 10.139 10.074 10.082 10.127 10.337 10.344 10.147 9.992 11.522 9.887 9.737 9.854 9.682
7.982 7.949 7.927 7.939 7.914 7.907 7.897 7.877 7.872 7.862 7.869 7.897 7.924 7.962 8.012 8.034 8.097 8.162 8.207 8.287 8.339 8.432 8.504 8.632 8.734 8.777 8.872 8.959 9.079 9.132 9.202 9.262 9.362 9.437 9.527 9.612 9.649 9.719 9.772 9.789 9.834 9.912 9.949 9.972 9.989 10.022 10.042 10.109 10.164 10.157 10.204 10.209 10.197 10.197 10.232 10.287 10.279 10.294 10.277 10.289 10.344 10.349 10.357 10.297 10.242 10.214 10.179 10.232 10.454 11.199 11.039 10.204 10.537 11.887 10.749 9.912 10.059
8.132 8.064 8.064 8.072 8.047 8.009 8.009 8.009 8.007 8.002 8.004 8.047 8.077 8.107 8.127 8.192 8.222 8.284 8.362 8.414 8.489 8.557 8.652 8.724 8.842 8.899 8.979 9.072 9.149 9.212 9.324 9.377 9.472 9.557 9.622 9.699 9.772 9.804 9.872 9.909 9.954 10.019 10.067 10.104 10.132 10.164 10.192 10.207 10.274 10.309 10.294 10.317 10.322 10.314 10.337 10.427 10.414 10.379 10.364 10.402 10.447 10.462 10.459 10.454 10.404 10.347 10.322 10.349 10.612 11.124 10.539 10.337 10.289 10.222 10.057 10.157 10.544
8.267 8.242 8.212 8.209 8.172 8.162 8.169 8.159 8.149 8.134 8.139 8.184 8.202 8.214 8.247 8.327 8.349 8.427 8.512 8.529 8.617 8.684 8.769 8.849 8.937 9.024 9.107 9.167 9.242 9.334 9.452 9.529 9.599 9.664 9.752 9.812 9.892 9.937 9.969 10.027 10.079 10.144 10.162 10.197 10.252 10.282 10.299 10.339 10.397 10.417 10.447 10.457 10.432 10.422 10.459 10.524 10.517 10.492 10.487 10.544 10.607 10.607 10.619 10.609 10.532 10.477 10.462 10.444 10.602 10.854 10.612 10.679 10.577 10.389 10.307 10.324 10.307
8.412 8.377 8.327 8.347 8.332 8.332 8.354 8.339 8.304 8.312 8.307 8.302 8.332 8.372 8.427 8.429 8.469 8.544 8.592 8.682 8.722 8.819 8.912 8.969 9.074 9.172 9.262 9.302 9.379 9.457 9.584 9.629 9.709 9.769 9.857 9.894 10.009 10.049 10.124 10.174 10.207 10.227 10.279 10.317 10.344 10.382 10.424 10.452 10.507 10.529 10.557 10.584 10.572 10.549 10.582 10.629 10.649 10.637 10.639 10.689 10.717 10.739 10.749 10.722 10.677 10.617 10.599 10.557 10.689 10.824 11.137 16.949 14.074 10.547 10.332 10.832 12.974
