All_lidar/sz6287_DSM_2M.asc
ncols 500
nrows 500
xllcorner    462000
yllcorner    87000
cellsize     2
NODATA_value -9999
[rows 34 to 67 of 500, columns 0 to 76 of 500]
0.364 0.376 0.379 0.379 0.341 0.359 0.349 0.371 0.384 0.391 0.406 0.426 0.409 0.381 0.376 0.369 0.356 0.354 0.334 0.334 0.344 0.319 0.344 0.349 0.351 0.306 0.301 0.304 0.314 0.276 0.239 0.239 0.264 0.306 0.371 0.419 0.434 0.444 0.466 0.459 0.461 0.469 0.449 0.409 0.359 0.381 0.391 0.436 0.426 0.456 0.457 0.459 0.484 0.447 0.409 0.402 0.414 0.417 0.479 0.492 0.492 0.497 0.514 0.487 0.444 0.442 0.499 0.444 0.339 0.237 0.202 0.112 0.044 0.122 0.312 0.432 0.517
0.379 0.386 0.399 0.381 0.349 0.369 0.349 0.374 0.381 0.419 0.419 0.424 0.421 0.394 0.386 0.379 0.361 0.361 0.339 0.321 0.349 0.336 0.344 0.339 0.321 0.339 0.341 0.339 0.331 0.306 0.261 0.241 0.251 0.256 0.304 0.344 0.386 0.434 0.459 0.469 0.471 0.436 0.411 0.374 0.364 0.369 0.399 0.451 0.451 0.449 0.462 0.462 0.437 0.419 0.407 0.417 0.424 0.424 0.477 0.497 0.507 0.532 0.527 0.507 0.474 0.469 0.502 0.422 0.304 0.212 0.162 0.092 0.079 0.169 0.367 0.492 0.537
0.369 0.389 0.379 0.354 0.369 0.346 0.364 0.366 0.376 0.389 0.409 0.426 0.421 0.389 0.374 0.369 0.371 0.356 0.344 0.324 0.314 0.361 0.369 0.344 0.331 0.324 0.339 0.334 0.324 0.321 0.311 0.269 0.261 0.246 0.254 0.306 0.341 0.394 0.449 0.469 0.456 0.431 0.411 0.401 0.366 0.384 0.384 0.451 0.461 0.479 0.472 0.474 0.449 0.424 0.429 0.419 0.427 0.432 0.432 0.462 0.494 0.517 0.512 0.519 0.449 0.509 0.509 0.422 0.284 0.174 0.087 0.109 0.159 0.267 0.427 0.524 0.547
0.346 0.389 0.394 0.366 0.349 0.344 0.379 0.371 0.384 0.394 0.409 0.416 0.409 0.411 0.384 0.391 0.381 0.344 0.344 0.349 0.344 0.354 0.386 0.364 0.346 0.334 0.334 0.314 0.336 0.349 0.344 0.301 0.289 0.259 0.261 0.259 0.296 0.346 0.411 0.431 0.434 0.399 0.421 0.421 0.399 0.359 0.384 0.414 0.461 0.486 0.497 0.474 0.454 0.437 0.434 0.414 0.407 0.412 0.409 0.444 0.482 0.459 0.497 0.477 0.462 0.529 0.499 0.404 0.257 0.109 0.092 0.094 0.197 0.324 0.484 0.557 0.564
0.374 0.371 0.354 0.346 0.344 0.361 0.379 0.371 0.379 0.379 0.404 0.409 0.401 0.379 0.384 0.384 0.376 0.374 0.359 0.341 0.361 0.366 0.374 0.376 0.379 0.331 0.326 0.314 0.344 0.356 0.334 0.326 0.329 0.309 0.241 0.274 0.281 0.289 0.339 0.386 0.399 0.419 0.406 0.409 0.389 0.366 0.384 0.406 0.449 0.486 0.509 0.484 0.462 0.432 0.424 0.407 0.402 0.432 0.444 0.454 0.449 0.484 0.482 0.479 0.454 0.454 0.439 0.352 0.204 0.097 0.102 0.112 0.239 0.389 0.492 0.559 0.572
0.374 0.364 0.369 0.326 0.346 0.356 0.376 0.364 0.386 0.369 0.404 0.396 0.384 0.384 0.371 0.379 0.384 0.334 0.356 0.351 0.361 0.331 0.339 0.331 0.319 0.304 0.324 0.314 0.344 0.351 0.314 0.324 0.326 0.336 0.309 0.264 0.289 0.279 0.299 0.329 0.381 0.409 0.406 0.396 0.386 0.381 0.386 0.401 0.414 0.449 0.467 0.437 0.412 0.419 0.384 0.379 0.407 0.442 0.449 0.447 0.469 0.457 0.484 0.532 0.507 0.459 0.417 0.329 0.224 0.107 0.047 0.104 0.304 0.407 0.497 0.549 0.542
0.379 0.364 0.356 0.349 0.339 0.351 0.389 0.384 0.381 0.364 0.381 0.391 0.399 0.366 0.356 0.364 0.376 0.349 0.336 0.346 0.339 0.321 0.321 0.321 0.311 0.316 0.291 0.296 0.306 0.294 0.289 0.329 0.349 0.344 0.339 0.309 0.281 0.249 0.301 0.314 0.354 0.381 0.379 0.386 0.389 0.371 0.351 0.381 0.386 0.404 0.407 0.402 0.404 0.434 0.382 0.394 0.429 0.434 0.444 0.464 0.474 0.502 0.542 0.504 0.514 0.507 0.427 0.312 0.214 0.114 0.079 0.169 0.362 0.427 0.472 0.529 0.527
0.359 0.341 0.336 0.326 0.351 0.366 0.364 0.364 0.371 0.374 0.379 0.389 0.371 0.366 0.349 0.354 0.351 0.349 0.301 0.316 0.309 0.319 0.286 0.276 0.299 0.299 0.286 0.311 0.326 0.299 0.316 0.309 0.316 0.321 0.329 0.311 0.276 0.269 0.284 0.276 0.314 0.314 0.354 0.366 0.346 0.354 0.341 0.354 0.361 0.356 0.374 0.362 0.377 0.389 0.367 0.399 0.422 0.447 0.454 0.489 0.509 0.554 0.532 0.519 0.502 0.522 0.414 0.279 0.149 0.089 0.109 0.234 0.369 0.427 0.457 0.517 0.519
0.319 0.329 0.331 0.331 0.324 0.339 0.366 0.364 0.356 0.366 0.364 0.379 0.369 0.364 0.341 0.336 0.334 0.354 0.324 0.311 0.276 0.299 0.289 0.296 0.314 0.309 0.306 0.306 0.329 0.306 0.321 0.299 0.314 0.324 0.306 0.319 0.306 0.284 0.299 0.304 0.319 0.301 0.324 0.316 0.329 0.331 0.324 0.346 0.354 0.331 0.349 0.342 0.367 0.357 0.342 0.362 0.402 0.432 0.459 0.494 0.534 0.552 0.537 0.517 0.502 0.504 0.429 0.269 0.127 0.099 0.107 0.237 0.384 0.399 0.434 0.477 0.512
0.304 0.334 0.329 0.324 0.344 0.341 0.349 0.346 0.359 0.351 0.361 0.351 0.369 0.346 0.341 0.331 0.334 0.324 0.304 0.264 0.271 0.291 0.279 0.284 0.306 0.284 0.311 0.299 0.316 0.349 0.319 0.309 0.309 0.284 0.301 0.331 0.344 0.349 0.339 0.324 0.331 0.296 0.304 0.304 0.301 0.296 0.291 0.324 0.316 0.321 0.334 0.307 0.327 0.329 0.344 0.369 0.352 0.414 0.422 0.489 0.537 0.577 0.537 0.524 0.494 0.469 0.404 0.292 0.144 0.052 0.097 0.202 0.304 0.369 0.382 0.429 0.454
0.241 0.256 0.281 0.301 0.311 0.341 0.339 0.364 0.354 0.364 0.364 0.366 0.339 0.336 0.314 0.304 0.306 0.299 0.299 0.269 0.284 0.274 0.269 0.276 0.289 0.289 0.304 0.301 0.316 0.314 0.306 0.316 0.299 0.299 0.319 0.354 0.364 0.346 0.334 0.366 0.341 0.314 0.309 0.321 0.294 0.291 0.304 0.324 0.319 0.326 0.327 0.334 0.344 0.337 0.359 0.377 0.384 0.407 0.412 0.452 0.469 0.519 0.534 0.532 0.517 0.479 0.382 0.259 0.144 0.077 0.079 0.177 0.307 0.382 0.407 0.417 0.459
0.241 0.256 0.244 0.234 0.249 0.341 0.319 0.331 0.331 0.354 0.339 0.346 0.344 0.304 0.301 0.296 0.299 0.281 0.284 0.281 0.274 0.276 0.276 0.261 0.269 0.291 0.306 0.309 0.329 0.314 0.296 0.306 0.289 0.301 0.314 0.334 0.339 0.349 0.354 0.364 0.329 0.351 0.341 0.344 0.334 0.314 0.326 0.331 0.334 0.341 0.357 0.364 0.359 0.352 0.349 0.387 0.412 0.407 0.414 0.452 0.472 0.479 0.497 0.507 0.509 0.462 0.327 0.229 0.154 0.077 0.077 0.214 0.344 0.442 0.474 0.509 0.519
0.236 0.226 0.229 0.209 0.241 0.251 0.324 0.294 0.314 0.349 0.351 0.311 0.301 0.309 0.284 0.279 0.274 0.299 0.279 0.264 0.264 0.246 0.261 0.274 0.291 0.301 0.314 0.306 0.306 0.284 0.284 0.286 0.301 0.299 0.299 0.344 0.349 0.366 0.336 0.359 0.386 0.369 0.374 0.346 0.341 0.344 0.341 0.344 0.324 0.326 0.357 0.367 0.354 0.314 0.339 0.357 0.397 0.419 0.437 0.434 0.449 0.459 0.459 0.464 0.464 0.379 0.234 0.184 0.112 0.074 0.114 0.314 0.419 0.464 0.499 0.517 0.537
0.216 0.239 0.261 0.231 0.244 0.224 0.259 0.304 0.331 0.339 0.359 0.309 0.299 0.291 0.296 0.296 0.266 0.279 0.251 0.246 0.259 0.236 0.254 0.269 0.279 0.301 0.301 0.286 0.286 0.281 0.281 0.286 0.284 0.286 0.294 0.311 0.321 0.364 0.359 0.339 0.371 0.374 0.371 0.361 0.361 0.381 0.356 0.351 0.339 0.349 0.362 0.377 0.352 0.327 0.359 0.369 0.389 0.409 0.427 0.407 0.434 0.452 0.467 0.462 0.452 0.324 0.184 0.132 0.109 0.099 0.174 0.352 0.457 0.452 0.474 0.529 0.569
0.234 0.206 0.204 0.226 0.224 0.226 0.224 0.271 0.319 0.311 0.326 0.319 0.289 0.296 0.291 0.289 0.254 0.256 0.261 0.256 0.256 0.241 0.246 0.266 0.249 0.264 0.276 0.281 0.279 0.279 0.289 0.286 0.294 0.299 0.296 0.316 0.346 0.339 0.319 0.349 0.376 0.359 0.384 0.361 0.359 0.384 0.379 0.396 0.384 0.369 0.374 0.384 0.354 0.347 0.352 0.334 0.337 0.339 0.347 0.344 0.379 0.414 0.444 0.459 0.444 0.332 0.207 0.127 0.082 0.109 0.227 0.384 0.459 0.497 0.482 0.542 0.562
0.216 0.221 0.224 0.211 0.234 0.239 0.224 0.251 0.306 0.301 0.279 0.299 0.296 0.291 0.284 0.296 0.286 0.286 0.259 0.271 0.251 0.284 0.256 0.264 0.246 0.251 0.239 0.246 0.276 0.261 0.299 0.271 0.279 0.314 0.294 0.291 0.304 0.314 0.314 0.344 0.369 0.341 0.364 0.374 0.371 0.376 0.379 0.419 0.389 0.411 0.379 0.367 0.362 0.362 0.359 0.357 0.344 0.342 0.327 0.332 0.342 0.377 0.424 0.439 0.402 0.322 0.204 0.124 0.072 0.127 0.304 0.414 0.474 0.534 0.552 0.534 0.514
0.264 0.231 0.206 0.216 0.219 0.206 0.196 0.214 0.274 0.309 0.294 0.311 0.294 0.281 0.281 0.289 0.266 0.279 0.256 0.246 0.261 0.246 0.234 0.244 0.251 0.256 0.244 0.251 0.251 0.264 0.284 0.289 0.301 0.279 0.289 0.309 0.324 0.304 0.294 0.301 0.339 0.341 0.339 0.361 0.351 0.371 0.379 0.396 0.416 0.416 0.407 0.397 0.384 0.364 0.379 0.329 0.319 0.317 0.324 0.314 0.304 0.354 0.377 0.414 0.394 0.289 0.169 0.092 0.089 0.237 0.359 0.422 0.514 0.557 0.542 0.497 0.467
0.249 0.234 0.226 0.206 0.209 0.269 0.206 0.216 0.256 0.311 0.316 0.324 0.306 0.306 0.274 0.279 0.279 0.279 0.274 0.266 0.266 0.256 0.236 0.246 0.249 0.261 0.266 0.256 0.274 0.306 0.301 0.286 0.284 0.309 0.311 0.306 0.291 0.299 0.279 0.311 0.339 0.346 0.349 0.349 0.336 0.354 0.356 0.391 0.414 0.404 0.412 0.389 0.377 0.407 0.374 0.339 0.304 0.302 0.324 0.337 0.342 0.347 0.404 0.419 0.354 0.254 0.144 0.077 0.094 0.294 0.387 0.484 0.519 0.524 0.487 0.479 0.507
0.231 0.219 0.224 0.211 0.199 0.184 0.201 0.219 0.246 0.274 0.276 0.284 0.281 0.271 0.261 0.264 0.231 0.239 0.254 0.244 0.259 0.241 0.246 0.256 0.234 0.224 0.251 0.259 0.286 0.296 0.309 0.314 0.331 0.321 0.326 0.301 0.294 0.276 0.291 0.299 0.336 0.321 0.336 0.344 0.349 0.346 0.379 0.389 0.386 0.389 0.404 0.399 0.387 0.392 0.387 0.342 0.327 0.302 0.319 0.309 0.327 0.337 0.384 0.417 0.314 0.207 0.117 0.074 0.102 0.269 0.352 0.479 0.507 0.477 0.472 0.512 0.552
0.206 0.239 0.234 0.249 0.221 0.241 0.226 0.236 0.199 0.221 0.234 0.251 0.274 0.266 0.271 0.299 0.271 0.256 0.261 0.259 0.239 0.234 0.261 0.234 0.244 0.236 0.261 0.304 0.291 0.296 0.309 0.314 0.314 0.316 0.309 0.296 0.271 0.291 0.301 0.304 0.301 0.319 0.326 0.314 0.346 0.369 0.349 0.386 0.369 0.396 0.394 0.427 0.419 0.409 0.394 0.369 0.349 0.299 0.302 0.302 0.319 0.362 0.392 0.364 0.292 0.187 0.129 0.082 0.134 0.189 0.302 0.369 0.417 0.447 0.447 0.474 0.537
0.209 0.239 0.224 0.221 0.239 0.236 0.191 0.234 0.211 0.236 0.311 0.261 0.261 0.259 0.286 0.274 0.264 0.231 0.241 0.269 0.259 0.244 0.239 0.244 0.226 0.241 0.276 0.296 0.294 0.289 0.274 0.296 0.261 0.311 0.326 0.304 0.296 0.301 0.291 0.296 0.299 0.296 0.321 0.331 0.336 0.336 0.346 0.361 0.381 0.384 0.397 0.414 0.437 0.422 0.409 0.392 0.362 0.329 0.302 0.292 0.314 0.342 0.374 0.334 0.274 0.194 0.134 0.122 0.139 0.187 0.292 0.399 0.434 0.472 0.482 0.489 0.492
0.219 0.196 0.231 0.229 0.259 0.226 0.234 0.249 0.234 0.256 0.231 0.254 0.266 0.239 0.246 0.266 0.236 0.229 0.249 0.264 0.251 0.246 0.236 0.216 0.251 0.261 0.284 0.286 0.291 0.276 0.261 0.254 0.236 0.224 0.299 0.284 0.299 0.294 0.296 0.294 0.289 0.314 0.339 0.344 0.331 0.339 0.361 0.354 0.359 0.361 0.367 0.407 0.414 0.399 0.414 0.412 0.394 0.337 0.317 0.314 0.304 0.352 0.367 0.349 0.272 0.189 0.147 0.107 0.139 0.292 0.424 0.507 0.534 0.544 0.539 0.484 0.502
0.211 0.211 0.201 0.226 0.231 0.186 0.191 0.191 0.236 0.256 0.254 0.229 0.239 0.236 0.259 0.234 0.251 0.231 0.229 0.246 0.226 0.214 0.241 0.249 0.229 0.259 0.286 0.269 0.279 0.269 0.251 0.259 0.231 0.189 0.279 0.284 0.296 0.331 0.314 0.296 0.294 0.311 0.309 0.321 0.329 0.344 0.346 0.371 0.356 0.349 0.354 0.362 0.382 0.412 0.414 0.409 0.382 0.352 0.319 0.292 0.317 0.334 0.352 0.322 0.247 0.179 0.104 0.119 0.152 0.337 0.527 0.542 0.587 0.599 0.584 0.517 0.494
0.211 0.166 0.199 0.244 0.251 0.201 0.234 0.206 0.214 0.234 0.271 0.261 0.261 0.236 0.241 0.231 0.236 0.219 0.236 0.229 0.221 0.201 0.241 0.236 0.269 0.244 0.269 0.259 0.294 0.276 0.261 0.251 0.246 0.219 0.224 0.256 0.294 0.346 0.289 0.279 0.286 0.274 0.296 0.301 0.329 0.334 0.339 0.341 0.334 0.356 0.364 0.352 0.357 0.392 0.402 0.407 0.387 0.364 0.342 0.307 0.302 0.342 0.364 0.309 0.254 0.174 0.109 0.097 0.184 0.417 0.544 0.562 0.604 0.562 0.634 0.602 0.527
0.226 0.204 0.204 0.219 0.219 0.216 0.216 0.191 0.219 0.226 0.236 0.256 0.266 0.254 0.224 0.249 0.249 0.254 0.236 0.224 0.246 0.231 0.229 0.251 0.256 0.256 0.254 0.264 0.274 0.271 0.269 0.254 0.251 0.224 0.176 0.216 0.284 0.291 0.269 0.274 0.259 0.269 0.284 0.284 0.306 0.336 0.314 0.316 0.334 0.354 0.339 0.334 0.342 0.362 0.377 0.402 0.382 0.362 0.372 0.324 0.309 0.349 0.342 0.299 0.247 0.169 0.099 0.117 0.237 0.444 0.544 0.559 0.542 0.552 0.574 0.572 0.542
0.209 0.196 0.214 0.239 0.221 0.239 0.264 0.269 0.261 0.239 0.239 0.204 0.241 0.226 0.259 0.276 0.286 0.254 0.256 0.246 0.269 0.239 0.244 0.226 0.246 0.246 0.254 0.261 0.264 0.251 0.251 0.241 0.231 0.206 0.164 0.256 0.284 0.304 0.269 0.274 0.279 0.291 0.284 0.279 0.299 0.311 0.326 0.314 0.341 0.349 0.377 0.367 0.352 0.362 0.354 0.399 0.399 0.352 0.357 0.314 0.299 0.369 0.374 0.259 0.209 0.164 0.114 0.107 0.239 0.487 0.584 0.557 0.534 0.517 0.524 0.524 0.519
0.199 0.186 0.234 0.199 0.196 0.239 0.286 0.264 0.239 0.254 0.194 0.211 0.206 0.239 0.246 0.256 0.264 0.264 0.269 0.244 0.259 0.251 0.229 0.239 0.234 0.246 0.261 0.279 0.269 0.254 0.249 0.256 0.254 0.171 0.141 0.229 0.281 0.259 0.264 0.249 0.269 0.279 0.279 0.306 0.311 0.316 0.301 0.311 0.329 0.326 0.357 0.359 0.329 0.357 0.342 0.372 0.414 0.387 0.347 0.324 0.289 0.352 0.369 0.227 0.164 0.167 0.137 0.117 0.224 0.474 0.564 0.532 0.512 0.532 0.522 0.524 0.517
0.196 0.211 0.206 0.216 0.196 0.194 0.249 0.326 0.319 0.266 0.241 0.241 0.241 0.251 0.249 0.261 0.261 0.249 0.266 0.281 0.276 0.256 0.224 0.239 0.241 0.234 0.244 0.271 0.264 0.256 0.274 0.274 0.254 0.169 0.141 0.226 0.289 0.266 0.306 0.251 0.246 0.284 0.316 0.294 0.304 0.321 0.324 0.324 0.321 0.314 0.344 0.359 0.329 0.332 0.339 0.349 0.379 0.369 0.347 0.334 0.297 0.339 0.347 0.204 0.157 0.147 0.147 0.127 0.254 0.469 0.577 0.512 0.514 0.517 0.539 0.514 0.529
0.234 0.214 0.204 0.231 0.249 0.286 0.251 0.274 0.296 0.289 0.241 0.246 0.251 0.254 0.256 0.264 0.254 0.259 0.249 0.249 0.239 0.229 0.234 0.239 0.251 0.244 0.246 0.259 0.246 0.254 0.274 0.264 0.244 0.191 0.144 0.194 0.241 0.279 0.299 0.266 0.264 0.284 0.289 0.299 0.299 0.299 0.311 0.291 0.319 0.339 0.344 0.342 0.322 0.322 0.349 0.354 0.372 0.352 0.337 0.312 0.302 0.324 0.319 0.217 0.152 0.127 0.129 0.154 0.309 0.459 0.547 0.547 0.519 0.534 0.552 0.552 0.554
0.239 0.214 0.229 0.229 0.324 0.331 0.281 0.229 0.261 0.304 0.289 0.231 0.246 0.246 0.271 0.251 0.276 0.244 0.214 0.234 0.246 0.246 0.236 0.254 0.264 0.251 0.249 0.274 0.251 0.239 0.251 0.231 0.251 0.199 0.144 0.174 0.221 0.261 0.294 0.261 0.256 0.266 0.284 0.306 0.326 0.304 0.306 0.296 0.311 0.319 0.327 0.319 0.324 0.332 0.327 0.357 0.354 0.339 0.357 0.297 0.322 0.362 0.327 0.214 0.134 0.087 0.112 0.214 0.339 0.472 0.559 0.524 0.529 0.532 0.539 0.549 0.529
0.221 0.234 0.286 0.309 0.319 0.336 0.284 0.221 0.239 0.271 0.294 0.264 0.266 0.274 0.276 0.259 0.274 0.264 0.206 0.216 0.206 0.244 0.229 0.256 0.271 0.239 0.229 0.264 0.261 0.251 0.236 0.251 0.266 0.199 0.139 0.164 0.201 0.259 0.264 0.266 0.251 0.254 0.259 0.289 0.291 0.291 0.301 0.304 0.314 0.321 0.309 0.309 0.297 0.304 0.327 0.347 0.344 0.329 0.324 0.299 0.327 0.364 0.309 0.232 0.139 0.072 0.129 0.254 0.412 0.482 0.544 0.509 0.522 0.529 0.527 0.569 0.562
0.296 0.329 0.344 0.321 0.306 0.326 0.351 0.294 0.204 0.239 0.276 0.246 0.251 0.259 0.274 0.259 0.294 0.279 0.234 0.216 0.236 0.261 0.251 0.236 0.259 0.264 0.236 0.251 0.244 0.239 0.224 0.231 0.239 0.159 0.119 0.171 0.246 0.246 0.211 0.236 0.264 0.251 0.276 0.284 0.291 0.289 0.296 0.299 0.306 0.296 0.292 0.314 0.319 0.314 0.314 0.344 0.337 0.322 0.294 0.297 0.332 0.374 0.287 0.229 0.109 0.089 0.164 0.339 0.444 0.504 0.474 0.484 0.509 0.522 0.539 0.569 0.562
0.319 0.314 0.324 0.341 0.316 0.316 0.356 0.339 0.211 0.186 0.239 0.284 0.251 0.261 0.261 0.266 0.269 0.289 0.244 0.199 0.244 0.271 0.259 0.246 0.251 0.254 0.236 0.251 0.224 0.249 0.249 0.221 0.241 0.169 0.116 0.219 0.266 0.241 0.204 0.216 0.254 0.274 0.286 0.299 0.289 0.276 0.286 0.309 0.326 0.299 0.339 0.327 0.317 0.337 0.324 0.319 0.337 0.294 0.287 0.279 0.344 0.329 0.267 0.169 0.112 0.119 0.232 0.359 0.447 0.484 0.469 0.477 0.489 0.534 0.577 0.582 0.542
0.296 0.294 0.316 0.301 0.339 0.351 0.399 0.364 0.244 0.166 0.224 0.261 0.286 0.256 0.266 0.264 0.264 0.271 0.266 0.194 0.181 0.244 0.251 0.266 0.269 0.271 0.226 0.221 0.224 0.254 0.231 0.246 0.216 0.119 0.124 0.229 0.271 0.261 0.244 0.234 0.244 0.286 0.271 0.259 0.274 0.289 0.314 0.294 0.304 0.324 0.354 0.337 0.329 0.337 0.369 0.357 0.344 0.304 0.294 0.299 0.307 0.307 0.227 0.149 0.137 0.194 0.302 0.399 0.472 0.497 0.512 0.482 0.534 0.554 0.564 0.567 0.544
