All_lidar/sz6285_DSM_2M.asc
ncols 500
nrows 500
xllcorner    462000
yllcorner    85000
cellsize     2
NODATA_value -9999
[rows 0 to 32 of 500, columns 74 to 147 of 500]
40.133 40.705 41.308 42.25 42.848 43.14 43.718 43.59 43.893 44.038 44.365 44.725 45.165 45.6 46.09 46.573 47.088 47.58 48.07 48.57 49.813 50.77 50.965 51.198 52.088 53.163 54.413 55.596 56.721 57.693 58.483 59.136 59.888 60.788 62.128 63.363 64.608 65.858 66.721 67.143 67.441 67.796 68.188 68.576 68.971 69.396 69.771 70.161 70.593 71.048 71.471 71.898 72.353 72.811 73.251 73.693 74.108 74.558 75.001 75.408 75.816 76.248 76.673 77.061 77.458 77.828 78.203 78.583 78.978 79.326 79.691 80.041 80.376 80.686
39.723 40.428 40.87 41.375 43.075 42.925 44.243 44.798 44.175 43.82 43.89 44.268 44.67 45.12 45.588 46.068 46.558 47.04 47.523 48.053 48.75 51.09 51.61 50.825 51.403 52.425 53.363 54.563 55.623 56.438 57.083 57.816 58.781 60.176 61.133 62.421 63.641 64.776 65.666 66.246 66.693 67.166 67.778 68.263 68.711 69.148 69.548 69.888 70.276 70.733 71.146 71.586 72.018 72.471 72.938 73.376 73.821 74.253 74.683 75.091 75.483 75.923 76.343 76.698 77.071 77.486 77.853 78.236 78.648 78.993 79.358 79.693 80.023 80.343
39.458 40.263 40.618 40.7 42.185 44.19 43.933 43.858 44.175 43.908 43.665 43.85 44.198 44.67 45.133 45.615 46.053 46.53 47.06 47.643 48.395 50.788 51.573 50.958 50.76 51.525 52.473 53.451 54.418 55.093 55.788 56.691 57.843 59.191 60.326 61.486 62.671 63.691 64.431 64.903 65.491 66.418 67.343 67.781 68.146 68.658 69.173 69.671 70.058 70.456 70.853 71.281 71.731 72.168 72.633 73.081 73.523 73.961 74.378 74.796 75.201 75.588 75.981 76.351 76.738 77.103 77.506 77.891 78.268 78.641 78.983 79.358 79.716 80.018
39.073 39.543 39.983 40.328 42.048 42.688 43.058 42.113 42.313 43.005 45.05 44.87 43.718 44.165 44.645 45.14 45.588 46.08 46.675 47.235 47.748 50.13 50.135 49.463 50.313 50.803 51.558 52.338 53.173 53.928 54.738 55.678 56.896 58.106 59.243 60.423 61.546 62.376 63.043 63.598 64.516 65.618 66.366 66.883 67.518 68.303 68.943 69.346 69.758 70.193 70.573 71.013 71.453 71.861 72.323 72.781 73.206 73.643 74.048 74.471 74.843 75.228 75.628 75.981 76.348 76.761 77.191 77.563 77.903 78.288 78.641 79.021 79.378 79.718
38.858 39.228 39.643 40.035 40.418 40.658 41.67 42.038 41.993 42.11 43.185 45.093 43.63 43.708 44.135 44.635 45.075 45.538 46.183 46.71 47.21 48.553 49.505 49.6 50.773 50.45 50.721 51.418 52.138 52.871 53.781 54.771 55.893 57.003 58.216 59.293 60.286 60.983 61.658 62.543 63.551 64.491 65.316 66.318 67.443 68.218 68.551 68.881 69.233 69.806 70.343 70.761 71.171 71.571 72.016 72.463 72.878 73.276 73.703 74.126 74.503 74.891 75.258 75.631 76.008 76.416 76.831 77.201 77.551 77.931 78.313 78.678 79.023 79.421
38.693 38.955 39.305 39.743 40.18 40.42 40.663 40.963 42.013 41.658 42.018 42.488 44.213 44.118 43.705 44.04 44.513 44.983 45.493 46.058 46.565 47.615 47.955 49.475 49.073 49.205 49.841 50.571 51.283 51.901 52.851 53.906 54.973 56.013 57.016 58.113 58.906 59.593 60.478 61.488 62.433 63.486 64.651 65.953 66.936 67.338 67.528 67.781 68.333 69.101 69.926 70.486 70.903 71.296 71.708 72.148 72.531 72.918 73.311 73.726 74.123 74.543 74.941 75.323 75.691 76.088 76.491 76.871 77.223 77.563 77.928 78.306 78.686 79.078
38.618 38.845 39.07 39.348 39.808 40.225 40.453 40.628 41.858 41.433 42.02 42.968 42.663 44.785 44.263 43.538 43.915 44.373 44.83 45.37 45.913 46.868 48.493 47.388 48.993 48.89 49.096 49.748 50.448 51.158 51.891 52.918 53.963 54.931 55.853 56.718 57.481 58.393 59.271 60.333 61.483 62.696 63.978 65.106 65.828 66.073 66.316 66.828 67.506 68.168 69.218 70.076 70.536 70.946 71.391 71.866 72.206 72.526 72.926 73.328 73.726 74.166 74.561 74.978 75.336 75.723 76.158 76.548 76.911 77.248 77.593 77.938 78.328 78.713
38.663 38.808 39.013 39.223 39.433 39.813 40.238 40.495 40.735 40.995 41.163 43.21 42.353 43.913 44.31 43.998 43.54 43.82 44.263 44.785 45.338 45.908 47.978 47.195 47.83 47.865 48.363 49.141 49.891 50.896 51.303 51.976 52.956 53.836 54.651 55.476 56.278 57.213 58.293 59.438 60.691 61.928 63.016 63.903 64.441 64.601 64.861 65.538 66.471 67.266 68.303 69.241 70.086 70.608 71.016 71.456 71.843 72.216 72.591 72.963 73.351 73.748 74.183 74.606 74.993 75.378 75.786 76.196 76.613 76.916 77.251 77.621 77.981 78.343
38.698 38.855 39.008 39.18 39.365 39.555 39.815 40.14 40.505 41.185 45.718 43.338 41.57 43.108 44.49 44.918 44.11 43.39 43.728 44.208 44.73 45.295 46.048 46.505 46.99 47.428 48.713 49.906 49.121 49.616 50.651 51.201 51.936 52.756 53.533 54.308 55.133 56.126 57.328 58.561 59.691 60.911 61.878 62.563 62.953 63.221 63.518 64.196 65.163 66.293 67.381 68.393 69.363 70.248 70.703 71.091 71.463 71.831 72.226 72.616 72.993 73.381 73.788 74.191 74.591 74.986 75.406 75.843 76.213 76.563 76.913 77.291 77.668 78.011
38.638 38.865 39.043 39.21 39.368 39.523 39.685 39.878 40.243 47.275 48.418 46.928 46.175 42.113 42.42 42.945 43.205 42.998 43.315 43.648 44.165 44.708 45.25 45.863 46.363 46.8 47.411 48.008 48.281 49.388 49.676 50.253 51.126 51.791 52.543 53.286 54.186 55.258 56.331 57.471 58.661 59.736 60.476 61.098 61.543 61.776 62.228 63.166 64.211 65.353 66.466 67.518 68.536 69.401 70.281 70.746 71.108 71.463 71.848 72.241 72.618 73.006 73.378 73.806 74.226 74.643 75.051 75.433 75.821 76.246 76.553 76.923 77.308 77.676
38.625 38.818 39.01 39.215 39.395 39.548 39.7 39.845 40.823 45.623 47.293 46.59 45.593 41.485 41.978 42.528 42.313 43.253 43.1 43.305 43.588 44.093 44.638 45.18 45.808 47.09 47.398 47.288 48.026 49.221 49.038 49.541 50.438 51.086 51.703 52.398 53.256 54.278 55.323 56.498 57.533 58.381 59.086 59.651 60.066 60.431 61.123 62.138 63.268 64.396 65.523 66.601 67.578 68.516 69.451 70.271 70.723 71.103 71.501 71.893 72.261 72.636 72.991 73.401 73.816 74.263 74.713 75.088 75.493 75.913 76.248 76.558 76.923 77.333
38.65 38.828 39.028 39.205 39.408 39.6 39.758 39.895 40.04 40.185 42.57 42.443 43.825 41.418 41.498 42.005 42.36 42.468 42.623 42.795 43.168 43.575 44.08 44.61 45.125 45.843 46.303 46.848 47.518 47.896 48.503 49.063 50.501 51.128 51.248 51.586 52.411 53.263 54.258 55.366 56.273 56.936 57.636 58.186 58.586 59.146 60.158 61.231 62.363 63.518 64.578 65.696 66.656 67.593 68.538 69.471 70.343 70.743 71.138 71.536 71.928 72.308 72.671 73.051 73.456 73.908 74.338 74.723 75.148 75.551 75.888 76.231 76.611 76.983
38.695 38.853 39.028 39.205 39.39 39.585 39.765 39.938 40.08 40.195 40.378 40.503 40.83 41.185 41.195 41.468 41.78 41.973 42.308 42.498 42.815 43.18 43.583 44.063 44.54 45.083 45.611 46.178 46.988 49.383 48.066 49.073 49.706 50.456 50.543 51.566 51.611 52.488 53.186 54.113 54.916 55.576 56.236 56.728 57.308 58.076 59.148 60.363 61.443 62.566 63.668 64.746 65.701 66.641 67.628 68.558 69.571 70.366 70.818 71.193 71.581 71.953 72.343 72.698 73.116 73.581 73.991 74.373 74.746 75.161 75.503 75.868 76.231 76.611
38.753 38.888 39.065 39.235 39.393 39.583 39.778 39.968 40.11 40.248 40.383 40.505 40.66 40.823 40.983 41.19 41.538 41.86 42.08 42.34 42.625 42.865 43.123 43.59 44.048 44.548 45.018 45.558 46.091 46.998 47.318 47.896 49.621 49.353 49.681 50.808 50.851 51.566 52.323 52.901 53.641 54.308 54.896 55.483 56.201 57.133 58.248 59.436 60.608 61.633 62.723 63.723 64.733 65.648 66.591 67.578 68.561 69.478 70.273 70.853 71.283 71.631 72.028 72.428 72.821 73.246 73.623 74.003 74.403 74.771 75.118 75.531 75.891 76.271
38.82 38.965 39.123 39.288 39.435 39.588 39.755 39.925 40.115 40.3 40.445 40.593 40.695 40.808 40.99 41.168 41.275 41.543 41.86 42.08 42.42 42.758 42.943 43.153 43.535 44.038 44.773 45.211 45.783 46.436 46.936 47.696 49.198 48.636 49.198 49.538 50.126 50.641 51.356 52.103 52.636 53.178 53.803 54.468 55.243 56.243 57.338 58.493 59.616 60.643 61.693 62.683 63.661 64.551 65.523 66.501 67.498 68.418 69.258 70.028 70.733 71.306 71.781 72.161 72.566 72.951 73.318 73.673 74.048 74.408 74.798 75.186 75.576 75.956
38.883 39.03 39.22 39.365 39.525 39.708 39.818 39.955 40.115 40.28 40.435 40.6 40.76 40.87 40.993 41.133 41.315 41.413 41.528 41.845 42.198 42.49 42.863 43.163 43.318 43.733 44.643 44.898 45.716 48.326 46.976 46.838 48.003 49.391 48.971 49.223 49.548 50.003 50.548 51.253 51.923 52.436 53.078 53.606 54.361 55.333 56.426 57.561 58.601 59.598 60.638 61.668 62.593 63.486 64.416 65.401 66.428 67.303 68.171 68.973 69.778 70.586 71.266 71.786 72.283 72.723 73.108 73.431 73.751 74.111 74.501 74.883 75.258 75.641
38.988 39.113 39.283 39.43 39.605 39.738 39.885 40.01 40.153 40.278 40.42 40.585 40.768 40.91 41.085 41.185 41.295 41.425 41.583 41.71 41.933 42.255 43.13 43.355 43.313 43.5 43.808 44.196 45.451 46.278 46.313 46.338 46.916 47.918 48.036 48.703 49.363 49.583 49.988 50.521 51.146 52.001 52.353 52.866 53.563 54.511 55.536 56.573 57.566 58.526 59.531 60.503 61.528 62.508 63.393 64.336 65.308 66.211 67.088 67.923 68.783 69.653 70.373 70.983 71.631 72.278 72.808 73.181 73.498 73.823 74.163 74.548 74.943 75.316
39.065 39.2 39.373 39.52 39.653 39.808 39.965 40.123 40.235 40.35 40.46 40.613 40.75 40.885 41.073 41.243 41.39 41.49 41.62 41.798 41.935 42.075 42.373 42.963 43.105 43.425 43.646 43.921 45.076 44.916 45.611 46.006 46.368 46.973 47.831 50.193 48.711 49.253 49.456 49.921 50.513 51.081 51.651 52.196 52.796 53.686 54.651 55.623 56.573 57.463 58.438 59.441 60.411 61.396 62.408 63.303 64.201 65.103 65.956 66.833 67.691 68.563 69.403 69.981 70.788 71.468 72.166 72.848 73.198 73.538 73.848 74.218 74.608 74.983
39.108 39.283 39.418 39.58 39.72 39.868 40.04 40.195 40.315 40.45 40.563 40.648 40.783 40.915 41.068 41.233 41.395 41.565 41.708 41.818 41.953 42.133 42.305 42.57 43 43.115 43.353 44.006 45.156 44.921 45.093 45.698 46.108 46.566 47.638 47.711 47.738 48.228 48.791 49.381 49.958 50.571 51.043 51.831 52.493 52.838 53.753 54.678 55.586 56.541 57.448 58.408 59.361 60.348 61.336 62.301 63.218 64.071 64.938 65.773 66.641 67.481 68.301 69.058 69.888 70.613 71.346 72.061 72.536 73.171 73.591 73.908 74.646 74.751
39.233 39.385 39.513 39.653 39.805 39.953 40.103 40.245 40.395 40.535 40.65 40.773 40.86 40.96 41.08 41.235 41.403 41.568 41.748 41.923 42.043 42.19 42.323 42.493 42.63 42.808 43.091 43.436 44.023 44.736 44.701 45.003 46.036 46.753 46.691 47.358 47.263 47.673 48.256 48.843 49.388 50.703 50.721 53.798 57.198 53.901 53.551 53.736 54.673 55.576 56.471 57.426 58.336 59.286 60.271 61.251 62.133 63.133 63.951 64.743 65.573 66.366 67.173 67.983 68.783 69.533 70.303 71.048 71.586 72.448 73.036 73.523 74.613 74.531
39.298 39.44 39.6 39.763 39.86 40.038 40.158 40.293 40.44 40.59 40.705 40.853 40.958 41.06 41.158 41.295 41.438 41.565 41.748 41.925 42.105 42.238 42.39 42.508 42.655 42.813 42.953 43.218 43.541 43.853 44.426 44.728 46.013 46.836 46.263 47.223 47.293 47.348 47.743 48.283 48.816 49.458 50.006 52.858 56.793 53.673 52.931 52.853 53.788 54.666 55.573 56.443 57.373 58.241 59.253 60.206 61.083 62.018 62.913 63.701 64.451 65.223 66.033 66.873 67.688 68.386 69.168 69.953 70.656 71.471 72.203 72.928 73.641 74.088
39.418 39.545 39.678 39.825 39.973 40.115 40.248 40.375 40.493 40.625 40.768 40.89 41.023 41.14 41.268 41.373 41.498 41.633 41.773 41.933 42.113 42.298 42.443 42.555 42.683 42.843 42.991 43.138 43.321 43.681 44.508 44.976 44.851 45.371 45.571 45.928 46.366 47.776 47.458 49.251 48.461 48.878 49.476 50.423 50.958 51.713 51.911 52.128 52.893 53.733 54.593 55.458 56.371 57.266 58.176 59.158 60.051 60.953 61.833 62.633 63.368 64.186 64.976 65.741 66.503 67.271 68.011 68.806 69.621 70.366 71.143 71.923 72.756 73.536
39.53 39.645 39.815 39.925 40.045 40.2 40.34 40.448 40.563 40.695 40.84 40.958 41.07 41.203 41.35 41.465 41.623 41.748 41.858 42.005 42.14 42.283 42.455 42.613 42.775 42.9 43.023 43.166 43.341 43.518 43.796 44.371 44.793 45.063 45.283 45.666 45.993 46.471 46.878 47.563 48.116 48.476 48.956 49.461 50.151 50.563 51.191 51.883 52.066 52.823 53.606 54.463 55.351 56.223 57.111 58.018 58.931 59.778 60.661 61.496 62.271 63.093 63.888 64.626 65.393 66.136 66.883 67.673 68.458 69.223 70.048 70.838 71.666 72.523
39.673 39.808 39.918 40.048 40.163 40.283 40.41 40.538 40.673 40.788 40.893 41.04 41.12 41.253 41.375 41.535 41.698 41.865 41.955 42.085 42.205 42.345 42.478 42.638 42.798 42.95 43.118 43.248 43.398 43.573 43.778 43.953 44.283 44.743 45.068 45.678 45.946 46.128 46.433 46.943 47.543 48.061 48.533 49.016 49.531 49.988 50.963 50.928 51.518 54.011 59.121 58.518 54.336 55.183 56.056 56.958 57.823 58.673 59.563 60.363 61.141 61.993 62.761 63.513 64.303 65.076 65.803 66.568 67.331 68.088 68.981 69.763 70.583 71.398
39.818 39.908 40.04 40.168 40.283 40.39 40.498 40.623 40.743 40.868 40.935 41.09 41.225 41.31 41.453 41.588 41.738 41.9 42.045 42.198 42.323 42.445 42.548 42.678 42.805 42.988 43.173 43.358 43.541 43.653 43.828 43.998 44.213 44.476 44.876 45.533 46.721 46.388 46.976 46.656 47.081 47.573 48.151 48.623 49.001 49.528 49.998 50.401 54.403 58.558 61.768 57.916 53.396 54.193 55.016 55.878 56.748 57.616 58.501 59.313 60.111 61.076 62.426 62.533 63.223 63.993 64.766 65.518 66.271 67.016 67.841 68.708 69.541 70.378
39.965 40.073 40.19 40.305 40.39 40.49 40.598 40.715 40.83 40.91 41.025 41.15 41.288 41.418 41.51 41.653 41.795 41.923 42.093 42.228 42.388 42.513 42.63 42.778 42.893 43.043 43.228 43.403 43.596 43.766 43.938 44.066 44.283 44.508 44.743 45.078 45.836 45.961 46.911 46.911 47.001 47.251 47.648 48.263 48.596 49.113 49.603 50.321 56.358 59.618 59.588 57.743 54.243 53.233 54.036 54.841 55.676 56.518 57.386 58.236 59.096 59.856 62.828 61.553 62.151 62.931 63.716 64.458 65.156 65.948 66.781 67.621 68.508 69.348
40.16 40.275 40.37 40.46 40.525 40.605 40.713 40.81 40.898 41.008 41.113 41.208 41.36 41.5 41.603 41.715 41.875 42.013 42.148 42.26 42.42 42.565 42.728 42.86 43.003 43.165 43.296 43.453 43.636 43.821 44.003 44.188 44.363 44.558 44.786 45.028 45.351 45.658 46.716 46.651 46.838 47.151 47.458 47.786 48.136 48.606 49.106 49.643 50.533 59.003 54.826 58.876 57.358 53.876 53.003 53.851 54.641 55.458 56.296 57.123 57.971 58.783 59.521 60.321 61.038 61.743 62.573 63.331 64.118 64.891 65.711 66.563 67.383 68.233
40.373 40.46 40.545 40.628 40.698 40.775 40.863 40.935 41.003 41.118 41.213 41.32 41.478 41.58 41.725 41.838 41.97 42.093 42.225 42.373 42.495 42.613 42.77 42.938 43.088 43.253 43.381 43.561 43.708 43.876 44.083 44.288 44.488 44.698 44.876 45.081 45.351 45.623 45.988 46.336 46.636 47.083 47.366 47.763 47.923 48.213 48.551 49.136 49.703 51.181 50.386 51.541 51.513 53.213 52.131 52.801 53.636 54.423 55.173 56.043 56.871 57.641 58.401 59.201 59.911 60.578 61.403 62.226 62.981 63.796 64.636 65.483 66.283 67.148
40.535 40.658 40.74 40.8 40.878 40.935 41.033 41.105 41.158 41.248 41.345 41.453 41.573 41.693 41.795 41.943 42.065 42.19 42.295 42.443 42.593 42.703 42.813 42.988 43.138 43.32 43.491 43.666 43.833 43.988 44.171 44.356 44.541 44.776 45.001 45.201 45.441 45.668 45.921 46.228 46.593 46.841 47.193 47.648 47.941 48.121 48.571 48.843 49.123 49.686 50.036 50.323 50.733 51.096 51.456 51.988 52.648 53.643 54.116 54.996 55.716 56.498 57.253 58.051 58.783 59.511 60.266 61.023 61.861 62.633 63.528 64.378 65.248 66.081
40.775 40.863 40.915 40.988 41.058 41.13 41.228 41.288 41.34 41.418 41.483 41.585 41.708 41.81 41.915 42.05 42.163 42.293 42.418 42.523 42.673 42.813 42.923 43.083 43.238 43.41 43.576 43.768 43.928 44.123 44.266 44.443 44.643 44.863 45.086 45.318 45.561 45.788 45.983 46.233 46.556 46.748 47.163 47.378 47.738 48.111 48.361 48.923 49.011 49.241 49.588 50.183 51.381 51.381 51.556 51.743 52.021 53.016 53.266 53.906 54.703 55.393 56.166 57.016 57.666 58.411 59.163 59.926 60.728 61.561 62.378 63.241 64.116 64.946
41.005 41.083 41.123 41.18 41.268 41.348 41.393 41.458 41.53 41.63 41.693 41.775 41.86 41.958 42.06 42.155 42.288 42.42 42.523 42.665 42.785 42.915 43.045 43.19 43.365 43.493 43.663 43.851 44.006 44.203 44.371 44.551 44.743 44.941 45.146 45.408 45.658 45.903 46.141 46.326 46.548 46.783 47.038 47.428 47.651 47.881 48.371 48.643 48.976 49.248 50.648 49.821 50.521 52.518 51.473 52.156 52.111 51.906 52.381 53.063 53.708 54.356 55.143 55.878 56.616 57.321 58.051 58.828 59.618 60.478 61.338 62.171 62.993 63.776
41.228 41.283 41.34 41.415 41.465 41.513 41.615 41.68 41.715 41.78 41.893 41.978 42.03 42.148 42.255 42.338 42.448 42.558 42.658 42.775 42.915 43.03 43.185 43.32 43.463 43.608 43.783 43.951 44.118 44.278 44.488 44.651 44.828 45.048 45.236 45.458 45.706 45.973 46.218 46.463 46.698 46.876 47.101 47.321 47.651 47.931 48.208 48.441 48.698 49.773 49.746 50.818 50.636 52.131 51.818 51.536 52.831 52.108 51.876 52.348 52.913 53.576 54.313 54.978 55.668 56.358 57.051 57.781 58.611 59.438 60.231 61.058 61.933 62.773
41.453 41.538 41.61 41.65 41.69 41.768 41.823 41.85 41.925 42.008 42.1 42.17 42.273 42.348 42.433 42.553 42.648 42.718 42.835 42.918 43.06 43.233 43.338 43.473 43.61 43.78 43.936 44.071 44.236 44.368 44.543 44.741 44.921 45.121 45.341 45.533 45.778 46.016 46.278 46.523 46.793 46.998 47.196 47.403 47.618 47.851 48.136 48.318 48.833 49.036 49.756 49.901 49.876 51.263 52.661 52.478 52.923 51.923 51.628 52.128 54.706 53.413 54.118 56.298 58.593 56.496 56.246 56.838 57.566 58.383 59.123 59.981 60.853 63.171
