All_lidar/sz6289_DSM_2M.asc
ncols 500
nrows 500
xllcorner    462000
yllcorner    89000
cellsize     2
NODATA_value -9999
[rows 96 to 127 of 500, columns 146 to 218 of 500]
33.43 33.57 33.688 33.813 33.94 34.06 34.188 34.315 34.43 34.528 34.648 34.74 34.823 34.933 34.983 35.063 35.17 35.265 35.355 35.42 35.505 35.59 35.66 35.723 35.773 35.878 35.905 35.943 35.99 36.03 36.068 36.113 36.123 36.153 36.195 36.243 36.31 36.335 36.443 36.52 36.605 36.668 36.748 36.89 37.028 37.133 37.275 37.425 37.593 37.743 37.858 38.005 38.158 38.298 38.445 38.623 38.773 38.903 39.045 39.21 39.375 39.503 39.638 39.793 39.895 40.01 40.16 40.265 40.358 40.51 40.62 40.75 40.883
33.593 33.723 33.835 33.935 34.103 34.218 34.31 34.41 34.553 34.675 34.82 34.9 34.993 35.085 35.165 35.253 35.35 35.42 35.513 35.603 35.665 35.733 35.845 35.893 35.94 36.025 36.055 36.123 36.183 36.2 36.215 36.258 36.295 36.315 36.368 36.43 36.465 36.503 36.603 36.673 36.738 36.83 36.905 37.04 37.148 37.275 37.415 37.568 37.72 37.853 37.993 38.133 38.253 38.405 38.553 38.7 38.843 38.955 39.11 39.253 39.415 39.553 39.658 39.818 39.933 40.053 40.193 40.295 40.39 40.525 40.668 40.785 40.913
33.72 33.858 33.978 34.108 34.278 34.358 34.485 34.613 34.73 34.833 34.978 35.068 35.14 35.218 35.29 35.378 35.493 35.55 35.668 35.745 35.81 35.913 35.988 36.033 36.143 36.228 36.24 36.33 36.348 36.388 36.423 36.433 36.448 36.488 36.523 36.59 36.655 36.7 36.768 36.828 36.91 36.99 37.078 37.193 37.315 37.45 37.565 37.693 37.823 37.945 38.085 38.223 38.338 38.5 38.623 38.785 38.915 39.043 39.178 39.328 39.445 39.583 39.713 39.87 39.968 40.07 40.193 40.33 40.45 40.575 40.708 40.845 40.963
33.888 34.03 34.128 34.26 34.39 34.488 34.618 34.77 34.858 34.975 35.1 35.18 35.27 35.37 35.448 35.503 35.643 35.713 35.795 35.89 35.955 36.068 36.143 36.18 36.27 36.358 36.418 36.475 36.528 36.558 36.598 36.618 36.67 36.675 36.74 36.773 36.813 36.85 36.933 37.018 37.095 37.158 37.24 37.345 37.458 37.55 37.708 37.835 37.96 38.093 38.215 38.358 38.485 38.625 38.733 38.88 39.015 39.168 39.273 39.418 39.53 39.658 39.8 39.918 39.993 40.115 40.245 40.385 40.48 40.613 40.75 40.895 40.99
34.038 34.185 34.273 34.398 34.533 34.645 34.783 34.918 34.998 35.148 35.263 35.325 35.408 35.48 35.575 35.688 35.793 35.843 35.928 36.023 36.115 36.223 36.295 36.37 36.45 36.503 36.543 36.645 36.703 36.723 36.783 36.798 36.833 36.855 36.91 36.96 37.01 37.045 37.113 37.175 37.255 37.343 37.373 37.52 37.618 37.715 37.84 37.958 38.105 38.233 38.368 38.47 38.585 38.733 38.843 38.995 39.133 39.268 39.395 39.51 39.63 39.718 39.858 39.985 40.063 40.188 40.298 40.435 40.54 40.658 40.77 40.913 41.02
34.213 34.323 34.428 34.565 34.715 34.83 34.953 35.058 35.17 35.27 35.383 35.47 35.56 35.638 35.703 35.815 35.908 36.003 36.073 36.16 36.238 36.348 36.433 36.488 36.605 36.668 36.698 36.795 36.865 36.89 36.935 36.985 37.023 37.038 37.078 37.143 37.22 37.25 37.293 37.373 37.418 37.51 37.585 37.65 37.815 37.885 38.013 38.108 38.233 38.353 38.495 38.62 38.728 38.863 38.955 39.105 39.235 39.338 39.47 39.585 39.69 39.793 39.948 40.063 40.15 40.255 40.363 40.488 40.615 40.705 40.84 40.988 41.115
34.358 34.468 34.585 34.718 34.86 34.978 35.093 35.233 35.348 35.43 35.538 35.603 35.67 35.763 35.853 35.938 36.038 36.138 36.208 36.298 36.388 36.51 36.575 36.61 36.74 36.81 36.858 36.965 37.02 37.075 37.08 37.15 37.19 37.213 37.273 37.323 37.383 37.41 37.495 37.538 37.598 37.658 37.743 37.828 37.94 38.033 38.145 38.265 38.388 38.518 38.61 38.72 38.865 38.98 39.083 39.203 39.335 39.44 39.563 39.678 39.78 39.895 40 40.12 40.205 40.303 40.403 40.543 40.673 40.79 40.895 41.048 41.163
34.518 34.62 34.73 34.88 35.02 35.123 35.23 35.378 35.478 35.595 35.675 35.76 35.833 35.908 35.978 36.093 36.18 36.23 36.333 36.435 36.533 36.613 36.708 36.755 36.87 36.938 36.995 37.103 37.148 37.193 37.235 37.288 37.335 37.388 37.435 37.493 37.54 37.565 37.633 37.698 37.743 37.815 37.888 37.97 38.078 38.155 38.31 38.39 38.533 38.658 38.755 38.883 38.988 39.08 39.203 39.305 39.435 39.553 39.658 39.78 39.895 40.005 40.103 40.183 40.28 40.385 40.468 40.585 40.74 40.875 40.963 41.083 41.208
34.655 34.775 34.865 35.023 35.165 35.233 35.373 35.5 35.615 35.698 35.823 35.875 35.97 36.045 36.118 36.228 36.305 36.38 36.498 36.545 36.655 36.75 36.813 36.878 37.003 37.065 37.125 37.24 37.258 37.325 37.38 37.44 37.468 37.533 37.563 37.648 37.678 37.718 37.813 37.85 37.875 37.958 38.04 38.113 38.218 38.303 38.415 38.538 38.673 38.753 38.858 38.99 39.105 39.2 39.313 39.433 39.543 39.64 39.748 39.87 39.995 40.078 40.193 40.283 40.375 40.458 40.555 40.658 40.785 40.915 41.008 41.143 41.24
34.795 34.92 35.035 35.163 35.29 35.385 35.518 35.65 35.715 35.83 35.92 35.995 36.08 36.138 36.258 36.358 36.413 36.498 36.615 36.688 36.785 36.873 36.955 37.003 37.15 37.205 37.278 37.36 37.418 37.463 37.498 37.543 37.603 37.67 37.7 37.798 37.848 37.875 37.945 37.99 38.03 38.113 38.198 38.278 38.355 38.455 38.565 38.668 38.773 38.885 38.985 39.103 39.22 39.31 39.418 39.528 39.643 39.758 39.843 39.963 40.068 40.16 40.253 40.348 40.453 40.528 40.628 40.743 40.875 40.968 41.085 41.21 41.308
34.928 35.06 35.165 35.32 35.415 35.495 35.623 35.745 35.833 35.948 36.045 36.113 36.21 36.27 36.37 36.45 36.535 36.595 36.715 36.793 36.888 36.983 37.07 37.155 37.235 37.33 37.4 37.475 37.533 37.588 37.628 37.723 37.775 37.84 37.853 37.938 37.985 38.038 38.108 38.15 38.223 38.26 38.328 38.405 38.488 38.585 38.7 38.813 38.898 39 39.095 39.198 39.335 39.385 39.51 39.623 39.753 39.828 39.923 40.06 40.15 40.258 40.353 40.42 40.53 40.613 40.705 40.813 40.933 41.038 41.175 41.288 41.373
35.073 35.183 35.268 35.438 35.553 35.608 35.73 35.853 35.955 36.048 36.15 36.235 36.298 36.373 36.49 36.58 36.655 36.745 36.825 36.908 37.015 37.088 37.168 37.273 37.375 37.428 37.508 37.618 37.668 37.735 37.795 37.878 37.938 37.968 38.023 38.1 38.143 38.198 38.263 38.315 38.358 38.44 38.52 38.585 38.648 38.735 38.818 38.918 39.025 39.115 39.23 39.335 39.44 39.523 39.625 39.74 39.868 39.945 40.03 40.16 40.24 40.325 40.448 40.535 40.645 40.708 40.81 40.9 41.033 41.148 41.263 41.373 41.455
35.193 35.303 35.403 35.568 35.645 35.745 35.838 35.963 36.065 36.158 36.248 36.305 36.408 36.475 36.575 36.68 36.768 36.85 36.93 37.033 37.12 37.198 37.27 37.37 37.478 37.55 37.645 37.71 37.79 37.86 37.928 38.003 38.06 38.108 38.195 38.265 38.29 38.36 38.423 38.468 38.538 38.59 38.648 38.748 38.81 38.895 38.975 39.07 39.183 39.258 39.37 39.48 39.588 39.665 39.75 39.86 39.96 40.04 40.138 40.248 40.335 40.423 40.533 40.615 40.698 40.8 40.88 41.008 41.12 41.195 41.325 41.445 41.54
35.33 35.455 35.55 35.675 35.77 35.883 35.985 36.09 36.185 36.285 36.33 36.42 36.525 36.595 36.7 36.8 36.858 36.938 37.04 37.138 37.205 37.283 37.36 37.475 37.56 37.635 37.778 37.838 37.91 37.975 38.04 38.115 38.185 38.255 38.323 38.43 38.438 38.528 38.598 38.625 38.708 38.795 38.823 38.898 38.995 39.05 39.17 39.223 39.323 39.41 39.533 39.6 39.705 39.785 39.875 39.985 40.075 40.128 40.248 40.345 40.443 40.56 40.648 40.713 40.813 40.89 40.97 41.098 41.193 41.285 41.405 41.518 41.603
35.468 35.565 35.683 35.808 35.91 35.995 36.115 36.225 36.305 36.383 36.463 36.535 36.603 36.698 36.795 36.893 36.96 37.053 37.125 37.22 37.315 37.385 37.478 37.585 37.673 37.763 37.858 37.94 38.02 38.093 38.163 38.258 38.338 38.388 38.453 38.55 38.573 38.663 38.733 38.788 38.84 38.92 38.975 39.058 39.125 39.218 39.313 39.39 39.48 39.558 39.64 39.765 39.843 39.905 39.983 40.13 40.21 40.253 40.373 40.47 40.568 40.673 40.76 40.818 40.89 40.983 41.083 41.178 41.28 41.365 41.458 41.548 41.665
35.6 35.698 35.808 35.933 36.03 36.14 36.238 36.328 36.418 36.52 36.555 36.655 36.733 36.785 36.92 37.003 37.065 37.163 37.233 37.338 37.42 37.508 37.578 37.678 37.773 37.858 37.965 38.06 38.153 38.205 38.293 38.36 38.453 38.505 38.57 38.68 38.743 38.825 38.89 38.925 38.983 39.075 39.13 39.208 39.275 39.363 39.433 39.53 39.618 39.703 39.81 39.893 39.99 40.065 40.153 40.253 40.34 40.418 40.498 40.6 40.69 40.783 40.848 40.918 41.023 41.088 41.188 41.27 41.335 41.445 41.535 41.63 41.735
35.723 35.81 35.943 36.065 36.165 36.258 36.36 36.445 36.53 36.598 36.683 36.763 36.83 36.91 37.035 37.11 37.168 37.27 37.348 37.435 37.55 37.61 37.703 37.81 37.885 37.993 38.095 38.15 38.243 38.328 38.405 38.49 38.553 38.6 38.698 38.793 38.868 38.963 39.028 39.058 39.143 39.2 39.255 39.325 39.418 39.503 39.593 39.675 39.765 39.835 39.93 40.013 40.093 40.17 40.27 40.368 40.44 40.52 40.608 40.705 40.803 40.873 40.965 41.035 41.12 41.168 41.255 41.36 41.43 41.523 41.608 41.698 41.805
35.858 35.94 36.065 36.188 36.278 36.37 36.465 36.555 36.645 36.72 36.793 36.86 36.96 37.045 37.14 37.218 37.285 37.388 37.468 37.555 37.658 37.743 37.813 37.923 38.033 38.11 38.218 38.283 38.373 38.46 38.528 38.613 38.668 38.77 38.825 38.898 38.978 39.058 39.13 39.193 39.26 39.33 39.393 39.47 39.548 39.625 39.705 39.81 39.903 39.97 40.08 40.13 40.223 40.3 40.375 40.465 40.573 40.635 40.725 40.82 40.91 40.993 41.038 41.138 41.218 41.3 41.383 41.45 41.538 41.623 41.683 41.755 41.86
35.963 36.068 36.183 36.29 36.375 36.463 36.57 36.673 36.768 36.855 36.923 37.005 37.065 37.173 37.263 37.343 37.425 37.513 37.583 37.68 37.755 37.845 37.895 38.04 38.123 38.225 38.315 38.388 38.463 38.565 38.635 38.713 38.793 38.858 38.973 39.013 39.088 39.185 39.233 39.318 39.395 39.473 39.513 39.615 39.69 39.755 39.848 39.933 40.035 40.103 40.19 40.26 40.348 40.418 40.493 40.588 40.688 40.745 40.845 40.918 41 41.088 41.135 41.223 41.313 41.393 41.49 41.55 41.603 41.698 41.753 41.843 41.94
36.035 36.163 36.29 36.378 36.49 36.568 36.67 36.78 36.86 36.933 37.005 37.123 37.183 37.27 37.398 37.45 37.54 37.645 37.733 37.825 37.89 37.953 38.063 38.17 38.23 38.345 38.428 38.498 38.575 38.658 38.71 38.828 38.9 38.978 39.08 39.163 39.238 39.313 39.38 39.45 39.533 39.605 39.67 39.753 39.823 39.913 39.988 40.063 40.123 40.233 40.323 40.41 40.478 40.558 40.638 40.723 40.788 40.858 40.93 41.033 41.1 41.165 41.25 41.348 41.4 41.485 41.563 41.633 41.688 41.783 41.853 41.915 42.03
36.15 36.248 36.41 36.483 36.585 36.675 36.775 36.888 36.98 37.068 37.118 37.238 37.295 37.413 37.518 37.575 37.658 37.775 37.843 37.945 38.03 38.108 38.185 38.285 38.375 38.443 38.543 38.608 38.71 38.765 38.843 38.945 39.025 39.1 39.19 39.285 39.355 39.465 39.513 39.568 39.643 39.75 39.825 39.87 39.985 40.06 40.125 40.18 40.278 40.363 40.45 40.52 40.578 40.67 40.735 40.838 40.895 40.943 41.043 41.133 41.233 41.28 41.375 41.435 41.493 41.563 41.658 41.73 41.783 41.883 41.935 42.003 42.108
36.26 36.348 36.51 36.603 36.678 36.78 36.878 36.97 37.085 37.143 37.23 37.333 37.423 37.523 37.623 37.695 37.785 37.883 37.96 38.038 38.158 38.2 38.29 38.403 38.498 38.578 38.638 38.748 38.81 38.885 38.983 39.038 39.133 39.235 39.29 39.345 39.455 39.57 39.63 39.71 39.763 39.87 39.968 40.023 40.11 40.208 40.283 40.345 40.428 40.485 40.573 40.655 40.698 40.808 40.865 40.938 41.023 41.083 41.168 41.24 41.33 41.413 41.483 41.545 41.633 41.705 41.753 41.83 41.908 41.983 42.05 42.12 42.228
36.358 36.493 36.613 36.683 36.788 36.878 36.975 37.083 37.173 37.23 37.328 37.435 37.533 37.635 37.735 37.785 37.913 38 38.078 38.175 38.265 38.335 38.41 38.495 38.59 38.703 38.768 38.843 38.933 38.978 39.068 39.158 39.215 39.308 39.415 39.478 39.573 39.67 39.738 39.838 39.913 39.988 40.06 40.175 40.25 40.328 40.4 40.483 40.543 40.625 40.71 40.803 40.855 40.92 41.008 41.09 41.15 41.213 41.285 41.34 41.415 41.525 41.573 41.67 41.745 41.808 41.898 41.94 42.033 42.11 42.17 42.243 42.348
36.46 36.603 36.71 36.795 36.903 36.99 37.078 37.175 37.273 37.33 37.418 37.54 37.625 37.728 37.815 37.895 38.028 38.133 38.18 38.29 38.385 38.433 38.553 38.65 38.698 38.823 38.893 38.948 39.038 39.095 39.165 39.26 39.335 39.398 39.49 39.573 39.695 39.768 39.845 39.938 40.043 40.118 40.19 40.28 40.36 40.445 40.53 40.603 40.688 40.758 40.843 40.918 40.98 41.06 41.13 41.213 41.235 41.338 41.398 41.453 41.545 41.64 41.708 41.783 41.858 41.913 42 42.045 42.133 42.205 42.273 42.365 42.495
36.573 36.683 36.818 36.913 37.035 37.115 37.178 37.275 37.373 37.46 37.535 37.608 37.718 37.82 37.92 37.99 38.123 38.175 38.268 38.38 38.478 38.538 38.668 38.763 38.838 38.93 39.008 39.05 39.133 39.205 39.29 39.368 39.448 39.533 39.61 39.683 39.793 39.878 39.945 40.048 40.14 40.228 40.313 40.388 40.49 40.563 40.648 40.715 40.803 40.918 40.97 41.035 41.115 41.18 41.255 41.338 41.388 41.453 41.53 41.593 41.66 41.755 41.81 41.875 41.96 42.015 42.113 42.18 42.253 42.335 42.423 42.503 42.6
36.693 36.818 36.943 37.03 37.125 37.235 37.335 37.405 37.495 37.563 37.63 37.718 37.84 37.923 38.023 38.1 38.203 38.28 38.39 38.505 38.578 38.653 38.76 38.868 38.955 39.038 39.11 39.165 39.245 39.315 39.38 39.47 39.56 39.655 39.743 39.798 39.905 40.01 40.063 40.15 40.265 40.333 40.42 40.48 40.603 40.658 40.745 40.828 40.905 41.018 41.098 41.17 41.253 41.293 41.395 41.473 41.518 41.6 41.645 41.705 41.773 41.86 41.928 42.008 42.088 42.158 42.225 42.288 42.373 42.44 42.55 42.595 42.695
36.765 36.905 37.043 37.14 37.243 37.323 37.428 37.51 37.603 37.665 37.73 37.825 37.93 38.048 38.11 38.215 38.318 38.405 38.498 38.61 38.688 38.763 38.863 38.955 39.038 39.138 39.225 39.268 39.335 39.425 39.493 39.588 39.68 39.773 39.845 39.953 40.06 40.11 40.21 40.26 40.373 40.438 40.543 40.603 40.715 40.788 40.878 40.95 41.033 41.125 41.208 41.293 41.368 41.418 41.515 41.575 41.615 41.718 41.78 41.828 41.915 41.993 42.055 42.13 42.185 42.25 42.33 42.38 42.49 42.568 42.643 42.735 42.83
36.873 37.003 37.123 37.203 37.308 37.418 37.52 37.623 37.703 37.808 37.868 37.938 38.035 38.173 38.245 38.325 38.45 38.488 38.618 38.718 38.805 38.898 38.998 39.093 39.168 39.235 39.295 39.378 39.46 39.533 39.603 39.705 39.783 39.875 39.97 40.04 40.183 40.228 40.3 40.388 40.49 40.553 40.643 40.71 40.845 40.913 40.973 41.06 41.155 41.235 41.315 41.405 41.483 41.543 41.628 41.658 41.75 41.848 41.918 41.973 42.02 42.128 42.175 42.245 42.285 42.348 42.453 42.515 42.623 42.673 42.733 42.838 42.943
36.94 37.068 37.16 37.295 37.373 37.49 37.59 37.683 37.788 37.858 37.96 38.043 38.18 38.283 38.355 38.463 38.573 38.64 38.743 38.858 38.928 39.023 39.1 39.178 39.285 39.358 39.415 39.493 39.583 39.643 39.733 39.815 39.905 40.023 40.093 40.175 40.278 40.348 40.403 40.518 40.598 40.66 40.755 40.825 40.928 41.018 41.08 41.15 41.253 41.35 41.423 41.485 41.578 41.65 41.733 41.755 41.845 41.928 41.993 42.06 42.148 42.2 42.258 42.348 42.41 42.5 42.585 42.62 42.685 42.79 42.855 42.963 43.053
37.013 37.148 37.245 37.345 37.443 37.553 37.665 37.753 37.85 37.905 38.038 38.125 38.253 38.373 38.478 38.57 38.658 38.763 38.858 38.96 39.048 39.133 39.238 39.303 39.385 39.48 39.553 39.61 39.695 39.753 39.843 39.928 40.013 40.125 40.215 40.293 40.378 40.468 40.535 40.6 40.695 40.78 40.84 40.958 41.045 41.11 41.178 41.25 41.343 41.443 41.518 41.578 41.68 41.75 41.813 41.853 41.935 42.028 42.073 42.15 42.235 42.303 42.363 42.418 42.5 42.603 42.695 42.735 42.818 42.888 42.968 43.085 43.155
37.073 37.215 37.305 37.405 37.53 37.625 37.718 37.848 37.915 37.998 38.105 38.208 38.34 38.455 38.55 38.658 38.76 38.84 38.975 39.075 39.15 39.253 39.333 39.415 39.508 39.58 39.668 39.733 39.808 39.885 39.968 40.038 40.133 40.263 40.313 40.413 40.508 40.563 40.668 40.718 40.818 40.89 40.948 41.05 41.143 41.198 41.285 41.35 41.468 41.543 41.59 41.67 41.768 41.835 41.918 41.953 42.02 42.095 42.17 42.253 42.325 42.385 42.465 42.54 42.59 42.688 42.765 42.828 42.923 42.99 43.043 43.15 43.235
37.14 37.3 37.388 37.475 37.598 37.705 37.793 37.893 37.963 38.09 38.205 38.275 38.398 38.525 38.628 38.73 38.85 38.953 39.06 39.155 39.238 39.348 39.435 39.503 39.618 39.71 39.745 39.858 39.938 40.01 40.063 40.168 40.258 40.355 40.438 40.515 40.615 40.668 40.765 40.845 40.93 41.02 41.06 41.16 41.215 41.305 41.345 41.438 41.57 41.615 41.695 41.735 41.835 41.925 41.985 42.035 42.115 42.198 42.245 42.318 42.415 42.468 42.545 42.618 42.68 42.778 42.878 42.94 43.038 43.09 43.153 43.233 43.32
