All_lidar/sz6292_DSM_2M.asc
ncols 500
nrows 500
xllcorner    462000
yllcorner    92000
cellsize     2
NODATA_value -9999
[rows 256 to 287 of 500, columns 0 to 72 of 500]
-2.172 -2.037 -2.113 -1.987 -2.044 -2.098 -2.09 -2.019 -2.075 -2.066 -2.093 -2.07 -2.063 -2.021 -2.055 -1.975 -2.088 -2.059 -2.062 -2.157 -2.113 -2.05 -2.118 -2.095 -2.098 -2.013 -2.155 -2.066 -2.155 -2.067 -2.074 -2.121 -2.086 -2.066 -2.087 -2.052 -2.135 -2.089 -2.108 -2.08 -2.029 -2.041 -2.109 -2.147 -1.963 -2.047 -2.098 -2.101 -1.998 -2.015 -2.061 -2.042 -2.08 -2.077 -2.06 -2.028 -2.111 -2.047 -2.049 -2.109 -2.088 -2.029 -2.062 -2.139 -2.002 -2.053 -2.023 -2.029 -2.017 -2.053 -2.088 -2.055 -2.07
-2.022 -2.052 -2.047 -2.067 -2.064 -2.07 -2.049 -2.006 -2.139 -2.075 -2.05 -2.056 -2.13 -2.175 -2.094 -2.043 -2.038 -2.107 -2.14 -2.041 -2.086 -2.008 -2.175 -2.089 -2.082 -2.05 -2.097 -2.109 -2.1 -2.069 -2.066 -2.086 -2.031 -2.089 -2.082 -2.05 -2.019 -2.12 -2.186 -2.085 -2.06 -2.054 -2.036 -2.081 -2.051 -2.076 -2.1 -2.126 -2.197 -2.065 -2.06 -2.086 -2.088 -2.134 -2.07 -2.068 -2.116 -2.05 -2.162 -2.096 -2.042 -2.092 -2.044 -2.121 -2.113 -2.098 -2.03 -2.047 -2.033 -2.096 -2.005 -2.02 -2.042
-2.056 -2.004 -2.075 -2.141 -2.147 -2.128 -2.134 -2.114 -2.143 -2.039 -2.075 -2.081 -2.089 -2.028 -2.082 -2.161 -2 -2.133 -2.044 -2.006 -2.02 -2.047 -2.016 -2.102 -2.076 -2.126 -2.056 -2.045 -2.102 -2.118 -2.054 -2.042 -2.059 -2.081 -2.057 -2.096 -2.1 -2.148 -2.062 -2.082 -2.126 -2.09 -2.025 -2.157 -2 -2.137 -2.062 -2.065 -2.084 -2.027 -2.035 -2.12 -2.041 -2.016 -2.097 -2.065 -2.076 -2.05 -2.087 -2.139 -2.032 -2.097 -2.102 -2.051 -2.095 -2.083 -1.992 -2.024 -2.102 -2.08 -2.066 -2.007 -2.065
-2.074 -2.063 -2.074 -2.041 -2.077 -2.057 -2.139 -2.06 -2.058 -2.068 -2.117 -2.09 -2.082 -2.066 -2.103 -2.118 -2.118 -2.066 -2.08 -2.111 -2.071 -2.058 -2.053 -2.105 -2.086 -2.053 -2.164 -2.011 -2.067 -2.112 -2.03 -2.108 -2.102 -2.094 -2.094 -2.042 -2.082 -2.129 -2.072 -2.052 -2.067 -2.068 -2.084 -2.055 -2.001 -2.008 -2.096 -2.053 -2.058 -2.104 -2.145 -2.012 -2.029 -2.126 -2.079 -2.034 -2.065 -2.062 -2.114 -2.116 -2.061 -2.068 -2.087 -2.086 -2.114 -2.096 -2.09 -2.039 -2.114 -2.061 -2.07 -2.096 -2.071
-1.987 -2.119 -2.044 -1.988 -1.98 -2.095 -2.045 -1.947 -2.04 -2.043 -2.067 -2.017 -2.066 -1.999 -2.116 -2.136 -2.164 -2.182 -2.148 -2.074 -2.075 -2.065 -2.143 -2.102 -2.126 -2.027 -2.024 -2.037 -2.103 -2.178 -2.096 -2.131 -2.078 -2.076 -1.992 -2.017 -2.074 -2.108 -2.061 -2.048 -2.078 -2.112 -2.029 -2.037 -2.043 -2.078 -2.062 -2.12 -2.049 -2.064 -2.088 -2.086 -2.039 -2.139 -2.102 -2.047 -2.038 -2.116 -2.068 -2.065 -2.121 -2.06 -1.98 -2.05 -2.119 -2.061 -2.1 -2.032 -2.085 -2.07 -2.056 -2.093 -2.009
-2.163 -2.036 -2.02 -2.088 -2.127 -2.084 -2.092 -2.154 -2.025 -2.092 -2.08 -2.106 -2.089 -2.037 -2.079 -2.116 -2.116 -2.014 -2.051 -1.999 -2.043 -2.047 -1.994 -2.137 -2.064 -2.14 -2.017 -2.089 -2.035 -2.079 -2.036 -2.049 -2.191 -2.07 -2.123 -2.109 -2.091 -2.008 -2.094 -2.091 -2.062 -2.078 -2.105 -2.051 -2.059 -2.097 -2.041 -2.079 -2.156 -2.051 -2.109 -2.116 -2.104 -2.088 -2.048 -2.169 -2.024 -2.067 -2.105 -2.142 -2.089 -2.055 -2.086 -2.068 -2.089 -2.085 -2.049 -2.185 -2.089 -2.063 -2.083 -2.02 -2.007
-2.095 -2.099 -2.094 -2.123 -2.076 -2.061 -2.014 -2.106 -2.055 -2.073 -2.056 -2.04 -2.061 -2.036 -2.081 -2.07 -2.077 -2.048 -2.092 -2.148 -2.117 -2.089 -2.052 -2.082 -2.033 -2.014 -2.071 -1.995 -2.061 -2.092 -2.092 -2.092 -2.127 -2.104 -2.077 -2.082 -2.103 -2.202 -2.042 -2.038 -2.114 -2.082 -2.112 -2.165 -2.034 -2.09 -2.132 -2.033 -2.039 -2.035 -2.032 -2.088 -2.052 -2.06 -2.089 -2.052 -2.049 -2.085 -2.142 -2.079 -2.105 -2.084 -2.118 -2.02 -2.092 -2.121 -2.032 -2.148 -2.074 -2.056 -2.008 -2.128 -2.116
-2.061 -2.143 -2.059 -2.04 -2.048 -2.087 -2.054 -2.079 -2.1 -2.032 -2.021 -2.111 -2.082 -2.056 -2.123 -2.065 -2.035 -2.068 -1.988 -2.037 -2.101 -2.112 -2.048 -2.011 -2.041 -2.019 -2.086 -2.08 -2.063 -2.027 -2.127 -2.08 -2.014 -2.138 -2.021 -2.063 -1.986 -2.065 -2.076 -2.055 -2.042 -2.107 -2.051 -2.126 -2.077 -2.081 -2.046 -2.085 -2.085 -2.034 -2.069 -2.079 -2.041 -2.058 -2.089 -2.038 -2.077 -2.074 -2.018 -2.131 -2.001 -2.014 -2.113 -2.067 -2.099 -2.122 -2.089 -2.168 -2.045 -2.053 -2.124 -2.041 -2.105
-2.107 -2.072 -2.035 -2.056 -2.083 -2.038 -2.077 -1.969 -2.098 -2.046 -2.084 -2.098 -2.073 -2.078 -2.097 -2.048 -2.119 -2.003 -2.067 -2.072 -2.049 -2.052 -2.128 -2.152 -2.087 -2.126 -2.064 -2.143 -2.036 -2.122 -2.025 -2.103 -2.051 -2.057 -2.102 -2.071 -2.105 -2.1 -2.042 -2.078 -2.054 -2.032 -2.037 -2.085 -2.062 -2.007 -2.099 -2.075 -2.057 -2.071 -2.114 -2.014 -2.05 -2.04 -2.06 -2.116 -2.092 -2.032 -2.123 -2.09 -2.093 -2 -2.192 -2.093 -2.205 -2.041 -2.099 -2.084 -2.111 -2.144 -2.084 -2.012 -2.058
-2.064 -2.07 -2.007 -2.09 -2.037 -2.051 -2.061 -2.025 -2.029 -2.014 -2.098 -2.108 -2.105 -1.967 -2.006 -2.069 -2.094 -2.098 -2.02 -2.039 -2.133 -2.125 -2.143 -2.08 -2.105 -2.154 -2.093 -2.142 -2.123 -2.077 -2.07 -2.137 -2.114 -2.122 -2.051 -2.089 -2.129 -2.121 -2.028 -2.092 -2 -2.043 -2.211 -2.086 -2.075 -2.066 -2.064 -2.052 -2.008 -2.021 -2.028 -2.088 -2.039 -2.052 -1.98 -2.075 -2.007 -2.048 -2.115 -2.026 -2.088 -2.025 -2.148 -2.13 -2.052 -2.104 -2.09 -2.09 -2.069 -2.05 -2.065 -2.064 -2.025
-2.086 -2.115 -2.098 -2.094 -2.018 -2.131 -2.106 -2.026 -2.112 -2.027 -2.062 -2.126 -2.181 -2.13 -2.056 -2.066 -2.127 -2.107 -2.064 -2.057 -2.078 -2.036 -2.014 -2.051 -2.067 -2.035 -2.035 -2.02 -2.022 -2.05 -2.038 -2.062 -1.986 -2.007 -2.058 -2.121 -2.101 -2.122 -2.05 -2.076 -2.096 -2.17 -2.086 -2.06 -2.071 -2.071 -2.069 -2.038 -2.112 -2.067 -2.12 -1.983 -2.101 -2.004 -2.081 -2.092 -1.996 -2.109 -2.134 -2.049 -2.016 -2.077 -2.225 -2.087 -2.095 -2.043 -2.068 -2.101 -2.099 -2.062 -2.035 -2.047 -2.111
-2.036 -2.05 -2.047 -2.08 -2.108 -1.975 -2.066 -2.028 -2.033 -2.056 -1.977 -2.046 -2.138 -2.102 -2.051 -2.049 -2.144 -2.019 -2.076 -2.052 -2.107 -2.055 -2.045 -2.063 -2.097 -2.094 -2.076 -2.108 -2.054 -2.034 -2.087 -2.099 -2.115 -2.12 -2.039 -2.181 -2.057 -2.066 -2.036 -2.045 -2.105 -2.057 -2.036 -2.083 -2.074 -2.099 -2.103 -2.047 -2.036 -2.057 -2.134 -2.081 -1.989 -2.039 -2.089 -2.095 -2.109 -2.065 -2.168 -2.053 -2.045 -1.952 -2.133 -2.09 -2.07 -2.059 -2.09 -2.084 -2.015 -2.039 -2.039 -2.062 -2.067
-2.008 -2.148 -2.089 -1.998 -2.03 -2.093 -2.108 -2.023 -2.013 -2.103 -2.041 -2.091 -2.013 -2.029 -2.108 -1.992 -2.025 -2.084 -1.967 -2.032 -2.072 -2.067 -2.06 -2.039 -2.071 -2.026 -2.056 -2.056 -2.087 -2.034 -2.092 -2.136 -2.037 -2.06 -2.08 -2.106 -2.051 -2.072 -2.039 -2.081 -2.093 -2.103 -2.123 -2.137 -2.076 -2.02 -2.041 -2.049 -2.034 -2.066 -2.039 -2.073 -2.053 -2.007 -2.068 -2.089 -2.058 -2.043 -2.064 -2.077 -2.099 -2.072 -2.112 -2.173 -2.095 -2.059 -2.084 -2.021 -2.039 -2.106 -2.092 -2.088 -2.011
-2.031 -2.045 -2.049 -2.057 -1.99 -2.003 -2.055 -2.021 -2.094 -2.038 -2.037 -2.05 -2.039 -2.027 -2.137 -2.083 -2.085 -2.068 -1.989 -2.019 -2.098 -2.054 -2.082 -2.083 -2.02 -2.066 -2.081 -2.052 -2.176 -2.032 -2.012 -2.1 -2.138 -2.041 -2.036 -2.069 -2.064 -2.029 -2.071 -2.099 -2.058 -2.04 -2.063 -2.063 -2.078 -2.123 -2.062 -2.158 -2.114 -2.044 -2.043 -2.089 -2.058 -2.063 -2.053 -2.076 -2.061 -2.074 -2.062 -2.132 -2.073 -2.057 -2.032 -2.069 -2.084 -2.077 -2.1 -2.008 -2.046 -1.952 -2.029 -2.034 -2.014
-2.03 -2.033 -2.095 -2.063 -2.101 -2.106 -2.052 -2.027 -2.113 -2.061 -2.038 -2.048 -2.132 -2.151 -2.034 -2.135 -2.021 -2.135 -2.039 -2.065 -2.078 -2.092 -2.049 -2.136 -2.048 -2.032 -2.16 -2.073 -2.072 -2.151 -2.035 -2.063 -2.138 -2.139 -2.01 -2.081 -2.088 -2.076 -2.069 -2.197 -2.141 -2.111 -2.082 -2.049 -2.036 -2.065 -2.044 -2.111 -2.074 -2.123 -2.139 -2.105 -2.115 -2 -2.116 -2.047 -2.078 -2.127 -2.011 -2.111 -2.106 -2.073 -2.111 -2.095 -2.055 -2.031 -2.055 -2.194 -2.146 -2.064 -2.035 -2.055 -2.089
-2.029 -2.039 -2.148 -2.035 -2.049 -2.089 -1.987 -2.043 -2.113 -2.05 -2.007 -2.08 -2.028 -2.062 -2.103 -1.991 -2.084 -2.06 -2.068 -2.042 -2.079 -2.034 -2.076 -2.071 -2.089 -2.124 -2.077 -2.009 -2.049 -2.107 -2.089 -2.067 -2.115 -2.174 -2.051 -2.025 -2.029 -2.004 -2.048 -2.054 -2.029 -2.092 -2.036 -2.105 -2.093 -2.167 -2.162 -2.141 -2.04 -2.163 -2.046 -2.143 -2.065 -2.077 -2.027 -2.057 -2.056 -2.143 -2.064 -2.092 -2.042 -2.085 -2.131 -2.15 -2.051 -2.162 -2.056 -2.138 -2.08 -2.075 -2.085 -2.037 -2.104
-2.014 -2.022 -2.081 -2.036 -2.04 -2.089 -1.999 -2.096 -2.035 -2.028 -2.014 -2.086 -1.961 -2.066 -2.064 -2.058 -2.004 -2.034 -2.037 -2.028 -2.047 -2.045 -2.007 -2.006 -2.097 -1.994 -2.041 -2.035 -2.07 -2.146 -2.077 -2.111 -2.11 -2.11 -2.081 -2.109 -2.054 -2.021 -2.062 -2.029 -2.066 -2.09 -2.041 -2.06 -2.134 -2.068 -2.074 -2.103 -2.034 -2.054 -2.081 -2.071 -2.113 -2.108 -2.083 -2.075 -2.065 -2.175 -2.049 -2.067 -2.082 -2.028 -2.084 -2.13 -2.117 -2.112 -2.112 -2.113 -2.115 -2.079 -2.019 -2.063 -2.053
-2.039 -2.094 -2.002 -2.085 -2.008 -2.049 -2.028 -2.044 -2 -2.044 -2.038 -2.014 -2.054 -2.048 -2.098 -2.059 -2.033 -2.028 -2.044 -2.028 -2.043 -2.035 -2.037 -2.049 -2.066 -2.126 -2.026 -2.072 -2.053 -2.056 -2.026 -2.034 -2.053 -2.045 -2.066 -2.079 -2.084 -2.074 -2.161 -2.132 -2.073 -1.99 -2.075 -2.103 -2.068 -2.087 -2.156 -2.052 -2.066 -2.053 -2.081 -2.129 -2.125 -2.022 -2.061 -2.069 -2.058 -2.061 -2.09 -2.191 -2.102 -2.073 -2.074 -2.089 -2.025 -2.061 -2.111 -2.037 -2.046 -2.094 -2.008 -2.034 -2.078
-2.044 -2.036 -2.099 -2.14 -2.101 -2.056 -2.003 -2.136 -2.052 -2.061 -2.037 -2.064 -2.083 -1.988 -2.076 -2.033 -2.058 -2.043 -2.081 -2.083 -2.117 -2.063 -2.047 -2.039 -2.064 -2.01 -2.075 -2.062 -2.095 -2.103 -2.099 -1.987 -2.087 -2.082 -2.179 -2.05 -2.034 -2.076 -2.047 -2.093 -2.025 -2.05 -2.02 -2.045 -2.122 -2.083 -2.033 -2.102 -2.079 -2.086 -2.09 -2.077 -2.022 -1.998 -2.006 -2.007 -2.09 -2.071 -2.115 -2.042 -2.073 -2.054 -2.103 -1.992 -2.091 -2.096 -2.102 -2.06 -2.105 -2.011 -2.125 -2.03 -2.079
-2.059 -2.028 -2.008 -2.055 -2.076 -2.026 -2.042 -2.114 -1.974 -2.018 -2.02 -2.103 -2.036 -2.01 -2.008 -2.041 -2.112 -2.05 -2.05 -2.051 -2.094 -2.118 -2.028 -2.134 -2.142 -2.069 -2.004 -2.077 -2.011 -2.094 -2.107 -2.047 -2.015 -2.087 -2.088 -2.067 -2.011 -2.049 -2.029 -2.088 -2.051 -2.03 -1.98 -2.102 -2.052 -2.115 -2.036 -2.141 -2.042 -2.065 -2.104 -2.046 -1.978 -2.159 -2.019 -2.013 -2.145 -2.022 -2.149 -2.067 -2.043 -2.106 -2.056 -2.12 -2.025 -2.113 -2.04 -2.035 -2.081 -2.078 -2.047 -2.085 -2.068
-2.036 -2.067 -2.057 -1.958 -2.002 -2.065 -2.016 -2.044 -1.975 -2.135 -2.03 -2.089 -2.086 -2.038 -2.072 -2.053 -2.016 -2.073 -2.002 -2.042 -2.102 -2.064 -2.094 -2.01 -2.114 -2.025 -2.089 -2.035 -2.122 -2.043 -2.06 -2.052 -2.124 -2.067 -2.033 -2.033 -2.014 -2.044 -2.068 -2.08 -2.04 -2.042 -1.994 -2.116 -2.027 -2.117 -2.085 -2.097 -2.099 -2.07 -2.04 -2.088 -2.102 -2.112 -2.104 -2.033 -2.091 -2.032 -2.065 -2.062 -2.068 -2.098 -2.175 -2.093 -2.102 -2.066 -2.063 -2.05 -2.075 -2.058 -2.047 -2.009 -2.083
-2.058 -2.14 -2.012 -2.037 -2.038 -1.991 -2.061 -2 -2.02 -2.015 -2.016 -2.026 -2.051 -2.125 -2.055 -2.082 -2.021 -2.085 -2.042 -2.128 -2.026 -2.046 -2.112 -2.082 -1.974 -2.084 -2.04 -2.094 -2.074 -2.07 -2.133 -2.107 -2.07 -2.06 -1.99 -2.076 -2.037 -2.083 -2.126 -2.117 -2.005 -2.137 -2.067 -2.126 -2.106 -2.043 -2.134 -2.133 -2.117 -2.039 -2.116 -2.042 -2.074 -2.202 -2.073 -2.151 -2.183 -2.099 -2.058 -2.069 -2.14 -2.053 -2.079 -2.141 -2.044 -2.061 -2.052 -2.172 -2.101 -2.132 -2.059 -2.02 -2.093
-2.063 -2.09 -2.13 -2.031 -2.073 -2.064 -2.058 -2.109 -2.008 -2.021 -2.03 -2.031 -2.044 -2.057 -1.975 -2.085 -2.045 -2.038 -2.055 -1.995 -2.003 -2.041 -2.009 -2.121 -2.085 -1.982 -2.021 -1.979 -2.075 -2.108 -2.077 -2.032 -2.051 -2.056 -2.022 -2.091 -2.012 -2.078 -2.047 -2.112 -2.097 -2.026 -2.016 -2.086 -2.126 -2.103 -2.097 -2.119 -2.116 -2.081 -2.052 -2.087 -2.135 -2.067 -2.064 -2.176 -2.069 -2.084 -2.054 -2.093 -2.148 -2.101 -2.016 -2.063 -2.021 -2.175 -2.02 -2.082 -2.1 -2.077 -2.088 -2.024 -2.079
-2.021 -2.016 -2.027 -1.978 -2.059 -1.999 -2.012 -2.072 -2.01 -2.088 -2.064 -2.019 -2.032 -2.081 -2.039 -2.031 -2.016 -2.076 -2.081 -2.142 -2.033 -2.05 -2.069 -2.003 -2.062 -2.1 -2.006 -2.07 -2.1 -1.978 -2.078 -2.149 -2.072 -2.047 -2.047 -2.137 -2 -2.056 -2.066 -2.129 -2.005 -2.067 -2.102 -2.042 -2.114 -2.109 -2.055 -2.041 -2.089 -2.052 -2.057 -2.027 -2.042 -2.065 -2.17 -2.069 -2.028 -2.116 -2.006 -2.048 -2.071 -2.105 -2.135 -2.114 -2.085 -2.068 -2.063 -2.073 -2.056 -2.051 -2.049 -2.02 -2.005
-1.99 -2.056 -2.062 -1.989 -2.062 -2.023 -2.057 -2.045 -2.01 -2.02 -2.023 -2.005 -2.062 -2.023 -2.018 -2.005 -2.125 -2.069 -2.011 -2.089 -2.113 -2.055 -2.087 -1.978 -2.08 -2.054 -2.086 -2.048 -2.047 -2.073 -2.017 -2.026 -2.064 -2.04 -2.046 -2.094 -2.049 -2.044 -2.049 -2.052 -2.108 -2.102 -2.044 -2.067 -2.04 -2.054 -2.045 -2.098 -2.153 -2.091 -2.168 -2.161 -2.102 -2.087 -2.052 -2.048 -2.056 -2.052 -2.076 -2.086 -2.086 -2.034 -2.05 -2.053 -2.056 -2.085 -2.159 -2.106 -2.067 -2.113 -2.037 -2.043 -2.056
-2.064 -2.187 -2.047 -2.07 -2.037 -2.032 -2.057 -2.023 -2.003 -2.066 -2.036 -2.041 -2.094 -2.053 -2.043 -2.039 -2.16 -2.079 -2.127 -2.06 -2.028 -2.086 -2.046 -2.073 -2.019 -2.052 -1.995 -2.04 -2.051 -2.076 -2.007 -2.084 -2.083 -2.077 -2.068 -2.027 -2.079 -2.128 -2.134 -2.136 -2.044 -2.132 -2.069 -2.053 -2.04 -2.061 -2.054 -2.068 -2.157 -2.052 -2.118 -2.108 -2.068 -2.019 -2.071 -2.113 -2.018 -2.031 -2.083 -2.105 -2.034 -2.097 -2.117 -2.058 -2.07 -2.071 -2.013 -2.052 -2.052 -2.104 -2.121 -2.111 -2.071
-2.047 -2.018 -2.085 -2.106 -2.02 -2.025 -2.067 -2.042 -1.995 -1.991 -2.073 -2.07 -2.1 -2.099 -2.05 -2.086 -2.071 -2.059 -2.056 -2.091 -2.033 -2.1 -2.085 -2.021 -2.114 -2.07 -1.992 -2.069 -2.074 -2.053 -2.03 -2.046 -2.077 -2.1 -2.092 -2.043 -2.128 -2.143 -2.046 -2.065 -2.042 -2.013 -2.096 -2.05 -2.077 -2.098 -1.989 -2.043 -2.059 -2.199 -2.097 -2.061 -2.086 -2.103 -2.091 -2.062 -2.068 -2.088 -2.121 -2.033 -2.118 -2.046 -2.011 -2.058 -2.112 -2.041 -2.072 -2.156 -2.079 -2.088 -2.031 -2.036 -2.058
-2.062 -2.02 -2.036 -2.083 -2.059 -2.026 -2.052 -2.041 -2.048 -2.037 -1.983 -2.04 -2.116 -2.013 -2.047 -2.009 -2.033 -2.033 -2.054 -2.054 -2.069 -1.993 -2.087 -2.06 -2.106 -1.993 -2.014 -2.058 -2.052 -2.012 -1.995 -2.05 -2.047 -1.977 -2.074 -2.051 -2.031 -2.019 -2.077 -2.087 -2.038 -2.019 -1.996 -2.045 -2.136 -2.057 -2.088 -2.058 -2.057 -2.071 -2.121 -2.072 -2.085 -2.106 -2.171 -2.128 -2.106 -2.069 -2.152 -2.064 -2.112 -2.107 -2.12 -1.996 -2.043 -2.218 -2.097 -2.037 -2.125 -2.145 -2.053 -2.025 -2.118
-2.069 -2.038 -1.984 -2.059 -2.101 -1.973 -2.007 -2.054 -1.979 -2.061 -2.013 -2.032 -2.072 -2.018 -1.992 -2.059 -2.045 -2.028 -2.024 -2.13 -2.016 -2.004 -2.023 -2.068 -2.062 -2.06 -2.047 -2.044 -2.077 -2.026 -2.062 -1.989 -2.17 -2.137 -2.073 -2.138 -2.008 -2.08 -2.017 -2.084 -2.047 -2.083 -2.107 -2.12 -2.055 -2.097 -2.075 -2.047 -1.994 -2.06 -2.107 -2.12 -2.084 -2.116 -2.02 -2.049 -2.044 -2.101 -2.053 -2.062 -2.076 -2.073 -2.081 -2.11 -2.049 -2.018 -2.035 -2.062 -2.081 -2.14 -2.096 -2.064 -2.067
-2.023 -2.011 -2.057 -2.117 -2.05 -1.988 -1.974 -2.041 -2.032 -2.077 -1.972 -2.056 -2.004 -2.094 -2.054 -2.009 -2.022 -2.002 -2.084 -2.059 -2.067 -2.095 -2.044 -2.092 -2.097 -2.117 -2.064 -2.031 -1.987 -2.07 -2.159 -1.973 -2.08 -2.106 -2.174 -2.037 -2.043 -2.133 -2.044 -2.03 -2.109 -2.049 -2.05 -2.059 -2.06 -2.107 -2.185 -2.127 -2.198 -2.132 -2.066 -2.07 -1.995 -2.085 -2.132 -2.071 -2.042 -2.054 -2.109 -2.093 -2.132 -2.028 -2.024 -2.077 -2.128 -2.072 -2.133 -2.121 -2.072 -2.134 -2.062 -2.054 -2.043
-2.139 -2.031 -2.026 -2.078 -2.028 -2.077 -1.99 -2.022 -2.06 -2.094 -2.053 -1.998 -2.049 -2.028 -2.086 -2.068 -2.011 -2.098 -2.04 -2.049 -2.019 -2.015 -2.136 -1.999 -2.063 -2.047 -2.003 -1.994 -2.06 -2.075 -2.07 -2.056 -2.016 -2.058 -2.044 -2.085 -2.068 -2.045 -2.082 -2.04 -2.129 -1.996 -2.073 -2.13 -2.037 -2.044 -2.029 -2.012 -2.118 -2.063 -2.126 -2.048 -2.116 -2.042 -2.085 -2.047 -2.118 -2.034 -2.084 -2.084 -2.079 -2.134 -2.024 -2.088 -2.15 -2.062 -2.135 -2.019 -2.044 -2.099 -2.099 -2.195 -2.089
-2.035 -2.053 -2.058 -2.052 -2.046 -2.026 -2.043 -2.09 -2.065 -2.039 -2.154 -2.012 -2.009 -2.069 -1.978 -2.046 -2.042 -2.007 -2.115 -2.09 -2.009 -2.022 -2.058 -2.025 -2.016 -2.032 -2.177 -2.092 -2.013 -2.054 -2.043 -2.043 -2.05 -2.052 -1.99 -2.08 -2.074 -2.034 -1.985 -2.099 -2.09 -2.057 -2.088 -2.047 -2.073 -2.066 -2.079 -2.077 -2.071 -2.085 -2.03 -2.071 -2.061 -2.031 -2.043 -2.078 -2.061 -2.15 -2.107 -2.05 -2.06 -2.049 -2.101 -2.103 -2.045 -2.086 -2.107 -2.049 -2.049 -2.07 -2.106 -2.059 -2.034
