All_lidar/sz6289_DSM_2M.asc
ncols 500
nrows 500
xllcorner    462000
yllcorner    89000
cellsize     2
NODATA_value -9999
[rows 256 to 287 of 500, columns 73 to 145 of 500]
43.217 43.21 43.175 43.157 43.152 43.127 43.107 43.077 43.037 43.025 43.065 43.06 43.052 43.092 43.11 43.115 43.125 43.157 43.167 43.175 43.19 43.215 43.197 43.192 43.205 43.215 43.207 43.217 43.25 43.245 43.252 43.252 43.235 43.23 43.222 43.222 43.205 43.217 43.22 43.21 43.21 43.2 43.195 43.227 43.212 43.23 43.242 43.26 43.26 43.26 43.242 43.245 43.227 43.245 43.217 43.225 43.25 43.27 43.272 43.275 43.255 43.257 43.267 43.262 43.282 43.275 43.292 43.302 43.295 43.32 43.32 43.317 43.35
43.202 43.197 43.175 43.17 43.162 43.135 43.115 43.087 43.06 43.067 43.07 43.072 43.06 43.082 43.105 43.122 43.127 43.14 43.165 43.172 43.177 43.187 43.19 43.18 43.207 43.22 43.202 43.235 43.237 43.22 43.237 43.232 43.205 43.215 43.227 43.222 43.192 43.217 43.207 43.202 43.197 43.21 43.207 43.222 43.24 43.24 43.247 43.237 43.255 43.24 43.265 43.25 43.235 43.237 43.23 43.22 43.23 43.237 43.257 43.27 43.262 43.252 43.275 43.277 43.285 43.262 43.265 43.265 43.27 43.272 43.287 43.29 43.3
43.182 43.192 43.155 43.167 43.127 43.092 43.087 43.072 43.037 43.045 43.045 43.045 43.057 43.062 43.097 43.115 43.132 43.147 43.157 43.162 43.165 43.185 43.19 43.18 43.21 43.22 43.21 43.227 43.237 43.222 43.235 43.26 43.227 43.212 43.212 43.195 43.172 43.182 43.202 43.18 43.167 43.205 43.187 43.195 43.195 43.187 43.192 43.197 43.22 43.185 43.205 43.197 43.185 43.202 43.197 43.2 43.192 43.23 43.225 43.207 43.217 43.232 43.225 43.225 43.232 43.232 43.237 43.247 43.247 43.25 43.282 43.277 43.282
43.172 43.167 43.15 43.15 43.112 43.082 43.08 43.06 43.052 43.052 43.037 43.037 43.037 43.05 43.087 43.097 43.127 43.142 43.13 43.17 43.175 43.17 43.187 43.172 43.175 43.21 43.165 43.195 43.202 43.21 43.215 43.217 43.18 43.175 43.17 43.165 43.157 43.147 43.157 43.157 43.137 43.165 43.16 43.155 43.165 43.167 43.18 43.185 43.19 43.177 43.185 43.205 43.175 43.2 43.192 43.197 43.207 43.195 43.212 43.215 43.227 43.237 43.222 43.235 43.25 43.25 43.24 43.227 43.235 43.242 43.255 43.242 43.252
43.215 43.222 43.187 43.177 43.15 43.125 43.1 43.077 43.02 43.04 43.047 43.015 43.015 43.027 43.047 43.042 43.072 43.102 43.115 43.117 43.13 43.15 43.172 43.157 43.142 43.177 43.165 43.192 43.2 43.212 43.22 43.22 43.2 43.182 43.187 43.182 43.155 43.165 43.145 43.162 43.145 43.152 43.15 43.137 43.132 43.157 43.142 43.15 43.155 43.14 43.152 43.177 43.15 43.177 43.165 43.18 43.165 43.177 43.195 43.2 43.202 43.215 43.212 43.217 43.227 43.225 43.212 43.227 43.217 43.225 43.237 43.225 43.23
43.252 43.237 43.22 43.217 43.215 43.17 43.13 43.115 43.08 43.077 43.06 43.047 43.035 43.042 43.052 43.065 43.065 43.095 43.107 43.12 43.14 43.15 43.145 43.157 43.17 43.167 43.172 43.18 43.182 43.192 43.182 43.197 43.185 43.155 43.165 43.142 43.147 43.135 43.117 43.127 43.12 43.127 43.122 43.132 43.12 43.13 43.137 43.127 43.142 43.15 43.162 43.16 43.155 43.155 43.167 43.162 43.19 43.192 43.225 43.2 43.21 43.197 43.225 43.22 43.23 43.22 43.23 43.232 43.222 43.23 43.23 43.215 43.23
43.28 43.252 43.232 43.217 43.202 43.182 43.175 43.14 43.135 43.137 43.132 43.092 43.065 43.077 43.07 43.07 43.065 43.082 43.08 43.067 43.092 43.097 43.132 43.135 43.152 43.152 43.172 43.17 43.165 43.187 43.192 43.192 43.175 43.145 43.152 43.137 43.115 43.115 43.127 43.117 43.112 43.11 43.117 43.122 43.115 43.11 43.11 43.107 43.115 43.12 43.115 43.12 43.125 43.117 43.132 43.15 43.17 43.192 43.187 43.182 43.167 43.182 43.2 43.17 43.17 43.177 43.177 43.205 43.185 43.182 43.192 43.162 43.182
43.262 43.235 43.22 43.225 43.217 43.202 43.197 43.192 43.19 43.172 43.155 43.147 43.115 43.125 43.13 43.1 43.1 43.12 43.117 43.115 43.15 43.15 43.165 43.16 43.175 43.162 43.167 43.175 43.18 43.165 43.16 43.177 43.165 43.14 43.127 43.142 43.125 43.122 43.095 43.112 43.11 43.102 43.087 43.092 43.085 43.092 43.112 43.085 43.09 43.09 43.095 43.107 43.107 43.13 43.137 43.147 43.167 43.17 43.162 43.172 43.177 43.182 43.215 43.182 43.19 43.19 43.17 43.162 43.18 43.17 43.147 43.135 43.15
43.215 43.197 43.195 43.195 43.185 43.165 43.162 43.175 43.16 43.162 43.14 43.145 43.137 43.137 43.14 43.15 43.135 43.145 43.157 43.16 43.172 43.182 43.19 43.19 43.185 43.185 43.197 43.18 43.192 43.18 43.175 43.16 43.17 43.157 43.167 43.145 43.157 43.142 43.132 43.127 43.127 43.097 43.117 43.107 43.087 43.08 43.1 43.095 43.11 43.115 43.132 43.135 43.13 43.13 43.137 43.135 43.147 43.167 43.155 43.167 43.162 43.185 43.197 43.192 43.195 43.187 43.18 43.15 43.147 43.16 43.132 43.13 43.14
43.155 43.165 43.15 43.15 43.125 43.107 43.135 43.152 43.165 43.162 43.205 43.17 43.145 43.147 43.147 43.135 43.162 43.162 43.147 43.18 43.19 43.22 43.187 43.18 43.18 43.177 43.18 43.16 43.177 43.16 43.167 43.177 43.165 43.155 43.155 43.147 43.15 43.127 43.13 43.125 43.117 43.102 43.117 43.12 43.09 43.1 43.095 43.105 43.13 43.16 43.137 43.162 43.162 43.182 43.185 43.19 43.215 43.207 43.197 43.21 43.192 43.227 43.242 43.232 43.212 43.212 43.195 43.182 43.2 43.182 43.175 43.187 43.157
43.195 43.177 43.15 43.147 43.122 43.115 43.115 43.13 43.155 43.147 43.152 43.137 43.13 43.135 43.14 43.145 43.132 43.137 43.137 43.155 43.155 43.165 43.18 43.165 43.165 43.157 43.147 43.155 43.162 43.162 43.165 43.16 43.172 43.157 43.142 43.13 43.13 43.142 43.13 43.112 43.107 43.095 43.102 43.092 43.087 43.1 43.075 43.102 43.137 43.152 43.142 43.167 43.165 43.197 43.197 43.187 43.215 43.22 43.232 43.207 43.207 43.215 43.225 43.207 43.215 43.225 43.205 43.207 43.207 43.19 43.205 43.175 43.167
43.21 43.187 43.155 43.162 43.155 43.147 43.13 43.127 43.15 43.152 43.17 43.167 43.162 43.18 43.17 43.14 43.13 43.14 43.157 43.155 43.16 43.132 43.14 43.117 43.125 43.125 43.117 43.11 43.095 43.082 43.097 43.09 43.107 43.09 43.09 43.072 43.05 43.05 43.05 43.04 43.025 43.037 43.042 43.045 43.07 43.07 43.075 43.092 43.115 43.117 43.12 43.147 43.175 43.197 43.202 43.215 43.237 43.225 43.227 43.237 43.222 43.215 43.232 43.212 43.207 43.22 43.225 43.21 43.205 43.197 43.165 43.155 43.142
43.237 43.222 43.212 43.2 43.172 43.167 43.157 43.15 43.15 43.16 43.165 43.187 43.172 43.165 43.152 43.13 43.127 43.11 43.122 43.135 43.127 43.145 43.112 43.095 43.112 43.1 43.06 43.052 43.045 43.037 43.052 43.085 43.075 43.055 43.05 43.04 43.045 43.04 43.005 42.992 42.992 42.975 42.987 43.012 43.032 43.057 43.065 43.087 43.1 43.095 43.105 43.137 43.145 43.152 43.162 43.172 43.18 43.17 43.19 43.205 43.18 43.175 43.17 43.172 43.162 43.157 43.162 43.152 43.15 43.13 43.122 43.117 43.1
43.192 43.172 43.172 43.187 43.177 43.18 43.185 43.185 43.205 43.195 43.202 43.182 43.187 43.187 43.182 43.157 43.16 43.155 43.175 43.172 43.16 43.177 43.165 43.142 43.137 43.105 43.06 43.04 43.007 42.995 42.995 43.032 43.01 43.015 42.997 43.02 42.977 42.957 42.942 42.905 42.902 42.875 42.9 42.902 42.942 42.995 43.007 43.022 43.082 43.075 43.092 43.12 43.12 43.127 43.137 43.13 43.145 43.142 43.152 43.172 43.172 43.16 43.165 43.17 43.16 43.165 43.135 43.137 43.127 43.117 43.092 43.107 43.075
43.162 43.142 43.155 43.152 43.152 43.157 43.155 43.17 43.19 43.18 43.177 43.192 43.18 43.207 43.175 43.15 43.147 43.135 43.122 43.13 43.137 43.13 43.14 43.112 43.11 43.065 43.042 43.012 42.99 42.995 42.967 42.99 42.987 42.977 42.947 42.955 42.95 42.925 42.937 42.91 42.877 42.865 42.86 42.892 42.925 42.967 42.972 43.012 43.042 43.065 43.072 43.072 43.077 43.077 43.095 43.082 43.1 43.117 43.127 43.127 43.132 43.14 43.117 43.117 43.125 43.112 43.085 43.077 43.072 43.095 43.06 43.047 43.015
43.102 43.097 43.102 43.105 43.105 43.107 43.105 43.122 43.127 43.14 43.17 43.187 43.185 43.2 43.192 43.157 43.147 43.132 43.135 43.125 43.132 43.135 43.13 43.117 43.097 43.077 43.065 43.057 43.042 43.027 43.012 43.01 42.995 42.975 42.945 42.935 42.932 42.927 42.895 42.892 42.872 42.877 42.867 42.892 42.91 42.925 42.93 42.957 42.975 43.012 43.007 43.02 43.035 43.05 43.062 43.057 43.057 43.072 43.092 43.08 43.08 43.08 43.102 43.072 43.065 43.032 43.027 43.022 43.015 43.03 43.007 42.985 42.97
43.067 43.077 43.082 43.072 43.1 43.08 43.07 43.052 43.072 43.082 43.087 43.097 43.095 43.112 43.11 43.085 43.105 43.112 43.115 43.085 43.087 43.097 43.08 43.062 43.055 43.045 43.032 43.027 43.012 43 42.982 42.997 42.957 42.97 42.927 42.915 42.9 42.907 42.892 42.882 42.877 42.875 42.875 42.912 42.917 42.932 42.922 42.945 42.972 43 43.012 43.005 43.017 43.042 43.032 43.04 43.055 43.045 43.085 43.062 43.03 43.037 43.04 43.03 43.015 42.99 43.002 43.007 43.005 42.985 42.982 42.932 42.95
43.075 43.05 43.057 43.057 43.07 43.037 43.012 42.97 42.975 42.975 42.97 42.985 42.987 43.002 43.005 43.02 43.032 43.055 43.067 43.057 43.075 43.06 43.04 43.012 43.027 42.992 42.98 42.955 42.952 42.95 42.937 42.952 42.915 42.922 42.885 42.88 42.872 42.855 42.867 42.867 42.83 42.835 42.84 42.875 42.89 42.9 42.9 42.95 42.955 42.967 42.98 42.995 42.98 42.995 43.012 43.017 43.025 43.017 43.037 43.025 43.03 43.012 43.002 43.012 43.017 42.992 42.992 42.99 42.985 42.987 42.96 42.982 42.945
43.052 43.052 43.047 43.035 43.032 43.005 43.005 42.945 42.93 42.92 42.905 42.912 42.9 42.917 42.935 42.96 42.937 42.975 42.98 42.975 42.992 42.975 42.977 42.955 42.96 42.902 42.92 42.917 42.902 42.93 42.885 42.872 42.87 42.875 42.87 42.875 42.855 42.842 42.842 42.83 42.83 42.84 42.845 42.865 42.847 42.875 42.902 42.91 42.91 42.94 42.945 42.932 42.947 42.977 42.967 42.997 43 42.982 43.007 42.99 42.992 42.997 42.997 42.97 42.972 42.962 42.967 42.94 42.927 42.955 42.932 42.937 42.93
43.06 43.06 43.015 43.015 43.015 42.995 42.972 42.92 42.897 42.88 42.857 42.865 42.872 42.865 42.887 42.905 42.902 42.92 42.942 42.93 42.937 42.915 42.92 42.915 42.907 42.892 42.872 42.88 42.865 42.865 42.847 42.86 42.845 42.852 42.827 42.812 42.817 42.82 42.817 42.795 42.795 42.8 42.815 42.8 42.825 42.822 42.85 42.855 42.882 42.895 42.89 42.895 42.917 42.917 42.932 42.937 42.942 42.935 42.945 42.965 42.935 42.94 42.92 42.9 42.917 42.907 42.9 42.912 42.887 42.9 42.9 42.912 42.915
43.047 43.052 43.022 43.04 43.012 42.985 42.97 42.905 42.877 42.837 42.822 42.82 42.847 42.832 42.862 42.847 42.85 42.877 42.885 42.887 42.88 42.882 42.897 42.87 42.88 42.86 42.857 42.835 42.845 42.822 42.84 42.827 42.815 42.82 42.785 42.782 42.8 42.77 42.757 42.77 42.77 42.782 42.775 42.755 42.782 42.805 42.802 42.822 42.842 42.865 42.857 42.865 42.855 42.882 42.892 42.905 42.925 42.925 42.907 42.91 42.895 42.872 42.895 42.89 42.892 42.882 42.872 42.872 42.857 42.845 42.86 42.862 42.882
43.007 43.002 43 43.002 42.977 42.937 42.93 42.87 42.832 42.8 42.79 42.807 42.777 42.802 42.827 42.84 42.835 42.847 42.88 42.855 42.875 42.892 42.887 42.875 42.867 42.835 42.84 42.857 42.862 42.837 42.842 42.847 42.837 42.81 42.77 42.762 42.772 42.777 42.775 42.777 42.777 42.777 42.797 42.75 42.785 42.792 42.797 42.795 42.815 42.825 42.84 42.84 42.845 42.842 42.862 42.882 42.885 42.872 42.885 42.897 42.85 42.832 42.827 42.835 42.83 42.83 42.832 42.815 42.83 42.82 42.822 42.832 42.835
42.982 42.975 42.985 42.992 42.977 42.935 42.912 42.855 42.82 42.782 42.762 42.777 42.765 42.792 42.807 42.81 42.815 42.837 42.842 42.842 42.847 42.855 42.85 42.852 42.855 42.822 42.835 42.827 42.842 42.817 42.83 42.82 42.827 42.817 42.81 42.797 42.815 42.787 42.797 42.805 42.785 42.777 42.785 42.775 42.782 42.797 42.795 42.78 42.81 42.817 42.805 42.805 42.82 42.82 42.817 42.842 42.857 42.852 42.847 42.832 42.842 42.81 42.825 42.807 42.807 42.795 42.817 42.817 42.797 42.81 42.797 42.802 42.807
42.962 42.955 42.952 42.94 42.935 42.9 42.862 42.812 42.77 42.74 42.707 42.695 42.71 42.742 42.732 42.747 42.765 42.78 42.805 42.827 42.83 42.837 42.852 42.862 42.835 42.812 42.805 42.817 42.817 42.807 42.81 42.81 42.825 42.812 42.78 42.797 42.8 42.772 42.762 42.772 42.737 42.755 42.762 42.752 42.75 42.752 42.765 42.742 42.745 42.77 42.762 42.777 42.777 42.79 42.807 42.805 42.805 42.817 42.812 42.802 42.787 42.785 42.79 42.762 42.775 42.78 42.792 42.787 42.775 42.77 42.752 42.762 42.762
42.91 42.91 42.92 42.882 42.87 42.85 42.822 42.785 42.757 42.692 42.68 42.68 42.685 42.705 42.727 42.72 42.752 42.737 42.77 42.797 42.792 42.8 42.82 42.835 42.827 42.792 42.785 42.78 42.795 42.76 42.795 42.792 42.805 42.79 42.765 42.782 42.772 42.765 42.75 42.745 42.747 42.735 42.767 42.74 42.747 42.742 42.762 42.76 42.73 42.752 42.757 42.762 42.78 42.777 42.782 42.767 42.787 42.78 42.807 42.79 42.777 42.777 42.75 42.75 42.742 42.75 42.742 42.752 42.767 42.742 42.737 42.737 42.727
42.867 42.85 42.875 42.855 42.87 42.835 42.802 42.75 42.712 42.682 42.647 42.655 42.667 42.667 42.665 42.7 42.715 42.755 42.76 42.78 42.765 42.787 42.807 42.785 42.797 42.78 42.757 42.772 42.777 42.79 42.785 42.797 42.797 42.792 42.777 42.75 42.755 42.745 42.725 42.725 42.725 42.72 42.707 42.71 42.7 42.702 42.74 42.697 42.7 42.722 42.735 42.732 42.742 42.737 42.75 42.732 42.735 42.727 42.757 42.737 42.722 42.717 42.707 42.7 42.685 42.697 42.705 42.69 42.697 42.7 42.69 42.702 42.69
42.832 42.82 42.845 42.825 42.805 42.792 42.77 42.745 42.695 42.675 42.63 42.645 42.642 42.647 42.64 42.69 42.692 42.722 42.7 42.727 42.717 42.755 42.765 42.757 42.772 42.75 42.742 42.752 42.745 42.77 42.767 42.76 42.755 42.745 42.732 42.735 42.73 42.71 42.707 42.705 42.695 42.692 42.675 42.687 42.675 42.687 42.697 42.685 42.705 42.695 42.712 42.697 42.695 42.697 42.69 42.7 42.705 42.707 42.692 42.697 42.697 42.672 42.665 42.675 42.675 42.667 42.667 42.682 42.667 42.67 42.647 42.667 42.64
42.797 42.785 42.777 42.792 42.777 42.75 42.702 42.69 42.637 42.62 42.572 42.615 42.605 42.615 42.62 42.635 42.655 42.68 42.69 42.7 42.705 42.72 42.735 42.717 42.722 42.722 42.722 42.695 42.72 42.75 42.727 42.702 42.735 42.705 42.707 42.695 42.685 42.69 42.677 42.685 42.66 42.642 42.66 42.642 42.647 42.64 42.652 42.627 42.642 42.657 42.662 42.655 42.637 42.652 42.65 42.65 42.672 42.67 42.655 42.642 42.657 42.625 42.637 42.627 42.625 42.585 42.62 42.607 42.597 42.58 42.587 42.587 42.577
42.752 42.737 42.737 42.742 42.74 42.71 42.682 42.657 42.612 42.59 42.552 42.572 42.59 42.617 42.61 42.612 42.64 42.64 42.66 42.67 42.69 42.702 42.702 42.712 42.692 42.7 42.705 42.707 42.692 42.695 42.687 42.7 42.677 42.687 42.672 42.665 42.635 42.637 42.637 42.647 42.635 42.622 42.617 42.587 42.6 42.597 42.62 42.585 42.605 42.627 42.61 42.615 42.615 42.622 42.625 42.625 42.625 42.6 42.617 42.602 42.635 42.605 42.602 42.592 42.58 42.567 42.567 42.57 42.565 42.545 42.545 42.532 42.527
42.697 42.692 42.702 42.677 42.68 42.692 42.657 42.625 42.59 42.55 42.507 42.545 42.562 42.58 42.582 42.592 42.607 42.635 42.622 42.64 42.665 42.675 42.677 42.65 42.67 42.665 42.67 42.65 42.647 42.64 42.652 42.662 42.677 42.665 42.635 42.627 42.61 42.605 42.61 42.592 42.577 42.592 42.562 42.552 42.567 42.55 42.57 42.555 42.542 42.572 42.565 42.557 42.557 42.565 42.57 42.57 42.567 42.545 42.57 42.577 42.557 42.537 42.545 42.517 42.522 42.49 42.487 42.49 42.502 42.47 42.477 42.46 42.445
42.68 42.667 42.65 42.652 42.652 42.632 42.612 42.585 42.545 42.505 42.487 42.5 42.512 42.522 42.545 42.56 42.567 42.575 42.567 42.592 42.625 42.617 42.652 42.61 42.632 42.612 42.615 42.6 42.617 42.612 42.607 42.612 42.632 42.607 42.612 42.587 42.58 42.57 42.567 42.575 42.532 42.53 42.53 42.515 42.517 42.515 42.512 42.507 42.512 42.525 42.522 42.495 42.515 42.515 42.52 42.48 42.482 42.522 42.517 42.492 42.487 42.477 42.44 42.45 42.447 42.45 42.447 42.465 42.447 42.43 42.415 42.407 42.407
42.64 42.632 42.602 42.617 42.61 42.6 42.572 42.555 42.512 42.48 42.467 42.475 42.482 42.475 42.5 42.512 42.51 42.525 42.522 42.532 42.542 42.555 42.607 42.56 42.57 42.572 42.57 42.552 42.585 42.57 42.575 42.577 42.567 42.555 42.547 42.537 42.542 42.517 42.53 42.512 42.507 42.512 42.517 42.475 42.465 42.472 42.465 42.465 42.452 42.462 42.48 42.492 42.48 42.462 42.46 42.472 42.447 42.455 42.462 42.46 42.427 42.425 42.417 42.397 42.4 42.417 42.41 42.385 42.37 42.365 42.352 42.35 42.347
