All_lidar/sz6292_DSM_2M.asc
ncols 500
nrows 500
xllcorner    462000
yllcorner    92000
cellsize     2
NODATA_value -9999
[rows 256 to 287 of 500, columns 146 to 218 of 500]
-2.074 -2.093 -2.053 -2.106 -2.057 -2.074 -2.056 -2.076 -2.054 -2.051 -1.967 -2.035 -2.079 -2.026 -2.008 -2.034 -2.056 -2.013 -2.042 -2.097 -2.083 -2.084 -2.113 -2.066 -2.029 -2.093 -2.102 -2.086 -2.152 -2.139 -2.107 -2.076 -2.111 -2.038 -2.088 -2.056 -2.017 -2.077 -2.074 -2.15 -2.115 -2.076 -2.016 -2.061 -2.048 -2.042 -2.088 -2.126 -2.077 -2.109 -2.065 -2.066 -2.085 -2.047 -1.972 -2.058 -2.126 -2.077 -2.026 -1.968 -2.02 -2.091 -2.071 -2.09 -2.094 -2.042 -2.089 -1.975 -2.119 -2.012 -1.985 -2.002 -1.952
-2.058 -2.062 -2.026 -2.109 -2.078 -2.024 -2.02 -2.062 -2.074 -2.036 -2.113 -2.066 -2.08 -2.003 -2.075 -2.09 -2.034 -2.026 -2.053 -2.001 -2.123 -2.152 -2.068 -2.03 -2.021 -2.077 -2.101 -2.077 -2.116 -2.082 -1.974 -2.026 -2.048 -2.031 -2.018 -2.087 -2.003 -2.126 -2.064 -2.102 -2.053 -2.137 -2.071 -2.011 -2.076 -2.047 -2.213 -2.131 -1.982 -2.055 -2.056 -2.142 -2.087 -2.053 -2.088 -2.073 -2.241 -2.064 -2.057 -1.975 -2.029 -2.089 -2.041 -2.059 -2.138 -2.035 -2.001 -2.107 -2.037 -2.006 -1.973 -1.925 -1.919
-2.088 -2.133 -2.041 -2.024 -2.035 -2.014 -2.018 -2.008 -2.046 -2.03 -2.072 -2.059 -2.044 -1.987 -2.043 -2.066 -2.13 -2.04 -2.017 -2.047 -1.956 -2.021 -2.034 -2.046 -2.018 -2.072 -2.009 -2.047 -2.049 -2.099 -2.057 -2.204 -2.027 -1.986 -2.106 -2.08 -1.981 -2.088 -2.028 -2.073 -2.003 -2.12 -2.046 -2.075 -2.073 -2.093 -2.121 -1.978 -2.022 -2.091 -2.047 -2.006 -2.083 -2.123 -2.063 -2.032 -2.093 -2.05 -2.065 -1.972 -2.058 -2.018 -2.032 -2.055 -2.086 -2.008 -2.088 -2.072 -2.086 -2.008 -1.964 -1.918 -1.881
-2.048 -2.106 -2.051 -2.089 -2.059 -2.024 -1.994 -2.083 -2.027 -2.079 -2.026 -2.029 -2.075 -1.982 -2.028 -2.071 -2.072 -2.035 -2.032 -2.033 -2.081 -2.12 -2.004 -1.991 -2.15 -2.077 -2.038 -1.999 -2.027 -2.09 -2.12 -2.099 -2.024 -1.982 -2.147 -2.112 -2.05 -2.091 -2.025 -2.088 -2.148 -2.151 -2.024 -2.024 -2.091 -2.146 -2.111 -2.087 -2.084 -2.095 -2.074 -2.091 -2.064 -2.035 -2.021 -2.07 -2.159 -2.071 -2.053 -2.055 -2.077 -2.061 -2.038 -2.038 -2.069 -2.022 -2.023 -2.036 -2.082 -1.997 -1.941 -1.953 -1.9
-2.077 -2.016 -2.045 -2.083 -2.066 -2.08 -2.071 -2.055 -2.099 -2.082 -2.045 -1.996 -1.986 -2.089 -2.101 -1.975 -2.041 -2.045 -2.053 -2.035 -2.042 -2.048 -2.026 -2.122 -2.103 -2.056 -2.047 -2.06 -2.06 -2.099 -2.094 -2.12 -2.073 -2.071 -2.004 -2.014 -2.052 -2.063 -2.089 -2.114 -2 -2.011 -2.056 -2.028 -2.083 -2.121 -2.134 -2.127 -2.069 -2.032 -2.094 -2.124 -2.069 -2.035 -1.992 -2.031 -2.055 -2.05 -2.126 -1.996 -2.063 -2.015 -2.176 -2.104 -2.092 -2.044 -2.045 -2.028 -2.073 -1.992 -1.947 -1.962 -1.889
-2.04 -2.076 -2.015 -2.127 -2.028 -2.034 -2.049 -2.064 -2.089 -2.078 -2.061 -2.097 -2.02 -2.071 -2.101 -2.013 -2.078 -1.959 -2.087 -2.094 -2.031 -2.013 -2.037 -2.012 -2.057 -2.178 -2.097 -2.034 -2.058 -2.072 -2.047 -2.067 -2.039 -2.119 -2.054 -2.023 -2.06 -2.125 -2.098 -2.054 -2.037 -1.996 -1.973 -2.035 -2.113 -2.141 -2.067 -2.125 -2.042 -2.163 -2.033 -2.056 -2.094 -2.066 -2.045 -2.04 -2.017 -2.014 -2.037 -2.1 -1.976 -2.021 -2.231 -2.082 -2.035 -2.15 -2.06 -1.98 -1.962 -1.952 -1.878 -1.876 -1.861
-2.01 -2.064 -2.016 -2.054 -2.03 -2.043 -2.007 -2.135 -2.098 -2.031 -2.089 -2.026 -2.081 -2.091 -2.065 -2.082 -2.068 -2.031 -2.014 -2.071 -2.073 -2.02 -2.086 -2.064 -2.044 -2.051 -2.092 -2.04 -2.014 -2.156 -2.058 -2.067 -2.082 -2.073 -2.038 -2.131 -2.036 -2.098 -2.108 -2.053 -2.034 -2.05 -2.073 -2.08 -2.099 -2.045 -2.026 -2.052 -1.99 -2.06 -2.014 -2.05 -2.011 -2.047 -2.102 -2.044 -2.122 -2.174 -2.02 -2.069 -2.044 -2.001 -2.029 -2.094 -2.092 -2.071 -2.04 -1.99 -1.984 -1.985 -2.104 -1.9 -1.894
-2.075 -2.049 -2.121 -2.036 -2.027 -2.077 -2.051 -2.122 -2.097 -2.095 -2.017 -2.077 -2.074 -2.073 -2.003 -2.109 -2.032 -2.04 -1.989 -2.114 -2.143 -2.015 -2.002 -2.064 -2.183 -2.082 -2.05 -2.065 -2.005 -2.114 -2.09 -2.115 -2.085 -2.06 -2.011 -2.07 -2.072 -2.006 -2.033 -2.016 -2.043 -2.13 -1.987 -2.037 -2.056 -2.076 -2.113 -2.071 -2.073 -2.069 -2.013 -2.051 -2.074 -2.048 -2.098 -2.121 -2.026 -2.13 -2.094 -2.068 -2.111 -2.062 -2.073 -2.084 -2.045 -2.042 -2.012 -2.019 -2.024 -1.966 -1.9 -1.87 -1.9
-2.072 -2.047 -2.076 -2.085 -2.041 -2.012 -2.069 -2.055 -2.041 -2.049 -2.035 -2.064 -2.008 -2.046 -2.006 -2.066 -2.073 -2.049 -2.071 -2.124 -2.117 -2.075 -2.062 -1.991 -2.059 -2.025 -2.079 -2.078 -2.041 -2.112 -2.096 -2.027 -2.048 -2.109 -2.04 -2.027 -2.083 -2.027 -2.126 -2.058 -2.006 -2.059 -2.009 -2.034 -2.05 -2.1 -2.04 -1.991 -2.032 -2.113 -2.117 -2.095 -2.029 -2.065 -2.077 -2.115 -2.051 -2.18 -2.023 -2.142 -2.141 -2.092 -2.055 -2.065 -2.022 -2.03 -2.091 -1.963 -2.018 -1.948 -1.906 -1.877 -1.892
-2.06 -1.998 -2.075 -2.148 -2.111 -2.065 -2.025 -2.062 -2.101 -2.027 -2.11 -2.053 -2.037 -1.986 -2.078 -2.083 -2.105 -2.036 -2.118 -2.062 -2.079 -2.091 -2.029 -2.032 -2.094 -2.064 -2.038 -2.052 -2.032 -2.092 -2.042 -2.038 -1.993 -2.067 -2.026 -2.021 -2.016 -2.073 -1.995 -2.123 -1.993 -2.074 -1.991 -2.003 -2.115 -2.128 -2.053 -2.051 -2.077 -2.042 -2.032 -2.132 -2.059 -2.041 -2.105 -2.015 -2.059 -2.062 -2.024 -2.043 -2.037 -2.108 -2.026 -2.183 -2.107 -2.068 -2.087 -2.043 -2.039 -2.009 -1.944 -1.889 -1.882
-2.041 -2.036 -2.039 -2.067 -2.04 -2.033 -2.045 -2.036 -2.108 -2.02 -2.062 -2.034 -2.003 -2.044 -2.104 -2.086 -2.04 -2.049 -2.021 -2.058 -2.116 -2.025 -2.048 -2.04 -2.108 -2.045 -2.076 -2.095 -1.982 -2.017 -2.06 -1.994 -2.023 -2.039 -2.141 -2.04 -2.031 -1.972 -2.136 -2.079 -2.055 -2.04 -2.082 -2.009 -2.066 -2.126 -2.043 -2.126 -2.054 -2.079 -2.018 -2.082 -2.009 -2.031 -2.102 -2.023 -2.069 -2.091 -2.007 -2.073 -2.05 -2.131 -2.032 -2.098 -2.02 -2.116 -2.062 -2.082 -2.039 -1.989 -1.963 -1.944 -1.881
-2.082 -2.064 -2.081 -2.052 -2.04 -2.021 -2.062 -2.029 -2.023 -2.041 -2.061 -2 -1.979 -2.079 -2.124 -2.102 -2.013 -2.052 -2.026 -2.08 -2.031 -2.037 -2.04 -2.007 -2.063 -2.067 -2.062 -2.072 -2.059 -2.065 -2.043 -2.049 -2.084 -2.038 -2.114 -2.021 -2.105 -2.051 -2.046 -2.088 -2.075 -2.097 -2.108 -2.034 -2.039 -2.007 -2.046 -2.05 -2.121 -2.079 -2.114 -2.004 -2.11 -2.016 -2.107 -2.025 -2.1 -2.085 -2.095 -2.069 -2.144 -2.1 -2.062 -2.164 -2.071 -2.029 -2.142 -2.026 -1.997 -2.068 -1.979 -1.919 -1.943
-2.06 -2.051 -2.059 -2.078 -2.114 -2.007 -2.047 -2.063 -2.05 -2.004 -2.128 -2.044 -2.034 -2.104 -2.036 -2.091 -2.017 -2.034 -2.002 -2.136 -2.07 -2.103 -2.081 -1.993 -2.061 -2.13 -2.086 -2.067 -2.095 -2.065 -2.068 -2.085 -2.022 -2.015 -2.095 -2.044 -2.03 -2.119 -2.057 -2.042 -2.026 -2.125 -2.072 -2.051 -2.146 -2.032 -2.03 -2.067 -2.052 -2.069 -2.038 -2.032 -1.99 -2.108 -2.094 -2.091 -2.035 -2.157 -2.084 -2.073 -2.084 -2.049 -2.033 -2.141 -1.98 -2.066 -2.052 -2.082 -2.046 -2.046 -1.986 -1.912 -1.901
-2.054 -2.061 -2.06 -2.144 -2.074 -2.032 -2.099 -2.128 -2.084 -2.075 -2.059 -2.054 -2.025 -2.092 -2.057 -2.061 -2.046 -2.04 -2.011 -2.102 -2.09 -2.008 -2.058 -2.108 -2.04 -2.11 -2.049 -2.02 -2.115 -2.073 -2.108 -2.111 -2.062 -2.074 -2.088 -1.993 -2.105 -2.036 -2.037 -2.089 -2.072 -2.104 -2.036 -2.079 -2.055 -2.057 -2.118 -2.058 -1.976 -2.014 -2.153 -1.981 -2.007 -2.084 -2.054 -2.11 -2.011 -2.032 -2.145 -2.015 -2.097 -2.034 -2.127 -2.158 -2.072 -2.063 -2.094 -2.085 -2.072 -2.073 -2.035 -1.955 -1.912
-2.098 -2.037 -2.012 -2.006 -2.061 -2.02 -2.132 -1.999 -2.044 -2.094 -2.151 -2.006 -2.014 -2.122 -2.002 -2.109 -2.025 -2.083 -2.074 -2.051 -2.014 -2.052 -1.992 -2.062 -1.998 -2.076 -2.061 -2.028 -2.056 -1.997 -2.036 -2.054 -2.012 -2.058 -2.027 -2.008 -2.068 -2.029 -2.061 -2.015 -2.03 -2.059 -2.053 -2.053 -2.087 -2.095 -2.039 -2.053 -2.02 -2.043 -2.071 -2.06 -2.054 -2.067 -2.011 -2.041 -2.037 -2.089 -2.069 -2.076 -2.052 -1.986 -2.096 -2.11 -2.173 -2.056 -2.042 -2.079 -2.108 -2.055 -2.001 -1.954 -1.975
-2.057 -2.008 -2.046 -2.045 -2.027 -2.006 -2.143 -2.039 -1.99 -2.082 -2.103 -2.014 -2.035 -2.022 -2.073 -1.996 -2.1 -2.048 -2.045 -2.11 -2.053 -2.023 -2.044 -2.046 -2.099 -2.036 -2.005 -2.059 -2.057 -2.081 -2.013 -2.021 -2.041 -2.094 -2.118 -1.982 -1.996 -2.124 -2.021 -2.042 -1.994 -2.052 -2.049 -2.128 -2.114 -2.036 -2.072 -2.031 -2.087 -2.085 -2.028 -2.051 -2.044 -1.979 -2.057 -2.064 -1.999 -2.045 -2.002 -2.078 -2.096 -2.021 -2.119 -2.103 -2.045 -2.056 -2.063 -2.091 -2.045 -2.062 -2.008 -1.981 -1.92
-2.088 -2.046 -2 -2.031 -2.11 -2.089 -2.057 -2.041 -2.084 -2.054 -2.046 -2.056 -1.997 -2.051 -2.129 -2.045 -2.068 -2.142 -2.064 -2.032 -1.982 -2.058 -2.002 -2.031 -2.099 -2.003 -2.079 -2.051 -2.017 -2.085 -2.002 -2.08 -2.055 -2.062 -2.079 -2.011 -2.053 -2.065 -2.08 -2.045 -2.052 -2.015 -2.051 -2.121 -2.049 -2.029 -2.056 -2.089 -2.082 -2.031 -2.016 -2.078 -2.091 -2.08 -2.044 -2.123 -2.018 -2.008 -2.017 -2.08 -2.188 -2.154 -2.037 -2.069 -2.029 -2.041 -2.055 -2.11 -2.11 -2.018 -1.976 -1.982 -1.921
-2.111 -2.015 -1.996 -2.057 -2.024 -2.031 -2.11 -2.045 -2.103 -2.087 -2.054 -2.083 -2.101 -2.1 -2.092 -2.063 -2.09 -2.073 -2.06 -2.106 -2.047 -2.065 -2.053 -2.086 -2.134 -2.092 -2.02 -2.03 -2.065 -2.059 -2.016 -2.089 -2.076 -2.11 -2.091 -2.074 -2.054 -2.1 -2.005 -2.048 -1.996 -2.038 -2.063 -2.021 -2.068 -2.061 -2.088 -2.042 -2.059 -2.117 -2.113 -2.131 -2.042 -2.083 -2.045 -2.016 -2.04 -2.107 -2.031 -2.087 -2.145 -2.156 -2.103 -2.085 -2.025 -2.042 -2.121 -2.052 -2.129 -2.061 -2.041 -1.921 -1.927
-2.034 -2.084 -2.082 -2.069 -2.052 -2.065 -2.032 -2.066 -2.141 -2.05 -2.05 -2.079 -2.029 -2.101 -2.093 -2.041 -2.075 -2.033 -2.027 -2.172 -2.008 -2.073 -2.001 -2.099 -2.105 -2.08 -2.089 -2.04 -2.018 -2.083 -2.047 -2.039 -2.027 -2.07 -1.999 -1.999 -2.033 -2.086 -2.1 -2.077 -2.059 -2.036 -2.06 -2.062 -1.998 -2.063 -2.074 -2.089 -2.072 -1.994 -2.085 -2.15 -2.026 -2.049 -2.042 -2.071 -2.022 -2.079 -2.141 -2.077 -2.098 -2.035 -2.053 -2.025 -2.087 -2.047 -2.019 -2.094 -2.036 -2.12 -1.945 -1.991 -1.933
-2.055 -2.063 -2.04 -2 -2.085 -2.048 -2.069 -2.009 -2.103 -2.071 -1.992 -2.005 -2.088 -2.06 -2.081 -2.028 -2.085 -2.038 -2.021 -2.057 -2.083 -2.098 -1.999 -2.066 -2.107 -2.05 -2.031 -2.092 -2.07 -2.107 -2.088 -2.074 -2.077 -2.099 -2.071 -2.054 -2.011 -2.092 -2.016 -2.059 -2.052 -2.051 -2.054 -2.064 -2.046 -2.067 -2.099 -2.023 -2.122 -2.164 -2.075 -2.089 -2.026 -2.072 -2.019 -2.063 -2.133 -2.157 -2.057 -2.083 -2.079 -2.03 -2.102 -2.106 -2.059 -2.076 -2.07 -2.038 -2.14 -2.004 -1.994 -1.974 -1.997
-2.067 -2.118 -2.03 -2.085 -2.091 -2.087 -1.981 -2.016 -2.101 -2.026 -2.041 -2.039 -2.083 -2.035 -2.141 -2.032 -2.044 -2.004 -2.124 -2.068 -2.03 -2.035 -2.023 -2.014 -2.033 -2.066 -2.075 -2.062 -2.073 -2.049 -2.086 -2.081 -2.076 -2.06 -2.025 -1.966 -2.055 -2.081 -2.08 -2.066 -2.039 -2.079 -2.035 -2.06 -2.066 -2.106 -2.029 -1.976 -2.025 -2.043 -2.07 -2.042 -1.97 -2.104 -2.045 -2.055 -2.091 -2.096 -2.101 -2.032 -2.087 -2.103 -2.045 -2.123 -2.056 -2.067 -2.028 -2.037 -2.076 -2.036 -1.986 -1.931 -1.919
-2.019 -2.092 -2.051 -2.053 -2.09 -2.019 -2.07 -2.084 -2.058 -2.083 -2.028 -2.042 -2.039 -2.014 -2.133 -2.1 -2.025 -2.028 -2.102 -2.024 -2.024 -2.059 -2.1 -2.016 -2.077 -2.075 -1.992 -2.082 -2.069 -1.978 -2.061 -2.062 -2.087 -2.07 -2.024 -1.985 -2.05 -2.018 -2.024 -2.04 -2.031 -2.057 -2.087 -2.044 -2.092 -2.128 -2.049 -1.95 -2.061 -2.029 -2.026 -1.992 -2.08 -2.028 -2.056 -2.057 -2.213 -2.092 -2.089 -2.001 -2.082 -2.115 -2.018 -2.085 -2.143 -2.12 -2.069 -2.037 -2.053 -2.093 -2.026 -1.947 -1.98
-2.071 -2.037 -2.119 -2.038 -2.057 -2.018 -1.974 -2.038 -2.046 -2.072 -2.135 -2.033 -2.048 -2.043 -2.08 -2.045 -2.077 -2.056 -2.036 -2.034 -2.046 -2.06 -2.059 -2.061 -2.031 -2.013 -2.05 -2.158 -2.094 -2 -2.04 -2.073 -2.08 -2.132 -2.111 -2.095 -2.016 -2.058 -2.036 -2.099 -2.062 -2.056 -2.076 -2.043 -2.08 -2.089 -2.081 -2.059 -2.024 -2.079 -2.059 -2.024 -2.099 -2.081 -2.114 -2.055 -2.107 -2.145 -2.013 -2.129 -2.037 -2.079 -2.135 -2.089 -2.113 -2.118 -2 -2.024 -2.031 -2.099 -1.993 -1.957 -1.965
-2.068 -2.066 -2.045 -2.076 -2.09 -2.125 -2.019 -2.087 -2.037 -2.029 -2.052 -2.006 -1.976 -2.105 -2.092 -2.057 -2.091 -1.989 -2.033 -2.042 -2.067 -2.023 -2.01 -2.083 -2.119 -2.041 -2.09 -2.036 -2.055 -2.035 -2.014 -2.06 -2.05 -2.068 -2.138 -2.109 -2.032 -2.062 -2.048 -2.005 -2.039 -2.044 -2.058 -2.128 -2.083 -2.106 -2.045 -2.037 -2.125 -2.075 -2.022 -2.021 -2.086 -2.06 -2.012 -2.125 -2.049 -2.021 -2.075 -2.035 -2.085 -2.08 -2.078 -2.133 -2.125 -2.124 -2.037 -2.071 -2.034 -2.015 -2.005 -1.914 -1.978
-2.021 -2.103 -2.067 -2.121 -2.066 -2.06 -2.103 -2.044 -2.066 -2.051 -2.068 -2.01 -2.043 -2.077 -2.084 -2.025 -2.029 -2.076 -2.039 -2.038 -2.051 -2.047 -2.054 -2.092 -2.067 -2.094 -2.03 -2.027 -2.027 -1.998 -2.087 -2.036 -2.023 -2.114 -2.059 -2.017 -2.067 -1.989 -2.03 -2.084 -2.033 -2.038 -2.051 -2.054 -2.103 -2.119 -2.089 -2.072 -2.127 -2.045 -2.056 -2.004 -2.094 -2.048 -1.969 -2.019 -2.023 -2.033 -2.078 -2.105 -2.024 -2.015 -2.118 -2.071 -2.059 -2.054 -2.066 -2.087 -2.105 -2.04 -2.044 -1.981 -1.982
-2.036 -2.072 -2.092 -2.087 -2.031 -2.096 -2.067 -2.046 -2.052 -2.029 -2.125 -2.083 -2.015 -2.093 -2.08 -2.001 -2.052 -2.027 -2.001 -2.04 -2.01 -2.037 -2.042 -2.037 -2.097 -2.099 -2.075 -2.074 -2.023 -2.028 -1.977 -2.054 -2.049 -2.07 -2.07 -2.076 -2.017 -2.073 -2.073 -2.071 -2.091 -2.05 -2.052 -2.042 -2.038 -2.076 -2.053 -2.038 -1.997 -2.053 -2.06 -2.047 -2.042 -1.999 -1.974 -2.02 -2.093 -2.04 -2.135 -2.042 -2.105 -2.076 -2.108 -2.073 -2.042 -2.08 -2.044 -2.079 -2.126 -2.13 -2.035 -1.965 -1.926
-2.003 -2.075 -2.093 -2.116 -2.085 -2.03 -2.058 -2.037 -2.082 -2.063 -2.069 -2.068 -2.066 -2.036 -2.049 -2.105 -2.055 -2.094 -2.044 -2.077 -2.093 -2.089 -2.056 -2.024 -2.026 -2.002 -2.023 -2.078 -2.091 -2.078 -1.999 -2.059 -2.032 -2.06 -2.094 -2.063 -2.02 -2.027 -2.038 -2.076 -2.027 -2.086 -2.153 -2.09 -2.046 -2.019 -2.024 -2.036 -2.061 -2.151 -2.064 -2.062 -2.053 -2.063 -2.007 -2.041 -2.079 -2.059 -2.054 -2.056 -2.061 -1.97 -2.091 -2.111 -2.127 -2.049 -2.038 -2.068 -2.146 -2.109 -2.08 -1.946 -1.975
-2.09 -2.087 -2.065 -2.08 -2.035 -2.079 -2.026 -2.016 -2.085 -2.067 -2.006 -2.096 -1.981 -2.053 -2.058 -2.092 -2.103 -2.022 -2.055 -2.083 -2.032 -2.063 -2.008 -2.056 -2.053 -2.022 -2.056 -2.025 -2.086 -2.061 -2.025 -2.04 -2.014 -2.082 -2.056 -2.019 -2.05 -2.035 -2.112 -2.075 -2.019 -2.04 -2.074 -2.118 -2.071 -2.046 -2.015 -2.103 -2.104 -2.161 -2.105 -2.021 -2.086 -2.077 -2.078 -2.049 -2.098 -2 -2.055 -2.077 -2.052 -2.022 -2.222 -2.03 -2.046 -2 -2.013 -2.064 -2.18 -2.077 -2.129 -2.048 -2.001
-2.104 -2.092 -2.069 -2.114 -2.092 -2.048 -2.068 -2.01 -2.097 -2.086 -2.091 -2.065 -2.055 -2.099 -2.024 -2.107 -2.097 -2.104 -2.058 -2.011 -2.049 -2.027 -2.002 -2.043 -2.074 -2.041 -2.01 -2.111 -2.064 -2.014 -2.11 -2.121 -2.137 -2.124 -2.058 -2.04 -1.999 -2.096 -2.031 -2.009 -2.005 -2.053 -2.113 -2.084 -2.06 -2.077 -2.033 -2.058 -2.091 -2.081 -2.034 -2.03 -2.042 -2.018 -2.072 -2.075 -2.029 -2.006 -2.079 -1.994 -2.15 -2.063 -2.119 -2.14 -2.102 -2.118 -2.051 -2.052 -2.161 -2.082 -2.092 -2.109 -2.114
-2.028 -2.096 -2.055 -2.07 -2.018 -2.018 -2.02 -2.025 -2.069 -2.008 -2.083 -2.089 -2.054 -2.129 -1.987 -2.043 -2.1 -2.037 -2.08 -2.027 -2.028 -2.077 -2.038 -2.049 -2.055 -2.105 -2.005 -2.05 -2.071 -2.005 -2.018 -2.059 -2.165 -2.035 -2.113 -2.017 -2.04 -2.082 -2.082 -2.05 -2.007 -2.104 -2.046 -2.037 -2.018 -2.073 -2.119 -2.113 -2.043 -2.123 -2.064 -2.011 -2.047 -2.06 -2.092 -2.22 -2.078 -2.085 -2.041 -2.071 -2.09 -2.046 -2.125 -2.096 -2.069 -1.946 -2.076 -2.248 -2.071 -2.083 -1.962 -1.986 -2.147
-2.101 -2.043 -2.057 -2.099 -2.022 -2.047 -2.062 -2.058 -2.063 -2.124 -2.081 -2.027 -2.123 -2.082 -2.058 -2.065 -2.045 -2.087 -2.117 -2.063 -2.088 -2.095 -2.024 -2.039 -2.042 -2.024 -2.051 -2.004 -2.036 -2.04 -1.998 -2.064 -2.093 -1.995 -2.079 -2.019 -1.988 -2.037 -2.087 -2.017 -2.009 -2.054 -2.098 -2.049 -2.072 -2.056 -2.087 -2.057 -2.062 -2.054 -2.072 -2.025 -2.091 -2.028 -2.057 -2.086 -2.037 -2.093 -2.093 -2.066 -2.034 -2.023 -2.163 -2.062 -2.047 -1.998 -2.118 -2.086 -2.133 -2.078 -2.047 -1.984 -2.084
-2.05 -2.099 -2.049 -2.056 -2.091 -2.038 -2.15 -2.045 -2.021 -2.093 -2.073 -2.084 -2.028 -2.015 -2.048 -2.074 -2.059 -1.995 -2.092 -2.093 -1.963 -2.051 -2.016 -2.112 -2.099 -2.094 -2.062 -2.039 -2.048 -1.995 -2.006 -2.07 -2.024 -2.089 -2.094 -1.968 -2.017 -2.126 -2.037 -2.028 -2.03 -2.013 -2.11 -2.074 -2.02 -2.047 -2.061 -2.033 -2.084 -2.054 -2.088 -2.014 -2.108 -2.04 -2.117 -2.056 -2.062 -1.949 -2.051 -2.057 -2.127 -2.098 -2.081 -2.072 -2.09 -2.08 -2.112 -2.088 -2.087 -2.042 -2.041 -2.04 -1.994
