All_lidar/sz6286_DSM_2M.asc
ncols 500
nrows 500
xllcorner    462000
yllcorner    86000
cellsize     2
NODATA_value -9999
[rows 416 to 447 of 500, columns 355 to 425 of 500]
68.299 68.526 69.309 68.211 67.721 67.201 66.619 67.736 70.814 66.046 65.381 65.011 64.781 65.414 64.221 63.886 63.591 63.299 62.956 62.524 62.179 61.351 60.401 60.031 59.881 59.806 59.734 59.671 59.534 59.331 59.136 58.946 58.621 58.301 57.994 57.671 57.371 57.121 56.919 58.149 59.364 57.419 55.786 55.939 55.686 55.494 54.919 54.784 54.644 54.454 54.254 54.019 53.831 53.609 53.409 53.214 52.994 52.776 52.549 52.371 52.134 51.916 51.689 51.421 51.146 50.851 50.596 50.334 50.084 49.826 49.594
68.764 69.646 71.421 68.494 71.059 71.149 67.776 67.451 69.789 66.564 65.961 65.651 66.181 66.629 64.596 64.234 63.921 63.641 63.699 63.286 62.664 61.871 60.839 60.089 59.851 59.799 59.761 59.791 59.744 59.571 59.429 59.226 58.881 58.541 58.234 57.916 57.566 57.274 57.044 57.631 57.096 57.366 56.116 55.679 55.851 55.671 55.254 54.871 54.671 54.514 54.319 54.131 53.916 53.699 53.489 53.289 53.056 52.849 52.629 52.426 52.219 51.984 51.749 51.521 51.226 50.976 50.699 50.414 50.146 49.924 49.684
69.186 69.356 70.196 69.021 70.501 71.964 68.931 68.699 71.024 70.341 66.779 66.239 66.761 66.056 65.234 64.779 64.296 63.966 63.979 63.684 62.941 61.904 60.936 60.196 59.891 59.831 59.799 59.911 59.886 59.876 59.776 59.534 59.214 58.876 58.481 58.186 57.834 57.479 57.179 56.924 56.676 56.499 56.879 59.486 58.534 55.484 55.604 55.259 54.746 54.549 54.401 54.199 53.994 53.801 53.596 53.366 53.126 52.904 52.706 52.469 52.284 52.069 51.844 51.596 51.326 51.059 50.779 50.486 50.241 49.996 49.839
69.619 69.349 69.099 69.209 68.619 68.824 68.789 70.891 72.664 71.166 68.506 67.439 67.571 66.631 65.879 65.414 64.764 64.314 63.909 63.431 63.126 62.116 60.859 60.331 60.114 59.896 59.894 59.966 60.049 60.181 60.114 59.889 59.576 59.214 58.839 58.466 58.121 57.774 57.389 57.079 56.836 56.591 56.386 57.386 57.361 56.299 55.256 55.444 55.271 54.694 54.369 54.234 54.046 53.861 53.686 53.481 53.201 52.991 52.781 52.576 52.354 52.126 51.891 51.654 51.374 51.124 50.854 50.594 50.334 50.094 49.884
70.069 69.809 69.544 69.269 69.031 68.786 68.531 70.989 72.049 68.339 69.821 70.851 68.356 67.631 66.226 65.581 65.181 64.711 64.154 63.004 62.384 61.491 60.771 60.551 60.351 59.999 60.024 60.051 60.259 60.469 60.424 60.231 59.954 59.581 59.206 58.834 58.409 58.069 57.686 57.311 56.984 56.744 56.456 56.361 56.514 55.759 55.364 55.021 55.211 55.256 54.711 54.236 54.044 53.919 53.759 53.561 53.331 53.096 52.859 52.649 52.424 52.181 51.944 51.686 51.429 51.184 50.949 50.736 50.479 50.231 50.016
70.499 70.231 69.964 69.716 69.411 69.166 68.894 68.666 68.679 68.111 68.811 70.621 68.384 67.306 66.829 66.266 65.674 65.116 65.366 63.266 61.839 61.029 60.751 60.636 60.461 60.149 60.206 60.296 60.529 60.649 60.696 60.589 60.326 59.956 59.539 59.131 58.734 58.346 57.964 57.586 57.199 56.909 56.631 56.404 56.214 55.984 56.044 56.086 55.024 54.909 54.969 54.556 54.056 53.919 53.779 53.614 53.391 53.184 52.959 52.719 52.484 52.239 51.996 51.726 51.481 51.226 51.029 50.794 50.564 50.339 50.124
70.894 70.616 70.346 70.081 69.811 69.544 69.266 68.974 68.734 68.486 68.229 68.186 67.706 67.489 67.231 66.744 67.951 66.154 64.734 63.251 62.109 61.239 60.761 60.579 60.401 60.349 60.409 60.574 60.769 60.921 60.954 60.884 60.659 60.291 59.864 59.456 59.094 58.701 58.251 57.866 57.514 57.111 56.774 56.506 56.259 56.039 56.114 56.754 57.904 54.756 54.596 54.719 54.604 54.049 53.766 53.651 53.441 53.249 53.034 52.804 52.554 52.289 52.034 51.739 51.506 51.294 51.084 50.826 50.624 50.436 50.226
71.271 71.001 70.711 70.456 70.174 69.906 69.621 69.329 69.061 68.799 68.539 68.319 68.079 67.839 67.641 67.196 66.729 65.816 64.186 62.914 63.206 61.711 60.954 60.671 60.539 60.554 60.639 60.836 61.034 61.186 61.244 61.166 60.894 60.574 60.159 59.749 59.371 58.974 58.564 58.186 57.799 57.421 57.024 56.634 56.341 56.101 55.874 55.614 56.049 58.011 56.781 54.359 54.449 54.541 54.036 53.619 53.471 53.311 53.074 52.856 52.621 52.339 52.079 51.816 51.596 51.384 51.151 50.934 50.704 50.474 50.296
71.649 71.366 71.086 70.824 70.549 70.266 69.969 69.684 69.406 69.141 68.861 68.571 68.381 68.149 67.986 67.429 66.419 65.194 63.924 63.039 62.474 61.859 61.389 60.964 61.546 60.906 61.016 61.191 61.331 61.491 61.559 61.386 61.109 60.784 60.409 60.044 59.651 59.244 58.864 58.464 58.096 57.694 57.291 56.899 56.526 56.184 55.924 55.681 55.424 55.581 56.586 55.614 54.391 54.049 54.189 54.044 53.524 53.284 53.109 52.909 52.709 52.424 52.144 51.884 51.654 51.411 51.224 51.006 50.761 50.561 50.341
72.071 71.771 71.476 71.189 70.916 70.631 70.339 70.031 69.744 69.484 69.184 68.936 69.004 68.881 68.226 67.576 66.279 64.949 63.899 63.231 62.631 62.031 62.196 61.219 61.216 61.129 61.184 61.409 61.571 61.759 61.766 61.611 61.329 60.976 60.594 60.259 59.866 59.479 59.099 58.721 58.369 58.006 57.574 57.176 56.786 56.359 56.031 55.746 55.449 55.201 55.066 57.169 56.709 54.441 53.754 54.041 53.834 53.276 53.046 52.904 52.701 52.471 52.189 51.946 51.719 51.504 51.284 51.064 50.841 50.631 50.404
72.444 72.146 71.836 71.569 71.259 70.971 70.706 70.394 70.136 69.839 69.539 69.256 68.966 68.759 68.479 67.854 66.274 64.829 63.879 63.361 62.956 62.206 61.894 61.526 61.399 61.381 61.504 61.724 61.964 62.029 61.966 61.804 61.554 61.209 60.816 60.464 60.109 59.746 59.374 59.009 58.661 58.264 57.866 57.436 57.071 56.644 56.204 55.851 55.506 55.239 55.019 55.829 59.054 55.999 54.899 53.614 53.659 53.796 53.174 52.839 52.694 52.484 52.239 51.996 51.784 51.551 51.339 51.111 50.894 50.686 50.456
72.871 72.546 72.231 71.924 71.634 71.344 71.059 70.771 70.504 70.204 69.894 69.571 69.306 69.099 68.709 68.911 68.156 64.756 63.894 63.334 62.911 62.486 62.281 62.116 61.749 61.751 63.514 62.959 62.179 62.289 62.179 61.946 61.684 61.379 61.004 60.629 60.261 59.946 59.601 59.271 58.879 58.516 58.131 57.729 57.314 56.904 56.506 56.084 55.621 55.299 55.041 55.031 57.646 60.679 59.674 55.249 53.364 53.414 53.591 53.206 52.659 52.434 52.256 52.054 51.826 51.601 51.379 51.159 50.949 50.714 50.511
73.284 72.976 72.664 72.314 72.004 71.701 71.391 71.109 70.824 70.564 70.251 69.936 69.644 69.396 68.846 69.381 66.329 64.746 63.869 63.349 62.939 62.566 62.314 62.199 62.081 62.201 63.724 62.849 62.734 62.731 62.536 62.209 61.851 61.521 61.194 60.849 60.439 60.059 59.751 59.424 59.091 58.731 58.349 57.989 57.594 57.184 56.731 56.304 55.859 55.444 55.091 54.846 54.591 56.906 58.669 57.946 56.364 53.311 53.056 53.179 53.169 52.649 52.196 52.051 51.881 51.666 51.446 51.241 51.006 50.786 50.589
73.686 73.411 73.079 72.761 72.429 72.086 71.774 71.501 71.206 70.894 70.594 70.291 70.021 69.931 70.189 67.911 66.199 65.266 64.026 63.424 63.029 62.784 62.589 62.581 63.261 62.809 62.944 63.089 63.194 63.339 64.851 63.384 62.236 61.774 61.344 61.136 60.684 60.281 59.911 59.576 59.294 58.944 58.569 58.211 57.829 57.419 56.991 56.556 56.121 55.689 55.256 54.921 54.634 54.396 54.454 54.931 54.854 54.701 53.614 52.779 53.034 52.904 52.304 52.014 51.861 51.689 51.479 51.296 51.059 50.846 50.629
74.096 73.814 73.509 73.179 72.866 72.546 72.214 71.911 71.571 71.276 70.959 70.664 70.354 72.879 73.049 68.091 66.934 66.029 64.246 63.811 63.271 62.989 63.041 63.336 64.114 63.641 63.639 63.966 64.119 64.236 66.001 64.049 64.459 65.886 62.076 61.184 60.921 60.466 60.104 59.719 59.429 59.126 58.799 58.399 58.041 57.659 57.251 56.834 56.374 55.959 55.519 55.134 54.749 54.481 54.214 53.981 53.771 54.019 53.959 53.026 52.626 52.681 52.861 52.494 51.824 51.686 51.514 51.346 51.144 50.911 50.691
74.484 74.224 73.926 73.594 73.296 72.964 72.646 72.344 71.996 71.671 71.341 71.029 70.711 72.534 70.734 69.704 70.484 66.484 64.816 64.316 63.736 63.509 63.494 63.784 63.954 64.059 64.389 64.779 64.731 64.411 64.016 63.194 64.276 66.096 62.231 61.396 60.981 60.609 60.264 59.924 59.586 59.266 58.991 58.634 58.261 57.876 57.519 57.121 56.686 56.234 55.791 55.386 54.959 54.609 54.299 54.009 53.811 53.601 53.791 56.156 56.529 53.681 52.291 52.401 52.359 51.891 51.499 51.351 51.186 50.981 50.759
74.846 74.584 74.306 74.034 73.721 73.386 73.039 72.704 72.404 72.039 71.709 71.374 71.099 70.839 70.336 70.391 70.189 67.189 65.726 64.929 64.039 63.946 64.004 64.119 64.486 64.996 65.256 65.654 65.146 64.716 64.859 65.609 66.851 65.874 62.656 62.609 61.144 60.769 60.431 60.074 59.766 59.414 59.129 58.824 58.481 58.111 57.739 57.366 56.981 56.569 56.081 55.669 55.276 54.849 54.451 54.136 53.871 53.639 53.421 54.864 56.906 55.241 53.814 52.054 52.239 52.269 51.754 51.376 51.151 50.989 50.824
75.144 74.909 74.649 74.391 74.106 73.774 73.436 73.079 72.754 72.401 72.076 71.759 71.459 71.186 70.806 70.094 73.131 72.569 72.046 65.884 64.899 64.854 64.784 64.981 65.464 66.031 66.044 65.884 65.489 65.071 66.426 69.796 66.331 63.666 62.486 61.844 61.791 64.341 61.931 60.249 59.861 59.634 59.299 58.981 58.694 58.369 57.999 57.624 57.276 56.894 56.439 55.951 55.529 55.121 54.699 54.291 53.981 53.699 53.471 53.286 53.941 56.371 56.246 54.424 52.681 51.901 52.101 51.611 51.209 51.004 50.841
75.469 75.209 74.929 74.701 74.439 74.146 73.819 73.494 73.146 72.814 72.491 72.151 71.809 71.476 71.214 70.944 74.001 75.521 72.131 67.031 66.161 65.876 67.881 66.581 66.614 66.791 66.574 66.266 65.896 65.391 70.626 73.389 70.349 69.011 63.601 63.089 66.254 68.884 62.851 60.414 60.179 60.299 60.686 59.136 58.829 58.546 58.236 57.891 57.491 57.141 56.719 56.289 55.831 55.371 54.964 54.531 54.189 53.819 53.546 53.319 53.104 53.199 53.341 55.249 53.311 51.544 51.689 51.859 51.689 51.206 50.829
75.776 75.509 75.241 74.994 74.736 74.464 74.171 73.849 73.544 73.211 72.884 72.524 72.159 71.799 71.464 71.111 71.321 73.909 71.019 67.846 67.294 67.769 71.341 71.281 67.906 67.256 66.976 66.626 66.199 66.586 65.421 65.939 72.749 72.074 63.141 65.919 68.499 68.029 61.446 60.641 60.996 62.174 59.656 59.366 59.021 58.711 58.446 58.124 57.749 57.374 56.986 56.554 56.084 55.604 55.159 54.756 54.379 54.006 53.681 53.409 53.181 52.941 52.696 52.994 55.519 53.449 52.744 51.334 51.569 51.451 51.121
76.051 75.801 75.539 75.289 75.024 74.751 74.479 74.199 73.919 73.614 73.259 72.916 72.524 72.136 71.754 71.419 71.079 70.689 70.331 69.669 68.989 70.164 72.084 73.391 68.279 67.689 67.371 66.934 66.509 66.019 66.496 67.669 70.091 66.179 63.629 67.231 70.121 64.139 61.394 61.126 62.594 60.501 59.861 59.574 59.259 58.936 58.606 58.324 57.984 57.591 57.181 56.771 56.331 55.874 55.406 54.964 54.566 54.184 53.839 53.536 53.266 53.021 52.784 52.551 53.221 52.776 54.266 52.174 51.309 51.191 51.501
76.386 76.111 75.846 75.601 75.341 75.071 74.801 74.511 74.261 73.969 73.624 73.289 72.914 72.501 72.104 71.751 71.436 71.079 70.734 70.339 69.984 70.186 71.819 69.414 68.469 68.054 67.636 67.216 66.801 66.376 65.874 65.924 67.014 67.224 64.211 65.201 69.441 65.474 62.119 61.364 60.809 60.436 60.019 59.779 59.454 59.119 58.831 58.494 58.156 57.819 57.431 56.979 56.531 56.081 55.616 55.156 54.731 54.346 54.024 53.656 53.394 53.129 52.891 52.634 52.391 52.231 54.411 56.029 53.141 51.131 51.121
76.716 76.469 76.159 75.906 75.649 75.401 75.124 74.831 74.559 74.274 73.984 73.674 73.291 72.896 72.511 72.144 71.766 71.424 71.079 70.751 70.424 70.019 69.619 69.166 68.799 68.391 67.986 67.524 67.084 66.664 66.234 66.039 67.474 69.014 64.841 63.741 68.754 65.241 63.224 62.079 61.131 61.606 63.576 60.319 59.671 59.334 59.036 58.694 58.349 58.011 57.626 57.191 56.711 56.274 55.821 55.329 54.894 54.504 54.181 53.844 53.534 53.259 52.996 52.729 52.449 52.204 52.641 52.456 52.379 51.434 50.891
77.081 76.794 76.524 76.269 75.989 75.716 75.469 75.191 74.901 74.601 74.316 74.024 73.709 73.344 72.956 72.554 72.161 71.796 71.419 71.034 70.681 70.326 69.921 69.519 69.099 68.691 68.276 67.834 67.391 66.954 66.544 66.089 65.591 65.881 65.619 65.386 65.434 66.934 63.309 62.126 61.601 62.154 61.944 60.199 59.856 59.539 59.241 58.891 58.561 58.181 57.809 57.391 56.946 56.464 55.979 55.514 55.091 54.684 54.326 54.014 53.694 53.399 53.136 52.851 52.579 52.336 52.086 51.844 51.659 51.886 52.686
77.436 77.161 76.899 76.636 76.326 76.016 75.769 75.536 75.251 74.954 74.641 74.356 74.059 73.734 73.376 72.989 72.604 72.216 71.801 71.409 71.031 70.636 70.221 69.826 69.396 68.986 68.559 68.134 67.684 67.251 66.834 66.371 65.931 65.406 65.296 65.581 67.351 65.781 62.866 62.529 62.384 61.834 60.896 60.514 60.124 59.734 59.424 59.109 58.771 58.389 57.981 57.576 57.114 56.671 56.149 55.719 55.284 54.876 54.491 54.166 53.909 53.591 53.289 52.974 52.721 52.449 52.206 51.964 51.694 51.561 51.714
77.754 77.514 77.246 76.956 76.694 76.399 76.121 75.861 75.581 75.284 74.989 74.686 74.391 74.096 73.769 73.436 73.059 72.659 72.239 71.796 71.369 70.976 70.556 70.129 69.726 69.301 68.871 68.419 67.996 67.536 67.099 66.684 66.259 65.771 65.314 64.804 64.831 63.846 63.244 63.064 62.444 62.089 61.271 60.934 60.441 60.031 59.676 59.511 59.081 58.644 58.181 57.734 57.291 56.851 56.396 55.916 55.479 55.109 54.744 54.376 54.051 53.791 53.461 53.181 52.866 52.589 52.334 52.071 51.844 51.581 51.376
78.104 77.849 77.569 77.306 77.046 76.791 76.501 76.196 75.906 75.604 75.331 75.011 74.709 74.424 74.129 73.831 73.466 73.084 72.659 72.201 71.779 71.364 70.926 70.469 70.066 69.641 69.216 68.741 68.299 67.844 67.379 66.931 66.579 66.256 65.649 65.191 64.521 64.069 63.759 63.149 63.124 64.696 61.656 61.324 60.734 61.201 60.374 59.689 59.384 58.896 58.406 57.961 57.504 57.059 56.626 56.181 55.701 55.344 54.929 54.596 54.231 53.931 53.624 53.374 53.071 52.751 52.451 52.219 51.941 51.684 51.466
78.461 78.221 77.934 77.649 77.389 77.151 76.866 76.551 76.239 75.911 75.646 75.341 75.049 74.746 74.461 74.171 73.849 73.479 73.076 72.611 72.181 71.721 71.286 70.819 70.376 69.961 69.551 69.069 68.614 68.151 67.669 67.216 66.781 66.334 65.904 65.451 64.879 64.544 64.371 63.481 63.039 62.581 63.006 61.674 62.464 62.631 61.074 60.111 60.126 59.086 58.649 58.209 57.759 57.299 56.826 56.401 55.921 55.614 55.146 54.779 54.401 54.091 53.804 53.519 53.216 52.894 52.616 52.369 52.039 51.804 51.596
78.836 78.569 78.281 78.004 77.746 77.474 77.196 76.889 76.586 76.291 75.971 75.654 75.349 75.089 74.789 74.479 74.176 73.841 73.446 73.019 72.549 72.091 71.616 71.131 70.676 70.264 69.841 69.406 68.916 68.444 68.001 67.556 67.094 66.606 66.164 65.724 65.229 66.749 68.236 65.844 63.391 63.101 62.584 61.941 65.281 63.019 62.776 60.346 59.741 59.319 58.869 58.454 58.004 57.566 57.111 56.616 56.204 55.814 55.369 54.964 54.619 54.261 53.981 53.676 53.351 53.046 52.764 52.509 52.214 51.931 51.674
79.169 78.916 78.644 78.361 78.086 77.816 77.534 77.234 76.926 76.621 76.321 76.001 75.699 75.421 75.106 74.811 74.486 74.176 73.796 73.386 72.906 72.474 72.009 71.521 71.024 70.569 70.119 69.696 69.254 68.801 68.349 67.906 67.436 66.946 66.476 66.004 65.551 65.771 65.376 65.119 63.694 63.186 62.891 62.454 61.921 61.514 61.389 60.996 59.959 59.586 59.159 58.691 58.296 57.839 57.401 56.931 56.499 56.086 55.684 55.259 54.869 54.516 54.171 53.891 53.601 53.296 52.991 52.669 52.391 52.091 51.781
79.514 79.234 78.986 78.709 78.444 78.151 77.846 77.571 77.264 76.959 76.651 76.344 76.029 75.759 75.426 75.114 74.811 74.464 74.134 73.746 73.316 72.871 72.389 71.891 71.426 70.944 70.469 70.011 69.566 69.124 68.674 68.241 67.776 67.294 66.814 66.359 65.879 65.406 64.999 64.836 64.374 64.399 64.076 63.229 62.254 61.794 61.596 62.476 60.434 59.864 59.394 58.981 58.571 58.124 57.686 57.261 56.821 56.386 55.989 55.584 55.161 54.759 54.406 54.079 53.734 53.429 53.164 52.894 52.631 52.336 51.996
79.844 79.589 79.334 79.044 78.769 78.474 78.204 77.911 77.629 77.321 77.004 76.711 76.396 76.084 75.736 75.429 75.131 74.794 74.474 74.096 73.689 73.284 72.824 72.309 71.784 71.296 70.794 70.361 69.914 69.459 69.009 68.586 68.124 67.646 67.196 66.704 66.231 65.754 65.269 64.854 64.759 64.866 64.616 63.629 62.611 62.844 62.809 61.106 60.646 60.676 59.659 60.109 58.984 58.404 57.979 57.554 57.146 56.716 56.291 55.881 55.489 55.119 54.734 54.381 54.016 53.646 53.361 53.126 52.851 52.579 52.256
