All_lidar/sz6290_DSM_2M.asc
ncols 500
nrows 500
xllcorner    462000
yllcorner    90000
cellsize     2
NODATA_value -9999
[rows 128 to 159 of 500, columns 213 to 283 of 500]
41.507 44.314 45.142 45.617 45.019 44.254 41.239 39.449 39.374 39.409 40.377 41.997 42.664 42.699 44.079 44.857 43.389 45.314 47.372 47.982 48.289 48.227 48.307 46.989 41.499 43.282 42.639 44.492 46.502 47.427 45.949 42.292 42.254 46.082 42.564 42.182 42.134 42.282 42.494 42.437 42.244 43.704 43.762 43.769 43.684 42.424 43.364 43.579 43.024 42.949 42.554 42.249 42.234 42.244 42.289 42.314 42.272 42.259 42.317 42.432 42.577 42.677 42.744 42.802 42.852 42.902 42.912 43.357 44.227 46.477 46.967
40.487 42.372 44.614 45.472 44.787 42.867 39.399 39.317 39.762 40.064 42.017 40.682 40.962 41.084 41.804 41.949 41.267 44.289 45.874 46.787 46.882 47.249 47.502 46.632 42.239 43.032 42.487 45.077 46.647 47.382 45.887 42.287 41.624 46.254 43.337 41.927 42.142 42.052 41.962 42.024 42.099 44.927 47.344 48.329 47.112 43.784 42.732 42.707 42.729 43.334 42.777 42.262 42.272 42.247 42.227 42.289 42.337 42.312 42.344 42.352 42.457 42.579 42.677 42.769 42.822 43.349 43.162 42.907 42.934 44.019 46.492
39.444 39.757 40.329 41.317 43.019 41.422 40.279 39.789 39.137 39.192 39.514 39.824 39.882 39.824 39.694 40.244 41.414 40.602 40.372 41.597 41.647 40.804 41.632 41.527 41.154 40.954 41.587 45.492 46.912 47.362 46.119 42.437 42.182 46.237 42.569 42.194 41.999 41.914 41.952 42.034 42.492 45.569 47.827 48.284 46.854 43.882 42.324 42.404 42.942 43.474 42.922 42.244 42.287 42.254 42.252 42.294 42.329 42.312 42.342 42.377 42.434 42.512 42.617 42.684 42.764 43.199 42.797 43.344 43.237 42.927 42.962
38.249 38.459 38.624 38.952 39.429 40.147 40.224 39.867 39.269 39.317 41.242 41.394 39.854 39.762 39.754 40.892 42.614 41.057 40.437 40.382 40.407 40.449 40.507 40.762 41.204 41.009 41.612 44.517 46.707 47.354 45.719 42.584 41.222 44.994 42.549 43.082 41.944 41.929 41.994 42.077 42.587 45.947 47.792 48.397 47.554 44.022 42.389 42.642 42.414 43.084 42.912 42.244 42.289 42.254 42.234 42.267 42.324 42.369 42.407 42.394 42.424 42.472 42.557 42.597 42.637 43.097 42.769 43.229 43.019 43.284 43.317
43.172 41.764 41.864 39.789 38.672 38.982 39.919 40.819 41.102 40.899 40.247 39.664 39.784 39.784 39.984 41.152 43.527 40.462 40.409 40.374 40.417 40.472 40.857 42.894 42.297 41.359 41.374 44.457 46.779 47.384 45.659 42.822 41.239 44.487 42.382 43.424 41.952 42.039 42.032 42.157 42.232 45.512 47.344 48.349 47.224 43.962 42.307 42.477 42.399 42.864 42.434 42.269 42.327 42.282 42.304 42.409 42.507 42.542 42.859 42.582 42.509 42.507 42.552 42.569 42.664 42.774 42.754 42.832 42.817 42.844 42.867
46.747 47.502 47.782 46.007 43.732 41.624 38.844 38.927 39.157 40.447 41.714 40.619 39.772 39.834 40.387 41.189 40.894 40.487 40.604 40.382 40.434 40.512 40.729 41.889 41.882 41.072 41.252 43.817 44.857 45.562 44.682 41.997 41.647 45.352 43.547 42.837 42.567 42.602 42.457 42.419 42.679 44.884 46.969 47.334 45.909 43.304 42.472 43.292 43.112 42.417 42.289 42.287 42.302 42.292 42.437 42.574 42.619 42.597 42.872 42.964 42.619 42.587 42.609 42.627 42.649 42.662 42.702 42.759 42.789 42.769 42.784
46.917 47.782 47.899 47.019 45.967 42.279 38.822 38.984 39.112 40.529 42.087 40.922 39.857 40.122 41.727 41.037 40.477 40.399 40.357 40.379 40.542 40.607 42.599 41.802 41.954 41.232 41.354 43.409 43.852 43.124 42.892 41.294 42.822 45.364 42.589 42.454 42.537 43.082 43.257 42.694 43.209 43.669 46.329 45.817 43.657 42.387 42.649 42.669 42.844 42.757 42.442 42.317 42.307 42.299 42.472 42.542 42.614 42.982 44.872 43.482 43.027 43.039 42.667 42.649 42.664 42.682 42.689 42.684 42.649 42.732 42.779
46.792 47.969 47.724 46.837 45.932 41.524 38.924 38.987 39.089 40.929 41.699 40.259 39.974 40.134 42.334 41.317 40.444 40.362 40.359 40.452 40.517 40.617 41.852 41.027 42.389 41.847 41.939 41.437 41.387 41.359 41.364 41.367 42.674 45.737 42.354 42.144 42.184 42.942 43.399 43.137 43.239 45.682 47.464 47.954 46.414 43.042 42.309 43.174 42.947 42.354 42.347 42.304 42.324 42.387 42.582 42.597 42.694 43.192 45.674 44.569 42.782 42.829 42.807 42.792 42.709 42.704 42.779 42.764 42.707 42.727 42.777
47.212 48.079 47.492 46.767 45.682 41.667 39.012 39.052 39.127 39.557 39.964 40.454 41.594 40.989 41.134 40.402 40.392 40.269 40.254 40.369 40.502 40.527 40.597 41.629 43.154 42.509 42.772 41.532 41.407 41.269 41.442 41.422 42.524 45.932 42.134 42.149 42.209 42.222 42.477 42.357 43.137 45.754 47.534 48.144 46.649 43.189 42.324 42.327 42.389 42.427 42.374 42.354 42.347 42.402 42.509 42.574 42.679 42.697 42.732 42.784 42.822 42.824 43.587 43.472 42.844 42.767 42.757 42.792 42.787 42.759 42.762
47.339 48.002 47.307 46.842 45.082 40.682 39.042 39.137 39.187 39.604 39.939 40.464 41.877 41.912 41.327 41.462 41.162 40.254 40.247 40.327 40.427 40.539 40.624 41.777 42.872 45.489 46.324 42.267 42.152 41.257 41.282 41.364 42.364 46.034 42.369 42.277 42.327 42.254 42.237 44.042 43.822 46.504 47.802 48.227 46.604 43.334 42.352 42.784 42.439 42.502 42.447 42.367 42.354 42.439 42.507 42.492 42.614 42.702 42.737 43.374 44.557 42.982 42.862 42.842 42.902 43.002 42.824 42.794 42.817 42.844 42.802
41.947 44.722 44.627 45.329 44.142 38.937 39.127 39.197 39.292 39.992 40.344 40.939 41.894 41.899 41.099 42.232 41.857 40.357 40.252 40.334 40.397 40.537 40.652 43.314 43.497 44.832 47.264 42.707 41.174 41.219 41.279 41.342 42.304 46.259 44.232 42.457 42.314 42.209 42.264 45.099 45.814 46.662 47.849 48.234 46.554 43.467 42.377 42.439 42.519 42.509 42.449 42.392 42.359 42.429 42.547 42.592 42.614 42.687 43.242 46.084 46.169 45.334 42.857 42.814 42.884 43.012 43.109 42.944 42.857 42.869 42.879
41.042 41.002 39.979 39.842 39.389 43.062 43.497 39.617 39.377 40.159 40.352 41.474 41.919 41.919 41.484 42.577 42.129 40.744 40.274 40.362 40.462 40.652 42.404 45.134 45.939 43.964 45.127 43.714 41.367 41.237 41.297 41.359 43.014 46.344 44.582 43.184 42.592 42.202 42.774 44.842 45.352 45.762 46.297 47.644 46.187 43.882 42.539 42.652 43.514 42.802 42.767 42.594 42.389 42.467 42.612 42.692 42.654 42.717 44.414 46.529 46.809 46.719 45.617 43.432 42.937 43.002 43.324 43.149 42.882 42.862 42.877
42.814 42.294 40.792 39.589 41.784 48.052 49.202 46.624 40.694 40.447 40.239 41.904 41.979 41.947 41.794 41.394 41.612 41.499 40.594 40.957 41.267 42.962 44.537 44.759 45.942 43.242 43.214 43.719 44.352 42.662 41.984 41.857 42.467 44.852 44.509 43.802 43.349 42.749 43.382 44.264 44.194 43.499 44.022 44.759 43.697 43.762 43.337 43.064 43.637 45.352 43.842 44.274 42.382 42.462 42.607 42.652 42.679 42.752 44.367 46.044 46.679 46.589 45.414 44.464 43.117 43.049 43.279 43.754 43.179 42.904 42.922
46.577 45.404 38.564 38.569 41.264 48.727 49.354 48.759 40.344 40.329 41.869 42.852 42.942 42.374 40.719 40.424 40.354 40.439 40.549 40.597 42.649 41.297 42.247 45.144 45.534 43.644 41.192 41.467 41.397 41.684 41.464 41.719 43.189 44.402 43.827 42.994 42.569 43.254 43.349 45.007 44.629 46.357 48.014 48.342 46.222 42.707 43.227 42.977 43.914 44.559 43.407 44.027 42.382 42.464 42.687 42.669 42.722 43.702 45.699 46.522 46.664 45.819 43.557 43.827 44.184 43.244 43.512 43.719 43.899 43.062 43.069
46.347 44.314 38.812 38.567 39.047 47.594 48.937 46.994 39.577 39.814 41.107 42.972 43.689 44.072 41.417 40.552 40.387 40.417 40.487 40.529 40.852 40.699 40.607 42.892 43.072 41.907 41.244 41.197 41.267 42.684 43.604 42.639 43.604 44.192 43.049 42.507 42.334 42.237 42.447 43.359 43.162 46.724 48.157 48.109 46.399 43.087 42.837 42.557 42.562 42.707 43.032 43.072 42.387 42.527 42.792 42.674 42.977 45.017 46.364 46.752 46.147 43.849 43.047 43.269 44.302 43.624 44.049 43.224 43.307 43.227 43.109
46.147 44.719 42.952 42.007 39.004 42.437 47.267 48.137 39.562 39.642 39.792 40.109 41.007 41.902 40.747 40.414 40.397 40.414 40.452 40.537 40.572 40.579 40.614 42.859 42.829 41.182 41.212 41.209 41.287 43.492 45.174 44.334 42.147 44.044 43.347 42.459 42.322 42.399 43.077 42.414 43.254 46.862 48.119 48.189 46.954 42.997 42.907 42.487 43.277 42.817 42.542 42.624 42.409 42.419 42.559 42.757 42.939 44.194 46.617 46.282 44.047 43.084 43.209 43.797 43.709 45.774 46.012 44.487 43.174 43.117 43.137
45.912 44.942 44.774 42.922 38.529 38.922 40.567 40.602 39.792 39.722 39.787 40.127 40.319 40.799 40.502 40.397 40.402 40.419 40.487 40.524 40.582 40.602 40.602 42.707 43.799 42.157 43.129 42.674 42.924 44.047 45.204 43.889 41.527 43.767 44.427 43.167 42.804 43.299 43.977 42.692 43.507 46.267 48.052 48.089 46.454 43.147 43.104 42.769 42.519 42.807 42.427 42.442 42.437 42.487 42.587 42.807 43.874 43.359 44.209 43.969 43.319 44.334 44.482 43.587 45.717 46.584 47.279 46.084 43.452 43.137 43.147
45.929 44.682 44.067 42.857 38.509 38.819 39.682 39.859 39.644 39.737 39.842 39.919 40.009 41.687 40.819 40.392 40.412 40.474 40.529 40.554 40.599 40.629 40.632 42.362 43.939 42.417 44.369 45.164 45.717 45.524 45.362 43.247 41.682 44.057 44.362 43.784 43.907 43.159 42.794 43.054 43.359 45.809 46.694 47.364 44.279 42.347 42.349 42.644 43.072 42.962 42.457 42.434 42.442 42.532 42.692 43.084 43.547 43.007 43.847 44.804 43.969 44.487 44.002 44.882 46.457 47.224 47.652 47.084 45.757 43.142 43.167
45.434 44.317 44.167 41.547 39.134 38.649 39.592 39.632 39.572 39.732 39.862 39.924 39.937 41.004 40.664 40.382 40.432 40.487 40.544 40.604 40.614 40.644 40.694 42.122 43.139 42.347 45.662 46.297 46.659 46.634 46.229 44.112 42.067 44.509 43.734 43.349 43.907 42.859 42.702 42.604 43.254 45.169 46.417 45.519 43.549 43.344 42.922 43.052 43.134 43.032 42.469 42.462 42.467 42.557 42.779 42.849 43.699 43.944 43.684 44.952 45.149 44.164 44.764 46.327 47.084 47.574 47.252 46.462 45.012 43.197 43.382
45.432 45.082 44.784 44.272 43.877 42.984 41.709 39.517 39.277 40.084 40.244 39.959 39.967 41.424 40.669 40.412 40.477 40.502 40.549 40.597 40.624 40.654 40.732 41.199 41.482 42.347 46.232 46.592 46.239 46.297 46.554 43.139 41.937 44.439 43.227 43.162 43.422 42.402 42.307 42.309 44.439 46.472 48.069 47.822 45.659 42.539 42.897 43.152 43.569 43.337 42.502 42.459 42.467 42.604 42.804 42.889 43.347 44.297 45.137 44.319 43.839 44.074 46.082 46.939 47.614 47.454 46.732 45.727 43.129 43.799 43.967
45.132 45.097 45.352 45.377 45.997 45.522 44.169 42.244 39.962 40.019 40.532 39.999 39.964 41.872 40.492 40.387 40.417 40.474 40.552 40.572 40.624 40.687 40.917 41.062 41.212 41.922 45.252 45.289 45.039 45.039 45.527 42.514 41.834 44.372 42.784 42.509 42.517 42.472 42.314 42.314 44.399 46.522 48.069 47.894 46.054 42.802 42.479 42.482 42.549 42.699 42.519 42.447 42.479 42.594 42.817 43.122 42.949 43.112 43.697 44.569 44.179 44.049 44.072 47.224 47.464 46.837 45.977 43.109 43.587 45.744 46.819
39.512 41.652 41.289 42.079 44.582 44.422 43.592 42.337 40.547 39.432 42.089 41.202 42.422 43.232 41.202 40.532 40.774 40.912 41.317 40.584 40.579 40.639 40.679 41.004 41.339 41.672 43.212 42.544 42.619 43.869 44.082 42.337 41.722 44.214 42.389 42.439 42.404 42.374 42.347 42.334 44.339 46.932 48.152 47.824 45.857 42.657 42.449 42.509 42.577 42.657 42.567 42.517 42.494 42.577 43.159 43.232 42.939 43.094 44.064 44.232 44.029 43.212 45.029 45.104 46.482 46.104 43.087 43.352 45.564 46.632 47.377
38.504 38.654 39.149 39.854 38.934 39.279 40.647 41.717 41.102 39.809 41.947 40.209 42.144 41.792 40.144 41.972 44.149 45.574 46.582 45.347 43.699 43.792 42.194 41.939 41.844 41.317 42.127 41.712 41.549 43.759 44.287 42.427 41.617 43.929 43.154 42.394 42.419 42.394 42.354 42.429 44.342 47.479 48.194 47.649 45.842 42.747 42.584 42.667 42.612 43.032 42.542 42.507 42.514 42.574 42.779 43.627 43.444 43.717 45.087 44.209 43.424 43.112 43.152 44.547 45.072 43.649 43.262 44.712 46.487 47.274 47.337
38.302 38.459 38.607 38.862 39.104 39.484 39.312 39.872 40.097 39.844 40.967 40.122 40.142 40.487 40.097 42.889 44.652 46.717 47.599 46.952 47.062 46.829 43.342 43.097 41.779 41.469 43.612 42.864 41.509 41.449 41.627 41.484 42.512 44.009 43.487 42.494 42.429 42.429 42.954 42.489 44.109 45.379 47.044 47.404 44.747 42.834 42.522 42.572 42.659 42.922 42.532 42.519 42.499 42.509 42.624 42.717 43.339 44.997 46.144 43.989 43.132 43.124 43.082 43.169 43.892 43.707 44.539 46.339 47.097 47.419 46.779
39.622 39.962 39.047 38.764 38.799 38.964 39.134 39.379 39.697 40.017 40.719 40.292 40.799 40.327 40.634 43.147 44.904 47.479 47.602 47.442 47.429 47.069 43.342 43.024 41.177 41.289 43.152 41.592 41.372 41.429 41.422 41.489 43.072 44.579 42.664 42.544 42.527 42.557 42.524 43.512 43.487 44.504 45.172 45.472 43.639 42.602 42.587 42.574 43.202 44.404 42.532 42.577 42.569 42.587 42.684 42.802 43.117 43.829 44.647 44.652 43.252 43.167 43.179 43.392 44.784 43.477 45.334 46.527 47.169 47.174 46.534
42.857 40.722 40.844 40.807 40.032 39.799 39.199 39.252 39.367 39.469 39.612 39.794 40.137 40.249 40.114 40.904 42.539 43.357 45.542 46.507 46.877 47.082 43.332 42.217 41.124 41.144 41.324 41.842 41.517 41.419 41.447 41.494 43.014 45.112 42.849 42.567 42.557 42.564 43.124 44.322 43.899 47.042 48.724 47.759 45.707 43.932 43.749 42.617 42.627 42.607 42.534 42.572 42.584 42.679 42.872 42.927 43.284 43.957 43.479 44.502 44.572 43.239 43.889 44.547 44.034 43.439 43.544 45.384 46.434 47.027 46.842
42.869 39.117 39.602 39.792 40.964 39.634 39.314 39.567 39.812 39.879 39.767 39.809 39.807 39.852 39.947 40.052 40.144 40.269 41.872 42.392 41.674 40.994 40.739 40.929 41.107 41.172 41.377 41.342 41.352 41.437 41.427 41.469 42.622 44.684 42.517 42.497 42.492 42.552 42.569 42.717 44.999 47.402 48.682 48.087 45.587 42.624 42.659 42.654 42.624 42.602 42.534 42.569 42.594 42.749 42.984 43.074 43.217 43.699 46.109 45.929 44.434 44.487 44.427 44.792 45.392 44.399 44.322 45.394 45.487 46.234 45.237
42.924 38.294 38.482 39.047 40.624 39.487 39.179 39.494 39.972 40.054 40.282 40.624 40.062 40.312 42.814 43.727 40.899 40.247 40.299 40.377 40.492 40.632 40.762 41.017 41.232 41.914 42.227 42.079 41.679 41.432 41.432 41.467 42.779 46.992 44.409 42.504 42.527 42.549 42.609 43.589 45.692 47.982 48.702 48.164 45.914 42.659 42.642 42.702 42.669 42.664 42.542 42.602 42.609 42.747 43.017 43.112 43.167 45.619 47.429 46.839 46.289 44.469 44.114 45.097 44.864 43.214 43.247 43.882 43.282 43.632 43.752
42.427 38.467 38.572 38.657 39.054 39.299 39.017 39.317 39.709 40.209 40.147 40.074 39.752 40.909 45.419 46.927 44.714 40.289 40.297 40.367 40.452 40.572 40.714 40.909 41.132 42.202 42.494 42.432 42.104 42.667 42.689 42.282 42.737 47.164 44.429 42.532 42.569 42.747 44.229 42.832 45.292 47.892 48.729 47.599 45.694 42.587 42.857 43.412 42.772 42.692 42.562 42.597 42.622 42.754 43.002 43.122 43.772 46.569 47.299 47.532 47.062 47.299 45.609 44.339 44.527 43.379 43.499 43.247 43.469 43.622 43.397
41.802 40.644 38.994 39.004 39.654 40.514 39.149 39.574 39.554 39.609 39.584 39.614 39.672 41.967 45.012 45.667 44.854 40.382 40.337 40.562 40.744 40.542 40.684 41.204 41.354 41.117 41.262 41.384 41.454 42.849 43.879 43.269 43.179 44.704 43.274 42.652 42.622 42.967 43.947 42.609 44.534 45.619 46.362 47.074 44.627 42.697 42.997 44.669 42.739 42.704 42.584 42.629 42.584 42.709 42.984 43.159 43.467 45.177 46.509 47.117 47.522 47.734 47.452 45.592 44.339 43.762 43.774 43.847 43.547 43.479 43.497
43.174 42.867 40.249 39.187 39.514 39.707 39.694 40.427 39.467 39.442 39.559 39.742 39.657 40.219 44.202 45.449 46.622 40.604 40.807 40.597 41.317 40.644 40.672 42.577 42.047 41.132 41.242 41.399 41.497 42.192 43.254 43.394 44.492 42.827 44.182 42.667 42.554 42.657 42.592 42.699 43.144 43.229 44.652 45.354 44.149 44.377 43.114 43.959 42.712 42.704 42.592 42.617 42.597 42.692 42.859 43.064 43.202 43.709 45.964 46.964 47.702 47.657 46.887 45.382 43.507 43.449 43.632 44.752 43.887 44.744 43.742
41.102 40.622 39.749 39.319 39.614 39.229 39.504 40.057 40.439 40.477 40.862 40.949 40.269 40.737 45.582 45.924 46.429 41.782 44.317 43.702 40.859 40.732 41.047 42.022 41.184 41.177 41.252 41.374 41.474 41.557 41.959 42.904 44.112 42.939 43.512 42.782 42.647 42.547 42.532 42.577 42.582 42.644 47.152 49.187 49.122 46.772 42.744 42.792 43.177 42.672 42.604 42.592 42.602 42.737 42.922 43.067 43.222 44.292 46.479 47.557 47.694 47.089 45.677 43.224 43.207 43.427 45.254 45.134 43.709 44.419 43.492
