All_lidar/sz6286_DSM_2M.asc
ncols 500
nrows 500
xllcorner    462000
yllcorner    86000
cellsize     2
NODATA_value -9999
[rows 416 to 447 of 500, columns 71 to 141 of 500]
77.708 78.036 78.318 78.618 78.941 79.176 79.401 79.703 80.006 80.273 80.531 80.818 81.051 81.301 81.581 81.833 82.096 82.416 82.701 82.968 83.233 83.486 83.756 84.013 84.286 84.548 84.796 85.066 85.311 85.576 85.758 86.088 86.513 86.776 87.003 87.161 87.331 87.556 87.876 88.118 88.401 88.601 88.823 89.073 89.316 89.618 89.848 90.038 90.261 90.473 90.683 90.968 91.186 91.388 91.616 91.883 92.183 92.381 92.581 92.938 93.218 93.378 93.561 93.736 93.881 94.038 94.246 94.416 94.611 94.791 94.943
77.551 77.808 78.111 78.413 78.718 78.991 79.256 79.536 79.811 80.063 80.333 80.653 80.901 81.136 81.388 81.603 81.893 82.206 82.531 82.793 83.048 83.288 83.553 83.828 84.133 84.388 84.638 84.893 85.138 85.388 85.648 85.908 86.118 86.478 86.948 87.151 87.333 87.521 87.701 87.973 88.286 88.516 88.728 88.963 89.231 89.501 89.673 89.871 90.111 90.361 90.571 90.796 91.028 91.258 91.536 91.773 92.066 92.343 92.581 92.781 93.068 93.363 93.638 93.803 93.953 94.111 94.271 94.416 94.601 94.806 94.981
77.368 77.631 77.893 78.226 78.516 78.783 79.043 79.333 79.618 79.891 80.143 80.428 80.691 80.986 81.233 81.473 81.713 82.028 82.301 82.598 82.878 83.141 83.393 83.673 83.918 84.181 84.451 84.721 84.961 85.223 85.488 85.748 86.026 86.253 86.463 86.921 87.296 87.498 87.721 87.881 88.053 88.393 88.783 89.068 89.136 89.323 89.528 89.728 89.991 90.236 90.468 90.668 90.888 91.131 91.416 91.703 91.968 92.226 92.516 92.801 93.031 93.203 93.468 93.796 94.021 94.143 94.316 94.448 94.643 94.848 95.046
77.206 77.438 77.683 78.016 78.296 78.576 78.843 79.161 79.391 79.693 79.958 80.246 80.501 80.786 81.043 81.326 81.568 81.843 82.098 82.383 82.706 82.981 83.248 83.521 83.746 83.993 84.266 84.538 84.783 85.043 85.341 85.593 85.868 86.123 86.348 86.581 86.891 87.328 87.673 87.913 88.066 88.186 88.416 88.798 89.006 89.156 89.366 89.603 89.813 90.096 90.318 90.551 90.771 91.008 91.281 91.576 91.826 92.096 92.398 92.721 92.961 93.188 93.406 93.643 93.911 94.206 94.393 94.496 94.676 94.878 95.038
77.026 77.256 77.503 77.821 78.086 78.346 78.606 78.946 79.203 79.468 79.761 80.031 80.293 80.571 80.841 81.116 81.403 81.701 81.956 82.188 82.456 82.768 83.066 83.323 83.601 83.851 84.126 84.373 84.618 84.876 85.161 85.423 85.711 85.973 86.188 86.451 86.736 86.983 87.296 87.841 88.046 88.221 88.363 88.528 88.818 89.093 89.203 89.431 89.718 89.956 90.143 90.408 90.623 90.903 91.171 91.443 91.711 91.956 92.263 92.573 92.841 93.091 93.358 93.601 93.823 94.046 94.353 94.596 94.766 94.916 95.063
76.798 77.103 77.341 77.616 77.903 78.123 78.358 78.673 78.983 79.256 79.551 79.833 80.088 80.383 80.638 80.953 81.226 81.521 81.773 82.048 82.303 82.531 82.826 83.106 83.421 83.671 83.923 84.198 84.453 84.708 84.986 85.251 85.491 85.788 86.041 86.301 86.546 86.821 87.098 87.381 87.863 88.216 88.398 88.531 88.661 88.861 89.171 89.308 89.541 89.801 90.006 90.261 90.526 90.811 91.056 91.306 91.566 91.816 92.096 92.401 92.703 92.978 93.211 93.486 93.761 94.061 94.256 94.446 94.738 95.006 95.146
76.526 76.893 77.128 77.386 77.678 77.928 78.161 78.423 78.721 79.013 79.303 79.606 79.883 80.166 80.458 80.753 81.051 81.328 81.621 81.873 82.146 82.398 82.631 82.918 83.196 83.446 83.723 84.028 84.291 84.543 84.803 85.048 85.288 85.593 85.868 86.106 86.346 86.571 86.861 87.178 87.481 87.831 88.278 88.556 88.693 88.831 88.951 89.203 89.503 89.641 89.878 90.131 90.396 90.706 90.946 91.168 91.428 91.686 91.971 92.261 92.543 92.836 93.081 93.321 93.613 93.911 94.213 94.476 94.646 94.923 95.221
76.326 76.616 76.923 77.141 77.426 77.641 77.883 78.198 78.508 78.821 79.066 79.338 79.656 79.956 80.263 80.573 80.841 81.138 81.443 81.696 81.981 82.248 82.491 82.728 82.996 83.261 83.536 83.851 84.088 84.356 84.643 84.871 85.106 85.373 85.686 85.963 86.233 86.451 86.701 86.983 87.296 87.588 87.816 88.201 88.663 88.841 88.991 89.093 89.248 89.568 89.793 90.008 90.273 90.526 90.811 91.056 91.281 91.526 91.818 92.088 92.388 92.651 92.893 93.161 93.476 93.783 94.086 94.406 94.676 94.936 95.123
76.111 76.373 76.688 76.936 77.203 77.413 77.666 77.968 78.308 78.608 78.868 79.133 79.463 79.753 80.071 80.356 80.621 80.911 81.206 81.511 81.773 82.056 82.321 82.591 82.843 83.071 83.358 83.641 83.908 84.168 84.431 84.686 84.923 85.176 85.473 85.781 86.041 86.293 86.546 86.793 87.081 87.396 87.728 88.003 88.218 88.696 88.986 89.141 89.261 89.411 89.638 89.931 90.106 90.406 90.651 90.886 91.126 91.378 91.618 91.873 92.186 92.476 92.741 93.021 93.306 93.616 93.926 94.258 94.578 94.876 95.151
75.933 76.178 76.453 76.716 76.976 77.193 77.473 77.801 78.106 78.413 78.671 78.953 79.268 79.546 79.888 80.158 80.426 80.711 80.966 81.278 81.566 81.836 82.128 82.376 82.678 82.893 83.146 83.418 83.711 83.998 84.273 84.523 84.768 85.011 85.278 85.543 85.826 86.118 86.408 86.643 86.891 87.226 87.526 87.816 88.061 88.261 88.631 89.113 89.278 89.471 89.583 89.701 90.023 90.253 90.486 90.773 90.976 91.226 91.453 91.723 92.003 92.296 92.553 92.848 93.158 93.463 93.768 94.121 94.453 94.748 95.073
75.751 76.013 76.238 76.503 76.761 76.976 77.233 77.576 77.851 78.213 78.496 78.758 79.041 79.316 79.591 79.891 80.193 80.488 80.793 81.058 81.346 81.626 81.903 82.168 82.443 82.698 82.953 83.236 83.501 83.806 84.088 84.328 84.573 84.818 85.076 85.366 85.646 85.921 86.196 86.473 86.721 87.033 87.311 87.606 87.861 88.106 88.358 88.618 89.131 89.448 89.631 89.743 89.896 90.111 90.421 90.611 90.868 91.096 91.323 91.576 91.853 92.138 92.351 92.711 93.023 93.306 93.626 93.976 94.298 94.628 94.948
75.498 75.791 76.048 76.303 76.528 76.781 77.008 77.341 77.646 77.971 78.276 78.578 78.846 79.118 79.398 79.696 79.946 80.241 80.546 80.871 81.143 81.423 81.673 81.943 82.203 82.483 82.718 83.031 83.303 83.568 83.861 84.131 84.388 84.651 84.896 85.198 85.461 85.726 86.041 86.278 86.533 86.813 87.118 87.416 87.681 87.913 88.188 88.476 88.731 89.078 89.583 89.748 89.923 90.056 90.183 90.493 90.693 90.938 91.218 91.451 91.683 91.956 92.236 92.548 92.876 93.181 93.506 93.821 94.161 94.506 94.833
75.283 75.556 75.813 76.108 76.341 76.616 76.871 77.151 77.433 77.761 78.068 78.348 78.613 78.898 79.166 79.446 79.731 80.028 80.311 80.623 80.958 81.218 81.468 81.738 82.016 82.308 82.556 82.836 83.106 83.371 83.653 83.931 84.203 84.466 84.718 84.978 85.263 85.551 85.841 86.106 86.356 86.626 86.896 87.181 87.483 87.776 88.021 88.293 88.536 88.826 89.151 89.593 89.921 90.043 90.161 90.296 90.523 90.833 91.033 91.348 91.571 91.818 92.068 92.376 92.703 93.071 93.373 93.706 94.028 94.356 94.681
75.078 75.321 75.566 75.858 76.123 76.421 76.678 76.978 77.256 77.578 77.861 78.136 78.423 78.698 78.968 79.211 79.511 79.828 80.108 80.393 80.701 80.966 81.243 81.523 81.816 82.106 82.346 82.643 82.911 83.193 83.441 83.746 84.001 84.258 84.533 84.781 85.063 85.346 85.621 85.913 86.171 86.438 86.703 87.011 87.298 87.578 87.848 88.111 88.353 88.626 88.966 89.223 89.568 89.986 90.196 90.311 90.463 90.636 90.996 91.201 91.471 91.696 91.941 92.238 92.548 92.903 93.196 93.568 93.863 94.226 94.528
74.813 75.078 75.351 75.593 75.871 76.171 76.453 76.733 77.036 77.378 77.666 77.936 78.223 78.516 78.771 79.018 79.278 79.581 79.883 80.183 80.453 80.743 80.991 81.326 81.598 81.863 82.146 82.461 82.721 83.018 83.241 83.523 83.768 84.041 84.343 84.616 84.843 85.123 85.411 85.696 85.966 86.256 86.538 86.831 87.126 87.386 87.696 87.981 88.203 88.456 88.728 89.078 89.361 89.626 89.998 90.366 90.461 90.603 90.766 91.048 91.296 91.543 91.801 92.056 92.383 92.721 93.058 93.396 93.711 94.096 94.431
74.538 74.818 75.081 75.371 75.671 75.936 76.218 76.513 76.833 77.143 77.451 77.721 77.991 78.263 78.546 78.808 79.063 79.348 79.678 79.966 80.248 80.571 80.808 81.088 81.386 81.681 81.971 82.248 82.523 82.816 83.071 83.328 83.546 83.818 84.113 84.388 84.646 84.928 85.223 85.496 85.813 86.093 86.353 86.633 86.923 87.233 87.488 87.806 88.061 88.306 88.571 88.871 89.188 89.466 89.708 90.003 90.491 90.593 90.758 90.901 91.156 91.438 91.638 91.928 92.281 92.601 92.901 93.251 93.608 93.993 94.296
74.333 74.586 74.838 75.106 75.391 75.668 75.953 76.258 76.598 76.908 77.201 77.511 77.778 78.051 78.333 78.603 78.861 79.113 79.446 79.761 80.053 80.338 80.636 80.936 81.186 81.456 81.761 82.048 82.318 82.608 82.898 83.133 83.376 83.598 83.908 84.166 84.446 84.733 85.021 85.346 85.636 85.906 86.196 86.468 86.748 87.053 87.331 87.586 87.881 88.156 88.423 88.681 88.991 89.261 89.541 89.823 90.036 90.563 90.763 90.886 91.046 91.261 91.591 91.818 92.133 92.461 92.796 93.136 93.483 93.846 94.156
74.063 74.361 74.623 74.871 75.173 75.406 75.711 76.006 76.306 76.658 76.963 77.236 77.511 77.806 78.106 78.368 78.648 78.923 79.196 79.526 79.838 80.151 80.436 80.708 80.976 81.261 81.541 81.818 82.131 82.411 82.706 82.943 83.213 83.456 83.701 83.976 84.263 84.548 84.843 85.168 85.473 85.721 85.986 86.273 86.561 86.823 87.123 87.408 87.688 87.971 88.298 88.486 88.766 89.066 89.366 89.663 89.898 90.111 90.596 90.908 91.078 91.213 91.403 91.743 92.011 92.356 92.673 92.993 93.361 93.701 94.008
73.738 74.031 74.323 74.598 74.901 75.193 75.498 75.776 76.076 76.353 76.698 76.973 77.266 77.561 77.868 78.168 78.473 78.723 78.961 79.293 79.646 79.963 80.233 80.521 80.783 81.041 81.321 81.631 81.901 82.188 82.493 82.758 83.001 83.276 83.523 83.798 84.073 84.348 84.666 84.958 85.261 85.568 85.818 86.096 86.348 86.608 86.891 87.173 87.463 87.788 88.073 88.333 88.611 88.906 89.158 89.458 89.711 89.978 90.196 90.663 91.046 91.201 91.358 91.541 91.908 92.238 92.528 92.843 93.176 93.538 93.878
73.461 73.758 74.043 74.306 74.601 74.903 75.216 75.531 75.838 76.118 76.393 76.698 76.993 77.291 77.621 77.933 78.223 78.508 78.766 79.048 79.406 79.703 80.011 80.296 80.596 80.863 81.153 81.441 81.733 81.966 82.268 82.541 82.821 83.081 83.363 83.598 83.898 84.163 84.458 84.728 85.048 85.323 85.616 85.898 86.183 86.436 86.706 86.988 87.256 87.578 87.903 88.173 88.466 88.746 89.036 89.313 89.543 89.788 90.053 90.318 90.806 91.168 91.413 91.538 91.728 92.098 92.411 92.716 93.063 93.406 93.771
73.166 73.463 73.776 74.031 74.311 74.616 74.931 75.253 75.573 75.896 76.176 76.453 76.746 77.023 77.348 77.663 77.978 78.283 78.566 78.843 79.168 79.513 79.776 80.053 80.351 80.656 80.943 81.191 81.483 81.743 82.001 82.286 82.631 82.906 83.171 83.418 83.718 83.993 84.261 84.551 84.848 85.131 85.436 85.698 86.006 86.263 86.551 86.836 87.108 87.391 87.673 87.966 88.261 88.563 88.866 89.151 89.413 89.641 89.893 90.218 90.471 90.926 91.331 91.538 91.688 91.886 92.283 92.551 92.936 93.286 93.618
72.846 73.138 73.473 73.738 74.048 74.348 74.653 74.973 75.273 75.586 75.883 76.213 76.498 76.808 77.101 77.381 77.723 78.003 78.308 78.623 78.908 79.231 79.551 79.831 80.116 80.408 80.701 80.973 81.256 81.491 81.771 82.073 82.378 82.696 82.971 83.196 83.481 83.788 84.063 84.358 84.668 84.946 85.236 85.496 85.821 86.106 86.386 86.671 86.963 87.228 87.526 87.786 88.068 88.413 88.696 88.996 89.261 89.513 89.776 90.061 90.371 90.593 91.026 91.501 91.708 91.866 92.093 92.518 92.793 93.158 93.526
72.476 72.793 73.136 73.441 73.768 74.066 74.363 74.693 75.001 75.341 75.626 75.908 76.243 76.546 76.878 77.163 77.443 77.728 78.041 78.361 78.648 78.961 79.296 79.566 79.858 80.121 80.436 80.733 81.001 81.298 81.541 81.846 82.173 82.471 82.738 82.988 83.278 83.573 83.901 84.188 84.471 84.756 85.056 85.321 85.606 85.911 86.188 86.488 86.773 87.061 87.336 87.603 87.916 88.231 88.528 88.803 89.096 89.383 89.656 89.903 90.198 90.528 90.723 91.291 91.691 91.888 92.043 92.313 92.681 93.068 93.401
72.161 72.471 72.818 73.156 73.456 73.761 74.078 74.406 74.711 75.021 75.343 75.641 75.956 76.256 76.586 76.918 77.158 77.428 77.746 78.076 78.391 78.658 79.046 79.338 79.606 79.876 80.143 80.448 80.748 81.078 81.338 81.643 81.961 82.251 82.488 82.768 83.053 83.336 83.698 83.993 84.266 84.543 84.861 85.118 85.403 85.698 85.978 86.278 86.576 86.871 87.171 87.431 87.726 88.021 88.306 88.598 88.898 89.208 89.503 89.758 90.041 90.413 90.693 90.978 91.496 91.871 92.021 92.168 92.661 92.901 93.276
71.851 72.181 72.493 72.823 73.133 73.446 73.788 74.108 74.431 74.736 75.031 75.386 75.696 75.998 76.281 76.558 76.853 77.176 77.468 77.821 78.136 78.428 78.731 79.073 79.371 79.668 79.911 80.191 80.491 80.806 81.106 81.383 81.691 81.986 82.268 82.553 82.856 83.101 83.441 83.766 84.076 84.366 84.648 84.948 85.233 85.491 85.793 86.078 86.383 86.671 86.998 87.248 87.556 87.828 88.116 88.411 88.723 89.021 89.338 89.613 89.896 90.281 90.626 90.958 91.333 91.841 92.021 92.163 92.441 92.838 93.181
71.553 71.861 72.186 72.546 72.871 73.178 73.493 73.821 74.161 74.486 74.771 75.116 75.403 75.716 76.008 76.313 76.581 76.876 77.193 77.516 77.836 78.153 78.441 78.806 79.116 79.426 79.698 79.963 80.263 80.568 80.893 81.161 81.456 81.751 82.058 82.346 82.676 82.951 83.228 83.551 83.858 84.143 84.458 84.766 85.061 85.313 85.603 85.901 86.181 86.483 86.813 87.083 87.386 87.668 87.941 88.216 88.511 88.831 89.183 89.478 89.783 90.136 90.493 90.801 91.111 91.601 92.023 92.173 92.313 92.761 93.083
71.223 71.561 71.891 72.208 72.531 72.871 73.183 73.491 73.813 74.156 74.511 74.813 75.098 75.436 75.746 76.051 76.353 76.641 76.923 77.236 77.543 77.891 78.201 78.523 78.853 79.153 79.443 79.736 80.048 80.353 80.641 80.923 81.223 81.501 81.841 82.131 82.433 82.766 83.031 83.318 83.601 83.928 84.226 84.548 84.861 85.173 85.433 85.716 85.996 86.311 86.613 86.891 87.191 87.491 87.746 88.041 88.373 88.703 89.033 89.326 89.658 89.953 90.318 90.673 91.051 91.423 91.968 92.166 92.346 92.533 93.026
70.816 71.216 71.553 71.876 72.171 72.513 72.838 73.166 73.488 73.791 74.171 74.496 74.821 75.143 75.473 75.781 76.091 76.373 76.666 76.981 77.271 77.621 77.958 78.246 78.546 78.873 79.163 79.486 79.813 80.116 80.428 80.713 80.978 81.248 81.546 81.888 82.216 82.533 82.816 83.113 83.386 83.683 83.986 84.303 84.631 84.933 85.236 85.536 85.818 86.126 86.448 86.711 86.998 87.296 87.566 87.873 88.226 88.561 88.848 89.196 89.498 89.848 90.191 90.561 90.901 91.293 91.703 92.161 92.373 92.491 92.786
70.466 70.786 71.111 71.496 71.868 72.171 72.486 72.818 73.168 73.458 73.776 74.146 74.506 74.858 75.193 75.508 75.831 76.143 76.393 76.693 77.013 77.326 77.686 77.971 78.298 78.578 78.893 79.196 79.526 79.836 80.171 80.471 80.746 81.023 81.298 81.618 81.946 82.293 82.606 82.921 83.188 83.458 83.758 84.071 84.391 84.701 85.001 85.308 85.638 85.953 86.256 86.546 86.811 87.091 87.403 87.711 88.058 88.366 88.663 89.041 89.351 89.706 90.078 90.431 90.783 91.193 91.486 92.081 92.323 92.501 92.661
71.108 70.973 71.066 71.443 71.461 71.866 72.183 72.476 72.823 73.136 73.461 73.836 74.176 74.526 74.851 75.196 75.553 75.873 76.183 76.491 76.751 77.051 77.366 77.698 78.016 78.303 78.608 78.936 79.283 79.591 79.916 80.203 80.503 80.796 81.068 81.408 81.701 82.023 82.353 82.653 82.963 83.263 83.553 83.863 84.186 84.473 84.763 85.058 85.416 85.723 86.083 86.358 86.631 86.918 87.233 87.573 87.898 88.191 88.541 88.893 89.248 89.561 89.961 90.301 90.668 91.031 91.408 91.786 92.311 92.526 92.608
71.568 70.976 71.673 71.863 71.143 71.428 71.811 72.191 72.523 72.841 73.168 73.526 73.851 74.183 74.526 74.896 75.216 75.546 75.886 76.218 76.523 76.826 77.103 77.423 77.711 78.021 78.323 78.663 79.018 79.343 79.648 79.951 80.268 80.551 80.826 81.131 81.471 81.803 82.106 82.396 82.726 83.053 83.358 83.658 83.988 84.253 84.541 84.853 85.156 85.448 85.793 86.161 86.458 86.753 87.068 87.403 87.743 88.038 88.383 88.766 89.143 89.463 89.798 90.163 90.518 90.891 91.263 91.526 92.216 92.518 92.658
70.786 70.693 71.636 71.011 70.783 71.073 71.423 71.778 72.141 72.498 72.853 73.223 73.566 73.876 74.181 74.563 74.906 75.218 75.573 75.891 76.218 76.546 76.871 77.161 77.453 77.761 78.058 78.398 78.756 79.058 79.361 79.681 80.018 80.323 80.643 80.956 81.263 81.561 81.861 82.153 82.478 82.811 83.111 83.416 83.748 84.038 84.356 84.648 84.946 85.248 85.558 85.923 86.273 86.591 86.921 87.236 87.556 87.871 88.208 88.591 89.003 89.356 89.643 90.018 90.353 90.751 91.138 91.493 91.886 92.446 92.668
