All_lidar/sz6291_DSM_2M.asc
ncols 500
nrows 500
xllcorner    462000
yllcorner    91000
cellsize     2
NODATA_value -9999
[rows 68 to 101 of 500, columns 380 to 455 of 500]
1.941 1.838 1.823 1.936 1.928 1.963 1.881 1.883 1.908 1.933 1.976 1.976 1.808 1.821 1.776 1.811 1.911 1.953 1.928 1.863 2.036 2.011 1.896 1.856 2.013 1.906 1.968 1.811 1.876 1.906 1.853 1.898 1.886 1.861 1.951 1.911 1.931 1.958 2.021 1.921 1.828 1.823 1.863 1.903 1.928 1.873 1.838 1.911 1.978 1.968 1.883 1.856 1.971 2.086 1.951 1.903 1.971 1.901 1.913 1.983 2.056 1.958 1.973 1.938 1.941 2.063 1.971 1.908 1.903 1.878 1.786 1.936 2.036 2.023 2.003 1.911
1.901 1.838 1.886 1.951 1.916 1.911 1.893 1.911 1.918 1.981 2.003 1.978 1.856 1.933 1.838 1.846 1.953 2.038 1.971 1.933 2.053 1.923 1.863 1.976 1.966 1.731 1.813 1.863 1.908 1.858 1.836 1.923 1.916 1.893 1.936 1.866 1.881 1.853 1.821 1.873 1.891 1.878 1.876 1.866 1.813 1.896 1.866 2.018 1.983 1.868 1.851 1.968 1.958 1.956 1.913 1.866 1.978 1.923 2.013 1.958 1.931 2.011 1.993 1.856 1.901 1.926 1.906 1.918 1.843 1.831 1.891 1.981 2.008 1.941 1.933 1.811
1.826 1.818 1.883 1.888 1.901 1.861 1.908 1.941 1.926 1.826 1.966 1.843 1.896 1.943 1.881 1.948 1.933 2.091 1.978 1.956 1.911 1.863 1.848 1.888 1.868 1.826 1.826 1.923 1.888 1.841 1.881 1.993 1.903 1.931 1.886 1.838 1.828 1.843 1.746 1.826 1.831 1.778 1.791 1.728 1.781 1.926 1.916 1.991 1.838 1.808 1.911 2.001 1.956 1.873 1.791 1.871 1.951 1.963 1.993 1.883 1.988 2.063 1.876 1.913 1.901 1.856 1.903 1.971 1.838 1.881 1.913 1.933 1.926 1.901 1.796 1.838
1.748 1.803 1.863 1.871 1.933 1.951 1.958 1.906 1.896 1.811 1.863 1.911 1.923 1.976 1.976 2.073 1.988 2.046 1.878 1.786 1.873 1.833 1.861 1.811 1.851 1.798 1.866 1.933 1.933 1.878 1.923 1.918 1.868 1.848 1.881 1.808 1.873 1.841 1.791 1.846 1.838 1.768 1.771 1.833 1.818 1.888 2.043 1.938 1.791 1.843 1.873 1.858 1.888 1.826 1.836 1.901 1.908 1.933 1.896 1.948 1.958 1.911 1.831 1.908 1.886 1.793 1.858 1.938 1.873 1.931 1.876 1.786 1.888 1.853 1.826 1.938
1.756 1.851 1.931 1.953 1.968 2.006 1.983 1.848 1.868 1.873 1.896 1.838 1.851 1.891 1.983 2.013 1.941 2.021 1.891 1.828 1.893 1.853 1.793 1.781 1.923 1.886 1.971 1.926 1.866 1.786 1.818 1.938 1.838 1.823 1.793 1.818 1.838 1.793 1.808 1.866 1.911 1.796 1.841 1.843 1.798 1.923 1.866 1.941 1.836 1.936 1.898 1.818 1.791 1.846 1.871 1.908 1.966 1.933 1.878 1.931 2.026 1.811 1.808 1.903 1.866 1.791 1.968 1.988 1.831 1.886 1.863 1.821 1.906 1.806 1.913 2.028
1.813 1.906 1.986 1.978 1.976 1.973 1.918 1.906 1.908 1.848 1.861 1.896 1.838 1.928 1.973 1.818 1.863 1.916 1.906 1.771 1.826 1.848 1.811 1.863 1.993 1.946 1.888 1.971 1.876 1.773 1.813 1.826 1.813 1.831 1.846 1.853 1.823 1.851 1.851 1.826 1.836 1.743 1.818 1.913 1.943 1.913 1.901 1.898 1.866 1.926 1.893 1.868 1.828 1.871 1.916 1.941 1.933 1.908 1.936 1.993 1.941 1.853 2.001 1.903 1.858 1.926 2.126 1.916 1.821 1.838 1.913 1.976 1.933 1.863 1.936 1.936
1.938 2.031 2.018 2.043 1.978 2.021 1.983 1.891 1.911 1.858 1.956 1.968 1.928 2.006 1.963 1.898 1.853 1.823 1.853 1.756 1.873 1.951 1.916 1.926 1.968 1.881 1.823 1.841 1.798 1.863 1.833 1.796 1.788 1.838 1.781 1.846 1.883 1.856 1.848 1.758 1.798 1.733 1.881 1.916 1.913 1.828 1.811 1.828 1.781 1.793 1.901 1.908 1.856 2.006 2.013 1.861 1.873 1.833 1.941 1.981 1.863 1.853 2.018 1.886 1.883 1.973 2.066 1.871 1.851 1.886 1.931 1.918 1.746 1.888 1.918 1.841
1.953 2.046 1.988 1.911 1.933 1.966 1.891 1.881 1.876 1.908 2.018 1.963 1.988 1.958 1.978 1.981 1.891 1.843 1.896 1.836 1.876 1.993 1.971 1.998 1.928 1.913 1.813 1.766 1.793 1.911 1.876 1.821 1.841 1.848 1.786 1.853 1.861 1.798 1.801 1.783 1.766 1.916 1.956 1.891 1.841 1.756 1.806 1.821 1.803 1.861 1.818 1.873 1.758 2.078 1.993 1.796 1.878 1.838 1.971 1.938 1.881 1.883 1.991 1.908 1.823 1.941 1.938 1.876 1.838 1.881 1.953 1.796 1.748 1.876 1.931 1.893
1.973 2.038 1.948 1.883 1.863 1.906 1.851 1.961 1.971 1.953 1.926 2.058 1.891 1.981 1.988 1.833 1.943 1.888 1.993 1.988 1.956 2.011 1.993 1.931 1.941 1.893 1.786 1.766 1.901 1.998 1.888 1.846 1.916 1.918 1.861 1.808 1.791 1.928 1.863 1.801 1.943 1.966 1.873 1.853 1.843 1.796 1.766 1.908 1.836 1.876 1.896 1.848 2.056 2.093 1.913 1.821 1.933 1.921 1.961 1.808 1.863 1.893 1.921 1.816 1.883 2.003 1.933 1.781 1.786 1.851 2.006 1.811 1.858 2.013 1.981 1.943
1.878 1.891 1.863 1.871 1.823 1.858 1.888 1.921 1.958 1.913 1.878 1.913 1.906 1.898 1.903 1.883 1.883 1.893 1.926 1.978 1.988 1.931 1.921 1.818 1.816 1.848 1.761 1.838 2.038 1.963 1.841 1.901 1.916 1.931 1.873 1.851 1.893 2.008 1.943 1.891 1.946 1.876 1.836 1.931 1.853 1.753 1.728 1.921 1.828 1.811 1.906 1.953 2.021 1.928 1.823 1.818 1.983 1.883 1.898 1.843 1.858 1.881 1.883 1.861 1.941 1.943 1.808 1.768 1.806 1.988 1.928 1.793 1.831 2.036 1.981 1.943
1.883 1.896 1.826 1.828 1.831 1.793 1.846 1.938 1.933 1.876 1.833 1.868 1.831 1.816 1.848 1.868 1.881 1.901 1.936 1.913 1.841 1.848 2.013 1.828 1.813 1.883 1.773 1.868 2.043 1.906 1.806 1.753 1.893 1.883 1.851 1.781 1.931 1.843 1.896 1.843 1.828 1.816 1.861 1.838 1.768 1.736 1.826 1.993 1.821 1.861 2.101 1.906 1.858 1.756 1.713 1.833 1.981 1.963 1.878 1.841 1.933 1.903 1.943 1.893 1.881 1.811 1.751 1.806 1.896 2.036 1.908 1.918 1.913 1.896 1.928 1.951
1.898 1.906 1.816 1.798 1.876 1.908 1.946 1.986 1.928 1.926 1.786 1.816 1.866 1.843 1.886 1.968 1.941 1.893 1.888 1.876 1.781 1.853 1.898 1.786 1.866 1.948 1.901 1.936 1.926 1.786 1.773 1.843 1.941 1.903 1.856 1.878 1.858 1.786 1.811 1.818 1.841 1.803 1.788 1.828 1.798 1.836 1.898 2.008 1.893 1.946 2.031 1.908 1.833 1.896 1.876 1.913 1.976 1.943 1.863 1.888 1.916 1.913 1.903 1.918 1.936 1.761 1.813 1.931 2.023 1.878 1.871 1.933 1.961 1.978 1.846 1.861
1.793 1.773 1.733 1.803 1.896 1.998 1.928 2.036 1.941 1.866 1.821 1.816 1.938 1.918 1.896 2.033 1.998 2.021 1.788 1.861 1.813 1.863 1.903 1.871 1.923 2.026 1.901 1.823 1.876 1.801 1.763 1.876 1.988 1.961 1.823 1.788 1.696 1.716 1.886 1.821 1.796 1.796 1.718 1.758 1.791 1.893 1.996 2.071 1.896 1.911 1.916 1.876 1.866 1.936 2.016 2.121 1.963 1.893 1.916 1.868 1.881 1.976 1.953 1.916 1.833 1.808 1.956 2.016 1.921 1.848 1.881 1.868 1.918 1.891 1.763 1.861
1.673 1.823 1.798 1.811 1.918 2.028 1.961 2.041 1.876 1.831 1.836 1.936 2.111 2.026 2.018 2.048 2.043 1.858 1.828 1.848 1.876 1.891 1.876 1.881 1.906 1.916 1.848 1.838 1.793 1.808 1.846 1.943 2.008 1.906 1.791 1.773 1.766 1.851 1.923 1.853 1.808 1.821 1.776 1.848 1.913 1.971 1.978 1.923 1.858 1.883 1.841 1.821 1.891 1.921 1.953 1.896 1.891 1.928 1.963 1.891 1.926 1.948 1.916 1.813 1.806 1.938 2.048 1.981 1.943 1.941 1.951 1.876 1.798 1.911 1.928 1.888
1.761 1.783 1.866 1.961 2.091 2.031 1.891 1.828 1.808 1.813 1.931 1.953 2.066 2.006 2.036 1.938 1.913 1.886 1.908 1.903 1.911 1.928 1.943 1.931 1.948 1.963 1.861 1.821 1.883 1.848 1.936 2.018 1.983 1.811 1.778 1.801 1.858 1.913 1.928 1.876 1.768 1.748 1.856 1.916 1.936 1.963 1.896 1.868 1.861 1.831 1.833 1.873 1.906 1.878 1.871 1.941 1.896 1.898 1.918 1.886 1.968 1.888 1.811 1.738 1.836 1.963 1.966 1.806 1.783 1.861 1.873 1.816 1.833 1.883 1.808 1.923
1.843 1.873 1.928 2.136 1.971 1.971 1.806 1.798 1.873 1.916 1.933 1.961 2.021 1.993 1.931 1.958 1.913 1.891 1.923 1.906 1.883 1.853 1.846 1.928 1.901 1.891 1.931 1.876 1.861 1.966 1.978 1.993 1.861 1.738 1.856 1.883 1.961 1.943 1.903 1.796 1.723 1.813 1.928 1.973 1.926 1.906 1.833 1.833 1.828 1.793 1.836 1.856 1.896 1.918 1.918 1.971 1.893 1.858 1.913 1.878 1.883 1.798 1.793 1.888 1.953 1.951 1.838 1.828 1.893 1.891 1.851 1.758 1.863 1.883 1.826 1.941
1.893 1.976 1.966 2.006 1.858 1.851 1.771 1.793 1.771 1.891 1.941 1.881 1.946 2.026 1.991 1.913 1.946 1.861 1.858 1.896 1.906 1.893 1.816 1.936 1.951 1.841 1.908 1.876 1.878 1.988 1.893 1.898 1.766 1.746 1.843 1.871 1.903 1.821 1.888 1.706 1.738 1.873 1.943 1.893 1.866 1.908 1.811 1.786 1.781 1.818 1.918 1.963 1.893 1.878 1.846 1.846 1.928 1.893 1.886 1.963 1.901 1.878 1.911 1.978 1.946 1.948 1.958 1.881 1.811 1.856 1.801 1.891 1.963 1.881 1.753 1.881
1.996 2.016 1.896 1.833 1.866 1.726 1.803 1.853 1.838 1.933 1.853 1.841 1.966 2.008 1.943 1.843 1.906 1.881 1.876 1.928 2.031 1.983 1.931 1.963 1.981 1.873 1.831 1.861 1.903 1.958 1.808 1.851 1.768 1.831 1.961 1.908 1.846 1.783 1.801 1.761 1.846 1.931 1.861 1.873 1.841 1.916 1.833 1.843 1.848 1.861 1.843 1.801 1.838 1.856 1.893 1.951 2.013 1.988 1.836 1.831 1.866 1.836 1.886 1.931 2.011 1.908 1.836 1.906 1.896 1.811 1.861 1.926 1.971 1.806 1.848 2.051
1.918 1.991 1.926 1.788 1.811 1.753 1.898 1.828 1.858 1.858 1.841 1.868 2.036 1.971 1.866 1.843 1.851 1.838 1.911 1.873 1.968 1.953 2.031 1.921 1.891 1.796 1.913 1.886 1.948 1.933 1.786 1.851 1.813 1.858 1.941 1.931 1.806 1.848 1.821 1.868 1.918 1.961 1.916 1.866 1.843 1.906 1.843 1.808 1.863 1.868 1.776 1.816 1.861 1.856 1.918 1.948 1.963 1.961 1.821 1.931 1.908 1.868 1.893 1.911 1.861 1.848 1.778 1.828 1.876 1.763 1.831 1.853 1.906 1.866 1.923 1.881
1.873 1.973 1.768 1.691 1.763 1.828 1.793 1.826 1.871 1.903 1.876 1.906 2.023 1.936 1.826 1.828 1.831 1.906 1.956 1.941 1.963 1.911 1.876 1.828 1.801 1.941 1.933 1.896 1.896 1.861 1.756 1.863 1.858 1.873 1.863 1.813 1.803 1.878 1.866 1.891 1.921 2.018 1.881 1.818 1.783 1.771 1.788 1.888 1.951 1.836 1.788 1.831 1.938 1.958 1.903 1.908 1.916 1.876 1.846 1.956 1.903 1.911 1.986 1.978 1.841 1.851 1.853 1.868 1.858 1.796 1.821 1.913 1.911 1.836 1.836 1.786
1.846 1.781 1.768 1.821 1.808 1.848 1.856 1.903 1.943 1.993 2.006 1.981 1.956 1.916 1.823 1.831 1.931 1.938 2.046 1.968 1.843 1.928 1.881 1.888 1.973 1.993 1.938 1.931 1.868 1.931 1.861 1.893 1.958 1.993 1.948 1.796 1.826 1.833 1.926 1.948 1.926 1.938 1.791 1.808 1.788 1.866 1.911 1.906 1.961 1.816 1.773 1.806 1.971 1.948 1.866 1.898 1.976 1.873 1.883 2.021 1.928 1.848 1.933 1.863 1.778 1.916 1.951 1.928 1.833 1.858 1.943 1.953 1.901 1.813 1.913 1.853
1.758 1.803 1.821 1.811 1.816 1.881 1.901 1.931 2.018 2.086 1.941 1.866 1.866 1.788 1.928 1.951 2.053 2.048 2.041 1.866 1.896 1.893 1.898 1.926 1.891 1.853 1.991 1.926 1.856 1.931 1.876 1.926 1.988 1.891 1.788 1.886 1.901 1.843 1.963 1.963 1.833 1.883 1.871 1.856 1.923 1.968 1.936 1.878 1.838 1.803 1.781 1.958 1.943 1.851 1.851 1.901 1.933 1.901 1.963 1.926 1.948 2.056 1.931 1.836 1.793 1.853 1.906 1.918 1.721 1.916 2.011 2.016 1.873 1.778 1.878 1.951
1.751 1.848 1.816 1.803 1.861 1.863 1.923 1.943 2.016 2.003 1.856 1.811 1.823 1.986 1.881 2.046 2.008 1.988 1.941 1.908 1.916 1.968 1.976 1.961 1.956 1.976 1.941 1.916 1.758 1.826 1.861 1.868 1.868 1.838 1.826 1.903 1.956 1.921 1.946 1.898 1.836 1.873 1.891 1.808 1.978 1.941 1.883 1.836 1.798 1.878 1.818 1.853 1.983 1.828 1.896 1.916 1.866 1.891 1.933 1.873 1.901 1.961 1.833 1.743 1.758 1.916 1.941 1.883 1.886 1.998 2.091 1.941 1.803 1.876 1.933 1.953
1.801 1.886 1.866 1.826 1.873 1.933 1.933 1.996 1.998 1.941 1.763 1.771 1.851 1.911 1.908 2.021 1.951 1.891 1.988 2.018 1.931 1.946 1.978 1.936 1.881 1.911 1.886 1.866 1.771 1.848 2.043 1.858 1.833 1.886 1.861 1.916 1.968 1.888 1.848 1.876 1.856 1.831 1.976 1.906 1.953 1.938 1.913 1.903 1.896 1.891 1.858 1.903 1.943 1.821 1.876 1.911 1.878 1.951 1.948 1.941 1.988 1.988 1.806 1.761 1.926 1.941 1.913 1.941 1.921 1.946 1.896 1.888 1.918 1.958 2.041 2.048
1.891 1.901 1.918 1.846 1.866 1.896 1.898 1.811 1.703 1.751 1.721 1.836 1.916 1.998 1.958 1.951 1.868 1.881 1.981 1.998 1.936 1.906 1.988 1.961 1.893 1.823 1.813 1.843 1.853 1.981 2.046 1.801 1.826 1.931 1.888 1.961 1.846 1.843 1.811 1.903 1.803 1.813 1.996 1.908 1.918 1.851 1.871 1.831 1.833 1.856 1.866 1.808 1.796 1.783 1.828 1.838 1.906 1.973 1.888 1.881 1.891 1.853 1.813 1.833 2.011 2.036 1.948 1.883 1.921 1.966 1.836 1.903 2.088 2.151 2.056 2.071
1.816 1.863 1.938 1.883 1.881 1.776 1.853 1.711 1.696 1.796 1.838 1.888 1.936 2.018 1.908 1.826 1.828 1.796 1.893 1.986 1.956 1.861 1.863 1.893 1.863 1.923 1.898 1.851 1.861 1.941 1.891 1.801 1.956 2.021 1.798 1.818 1.766 1.796 1.893 1.906 1.701 1.851 2.078 1.918 1.893 1.853 1.833 1.836 1.923 1.888 1.896 1.811 1.801 1.733 1.811 1.898 2.046 1.983 1.846 1.863 1.833 1.906 1.871 1.908 1.988 1.996 1.908 1.908 1.843 1.908 1.898 1.971 1.926 2.023 1.956 1.918
1.883 1.946 1.883 1.946 1.913 1.816 1.718 1.696 1.756 1.881 1.923 1.968 1.953 1.963 1.903 1.721 1.846 1.836 1.948 2.126 1.951 1.833 1.968 1.891 1.833 1.798 1.791 1.851 1.878 1.858 1.798 1.856 1.851 1.838 1.763 1.791 1.883 1.881 1.931 1.831 1.786 1.933 2.013 1.851 1.863 1.863 1.831 1.816 1.933 1.858 1.868 1.891 1.793 1.796 1.923 1.983 2.018 1.908 1.886 1.968 1.843 1.913 1.958 1.891 1.863 1.888 1.901 1.786 1.798 1.848 1.876 1.838 1.841 1.926 1.906 1.828
1.918 2.008 1.863 1.853 1.763 1.713 1.683 1.793 1.801 1.923 1.976 1.928 1.863 1.838 1.816 1.736 1.886 1.878 1.978 1.881 1.831 1.881 1.976 1.966 1.868 1.773 1.771 1.973 1.928 1.953 1.898 1.836 1.811 1.803 1.828 1.896 1.968 1.916 1.891 1.918 1.946 1.926 1.943 1.881 1.793 1.836 1.868 1.848 1.898 1.846 1.913 1.913 1.843 1.961 2.086 2.013 1.893 1.918 1.871 1.881 1.881 1.956 2.026 1.896 1.891 1.898 1.903 1.873 1.983 1.968 1.901 1.856 1.908 1.931 1.808 1.796
1.826 1.883 1.853 1.826 1.801 1.781 1.811 1.886 1.916 1.976 1.961 1.923 1.846 1.768 1.773 1.698 1.888 1.921 1.968 1.926 1.846 1.918 2.048 1.968 1.826 1.733 1.863 1.958 1.938 1.963 1.883 1.841 1.858 1.841 1.881 2.013 1.911 1.841 1.878 1.948 1.866 1.861 1.993 1.888 1.818 1.883 1.926 1.853 1.881 1.896 1.911 1.893 1.976 2.046 1.931 1.826 1.806 1.811 1.861 1.953 1.928 1.923 1.906 1.886 1.848 1.908 1.971 1.941 1.808 1.771 1.921 1.851 1.838 1.811 1.843 1.798
1.871 1.903 1.871 1.843 1.841 1.841 1.866 1.963 1.966 1.948 1.953 1.921 1.806 1.848 1.791 1.836 1.941 1.978 1.933 1.958 1.868 2.001 1.918 1.906 1.871 1.863 1.976 1.986 1.926 1.906 1.881 1.858 1.881 1.881 1.991 1.966 1.826 1.933 1.936 1.993 1.848 2.001 1.853 1.813 1.821 1.793 1.853 1.846 1.831 1.821 2.033 1.993 1.926 1.856 1.716 1.771 1.818 1.911 1.911 1.956 1.926 1.998 1.976 1.933 1.853 1.916 1.903 1.788 1.836 1.953 1.973 1.838 1.841 1.943 1.903 1.861
1.871 1.826 1.848 1.891 1.911 1.923 2.016 1.898 1.931 1.873 1.798 1.838 1.818 1.791 1.808 1.873 1.948 1.956 1.938 1.811 1.871 1.996 1.888 1.898 1.866 1.833 1.916 1.983 1.898 1.741 1.848 1.893 1.821 1.863 1.851 1.786 1.871 1.943 1.946 1.886 1.956 1.806 1.761 1.836 1.836 1.831 1.873 1.888 1.813 1.788 1.818 2.118 1.918 1.793 1.818 1.831 1.938 1.906 1.931 1.928 1.941 1.881 1.871 1.851 1.833 1.918 1.941 1.838 1.948 1.981 2.001 1.826 1.851 2.073 2.063 1.901
1.828 1.888 1.896 1.881 1.893 1.908 1.866 1.901 1.811 1.808 1.763 1.801 1.781 1.856 1.846 1.936 1.943 1.911 1.831 1.786 1.903 1.893 1.871 1.948 1.911 1.853 1.928 1.996 1.756 1.758 1.873 1.878 1.831 1.881 1.858 1.846 1.878 1.923 1.931 1.908 1.836 1.666 1.808 1.883 1.898 1.886 1.931 1.991 1.826 1.763 1.931 2.016 1.871 1.738 1.901 2.018 1.961 1.848 1.928 1.903 1.938 1.998 1.928 1.833 1.868 1.956 1.923 1.853 1.923 1.971 1.946 1.996 1.986 1.991 2.023 2.016
1.818 1.888 1.886 1.868 1.853 1.888 1.816 1.801 1.841 1.771 1.788 1.771 1.826 1.893 1.861 1.816 1.823 1.976 1.901 1.796 1.941 1.946 1.896 1.886 1.888 1.871 1.933 1.978 1.786 1.863 2.001 1.931 1.853 1.836 1.768 1.968 1.893 1.941 1.926 1.906 1.816 1.836 1.843 1.921 1.978 1.896 1.968 1.958 1.711 1.751 1.891 1.918 1.811 1.768 1.901 1.913 1.863 1.811 1.888 1.926 1.928 1.853 1.863 1.831 1.913 1.891 1.843 1.978 1.971 1.996 1.923 1.913 1.956 1.913 1.931 1.866
1.838 1.953 1.873 1.876 1.936 1.923 1.866 1.868 1.788 1.743 1.808 1.893 1.838 1.898 1.871 1.861 1.878 1.898 1.886 1.893 1.916 1.963 1.911 1.946 1.821 1.876 1.853 1.968 1.713 1.863 1.916 1.863 1.858 1.841 1.786 1.813 1.821 1.841 1.941 1.843 1.816 1.913 1.953 1.993 1.933 1.938 1.881 1.841 1.783 1.873 2.001 1.871 1.876 1.886 2.018 1.916 1.858 1.926 1.863 1.938 1.951 1.796 1.846 1.913 1.961 1.858 1.943 1.906 1.936 1.896 1.946 1.881 1.901 1.881 1.868 1.763
