All_lidar/sz6291_DSM_2M.asc
ncols 500
nrows 500
xllcorner    462000
yllcorner    91000
cellsize     2
NODATA_value -9999
[rows 408 to 441 of 500, columns 380 to 455 of 500]
39.47 38.575 38.28 38.052 38.085 38.62 38.277 38.34 38.335 39.49 39.347 38.237 38.275 38.27 38.325 38.395 44.095 45.315 44.707 42.76 43.385 44.802 45.95 45.69 39.157 39.795 39.637 38.225 38.002 38.02 38 37.76 37.82 37.897 38.727 37.432 37.91 38.497 37.285 37.145 37.41 37.035 36.935 38.035 37.992 37.357 39.25 40.13 40.802 40.965 40.907 38.322 36.545 37.725 39.555 39.835 39.305 38.285 36.507 34.537 34.345 34.852 34.635 33.767 36.58 36.445 35.987 37.037 37.35 34.25 33.512 32.932 33.662 33.635 33.827 35.4
38.552 38.762 38.172 38.205 38.45 38.937 38.407 38.44 39.082 42.287 41.135 38.485 38.34 38.382 38.38 38.492 39.525 38.615 39.62 40.067 41.34 43.52 43.615 43.33 38.772 38.497 39.772 38.445 38.197 38.017 38.422 37.862 38.272 38.102 38.59 39.165 38.642 37.485 37.38 37.272 37.167 37.09 37.107 38.1 38.37 36.415 38.835 39.185 39.435 39.602 39.307 37.985 35.76 38.127 40.165 40.972 40.625 39.67 38.205 34.642 34.467 34.977 34.175 34.105 36.8 34.857 36.165 36.91 37.035 35.192 35.232 35.702 36.642 35.405 34.79 35.107
38.265 39.45 39.207 38.402 39.012 38.405 38.82 38.835 41.207 41.88 39.79 38.767 38.45 38.527 38.482 38.537 41.375 41.857 41.897 41.902 41.927 42.075 40.372 38.555 38.535 38.477 38.477 38.805 38.582 38.107 38.557 37.985 38.335 37.842 37.807 39.47 38.057 37.597 37.452 37.38 37.305 37.2 37.19 40.19 38.877 36.43 37.587 38.592 38.945 39.092 38.672 37.612 36.592 38.757 39.7 40.745 40.805 39.402 36.727 34.717 35.527 35.732 34.237 34.085 34.355 36.955 36.515 35.47 35.095 34.8 34.547 36.222 38.045 37.277 36.38 36.712
38.265 39.927 39.232 39.61 39.715 38.68 38.812 38.732 40.882 41.097 38.947 39.205 38.577 38.547 38.565 38.545 41.755 42.332 42.305 42.285 42.277 42.267 40.36 38.605 38.582 38.51 38.515 38.685 39.072 38.475 39.067 38.585 38.025 38.132 37.945 38.392 38.332 37.687 37.567 37.482 37.407 37.365 39.23 41.7 37.725 36.917 36.345 36.06 37.167 37.852 37.275 36.702 36.8 37.122 38.47 40.705 39.865 38.75 35.592 35.062 35.035 35.337 34.412 34.32 34.307 34.28 34.202 34.142 34.03 33.907 33.83 34.22 34.755 34.297 33.637 34.235
38.39 39.205 39.587 39.677 38.695 38.857 39.002 38.975 39.55 39.545 39.067 39.185 38.802 38.612 38.612 38.637 41.34 41.752 41.662 41.192 41.285 41.642 40.077 38.74 38.665 38.602 38.58 38.652 38.817 38.42 39.055 38.852 38.177 38.297 38.537 40.07 38.267 38.162 37.722 37.64 37.53 37.505 39.835 39.137 37.32 37.072 36.737 36.072 35.96 36.227 36.182 36.922 36.865 36.027 38.165 38.387 37.115 37.455 35.85 36.292 34.852 34.937 34.57 35.29 36.132 36.322 36.367 40.372 39.285 36.477 35.575 33.84 33.777 33.757 33.725 33.635
38.502 38.705 39.397 39.34 38.987 39.545 39.645 39.047 39.175 39.287 39.315 39.222 39.37 38.72 38.797 38.71 38.877 39.207 39.005 38.787 38.877 39.122 38.877 39.08 39.045 38.75 38.71 38.68 38.605 38.552 39.15 38.812 38.44 39.635 40.71 41.857 38.975 38.685 38.502 37.777 37.692 37.63 38.805 37.71 37.812 37.13 36.952 36.827 36.662 36.882 36.93 36.86 36.29 35.615 35.977 36.847 35.607 35.595 37.927 40.892 37.275 35.027 34.702 37.017 38.595 38.117 37.912 42.087 41.617 37.862 35.895 38.315 33.907 33.802 33.775 33.73
38.607 38.745 39.817 39.392 39.53 39.045 39.102 39.11 39.25 39.467 39.47 39.63 39.747 38.912 38.81 38.76 38.722 38.835 38.867 38.852 38.93 39.025 39.512 39.185 40.892 38.875 38.802 38.727 38.622 38.607 38.587 38.64 38.82 39.297 40.075 39.537 38.945 39.08 38.827 37.952 37.82 38.08 38.095 39.612 38.177 37.302 37.13 37.015 36.965 36.935 37.035 36.985 36.332 35.68 35.592 35.63 35.977 35.677 38.877 41.057 37.97 35.045 34.84 35.97 37.882 37.42 40.792 43.352 40.175 35.892 38.93 39.695 39.192 36.725 33.84 33.82
38.707 39.607 39.857 39.985 39.382 39.137 40.34 39.675 39.33 39.31 39.335 39.385 40.005 39.105 39.05 39.65 38.827 38.892 38.93 38.922 39.045 39.14 39.267 39.332 39.105 38.95 38.887 38.81 38.695 38.667 38.637 38.59 38.782 38.757 41.087 38.927 38.662 38.997 41.025 39.217 37.94 39.877 38.717 39.835 37.752 37.472 37.34 37.202 37.125 37.037 37.5 37.712 36.655 36.612 36.032 36.082 36.385 36.982 40.597 40.807 37.175 35.227 35 37.93 37.385 41.382 40.457 42.862 38.762 37.147 39.69 39.712 40.457 39.722 39.47 33.887
39.032 40.22 39.185 39.417 39.592 39.602 39.3 39.302 39.345 39.385 39.395 39.425 39.81 39.422 39.002 39.132 39.067 39 38.98 39.022 39.145 39.192 39.212 39.082 39.12 39.037 38.957 38.892 38.775 38.725 38.71 38.672 38.607 38.587 40.612 39.522 39.442 39.02 40.12 39.722 41.125 44.04 40.337 39.222 37.745 38.117 38.032 37.487 37.252 37.337 38.92 37.122 37.185 36.547 36.482 36.945 36.782 37.687 40.51 40.31 36.947 36.142 35.217 40.182 36.062 37.31 41.802 43.08 39.542 37.017 37.527 39.737 39.682 39.687 39.007 36.237
40.092 39.295 39.24 39.232 39.797 40.125 39.357 39.36 39.42 39.825 39.845 39.815 40.47 39.78 39.075 41.865 39.545 39.232 39.11 39.107 39.165 39.24 39.235 39.225 39.237 39.115 39.065 38.987 38.835 38.787 38.76 38.722 38.645 38.592 38.61 40.157 42.66 42.625 41.005 42.742 44.185 44.16 41.52 38.102 37.985 37.795 37.55 37.457 37.365 37.305 37.272 37.622 37.24 36.905 37.477 38.315 37.172 36.465 36.677 36.395 37.322 35.592 36.905 41.632 39.037 40.707 42.075 37.565 36.207 34.14 35.535 37.85 39.645 39.702 39.722 38.517
39.617 39.39 39.327 39.582 40.902 42.93 42.935 41.94 39.74 40.535 40.675 39.725 40.235 40.327 42.767 46.64 44.957 40.192 39.135 39.14 39.175 39.272 39.295 39.27 39.25 39.25 39.505 39.35 38.917 38.855 38.78 38.762 38.735 38.707 38.637 38.632 40.75 42.727 42.822 43.665 43.352 43.5 41.142 38.032 37.81 37.697 37.632 37.575 37.472 37.39 37.325 37.175 37.027 36.945 36.92 37.86 37.297 36.732 37.012 36.84 37.097 35.907 41.802 37.957 40.617 41.162 40.025 35.522 36.125 34.645 34.122 36.282 37.755 39.712 39.672 39.712
39.232 39.375 39.607 39.87 44.34 46.092 45.557 43.412 39.602 39.665 39.645 39.7 39.782 40.722 41.802 44.89 42.48 39.482 39.19 39.202 39.257 39.32 39.347 39.327 39.305 40.362 41.09 39.207 39.01 38.93 38.84 38.835 38.83 38.755 38.707 38.92 39.237 39.215 41.837 39.947 39.2 40.507 38.542 37.96 37.857 37.785 37.717 37.652 37.592 37.505 37.415 37.262 37.147 37.022 36.902 36.795 36.69 36.607 37.207 37.522 36.03 41.17 43.87 43.927 43.07 42.342 41.765 38.687 37.145 35.337 33.87 35.195 37.15 39.33 39.662 39.702
39.25 39.407 39.565 39.782 43.815 45.825 45.862 44.35 40.007 39.615 39.652 39.692 39.762 40.81 40.84 39.617 39.327 39.377 39.292 39.285 39.3 39.395 39.442 39.385 39.36 40.49 40.77 39.16 39.095 39.022 38.937 38.902 38.895 38.872 38.827 38.715 38.692 38.6 38.527 38.455 38.345 38.237 38.132 38.037 37.965 37.897 37.81 37.722 37.657 37.607 37.535 37.432 37.257 37.127 37.067 36.855 36.715 36.615 36.58 36.502 35.992 38.43 43.477 43.607 40.845 41.865 41.812 39.382 37.412 34.96 33.972 33.917 34.905 37.752 37.385 39.01
39.33 39.377 39.515 39.615 42.667 45.387 46.235 44.752 40.392 39.605 39.67 39.697 39.745 41.067 40.6 39.575 39.427 44.022 39.39 39.307 40.355 40.72 39.472 39.445 39.397 39.347 39.272 39.235 39.195 39.147 39.06 38.98 38.967 38.93 38.89 38.832 38.77 38.657 38.57 38.515 38.407 38.32 38.222 38.145 38.072 38.01 37.905 37.785 37.727 37.667 37.642 37.562 37.395 37.232 37.155 36.975 36.827 36.657 36.502 36.337 36.12 36.412 40.877 42.785 42.65 41.33 39.727 38.757 40.29 36.662 34.755 34.01 33.925 33.832 34.852 37.377
39.315 39.5 39.937 39.907 42.365 45.265 46.322 45.132 41.047 39.61 39.715 39.745 39.76 39.755 39.982 39.872 39.522 39.467 39.44 39.41 42.537 42.052 39.407 39.467 39.372 39.382 39.35 39.282 39.215 39.192 39.167 39.107 39.047 38.987 38.897 38.892 38.845 38.757 38.655 38.582 38.507 38.44 38.322 38.235 38.15 38.075 37.997 37.897 37.795 37.762 37.715 37.657 37.517 37.37 37.282 37.082 36.887 36.737 36.567 36.405 36.255 36.145 38.54 41.142 39.84 39.942 37.337 38.377 40.42 39.237 37.895 35.45 34.08 33.96 33.857 34.7
39.43 39.592 40.102 40.205 41.255 44.817 46.415 44.605 41.54 39.61 39.767 39.792 39.887 39.82 40.77 40.412 39.615 39.602 40.122 39.465 41.065 41.745 39.32 39.46 39.427 40.375 40.132 39.36 39.28 39.242 39.222 39.217 39.177 39.085 39.02 39.025 38.945 38.917 38.802 38.697 38.575 38.475 38.407 38.312 38.222 38.13 38.067 37.98 37.907 37.837 37.757 37.685 37.592 37.455 37.335 37.162 36.97 36.83 36.685 36.535 36.402 36.322 37.93 37.91 36.4 36.44 35.907 36.205 37.387 39.632 39.715 39.712 36.475 34.135 33.912 34.127
39.43 39.585 40.512 40.355 40.762 42.855 42.747 42.512 41.585 39.655 39.79 39.835 40.007 40.285 41.5 40.485 39.777 39.655 40.162 39.8 39.515 39.492 39.542 40.787 41.985 42.247 42.15 39.465 39.35 39.265 39.285 39.265 39.265 39.19 39.115 39.125 39.112 39.03 38.932 38.767 38.602 38.507 38.435 38.355 38.285 38.217 38.137 38.055 37.942 37.865 37.795 37.715 37.642 37.532 37.427 37.282 37.07 36.917 36.782 36.677 36.537 36.475 37.832 37.837 38.352 38.222 36.125 35.942 35.872 36.355 38.09 39.732 37.915 36.52 34.707 35.72
39.5 39.58 40.28 40.492 40.182 42.325 42.33 42.325 42.062 39.995 39.852 39.872 40.022 40.327 40.325 40.652 40.085 39.73 39.71 39.767 39.567 39.952 41.92 42.267 42.45 41.66 40.78 39.482 39.372 39.347 39.317 39.295 39.282 39.247 39.205 39.18 39.062 39.025 38.952 38.822 38.677 38.562 38.477 38.417 38.372 38.312 38.18 38.107 38.012 37.912 37.845 37.787 37.69 37.555 37.462 37.362 37.522 38.63 37.307 36.755 36.582 36.545 37.882 38.307 39.805 41.897 36.415 36.092 36 35.857 35.7 36.422 37.07 37.63 37.575 35.645
39.532 39.815 40.157 40.42 39.832 41.985 42.152 42.22 41.485 40.5 39.972 39.927 39.907 42.145 44.127 40.315 40.082 39.79 41.122 39.81 39.67 39.59 41.787 41.58 40.517 39.607 39.552 39.45 39.402 39.407 39.375 39.32 39.27 39.262 39.25 39.192 39.072 38.992 38.957 38.842 38.735 38.63 38.545 38.45 38.39 38.32 38.237 38.15 38.077 37.982 37.877 37.82 37.72 37.605 37.507 37.757 39.545 39.507 37.522 36.86 36.71 36.767 38.167 38.687 40.91 41.575 36.287 36.25 36.43 36.522 35.76 35.685 35.762 37.092 38.997 37.252
39.612 40.115 41.242 41.015 40.282 39.952 41.172 41.88 40.945 40.872 40.177 40.217 39.97 40.915 42.467 40.187 40.615 39.927 40.25 40.02 39.742 44.662 46.717 39.697 39.717 39.642 39.542 39.477 39.46 39.415 39.392 39.375 39.325 39.285 39.247 39.2 39.127 39.037 38.985 38.885 38.787 38.702 38.602 38.487 38.43 38.36 38.282 38.21 38.115 38.04 37.965 37.865 37.787 37.665 37.582 37.462 37.447 37.312 37.102 36.967 36.782 36.822 37.722 38.482 37.87 38.385 37.19 36.515 36.902 37.1 37.467 36.012 35.787 37.21 39.602 38.58
39.62 40.162 41.945 41.782 41.515 40.13 40.197 40.057 40.975 42.08 41.34 40.422 40.292 40.562 41.545 40.39 40.36 40.027 40.177 39.855 42.752 52.41 52.55 49.185 44.49 42.372 39.57 39.542 39.48 39.45 39.422 39.405 39.35 39.29 39.26 39.197 39.145 39.05 38.97 38.93 38.835 38.75 38.662 38.572 38.492 38.38 38.307 38.235 38.162 38.092 38.007 37.935 37.85 37.75 38.195 39.355 37.897 37.39 37.23 37.097 36.817 36.79 37.425 41.112 40.55 41.545 38.282 36.905 37.49 36.677 37.137 35.845 35.737 36.09 36.492 35.875
39.65 39.822 40.705 40.245 40.102 40.615 40.917 41.437 41.815 42.402 41.377 40.09 40.127 40.117 40.672 40.1 40.207 40.29 48.25 53.137 53.545 51.387 47.767 50.755 53.102 50.29 44.725 39.545 39.515 39.487 39.452 39.432 39.38 39.312 39.267 39.227 39.162 39.085 39.005 38.932 38.89 38.81 38.712 38.63 38.545 38.445 38.372 38.3 38.197 38.102 38.05 37.997 37.91 37.81 38.425 41.04 37.515 37.45 37.335 37.202 36.935 36.835 37.375 39.577 38.267 39.022 37.492 37.872 41.07 39.402 36.255 35.967 36.977 36.387 36.055 35.475
39.682 39.802 39.93 39.995 40.11 40.982 42.25 43.185 43.14 43.097 40.56 40.137 40.157 40.175 40.187 40.135 40.17 47.977 52.725 54.175 52.18 47.482 53.737 54.752 52 53.107 43.985 39.547 39.547 39.525 39.48 39.445 39.407 39.342 39.287 39.237 39.177 39.09 39.012 38.967 38.922 38.817 38.742 38.68 38.615 38.51 38.425 38.337 38.24 38.15 38.07 38.027 37.98 37.867 37.735 37.667 38.132 40.75 37.85 37.305 38.96 36.84 37.27 38.03 37.447 37.057 38.607 41.98 42.66 41.48 38.425 36.412 37.105 36.16 37.955 38.11
39.702 39.855 39.945 40.43 40.672 40.432 42.09 44.122 44.095 44.052 40.952 40.272 40.217 40.235 40.212 40.177 40.325 49.982 51.417 53.502 52.412 51.73 55.15 53.722 52.965 46.197 39.775 39.562 39.577 39.552 39.515 39.487 39.445 39.395 39.317 39.265 39.182 39.092 39.02 38.96 38.907 38.855 38.78 38.717 38.645 38.595 38.497 38.41 38.305 38.19 38.125 38.052 37.987 37.92 37.81 37.725 37.757 38.15 37.48 37.832 38.072 36.915 37.157 38.107 38.147 37.165 39.375 41.985 42.74 42.567 42.085 38.575 36.545 36.112 38.115 38.7
39.747 39.995 40.135 40.115 40.165 42.277 43.682 45.095 45.06 45.027 41.055 40.425 40.24 40.26 40.237 40.225 40.735 47.297 52.25 53.097 53.812 49.472 54.067 53.685 46.495 45.33 41.435 39.575 39.585 39.585 39.555 39.497 39.472 39.412 39.342 39.267 39.187 39.077 38.977 38.927 38.912 38.872 38.797 38.707 38.667 38.587 38.545 38.465 38.375 38.252 38.17 38.1 38.022 37.95 37.862 37.772 37.745 37.67 37.55 37.485 37.28 37 37.162 38.862 37.305 37.25 37.415 39.45 42.227 42.74 42.665 40.87 37.08 37.13 37.252 36.592
39.98 40.502 40.292 40.26 41.635 45.142 45.39 46.025 46.002 45.95 42.172 40.247 40.292 40.332 40.307 40.29 40.215 42.45 49.457 50.557 51.765 52.432 53.782 54.645 53.51 50.675 43.477 39.602 39.595 39.597 39.587 39.542 39.505 39.442 39.38 39.3 39.235 39.067 39.005 38.927 38.91 38.87 38.782 38.73 38.655 38.617 38.532 38.485 38.412 38.327 38.242 38.17 38.062 37.97 37.92 37.837 37.757 37.975 37.58 37.525 37.295 37.117 37.182 38.365 37.445 37.28 37.65 38.01 40.947 41.855 42.437 37.19 36.505 38.612 36.662 37.692
40.302 40.822 40.32 40.282 44.582 46.647 46.687 46.677 46.705 46.71 46.507 40.242 40.355 40.407 40.377 40.322 40.252 40.215 44.52 46.305 50.502 49.39 52.77 55.28 56.162 55.345 50.565 40.17 39.585 39.57 39.555 39.54 39.545 39.482 39.402 39.32 39.247 39.162 39.08 38.98 38.945 38.885 38.807 38.742 38.667 38.61 38.535 38.45 38.397 38.312 38.26 38.217 38.142 38.062 38.005 37.922 37.842 38.492 37.7 37.575 37.44 37.252 37.247 38.075 38 37.447 37.582 40.262 41.59 41.072 38.17 36.742 36.377 36.795 36.712 37.135
40.15 40.415 40.317 40.317 42.662 44.937 45.04 45.407 45.472 45.78 45.435 40.285 40.392 40.447 40.44 40.36 40.282 40.212 40.907 44.065 41.275 45.762 54.912 55.54 55.852 54.927 44.512 40.575 39.632 39.59 39.555 39.55 39.542 39.517 39.462 39.37 39.275 39.18 39.105 39.047 38.96 38.907 38.842 38.762 38.702 38.625 38.57 38.48 38.412 38.33 38.265 38.2 38.157 38.122 38.077 37.995 37.912 37.835 37.782 37.645 37.565 37.397 37.357 40.685 41.477 38.552 37.44 39.307 40.16 38.467 39.407 38.062 36.795 37.04 36.092 36.107
39.98 40.192 40.37 40.36 40.557 40.565 40.54 40.78 41.917 42.322 41.235 40.32 40.452 40.485 40.455 40.38 40.335 40.237 40.765 40.575 40.12 48.957 53.03 54.69 54.645 46.122 42.175 50.027 39.685 39.647 39.6 39.585 39.56 39.52 39.472 39.397 39.307 39.222 39.122 39.055 39.01 38.945 38.882 38.807 38.717 38.65 38.59 38.502 38.425 38.36 38.277 38.195 38.16 38.14 38.107 38.065 37.992 37.905 37.835 37.8 37.667 37.51 37.417 39.802 42.7 40.527 37.727 37.565 37.822 39.57 39.16 37.017 40.6 37.155 36.177 36.04
40.14 40.125 40.342 40.417 40.647 40.607 40.61 42.612 43.675 46.335 48.88 51.315 46.742 41.285 40.465 40.655 40.84 40.367 40.482 41.112 40.28 40.517 44.182 46.4 49.155 45.935 51.665 52.577 42.767 39.69 39.657 39.627 39.612 39.54 39.465 39.402 39.325 39.265 39.182 39.112 39.05 38.977 38.897 38.82 38.772 38.677 38.61 38.54 38.487 38.387 38.305 38.237 38.182 38.142 38.095 38.065 38.03 37.99 37.927 37.865 37.775 37.657 37.48 42.777 44.045 45.022 38.81 37.57 37.465 38.535 37.432 37.227 39.467 36.92 36.275 36.21
40.295 40.165 40.31 40.45 40.545 40.687 40.677 42.895 44.257 47.11 48.982 50.815 49.957 41.875 40.525 41.07 41.325 42.227 41.237 41.555 40.282 40.117 43.197 44.87 51.765 53.702 52.027 52.965 45.612 39.73 39.705 39.662 39.627 39.56 39.475 39.412 39.342 39.272 39.22 39.16 39.097 39.017 38.94 38.852 38.797 38.7 38.652 38.555 38.497 38.412 38.317 38.277 38.235 38.167 38.122 38.09 38.057 37.985 37.975 37.952 37.92 37.795 37.572 41.882 42 43.897 43.21 37.582 37.51 37.407 37.18 38.445 37.837 36.67 36.445 36.335
40.197 40.22 40.31 40.405 40.49 40.602 40.837 43.082 43.992 48.572 50.667 51.895 48.822 41.77 40.912 40.84 41.025 41.08 41.052 40.875 40.615 40.362 46.065 50.51 52.937 51.217 53.59 52.61 45.447 39.735 39.707 39.682 39.647 39.572 39.51 39.46 39.367 39.3 39.252 39.175 39.122 39.037 38.98 38.892 38.82 38.762 38.687 38.64 38.522 38.462 38.38 38.3 38.255 38.207 38.175 38.137 38.08 38.007 37.982 37.972 37.982 37.915 37.7 37.875 37.87 39.57 41.13 37.627 37.51 37.392 37.247 38.742 37.35 36.602 36.52 36.567
40.627 40.407 40.402 40.46 40.735 40.73 40.585 41.715 44.382 47.302 44.395 48.257 40.692 40.7 40.692 40.66 40.527 41.53 40.51 41.1 41.132 41.037 40.68 46.622 52.715 53.497 53.655 52.375 47.525 40.585 39.675 39.667 39.635 39.59 39.527 39.452 39.397 39.322 39.262 39.195 39.14 39.075 38.997 38.955 38.882 38.805 38.725 38.655 38.562 38.487 38.425 38.355 38.322 38.26 38.217 38.162 38.112 38.05 37.987 37.98 37.97 37.947 37.852 37.627 37.67 37.96 38.59 40.057 39.872 37.76 37.41 38.122 37.077 36.69 36.622 37.83
41 40.685 40.487 40.545 40.872 41.325 40.652 41.86 43.142 42.66 41.542 41.332 40.607 40.78 40.68 40.612 40.522 41.422 40.405 40.427 40.842 40.572 40.227 45.927 52.012 53.31 53.145 52.327 50.982 40.912 39.67 39.637 39.607 39.55 39.49 39.44 39.402 39.357 39.3 39.227 39.147 39.102 39.02 38.967 38.915 38.862 38.74 38.682 38.635 38.545 38.5 38.412 38.357 38.315 38.262 38.205 38.155 38.105 38.037 37.992 37.985 38.027 37.925 37.76 37.645 37.767 38.872 39.842 40.095 37.53 37.517 38.162 36.962 36.782 37.482 39.427
