All_lidar/sz6285_DSM_2M.asc
ncols 500
nrows 500
xllcorner    462000
yllcorner    85000
cellsize     2
NODATA_value -9999
[rows 99 to 131 of 500, columns 148 to 221 of 500]
69.893 69.853 69.828 69.828 69.801 69.766 69.693 69.588 69.448 69.173 69.001 69.368 69.331 68.918 68.371 67.671 67.706 67.768 67.698 67.791 68.116 68.396 68.336 68.178 68.171 68.258 68.378 68.466 68.486 68.541 68.596 68.683 68.783 68.873 68.928 69.013 69.081 69.151 69.193 69.256 69.323 69.386 69.443 69.513 69.566 69.633 69.716 69.766 69.801 69.846 69.923 69.986 70.001 70.026 70.076 70.126 70.133 70.163 70.153 70.178 70.218 70.238 70.286 70.318 70.316 70.371 70.398 70.408 70.413 70.431 70.488 70.528 70.576 70.618
70.09 70.093 70.083 70.025 69.998 69.99 69.995 69.935 69.878 69.76 69.545 69.365 69.688 69.828 68.98 68.578 68.345 67.893 67.738 67.82 68.083 68.425 68.573 68.478 68.488 68.613 68.615 68.625 68.658 68.693 68.7 68.77 68.863 68.96 69.038 69.14 69.215 69.253 69.275 69.343 69.393 69.433 69.48 69.555 69.59 69.653 69.705 69.735 69.738 69.798 69.83 69.86 69.871 69.916 69.951 69.998 70.008 69.998 69.966 69.958 70.026 70.046 70.053 70.088 70.093 70.121 70.123 70.133 70.166 70.236 70.291 70.338 70.361 70.381
70.083 70.17 70.245 70.253 70.228 70.225 70.178 70.17 70.15 70.075 70.005 69.868 69.703 69.628 69.493 69.315 68.968 68.43 68.093 67.885 67.915 68.28 68.813 69.01 68.975 69.04 69.413 69.15 68.858 68.835 68.848 68.9 68.955 69.03 69.095 69.163 69.28 69.33 69.39 69.438 69.48 69.5 69.538 69.583 69.628 69.665 69.69 69.723 69.753 69.785 69.793 69.785 69.763 69.781 69.808 69.833 69.848 69.851 69.808 69.763 69.806 69.841 69.841 69.871 69.866 69.886 69.863 69.868 69.898 69.973 70.023 70.098 70.166 70.158
69.96 70.08 70.193 70.285 70.348 70.41 70.39 70.358 70.31 70.295 70.273 70.213 70.123 70.045 69.903 69.778 69.705 69.403 68.913 68.448 68.16 68.85 69.475 69.543 69.365 69.155 69.268 69.34 69.033 68.988 68.998 69.038 69.078 69.138 69.158 69.243 69.298 69.35 69.418 69.47 69.535 69.58 69.598 69.618 69.643 69.65 69.665 69.718 69.735 69.755 69.753 69.728 69.701 69.693 69.686 69.661 69.663 69.673 69.626 69.606 69.623 69.666 69.643 69.628 69.621 69.631 69.633 69.646 69.686 69.706 69.763 69.836 69.908 69.953
69.603 69.82 70.03 70.188 70.3 70.368 70.458 70.533 70.518 70.49 70.438 70.415 70.38 70.32 70.263 70.158 70.068 69.935 69.72 69.453 69.015 69.353 70.13 70.583 69.565 68.848 68.853 69.19 69.225 69.195 69.148 69.15 69.203 69.245 69.26 69.318 69.363 69.413 69.445 69.483 69.545 69.598 69.66 69.645 69.685 69.675 69.675 69.688 69.698 69.72 69.69 69.655 69.631 69.616 69.568 69.548 69.511 69.488 69.438 69.438 69.438 69.456 69.453 69.431 69.416 69.383 69.406 69.433 69.466 69.473 69.536 69.591 69.646 69.691
69.148 69.423 69.648 69.88 70.09 70.268 70.403 70.485 70.55 70.58 70.613 70.583 70.548 70.515 70.478 70.408 70.36 70.21 70.063 69.94 69.818 69.535 70.055 69.963 69.408 69.77 68.98 68.945 69.833 69.928 69.373 69.285 69.293 69.323 69.323 69.37 69.408 69.443 69.485 69.53 69.548 69.603 69.635 69.67 69.745 69.725 69.683 69.663 69.66 69.665 69.653 69.62 69.586 69.548 69.498 69.451 69.403 69.358 69.301 69.236 69.213 69.218 69.226 69.223 69.196 69.178 69.193 69.188 69.228 69.258 69.298 69.348 69.393 69.421
68.565 68.828 69.155 69.47 69.703 69.913 70.128 70.305 70.44 70.565 70.595 70.65 70.665 70.69 70.675 70.613 70.55 70.463 70.358 70.245 70.173 70.088 69.94 69.67 69.633 70.08 69.818 69.973 69.718 70.248 69.638 69.4 69.395 69.4 69.423 69.44 69.445 69.475 69.53 69.56 69.568 69.615 69.628 69.665 69.695 69.708 69.718 69.67 69.648 69.638 69.59 69.565 69.543 69.476 69.433 69.371 69.336 69.236 69.161 69.108 69.038 69.031 69.021 69.006 68.981 68.973 68.981 68.996 69.016 69.036 69.066 69.101 69.146 69.153
67.953 68.108 68.488 68.893 69.185 69.468 69.71 69.918 70.123 70.305 70.41 70.545 70.64 70.713 70.743 70.743 70.735 70.688 70.585 70.503 70.415 70.35 70.25 70.145 69.868 69.895 70.455 71.17 70.478 70.208 69.653 69.558 69.505 69.483 69.49 69.478 69.508 69.54 69.56 69.578 69.598 69.63 69.648 69.643 69.64 69.655 69.665 69.64 69.658 69.605 69.56 69.538 69.481 69.416 69.348 69.286 69.228 69.146 69.088 69.001 68.916 68.881 68.853 68.806 68.758 68.766 68.788 68.803 68.833 68.878 68.881 68.898 68.898 68.868
67.425 67.728 68.003 68.275 68.573 68.893 69.19 69.42 69.668 69.868 70.07 70.268 70.423 70.58 70.688 70.753 70.798 70.808 70.785 70.723 70.633 70.573 70.505 70.42 70.33 70.235 70.31 70.42 70.33 69.768 69.795 69.695 69.62 69.618 69.618 69.565 69.565 69.57 69.585 69.605 69.64 69.608 69.615 69.625 69.633 69.605 69.625 69.588 69.6 69.57 69.51 69.47 69.421 69.351 69.271 69.221 69.113 69.028 68.978 68.908 68.821 68.768 68.731 68.651 68.598 68.586 68.568 68.618 68.648 68.673 68.676 68.666 68.636 68.561
66.81 67.098 67.355 67.655 67.978 68.27 68.548 68.833 69.105 69.38 69.603 69.83 70.035 70.238 70.428 70.573 70.685 70.748 70.793 70.77 70.77 70.743 70.695 70.638 70.523 70.455 70.395 70.28 70.168 69.985 69.92 69.855 69.785 69.748 69.71 69.708 69.66 69.633 69.63 69.598 69.608 69.633 69.623 69.63 69.598 69.573 69.543 69.55 69.5 69.475 69.453 69.398 69.361 69.303 69.208 69.123 69.051 68.948 68.891 68.798 68.751 68.678 68.588 68.518 68.486 68.456 68.436 68.433 68.426 68.428 68.446 68.418 68.338 68.268
66.15 66.438 66.725 67.03 67.333 67.633 67.943 68.23 68.493 68.78 69.03 69.335 69.565 69.82 70.023 70.188 70.343 70.485 70.618 70.7 70.735 70.768 70.775 70.748 70.733 70.658 70.583 70.475 70.383 70.283 70.173 70.058 69.995 69.93 69.845 69.805 69.763 69.703 69.698 69.66 69.605 69.62 69.615 69.608 69.573 69.555 69.53 69.478 69.425 69.39 69.37 69.318 69.253 69.221 69.136 69.066 68.973 68.883 68.786 68.693 68.628 68.543 68.498 68.423 68.413 68.361 68.318 68.281 68.268 68.221 68.153 68.083 68.008 67.908
65.553 65.833 66.128 66.398 66.715 67.028 67.298 67.585 67.86 68.15 68.413 68.683 68.945 69.218 69.46 69.69 69.888 70.078 70.215 70.315 70.465 70.585 70.678 70.728 70.743 70.73 70.698 70.63 70.553 70.483 70.385 70.26 70.165 70.09 69.998 69.908 69.868 69.81 69.748 69.71 69.655 69.625 69.603 69.563 69.553 69.505 69.475 69.433 69.368 69.308 69.275 69.205 69.148 69.101 69.041 68.986 68.916 68.831 68.746 68.651 68.563 68.461 68.381 68.341 68.333 68.281 68.221 68.148 68.096 68.016 67.933 67.783 67.621 67.458
64.988 65.275 65.578 65.838 66.155 66.425 66.685 66.968 67.22 67.498 67.795 68.045 68.313 68.55 68.813 69.038 69.265 69.493 69.72 69.89 70.035 70.178 70.303 70.423 70.533 70.59 70.633 70.655 70.623 70.59 70.545 70.47 70.35 70.26 70.155 70.048 69.973 69.918 69.84 69.783 69.745 69.69 69.62 69.578 69.545 69.478 69.43 69.385 69.325 69.293 69.21 69.125 69.073 68.981 68.893 68.853 68.788 68.718 68.658 68.593 68.506 68.403 68.306 68.276 68.218 68.133 68.076 68.011 67.898 67.766 67.621 67.448 67.253 67.031
64.483 64.738 65.025 65.308 65.575 65.82 66.093 66.368 66.62 66.88 67.133 67.398 67.665 67.908 68.143 68.38 68.608 68.803 69.03 69.268 69.46 69.658 69.823 69.97 70.108 70.198 70.285 70.38 70.43 70.465 70.448 70.445 70.375 70.335 70.223 70.135 70.058 70.005 69.935 69.845 69.81 69.745 69.69 69.623 69.53 69.473 69.408 69.348 69.288 69.233 69.143 69.083 69.003 68.923 68.826 68.748 68.666 68.616 68.571 68.506 68.428 68.353 68.288 68.221 68.131 68.033 67.933 67.801 67.661 67.518 67.311 67.073 66.813 66.556
63.993 64.235 64.513 64.818 65.173 65.263 65.513 65.79 66.053 66.29 66.508 66.755 67.025 67.233 67.5 67.705 67.925 68.155 68.368 68.598 68.803 68.998 69.183 69.365 69.558 69.678 69.8 69.89 69.975 70.018 70.043 70.095 70.093 70.078 70.065 70.048 70.053 70.043 70.005 69.918 69.87 69.8 69.75 69.658 69.568 69.49 69.41 69.31 69.225 69.133 69.055 68.998 68.926 68.848 68.771 68.661 68.553 68.503 68.458 68.433 68.363 68.298 68.228 68.151 68.043 67.933 67.773 67.588 67.401 67.161 66.921 66.678 66.381 66.053
63.515 63.77 64.045 64.343 64.568 64.755 64.985 65.22 65.448 65.713 65.935 66.148 66.398 66.623 66.87 67.075 67.283 67.47 67.695 67.913 68.14 68.333 68.523 68.715 68.878 69.078 69.21 69.313 69.42 69.463 69.52 69.6 69.63 69.64 69.653 69.693 69.788 69.87 69.933 69.968 69.93 69.88 69.778 69.688 69.618 69.55 69.453 69.325 69.235 69.155 69.035 68.913 68.836 68.766 68.686 68.596 68.546 68.423 68.368 68.313 68.251 68.183 68.121 68.013 67.903 67.768 67.581 67.351 67.091 66.803 66.516 66.193 65.831 65.498
63.058 63.308 63.56 63.815 64.063 64.268 64.525 64.738 64.965 65.163 65.4 65.605 65.815 66.058 66.253 66.46 66.66 66.875 67.028 67.255 67.485 67.645 67.823 68.015 68.203 68.38 68.55 68.668 68.798 68.888 68.958 69.038 69.088 69.098 69.19 69.303 69.398 69.48 69.603 69.698 69.79 69.853 69.825 69.75 69.678 69.598 69.538 69.408 69.278 69.155 69.02 68.908 68.813 68.708 68.628 68.538 68.481 68.401 68.311 68.223 68.143 68.048 67.976 67.798 67.676 67.546 67.318 67.038 66.746 66.413 66.063 65.711 65.316 64.923
62.653 62.883 63.133 63.388 63.62 63.815 64.053 64.255 64.475 64.685 64.903 65.105 65.32 65.49 65.668 65.868 66.055 66.243 66.435 66.605 66.815 67.02 67.19 67.38 67.578 67.72 67.885 68.06 68.163 68.305 68.42 68.475 68.543 68.62 68.705 68.815 68.918 69.053 69.18 69.295 69.408 69.533 69.618 69.66 69.693 69.638 69.555 69.478 69.373 69.235 69.09 68.948 68.801 68.681 68.568 68.456 68.433 68.358 68.268 68.161 68.076 67.966 67.806 67.561 67.401 67.186 66.936 66.631 66.321 65.953 65.598 65.198 64.791 64.351
62.235 62.495 62.733 62.963 63.2 63.423 63.64 63.848 64.03 64.235 64.453 64.648 64.848 65.045 65.158 65.348 65.495 65.668 65.873 66.058 66.253 66.428 66.623 66.813 66.94 67.085 67.255 67.428 67.553 67.668 67.78 67.878 67.96 68.053 68.185 68.305 68.413 68.52 68.668 68.823 68.935 69.075 69.205 69.323 69.413 69.503 69.535 69.513 69.428 69.318 69.193 69.035 68.911 68.758 68.623 68.498 68.403 68.298 68.228 68.108 68.011 67.841 67.686 67.398 67.086 66.818 66.496 66.146 65.783 65.433 65.066 64.641 64.223 63.801
61.735 62.035 62.293 62.543 62.805 63.043 63.245 63.458 63.655 63.845 64.018 64.215 64.398 64.553 64.695 64.86 65.033 65.193 65.385 65.51 65.71 65.878 66.05 66.205 66.353 66.538 66.71 66.858 66.96 67.093 67.203 67.308 67.458 67.525 67.64 67.778 67.905 68.038 68.143 68.298 68.415 68.538 68.685 68.848 69.01 69.133 69.248 69.335 69.358 69.338 69.263 69.113 69.001 68.858 68.723 68.568 68.441 68.311 68.166 68.006 67.901 67.746 67.518 67.231 66.816 66.493 66.116 65.676 65.261 64.856 64.458 64.033 63.648 63.243
61.295 61.628 61.89 62.13 62.363 62.598 62.828 63.055 63.263 63.455 63.64 63.828 64.02 64.153 64.258 64.438 64.593 64.735 64.905 65.063 65.255 65.405 65.563 65.67 65.81 65.95 66.143 66.305 66.435 66.553 66.685 66.795 66.9 67.008 67.135 67.245 67.383 67.518 67.643 67.758 67.868 67.995 68.143 68.27 68.445 68.615 68.775 68.965 69.073 69.13 69.153 69.135 69.093 68.971 68.803 68.641 68.528 68.386 68.201 68.036 67.843 67.603 67.323 67.031 66.583 66.178 65.743 65.263 64.778 64.323 63.878 63.458 63.041 62.633
60.915 61.19 61.555 61.68 61.905 62.145 62.368 62.61 62.815 63.053 63.265 63.46 63.645 63.785 63.925 64.063 64.193 64.348 64.48 64.605 64.773 64.943 65.093 65.22 65.355 65.488 65.623 65.773 65.898 66.013 66.168 66.313 66.42 66.52 66.653 66.775 66.883 66.995 67.118 67.253 67.36 67.513 67.638 67.765 67.893 68.043 68.235 68.443 68.638 68.805 68.913 68.965 69.008 69.003 68.918 68.768 68.633 68.456 68.261 68.048 67.836 67.546 67.223 66.823 66.286 65.863 65.368 64.883 64.388 63.891 63.406 62.933 62.473 62.046
60.468 60.768 61.01 61.245 61.508 61.743 61.965 62.193 62.393 62.643 62.843 63.055 63.235 63.423 63.573 63.725 63.853 64 64.165 64.268 64.385 64.515 64.635 64.75 64.895 65.043 65.185 65.32 65.443 65.565 65.713 65.833 65.9 66.025 66.173 66.27 66.398 66.538 66.665 66.713 66.843 66.958 67.1 67.248 67.39 67.553 67.715 67.87 68.103 68.325 68.505 68.64 68.761 68.811 68.843 68.798 68.743 68.643 68.406 68.126 67.861 67.538 67.158 66.708 66.118 65.566 65.061 64.518 63.983 63.466 62.983 62.483 62.023 61.571
60.048 60.313 60.573 60.823 61.073 61.323 61.555 61.788 61.993 62.228 62.438 62.625 62.82 63.01 63.17 63.335 63.505 63.655 63.81 63.958 64.04 64.163 64.268 64.355 64.48 64.628 64.778 64.89 65.02 65.135 65.26 65.398 65.475 65.605 65.708 65.823 65.923 66.033 66.145 66.24 66.38 66.473 66.593 66.745 66.878 67.053 67.205 67.395 67.573 67.778 68.03 68.228 68.373 68.496 68.561 68.583 68.611 68.576 68.458 68.216 67.916 67.566 67.088 66.561 65.976 65.306 64.818 64.266 63.696 63.121 62.601 62.081 61.608 61.163
59.62 59.875 60.135 60.385 60.633 60.883 61.128 61.36 61.578 61.805 61.995 62.185 62.375 62.548 62.72 62.883 63.065 63.268 63.438 63.578 63.675 63.795 63.91 64.043 64.155 64.248 64.37 64.508 64.625 64.738 64.865 64.955 65.043 65.16 65.293 65.413 65.513 65.6 65.683 65.765 65.833 65.955 66.095 66.25 66.408 66.558 66.738 66.895 67.065 67.233 67.478 67.698 67.901 68.071 68.196 68.288 68.326 68.316 68.246 68.081 67.851 67.513 67.068 66.506 65.881 65.156 64.621 64.038 63.413 62.826 62.301 61.768 61.291 60.856
59.258 59.505 59.735 59.97 60.193 60.448 60.715 60.93 61.125 61.358 61.55 61.688 61.863 62.07 62.228 62.408 62.618 62.84 63.033 63.178 63.295 63.425 63.548 63.68 63.765 63.88 64.003 64.12 64.24 64.35 64.463 64.555 64.638 64.743 64.875 64.968 65.063 65.153 65.255 65.35 65.44 65.533 65.638 65.758 65.868 66.028 66.215 66.348 66.533 66.695 66.908 67.11 67.346 67.528 67.711 67.866 67.971 67.991 67.953 67.816 67.623 67.331 66.888 66.388 65.781 65.058 64.461 63.893 63.223 62.608 62.028 61.491 61.011 60.628
58.888 59.165 59.405 59.628 59.858 60.058 60.288 60.503 60.715 60.915 61.12 61.28 61.443 61.645 61.85 61.983 62.148 62.345 62.53 62.673 62.833 63.008 63.15 63.283 63.378 63.478 63.588 63.73 63.888 63.98 64.08 64.175 64.28 64.378 64.48 64.553 64.648 64.753 64.825 64.915 65.013 65.103 65.215 65.34 65.43 65.558 65.665 65.813 65.978 66.13 66.36 66.558 66.746 66.956 67.128 67.298 67.428 67.526 67.528 67.433 67.281 67.031 66.686 66.186 65.561 64.898 64.266 63.726 63.111 62.493 61.901 61.321 60.826 60.418
58.525 58.775 59.01 59.258 59.478 59.705 59.933 60.168 60.378 60.553 60.74 60.883 61.07 61.273 61.463 61.618 61.738 61.928 62.098 62.263 62.415 62.545 62.72 62.818 62.95 63.083 63.238 63.35 63.47 63.593 63.66 63.768 63.888 63.983 64.108 64.195 64.26 64.36 64.45 64.51 64.553 64.675 64.768 64.868 64.968 65.088 65.22 65.323 65.455 65.605 65.763 65.93 66.101 66.293 66.456 66.636 66.803 66.906 66.998 66.968 66.836 66.641 66.343 65.868 65.236 64.613 63.983 63.513 62.916 62.296 61.736 61.208 60.743 60.326
58.19 58.413 58.63 58.865 59.105 59.323 59.543 59.755 59.97 60.2 60.415 60.538 60.74 60.908 61.103 61.253 61.368 61.56 61.748 61.898 62.038 62.133 62.298 62.503 62.56 62.725 62.853 62.988 63.098 63.203 63.255 63.373 63.495 63.603 63.685 63.78 63.853 63.963 64.04 64.143 64.19 64.278 64.365 64.46 64.533 64.618 64.74 64.815 64.928 65.07 65.215 65.388 65.546 65.693 65.801 65.936 66.053 66.201 66.331 66.346 66.278 66.103 65.853 65.446 64.841 64.243 63.643 63.226 62.688 62.098 61.571 61.081 60.628 60.243
57.923 58.118 58.318 58.558 58.728 58.95 59.155 59.37 59.57 59.763 60 60.155 60.338 60.58 60.755 60.885 61.025 61.18 61.32 61.45 61.97 62.68 63.373 63.028 62.515 62.345 62.46 62.605 62.72 62.823 62.893 63.025 63.09 63.2 63.28 63.388 63.448 63.533 63.593 63.72 63.79 63.88 63.968 64.063 64.11 64.205 64.285 64.34 64.433 64.548 64.653 64.78 64.921 65.048 65.193 65.306 65.388 65.461 65.508 65.568 65.581 65.441 65.421 65.368 64.478 63.873 63.316 62.901 62.426 61.931 61.426 60.933 60.521 60.176
57.658 57.853 58.035 58.21 58.415 58.638 58.808 59.02 59.27 59.408 59.578 59.755 59.965 60.178 60.34 60.523 60.705 60.838 60.953 61.333 62.958 63.508 63.503 63.358 63.103 62.5 62.063 62.203 62.33 62.433 62.503 62.63 62.73 62.82 62.9 62.993 63.053 63.128 63.2 63.303 63.365 63.453 63.525 63.62 63.718 63.785 63.848 63.903 63.988 64.07 64.143 64.225 64.333 64.421 64.506 64.616 64.711 64.776 64.821 64.803 64.736 64.621 64.916 64.973 63.928 63.446 62.983 62.598 62.178 61.696 61.213 60.771 60.386 60.068
57.353 57.563 57.738 57.965 58.123 58.318 58.5 58.72 58.918 59.113 59.298 59.458 59.618 59.798 59.975 60.155 60.338 60.46 60.58 61.05 62.553 63.375 63.46 63.348 62.965 62.613 61.76 61.828 61.918 62.015 62.13 62.26 62.33 62.418 62.508 62.588 62.645 62.745 62.808 62.903 62.973 63.05 63.083 63.163 63.268 63.31 63.378 63.455 63.525 63.58 63.635 63.713 63.786 63.836 63.931 63.981 64.031 64.096 64.128 64.126 64.071 63.956 63.958 63.916 63.468 63.053 62.661 62.318 61.921 61.491 61.023 60.586 60.226 59.938
57.11 57.263 57.45 57.65 57.843 58.018 58.208 58.405 58.595 58.783 58.923 59.093 59.31 59.475 59.623 59.798 59.93 60.085 60.43 61.345 62.198 62.608 63.05 62.588 62.553 62.385 61.515 61.423 61.568 61.643 61.715 61.843 61.923 62.04 62.11 62.175 62.278 62.34 62.418 62.503 62.585 62.633 62.698 62.783 62.863 62.898 62.95 63.013 63.055 63.083 63.143 63.208 63.268 63.313 63.398 63.428 63.471 63.486 63.496 63.513 63.438 63.358 63.288 63.146 62.906 62.648 62.346 62.038 61.686 61.276 60.851 60.458 60.111 59.821
