All_lidar/sz6291_DSM_2M.asc
ncols 500
nrows 500
xllcorner    462000
yllcorner    91000
cellsize     2
NODATA_value -9999
[rows 34 to 67 of 500, columns 380 to 455 of 500]
1.838 1.778 1.853 1.843 1.868 1.883 1.778 1.771 1.956 1.901 1.851 1.761 1.801 1.828 1.841 1.833 1.948 1.896 1.866 1.888 2.093 1.953 1.861 1.883 1.811 1.763 1.911 1.911 1.906 1.878 1.853 1.843 1.946 1.958 1.903 1.976 1.953 1.878 1.926 1.906 1.916 1.833 1.853 1.848 1.813 1.866 1.928 1.858 1.948 2.018 1.821 1.708 1.838 1.966 1.776 1.781 1.848 1.856 1.818 1.908 1.951 1.933 1.961 1.903 1.796 1.778 1.883 1.893 2.036 2.056 1.953 1.826 1.781 1.786 1.848 1.921
1.828 1.876 1.918 1.901 1.863 1.861 1.868 1.871 1.906 1.843 1.728 1.753 1.843 1.818 1.803 1.873 1.893 1.838 1.823 1.931 1.921 1.856 1.831 1.846 1.868 1.921 1.973 1.938 1.991 2.003 1.838 1.886 1.961 1.951 1.863 1.916 1.971 1.928 1.938 1.921 1.896 1.811 1.858 1.886 1.873 1.901 1.923 1.873 1.966 1.943 1.791 1.936 1.956 1.916 1.791 1.846 1.838 1.963 1.926 1.873 1.918 1.958 1.938 1.861 1.816 1.866 1.891 1.946 2.068 2.006 1.861 1.793 1.806 1.813 1.871 2.008
1.888 1.983 1.868 1.911 1.871 1.866 1.846 1.833 1.853 1.793 1.711 1.828 1.866 1.771 1.778 1.981 1.901 1.888 1.836 1.933 1.903 1.848 1.853 1.866 1.938 2.033 2.073 1.996 2.106 2.011 1.866 1.863 1.933 1.896 1.798 1.796 1.906 1.911 1.898 1.913 1.873 1.826 1.936 1.931 1.993 1.973 1.896 1.888 2.006 2.026 1.831 1.881 1.828 1.831 1.791 1.913 1.893 1.993 1.896 1.898 1.896 1.908 1.933 1.786 1.863 1.943 1.898 1.923 1.971 1.921 1.828 1.763 1.818 1.968 1.971 1.941
1.921 1.968 1.801 1.913 1.841 1.813 1.863 1.886 1.808 1.761 1.761 1.851 1.848 1.753 1.873 1.903 1.833 1.873 1.771 1.903 1.851 1.921 1.911 1.888 1.911 1.946 1.961 1.993 1.996 1.943 1.891 1.886 1.983 1.888 1.906 1.893 1.873 1.876 1.931 1.953 1.891 1.903 1.951 1.908 1.951 1.951 1.866 1.911 1.881 1.913 1.761 1.868 1.833 1.888 1.823 1.906 1.843 1.883 1.873 1.846 1.916 1.936 1.908 1.881 1.921 1.873 1.866 1.891 1.901 1.853 1.838 1.836 1.931 2.038 2.008 1.991
1.948 1.923 1.873 1.966 1.898 1.836 1.836 1.856 1.741 1.766 1.846 1.868 1.851 1.851 1.998 1.971 1.861 1.776 1.811 1.881 1.861 1.873 1.931 1.856 1.923 1.903 2.016 1.918 1.896 1.898 1.876 1.988 2.011 1.921 1.881 1.906 1.926 1.976 1.973 1.993 1.898 1.851 1.898 1.948 1.926 1.938 1.918 1.988 1.823 1.798 1.766 1.916 1.918 1.881 1.886 1.838 1.833 1.851 1.876 1.876 1.991 1.948 1.898 1.936 1.836 1.783 1.876 1.871 1.923 1.898 1.881 1.893 1.958 2.031 2.043 1.931
1.861 1.906 2.036 1.943 1.831 1.803 1.896 1.796 1.728 1.906 1.943 1.936 1.936 1.981 2.038 1.786 1.811 1.751 1.866 1.871 1.828 1.846 1.851 1.838 1.951 1.803 1.908 1.876 1.841 1.866 1.936 1.988 2.036 1.893 1.876 1.948 1.926 2.006 1.938 1.903 1.831 1.866 1.901 1.881 1.838 1.736 1.828 1.821 1.756 1.783 1.823 1.881 1.853 1.786 1.748 1.816 1.816 1.843 1.846 1.956 1.901 1.888 1.886 1.841 1.778 1.838 2.013 1.881 1.893 1.863 1.933 1.953 2.001 2.018 1.953 1.841
1.968 2.068 1.938 1.881 1.866 1.818 1.901 1.803 1.781 1.858 1.931 1.976 1.911 1.938 1.853 1.678 1.718 1.821 1.898 1.861 1.841 1.888 1.828 1.831 1.878 1.838 1.938 1.896 1.846 1.921 1.978 1.898 1.916 1.851 1.836 1.853 1.866 1.953 1.931 1.836 1.838 1.781 1.896 1.836 1.758 1.868 1.921 1.806 1.803 1.833 1.883 1.951 1.773 1.771 1.743 1.808 1.816 1.848 1.888 1.948 1.856 1.823 1.846 1.888 1.881 1.986 1.998 1.863 1.878 1.866 1.983 1.953 1.953 1.901 1.821 1.768
1.931 1.986 1.913 1.828 1.813 1.793 1.906 1.863 1.823 1.896 1.966 1.926 1.758 1.758 1.696 1.756 1.806 1.931 1.921 1.861 1.816 1.858 1.806 1.856 1.863 1.866 1.921 1.856 1.898 1.988 1.941 1.863 1.861 1.848 1.908 1.876 1.833 2.021 1.883 1.851 1.866 1.856 1.981 1.946 1.808 1.926 1.936 1.866 1.831 1.836 1.858 1.883 1.838 1.808 1.848 1.861 1.896 1.938 1.948 1.896 1.848 1.828 1.893 1.976 1.941 2.001 1.941 1.798 1.786 1.846 1.948 1.931 1.863 1.803 1.786 1.703
1.938 1.898 1.921 1.773 1.791 1.781 1.833 1.843 1.831 1.896 1.931 1.806 1.701 1.773 1.826 1.811 1.883 1.916 1.961 1.896 1.818 1.838 1.858 1.886 1.888 1.781 1.861 1.883 1.911 1.888 1.806 1.811 1.806 1.883 1.953 1.968 1.941 1.961 1.898 1.866 1.958 1.948 2.001 1.888 1.883 1.938 2.001 1.916 1.836 1.906 1.951 1.898 1.826 1.828 1.851 2.013 1.948 1.928 1.876 1.876 1.896 1.833 1.868 1.966 1.918 1.938 1.796 1.688 1.761 1.908 1.926 1.886 1.823 1.843 1.841 1.828
1.961 1.916 1.896 1.826 1.881 1.853 1.821 1.851 1.853 1.858 1.828 1.763 1.796 1.781 1.826 1.901 1.953 1.886 1.856 1.883 1.766 1.861 1.886 1.843 1.861 1.858 1.893 1.886 1.843 1.816 1.878 1.796 1.771 1.951 1.946 1.963 1.923 1.876 1.853 1.866 1.993 1.961 1.961 1.858 1.866 1.941 1.978 1.891 1.838 1.853 1.931 1.823 1.698 1.786 1.908 2.031 1.893 1.866 1.803 1.803 1.806 1.823 1.896 1.986 1.858 1.856 1.783 1.748 1.838 1.978 1.826 1.901 1.788 1.873 1.878 1.916
2.041 1.941 1.886 1.808 1.853 1.853 1.841 1.786 1.851 1.863 1.771 1.828 1.783 1.836 1.873 1.951 1.941 1.871 1.911 1.821 1.731 1.883 1.878 1.878 1.923 1.901 1.908 1.876 1.808 1.796 1.851 1.821 1.833 1.901 1.931 1.846 1.791 1.803 1.776 1.878 1.988 1.908 1.926 1.918 1.948 1.973 1.931 1.823 1.818 1.833 1.881 1.771 1.848 1.863 1.861 1.916 1.838 1.801 1.776 1.823 1.786 1.891 1.966 1.933 1.851 1.888 1.876 1.886 1.933 1.906 1.903 1.948 1.906 1.856 1.871 1.921
2.073 1.933 1.888 1.821 1.841 1.871 1.836 1.808 1.953 1.808 1.783 1.753 1.798 1.881 1.936 1.956 1.801 1.781 1.823 1.778 1.826 1.966 2.016 1.923 1.876 1.891 1.898 1.838 1.766 1.851 1.908 1.896 1.848 1.913 1.893 1.781 1.781 1.796 1.811 1.911 1.966 1.848 1.881 1.973 1.911 1.883 1.798 1.816 1.848 1.783 1.871 1.826 1.813 1.843 1.836 1.801 1.871 1.833 1.811 1.898 1.868 1.953 1.946 1.896 1.853 1.906 1.846 1.878 1.843 1.883 1.973 1.991 1.851 1.863 1.876 1.898
1.981 1.871 1.831 1.858 1.893 1.896 1.828 1.856 1.891 1.793 1.756 1.791 1.948 1.923 1.901 1.866 1.751 1.736 1.743 1.813 1.866 1.936 1.991 1.886 1.853 1.908 1.883 1.853 1.821 1.848 1.836 1.906 1.863 1.906 1.856 1.796 1.761 1.763 1.886 1.983 1.966 1.828 1.858 1.823 1.883 1.816 1.821 1.851 1.828 1.813 1.851 1.798 1.913 1.888 1.963 1.893 1.841 1.826 1.896 1.943 1.971 1.931 1.921 1.848 1.801 1.826 1.818 1.841 1.921 1.903 1.916 1.881 1.856 1.898 1.806 1.846
1.916 1.838 1.911 1.973 1.891 1.888 1.791 1.781 1.801 1.816 1.831 1.881 2.016 1.926 1.946 1.821 1.781 1.781 1.811 1.898 1.893 1.878 1.851 1.911 1.836 1.903 1.908 1.843 1.878 1.881 1.883 1.886 1.878 1.883 1.863 1.833 1.828 1.978 2.071 1.928 1.861 1.853 1.858 1.831 1.968 1.923 1.866 1.928 1.891 1.811 1.843 1.846 1.888 1.861 1.918 1.908 1.888 1.831 1.846 1.891 1.881 1.828 1.833 1.793 1.753 1.768 1.881 1.916 1.956 1.913 1.931 1.861 1.888 1.768 1.806 1.901
1.866 1.828 1.923 1.973 1.833 1.823 1.776 1.711 1.786 1.906 1.971 1.906 1.933 1.856 1.803 1.773 1.791 1.841 1.883 2.016 1.946 1.911 1.813 1.878 1.843 1.888 1.838 1.858 1.996 1.918 1.923 1.946 1.941 1.901 1.813 1.851 1.916 2.106 2.023 1.953 1.901 1.931 1.861 1.931 1.996 1.938 1.808 1.833 1.896 1.913 1.858 1.821 1.901 1.853 1.776 1.798 1.786 1.786 1.831 1.873 1.818 1.756 1.796 1.758 1.788 1.831 1.916 1.968 1.911 1.963 1.851 1.798 1.818 1.716 1.928 2.001
1.833 1.871 1.971 1.928 1.793 1.866 1.778 1.743 1.813 1.943 1.893 1.836 1.816 1.796 1.778 1.813 1.871 1.873 1.891 1.923 1.971 1.853 1.823 1.931 1.831 1.791 1.906 1.901 1.973 1.923 1.903 1.851 1.921 1.868 1.781 1.868 1.951 1.988 1.896 1.883 1.836 1.933 1.881 2.003 1.986 1.911 1.833 1.906 1.886 1.918 1.886 1.876 1.911 1.913 1.766 1.796 1.811 1.888 1.921 1.938 1.848 1.816 1.736 1.773 1.803 1.956 2.066 2.006 1.956 1.871 1.816 1.836 1.856 1.778 1.893 1.853
1.908 1.978 2.028 2.046 1.771 1.796 1.758 1.768 1.948 1.993 1.846 1.813 1.763 1.756 1.748 1.808 1.873 1.823 1.808 1.858 1.878 1.898 1.876 1.946 1.848 1.803 1.903 2.013 1.961 1.921 1.883 1.861 1.926 1.841 1.786 1.866 1.891 1.898 1.866 1.826 1.883 1.931 1.948 1.903 1.906 1.926 1.951 1.978 2.066 1.901 1.963 1.936 1.968 1.831 1.728 1.916 1.948 1.936 1.918 1.921 1.843 1.873 1.821 1.943 1.971 2.016 2.063 1.971 1.826 1.763 1.781 1.896 1.893 1.801 1.856 1.818
1.976 2.086 2.008 1.903 1.736 1.766 1.833 1.818 1.948 1.933 1.823 1.873 1.773 1.888 1.848 1.853 1.913 1.858 1.806 1.906 1.918 1.958 1.908 1.918 1.846 1.798 1.951 1.981 1.921 1.906 1.851 1.776 1.788 1.876 1.773 1.926 1.881 1.816 1.886 1.916 1.991 1.931 1.853 1.841 1.793 1.903 1.891 1.938 1.998 1.901 1.873 1.838 1.916 1.823 1.833 1.988 1.996 1.998 1.968 1.916 1.786 1.823 1.896 1.998 2.016 1.978 1.878 1.891 1.778 1.791 1.811 1.886 1.886 1.848 1.883 1.943
2.008 1.981 1.948 1.796 1.781 1.808 1.831 1.903 1.986 1.881 1.818 1.851 1.858 1.861 1.911 1.873 1.886 1.791 1.841 2.051 1.913 1.861 1.888 1.906 1.771 1.843 1.888 1.916 1.906 1.823 1.801 1.748 1.788 1.783 1.856 1.991 1.891 1.836 1.881 1.883 1.898 1.853 1.851 1.936 1.863 1.901 1.918 2.033 1.931 1.951 1.866 1.823 1.868 1.883 1.941 1.948 1.973 1.861 1.978 1.936 1.908 2.053 2.018 1.971 1.916 1.843 1.808 1.818 1.743 1.861 1.873 1.956 1.886 1.903 1.966 1.936
1.971 2.001 1.863 1.798 1.811 1.818 1.873 1.918 1.871 1.788 1.786 1.843 1.838 1.808 1.926 1.926 1.856 1.781 1.866 1.908 1.878 1.881 1.906 1.808 1.773 1.911 1.893 1.906 1.816 1.818 1.748 1.806 1.853 1.826 1.953 1.981 1.823 1.918 1.913 1.911 1.948 1.893 1.913 1.943 1.851 1.903 1.981 2.063 1.938 1.836 1.866 1.888 1.883 1.896 1.896 1.866 1.808 1.928 1.991 1.886 1.881 1.953 1.951 1.936 1.898 1.796 1.813 1.751 1.838 1.926 1.991 1.933 1.951 1.953 1.951 1.878
1.928 1.871 1.831 1.798 1.848 1.843 1.923 1.923 1.788 1.813 1.836 1.836 1.896 1.898 1.921 1.861 1.846 1.771 1.921 1.871 1.883 1.921 1.911 1.781 1.838 1.921 1.918 1.876 1.836 1.823 1.793 1.873 1.906 1.908 1.953 2.013 1.833 1.933 1.911 1.911 1.951 1.923 1.943 1.908 1.848 1.953 2.081 1.941 1.796 1.786 1.806 1.811 1.886 1.891 1.956 1.878 1.828 2.016 1.881 1.798 1.891 1.911 1.891 1.846 1.776 1.778 1.796 1.846 1.858 1.958 1.913 1.913 1.923 1.908 1.853 1.853
1.878 1.841 1.873 1.858 1.933 1.918 1.998 1.906 1.833 1.848 1.836 1.798 1.898 1.971 1.941 1.856 1.728 1.813 1.973 1.953 1.893 1.948 1.833 1.778 1.903 1.998 1.971 1.871 1.831 1.796 1.853 1.943 1.996 1.983 2.101 2.011 1.813 1.928 1.988 1.883 1.878 1.866 1.898 1.878 1.913 2.018 2.021 1.853 1.776 1.813 1.841 1.941 1.851 1.916 1.911 1.886 1.976 1.931 1.818 1.776 1.911 1.963 1.891 1.848 1.831 1.831 1.856 1.856 1.906 2.011 1.956 2.011 1.903 1.838 1.813 1.731
1.966 1.886 1.826 1.811 1.868 1.928 1.953 1.883 1.798 1.946 1.851 1.863 2.031 1.998 1.818 1.718 1.746 1.896 1.873 1.951 1.931 1.946 1.818 1.896 1.958 1.936 1.916 1.823 1.858 1.891 1.991 1.908 1.973 2.026 2.023 1.836 1.808 1.913 1.911 1.853 1.901 1.843 1.883 1.941 2.008 2.028 1.926 1.796 1.793 1.841 1.943 1.986 1.853 1.931 1.871 1.898 1.931 1.891 1.868 1.866 2.013 1.933 1.831 1.921 1.853 1.841 1.866 1.946 2.068 1.993 1.903 1.953 1.786 1.773 1.696 1.803
1.976 1.861 1.806 1.863 1.936 1.946 1.861 1.793 1.763 1.826 1.906 2.028 1.933 1.768 1.683 1.686 1.791 1.883 1.938 2.023 1.928 1.921 1.893 1.908 1.948 1.896 1.911 1.776 1.961 1.963 2.033 1.893 1.986 1.978 1.848 1.783 1.823 1.891 1.888 1.868 1.921 1.871 1.971 1.956 1.971 1.923 1.876 1.861 1.878 1.986 2.116 1.996 1.926 2.041 1.996 2.061 1.933 1.873 1.903 1.926 1.976 1.818 1.803 1.886 1.906 1.886 2.008 2.061 2.086 1.848 1.791 1.791 1.753 1.761 1.818 1.901
1.913 1.868 1.798 1.948 2.033 1.956 1.803 1.808 1.816 1.866 1.963 2.086 1.838 1.768 1.746 1.733 1.918 1.983 1.976 1.921 1.931 1.893 1.826 1.856 1.911 1.801 1.728 1.871 2.018 1.988 1.976 1.871 1.886 1.916 1.706 1.741 1.923 1.866 1.861 1.898 1.943 1.941 1.981 1.926 1.948 1.848 1.853 1.976 1.951 2.106 2.068 1.991 1.983 1.923 1.916 1.963 1.873 1.978 1.873 1.851 1.906 1.891 1.803 1.873 1.871 1.946 2.041 1.916 1.853 1.856 1.838 1.826 1.868 1.856 1.951 1.986
1.898 1.811 1.888 2.081 1.986 1.868 1.823 1.753 1.871 1.961 2.118 2.058 1.828 1.698 1.768 1.933 1.898 1.976 1.896 1.796 1.858 1.791 1.793 1.946 1.893 1.821 1.766 1.981 1.978 1.936 1.853 1.813 1.843 1.798 1.803 1.813 1.906 1.826 1.941 1.891 2.008 1.976 1.873 1.878 1.883 1.821 1.833 1.991 2.026 2.028 1.948 1.951 1.926 1.848 1.858 1.856 1.863 1.921 1.908 1.876 1.963 1.903 1.821 1.803 1.876 1.941 1.986 1.941 1.791 1.891 1.946 1.943 1.933 1.931 1.966 2.008
1.871 1.856 2.001 2.073 1.941 1.853 1.826 1.818 1.891 2.118 2.053 1.881 1.801 1.706 1.766 1.876 2.011 1.988 1.856 1.818 1.826 1.841 1.891 1.931 1.818 1.811 1.803 1.976 1.953 1.783 1.751 1.748 1.803 1.763 1.848 1.938 1.906 1.861 1.936 1.881 1.968 1.846 1.868 1.898 1.836 1.893 1.926 2.011 2.043 1.968 1.903 1.873 1.906 1.871 1.908 1.901 1.943 1.921 1.911 1.903 1.913 1.826 1.791 1.913 2.011 2.016 2.001 1.851 1.766 1.903 1.898 1.896 1.986 1.941 1.953 1.911
1.863 1.921 2.058 2.101 1.931 1.786 1.771 1.823 2.091 2.116 1.868 1.861 1.848 1.771 1.863 2.041 1.923 1.821 1.833 1.768 1.848 1.953 1.931 1.888 1.851 1.756 1.906 1.953 1.821 1.733 1.706 1.808 1.816 1.861 1.913 1.963 1.843 1.961 1.886 1.853 1.973 1.866 1.831 1.876 1.881 1.958 1.948 1.953 1.996 1.828 1.821 1.873 1.898 1.936 1.953 1.943 1.916 1.981 1.896 1.948 1.971 1.916 1.938 1.966 2.001 2.018 2.011 1.808 1.803 1.913 1.898 1.958 1.926 1.926 1.826 1.858
1.826 1.901 2.011 1.911 1.833 1.748 1.781 1.991 2.071 2.038 1.786 1.856 1.818 1.873 2.016 1.916 1.906 1.763 1.743 1.766 1.883 1.973 1.971 1.943 1.911 1.866 2.016 1.928 1.791 1.768 1.861 1.928 1.933 1.923 1.931 1.851 1.848 1.898 1.903 1.921 1.893 1.848 1.861 1.941 1.896 1.978 1.933 1.876 1.973 1.833 1.873 1.928 2.018 1.931 1.911 1.931 1.908 1.906 2.036 2.021 1.938 1.846 1.953 1.981 2.036 2.006 1.821 1.826 1.968 1.896 1.978 1.911 1.871 1.973 1.806 1.843
1.873 1.926 1.921 1.853 1.863 1.748 1.881 2.061 1.978 1.878 1.783 1.781 1.878 1.883 1.986 1.951 1.853 1.823 1.771 1.856 1.978 1.988 1.936 1.838 1.743 1.908 1.953 1.818 1.753 1.863 1.936 1.941 2.008 1.976 1.921 1.843 1.913 1.921 1.906 1.946 1.808 1.763 1.913 1.913 1.871 1.976 1.971 1.916 1.838 1.916 2.003 1.936 1.966 1.953 1.961 1.893 1.966 1.943 1.928 1.991 1.901 1.903 1.986 1.951 1.878 1.863 1.831 1.848 1.888 1.891 1.888 1.836 1.848 1.863 1.786 1.851
1.946 1.946 1.876 1.878 1.866 1.841 1.926 1.986 1.918 1.826 1.748 1.823 1.921 1.916 1.896 1.801 1.906 1.788 1.778 1.921 1.931 1.921 1.861 1.773 1.781 1.946 1.883 1.806 1.821 1.951 2.006 2.021 1.918 1.911 1.826 1.843 1.856 1.828 1.788 1.783 1.773 1.783 1.888 1.886 1.933 1.966 1.976 1.846 1.863 2.018 2.038 1.953 1.921 1.941 1.851 1.878 2.008 1.888 1.886 1.831 1.843 1.948 1.923 1.881 1.858 1.866 1.856 1.856 1.921 1.983 1.928 1.901 1.826 1.858 1.876 1.913
2.026 1.921 1.901 1.861 1.883 1.883 1.868 1.823 1.811 1.688 1.791 1.933 1.991 2.001 1.956 1.863 1.866 1.826 1.848 1.903 1.936 1.836 1.751 1.793 1.873 1.953 1.928 1.816 1.816 1.958 1.983 1.948 1.871 1.846 1.803 1.778 1.841 1.756 1.796 1.776 1.893 1.976 1.966 1.973 1.886 1.938 1.906 1.868 1.933 2.051 1.971 1.831 1.896 1.911 1.911 2.043 2.011 1.851 1.846 1.861 1.863 1.946 1.931 1.818 1.776 1.873 1.896 2.006 2.018 1.996 1.853 1.883 1.811 1.913 1.916 1.858
1.986 1.996 1.858 1.828 1.856 1.868 1.891 1.816 1.793 1.798 1.961 2.061 2.023 2.056 1.891 1.806 1.833 1.918 1.893 1.946 1.866 1.861 1.856 1.946 1.888 1.918 1.936 1.818 1.853 2.018 1.878 1.841 1.823 1.863 1.773 1.796 1.841 1.746 1.786 1.911 1.963 1.998 1.968 1.911 1.861 1.956 1.913 1.878 1.943 2.096 1.868 1.831 1.946 2.026 2.058 1.981 1.888 1.878 1.918 1.913 1.888 1.938 1.941 1.838 1.851 1.931 2.023 2.063 1.988 1.851 1.816 1.848 1.903 1.981 1.896 1.858
2.023 1.961 1.788 1.868 1.903 2.006 1.931 1.898 1.796 1.831 2.011 2.051 1.971 1.896 1.866 1.831 1.911 1.916 1.883 1.873 1.883 1.981 1.903 1.868 1.858 1.913 1.926 1.833 1.868 1.918 1.833 1.908 1.853 1.856 1.821 1.921 1.791 1.873 1.941 1.996 2.086 1.863 1.841 1.921 1.843 1.841 1.811 1.871 1.918 2.063 1.833 1.838 1.928 2.006 1.958 1.911 1.933 1.958 1.886 1.886 1.926 1.926 1.898 1.876 1.903 2.036 2.086 1.931 1.878 1.823 1.833 1.858 1.916 1.996 1.988 1.903
