All_lidar/sz6290_DSM_2M.asc
ncols 500
nrows 500
xllcorner    462000
yllcorner    90000
cellsize     2
NODATA_value -9999
[rows 96 to 127 of 500, columns 284 to 354 of 500]
44.039 46.607 48.729 49.132 48.147 44.769 43.799 44.467 44.082 42.392 42.424 42.452 42.594 42.574 43.724 45.739 43.569 42.727 42.702 42.672 42.672 42.639 43.792 42.997 43.069 43.057 43.099 42.614 42.599 42.694 44.362 46.907 46.689 46.142 45.384 44.164 42.434 42.427 42.479 43.067 42.924 42.402 42.299 42.204 42.157 42.099 42.064 42.089 42.844 42.799 43.237 42.832 42.152 41.867 41.849 42.369 44.559 45.897 46.069 45.224 43.039 41.644 41.592 42.194 43.092 41.914 44.524 45.354 45.369 44.507 42.607
46.312 48.389 49.132 48.687 47.409 45.219 44.804 43.442 43.579 42.539 42.452 42.517 42.669 42.777 45.497 47.497 43.512 42.667 42.692 42.679 42.644 42.617 42.622 43.947 44.982 43.814 42.674 42.952 42.774 42.702 44.744 46.174 46.632 46.847 46.529 46.067 44.357 42.997 43.389 42.644 42.389 42.367 42.222 42.179 42.144 42.109 42.067 42.152 42.674 42.267 42.499 42.434 41.907 41.857 41.824 42.839 43.844 44.564 45.214 44.662 42.187 41.639 41.624 43.514 42.437 43.889 45.012 45.557 44.917 43.067 41.457
46.259 47.852 49.002 47.954 46.107 43.789 44.964 44.814 43.277 43.769 42.554 42.637 42.697 43.362 46.049 45.287 43.267 42.664 42.657 42.679 42.669 42.629 43.094 45.492 45.497 45.179 44.244 42.877 42.967 43.234 43.417 44.189 45.734 46.297 46.724 46.759 45.424 42.447 42.589 42.677 42.384 42.292 42.229 42.184 42.127 42.119 42.147 42.232 42.207 42.569 43.322 43.982 44.007 42.127 42.794 44.797 45.347 44.499 43.162 41.587 41.567 41.647 42.449 42.794 42.479 44.512 45.257 45.379 44.829 43.354 41.204
44.552 45.069 46.727 46.932 44.752 42.492 42.679 42.719 43.057 44.344 42.897 42.927 43.682 43.367 42.979 42.767 42.647 42.647 42.644 42.677 42.629 42.619 43.344 45.269 45.742 45.709 45.174 44.449 42.634 42.484 43.062 42.807 42.919 44.784 45.929 46.132 43.649 42.494 42.474 42.457 42.397 42.279 42.242 42.259 42.912 42.567 42.732 42.564 42.162 42.149 43.617 45.732 45.274 44.634 44.792 45.677 45.949 45.089 42.884 42.184 41.754 41.967 43.514 41.849 41.327 43.262 44.487 44.987 45.309 43.147 41.239
42.997 44.002 44.744 45.219 44.437 43.167 42.692 42.644 42.632 42.612 42.757 42.937 43.799 43.974 43.164 42.894 44.602 43.014 42.647 42.654 42.629 42.664 42.689 43.432 46.362 46.582 46.102 45.074 42.912 42.844 42.402 42.702 42.799 43.072 45.102 44.352 42.497 42.554 42.589 42.502 42.382 42.299 42.249 42.187 42.812 42.887 44.019 43.334 42.482 41.949 44.087 45.347 45.737 45.684 45.469 46.094 45.804 44.669 42.239 42.519 42.472 43.069 43.809 43.097 41.377 41.594 41.812 43.714 43.394 41.349 40.934
43.562 46.537 43.539 43.767 44.802 43.799 42.709 42.662 42.644 42.639 43.279 42.929 43.759 42.854 43.842 44.607 43.119 42.632 42.634 42.609 42.619 42.769 42.774 44.412 46.124 46.659 46.747 46.477 45.979 44.579 43.209 42.419 42.499 42.969 42.842 42.567 42.547 42.602 42.604 42.482 42.339 42.302 42.269 42.347 43.279 44.077 43.152 43.654 43.809 42.932 43.249 43.689 45.002 45.514 45.919 46.084 45.304 44.039 42.239 42.257 43.672 43.582 43.789 42.457 41.384 41.384 41.312 41.234 41.612 41.254 41.687
46.079 48.712 48.859 45.054 42.889 42.817 42.747 42.712 42.709 43.109 42.797 43.719 42.889 42.589 42.769 42.834 42.824 43.087 42.989 42.932 42.689 42.987 43.232 45.067 45.529 45.784 46.222 46.664 46.709 46.304 42.377 42.394 42.437 42.462 42.707 43.017 42.867 42.592 42.572 42.437 42.329 42.284 42.442 43.759 43.864 42.699 42.464 42.514 42.967 44.014 43.152 42.332 42.817 44.167 45.124 45.442 44.337 41.922 41.797 41.777 41.924 42.437 43.197 41.954 41.424 41.412 41.394 41.354 41.129 41.317 43.739
48.367 49.297 48.809 47.347 43.069 43.344 44.679 43.272 42.877 43.089 43.312 44.407 43.159 43.339 43.642 42.587 42.642 42.679 42.987 43.569 43.799 44.254 44.844 44.569 45.267 44.274 44.527 45.867 46.384 45.177 42.394 42.687 42.442 42.497 42.522 42.529 42.612 42.587 42.449 42.342 42.309 42.349 43.402 43.712 42.962 42.369 42.364 42.322 43.112 43.987 43.254 42.612 42.732 42.299 43.889 44.809 43.307 41.722 41.787 41.797 41.904 41.607 41.629 41.532 41.434 41.404 41.352 41.312 41.049 41.729 45.724
48.894 49.062 48.299 43.272 42.722 43.839 46.097 46.517 44.459 43.277 43.149 43.447 42.864 43.022 43.617 42.569 42.537 42.544 42.822 43.302 42.754 42.712 43.142 43.804 43.794 44.134 43.322 43.717 44.299 42.357 42.444 42.997 42.519 42.529 42.619 42.507 42.424 42.407 42.347 42.314 42.289 42.484 43.669 42.612 42.304 42.317 42.269 42.649 42.534 42.162 42.094 42.052 42.214 42.519 42.622 42.284 41.957 41.754 42.729 43.402 42.174 41.637 41.524 41.474 41.589 42.167 41.669 41.177 42.429 42.412 47.007
47.144 48.649 45.177 42.839 42.529 42.662 42.669 44.387 46.237 44.977 43.564 42.679 42.544 42.622 42.602 42.597 42.609 42.529 42.642 42.727 44.167 45.319 44.539 43.872 44.052 43.247 43.162 43.199 42.829 42.484 42.512 42.514 42.657 42.607 42.487 42.422 42.364 42.384 42.332 42.314 42.372 43.529 43.289 42.677 42.302 42.269 42.259 42.282 42.292 42.269 42.024 42.024 42.074 42.109 42.489 43.512 43.229 43.982 44.662 44.022 42.309 41.627 41.549 41.492 41.804 43.207 42.387 41.424 43.304 42.802 46.204
44.882 45.447 43.484 42.494 42.527 42.592 42.629 42.699 44.817 43.897 44.042 42.544 42.584 42.972 42.639 42.557 42.542 42.562 42.597 42.862 44.319 46.262 46.494 46.377 46.232 46.059 45.914 42.577 42.617 42.632 42.707 42.707 42.667 42.459 42.394 42.382 42.377 42.344 42.337 42.327 42.599 44.039 42.962 42.464 42.307 42.237 42.412 42.259 43.842 44.427 44.564 43.117 42.107 42.504 43.207 44.079 43.399 42.047 42.024 42.524 42.532 41.994 41.629 41.457 41.652 42.519 42.809 42.399 43.009 41.894 43.634
45.149 44.684 42.759 42.527 42.554 42.549 42.542 44.189 45.044 44.837 42.704 42.554 42.602 42.667 42.649 42.589 42.594 42.704 42.769 42.689 44.832 46.482 46.962 46.987 47.004 46.952 44.264 42.544 42.727 42.709 42.709 42.717 42.589 42.399 42.392 42.367 42.349 42.304 42.309 42.362 43.442 43.177 42.617 42.709 42.302 42.409 42.469 42.357 43.727 45.137 45.852 45.377 44.164 43.687 43.184 43.892 42.417 42.937 42.304 41.879 41.802 42.964 42.184 41.854 42.659 42.039 41.664 41.189 40.942 41.409 41.224
46.492 45.362 44.819 43.777 42.612 42.524 43.112 45.967 45.702 45.502 43.799 42.599 42.617 42.624 42.602 42.632 42.677 43.207 43.782 43.072 45.649 46.642 46.377 46.127 46.289 46.442 44.424 42.602 42.672 42.662 42.657 42.669 42.499 42.399 42.387 42.352 42.324 42.319 42.297 42.442 43.809 42.864 42.462 42.402 42.317 42.297 42.209 42.424 43.714 45.329 45.879 46.107 45.672 44.399 42.027 42.672 42.959 42.592 43.969 42.514 41.752 41.634 42.907 42.744 42.024 41.552 41.529 41.124 40.957 40.932 40.829
46.507 45.372 43.317 43.849 44.127 44.039 43.769 46.154 46.392 45.372 45.744 42.612 42.602 42.604 42.612 42.587 42.672 42.647 42.974 43.087 45.142 46.709 46.172 44.259 43.739 44.692 44.132 42.627 42.627 42.602 42.574 42.564 42.472 42.404 42.362 42.337 42.292 42.277 42.294 42.669 43.444 42.417 42.549 43.502 42.532 42.259 42.214 42.349 42.702 45.027 45.842 46.202 45.447 43.692 42.119 44.044 44.782 44.302 44.662 44.744 43.534 42.389 43.329 42.977 41.432 41.464 41.687 41.569 41.024 40.899 40.804
45.607 44.232 42.489 42.482 43.052 43.752 44.034 44.162 44.362 43.197 44.637 44.619 42.832 42.609 42.599 42.632 43.497 43.577 44.072 42.764 42.939 42.919 43.214 43.109 42.729 42.702 42.669 42.632 42.602 42.584 42.579 42.562 42.507 42.399 42.352 42.322 42.307 42.279 42.277 42.882 43.462 42.394 42.449 43.089 42.494 42.289 42.554 43.497 44.302 45.464 46.264 45.859 44.387 42.277 43.519 45.889 45.814 45.334 44.877 44.569 43.257 43.114 42.764 42.112 41.432 41.362 41.279 41.252 41.302 41.917 41.189
45.027 43.192 42.517 42.667 42.557 43.304 43.294 42.752 43.144 43.179 43.287 44.084 43.207 43.002 42.992 43.224 44.729 45.027 45.119 43.099 42.897 42.922 42.732 42.807 42.717 42.822 43.594 42.724 42.712 42.642 42.589 42.619 42.602 42.464 42.354 42.319 42.319 42.274 42.289 42.549 43.609 42.334 42.314 42.329 42.307 42.257 42.257 42.894 44.779 45.837 46.202 45.404 43.629 42.424 45.079 46.279 46.457 46.194 45.624 44.642 42.944 43.787 42.407 41.407 41.412 41.339 41.244 41.224 41.502 42.287 41.699
42.584 42.569 42.547 42.629 43.034 44.132 42.577 42.534 42.507 42.579 42.794 42.762 42.874 42.862 43.072 42.924 44.584 44.999 45.107 43.247 42.857 43.254 43.772 43.837 43.687 45.227 45.827 45.267 42.799 43.039 42.739 42.619 42.649 42.542 42.349 42.327 42.324 42.287 42.269 42.392 43.717 43.312 42.719 42.342 42.294 42.274 42.262 42.537 43.194 45.552 45.784 44.209 42.354 42.342 44.519 45.394 45.882 46.217 45.522 44.149 43.009 43.932 42.117 41.752 41.454 41.274 41.782 41.454 42.944 41.794 41.032
43.112 42.827 42.574 42.737 43.997 43.377 42.667 42.654 42.562 42.544 42.557 42.637 42.779 42.794 43.507 43.207 44.134 44.304 44.594 43.072 43.414 44.637 45.432 45.779 46.137 46.432 46.739 46.702 43.012 43.399 42.884 42.574 42.652 42.584 42.377 42.342 42.302 42.287 42.267 42.267 42.814 43.702 42.992 42.334 42.262 42.254 42.434 42.422 42.412 42.652 42.699 42.397 42.134 41.917 43.004 45.079 45.867 45.777 44.367 42.822 43.479 44.077 43.332 42.272 42.302 41.489 42.397 42.702 43.012 41.109 40.704
43.277 44.009 43.382 43.287 43.544 43.499 42.687 42.689 42.649 42.604 42.607 42.669 42.712 42.882 44.102 43.477 42.749 42.814 42.952 42.714 44.062 45.347 46.184 46.709 46.957 46.949 46.777 46.402 43.039 42.739 42.919 42.597 42.582 42.557 42.392 42.332 42.309 42.287 42.284 42.259 42.287 42.744 43.669 43.467 43.112 43.149 42.809 43.009 42.269 42.352 43.522 42.302 41.829 41.889 44.064 45.509 46.212 45.454 43.534 41.977 42.717 44.389 44.699 44.267 43.539 41.549 41.419 41.367 40.907 40.772 40.709
42.627 42.999 43.692 43.967 42.897 42.684 42.689 42.739 42.747 42.684 42.682 42.782 42.704 42.952 43.914 42.752 42.789 42.827 42.799 42.727 43.949 45.309 46.002 46.749 46.472 46.172 45.849 44.864 42.734 42.632 42.744 42.522 42.477 42.482 42.392 42.357 42.304 42.282 42.254 42.254 42.219 42.229 42.344 42.829 43.007 43.162 43.192 43.477 43.704 43.397 42.524 41.862 41.862 41.824 42.962 45.569 45.854 44.837 42.927 43.062 43.904 44.859 45.474 45.154 44.534 42.932 42.587 41.897 40.937 40.764 40.889
42.619 42.699 43.147 43.792 43.297 42.744 42.744 42.789 42.804 42.809 42.754 42.719 42.699 42.767 42.764 42.807 42.822 42.849 42.834 42.759 43.389 45.289 45.719 46.502 46.362 45.292 42.987 42.719 42.592 42.559 42.544 42.514 42.472 42.517 42.527 42.392 42.309 42.254 42.242 42.224 42.187 42.167 42.157 42.114 42.102 42.072 42.252 42.062 42.317 42.744 41.949 41.949 41.907 41.839 41.774 42.162 43.692 42.234 42.289 42.209 44.209 45.007 45.309 45.609 44.674 43.272 43.187 43.589 41.957 41.379 40.799
42.679 42.762 43.379 44.192 44.102 43.017 43.902 42.917 42.969 42.794 42.742 42.727 42.729 42.794 42.804 42.852 42.864 42.882 42.879 42.829 43.514 45.439 45.584 45.769 45.417 43.314 42.674 42.559 42.767 42.634 42.507 42.519 42.514 42.539 42.532 42.522 42.402 42.267 42.247 42.222 42.174 42.149 42.124 42.077 42.062 42.114 42.292 42.939 41.914 41.894 41.927 42.004 41.952 41.862 41.802 41.769 41.724 42.842 43.384 43.302 44.919 45.102 44.537 44.784 43.874 43.279 43.462 44.549 44.264 43.777 42.094
42.752 43.127 42.924 43.177 43.089 44.119 43.852 43.009 42.774 43.124 42.879 42.719 42.809 42.842 42.829 42.877 42.884 42.889 42.844 42.762 43.144 44.969 44.474 42.727 42.652 42.622 42.584 43.687 45.252 44.692 42.529 42.557 42.544 42.564 42.589 42.487 42.457 42.387 42.337 42.259 42.207 42.149 42.092 42.074 42.052 42.037 41.974 41.957 41.922 41.877 41.822 41.857 41.919 41.899 41.859 41.774 41.764 43.142 44.047 44.429 45.287 44.787 43.179 42.384 42.224 42.709 44.267 45.164 45.067 44.644 43.749
42.847 43.212 42.944 42.884 43.047 43.969 44.294 44.929 43.712 42.874 43.332 42.737 42.757 42.837 42.869 42.852 42.904 43.177 43.859 43.299 43.974 44.904 44.777 42.672 42.644 42.827 44.504 45.614 46.437 46.914 43.467 42.524 42.509 42.492 42.497 42.474 42.487 42.449 42.342 42.267 42.234 42.164 42.159 42.127 42.099 42.002 41.974 41.959 41.927 41.872 41.854 41.822 41.789 41.834 41.857 41.824 41.924 42.544 42.549 44.327 45.064 43.724 41.319 41.084 41.012 41.352 43.654 44.432 44.837 44.519 43.232
43.457 43.434 42.829 42.909 42.882 42.922 42.952 43.572 44.914 44.077 42.882 42.907 42.934 43.217 42.902 43.202 44.032 43.902 44.152 43.342 44.427 45.042 44.929 42.809 43.489 45.037 46.027 46.622 46.939 46.684 45.509 42.459 42.427 42.482 42.439 42.434 42.419 42.334 42.237 42.207 42.152 42.129 42.162 42.197 42.197 42.097 41.979 42.072 42.017 41.879 41.859 41.824 41.799 41.759 41.789 41.872 41.869 42.142 41.939 41.509 41.687 42.874 41.224 41.132 41.582 41.382 42.519 44.267 44.734 43.794 41.419
43.599 43.842 43.059 43.209 43.267 42.957 42.782 42.907 43.694 44.462 43.117 43.122 43.814 43.997 43.122 43.304 43.192 42.974 43.039 43.149 43.142 44.904 45.022 43.747 45.544 46.232 46.802 46.967 46.487 45.877 44.274 42.414 42.684 43.602 43.974 42.364 42.307 42.207 42.227 42.129 42.049 42.072 42.142 42.194 42.184 42.169 42.097 42.192 42.469 42.432 41.847 41.814 41.792 41.764 41.769 41.862 41.909 41.857 41.772 41.729 41.567 41.367 41.297 41.232 41.507 41.614 43.634 44.824 44.489 43.042 40.762
43.399 43.559 42.857 42.882 42.907 43.062 43.132 43.107 43.277 43.674 43.092 43.339 44.859 43.524 43.829 43.544 43.797 43.287 43.152 43.004 42.964 43.197 43.587 44.974 45.429 46.142 46.892 46.439 45.317 42.752 42.482 42.484 44.277 45.662 46.202 45.127 42.524 43.097 42.504 42.054 42.069 42.457 42.114 42.162 42.169 42.164 42.144 42.102 42.102 41.979 41.837 41.774 41.757 41.739 41.727 41.777 41.864 41.867 41.794 41.824 41.634 41.459 41.364 41.654 41.584 42.184 44.177 44.687 43.709 41.249 41.089
43.482 45.497 44.527 42.954 43.079 43.049 43.052 43.197 43.422 43.142 43.007 43.032 43.154 43.259 44.257 43.324 43.242 43.069 42.967 42.917 42.874 42.869 42.839 44.624 45.227 45.609 46.362 46.702 44.832 42.804 42.559 43.032 44.984 46.184 46.394 45.324 42.729 42.544 42.089 42.389 43.517 45.242 45.222 42.354 42.992 42.722 42.389 42.532 42.044 41.974 41.919 41.829 41.752 41.679 41.717 41.684 41.719 41.779 41.794 41.752 41.627 41.524 41.444 42.104 41.354 41.194 42.384 44.487 43.219 42.007 41.869
45.657 46.999 46.372 45.142 43.132 43.059 43.037 43.727 44.642 43.039 43.032 43.059 43.069 43.222 43.294 43.037 42.954 43.034 42.909 42.917 42.892 42.869 42.837 43.039 44.712 44.489 45.759 45.352 43.199 42.582 43.422 44.967 45.867 46.437 45.959 44.482 42.622 42.454 42.537 43.407 44.869 45.869 46.112 45.139 43.482 43.264 42.634 42.232 42.059 42.309 42.087 41.947 41.869 41.747 41.637 41.632 41.624 41.612 41.659 41.709 41.679 41.594 41.502 41.414 41.289 41.149 41.017 41.619 40.734 41.097 40.739
46.804 47.302 47.139 46.549 45.582 44.509 43.764 43.322 43.584 43.064 43.077 43.069 43.024 43.002 43.167 43.369 43.149 42.949 42.939 42.902 42.902 42.867 42.842 42.807 43.092 42.844 42.799 42.734 42.622 42.742 44.459 45.547 46.342 46.259 44.897 42.362 43.037 42.839 43.619 44.107 45.374 46.207 45.809 45.034 43.994 44.119 43.949 43.724 42.254 43.187 42.082 42.152 42.369 42.459 41.822 41.657 41.604 41.604 41.594 41.567 41.557 41.534 41.472 41.609 41.627 41.224 41.084 40.887 40.712 40.664 40.549
46.737 47.007 47.192 47.199 45.969 45.104 43.804 43.199 43.107 43.104 43.099 43.079 43.399 43.224 43.184 43.554 46.462 43.794 42.999 42.934 42.922 42.907 42.894 42.874 42.847 42.924 42.749 42.794 42.732 42.839 44.847 46.092 46.444 45.757 44.847 43.387 42.464 43.499 44.482 45.034 45.932 46.054 45.359 44.762 43.724 44.567 45.394 45.864 44.414 44.232 42.367 42.294 42.167 42.497 43.094 42.882 42.139 41.572 41.539 41.522 41.472 41.399 41.369 41.372 41.312 41.222 41.114 40.924 40.934 41.194 40.607
47.049 46.392 46.484 46.579 45.364 45.169 45.184 45.722 44.164 43.112 43.127 43.092 43.492 43.377 43.784 44.364 46.049 46.299 43.629 42.974 42.942 42.917 42.929 42.919 42.882 42.832 42.802 42.812 42.822 43.712 45.279 45.439 44.589 45.239 44.599 43.074 42.269 43.334 44.684 45.512 46.269 45.734 45.034 43.829 42.962 44.512 45.787 45.897 45.194 45.009 44.527 43.734 42.364 42.259 42.384 43.244 43.952 42.302 41.529 41.492 41.452 41.342 41.262 41.214 41.159 41.112 41.052 40.959 40.947 41.267 40.642
