All_lidar/sz6290_DSM_2M.asc
ncols 500
nrows 500
xllcorner    462000
yllcorner    90000
cellsize     2
NODATA_value -9999
[rows 384 to 415 of 500, columns 0 to 70 of 500]
16.213 16.528 16.851 17.076 16.836 16.751 17.451 17.396 17.066 17.243 17.351 17.593 17.751 17.898 18.166 18.336 18.623 18.913 19.143 19.443 19.746 20.081 20.351 20.651 20.928 21.133 21.363 21.658 21.918 22.141 22.366 22.571 22.821 22.948 23.016 23.138 23.286 23.388 23.448 23.561 23.721 23.911 24.041 24.101 24.186 24.353 24.428 24.526 24.523 24.516 24.521 24.551 24.613 24.693 24.738 24.836 24.911 24.983 25.148 25.346 25.516 25.621 25.716 25.803 25.861 25.941 26.058 26.208 26.336 26.431 26.578
16.308 16.333 16.871 16.996 16.968 17.016 17.646 17.278 17.076 17.208 17.351 17.598 17.811 17.986 18.166 18.328 18.588 18.913 19.148 19.416 19.771 20.093 20.396 20.686 20.988 21.208 21.421 21.683 21.943 22.236 22.473 22.681 22.911 23.081 23.221 23.303 23.421 23.553 23.633 23.733 23.891 24.071 24.146 24.231 24.333 24.433 24.553 24.598 24.643 24.626 24.631 24.648 24.716 24.793 24.843 24.896 24.938 25.041 25.213 25.461 25.726 25.906 25.931 25.926 25.953 25.966 26.076 26.236 26.386 26.511 26.691
16.408 16.373 16.748 17.378 17.148 17.106 17.346 17.623 17.391 17.166 17.348 17.613 17.826 17.873 18.093 18.371 18.586 18.926 19.236 19.463 19.751 20.066 20.416 20.698 21.001 21.258 21.478 21.731 22.013 22.298 22.516 22.733 22.971 23.176 23.363 23.508 23.601 23.708 23.821 23.893 24.008 24.141 24.251 24.323 24.416 24.541 24.611 24.678 24.713 24.743 24.761 24.801 24.831 24.888 24.921 24.956 24.986 25.126 25.286 25.546 25.808 26.058 26.046 26.003 26.021 26.028 26.153 26.271 26.431 26.591 26.751
16.528 16.448 16.498 16.948 17.523 17.176 17.163 17.396 17.258 17.331 17.448 17.818 17.843 17.896 18.118 18.431 18.666 18.911 19.223 19.498 19.761 20.133 20.466 20.751 21.043 21.311 21.558 21.801 22.048 22.303 22.563 22.821 23.016 23.231 23.418 23.581 23.708 23.808 23.918 24.026 24.098 24.223 24.286 24.381 24.443 24.541 24.658 24.716 24.763 24.838 24.903 24.968 24.976 24.998 24.993 25.036 25.083 25.233 25.398 25.566 25.891 26.131 26.171 26.038 26.036 26.063 26.223 26.353 26.513 26.646 26.783
16.571 16.563 16.468 16.823 17.261 17.061 17.406 17.521 17.373 17.521 17.403 17.891 18.163 18.401 18.431 18.538 18.718 18.941 19.211 19.523 19.821 20.196 20.511 20.803 21.108 21.368 21.616 21.858 22.106 22.356 22.611 22.866 23.103 23.291 23.468 23.621 23.776 23.913 23.996 24.096 24.188 24.263 24.396 24.501 24.488 24.591 24.691 24.806 24.888 24.941 25.003 25.058 25.096 25.131 25.143 25.156 25.188 25.266 25.443 25.576 25.783 25.948 26.118 26.021 26.071 26.138 26.261 26.438 26.606 26.736 26.878
16.663 16.698 16.611 16.686 17.096 17.526 17.268 17.416 17.426 17.311 17.496 17.988 18.183 19.843 19.916 18.701 19.896 19.716 19.601 19.821 19.963 20.223 20.521 20.846 21.196 21.423 21.641 21.886 22.151 22.393 22.646 22.913 23.168 23.338 23.503 23.676 23.841 23.973 24.053 24.171 24.271 24.366 24.473 24.516 24.578 24.626 24.776 24.903 24.956 25.001 25.033 25.091 25.121 25.171 25.243 25.283 25.296 25.348 25.483 25.616 25.776 25.858 25.998 26.068 26.133 26.176 26.301 26.483 26.711 26.831 26.928
16.721 16.728 16.743 16.701 16.918 17.373 17.903 17.718 17.336 17.356 17.638 18.123 18.243 20.868 20.593 20.026 20.903 20.431 20.511 20.878 21.128 21.006 20.698 21.043 21.236 21.461 21.733 21.978 22.213 22.476 22.746 23.023 23.218 23.388 23.558 23.756 23.888 24.011 24.111 24.226 24.368 24.453 24.506 24.586 24.616 24.681 24.781 24.926 25.021 25.111 25.123 25.146 25.183 25.228 25.281 25.351 25.383 25.486 25.558 25.696 25.851 25.913 26.028 26.123 26.191 26.218 26.433 26.638 26.803 26.938 26.973
16.801 16.841 16.833 16.791 16.823 17.166 17.661 17.586 17.436 17.458 17.671 18.038 18.246 21.648 20.636 20.118 18.608 19.863 21.888 21.371 21.191 21.843 21.881 21.671 21.396 21.593 21.836 22.091 22.356 22.593 22.831 23.088 23.253 23.421 23.591 23.758 23.923 24.081 24.183 24.303 24.423 24.521 24.608 24.641 24.671 24.733 24.831 24.943 25.076 25.161 25.213 25.218 25.256 25.268 25.338 25.411 25.508 25.623 25.703 25.806 25.913 25.983 26.078 26.153 26.253 26.353 26.556 26.758 26.903 27.008 27.058
16.851 16.848 16.893 16.868 16.866 17.096 17.676 17.988 17.643 17.623 17.613 17.843 17.936 20.111 19.646 21.071 19.053 20.728 20.536 20.908 21.158 21.168 21.521 21.963 21.881 21.701 21.938 22.213 22.463 22.686 22.891 23.096 23.301 23.448 23.611 23.811 23.966 24.143 24.246 24.393 24.523 24.601 24.698 24.756 24.776 24.798 24.906 25.016 25.133 25.161 25.216 25.261 25.301 25.323 25.351 25.486 25.621 25.718 25.808 25.931 25.961 26.063 26.156 26.223 26.328 26.453 26.606 26.831 26.983 27.046 27.106
16.936 16.931 16.953 16.943 16.926 17.023 17.478 17.556 17.706 17.676 17.806 18.103 18.096 18.828 21.501 21.071 19.278 20.351 19.516 20.596 21.053 21.146 21.333 21.886 22.611 22.276 22.223 22.363 22.558 22.751 22.956 23.178 23.336 23.513 23.673 23.861 24.013 24.193 24.361 24.491 24.601 24.636 24.726 24.808 24.888 24.931 25.003 25.111 25.171 25.238 25.303 25.326 25.383 25.408 25.468 25.613 25.683 25.781 25.878 25.978 26.071 26.128 26.236 26.318 26.393 26.563 26.721 26.886 27.018 27.106 27.168
16.968 16.998 17.021 17.011 17.003 17.013 17.306 17.543 17.866 17.711 17.701 17.893 18.156 18.323 20.358 20.503 20.488 21.093 19.208 19.331 19.953 20.913 21.256 21.668 22.253 22.961 22.298 22.413 22.651 22.853 23.028 23.198 23.391 23.553 23.736 23.871 24.061 24.231 24.381 24.531 24.646 24.643 24.756 24.876 24.966 25.058 25.126 25.193 25.271 25.323 25.408 25.438 25.486 25.548 25.571 25.741 25.771 25.863 25.956 26.051 26.148 26.226 26.321 26.426 26.531 26.658 26.753 26.888 27.038 27.136 27.228
17.018 17.048 17.088 17.106 17.123 17.063 17.191 17.591 17.813 17.731 18.001 17.993 17.981 18.173 18.883 20.251 20.983 21.188 19.178 18.826 19.708 20.556 21.258 21.678 22.766 23.541 22.448 22.486 22.736 22.963 23.118 23.288 23.451 23.603 23.751 23.888 24.061 24.228 24.346 24.508 24.631 24.666 24.758 24.896 24.986 25.088 25.183 25.293 25.351 25.446 25.503 25.558 25.606 25.668 25.723 25.823 25.881 25.986 26.088 26.168 26.238 26.321 26.423 26.523 26.566 26.678 26.763 26.911 27.051 27.151 27.241
17.141 17.103 17.128 17.153 17.173 17.198 17.176 17.428 17.718 17.581 17.963 17.923 18.056 18.143 18.178 19.703 18.193 20.016 18.541 18.841 19.601 20.423 21.093 21.571 22.516 23.663 22.658 22.638 22.848 23.028 23.191 23.381 23.516 23.686 23.806 23.956 24.143 24.311 24.451 24.611 24.678 24.736 24.861 25.006 25.111 25.168 25.246 25.346 25.403 25.503 25.538 25.606 25.683 25.773 25.826 25.908 26.001 26.111 26.161 26.288 26.361 26.423 26.476 26.546 26.623 26.663 26.788 26.896 27.033 27.151 27.248
17.128 17.158 17.168 17.206 17.251 17.266 17.193 17.273 17.733 17.703 17.841 17.976 18.103 17.916 18.763 18.938 19.941 23.058 19.343 18.711 19.361 20.421 21.036 21.726 22.721 23.441 23.141 22.726 22.926 23.103 23.253 23.443 23.618 23.776 23.861 24.011 24.211 24.391 24.531 24.653 24.738 24.873 24.991 25.108 25.211 25.261 25.336 25.428 25.513 25.583 25.651 25.758 25.806 25.888 25.896 25.968 26.071 26.188 26.251 26.351 26.456 26.501 26.513 26.581 26.678 26.746 26.843 26.953 27.053 27.186 27.276
17.223 17.243 17.243 17.271 17.301 17.293 17.276 17.251 17.676 17.678 17.713 17.926 17.841 17.841 17.946 19.398 18.918 21.101 18.393 18.733 19.196 20.163 20.843 21.403 21.996 22.888 22.938 22.816 22.991 23.201 23.346 23.521 23.711 23.876 23.966 24.093 24.266 24.453 24.586 24.688 24.823 24.993 25.108 25.203 25.291 25.361 25.428 25.511 25.576 25.651 25.706 25.758 25.853 25.928 25.983 26.096 26.188 26.286 26.361 26.463 26.526 26.571 26.538 26.588 26.731 26.828 26.886 26.971 27.078 27.171 27.303
17.286 17.308 17.296 17.336 17.348 17.363 17.368 17.328 17.423 17.871 17.953 17.963 17.891 17.791 17.818 18.613 21.403 19.756 18.313 18.678 19.086 19.961 20.766 21.396 21.916 23.426 22.826 22.911 23.101 23.261 23.411 23.593 23.773 23.926 24.063 24.231 24.406 24.576 24.698 24.796 24.906 25.068 25.251 25.343 25.396 25.481 25.576 25.663 25.698 25.726 25.746 25.793 25.901 25.978 26.051 26.171 26.281 26.373 26.473 26.513 26.558 26.616 26.631 26.658 26.733 26.888 26.946 27.013 27.106 27.208 27.311
17.34 17.35 17.353 17.388 17.413 17.405 17.39 17.38 17.398 17.64 17.913 17.91 17.768 17.815 17.925 18.983 21.255 19.198 20.12 18.62 18.943 19.728 20.643 21.385 21.868 22.473 23.035 22.988 23.218 23.373 23.518 23.698 23.865 24.003 24.145 24.32 24.5 24.638 24.765 24.895 25.02 25.178 25.34 25.433 25.47 25.573 25.685 25.74 25.8 25.795 25.788 25.845 25.948 26.008 26.108 26.228 26.325 26.408 26.535 26.59 26.638 26.7 26.718 26.76 26.828 26.953 27.023 27.058 27.135 27.283 27.35
17.423 17.428 17.405 17.41 17.44 17.473 17.46 17.423 17.42 17.503 17.678 17.675 17.775 17.78 18.06 17.958 19.418 18.528 21.6 19.865 18.843 19.485 20.44 21.198 21.87 22.463 22.92 23.113 23.295 23.448 23.62 23.778 23.95 24.105 24.223 24.413 24.58 24.708 24.818 24.943 25.115 25.28 25.415 25.498 25.585 25.635 25.715 25.795 25.863 25.87 25.833 25.87 25.995 26.045 26.165 26.243 26.358 26.435 26.515 26.63 26.683 26.733 26.77 26.84 26.89 26.978 27.035 27.098 27.2 27.28 27.363
17.468 17.468 17.473 17.478 17.455 17.503 17.508 17.483 17.473 17.48 17.57 17.675 17.718 18.23 18.395 20.115 19.763 20.1 22.285 19.22 18.793 19.278 20.235 21.233 21.898 22.518 23.12 23.248 23.343 23.545 23.685 23.868 24.028 24.225 24.373 24.523 24.673 24.788 24.883 25.015 25.158 25.333 25.435 25.543 25.655 25.67 25.768 25.865 25.883 25.915 25.873 25.923 26.005 26.088 26.158 26.243 26.35 26.448 26.525 26.655 26.728 26.79 26.823 26.905 26.963 26.995 27.065 27.135 27.2 27.27 27.368
17.498 17.54 17.528 17.515 17.508 17.53 17.555 17.523 17.538 17.555 17.583 17.685 17.77 17.795 17.923 17.968 18.475 23.328 20.45 20.193 18.823 19.168 20.165 21.013 22.178 23.265 23.378 23.42 23.423 23.628 23.793 23.95 24.118 24.288 24.473 24.62 24.753 24.833 24.963 25.113 25.23 25.38 25.51 25.573 25.703 25.765 25.795 25.87 25.888 25.915 25.953 25.983 26.035 26.095 26.17 26.265 26.373 26.47 26.583 26.715 26.803 26.845 26.88 26.973 27.035 27.088 27.14 27.205 27.255 27.328 27.383
17.588 17.593 17.57 17.565 17.588 17.57 17.6 17.575 17.57 17.6 17.603 17.715 17.783 17.875 17.968 19.36 20.063 24.088 18.7 19.248 18.82 19.113 19.908 20.833 21.798 22.63 23.528 23.573 23.58 23.708 23.855 24.055 24.215 24.395 24.558 24.723 24.805 24.885 25.023 25.158 25.27 25.395 25.54 25.62 25.693 25.818 25.858 25.915 25.958 25.988 26.05 26.075 26.09 26.13 26.23 26.335 26.423 26.53 26.645 26.743 26.85 26.903 26.93 27.01 27.07 27.138 27.205 27.27 27.333 27.393 27.473
17.635 17.658 17.633 17.638 17.7 17.675 17.638 17.605 17.615 17.638 17.648 17.735 17.953 18.188 18.31 18.198 18.735 20.54 19.925 20.033 19.018 19.18 19.833 20.905 21.623 22.43 23.448 23.67 23.698 23.825 23.983 24.113 24.31 24.488 24.673 24.818 24.895 24.96 25.07 25.208 25.318 25.428 25.58 25.658 25.69 25.865 25.948 25.983 26.013 26.123 26.183 26.23 26.2 26.205 26.3 26.408 26.513 26.618 26.718 26.803 26.88 26.91 26.965 27.023 27.058 27.16 27.253 27.328 27.36 27.468 27.523
17.735 17.69 17.678 17.72 17.708 17.693 17.675 17.678 17.638 17.658 17.698 17.778 17.89 18.11 18.463 19.325 20.268 19.928 19.96 19.975 18.81 19.158 19.755 20.605 21.523 22.29 23.168 23.77 23.825 23.925 24.075 24.233 24.423 24.58 24.738 24.868 24.94 25.02 25.128 25.248 25.358 25.5 25.625 25.735 25.785 25.913 26.013 26.053 26.083 26.208 26.305 26.31 26.313 26.305 26.36 26.465 26.56 26.693 26.775 26.823 26.883 26.933 26.993 27.05 27.125 27.193 27.285 27.365 27.428 27.52 27.553
17.768 17.765 17.74 17.778 17.758 17.72 17.72 17.69 17.665 17.723 17.733 17.823 17.943 18.18 18.588 18.993 21.28 20.453 19.375 19.563 18.52 19.255 19.58 20.433 21.36 22.348 23.313 23.868 23.943 24.06 24.19 24.368 24.54 24.643 24.81 24.935 25.02 25.125 25.213 25.308 25.45 25.573 25.72 25.783 25.873 25.988 26.06 26.123 26.175 26.3 26.35 26.38 26.44 26.413 26.455 26.538 26.605 26.695 26.788 26.828 26.883 26.95 27.033 27.108 27.185 27.253 27.308 27.393 27.478 27.548 27.6
17.793 17.783 17.803 17.82 17.785 17.755 17.733 17.71 17.738 17.75 17.81 17.86 17.973 18.275 18.578 19.475 20.945 20.245 20.815 21.905 18.383 19.38 19.785 20.453 21.46 22.475 23.428 24.1 24.008 24.133 24.283 24.46 24.623 24.745 24.885 25.015 25.103 25.22 25.303 25.395 25.508 25.653 25.768 25.813 25.898 25.983 26.118 26.208 26.243 26.355 26.385 26.43 26.495 26.538 26.543 26.6 26.653 26.723 26.815 26.863 26.938 27.005 27.045 27.14 27.235 27.32 27.383 27.458 27.563 27.628 27.67
17.873 17.885 17.873 17.865 17.818 17.805 17.785 17.76 17.825 17.855 17.88 17.935 18.038 18.273 18.493 19.513 21.93 20.32 19.84 19 18.72 19.625 20.135 20.653 21.54 22.638 23.575 24.12 24.105 24.225 24.378 24.56 24.693 24.828 24.948 25.095 25.238 25.283 25.37 25.49 25.573 25.69 25.825 25.9 25.955 26.065 26.143 26.265 26.318 26.353 26.395 26.425 26.52 26.593 26.63 26.665 26.715 26.813 26.91 26.925 26.99 27.043 27.088 27.183 27.265 27.38 27.468 27.533 27.623 27.66 27.715
17.92 17.91 17.913 17.855 17.84 17.825 17.85 17.865 17.905 17.918 17.905 17.983 18.188 18.473 20.083 21.143 19.213 18.493 18.465 18.413 19.343 19.99 20.623 21.14 21.94 23.15 23.705 24.31 24.195 24.338 24.5 24.678 24.84 24.945 25.07 25.215 25.3 25.355 25.448 25.52 25.623 25.753 25.888 25.975 26.058 26.123 26.213 26.32 26.383 26.42 26.458 26.498 26.573 26.653 26.703 26.738 26.793 26.833 26.893 26.938 27.03 27.068 27.078 27.185 27.285 27.4 27.485 27.575 27.643 27.7 27.77
17.963 17.96 17.943 17.885 17.878 17.89 17.903 17.948 17.955 17.948 17.965 18.173 18.995 18.438 18.778 19.608 19.993 18.643 18.28 19.135 19.863 20.165 22.15 23.378 22.585 23.428 24.085 24.398 24.318 24.483 24.628 24.803 24.99 25.1 25.203 25.298 25.363 25.4 25.5 25.6 25.698 25.85 25.978 26.073 26.16 26.18 26.293 26.398 26.465 26.538 26.58 26.588 26.603 26.678 26.75 26.76 26.81 26.848 26.895 26.943 27.033 27.103 27.12 27.21 27.333 27.42 27.503 27.563 27.645 27.725 27.775
17.99 18.015 17.963 17.935 17.9 17.905 18.01 18.025 18.025 18.06 18.08 19.58 19.745 18.668 18.523 18.89 18.65 18.475 19.003 19.928 20.46 20.773 21.383 22.113 22.978 23.743 24.605 24.528 24.443 24.613 24.763 24.908 25.09 25.218 25.293 25.373 25.408 25.443 25.57 25.668 25.755 25.863 26.028 26.163 26.218 26.243 26.345 26.44 26.543 26.603 26.653 26.66 26.675 26.71 26.758 26.81 26.84 26.905 26.948 27.018 27.078 27.153 27.193 27.245 27.35 27.413 27.443 27.54 27.663 27.755 27.778
18.073 18.038 18.003 17.955 17.943 17.99 18.05 18.088 18.07 18.1 19.708 21.333 18.87 18.918 20.805 19.195 18.43 18.885 19.72 20.288 20.87 21.173 21.598 22.08 23.23 24.405 25.038 24.485 24.608 24.738 24.873 25.035 25.178 25.293 25.368 25.478 25.503 25.548 25.603 25.718 25.798 25.918 26.07 26.215 26.278 26.308 26.403 26.485 26.55 26.585 26.648 26.688 26.72 26.768 26.81 26.868 26.895 26.923 26.975 27.018 27.108 27.21 27.233 27.293 27.375 27.403 27.448 27.543 27.683 27.755 27.823
18.113 18.05 18.03 18.028 17.993 18.058 18.11 18.11 18.135 18.148 20.613 21.19 18.615 18.648 18.993 19.835 18.75 19.67 20.213 20.705 21.22 22.09 21.798 22.528 23.81 24.995 24.793 24.598 24.785 24.89 24.998 25.09 25.23 25.3 25.413 25.533 25.58 25.648 25.665 25.763 25.873 25.98 26.155 26.295 26.335 26.388 26.43 26.533 26.603 26.635 26.705 26.705 26.745 26.805 26.813 26.853 26.913 26.975 27.025 27.07 27.148 27.253 27.255 27.305 27.348 27.39 27.475 27.565 27.663 27.73 27.78
18.113 18.095 18.075 18.028 18.065 18.133 18.14 18.15 18.188 18.595 20.05 20.438 19.03 19.233 18.593 18.725 19.728 20.055 20.645 21.225 21.545 21.88 22.308 23.04 24.668 24.955 24.648 24.71 24.873 25.013 25.133 25.238 25.345 25.428 25.508 25.595 25.64 25.673 25.753 25.838 25.958 26.093 26.24 26.343 26.393 26.438 26.495 26.55 26.595 26.683 26.768 26.808 26.828 26.82 26.833 26.868 26.908 26.953 27.053 27.113 27.16 27.25 27.25 27.315 27.335 27.378 27.463 27.558 27.623 27.703 27.778
