All_lidar/sz6292_DSM_2M.asc
ncols 500
nrows 500
xllcorner    462000
yllcorner    92000
cellsize     2
NODATA_value -9999
[rows 448 to 479 of 500, columns 146 to 218 of 500]
-1.424 -1.344 -1.178 -1.019 -1.13 -1.187 -1.206 -1.177 -1.04 -1.002 -0.941 -0.884 -0.721 -0.48 -0.279 -0.508 -0.782 -1.029 -1.234 -1.445 -1.537 -1.529 -1.536 -1.82 -1.766 -1.786 -1.601 -1.341 -1.071 -1.12 -1.297 -1.325 -1.357 -1.37 -1.299 -1.132 -1.117 -1.057 -0.974 -0.863 -0.943 -1.094 -1.143 -1.215 -1.185 -1.067 -1.11 -1.258 -1.272 -1.27 -1.53 -1.765 -1.932 -1.907 -1.728 -1.467 -1.187 -0.942 -0.702 -0.489 -0.755 -0.954 -1.077 -1.246 -1.212 -1.257 -1.213 -1.121 -0.946 -0.951 -1.201 -1.466 -1.665
-1.652 -1.447 -1.348 -1.097 -0.892 -1.007 -1.165 -1.217 -1.219 -1.277 -1.164 -1.042 -0.836 -0.622 -0.471 -0.562 -0.758 -1.028 -1.269 -1.514 -1.754 -1.819 -1.575 -1.551 -1.516 -1.54 -1.451 -1.227 -0.992 -0.892 -1.058 -1.082 -1.049 -1.07 -0.997 -0.896 -0.825 -0.794 -0.709 -0.837 -1.029 -1.138 -1.176 -1.091 -1.073 -0.886 -1.051 -1.289 -1.403 -1.484 -1.524 -1.734 -1.9 -1.95 -1.691 -1.414 -1.147 -0.907 -0.67 -0.394 -0.525 -0.699 -0.868 -0.98 -0.978 -1.003 -0.958 -0.93 -0.81 -1.022 -1.261 -1.559 -1.805
-1.617 -1.636 -1.364 -1.175 -0.901 -1.142 -1.374 -1.416 -1.41 -1.41 -1.356 -1.135 -0.929 -0.658 -0.494 -0.498 -0.693 -0.976 -1.233 -1.489 -1.681 -1.8 -1.519 -1.271 -1.263 -1.248 -1.202 -1.052 -0.88 -0.674 -0.755 -0.832 -0.857 -0.839 -0.715 -0.639 -0.529 -0.506 -0.696 -0.915 -1.17 -1.31 -1.35 -1.262 -1.232 -1.001 -1.145 -1.431 -1.645 -1.796 -1.695 -1.617 -1.931 -1.884 -1.627 -1.391 -1.14 -0.929 -0.679 -0.319 -0.275 -0.472 -0.573 -0.65 -0.724 -0.739 -0.69 -0.612 -0.749 -0.972 -1.249 -1.589 -1.841
-1.625 -1.598 -1.342 -1.136 -1.167 -1.201 -1.427 -1.673 -1.576 -1.633 -1.442 -1.134 -0.974 -0.732 -0.507 -0.512 -0.697 -0.916 -1.15 -1.398 -1.467 -1.475 -1.411 -1.195 -0.986 -0.988 -0.963 -0.854 -0.712 -0.513 -0.44 -0.502 -0.563 -0.539 -0.464 -0.417 -0.305 -0.616 -0.824 -1.044 -1.284 -1.486 -1.587 -1.484 -1.325 -1.2 -1.143 -1.434 -1.779 -2.109 -1.704 -1.566 -1.655 -1.593 -1.528 -1.325 -1.128 -0.869 -0.612 -0.296 -0.025 -0.214 -0.321 -0.375 -0.419 -0.472 -0.441 -0.373 -0.643 -0.959 -1.229 -1.475 -1.685
-1.591 -1.371 -1.255 -1.258 -1.371 -1.301 -1.43 -1.731 -1.612 -1.417 -1.309 -1.111 -0.924 -0.66 -0.477 -0.377 -0.65 -0.832 -1.056 -1.157 -1.176 -1.231 -1.167 -1.046 -0.809 -0.775 -0.741 -0.671 -0.489 -0.297 -0.123 -0.179 -0.229 -0.249 -0.224 -0.169 -0.285 -0.594 -0.833 -1.038 -1.312 -1.549 -1.859 -1.593 -1.457 -1.314 -1.141 -1.437 -1.782 -2.098 -1.961 -1.658 -1.346 -1.302 -1.289 -1.169 -0.958 -0.766 -0.52 -0.266 0.044 0.103 -0.111 -0.151 -0.19 -0.138 -0.135 -0.328 -0.535 -0.858 -1.087 -1.386 -1.526
-1.543 -1.341 -1.339 -1.361 -1.615 -1.351 -1.228 -1.368 -1.385 -1.309 -1.091 -0.957 -0.817 -0.549 -0.342 -0.273 -0.502 -0.692 -0.836 -0.888 -0.938 -0.955 -0.901 -0.817 -0.638 -0.474 -0.46 -0.408 -0.275 -0.103 0.119 0.038 0.023 0.017 -0.015 0.047 -0.223 -0.518 -0.762 -0.994 -1.286 -1.524 -1.827 -1.849 -1.551 -1.338 -1.129 -1.449 -1.729 -1.992 -1.605 -1.457 -1.237 -1.093 -1.028 -0.903 -0.779 -0.604 -0.409 -0.177 0.092 0.327 0.113 0.12 0.075 0.15 0.018 -0.216 -0.443 -0.718 -0.895 -1.103 -1.253
-1.323 -1.371 -1.573 -1.614 -1.608 -1.353 -1.232 -1.354 -1.259 -1.082 -0.938 -0.756 -0.671 -0.453 -0.264 -0.144 -0.312 -0.471 -0.568 -0.649 -0.684 -0.703 -0.65 -0.608 -0.463 -0.465 -0.432 -0.41 -0.36 -0.237 -0.058 0.022 0.19 0.216 0.207 -0.003 -0.276 -0.509 -0.752 -0.989 -1.251 -1.479 -1.75 -1.514 -1.428 -1.237 -1.073 -1.306 -1.563 -1.631 -1.453 -1.255 -1.073 -0.902 -0.727 -0.672 -0.536 -0.356 -0.258 -0.016 0.162 0.392 0.4 0.35 0.372 0.408 0.144 -0.111 -0.29 -0.517 -0.658 -0.994 -1.306
-1.071 -1.319 -1.561 -1.555 -1.591 -1.344 -1.305 -1.559 -1.307 -1.247 -1.076 -0.804 -0.584 -0.394 -0.162 0.092 -0.12 -0.235 -0.32 -0.397 -0.401 -0.455 -0.576 -0.649 -0.712 -0.751 -0.66 -0.612 -0.558 -0.459 -0.254 -0.089 0.075 0.263 0.273 0.065 -0.194 -0.431 -0.756 -1.051 -1.17 -1.338 -1.497 -1.417 -1.242 -1.109 -0.927 -1.114 -1.271 -1.313 -1.207 -1.077 -0.811 -0.674 -0.47 -0.438 -0.254 -0.173 -0.073 0.141 0.257 0.469 0.727 0.645 0.67 0.595 0.258 0.059 -0.164 -0.41 -0.655 -0.946 -1.235
-1.006 -1.205 -1.311 -1.366 -1.361 -1.357 -1.487 -1.553 -1.607 -1.41 -1.119 -0.875 -0.674 -0.445 -0.173 0.097 0.135 -0.021 -0.118 -0.211 -0.394 -0.599 -0.773 -0.845 -0.894 -0.895 -0.883 -0.866 -0.729 -0.59 -0.442 -0.276 -0.046 0.155 0.355 0.082 -0.129 -0.398 -0.648 -0.845 -1.086 -1.129 -1.221 -1.181 -1.055 -0.99 -0.757 -0.958 -1.141 -1.057 -1.019 -0.9 -0.683 -0.468 -0.381 -0.215 -0.072 0 0.166 0.358 0.493 0.639 0.934 0.954 0.936 0.735 0.438 0.18 -0.043 -0.329 -0.576 -0.847 -1.096
-0.898 -1.048 -1.026 -1.074 -1.076 -1.337 -1.557 -1.507 -1.562 -1.319 -1.137 -0.893 -0.629 -0.372 -0.133 0.092 0.341 0.106 -0.088 -0.352 -0.522 -0.711 -0.954 -1.043 -1.124 -1.121 -1.113 -1.075 -0.922 -0.773 -0.584 -0.321 -0.126 0.058 0.232 0.169 -0.095 -0.318 -0.473 -0.66 -0.803 -0.92 -0.98 -0.956 -0.834 -0.735 -0.543 -0.703 -0.877 -0.974 -0.857 -0.711 -0.6 -0.354 -0.194 0.006 0.162 0.255 0.378 0.565 0.717 0.849 1.117 1.202 1.089 0.804 0.538 0.31 0.073 -0.216 -0.459 -0.691 -0.968
-0.646 -0.788 -0.828 -0.812 -1.002 -1.19 -1.25 -1.474 -1.518 -1.279 -1.069 -0.878 -0.597 -0.362 -0.116 0.142 0.305 0.09 -0.14 -0.371 -0.606 -0.797 -1.073 -1.268 -1.338 -1.35 -1.348 -1.24 -1.087 -0.853 -0.656 -0.418 -0.249 -0.125 0.041 0.201 0.038 -0.164 -0.357 -0.499 -0.553 -0.635 -0.738 -0.701 -0.622 -0.484 -0.355 -0.439 -0.506 -0.6 -0.57 -0.52 -0.394 -0.26 -0.108 0.086 0.316 0.469 0.591 0.706 0.83 1.02 1.243 1.363 1.111 0.91 0.667 0.425 0.156 -0.055 -0.305 -0.544 -0.779
-0.395 -0.54 -0.594 -0.68 -0.875 -1.03 -1.194 -1.261 -1.258 -1.177 -0.977 -0.754 -0.555 -0.341 -0.101 0.124 0.379 0.12 -0.115 -0.351 -0.576 -0.875 -1.135 -1.372 -1.549 -1.572 -1.53 -1.349 -1.152 -0.966 -0.711 -0.62 -0.445 -0.298 -0.065 0.137 0.176 -0.027 -0.138 -0.287 -0.319 -0.379 -0.478 -0.469 -0.362 -0.287 -0.164 -0.143 -0.231 -0.319 -0.338 -0.252 -0.182 -0.052 0.032 0.214 0.381 0.679 0.782 0.878 1.023 1.165 1.36 1.367 1.182 0.939 0.722 0.55 0.338 0.169 -0.148 -0.31 -0.489
-0.243 -0.315 -0.303 -0.479 -0.694 -0.923 -1.007 -1.016 -1.001 -0.969 -0.829 -0.603 -0.394 -0.27 -0.094 -0.012 0.156 0.149 -0.133 -0.375 -0.627 -0.855 -1.057 -1.322 -1.564 -1.568 -1.564 -1.316 -1.196 -1.1 -0.917 -0.758 -0.61 -0.38 -0.143 0.04 0.313 0.238 0.115 -0.02 -0.079 -0.151 -0.196 -0.2 -0.136 -0.038 0.069 0.074 0.016 -0.053 -0.044 0.046 0.135 0.186 0.275 0.425 0.557 0.847 1.022 1.126 1.288 1.435 1.555 1.484 1.279 1.209 0.882 0.626 0.443 0.361 0.126 -0.069 -0.189
-0.026 -0.101 -0.194 -0.306 -0.514 -0.692 -0.726 -0.781 -0.8 -0.737 -0.6 -0.426 -0.275 -0.338 -0.276 -0.168 -0.012 0.143 -0.134 -0.361 -0.6 -0.802 -1.034 -1.261 -1.349 -1.335 -1.306 -1.274 -1.485 -1.337 -1.075 -0.82 -0.617 -0.382 -0.155 -0.01 0.321 0.422 0.322 0.22 0.116 0.065 0.036 0.034 0.155 0.276 0.344 0.309 0.246 0.189 0.228 0.283 0.383 0.386 0.545 0.734 0.821 1.007 1.196 1.288 1.39 1.547 1.745 1.575 1.397 1.389 1.089 0.911 0.731 0.508 0.28 0.087 0.038
0.184 0.137 0.013 -0.15 -0.319 -0.393 -0.459 -0.531 -0.534 -0.451 -0.456 -0.496 -0.519 -0.551 -0.47 -0.377 -0.206 0.002 -0.024 -0.27 -0.514 -0.702 -0.908 -1.065 -1.123 -1.093 -1.138 -1.391 -1.713 -1.41 -1.194 -0.888 -0.664 -0.404 -0.178 0.056 0.372 0.573 0.559 0.439 0.29 0.25 0.283 0.337 0.346 0.467 0.627 0.54 0.541 0.435 0.457 0.544 0.569 0.643 0.77 0.943 1.088 1.237 1.402 1.512 1.635 1.756 1.933 1.777 1.555 1.386 1.208 1.11 0.851 0.614 0.494 0.361 0.224
0.185 0.34 0.179 0.011 -0.13 -0.173 -0.265 -0.316 -0.47 -0.621 -0.68 -0.737 -0.762 -0.771 -0.649 -0.523 -0.284 -0.145 0.061 -0.126 -0.337 -0.557 -0.694 -0.8 -0.874 -0.869 -1.175 -1.347 -1.67 -1.412 -1.206 -0.946 -0.647 -0.376 -0.135 0.056 0.328 0.543 0.761 0.6 0.542 0.519 0.56 0.591 0.582 0.641 0.773 0.814 0.73 0.651 0.713 0.859 0.865 0.995 1.066 1.176 1.27 1.431 1.584 1.783 1.926 1.966 1.986 2.031 1.719 1.557 1.381 1.274 1.107 0.867 0.74 0.663 0.515
0.024 0.213 0.361 0.18 0.1 0.006 -0.223 -0.427 -0.638 -0.79 -0.922 -0.962 -0.978 -0.935 -0.839 -0.614 -0.389 -0.265 -0.052 -0.023 -0.204 -0.371 -0.511 -0.584 -0.667 -0.87 -1.044 -1.228 -1.364 -1.267 -1.082 -0.905 -0.615 -0.368 -0.136 0.099 0.262 0.512 0.807 0.919 0.828 0.794 0.828 0.793 0.772 0.844 0.951 1.005 1.101 0.995 0.992 1.017 1.12 1.149 1.232 1.265 1.413 1.498 1.778 1.901 1.953 1.988 1.956 1.991 1.841 1.732 1.473 1.35 1.25 1.196 1.028 0.969 0.734
-0.129 0.096 0.203 0.274 0.14 -0.006 -0.274 -0.516 -0.744 -0.9 -1.09 -1.25 -1.206 -1.127 -0.947 -0.671 -0.416 -0.297 -0.124 0.099 -0.041 -0.188 -0.292 -0.384 -0.53 -0.743 -0.943 -1.034 -1.085 -1.041 -0.896 -0.774 -0.532 -0.33 -0.116 0.174 0.398 0.595 0.822 1.013 1.134 1.056 1.045 0.927 0.956 1.126 1.191 1.186 1.175 1.269 1.289 1.278 1.277 1.307 1.362 1.485 1.621 1.872 2.006 1.836 1.788 1.911 1.826 1.841 1.891 1.955 1.683 1.583 1.53 1.306 1.271 1.132 0.903
-0.228 -0.077 0.011 0.143 0.171 -0.025 -0.23 -0.444 -0.72 -0.936 -1.187 -1.427 -1.43 -1.228 -0.966 -0.77 -0.567 -0.33 -0.14 0.05 0.163 0.009 -0.108 -0.235 -0.397 -0.592 -0.756 -0.871 -0.832 -0.78 -0.673 -0.578 -0.375 -0.168 -0.015 0.152 0.269 0.389 0.604 0.837 1.028 1.2 1.202 1.166 1.218 1.333 1.424 1.498 1.445 1.461 1.492 1.499 1.527 1.555 1.57 1.707 1.887 1.908 1.823 1.766 1.783 1.826 1.848 1.848 1.876 2.051 1.913 1.884 1.683 1.51 1.434 1.341 1.214
-0.42 -0.211 -0.087 0.06 0.185 -0.034 -0.237 -0.414 -0.706 -0.964 -1.207 -1.351 -1.206 -1.142 -0.973 -0.756 -0.537 -0.361 -0.127 0.071 0.338 0.239 0.177 -0.053 -0.253 -0.381 -0.533 -0.664 -0.608 -0.632 -0.647 -0.644 -0.587 -0.372 -0.213 0.002 0.154 0.352 0.591 0.771 0.917 1.155 1.406 1.485 1.407 1.632 1.707 1.713 1.722 1.834 1.78 1.746 1.745 1.793 1.825 1.893 1.921 1.818 1.866 1.861 1.821 1.901 1.961 1.948 1.943 2.013 2.003 1.928 1.867 1.763 1.647 1.542 1.54
-0.557 -0.362 -0.258 -0.054 0.143 0.032 -0.205 -0.425 -0.659 -0.91 -1.084 -1.173 -1.114 -0.928 -0.804 -0.645 -0.429 -0.318 -0.087 0.08 0.177 0.271 0.278 -0.006 -0.158 -0.377 -0.593 -0.812 -0.844 -0.805 -0.874 -0.917 -0.74 -0.539 -0.364 -0.161 0.039 0.261 0.494 0.756 0.832 1.095 1.358 1.509 1.657 1.783 1.923 1.975 1.991 1.936 1.856 1.871 1.933 1.888 1.863 2.001 2.006 1.856 1.893 2.028 1.861 1.958 2.011 1.968 1.981 1.993 1.981 1.883 1.923 1.901 1.871 1.792 1.824
-0.648 -0.529 -0.356 -0.11 0.062 0.062 -0.077 -0.386 -0.564 -0.756 -0.891 -0.897 -0.906 -0.78 -0.621 -0.472 -0.349 -0.165 -0.115 -0.105 -0.05 0.06 0.193 -0.06 -0.313 -0.503 -0.731 -0.937 -1.028 -1.116 -1.097 -0.975 -0.86 -0.652 -0.443 -0.223 -0.072 0.156 0.381 0.561 0.798 1.039 1.271 1.421 1.673 1.993 1.938 1.933 1.966 1.873 1.906 1.928 1.876 1.813 1.993 2.123 1.838 1.908 1.983 2.021 1.876 1.921 1.863 1.876 1.906 1.976 1.958 1.828 1.828 1.833 1.938 1.966 1.963
-0.788 -0.574 -0.416 -0.169 0.051 0.146 -0.049 -0.245 -0.373 -0.502 -0.647 -0.697 -0.654 -0.604 -0.477 -0.277 -0.285 -0.311 -0.274 -0.262 -0.256 -0.129 -0.011 -0.159 -0.325 -0.533 -0.791 -1.007 -1.227 -1.343 -1.398 -1.151 -0.944 -0.728 -0.534 -0.291 -0.105 0.123 0.377 0.564 0.813 1.028 1.203 1.404 1.712 2.051 1.938 1.836 1.851 1.888 1.856 1.858 1.816 1.848 1.938 1.968 1.843 1.953 2.033 1.933 1.871 1.828 1.811 1.908 1.931 1.901 1.876 1.833 1.841 1.863 1.868 1.938 2.043
-0.863 -0.592 -0.394 -0.169 0.044 0.24 0.097 -0.072 -0.2 -0.292 -0.378 -0.43 -0.46 -0.405 -0.285 -0.384 -0.44 -0.481 -0.514 -0.509 -0.437 -0.346 -0.25 -0.17 -0.31 -0.585 -0.844 -1.181 -1.243 -1.497 -1.567 -1.264 -0.974 -0.76 -0.578 -0.378 -0.089 0.107 0.392 0.603 0.847 1.189 1.225 1.413 1.784 2.058 1.788 1.933 1.841 1.893 1.996 1.936 1.966 1.938 1.841 1.873 1.978 1.991 1.893 1.873 1.916 1.903 1.843 1.906 1.891 1.831 1.853 1.856 1.946 1.953 2.013 1.963 2.051
-0.753 -0.534 -0.379 -0.165 0.115 0.332 0.23 0.095 0.007 -0.065 -0.215 -0.211 -0.215 -0.199 -0.389 -0.538 -0.681 -0.726 -0.742 -0.757 -0.662 -0.481 -0.341 -0.231 -0.36 -0.619 -0.836 -1.109 -1.264 -1.519 -1.572 -1.278 -0.941 -0.729 -0.524 -0.268 -0.055 0.135 0.381 0.627 0.842 1.04 1.207 1.49 1.773 2.006 1.903 2.066 1.893 1.906 1.913 1.923 1.913 1.828 1.826 1.893 1.858 1.848 1.866 1.838 1.888 1.958 1.878 1.856 1.831 1.831 1.903 1.851 1.946 1.938 1.978 2.028 1.968
-0.594 -0.434 -0.269 -0.033 0.173 0.319 0.37 0.307 0.209 0.146 0.062 -0.021 -0.186 -0.368 -0.536 -0.701 -0.883 -0.956 -0.961 -0.976 -0.839 -0.598 -0.547 -0.352 -0.304 -0.583 -0.79 -1.049 -1.197 -1.225 -1.266 -1.104 -0.9 -0.679 -0.473 -0.271 -0.056 0.208 0.379 0.61 0.805 1.018 1.279 1.479 1.705 1.941 1.963 2.056 1.986 1.941 1.921 1.906 1.888 1.806 1.938 1.931 1.851 1.881 1.881 1.816 1.823 1.891 1.908 1.816 1.788 1.831 1.831 1.831 1.946 1.931 1.913 1.933 1.898
-0.398 -0.232 -0.118 0.019 0.158 0.301 0.415 0.539 0.437 0.244 0.117 -0.029 -0.219 -0.407 -0.647 -0.84 -1.047 -1.124 -1.165 -1.168 -0.904 -0.816 -0.6 -0.398 -0.22 -0.442 -0.625 -0.827 -0.938 -1.015 -0.959 -0.957 -0.791 -0.587 -0.396 -0.215 -0.023 0.193 0.39 0.599 0.864 1.112 1.303 1.442 1.73 1.916 1.876 1.963 2.013 2.013 1.891 1.881 1.813 1.741 1.753 1.833 1.853 1.856 1.851 1.838 1.871 1.866 1.886 1.918 1.821 1.806 1.758 1.876 1.986 1.968 1.991 1.918 1.916
-0.214 -0.092 -0.093 -0.049 0.055 0.146 0.264 0.474 0.262 0.147 0.019 -0.148 -0.264 -0.341 -0.625 -0.88 -1.116 -1.353 -1.367 -1.203 -1.08 -0.89 -0.732 -0.472 -0.263 -0.287 -0.489 -0.639 -0.75 -0.779 -0.753 -0.735 -0.58 -0.397 -0.272 -0.146 0.033 0.268 0.445 0.649 0.928 1.161 1.311 1.497 1.722 1.886 1.856 1.908 1.951 1.878 1.848 1.946 1.788 1.861 1.793 1.886 1.846 1.913 1.883 1.778 1.878 1.813 1.853 1.816 1.801 1.816 1.801 1.936 1.948 1.838 1.896 1.958 2.008
-0.332 -0.333 -0.29 -0.215 -0.12 0.014 0.139 0.34 0.139 0.021 -0.141 -0.282 -0.431 -0.535 -0.616 -0.851 -1.08 -1.327 -1.346 -1.39 -1.215 -0.938 -0.79 -0.505 -0.315 -0.149 -0.298 -0.417 -0.494 -0.476 -0.532 -0.495 -0.378 -0.273 -0.117 0.001 0.184 0.426 0.557 0.733 1.03 1.219 1.335 1.516 1.878 1.938 1.878 2.061 2.003 1.908 1.903 1.998 1.881 1.918 1.923 1.898 1.838 1.821 1.826 1.821 1.851 1.848 1.953 1.813 1.708 1.896 1.931 1.943 1.826 1.828 1.811 1.848 1.938
-0.522 -0.503 -0.46 -0.388 -0.254 -0.116 0.102 0.261 0.024 -0.121 -0.305 -0.439 -0.594 -0.755 -0.825 -0.792 -0.969 -1.069 -1.352 -1.132 -1.062 -0.92 -0.688 -0.479 -0.261 -0.085 -0.112 -0.211 -0.281 -0.245 -0.241 -0.249 -0.176 -0.06 0.022 0.173 0.394 0.52 0.725 0.911 1.102 1.248 1.366 1.68 1.924 1.986 1.996 1.951 1.873 1.928 1.901 1.956 2.028 1.881 1.951 1.846 1.916 1.896 1.826 1.823 1.856 1.781 1.968 1.923 1.871 1.896 1.863 1.843 1.808 1.913 1.868 1.978 1.906
-0.705 -0.714 -0.661 -0.563 -0.417 -0.228 -0.06 0.155 -0.09 -0.24 -0.427 -0.595 -0.742 -0.962 -1.067 -0.983 -0.804 -0.988 -1.072 -1.007 -0.836 -0.745 -0.559 -0.345 -0.187 0.019 0.067 -0.038 -0.032 -0.014 0.018 0 0.057 0.141 0.252 0.37 0.601 0.72 0.841 0.972 1.177 1.358 1.586 1.807 1.931 2.043 1.918 1.901 1.923 1.973 1.921 1.953 1.903 1.838 1.906 1.816 1.886 1.868 1.843 1.863 1.881 1.818 1.858 1.971 1.951 1.901 1.876 1.721 1.856 1.911 1.871 1.956 1.866
-0.887 -0.919 -0.818 -0.669 -0.461 -0.259 -0.103 0.097 -0.114 -0.306 -0.456 -0.761 -0.92 -1.048 -1.239 -1.022 -0.809 -0.766 -0.834 -0.891 -0.7 -0.592 -0.399 -0.244 -0.101 0.107 0.279 0.246 0.264 0.269 0.233 0.231 0.256 0.333 0.438 0.538 0.673 0.833 1.019 1.185 1.285 1.504 1.712 1.9 2.051 2.001 1.853 1.876 1.936 1.906 1.881 1.948 1.936 1.901 1.851 1.846 1.863 1.871 1.918 1.913 1.856 1.826 1.843 1.971 1.993 1.953 1.898 1.883 1.943 1.896 1.858 1.936 1.846
