All_lidar/sz6288_DSM_2M.asc
ncols 500
nrows 500
xllcorner    462000
yllcorner    88000
cellsize     2
NODATA_value -9999
[rows 374 to 407 of 500, columns 0 to 76 of 500]
1 0.939 0.966 1.012 0.986 0.966 0.955 0.946 0.977 0.971 0.999 0.999 1.014 1.014 1.014 1.024 1.011 1.036 1.016 1.039 1.009 1.026 1.014 1.026 1.021 1.019 1.006 1.019 1.009 0.999 0.994 1.026 1.041 1.064 1.079 1.034 1.099 1.144 1.174 1.231 1.321 1.394 1.409 1.501 1.721 1.731 1.646 1.579 1.676 1.754 2.094 1.739 1.519 1.147 1.062 0.984 0.894 0.954 0.892 0.899 0.897 0.937 1.037 1.157 1.102 0.887 0.724 0.709 0.657 0.599 0.529 0.462 0.412 0.359 0.332 0.292 0.404
0.889 1.003 1.052 1.058 0.997 0.96 0.957 0.943 0.966 0.939 0.934 0.931 0.929 0.916 0.951 0.939 0.934 0.969 0.971 0.959 0.964 0.979 0.984 0.959 0.969 0.981 0.966 0.979 1.004 0.986 0.999 1.001 1.004 1.011 1.014 1.046 1.081 1.154 1.221 1.281 1.356 1.401 1.449 1.651 1.724 1.694 1.621 1.636 1.644 2.119 2.137 1.659 1.157 0.999 1.089 0.879 0.857 0.864 0.894 0.927 0.914 1.012 1.142 1.124 0.909 0.757 0.697 0.672 0.634 0.552 0.492 0.444 0.397 0.339 0.319 0.317 0.384
0.937 0.985 0.989 1.033 0.947 0.925 0.934 0.915 0.914 0.924 0.934 0.924 0.921 0.901 0.924 0.906 0.911 0.896 0.914 0.916 0.866 0.876 0.884 0.891 0.886 0.929 0.904 0.911 0.929 0.916 0.999 1.031 1.084 1.116 1.109 1.059 1.089 1.161 1.256 1.296 1.354 1.404 1.539 1.716 1.706 1.674 1.591 1.614 1.609 1.766 1.377 1.194 1.014 0.932 0.839 0.847 0.804 0.812 0.899 0.917 0.982 1.129 1.099 0.957 0.779 0.737 0.702 0.657 0.602 0.554 0.469 0.452 0.394 0.377 0.327 0.339 0.374
1.042 1.019 0.995 0.976 0.922 0.91 0.912 0.919 0.924 0.926 0.926 0.929 0.934 0.926 0.929 0.944 0.936 0.929 0.939 0.961 0.941 0.929 0.926 0.909 0.904 0.901 0.906 0.896 0.921 0.899 0.956 1.051 1.109 1.171 1.219 1.129 1.084 1.214 1.301 1.341 1.356 1.401 1.641 1.716 1.691 1.576 1.586 1.649 2.019 1.654 0.969 1.097 0.982 0.899 0.804 0.784 0.814 0.852 0.929 0.964 1.087 1.119 0.967 0.797 0.739 0.692 0.674 0.659 0.609 0.534 0.524 0.492 0.392 0.374 0.317 0.309 0.389
1.052 1.008 1.026 0.964 0.917 0.912 0.952 0.924 0.939 0.931 0.956 0.956 0.944 0.954 0.956 0.961 0.981 0.951 0.966 0.964 0.961 0.954 0.939 0.954 0.956 0.949 0.939 0.896 0.911 0.929 0.969 1.024 1.054 1.126 1.189 1.091 1.136 1.249 1.309 1.389 1.374 1.506 1.701 1.701 1.629 1.546 1.556 1.886 2.496 1.799 0.944 1.037 0.957 0.892 0.819 0.814 0.854 0.894 0.949 1.069 1.137 1.027 0.817 0.752 0.717 0.682 0.674 0.637 0.582 0.562 0.497 0.464 0.392 0.352 0.332 0.259 0.349
0.965 0.945 0.975 0.904 0.861 0.84 0.866 0.876 0.864 0.866 0.876 0.866 0.879 0.864 0.896 0.916 0.921 0.904 0.919 0.921 0.919 0.916 0.899 0.924 0.921 0.904 0.894 0.834 0.849 0.914 0.951 1.004 0.941 0.984 1.041 1.154 1.209 1.289 1.374 1.404 1.434 1.624 1.649 1.639 1.561 1.541 1.541 2.279 2.496 1.524 0.994 0.997 0.947 0.882 0.829 0.859 0.847 0.932 1.047 1.159 1.079 0.832 0.762 0.719 0.719 0.692 0.669 0.609 0.562 0.517 0.507 0.514 0.424 0.354 0.319 0.189 0.324
0.872 0.901 0.93 0.907 0.914 0.881 0.899 0.936 0.926 0.914 0.909 0.921 0.921 0.921 0.946 0.951 0.944 0.961 0.949 0.961 0.964 0.961 0.949 0.944 0.934 0.924 0.916 0.939 0.944 0.944 0.906 0.896 0.839 0.849 0.964 1.121 1.211 1.326 1.484 1.494 1.589 1.639 1.624 1.581 1.486 1.511 1.621 2.471 2.009 1.261 0.959 0.982 0.864 0.844 0.834 0.842 0.909 1.002 1.109 1.104 0.849 0.724 0.692 0.692 0.674 0.657 0.644 0.612 0.572 0.554 0.539 0.534 0.459 0.382 0.322 0.234 0.317
0.788 0.831 0.825 0.837 0.846 0.881 0.889 0.879 0.846 0.856 0.864 0.856 0.876 0.856 0.869 0.864 0.871 0.886 0.884 0.891 0.874 0.876 0.881 0.859 0.876 0.806 0.829 0.834 0.851 0.909 0.919 0.859 0.809 0.779 0.934 1.094 1.199 1.326 1.509 1.571 1.754 1.709 1.609 1.541 1.456 1.514 1.766 2.099 1.591 0.989 0.917 0.917 0.809 0.824 0.842 0.884 0.977 1.104 1.059 0.874 0.707 0.697 0.652 0.659 0.634 0.639 0.614 0.599 0.562 0.582 0.567 0.557 0.472 0.392 0.349 0.317 0.289
0.805 0.824 0.831 0.863 0.886 0.909 0.929 0.921 0.904 0.881 0.911 0.926 0.924 0.909 0.899 0.896 0.939 0.931 0.931 0.944 0.936 0.921 0.924 0.926 0.901 0.894 0.884 0.874 0.874 0.919 0.954 0.886 0.801 0.811 0.961 1.066 1.179 1.224 1.351 1.634 1.796 1.776 1.661 1.551 1.521 1.531 1.281 1.634 1.669 0.964 1.059 0.922 0.822 0.804 0.877 0.942 1.094 1.127 0.904 0.754 0.689 0.622 0.622 0.644 0.642 0.604 0.594 0.559 0.552 0.554 0.514 0.539 0.479 0.452 0.402 0.332 0.292
0.836 0.824 0.815 0.832 0.841 0.846 0.824 0.869 0.886 0.846 0.886 0.881 0.884 0.876 0.864 0.861 0.844 0.849 0.881 0.884 0.861 0.886 0.869 0.851 0.856 0.834 0.844 0.861 0.891 0.891 0.901 0.851 0.789 0.864 0.984 1.081 1.179 1.164 1.201 1.594 1.734 1.774 1.654 1.596 1.531 1.444 1.234 1.799 1.529 0.986 1.184 0.799 0.837 0.894 0.962 1.107 1.144 0.944 0.749 0.687 0.642 0.602 0.599 0.602 0.587 0.617 0.587 0.559 0.559 0.527 0.497 0.507 0.444 0.464 0.397 0.339 0.302
0.859 0.803 0.817 0.816 0.839 0.826 0.834 0.859 0.874 0.909 0.874 0.884 0.891 0.881 0.884 0.889 0.906 0.846 0.881 0.874 0.861 0.879 0.854 0.836 0.851 0.854 0.831 0.876 0.916 0.874 0.786 0.846 0.809 0.906 0.989 1.076 1.166 1.166 1.241 1.591 1.676 1.631 1.576 1.586 1.539 1.411 1.236 1.276 1.146 1.579 1.157 0.862 0.917 1.017 1.107 1.152 0.962 0.744 0.689 0.669 0.612 0.589 0.572 0.569 0.569 0.564 0.582 0.562 0.529 0.499 0.502 0.479 0.457 0.444 0.387 0.342 0.264
0.873 0.864 0.826 0.781 0.799 0.811 0.809 0.824 0.801 0.836 0.839 0.849 0.879 0.866 0.864 0.854 0.846 0.846 0.844 0.834 0.829 0.846 0.859 0.831 0.836 0.824 0.814 0.871 0.941 0.834 0.756 0.786 0.849 0.911 0.939 1.071 1.161 1.161 1.344 1.681 1.636 1.561 1.496 1.639 1.744 1.716 1.546 1.339 1.301 1.669 1.034 1.009 1.069 1.107 1.127 0.967 0.749 0.677 0.649 0.617 0.597 0.527 0.537 0.542 0.539 0.532 0.517 0.524 0.517 0.517 0.487 0.532 0.472 0.474 0.377 0.309 0.294
1.036 1.029 1.061 1.046 1.066 1.034 0.966 0.971 0.916 0.916 0.886 0.841 0.839 0.841 0.799 0.826 0.829 0.799 0.801 0.831 0.816 0.811 0.879 0.896 0.841 0.826 0.821 0.869 0.911 0.804 0.759 0.771 0.879 0.914 0.944 1.019 1.094 1.181 1.494 1.654 1.621 1.486 1.501 1.699 1.784 1.679 1.486 1.301 1.474 1.161 1.014 1.097 1.099 1.034 0.919 0.767 0.689 0.659 0.657 0.622 0.582 0.514 0.482 0.512 0.514 0.497 0.497 0.499 0.509 0.484 0.509 0.499 0.494 0.494 0.369 0.292 0.287
1.321 1.291 1.226 1.264 1.264 1.249 1.239 1.216 1.184 1.199 1.149 1.049 1.001 0.994 0.924 0.889 0.859 0.821 0.791 0.786 0.794 0.854 0.936 0.939 0.876 0.871 0.901 0.896 0.911 0.871 0.821 0.841 0.901 0.884 0.941 1.074 1.149 1.211 1.479 1.606 1.581 1.454 1.496 1.739 1.551 1.354 1.256 1.131 1.424 0.934 0.919 0.929 0.847 0.792 0.719 0.702 0.679 0.639 0.617 0.617 0.584 0.497 0.449 0.462 0.449 0.442 0.469 0.477 0.494 0.514 0.484 0.482 0.474 0.437 0.384 0.302 0.319
1.296 1.424 1.309 1.299 1.346 1.336 1.326 1.326 1.319 1.304 1.254 1.159 1.136 1.079 1.011 0.979 0.954 0.896 0.784 0.764 0.761 0.806 0.919 0.976 0.929 0.889 0.899 0.879 0.849 0.891 0.859 0.841 0.846 0.849 0.904 1.121 1.211 1.401 1.494 1.584 1.489 1.464 1.459 1.206 1.141 1.084 0.886 0.916 1.021 0.874 0.829 0.779 0.722 0.692 0.669 0.657 0.672 0.637 0.617 0.594 0.547 0.472 0.379 0.374 0.382 0.422 0.457 0.472 0.489 0.467 0.459 0.447 0.447 0.417 0.354 0.302 0.352
2.116 2.339 1.946 1.396 1.241 1.284 1.296 1.336 1.334 1.349 1.279 1.181 1.151 1.086 1.001 0.936 0.891 0.844 0.801 0.799 0.719 0.771 1.001 1.056 1.021 0.996 0.904 0.829 0.784 0.824 0.871 0.851 0.776 0.751 0.859 1.239 1.314 1.441 1.589 1.586 1.471 1.449 1.479 1.519 1.146 0.819 0.841 0.884 0.801 0.829 0.744 0.707 0.694 0.659 0.644 0.647 0.632 0.619 0.609 0.562 0.519 0.444 0.369 0.314 0.392 0.442 0.474 0.427 0.434 0.422 0.429 0.374 0.344 0.332 0.317 0.319 0.342
1.759 2.136 2.004 1.941 2.044 1.589 1.244 1.244 1.249 1.296 1.281 1.231 1.196 1.106 0.999 0.904 0.814 0.791 0.749 0.764 0.776 0.874 0.991 1.071 1.036 1.034 1.001 0.939 0.894 0.836 0.819 0.774 0.724 0.726 0.931 1.216 1.359 1.454 1.619 1.544 1.419 1.441 1.334 1.504 1.394 0.846 0.841 0.821 0.789 0.741 0.699 0.689 0.677 0.647 0.632 0.627 0.604 0.582 0.552 0.539 0.499 0.424 0.342 0.304 0.322 0.407 0.402 0.397 0.369 0.357 0.364 0.324 0.297 0.272 0.319 0.339 0.362
0.801 1.154 1.291 1.089 2.134 1.606 1.021 2.379 1.531 0.936 1.214 1.279 1.264 1.086 1.031 0.911 0.851 0.796 0.764 0.706 0.824 0.916 0.999 1.006 1.049 1.046 1.041 1.061 1.046 0.976 0.921 0.841 0.859 0.829 0.984 1.261 1.441 1.511 1.511 1.471 1.389 1.446 1.779 1.709 1.424 0.821 0.784 0.799 0.741 0.689 0.669 0.657 0.629 0.619 0.604 0.604 0.577 0.574 0.552 0.527 0.472 0.422 0.374 0.297 0.309 0.349 0.352 0.364 0.309 0.252 0.287 0.299 0.337 0.342 0.364 0.399 0.404
0.871 0.321 0.424 0.384 0.489 0.656 1.331 1.221 1.011 0.526 1.251 1.864 2.291 2.171 0.899 0.809 0.811 0.739 0.711 0.701 0.824 0.931 0.999 1.034 1.074 1.089 1.056 1.086 1.066 1.061 1.046 1.006 1.036 0.994 1.101 1.484 1.599 2.034 1.711 1.424 1.439 1.711 1.779 1.366 1.004 0.789 0.781 0.754 0.676 0.676 0.659 0.637 0.617 0.607 0.597 0.599 0.594 0.559 0.519 0.489 0.429 0.374 0.349 0.304 0.297 0.304 0.287 0.247 0.237 0.294 0.347 0.342 0.364 0.374 0.409 0.417 0.447
0.581 0.411 0.219 0.146 2.064 1.359 0.999 0.874 0.631 0.641 0.441 0.831 2.101 2.039 0.301 0.326 0.556 0.641 0.484 0.621 0.844 0.934 1.024 1.086 1.161 1.181 1.111 1.099 1.066 1.051 1.044 1.091 1.126 1.096 1.216 1.536 1.566 2.331 1.744 1.414 1.659 1.884 1.541 0.844 1.019 1.024 0.779 0.711 0.661 0.674 0.637 0.617 0.597 0.607 0.569 0.584 0.572 0.534 0.457 0.427 0.389 0.347 0.309 0.294 0.279 0.304 0.269 0.287 0.332 0.364 0.379 0.397 0.402 0.419 0.422 0.462 0.429
0.761 0.754 0.674 0.636 1.026 0.569 0.326 0.026 0.184 0.379 0.364 0.391 0.809 0.956 0.589 0.214 0.866 0.744 0.534 0.509 0.616 0.736 0.941 1.049 1.111 1.194 1.209 1.171 1.139 1.114 1.119 1.136 1.076 0.996 1.256 1.379 1.611 2.111 1.464 1.489 1.876 2.164 1.699 1.074 1.184 1.896 0.731 0.661 0.611 0.629 0.614 0.609 0.599 0.582 0.559 0.567 0.502 0.434 0.399 0.402 0.354 0.349 0.287 0.249 0.232 0.252 0.294 0.329 0.367 0.399 0.422 0.459 0.462 0.449 0.452 0.449 0.417
0.689 0.719 0.726 0.724 0.731 0.731 0.624 0.474 0.266 0.131 0.171 0.396 0.739 0.494 0.904 0.724 0.644 0.416 0.369 -0.024 -0.011 0.099 0.269 0.516 0.746 0.964 1.076 1.164 1.131 1.144 1.114 1.054 0.951 0.951 2.726 2.139 2.236 2.049 1.439 1.671 2.194 2.116 1.559 1.214 0.951 0.811 0.666 0.614 0.601 0.634 0.629 0.594 0.562 0.559 0.517 0.497 0.457 0.412 0.379 0.367 0.337 0.289 0.254 0.237 0.227 0.257 0.327 0.374 0.422 0.419 0.449 0.457 0.477 0.454 0.437 0.412 0.437
0.654 0.681 0.671 0.661 0.726 0.751 0.799 0.799 0.771 0.641 0.489 0.486 0.481 0.079 0.056 0.421 0.961 0.539 0.241 -0.076 -0.136 -0.091 -0.046 -0.049 0.069 0.284 0.421 0.636 0.846 0.939 0.951 0.871 0.741 1.254 2.709 1.786 2.066 1.741 1.386 1.546 1.796 1.576 1.296 1.739 1.211 0.736 0.649 0.606 0.616 0.599 0.612 0.567 0.549 0.487 0.474 0.447 0.384 0.384 0.357 0.329 0.292 0.229 0.192 0.212 0.237 0.294 0.344 0.407 0.402 0.452 0.482 0.484 0.462 0.494 0.467 0.419 0.414
0.671 0.669 0.651 0.641 0.649 0.684 0.714 0.759 0.809 0.816 0.784 0.739 0.666 0.616 0.474 0.504 1.126 0.559 0.071 -0.016 -0.091 -0.106 -0.159 -0.171 -0.111 -0.064 0.009 -0.016 0.039 0.231 0.389 0.471 0.404 0.454 0.444 1.059 2.104 1.476 1.384 1.621 1.171 1.121 1.299 1.619 1.091 0.579 0.601 0.591 0.611 0.576 0.592 0.544 0.479 0.424 0.379 0.344 0.307 0.314 0.307 0.247 0.217 0.194 0.204 0.239 0.297 0.357 0.384 0.414 0.412 0.477 0.474 0.464 0.462 0.427 0.409 0.402 0.384
0.651 0.666 0.649 0.634 0.659 0.696 0.681 0.691 0.666 0.719 0.734 0.751 0.749 0.744 0.651 0.484 0.469 0.471 0.409 0.191 0.111 -0.009 -0.034 -0.079 -0.099 -0.121 0.026 -0.146 -0.121 -0.119 -0.181 -0.119 1.159 0.601 0.329 3.324 1.591 1.359 1.494 1.569 1.121 0.981 1.199 1.251 0.824 0.394 0.539 0.559 0.569 0.586 0.584 0.554 0.477 0.387 0.294 0.232 0.217 0.272 0.224 0.172 0.144 0.194 0.249 0.272 0.342 0.439 0.462 0.434 0.409 0.462 0.464 0.457 0.424 0.412 0.382 0.367 0.349
0.664 0.626 0.656 0.656 0.661 0.669 0.684 0.696 0.684 0.664 0.694 0.671 0.666 0.646 0.619 0.546 0.616 0.679 0.714 0.656 0.579 0.529 0.471 0.299 0.106 -0.044 -0.074 -0.076 -0.079 -0.104 0.011 0.044 0.521 1.576 3.274 4.409 2.884 1.279 1.449 1.546 1.256 1.134 1.076 0.926 0.336 0.389 0.501 0.554 0.584 0.574 0.574 0.617 0.607 0.419 0.254 0.174 0.177 0.197 0.129 0.132 0.187 0.182 0.277 0.357 0.402 0.444 0.427 0.424 0.419 0.447 0.424 0.422 0.399 0.364 0.359 0.414 0.382
0.656 0.641 0.644 0.669 0.649 0.651 0.641 0.639 0.641 0.654 0.664 0.689 0.656 0.599 0.581 0.531 0.544 0.646 0.666 0.641 0.584 0.574 0.551 0.524 0.504 0.409 0.289 0.099 -0.086 -0.059 0.201 0.144 0.214 0.271 1.836 3.401 1.239 1.241 1.221 1.129 1.004 1.124 0.934 0.511 0.366 0.401 0.541 0.564 0.584 0.596 0.587 0.632 0.622 0.464 0.224 0.124 0.104 0.104 0.084 0.114 0.197 0.252 0.342 0.427 0.427 0.454 0.434 0.417 0.419 0.399 0.404 0.409 0.404 0.364 0.362 0.427 0.419
0.626 0.626 0.624 0.649 0.609 0.631 0.631 0.644 0.631 0.646 0.641 0.651 0.649 0.576 0.534 0.536 0.544 0.561 0.526 0.426 0.396 0.379 0.344 0.376 0.411 0.476 0.464 0.439 0.144 -0.156 -0.161 -0.116 -0.106 0.456 2.024 1.899 1.266 1.531 0.971 0.196 0.386 0.941 0.931 0.346 0.326 0.456 0.584 0.611 0.619 0.684 0.694 0.689 0.629 0.414 0.164 0.057 0.032 0.077 0.092 0.127 0.237 0.349 0.384 0.404 0.427 0.417 0.432 0.419 0.402 0.409 0.429 0.389 0.402 0.439 0.379 0.367 0.404
0.624 0.641 0.609 0.614 0.609 0.626 0.644 0.639 0.646 0.646 0.644 0.631 0.591 0.534 0.519 0.496 0.464 0.386 0.324 0.264 0.219 0.209 0.216 0.256 0.249 0.304 0.319 0.306 0.209 -0.064 -0.004 0.129 0.199 1.504 2.844 1.531 1.284 2.406 1.651 0.466 0.126 0.044 0.271 0.004 0.211 0.526 0.646 0.689 0.704 0.734 0.739 0.714 0.614 0.357 0.154 0.072 0.082 0.077 0.162 0.212 0.322 0.364 0.369 0.403 0.408 0.4 0.375 0.393 0.389 0.428 0.389 0.389 0.417 0.394 0.409 0.414 0.387
0.629 0.601 0.586 0.584 0.604 0.621 0.621 0.616 0.646 0.641 0.626 0.614 0.566 0.529 0.444 0.419 0.409 0.246 0.174 0.156 0.119 0.114 0.196 0.224 0.174 0.159 0.149 0.089 -0.041 -0.036 0.144 0.244 0.456 2.604 2.041 1.264 1.389 1.764 1.571 0.549 0.114 0.156 0.251 0.456 0.571 0.329 0.399 0.501 0.586 0.661 0.667 0.682 0.569 0.312 0.107 0.084 0.099 0.169 0.235 0.28 0.39 0.392 0.392 0.39 0.369 0.396 0.381 0.318 0.343 0.374 0.337 0.389 0.373 0.373 0.404 0.399 0.429
0.609 0.571 0.546 0.569 0.609 0.611 0.631 0.609 0.599 0.624 0.619 0.611 0.556 0.504 0.409 0.316 0.196 0.154 0.104 0.114 0.066 0.106 0.114 0.151 0.089 0.016 -0.059 -0.181 -0.184 -0.074 0.094 0.211 1.941 4.239 2.551 1.256 1.541 2.139 1.881 0.536 0.304 0.349 0.424 0.654 0.569 0.666 0.366 0.209 0.234 0.376 0.504 0.534 0.487 0.252 0.052 0.017 0.102 0.239 0.302 0.283 0.322 0.361 0.383 0.344 0.356 0.373 0.374 0.312 0.294 0.317 0.323 0.347 0.347 0.351 0.381 0.427 0.422
0.591 0.574 0.531 0.571 0.609 0.609 0.586 0.599 0.576 0.601 0.606 0.589 0.519 0.461 0.331 0.161 0.029 0.059 0.059 0.024 -0.016 -0.011 0.016 -0.034 -0.094 -0.164 -0.229 -0.229 -0.179 -0.084 0.054 0.239 1.451 2.789 1.391 1.309 1.806 2.321 2.139 0.421 0.301 0.154 -0.024 0.244 0.494 0.741 0.549 0.911 0.434 0.129 0.167 0.274 0.202 0.057 -0.066 0.009 0.197 0.374 0.391 0.324 0.265 0.292 0.345 0.332 0.373 0.367 0.338 0.309 0.279 0.324 0.319 0.311 0.292 0.31 0.345 0.375 0.387
0.564 0.519 0.536 0.551 0.586 0.596 0.591 0.579 0.576 0.569 0.564 0.534 0.479 0.396 0.256 0.004 -0.061 -0.064 -0.049 -0.086 -0.114 -0.066 -0.054 -0.154 -0.214 -0.134 -0.191 -0.216 -0.151 -0.081 0.011 0.236 2.414 2.159 1.356 1.486 2.091 1.834 1.611 0.691 0.156 -0.096 -0.036 -0.054 0.029 0.114 0.739 0.636 0.859 0.881 0.609 0.317 0.059 0.187 0.294 -0.018 0.246 0.465 0.548 0.448 0.321 0.325 0.305 0.33 0.316 0.286 0.295 0.283 0.252 0.291 0.318 0.277 0.293 0.335 0.347 0.342 0.349
0.554 0.491 0.514 0.546 0.551 0.534 0.554 0.554 0.554 0.539 0.534 0.476 0.429 0.336 0.159 -0.024 -0.091 -0.074 -0.059 -0.101 -0.056 -0.076 -0.184 -0.211 -0.181 -0.171 -0.144 -0.154 -0.139 -0.086 0.024 0.984 2.751 1.644 1.294 1.659 1.976 1.414 1.009 0.499 0.121 -0.121 -0.124 -0.116 -0.096 -0.071 -0.024 0.114 0.501 0.539 1.204 1.064 0.764 1.061 0.407 0.156 0.202 0.453 0.615 0.574 0.437 0.377 0.362 0.317 0.273 0.252 0.25 0.228 0.226 0.268 0.288 0.3 0.317 0.335 0.327 0.33 0.351
