All_lidar/sz6286_DSM_2M.asc
ncols 500
nrows 500
xllcorner    462000
yllcorner    86000
cellsize     2
NODATA_value -9999
[rows 416 to 447 of 500, columns 213 to 283 of 500]
94.963 94.813 94.671 94.501 94.343 94.178 94.008 93.856 93.716 93.551 93.421 93.263 93.078 92.921 92.763 92.601 92.466 92.283 92.123 91.971 91.841 91.688 91.523 91.391 91.268 91.138 90.988 90.856 90.698 90.553 90.396 90.233 90.073 89.903 89.776 89.638 89.446 89.289 89.106 88.936 88.756 88.596 88.444 88.261 88.089 87.886 87.734 87.579 87.386 87.231 87.051 86.846 86.674 86.474 86.261 86.101 86.019 85.851 85.684 85.481 85.344 85.081 84.911 84.689 84.511 84.326 84.134 83.931 83.741 83.536 83.396
95.261 95.138 94.986 94.831 94.668 94.481 94.341 94.161 94.003 93.898 93.751 93.613 93.438 93.236 93.091 92.921 92.778 92.601 92.458 92.303 92.133 91.983 91.843 91.678 91.556 91.453 91.326 91.171 91.006 90.848 90.693 90.538 90.403 90.233 90.091 89.928 89.788 89.636 89.476 89.289 89.094 88.936 88.751 88.599 88.424 88.199 88.056 87.894 87.711 87.549 87.386 87.229 87.061 86.846 86.636 86.456 86.296 86.169 86.021 85.859 85.636 85.476 85.271 85.099 84.931 84.694 84.461 84.291 84.076 83.899 83.669
95.601 95.438 95.283 95.148 94.968 94.816 94.668 94.506 94.338 94.213 94.073 93.931 93.748 93.568 93.401 93.258 93.111 92.938 92.778 92.618 92.468 92.321 92.148 91.993 91.863 91.738 91.623 91.468 91.326 91.153 90.978 90.841 90.698 90.576 90.398 90.261 90.106 89.951 89.804 89.606 89.444 89.284 89.094 88.916 88.736 88.569 88.409 88.231 88.066 87.856 87.711 87.544 87.416 87.219 87.011 86.841 86.666 86.456 86.284 86.136 85.969 85.794 85.661 85.471 85.286 85.039 84.841 84.636 84.489 84.261 84.051
95.951 95.773 95.623 95.458 95.313 95.131 94.976 94.838 94.673 94.536 94.371 94.236 94.068 93.876 93.743 93.583 93.413 93.258 93.106 92.941 92.763 92.633 92.498 92.308 92.193 92.051 91.918 91.781 91.616 91.476 91.301 91.176 91.008 90.873 90.721 90.561 90.398 90.264 90.094 89.939 89.761 89.629 89.459 89.291 89.136 88.926 88.739 88.581 88.424 88.229 88.041 87.881 87.734 87.556 87.401 87.221 87.011 86.824 86.601 86.419 86.296 86.164 85.999 85.821 85.614 85.414 85.209 85.024 84.846 84.639 84.394
96.308 96.143 95.958 95.801 95.613 95.451 95.288 95.126 94.976 94.826 94.683 94.536 94.378 94.213 94.068 93.908 93.736 93.591 93.411 93.258 93.081 92.948 92.816 92.631 92.506 92.353 92.236 92.101 91.938 91.771 91.628 91.478 91.328 91.183 91.033 90.876 90.706 90.566 90.419 90.261 90.101 89.941 89.779 89.634 89.491 89.299 89.094 88.911 88.739 88.554 88.366 88.239 88.069 87.924 87.769 87.591 87.401 87.186 87.001 86.804 86.611 86.454 86.351 86.141 85.931 85.761 85.606 85.394 85.191 85.021 84.781
96.658 96.473 96.313 96.156 95.943 95.763 95.606 95.446 95.288 95.151 94.998 94.856 94.691 94.518 94.381 94.233 94.048 93.911 93.761 93.578 93.398 93.248 93.128 92.953 92.806 92.671 92.531 92.408 92.261 92.093 91.933 91.791 91.633 91.483 91.326 91.171 91.013 90.861 90.749 90.589 90.434 90.266 90.109 89.951 89.766 89.629 89.441 89.231 89.089 88.929 88.759 88.614 88.456 88.264 88.104 87.944 87.754 87.561 87.391 87.184 86.966 86.786 86.591 86.439 86.256 86.089 85.929 85.744 85.549 85.389 85.166
96.983 96.803 96.641 96.481 96.283 96.078 95.923 95.776 95.621 95.483 95.328 95.181 95.026 94.833 94.683 94.533 94.371 94.233 94.098 93.923 93.743 93.588 93.433 93.266 93.091 92.943 92.851 92.726 92.553 92.381 92.226 92.081 91.941 91.781 91.583 91.438 91.306 91.146 91.039 90.876 90.719 90.566 90.431 90.276 90.081 89.931 89.756 89.584 89.436 89.291 89.139 88.976 88.771 88.619 88.426 88.266 88.126 87.946 87.744 87.516 87.319 87.136 86.959 86.744 86.561 86.424 86.266 86.106 85.889 85.716 85.546
97.013 97.133 97.013 96.788 96.608 96.441 96.263 96.078 95.946 95.796 95.633 95.491 95.353 95.191 95.003 94.841 94.703 94.551 94.406 94.236 94.063 93.891 93.751 93.606 93.386 93.248 93.146 93.008 92.868 92.713 92.543 92.378 92.221 92.061 91.876 91.721 91.578 91.426 91.271 91.159 91.004 90.876 90.734 90.566 90.411 90.254 90.071 89.911 89.776 89.631 89.464 89.279 89.089 88.949 88.786 88.621 88.456 88.286 88.089 87.864 87.669 87.484 87.286 87.096 86.914 86.734 86.576 86.416 86.221 86.054 85.901
96.331 96.891 97.213 97.108 96.973 96.781 96.618 96.396 96.228 96.073 95.968 95.808 95.658 95.508 95.338 95.176 95.021 94.868 94.703 94.563 94.383 94.206 94.061 93.921 93.721 93.533 93.438 93.293 93.151 93.013 92.846 92.648 92.496 92.351 92.158 92.006 91.846 91.734 91.576 91.434 91.326 91.191 91.031 90.876 90.719 90.564 90.391 90.231 90.109 89.981 89.789 89.619 89.441 89.294 89.164 88.969 88.791 88.601 88.419 88.204 88.021 87.834 87.654 87.446 87.254 87.106 86.956 86.726 86.554 86.404 86.226
95.691 96.131 96.716 97.251 97.278 97.101 96.918 96.728 96.543 96.391 96.271 96.113 95.976 95.801 95.621 95.516 95.326 95.163 95.021 94.876 94.723 94.546 94.381 94.223 94.013 93.838 93.741 93.593 93.461 93.321 93.133 92.943 92.778 92.626 92.451 92.308 92.166 92.031 91.891 91.746 91.629 91.486 91.321 91.186 91.019 90.896 90.751 90.594 90.451 90.259 90.069 89.924 89.789 89.649 89.459 89.291 89.109 88.916 88.726 88.541 88.366 88.206 88.029 87.849 87.626 87.431 87.284 87.061 86.866 86.709 86.544
95.471 95.578 95.966 96.523 97.101 97.306 97.218 97.053 96.871 96.713 96.563 96.396 96.268 96.098 95.943 95.823 95.673 95.483 95.316 95.171 95.016 94.868 94.706 94.561 94.373 94.143 94.048 93.938 93.791 93.608 93.421 93.253 93.073 92.913 92.766 92.611 92.468 92.321 92.194 92.039 91.909 91.771 91.611 91.476 91.311 91.196 91.084 90.936 90.781 90.584 90.354 90.229 90.061 89.924 89.739 89.581 89.431 89.224 89.044 88.861 88.694 88.536 88.354 88.164 87.991 87.816 87.606 87.411 87.181 87.004 86.869
94.633 95.481 95.558 95.816 96.203 96.853 97.348 97.353 97.221 97.058 96.901 96.691 96.571 96.421 96.258 96.096 95.961 95.788 95.631 95.468 95.288 95.161 94.953 94.716 94.703 94.448 94.326 94.278 94.091 93.916 93.736 93.543 93.373 93.208 93.061 92.906 92.758 92.626 92.476 92.339 92.201 92.059 91.921 91.776 91.626 91.491 91.411 91.271 91.109 90.899 90.716 90.534 90.371 90.211 90.061 89.916 89.741 89.594 89.401 89.201 89.014 88.841 88.669 88.474 88.299 88.156 87.961 87.774 87.541 87.359 87.204
90.463 93.203 95.513 95.606 95.696 96.001 96.608 97.186 97.461 97.366 97.231 97.071 96.863 96.718 96.578 96.396 96.236 96.076 95.918 95.766 95.608 95.443 95.268 95.121 94.998 94.733 94.581 94.571 94.413 94.208 94.031 93.851 93.696 93.521 93.368 93.191 93.053 92.929 92.774 92.614 92.484 92.344 92.189 92.056 91.941 91.836 91.746 91.566 91.389 91.239 91.054 90.881 90.691 90.529 90.364 90.199 90.039 89.889 89.739 89.541 89.349 89.171 88.981 88.799 88.619 88.451 88.269 88.116 87.919 87.729 87.526
89.698 89.791 92.163 95.278 95.628 95.663 95.903 96.388 96.986 97.483 97.351 97.868 97.656 97.171 96.881 96.711 96.538 96.381 96.221 96.061 95.903 95.736 95.593 95.443 95.273 95.063 94.901 94.826 94.691 94.501 94.321 94.136 93.958 93.823 93.673 93.523 93.378 93.201 93.069 92.891 92.759 92.644 92.501 92.376 92.269 92.121 92.009 91.849 91.686 91.544 91.364 91.171 91.004 90.831 90.649 90.511 90.354 90.221 90.049 89.851 89.661 89.516 89.324 89.129 88.954 88.774 88.599 88.444 88.269 88.069 87.896
89.803 89.746 89.743 91.186 93.713 95.658 95.706 95.823 96.193 96.643 96.306 96.798 97.681 98.556 97.591 97.038 96.858 96.676 96.501 96.351 96.198 96.041 95.911 95.736 95.588 95.431 95.298 95.131 94.953 94.808 94.633 94.448 94.306 94.138 93.983 93.851 93.676 93.524 93.374 93.229 93.081 92.956 92.801 92.681 92.546 92.406 92.281 92.146 91.994 91.851 91.639 91.751 91.539 91.159 90.976 90.829 90.649 90.489 90.351 90.179 90.016 89.841 89.654 89.474 89.304 89.126 88.951 88.784 88.606 88.414 88.246
89.893 89.836 89.793 89.798 89.893 92.318 95.231 95.753 95.918 96.168 96.528 97.216 96.866 97.533 97.753 97.368 97.191 96.998 96.826 96.661 96.491 96.333 96.201 96.043 95.866 95.741 95.613 95.421 95.273 95.098 94.928 94.753 94.598 94.436 94.308 94.171 93.998 93.831 93.709 93.536 93.399 93.269 93.134 92.984 92.869 92.726 92.576 92.439 92.281 92.161 92.654 93.016 92.544 91.881 91.326 91.141 91.014 90.801 90.621 90.486 90.321 90.164 89.996 89.811 89.659 89.466 89.281 89.114 88.964 88.764 88.559
89.981 89.903 89.843 89.778 89.821 89.858 90.773 94.898 95.988 96.388 97.093 97.961 98.211 97.676 96.801 97.488 97.516 97.336 97.151 96.981 96.801 96.626 96.471 96.321 96.173 96.031 95.896 95.716 95.526 95.363 95.241 95.081 94.933 94.763 94.618 94.491 94.311 94.179 94.026 93.876 93.719 93.586 93.446 93.306 93.179 93.041 92.831 92.706 92.594 92.531 93.599 93.284 92.791 92.696 92.591 91.611 91.309 91.141 90.981 90.794 90.609 90.439 90.284 90.104 89.974 89.784 89.614 89.451 89.284 89.079 88.899
90.393 89.928 89.843 89.763 89.821 89.846 89.906 90.046 92.221 95.796 96.901 98.033 98.306 97.846 96.703 97.133 97.778 97.656 97.493 97.293 97.106 96.931 96.751 96.603 96.458 96.316 96.143 95.991 95.843 95.663 95.551 95.376 95.243 95.083 94.931 94.781 94.643 94.481 94.346 94.196 94.049 93.891 93.786 93.636 93.486 93.331 93.141 93.004 92.871 92.786 93.254 93.729 93.644 93.654 94.314 93.766 91.796 91.481 91.311 91.116 90.951 90.766 90.599 90.431 90.299 90.146 89.941 89.764 89.619 89.431 89.244
94.286 91.226 89.861 89.786 89.831 89.823 89.856 89.958 90.036 92.291 94.458 97.431 97.826 97.098 96.391 97.096 97.718 97.916 97.766 97.613 97.428 97.236 97.053 96.873 96.711 96.601 96.463 96.286 96.143 96.006 95.858 95.713 95.563 95.391 95.233 95.081 94.973 94.824 94.674 94.531 94.384 94.234 94.096 93.956 93.816 93.679 93.494 93.321 93.186 93.036 93.119 93.954 94.564 93.874 94.224 93.049 92.689 91.954 91.624 91.459 91.281 91.089 90.891 90.719 90.566 90.416 90.221 90.051 89.901 89.731 89.556
97.943 95.736 92.451 90.161 89.846 89.868 89.878 89.891 89.976 90.063 90.331 93.908 96.431 96.493 96.276 96.438 96.896 97.548 97.921 97.913 97.741 97.573 97.386 97.201 97.033 96.906 96.746 96.608 96.438 96.288 96.168 96.018 95.848 95.718 95.541 95.408 95.326 95.176 95.004 94.839 94.696 94.566 94.424 94.256 94.121 93.981 93.816 93.636 93.484 93.299 93.166 93.249 93.841 93.671 94.259 93.376 92.771 92.384 91.949 91.726 91.619 91.376 91.176 91.001 90.844 90.689 90.511 90.334 90.171 90.029 89.849
98.836 98.296 96.708 93.868 91.196 89.968 89.913 89.971 89.991 89.983 90.076 90.326 91.018 94.626 96.286 96.256 96.361 96.653 97.276 97.848 98.038 97.906 97.713 97.571 97.391 97.208 97.066 96.906 96.756 96.601 96.446 96.326 96.193 96.053 95.868 95.736 95.621 95.476 95.311 95.174 95.019 94.879 94.711 94.586 94.446 94.276 94.099 93.936 93.776 93.621 93.459 93.291 93.134 93.244 94.186 94.526 93.481 92.921 92.214 92.206 92.744 92.131 91.511 91.351 91.179 91.006 90.834 90.654 90.469 90.334 90.189
99.986 99.091 98.428 97.551 95.953 92.401 90.226 90.028 90.046 90.021 90.051 90.126 90.196 90.291 94.943 96.203 96.281 96.313 96.526 97.043 97.668 98.098 98.023 97.843 97.701 97.516 97.426 97.213 97.041 96.866 96.793 96.633 96.488 96.368 96.213 96.053 95.903 95.786 95.649 95.489 95.349 95.181 95.039 94.891 94.761 94.599 94.421 94.241 94.064 93.911 93.739 93.586 93.419 93.239 93.631 93.786 93.494 92.771 92.504 92.711 93.614 93.321 92.036 91.649 91.481 91.314 91.156 90.986 90.786 90.646 90.476
101.428 100.508 99.643 98.836 98.331 97.553 94.483 91.106 90.473 90.106 90.078 90.111 90.151 90.186 90.716 94.071 94.791 96.253 96.338 96.473 96.838 97.456 98.043 98.158 98.003 97.836 97.683 97.523 97.346 97.213 97.071 96.936 96.823 96.683 96.548 96.393 96.258 96.104 95.939 95.799 95.671 95.514 95.359 95.219 95.056 94.904 94.724 94.554 94.399 94.251 94.066 93.914 93.739 93.546 93.374 93.239 93.129 92.974 92.824 93.481 94.189 94.039 93.209 91.949 91.734 91.579 91.439 91.274 91.084 90.909 90.774
102.801 101.898 101.036 100.068 99.158 98.556 98.331 95.523 92.646 90.376 90.123 90.153 90.198 90.246 90.248 90.271 91.393 93.226 96.228 96.383 96.446 96.723 97.228 97.868 98.231 98.156 98.036 97.836 97.671 97.511 97.373 97.236 97.093 96.976 96.851 96.741 96.583 96.434 96.286 96.149 96.004 95.849 95.699 95.559 95.401 95.216 95.054 94.864 94.714 94.556 94.359 94.209 94.039 93.846 93.654 93.494 93.364 93.246 93.146 93.799 94.694 94.361 93.119 92.229 92.026 91.859 91.729 91.566 91.374 91.166 91.021
103.911 103.191 102.366 101.556 100.523 99.743 98.966 98.513 97.618 93.891 91.013 90.218 90.228 90.198 90.256 90.256 90.296 90.351 91.008 94.448 96.438 96.486 96.618 97.028 97.616 98.216 98.368 98.193 98.003 97.858 97.683 97.546 97.393 97.258 97.156 97.023 96.896 96.774 96.614 96.489 96.344 96.179 96.004 95.856 95.686 95.519 95.361 95.191 95.004 94.859 94.671 94.489 94.326 94.144 93.959 93.794 93.681 93.496 93.374 93.434 93.874 93.316 92.754 92.541 92.329 92.154 92.009 91.861 91.716 91.531 91.369
105.091 104.353 103.586 102.898 102.043 101.241 100.416 99.503 98.818 98.211 96.006 92.236 90.613 90.328 90.373 90.346 90.338 90.306 90.348 90.431 92.998 96.173 96.533 96.616 96.908 97.446 97.983 98.391 98.333 98.221 98.071 97.866 97.748 97.598 97.483 97.348 97.238 97.094 96.936 96.771 96.644 96.504 96.306 96.149 95.976 95.824 95.664 95.519 95.354 95.156 95.009 94.816 94.649 94.469 94.276 94.116 93.966 93.799 93.659 93.509 93.341 93.184 93.006 92.829 92.654 92.474 92.314 92.209 92.059 91.924 91.759
106.401 105.571 104.803 104.053 103.388 102.556 101.883 101.056 100.258 99.238 98.558 97.033 93.698 91.193 90.453 90.403 90.366 90.436 90.433 90.373 90.371 91.528 94.558 96.461 96.661 96.891 97.241 97.838 98.361 98.073 98.301 98.261 98.091 97.948 97.813 97.666 97.536 97.361 97.231 97.086 96.931 96.749 96.624 96.439 96.299 96.129 95.996 95.836 95.664 95.489 95.326 95.134 94.954 94.779 94.629 94.451 94.281 94.119 93.986 93.804 93.649 93.491 93.339 93.171 93.014 92.876 92.729 92.594 92.444 92.286 92.154
106.978 106.583 106.126 105.261 104.443 103.746 103.046 102.306 101.651 100.633 99.691 99.008 98.268 95.541 92.433 90.646 90.441 90.453 90.483 90.423 90.408 90.436 90.676 93.308 96.408 96.723 96.791 97.066 97.341 97.468 97.881 98.241 98.471 98.296 98.143 98.001 97.788 97.651 97.551 97.414 97.236 97.051 96.921 96.771 96.626 96.446 96.276 96.116 95.966 95.821 95.646 95.454 95.294 95.139 94.954 94.776 94.624 94.484 94.311 94.171 94.009 93.866 93.716 93.571 93.399 93.271 93.114 92.966 92.826 92.671 92.536
107.463 107.113 106.833 106.346 105.666 104.903 104.181 103.438 102.843 102.031 101.078 100.051 99.228 98.786 97.251 94.518 91.223 90.531 90.501 90.458 90.458 90.446 90.461 90.548 91.633 95.356 96.756 96.871 97.216 98.368 99.048 98.483 97.983 98.688 98.496 98.336 98.131 97.939 97.816 97.696 97.549 97.414 97.254 97.111 96.959 96.781 96.606 96.429 96.266 96.106 95.961 95.796 95.619 95.476 95.331 95.154 95.029 94.826 94.669 94.539 94.369 94.226 94.086 93.939 93.791 93.639 93.501 93.364 93.219 93.046 92.934
107.591 107.436 107.138 106.913 106.661 106.161 105.346 104.571 103.923 103.198 102.358 101.431 100.618 99.703 98.943 98.283 95.678 92.431 90.648 90.473 90.501 90.506 90.546 90.538 90.571 90.708 93.591 96.776 97.703 98.633 99.423 99.361 98.763 97.793 98.821 98.923 98.486 98.281 98.124 98.001 97.871 97.774 97.611 97.446 97.291 97.114 96.939 96.779 96.609 96.431 96.276 96.139 95.971 95.826 95.669 95.506 95.354 95.189 95.029 94.894 94.749 94.601 94.456 94.329 94.164 94.041 93.891 93.731 93.591 93.464 93.309
106.933 107.453 107.486 107.283 107.098 106.848 106.493 105.826 105.108 104.416 103.583 102.778 101.963 101.111 100.223 99.351 98.681 97.471 93.951 91.158 90.518 90.516 90.581 90.603 90.621 90.641 90.691 93.238 96.731 98.088 98.913 99.061 98.406 97.883 98.901 99.496 98.963 98.656 98.469 98.311 98.161 98.029 97.919 97.776 97.571 97.439 97.264 97.121 96.949 96.784 96.634 96.484 96.316 96.149 96.006 95.864 95.714 95.571 95.404 95.259 95.119 94.996 94.844 94.684 94.546 94.426 94.279 94.106 94.001 93.866 93.714
106.086 106.623 107.226 107.441 107.326 107.243 107.028 106.721 106.253 105.571 104.743 104.038 103.201 102.426 101.601 100.751 99.823 99.171 98.076 96.188 92.478 90.781 90.681 90.681 90.778 90.748 90.703 90.706 91.088 94.948 97.991 98.253 97.696 97.713 98.423 99.293 99.408 99.141 98.869 98.681 98.506 98.319 98.224 98.086 97.916 97.761 97.584 97.454 97.309 97.141 96.981 96.824 96.666 96.506 96.341 96.234 96.091 95.939 95.771 95.616 95.496 95.384 95.234 95.091 94.964 94.841 94.696 94.504 94.394 94.239 94.106
