All_lidar/sz6292_DSM_2M.asc
ncols 500
nrows 500
xllcorner    462000
yllcorner    92000
cellsize     2
NODATA_value -9999
[rows 128 to 159 of 500, columns 73 to 145 of 500]
-1.889 -1.939 -1.92 -1.942 -1.971 -2.01 -2.009 -1.94 -1.891 -1.957 -1.971 -1.962 -2.007 -1.974 -1.942 -1.901 -1.896 -1.95 -1.993 -1.932 -1.969 -1.979 -1.949 -1.943 -1.978 -2.02 -1.961 -1.942 -1.939 -1.893 -1.956 -1.965 -1.953 -2.002 -1.997 -1.945 -2.026 -2.026 -1.979 -2.049 -2.054 -2.036 -1.926 -1.912 -1.971 -2.014 -2.03 -2.006 -1.983 -1.978 -1.972 -2.035 -1.97 -1.992 -1.974 -1.964 -1.884 -1.916 -1.852 -1.899 -1.9 -1.812 -1.766 -1.799 -1.745 -1.876 -1.92 -1.942 -1.966 -2.034 -2.031 -2.076 -2.005
-1.93 -1.824 -1.892 -1.936 -1.912 -1.9 -1.97 -1.808 -1.866 -1.975 -1.891 -1.92 -1.956 -1.88 -1.913 -1.934 -1.946 -1.883 -1.947 -1.94 -1.94 -1.93 -1.944 -1.921 -2.001 -1.968 -1.934 -1.981 -1.981 -1.903 -1.94 -1.89 -1.909 -1.95 -1.938 -2.037 -2.014 -2.055 -1.951 -1.99 -1.983 -1.926 -1.957 -2.019 -1.927 -2.004 -1.97 -1.986 -1.946 -1.933 -1.915 -2.009 -2.006 -1.863 -1.878 -1.894 -1.869 -1.81 -1.838 -1.694 -1.764 -1.789 -1.768 -1.761 -1.877 -1.836 -1.982 -1.919 -1.997 -2.065 -1.994 -2.067 -2.035
-1.846 -1.826 -1.85 -1.869 -1.892 -1.953 -1.923 -1.864 -1.891 -1.911 -1.895 -1.931 -1.918 -1.98 -1.858 -1.918 -1.911 -1.892 -1.939 -1.874 -1.898 -1.963 -1.871 -1.898 -1.927 -1.892 -1.891 -1.874 -1.932 -1.923 -1.945 -1.943 -1.89 -1.962 -1.921 -1.908 -1.945 -1.947 -1.889 -1.961 -1.924 -1.932 -1.9 -1.916 -1.948 -1.962 -1.898 -1.912 -2.032 -1.933 -1.88 -1.903 -1.871 -1.899 -1.875 -1.857 -1.797 -1.754 -1.654 -1.807 -1.776 -1.848 -1.884 -1.89 -1.892 -1.921 -1.996 -1.995 -2.069 -2.033 -2.04 -1.973 -2.049
-1.766 -1.783 -1.825 -1.816 -1.849 -1.916 -1.906 -1.798 -1.845 -1.886 -1.87 -1.86 -1.839 -1.833 -1.873 -1.849 -1.826 -1.904 -1.828 -1.772 -1.886 -1.813 -1.85 -1.879 -1.884 -1.845 -1.976 -1.895 -1.915 -1.881 -1.901 -1.913 -1.958 -1.826 -1.879 -1.963 -1.848 -1.852 -1.872 -1.895 -1.864 -1.847 -1.843 -1.875 -1.886 -1.804 -1.907 -1.923 -1.833 -1.878 -1.92 -1.897 -1.946 -1.855 -1.806 -1.864 -1.847 -1.7 -1.738 -1.788 -1.884 -1.816 -1.963 -2.09 -1.946 -2.082 -2.009 -1.977 -2.074 -2.005 -2.179 -2.018 -2.064
-1.737 -1.791 -1.799 -1.79 -1.865 -1.862 -1.742 -1.791 -1.774 -1.907 -1.894 -1.816 -1.85 -1.859 -1.82 -1.811 -1.786 -1.843 -1.87 -1.823 -1.859 -1.861 -1.891 -1.909 -1.812 -1.843 -1.888 -1.787 -1.81 -1.846 -1.84 -1.797 -1.901 -1.909 -1.863 -1.836 -1.833 -1.843 -1.767 -1.754 -1.847 -1.836 -1.708 -1.868 -1.703 -1.786 -1.812 -1.819 -1.849 -1.871 -1.817 -1.873 -1.827 -1.863 -1.782 -1.833 -1.79 -1.929 -1.904 -1.876 -1.929 -2.022 -2.076 -2.091 -1.939 -2.007 -2.04 -2.028 -2.106 -1.989 -2.008 -2.005 -2.06
-1.751 -1.785 -1.701 -1.762 -1.735 -1.781 -1.774 -1.754 -1.77 -1.78 -1.762 -1.87 -1.752 -1.84 -1.729 -1.737 -1.784 -1.907 -1.724 -1.741 -1.812 -1.756 -1.808 -1.779 -1.842 -1.893 -1.784 -1.82 -1.795 -1.833 -1.856 -1.777 -1.836 -1.735 -1.83 -1.786 -1.736 -1.798 -1.745 -1.725 -1.751 -1.718 -1.652 -1.805 -1.822 -1.706 -1.738 -1.779 -1.841 -1.871 -1.858 -1.86 -1.95 -1.944 -1.903 -2.006 -2.006 -1.992 -2.024 -1.98 -2.046 -2.063 -2.12 -1.976 -1.956 -1.989 -2.066 -2.013 -2.08 -2.039 -1.998 -2.031 -1.995
-1.772 -1.683 -1.729 -1.696 -1.782 -1.642 -1.676 -1.683 -1.767 -1.711 -1.702 -1.686 -1.77 -1.749 -1.727 -1.806 -1.782 -1.755 -1.717 -1.73 -1.759 -1.754 -1.867 -1.725 -1.781 -1.795 -1.769 -1.833 -1.742 -1.737 -1.739 -1.78 -1.755 -1.747 -1.719 -1.679 -1.705 -1.724 -1.696 -1.631 -1.607 -1.604 -1.616 -1.697 -1.744 -1.696 -1.776 -1.716 -1.794 -1.871 -1.824 -1.922 -1.906 -1.992 -2.029 -2.047 -2.042 -2.14 -2.024 -2.032 -2.057 -2.068 -1.964 -1.978 -2.018 -2.048 -1.999 -1.976 -2.052 -2.003 -2.015 -1.983 -2.025
-1.613 -1.678 -1.606 -1.585 -1.637 -1.646 -1.701 -1.599 -1.649 -1.711 -1.721 -1.699 -1.647 -1.721 -1.694 -1.702 -1.743 -1.736 -1.773 -1.685 -1.664 -1.724 -1.817 -1.765 -1.745 -1.802 -1.74 -1.822 -1.745 -1.765 -1.781 -1.791 -1.765 -1.661 -1.728 -1.595 -1.612 -1.507 -1.513 -1.515 -1.604 -1.712 -1.767 -1.789 -1.866 -1.819 -1.852 -1.876 -1.875 -1.882 -2.031 -1.939 -2.051 -2.042 -2.006 -2.124 -2.012 -2.022 -2.049 -2.083 -2.086 -1.973 -1.979 -2.068 -1.982 -2.024 -1.994 -2.005 -2.049 -2.135 -1.939 -2.038 -2.01
-1.575 -1.527 -1.598 -1.592 -1.55 -1.561 -1.632 -1.616 -1.573 -1.555 -1.557 -1.607 -1.608 -1.669 -1.613 -1.691 -1.677 -1.641 -1.643 -1.699 -1.711 -1.684 -1.739 -1.762 -1.746 -1.745 -1.799 -1.81 -1.821 -1.8 -1.751 -1.841 -1.744 -1.737 -1.624 -1.695 -1.748 -1.704 -1.826 -1.797 -1.751 -1.827 -1.824 -1.88 -1.935 -1.843 -2.03 -1.974 -1.973 -2.089 -2.068 -2.113 -2.037 -2.031 -2.022 -2.008 -2.063 -2.075 -1.951 -2.054 -1.983 -1.96 -2.041 -2.028 -2.014 -2.026 -1.979 -1.986 -1.976 -2.05 -2.037 -1.973 -2.019
-1.527 -1.527 -1.53 -1.591 -1.567 -1.559 -1.482 -1.55 -1.463 -1.547 -1.573 -1.508 -1.597 -1.635 -1.584 -1.541 -1.553 -1.578 -1.618 -1.673 -1.718 -1.724 -1.731 -1.763 -1.719 -1.691 -1.689 -1.758 -1.632 -1.803 -1.824 -1.801 -1.725 -1.812 -1.835 -1.909 -1.883 -1.882 -1.888 -1.969 -1.965 -2.008 -2.04 -2.047 -2.033 -2.009 -2.033 -2.031 -2.044 -2.004 -2.081 -2.115 -2.032 -2.056 -1.994 -2.01 -1.944 -2.084 -2.057 -2.11 -1.956 -2.058 -1.99 -2.009 -1.972 -1.975 -1.994 -1.968 -2.103 -2.034 -2.109 -2.055 -2.033
-1.486 -1.486 -1.555 -1.438 -1.469 -1.505 -1.448 -1.418 -1.47 -1.45 -1.48 -1.456 -1.491 -1.416 -1.389 -1.434 -1.57 -1.622 -1.507 -1.619 -1.592 -1.595 -1.725 -1.756 -1.754 -1.698 -1.745 -1.771 -1.841 -1.883 -1.899 -1.885 -1.889 -1.886 -1.913 -2.002 -2.007 -2.016 -1.998 -2.031 -2.057 -1.995 -2.146 -2.022 -2.068 -2.013 -2.001 -2.156 -2.053 -2.027 -2.079 -1.983 -1.994 -2.133 -2.008 -1.951 -2.073 -1.974 -2.038 -2.018 -1.972 -2.004 -1.983 -2.117 -2.055 -1.985 -1.935 -1.986 -2.005 -1.999 -2.026 -2.013 -2.008
-1.466 -1.453 -1.428 -1.417 -1.35 -1.428 -1.311 -1.392 -1.393 -1.408 -1.402 -1.474 -1.491 -1.515 -1.529 -1.611 -1.671 -1.748 -1.73 -1.662 -1.749 -1.811 -1.793 -1.833 -1.855 -1.839 -1.847 -1.895 -1.816 -1.941 -1.98 -2.055 -2.007 -2.057 -2.059 -2.037 -2.054 -2.033 -2.09 -1.935 -1.989 -2.138 -1.977 -2.06 -2.051 -2.023 -2.03 -2.012 -2.089 -2.146 -2.025 -1.999 -2.035 -1.995 -1.996 -2.063 -2.047 -2.006 -2.246 -2.005 -1.95 -2.068 -2.044 -1.993 -2.064 -2.027 -2.053 -2.031 -1.995 -1.972 -2.003 -1.984 -1.949
-1.675 -1.565 -1.636 -1.651 -1.682 -1.709 -1.649 -1.543 -1.632 -1.674 -1.661 -1.679 -1.701 -1.723 -1.776 -1.801 -1.694 -1.841 -1.82 -1.856 -1.74 -1.822 -1.875 -1.878 -1.998 -1.94 -2.04 -2.019 -2.032 -2.045 -2.054 -2.038 -2.005 -1.999 -2.14 -1.974 -2.051 -2.09 -2.035 -2.014 -2.052 -2.007 -2.012 -2.01 -2.012 -2.003 -2.135 -2.033 -2.038 -1.948 -2.212 -2.022 -1.997 -1.981 -1.994 -2.008 -2.032 -2.057 -1.991 -1.981 -2.02 -2.046 -2.048 -2.002 -2.106 -2.055 -2.028 -2.057 -2.01 -2.057 -1.95 -1.973 -2.015
-1.766 -1.723 -1.701 -1.826 -1.715 -1.759 -1.74 -1.735 -1.79 -1.805 -1.831 -1.827 -1.821 -1.82 -1.83 -1.893 -1.838 -1.863 -1.937 -1.952 -1.838 -1.875 -2.05 -1.987 -2.101 -2.195 -2.098 -2.003 -2.072 -2.088 -2.009 -2.17 -1.971 -1.991 -2.042 -2.027 -2.008 -2.067 -2.046 -2.058 -2.011 -2.107 -2.058 -2.049 -2.006 -2.039 -2.015 -2.019 -2.035 -1.986 -2.017 -2.084 -2.006 -1.958 -1.974 -2.03 -1.992 -2.07 -2.02 -1.972 -2.106 -2.039 -1.932 -1.995 -2.11 -2.055 -2.068 -2.022 -1.964 -2.065 -1.965 -2.047 -2.002
-1.926 -1.92 -1.924 -2.002 -1.901 -1.902 -1.751 -1.811 -1.918 -1.944 -1.95 -1.964 -1.932 -1.993 -2.066 -1.987 -2.127 -2.111 -2.044 -2.011 -1.956 -2.037 -2.109 -2.126 -2.1 -2.073 -2.034 -2.062 -1.977 -2.114 -2.07 -2.07 -1.985 -2.055 -2.051 -2.106 -2.007 -1.977 -2.002 -1.991 -2.074 -2.027 -2.084 -2.029 -1.985 -1.994 -1.998 -2.019 -2 -2.036 -2.125 -2.069 -1.937 -1.978 -1.996 -1.974 -2.083 -2.041 -2.019 -1.963 -2.012 -1.973 -2.021 -1.952 -1.994 -2.009 -2.046 -2.004 -2.03 -1.988 -2.014 -2.083 -1.997
-2.008 -1.946 -2.014 -2.054 -2.015 -2.04 -1.852 -1.946 -2.061 -2.129 -2.131 -2.087 -2.173 -2.114 -2.113 -2.153 -2 -2.07 -2.083 -2.102 -2.045 -2.051 -2.182 -2.061 -2.043 -2.14 -2.025 -2.051 -2.006 -2.035 -2.003 -2.141 -2.061 -2.113 -2.018 -2.139 -2.001 -2.058 -2.109 -2.159 -2.02 -2.048 -2.118 -2.024 -2.047 -1.98 -2.077 -1.982 -2.04 -2.061 -1.952 -2.042 -1.954 -1.978 -1.968 -2.1 -1.96 -1.946 -2.034 -2.01 -2.029 -2.017 -2.005 -1.993 -2.018 -2.093 -2.003 -2.009 -1.973 -1.978 -2.001 -1.973 -2.056
-2.061 -2.047 -2.011 -2.044 -2.164 -9999 -2.112 -1.925 -2.013 -2.11 -2.113 -2.059 -2.101 -2.071 -2.194 -2.147 -2.1 -1.994 -1.996 -2.201 -2.117 -2.066 -2.137 -2.099 -2.019 -2.023 -2.151 -2.137 -2.025 -2.017 -1.972 -2.056 -2.026 -2.058 -2.062 -2.036 -1.985 -1.981 -1.984 -2.021 -2.038 -2.073 -2.009 -2.026 -2.081 -2.072 -2.046 -1.99 -2.043 -2.048 -2.074 -2.022 -2.151 -2.117 -2.061 -1.99 -2.119 -2.022 -2.017 -2.124 -2.014 -2.107 -1.97 -2.039 -1.964 -2.022 -1.998 -2.1 -2.1 -2.02 -2.108 -2.012 -2.005
-2.017 -2.052 -2.027 -2.135 -9999 -2.067 -2.134 -2.061 -2.18 -2.084 -1.997 -2.148 -2.208 -2.021 -2.016 -2.022 -2.076 -2.136 -2.126 -2.126 -2.091 -2.11 -2.055 -2.066 -1.956 -1.977 -2.011 -2.045 -2.02 -1.984 -1.996 -2.043 -2.083 -2.107 -2.097 -2.017 -1.998 -2.129 -2.016 -2.022 -1.966 -2.073 -2.162 -2.089 -1.955 -2.115 -1.957 -2.046 -1.981 -2.039 -2.05 -2.005 -1.973 -1.999 -1.999 -2.021 -2.013 -2.059 -2.083 -2.026 -1.987 -2.13 -2.032 -2.015 -2.022 -2.038 -2.009 -1.983 -1.995 -1.941 -2.047 -2.026 -2.005
-2.031 -2.105 -2.151 -2.133 -2.066 -2.122 -2.183 -2.111 -2.139 -9999 -2.051 -2.066 -2.155 -2.07 -2.158 -2.073 -2.185 -2.062 -2.154 -2.049 -2.065 -2.086 -2.017 -2.11 -2.057 -2.12 -2.039 -2.046 -2.082 -2.042 -2.111 -2.066 -2.016 -2.018 -2.045 -2.045 -2.047 -2.059 -2.052 -2.066 -2.009 -2.088 -2.08 -2.009 -2.088 -2.026 -2.006 -2.053 -2.005 -2.042 -2.117 -2.022 -1.971 -2.06 -2.033 -2.069 -2.017 -2.049 -1.972 -2.134 -2.001 -2.061 -2.017 -2.012 -1.975 -1.996 -2.1 -1.994 -2.001 -2.028 -2.042 -2.102 -2.07
-2.05 -2.047 -2.093 -2.065 -2.107 -2.022 -2.193 -2.022 -2.098 -2.123 -2.143 -2.059 -2.132 -2.121 -2.139 -2.075 -2.074 -2.116 -2.061 -2.033 -2.093 -2.132 -2.111 -2.114 -2.08 -2.145 -1.995 -2.046 -1.98 -2.08 -2.069 -2.019 -2.039 -2.061 -2.038 -2.004 -2.066 -1.983 -2.159 -2.036 -2.02 -2.024 -2.008 -2.016 -2.009 -2.014 -2.017 -1.98 -2.09 -2.083 -2.004 -2.001 -2.013 -2.005 -2.101 -2.019 -2.068 -1.957 -2.03 -2.024 -1.979 -2.012 -2.097 -2.057 -2.098 -2.022 -1.974 -2.064 -1.947 -1.991 -1.977 -2.035 -2.065
-2.168 -2.126 -2.101 -2.035 -2.095 -9999 -2.223 -2.169 -2.107 -2.068 -2.156 -2.142 -2.081 -1.993 -2.027 -2.042 -2.152 -2.082 -2.038 -2.156 -2.139 -2.081 -2.125 -2.082 -2.052 -2.046 -2.147 -1.945 -2.054 -2.08 -2.052 -2.124 -2.02 -2.153 -2.087 -2.1 -1.968 -2.032 -2.145 -1.976 -2.003 -2.049 -1.991 -1.999 -2.048 -2.041 -2.042 -1.983 -2.068 -1.953 -2.043 -2.046 -2 -2.048 -2.016 -2.024 -2.057 -2.089 -2.004 -2.012 -1.995 -1.98 -1.954 -2.103 -1.99 -2.007 -2.017 -1.962 -1.964 -2.094 -2.029 -2.031 -2.01
-2.208 -2.06 -2.083 -2.11 -2.085 -2.175 -2.159 -2.172 -2.142 -2.085 -2.079 -2.084 -2.213 -2.053 -2.116 -2.026 -2.09 -2.055 -2.068 -2.134 -2.037 -1.997 -1.969 -2.015 -2.063 -2.021 -2.094 -2.059 -2.083 -2.077 -2.036 -2.064 -2.07 -1.982 -2.041 -2.044 -1.998 -2.081 -2.092 -2.087 -2.059 -2.067 -2.027 -2.119 -2.113 -2.065 -2.019 -1.961 -2.032 -2.067 -2.015 -2.035 -1.968 -2.151 -2.032 -2.05 -2.053 -1.976 -2.009 -2.059 -1.996 -2.057 -2.116 -2.01 -2.076 -2.059 -2.043 -1.965 -1.956 -1.968 -2.037 -1.987 -2.007
-2.062 -2.141 -2.119 -2.042 -2.053 -2.116 -2.087 -2.046 -2.033 -2.148 -2.07 -2.085 -2.128 -2.062 -2.157 -2.104 -2.119 -2.063 -2.062 -2.073 -2.149 -2.054 -1.985 -2.149 -2.002 -2.027 -1.967 -2.149 -2.047 -2.134 -2.037 -2.009 -2.042 -2.035 -2.152 -2.015 -2.072 -2.007 -2.075 -2.047 -2.093 -2.029 -2.109 -2.055 -1.992 -2.068 -2.11 -2.116 -2.058 -2.02 -2.014 -1.984 -1.994 -2.024 -2.053 -2.04 -2.06 -2.066 -2.072 -2.009 -2.034 -1.977 -2.062 -2.041 -2.087 -1.988 -2.048 -1.96 -1.992 -2.101 -1.968 -1.928 -1.974
-2.05 -2.114 -2.071 -2.155 -2.068 -2.013 -2.015 -2.197 -2.087 -2.134 -2.074 -2.04 -2.068 -2.107 -2.047 -2.166 -2.039 -2.091 -2.114 -2.003 -2.018 -2.007 -2.086 -2.112 -1.981 -2.095 -2.115 -2.157 -2.101 -2.072 -2.057 -2.051 -2.086 -2.067 -2.056 -1.983 -2.15 -2.003 -2.013 -2.126 -2.087 -2.152 -2.101 -1.963 -2.114 -2.006 -2.061 -2.09 -2.089 -1.976 -1.925 -2.023 -2.094 -2.08 -2.085 -2.001 -2.113 -2.021 -2.084 -1.971 -2.006 -2.011 -2.112 -2.063 -2.018 -2.103 -1.972 -2.065 -1.991 -2.005 -2.064 -2.036 -2.017
-2.139 -2.138 -2.125 -2.084 -2.195 -2.162 -2.007 -2.128 -1.971 -2.067 -2.087 -2.051 -2.042 -2.063 -2.088 -2.049 -2.146 -2.068 -2.022 -2 -2.091 -2.121 -1.898 -2.054 -2.02 -2.113 -2.079 -2.026 -2.064 -2.02 -2.109 -1.995 -2.098 -2.114 -1.976 -2.049 -1.989 -1.963 -2.041 -2.173 -2.005 -2.046 -2.139 -2.065 -2.116 -2.14 -2.129 -2.066 -2.054 -2.11 -1.993 -2.051 -1.993 -2.015 -2.003 -1.955 -2.054 -2.107 -2.07 -2.031 -1.96 -1.969 -2.025 -2.012 -2.013 -2.051 -1.995 -2.005 -2.054 -2.072 -2.024 -2.095 -2.014
-2.073 -2.027 -2.1 -2.013 -2.082 -2.079 -2.033 -2.153 -2.09 -2.14 -2.082 -2.045 -2.092 -2.088 -2.09 -2.09 -2.129 -2.075 -2.104 -2.044 -2.138 -2.241 -2.016 -2.184 -2.097 -2.066 -2.043 -2.133 -2.086 -2.072 -2.072 -2.1 -2.09 -2.035 -2.086 -2.049 -2 -2.016 -2.05 -1.98 -2.07 -2.047 -2.068 -2.041 -2.058 -2.071 -2.029 -2.032 -2.032 -2.034 -1.972 -2.105 -2.075 -2.084 -2.111 -2.129 -2.204 -2.04 -2.014 -1.937 -1.992 -2.007 -2.083 -2.018 -2.053 -2.087 -1.995 -1.956 -1.993 -1.979 -2.084 -2.123 -2.106
-2.073 -2.093 -2.107 -2.027 -2.061 -2.079 -2.179 -2.077 -2.118 -2.003 -2.086 -2.107 -2.139 -2.075 -2.196 -2.103 -2.058 -2.112 -2.149 -2.02 -2.121 -2.077 -2.035 -2.106 -2.052 -2.149 -2.101 -2.071 -2.022 -2.04 -1.998 -2.002 -1.968 -2.049 -2.035 -2.108 -2.09 -2.07 -2.058 -2.133 -2.049 -2.039 -2.008 -1.987 -2.08 -2.018 -2.136 -2.048 -2.072 -2.013 -1.965 -2.01 -1.963 -1.977 -1.941 -1.974 -2.015 -2.061 -2.105 -1.975 -2.088 -1.993 -2.102 -2.034 -2.179 -2.091 -2.021 -2.001 -2.152 -2.07 -1.974 -2.018 -2.152
-2.124 -2.044 -2.021 -2.174 -2.125 -2.042 -2.083 -2.177 -2.09 -2.138 -2.082 -2.078 -2.028 -2.132 -2.07 -2.123 -2.054 -2.124 -2.121 -2.207 -2.081 -2.014 -2.026 -2.045 -2.074 -2.032 -2.102 -1.99 -2.114 -2.028 -2.126 -2.09 -2.066 -2.042 -2.183 -2.086 -1.978 -1.988 -2.004 -2.043 -2.059 -1.976 -2.155 -2.08 -2.072 -1.958 -2.043 -2.011 -1.993 -2.051 -2.067 -2.065 -2.088 -2.071 -2.013 -2.031 -2.062 -2.062 -2.084 -2.014 -2.016 -2.027 -2.007 -2.028 -2.126 -1.993 -2.041 -2.018 -1.978 -2.155 -1.999 -2.002 -2.047
-2.106 -2.046 -2.051 -2.125 -2.216 -2.118 -2.112 -2.095 -2.091 -2.137 -2.021 -2.063 -2.126 -2.02 -2.061 -2.034 -2.074 -2.071 -2.154 -2.068 -2.072 -2.107 -2.059 -2.101 -2.074 -1.987 -2.182 -2.009 -2.069 -2.125 -2.061 -2.08 -2.029 -2.009 -2.005 -2.092 -2.088 -2.109 -2.084 -2.079 -2.048 -2.013 -2.035 -1.966 -2.184 -2.052 -2.121 -2.017 -2.026 -2.052 -2.112 -2.028 -2.04 -2.02 -2.012 -2.049 -1.953 -2.003 -2.055 -2.007 -2.003 -2.103 -2.097 -1.98 -2.058 -2.022 -2.007 -2.067 -2.073 -1.994 -1.978 -1.995 -2.069
-2.037 -2.088 -2.077 -2.039 -2.001 -2.123 -1.956 -2.13 -2.025 -2.04 -2.055 -2.107 -2.107 -2.201 -2.034 -2.102 -2.106 -2.085 -2.123 -2.117 -2.133 -2.031 -1.976 -2.094 -2.077 -2.066 -2.062 -2.152 -2.015 -2.087 -2.099 -2.032 -2.012 -2.074 -2.034 -2.082 -2.027 -2.034 -2.045 -2.056 -2.154 -2.089 -1.984 -2.038 -2.021 -2.035 -2.043 -2.035 -2.034 -2.034 -2.067 -2.046 -2.003 -2.026 -2.004 -1.998 -2.129 -2.044 -2.046 -2.045 -2.037 -2.1 -2.113 -2.008 -2.104 -2.04 -2.052 -2.022 -2.077 -2.027 -2.035 -2.029 -2.019
-2.005 -2.046 -1.992 -2.075 -2.073 -2.026 -2.058 -2.069 -1.986 -2.105 -2.017 -2.132 -2.245 -2.109 -2.071 -2.084 -2.146 -2.137 -2.027 -2.066 -2.036 -2.02 -1.959 -2.091 -2.128 -2.098 -2.096 -2.043 -2.098 -2.073 -2.123 -2.085 -2.115 -2.106 -2.057 -2.031 -2.111 -2.067 -2.099 -2.114 -2.146 -2.078 -1.961 -2.176 -2.039 -2.201 -2.095 -2.022 -2.049 -2.122 -2.013 -2.077 -1.995 -2.068 -2.16 -2.029 -2.093 -2.021 -2.021 -2.016 -2.045 -2.083 -1.991 -2.038 -2.056 -2.044 -2.045 -2.092 -2.063 -1.985 -1.993 -2.03 -1.973
-2.051 -2.11 -2.079 -2.031 -2.068 -2.095 -2.174 -2.075 -2.056 -2.143 -2.087 -2.167 -2.066 -2.064 -2.033 -2.168 -2.066 -1.999 -2.121 -2.061 -2.066 -2.159 -2.129 -2.037 -2.045 -2.023 -1.968 -2.088 -2.051 -2.066 -2.023 -2.106 -2.05 -2.094 -2.086 -2.045 -2.062 -2.075 -2.143 -2.053 -2.185 -2.023 -2.03 -2.072 -2.064 -2.127 -2.055 -1.996 -2.044 -2.079 -1.964 -2.18 -2.023 -1.99 -2.148 -2.036 -2.047 -2.026 -2.062 -2.005 -2.025 -2.008 -2.15 -2.069 -2.045 -2.22 -2.036 -2.007 -2.001 -2.095 -2.017 -2.037 -2.002
