All_lidar/sz6285_DSM_2M.asc
ncols 500
nrows 500
xllcorner    462000
yllcorner    85000
cellsize     2
NODATA_value -9999
[rows 99 to 131 of 500, columns 222 to 295 of 500]
70.631 70.708 71.711 71.741 71.966 72.628 71.978 71.763 73.001 71.628 70.806 69.946 68.798 67.823 66.956 65.813 64.961 64.316 64.223 64.166 63.846 64.181 64.536 64.826 65.168 65.643 66.053 66.536 66.743 67.013 67.446 67.861 68.633 69.413 70.596 72.491 72.958 74.303 76.031 77.388 78.333 79.456 79.596 79.676 79.798 80.001 80.178 80.403 80.668 80.953 81.243 81.518 81.826 82.141 82.423 82.691 82.953 83.181 83.426 83.618 83.911 84.151 84.431 84.703 85.001 85.256 85.533 85.823 86.141 86.398 86.606 86.856 87.113 87.373
70.406 70.438 70.961 72.183 71.893 71.228 70.621 70.356 70.796 71.476 69.983 69.748 67.938 66.973 66.081 65.361 64.341 63.583 63.158 63.063 63.176 63.423 63.693 63.928 64.243 64.613 64.993 65.366 65.528 65.873 66.293 66.823 67.548 68.421 69.451 71.981 71.988 73.346 74.873 76.668 77.703 79.018 79.423 79.418 79.516 79.676 79.868 80.081 80.341 80.603 80.881 81.156 81.456 81.771 82.071 82.333 82.588 82.823 83.041 83.261 83.533 83.791 84.071 84.336 84.646 84.923 85.206 85.481 85.763 86.018 86.281 86.531 86.768 87.043
70.198 70.181 71.171 71.103 70.361 71.171 70.731 70.676 71.673 70.606 70.031 67.823 66.973 66.996 65.061 64.673 64.146 62.878 62.533 62.498 62.608 62.858 63.078 63.236 63.478 63.731 63.968 64.238 64.656 64.841 65.206 65.738 66.518 67.366 68.773 69.568 70.926 72.708 74.013 75.533 76.986 78.393 79.123 79.171 79.301 79.441 79.608 79.783 79.986 80.266 80.521 80.798 81.096 81.381 81.696 81.963 82.198 82.441 82.651 82.926 83.163 83.433 83.723 83.976 84.286 84.566 84.861 85.121 85.411 85.688 85.951 86.201 86.446 86.703
69.973 69.958 70.316 71.651 70.093 70.036 69.711 69.991 69.536 69.218 68.196 66.801 65.981 65.086 64.066 63.593 63.076 62.431 62.268 62.196 62.241 62.313 62.508 62.713 62.828 62.996 63.131 63.308 63.613 63.876 64.248 64.781 65.563 66.508 67.431 68.526 69.921 71.798 73.386 75.153 77.251 78.313 78.738 78.921 79.088 79.186 79.341 79.488 79.693 79.936 80.196 80.458 80.723 80.998 81.303 81.571 81.808 82.066 82.286 82.551 82.788 83.076 83.366 83.641 83.933 84.206 84.508 84.803 85.083 85.361 85.606 85.858 86.141 86.391
69.688 69.701 69.903 70.556 70.008 69.716 70.318 68.983 68.598 67.598 66.586 65.678 65.046 63.971 63.338 62.808 62.411 62.223 62.116 62.096 62.063 62.036 62.063 62.161 62.303 62.466 62.481 62.633 62.898 63.223 63.646 64.113 64.776 65.776 66.721 67.838 69.496 71.223 72.748 74.443 76.243 79.131 79.761 79.666 78.888 78.971 79.116 79.283 79.453 79.661 79.916 80.153 80.368 80.656 80.936 81.191 81.426 81.676 81.926 82.198 82.411 82.711 83.001 83.293 83.596 83.898 84.166 84.446 84.743 85.011 85.263 85.556 85.806 86.051
69.391 69.398 69.523 71.118 70.728 69.206 68.883 68.521 67.911 66.728 66.133 64.731 63.961 63.056 62.656 62.338 62.191 62.091 62.038 62.001 62.016 61.961 61.938 61.891 61.916 61.996 62.126 62.243 62.463 62.671 63.043 63.556 64.351 65.233 66.193 67.356 69.303 71.056 72.071 74.323 75.763 77.356 78.876 78.601 78.661 78.793 78.951 79.091 79.248 79.441 79.636 79.881 80.103 80.333 80.581 80.813 81.071 81.336 81.573 81.846 82.061 82.373 82.653 82.948 83.226 83.526 83.841 84.128 84.418 84.686 84.948 85.211 85.473 85.721
69.121 69.083 69.086 69.236 70.293 69.301 68.236 67.761 67.093 65.946 64.993 63.983 63.188 62.621 62.251 62.078 62.058 61.991 61.953 61.923 61.926 61.923 61.896 61.853 61.811 61.788 61.831 61.931 62.056 62.271 62.523 63.066 63.778 64.778 66.168 66.956 68.318 70.136 72.041 73.703 75.518 77.223 78.138 78.681 78.363 78.561 78.681 78.941 79.096 79.273 79.458 79.641 79.851 80.071 80.313 80.526 80.756 80.981 81.226 81.503 81.751 82.051 82.321 82.603 82.878 83.191 83.516 83.808 84.083 84.366 84.638 84.896 85.173 85.433
68.828 68.758 68.688 68.801 69.958 69.068 67.583 67.078 66.208 65.193 64.161 63.343 62.733 62.288 62.031 61.911 61.856 61.836 61.816 61.818 61.828 61.883 61.856 61.828 61.803 61.791 61.771 61.813 61.926 62.103 62.243 62.813 63.533 64.531 65.538 66.678 67.976 69.513 71.481 72.631 74.938 77.023 77.593 77.746 77.951 78.278 78.543 78.691 78.891 79.121 79.336 79.481 79.648 79.851 80.073 80.311 80.556 80.706 80.928 81.221 81.441 81.713 82.003 82.288 82.551 82.853 83.151 83.461 83.756 84.021 84.326 84.591 84.858 85.108
68.476 68.368 68.263 68.316 68.748 67.768 66.888 66.396 65.648 64.643 63.626 62.846 62.241 61.996 61.808 61.733 61.653 61.611 61.621 61.626 61.671 61.726 61.756 61.718 61.798 61.836 61.871 61.858 61.961 62.008 62.133 62.711 63.553 64.391 65.893 66.576 68.198 69.833 70.833 72.343 74.178 75.486 76.303 77.258 77.691 77.836 78.448 78.791 78.826 78.938 79.891 80.563 79.546 79.748 80.001 80.373 80.496 80.403 80.736 81.063 81.248 81.906 82.273 82.206 82.258 82.546 82.848 83.116 83.403 83.723 84.011 84.283 84.546 84.791
68.136 67.953 67.853 67.681 69.521 67.496 66.026 65.671 64.886 64.011 63.141 62.391 61.901 61.751 61.621 61.571 61.496 61.463 61.471 61.453 61.493 61.558 61.608 61.666 61.726 61.826 61.891 61.976 62.016 61.993 62.198 62.723 64.036 64.488 65.491 66.551 67.791 70.021 71.238 72.178 73.001 74.166 75.496 76.168 77.138 78.236 77.896 78.531 78.251 79.048 80.196 79.611 79.451 79.753 79.996 80.176 80.218 79.908 80.466 81.078 81.161 82.431 82.751 82.391 82.158 82.236 82.513 82.816 83.091 83.386 83.666 83.971 84.243 84.496
67.753 67.541 67.343 67.143 67.721 66.728 65.433 65.091 64.433 63.653 62.918 61.981 61.746 61.631 61.526 61.438 61.356 61.328 61.301 61.313 61.338 61.358 61.421 61.526 61.623 62.093 62.198 61.978 62.071 62.086 62.271 62.718 63.511 64.536 66.068 67.763 69.043 69.706 70.858 71.848 72.533 73.061 73.926 75.026 74.913 76.143 76.746 77.023 77.088 77.831 78.571 78.966 79.308 79.606 79.836 79.938 79.873 79.981 80.898 82.781 81.753 82.126 82.073 81.716 81.926 82.018 82.361 82.538 82.806 83.106 83.376 83.636 83.911 84.198
67.268 67.058 66.793 67.031 67.198 66.273 65.186 64.756 64.208 64.101 62.318 62.203 62.051 61.776 61.463 61.358 61.296 61.206 61.201 61.223 61.233 61.256 61.301 61.381 61.548 61.743 61.933 62.103 62.226 62.248 62.376 62.808 63.436 64.733 67.438 68.973 70.546 70.406 72.438 72.356 72.398 73.216 73.138 73.381 73.936 75.833 75.851 75.923 76.901 76.678 77.308 78.036 78.751 79.241 79.651 79.796 79.903 80.288 81.851 82.766 82.373 81.683 81.923 81.511 81.836 81.958 82.868 83.106 82.508 82.821 83.118 83.371 83.608 83.868
66.773 66.496 66.178 66.493 68.123 67.196 65.251 64.013 63.321 62.368 62.016 62.641 62.168 62.338 61.426 61.246 61.178 61.118 61.096 61.136 61.128 61.166 61.251 61.386 61.541 62.378 63.933 62.748 62.273 62.421 62.963 63.693 65.141 65.168 66.696 69.231 71.528 70.458 71.183 72.448 72.508 72.598 72.521 72.603 73.283 73.678 74.496 75.873 76.386 75.688 76.353 77.033 77.641 78.281 78.931 79.451 79.776 80.511 81.596 81.461 81.751 81.233 81.376 81.316 81.491 82.036 82.498 82.883 82.771 82.533 82.838 83.093 83.346 83.591
66.283 65.958 65.616 65.956 66.683 64.968 64.461 63.466 62.878 61.948 62.118 63.746 63.583 62.586 61.381 61.181 61.101 61.063 61.038 61.041 61.071 61.126 61.218 61.336 61.561 61.898 62.656 63.991 62.651 62.771 62.928 63.318 64.398 65.703 67.403 68.681 69.716 69.898 70.243 70.663 71.041 71.461 71.813 72.213 72.641 72.996 74.408 75.398 75.246 74.748 75.266 76.056 76.546 77.113 77.873 78.498 78.991 79.691 80.418 80.663 81.161 81.171 81.316 81.726 81.526 82.478 81.976 82.123 83.293 82.601 82.593 82.836 83.081 83.308
65.733 65.376 65.006 65.296 66.393 64.938 63.958 63.146 62.171 61.726 62.288 61.796 61.856 61.626 61.223 61.168 61.108 61.013 61.008 60.991 61.021 61.103 61.278 61.421 61.606 61.858 62.188 63.351 63.713 63.373 63.851 65.216 65.136 66.043 67.806 68.743 69.073 69.471 69.868 70.248 70.643 71.043 71.476 71.863 72.243 72.558 73.271 73.701 73.756 73.981 74.166 74.726 75.471 76.013 76.661 77.401 77.898 78.346 79.078 79.673 80.266 81.551 83.168 82.981 81.398 82.493 82.141 82.171 83.421 82.828 82.793 82.588 82.836 83.041
65.153 64.801 64.413 65.118 65.813 65.923 63.078 63.356 62.701 61.701 61.323 63.706 62.768 61.758 61.151 61.116 61.066 61.008 61.008 61.013 61.061 61.166 61.298 61.451 61.683 62.006 62.393 62.836 63.671 64.196 65.313 66.053 66.051 67.011 67.448 68.126 68.608 69.021 69.396 69.768 70.143 70.501 70.923 71.373 71.803 72.208 72.601 72.933 73.241 73.516 73.713 73.973 75.308 75.806 75.506 76.143 76.681 77.038 77.698 78.523 79.471 81.498 82.478 82.901 82.851 82.536 83.353 83.181 83.331 83.613 83.386 82.438 82.596 82.798
64.531 64.168 63.798 64.438 64.708 65.256 63.201 62.548 62.021 61.256 61.061 64.198 64.173 61.891 61.073 61.018 61.021 61.011 61.008 61.076 61.141 61.243 61.383 61.586 61.811 62.161 62.578 63.021 63.531 64.038 64.588 65.266 65.873 66.508 67.186 67.746 68.161 68.526 68.871 69.221 69.578 69.963 70.381 70.786 71.243 71.691 72.158 72.581 72.953 73.296 73.576 73.803 74.263 74.538 74.796 74.918 75.476 76.051 77.023 77.681 79.258 80.698 80.596 81.513 82.436 82.956 83.723 83.076 83.183 82.716 82.493 84.251 82.906 82.621
63.953 63.563 64.033 64.838 63.473 62.863 62.368 62.616 61.336 60.956 62.681 63.003 62.601 61.648 60.953 60.953 60.973 60.973 61.021 61.118 61.221 61.363 61.566 61.798 62.061 62.383 62.791 63.258 63.743 64.256 64.771 65.341 65.866 66.421 66.943 67.388 67.773 68.103 68.428 68.753 69.063 69.418 69.823 70.231 70.658 71.111 71.568 72.046 72.471 72.918 73.311 73.631 73.913 74.173 74.411 74.823 74.893 75.748 77.206 77.738 78.401 79.343 79.443 80.228 81.188 81.876 82.411 82.756 82.926 82.828 82.938 82.961 83.256 82.506
63.378 63.318 64.098 63.661 63.611 64.476 63.626 61.241 60.891 60.778 60.998 62.913 61.776 61.801 60.913 60.931 60.956 61.006 61.058 61.148 61.296 61.466 61.668 61.941 62.233 62.591 62.996 63.431 63.931 64.388 64.863 65.321 65.781 66.216 66.643 66.998 67.328 67.648 67.978 68.321 68.633 68.971 69.376 69.751 70.148 70.533 70.986 71.443 71.898 72.368 72.856 73.271 73.646 73.951 74.198 74.426 74.633 75.088 76.313 77.083 77.348 77.818 77.808 78.853 80.268 79.591 81.306 81.073 81.163 82.281 84.168 84.026 83.303 82.448
62.821 62.873 64.188 63.686 63.366 62.143 62.741 60.943 60.726 60.751 61.083 62.796 61.861 60.696 60.761 60.838 60.918 61.013 61.116 61.238 61.378 61.546 61.763 62.023 62.333 62.691 63.086 63.521 63.931 64.363 64.818 65.238 65.626 65.993 66.336 66.668 66.963 67.261 67.556 67.876 68.211 68.563 68.961 69.411 69.861 70.081 70.453 70.893 71.298 71.771 72.251 72.738 73.176 73.568 73.888 74.148 74.378 74.601 75.096 75.846 76.783 77.508 77.391 78.998 79.403 79.508 80.261 79.703 80.066 80.818 82.138 82.796 82.176 82.206
62.251 62.051 62.371 62.968 61.176 61.763 62.593 61.296 60.858 61.201 61.596 60.956 60.681 60.483 60.561 60.668 60.788 60.896 61.043 61.206 61.406 61.616 61.821 62.066 62.366 62.711 63.061 63.433 63.841 64.233 64.621 65.011 65.386 65.746 66.066 66.366 66.646 66.926 67.236 67.531 67.843 68.173 68.553 69.001 69.376 69.436 69.923 70.418 70.831 71.231 71.653 72.108 72.558 72.993 73.403 73.738 74.016 74.291 74.513 74.816 75.143 75.766 76.218 77.288 77.601 78.621 77.763 78.156 79.076 80.661 81.008 81.098 81.703 82.113
61.656 61.386 61.116 62.203 61.761 61.058 62.128 62.498 61.753 61.673 62.198 60.801 60.448 60.381 60.446 60.538 60.613 60.751 60.903 61.048 61.281 61.506 61.766 62.028 62.323 62.633 62.956 63.328 63.651 63.978 64.338 64.716 65.058 65.388 65.733 66.046 66.328 66.633 66.958 67.251 67.541 67.846 68.151 68.521 68.941 69.216 69.583 69.991 70.373 70.763 71.181 71.591 71.981 72.371 72.778 73.161 73.506 73.816 74.143 74.396 74.621 74.846 75.011 75.706 76.318 76.476 76.553 77.686 78.891 79.136 79.551 80.061 80.648 81.406
61.193 60.906 60.693 61.718 62.298 60.338 60.431 61.466 61.156 62.191 61.958 62.656 62.241 60.411 60.313 60.406 60.513 60.611 60.711 60.853 61.058 61.288 61.521 61.803 62.121 62.438 62.753 63.098 63.413 63.726 64.043 64.353 64.698 65.018 65.343 65.686 66.016 66.321 66.643 66.953 67.273 67.598 67.888 68.193 68.526 68.836 69.188 69.571 69.921 70.313 70.711 71.118 71.503 71.873 72.281 72.643 72.968 73.296 73.628 73.936 74.221 74.481 74.748 74.998 75.223 75.471 76.248 77.593 78.356 78.051 78.691 78.783 79.261 81.101
60.773 60.511 60.991 62.226 61.473 60.833 60.253 60.658 60.328 61.171 62.041 61.718 60.578 60.063 60.133 60.213 60.316 60.448 60.563 60.706 60.871 61.066 61.281 61.521 61.831 62.128 62.456 62.778 63.111 63.418 63.743 64.083 64.398 64.703 64.986 65.306 65.658 65.973 66.313 66.646 66.993 67.323 67.598 67.923 68.246 68.566 68.896 69.216 69.561 69.913 70.326 70.651 71.028 71.396 71.786 72.176 72.483 72.798 73.141 73.408 73.718 74.018 74.368 74.663 74.916 75.178 75.381 75.823 75.913 77.438 77.858 78.951 78.366 80.583
60.476 60.238 60.721 60.978 61.243 60.613 59.808 60.431 60.638 60.836 61.956 61.296 60.081 59.771 59.873 59.968 60.088 60.186 60.333 60.468 60.646 60.853 61.066 61.288 61.558 61.833 62.106 62.401 62.731 63.038 63.373 63.696 64.051 64.371 64.701 65.038 65.348 65.653 65.981 66.313 66.658 67.001 67.318 67.638 67.963 68.288 68.623 68.948 69.256 69.591 69.933 70.243 70.596 70.976 71.286 71.636 71.978 72.331 72.663 72.976 73.281 73.618 73.923 74.218 74.541 74.856 75.108 75.346 75.561 75.861 76.416 77.171 77.501 78.886
60.261 60.083 61.303 61.031 59.748 60.886 60.966 60.168 60.326 61.666 61.713 60.923 59.763 59.576 59.628 59.696 59.776 59.868 60.011 60.173 60.353 60.556 60.766 61.003 61.253 61.531 61.798 62.066 62.346 62.643 62.953 63.288 63.636 63.966 64.318 64.691 65.038 65.376 65.711 66.033 66.366 66.686 66.998 67.331 67.668 68.008 68.346 68.683 68.973 69.313 69.648 69.951 70.271 70.583 70.888 71.198 71.538 71.841 72.153 72.516 72.818 73.166 73.488 73.823 74.138 74.461 74.781 75.061 75.331 75.546 75.783 76.111 76.553 77.946
60.098 59.906 59.956 60.008 59.658 61.308 60.921 61.858 60.103 61.373 61.313 59.971 59.351 59.401 59.436 59.476 59.513 59.591 59.723 59.851 60.026 60.211 60.421 60.621 60.908 61.191 61.451 61.721 62.006 62.306 62.618 62.911 63.241 63.576 63.923 64.313 64.673 65.031 65.391 65.756 66.098 66.423 66.728 67.031 67.343 67.698 68.043 68.391 68.723 69.043 69.373 69.683 70.008 70.368 70.601 70.873 71.168 71.453 71.713 72.023 72.343 72.676 73.011 73.381 73.701 74.056 74.356 74.683 74.991 75.278 75.538 75.783 76.168 76.756
60.006 59.791 59.698 59.891 60.128 60.326 60.761 60.351 61.328 61.388 60.386 59.071 59.076 59.106 59.151 59.218 59.283 59.383 59.451 59.571 59.693 59.868 60.066 60.283 60.528 60.788 61.086 61.348 61.636 61.963 62.283 62.591 62.913 63.246 63.553 63.926 64.276 64.671 65.033 65.403 65.766 66.118 66.453 66.771 67.118 67.456 67.783 68.091 68.431 68.761 69.101 69.421 69.733 70.018 70.293 70.588 70.913 71.213 71.431 71.663 71.956 72.226 72.541 72.881 73.221 73.568 73.926 74.251 74.598 74.946 75.263 75.536 75.781 76.011
59.931 59.676 59.621 59.541 59.331 59.341 59.796 60.646 60.141 59.388 59.146 58.843 58.821 58.816 58.861 58.913 58.971 59.056 59.141 59.281 59.421 59.598 59.768 59.933 60.168 60.378 60.658 60.933 61.243 61.561 61.896 62.236 62.563 62.906 63.276 63.638 63.963 64.331 64.688 65.043 65.396 65.771 66.141 66.488 66.833 67.201 67.523 67.846 68.201 68.488 68.811 69.118 69.458 69.766 70.041 70.333 70.626 70.928 71.131 71.391 71.671 71.963 72.203 72.471 72.786 73.118 73.443 73.763 74.118 74.501 74.843 75.208 75.538 75.836
59.896 59.683 59.528 59.346 59.093 59.036 58.916 58.838 58.793 58.708 58.671 58.658 58.611 58.611 58.593 58.593 58.643 58.693 58.811 58.916 59.088 59.261 59.431 59.623 59.846 60.046 60.308 60.568 60.838 61.146 61.491 61.806 62.171 62.528 62.908 63.291 63.663 64.021 64.386 64.746 65.111 65.466 65.796 66.148 66.516 66.868 67.211 67.556 67.931 68.261 68.568 68.893 69.201 69.481 69.756 70.046 70.331 70.631 70.878 71.148 71.386 71.636 71.878 72.166 72.438 72.721 73.016 73.336 73.628 73.978 74.341 74.711 75.111 75.493
59.796 59.568 59.438 59.281 58.971 58.921 58.718 58.573 58.558 58.453 58.431 58.418 58.403 58.376 58.371 58.373 58.393 58.431 58.506 58.616 58.743 58.903 59.078 59.266 59.473 59.683 59.968 60.226 60.526 60.828 61.183 61.441 61.766 62.133 62.508 62.898 63.271 63.661 64.058 64.453 64.823 65.181 65.506 65.863 66.218 66.566 66.923 67.273 67.646 67.978 68.318 68.646 68.948 69.251 69.536 69.818 70.068 70.341 70.608 70.861 71.141 71.368 71.636 71.878 72.143 72.391 72.668 72.956 73.258 73.553 73.863 74.206 74.598 74.978
59.661 59.471 59.346 59.223 58.798 58.706 58.531 58.408 58.303 58.198 58.131 58.111 58.088 58.051 58.078 58.098 58.143 58.191 58.246 58.336 58.421 58.566 58.713 58.861 59.063 59.306 59.556 59.828 60.143 60.516 60.818 61.161 61.433 61.768 62.126 62.516 62.893 63.291 63.681 64.083 64.478 64.833 65.196 65.578 65.941 66.301 66.633 67.001 67.336 67.681 68.013 68.343 68.681 68.973 69.296 69.581 69.871 70.128 70.376 70.621 70.868 71.078 71.341 71.586 71.841 72.073 72.331 72.611 72.863 73.148 73.471 73.806 74.136 74.476
59.536 59.318 59.203 58.918 58.593 59.128 58.738 59.146 58.268 58.031 57.906 57.831 57.768 57.741 57.746 57.768 57.811 57.858 57.943 58.043 58.151 58.261 58.418 58.561 58.753 58.928 59.178 59.438 59.731 60.058 60.461 60.841 61.083 61.433 61.813 62.153 62.536 62.921 63.303 63.696 64.116 64.471 64.881 65.246 65.633 65.986 66.358 66.733 67.068 67.421 67.741 68.078 68.406 68.698 68.996 69.303 69.591 69.871 70.173 70.418 70.656 70.896 71.128 71.328 71.563 71.788 72.036 72.258 72.523 72.761 73.081 73.388 73.701 74.031
