All_lidar/sz6291_DSM_2M.asc
ncols 500
nrows 500
xllcorner    462000
yllcorner    91000
cellsize     2
NODATA_value -9999
[rows 374 to 407 of 500, columns 76 to 151 of 500]
2.488 3.11 2.843 2.715 2.965 2.605 2.053 1.96 1.958 1.953 1.953 1.975 1.993 1.978 1.938 1.935 1.945 1.978 1.96 1.933 2.013 2.12 2.175 2.193 2.195 2.24 2.73 3.433 2.873 2.425 2.498 2.548 2.57 2.678 2.77 2.858 2.96 3.078 3.183 3.36 3.543 3.648 3.768 3.91 4.058 4.223 4.408 4.553 4.733 4.873 5.04 5.2 5.358 5.573 5.733 5.918 6.098 6.283 6.495 6.65 6.83 6.945 7.123 7.253 7.398 7.563 7.698 7.82 7.958 8.04 8.205 8.293 8.348 8.405 8.47 8.533
2.468 2.935 2.868 2.908 2.765 2.69 2.113 1.995 1.983 1.963 1.973 1.98 1.985 1.973 1.963 1.943 1.95 1.978 1.973 2.085 2.163 2.233 2.233 2.223 2.25 2.458 3.035 2.983 2.51 2.553 2.565 2.593 2.638 2.733 2.828 2.908 3.055 3.145 3.273 3.433 3.615 3.723 3.878 4.04 4.195 4.36 4.558 4.688 4.863 5.05 5.198 5.363 5.515 5.765 5.928 6.133 6.328 6.498 6.695 6.895 7.068 7.183 7.325 7.488 7.648 7.788 7.908 8.038 8.16 8.265 8.415 8.508 8.578 8.603 8.688 8.755
2.37 2.665 2.833 2.883 2.763 2.738 2.24 2.005 2.008 2.01 2.025 1.99 1.978 1.985 1.923 1.935 1.968 2.01 2.048 2.1 2.3 2.293 2.22 2.28 2.323 3.483 3.425 2.56 2.543 2.573 2.6 2.663 2.718 2.793 2.895 2.988 3.11 3.228 3.363 3.528 3.715 3.865 3.99 4.15 4.33 4.51 4.718 4.818 5.035 5.223 5.388 5.535 5.698 5.96 6.17 6.35 6.535 6.745 6.94 7.128 7.293 7.425 7.56 7.72 7.868 7.995 8.123 8.263 8.355 8.478 8.628 8.698 8.75 8.83 8.88 8.963
2.353 2.423 2.75 2.828 2.923 2.848 2.253 2.013 2.025 2.015 2.04 2.02 1.978 1.953 1.95 1.968 2.015 2.098 2.193 2.235 2.258 2.225 2.28 2.305 3.228 3.813 2.723 2.543 2.583 2.6 2.678 2.698 2.748 2.888 3 3.08 3.178 3.318 3.49 3.628 3.845 3.963 4.143 4.315 4.465 4.66 4.838 4.993 5.2 5.378 5.55 5.72 5.898 6.17 6.353 6.55 6.773 6.96 7.145 7.333 7.498 7.608 7.753 7.93 8.075 8.21 8.33 8.463 8.57 8.693 8.82 8.913 8.968 9.04 9.11 9.188
2.358 2.378 2.528 2.59 2.375 2.255 2.108 2.035 2.04 2.048 2.048 2.013 1.985 1.955 1.975 2.02 2.265 2.715 2.23 2.34 2.245 2.278 2.32 2.533 3.723 3.095 2.545 2.578 2.635 2.653 2.723 2.755 2.815 2.98 3.063 3.18 3.273 3.408 3.558 3.748 3.95 4.09 4.263 4.438 4.613 4.798 4.988 5.155 5.365 5.565 5.748 5.915 6.098 6.353 6.55 6.745 6.955 7.168 7.358 7.538 7.713 7.843 7.965 8.108 8.27 8.395 8.533 8.655 8.785 8.92 9.025 9.125 9.178 9.258 9.333 9.438
2.408 2.355 2.32 2.225 2.098 2.03 2 2.03 2.04 2.06 2.04 2 1.97 1.978 2.058 2.185 2.525 2.385 2.61 2.25 2.288 2.325 2.335 3.513 3.06 2.505 2.595 2.615 2.683 2.735 2.778 2.82 2.898 3.013 3.135 3.258 3.355 3.503 3.668 3.858 4.065 4.165 4.365 4.558 4.735 4.95 5.135 5.293 5.53 5.738 5.93 6.08 6.318 6.553 6.765 6.95 7.168 7.37 7.578 7.743 7.915 8.028 8.145 8.33 8.475 8.598 8.735 8.865 8.973 9.125 9.235 9.335 9.4 9.473 9.573 9.683
2.45 2.39 2.358 2.183 2.083 2.04 2.04 2.078 2.065 2.055 2.043 2.028 1.995 1.993 2.318 3.043 2.538 2.343 2.285 2.25 2.42 2.345 2.885 3.36 2.485 2.558 2.62 2.65 2.708 2.755 2.835 2.908 3.003 3.113 3.198 3.315 3.448 3.59 3.783 3.955 4.15 4.29 4.49 4.68 4.873 5.095 5.278 5.453 5.67 5.908 6.108 6.265 6.538 6.79 6.975 7.178 7.375 7.593 7.78 7.94 8.11 8.23 8.38 8.56 8.673 8.81 8.96 9.085 9.193 9.333 9.468 9.553 9.635 9.728 9.845 9.938
2.525 2.338 2.323 2.258 2.108 2.058 2.078 2.043 2.065 2.038 2.033 1.99 1.985 2.003 3.345 2.93 2.328 2.363 2.32 2.178 2.473 2.86 3.283 2.515 2.55 2.605 2.638 2.673 2.745 2.798 2.89 2.945 3.038 3.18 3.283 3.4 3.545 3.715 3.89 4.028 4.245 4.385 4.615 4.8 5 5.225 5.433 5.613 5.848 6.08 6.273 6.475 6.743 6.978 7.158 7.39 7.603 7.803 8.01 8.173 8.345 8.45 8.58 8.765 8.915 9.048 9.19 9.328 9.425 9.55 9.688 9.768 9.85 9.965 10.075 10.185
2.69 2.46 2.36 2.313 2.18 2.083 2.08 2.078 2.05 2.033 2.028 2.01 2.01 2.475 2.74 2.33 2.395 2.375 2.38 2.105 2.848 3.515 2.635 2.573 2.608 2.648 2.678 2.718 2.768 2.875 2.948 3.005 3.125 3.23 3.348 3.465 3.61 3.795 3.985 4.115 4.35 4.52 4.708 4.92 5.123 5.358 5.553 5.768 5.988 6.223 6.465 6.65 6.923 7.173 7.368 7.603 7.815 8.005 8.198 8.383 8.558 8.66 8.833 8.998 9.135 9.253 9.41 9.548 9.658 9.77 9.89 10.013 10.078 10.185 10.298 10.403
2.823 2.54 2.343 2.353 2.27 2.155 2.108 2.093 2.075 2.028 2.038 2.015 2.13 2.69 2.428 2.378 2.375 2.375 2.155 3.003 3.31 2.775 2.578 2.613 2.64 2.688 2.748 2.775 2.845 2.928 3.008 3.075 3.19 3.338 3.405 3.578 3.703 3.895 4.093 4.218 4.44 4.658 4.848 5.043 5.273 5.495 5.685 5.91 6.15 6.385 6.608 6.825 7.108 7.363 7.575 7.795 8.025 8.223 8.418 8.583 8.768 8.875 9.025 9.225 9.375 9.495 9.65 9.738 9.84 10.003 10.118 10.238 10.32 10.443 10.558 10.65
2.955 2.62 2.413 2.348 2.353 2.185 2.123 2.105 2.08 2.07 2.063 2.053 2.448 2.45 2.375 2.44 2.403 2.253 2.975 3.673 2.998 2.61 2.648 2.65 2.683 2.748 2.795 2.85 2.933 2.993 3.078 3.143 3.28 3.403 3.508 3.678 3.813 3.998 4.203 4.378 4.565 4.813 5 5.193 5.413 5.665 5.835 6.088 6.35 6.573 6.793 7.043 7.313 7.545 7.773 7.98 8.198 8.393 8.583 8.788 8.968 9.068 9.25 9.443 9.6 9.74 9.845 9.94 10.055 10.21 10.353 10.465 10.563 10.695 10.795 10.88
3.015 2.768 2.528 2.403 2.345 2.288 2.198 2.135 2.103 2.083 2.085 2.243 2.493 2.463 2.465 2.413 2.325 2.578 3.228 3.105 2.58 2.668 2.663 2.725 2.75 2.81 2.825 2.898 2.963 3.08 3.168 3.228 3.358 3.523 3.63 3.775 3.95 4.153 4.318 4.473 4.708 4.96 5.145 5.34 5.585 5.82 5.99 6.245 6.52 6.758 6.983 7.235 7.51 7.73 7.96 8.165 8.383 8.595 8.793 8.983 9.148 9.27 9.443 9.625 9.795 9.933 10.033 10.153 10.293 10.46 10.583 10.688 10.823 10.935 11.025 11.128
3.37 2.883 2.613 2.46 2.398 2.335 2.223 2.153 2.135 2.308 2.703 2.37 2.453 2.41 2.435 2.395 2.4 3.9 3.02 2.575 2.67 2.685 2.745 2.775 2.808 2.878 2.895 2.99 3.048 3.163 3.22 3.343 3.478 3.62 3.765 3.915 4.09 4.273 4.468 4.68 4.88 5.103 5.315 5.508 5.753 5.958 6.153 6.41 6.655 6.923 7.138 7.39 7.718 7.943 8.165 8.363 8.608 8.805 8.975 9.153 9.343 9.468 9.65 9.85 10.003 10.128 10.248 10.393 10.513 10.678 10.81 10.925 11.038 11.163 11.27 11.355
3.43 3.085 2.743 2.505 2.418 2.413 2.26 2.203 2.218 2.6 2.393 2.44 2.463 2.445 2.415 2.453 3.868 3.213 2.57 2.698 2.723 2.745 2.8 2.835 2.873 2.925 2.965 3.055 3.128 3.233 3.315 3.453 3.585 3.74 3.893 4.05 4.263 4.445 4.643 4.858 5.07 5.28 5.475 5.66 5.898 6.115 6.318 6.598 6.825 7.09 7.32 7.575 7.868 8.098 8.345 8.57 8.773 8.97 9.183 9.373 9.595 9.663 9.828 10.028 10.178 10.33 10.468 10.595 10.753 10.903 11.035 11.17 11.27 11.39 11.51 11.6
3.668 3.095 2.82 2.565 2.405 2.38 2.335 2.345 2.938 2.488 2.488 2.545 2.52 2.488 2.288 3.203 3.228 2.7 2.705 2.753 2.76 2.793 2.87 2.9 2.923 3.003 3.038 3.14 3.2 3.33 3.423 3.553 3.693 3.85 4.008 4.215 4.44 4.638 4.833 5.035 5.22 5.463 5.64 5.833 6.078 6.25 6.483 6.733 6.988 7.263 7.483 7.765 8.083 8.3 8.553 8.758 8.948 9.143 9.355 9.573 9.733 9.828 10.013 10.223 10.363 10.545 10.7 10.823 10.983 11.113 11.29 11.398 11.515 11.63 11.738 11.818
3.195 3.06 2.903 2.68 2.358 2.248 4.25 10.045 3.88 2.49 2.485 2.525 2.518 2.275 2.873 3.318 2.815 2.695 2.76 2.795 2.805 2.883 2.93 2.958 3.005 3.1 3.11 3.225 3.305 3.418 3.53 3.673 3.833 3.97 4.17 4.373 4.613 4.783 4.978 5.18 5.38 5.605 5.798 5.98 6.205 6.435 6.655 6.895 7.163 7.398 7.64 7.918 8.243 8.475 8.673 8.88 9.073 9.285 9.513 9.725 9.905 9.998 10.215 10.425 10.583 10.77 10.91 11.035 11.185 11.345 11.51 11.645 11.74 11.858 11.963 12.06
2.768 3.023 2.94 2.763 2.855 2.393 3.898 6.388 5.138 2.545 2.548 2.53 2.155 3.223 3.34 2.615 2.653 2.758 2.78 2.82 2.868 2.913 2.983 3.035 3.1 3.15 3.218 3.315 3.403 3.535 3.668 3.783 3.97 4.12 4.325 4.533 4.75 4.935 5.148 5.33 5.523 5.78 5.965 6.143 6.373 6.578 6.813 7.05 7.303 7.555 7.795 8.07 8.353 8.573 8.81 9.018 9.258 9.44 9.685 9.883 10.06 10.2 10.413 10.63 10.803 10.975 11.13 11.265 11.413 11.573 11.745 11.888 11.98 12.11 12.208 12.308
2.845 2.955 2.893 2.66 2.603 2.453 2.45 2.68 2.645 2.558 2.605 2.4 3.11 3.515 2.618 2.613 2.7 2.723 2.798 2.863 2.923 2.943 3.023 3.093 3.14 3.228 3.305 3.41 3.498 3.65 3.77 3.905 4.11 4.278 4.493 4.683 4.88 5.09 5.283 5.455 5.685 5.923 6.118 6.298 6.52 6.74 6.958 7.203 7.455 7.705 7.933 8.223 8.498 8.785 9.005 9.238 9.443 9.638 9.87 10.075 10.265 10.39 10.615 10.835 11.02 11.178 11.37 11.508 11.648 11.828 11.98 12.108 12.208 12.325 12.46 12.53
2.86 2.835 2.733 2.673 2.595 2.545 2.535 2.583 2.615 2.633 2.653 2.6 3.235 2.733 2.56 2.655 2.713 2.745 2.823 2.903 2.96 3.018 3.075 3.135 3.198 3.29 3.398 3.51 3.63 3.77 3.9 4.073 4.26 4.44 4.64 4.805 5.04 5.225 5.405 5.633 5.855 6.098 6.3 6.458 6.678 6.89 7.118 7.368 7.6 7.843 8.08 8.373 8.668 8.938 9.153 9.373 9.613 9.84 10.043 10.26 10.453 10.603 10.818 11.06 11.213 11.405 11.573 11.7 11.898 12.033 12.203 12.35 12.453 12.59 12.695 12.788
3.195 3.065 2.68 2.675 2.608 2.628 2.625 2.688 2.72 2.603 2.705 2.638 2.515 2.515 2.618 2.678 2.733 2.788 2.865 2.918 3 3.023 3.113 3.19 3.283 3.353 3.47 3.603 3.745 3.903 4.028 4.203 4.388 4.585 4.79 4.963 5.163 5.36 5.56 5.793 6.015 6.27 6.445 6.618 6.84 7.038 7.258 7.5 7.735 7.983 8.218 8.553 8.815 9.083 9.283 9.533 9.773 10.035 10.243 10.448 10.643 10.773 10.998 11.24 11.425 11.63 11.803 11.955 12.108 12.258 12.413 12.575 12.725 12.855 12.913 12.978
2.87 2.9 2.82 2.873 2.795 2.735 2.698 2.738 2.645 2.465 3.333 2.785 2.525 2.62 2.668 2.71 2.75 2.798 2.89 2.958 3.023 3.078 3.153 3.245 3.363 3.445 3.603 3.703 3.848 4.025 4.185 4.378 4.56 4.735 4.933 5.135 5.323 5.55 5.745 5.96 6.178 6.433 6.605 6.783 7.01 7.195 7.413 7.655 7.89 8.143 8.395 8.7 8.975 9.243 9.478 9.713 9.965 10.18 10.398 10.6 10.803 10.958 11.173 11.435 11.638 11.825 11.985 12.173 12.328 12.468 12.62 12.833 12.948 13.023 13.088 13.17
3.35 3.33 2.86 2.893 2.938 2.798 2.773 2.745 2.438 2.738 2.923 2.583 2.57 2.665 2.69 2.73 2.745 2.808 2.898 2.97 3.035 3.128 3.238 3.345 3.425 3.528 3.69 3.81 3.968 4.15 4.328 4.513 4.675 4.858 5.08 5.295 5.485 5.688 5.893 6.09 6.36 6.605 6.768 6.943 7.16 7.358 7.57 7.828 8.053 8.303 8.55 8.883 9.155 9.405 9.638 9.878 10.105 10.33 10.57 10.773 10.965 11.158 11.358 11.61 11.815 12.033 12.218 12.368 12.54 12.71 12.908 13.063 13.118 13.19 13.258 13.34
2.608 2.733 2.953 2.71 2.87 2.92 2.905 2.713 3.008 3.085 2.71 2.64 2.643 2.663 2.678 2.768 2.788 2.843 2.925 2.995 3.065 3.17 3.3 3.398 3.523 3.633 3.775 3.913 4.085 4.273 4.46 4.615 4.788 5.013 5.248 5.47 5.655 5.86 6.068 6.283 6.525 6.763 6.933 7.14 7.333 7.535 7.76 7.998 8.225 8.45 8.733 9.048 9.308 9.558 9.803 10.033 10.258 10.495 10.735 10.93 11.123 11.32 11.543 11.805 12.03 12.235 12.393 12.568 12.738 12.913 13.075 13.215 13.273 13.328 13.438 13.525
2.978 3.035 3.51 3.088 2.948 3.07 3.27 2.758 2.985 2.978 2.783 2.803 2.76 2.728 2.76 2.813 2.848 2.893 2.963 3.048 3.125 3.233 3.37 3.498 3.613 3.73 3.913 4.058 4.22 4.378 4.548 4.768 4.938 5.183 5.393 5.618 5.82 6.045 6.215 6.465 6.69 6.935 7.143 7.338 7.538 7.735 7.938 8.15 8.388 8.62 8.898 9.203 9.48 9.713 9.953 10.193 10.42 10.66 10.873 11.105 11.29 11.503 11.703 11.975 12.203 12.405 12.575 12.763 12.978 13.11 13.23 13.355 13.435 13.525 13.643 13.733
4.833 3.49 3.103 3.663 2.953 3.14 3.21 3.623 3.563 2.938 2.648 2.843 2.923 2.895 2.92 2.903 2.958 2.965 3.06 3.138 3.218 3.32 3.458 3.6 3.7 3.873 4.02 4.163 4.355 4.515 4.688 4.888 5.085 5.318 5.535 5.765 5.985 6.203 6.425 6.628 6.855 7.115 7.308 7.51 7.743 7.898 8.11 8.328 8.558 8.773 9.08 9.373 9.638 9.865 10.103 10.328 10.588 10.83 11.03 11.243 11.46 11.668 11.873 12.155 12.39 12.585 12.78 13 13.13 13.235 13.38 13.495 13.595 13.745 13.853 13.933
3.3 3.05 3.003 2.87 2.77 2.69 2.718 3.093 3.693 3.423 3.168 2.713 2.725 2.903 3.053 3.135 3.13 3.175 3.195 3.263 3.348 3.425 3.583 3.683 3.828 3.973 4.145 4.275 4.485 4.67 4.83 5.033 5.223 5.475 5.688 5.918 6.123 6.35 6.598 6.803 7.065 7.29 7.493 7.748 7.915 8.053 8.243 8.488 8.713 8.97 9.293 9.588 9.793 10.013 10.243 10.49 10.743 11.005 11.185 11.39 11.623 11.84 12.06 12.328 12.56 12.77 12.968 13.133 13.273 13.39 13.56 13.695 13.813 13.968 14.073 14.173
2.86 3.065 2.975 2.807 2.73 2.617 2.58 2.6 2.73 3.012 3.09 3.525 3.515 2.972 2.875 3.062 3.232 3.325 3.417 3.475 3.5 3.57 3.677 3.81 3.937 4.087 4.24 4.392 4.592 4.792 4.98 5.165 5.367 5.602 5.82 6.062 6.3 6.512 6.755 6.97 7.212 7.452 7.715 7.922 8.072 8.232 8.437 8.652 8.907 9.212 9.48 9.692 9.905 10.11 10.387 10.645 10.917 11.152 11.33 11.572 11.775 12.03 12.237 12.52 12.747 12.955 13.115 13.267 13.38 13.54 13.72 13.88 14.03 14.152 14.255 14.402
2.995 3.055 2.947 2.82 2.697 2.607 2.595 2.607 2.62 2.597 2.645 2.777 3.355 3.822 3.537 3.145 2.97 3.137 3.387 3.502 3.507 3.577 3.687 3.797 3.977 4.17 4.34 4.502 4.71 4.905 5.077 5.342 5.545 5.785 6.002 6.227 6.437 6.652 6.865 7.122 7.372 7.66 7.88 8.052 8.21 8.387 8.565 8.777 9.07 9.305 9.562 9.747 9.997 10.242 10.522 10.8 11.102 11.28 11.507 11.75 11.97 12.212 12.405 12.647 12.857 13.067 13.232 13.39 13.535 13.74 13.94 14.057 14.185 14.315 14.47 14.595
3.12 2.995 2.885 2.755 2.662 2.655 2.61 2.6 2.635 2.67 2.7 2.727 2.842 3.012 3.372 3.692 3.682 3.277 3.145 3.42 3.46 3.55 3.65 3.817 4.09 4.302 4.457 4.595 4.837 5.047 5.232 5.467 5.697 5.952 6.147 6.355 6.567 6.812 7.04 7.282 7.537 7.782 8.005 8.19 8.352 8.532 8.665 8.89 9.15 9.385 9.63 9.875 10.102 10.387 10.662 10.98 11.237 11.45 11.702 11.945 12.142 12.327 12.525 12.785 13.005 13.187 13.387 13.607 13.74 13.935 14.075 14.242 14.38 14.542 14.647 14.72
3.03 2.935 2.835 2.715 2.667 2.67 2.662 2.687 2.73 2.75 2.802 2.832 2.91 2.982 3.077 3.22 3.72 4.252 3.515 3.445 3.455 3.457 3.672 3.95 4.27 4.417 4.575 4.752 4.965 5.165 5.417 5.632 5.872 6.102 6.315 6.505 6.73 6.977 7.19 7.425 7.67 7.92 8.14 8.34 8.487 8.637 8.775 8.975 9.255 9.495 9.75 9.997 10.23 10.57 10.86 11.122 11.392 11.685 11.905 12.075 12.255 12.465 12.677 12.93 13.115 13.305 13.492 13.787 13.917 14.06 14.247 14.42 14.567 14.685 14.782 14.852
2.99 2.912 2.79 2.707 2.722 2.752 2.737 2.795 2.835 2.867 2.895 2.962 3.027 3.097 3.207 3.307 3.41 3.577 3.522 3.495 4.307 3.587 3.69 4.135 4.407 4.502 4.672 4.9 5.107 5.292 5.51 5.77 6.007 6.26 6.45 6.66 6.915 7.117 7.325 7.555 7.795 8.055 8.277 8.427 8.56 8.732 8.872 9.082 9.342 9.625 9.907 10.125 10.417 10.737 11.012 11.297 11.582 11.885 12.032 12.21 12.405 12.61 12.782 13.05 13.235 13.455 13.68 13.915 14.065 14.252 14.412 14.61 14.737 14.832 14.922 15
2.957 2.865 2.78 2.752 2.782 2.805 2.825 2.87 2.965 3.002 3.03 3.077 3.165 3.252 3.367 3.472 3.567 3.61 3.65 3.802 4.35 4.337 4.375 4.097 4.457 4.637 4.822 5.005 5.222 5.422 5.67 5.902 6.145 6.37 6.605 6.85 7.025 7.252 7.482 7.7 7.92 8.147 8.435 8.53 8.66 8.812 8.977 9.215 9.475 9.765 9.995 10.247 10.565 10.882 11.195 11.5 11.81 12.037 12.15 12.322 12.542 12.757 12.97 13.225 13.415 13.62 13.83 14.047 14.24 14.407 14.557 14.757 14.875 14.977 15.047 15.142
2.932 2.84 2.77 2.795 2.83 2.9 2.912 2.965 3.005 3.072 3.15 3.245 3.302 3.435 3.537 3.567 3.637 3.827 3.942 4.437 6.905 5.35 4.875 4.375 4.415 4.677 4.89 5.122 5.38 5.595 5.847 6.072 6.287 6.502 6.75 6.982 7.17 7.42 7.62 7.86 8.07 8.257 8.505 8.66 8.772 8.945 9.132 9.362 9.6 9.817 10.08 10.375 10.712 11.062 11.432 11.732 11.96 12.117 12.282 12.47 12.737 12.982 13.165 13.372 13.587 13.795 13.982 14.18 14.387 14.54 14.695 14.88 14.997 15.102 15.195 15.322
2.865 2.772 2.76 2.797 2.855 2.935 2.98 3.002 3.067 3.172 3.277 3.38 3.47 3.582 3.7 3.785 3.852 4.027 4.192 10.65 12.357 10.247 4.83 5.747 4.73 4.42 4.847 5.152 5.46 5.722 6.02 6.242 6.457 6.69 6.94 7.135 7.345 7.567 7.77 7.98 8.187 8.375 8.597 8.77 8.91 9.09 9.297 9.48 9.675 9.935 10.22 10.537 10.905 11.282 11.647 11.852 12.042 12.222 12.44 12.672 12.967 13.152 13.282 13.52 13.755 13.927 14.11 14.327 14.532 14.687 14.837 14.99 15.12 15.282 15.405 15.5
