All_lidar/sz6288_DSM_2M.asc
ncols 500
nrows 500
xllcorner    462000
yllcorner    88000
cellsize     2
NODATA_value -9999
[rows 34 to 67 of 500, columns 308 to 384 of 500]
30.235 30.65 31.995 31.165 30.305 30.007 30.005 29.977 29.83 29.917 29.815 29.587 29.627 29.447 29.38 29.342 29.3 29.252 29.382 29.652 30.222 28.655 28.577 28.587 28.485 29.072 30.402 30.307 30.7 34.595 35.407 34.89 33.88 28.715 27.815 27.677 27.942 28.027 27.08 27.025 27.1 27.085 27.077 27.027 27.042 26.967 26.985 27.04 27.082 27.152 27.257 27.37 27.437 27.497 27.622 27.717 27.822 27.92 28.085 28.207 28.312 28.385 28.392 28.5 28.59 28.672 28.84 28.835 28.897 28.947 29.012 29.025 29.065 29.122 29.14 29.162 29.15
30.23 31.107 31.147 30.897 30.107 29.932 29.917 29.9 29.78 29.727 29.57 29.585 29.48 29.43 29.345 29.272 29.27 29.215 29.172 29.765 30.007 29.102 28.52 28.377 28.32 28.322 28.282 28.172 28.777 33.895 34.927 33.56 33.142 28.105 28.21 28.055 27.957 27.907 27.42 26.932 26.932 26.94 26.945 26.947 26.92 26.917 26.832 26.812 26.947 27.017 27.112 27.215 27.332 27.447 27.535 27.625 27.707 27.77 27.892 27.982 28.087 28.227 28.327 28.495 28.592 28.7 28.757 28.795 28.857 28.95 28.962 29.065 29.035 29.175 29.045 29.217 29.5
34.93 34.165 34.625 30.457 29.787 29.775 29.76 29.727 29.707 29.66 29.537 29.51 29.412 29.535 29.272 29.207 29.165 29.15 29.085 29.45 29.842 29.817 29.592 28.307 28.257 28.217 28.205 28.79 28.18 32.252 30.487 28.562 27.595 27.667 27.877 27.692 27.792 27.17 26.945 26.75 26.78 26.82 26.827 26.83 26.822 26.802 26.72 26.702 26.777 26.92 27.01 27.087 27.21 27.27 27.357 27.485 27.557 27.7 27.82 27.952 28.105 28.21 28.282 28.42 28.567 28.66 28.797 28.817 29.012 29.067 28.93 28.912 28.892 28.867 28.87 28.845 29.02
36.455 36.767 35.655 30.215 29.725 29.72 29.695 29.69 29.757 30.435 29.64 29.437 29.282 29.5 29.145 29.132 29.092 29.025 29.017 29.127 29.995 30.09 30.432 30.237 28.477 28.355 29.05 29.472 28.682 28.475 27.985 27.987 27.282 27.07 27.385 27.372 28.012 27.357 26.83 26.67 26.647 26.68 26.677 26.707 26.727 26.705 26.665 26.635 26.64 26.72 26.85 26.96 27.08 27.185 27.325 27.395 27.58 27.67 27.827 27.927 28.075 28.612 28.902 28.77 28.67 29.077 29.192 28.775 28.91 28.887 28.755 28.757 28.76 28.845 28.702 28.652 28.735
36.815 37.092 35.655 30.392 30.99 30.162 30.207 29.78 30.015 31.3 30.417 29.445 29.232 29.31 29.325 29.585 29.59 29.587 29.982 29.187 30.085 29.97 30.537 30.077 28.545 28.972 28.875 28.065 27.89 27.695 27.467 27.912 27.43 28.765 32.35 32.652 32.607 28.65 27.417 26.78 26.49 26.537 26.565 26.572 26.585 26.585 26.6 26.537 26.562 26.652 26.792 26.885 27.055 27.142 27.267 27.397 27.485 27.667 27.822 27.967 28.407 29.807 28.767 28.347 28.537 29.402 29.47 28.817 28.77 28.735 28.622 28.6 28.577 29.227 28.61 28.455 28.462
36.707 37.327 35.627 32.422 30.197 29.775 29.742 29.825 30.132 30.125 29.462 29.515 29.175 29.39 29.275 29.422 29.26 29.39 29.15 28.987 28.925 29.445 29.86 30.92 28.38 28.35 28.557 28.315 27.702 27.455 27.51 26.99 27.772 30.315 32.995 34.052 33.202 29.257 26.927 26.6 26.365 26.372 26.432 26.45 26.492 26.527 26.495 26.445 26.525 26.58 26.695 26.822 26.987 27.157 27.297 27.387 27.467 27.54 27.605 28.285 27.942 28.55 28.182 28.167 28.285 28.72 28.947 28.655 28.215 28.695 28.435 28.422 28.432 29.07 28.315 28.342 28.712
36.5 36.872 35.592 32.55 29.89 29.662 29.522 29.45 29.565 29.36 29.27 29.21 29.117 29.05 29.017 28.925 28.837 28.772 28.715 28.62 28.532 28.545 28.64 31.04 30.52 30.002 30.315 29.592 27.595 27.45 27.292 27.297 28.567 30.58 32.827 34.502 33.647 31.432 26.797 26.895 26.232 26.215 26.292 26.335 26.342 26.38 26.35 26.362 26.417 26.52 26.63 26.807 26.972 27.092 27.187 27.237 27.31 27.32 27.425 27.807 27.702 28.195 28.052 28.032 28.65 28.485 28.192 28.615 28.342 28.34 28.367 28.267 28.965 28.337 28.95 30.942 30.087
35.297 34.88 35.2 30.567 29.622 29.64 29.565 29.875 29.297 29.22 29.147 29.072 28.962 28.942 28.905 28.8 28.717 28.68 28.617 28.565 28.427 29.2 29.742 30.38 30.52 30.412 30.292 29.727 27.747 28.57 27.4 27.485 27.955 27.595 32.64 34.24 33.692 31.787 26.49 26.432 26.122 26.072 26.145 26.222 26.222 26.25 26.232 26.25 26.297 26.437 26.565 26.68 26.755 26.942 27.102 27.147 27.155 27.235 27.29 27.345 27.477 28.142 28.447 27.932 28.12 28.567 28.002 28.075 28.845 28.622 28.355 28.28 30.695 29.497 29.967 31.89 32.045
30.802 30.882 31.265 30.05 30.412 30.822 30.54 30.232 29.545 29.345 29.675 29.71 29.365 28.962 28.892 28.995 28.847 28.862 28.837 28.735 28.7 29.562 30.187 30.155 30.76 28.957 28.125 27.57 27.895 27.847 27.147 27.027 26.962 26.755 31.98 33.637 33.507 32.145 26.64 26.48 26.115 25.922 26.03 26.07 26.095 26.137 26.107 26.087 26.212 26.372 26.46 26.5 26.58 26.817 26.895 26.95 27.007 27.24 27.695 27.242 27.412 28.375 28.027 27.835 27.71 28.157 29.142 28.357 29.355 30.025 29.077 29.577 32.29 33.142 33.692 34.007 34.255
32.082 32.99 33.087 29.582 30.367 31.472 31.252 31.222 29.732 29.577 30.857 30.13 28.897 29.052 29.875 28.865 29.667 28.685 28.487 28.57 28.46 28.68 30.03 30.41 29.28 28.262 27.692 28.085 27.787 27.787 27.635 27.03 26.96 26.902 31.317 30.782 31.352 30.172 26.492 26.337 26.142 25.807 25.895 25.927 25.985 26.017 26.02 26.007 26.12 26.27 26.347 26.377 26.662 27.187 26.472 26.52 27.12 28.1 27.827 27.38 27.31 27.91 28.295 27.817 27.855 29.8 29.967 28.9 30.485 31.29 32.052 33.76 34.042 34.305 34.475 34.64 34.54
35.462 35.425 34.725 30.102 29.152 29.247 29.94 29.78 29.215 29.017 29.107 28.967 28.735 28.73 29.04 28.657 28.835 29.052 29.16 29.177 28.307 28.73 30.072 30.092 28.495 27.627 27.502 28.31 27.265 27.112 27.082 26.997 26.917 26.765 26.667 26.545 26.747 26.587 26.375 26.222 26.032 25.645 25.73 25.767 25.83 25.86 25.87 25.847 25.997 26.117 26.18 26.73 27.175 27.02 27.155 26.517 29.092 32.522 30.482 29.42 27.82 27.615 29.727 27.595 27.66 30.262 31.977 31.952 33.175 33.417 34.037 34.53 34.617 34.522 34.31 34.145 33.562
35.992 36.215 34.125 30.467 29.12 29.78 30.4 29.472 29.057 29.045 29.127 28.987 28.827 28.867 29.28 29.27 28.822 29.32 31.627 30.64 28.745 28.655 28.412 30.825 29.707 28.057 27.892 27.412 27.137 27.147 26.955 27.162 28.48 28.785 26.94 26.6 26.742 26.575 26.3 25.932 25.82 25.567 25.567 25.662 25.722 25.735 25.707 25.72 25.84 25.96 26.097 27.327 27.432 26.685 27.232 29.652 32.777 33.727 32.842 30.777 29.155 27.38 29.665 29.377 31.717 32.825 33.445 33.712 33.885 33.9 34.035 34.265 34.295 33.877 32.642 32.242 31.135
36.277 36.482 34.467 29.942 29.037 30.395 32.685 30.135 28.867 28.812 28.712 28.765 28.602 28.645 28.492 28.87 29.93 30.855 29.512 28.017 27.932 27.867 27.63 29.975 30.312 28.477 28.757 28.775 27.905 27.555 26.932 28.31 29.72 30.247 26.075 27.222 27.952 28.135 26.345 25.68 25.755 26.022 26.277 25.522 25.592 25.602 25.557 25.597 25.74 25.825 26.935 26.522 26.722 26.752 27.135 31.357 32.95 34.107 33.742 32.525 27.907 27.012 27.2 28.295 33.235 33.915 33.897 33.752 33.522 33.642 32.68 32.47 32.065 31.075 29.475 28.992 28.092
36.22 36.215 34.697 29.402 29.32 28.89 30.34 29.797 28.682 28.58 28.555 28.415 28.347 28.26 28.175 28.865 29.202 29.085 27.785 27.757 27.725 27.7 27.747 30.702 30.27 29.307 30.202 29.96 27.965 27.287 26.712 27.53 28.555 27.932 28.45 31.21 32.09 31.772 27.312 25.91 26.375 25.96 26.3 25.395 25.477 25.515 25.447 25.495 25.625 26.34 27.7 26.75 27.48 27.535 30.502 33.037 34.095 33.935 32.632 29.237 26.81 26.677 26.93 27.647 32.02 33.62 33.267 32.55 32.12 31.577 30.507 29.812 28.18 27.767 28.262 28.9 28.085
35.5 35.58 34.66 32.007 31.652 29.097 29.035 29.005 28.59 28.477 28.38 28.317 28.252 28.19 28.12 28.065 27.985 27.927 27.857 27.712 28.37 27.675 27.757 30.5 30.472 29.765 29.652 28.437 26.867 26.75 26.627 26.62 26.395 25.697 27.417 32.297 33.24 32.067 26.712 25.727 26.562 25.48 25.855 25.272 25.385 25.347 25.305 25.392 25.452 26.89 25.975 27.86 27.805 30.09 33.165 34.337 33.677 32.39 28.487 26.572 26.59 26.642 26.702 28.222 29.972 30.26 30.395 29.457 29.645 29.715 29.61 28.427 27.557 27.902 27.522 28.077 28.265
30.937 31.28 31.882 30.655 30.43 29.222 28.84 28.845 28.685 28.612 28.527 28.452 28.717 28.465 28.36 28.085 28.075 27.862 27.715 27.632 27.632 27.577 27.637 28.007 29.66 29.815 29.15 27.317 26.765 26.685 26.587 26.55 26.392 26.41 27.457 32.077 33.88 32.372 27.212 26.15 26.022 25.115 25.065 25.182 25.237 25.207 25.167 25.26 25.705 26.922 25.745 26.22 27.41 30.285 32.575 33.5 32.38 29.612 27.855 26.53 26.545 26.572 26.682 28.36 27.165 27.34 27.32 27.315 28.457 28.157 27.687 27.27 28.077 27.897 27.41 27.665 27.972
28.697 29.262 29.042 28.807 28.407 28.267 28.355 28.255 28.265 28.477 28.065 28.155 29.612 28.285 27.802 27.685 27.612 27.56 27.485 27.415 27.362 27.372 27.382 27.325 27.552 28.06 27.35 26.835 27.075 26.695 26.377 26.192 27.497 28.145 29.312 31.935 33.262 32.515 27.305 25.537 25.587 25.102 24.885 25.005 25.067 25.092 25.935 25.177 26.475 27.092 25.965 25.727 26.865 28.977 30.177 31.757 28.342 28.95 28.397 28.285 26.517 26.517 26.657 28.312 28.172 27.175 26.947 26.92 27.245 27.315 27.15 27.137 28.37 28.12 28.192 28.382 28.385
31.542 32.802 33.402 31.225 30.717 28.585 28.385 28.062 28.105 28.135 27.905 27.845 27.812 27.73 27.662 27.6 27.577 27.462 27.435 27.382 27.33 27.36 27.292 27.345 27.852 28.955 27.277 26.485 26.422 26.082 25.735 25.472 26.99 28.552 28.942 31.612 32.542 32.227 28.35 25.537 25.48 25.012 24.762 24.862 24.97 24.955 25.442 24.965 27.135 25.465 25.53 25.82 25.677 26.7 28.237 26.857 26.177 26.745 26.702 27.285 26.492 26.45 26.505 27.967 26.81 26.675 26.715 26.745 26.787 27.142 26.982 27.002 27.21 27.49 28.08 27.885 28.237
34.69 35.24 34.327 32.235 30.86 28.292 28.502 28.35 27.965 27.902 27.827 27.762 27.712 27.79 27.78 28.105 28.365 28.1 27.565 27.69 27.615 27.45 27.305 27.455 27.865 28.575 27.362 26.6 26.187 26.03 25.75 25.442 26.91 28.442 28.257 29.882 28.92 28.247 27.67 25.84 25.707 24.767 24.617 24.717 24.82 24.817 24.755 25.24 27.332 25.357 25.59 25.96 25.767 26.717 28.005 28.1 27.082 27.025 28.065 27.282 27.367 26.36 26.36 27.64 26.697 26.555 26.615 26.665 26.73 27.43 27.01 27.242 27.422 27.855 28.565 28.84 30.22
34.76 35.925 34.555 32.477 30.777 29.385 29.32 29.542 28 27.85 28.562 27.755 27.812 27.717 27.475 27.622 27.785 27.362 27.18 27.115 27.105 27.357 27.117 27.075 26.987 26.89 26.642 26.74 26.222 26.132 26.047 25.925 25.762 25.905 25.86 25.545 25.695 25.702 25.512 25.702 25.35 24.665 24.517 24.637 24.71 24.69 24.58 24.717 24.86 24.902 24.92 29.005 30.107 30.435 28.747 28.082 27.697 26.812 27.67 28.235 26.612 26.607 26.44 26.97 26.872 26.427 26.49 26.75 27.167 27.9 27.127 27.662 27.937 27.022 27.19 29.752 31.877
34.532 35.787 34.765 32.657 30.817 28.73 28.072 27.9 27.695 27.75 27.65 27.607 27.612 27.475 27.412 27.352 27.297 27.202 27.182 27.052 27.007 27.507 27.125 27.665 28.142 27.687 27.265 26.77 26.237 26.212 26.132 26.18 25.922 25.847 26.167 26.677 26.947 27.19 25.987 24.715 24.492 24.497 24.397 24.502 24.575 24.57 24.485 24.642 24.825 24.917 24.87 31.037 32.207 31.445 28.662 27.445 25.77 25.68 25.857 26.695 27.38 27.147 26.3 26.4 26.985 27.147 27.327 28.22 29.002 27.957 26.562 26.522 26.597 26.6 26.815 29.185 31.035
34.352 35.385 34.907 32.997 30.807 29.037 27.86 27.815 27.672 27.892 27.602 27.607 27.492 27.45 27.48 27.69 27.425 27.412 28.322 27.215 27.695 27.737 27.135 27.29 29.26 27.765 26.71 26.352 26.387 26.197 25.97 25.862 25.697 25.222 26.52 27.697 28.395 28.84 28.552 24.77 25.455 25.155 24.277 24.297 24.462 24.457 24.392 24.877 24.87 24.765 24.8 30.17 32.645 31.717 28.975 27.637 25.695 25.547 25.63 25.697 25.767 26.43 26.415 25.997 28.09 28.4 27.972 26.545 26.657 26.315 26.375 26.397 26.465 26.48 26.702 28.45 29.697
33.935 34.095 33.537 32.112 29.872 28.622 28.147 28.042 28.312 29.475 28.002 27.927 27.52 27.472 27.352 27.23 27.167 27.087 27.425 29.077 27.955 27.002 26.94 26.915 28.272 27.457 26.567 26.042 26.035 26.002 25.905 25.77 25.552 25.372 27.27 29.712 30.935 31.167 30.457 25.062 24.74 24.417 24.202 24.192 24.34 24.322 24.237 24.77 24.832 24.765 25.465 30.24 32.23 31.92 28.077 25.15 25.555 25.447 25.627 25.512 25.625 25.69 25.747 25.867 27.745 27.265 27.275 26.262 26.192 26.225 26.257 26.352 27.025 27.575 27.432 26.632 26.402
29.445 29.625 28.385 28.187 27.702 27.63 27.74 27.54 27.532 27.552 27.377 27.305 27.265 27.22 27.157 27.14 27.095 27.025 27.02 28.412 27.577 27.05 26.957 26.862 26.915 27.432 26.7 26 25.917 25.787 25.655 25.472 24.787 25.725 27.252 29.41 31.372 32.037 30.715 26.032 24.615 24.445 24.165 24.01 24.18 24.197 24.122 24.305 24.517 24.465 26.562 30.995 32.062 32.107 29.95 27.775 26.57 25.327 25.762 25.537 25.467 25.522 25.59 25.74 27.872 26.875 26.29 26.14 26.255 26.145 26.305 26.612 26.305 26.68 26.287 26.272 26.597
28.007 29.337 30.847 31.5 30.437 30.797 27.222 27.28 27.395 27.357 27.287 27.22 27.182 27.117 27.05 27.042 26.997 26.98 26.962 27.105 27.22 27.34 27.757 27.137 27.007 27.12 26.762 26.942 26.13 25.742 25.615 25.527 25.027 25.51 26.66 27.805 31.2 32.255 30.907 27.105 24.647 24.752 24.212 23.855 24.062 24.08 23.965 24.062 24.2 24.282 24.8 31.23 32.507 32.225 29.645 27.002 26.232 25.12 25.38 25.255 25.712 25.422 25.737 25.775 27.282 27.125 27.087 27.515 26.932 26.1 26.105 26.112 26.16 26.215 26.415 26.307 26.947
30.342 33.52 33.895 33.795 33.78 31.927 27.172 27.307 27.335 27.282 27.25 27.182 27.147 27.125 27.187 27.56 27.13 26.81 26.722 26.787 26.517 26.42 26.352 26.275 26.255 26.22 26.762 27.132 25.855 25.717 26.175 25.642 26.06 25.427 24.75 25.775 30.96 32.032 31.065 26.622 24.465 24.41 24.03 23.75 23.927 23.935 23.86 23.955 24.082 24.195 26.712 31.077 31.507 31.307 28.92 24.875 24.905 24.972 25.065 25.255 25.595 26.032 26.265 26.235 26.662 26.637 26.787 26.267 26.007 26.012 26.007 26.087 26.117 26.26 26.447 26.36 27.81
29.48 33.837 34.837 33.885 33.377 32.155 27.377 27.332 27.267 27.437 27.085 27.067 27.157 26.992 26.82 26.767 26.717 26.627 26.522 26.492 26.392 26.292 26.525 26.567 26.205 26.17 26.387 26.202 25.445 25.307 25.407 25.08 24.977 24.915 24.697 24.84 30.442 31.042 30.705 26.735 25.56 26.197 24.182 23.652 23.73 23.81 23.995 23.967 23.977 24.142 24.747 26.365 28.93 28.785 26.845 24.735 24.867 24.915 25.012 25.217 25.77 26.135 25.905 25.73 25.79 26.845 27.132 25.955 25.97 26.02 25.997 26.735 26.302 26.377 26.145 25.897 28.207
28.93 33.79 35.24 33.87 32.79 32.855 28.78 27.117 27.01 26.975 26.972 26.895 27.007 27.105 26.785 26.65 26.607 26.527 26.475 26.407 26.292 26.215 26.315 26.285 26.137 26.047 26.037 26.142 25.382 25.787 25.095 24.945 24.85 25.022 24.767 24.632 28.122 27.365 26.56 24.952 26.295 26.572 24.33 23.527 23.62 23.675 24.46 24.017 23.882 24.05 24.345 24.572 27.05 26.562 26.615 24.862 25.427 25.39 25.362 25.075 24.94 25.06 25.245 25.152 25.547 25.805 26.022 26.162 26.485 26.252 26.76 26.492 25.837 25.865 25.85 25.892 27.905
27.347 33.367 34.797 34.355 33.975 33.722 31.217 27.017 26.975 26.95 26.907 26.832 26.842 27.322 26.817 26.542 26.515 26.497 26.462 26.362 27.555 28.377 27.107 27.46 27.315 28.255 28.82 26.307 25.3 25.155 25.017 24.88 24.85 25.077 25.262 24.777 24.64 26.485 27.387 25.755 26.215 27.342 24.317 23.422 23.48 23.57 23.877 23.77 23.972 24.432 24.582 24.972 25.237 25.71 27.045 25.572 24.51 24.605 24.68 24.67 24.865 24.87 25.255 24.957 25.18 25.655 26.337 26.292 26.152 25.652 25.637 25.715 25.732 25.737 25.782 25.867 27.28
27.37 33.187 33.907 33.677 32.505 32.297 30.7 26.937 27.497 27.805 26.942 27.45 27.397 28.672 29.79 28.095 27.467 27.03 27.225 26.835 29.337 29.832 29.677 27.327 26.782 26.955 29.4 27.257 26.175 25.715 26.772 25.787 25.015 24.812 24.61 24.465 24.07 24.012 24.785 26.12 25.55 25.165 23.482 23.305 23.335 23.44 23.385 23.422 23.542 23.587 24.052 27.867 28.542 29.57 29.997 26.425 24.447 24.535 24.585 24.612 24.88 24.802 25.502 24.875 25.095 25.512 26.607 26.035 25.98 25.572 25.562 25.59 25.655 25.91 25.88 25.962 26.152
28.155 30.91 29.925 29.695 28.402 27.557 27.557 27.057 29.207 29.235 27.675 27.697 27.1 27.3 27.63 26.332 26.662 26.61 26.245 26.392 26.897 27.115 26.725 26.342 26.487 26.232 28.677 28.222 27.037 25.675 24.842 24.745 24.46 24.39 24.227 24.262 26.735 27.272 27.97 28.335 24.4 23.42 23.392 23.167 23.157 23.292 23.277 23.252 24.192 23.69 23.737 29.022 30.915 31.495 30.715 26.45 24.342 24.515 24.47 24.822 26.095 24.937 25.735 25.792 25.455 25.76 26.655 27.24 26.71 27.64 27.34 26.567 25.77 25.862 25.605 25.587 25.562
27.417 26.845 26.765 27.272 28.325 27.562 27.942 27.37 26.98 26.807 26.615 26.525 26.447 27.39 26.395 26.35 26.625 26.195 26.197 26.372 26.19 26.762 26.565 27.13 26.035 25.982 26.09 27.157 26.93 25.197 24.675 24.552 24.462 24.395 24.247 23.967 28.785 30.12 30.36 29.065 24.185 23.387 23.37 23.087 23.035 23.16 23.127 23.115 23.78 24.202 23.487 28.192 30.842 32.305 30.932 27.435 24.552 24.465 24.355 24.54 24.672 24.427 24.545 24.75 25.492 25.937 26.117 26.53 27.387 27.072 26.01 25.665 25.422 25.487 25.505 25.585 25.562
27.075 29.492 32.43 32.645 32.29 29.357 29.325 28.922 27.837 26.76 26.665 26.73 26.677 27.12 27.222 26.58 27.87 26.265 26.292 26.517 27.242 27.702 27.867 27.3 27.55 25.675 25.635 26.415 26.02 25.43 24.907 24.555 24.427 24.392 24.272 23.852 28.212 30.337 31.002 29.532 25.81 23.99 23.895 23.305 22.902 23.04 23.002 22.99 25.437 24.33 23.415 27.062 30.67 32.167 31.145 27.795 24.042 23.885 23.917 24.037 24.142 24.25 24.405 24.525 24.787 27.362 27.06 25.045 25.045 25.15 25.26 25.315 25.365 25.392 25.365 25.402 25.817
26.722 29.395 33.152 33.915 32.855 30.557 29.337 29.185 28.937 27.362 27.922 28.047 27.25 27.837 27.165 26.922 27.142 26.15 25.937 25.787 25.862 25.947 25.597 25.575 25.67 25.79 25.652 25.875 26.025 25.527 24.987 24.67 24.632 24.667 24.777 24.622 27.522 30.135 31.122 29.735 26.117 24.59 24.267 23.647 22.8 22.91 22.892 23.46 23.542 22.967 23.02 26.272 30.49 31.305 30.915 28.08 24.045 23.805 23.832 23.93 24.02 24.1 24.185 24.36 24.62 25.137 25.115 25.062 25.077 24.94 25.105 25.275 25.73 26.76 27.127 27.457 26.61
