All_lidar/sz6288_DSM_2M.asc
ncols 500
nrows 500
xllcorner    462000
yllcorner    88000
cellsize     2
NODATA_value -9999
[rows 408 to 441 of 500, columns 308 to 384 of 500]
0.185 0.165 0.115 0.08 0.062 0.022 -0.005 -0.053 -0.115 -0.178 -0.215 -0.23 -0.295 -0.308 -0.315 -0.285 -0.335 -0.365 -0.378 -0.38 -0.38 -0.428 -0.43 -0.425 -0.418 -0.398 -0.41 -0.435 -0.464 -0.432 -0.454 -0.485 -0.537 -0.57 -0.567 -0.506 -0.471 -0.455 -0.514 -0.54 -0.598 -0.704 -0.786 -0.913 -0.973 -0.983 -0.998 -1.013 -0.83 -0.933 -1.028 0.024 0.144 0.253 0.327 0.6 0.753 0.793 0.14 -0.778 -0.81 -0.935 -0.99 -0.985 -0.973 -0.965 -1.01 -0.985 -0.98 -0.42 0.14 0.567 0.599 0.489 0.41 0.379 0.3
0.177 0.15 0.07 0.04 0.032 -0.02 -0.038 -0.08 -0.12 -0.175 -0.245 -0.29 -0.305 -0.33 -0.313 -0.31 -0.35 -0.358 -0.368 -0.393 -0.428 -0.435 -0.453 -0.458 -0.435 -0.435 -0.425 -0.468 -0.464 -0.506 -0.512 -0.482 -0.459 -0.489 -0.563 -0.585 -0.535 -0.526 -0.505 -0.548 -0.601 -0.647 -0.839 -0.948 -0.985 -0.94 -0.998 -0.778 -0.77 -0.823 -0.211 0.036 0.192 0.807 0.538 0.619 0.533 0.447 -0.86 -0.883 -0.993 -0.983 -0.99 -0.995 -1.01 -1.098 -0.96 -0.975 -0.849 -0.039 0.591 0.618 0.57 0.43 0.35 0.742 0.107
0.137 0.097 0.05 0.03 0.01 -0.048 -0.093 -0.128 -0.188 -0.238 -0.288 -0.28 -0.313 -0.32 -0.318 -0.328 -0.335 -0.368 -0.385 -0.445 -0.465 -0.465 -0.46 -0.46 -0.435 -0.443 -0.46 -0.46 -0.48 -0.475 -0.469 -0.439 -0.432 -0.475 -0.55 -0.581 -0.585 -0.547 -0.57 -0.564 -0.595 -0.628 -0.828 -0.95 -0.923 -0.863 -0.83 -0.495 -0.845 -0.829 0.057 0.008 0.239 0.519 0.597 0.699 0.698 -0.678 -0.858 -0.963 -0.99 -0.888 -0.985 -0.945 -0.975 -1.043 -0.963 -0.975 2.036 2.12 0.775 0.753 2.323 0.392 0.63 0.646 -0.014
0.11 0.097 0.042 -0 -0.035 -0.068 -0.11 -0.145 -0.165 -0.225 -0.283 -0.275 -0.27 -0.303 -0.338 -0.343 -0.34 -0.373 -0.378 -0.418 -0.468 -0.458 -0.448 -0.458 -0.438 -0.438 -0.468 -0.465 -0.44 -0.433 -0.438 -0.426 -0.46 -0.525 -0.558 -0.566 -0.572 -0.511 -0.561 -0.574 -0.615 -0.653 0.031 -0.948 -1.033 -0.86 -0.675 -0.735 0.408 0.157 0.195 0.343 0.492 0.46 0.569 0.492 0.037 -0.893 -0.98 -0.975 -0.933 -0.993 -0.91 -0.99 -0.973 -1.04 -0.925 -0.603 2.1 2.671 3.005 3.172 2.734 1.519 0.394 0.092 0.264
0.07 0.03 -0.003 -0.025 -0.043 -0.068 -0.153 -0.165 -0.19 -0.238 -0.245 -0.255 -0.283 -0.31 -0.343 -0.35 -0.355 -0.403 -0.4 -0.415 -0.42 -0.47 -0.473 -0.473 -0.455 -0.47 -0.438 -0.453 -0.439 -0.434 -0.432 -0.463 -0.55 -0.574 -0.564 -0.546 -0.545 -0.59 -0.521 -0.558 -0.482 0.769 0.185 -0.93 -0.828 -0.638 -0.835 -0.248 0.454 0.227 0.262 0.469 0.435 0.681 0.522 0.67 -0.78 -0.853 -0.943 -1.035 -0.988 -0.99 -0.943 -0.953 -0.965 -0.998 -0.895 0.376 1.926 1.942 4.557 4.113 3.507 2.157 2.896 0.121 0.083
0.022 0.005 -0.03 -0.063 -0.08 -0.108 -0.178 -0.205 -0.23 -0.24 -0.263 -0.308 -0.315 -0.335 -0.358 -0.383 -0.36 -0.38 -0.438 -0.455 -0.448 -0.49 -0.48 -0.475 -0.453 -0.433 -0.428 -0.398 -0.406 -0.455 -0.477 -0.546 -0.58 -0.587 -0.55 -0.572 -0.576 -0.523 -0.492 0.583 0.807 0.62 -0.008 -0.94 -0.92 -0.433 0.383 0.537 0.612 0.604 0.381 0.43 0.657 0.515 0.389 -0.233 -0.815 -1.043 -0.953 -0.938 -0.955 -0.99 -0.965 -1.035 -0.372 1.313 0.171 0.526 0.952 1.558 4.937 5.324 2.675 3.44 3.909 2.602 0.282
0.005 -0.015 -0.065 -0.078 -0.09 -0.125 -0.183 -0.23 -0.24 -0.283 -0.263 -0.315 -0.333 -0.328 -0.363 -0.383 -0.388 -0.405 -0.425 -0.435 -0.455 -0.49 -0.498 -0.465 -0.41 -0.44 -0.44 -0.415 -0.461 -0.534 -0.535 -0.56 -0.569 -0.556 -0.532 -0.576 -0.535 0.054 0.664 0.64 0.771 0.736 -0.925 -1.053 -0.39 0.887 0.667 0.521 0.491 0.39 0.549 0.437 0.647 1.206 0.027 -0.99 -1.06 -0.945 -0.985 -1.075 -1.07 -0.98 -1.01 -1.018 2.573 3.813 3.221 0.508 0.407 1.389 4.788 5.402 3.739 4.408 4.25 1.095 0.789
-0.035 -0.065 -0.073 -0.12 -0.143 -0.153 -0.208 -0.258 -0.27 -0.278 -0.305 -0.308 -0.34 -0.355 -0.378 -0.393 -0.383 -0.44 -0.433 -0.41 -0.418 -0.428 -0.443 -0.44 -0.42 -0.423 -0.418 -0.445 -0.484 -0.554 -0.534 -0.547 -0.56 -0.488 -0.536 -0.171 0.614 0.637 0.595 0.706 0.686 0.57 -0.843 -0.785 0.523 0.154 0.416 0.73 0.558 0.444 0.595 0.702 0.678 0.285 -0.603 -0.795 -0.963 -1.035 -1.038 -0.973 -0.908 -0.998 -1.03 -0.648 2.45 3.568 2.231 0.338 -0.271 3.301 4.044 4.52 3.961 3.065 2.939 1.044 1.694
-0.073 -0.143 -0.163 -0.215 -0.215 -0.203 -0.198 -0.248 -0.278 -0.293 -0.315 -0.325 -0.343 -0.368 -0.38 -0.38 -0.403 -0.41 -0.425 -0.42 -0.473 -0.45 -0.433 -0.445 -0.405 -0.43 -0.428 -0.453 -0.504 -0.521 -0.537 -0.554 -0.541 -0.386 0.469 0.6 0.71 0.671 0.583 0.592 0.498 -0.253 -0.136 0.693 0.614 0.556 0.793 1.151 0.387 0.943 0.78 0.69 0.286 -0.64 -0.818 -0.935 -0.988 -1.04 -0.995 -0.958 -0.97 -0.955 -1.04 0.726 0.614 1.211 -0.187 0.581 0.17 1.092 2.706 3.381 0.615 0.557 2.496 2.246 1.256
-0.145 -0.163 -0.198 -0.21 -0.213 -0.223 -0.26 -0.255 -0.278 -0.288 -0.328 -0.325 -0.358 -0.383 -0.383 -0.398 -0.435 -0.428 -0.418 -0.45 -0.435 -0.42 -0.418 -0.425 -0.435 -0.463 -0.44 -0.468 -0.493 -0.516 -0.538 -0.483 0.254 0.403 0.592 0.559 0.637 0.625 0.525 0.443 0.702 -0.72 0.669 0.714 0.865 0.52 0.646 0.612 0.438 0.927 0.924 1.08 -0.52 -0.91 -0.763 -0.845 -1.015 -1 -0.97 -1.008 -1.06 -0.965 0.325 0.995 -0.082 -0.218 0.565 -0.356 0.7 -0.13 -0.815 -0.856 -0.224 0.297 2.33 2.066 0.852
-0.138 -0.155 -0.173 -0.225 -0.27 -0.263 -0.295 -0.278 -0.283 -0.303 -0.338 -0.34 -0.378 -0.383 -0.398 -0.405 -0.413 -0.428 -0.43 -0.44 -0.428 -0.408 -0.403 -0.42 -0.443 -0.46 -0.463 -0.478 -0.508 -0.414 -0.007 0.214 0.406 0.361 0.612 0.589 0.557 0.14 0.45 0.625 0.304 0.715 0.56 0.628 0.495 0.433 0.472 0.719 1.285 0.774 0.883 -0.045 -0.753 -0.883 -0.89 -0.945 -1.003 -1.008 -0.94 -0.948 -0.98 0.322 1.267 0.946 -0.217 -0.34 -0.016 -1.022 -1.019 -0.808 -1.043 -1.032 -0.834 0.215 0.324 0.115 0.608
-0.133 -0.158 -0.21 -0.29 -0.333 -0.338 -0.348 -0.295 -0.318 -0.35 -0.365 -0.37 -0.363 -0.388 -0.413 -0.413 -0.38 -0.418 -0.43 -0.413 -0.433 -0.413 -0.42 -0.448 -0.458 -0.468 -0.516 -0.516 -0.475 -0.09 0.175 0.435 0.385 0.32 0.455 0.559 0.391 0.27 0.543 -0.028 0.645 0.554 0.56 0.617 0.904 0.657 0.552 0.841 1.378 0.757 0.462 -0.598 -0.835 -0.963 -0.83 -0.963 -0.95 -0.973 -0.965 -0.958 -0.965 0.713 1.233 -0.212 -0.238 0.729 -0.295 -1 -1.008 -1.023 -0.877 0.184 -0.542 0.176 0.143 -0.03 -0.004
-0.163 -0.21 -0.21 -0.303 -0.343 -0.323 -0.338 -0.348 -0.338 -0.368 -0.35 -0.36 -0.385 -0.385 -0.418 -0.405 -0.458 -0.46 -0.443 -0.418 -0.413 -0.428 -0.438 -0.444 -0.45 -0.521 -0.494 -0.161 -0.065 0.257 0.298 0.328 0.335 0.261 0.496 0.344 0.231 0.539 0.575 0.371 0.652 0.316 0.265 0.858 0.84 0.68 0.698 1.389 0.558 0.672 -0.015 -0.885 -0.88 -0.94 -0.955 -0.948 -1.01 -0.935 -0.995 -0.973 -0.963 0.919 0.279 -0.212 0.99 1.116 -0.544 -0.622 -0.984 -0.978 -1.051 0.217 0.013 -0.742 -0.107 -0.246 -0.148
-0.195 -0.218 -0.243 -0.243 -0.278 -0.298 -0.318 -0.348 -0.31 -0.368 -0.37 -0.388 -0.42 -0.415 -0.415 -0.413 -0.435 -0.403 -0.423 -0.428 -0.413 -0.412 -0.432 -0.444 -0.463 -0.297 -0.172 0.129 0.207 0.257 0.216 0.253 0.356 0.3 0.367 0.408 0.278 -0.268 -0.069 0.858 0.519 0.315 0.763 1.07 0.899 1.287 1.278 0.505 0.772 -0.865 -0.938 -0.925 -0.915 -0.943 -0.715 -0.95 -0.983 -0.985 -1.003 -0.99 -0.624 0.319 -0.162 0.645 0.822 0.89 0.58 -0.669 -0.834 -1.005 -0.728 0.165 0.124 -0.205 -0.841 -0.221 -0.241
-0.23 -0.24 -0.253 -0.29 -0.313 -0.305 -0.343 -0.355 -0.36 -0.388 -0.385 -0.433 -0.435 -0.405 -0.433 -0.433 -0.42 -0.443 -0.435 -0.403 -0.438 -0.43 -0.448 -0.38 -0.075 -0.008 -0.068 0.168 0.27 0.144 0.232 0.14 0.249 0.251 0.211 0.182 0.52 -0.413 0.58 0.666 0.319 0.751 0.915 1.014 1.115 0.974 0.717 0.527 -0.203 -0.72 -0.868 -0.95 -0.963 -0.995 -0.963 -0.983 -0.94 -0.958 -0.978 -0.83 0.916 0.364 0.242 0.209 0.414 0.648 0.725 0.602 -0.68 -0.983 -1.118 -0.473 -0.061 -0.239 -0.412 -0.793 -0.302
-0.225 -0.243 -0.29 -0.323 -0.318 -0.35 -0.363 -0.393 -0.393 -0.39 -0.398 -0.423 -0.428 -0.388 -0.415 -0.405 -0.423 -0.43 -0.418 -0.432 -0.469 -0.375 -0.122 -0.047 0.099 0.053 0.23 0.406 0.297 0.222 0.236 0.075 0.168 0.213 0.115 0.168 0.311 -0.29 0.359 0.239 0.47 1.117 1.217 1.026 1.025 1.333 1.201 0.837 -0.715 -0.94 -0.95 -0.975 -0.965 -1.035 -0.913 -0.968 -0.938 -0.95 -1.018 0.489 1.041 0.686 0.548 0.516 0.534 0.921 0.392 0.787 -0.305 -0.771 -1.125 -1.003 -0.118 -0.185 -0.251 -0.816 -0.956
-0.278 -0.27 -0.315 -0.345 -0.338 -0.345 -0.37 -0.378 -0.418 -0.438 -0.413 -0.415 -0.41 -0.415 -0.41 -0.403 -0.408 -0.398 -0.424 -0.441 -0.227 -0.015 0.096 0.36 0.286 0.344 0.37 0.36 0.203 0.142 0.174 0.154 0.285 0.097 0.004 0.186 0.349 0.261 0.331 0.587 0.802 1.146 1.238 1.143 1.107 1.33 0.824 0.492 -0.885 -0.925 -0.983 -1.073 -0.995 -0.988 -0.938 -1.018 -0.968 -0.993 -0.854 1.139 0.716 0.714 0.632 0.747 0.67 0.617 0.327 0.542 0.07 -0.836 0.199 0.032 0.017 -0.094 -0.237 -0.439 -0.815
-0.293 -0.32 -0.343 -0.335 -0.373 -0.373 -0.403 -0.405 -0.445 -0.41 -0.368 -0.385 -0.375 -0.403 -0.418 -0.423 -0.415 -0.37 -0.235 -0.212 -0.072 0.074 0.27 0.338 0.326 0.513 0.395 0.342 0.3 0.282 0.379 0.296 0.252 0.221 0.317 0.013 0.237 0.117 0.219 0.638 0.572 1.08 1.016 0.941 1.371 1.363 0.522 -0.85 -0.948 -1.045 -1.075 -1.083 -0.975 -0.958 -0.94 -0.938 -0.948 -0.97 0.559 1.096 0.795 0.608 0.722 0.632 0.685 0.558 0.41 0.16 -0.383 -0.121 0.017 -0.073 -0.022 -0.144 -0.322 -0.452 -0.675
-0.36 -0.375 -0.37 -0.358 -0.383 -0.39 -0.415 -0.443 -0.438 -0.408 -0.38 -0.418 -0.403 -0.39 -0.375 -0.385 -0.347 -0.199 -0.173 -0.125 -0.085 0.299 0.253 0.321 0.39 0.431 0.357 0.395 0.461 0.31 0.378 0.397 0.449 0.296 0.256 0.116 0.253 0.236 0.618 0.893 0.688 0.765 0.957 1.012 1.3 0.989 -0.713 -1.003 -0.965 -0.958 -0.99 -1.035 -0.973 -0.985 -0.93 -0.968 -0.973 -0.809 0.868 0.634 0.876 0.607 0.551 0.6 0.654 0.498 0.396 0.241 0.068 -0.052 0.207 0.177 -0.094 -0.181 -0.33 -0.443 -0.607
-0.355 -0.393 -0.375 -0.373 -0.375 -0.378 -0.41 -0.418 -0.425 -0.385 -0.39 -0.418 -0.408 -0.383 -0.383 -0.345 -0.266 -0.227 -0.199 0.008 0.133 0.182 0.206 0.24 0.483 0.52 0.549 0.549 0.596 0.509 0.475 0.535 0.372 0.467 0.257 0.046 0.111 0.357 0.939 0.743 0.734 0.672 0.821 1.041 0.546 0.568 -0.618 -0.975 -0.943 -0.988 -1.058 -0.993 -1.003 -0.985 -0.965 -1.095 -0.92 0.938 0.637 0.714 0.752 0.53 0.568 0.618 0.6 0.464 0.265 0.1 0.066 0.103 0.474 0.532 0.372 0.009 -0.175 -0.359 -0.376
-0.36 -0.363 -0.373 -0.395 -0.398 -0.383 -0.408 -0.385 -0.418 -0.415 -0.438 -0.42 -0.415 -0.29 -0.318 -0.336 -0.258 -0.125 0.055 0.097 0.141 0.227 0.337 0.38 0.481 0.596 0.539 0.596 0.63 0.449 0.52 0.682 0.655 0.614 0.16 0.202 0.482 0.971 0.883 1.072 1.159 0.843 0.864 0.952 0.863 -0.635 -0.983 -0.965 -0.998 -0.995 -1.103 -0.988 -1.023 -0.988 -0.965 -0.703 0.543 1.211 0.723 0.886 0.797 0.774 0.671 0.64 0.412 0.439 0.464 -0.559 -0.298 -0.112 0.36 0.608 0.581 0.468 0.152 -0.339 -0.392
-0.338 -0.405 -0.408 -0.385 -0.393 -0.383 -0.413 -0.385 -0.41 -0.408 -0.363 -0.225 -0.19 -0.333 -0.298 -0.295 -0.169 -0.095 0.05 0.138 0.122 0.253 0.432 0.498 0.675 0.696 0.689 0.666 0.654 0.532 0.611 0.796 0.773 0.571 0.541 0.768 1.229 1.404 1.07 1.288 1.372 1.067 0.715 0.842 0.617 -0.955 -0.963 -0.938 -0.99 -0.993 -0.998 -0.983 -0.98 -0.978 -0.958 0.537 1.319 0.693 0.886 0.979 1.01 1.12 0.828 0.634 0.347 0.23 0.051 -0.524 -0.287 -0.217 -0.151 0.235 0.391 0.593 0.427 -0.055 -0.351
-0.348 -0.385 -0.43 -0.4 -0.39 -0.388 -0.408 -0.365 -0.365 -0.333 -0.155 -0.185 -0.258 -0.143 -0.005 -0.106 -0.053 -0.03 0.065 0.028 0.2 0.185 0.374 0.507 0.692 0.718 0.709 0.781 0.649 0.759 0.51 0.809 0.634 0.132 0.76 1.091 1.628 1.568 1.356 1.396 1.371 1.169 0.771 0.924 -0.913 -0.985 -0.968 -0.98 -0.983 -1 -0.963 -1.045 -0.97 -0.963 -1.06 0.927 1.373 0.738 0.863 0.986 1.168 1.176 1.001 0.516 0.132 -0.327 -0.529 -0.321 -0.31 -0.321 -0.303 -0.26 -0.017 0.428 0.248 0.214 -0.043
-0.363 -0.395 -0.41 -0.403 -0.403 -0.4 -0.375 -0.37 -0.263 -0.23 -0.12 -0.27 -0.268 -0.28 -0.163 0.071 0.074 -0.003 0.051 0.245 0.257 0.29 0.396 0.62 0.663 0.648 0.669 0.506 0.704 0.648 0.811 0.04 -0.895 0.48 0.314 1.06 1.305 1.323 1.137 1.526 1.62 1.253 0.991 -0.655 -1.023 -0.945 -0.99 -1.088 -1.013 -0.988 -0.97 -0.983 -0.988 -1.003 -0.89 1.169 0.918 1.04 0.853 1.041 1.24 1.071 0.72 0.627 -0.231 -0.45 -0.427 -0.325 -0.354 -0.365 -0.387 -0.282 -0.268 -0.179 -0.003 0.154 -0.164
-0.383 -0.395 -0.405 -0.373 -0.373 -0.38 -0.373 -0.273 -0.188 -0.178 -0.188 -0.19 -0.103 -0.1 -0.113 0.062 0.101 0.201 0.145 0.184 0.223 0.318 0.462 0.413 0.316 0.887 0.627 0.378 0.615 0.655 -0.057 -0.915 -0.889 0.525 0.225 0.774 1.02 1.23 1.468 1.649 1.658 1.137 0.37 -0.928 -0.988 -0.973 -1.025 -1.055 -0.98 -0.968 -1.005 -0.94 -0.928 -1.075 1.011 0.825 0.894 0.905 1.427 1.13 1.27 0.67 0.78 -0.389 -0.521 -0.716 -0.642 -0.495 -0.461 -0.433 -0.458 -0.43 -0.335 -0.426 -0.436 -0.152 -0.202
-0.375 -0.388 -0.385 -0.378 -0.28 -0.27 -0.265 -0.295 -0.17 -0.2 -0.25 -0.27 -0.243 -0.158 -0.205 0.019 0.035 0.092 0.04 0.151 0.369 0.324 0.394 0.383 0.253 0.542 0.263 0.283 0.535 0.101 -0.903 -0.93 -0.946 -0.86 -0.139 0.728 1.278 1.411 1.581 1.574 1.826 0.402 -0.92 -0.98 -0.943 -1.08 -1.033 -0.973 -0.99 -0.968 -0.988 -0.94 -1.055 -0.924 0.547 0.736 1.048 1.417 1.798 1.714 1.358 0.983 0.217 -0.453 -0.68 -0.649 -0.662 -0.599 -0.601 -0.59 -0.606 -0.557 -0.552 -0.549 -0.452 -0.312 -0.277
-0.375 -0.375 -0.37 -0.28 -0.163 -0.263 -0.198 -0.2 -0.22 -0.32 -0.073 -0.168 -0.148 -0.13 -0.13 -0.099 -0.014 0.247 0.266 0.45 0.259 0.439 0.495 0.383 0.238 0.499 0.548 -0.012 0.608 -0.931 -0.961 -0.917 -0.91 -0.885 -0.014 1.04 1.236 1.468 1.439 1.406 1.147 -0.625 -0.953 -1.003 -0.985 -0.973 -0.963 -0.955 -1.013 -0.978 -0.998 -1.005 -1.04 -0.52 0.663 0.841 1.106 1.688 2.222 1.616 1.08 0.462 -0.663 -0.687 -0.733 -0.636 -0.615 -0.611 -0.63 -0.664 -0.652 -0.648 -0.66 -0.618 -0.542 -0.443 -0.535
-0.373 -0.278 -0.295 -0.258 -0.323 -0.14 -0.108 -0.228 -0.15 -0.195 -0.143 -0.128 -0.03 -0.183 -0.175 -0.014 -0.039 0.015 0.13 0.191 0.27 0.418 0.377 0.246 0.394 0.339 0.075 0.338 -0.259 -0.906 -0.561 -0.182 0.44 0.485 0.644 1.048 1.486 1.905 2.494 2.295 0.485 -0.998 -1.02 -0.985 -1.023 -1.078 -1.068 -1.068 -0.9 -0.993 -1.02 -0.7 -0.822 0.478 0.815 0.9 1.071 1.887 1.983 1.42 0.619 -0.468 -0.709 -0.742 -0.639 -0.593 -0.579 -0.607 -0.633 -0.63 -0.631 -0.65 -0.67 -0.66 -0.662 -0.529 -0.478
-0.318 -0.308 -0.268 -0.205 -0.148 -0.105 -0.275 -0.215 -0.15 -0.098 -0.1 -0.195 -0.143 -0.155 -0.205 -0.119 -0.094 -0.019 0.159 0.264 0.258 0.4 0.421 0.066 0.075 -0.067 0.259 -0.076 -0.86 -0.387 0.353 1.187 1.41 1.247 1.149 1.169 1.666 1.79 1.411 0.556 -0.837 -0.95 -1.04 -0.975 -0.988 -1.043 -0.97 -1.07 -0.968 -0.93 0.175 2.132 0.79 0.597 0.873 1.183 1.194 1.549 1.426 0.982 0.054 -0.699 -0.752 -0.655 -0.587 -0.576 -0.6 -0.607 -0.596 -0.605 -0.611 -0.621 -0.64 -0.636 -0.67 -0.67 -0.64
-0.17 -0.175 -0.18 -0.1 -0.22 -0.18 -0.183 -0.15 -0.175 -0.108 -0.135 -0.188 -0.14 -0.175 -0.13 -0.177 -0.019 0.022 0.072 0.138 0.239 0.367 0.368 0.218 0.073 0.248 0.359 -0.328 -0.5 0.018 0.892 1.307 1.323 1.199 0.941 1.141 0.801 -0.57 -0.92 -0.907 -0.97 -0.978 -0.98 -1.035 -1.013 -0.965 -0.98 -0.93 -0.963 -1.028 0.115 2.255 2.03 0.564 0.916 0.929 0.812 0.95 0.867 -0.608 -0.719 -0.744 -0.746 -0.644 -0.622 -0.595 -0.625 -0.657 -0.606 -0.6 -0.627 -0.609 -0.617 -0.615 -0.687 -0.677 -0.7
-0.16 -0.153 -0.085 -0.168 -0.16 -0.223 -0.17 -0.113 -0.163 -0.083 -0.18 -0.25 -0.253 -0.253 -0.15 -0.1 -0.046 0.005 0.051 0.126 0.141 0.206 0.2 0.167 0.16 0.076 -0.065 -0.539 0.109 0.482 1.142 1.238 1.164 1.06 0.873 0.678 0.87 -0.648 -0.902 -0.844 -1.008 -0.978 -1.093 -0.995 -0.955 -0.955 -0.933 -0.92 -0.97 -1.003 -1.033 -0.045 0.521 0.613 0.785 0.743 1.406 1.167 0.16 -0.763 -0.773 -0.761 -0.672 -0.678 -0.639 -0.611 -0.628 -0.642 -0.652 -0.622 -0.58 -0.583 -0.623 -0.617 -0.645 -0.66 -0.628
-0.253 -0.143 -0.175 -0.17 -0.13 -0.183 -0.155 -0.173 -0.188 -0.143 -0.14 -0.205 -0.138 -0.208 -0.29 -0.198 -0.093 0.042 0.052 0.01 0.106 0.137 0.034 0.141 -0.027 -0.018 -0.462 -0.008 0.266 0.963 1.101 1.05 0.989 0.833 1.135 1.163 0.504 -0.669 -0.948 -0.933 -0.948 -0.985 -1 -0.945 -0.978 -0.948 -0.98 -0.945 -1.1 -1.048 -0.828 0.394 0.464 0.573 0.623 0.56 1.226 0.397 -0.733 -0.758 -0.774 -0.738 -0.666 -0.62 -0.647 -0.667 -0.637 -0.638 -0.649 -0.598 -0.577 -0.575 -0.599 -0.599 -0.607 -0.656 -0.627
-0.243 -0.288 -0.185 -0.123 -0.168 -0.243 -0.125 -0.185 -0.17 -0.243 -0.21 -0.275 -0.165 -0.195 -0.218 -0.038 -0.131 0.008 0.055 -0.012 -0.016 0.024 0.013 -0.083 0.072 -0.219 -0.356 0.171 0.937 1.279 1.352 0.909 0.784 0.895 1.062 0.84 -0.628 -1.065 -0.99 -1.018 -0.945 -0.985 -0.953 -0.938 -0.938 -0.95 -0.948 -0.993 -1.003 -0.963 0.286 0.502 0.625 1.164 1.248 0.886 0.775 -0.71 -0.711 -0.761 -0.717 -0.674 -0.634 -0.638 -0.616 -0.666 -0.664 -0.623 -0.653 -0.577 -0.588 -0.563 -0.617 -0.62 -0.603 -0.61 -0.637
-0.278 -0.223 -0.193 -0.218 -0.228 -0.268 -0.255 -0.31 -0.293 -0.26 -0.178 -0.223 -0.245 -0.133 -0.193 -0.168 -0.154 -0.109 -0.038 0.018 -0.031 -0.062 0.005 -0.204 -0.013 -0.056 0.066 0.267 0.983 1.017 0.992 0.793 0.866 0.996 0.763 -0.315 -1.096 -1.154 -1.109 -0.963 -0.96 -0.995 -0.995 -0.98 -0.928 -0.93 -0.973 -0.945 -0.797 -0.045 0.672 0.587 0.969 1.506 0.926 0.93 -0.284 -0.768 -0.77 -0.788 -0.695 -0.693 -0.677 -0.687 -0.646 -0.653 -0.648 -0.638 -0.583 -0.598 -0.578 -0.567 -0.579 -0.584 -0.602 -0.589 -0.645
