All_lidar/sz6285_DSM_2M.asc
ncols 500
nrows 500
xllcorner    462000
yllcorner    85000
cellsize     2
NODATA_value -9999
[rows 363 to 395 of 500, columns 74 to 147 of 500]
0.658 0.692 0.475 0.659 0.714 0.762 0.791 0.859 0.931 0.961 1.006 0.984 0.961 1.096 1.089 1.196 1.323 1.291 1.386 1.4 1.378 1.423 1.343 1.44 1.498 1.48 1.52 1.513 1.543 1.5 1.503 1.545 1.415 1.438 1.438 1.47 1.488 1.438 1.49 1.448 1.47 1.44 1.54 1.5 1.548 1.478 1.478 1.438 1.465 1.423 1.413 1.463 1.395 1.393 1.41 1.408 1.348 1.388 1.445 1.418 1.463 1.363 1.418 1.445 1.413 1.37 1.4 1.443 1.393 1.425 1.413 1.365 1.388 1.42
0.881 0.987 0.949 0.896 0.986 1.021 1.005 1.049 1.107 1.15 1.19 1.226 1.264 1.274 1.301 1.448 1.51 1.395 1.393 1.358 1.448 1.48 1.505 1.56 1.655 1.578 1.53 1.528 1.64 1.5 1.453 1.53 1.495 1.493 1.458 1.525 1.498 1.555 1.425 1.458 1.54 1.453 1.45 1.495 1.533 1.523 1.433 1.443 1.453 1.458 1.34 1.38 1.333 1.373 1.385 1.385 1.445 1.375 1.393 1.343 1.353 1.405 1.453 1.43 1.355 1.35 1.423 1.493 1.423 1.415 1.388 1.328 1.375 1.405
1.117 1.143 1.076 1.054 1.224 1.237 1.229 1.279 1.3 1.336 1.347 1.383 1.5 1.485 1.45 1.525 1.573 1.52 1.55 1.52 1.598 1.538 1.56 1.633 1.608 1.58 1.555 1.518 1.57 1.528 1.623 1.508 1.473 1.53 1.463 1.45 1.465 1.408 1.423 1.488 1.475 1.448 1.465 1.558 1.508 1.448 1.5 1.453 1.473 1.42 1.388 1.388 1.378 1.293 1.328 1.368 1.355 1.373 1.353 1.355 1.425 1.438 1.43 1.533 1.438 1.473 1.425 1.55 1.463 1.42 1.458 1.363 1.445 1.488
1.203 1.2 1.233 1.335 1.435 1.478 1.427 1.48 1.47 1.455 1.438 1.46 1.54 1.598 1.578 1.573 1.648 1.555 1.643 1.67 1.648 1.54 1.593 1.568 1.718 1.673 1.61 1.62 1.535 1.498 1.468 1.64 1.555 1.52 1.53 1.463 1.433 1.425 1.495 1.47 1.455 1.47 1.6 1.413 1.56 1.423 1.42 1.445 1.37 1.398 1.375 1.365 1.375 1.34 1.33 1.36 1.378 1.53 1.46 1.453 1.44 1.488 1.475 1.448 1.543 1.458 1.443 1.43 1.463 1.498 1.473 1.468 1.45 1.458
1.525 1.45 1.475 1.555 1.568 1.603 1.593 1.615 1.51 1.473 1.475 1.528 1.668 1.655 1.603 1.608 1.61 1.573 1.618 1.565 1.608 1.528 1.618 1.643 1.578 1.573 1.61 1.495 1.508 1.548 1.59 1.585 1.538 1.518 1.52 1.41 1.533 1.488 1.51 1.478 1.463 1.553 1.45 1.405 1.4 1.403 1.438 1.31 1.338 1.313 1.458 1.34 1.315 1.343 1.345 1.33 1.428 1.4 1.458 1.46 1.42 1.453 1.385 1.455 1.425 1.428 1.483 1.445 1.59 1.55 1.585 1.445 1.485 1.468
1.483 1.375 1.53 1.585 1.635 1.57 1.643 1.603 1.54 1.6 1.61 1.598 1.588 1.418 1.543 1.535 1.535 1.503 1.548 1.558 1.535 1.548 1.538 1.703 1.495 1.455 1.448 1.48 1.53 1.518 1.538 1.56 1.563 1.55 1.508 1.485 1.445 1.445 1.505 1.418 1.435 1.445 1.425 1.455 1.385 1.365 1.388 1.38 1.395 1.363 1.435 1.393 1.393 1.41 1.325 1.403 1.398 1.45 1.453 1.515 1.45 1.52 1.433 1.418 1.468 1.52 1.468 1.465 1.565 1.535 1.463 1.423 1.458 1.415
1.51 1.615 1.638 1.588 1.663 1.625 1.59 1.623 1.6 1.64 1.568 1.565 1.59 1.41 1.5 1.523 1.433 1.528 1.513 1.523 1.548 1.53 1.475 1.465 1.488 1.44 1.485 1.463 1.468 1.538 1.548 1.533 1.52 1.458 1.463 1.475 1.415 1.415 1.383 1.39 1.458 1.373 1.31 1.378 1.425 1.335 1.42 1.335 1.34 1.353 1.278 1.43 1.385 1.41 1.38 1.463 1.448 1.458 1.398 1.453 1.368 1.425 1.375 1.505 1.575 1.53 1.498 1.523 1.54 1.525 1.505 1.523 1.55 1.545
1.535 1.593 1.675 1.598 1.7 1.693 1.555 1.575 1.533 1.53 1.465 1.45 1.455 1.453 1.498 1.458 1.423 1.505 1.378 1.483 1.438 1.525 1.46 1.41 1.448 1.46 1.46 1.445 1.415 1.408 1.463 1.4 1.413 1.49 1.423 1.423 1.36 1.425 1.338 1.308 1.363 1.415 1.303 1.38 1.395 1.32 1.313 1.353 1.355 1.42 1.35 1.363 1.438 1.393 1.428 1.47 1.64 1.488 1.355 1.425 1.455 1.448 1.46 1.488 1.495 1.498 1.485 1.525 1.5 1.528 1.55 1.585 1.578 1.493
1.605 1.56 1.515 1.598 1.575 1.645 1.558 1.443 1.45 1.543 1.485 1.44 1.445 1.4 1.453 1.358 1.385 1.395 1.348 1.36 1.393 1.368 1.363 1.443 1.415 1.338 1.385 1.51 1.475 1.42 1.428 1.368 1.42 1.283 1.283 1.353 1.333 1.303 1.32 1.305 1.338 1.37 1.438 1.528 1.4 1.37 1.405 1.403 1.368 1.305 1.308 1.398 1.423 1.363 1.403 1.425 1.515 1.475 1.438 1.403 1.393 1.483 1.518 1.495 1.525 1.518 1.498 1.53 1.558 1.53 1.545 1.528 1.56 1.565
1.54 1.605 1.55 1.573 1.45 1.398 1.428 1.443 1.443 1.45 1.403 1.393 1.373 1.338 1.378 1.393 1.375 1.28 1.348 1.38 1.345 1.33 1.403 1.398 1.343 1.403 1.318 1.358 1.295 1.403 1.38 1.363 1.353 1.288 1.333 1.278 1.225 1.233 1.255 1.37 1.285 1.39 1.345 1.285 1.368 1.388 1.353 1.353 1.38 1.38 1.298 1.355 1.398 1.36 1.398 1.438 1.448 1.43 1.44 1.41 1.53 1.523 1.49 1.528 1.573 1.57 1.545 1.478 1.548 1.51 1.488 1.54 1.543 1.56
1.5 1.515 1.445 1.53 1.45 1.39 1.348 1.435 1.335 1.335 1.308 1.313 1.39 1.383 1.318 1.323 1.283 1.365 1.403 1.373 1.398 1.435 1.355 1.315 1.25 1.485 1.455 1.385 1.413 1.378 1.365 1.368 1.385 1.265 1.225 1.28 1.28 1.34 1.368 1.315 1.358 1.373 1.358 1.44 1.38 1.4 1.388 1.505 1.518 1.445 1.4 1.368 1.385 1.413 1.398 1.483 1.478 1.49 1.485 1.53 1.528 1.57 1.593 1.603 1.568 1.61 1.605 1.528 1.565 1.573 1.545 1.598 1.653 1.673
1.47 1.423 1.44 1.398 1.365 1.36 1.325 1.345 1.29 1.24 1.303 1.313 1.338 1.355 1.353 1.333 1.323 1.38 1.308 1.33 1.398 1.363 1.348 1.42 1.405 1.47 1.368 1.558 1.41 1.325 1.335 1.33 1.373 1.348 1.288 1.31 1.315 1.34 1.33 1.43 1.408 1.355 1.418 1.395 1.423 1.463 1.415 1.53 1.508 1.533 1.513 1.493 1.49 1.503 1.523 1.523 1.58 1.543 1.51 1.57 1.605 1.568 1.65 1.653 1.605 1.673 1.655 1.61 1.62 1.663 1.623 1.645 1.725 1.673
1.42 1.405 1.318 1.335 1.38 1.4 1.345 1.295 1.353 1.513 1.428 1.368 1.368 1.38 1.348 1.365 1.318 1.33 1.285 1.283 1.338 1.37 1.338 1.415 1.3 1.338 1.353 1.305 1.355 1.345 1.378 1.323 1.398 1.38 1.415 1.39 1.375 1.41 1.385 1.468 1.488 1.403 1.393 1.56 1.503 1.64 1.63 1.528 1.515 1.505 1.483 1.488 1.538 1.55 1.558 1.563 1.6 1.59 1.565 1.605 1.668 1.625 1.588 1.63 1.648 1.668 1.638 1.673 1.7 1.765 1.68 1.668 1.735 1.68
1.32 1.323 1.365 1.358 1.325 1.263 1.265 1.278 1.295 1.333 1.263 1.37 1.338 1.3 1.303 1.335 1.36 1.35 1.343 1.3 1.385 1.495 1.423 1.355 1.363 1.403 1.323 1.398 1.413 1.395 1.375 1.44 1.383 1.438 1.43 1.51 1.458 1.443 1.41 1.47 1.508 1.485 1.57 1.583 1.465 1.575 1.668 1.605 1.505 1.598 1.675 1.608 1.645 1.678 1.648 1.603 1.595 1.648 1.645 1.685 1.823 1.76 1.58 1.628 1.805 1.718 1.793 1.698 1.698 1.78 1.74 1.668 1.69 1.635
1.315 1.205 1.33 1.315 1.3 1.168 1.265 1.253 1.28 1.283 1.28 1.353 1.398 1.37 1.348 1.325 1.393 1.428 1.448 1.405 1.408 1.488 1.403 1.58 1.533 1.478 1.5 1.428 1.448 1.475 1.41 1.55 1.465 1.483 1.443 1.523 1.473 1.54 1.503 1.528 1.615 1.57 1.593 1.563 1.535 1.705 1.753 1.685 1.653 1.665 1.705 1.643 1.675 1.8 1.645 1.69 1.67 1.663 1.733 1.768 1.748 1.73 1.703 1.658 1.685 1.728 1.795 1.713 1.708 1.74 1.678 1.643 1.69 1.66
1.24 1.253 1.345 1.325 1.275 1.325 1.438 1.183 1.065 1.31 1.32 1.4 1.425 1.433 1.54 1.455 1.52 1.46 1.56 1.51 1.46 1.503 1.543 1.578 1.64 1.55 1.615 1.58 1.525 1.528 1.58 1.598 1.575 1.585 1.51 1.58 1.565 1.543 1.55 1.633 1.613 1.673 1.58 1.555 1.62 1.72 1.683 1.678 1.668 1.683 1.698 1.565 1.583 1.803 1.763 1.71 1.755 1.628 1.735 1.705 1.72 1.728 1.723 1.655 1.685 1.755 1.723 1.698 1.693 1.72 1.793 1.655 1.68 1.635
1.335 1.415 1.358 1.318 1.405 1.378 1.368 1.283 1.293 1.43 1.55 1.555 1.448 1.468 1.62 1.495 1.543 1.573 1.513 1.508 1.583 1.653 1.69 1.705 1.638 1.615 1.615 1.633 1.635 1.63 1.598 1.588 1.595 1.653 1.643 1.71 1.69 1.683 1.628 1.725 1.7 1.75 1.643 1.633 1.66 1.685 1.738 1.75 1.608 1.768 1.703 1.605 1.685 1.645 1.675 1.683 1.718 1.705 1.678 1.68 1.69 1.718 1.625 1.72 1.72 1.688 1.743 1.648 1.638 1.61 1.645 1.55 1.56 1.555
1.415 1.415 1.388 1.425 1.478 1.47 1.488 1.523 1.483 1.53 1.613 1.488 1.503 1.618 1.633 1.498 1.545 1.568 1.635 1.638 1.698 1.75 1.68 1.678 1.66 1.705 1.71 1.678 1.698 1.66 1.713 1.71 1.65 1.673 1.708 1.708 1.665 1.658 1.71 1.675 1.73 1.673 1.75 1.813 1.76 1.66 1.668 1.753 1.78 1.77 1.665 1.62 1.66 1.568 1.625 1.675 1.66 1.69 1.638 1.573 1.62 1.628 1.628 1.655 1.648 1.628 1.573 1.603 1.51 1.515 1.475 1.493 1.463 1.383
1.495 1.475 1.495 1.525 1.558 1.618 1.54 1.6 1.623 1.53 1.52 1.585 1.628 1.588 1.7 1.595 1.64 1.66 1.72 1.705 1.7 1.685 1.665 1.72 1.695 1.703 1.703 1.728 1.778 1.743 1.738 1.683 1.695 1.743 1.715 1.67 1.773 1.723 1.765 1.728 1.808 1.74 1.735 1.74 1.713 1.783 1.708 1.673 1.643 1.573 1.568 1.568 1.578 1.583 1.623 1.653 1.563 1.58 1.528 1.558 1.625 1.605 1.543 1.708 1.513 1.518 1.515 1.458 1.543 1.428 1.433 1.398 1.41 1.438
1.52 1.548 1.575 1.683 1.56 1.593 1.605 1.61 1.685 1.64 1.613 1.668 1.693 1.57 1.68 1.685 1.76 1.69 1.695 1.76 1.713 1.708 1.723 1.805 1.72 1.788 1.745 1.718 1.738 1.663 1.695 1.745 1.66 1.73 1.7 1.655 1.745 1.773 1.765 1.65 1.775 1.645 1.708 1.638 1.593 1.648 1.675 1.63 1.585 1.513 1.525 1.53 1.538 1.583 1.525 1.553 1.55 1.493 1.5 1.493 1.463 1.523 1.493 1.485 1.423 1.453 1.523 1.425 1.443 1.54 1.37 1.403 1.36 1.36
1.54 1.568 1.62 1.575 1.515 1.563 1.67 1.67 1.593 1.648 1.665 1.678 1.75 1.628 1.64 1.658 1.63 1.66 1.69 1.703 1.675 1.783 1.683 1.738 1.7 1.678 1.725 1.648 1.723 1.69 1.665 1.598 1.555 1.635 1.708 1.658 1.67 1.663 1.648 1.613 1.64 1.635 1.63 1.583 1.508 1.555 1.493 1.513 1.578 1.503 1.503 1.553 1.508 1.598 1.498 1.558 1.528 1.5 1.425 1.4 1.408 1.44 1.428 1.395 1.383 1.4 1.373 1.338 1.355 1.405 1.328 1.363 1.318 1.348
1.578 1.58 1.578 1.595 1.573 1.588 1.585 1.653 1.675 1.598 1.55 1.628 1.608 1.665 1.593 1.7 1.648 1.615 1.575 1.705 1.675 1.665 1.653 1.645 1.698 1.683 1.655 1.653 1.765 1.763 1.713 1.533 1.62 1.73 1.61 1.57 1.535 1.58 1.53 1.598 1.56 1.58 1.48 1.553 1.523 1.47 1.398 1.483 1.46 1.538 1.438 1.473 1.425 1.403 1.418 1.493 1.415 1.428 1.42 1.388 1.373 1.328 1.295 1.365 1.38 1.283 1.273 1.37 1.298 1.298 1.338 1.373 1.37 1.393
1.525 1.523 1.558 1.608 1.543 1.56 1.655 1.678 1.665 1.633 1.688 1.71 1.65 1.603 1.56 1.578 1.583 1.563 1.585 1.6 1.615 1.603 1.57 1.588 1.635 1.658 1.58 1.618 1.545 1.58 1.53 1.505 1.498 1.568 1.423 1.6 1.475 1.493 1.433 1.5 1.48 1.473 1.42 1.45 1.47 1.413 1.373 1.383 1.34 1.338 1.333 1.445 1.425 1.33 1.308 1.398 1.298 1.37 1.305 1.31 1.323 1.355 1.32 1.315 1.35 1.233 1.295 1.26 1.315 1.288 1.335 1.348 1.358 1.368
1.553 1.593 1.508 1.583 1.625 1.588 1.643 1.553 1.638 1.61 1.598 1.575 1.588 1.555 1.515 1.55 1.62 1.528 1.573 1.575 1.523 1.625 1.593 1.513 1.555 1.503 1.443 1.495 1.495 1.478 1.48 1.535 1.463 1.475 1.423 1.508 1.495 1.453 1.47 1.463 1.4 1.365 1.338 1.365 1.398 1.348 1.353 1.395 1.358 1.323 1.343 1.318 1.285 1.305 1.353 1.343 1.345 1.275 1.308 1.31 1.275 1.275 1.29 1.293 1.328 1.31 1.373 1.275 1.4 1.325 1.363 1.375 1.348 1.343
1.525 1.545 1.593 1.595 1.65 1.545 1.555 1.568 1.555 1.573 1.538 1.48 1.495 1.475 1.543 1.49 1.603 1.613 1.568 1.56 1.505 1.553 1.508 1.43 1.41 1.413 1.44 1.463 1.428 1.423 1.408 1.475 1.488 1.445 1.385 1.425 1.405 1.373 1.395 1.385 1.52 1.365 1.383 1.308 1.33 1.335 1.24 1.27 1.275 1.318 1.303 1.32 1.268 1.293 1.283 1.258 1.24 1.28 1.34 1.313 1.243 1.31 1.223 1.31 1.34 1.403 1.318 1.35 1.415 1.328 1.34 1.315 1.455 1.33
1.438 1.48 1.625 1.548 1.59 1.508 1.5 1.583 1.518 1.478 1.478 1.478 1.45 1.453 1.518 1.528 1.513 1.438 1.443 1.49 1.48 1.46 1.45 1.46 1.515 1.405 1.388 1.393 1.395 1.395 1.4 1.428 1.398 1.383 1.41 1.428 1.413 1.293 1.405 1.358 1.273 1.343 1.448 1.285 1.363 1.245 1.293 1.29 1.248 1.298 1.31 1.263 1.27 1.215 1.205 1.278 1.308 1.29 1.353 1.3 1.253 1.33 1.368 1.338 1.378 1.323 1.345 1.388 1.303 1.338 1.328 1.245 1.313 1.273
1.523 1.488 1.495 1.62 1.535 1.445 1.475 1.503 1.5 1.415 1.415 1.368 1.483 1.45 1.483 1.495 1.415 1.453 1.45 1.493 1.438 1.423 1.343 1.333 1.333 1.373 1.37 1.395 1.39 1.365 1.36 1.385 1.403 1.4 1.423 1.395 1.288 1.33 1.34 1.448 1.283 1.32 1.318 1.38 1.383 1.183 1.24 1.26 1.268 1.238 1.325 1.24 1.273 1.205 1.248 1.303 1.39 1.348 1.303 1.295 1.305 1.37 1.305 1.34 1.498 1.41 1.365 1.428 1.268 1.31 1.345 1.34 1.373 1.375
1.5 1.478 1.45 1.495 1.46 1.505 1.518 1.378 1.4 1.36 1.418 1.455 1.545 1.508 1.463 1.475 1.458 1.42 1.465 1.49 1.473 1.36 1.403 1.438 1.383 1.468 1.37 1.353 1.388 1.343 1.42 1.453 1.358 1.39 1.355 1.44 1.318 1.335 1.318 1.398 1.385 1.353 1.265 1.293 1.328 1.225 1.28 1.295 1.273 1.288 1.32 1.33 1.323 1.343 1.39 1.323 1.348 1.368 1.368 1.463 1.385 1.55 1.495 1.488 1.525 1.568 1.495 1.463 1.415 1.395 1.418 1.425 1.35 1.408
1.455 1.405 1.468 1.478 1.505 1.488 1.433 1.44 1.438 1.38 1.5 1.475 1.453 1.403 1.41 1.51 1.45 1.37 1.443 1.463 1.435 1.393 1.435 1.448 1.45 1.388 1.435 1.473 1.4 1.36 1.41 1.373 1.368 1.413 1.393 1.408 1.315 1.343 1.383 1.31 1.335 1.313 1.295 1.31 1.418 1.343 1.313 1.273 1.313 1.358 1.378 1.408 1.4 1.375 1.36 1.438 1.455 1.51 1.433 1.45 1.48 1.528 1.558 1.58 1.568 1.563 1.498 1.445 1.468 1.483 1.43 1.495 1.443 1.498
1.475 1.493 1.343 1.383 1.333 1.393 1.383 1.393 1.448 1.343 1.403 1.483 1.42 1.403 1.378 1.448 1.448 1.433 1.455 1.505 1.463 1.413 1.403 1.38 1.378 1.498 1.443 1.543 1.515 1.44 1.443 1.39 1.435 1.425 1.398 1.428 1.31 1.235 1.39 1.308 1.365 1.29 1.313 1.363 1.428 1.448 1.348 1.413 1.443 1.478 1.408 1.41 1.535 1.488 1.528 1.56 1.52 1.53 1.538 1.57 1.573 1.593 1.575 1.535 1.538 1.5 1.523 1.525 1.53 1.493 1.513 1.513 1.51 1.543
1.423 1.338 1.363 1.415 1.278 1.36 1.393 1.453 1.398 1.383 1.418 1.47 1.42 1.403 1.44 1.47 1.49 1.495 1.575 1.39 1.448 1.453 1.49 1.505 1.425 1.538 1.55 1.52 1.498 1.495 1.423 1.408 1.445 1.47 1.473 1.435 1.353 1.368 1.385 1.393 1.373 1.383 1.308 1.353 1.385 1.425 1.48 1.5 1.498 1.508 1.508 1.525 1.52 1.613 1.675 1.74 1.798 1.655 1.608 1.59 1.558 1.608 1.555 1.668 1.548 1.515 1.545 1.518 1.503 1.515 1.56 1.51 1.545 1.5
1.413 1.408 1.31 1.35 1.37 1.385 1.425 1.403 1.44 1.395 1.508 1.633 1.625 1.553 1.498 1.523 1.55 1.468 1.508 1.515 1.433 1.52 1.54 1.498 1.53 1.558 1.603 1.6 1.583 1.57 1.508 1.47 1.505 1.538 1.555 1.415 1.43 1.445 1.425 1.453 1.593 1.493 1.375 1.418 1.49 1.52 1.52 1.598 1.613 1.588 1.66 1.638 1.735 1.713 1.728 1.718 1.658 1.65 1.608 1.57 1.56 1.605 1.555 1.56 1.56 1.523 1.548 1.51 1.478 1.6 1.58 1.448 1.55 1.608
1.428 1.395 1.42 1.355 1.42 1.465 1.465 1.483 1.478 1.453 1.5 1.575 1.455 1.573 1.548 1.618 1.575 1.523 1.515 1.513 1.47 1.545 1.608 1.615 1.615 1.643 1.673 1.618 1.62 1.598 1.635 1.53 1.545 1.49 1.573 1.548 1.583 1.553 1.49 1.473 1.523 1.493 1.52 1.493 1.565 1.49 1.508 1.665 1.728 1.685 1.713 1.82 1.793 1.813 1.765 1.695 1.65 1.588 1.64 1.625 1.595 1.62 1.595 1.54 1.57 1.54 1.53 1.525 1.515 1.553 1.523 1.58 1.508 1.553
