All_lidar/sz6287_DSM_2M.asc
ncols 500
nrows 500
xllcorner    462000
yllcorner    87000
cellsize     2
NODATA_value -9999
[rows 272 to 305 of 500, columns 231 to 307 of 500]
0.522 0.537 0.542 0.537 0.529 0.574 0.567 0.597 0.604 0.619 0.617 0.609 0.619 0.624 0.619 0.614 0.592 0.624 0.599 0.607 0.609 0.584 0.584 0.572 0.529 0.532 0.524 0.527 0.557 0.597 0.557 0.554 0.564 0.589 0.567 0.602 0.577 0.537 0.527 0.494 0.477 0.502 0.513 0.527 0.528 0.525 0.499 0.5 0.485 0.484 0.469 0.464 0.459 0.454 0.462 0.472 0.457 0.444 0.454 0.467 0.487 0.497 0.519 0.524 0.534 0.547 0.559 0.482 0.419 0.477 0.552 0.602 0.577 0.532 0.462 0.467 0.422
0.559 0.574 0.552 0.567 0.542 0.604 0.579 0.592 0.617 0.614 0.617 0.617 0.597 0.614 0.597 0.592 0.627 0.622 0.622 0.617 0.627 0.634 0.629 0.617 0.609 0.574 0.542 0.552 0.559 0.579 0.567 0.579 0.617 0.609 0.579 0.572 0.562 0.559 0.529 0.489 0.459 0.499 0.544 0.527 0.517 0.507 0.497 0.507 0.499 0.499 0.472 0.467 0.462 0.432 0.462 0.479 0.467 0.439 0.489 0.467 0.502 0.517 0.542 0.524 0.532 0.539 0.532 0.459 0.447 0.529 0.617 0.642 0.642 0.604 0.559 0.487 0.444
0.539 0.569 0.574 0.602 0.564 0.592 0.614 0.614 0.619 0.644 0.637 0.632 0.639 0.647 0.644 0.624 0.637 0.609 0.609 0.634 0.602 0.594 0.614 0.597 0.622 0.587 0.577 0.579 0.577 0.557 0.567 0.592 0.629 0.617 0.577 0.559 0.557 0.567 0.572 0.514 0.487 0.519 0.539 0.534 0.552 0.519 0.532 0.507 0.509 0.499 0.479 0.472 0.472 0.454 0.457 0.469 0.479 0.464 0.467 0.487 0.502 0.507 0.522 0.532 0.512 0.537 0.519 0.459 0.452 0.579 0.657 0.687 0.679 0.679 0.637 0.569 0.479
0.559 0.569 0.574 0.602 0.592 0.607 0.617 0.642 0.647 0.649 0.627 0.642 0.657 0.677 0.657 0.667 0.657 0.657 0.669 0.644 0.632 0.642 0.637 0.607 0.597 0.604 0.562 0.567 0.567 0.574 0.589 0.577 0.597 0.574 0.589 0.579 0.584 0.587 0.569 0.549 0.502 0.522 0.542 0.544 0.552 0.514 0.524 0.507 0.492 0.494 0.494 0.494 0.482 0.492 0.482 0.494 0.472 0.492 0.494 0.507 0.512 0.514 0.527 0.537 0.529 0.527 0.514 0.444 0.444 0.564 0.634 0.659 0.662 0.692 0.692 0.667 0.574
0.589 0.579 0.599 0.602 0.587 0.624 0.619 0.657 0.649 0.634 0.632 0.644 0.664 0.694 0.672 0.682 0.687 0.677 0.674 0.642 0.644 0.652 0.669 0.644 0.634 0.619 0.562 0.582 0.587 0.584 0.564 0.614 0.604 0.569 0.612 0.602 0.619 0.584 0.577 0.559 0.544 0.537 0.554 0.549 0.542 0.542 0.524 0.517 0.517 0.517 0.509 0.509 0.509 0.502 0.504 0.497 0.499 0.504 0.524 0.517 0.534 0.542 0.559 0.554 0.542 0.552 0.504 0.439 0.469 0.537 0.622 0.664 0.682 0.694 0.719 0.689 0.639
0.592 0.584 0.614 0.612 0.637 0.647 0.647 0.652 0.684 0.669 0.699 0.672 0.662 0.694 0.667 0.684 0.694 0.694 0.677 0.684 0.684 0.657 0.674 0.674 0.662 0.622 0.614 0.609 0.617 0.604 0.624 0.614 0.589 0.612 0.619 0.632 0.624 0.619 0.604 0.609 0.569 0.582 0.567 0.567 0.552 0.542 0.547 0.537 0.522 0.517 0.502 0.527 0.527 0.514 0.502 0.487 0.492 0.502 0.512 0.502 0.502 0.524 0.529 0.524 0.537 0.537 0.499 0.449 0.472 0.517 0.569 0.652 0.684 0.704 0.709 0.719 0.687
0.627 0.627 0.642 0.632 0.662 0.664 0.662 0.677 0.677 0.684 0.694 0.704 0.707 0.679 0.659 0.709 0.699 0.692 0.669 0.684 0.702 0.679 0.664 0.664 0.649 0.637 0.634 0.624 0.632 0.642 0.634 0.624 0.627 0.612 0.652 0.639 0.654 0.644 0.629 0.602 0.617 0.622 0.604 0.597 0.574 0.559 0.564 0.559 0.514 0.517 0.519 0.524 0.527 0.524 0.504 0.492 0.519 0.517 0.524 0.529 0.534 0.537 0.502 0.517 0.527 0.519 0.494 0.444 0.467 0.502 0.599 0.639 0.657 0.699 0.712 0.729 0.702
0.614 0.657 0.617 0.639 0.667 0.672 0.677 0.677 0.697 0.677 0.697 0.679 0.669 0.699 0.687 0.694 0.717 0.689 0.689 0.687 0.714 0.662 0.664 0.664 0.664 0.652 0.659 0.652 0.642 0.657 0.642 0.659 0.657 0.649 0.669 0.689 0.664 0.644 0.629 0.634 0.619 0.634 0.602 0.607 0.607 0.579 0.584 0.569 0.552 0.544 0.544 0.524 0.514 0.512 0.509 0.517 0.524 0.542 0.547 0.542 0.534 0.534 0.529 0.524 0.507 0.484 0.474 0.464 0.477 0.542 0.617 0.649 0.669 0.667 0.692 0.712 0.749
0.632 0.647 0.634 0.662 0.657 0.669 0.679 0.682 0.679 0.679 0.702 0.694 0.677 0.692 0.702 0.697 0.699 0.712 0.737 0.739 0.719 0.712 0.707 0.694 0.687 0.667 0.694 0.679 0.662 0.682 0.667 0.664 0.657 0.654 0.687 0.724 0.712 0.682 0.657 0.659 0.657 0.637 0.617 0.592 0.594 0.599 0.607 0.594 0.592 0.567 0.532 0.529 0.542 0.529 0.507 0.549 0.557 0.559 0.567 0.539 0.539 0.499 0.484 0.467 0.457 0.472 0.442 0.454 0.462 0.567 0.634 0.652 0.679 0.687 0.682 0.724 0.739
0.647 0.674 0.687 0.677 0.662 0.689 0.692 0.682 0.697 0.702 0.699 0.699 0.727 0.694 0.707 0.707 0.694 0.722 0.727 0.737 0.724 0.727 0.744 0.742 0.687 0.669 0.717 0.717 0.712 0.709 0.712 0.687 0.684 0.702 0.714 0.702 0.719 0.692 0.684 0.667 0.664 0.672 0.622 0.612 0.629 0.637 0.642 0.624 0.594 0.572 0.574 0.577 0.569 0.559 0.544 0.574 0.567 0.562 0.542 0.554 0.529 0.502 0.484 0.477 0.504 0.494 0.479 0.462 0.502 0.589 0.632 0.649 0.682 0.689 0.714 0.717 0.744
0.657 0.662 0.664 0.687 0.684 0.689 0.707 0.697 0.709 0.714 0.722 0.734 0.724 0.752 0.732 0.747 0.734 0.722 0.719 0.749 0.719 0.702 0.709 0.722 0.717 0.732 0.727 0.717 0.714 0.719 0.707 0.699 0.704 0.702 0.692 0.674 0.692 0.694 0.669 0.674 0.687 0.674 0.654 0.624 0.637 0.662 0.654 0.627 0.602 0.609 0.602 0.602 0.592 0.569 0.552 0.569 0.572 0.557 0.547 0.522 0.512 0.544 0.537 0.527 0.527 0.514 0.499 0.489 0.512 0.572 0.612 0.619 0.654 0.687 0.682 0.709 0.739
0.682 0.694 0.689 0.704 0.702 0.707 0.704 0.699 0.714 0.737 0.752 0.734 0.742 0.719 0.724 0.727 0.749 0.732 0.729 0.757 0.752 0.727 0.739 0.724 0.742 0.747 0.732 0.709 0.722 0.722 0.714 0.689 0.674 0.682 0.699 0.694 0.722 0.712 0.674 0.677 0.667 0.682 0.657 0.667 0.659 0.667 0.649 0.622 0.589 0.589 0.612 0.614 0.617 0.589 0.569 0.557 0.567 0.539 0.564 0.557 0.562 0.574 0.559 0.542 0.539 0.539 0.527 0.529 0.504 0.537 0.549 0.599 0.624 0.674 0.694 0.689 0.699
0.682 0.684 0.684 0.687 0.702 0.699 0.712 0.719 0.709 0.722 0.714 0.729 0.747 0.742 0.749 0.732 0.742 0.734 0.737 0.744 0.729 0.754 0.747 0.744 0.732 0.757 0.739 0.754 0.752 0.744 0.737 0.752 0.732 0.707 0.747 0.732 0.732 0.712 0.684 0.684 0.707 0.694 0.654 0.664 0.659 0.679 0.672 0.669 0.634 0.624 0.629 0.624 0.622 0.619 0.607 0.584 0.582 0.554 0.587 0.597 0.602 0.599 0.577 0.562 0.567 0.569 0.572 0.547 0.519 0.507 0.539 0.574 0.639 0.669 0.687 0.684 0.702
0.689 0.699 0.712 0.724 0.714 0.709 0.699 0.714 0.714 0.752 0.737 0.724 0.737 0.739 0.747 0.739 0.732 0.744 0.762 0.744 0.744 0.759 0.747 0.747 0.762 0.744 0.742 0.722 0.737 0.767 0.747 0.764 0.709 0.677 0.749 0.744 0.757 0.732 0.707 0.679 0.679 0.687 0.677 0.704 0.699 0.687 0.704 0.679 0.652 0.637 0.637 0.634 0.647 0.619 0.632 0.594 0.589 0.577 0.617 0.612 0.589 0.592 0.594 0.612 0.599 0.604 0.604 0.567 0.534 0.554 0.552 0.564 0.634 0.667 0.689 0.689 0.714
0.704 0.707 0.714 0.727 0.742 0.749 0.744 0.752 0.719 0.749 0.752 0.722 0.744 0.752 0.744 0.747 0.757 0.744 0.737 0.757 0.767 0.762 0.754 0.737 0.757 0.737 0.734 0.737 0.744 0.742 0.722 0.749 0.779 0.744 0.737 0.744 0.722 0.709 0.712 0.687 0.694 0.714 0.689 0.719 0.717 0.717 0.722 0.707 0.667 0.644 0.639 0.647 0.654 0.642 0.612 0.604 0.594 0.614 0.647 0.629 0.637 0.627 0.629 0.647 0.654 0.659 0.654 0.614 0.599 0.637 0.617 0.602 0.627 0.642 0.659 0.687 0.707
0.707 0.697 0.709 0.722 0.747 0.754 0.739 0.744 0.754 0.749 0.739 0.739 0.739 0.744 0.757 0.762 0.777 0.762 0.757 0.769 0.777 0.767 0.764 0.782 0.757 0.749 0.749 0.754 0.744 0.762 0.772 0.769 0.769 0.747 0.734 0.739 0.734 0.739 0.717 0.714 0.709 0.724 0.712 0.712 0.714 0.737 0.727 0.702 0.669 0.667 0.647 0.659 0.654 0.654 0.624 0.607 0.594 0.624 0.657 0.649 0.677 0.664 0.674 0.679 0.679 0.669 0.654 0.607 0.624 0.659 0.664 0.627 0.659 0.657 0.667 0.709 0.722
0.707 0.702 0.727 0.742 0.722 0.724 0.739 0.754 0.769 0.757 0.774 0.762 0.767 0.744 0.752 0.769 0.777 0.792 0.777 0.767 0.757 0.772 0.782 0.787 0.799 0.782 0.757 0.779 0.769 0.764 0.749 0.777 0.764 0.742 0.744 0.774 0.777 0.754 0.734 0.714 0.734 0.737 0.727 0.737 0.742 0.727 0.699 0.697 0.682 0.682 0.667 0.647 0.647 0.644 0.644 0.657 0.619 0.647 0.659 0.679 0.687 0.674 0.702 0.722 0.704 0.692 0.672 0.654 0.644 0.679 0.699 0.679 0.679 0.694 0.682 0.692 0.724
0.694 0.709 0.727 0.719 0.727 0.727 0.744 0.754 0.772 0.772 0.794 0.777 0.767 0.777 0.749 0.779 0.784 0.797 0.779 0.789 0.787 0.772 0.762 0.737 0.789 0.777 0.774 0.784 0.779 0.792 0.784 0.779 0.752 0.737 0.734 0.782 0.769 0.744 0.737 0.729 0.737 0.744 0.747 0.732 0.764 0.737 0.714 0.704 0.687 0.679 0.654 0.652 0.642 0.642 0.654 0.664 0.639 0.639 0.667 0.662 0.672 0.677 0.694 0.702 0.697 0.702 0.674 0.667 0.689 0.739 0.754 0.764 0.709 0.714 0.719 0.739 0.759
0.729 0.732 0.747 0.734 0.739 0.724 0.727 0.752 0.762 0.782 0.779 0.779 0.779 0.782 0.769 0.767 0.782 0.769 0.774 0.779 0.779 0.737 0.722 0.752 0.749 0.772 0.757 0.764 0.789 0.779 0.782 0.752 0.752 0.752 0.762 0.767 0.737 0.732 0.742 0.747 0.744 0.759 0.757 0.747 0.762 0.747 0.709 0.699 0.682 0.689 0.689 0.657 0.652 0.664 0.679 0.664 0.664 0.669 0.689 0.682 0.692 0.707 0.717 0.709 0.719 0.694 0.707 0.689 0.704 0.737 0.749 0.739 0.742 0.769 0.752 0.727 0.777
0.749 0.749 0.739 0.747 0.734 0.737 0.762 0.767 0.762 0.782 0.777 0.809 0.777 0.764 0.774 0.752 0.764 0.784 0.769 0.767 0.764 0.754 0.749 0.762 0.794 0.772 0.789 0.779 0.757 0.769 0.769 0.747 0.747 0.754 0.749 0.737 0.727 0.749 0.754 0.764 0.767 0.727 0.767 0.754 0.759 0.744 0.727 0.707 0.712 0.682 0.662 0.674 0.687 0.674 0.674 0.669 0.672 0.684 0.697 0.697 0.724 0.729 0.727 0.707 0.714 0.694 0.717 0.727 0.744 0.737 0.749 0.764 0.772 0.792 0.779 0.749 0.742
0.752 0.737 0.749 0.744 0.754 0.747 0.754 0.787 0.784 0.769 0.799 0.822 0.829 0.804 0.792 0.804 0.802 0.794 0.779 0.759 0.782 0.772 0.782 0.799 0.779 0.784 0.777 0.777 0.769 0.762 0.759 0.739 0.757 0.759 0.757 0.754 0.724 0.742 0.769 0.764 0.749 0.757 0.759 0.764 0.777 0.777 0.742 0.717 0.704 0.689 0.672 0.664 0.664 0.677 0.667 0.702 0.697 0.702 0.707 0.719 0.732 0.744 0.742 0.724 0.727 0.719 0.739 0.764 0.757 0.784 0.767 0.799 0.807 0.812 0.799 0.787 0.752
0.754 0.759 0.757 0.754 0.754 0.749 0.744 0.792 0.787 0.802 0.819 0.819 0.839 0.854 0.847 0.834 0.849 0.839 0.839 0.819 0.817 0.812 0.812 0.797 0.817 0.804 0.789 0.807 0.789 0.777 0.787 0.789 0.792 0.774 0.767 0.777 0.759 0.774 0.782 0.777 0.767 0.772 0.779 0.764 0.787 0.759 0.737 0.702 0.699 0.709 0.682 0.699 0.699 0.704 0.689 0.719 0.722 0.744 0.739 0.737 0.747 0.767 0.762 0.774 0.772 0.759 0.774 0.794 0.779 0.799 0.784 0.789 0.814 0.834 0.839 0.817 0.804
0.722 0.754 0.737 0.744 0.724 0.772 0.779 0.779 0.784 0.782 0.809 0.824 0.814 0.869 0.849 0.847 0.849 0.842 0.844 0.819 0.819 0.824 0.824 0.812 0.822 0.827 0.817 0.812 0.827 0.817 0.834 0.829 0.827 0.792 0.789 0.782 0.797 0.774 0.782 0.802 0.784 0.792 0.789 0.797 0.797 0.764 0.767 0.734 0.729 0.712 0.734 0.699 0.727 0.737 0.727 0.729 0.742 0.747 0.767 0.779 0.774 0.757 0.782 0.802 0.802 0.789 0.782 0.794 0.802 0.814 0.809 0.807 0.799 0.824 0.864 0.849 0.834
0.722 0.749 0.734 0.727 0.744 0.739 0.767 0.757 0.759 0.764 0.789 0.792 0.787 0.822 0.832 0.859 0.842 0.854 0.849 0.824 0.824 0.822 0.827 0.819 0.807 0.827 0.809 0.799 0.792 0.789 0.807 0.812 0.824 0.799 0.799 0.804 0.784 0.784 0.777 0.807 0.814 0.807 0.804 0.814 0.799 0.782 0.799 0.757 0.747 0.754 0.764 0.759 0.759 0.742 0.742 0.772 0.757 0.779 0.779 0.792 0.797 0.799 0.792 0.807 0.822 0.839 0.802 0.797 0.829 0.834 0.834 0.852 0.869 0.864 0.882 0.879 0.887
0.739 0.754 0.752 0.772 0.777 0.762 0.752 0.734 0.737 0.734 0.747 0.767 0.759 0.747 0.769 0.792 0.799 0.829 0.832 0.837 0.837 0.824 0.832 0.829 0.822 0.834 0.804 0.787 0.784 0.767 0.807 0.809 0.787 0.799 0.784 0.777 0.782 0.777 0.804 0.794 0.824 0.812 0.814 0.797 0.782 0.787 0.754 0.752 0.749 0.774 0.787 0.804 0.784 0.804 0.797 0.812 0.802 0.792 0.799 0.824 0.834 0.819 0.827 0.842 0.852 0.862 0.839 0.839 0.864 0.872 0.872 0.874 0.862 0.859 0.902 0.897 0.897
0.754 0.764 0.769 0.767 0.772 0.772 0.772 0.784 0.782 0.762 0.772 0.792 0.777 0.767 0.762 0.759 0.764 0.754 0.757 0.782 0.792 0.784 0.799 0.787 0.782 0.799 0.784 0.754 0.779 0.779 0.784 0.789 0.804 0.789 0.779 0.767 0.752 0.749 0.757 0.794 0.799 0.787 0.792 0.779 0.784 0.784 0.769 0.762 0.757 0.797 0.799 0.807 0.799 0.827 0.817 0.812 0.822 0.799 0.817 0.837 0.834 0.824 0.819 0.839 0.872 0.864 0.857 0.874 0.879 0.894 0.907 0.879 0.857 0.849 0.894 0.909 0.899
0.787 0.777 0.789 0.777 0.772 0.772 0.789 0.779 0.794 0.812 0.802 0.812 0.809 0.809 0.809 0.817 0.802 0.787 0.812 0.809 0.824 0.819 0.817 0.832 0.822 0.819 0.802 0.759 0.784 0.769 0.784 0.784 0.762 0.784 0.789 0.792 0.759 0.737 0.744 0.769 0.787 0.789 0.742 0.777 0.749 0.764 0.769 0.739 0.729 0.782 0.809 0.822 0.802 0.809 0.812 0.819 0.819 0.837 0.844 0.852 0.832 0.819 0.842 0.874 0.884 0.887 0.874 0.892 0.909 0.897 0.912 0.879 0.864 0.869 0.904 0.889 0.889
0.814 0.809 0.804 0.794 0.797 0.812 0.812 0.797 0.819 0.814 0.809 0.804 0.822 0.827 0.834 0.839 0.837 0.832 0.832 0.829 0.844 0.842 0.854 0.839 0.837 0.844 0.832 0.817 0.797 0.812 0.822 0.829 0.817 0.832 0.849 0.837 0.802 0.779 0.812 0.787 0.809 0.819 0.814 0.792 0.784 0.777 0.779 0.762 0.762 0.784 0.822 0.854 0.827 0.824 0.817 0.819 0.849 0.834 0.854 0.869 0.844 0.852 0.839 0.889 0.877 0.874 0.884 0.889 0.894 0.892 0.862 0.847 0.832 0.834 0.882 0.889 0.927
0.799 0.814 0.822 0.822 0.834 0.837 0.832 0.837 0.837 0.829 0.842 0.829 0.844 0.844 0.842 0.832 0.827 0.832 0.817 0.819 0.852 0.837 0.847 0.839 0.837 0.822 0.834 0.829 0.814 0.819 0.829 0.847 0.832 0.864 0.877 0.854 0.829 0.819 0.802 0.807 0.844 0.864 0.842 0.814 0.819 0.809 0.819 0.804 0.802 0.837 0.852 0.892 0.862 0.859 0.884 0.872 0.854 0.847 0.847 0.887 0.892 0.864 0.859 0.834 0.862 0.874 0.874 0.844 0.864 0.862 0.819 0.814 0.764 0.792 0.794 0.872 0.929
0.814 0.809 0.814 0.782 0.817 0.819 0.817 0.804 0.839 0.842 0.842 0.842 0.864 0.887 0.867 0.857 0.864 0.832 0.834 0.854 0.849 0.864 0.879 0.864 0.857 0.842 0.847 0.827 0.847 0.839 0.847 0.864 0.854 0.872 0.874 0.894 0.859 0.812 0.804 0.827 0.847 0.867 0.859 0.824 0.829 0.812 0.849 0.812 0.839 0.849 0.864 0.882 0.869 0.867 0.869 0.877 0.884 0.872 0.877 0.904 0.922 0.922 0.952 0.937 0.924 0.912 0.927 0.929 0.904 0.914 0.892 0.857 0.862 0.882 0.914 0.937 0.942
0.844 0.819 0.842 0.827 0.824 0.839 0.852 0.842 0.829 0.859 0.864 0.857 0.854 0.874 0.859 0.874 0.882 0.864 0.852 0.857 0.849 0.849 0.877 0.859 0.869 0.872 0.867 0.847 0.854 0.849 0.882 0.887 0.879 0.902 0.902 0.869 0.844 0.827 0.837 0.869 0.879 0.894 0.862 0.842 0.844 0.829 0.817 0.832 0.854 0.884 0.889 0.872 0.892 0.889 0.882 0.867 0.919 0.882 0.927 0.919 0.899 0.914 0.924 0.922 0.902 0.929 0.932 0.922 0.919 0.884 0.899 0.917 0.942 0.952 0.982 0.987 1.004
0.867 0.872 0.882 0.869 0.832 0.854 0.859 0.879 0.869 0.874 0.884 0.889 0.882 0.869 0.854 0.862 0.847 0.867 0.864 0.862 0.847 0.857 0.857 0.869 0.864 0.852 0.869 0.872 0.854 0.859 0.894 0.904 0.924 0.937 0.884 0.859 0.844 0.867 0.857 0.854 0.859 0.877 0.862 0.839 0.864 0.859 0.864 0.874 0.864 0.872 0.912 0.877 0.879 0.907 0.879 0.887 0.904 0.882 0.914 0.939 0.937 0.934 0.937 0.954 0.929 0.932 0.922 0.917 0.927 0.894 0.932 0.954 0.934 0.964 0.999 1.017 1.034
0.897 0.882 0.882 0.889 0.864 0.882 0.887 0.899 0.884 0.887 0.872 0.887 0.892 0.922 0.897 0.874 0.864 0.859 0.864 0.899 0.849 0.834 0.847 0.867 0.864 0.872 0.879 0.854 0.844 0.872 0.887 0.892 0.902 0.877 0.889 0.867 0.882 0.882 0.869 0.899 0.869 0.892 0.894 0.879 0.887 0.892 0.879 0.904 0.907 0.919 0.919 0.902 0.917 0.939 0.917 0.919 0.932 0.919 0.942 0.964 0.967 0.942 0.952 0.974 0.937 0.947 0.932 0.922 0.944 0.957 0.969 0.989 0.997 1.007 1.027 1.037 1.067
0.902 0.924 0.907 0.904 0.897 0.872 0.882 0.874 0.872 0.882 0.899 0.912 0.904 0.894 0.902 0.904 0.897 0.902 0.897 0.907 0.884 0.877 0.869 0.867 0.887 0.872 0.869 0.879 0.892 0.899 0.892 0.894 0.919 0.907 0.864 0.874 0.907 0.892 0.849 0.904 0.897 0.897 0.902 0.879 0.889 0.904 0.899 0.904 0.914 0.929 0.942 0.944 0.962 0.962 0.949 0.969 0.949 0.954 0.964 0.964 0.982 0.999 1.004 0.972 0.952 0.957 0.969 0.954 0.967 0.994 1.007 1.019 1.034 1.029 1.057 1.067 1.097
