All_lidar/sz6286_DSM_2M.asc
ncols 500
nrows 500
xllcorner    462000
yllcorner    86000
cellsize     2
NODATA_value -9999
[rows 128 to 159 of 500, columns 213 to 283 of 500]
18.979 18.891 18.819 18.744 18.644 18.561 18.469 18.369 18.289 18.199 18.116 18.031 17.934 17.834 17.786 17.716 17.659 17.579 17.461 17.421 17.309 17.234 17.186 17.116 17.059 17.034 17.021 17.011 16.994 16.966 16.934 16.996 17.271 17.454 17.434 17.889 16.959 16.919 17.119 17.064 16.954 17.026 17.331 18.024 17.221 16.529 16.971 19.739 16.589 16.186 16.374 16.591 16.549 16.319 16.409 16.474 16.586 16.716 16.854 16.961 17.114 17.289 17.459 17.689 17.869 18.061 18.256 18.409 18.556 18.719 18.879
19.116 19.061 18.996 18.889 18.804 18.724 18.626 18.551 18.434 18.359 18.269 18.196 18.094 18.001 17.916 17.804 17.731 17.656 17.564 17.491 17.391 17.286 17.221 17.136 17.071 17.011 16.981 16.936 16.916 16.926 16.901 16.896 17.119 17.404 17.274 17.259 17.286 17.139 17.216 17.369 17.701 17.629 17.299 17.271 16.759 16.751 18.184 17.576 19.154 17.459 17.309 17.884 18.629 16.766 16.636 16.711 16.771 16.896 17.006 17.141 17.264 17.401 17.566 17.739 17.941 18.131 18.334 18.544 18.729 18.894 19.056
19.276 19.201 19.151 19.069 18.989 18.921 18.811 18.719 18.621 18.524 18.426 18.341 18.234 18.159 18.094 18.001 17.901 17.781 17.674 17.594 17.501 17.391 17.309 17.206 17.126 17.089 17.019 16.971 16.936 16.884 16.879 16.889 16.866 16.906 16.946 16.981 17.066 17.119 17.279 17.211 17.224 17.156 17.191 17.024 17.016 17.209 16.894 16.896 16.904 17.929 17.351 18.059 18.116 18.254 17.041 17.121 17.014 17.106 17.254 17.346 17.441 17.616 17.709 17.879 18.059 18.254 18.429 18.639 18.836 19.051 19.236
19.461 19.399 19.296 19.226 19.149 19.079 18.996 18.874 18.771 18.686 18.606 18.511 18.391 18.281 18.206 18.136 18.061 17.964 17.856 17.746 17.644 17.536 17.436 17.321 17.219 17.159 17.086 17.044 16.989 16.939 16.941 16.919 16.876 16.916 16.909 16.926 16.944 16.991 17.089 17.154 17.266 17.261 17.306 17.376 17.724 17.891 17.846 17.441 17.194 17.239 17.041 17.776 17.266 17.374 17.464 19.384 17.719 17.656 17.434 17.576 17.681 17.804 17.921 18.051 18.194 18.404 18.579 18.739 18.934 19.119 19.321
19.664 19.594 19.516 19.439 19.331 19.236 19.134 19.041 18.944 18.836 18.754 18.654 18.554 18.481 18.376 18.274 18.166 18.079 17.991 17.881 17.754 17.654 17.564 17.439 17.361 17.266 17.169 17.086 17.036 16.994 16.994 16.981 16.954 16.941 16.934 16.959 16.979 16.976 17.016 17.039 17.096 17.179 17.259 17.446 17.676 18.156 18.701 19.401 20.219 19.011 18.324 20.349 18.369 17.291 17.429 17.629 19.061 19.249 18.836 18.344 17.956 18.019 18.164 18.299 18.451 18.594 18.739 18.874 19.059 19.251 19.446
19.844 19.786 19.699 19.611 19.534 19.426 19.329 19.229 19.114 19.009 18.904 18.796 18.706 18.609 18.516 18.421 18.324 18.226 18.114 18.004 17.889 17.784 17.661 17.564 17.471 17.391 17.311 17.216 17.131 17.061 17.036 17.004 16.991 16.991 17.004 17.001 17.009 17.026 17.041 17.054 17.086 17.131 17.164 17.299 17.464 17.626 17.916 18.671 19.689 18.624 19.234 19.624 18.124 17.656 17.549 17.521 17.964 18.554 18.496 20.104 18.381 18.304 18.389 18.501 18.664 18.794 18.909 19.054 19.204 19.396 19.571
20.034 19.949 19.859 19.794 19.704 19.606 19.516 19.406 19.306 19.199 19.071 18.984 18.904 18.811 18.694 18.556 18.441 18.344 18.256 18.134 18.024 17.921 17.811 17.736 17.621 17.509 17.439 17.339 17.266 17.189 17.129 17.069 17.054 17.024 17.036 17.009 17.049 17.069 17.099 17.141 17.136 17.176 17.231 17.314 17.409 17.546 17.704 17.914 18.206 18.299 18.419 19.041 18.854 19.146 20.074 19.546 18.131 18.021 18.206 19.569 19.149 18.974 20.334 19.624 18.999 19.059 19.156 19.269 19.414 19.546 19.679
20.201 20.114 20.014 19.939 19.871 19.794 19.679 19.606 19.506 19.381 19.241 19.151 19.046 18.969 18.859 18.759 18.644 18.526 18.414 18.319 18.206 18.069 17.949 17.849 17.754 17.664 17.571 17.469 17.386 17.286 17.249 17.199 17.139 17.104 17.096 17.101 17.114 17.126 17.124 17.179 17.196 17.264 17.329 17.424 17.466 17.571 17.671 17.811 17.969 18.179 18.366 18.524 18.691 18.876 19.911 19.906 19.036 18.951 18.446 18.426 19.076 19.291 21.211 20.366 19.381 19.434 19.401 19.496 19.661 19.756 19.869
20.399 20.341 20.244 20.131 20.056 19.946 19.849 19.776 19.659 19.564 19.446 19.336 19.211 19.094 19.014 18.899 18.821 18.699 18.589 18.469 18.366 18.256 18.129 18.004 17.899 17.781 17.691 17.634 17.526 17.429 17.371 17.294 17.246 17.211 17.194 17.164 17.189 17.201 17.201 17.266 17.304 17.361 17.434 17.534 17.639 17.734 17.819 17.949 18.019 18.169 18.344 18.504 18.674 18.949 19.141 19.569 19.476 19.521 19.499 19.364 18.961 19.126 20.606 20.896 19.914 20.249 20.079 19.939 20.149 20.096 20.106
20.571 20.519 20.406 20.319 20.211 20.141 20.019 19.926 19.839 19.741 19.636 19.504 19.394 19.281 19.171 19.084 18.959 18.861 18.744 18.626 18.511 18.421 18.304 18.186 18.071 17.949 17.869 17.734 17.649 17.566 17.499 17.436 17.354 17.321 17.281 17.256 17.276 17.326 17.336 17.419 17.469 17.551 17.609 17.711 17.791 17.906 18.044 18.136 18.236 18.331 18.441 18.569 18.736 18.901 19.051 19.256 19.454 19.619 19.804 19.954 19.956 19.791 19.424 19.276 19.529 20.426 20.461 20.559 20.571 20.641 20.701
20.754 20.691 20.589 20.489 20.379 20.326 20.269 20.136 20.011 19.901 19.804 19.701 19.609 19.501 19.361 19.259 19.151 19.021 18.909 18.766 18.651 18.556 18.436 18.314 18.201 18.119 18.031 17.924 17.799 17.706 17.624 17.559 17.494 17.441 17.416 17.399 17.409 17.456 17.511 17.554 17.644 17.744 17.824 17.926 17.974 18.084 18.204 18.326 18.454 18.554 18.651 18.771 18.869 19.011 19.166 19.311 19.459 19.634 19.826 20.059 20.269 20.469 20.484 20.479 20.356 19.891 20.054 20.516 20.734 21.766 21.554
20.929 20.874 20.794 20.716 20.599 20.529 20.431 20.326 20.219 20.074 19.979 19.924 19.831 19.701 19.539 19.439 19.311 19.194 19.081 18.954 18.834 18.711 18.586 18.479 18.359 18.259 18.166 18.079 17.981 17.861 17.794 17.691 17.631 17.619 17.589 17.556 17.554 17.579 17.639 17.724 17.809 17.931 18.019 18.111 18.219 18.311 18.396 18.521 18.629 18.741 18.826 18.971 19.066 19.176 19.304 19.426 19.566 19.739 19.896 20.061 20.289 20.494 20.676 20.841 22.071 20.921 21.244 20.211 20.451 21.126 21.099
21.134 21.051 20.976 20.881 20.809 20.709 20.586 20.469 20.371 20.269 20.171 20.089 20.029 19.899 19.729 19.606 19.494 19.366 19.244 19.139 19.006 18.896 18.756 18.656 18.539 18.429 18.334 18.229 18.139 18.041 17.956 17.869 17.804 17.761 17.751 17.739 17.744 17.766 17.826 17.904 18.026 18.134 18.234 18.311 18.414 18.534 18.674 18.791 18.864 18.971 19.064 19.174 19.271 19.371 19.499 19.599 19.741 19.861 20.001 20.151 20.336 20.516 20.689 20.926 21.069 21.241 21.276 21.166 20.886 20.826 20.909
21.249 21.194 21.164 21.069 20.959 20.881 20.791 20.659 20.561 20.461 20.329 20.221 20.139 20.054 19.909 19.741 19.619 19.526 19.441 19.331 19.201 19.071 18.956 18.844 18.741 18.629 18.521 18.439 18.319 18.186 18.096 18.016 17.956 17.914 17.899 17.909 17.941 17.969 18.056 18.141 18.219 18.324 18.419 18.531 18.621 18.721 18.841 18.981 19.104 19.231 19.339 19.429 19.531 19.634 19.706 19.824 19.926 20.046 20.171 20.311 20.466 20.576 20.749 20.929 21.114 21.399 21.806 22.276 22.584 21.894 21.096
21.401 21.354 21.256 21.216 21.139 21.044 20.954 20.841 20.756 20.664 20.546 20.434 20.329 20.246 20.101 19.984 19.816 19.684 19.599 19.479 19.389 19.274 19.146 19.029 18.936 18.834 18.731 18.636 18.506 18.404 18.284 18.196 18.109 18.089 18.101 18.089 18.119 18.169 18.246 18.354 18.464 18.566 18.641 18.729 18.834 18.954 19.046 19.159 19.271 19.389 19.511 19.611 19.731 19.831 19.926 20.034 20.136 20.241 20.381 20.484 20.634 20.724 20.831 21.001 21.156 21.341 21.524 21.666 21.784 21.876 21.759
21.566 21.516 21.441 21.381 21.319 21.209 21.114 21.021 20.929 20.849 20.731 20.636 20.526 20.426 20.306 20.164 20.039 19.896 19.756 19.644 19.544 19.459 19.344 19.214 19.144 19.026 18.906 18.811 18.689 18.599 18.484 18.391 18.321 18.276 18.271 18.289 18.291 18.361 18.439 18.509 18.609 18.749 18.849 18.914 18.996 19.101 19.214 19.364 19.504 19.599 19.684 19.771 19.864 20.001 20.139 20.226 20.364 20.464 20.596 20.694 20.786 20.879 20.979 21.091 21.251 21.411 21.544 21.676 21.839 22.074 22.271
21.704 21.664 21.601 21.539 21.479 21.386 21.291 21.189 21.134 20.999 20.891 20.794 20.669 20.609 20.489 20.366 20.241 20.086 19.941 19.836 19.736 19.604 19.516 19.434 19.334 19.229 19.124 19.014 18.891 18.771 18.659 18.556 18.481 18.454 18.469 18.466 18.471 18.554 18.621 18.729 18.826 18.891 18.991 19.106 19.196 19.286 19.364 19.494 19.616 19.729 19.836 19.944 20.024 20.169 20.306 20.421 20.571 20.684 20.769 20.864 20.979 21.071 21.139 21.241 21.361 21.516 21.669 21.769 21.934 22.136 22.314
21.881 21.819 21.751 21.694 21.641 21.554 21.471 21.369 21.266 21.179 21.106 20.979 20.871 20.769 20.659 20.561 20.454 20.316 20.189 20.026 19.914 19.821 19.709 19.639 19.569 19.444 19.361 19.261 19.101 18.951 18.844 18.746 18.694 18.629 18.609 18.659 18.659 18.716 18.801 18.906 19.021 19.109 19.199 19.281 19.376 19.456 19.564 19.659 19.731 19.801 19.921 20.059 20.204 20.314 20.494 20.609 20.761 20.879 20.989 21.104 21.206 21.299 21.389 21.464 21.549 21.664 21.806 21.904 22.019 22.156 22.366
22.044 21.986 21.921 21.841 21.776 21.699 21.636 21.544 21.454 21.349 21.251 21.154 21.069 20.954 20.839 20.719 20.601 20.501 20.421 20.269 20.151 20.006 19.931 19.839 19.756 19.661 19.541 19.444 19.341 19.216 19.046 18.911 18.871 18.834 18.824 18.859 18.834 18.901 18.999 19.104 19.214 19.301 19.414 19.491 19.584 19.661 19.746 19.839 19.926 19.979 20.064 20.174 20.339 20.526 20.714 20.859 20.976 21.101 21.204 21.329 21.416 21.496 21.609 21.661 21.756 21.851 21.961 22.066 22.176 22.306 22.476
22.206 22.141 22.081 22.031 21.964 21.884 21.799 21.714 21.621 21.546 21.444 21.326 21.219 21.139 21.051 20.906 20.794 20.671 20.566 20.466 20.346 20.246 20.171 20.056 19.956 19.834 19.731 19.604 19.491 19.401 19.281 19.156 19.056 18.984 18.979 18.996 19.064 19.106 19.186 19.311 19.399 19.521 19.621 19.706 19.804 19.891 19.989 20.089 20.144 20.259 20.356 20.451 20.586 20.724 20.914 21.074 21.199 21.319 21.416 21.496 21.596 21.709 21.796 21.851 21.954 22.081 22.159 22.271 22.354 22.476 22.624
22.386 22.321 22.261 22.181 22.114 22.066 21.994 21.911 21.804 21.739 21.644 21.541 21.416 21.311 21.206 21.096 21.014 20.894 20.784 20.654 20.549 20.474 20.374 20.251 20.161 20.064 19.969 19.844 19.721 19.586 19.456 19.364 19.299 19.209 19.206 19.216 19.279 19.324 19.396 19.539 19.639 19.736 19.816 19.916 19.969 20.081 20.199 20.314 20.401 20.524 20.644 20.759 20.866 20.991 21.166 21.281 21.414 21.504 21.631 21.719 21.836 21.914 21.964 22.061 22.161 22.274 22.359 22.451 22.564 22.696 22.821
22.539 22.484 22.434 22.359 22.299 22.229 22.169 22.074 21.996 21.921 21.811 21.731 21.611 21.506 21.404 21.264 21.166 21.086 20.976 20.874 20.756 20.661 20.566 20.484 20.364 20.266 20.151 20.039 19.926 19.801 19.651 19.556 19.479 19.421 19.411 19.461 19.486 19.561 19.639 19.749 19.841 19.956 20.041 20.131 20.251 20.339 20.426 20.484 20.614 20.751 20.869 20.991 21.114 21.231 21.364 21.476 21.614 21.699 21.801 21.916 21.996 22.096 22.189 22.271 22.349 22.456 22.546 22.679 22.799 22.931 23.031
22.706 22.649 22.591 22.541 22.486 22.421 22.339 22.249 22.166 22.086 22.006 21.909 21.791 21.684 21.574 21.489 21.384 21.259 21.144 21.064 20.969 20.869 20.769 20.664 20.551 20.466 20.384 20.259 20.129 20.001 19.889 19.794 19.726 19.656 19.654 19.671 19.711 19.779 19.866 19.954 20.079 20.186 20.281 20.379 20.466 20.566 20.666 20.746 20.854 20.959 21.059 21.181 21.309 21.421 21.541 21.664 21.766 21.879 21.999 22.091 22.186 22.326 22.426 22.499 22.579 22.696 22.791 22.896 23.019 23.086 23.204
22.849 22.819 22.764 22.696 22.624 22.564 22.501 22.421 22.329 22.246 22.149 22.089 21.974 21.871 21.774 21.679 21.581 21.481 21.351 21.239 21.166 21.079 20.999 20.896 20.774 20.661 20.561 20.471 20.394 20.269 20.129 20.031 19.961 19.939 19.926 19.919 19.946 20.004 20.099 20.184 20.296 20.419 20.524 20.604 20.694 20.799 20.909 21.014 21.081 21.194 21.286 21.374 21.474 21.601 21.734 21.841 21.964 22.064 22.156 22.266 22.396 22.509 22.611 22.721 22.831 22.909 23.031 23.124 23.231 23.326 23.454
22.974 22.929 22.916 22.849 22.806 22.751 22.699 22.604 22.521 22.426 22.341 22.229 22.119 22.039 21.976 21.866 21.734 21.641 21.554 21.454 21.351 21.279 21.186 21.119 21.029 20.931 20.839 20.701 20.581 20.511 20.411 20.339 20.271 20.214 20.196 20.194 20.236 20.274 20.346 20.446 20.529 20.649 20.776 20.861 20.951 21.036 21.126 21.256 21.356 21.429 21.556 21.661 21.771 21.861 21.979 22.064 22.174 22.306 22.394 22.499 22.624 22.721 22.821 22.926 23.031 23.146 23.249 23.334 23.441 23.541 23.674
23.129 23.089 23.056 22.974 22.924 22.906 22.839 22.764 22.666 22.586 22.514 22.434 22.339 22.219 22.116 22.019 21.929 21.831 21.724 21.656 21.574 21.489 21.404 21.346 21.229 21.154 21.066 20.971 20.884 20.774 20.656 20.569 20.514 20.496 20.501 20.499 20.504 20.571 20.654 20.749 20.821 20.904 21.021 21.116 21.199 21.276 21.386 21.506 21.611 21.701 21.806 21.906 22.009 22.129 22.234 22.331 22.416 22.551 22.671 22.756 22.859 22.949 23.079 23.174 23.274 23.386 23.454 23.584 23.689 23.766 23.904
23.259 23.209 23.189 23.141 23.066 23.024 22.976 22.901 22.844 22.754 22.676 22.576 22.486 22.409 22.306 22.209 22.111 22.034 21.949 21.869 21.761 21.681 21.601 21.536 21.451 21.371 21.289 21.194 21.134 21.061 20.976 20.886 20.809 20.756 20.751 20.756 20.809 20.844 20.909 21.016 21.084 21.199 21.286 21.371 21.479 21.554 21.664 21.784 21.879 21.971 22.096 22.231 22.316 22.434 22.529 22.611 22.719 22.819 22.919 23.036 23.139 23.244 23.349 23.451 23.536 23.629 23.754 23.816 23.926 24.011 24.144
23.379 23.319 23.279 23.259 23.221 23.161 23.109 23.059 22.969 22.889 22.829 22.741 22.641 22.546 22.479 22.401 22.321 22.231 22.124 22.044 21.961 21.889 21.809 21.721 21.641 21.589 21.534 21.449 21.381 21.314 21.234 21.181 21.131 21.096 21.074 21.089 21.091 21.139 21.211 21.306 21.394 21.469 21.539 21.616 21.729 21.839 21.941 22.059 22.171 22.296 22.399 22.516 22.629 22.721 22.831 22.909 23.036 23.146 23.234 23.306 23.431 23.561 23.706 23.751 23.839 23.926 24.031 24.126 24.221 24.296 24.391
23.471 23.471 23.409 23.381 23.336 23.291 23.251 23.194 23.096 23.029 22.969 22.901 22.816 22.736 22.651 22.554 22.456 22.386 22.319 22.259 22.161 22.081 22.029 21.966 21.906 21.819 21.734 21.671 21.636 21.556 21.486 21.434 21.399 21.366 21.406 21.404 21.411 21.429 21.494 21.576 21.666 21.731 21.821 21.919 21.994 22.104 22.231 22.361 22.484 22.586 22.706 22.786 22.924 23.014 23.136 23.244 23.351 23.454 23.559 23.639 23.766 23.889 23.981 24.049 24.164 24.236 24.341 24.446 24.539 24.586 24.601
23.589 23.576 23.534 23.486 23.431 23.424 23.361 23.306 23.236 23.169 23.094 23.009 22.919 22.826 22.769 22.719 22.646 22.566 22.471 22.419 22.351 22.279 22.214 22.144 22.109 22.054 21.969 21.911 21.859 21.819 21.769 21.726 21.699 21.679 21.681 21.696 21.679 21.726 21.771 21.849 21.906 21.996 22.096 22.206 22.284 22.404 22.521 22.649 22.761 22.861 23.001 23.126 23.249 23.336 23.451 23.551 23.671 23.776 23.899 23.999 24.109 24.229 24.329 24.416 24.509 24.609 24.721 24.799 24.819 24.841 24.841
23.681 23.661 23.651 23.589 23.559 23.519 23.496 23.421 23.356 23.264 23.211 23.146 23.076 22.974 22.881 22.821 22.796 22.696 22.629 22.571 22.491 22.474 22.429 22.356 22.301 22.259 22.194 22.149 22.104 22.071 22.016 21.986 21.971 21.961 21.951 21.966 21.974 22.001 22.036 22.109 22.191 22.261 22.359 22.469 22.544 22.671 22.811 22.946 23.044 23.174 23.276 23.431 23.546 23.664 23.781 23.899 23.999 24.124 24.211 24.349 24.446 24.536 24.651 24.769 24.839 24.961 25.034 25.044 25.044 25.074 25.106
23.771 23.746 23.751 23.729 23.661 23.624 23.569 23.519 23.461 23.376 23.299 23.231 23.179 23.101 23.041 22.959 22.909 22.856 22.816 22.731 22.659 22.609 22.556 22.534 22.474 22.429 22.391 22.334 22.299 22.286 22.261 22.244 22.226 22.206 22.219 22.216 22.276 22.289 22.359 22.379 22.474 22.576 22.664 22.749 22.831 22.954 23.079 23.194 23.321 23.434 23.561 23.699 23.831 23.976 24.096 24.226 24.351 24.461 24.584 24.664 24.761 24.881 24.969 25.056 25.194 25.279 25.274 25.296 25.351 25.346 25.369
