All_lidar/sz6289_DSM_2M.asc
ncols 500
nrows 500
xllcorner    462000
yllcorner    89000
cellsize     2
NODATA_value -9999
[rows 416 to 447 of 500, columns 146 to 218 of 500]
28.847 28.757 28.714 28.744 28.715 28.647 28.545 28.465 28.325 28.262 28.135 27.96 27.865 27.722 27.425 27.142 26.89 26.62 26.415 26.15 25.927 25.667 25.55 25.35 25.152 25.022 24.997 24.952 24.872 24.847 24.827 24.805 24.792 24.79 24.782 24.862 25.04 25.17 25.297 25.397 25.497 25.717 25.89 26.067 26.235 26.377 26.622 27.045 27.59 28.612 31.097 29.677 28.945 27.857 27.822 28.315 28.635 28.747 29.145 29.24 30.61 29.825 29.977 30.277 32.187 33.21 32.022 31.362 32.892 36.562 35.697 32.98 32.222
28.754 28.697 28.624 28.594 28.56 28.457 28.422 28.305 28.12 27.982 27.952 27.827 27.72 27.545 27.315 27.155 26.83 26.537 26.33 26.065 25.822 25.627 25.445 25.247 25.065 24.952 24.88 24.85 24.767 24.72 24.707 24.657 24.632 24.657 24.667 24.715 24.885 25.03 25.16 25.267 25.405 25.595 25.797 25.947 26.09 26.272 26.785 27.892 28.645 29.95 30.202 28.577 29.652 28.83 27.837 28.215 29.502 30.16 29.115 29.145 33.407 30.982 29.96 31.375 30.917 32.97 33.162 32.247 31.795 32.447 33.347 32.955 32.707
28.697 28.587 28.464 28.424 28.32 28.227 28.177 28.09 27.93 27.745 27.795 27.702 27.582 27.38 27.082 26.847 26.705 26.467 26.265 25.97 25.707 25.507 25.357 25.18 24.99 24.85 24.772 24.712 24.625 24.572 24.55 24.517 24.48 24.507 24.53 24.585 24.752 24.877 25.022 25.185 25.33 25.485 25.68 25.837 26.055 26.205 26.56 28.372 29.292 29.63 29.195 28.887 28.33 27.502 28.682 28.855 33.712 33.375 28.975 29.012 29.642 30.497 31.645 32.247 30.812 31.95 33.732 32.97 31.925 33.655 33.692 32.39 32.99
28.587 28.449 28.322 28.262 28.147 28.002 27.89 27.842 27.68 27.517 27.547 27.542 27.45 27.232 26.955 26.725 26.56 26.365 26.115 25.835 25.557 25.335 25.24 25.092 24.9 24.735 24.67 24.642 24.535 24.45 24.417 24.4 24.365 24.397 24.395 24.405 24.6 24.73 24.895 25.06 25.237 25.39 25.582 25.72 26.185 26.172 27.597 31.542 30.04 28.832 28.145 28.34 29.145 28.967 28.625 28.882 32.495 29.855 28.972 28.867 29.667 29.85 33.63 30.61 31.022 30.797 31.625 31.117 31.122 31.55 31.88 32.527 32.242
28.459 28.389 28.257 28.144 27.985 27.827 27.682 27.577 27.43 27.297 27.345 27.337 27.202 26.972 26.75 26.457 26.187 26.022 25.902 25.652 25.375 25.21 25.105 24.995 24.812 24.63 24.575 24.575 24.452 24.34 24.275 24.26 24.285 24.305 24.277 24.22 24.45 24.64 24.797 24.995 25.14 25.347 25.502 25.645 26.002 27.817 27.267 28.992 29.8 28.532 27.715 28.277 29.307 28.982 28.96 28.91 30.075 28.585 28.577 29.297 29.52 29.5 32.43 31.527 33.087 31.82 30.705 31.465 31.112 31.465 31.865 32.702 32.217
28.327 28.259 28.172 28.029 27.87 27.72 27.552 27.415 27.247 27.117 27.072 27.035 26.912 26.67 26.47 26.195 25.987 25.847 25.722 25.507 25.287 25.102 25.002 24.862 24.672 24.515 24.48 24.452 24.355 24.262 24.175 24.18 24.185 24.202 24.202 24.072 24.305 24.542 24.715 24.935 25.275 25.767 25.465 25.582 27.505 27.132 25.68 26.332 27.122 26.952 28.182 30.217 28.885 28.3 29.377 28.14 28.84 28.18 29.59 28.81 28.845 28.882 29.292 30.17 31.532 31.33 30.907 31.46 32.325 31.44 31.74 32.367 31.93
28.222 28.147 28.034 27.917 27.745 27.617 27.455 27.31 27.157 27.025 26.925 26.77 26.622 26.447 26.277 26.107 25.895 25.757 25.595 25.417 25.217 25.007 24.912 24.767 24.552 24.392 24.352 24.33 24.245 24.135 24.057 24.04 24.055 24.117 24.127 23.885 24.167 24.437 24.65 25.135 26.685 25.845 25.647 25.772 27.467 25.787 25.532 25.677 25.937 26.29 27.07 27.42 27.725 27.595 28.062 28.197 28.212 28.375 29.965 29.85 28.95 28.912 29.617 29.737 30.207 32.105 30.86 31.84 31.47 31.442 31.47 31.637 31.795
28.099 28.019 27.897 27.762 27.65 27.537 27.387 27.235 27.08 26.942 26.85 26.662 26.512 26.362 26.212 26.03 25.83 25.64 25.527 25.305 25.117 24.907 24.792 24.62 24.407 24.287 24.215 24.187 24.12 24 23.902 23.905 23.99 24.072 23.67 23.422 24.202 24.427 24.815 25.442 28.907 25.937 26.217 25.455 25.12 25.292 25.64 29.267 26.532 26.27 26.637 27.535 27.807 27.912 27.847 28.015 28.157 28.38 28.545 28.43 28.69 30.705 31.367 30.927 31.1 34.945 32.255 33.917 31.82 33.25 31.885 31.685 32.117
27.969 27.864 27.752 27.642 27.515 27.41 27.272 27.115 26.965 26.827 26.705 26.572 26.42 26.247 26.092 25.927 25.715 25.52 25.382 25.162 24.992 24.797 24.665 24.482 24.3 24.157 24.087 24.057 24.007 23.91 23.832 23.887 23.99 24.465 23.552 23.507 24.412 24.685 25.757 25.565 26.435 24.875 24.722 24.945 25.19 25.375 25.712 25.975 26.037 26.477 26.62 27.3 29.067 28.297 27.817 28.332 27.945 28.137 28.15 28.085 29.092 31.89 29.797 31.855 30.285 33.117 34.142 32.837 33.842 31.637 31.637 31.622 32.195
27.824 27.734 27.609 27.519 27.385 27.292 27.165 27.02 26.852 26.737 26.622 26.475 26.317 26.14 25.975 25.782 25.577 25.377 25.225 25.032 24.852 24.662 24.495 24.35 24.202 24.032 23.96 23.935 23.885 23.795 23.832 23.847 24.5 25.252 24.46 24.222 24.797 25.8 25.932 28.73 28.742 24.775 24.915 28.317 25.422 25.402 25.555 25.712 25.952 26.347 26.63 27.745 33.392 30.78 31.765 29.167 28.037 27.815 27.685 28.14 28.58 29.505 29.172 30.005 30.115 30.65 32.185 31.56 32.432 33.592 32.112 31.547 31.96
27.689 27.587 27.497 27.394 27.272 27.16 27.072 26.9 26.795 26.63 26.527 26.37 26.185 26.015 25.857 25.65 25.44 25.247 25.072 24.887 24.715 24.537 24.362 24.252 24.082 23.915 23.832 23.792 23.782 23.772 23.785 23.837 24.937 25.055 24.39 23.932 23.95 25.545 25.655 27.04 27.192 25.39 25.605 24.805 24.972 25.205 25.535 26.33 26.777 26.057 27.437 27.565 30.942 31.617 29.33 27.225 28.635 28.555 27.687 28.05 28.905 32.772 32.322 29.795 30.035 30.817 30.977 34.88 34.595 35.315 32.237 31.72 32.105
27.564 27.447 27.359 27.264 27.127 27.047 26.967 26.822 26.677 26.53 26.395 26.25 26.077 25.892 25.707 25.502 25.3 25.11 24.93 24.735 24.567 24.41 24.242 24.112 23.965 23.817 23.735 23.692 23.655 23.647 23.817 24.357 24.882 24.917 24.612 25.622 26.217 29.625 27.177 25.425 24.207 24.387 25.612 24.822 25.07 25.467 25.862 26.072 25.97 25.912 27.065 26.707 27.15 28.817 30.07 27.597 28.55 28.28 28.382 27.972 28.702 31.852 31.815 29.812 30.467 34.395 33.657 36.185 34.002 32.815 31.965 31.607 32.2
27.412 27.317 27.209 27.109 27.005 26.92 26.832 26.742 26.597 26.45 26.28 26.12 25.967 25.77 25.557 25.347 25.135 24.967 24.747 24.59 24.415 24.265 24.105 23.98 23.842 23.727 23.635 23.6 23.53 23.45 23.795 24.727 24.912 24.567 24.31 25.75 26.435 26.435 24.677 25.497 26.162 27.192 26.215 24.535 26.752 24.987 25.16 25.72 25.59 26.365 25.895 26.025 26.33 27.385 27.14 27.275 28.275 28.202 27.955 28.21 29.55 29.407 30.572 30.08 30.04 33.505 36.297 33.855 32.632 31.572 31.47 31.372 31.6
27.244 27.157 27.064 26.947 26.897 26.812 26.732 26.61 26.467 26.345 26.167 25.982 25.83 25.627 25.417 25.207 25.025 24.79 24.55 24.422 24.27 24.142 23.96 23.85 23.725 23.632 23.53 23.507 23.46 23.28 23.605 24.337 24.85 24.532 24.117 23.622 23.555 23.46 23.562 23.92 24.58 25.895 24.842 25.67 27.68 25.325 24.972 28.41 25.172 25.445 26.227 26.027 26.377 26.687 26.8 27.112 27.532 27.662 29.472 29.56 28.67 29.99 32.637 30.97 30.1 31.477 34.257 33.427 35.575 31.505 31.497 31.585 31.655
27.094 27.007 26.904 26.834 26.75 26.675 26.597 26.487 26.342 26.227 26.062 25.892 25.692 25.497 25.292 25.067 24.815 24.555 24.387 24.28 24.142 24.027 23.812 23.712 23.61 23.547 23.482 23.425 23.392 23.24 23.015 23.83 24.372 24.107 24.465 23.935 23.512 23.157 23.592 25.07 24.815 24.405 26.785 24.647 24.905 24.315 25.217 25.58 27.315 29.86 29.805 26.145 27.155 26.96 26.917 27.287 27.7 31.225 28.772 28.697 30.495 30.172 32.592 33.15 31.56 30.64 30.63 31.982 33.02 31.695 31.8 31.485 31.522
26.939 26.867 26.772 26.704 26.64 26.517 26.46 26.342 26.237 26.125 25.93 25.745 25.545 25.305 25.117 24.905 24.657 24.42 24.282 24.152 23.985 23.86 23.707 23.575 23.457 23.37 23.385 23.332 23.285 23.292 23.067 23.07 23.152 24.53 24.36 23.925 23.077 23.14 23.392 24.135 24.217 26.537 24.597 24.045 24.28 24.307 26.057 25.01 31.75 35.1 34.53 27.797 26.922 26.777 27.995 27.27 37.402 32.18 27.957 28.26 28.657 29.527 31.05 31.657 30.077 29.99 30.207 31.635 32.315 31.71 31.685 31.965 32.23
26.829 26.762 26.667 26.564 26.505 26.45 26.357 26.285 26.14 26.03 25.83 25.625 25.41 25.182 24.952 24.752 24.547 24.335 24.155 24.01 23.835 23.717 23.657 23.532 23.377 25.612 23.452 23.237 23.195 23.107 23.875 22.957 23.78 25.802 24.482 24.835 24.802 23.385 23.257 24.387 24.462 30.335 23.77 23.997 24.2 24.415 24.695 24.892 29.212 34.33 32.11 29.49 27.845 27.147 27.817 27.08 27.805 27.637 27.912 28.2 28.587 29.612 29.272 29.705 30.782 30.517 30.76 34.257 33.672 32.05 31.532 32.487 32.172
26.707 26.644 26.537 26.434 26.367 26.315 26.237 26.162 26.07 25.89 25.7 25.487 25.272 25.05 24.822 24.592 24.432 24.217 24.022 23.837 23.707 23.602 23.487 23.36 23.197 24.495 24.49 22.985 23.03 22.917 22.887 23.082 25.11 22.942 22.217 24.66 23.437 23.032 23.352 29.182 28.56 29.7 24.647 24.082 24.305 24.42 24.79 25.497 28.265 29.947 29.615 26.882 29.155 31.2 26.767 26.977 27.33 27.652 27.947 28.2 28.537 29.027 29.672 29.687 29.737 30.185 30.91 32.087 31.58 30.832 31.135 31.387 31.53
26.534 26.489 26.389 26.274 26.172 26.122 26.047 25.99 25.897 25.72 25.552 25.317 25.097 24.892 24.675 24.447 24.292 24.087 23.875 23.667 23.525 23.457 23.347 23.217 23.015 22.922 23.267 22.727 22.68 22.732 22.862 23.795 24.007 22.887 22.19 23.175 22.845 22.932 23.182 23.147 25.81 24.005 23.845 24.327 24.397 24.85 24.71 25.052 26.037 25.82 26.425 26.06 27.062 26.432 26.735 26.94 27.327 27.725 28.107 28.385 28.722 29.805 29.977 30.19 29.4 29.797 29.995 32.66 32.285 30.64 30.895 33.952 32.197
26.374 26.337 26.237 26.142 26.025 25.955 25.875 25.807 25.722 25.587 25.38 25.152 24.957 24.76 24.53 24.305 24.132 23.902 23.722 23.587 23.377 23.322 23.162 22.977 22.867 22.727 22.59 22.522 22.532 22.57 22.562 23.132 23.467 23.187 22.412 22.482 22.78 22.78 22.817 22.987 23.212 23.397 23.802 24.202 24.135 24.32 24.692 24.91 25.475 25.515 25.76 25.857 26.07 26.322 26.645 26.962 27.157 27.54 28.53 28.705 28.5 29.767 31.995 29.435 29.955 31.86 33.602 32.135 32.202 34.35 31.12 33.68 33.145
26.219 26.149 26.077 25.977 25.91 25.805 25.742 25.62 25.532 25.427 25.23 25.017 24.83 24.615 24.387 24.157 23.98 23.777 23.63 23.382 23.237 23.255 23.042 22.882 22.677 22.55 22.43 22.377 22.457 22.312 22.247 21.835 22.932 21.99 22.752 23.09 23.622 22.452 23.15 23.055 23.372 23.337 23.57 25.13 24.927 24.265 24.582 24.942 25.395 25.565 25.587 25.825 26.942 29.74 26.72 26.937 27.107 27.92 29.537 32.43 28.545 28.937 30.18 29.365 32.507 30.522 29.892 30.487 31.605 32.287 30.595 31.712 31.25
26.047 25.999 25.894 25.814 25.727 25.682 25.58 25.48 25.392 25.272 25.055 24.857 24.687 24.472 24.237 24.035 23.85 23.67 23.487 23.332 23.142 23.035 22.875 22.745 22.532 22.405 22.345 22.312 22.215 22.022 21.705 22.14 22.235 23.197 25.045 24.845 22.912 22.697 24.935 22.992 23.19 23.215 23.582 24.527 24.277 24.317 25.017 24.877 25.057 25.272 25.542 26.575 31.662 31.592 27.707 26.89 27.07 27.397 32.027 33.792 29.867 33.492 28.497 29.482 29.785 29.607 29.58 29.962 32.205 32.305 30.247 30.552 31.695
25.897 25.852 25.772 25.687 25.565 25.49 25.395 25.32 25.21 25.117 24.91 24.7 24.512 24.295 24.075 23.887 23.705 23.52 23.31 23.135 23.02 22.935 22.785 22.592 22.412 22.27 22.16 22.112 22.037 22.012 21.137 22.762 22.1 24.012 26.125 27.145 25.402 23.962 22.78 22.735 22.922 23.182 23.557 24.025 24.235 24.26 24.482 24.877 24.972 25.18 25.39 25.72 29.565 35.152 27.695 28.677 28.897 27.455 28.352 28.135 32.942 30.76 31.627 32.342 29.307 29.422 29.52 29.822 31.157 32.235 31.077 31.862 30.715
25.747 25.682 25.604 25.504 25.4 25.287 25.22 25.14 25.022 24.937 24.785 24.555 24.355 24.15 23.94 23.737 23.525 23.37 23.177 22.997 22.905 22.775 22.645 22.475 22.355 22.165 22.037 22.032 22.095 21.795 21.375 21.635 22.062 25.495 27.625 27.462 28.165 26.76 22.462 22.617 22.887 23.115 23.332 23.647 23.902 24.035 24.465 24.677 24.827 25.067 25.252 25.585 28.4 28.395 26.53 29.74 32.752 30.33 27.462 28.027 28.265 28.44 28.647 31.127 29.08 29.455 29.172 29.31 29.602 30.205 31.595 30.342 30.962
25.579 25.524 25.437 25.309 25.2 25.14 25.047 24.96 24.862 24.757 24.62 24.437 24.235 24.02 23.79 23.587 23.385 23.237 23.052 22.872 22.787 22.685 22.527 22.46 22.255 22.112 21.92 22.017 23.735 21.765 21.265 21.482 21.715 24.615 28.592 27.05 29.372 26.615 22.372 23.702 23.682 23.322 23.665 23.54 23.8 23.955 24.145 24.56 24.752 24.897 25.135 25.342 25.617 25.85 26.147 26.865 30.642 30.76 27.81 28.882 28.575 28.395 28.715 28.85 28.772 28.822 28.995 29.855 31.31 31.785 29.887 32.12 30.83
25.434 25.364 25.289 25.157 25.047 24.96 24.87 24.782 24.692 24.615 24.497 24.292 24.057 23.845 23.665 23.465 23.302 23.097 22.905 22.69 22.64 22.547 22.46 22.34 22.142 21.945 21.82 22.19 23.702 20.705 21.127 21.502 21.525 23.415 26.91 25.56 23.29 22.162 22.665 22.58 22.805 23.005 23.212 23.515 23.795 23.827 24.092 24.37 24.48 24.677 24.952 25.245 25.71 25.82 26.452 26.44 27.33 27.902 27.305 27.652 28.02 28.172 28.515 28.407 28.427 28.635 28.712 30.16 29.44 29.642 29.402 29.827 30.927
25.217 25.147 25.087 25.007 24.89 24.79 24.68 24.582 24.517 24.447 24.367 24.157 23.925 23.72 23.535 23.337 23.172 22.965 22.772 22.612 22.542 22.49 22.377 22.167 22.057 21.847 21.732 21.8 22.425 21.842 20.997 21.335 21.557 21.86 21.825 22.155 21.947 22 22.852 22.63 22.672 22.872 23.007 23.187 23.412 23.635 23.845 24.037 24.262 24.572 25 25.157 25.69 25.577 25.917 26.237 26.517 26.745 27.027 27.425 27.707 28.017 28.315 28.215 28.677 28.687 29.377 28.892 28.96 29.272 30.097 29.557 30.825
25.039 24.964 24.884 24.827 24.715 24.62 24.537 24.427 24.307 24.255 24.212 24.03 23.81 23.6 23.392 23.19 23.042 22.802 22.587 22.502 22.465 22.39 22.3 21.965 22.01 21.912 21.635 21.68 21.8 20.25 20.86 21.782 21.31 21.47 21.702 21.89 21.96 22.015 22.195 22.395 22.46 22.657 22.772 22.932 23.197 23.372 23.487 23.857 24.067 24.327 24.542 24.85 25.132 25.457 25.802 26.115 26.352 26.432 26.785 27.622 27.495 27.84 28.022 28.097 29.775 28.12 28.55 28.815 28.99 29.06 29.795 29.575 30.647
24.872 24.777 24.722 24.627 24.527 24.41 24.342 24.25 24.165 24.085 24.027 23.907 23.655 23.44 23.24 23.025 22.872 22.672 22.467 22.41 22.372 22.26 22.15 21.91 21.835 21.702 21.585 21.382 21.217 20.185 20.76 21.175 21.347 22.792 21.637 21.807 21.817 21.8 21.797 22.032 22.427 22.6 22.9 23.062 23.542 23.685 23.78 24.025 24.132 24.31 24.67 27.722 34.97 26.31 26.382 26.955 27.987 26.247 26.525 27.042 27.892 28.552 27.505 27.81 28.06 27.982 28.662 28.68 28.957 29.185 29.417 29.6 29.975
24.687 24.594 24.534 24.449 24.345 24.232 24.13 24.027 23.945 23.902 23.842 23.727 23.487 23.3 23.1 22.922 22.722 22.497 22.34 22.302 22.24 22.087 22.05 21.795 21.582 21.642 21.465 21.477 23.187 20.15 21.815 21.29 21.202 21.327 21.395 21.502 23.865 21.655 21.795 22.235 22.457 22.707 23.067 23.672 24.36 25.202 23.982 24.36 24.392 25.095 25.457 36.022 30.322 25.592 27.895 30.872 31.347 26.655 26.49 27.307 27.79 28.702 29.38 28 28.125 28.257 28.382 28.562 28.882 29.23 29.47 29.682 29.955
24.522 24.404 24.334 24.269 24.137 24.055 23.955 23.84 23.755 23.705 23.642 23.532 23.352 23.18 22.972 22.767 22.562 22.34 22.19 22.135 22.09 21.982 21.87 21.765 21.697 21.567 21.452 26.832 32 24.04 22.087 21.705 22.422 21.762 21.272 21.31 22.085 21.68 21.892 22.137 22.632 22.75 23.02 23.392 24.002 24.38 23.922 24.985 25.13 24.39 27.035 28.925 25.247 25.725 26.81 31.547 27.897 28.035 26.927 30.572 28.482 28.507 27.85 28.04 28.055 28.397 28.81 28.87 28.91 29.282 29.655 29.815 30.165
24.367 24.277 24.167 24.064 23.94 23.877 23.755 23.637 23.56 23.512 23.457 23.345 23.19 23.02 22.817 22.607 22.405 22.222 22.04 21.967 21.887 21.815 21.632 21.507 21.465 21.255 21.205 22.572 24.487 21.087 20.755 21.225 23.137 24.045 21.85 21.337 23.45 24.252 21.967 22.232 22.447 22.512 22.73 23.027 25.577 25.242 24.13 24.125 24.267 24.415 25.047 25.97 27.422 25.165 26.632 28.33 25.97 26.362 26.54 27.21 28.407 27.79 27.86 28.06 28.225 28.372 28.857 29.075 30.135 29.822 30.055 29.865 30.112
