All_lidar/sz6288_DSM_2M.asc
ncols 500
nrows 500
xllcorner    462000
yllcorner    88000
cellsize     2
NODATA_value -9999
[rows 442 to 475 of 500, columns 154 to 230 of 500]
0.514 0.514 0.582 0.602 0.617 0.619 0.579 0.582 0.574 0.582 0.599 0.609 0.602 0.609 0.672 0.712 0.729 0.654 0.622 0.597 0.612 0.614 0.627 0.632 0.629 0.642 0.639 0.632 0.627 0.602 0.549 0.509 0.502 0.464 0.454 0.449 0.429 0.419 0.402 0.417 0.424 0.372 0.339 0.349 0.284 0.292 0.274 0.297 0.317 0.349 0.342 0.349 0.347 0.364 0.352 0.324 0.327 0.329 0.297 0.267 0.247 0.244 0.262 0.239 0.219 0.157 0.092 0.089 0.114 0.139 0.187 0.204 0.234 0.219 0.224 0.234 0.239
0.507 0.537 0.614 0.609 0.609 0.577 0.599 0.577 0.582 0.597 0.617 0.604 0.599 0.614 0.677 0.729 0.699 0.654 0.612 0.629 0.647 0.619 0.644 0.639 0.644 0.664 0.614 0.639 0.614 0.574 0.519 0.472 0.464 0.472 0.477 0.462 0.467 0.424 0.417 0.402 0.399 0.387 0.367 0.344 0.269 0.297 0.287 0.282 0.289 0.309 0.317 0.329 0.342 0.349 0.309 0.332 0.327 0.282 0.259 0.267 0.247 0.272 0.252 0.234 0.177 0.082 0.107 0.179 0.184 0.182 0.212 0.209 0.252 0.252 0.249 0.257 0.282
0.492 0.552 0.574 0.622 0.589 0.549 0.567 0.574 0.609 0.597 0.609 0.594 0.592 0.604 0.637 0.679 0.657 0.647 0.637 0.634 0.657 0.674 0.654 0.654 0.657 0.634 0.627 0.617 0.587 0.522 0.489 0.429 0.449 0.447 0.454 0.462 0.449 0.427 0.399 0.412 0.369 0.362 0.349 0.339 0.274 0.289 0.247 0.267 0.257 0.282 0.267 0.284 0.289 0.282 0.282 0.282 0.284 0.249 0.229 0.212 0.229 0.234 0.192 0.162 0.119 0.159 0.182 0.204 0.229 0.232 0.237 0.254 0.247 0.239 0.254 0.277 0.289
0.499 0.564 0.549 0.579 0.582 0.554 0.572 0.602 0.617 0.619 0.604 0.594 0.597 0.624 0.627 0.649 0.647 0.632 0.634 0.659 0.689 0.669 0.649 0.657 0.654 0.637 0.572 0.547 0.514 0.472 0.514 0.464 0.432 0.444 0.464 0.459 0.414 0.412 0.407 0.387 0.387 0.374 0.372 0.332 0.317 0.289 0.267 0.234 0.202 0.197 0.224 0.229 0.249 0.262 0.262 0.242 0.244 0.202 0.144 0.144 0.164 0.174 0.142 0.144 0.207 0.202 0.242 0.237 0.244 0.262 0.244 0.267 0.272 0.282 0.274 0.304 0.274
0.489 0.584 0.592 0.597 0.594 0.602 0.584 0.617 0.614 0.607 0.602 0.612 0.642 0.669 0.674 0.664 0.672 0.662 0.644 0.652 0.692 0.669 0.632 0.672 0.634 0.607 0.537 0.494 0.454 0.457 0.464 0.464 0.459 0.459 0.432 0.422 0.394 0.377 0.367 0.372 0.372 0.357 0.322 0.319 0.319 0.329 0.302 0.297 0.239 0.212 0.197 0.219 0.224 0.217 0.194 0.194 0.194 0.147 0.182 0.192 0.227 0.214 0.214 0.219 0.222 0.207 0.214 0.252 0.264 0.292 0.279 0.264 0.259 0.259 0.254 0.257 0.247
0.507 0.544 0.587 0.602 0.592 0.574 0.577 0.589 0.592 0.582 0.594 0.602 0.627 0.639 0.637 0.679 0.714 0.692 0.682 0.652 0.672 0.672 0.664 0.639 0.549 0.527 0.494 0.484 0.434 0.434 0.432 0.477 0.472 0.504 0.437 0.392 0.392 0.342 0.349 0.357 0.369 0.327 0.349 0.327 0.332 0.317 0.309 0.314 0.297 0.274 0.282 0.262 0.242 0.209 0.202 0.144 0.162 0.189 0.197 0.207 0.222 0.244 0.207 0.219 0.217 0.207 0.229 0.269 0.282 0.287 0.277 0.262 0.244 0.244 0.264 0.234 0.222
0.552 0.554 0.554 0.547 0.574 0.579 0.577 0.582 0.604 0.597 0.612 0.629 0.632 0.602 0.604 0.677 0.704 0.692 0.674 0.652 0.667 0.659 0.612 0.549 0.502 0.479 0.474 0.462 0.444 0.452 0.457 0.459 0.467 0.459 0.369 0.317 0.299 0.297 0.324 0.354 0.362 0.352 0.347 0.317 0.304 0.317 0.317 0.307 0.312 0.274 0.279 0.262 0.254 0.232 0.214 0.229 0.219 0.209 0.202 0.222 0.234 0.227 0.219 0.222 0.234 0.262 0.242 0.242 0.254 0.282 0.257 0.252 0.247 0.254 0.224 0.234 0.219
0.594 0.612 0.582 0.597 0.582 0.592 0.584 0.567 0.599 0.607 0.634 0.632 0.614 0.642 0.637 0.662 0.649 0.682 0.669 0.682 0.652 0.597 0.537 0.477 0.417 0.469 0.482 0.467 0.469 0.449 0.434 0.437 0.452 0.407 0.334 0.277 0.269 0.314 0.317 0.327 0.329 0.337 0.319 0.309 0.292 0.324 0.292 0.309 0.284 0.332 0.279 0.252 0.254 0.252 0.232 0.222 0.209 0.229 0.219 0.224 0.219 0.222 0.212 0.219 0.242 0.259 0.237 0.247 0.269 0.277 0.254 0.257 0.247 0.252 0.239 0.229 0.217
0.637 0.639 0.592 0.587 0.582 0.597 0.574 0.552 0.597 0.632 0.624 0.647 0.662 0.667 0.644 0.624 0.632 0.652 0.662 0.652 0.584 0.522 0.469 0.302 0.339 0.459 0.449 0.477 0.474 0.449 0.412 0.412 0.389 0.377 0.294 0.264 0.304 0.317 0.332 0.319 0.324 0.314 0.309 0.322 0.309 0.302 0.302 0.304 0.319 0.312 0.269 0.239 0.269 0.252 0.232 0.234 0.219 0.202 0.202 0.227 0.219 0.234 0.237 0.229 0.247 0.252 0.242 0.229 0.257 0.249 0.254 0.259 0.244 0.247 0.227 0.212 0.227
0.639 0.647 0.629 0.592 0.584 0.612 0.564 0.584 0.619 0.629 0.649 0.652 0.662 0.654 0.619 0.634 0.622 0.594 0.589 0.554 0.524 0.497 0.472 0.424 0.459 0.487 0.444 0.452 0.457 0.439 0.404 0.407 0.364 0.314 0.239 0.269 0.307 0.294 0.317 0.312 0.309 0.294 0.304 0.304 0.307 0.297 0.304 0.299 0.304 0.299 0.269 0.237 0.257 0.237 0.219 0.217 0.219 0.212 0.247 0.257 0.272 0.244 0.257 0.252 0.277 0.259 0.277 0.249 0.257 0.244 0.267 0.254 0.247 0.264 0.262 0.244 0.229
0.652 0.634 0.624 0.589 0.584 0.574 0.589 0.584 0.607 0.607 0.594 0.582 0.592 0.599 0.602 0.594 0.609 0.554 0.527 0.489 0.492 0.504 0.522 0.514 0.482 0.467 0.454 0.454 0.447 0.414 0.402 0.384 0.342 0.259 0.232 0.284 0.299 0.294 0.299 0.267 0.262 0.289 0.312 0.302 0.299 0.307 0.309 0.307 0.307 0.294 0.272 0.249 0.262 0.237 0.229 0.207 0.244 0.234 0.262 0.269 0.264 0.239 0.257 0.264 0.282 0.284 0.279 0.267 0.262 0.269 0.284 0.279 0.277 0.244 0.252 0.272 0.242
0.637 0.619 0.614 0.572 0.549 0.532 0.552 0.577 0.567 0.582 0.549 0.544 0.527 0.529 0.542 0.552 0.567 0.532 0.519 0.544 0.492 0.492 0.499 0.487 0.479 0.449 0.427 0.412 0.412 0.414 0.374 0.377 0.329 0.259 0.244 0.282 0.297 0.307 0.284 0.259 0.249 0.244 0.274 0.279 0.257 0.279 0.284 0.282 0.304 0.297 0.287 0.284 0.297 0.302 0.264 0.232 0.227 0.262 0.277 0.257 0.269 0.267 0.252 0.264 0.277 0.264 0.279 0.237 0.252 0.284 0.274 0.257 0.269 0.264 0.284 0.272 0.247
0.619 0.582 0.584 0.549 0.504 0.517 0.504 0.517 0.519 0.542 0.517 0.537 0.507 0.512 0.514 0.529 0.524 0.512 0.514 0.509 0.532 0.497 0.494 0.512 0.487 0.442 0.417 0.407 0.39 0.369 0.358 0.35 0.311 0.259 0.207 0.223 0.251 0.277 0.241 0.227 0.242 0.219 0.207 0.264 0.254 0.262 0.302 0.294 0.247 0.212 0.239 0.302 0.292 0.307 0.282 0.249 0.239 0.269 0.277 0.257 0.259 0.264 0.262 0.254 0.277 0.269 0.274 0.269 0.247 0.247 0.272 0.257 0.299 0.287 0.294 0.282 0.242
0.587 0.602 0.562 0.544 0.487 0.484 0.489 0.507 0.507 0.469 0.517 0.524 0.492 0.482 0.487 0.487 0.494 0.524 0.527 0.519 0.507 0.467 0.477 0.482 0.472 0.427 0.414 0.387 0.349 0.336 0.336 0.291 0.261 0.239 0.184 0.182 0.252 0.243 0.223 0.211 0.187 0.199 0.224 0.249 0.249 0.244 0.287 0.294 0.232 0.207 0.267 0.297 0.267 0.279 0.279 0.267 0.262 0.264 0.257 0.272 0.252 0.252 0.277 0.249 0.249 0.257 0.252 0.244 0.242 0.224 0.267 0.284 0.302 0.297 0.277 0.297 0.252
0.587 0.557 0.547 0.529 0.504 0.477 0.517 0.517 0.492 0.482 0.494 0.494 0.494 0.457 0.449 0.467 0.449 0.494 0.487 0.469 0.467 0.454 0.442 0.417 0.432 0.399 0.416 0.373 0.33 0.305 0.289 0.257 0.265 0.235 0.153 0.123 0.215 0.207 0.194 0.19 0.178 0.204 0.227 0.249 0.232 0.264 0.267 0.307 0.292 0.279 0.297 0.299 0.257 0.257 0.252 0.279 0.257 0.244 0.239 0.239 0.254 0.267 0.262 0.249 0.259 0.224 0.242 0.242 0.227 0.242 0.239 0.239 0.274 0.269 0.254 0.269 0.227
0.569 0.544 0.532 0.524 0.479 0.489 0.502 0.504 0.482 0.452 0.464 0.487 0.482 0.454 0.442 0.429 0.434 0.429 0.409 0.392 0.402 0.362 0.367 0.365 0.369 0.354 0.351 0.334 0.318 0.275 0.25 0.241 0.226 0.205 0.151 0.09 0.175 0.178 0.162 0.16 0.133 0.156 0.178 0.225 0.232 0.249 0.242 0.269 0.307 0.302 0.297 0.277 0.262 0.257 0.262 0.257 0.252 0.229 0.239 0.242 0.244 0.257 0.269 0.229 0.237 0.227 0.232 0.254 0.242 0.259 0.237 0.267 0.277 0.257 0.239 0.249 0.227
0.542 0.522 0.514 0.502 0.499 0.492 0.499 0.487 0.449 0.444 0.454 0.464 0.464 0.464 0.444 0.424 0.407 0.382 0.389 0.354 0.327 0.332 0.31 0.304 0.324 0.331 0.328 0.315 0.285 0.269 0.229 0.208 0.208 0.193 0.133 0.059 0.12 0.14 0.148 0.134 0.11 0.143 0.159 0.194 0.205 0.219 0.244 0.249 0.259 0.269 0.244 0.269 0.259 0.242 0.249 0.247 0.229 0.217 0.217 0.257 0.242 0.232 0.234 0.229 0.227 0.224 0.234 0.249 0.239 0.212 0.217 0.242 0.264 0.234 0.272 0.242 0.234
0.517 0.494 0.479 0.527 0.497 0.499 0.492 0.504 0.472 0.432 0.457 0.462 0.439 0.444 0.429 0.362 0.394 0.357 0.339 0.332 0.287 0.28 0.242 0.261 0.267 0.274 0.269 0.269 0.281 0.258 0.222 0.183 0.154 0.165 0.119 0.044 0.039 0.093 0.102 0.11 0.105 0.125 0.166 0.186 0.192 0.222 0.234 0.244 0.249 0.254 0.257 0.252 0.252 0.224 0.242 0.239 0.227 0.247 0.227 0.234 0.237 0.227 0.224 0.232 0.212 0.229 0.229 0.237 0.207 0.212 0.224 0.234 0.222 0.214 0.212 0.194 0.212
0.484 0.499 0.519 0.499 0.497 0.472 0.492 0.504 0.477 0.444 0.437 0.444 0.437 0.392 0.377 0.367 0.344 0.339 0.317 0.297 0.255 0.227 0.219 0.217 0.219 0.224 0.22 0.229 0.221 0.231 0.199 0.179 0.159 0.148 0.149 0.078 0.014 0.04 0.05 0.074 0.076 0.128 0.167 0.194 0.186 0.193 0.229 0.232 0.232 0.232 0.244 0.227 0.234 0.224 0.217 0.242 0.234 0.242 0.227 0.227 0.232 0.212 0.224 0.222 0.207 0.234 0.217 0.207 0.204 0.209 0.207 0.217 0.219 0.179 0.137 0.089 0.122
0.499 0.472 0.492 0.492 0.482 0.484 0.459 0.477 0.439 0.432 0.404 0.414 0.394 0.367 0.329 0.329 0.299 0.297 0.259 0.249 0.231 0.199 0.175 0.175 0.167 0.172 0.199 0.201 0.179 0.2 0.191 0.167 0.141 0.141 0.162 0.114 0.023 -0.042 -0.039 0.015 0.031 0.081 0.108 0.121 0.156 0.161 0.186 0.207 0.204 0.197 0.197 0.219 0.197 0.214 0.219 0.227 0.202 0.217 0.222 0.229 0.232 0.204 0.189 0.209 0.192 0.197 0.199 0.204 0.204 0.212 0.199 0.202 0.217 0.202 0.174 0.047 0.074
0.517 0.459 0.474 0.489 0.487 0.502 0.462 0.444 0.434 0.412 0.384 0.349 0.339 0.289 0.302 0.269 0.257 0.254 0.227 0.216 0.192 0.17 0.143 0.117 0.116 0.133 0.176 0.157 0.155 0.174 0.166 0.148 0.123 0.108 0.093 0.057 0.025 -0.113 -0.135 -0.091 -0.088 -0.069 -0.037 -0.047 -0.008 0.032 0.107 0.149 0.159 0.147 0.167 0.199 0.199 0.204 0.189 0.212 0.192 0.222 0.189 0.207 0.199 0.182 0.199 0.177 0.194 0.212 0.179 0.184 0.184 0.222 0.229 0.219 0.247 0.219 0.197 0.132 0.099
0.502 0.474 0.449 0.464 0.472 0.467 0.439 0.452 0.392 0.357 0.354 0.319 0.297 0.287 0.262 0.224 0.214 0.199 0.2 0.172 0.184 0.153 0.118 0.095 0.056 0.07 0.097 0.109 0.109 0.125 0.132 0.106 0.113 0.085 0.056 -0.013 -0.073 -0.158 -0.237 -0.213 -0.156 -0.167 -0.147 -0.146 -0.151 -0.11 -0.02 0.075 0.104 0.109 0.132 0.137 0.189 0.192 0.179 0.194 0.177 0.192 0.177 0.179 0.189 0.187 0.172 0.167 0.197 0.184 0.174 0.187 0.194 0.177 0.202 0.224 0.224 0.217 0.202 0.219 0.209
0.474 0.464 0.457 0.439 0.459 0.459 0.419 0.409 0.387 0.342 0.312 0.297 0.264 0.274 0.234 0.197 0.179 0.159 0.17 0.151 0.153 0.129 0.071 0.069 0.032 0.014 0.019 0.034 0.047 0.067 0.073 0.076 0.087 0.047 0.004 -0.118 -0.202 -0.207 -0.219 -0.161 -0.099 -0.125 -0.117 -0.133 -0.198 -0.195 -0.178 -0.086 -0.003 0.079 0.094 0.107 0.167 0.164 0.182 0.187 0.197 0.169 0.159 0.167 0.149 0.167 0.152 0.152 0.172 0.182 0.159 0.174 0.169 0.164 0.187 0.194 0.179 0.194 0.197 0.214 0.224
0.469 0.484 0.427 0.434 0.437 0.419 0.379 0.352 0.339 0.307 0.284 0.252 0.247 0.247 0.212 0.159 0.132 0.126 0.108 0.101 0.116 0.106 0.04 0.027 -0.003 -0.026 -0.081 -0.058 0.005 -0.003 0.026 0.023 0.019 -0.068 -0.193 -0.237 -0.252 -0.201 -0.135 -0.061 -0.001 -0.063 -0.137 -0.17 -0.138 -0.174 -0.242 -0.203 -0.133 -0.051 0.032 0.082 0.137 0.127 0.139 0.154 0.164 0.159 0.139 0.147 0.152 0.129 0.142 0.154 0.142 0.142 0.137 0.154 0.182 0.154 0.144 0.154 0.177 0.182 0.207 0.227 0.224
0.479 0.452 0.422 0.424 0.397 0.404 0.357 0.339 0.299 0.297 0.244 0.232 0.184 0.159 0.139 0.102 0.102 0.109 0.048 0.044 0.095 0.068 0.042 0.008 -0.049 -0.07 -0.133 -0.13 -0.052 -0.079 -0.056 -0.059 -0.076 -0.118 -0.228 -0.254 -0.237 -0.153 -0.09 -0.035 0.018 -0.037 -0.144 -0.163 -0.123 -0.138 -0.192 -0.218 -0.206 -0.198 -0.106 -0.018 0.054 0.077 0.104 0.124 0.124 0.119 0.122 0.132 0.132 0.127 0.112 0.129 0.142 0.129 0.122 0.139 0.162 0.154 0.144 0.137 0.142 0.142 0.152 0.207 0.229
0.429 0.434 0.414 0.377 0.372 0.382 0.332 0.314 0.289 0.284 0.237 0.197 0.154 0.109 0.064 0.057 0.042 0.035 -0.014 0.005 0.041 0.036 0.006 -0.02 -0.094 -0.104 -0.171 -0.183 -0.12 -0.124 -0.155 -0.187 -0.225 -0.186 -0.242 -0.278 -0.233 -0.161 -0.096 -0.064 -0.035 -0.054 -0.078 -0.094 -0.135 -0.146 -0.153 -0.196 -0.208 -0.243 -0.266 -0.216 -0.103 -0.016 0.022 0.072 0.089 0.094 0.089 0.092 0.112 0.109 0.109 0.119 0.127 0.107 0.117 0.107 0.107 0.122 0.139 0.159 0.127 0.167 0.152 0.167 0.157
0.449 0.394 0.377 0.337 0.339 0.354 0.334 0.287 0.272 0.254 0.214 0.159 0.144 0.094 0.032 0.004 -0.028 -0.032 -0.061 -0.054 -0.035 -0.033 -0.054 -0.079 -0.126 -0.172 -0.207 -0.237 -0.181 -0.23 -0.231 -0.261 -0.238 -0.221 -0.246 -0.271 -0.265 -0.197 -0.18 -0.146 -0.123 -0.127 -0.115 -0.141 -0.16 -0.162 -0.176 -0.179 -0.188 -0.208 -0.266 -0.318 -0.283 -0.193 -0.108 -0.036 0.012 0.037 0.044 0.067 0.097 0.102 0.104 0.092 0.097 0.089 0.089 0.087 0.084 0.112 0.082 0.079 0.094 0.114 0.109 0.109 0.129
0.447 0.402 0.372 0.334 0.312 0.319 0.302 0.269 0.247 0.227 0.184 0.152 0.109 0.102 0.039 0.012 -0.018 -0.085 -0.119 -0.135 -0.142 -0.116 -0.161 -0.171 -0.188 -0.253 -0.276 -0.29 -0.257 -0.236 -0.234 -0.199 -0.248 -9999 -0.271 -0.261 -0.235 -0.23 -0.224 -0.185 -0.199 -0.218 -0.206 -0.241 -0.232 -0.209 -0.215 -0.197 -0.168 -0.193 -0.218 -0.273 -0.298 -0.293 -0.288 -0.223 -0.113 -0.021 0.022 0.044 0.052 0.049 0.064 0.047 0.049 0.057 0.044 0.029 0.047 0.054 0.034 0.044 0.042 0.069 0.059 0.062 0.029
0.424 0.359 0.339 0.294 0.292 0.277 0.282 0.244 0.234 0.227 0.184 0.124 0.087 0.067 0.022 0.009 -0.031 -0.052 -0.096 -0.1 -0.149 -0.161 -0.169 -0.202 -0.205 -0.242 -0.254 -0.234 -0.204 -0.174 -0.276 -0.268 -0.279 -9999 -0.285 -0.275 -0.252 -0.242 -0.169 -0.164 -0.187 -0.208 -0.206 -0.24 -0.235 -0.221 -0.236 -0.228 -0.173 -0.193 -0.193 -0.231 -0.273 -0.296 -0.306 -0.301 -0.271 -0.163 -0.066 -0.021 0.004 0.012 0.022 0.017 0.022 0.032 0.007 0.012 0.012 0.032 0.019 0.029 0.037 0.062 0.052 0.039 0.027
0.389 0.357 0.297 0.249 0.254 0.244 0.269 0.227 0.224 0.202 0.142 0.097 0.067 0.034 -0.006 0.012 0.007 -0.018 -0.027 -0.035 -0.095 -0.095 -0.114 -0.127 -0.139 -0.147 -0.169 -0.142 -0.148 -0.143 -0.325 -0.334 -0.307 -0.291 -0.26 -0.272 -0.251 -0.236 -0.162 -0.128 -0.134 -0.158 -0.17 -0.178 -0.185 -0.188 -0.182 -0.221 -0.226 -0.233 -0.226 -0.231 -0.261 -0.288 -0.281 -0.268 -0.318 -0.343 -0.211 -0.121 -0.043 -0.023 -0.008 -0.008 -0.011 -0.011 -0.006 -0.003 -0.003 -0.011 -0.008 0.024 0.014 0.009 0.024 0.019 -0.003
0.394 0.329 0.259 0.217 0.229 0.212 0.237 0.197 0.197 0.152 0.142 0.099 0.074 0.044 0.039 0.044 0.019 0.017 0.017 -0.032 -0.038 -0.056 -0.081 -0.118 -0.109 -0.105 -0.135 -0.116 -0.137 -0.152 -0.258 -0.32 -0.306 -0.274 -0.255 -0.254 -0.226 -0.223 -0.173 -0.114 -0.107 -0.124 -0.135 -0.122 -0.125 -0.125 -0.133 -0.133 -0.136 -0.166 -0.193 -0.216 -0.256 -0.266 -0.273 -0.283 -0.283 -0.308 -0.366 -0.276 -0.171 -0.103 -0.048 -0.021 -0.031 -0.051 -0.036 -0.043 -0.026 -0.058 -0.031 -0.028 -0.041 -0.036 -0.026 -0.033 -0.061
0.302 0.257 0.234 0.189 0.169 0.159 0.174 0.154 0.127 0.119 0.099 0.084 0.089 0.072 0.069 0.059 0.059 0.046 0.031 0.014 -0.001 -0.032 -0.046 -0.086 -0.092 -0.087 -0.103 -0.096 -0.136 -0.202 -0.219 -0.193 -0.271 -0.252 -0.229 -0.175 -0.209 -0.215 -0.147 -0.102 -0.117 -0.106 -0.091 -0.092 -0.082 -0.075 -0.065 -0.071 -0.081 -0.076 -0.118 -0.148 -0.211 -0.218 -0.233 -0.281 -0.301 -0.341 -0.331 -0.343 -0.338 -0.296 -0.128 -0.086 -0.061 -0.071 -0.078 -0.073 -0.076 -0.103 -0.101 -0.096 -0.078 -0.103 -0.121 -0.123 -0.133
0.277 0.242 0.214 0.184 0.132 0.109 0.089 0.109 0.112 0.102 0.094 0.102 0.084 0.084 0.089 0.082 0.077 0.05 0.055 0.038 0.009 0.004 -0.027 -0.058 -0.102 -0.1 -0.112 -0.106 -0.138 -0.208 -0.231 -0.245 -0.24 -0.242 -0.194 -0.139 -0.151 -0.157 -0.141 -0.084 -0.073 -0.055 -0.066 -0.077 -0.049 -0.049 -0.034 -0.041 -0.023 -0.043 -0.068 -0.116 -0.163 -0.176 -0.183 -0.228 -0.271 -0.291 -0.281 -0.361 -0.386 -0.373 -0.348 -0.261 -0.156 -0.126 -0.128 -0.121 -0.138 -0.131 -0.123 -0.173 -0.163 -0.163 -0.206 -0.231 -0.226
0.252 0.199 0.174 0.132 0.079 0.054 0.062 0.082 0.067 0.072 0.089 0.077 0.087 0.074 0.077 0.074 0.072 0.07 0.063 0.024 0.019 0.012 -0.006 -0.031 -0.098 -0.124 -0.115 -0.129 -0.175 -0.195 -0.243 -0.267 -0.214 -0.156 -0.108 -0.075 -0.074 -0.091 -0.089 -0.042 -0.035 -0.036 -0.039 -0.046 -0.014 -0.039 0.003 -0.007 -0.011 -0.046 -0.048 -0.076 -0.096 -0.113 -0.148 -0.176 -0.238 -0.278 -0.273 -0.308 -0.321 -0.356 -0.361 -0.373 -0.361 -0.343 -0.286 -0.231 -0.228 -0.213 -0.206 -0.231 -0.218 -0.273 -0.321 -0.323 -0.306
