All_lidar/sz6385_DSM_2M.asc
ncols 500
nrows 500
xllcorner    463000
yllcorner    85000
cellsize     2
NODATA_value -9999
[rows 416 to 447 of 500, columns 360 to 431 of 500]
-1.203 -1.348 -1.449 -1.395 -1.234 -1.085 -0.882 -1.008 -1.101 -1.117 -1.058 -0.953 -0.841 -0.877 -0.929 -1.002 -1.015 -1.069 -1.104 -1.194 -1.273 -1.32 -1.283 -1.489 -1.558 -1.507 -1.385 -1.237 -1.273 -1.426 -1.501 -1.531 -1.447 -1.277 -1.137 -1.043 -1.014 -1.006 -0.976 -0.897 -0.804 -0.713 -0.559 -0.57 -0.762 -1.012 -1.24 -1.48 -1.692 -1.694 -1.471 -1.273 -1.055 -1.152 -1.337 -1.28 -1.267 -1.123 -1.285 -1.34 -1.308 -1.124 -0.927 -1.064 -1.286 -1.51 -1.724 -1.717 -1.462 -1.667 -1.662 -1.637
-1.251 -1.425 -1.679 -1.456 -1.364 -1.206 -1.062 -1.213 -1.307 -1.315 -1.254 -1.139 -1.091 -1.1 -1.13 -1.255 -1.32 -1.343 -1.245 -1.401 -1.51 -1.522 -1.454 -1.241 -1.272 -1.275 -1.192 -1.119 -1.135 -1.239 -1.284 -1.29 -1.254 -1.098 -0.959 -1.138 -1.212 -1.185 -1.131 -1.105 -1.021 -0.876 -0.667 -0.564 -0.765 -0.981 -1.233 -1.398 -1.482 -1.501 -1.392 -1.262 -1.054 -0.978 -1.057 -1.026 -1.013 -1.255 -1.438 -1.561 -1.466 -1.244 -1.122 -1.045 -1.237 -1.479 -1.772 -1.747 -1.517 -1.486 -1.662 -1.634
-1.27 -1.454 -1.674 -1.679 -1.449 -1.249 -1.17 -1.38 -1.475 -1.49 -1.434 -1.31 -1.314 -1.294 -1.2 -1.398 -1.519 -1.535 -1.414 -1.468 -1.739 -1.744 -1.527 -1.269 -1.046 -1.021 -1.054 -0.94 -0.927 -1.005 -1.066 -1.075 -1.025 -0.889 -1.007 -1.224 -1.406 -1.429 -1.425 -1.267 -1.09 -0.958 -0.788 -0.546 -0.7 -0.891 -1.063 -1.222 -1.321 -1.34 -1.249 -1.11 -0.945 -0.8 -0.814 -0.817 -1.023 -1.306 -1.532 -1.762 -1.519 -1.421 -1.205 -1.027 -1.147 -1.422 -1.531 -1.511 -1.709 -1.515 -1.722 -1.694
-1.287 -1.515 -1.749 -1.732 -1.487 -1.259 -1.26 -1.459 -1.637 -1.647 -1.42 -1.438 -1.459 -1.441 -1.356 -1.477 -1.717 -1.737 -1.512 -1.472 -1.689 -1.679 -1.482 -1.288 -1.055 -0.872 -0.817 -0.73 -0.693 -0.796 -0.843 -0.827 -0.784 -0.808 -1.051 -1.203 -1.422 -1.652 -1.619 -1.425 -1.181 -1.059 -0.781 -0.572 -0.573 -0.709 -0.866 -1.024 -1.099 -1.111 -0.995 -0.902 -0.814 -0.847 -0.867 -0.831 -1.003 -1.278 -1.509 -1.722 -1.742 -1.508 -1.248 -1.167 -1.345 -1.508 -1.548 -1.742 -1.709 -1.734 -1.549 -1.546
-1.24 -1.43 -1.534 -1.479 -1.391 -1.225 -1.22 -1.378 -1.42 -1.4 -1.394 -1.604 -1.639 -1.642 -1.47 -1.42 -1.622 -1.677 -1.467 -1.464 -1.694 -1.468 -1.348 -1.254 -1.065 -1.072 -0.903 -0.793 -0.811 -0.807 -0.813 -0.739 -0.592 -0.754 -1.011 -1.143 -1.434 -1.654 -1.458 -1.323 -1.124 -0.965 -0.756 -0.575 -0.444 -0.575 -0.651 -0.763 -0.838 -0.841 -0.826 -0.919 -1.006 -1.05 -1.117 -1.05 -1.033 -1.2 -1.396 -1.465 -1.419 -1.347 -1.182 -1.355 -1.444 -1.747 -1.772 -1.534 -1.757 -1.563 -1.479 -1.336
-1.283 -1.238 -1.298 -1.279 -1.228 -1.21 -1.245 -1.409 -1.409 -1.401 -1.402 -1.624 -1.657 -1.697 -1.482 -1.365 -1.45 -1.461 -1.379 -1.381 -1.465 -1.348 -1.187 -1.223 -1.224 -1.158 -1.059 -0.97 -1.01 -1.039 -1.031 -0.932 -0.744 -0.847 -1.05 -1.156 -1.386 -1.517 -1.428 -1.169 -1.004 -0.815 -0.66 -0.562 -0.484 -0.412 -0.473 -0.582 -0.601 -0.742 -0.924 -1.072 -1.174 -1.224 -1.213 -1.17 -1.021 -1.034 -1.161 -1.218 -1.195 -1.15 -1.199 -1.437 -1.677 -1.752 -1.772 -1.769 -1.56 -1.744 -1.526 -1.352
-1.487 -1.401 -1.488 -1.405 -1.514 -1.456 -1.321 -1.496 -1.679 -1.677 -1.657 -1.639 -1.637 -1.699 -1.667 -1.448 -1.381 -1.247 -1.244 -1.442 -1.612 -1.427 -1.38 -1.41 -1.49 -1.358 -1.141 -1.176 -1.236 -1.27 -1.263 -1.152 -0.949 -0.992 -1.199 -1.424 -1.488 -1.734 -1.479 -1.387 -1.216 -1.013 -0.75 -0.753 -0.686 -0.601 -0.439 -0.36 -0.596 -0.797 -0.949 -1.142 -1.323 -1.439 -1.394 -1.339 -1.144 -0.959 -0.982 -1.029 -1.018 -1.027 -1.243 -1.436 -1.707 -1.679 -1.677 -1.497 -1.684 -1.674 -1.485 -1.364
-1.682 -1.508 -1.694 -1.521 -1.782 -1.529 -1.278 -1.43 -1.679 -1.694 -1.699 -1.689 -1.667 -1.669 -1.667 -1.677 -1.437 -1.185 -1.168 -1.391 -1.664 -1.667 -1.447 -1.474 -1.687 -1.446 -1.367 -1.381 -1.464 -1.47 -1.415 -1.231 -1.066 -1.096 -1.294 -1.534 -1.727 -1.702 -1.679 -1.512 -1.308 -1.038 -0.987 -0.986 -0.944 -0.78 -0.569 -0.548 -0.564 -0.8 -0.962 -1.128 -1.378 -1.622 -1.657 -1.473 -1.207 -0.98 -1.007 -0.993 -0.945 -1.06 -1.273 -1.513 -1.707 -1.674 -1.694 -1.497 -1.481 -1.694 -1.521 -1.337
-1.669 -1.435 -1.657 -1.692 -1.702 -1.487 -1.24 -1.347 -1.499 -1.699 -1.752 -1.722 -1.712 -1.669 -1.672 -1.637 -1.412 -1.223 -1.189 -1.359 -1.413 -1.398 -1.304 -1.407 -1.659 -1.687 -1.446 -1.481 -1.682 -1.667 -1.449 -1.23 -1.078 -1.029 -1.231 -1.427 -1.522 -1.769 -1.722 -1.536 -1.308 -1.28 -1.258 -1.168 -1.051 -0.876 -0.676 -0.714 -0.803 -0.769 -0.941 -1.152 -1.389 -1.607 -1.609 -1.412 -1.191 -1.267 -1.248 -1.227 -1.122 -1.005 -1.205 -1.391 -1.472 -1.467 -1.508 -1.357 -1.369 -1.529 -1.439 -1.266
-1.647 -1.406 -1.592 -1.584 -1.405 -1.339 -1.151 -1.439 -1.677 -1.692 -1.629 -1.692 -1.679 -1.657 -1.644 -1.697 -1.461 -1.205 -1.172 -1.301 -1.429 -1.317 -1.37 -1.589 -1.612 -1.652 -1.637 -1.664 -1.692 -1.704 -1.412 -1.252 -1.028 -0.95 -1.109 -1.259 -1.467 -1.548 -1.504 -1.4 -1.453 -1.528 -1.527 -1.391 -1.221 -0.993 -0.868 -0.937 -1.011 -1.01 -1.002 -1.19 -1.423 -1.652 -1.669 -1.438 -1.329 -1.421 -1.419 -1.376 -1.234 -1.061 -1.057 -1.223 -1.283 -1.251 -1.246 -1.194 -1.206 -1.324 -1.311 -1.235
-1.464 -1.329 -1.379 -1.332 -1.283 -1.09 -1.148 -1.425 -1.652 -1.682 -1.669 -1.627 -1.654 -1.692 -1.697 -1.479 -1.478 -1.418 -1.376 -1.386 -1.624 -1.389 -1.424 -1.612 -1.542 -1.572 -1.592 -1.385 -1.632 -1.664 -1.472 -1.26 -1.041 -0.905 -1.109 -1.302 -1.482 -1.539 -1.438 -1.314 -1.555 -1.792 -1.714 -1.489 -1.299 -1.037 -1.076 -1.169 -1.235 -1.261 -1.348 -1.167 -1.353 -1.466 -1.481 -1.326 -1.461 -1.659 -1.654 -1.454 -1.418 -1.187 -1.022 -0.944 -1.034 -0.999 -0.999 -0.97 -1.006 -1.101 -1.108 -1.18
-1.231 -1.224 -1.203 -1.161 -1.116 -1.001 -1.161 -1.321 -1.426 -1.667 -1.674 -1.402 -1.619 -1.682 -1.757 -1.709 -1.687 -1.674 -1.657 -1.752 -1.724 -1.707 -1.667 -1.682 -1.629 -1.639 -1.637 -1.624 -1.433 -1.473 -1.406 -1.222 -1.008 -1.007 -1.264 -1.497 -1.551 -1.774 -1.559 -1.569 -1.521 -1.732 -1.787 -1.53 -1.311 -1.09 -1.223 -1.381 -1.478 -1.506 -1.535 -1.416 -1.207 -1.279 -1.294 -1.281 -1.446 -1.629 -1.684 -1.724 -1.419 -1.36 -1.159 -0.924 -0.778 -0.756 -0.793 -0.795 -0.881 -1.024 -1.118 -1.264
-1.464 -1.472 -1.491 -1.382 -1.122 -1 -1.08 -1.162 -1.324 -1.414 -1.427 -1.434 -1.657 -1.642 -1.669 -1.707 -1.699 -1.679 -1.694 -1.744 -1.732 -1.749 -1.729 -1.754 -1.719 -1.744 -1.49 -1.404 -1.322 -1.223 -1.225 -1.241 -1.22 -1.096 -1.287 -1.525 -1.744 -1.777 -1.784 -1.724 -1.537 -1.519 -1.561 -1.429 -1.223 -1.266 -1.461 -1.508 -1.732 -1.739 -1.759 -1.542 -1.432 -1.199 -1.012 -1.236 -1.424 -1.489 -1.664 -1.679 -1.674 -1.449 -1.257 -1.038 -1.073 -1.007 -1.027 -1.018 -1.012 -1.196 -1.279 -1.451
-1.679 -1.692 -1.794 -1.512 -1.245 -1.083 -1.042 -1.218 -1.43 -1.473 -1.467 -1.644 -1.664 -1.622 -1.667 -1.672 -1.694 -1.727 -1.536 -1.737 -1.722 -1.757 -1.737 -1.749 -1.502 -1.492 -1.363 -1.226 -1.17 -1.321 -1.45 -1.484 -1.377 -1.209 -1.24 -1.446 -1.669 -1.714 -1.727 -1.709 -1.807 -1.532 -1.456 -1.246 -1.116 -1.325 -1.57 -1.812 -1.744 -1.694 -1.729 -1.712 -1.481 -1.239 -1.028 -1.105 -1.212 -1.37 -1.453 -1.664 -1.647 -1.387 -1.255 -1.231 -1.241 -1.194 -1.218 -1.174 -1.2 -1.271 -1.449 -1.534
-1.757 -1.747 -1.759 -1.513 -1.293 -1.161 -1.116 -1.306 -1.495 -1.722 -1.714 -1.694 -1.657 -1.654 -1.654 -1.684 -1.772 -1.809 -1.742 -1.717 -1.717 -1.52 -1.501 -1.517 -1.712 -1.654 -1.447 -1.406 -1.401 -1.427 -1.684 -1.699 -1.517 -1.242 -1.184 -1.38 -1.582 -1.634 -1.634 -1.669 -1.717 -1.739 -1.525 -1.416 -1.239 -1.324 -1.538 -1.747 -1.724 -1.662 -1.632 -1.659 -1.515 -1.237 -1.009 -0.92 -1.062 -1.195 -1.358 -1.452 -1.396 -1.312 -1.459 -1.431 -1.446 -1.323 -1.431 -1.452 -1.492 -1.449 -1.679 -1.682
-1.729 -1.729 -1.471 -1.513 -1.451 -1.293 -1.065 -1.268 -1.511 -1.727 -1.712 -1.732 -1.724 -1.49 -1.492 -1.539 -1.714 -1.692 -1.707 -1.714 -1.737 -1.482 -1.732 -1.749 -1.712 -1.737 -1.752 -1.559 -1.529 -1.762 -1.727 -1.749 -1.49 -1.234 -1.143 -1.269 -1.334 -1.589 -1.404 -1.672 -1.714 -1.729 -1.722 -1.502 -1.439 -1.281 -1.397 -1.485 -1.451 -1.466 -1.684 -1.704 -1.492 -1.264 -1.048 -1.1 -0.984 -1.074 -1.169 -1.168 -1.304 -1.396 -1.644 -1.652 -1.672 -1.426 -1.669 -1.669 -1.684 -1.455 -1.649 -1.644
-1.677 -1.684 -1.757 -1.777 -1.53 -1.314 -1.133 -1.247 -1.403 -1.468 -1.447 -1.458 -1.493 -1.384 -1.21 -1.463 -1.712 -1.742 -1.489 -1.495 -1.514 -1.737 -1.737 -1.727 -1.714 -1.759 -1.526 -1.464 -1.461 -1.513 -1.526 -1.488 -1.4 -1.118 -0.963 -1.129 -1.273 -1.411 -1.624 -1.419 -1.719 -1.717 -1.729 -1.774 -1.585 -1.372 -1.27 -1.283 -1.374 -1.482 -1.724 -1.717 -1.502 -1.286 -1.298 -1.276 -1.131 -0.98 -0.952 -1.168 -1.411 -1.607 -1.577 -1.582 -1.617 -1.647 -1.719 -1.647 -1.687 -1.682 -1.654 -1.632
-1.46 -1.427 -1.449 -1.644 -1.45 -1.246 -1.107 -1.11 -1.212 -1.303 -1.456 -1.669 -1.724 -1.47 -1.262 -1.394 -1.463 -1.466 -1.332 -1.445 -1.682 -1.699 -1.677 -1.722 -1.497 -1.585 -1.453 -1.268 -1.406 -1.443 -1.512 -1.42 -1.183 -1.086 -1.151 -1.193 -1.374 -1.604 -1.597 -1.622 -1.49 -1.694 -1.709 -1.541 -1.551 -1.428 -1.255 -1.281 -1.46 -1.694 -1.794 -1.742 -1.467 -1.473 -1.51 -1.411 -1.237 -1.2 -1.243 -1.164 -1.3 -1.406 -1.619 -1.579 -1.627 -1.642 -1.478 -1.417 -1.449 -1.617 -1.423 -1.382
-1.272 -1.273 -1.374 -1.447 -1.37 -1.199 -1.019 -1.07 -1.218 -1.282 -1.46 -1.687 -1.689 -1.442 -1.241 -1.297 -1.342 -1.432 -1.373 -1.313 -1.432 -1.471 -1.456 -1.459 -1.411 -1.349 -1.229 -1.283 -1.493 -1.674 -1.702 -1.477 -1.208 -1.307 -1.385 -1.328 -1.388 -1.572 -1.602 -1.617 -1.424 -1.422 -1.458 -1.479 -1.699 -1.419 -1.244 -1.301 -1.444 -1.639 -1.717 -1.709 -1.469 -1.719 -1.687 -1.479 -1.287 -1.434 -1.494 -1.451 -1.497 -1.692 -1.632 -1.597 -1.599 -1.622 -1.433 -1.343 -1.443 -1.423 -1.314 -1.292
-1.396 -1.236 -1.231 -1.226 -1.218 -1.215 -1.262 -1.176 -1.372 -1.439 -1.339 -1.434 -1.444 -1.392 -1.486 -1.474 -1.455 -1.704 -1.667 -1.432 -1.317 -1.451 -1.373 -1.235 -1.204 -1.062 -1.002 -1.218 -1.448 -1.627 -1.689 -1.465 -1.453 -1.42 -1.647 -1.407 -1.372 -1.366 -1.547 -1.619 -1.607 -1.383 -1.395 -1.674 -1.674 -1.443 -1.376 -1.247 -1.382 -1.44 -1.431 -1.443 -1.426 -1.662 -1.677 -1.499 -1.269 -1.512 -1.754 -1.714 -1.734 -1.702 -1.677 -1.622 -1.642 -1.592 -1.371 -1.413 -1.594 -1.599 -1.408 -1.413
-1.469 -1.391 -1.21 -1.051 -1.239 -1.396 -1.479 -1.405 -1.463 -1.649 -1.457 -1.334 -1.232 -1.439 -1.657 -1.674 -1.682 -1.692 -1.742 -1.494 -1.452 -1.697 -1.507 -1.423 -1.221 -1.053 -0.966 -1.203 -1.429 -1.632 -1.659 -1.634 -1.567 -1.391 -1.672 -1.627 -1.582 -1.557 -1.599 -1.659 -1.622 -1.524 -1.397 -1.652 -1.637 -1.667 -1.451 -1.238 -1.363 -1.499 -1.492 -1.462 -1.433 -1.679 -1.662 -1.368 -1.236 -1.425 -1.474 -1.712 -1.532 -1.519 -1.697 -1.649 -1.677 -1.604 -1.639 -1.627 -1.589 -1.624 -1.406 -1.38
-1.617 -1.429 -1.218 -1.223 -1.629 -1.455 -1.667 -1.477 -1.694 -1.659 -1.644 -1.406 -1.164 -1.304 -1.41 -1.455 -1.704 -1.659 -1.493 -1.551 -1.709 -1.679 -1.644 -1.459 -1.404 -1.218 -1.178 -1.216 -1.409 -1.654 -1.677 -1.662 -1.672 -1.664 -1.677 -1.669 -1.632 -1.634 -1.657 -1.702 -1.684 -1.607 -1.424 -1.617 -1.622 -1.679 -1.464 -1.216 -1.442 -1.707 -1.802 -1.717 -1.664 -1.679 -1.722 -1.43 -1.39 -1.17 -1.406 -1.51 -1.709 -1.475 -1.714 -1.689 -1.722 -1.664 -1.647 -1.627 -1.622 -1.412 -1.293 -1.383
-1.584 -1.415 -1.346 -1.442 -1.478 -1.647 -1.659 -1.497 -1.478 -1.453 -1.479 -1.391 -1.442 -1.429 -1.413 -1.328 -1.515 -1.447 -1.469 -1.772 -1.709 -1.654 -1.662 -1.682 -1.541 -1.418 -1.41 -1.464 -1.452 -1.669 -1.682 -1.672 -1.704 -1.464 -1.709 -1.709 -1.42 -1.433 -1.478 -1.729 -1.677 -1.433 -1.324 -1.414 -1.634 -1.446 -1.386 -1.398 -1.409 -1.707 -1.729 -1.759 -1.537 -1.717 -1.727 -1.699 -1.46 -1.235 -1.517 -1.729 -1.727 -1.739 -1.712 -1.493 -1.759 -1.509 -1.652 -1.654 -1.704 -1.428 -1.431 -1.677
-1.682 -1.477 -1.465 -1.644 -1.652 -1.692 -1.684 -1.488 -1.659 -1.677 -1.43 -1.453 -1.657 -1.694 -1.672 -1.432 -1.687 -1.689 -1.684 -1.739 -1.719 -1.679 -1.659 -1.642 -1.664 -1.422 -1.474 -1.669 -1.722 -1.514 -1.724 -1.734 -1.536 -1.443 -1.537 -1.456 -1.391 -1.279 -1.437 -1.508 -1.471 -1.307 -1.147 -1.338 -1.405 -1.346 -1.41 -1.617 -1.647 -1.694 -1.644 -1.507 -1.484 -1.553 -1.714 -1.503 -1.375 -1.201 -1.493 -1.752 -1.722 -1.747 -1.679 -1.472 -1.707 -1.779 -1.511 -1.477 -1.506 -1.346 -1.507 -1.689
-1.657 -1.704 -1.704 -1.647 -1.682 -1.712 -1.657 -1.669 -1.659 -1.699 -1.652 -1.454 -1.729 -1.712 -1.742 -1.483 -1.737 -1.734 -1.704 -1.702 -1.719 -1.684 -1.687 -1.674 -1.435 -1.338 -1.456 -1.732 -1.767 -1.522 -1.53 -1.498 -1.406 -1.23 -1.288 -1.261 -1.186 -1.081 -1.239 -1.305 -1.284 -1.176 -1.039 -1.143 -1.168 -1.152 -1.396 -1.617 -1.634 -1.453 -1.456 -1.392 -1.262 -1.449 -1.508 -1.471 -1.258 -1.165 -1.375 -1.496 -1.687 -1.724 -1.467 -1.517 -1.774 -1.802 -1.587 -1.469 -1.293 -1.362 -1.469 -1.498
-1.659 -1.637 -1.642 -1.659 -1.679 -1.709 -1.677 -1.647 -1.692 -1.732 -1.719 -1.727 -1.714 -1.458 -1.464 -1.558 -1.764 -1.777 -1.542 -1.565 -1.794 -1.784 -1.54 -1.501 -1.413 -1.244 -1.384 -1.51 -1.519 -1.41 -1.286 -1.264 -1.208 -1.092 -1.037 -1.071 -1.203 -1.271 -1.264 -1.214 -1.08 -1.024 -0.914 -0.964 -1 -1.092 -1.271 -1.433 -1.438 -1.642 -1.494 -1.403 -1.245 -1.256 -1.296 -1.327 -1.273 -1.283 -1.261 -1.371 -1.464 -1.463 -1.422 -1.469 -1.802 -1.792 -1.819 -1.543 -1.517 -1.535 -1.393 -1.382
-1.639 -1.679 -1.664 -1.654 -1.697 -1.659 -1.664 -1.657 -1.762 -1.762 -1.704 -1.689 -1.684 -1.51 -1.563 -1.562 -1.682 -1.707 -1.515 -1.425 -1.572 -1.572 -1.541 -1.424 -1.247 -1.079 -1.217 -1.457 -1.552 -1.541 -1.414 -1.286 -1.238 -1.085 -1.017 -1.205 -1.367 -1.466 -1.489 -1.376 -1.178 -1.047 -1.059 -1.059 -1.134 -1.282 -1.365 -1.587 -1.642 -1.639 -1.692 -1.457 -1.277 -1.068 -1.046 -1.236 -1.475 -1.556 -1.577 -1.517 -1.767 -1.573 -1.526 -1.513 -1.571 -1.822 -1.535 -1.732 -1.727 -1.739 -1.491 -1.514
-1.649 -1.659 -1.664 -1.662 -1.649 -1.662 -1.739 -1.652 -1.732 -1.774 -1.754 -1.523 -1.717 -1.779 -1.782 -1.528 -1.697 -1.679 -1.674 -1.471 -1.479 -1.732 -1.747 -1.474 -1.369 -1.273 -1.322 -1.54 -1.734 -1.712 -1.546 -1.535 -1.465 -1.22 -1.253 -1.291 -1.444 -1.694 -1.714 -1.503 -1.39 -1.184 -1.283 -1.285 -1.252 -1.495 -1.694 -1.632 -1.594 -1.597 -1.667 -1.456 -1.262 -1.335 -1.232 -1.261 -1.476 -1.739 -1.719 -1.518 -1.754 -1.749 -1.704 -1.792 -1.575 -1.561 -1.774 -1.744 -1.712 -1.784 -1.712 -1.719
-1.679 -1.684 -1.724 -1.722 -1.679 -1.684 -1.737 -1.657 -1.724 -1.767 -1.712 -1.667 -1.752 -1.809 -1.767 -1.729 -1.476 -1.669 -1.677 -1.637 -1.622 -1.647 -1.719 -1.692 -1.483 -1.437 -1.352 -1.48 -1.684 -1.644 -1.692 -1.759 -1.576 -1.414 -1.499 -1.46 -1.53 -1.739 -1.714 -1.699 -1.522 -1.424 -1.498 -1.511 -1.46 -1.56 -1.674 -1.677 -1.614 -1.637 -1.704 -1.486 -1.464 -1.487 -1.393 -1.389 -1.48 -1.709 -1.464 -1.702 -1.722 -1.684 -1.687 -1.734 -1.817 -1.562 -1.769 -1.809 -1.754 -1.832 -1.759 -1.724
-1.727 -1.702 -1.489 -1.492 -1.495 -1.732 -1.697 -1.431 -1.652 -1.674 -1.682 -1.687 -1.722 -1.724 -1.684 -1.669 -1.714 -1.709 -1.702 -1.634 -1.629 -1.647 -1.632 -1.452 -1.46 -1.629 -1.4 -1.662 -1.669 -1.682 -1.704 -1.777 -1.754 -1.469 -1.684 -1.533 -1.814 -1.724 -1.704 -1.742 -1.759 -1.493 -1.722 -1.747 -1.546 -1.434 -1.477 -1.477 -1.492 -1.654 -1.697 -1.634 -1.662 -1.694 -1.428 -1.457 -1.664 -1.483 -1.377 -1.478 -1.704 -1.684 -1.709 -1.523 -1.749 -1.506 -1.709 -1.779 -1.812 -1.827 -1.809 -1.777
-1.714 -1.697 -1.677 -1.479 -1.714 -1.747 -1.699 -1.47 -1.452 -1.687 -1.749 -1.699 -1.453 -1.652 -1.649 -1.624 -1.669 -1.682 -1.667 -1.629 -1.642 -1.444 -1.435 -1.662 -1.669 -1.609 -1.368 -1.669 -1.677 -1.482 -1.46 -1.679 -1.659 -1.689 -1.689 -1.727 -1.787 -1.533 -1.734 -1.782 -1.607 -1.596 -1.764 -1.729 -1.501 -1.26 -1.293 -1.414 -1.483 -1.425 -1.642 -1.632 -1.662 -1.674 -1.426 -1.509 -1.702 -1.722 -1.488 -1.4 -1.521 -1.505 -1.486 -1.413 -1.485 -1.437 -1.679 -1.742 -1.784 -1.532 -1.538 -1.769
-1.734 -1.739 -1.469 -1.449 -1.687 -1.752 -1.717 -1.702 -1.441 -1.459 -1.659 -1.637 -1.582 -1.617 -1.654 -1.617 -1.669 -1.687 -1.664 -1.712 -1.482 -1.387 -1.481 -1.669 -1.692 -1.717 -1.687 -1.444 -1.435 -1.346 -1.348 -1.466 -1.471 -1.519 -1.702 -1.669 -1.514 -1.499 -1.533 -1.549 -1.451 -1.551 -1.719 -1.707 -1.504 -1.535 -1.465 -1.534 -1.767 -1.674 -1.425 -1.682 -1.717 -1.704 -1.494 -1.454 -1.712 -1.727 -1.506 -1.523 -1.832 -1.829 -1.762 -1.47 -1.324 -1.428 -1.662 -1.699 -1.684 -1.687 -1.714 -1.483
