All_lidar/sz6387_DSM_2M.asc
ncols 500
nrows 500
xllcorner    463000
yllcorner    87000
cellsize     2
NODATA_value -9999
[rows 170 to 203 of 500, columns 76 to 151 of 500]
0.44 0.435 0.455 0.462 0.475 0.402 0.335 0.272 0.235 0.16 0.09 0.05 -0.009 0.001 -0.026 0.043 0.055 0.067 0.056 0.036 0.032 0.004 -0.041 -0.108 -0.108 -0.056 -0.073 -0.057 -0.084 -0.101 -0.127 -0.123 -0.062 -0.035 -0.027 -0.06 -0.017 -0.012 -0.051 -0.058 -0.115 -0.17 -0.228 -0.284 -0.195 -0.087 -0.205 -0.375 -0.383 -0.386 -0.322 -0.21 -0.151 -0.078 -0.111 -0.225 -0.112 0.066 -0.128 -0.201 -0.056 -0.068 -0.087 -0.188 0.037 -0.188 -0.055 0.162 0.217 0.242 0.097 0.085 0.02 -0.07 -0.152 -0.16
0.327 0.325 0.35 0.33 0.34 0.287 0.245 0.175 0.12 0.092 0.082 0.079 0.011 0.023 -0.055 -0.059 0.03 0.021 0.015 0.002 -0.045 -0.097 -0.109 -0.148 -0.174 -0.152 -0.148 -0.111 -0.185 -0.184 -0.183 -0.176 -0.133 -0.077 -0.079 -0.074 -0.094 -0.068 -0.084 -0.125 -0.1 -0.123 -0.204 -0.255 -0.251 -0.001 -0.157 -0.361 -0.418 -0.374 -0.298 -0.104 -0.12 -0.098 -0.068 -0.089 0.175 0.334 0.038 0.044 0.177 0.319 0.146 -0.203 -0.125 -0.22 -0.16 -0.053 0.075 -0.003 -0.05 -0.113 -0.098 -0.155 -0.195 -0.21
0.209 0.213 0.206 0.194 0.179 0.142 0.123 0.06 0.087 0.073 0.08 0.072 -0.004 -0.04 -0.035 -0.064 -0.055 -0.033 0.453 0.585 0.13 -0.151 -0.15 -0.1 -0.148 -0.235 -0.228 -0.212 -0.226 -0.209 -0.181 -0.232 -0.147 -0.151 -0.056 0.112 0.039 -0.06 -0.043 -0.038 -0.153 -0.193 -0.22 -0.246 -0.208 -0.168 -0.349 -0.304 -0.361 -0.317 -0.269 -0.13 -0.115 -0.088 -0.075 -0.087 0.273 0.396 0.26 0.402 0.405 0.167 -0.161 -0.203 -0.045 -0.198 -0.22 -0.158 -0.158 -0.155 -0.193 -0.245 -0.203 -0.193 -0.172 -0.135
0.054 0.061 0.057 0.053 0.041 0.04 0.026 0.02 0.036 0.013 -0.01 0.002 -0.004 0.006 -0.026 -0.046 -0.051 -0.082 0.336 1.334 0.885 0.051 -0.128 0.466 0.05 -0.23 -0.291 -0.308 -0.273 -0.248 -0.262 -0.228 -0.169 -0.164 -0.076 -0.006 0.043 -0.033 -0.012 0.062 -0.157 -0.166 -0.246 -0.235 -0.182 -0.183 -0.3 -0.266 -0.084 -0.136 -0.235 -0.188 -0.163 -0.155 -0.146 -0.153 0.144 0.128 0.048 0.013 0.035 -0.186 -0.233 -0.163 -0.048 -0.258 -0.2 -0.243 -0.195 -0.208 -0.205 -0.19 -0.13 -0.033 0.003 0.043
0.002 0.007 0.018 0.021 -0.034 -0.044 -0.038 -0.046 -0.025 0.005 0.083 0.196 0.052 0.031 -0.019 -0.091 -0.035 -0.012 0.703 1.62 0.989 -0.127 -0.199 0.273 0.114 -0.161 -0.271 -0.283 -0.217 -0.194 -0.296 -0.203 -0.122 -0.117 -0.069 0.015 0.052 -0.059 0.045 0.158 -0.068 -0.141 -0.215 -0.213 -0.173 -0.199 -0.211 -0.169 -0.055 -0.121 -0.252 -0.264 -0.264 -0.236 -0.207 -0.225 -0.159 -0.147 -0.15 -0.182 -0.219 -0.195 -0.135 -0.133 -0.033 -0.09 -0.168 -0.135 -0.065 -0.045 -0.008 0.07 0.147 0.097 0.09 0.075
-0.03 -0.05 -0.011 0.015 0.004 -0.056 -0.038 -0.045 -0.027 0.003 0.173 0.252 0.052 -0.022 -0.071 -0.086 -0.142 -0.01 1 1.319 0.901 -0.079 -0.221 -0.015 0.052 -0.082 -0.309 -0.26 -0.225 -0.206 -0.274 -0.207 -0.122 -0.084 -0.031 -0.007 0.165 0.145 0.003 -0.022 -0.007 -0.121 -0.216 -0.233 -0.212 -0.227 -0.189 -0.135 -0.135 -0.179 -0.267 -0.286 -0.257 -0.233 -0.204 -0.246 -0.227 -0.217 -0.19 -0.187 -0.115 -0.09 -0.081 -0.078 0.047 0.145 0.152 0.155 0.135 0.117 0.097 0.07 0.06 0.075 0.05 0.063
-0.082 -0.096 -0.017 0.267 0.511 0.225 0.063 -0.018 -0.058 0.025 0.134 0.268 0.029 -0.025 -0.01 -0.094 -0.061 0.284 0.815 1.125 0.692 -0.026 -0.257 0.07 -0.363 -0.368 -0.343 -0.282 -0.261 -0.237 -0.25 -0.194 -0.174 -0.135 -0.065 -0.045 0.044 0.081 0.008 -0.06 0.032 -0.13 -0.211 -0.225 -0.266 -0.302 -0.251 -0.244 -0.206 -0.206 -0.242 -0.275 -0.234 -0.201 -0.153 -0.144 -0.228 -0.2 -0.179 -0.173 -0.138 -0.025 0.025 0.07 0.065 0.237 0.092 0.092 0.117 0.13 0.125 0.122 0.102 0.1 0.098 0.06
-0.031 -0.105 -0.069 0.11 0.181 0.141 -0 0.025 0.099 0.06 0.078 0.177 0.059 0.1 0.044 -0.054 0.162 0.1 0.092 0.467 0.069 -0.254 -0.317 -0.362 -0.384 -0.403 -0.368 -0.305 -0.299 -0.248 -0.268 -0.219 -0.086 -0.168 -0.157 -0.097 0.032 -0.03 0.085 -0.03 -0.065 -0.129 -0.164 -0.251 -0.266 -0.315 -0.262 -0.24 -0.214 -0.188 -0.2 -0.221 -0.133 -0.148 -0.062 -0.064 -0.136 -0.148 -0.121 -0.133 -0.061 -0.026 0.064 0.165 0.127 0.335 0.1 0.085 0.125 0.127 0.125 0.115 0.15 0.12 0.103 0.07
-0.076 -0.066 -0.129 0.014 0.08 0.182 0.066 0.032 0.112 0.129 0.025 0.03 -0.027 0.034 0.031 0.107 0.135 -0.072 -0.148 -0.21 -0.284 -0.322 -0.322 -0.346 -0.385 -0.386 -0.324 -0.241 -0.201 -0.167 -0.224 -0.141 -0.116 -0.125 -0.149 -0.138 -0.078 -0.073 -0.04 -0.11 -0.058 -0.147 -0.147 -0.245 -0.268 -0.236 -0.242 -0.208 -0.127 -0.128 -0.16 -0.15 -0.039 0.018 0.023 -0.004 -0.048 -0.091 -0.064 -0.065 -0.027 -0.015 0.034 0.165 0.172 0.237 0.16 0.075 0.102 0.11 0.127 0.132 0.132 0.15 0.143 0.14
0 -0.015 -0.084 -0.077 0.09 -0.024 -0.126 -0.045 -0.082 -0.068 -0.087 -0.064 -0.031 0.109 0.048 -0.1 -0.036 -0.106 -0.146 -0.197 -0.203 -0.267 -0.291 -0.28 -0.282 -0.333 -0.272 -0.163 -0.112 -0.147 -0.167 -0.148 -0.18 -0.16 -0.121 -0.1 -0.071 -0.001 -0.043 -0.079 -0.1 -0.083 -0.108 -0.169 -0.181 -0.112 -0.068 -0.139 -0.105 -0.084 -0.062 -0.025 0.092 0.097 0.084 0.125 0.098 0.009 -0.021 0.025 0.125 0.106 0.142 0.22 0.145 0.262 0.19 0.1 0.13 0.157 0.167 0.227 0.217 0.21 0.223 0.21
-0.166 -0.152 -0.174 -0.144 -0.152 -0.111 -0.141 -0.12 -0.123 -0.093 -0.032 -0.099 -0.062 -0.032 -0.094 -0.011 -0.027 -0.082 -0.076 -0.222 -0.21 -0.232 -0.217 -0.114 -0.151 -0.169 -0.153 -0.085 -0.089 -0.112 -0.111 -0.118 -0.165 -0.156 -0.134 -0.057 -0.016 0.03 0.031 -0.027 0.008 -0.005 -0.028 -0.075 -0.028 -0.005 -0.031 0.006 -0.022 0.004 -0.014 0.086 0.181 0.177 0.17 0.303 0.254 0.151 0.097 0.241 0.33 0.332 0.205 0.325 0.225 0.342 0.312 0.172 0.195 0.247 0.285 0.275 0.31 0.317 0.305 0.325
-0.179 -0.211 -0.229 -0.253 -0.184 -0.202 -0.174 -0.129 -0.114 -0.139 -0.097 -0.073 -0.042 -0.078 -0.037 -0.026 -0.025 -0.034 -0.159 -0.247 -0.204 -0.174 -0.133 -0.06 -0.156 -0.123 -0.11 -0.057 -0.041 -0.07 -0.086 -0.106 -0.141 -0.128 -0.079 -0.055 0.007 0.039 0.096 0.066 0.108 0.095 0.103 0.033 0.044 0.038 0.095 0.092 0.102 0.093 0.099 0.251 0.249 0.244 0.219 0.316 0.277 0.33 0.375 0.385 0.444 0.337 0.342 0.387 0.267 0.38 0.437 0.275 0.31 0.317 0.362 0.362 0.407 0.39 0.368 0.33
-0.234 -0.224 -0.242 -0.245 -0.192 -0.214 -0.252 -0.218 -0.174 -0.147 -0.105 -0.073 -0.081 -0.067 -0.075 -0.053 0.084 0.01 -0.153 -0.185 -0.132 -0.097 -0.067 -0.024 -0.089 -0.089 -0.062 0.083 0.003 -0.038 -0.056 -0.126 -0.109 -0.016 0.016 -0.004 0.042 0.092 0.068 0.105 0.111 0.129 0.143 0.084 0.107 0.142 0.116 0.11 0.145 0.139 0.215 0.326 0.375 0.271 0.249 0.34 0.406 0.423 0.408 0.399 0.46 0.465 0.402 0.405 0.242 0.225 0.332 0.35 0.352 0.39 0.407 0.427 0.452 0.44 0.435 0.415
-0.198 -0.17 -0.177 -0.244 -0.199 -0.246 -0.286 -0.25 -0.179 -0.11 -0.143 -0.125 -0.111 -0.101 -0.135 -0.035 0.03 -0.021 -0.112 -0.136 -0.065 -0.024 -0.005 0.155 0.017 -0.021 -0.024 -0.017 0.01 -0.004 0.002 -0.02 0.006 0.047 0.071 0.063 0.063 0.122 0.187 0.154 0.206 0.142 0.158 0.103 0.133 0.163 0.124 0.163 0.19 0.257 0.353 0.425 0.598 0.433 0.393 0.434 0.477 0.448 0.468 0.468 0.502 0.492 0.467 0.452 0.32 0.307 0.41 0.407 0.42 0.43 0.482 0.515 0.51 0.537 0.515 0.493
-0.09 -0.127 -0.07 -0.145 -0.196 -0.155 -0.245 -0.255 -0.193 -0.179 -0.176 -0.121 -0.123 -0.032 -0.018 -0.064 0.048 -0.018 -0.011 -0.059 -0.006 0.027 0.036 0.121 0.059 0.018 0.045 0.016 0.125 0.072 0.034 0.068 0.076 0.135 0.075 0.104 0.242 0.365 0.408 0.382 0.286 0.383 0.461 0.337 0.323 0.341 0.292 0.341 0.351 0.389 0.443 0.429 0.43 0.417 0.4 0.446 0.448 0.466 0.486 0.532 0.532 0.535 0.542 0.502 0.43 0.415 0.457 0.48 0.485 0.502 0.557 0.59 0.615 0.62 0.63 0.63
-0.04 -0.108 -0.135 -0.121 -0.164 -0.112 -0.023 -0.116 -0.212 -0.305 -0.208 -0.05 -0.055 -0.006 0 -0.041 -0.007 -0.007 -0.025 0.019 0.03 0.051 0.033 0.153 0.122 0.201 0.319 0.371 0.401 0.318 0.235 0.167 0.216 0.236 0.251 0.364 0.47 0.647 0.627 0.574 0.437 0.458 0.409 0.345 0.324 0.341 0.439 0.702 0.81 0.914 1.03 0.885 0.52 0.432 0.425 0.483 0.491 0.462 0.507 0.56 0.57 0.585 0.582 0.545 0.527 0.545 0.565 0.567 0.572 0.612 0.65 0.68 0.727 0.752 0.745 0.695
-0.008 -0.076 -0.117 -0.13 -0.197 -0.125 -0.017 -0.022 -0.158 -0.152 -0.161 -0.056 0.005 0.02 0.017 0.023 -0.053 -0.002 0.084 0.126 0.166 0.14 0.039 0.229 0.647 0.696 0.654 0.535 0.357 0.356 0.358 0.346 0.397 0.466 0.426 0.446 0.463 0.475 0.455 0.412 0.376 0.395 0.42 0.394 0.376 0.405 0.444 0.731 0.854 1.134 1.24 0.851 0.565 0.461 0.456 0.501 0.545 0.537 0.575 0.607 0.66 0.65 0.652 0.617 0.645 0.66 0.645 0.65 0.64 0.655 0.702 0.732 0.775 0.77 0.755 0.738
0.081 0.003 -0.107 -0.285 -0.285 -0.188 -0.081 0 0.008 0.097 0.005 -0.001 -0.02 -0.005 0 0.027 0.045 0.125 0.171 0.224 0.259 0.236 0.142 0.301 0.673 0.586 0.471 0.418 0.353 0.354 0.383 0.433 0.446 0.457 0.424 0.413 0.409 0.47 0.43 0.41 0.427 0.42 0.443 0.426 0.424 0.446 0.463 0.619 0.904 1.191 1.298 0.842 0.614 0.559 0.565 0.59 0.63 0.63 0.655 0.677 0.707 0.69 0.705 0.712 0.715 0.73 0.71 0.712 0.69 0.725 0.74 0.762 0.79 0.782 0.768 0.75
0.2 0.067 -0.061 -0.161 -0.313 -0.135 0.035 0.113 0.205 0.229 0.15 0.116 0.056 0.057 0.132 0.204 0.209 0.238 0.256 0.25 0.301 0.313 0.315 0.337 0.395 0.417 0.399 0.37 0.398 0.417 0.436 0.486 0.491 0.462 0.442 0.462 0.468 0.485 0.492 0.467 0.495 0.48 0.515 0.535 0.54 0.547 0.58 0.627 0.837 1.127 0.982 0.785 0.685 0.68 0.662 0.667 0.672 0.705 0.73 0.752 0.735 0.732 0.732 0.722 0.732 0.74 0.732 0.715 0.727 0.747 0.75 0.745 0.8 0.802 0.748 0.733
0.276 0.164 0.013 -0.118 -0.2 -0.113 0.04 0.229 0.3 0.283 0.24 0.266 0.227 0.236 0.274 0.32 0.344 0.382 0.384 0.385 0.414 0.432 0.461 0.489 0.547 0.521 0.469 0.417 0.435 0.46 0.501 0.542 0.548 0.581 0.576 0.552 0.577 0.575 0.575 0.587 0.577 0.57 0.632 0.645 0.65 0.677 0.697 0.737 0.747 0.897 0.862 0.782 0.742 0.725 0.732 0.715 0.752 0.772 0.775 0.747 0.78 0.757 0.737 0.727 0.742 0.755 0.772 0.752 0.755 0.757 0.742 0.775 0.795 0.807 0.798 0.76
0.406 0.268 0.097 -0.077 -0.148 -0.163 0.014 0.26 0.328 0.318 0.35 0.378 0.413 0.402 0.411 0.455 0.476 0.496 0.543 0.549 0.559 0.555 0.561 0.584 0.621 0.597 0.568 0.526 0.54 0.556 0.589 0.617 0.67 0.677 0.657 0.65 0.667 0.667 0.665 0.65 0.645 0.652 0.68 0.715 0.72 0.74 0.765 0.777 0.797 0.815 0.782 0.802 0.802 0.78 0.775 0.762 0.797 0.822 0.797 0.802 0.81 0.807 0.8 0.76 0.767 0.787 0.782 0.78 0.76 0.747 0.735 0.762 0.777 0.762 0.773 0.735
0.499 0.395 0.2 -0 -0.107 -0.052 0.041 0.362 0.366 0.367 0.421 0.474 0.516 0.505 0.559 0.583 0.585 0.648 0.657 0.675 0.67 0.652 0.657 0.71 0.707 0.659 0.623 0.604 0.616 0.676 0.684 0.703 0.712 0.76 0.74 0.725 0.715 0.722 0.725 0.745 0.71 0.712 0.755 0.777 0.785 0.777 0.807 0.82 0.835 0.827 0.795 0.797 0.795 0.802 0.797 0.777 0.807 0.807 0.815 0.777 0.777 0.807 0.782 0.737 0.737 0.742 0.735 0.735 0.737 0.72 0.685 0.717 0.727 0.735 0.72 0.703
0.561 0.491 0.32 0.116 -0.048 -0.04 0.07 0.214 0.368 0.462 0.485 0.541 0.588 0.581 0.642 0.67 0.665 0.695 0.722 0.722 0.725 0.697 0.73 0.792 0.775 0.72 0.7 0.675 0.707 0.725 0.742 0.77 0.79 0.792 0.78 0.775 0.777 0.775 0.805 0.797 0.795 0.79 0.802 0.815 0.817 0.817 0.81 0.83 0.84 0.82 0.777 0.792 0.792 0.805 0.797 0.762 0.782 0.807 0.792 0.787 0.772 0.772 0.77 0.757 0.742 0.72 0.697 0.692 0.702 0.687 0.665 0.677 0.69 0.697 0.653 0.67
0.555 0.543 0.47 0.183 -0.055 -0.082 0.022 0.123 0.289 0.477 0.541 0.625 0.641 0.658 0.701 0.695 0.697 0.736 0.747 0.722 0.76 0.712 0.745 0.825 0.827 0.74 0.7 0.687 0.722 0.74 0.755 0.77 0.81 0.815 0.805 0.78 0.787 0.775 0.787 0.78 0.78 0.787 0.805 0.805 0.81 0.82 0.82 0.82 0.815 0.802 0.785 0.785 0.797 0.797 0.775 0.762 0.742 0.755 0.782 0.765 0.737 0.73 0.717 0.69 0.727 0.695 0.687 0.705 0.675 0.675 0.647 0.667 0.682 0.67 0.63 0.65
0.565 0.574 0.499 0.24 -0.018 -0.058 0.02 0.043 0.21 0.451 0.578 0.637 0.679 0.685 0.724 0.74 0.734 0.75 0.745 0.76 0.777 0.727 0.76 0.825 0.84 0.747 0.702 0.695 0.737 0.765 0.75 0.795 0.817 0.82 0.805 0.787 0.787 0.8 0.792 0.797 0.79 0.8 0.812 0.817 0.835 0.832 0.827 0.795 0.802 0.762 0.787 0.78 0.792 0.785 0.76 0.74 0.74 0.75 0.775 0.767 0.73 0.71 0.687 0.665 0.67 0.685 0.667 0.665 0.665 0.66 0.645 0.675 0.69 0.675 0.65 0.623
0.562 0.52 0.509 0.291 0.068 0.014 0.019 -0.034 0.187 0.454 0.608 0.675 0.683 0.718 0.74 0.748 0.74 0.772 0.765 0.74 0.762 0.737 0.77 0.825 0.785 0.712 0.715 0.725 0.757 0.767 0.752 0.775 0.787 0.817 0.802 0.79 0.777 0.792 0.792 0.767 0.765 0.79 0.795 0.8 0.837 0.825 0.805 0.81 0.785 0.79 0.78 0.772 0.785 0.792 0.747 0.732 0.75 0.745 0.765 0.745 0.702 0.707 0.687 0.655 0.672 0.68 0.662 0.655 0.665 0.645 0.635 0.677 0.687 0.667 0.623 0.588
0.582 0.554 0.486 0.253 0.039 0.042 0.04 0.029 0.226 0.48 0.624 0.673 0.687 0.725 0.756 0.738 0.742 0.78 0.775 0.737 0.77 0.752 0.75 0.775 0.777 0.742 0.715 0.732 0.765 0.782 0.78 0.787 0.785 0.807 0.795 0.78 0.77 0.775 0.78 0.757 0.762 0.81 0.807 0.802 0.817 0.815 0.79 0.8 0.775 0.78 0.76 0.765 0.775 0.767 0.75 0.73 0.722 0.73 0.735 0.732 0.715 0.695 0.672 0.65 0.65 0.645 0.68 0.657 0.627 0.612 0.6 0.657 0.625 0.605 0.58 0.548
0.609 0.554 0.375 0.105 0.025 -0.025 0.041 0.067 0.29 0.501 0.619 0.654 0.684 0.721 0.76 0.717 0.735 0.772 0.792 0.727 0.762 0.752 0.755 0.757 0.787 0.742 0.722 0.732 0.78 0.757 0.785 0.77 0.742 0.792 0.775 0.76 0.757 0.752 0.757 0.745 0.737 0.765 0.777 0.782 0.765 0.765 0.767 0.762 0.742 0.73 0.725 0.71 0.715 0.715 0.71 0.692 0.667 0.702 0.697 0.7 0.67 0.665 0.63 0.605 0.622 0.64 0.657 0.642 0.652 0.622 0.597 0.617 0.622 0.597 0.573 0.545
0.587 0.456 0.174 0.039 0.005 0.048 0.012 0.098 0.331 0.521 0.567 0.633 0.681 0.712 0.757 0.715 0.735 0.767 0.732 0.722 0.747 0.742 0.74 0.755 0.772 0.727 0.677 0.715 0.76 0.707 0.757 0.735 0.747 0.782 0.757 0.717 0.695 0.695 0.7 0.677 0.705 0.707 0.715 0.737 0.75 0.747 0.735 0.71 0.712 0.692 0.707 0.67 0.68 0.675 0.652 0.637 0.637 0.672 0.705 0.697 0.685 0.677 0.657 0.64 0.65 0.662 0.652 0.667 0.655 0.665 0.65 0.665 0.607 0.575 0.57 0.555
0.535 0.255 0.037 0.034 0.079 0.036 0.005 0.152 0.392 0.511 0.547 0.601 0.662 0.677 0.712 0.73 0.725 0.727 0.737 0.72 0.74 0.73 0.725 0.752 0.742 0.705 0.707 0.7 0.72 0.722 0.712 0.73 0.707 0.722 0.712 0.675 0.665 0.645 0.662 0.64 0.652 0.675 0.685 0.71 0.737 0.735 0.727 0.732 0.742 0.7 0.687 0.71 0.677 0.67 0.662 0.645 0.647 0.672 0.677 0.695 0.687 0.665 0.64 0.63 0.675 0.69 0.662 0.677 0.662 0.652 0.647 0.647 0.62 0.6 0.563 0.538
0.425 0.077 0.031 0.074 0.014 0.032 0.08 0.288 0.47 0.531 0.555 0.6 0.65 0.675 0.715 0.712 0.717 0.692 0.7 0.697 0.717 0.68 0.692 0.732 0.757 0.692 0.682 0.665 0.655 0.68 0.69 0.7 0.71 0.715 0.712 0.67 0.627 0.63 0.662 0.657 0.657 0.66 0.697 0.707 0.722 0.717 0.717 0.717 0.717 0.665 0.667 0.647 0.61 0.61 0.617 0.605 0.63 0.65 0.655 0.697 0.67 0.662 0.662 0.632 0.64 0.677 0.675 0.662 0.665 0.665 0.64 0.62 0.63 0.622 0.57 0.542
0.267 -0.005 0.072 0.042 0.077 0.132 0.225 0.412 0.532 0.592 0.607 0.667 0.677 0.685 0.7 0.695 0.687 0.695 0.692 0.695 0.68 0.682 0.662 0.742 0.747 0.667 0.637 0.632 0.66 0.68 0.692 0.717 0.707 0.7 0.68 0.657 0.647 0.63 0.632 0.627 0.615 0.64 0.655 0.68 0.667 0.672 0.675 0.657 0.652 0.625 0.615 0.59 0.547 0.57 0.57 0.57 0.57 0.625 0.67 0.667 0.662 0.652 0.642 0.642 0.667 0.667 0.682 0.667 0.66 0.65 0.627 0.622 0.627 0.627 0.565 0.552
0.135 0.07 0.077 0.1 0.18 0.242 0.38 0.485 0.565 0.652 0.622 0.687 0.702 0.695 0.687 0.69 0.68 0.675 0.695 0.69 0.677 0.655 0.687 0.735 0.75 0.647 0.602 0.63 0.66 0.675 0.662 0.667 0.675 0.682 0.677 0.667 0.642 0.62 0.622 0.61 0.582 0.59 0.62 0.61 0.635 0.592 0.602 0.58 0.562 0.545 0.557 0.557 0.51 0.507 0.53 0.527 0.532 0.575 0.62 0.645 0.665 0.655 0.66 0.63 0.615 0.635 0.675 0.642 0.645 0.615 0.617 0.612 0.625 0.607 0.572 0.555
0.037 0.097 0.047 0.182 0.28 0.365 0.432 0.537 0.627 0.685 0.64 0.705 0.71 0.692 0.685 0.667 0.665 0.64 0.67 0.68 0.68 0.662 0.675 0.72 0.745 0.665 0.592 0.6 0.617 0.655 0.645 0.647 0.665 0.675 0.67 0.655 0.627 0.6 0.565 0.535 0.527 0.52 0.535 0.53 0.56 0.537 0.54 0.532 0.53 0.51 0.512 0.527 0.505 0.517 0.49 0.505 0.5 0.512 0.577 0.615 0.635 0.635 0.632 0.625 0.61 0.65 0.647 0.652 0.662 0.63 0.617 0.64 0.637 0.605 0.597 0.587
