All_lidar/sz6389_DSM_2M.asc
ncols 500
nrows 500
xllcorner    463000
yllcorner    89000
cellsize     2
NODATA_value -9999
[rows 66 to 98 of 500, columns 370 to 443 of 500]
14.127 14.542 13.522 16.062 14.924 13.097 13.137 10.914 12.297 12.101 10.586 10.245 9.506 7.786 5.186 3.145 3.02 2.882 2.702 2.594 2.567 2.62 2.385 1.901 1.684 1.488 1.218 1 0.818 0.672 0.498 0.162 -0.003 -0.163 -0.474 -0.564 -0.628 -0.693 -0.87 -0.817 -0.882 -0.989 -1.014 -1.051 -1.059 -1.04 -1.107 -1.054 -1.051 -1.084 -1.102 -1.086 -1.114 -1.147 -1.114 -1.183 -1.186 -1.18 -1.303 -1.256 -1.239 -1.14 -1.121 -1.241 -1.246 -1.312 -1.186 -1.35 -1.216 -1.342 -1.294 -1.35 -1.263 -1.375
13.962 14.094 13.289 13.202 13.409 18.342 16.257 10.492 12.177 12.059 13.332 10.397 7.74 6.291 5.141 3.384 2.973 2.78 2.664 2.554 2.535 2.578 2.343 1.933 1.711 1.431 1.258 1.046 0.869 0.667 0.447 0.228 0.077 -0.185 -0.378 -0.63 -0.762 -0.728 -0.886 -0.875 -0.923 -0.98 -0.952 -0.999 -0.991 -1.009 -1.072 -1.033 -1.001 -1.124 -1.039 -1.114 -1.104 -1.129 -1.188 -1.194 -1.153 -1.171 -1.204 -1.231 -1.231 -1.273 -1.175 -1.258 -1.335 -1.239 -1.317 -1.322 -1.345 -1.33 -1.315 -1.291 -1.311 -1.346
13.404 13.904 13.097 13.407 15.214 20.852 18.717 11.132 12.209 17.292 16.272 10.205 6.925 5.224 4.885 4.19 2.934 2.759 2.643 2.541 2.565 2.546 2.304 1.907 1.748 1.575 1.311 1.036 0.899 0.686 0.476 0.22 0.085 -0.139 -0.37 -0.544 -0.726 -0.797 -0.846 -0.843 -0.862 -0.985 -1.015 -0.978 -0.969 -0.989 -1.023 -0.97 -1.14 -1.075 -1.009 -1.14 -1.108 -1.089 -1.132 -1.136 -1.149 -1.257 -1.15 -1.205 -1.207 -1.053 -1.175 -1.237 -1.263 -1.285 -1.239 -1.322 -1.305 -1.376 -1.271 -1.266 -1.332 -1.342
13.309 13.834 13.814 16.847 17.879 22.269 22.569 15.117 11.897 17.046 12.724 9.212 8.214 4.535 4.677 3.374 2.909 2.761 2.616 2.537 2.508 2.545 2.471 1.926 1.763 1.518 1.325 1.096 0.822 0.702 0.455 0.254 0.012 -0.207 -0.371 -0.617 -0.763 -0.716 -0.89 -0.89 -0.897 -0.928 -1.006 -0.981 -1.033 -1.101 -1.016 -1.073 -1.028 -1.028 -1.144 -1.111 -1.087 -1.152 -1.141 -1.146 -1.163 -1.208 -1.235 -1.284 -1.209 -1.207 -1.287 -1.229 -1.272 -1.226 -1.248 -1.334 -1.301 -1.325 -1.312 -1.317 -1.382 -1.372
13.457 14.139 15.012 15.714 23.099 24.469 24.979 17.767 11.414 17.746 9.292 8.201 7.023 4.619 5.032 3.263 2.924 2.781 2.638 2.561 2.535 2.549 2.456 1.955 1.796 1.673 1.344 1.087 0.847 0.689 0.513 0.307 0.008 -0.165 -0.37 -0.605 -0.654 -0.815 -0.87 -0.881 -0.947 -0.913 -1.024 -1.015 -0.998 -1.097 -1.023 -1.004 -1.047 -1.033 -1.047 -1.1 -1.064 -1.187 -1.123 -1.112 -1.199 -1.149 -1.212 -1.191 -1.25 -1.162 -1.28 -1.263 -1.271 -1.252 -1.229 -1.279 -1.333 -1.308 -1.282 -1.356 -1.391 -1.263
17.957 14.964 14.654 14.349 16.237 18.224 24.169 23.579 18.074 14.917 9.031 7.888 6.36 5.247 3.496 3.124 3.002 2.849 2.646 2.59 2.562 2.511 2.42 1.986 1.709 1.529 1.359 1.192 0.89 0.719 0.515 0.286 0.089 -0.125 -0.43 -0.623 -0.6 -0.73 -0.824 -0.84 -0.887 -0.873 -0.966 -0.968 -0.98 -1.11 -1.09 -1.104 -1.058 -1.003 -1.066 -1.089 -1.09 -1.056 -1.101 -1.182 -1.129 -1.13 -1.236 -1.207 -1.121 -1.252 -1.209 -1.246 -1.289 -1.196 -1.28 -1.32 -1.342 -1.288 -1.353 -1.296 -1.355 -1.358
14.779 14.814 18.457 18.527 12.627 12.214 17.414 22.522 18.414 12.291 8.776 8.142 5.728 3.951 3.284 3.129 3.031 2.914 2.691 2.589 2.536 2.492 2.467 2.002 1.795 1.562 1.341 1.195 0.875 0.748 0.484 0.276 0.154 -0.08 -0.334 -0.554 -0.697 -0.736 -0.829 -0.884 -0.856 -0.928 -1.009 -0.956 -1.072 -1.05 -1.046 -1.049 -1.023 -0.984 -1.024 -1.049 -1.164 -1.135 -1.138 -0.932 -1.011 -1.072 -1.213 -1.142 -1.204 -1.164 -1.258 -1.302 -1.163 -1.167 -1.26 -1.234 -1.285 -1.32 -1.296 -1.308 -1.359 -1.357
12.837 13.389 16.789 15.419 11.097 12.924 14.689 12.897 12.517 11.202 10.26 8.264 6.127 4.128 3.337 3.136 3.041 2.995 2.764 2.598 2.469 2.506 2.508 2.028 1.764 1.549 1.403 1.145 0.923 0.711 0.528 0.306 0.094 -0.034 -0.403 -0.518 -0.721 -0.739 -0.839 -0.86 -0.993 -0.973 -0.964 -0.924 -1.024 -1.057 -1.122 -1.064 -1.03 -1.049 -1.085 -1.056 -1.077 -1.195 -1.128 -1.211 -1.139 -1.115 -1.213 -1.172 -1.201 -1.248 -1.185 -1.201 -1.184 -1.283 -1.272 -1.201 -1.29 -1.299 -1.216 -1.234 -1.324 -1.228
12.109 12.132 11.854 11.642 10.579 10.834 11.782 10.889 11.657 10.915 9.894 8.758 7.714 5.114 4.13 3.138 3.066 2.984 2.789 2.616 2.462 2.474 2.358 2.01 1.766 1.65 1.354 1.199 0.907 0.73 0.537 0.282 0.133 -0.09 -0.287 -0.556 -0.755 -0.762 -0.782 -0.84 -0.981 -0.932 -0.968 -0.986 -0.978 -1.029 -0.998 -0.984 -1.035 -1.041 -1.042 -1.091 -1.053 -1.068 -1.076 -1.174 -1.189 -1.168 -1.147 -1.169 -1.219 -1.183 -1.173 -1.198 -1.299 -1.288 -1.248 -1.314 -1.224 -1.27 -1.289 -1.246 -1.261 -1.314
12.254 11.839 12.787 11.392 10.264 10.127 9.607 11.077 11.497 11.249 9.144 8.832 7.94 8.019 5.651 3.098 3.044 2.972 2.75 2.606 2.491 2.556 2.442 2.003 1.8 1.563 1.393 1.203 0.935 0.847 0.572 0.366 0.121 -0.119 -0.235 -0.57 -0.699 -0.719 -0.814 -0.879 -0.831 -0.937 -1.045 -0.952 -0.994 -1.019 -1.095 -1.063 -1.068 -1.064 -1.058 -1.056 -1.046 -1.151 -1.142 -1.148 -1.136 -1.094 -1.149 -1.145 -1.116 -1.2 -1.159 -1.227 -1.253 -1.237 -1.271 -1.267 -1.192 -1.288 -1.285 -1.255 -1.351 -1.364
12.624 12.397 12.569 12.707 12.274 11.017 10.329 9.689 11.862 10.126 9.071 9.284 8.395 7.739 5.53 3.312 3.019 2.967 2.765 2.569 2.481 2.47 2.462 2.026 1.841 1.726 1.547 1.195 0.995 0.746 0.576 0.409 0.187 -0.011 -0.252 -0.527 -0.74 -0.814 -0.798 -0.845 -0.892 -0.933 -0.981 -0.921 -0.993 -1.055 -1.1 -1.118 -1.054 -1.076 -1.029 -1.091 -1.064 -1.123 -1.127 -1.106 -1.111 -1.127 -1.193 -1.164 -1.155 -1.143 -1.25 -1.227 -1.235 -1.266 -1.269 -1.282 -1.131 -1.321 -1.266 -1.234 -1.274 -1.269
15.754 12.487 11.464 12.002 12.604 11.774 11.697 9.194 10.134 9.22 9.016 9.089 8.357 9.126 4.654 3.157 2.958 2.888 2.725 2.619 2.508 2.51 2.482 2.042 1.835 1.595 1.403 1.239 0.967 0.84 0.568 0.335 0.085 -0.035 -0.324 -0.541 -0.67 -0.77 -0.732 -0.921 -0.855 -0.877 -0.979 -1.036 -1.035 -1.037 -1.034 -1.068 -1.07 -1.075 -1.066 -1.07 -1.029 -1.062 -1.156 -1.064 -1.087 -1.151 -1.176 -1.243 -1.163 -1.113 -1.156 -1.258 -1.232 -1.206 -1.249 -1.282 -1.222 -1.257 -1.304 -1.236 -1.304 -1.33
13.514 11.264 11.089 11.397 10.874 10.232 10.407 9.452 9.332 10.013 10.146 8.39 8.41 8.462 5.442 3.094 2.963 2.844 2.662 2.611 2.477 2.513 2.516 2.052 1.8 1.643 1.494 1.235 1.016 0.783 0.54 0.377 0.219 -0.027 -0.228 -0.459 -0.559 -0.766 -0.802 -0.879 -0.869 -0.99 -0.962 -1.089 -0.975 -1.079 -0.997 -1.003 -1.134 -1.103 -1.07 -1.014 -1.093 -1.08 -1.157 -1.086 -1.061 -1.142 -1.253 -1.144 -1.131 -1.201 -1.242 -1.243 -1.185 -1.21 -1.231 -1.218 -1.286 -1.275 -1.32 -1.329 -1.315 -1.264
14.247 11.304 13.312 13.784 10.159 9.612 9.374 8.634 8.772 9.469 9.5 8.913 7.378 7.694 5.547 3.236 2.969 2.803 2.673 2.558 2.472 2.506 2.469 2.108 1.815 1.642 1.409 1.265 1.056 0.782 0.534 0.358 0.207 -0.078 -0.236 -0.483 -0.748 -0.825 -0.746 -0.87 -0.934 -0.929 -1.033 -1.032 -1.076 -1.001 -1.044 -1.056 -1.065 -1.012 -1.081 -1.072 -1.011 -1.075 -1.121 -1.112 -1.037 -1.187 -1.156 -1.114 -1.186 -1.241 -1.227 -1.195 -1.212 -1.247 -1.265 -1.263 -1.219 -1.206 -1.252 -1.251 -1.35 -1.305
11.732 10.887 13.322 11.289 9.907 9.322 9.034 8.772 8.969 9.483 9.378 8.385 7.117 6.708 5.911 5.295 3.015 2.822 2.68 2.541 2.461 2.529 2.459 2.067 1.928 1.695 1.409 1.195 1.095 0.762 0.625 0.442 0.243 -0.086 -0.287 -0.415 -0.598 -0.656 -0.916 -0.797 -0.923 -0.949 -0.967 -0.968 -1.048 -1.049 -1.075 -1.058 -1.084 -1.087 -1.04 -1.041 -1.018 -1.119 -1.075 -1.174 -1.155 -1.187 -1.119 -1.146 -1.23 -1.13 -1.182 -1.29 -1.254 -1.285 -1.311 -1.259 -1.233 -1.229 -1.275 -1.283 -1.298 -1.357
11.042 10.729 10.544 9.809 10.659 11.164 10.654 9.159 9.522 8.683 8.139 8.158 8.347 6.447 6.697 6.415 3.016 2.846 2.668 2.506 2.45 2.482 2.591 2.086 1.845 1.693 1.535 1.234 1.021 0.853 0.597 0.318 0.164 -0.13 -0.335 -0.442 -0.581 -0.706 -0.853 -0.893 -0.863 -0.984 -1.038 -0.971 -1.018 -1.004 -1.061 -1.054 -1.104 -1.045 -1.035 -1.05 -1.073 -1.01 -1.044 -1.147 -1.166 -1.15 -1.168 -1.195 -1.123 -1.186 -1.212 -1.244 -1.235 -1.17 -1.201 -1.244 -1.193 -1.293 -1.264 -1.293 -1.254 -1.386
10.852 10.577 10.474 10.302 10.367 10.512 10.367 9.557 9.669 8.936 8.366 7.845 8.718 6.021 6.408 4.925 3.01 2.818 2.664 2.539 2.447 2.494 2.447 2.052 1.811 1.649 1.385 1.277 0.984 0.854 0.516 0.439 0.277 -0.098 -0.282 -0.444 -0.654 -0.752 -0.839 -0.862 -0.961 -1.002 -1.071 -1.065 -1.019 -1.082 -1.084 -1.034 -1.088 -1.127 -0.979 -1.061 -1.078 -1.029 -1.053 -1.139 -1.138 -1.147 -1.189 -1.146 -1.152 -1.176 -1.241 -1.209 -1.254 -1.323 -1.26 -1.215 -1.359 -1.199 -1.349 -1.286 -1.28 -1.286
10.749 10.572 10.572 10.929 13.492 12.772 12.632 9.387 9.659 8.896 8.597 8.536 8.124 7 6.045 4.624 3.055 2.798 2.674 2.531 2.476 2.528 2.52 2.073 1.822 1.616 1.438 1.184 1.028 0.781 0.65 0.411 0.123 -0.121 -0.253 -0.454 -0.655 -0.692 -0.781 -0.944 -0.936 -0.952 -1.068 -0.973 -1.039 -1.084 -1.028 -1.035 -1.057 -1.058 -1.049 -1.009 -1.107 -1.125 -1.057 -1.094 -1.169 -1.157 -1.145 -1.119 -1.162 -1.121 -1.198 -1.253 -1.21 -1.133 -1.25 -1.284 -1.234 -1.233 -1.291 -1.31 -1.295 -1.317
10.924 10.822 10.767 10.459 19.172 16.629 9.799 9.372 9.197 8.834 8.845 8.272 8.476 7.628 6.754 6.533 3.487 2.808 2.686 2.521 2.464 2.522 2.512 2.137 1.854 1.711 1.426 1.207 1.004 0.758 0.566 0.374 0.213 0.007 -0.178 -0.491 -0.573 -0.754 -0.73 -0.871 -0.869 -0.927 -1.015 -1.062 -1.006 -1.025 -1.112 -1.079 -1.042 -1.063 -0.983 -1.055 -0.981 -1.05 -1.122 -1.16 -1.135 -1.184 -1.126 -1.161 -1.195 -1.242 -1.232 -1.249 -1.27 -1.215 -1.219 -1.236 -1.249 -1.23 -1.253 -1.36 -1.288 -1.303
11.424 11.159 10.959 10.677 12.934 11.424 9.829 9.254 9.272 8.797 8.828 9.482 9.044 7.946 6.72 6.533 3.644 2.858 2.658 2.526 2.472 2.476 2.425 2.074 1.84 1.685 1.381 1.222 0.983 0.743 0.599 0.421 0.135 -0.021 -0.317 -0.504 -0.734 -0.714 -0.821 -0.875 -0.889 -0.93 -0.949 -1.076 -1.094 -1.046 -1.05 -1.081 -1.095 -1.078 -1.009 -1.11 -1.097 -1.069 -1.1 -1.176 -1.171 -1.197 -1.154 -1.146 -1.181 -1.205 -1.236 -1.191 -1.281 -1.248 -1.189 -1.231 -1.217 -1.246 -1.28 -1.316 -1.271 -1.276
11.442 11.104 11.097 10.937 10.857 10.522 9.974 9.277 8.924 8.48 8.141 8.402 7.77 8.825 7.127 5.656 3.252 2.795 2.672 2.539 2.508 2.492 2.442 2.053 1.889 1.583 1.452 1.195 1.044 0.774 0.608 0.37 0.184 -0.046 -0.262 -0.444 -0.623 -0.75 -0.771 -0.804 -0.834 -0.909 -0.951 -0.941 -1.053 -1.002 -1.088 -1.041 -0.973 -1.054 -1.091 -1.093 -1.104 -1.057 -1.122 -1.063 -1.123 -1.125 -1.141 -1.186 -1.145 -1.208 -1.166 -1.205 -1.281 -1.205 -1.307 -1.275 -1.233 -1.216 -1.351 -1.367 -1.237 -1.302
11.692 11.382 11.122 11.084 10.979 10.527 9.792 9.269 8.507 7.942 8.361 8.756 7.169 8.745 7.475 5.546 3.095 2.819 2.677 2.551 2.469 2.517 2.364 2.093 1.84 1.608 1.382 1.246 1.028 0.78 0.604 0.437 0.124 -0.06 -0.166 -0.487 -0.73 -0.746 -0.747 -0.881 -0.902 -0.92 -1.001 -1.103 -1.082 -0.972 -1.048 -1.134 -1.062 -1.041 -1.039 -1.116 -1.169 -1.163 -1.174 -1.137 -1.114 -1.199 -1.186 -1.222 -1.167 -1.232 -1.326 -1.225 -1.232 -1.283 -1.232 -1.301 -1.229 -1.284 -1.356 -1.307 -1.338 -1.342
11.682 11.444 11.189 11.297 10.972 10.522 9.757 8.989 8.114 7.798 8.493 10.843 7.868 6.676 6.823 5.05 3.226 2.852 2.703 2.532 2.507 2.515 2.368 2.075 1.856 1.629 1.423 1.152 1.009 0.792 0.582 0.381 0.175 -0.095 -0.205 -0.411 -0.721 -0.727 -0.844 -0.814 -0.904 -0.987 -0.907 -0.948 -1.061 -1.042 -1.055 -1.135 -1.049 -1.114 -1.125 -1.097 -1.06 -1.094 -1.163 -1.15 -1.179 -1.177 -1.24 -1.204 -1.206 -1.152 -1.282 -1.256 -1.172 -1.248 -1.277 -1.272 -1.346 -1.316 -1.261 -1.297 -1.257 -1.304
14.032 11.367 11.037 11.024 10.649 10.279 9.627 8.937 8.932 8.656 9.016 10.004 8.275 7.962 7.512 6.661 3.57 2.885 2.711 2.536 2.476 2.477 2.461 2 1.832 1.613 1.446 1.153 0.959 0.781 0.629 0.348 0.137 0.006 -0.272 -0.437 -0.697 -0.708 -0.807 -0.927 -0.923 -0.882 -0.943 -1.038 -1.023 -1.02 -1.002 -1.043 -1.067 -1.118 -1.109 -1.059 -1.094 -1.211 -1.214 -1.18 -1.164 -1.169 -1.189 -1.186 -1.238 -1.2 -1.183 -1.243 -1.261 -1.317 -1.278 -1.296 -1.274 -1.319 -1.283 -1.288 -1.338 -1.293
13.837 11.074 11.427 12.394 10.837 10.047 10.039 9.219 8.422 8.578 9.105 7.848 7.675 8.138 7.652 6.893 3.806 2.998 2.712 2.532 2.488 2.537 2.436 2.049 1.838 1.632 1.391 1.151 1.017 0.821 0.509 0.34 0.136 -0.101 -0.314 -0.488 -0.688 -0.702 -0.806 -0.861 -0.9 -0.914 -0.997 -1.026 -1.04 -1.026 -1.048 -1.046 -1.096 -1.11 -1.148 -1.138 -1.182 -1.105 -1.14 -1.195 -1.192 -1.27 -1.16 -1.236 -1.135 -1.233 -1.27 -1.236 -1.248 -1.209 -1.251 -1.22 -1.261 -1.279 -1.302 -1.296 -1.326 -1.299
11.287 11.457 11.737 11.399 11.647 10.169 8.852 8.904 8.617 8.699 9.892 7.804 7.833 7.666 7.399 6.348 3.535 2.927 2.716 2.528 2.45 2.494 2.389 2.032 1.812 1.717 1.377 1.193 0.93 0.739 0.546 0.263 0.152 -0.033 -0.263 -0.537 -0.638 -0.752 -0.763 -0.834 -0.82 -0.931 -0.962 -1.013 -1.066 -1.087 -1.118 -1.059 -1.079 -1.057 -1.178 -1.163 -1.133 -1.199 -1.096 -1.198 -1.127 -1.161 -1.224 -1.254 -1.232 -1.22 -1.166 -1.299 -1.236 -1.282 -1.207 -1.32 -1.32 -1.287 -1.261 -1.332 -1.305 -1.33
11.289 11.549 11.552 13.382 12.897 10.429 9.939 9.757 9.069 7.939 7.978 8.598 8.486 7.857 8.437 5.164 3.293 2.904 2.65 2.529 2.544 2.509 2.409 2.005 1.813 1.687 1.404 1.171 1 0.741 0.492 0.295 0.132 -0.042 -0.235 -0.547 -0.64 -0.747 -0.773 -0.826 -0.851 -0.902 -0.963 -0.998 -1.019 -1.086 -1.122 -1.13 -1.118 -1.116 -1.084 -1.148 -1.177 -1.207 -1.186 -1.183 -1.195 -1.231 -1.142 -1.22 -1.224 -1.213 -1.332 -1.224 -1.344 -1.236 -1.264 -1.262 -1.357 -1.223 -1.304 -1.27 -1.251 -1.289
11.299 11.267 10.774 10.449 10.102 9.997 10.979 10.479 9.167 7.932 8.618 9.548 8.187 8.95 9.464 5.282 3.183 2.857 2.658 2.528 2.483 2.497 2.392 2.029 1.773 1.742 1.4 1.223 0.964 0.733 0.639 0.302 0.143 -0.098 -0.235 -0.411 -0.636 -0.7 -0.757 -0.756 -0.904 -0.887 -0.978 -0.971 -1.022 -1.029 -1.044 -1.097 -1.108 -1.104 -1.148 -1.164 -1.144 -1.228 -1.128 -1.23 -1.203 -1.252 -1.214 -1.192 -1.276 -1.282 -1.265 -1.236 -1.197 -1.228 -1.285 -1.3 -1.275 -1.258 -1.296 -1.293 -1.332 -1.356
11.302 11.364 11.132 10.554 10.707 10.014 9.842 9.947 8.672 8.084 9.361 11.223 10.759 10.575 9.687 5.526 3.437 2.855 2.704 2.547 2.506 2.565 2.411 2.022 1.905 1.579 1.371 1.082 0.88 0.717 0.594 0.269 0.085 -0.099 -0.254 -0.434 -0.637 -0.759 -0.742 -0.902 -0.831 -0.958 -0.913 -1.048 -0.969 -1.065 -1.048 -1.08 -1.093 -1.099 -1.104 -1.153 -1.138 -1.179 -1.246 -1.22 -1.266 -1.201 -1.283 -1.246 -1.21 -1.262 -1.232 -1.203 -1.324 -1.251 -1.271 -1.334 -1.303 -1.355 -1.318 -1.251 -1.314 -1.358
11.032 10.919 10.732 10.914 11.154 11.139 10.814 9.162 9.462 10.375 8.89 9.898 10.554 10.459 9.746 4.446 3.135 2.834 2.704 2.53 2.469 2.485 2.415 2.037 1.836 1.645 1.444 1.237 0.918 0.693 0.513 0.316 0.078 -0.019 -0.28 -0.454 -0.61 -0.682 -0.761 -0.747 -0.839 -0.96 -1.018 -0.913 -1.003 -1.058 -1.036 -1.11 -1.111 -1.091 -1.137 -1.111 -1.178 -1.274 -1.247 -1.18 -1.27 -1.24 -1.206 -1.248 -1.228 -1.262 -1.22 -1.309 -1.22 -1.224 -1.297 -1.245 -1.286 -1.277 -1.353 -1.364 -1.38 -1.34
11.079 11.032 11.472 12.197 11.187 10.837 10.657 11.469 11.734 9.687 9.666 11.486 9.109 9.183 7.883 4.924 3.367 2.968 2.751 2.567 2.475 2.571 2.317 2.046 1.798 1.581 1.365 1.205 0.938 0.8 0.503 0.326 0.206 -0.013 -0.34 -0.468 -0.636 -0.686 -0.824 -0.826 -0.884 -0.871 -0.953 -1.005 -1.149 -1.043 -1.099 -1.147 -1.117 -1.059 -1.204 -1.202 -1.196 -1.216 -1.182 -1.25 -1.307 -1.183 -1.164 -1.289 -1.237 -1.3 -1.284 -1.24 -1.281 -1.221 -1.361 -1.278 -1.324 -1.323 -1.299 -1.303 -1.406 -1.304
11.179 11.112 11.602 12.187 12.589 10.817 9.294 9.729 10.042 8.219 9.426 10.87 10.517 9.719 7.934 7.279 4.017 3.026 2.773 2.613 2.513 2.582 2.402 2.018 1.823 1.729 1.416 1.149 0.886 0.682 0.509 0.37 0.126 -0.11 -0.191 -0.454 -0.635 -0.698 -0.773 -0.906 -0.923 -0.992 -0.944 -1.002 -1.039 -1.027 -1.093 -1.076 -1.143 -1.182 -1.184 -1.116 -1.175 -1.246 -1.165 -1.198 -1.316 -1.215 -1.225 -1.305 -1.26 -1.315 -1.33 -1.211 -1.275 -1.351 -1.34 -1.29 -1.299 -1.401 -1.268 -1.359 -1.364 -1.33
11.129 12.019 12.449 13.862 13.369 12.112 10.527 9.779 9.447 8.332 8.627 9.948 8.536 8.136 7.952 6.713 4.949 3.129 2.773 2.593 2.514 2.527 2.429 1.996 1.776 1.64 1.39 1.176 0.953 0.797 0.577 0.286 0.142 -0.069 -0.199 -0.396 -0.567 -0.703 -0.817 -0.809 -0.924 -0.967 -0.984 -0.986 -1.065 -1.094 -1.09 -1.139 -1.087 -1.102 -1.208 -1.208 -1.21 -1.221 -1.275 -1.195 -1.23 -1.212 -1.252 -1.261 -1.231 -1.35 -1.326 -1.347 -1.332 -1.311 -1.362 -1.339 -1.307 -1.418 -1.344 -1.404 -1.358 -1.413
