All_lidar/sz6386_DSM_2M.asc
ncols 500
nrows 500
xllcorner    463000
yllcorner    86000
cellsize     2
NODATA_value -9999
[rows 32 to 63 of 500, columns 355 to 425 of 500]
8.042 8.232 8.417 8.675 8.937 9.132 9.185 9.395 9.795 10.17 10.265 11.072 10.545 10.757 10.952 11.745 13.987 12.035 11.492 14.762 15.835 12.667 12.352 12.552 12.985 13.922 15.08 13.887 13.337 13.432 13.477 14.017 18.265 15.045 14.147 14.395 14.67 17.052 16.91 15.527 15.605 15.772 15.72 15.855 16.05 16.582 16.642 16.692 21.06 23.457 19.33 19.142 17.577 17.692 17.802 17.982 18.195 18.327 18.632 18.932 18.927 19.097 19.282 19.5 19.63 19.927 20.137 20.517 20.525 20.782 21.455
7.84 8.78 8.37 8.542 8.867 8.917 10.482 9.342 10.612 10.132 11.245 10.517 10.465 10.632 10.855 11.41 11.89 11.777 11.925 18.07 20.942 14.075 17.632 14.965 13.205 14.055 12.84 13.045 13.755 13.962 13.45 13.675 16.83 15.21 14.21 14.457 14.662 14.98 16.672 16.655 15.582 19.732 16.09 15.775 16.102 16.685 16.592 16.662 19.177 20.097 17.212 17.365 17.692 17.687 17.81 18.01 18.672 18.765 18.67 18.892 18.997 19.157 19.26 19.425 19.64 19.877 20.115 20.272 20.542 20.775 21.18
8.96 13.677 10.167 8.445 8.915 8.755 9.07 11.057 14.437 9.777 12.775 12.702 10.377 10.51 10.745 11.805 11.32 11.057 13.147 17.205 18.05 17.345 14.127 14.71 14.89 16.635 12.727 12.972 16.405 16.572 13.852 13.48 13.73 13.902 14.147 14.352 14.562 14.917 15.142 15.73 15.277 16.02 15.575 15.757 18.225 17.775 17.092 16.632 16.89 17.102 18.175 20.282 17.532 17.642 17.852 18.09 18.352 18.387 18.677 18.86 18.997 19.067 21.322 23.515 19.622 19.79 20.112 20.315 20.495 20.842 21.082
7.602 9.645 11.242 8.247 8.442 8.622 8.785 11.292 11.415 9.817 10.287 10.405 11.052 10.392 10.725 10.77 10.705 10.86 11.74 16.195 17.385 18.905 19.547 14.455 18.35 15.677 12.937 12.832 14.382 13.717 13.31 13.382 13.707 14.27 14.342 14.26 14.482 14.82 15.19 15.112 15.417 20.347 16.435 17.645 19.94 16.602 16.442 16.722 17.835 20.98 24.715 22.545 17.625 18.88 17.887 18.017 18.592 18.56 18.725 18.797 18.88 19.077 19.305 20.377 19.615 19.767 20.305 20.522 20.457 20.76 20.895
8.67 8.067 7.88 8.315 8.532 8.98 8.71 9.452 11.935 10.227 10.625 13.17 12.31 10.335 10.552 10.555 10.51 10.675 10.905 13.802 13.905 14.645 15.315 13.375 17.075 13.41 16.972 12.802 13.145 13.045 13.005 13.207 13.4 13.767 14.095 14.192 14.502 14.835 14.907 14.83 17.872 23.09 18.047 16.475 16.13 16.207 16.36 16.585 16.985 23.475 21.842 23.28 18.98 22.102 18.12 18.037 18.345 18.977 18.97 19.172 18.917 19.122 19.265 19.495 19.747 19.787 20.005 20.327 20.45 20.68 20.925
7.477 7.58 7.787 8.012 8.27 8.507 8.715 9.17 9.552 10.702 12.3 10.135 10.037 10.252 10.435 10.3 10.735 11.112 10.812 11.167 11.277 12.87 16.842 16.737 16.255 13.095 12.54 12.762 13.027 13.02 12.98 13.252 13.375 13.622 13.877 14.307 14.525 14.62 14.597 14.74 16.847 22.37 17.95 16.03 19.387 16.88 16.312 16.497 22.042 20.9 20.372 23.427 18.46 19.69 19.76 17.977 18.132 18.785 18.585 18.855 18.95 19.565 19.327 19.545 19.775 20.79 21.075 20.227 20.445 20.71 20.86
7.265 7.47 8.507 7.915 8.12 8.452 8.625 8.89 9.11 9.272 9.497 9.74 10.212 10.332 10.102 10.082 12.54 13.207 10.972 11.055 11.232 11.472 11.722 11.787 13.385 12.71 12.46 13.89 12.92 12.92 12.937 13.072 13.46 13.602 13.835 14.187 14.36 14.277 14.38 14.652 15.835 18.672 15.752 16.652 19.677 16.68 16.285 16.505 17.45 17.965 21.967 24.245 22.542 20.15 18.127 17.96 18.097 18.302 18.612 18.795 18.917 19.65 19.317 19.5 20.385 20.737 21.937 20.287 20.417 20.68 20.89
7.2 7.352 7.57 7.817 8.042 8.52 8.537 9.335 9.167 9.325 9.392 9.675 12.365 9.79 9.74 11.71 11.602 10.627 10.935 11.027 11.23 11.75 11.58 12.51 13.252 12.242 12.395 12.635 12.867 12.822 12.862 13.102 13.36 13.562 13.897 14.025 13.977 14.077 15.64 15.24 14.937 19.165 15.517 15.687 16.627 16.102 16.32 16.47 16.735 19.002 18.435 19.56 18.015 17.977 17.895 17.932 18.107 18.312 18.535 18.825 18.86 19.095 19.285 19.43 19.677 19.937 20.972 20.642 20.467 20.6 20.852
7.232 7.337 7.582 7.742 8.297 8.355 8.57 9.545 8.955 9.325 9.34 9.485 9.42 13.102 10.38 16.962 13.077 10.645 13.487 12.752 11.557 11.742 12.812 16.832 17.882 14.01 12.25 12.43 12.63 12.787 13.112 13.102 13.345 13.747 13.647 13.605 13.815 14.105 15.845 14.58 15.092 19.27 16.122 17.942 16.167 16.125 17.037 16.92 17.045 16.895 17.095 17.227 17.755 17.877 17.752 17.905 18.095 18.29 18.495 18.76 18.835 19.027 19.19 19.402 19.65 19.84 19.872 20.155 20.355 20.627 20.805
7.252 7.407 7.587 7.782 8.092 8.225 8.412 8.83 8.727 8.852 11.075 15.722 11.442 11.342 12.08 17.21 10.117 12.447 13.262 16.23 13.927 11.105 13.74 16.182 17.817 14.457 12.287 12.285 12.617 14.752 13.39 13.152 13.25 13.242 13.25 13.49 13.79 14.04 14.322 14.727 15.257 15.357 16.967 16.067 15.837 15.972 16.27 16.485 16.647 16.76 17.002 17.17 17.3 17.55 17.72 17.897 18.06 18.247 18.445 18.615 18.73 18.95 19.135 19.375 19.6 19.892 19.875 20.052 20.305 20.52 20.815
6.99 7.115 7.587 7.482 7.51 7.62 7.857 8.02 8.207 8.312 15.105 12.205 8.767 9.352 9.175 12.555 10.21 13.747 12.74 11.312 11.63 11.595 12.325 12.717 14.502 13.595 12.565 12.552 14.297 13.582 12.847 13.46 12.987 13.052 13.325 13.545 13.857 14.085 14.565 14.717 15.087 15.407 15.475 15.58 15.792 17.607 16.402 16.452 16.665 16.717 17.527 17.197 17.38 18.02 17.752 18.117 18.05 18.205 18.56 18.785 18.81 18.952 19.132 19.36 19.592 19.737 19.842 19.99 20.225 20.47 20.72
6.825 6.925 7.03 7.03 7.295 7.51 7.58 8.337 8.042 8.18 12.825 8.6 8.772 10.095 11.697 14.56 11.375 11.622 10.9 13.202 12.517 12.61 11.915 11.705 11.712 11.682 11.992 12.412 13.267 12.062 17.792 19.775 15.125 13.057 13.285 13.557 13.892 14.347 14.767 14.637 14.79 15.08 15.192 15.555 15.747 18.835 17.677 16.297 16.535 16.72 16.95 17.212 17.612 17.48 17.687 17.905 18.09 18.235 18.435 18.71 18.8 18.905 19.192 19.337 19.595 19.702 19.795 20.012 20.235 20.457 20.74
6.35 6.495 6.687 6.817 6.827 6.922 7.14 7.26 7.507 7.587 7.777 7.977 8.177 8.76 8.54 10.635 14.937 9.975 12.48 10.462 10.435 10.022 10.335 10.557 10.79 11.05 11.297 11.507 11.785 15.747 17.512 14.372 12.862 12.982 13.31 13.722 14.132 14.45 14.54 14.712 14.895 15.01 15.202 15.442 15.71 16.312 16.095 16.297 16.5 16.702 17.84 17.817 17.425 17.457 17.612 17.8 18.077 18.232 18.36 18.517 18.747 18.927 19.325 19.54 19.565 19.677 19.812 19.98 20.237 20.457 20.695
6.432 9.105 9.477 8.15 6.89 7 7.165 7.265 7.347 7.527 7.725 7.932 9.33 13.022 12.757 10.9 11.637 11.712 12.987 10.857 9.912 10.125 10.432 10.682 10.877 11.15 11.372 11.597 11.907 12.152 12.387 12.59 14.312 13.272 13.815 14.05 14.02 14.2 14.597 14.552 14.75 14.92 15.14 15.51 15.807 15.792 16.125 16.27 16.475 16.665 17.207 17.022 17.152 17.405 17.56 17.892 18.092 18.212 18.332 18.5 18.69 18.922 19.135 19.34 19.505 19.67 19.79 19.985 20.317 20.522 20.652
6.667 8.317 8.547 10.68 7.71 8.662 8.285 7.82 9.34 8.382 10.06 8.38 10.932 10.22 9.232 9.2 9.677 9.65 13.83 9.852 10.057 10.322 10.58 10.73 11.032 11.237 11.467 11.752 13.95 14.017 12.58 13.057 13.477 13.647 13.627 13.745 13.922 14.08 14.35 14.557 15.472 14.875 15.147 15.342 15.537 16.277 16.402 16.115 16.285 16.95 16.767 16.89 17.135 17.687 17.562 17.817 18.077 18.187 18.317 18.44 18.65 18.815 19.07 19.25 19.44 19.67 19.757 19.995 20.255 20.55 20.677
9.362 7.24 8.005 7.485 7.93 7.86 8.297 8.405 9.862 10.335 9.007 9.86 9.865 9.847 10.607 10.58 10.375 10.582 11.56 10.67 10.885 10.855 11.175 11.37 11.515 11.83 12.147 13.712 14.087 14.982 13.055 13.19 13.19 13.407 13.485 13.705 13.907 14.135 14.282 14.485 15.06 14.777 14.967 15.157 15.495 15.627 16.002 16.06 16.252 16.422 16.557 16.83 17.217 17.53 17.632 17.807 18.635 18.08 18.222 18.37 18.647 18.805 18.98 19.202 19.477 19.647 20.365 21.057 20.237 20.452 20.64
8.392 7.355 7.407 7.5 7.722 7.82 7.982 8.235 8.452 8.862 9.237 11.615 10.007 10.27 10.38 11.205 11.035 10.952 12.557 11.767 11.45 11.532 12.055 12.045 12.29 12.467 12.615 12.63 12.76 12.715 12.895 12.872 13.082 13.392 13.442 14.097 13.842 14.11 14.197 14.34 14.45 14.74 15 15.43 15.552 15.615 16.12 16.04 16.152 16.342 16.605 16.767 17.552 18.852 18.075 18.682 19.255 18.54 18.25 18.36 18.535 18.675 18.947 19.2 19.422 19.532 19.922 20.66 20.182 20.33 20.51
7.352 7.872 7.995 7.762 7.827 8.475 8.282 9.105 11.955 9.055 9.212 9.357 9.852 10.07 10.232 10.53 11.052 10.86 11.19 11.365 11.365 11.657 11.81 12.062 12.302 12.825 12.6 12.407 12.552 13.362 12.727 12.895 13.12 13.322 13.405 14.487 13.767 14.062 14.145 14.257 14.555 14.742 15.317 16.815 16.1 15.47 15.647 15.882 16.11 16.605 16.515 17.072 17.732 17.755 18.427 18.035 19.145 20.697 22.18 18.312 19.17 21.252 19.26 19.127 19.352 19.435 19.62 19.785 20.022 20.215 20.427
8.142 8.387 8.522 8.567 8.712 9.39 8.822 11.912 13.522 10.227 9.86 10.49 15.49 10.365 10.4 10.612 10.88 10.86 11.02 11.165 11.34 11.632 11.807 11.887 12.16 12.642 12.607 12.847 12.885 13.112 12.797 12.897 13.06 13.332 13.475 13.612 14.022 14.262 14.125 14.247 14.552 14.785 14.965 15.737 15.812 15.397 15.595 15.79 16.3 16.482 16.397 17.195 17.945 17.847 17.875 17.682 22.657 24.287 22.21 23.247 20.507 28.595 21.27 25.552 22.307 19.39 19.632 19.725 19.92 20.227 20.402
8.385 8.415 8.442 8.93 8.765 9 10.357 12.132 10.81 10.06 12.455 10.695 11.375 10.722 10.932 11.055 11.1 11.29 11.437 11.385 11.527 11.502 11.645 11.82 12.027 12.272 12.45 12.85 13.16 13.212 13.217 13.007 13.13 13.627 13.53 14.492 13.857 14.057 14.2 14.195 14.482 15.245 16.16 15.082 15.3 15.472 15.555 15.747 15.982 16.22 17.292 18.595 17.49 18.027 17.53 17.9 19.182 21.107 19.212 18.282 18.417 22.54 24.705 23.635 21.42 19.797 19.48 19.747 19.91 20.215 20.45
8.28 8.38 8.452 8.537 8.657 9.187 10.177 10.79 10.51 12.135 13.627 12.727 11.095 11.062 11.142 11.492 11.462 11.567 11.762 11.805 11.9 11.97 11.987 12.447 13.017 15.455 12.652 12.892 13.117 15.36 13.085 15.137 13.21 13.345 13.43 13.665 13.902 13.915 14.035 14.21 14.457 14.67 14.842 14.987 15.17 15.365 15.507 15.735 15.9 16.167 16.917 16.93 17.26 17.397 17.392 18.045 17.562 17.72 17.96 18 18.342 18.62 25.167 23.182 19.337 19.242 19.395 19.635 19.875 20.167 20.477
8.345 8.422 8.53 8.545 8.667 9.2 9.642 9.732 9.767 10.102 11.56 11.647 11.74 11.615 11.597 11.887 11.885 12.2 12.09 11.957 13.852 12.97 13.137 13.77 15.48 15.842 14.292 13.072 12.95 13.317 13.177 14.985 14.102 13.695 13.592 13.822 13.972 13.975 14.08 15.455 16.02 14.632 14.707 14.905 15.077 15.29 15.455 15.69 15.872 16.26 16.355 16.557 16.822 16.995 17.187 17.395 17.567 17.69 17.91 18.022 18.63 23.597 25.907 18.915 22.472 19.527 19.477 19.642 19.88 20.112 20.277
8.302 8.45 8.545 8.6 8.76 9.262 9.642 9.72 9.78 9.895 10.095 10.605 11.002 11.31 11.452 11.545 12.21 12.785 14.395 14.007 14.007 13.01 12.78 13.84 14.12 13.607 16.182 13.05 13.895 13.15 13.045 13.217 13.467 13.68 14.075 14.23 14.057 14.002 14.165 15.122 15.752 14.625 14.625 14.962 15.57 15.722 15.375 15.632 15.82 16.052 16.84 16.53 16.702 17.302 17.072 17.25 17.422 17.662 17.875 18.097 18.36 18.447 18.627 18.97 18.99 19.2 19.365 19.65 19.792 20.022 20.187
8.26 8.507 8.585 8.692 8.827 9.305 9.645 9.707 9.825 9.97 10.192 10.6 11.19 11.347 11.387 11.465 11.542 11.695 12.42 12.972 13.215 14.157 14.1 13.832 13.207 13.212 13.28 13.61 13.587 13.61 13.977 14.222 13.957 14.012 14.11 13.937 13.942 14.06 14.187 14.327 14.665 14.45 14.717 15.095 18.557 18.867 15.805 15.565 15.732 15.927 17.137 16.417 18.792 20.315 18.087 18.44 18.157 17.617 17.825 18.012 18.22 18.405 18.58 18.732 18.987 19.12 19.35 19.56 19.687 19.967 20.105
8.087 8.517 8.625 8.717 8.872 9.317 9.602 9.71 9.865 10.075 10.312 10.84 11.275 11.382 11.437 11.515 11.617 11.785 11.925 12.075 12.18 12.342 12.56 12.807 13.892 17.072 13.917 14.585 16.125 14.437 13.932 13.932 13.777 14.015 13.91 13.847 13.925 14.07 14.192 15.217 14.53 14.592 14.745 14.847 17.777 15.827 15.292 15.435 15.64 15.852 16.077 16.242 16.512 16.792 20.5 20.947 20.05 17.655 17.81 18.212 18.185 18.345 18.502 18.69 18.917 19.327 19.27 19.467 19.592 19.835 20.182
7.895 8.335 8.58 8.715 8.95 9.26 9.522 9.725 9.935 10.172 10.432 10.84 11.212 11.362 11.48 11.545 11.642 11.847 12.03 12.192 12.322 12.452 12.552 12.63 12.777 13.9 14.485 13.722 13.932 13.957 13.972 14.027 13.935 14.162 14.085 13.977 14.207 14.345 14.402 14.505 14.465 14.962 14.782 14.885 15.015 15.302 15.282 15.467 15.587 15.827 17.845 16.39 16.475 17.685 16.99 17.967 17.98 17.515 17.832 17.93 18.035 18.252 18.45 18.63 18.802 19.13 19.252 19.465 19.655 20.035 20.26
8.03 8.195 8.44 8.785 9.075 9.31 9.5 9.71 9.98 10.272 10.492 10.72 10.965 11.167 11.425 11.61 11.78 11.97 12.127 12.255 12.4 12.517 12.632 12.747 12.845 12.98 13.045 13.132 13.22 13.805 14.072 13.96 14.562 14.695 14.315 14.4 14.36 14.395 14.57 14.602 14.775 15.002 15.032 15.27 15.207 15.175 15.312 15.57 15.51 15.75 16.362 16.277 16.452 16.612 16.812 17.122 17.242 17.375 18.067 18.065 18.01 18.165 18.877 18.982 18.802 19.007 19.55 19.507 19.807 19.937 20.032
7.917 8.205 8.517 8.842 9.122 9.32 9.657 9.957 10.175 10.382 10.6 10.802 11.042 11.25 11.51 11.697 11.92 12.09 12.242 12.407 12.542 12.632 12.727 12.795 12.92 13.032 13.14 13.26 13.367 13.432 13.53 13.64 13.84 13.882 14.405 14.975 14.235 14.465 14.56 14.692 14.772 14.907 15.427 15.97 16.032 15.352 15.145 15.327 15.512 15.785 15.975 16.182 16.39 17.225 16.952 18.015 17.11 17.67 17.702 17.702 17.815 18.087 18.342 18.75 19.007 19.167 19.43 19.402 19.64 20.195 19.935
8.017 8.307 8.61 8.937 9.13 9.435 9.992 10.197 10.335 10.462 10.687 10.91 11.157 11.497 11.685 11.837 11.997 12.19 12.372 12.51 12.652 12.747 12.86 12.952 13.047 13.145 13.242 13.327 13.442 13.542 13.642 13.747 13.862 13.95 14.037 14.1 14.202 14.477 14.657 15.202 15.33 15.157 15.457 16.167 16.49 16.095 15.4 15.527 15.562 15.712 16.025 16.162 16.365 16.577 16.902 16.992 17.917 17.902 17.565 17.69 17.922 18.105 18.41 18.745 18.98 19.065 19.36 19.385 19.44 20.697 19.932
8.38 8.455 8.657 8.96 9.137 9.615 10.145 10.367 10.502 10.6 10.77 10.977 11.312 11.872 12.087 12.115 12.157 12.297 12.447 12.58 12.73 12.86 12.957 13.055 13.145 13.27 13.347 13.47 13.595 13.677 13.757 13.845 13.95 14.042 14.12 14.22 14.305 14.417 14.492 14.592 14.732 15.067 16.295 16.58 17.272 15.685 16.152 16.105 16.012 15.762 16.157 16.167 16.33 16.605 16.947 16.907 20.157 17.915 17.572 17.772 18.482 18.342 18.487 19.105 19.082 19.112 19.187 19.23 19.33 20.672 20.162
8.527 8.557 8.717 9.007 9.245 9.66 10.27 10.512 10.66 10.76 10.852 11.052 11.392 12.002 12.237 12.282 12.305 12.352 12.497 12.66 12.815 12.96 13.077 13.187 13.277 13.36 13.457 13.557 13.692 13.785 13.872 13.98 14.057 14.122 14.197 14.282 14.362 14.477 14.612 14.707 14.822 14.892 15.057 15.342 16.015 17.065 15.975 16.3 16.135 16.197 16.872 16.21 16.18 16.715 16.975 17.017 17.665 18.697 17.79 17.82 17.912 17.93 17.977 18.132 19.777 19.522 19.165 19.2 19.272 20.037 20.425
8.415 8.592 8.832 9.082 9.35 9.72 10.375 10.645 10.785 10.877 10.945 11.115 11.435 12.025 12.322 12.357 12.42 12.487 12.617 12.727 12.855 13.03 13.14 13.272 13.355 13.465 13.585 13.66 13.79 13.905 13.985 14.052 14.165 14.24 14.342 14.422 14.497 14.572 14.665 14.78 14.902 15.032 15.125 15.242 15.665 17.495 17.972 16.245 16.672 16.855 17.08 17.75 17.175 18.042 17.99 18.845 18.282 19.535 19.862 17.64 17.76 17.91 17.887 18.09 18.837 20.175 19.155 19.19 19.222 19.45 20.035
