All_lidar/sz6385_DSM_2M.asc
ncols 500
nrows 500
xllcorner    463000
yllcorner    85000
cellsize     2
NODATA_value -9999
[rows 384 to 415 of 500, columns 72 to 143 of 500]
1.366 1.303 1.426 1.398 1.358 1.458 1.381 1.396 1.471 1.388 1.423 1.516 1.556 1.523 1.513 1.508 1.513 1.526 1.511 1.523 1.556 1.503 1.606 1.556 1.548 1.538 1.656 1.653 1.706 1.666 1.661 1.743 1.761 1.826 1.781 1.708 1.631 1.706 1.736 1.683 1.686 1.658 1.576 1.531 1.551 1.606 1.798 1.733 1.731 1.696 1.593 1.603 1.611 1.656 1.716 1.673 1.686 1.603 1.591 1.613 1.546 1.536 1.603 1.586 1.578 1.606 1.578 1.533 1.613 1.686 1.628 1.616
1.343 1.501 1.456 1.368 1.398 1.443 1.403 1.438 1.431 1.516 1.618 1.558 1.581 1.611 1.548 1.586 1.511 1.536 1.581 1.721 1.583 1.583 1.566 1.558 1.703 1.641 1.683 1.736 1.661 1.676 1.686 1.678 1.736 1.706 1.713 1.698 1.618 1.643 1.638 1.661 1.711 1.701 1.661 1.721 1.596 1.661 1.716 1.701 1.741 1.711 1.601 1.653 1.716 1.623 1.636 1.626 1.698 1.706 1.573 1.618 1.653 1.593 1.638 1.738 1.683 1.688 1.633 1.631 1.671 1.666 1.676 1.633
1.361 1.318 1.363 1.316 1.381 1.458 1.421 1.418 1.411 1.531 1.536 1.478 1.568 1.621 1.528 1.518 1.513 1.546 1.548 1.546 1.623 1.531 1.561 1.473 1.666 1.648 1.738 1.621 1.663 1.606 1.678 1.666 1.658 1.621 1.576 1.571 1.536 1.593 1.558 1.566 1.691 1.668 1.731 1.711 1.736 1.678 1.663 1.581 1.563 1.648 1.696 1.693 1.776 1.723 1.573 1.628 1.603 1.608 1.683 1.771 1.723 1.656 1.791 1.693 1.691 1.651 1.631 1.543 1.711 1.616 1.616 1.643
1.336 1.263 1.311 1.271 1.418 1.391 1.418 1.396 1.353 1.413 1.473 1.413 1.683 1.556 1.551 1.521 1.531 1.543 1.476 1.481 1.591 1.648 1.563 1.438 1.618 1.628 1.546 1.491 1.546 1.591 1.536 1.558 1.618 1.623 1.596 1.626 1.546 1.541 1.608 1.528 1.578 1.636 1.683 1.753 1.753 1.608 1.586 1.661 1.556 1.671 1.641 1.731 1.828 1.673 1.618 1.573 1.668 1.681 1.673 1.783 1.701 1.476 1.636 1.686 1.598 1.621 1.498 1.546 1.708 1.598 1.601 1.663
1.411 1.301 1.298 1.266 1.358 1.433 1.453 1.443 1.441 1.408 1.511 1.508 1.546 1.563 1.536 1.598 1.648 1.561 1.423 1.521 1.548 1.501 1.496 1.576 1.558 1.618 1.593 1.423 1.498 1.473 1.466 1.393 1.358 1.478 1.396 1.436 1.528 1.518 1.491 1.508 1.353 1.486 1.578 1.558 1.641 1.533 1.561 1.558 1.598 1.626 1.608 1.598 1.631 1.626 1.668 1.693 1.618 1.681 1.701 1.756 1.678 1.648 1.706 1.526 1.593 1.623 1.528 1.641 1.586 1.676 1.676 1.746
1.526 1.421 1.443 1.376 1.513 1.431 1.516 1.516 1.603 1.458 1.501 1.598 1.566 1.608 1.661 1.621 1.593 1.558 1.458 1.443 1.451 1.491 1.533 1.456 1.473 1.596 1.681 1.526 1.393 1.396 1.398 1.411 1.368 1.436 1.431 1.448 1.426 1.476 1.456 1.401 1.461 1.526 1.521 1.481 1.488 1.513 1.526 1.563 1.598 1.606 1.588 1.648 1.653 1.628 1.703 1.863 1.661 1.688 1.736 1.636 1.633 1.663 1.653 1.566 1.541 1.593 1.483 1.566 1.653 1.751 1.671 1.743
1.571 1.563 1.641 1.551 1.468 1.511 1.578 1.621 1.571 1.531 1.556 1.491 1.523 1.568 1.603 1.543 1.531 1.533 1.506 1.406 1.446 1.471 1.448 1.441 1.541 1.541 1.506 1.431 1.453 1.391 1.401 1.341 1.391 1.383 1.538 1.651 1.538 1.428 1.426 1.433 1.471 1.541 1.468 1.413 1.528 1.556 1.541 1.431 1.533 1.506 1.521 1.586 1.516 1.503 1.671 1.663 1.583 1.681 1.618 1.563 1.591 1.533 1.618 1.546 1.548 1.541 1.643 1.598 1.671 1.623 1.663 1.648
1.751 1.688 1.666 1.528 1.571 1.561 1.648 1.721 1.606 1.591 1.596 1.578 1.653 1.658 1.586 1.636 1.538 1.473 1.508 1.538 1.533 1.491 1.413 1.498 1.436 1.408 1.451 1.493 1.461 1.363 1.311 1.263 1.383 1.358 1.463 1.661 1.521 1.396 1.481 1.383 1.403 1.383 1.381 1.471 1.406 1.553 1.503 1.461 1.488 1.503 1.478 1.443 1.441 1.533 1.618 1.573 1.608 1.586 1.563 1.491 1.358 1.538 1.573 1.476 1.578 1.581 1.648 1.671 1.706 1.666 1.743 1.721
1.703 1.808 1.651 1.606 1.606 1.611 1.623 1.676 1.666 1.648 1.641 1.588 1.593 1.603 1.561 1.533 1.566 1.608 1.526 1.526 1.556 1.576 1.571 1.563 1.413 1.386 1.431 1.456 1.411 1.331 1.298 1.303 1.396 1.361 1.413 1.503 1.448 1.383 1.358 1.381 1.373 1.346 1.263 1.328 1.343 1.446 1.413 1.416 1.506 1.528 1.411 1.461 1.501 1.571 1.543 1.541 1.501 1.473 1.533 1.493 1.508 1.608 1.641 1.656 1.656 1.691 1.728 1.696 1.673 1.676 1.723 1.606
1.793 1.618 1.671 1.638 1.678 1.568 1.588 1.643 1.711 1.691 1.663 1.556 1.551 1.596 1.506 1.501 1.596 1.603 1.513 1.571 1.688 1.536 1.568 1.586 1.543 1.491 1.531 1.456 1.463 1.363 1.346 1.421 1.401 1.376 1.316 1.391 1.423 1.391 1.336 1.376 1.333 1.343 1.253 1.353 1.321 1.266 1.331 1.391 1.368 1.433 1.416 1.453 1.451 1.396 1.411 1.356 1.356 1.431 1.543 1.541 1.616 1.731 1.588 1.721 1.611 1.633 1.643 1.608 1.711 1.581 1.573 1.563
1.671 1.676 1.656 1.606 1.666 1.551 1.631 1.726 1.706 1.718 1.563 1.528 1.521 1.566 1.483 1.568 1.593 1.576 1.561 1.556 1.583 1.556 1.496 1.518 1.561 1.648 1.471 1.353 1.343 1.428 1.366 1.381 1.398 1.336 1.483 1.403 1.371 1.408 1.326 1.231 1.236 1.266 1.346 1.388 1.316 1.303 1.433 1.311 1.353 1.418 1.431 1.481 1.416 1.441 1.408 1.308 1.391 1.431 1.546 1.558 1.641 1.786 1.681 1.653 1.561 1.658 1.593 1.543 1.533 1.463 1.521 1.603
1.671 1.686 1.753 1.693 1.701 1.631 1.591 1.566 1.688 1.663 1.606 1.611 1.556 1.536 1.508 1.451 1.433 1.536 1.536 1.503 1.583 1.541 1.521 1.496 1.451 1.513 1.398 1.491 1.421 1.471 1.481 1.433 1.398 1.363 1.461 1.503 1.318 1.398 1.301 1.308 1.313 1.406 1.323 1.366 1.306 1.356 1.363 1.343 1.358 1.453 1.351 1.483 1.448 1.373 1.388 1.396 1.396 1.471 1.516 1.596 1.663 1.756 1.786 1.618 1.643 1.596 1.563 1.581 1.511 1.498 1.541 1.526
1.611 1.726 1.686 1.633 1.656 1.653 1.521 1.503 1.546 1.686 1.603 1.686 1.581 1.521 1.566 1.536 1.416 1.468 1.568 1.583 1.543 1.601 1.498 1.493 1.423 1.481 1.453 1.471 1.423 1.523 1.456 1.461 1.566 1.556 1.516 1.476 1.498 1.403 1.321 1.366 1.371 1.371 1.433 1.393 1.373 1.341 1.316 1.393 1.381 1.351 1.373 1.321 1.428 1.416 1.458 1.388 1.428 1.511 1.603 1.568 1.668 1.701 1.603 1.573 1.536 1.561 1.386 1.473 1.591 1.493 1.471 1.636
1.633 1.666 1.588 1.533 1.523 1.633 1.498 1.468 1.521 1.578 1.583 1.666 1.806 1.611 1.518 1.513 1.458 1.456 1.541 1.426 1.438 1.571 1.493 1.501 1.476 1.471 1.536 1.516 1.468 1.458 1.503 1.583 1.553 1.506 1.556 1.486 1.423 1.463 1.421 1.416 1.413 1.368 1.343 1.356 1.423 1.393 1.423 1.406 1.313 1.473 1.376 1.406 1.443 1.418 1.528 1.513 1.503 1.501 1.581 1.651 1.591 1.476 1.563 1.573 1.546 1.621 1.431 1.416 1.406 1.451 1.508 1.546
1.623 1.656 1.543 1.513 1.548 1.473 1.573 1.556 1.526 1.523 1.728 1.676 1.733 1.656 1.561 1.523 1.508 1.543 1.496 1.471 1.431 1.388 1.441 1.463 1.496 1.543 1.503 1.571 1.578 1.568 1.606 1.663 1.558 1.481 1.478 1.508 1.531 1.393 1.388 1.461 1.416 1.321 1.343 1.366 1.396 1.456 1.498 1.456 1.423 1.503 1.303 1.383 1.366 1.436 1.603 1.641 1.533 1.491 1.473 1.606 1.606 1.538 1.593 1.568 1.486 1.473 1.426 1.463 1.416 1.446 1.478 1.496
1.613 1.591 1.568 1.493 1.566 1.651 1.518 1.478 1.683 1.593 1.658 1.606 1.556 1.551 1.541 1.548 1.506 1.551 1.458 1.386 1.408 1.453 1.483 1.453 1.571 1.636 1.651 1.558 1.513 1.593 1.586 1.663 1.566 1.428 1.443 1.458 1.406 1.443 1.453 1.453 1.508 1.381 1.361 1.393 1.363 1.453 1.438 1.441 1.458 1.421 1.303 1.433 1.451 1.551 1.576 1.546 1.516 1.563 1.638 1.591 1.573 1.658 1.586 1.508 1.493 1.548 1.493 1.471 1.433 1.411 1.348 1.391
1.486 1.501 1.508 1.476 1.588 1.571 1.543 1.596 1.536 1.581 1.643 1.616 1.646 1.546 1.453 1.598 1.578 1.596 1.588 1.441 1.456 1.496 1.438 1.568 1.626 1.628 1.608 1.561 1.586 1.573 1.601 1.631 1.623 1.42 1.439 1.426 1.481 1.391 1.473 1.473 1.235 1.433 1.433 1.451 1.543 1.558 1.593 1.543 1.516 1.576 1.493 1.451 1.561 1.548 1.481 1.656 1.676 1.511 1.516 1.531 1.576 1.528 1.486 1.373 1.383 1.436 1.501 1.388 1.413 1.518 1.468 1.451
1.621 1.496 1.431 1.493 1.693 1.666 1.576 1.568 1.473 1.556 1.566 1.568 1.563 1.551 1.533 1.563 1.613 1.661 1.661 1.583 1.436 1.488 1.578 1.668 1.601 1.548 1.568 1.603 1.648 1.723 1.631 1.648 1.368 1.275 1.531 1.641 1.488 1.481 1.466 1.521 1.448 1.411 1.473 1.613 1.543 1.573 1.513 1.568 1.493 1.521 1.473 1.461 1.446 1.501 1.551 1.501 1.556 1.493 1.528 1.508 1.436 1.448 1.388 1.338 1.328 1.348 1.371 1.473 1.506 1.413 1.418 1.416
1.521 1.551 1.586 1.601 1.611 1.578 1.523 1.538 1.536 1.613 1.596 1.586 1.481 1.478 1.521 1.533 1.648 1.598 1.588 1.578 1.568 1.533 1.528 1.626 1.566 1.588 1.573 1.698 1.696 1.623 1.492 1.42 1.113 0.997 1.578 1.793 1.571 1.493 1.593 1.626 1.548 1.423 0.946 1.546 1.413 1.481 1.518 1.538 1.541 1.556 1.503 1.566 1.551 1.541 1.608 1.606 1.521 1.523 1.486 1.513 1.468 1.406 1.431 1.458 1.398 1.476 1.418 1.506 1.461 1.368 1.393 1.356
1.526 1.568 1.541 1.613 1.518 1.488 1.483 1.531 1.576 1.518 1.578 1.603 1.566 1.626 1.628 1.676 1.618 1.631 1.613 1.578 1.678 1.646 1.668 1.741 1.596 1.588 1.593 1.656 1.595 1.447 1.334 1.306 1.161 1.613 1.628 1.751 0.717 0.786 0.714 0.623 1.528 1.523 1.543 1.643 1.583 1.596 1.611 1.551 1.53 1.641 1.558 1.563 1.406 1.531 1.546 1.488 1.608 1.496 1.328 1.428 1.423 1.433 1.428 1.536 1.586 1.471 1.471 1.413 1.466 1.433 1.513 1.503
1.428 1.418 1.496 1.501 1.468 1.496 1.478 1.518 1.581 1.553 1.468 1.666 1.691 1.638 1.623 1.611 1.571 1.606 1.613 1.596 1.673 1.563 1.641 1.616 1.591 1.638 1.746 1.65 1.407 1.283 1.118 0.921 0.91 1.673 1.691 1.708 0.502 0.442 0.467 0.493 0.486 1.518 1.513 1.733 1.546 1.521 1.603 1.355 1.434 1.626 1.613 1.583 1.271 1.483 1.596 1.443 1.558 1.498 1.363 1.471 1.451 1.533 1.473 1.681 1.711 1.586 1.561 1.478 1.533 1.521 1.468 1.513
1.466 1.448 1.351 1.443 1.548 1.458 1.531 1.516 1.646 1.556 1.576 1.618 1.573 1.586 1.573 1.588 1.548 1.553 1.558 1.548 1.591 1.583 1.706 1.708 1.621 1.643 1.644 1.418 1.344 1.118 0.913 0.769 0.74 0.524 0.474 0.462 0.351 0.314 0.244 0.277 1.646 1.583 1.523 1.651 1.706 1.556 1.571 1.115 1.236 1.531 1.501 1.543 1.448 1.536 1.576 1.461 1.486 1.378 1.548 1.536 1.448 1.498 1.541 1.563 1.586 1.586 1.656 1.531 1.501 1.458 1.411 1.388
1.481 1.468 1.386 1.386 1.531 1.536 1.598 1.508 1.551 1.526 1.568 1.566 1.498 1.541 1.581 1.631 1.643 1.631 1.616 1.716 1.661 1.633 1.733 1.791 1.673 1.613 1.466 1.613 1.101 1.588 0.785 0.73 0.511 0.384 0.265 0.127 0.118 1.643 1.638 1.643 1.596 1.613 0.221 0.352 1.568 0.697 0.848 0.907 1.017 1.127 1.318 1.571 1.523 1.521 1.518 1.546 1.453 1.421 1.533 1.678 1.513 1.591 1.613 1.663 1.583 1.656 1.496 1.486 1.433 1.386 1.278 1.236
1.428 1.426 1.401 1.341 1.311 1.401 1.501 1.448 1.541 1.513 1.453 1.488 1.493 1.488 1.481 1.548 1.658 1.676 1.591 1.683 1.611 1.693 1.668 1.608 1.663 1.48 1.31 1.621 1.003 1.631 0.636 0.577 0.358 0.149 0.051 1.546 1.636 1.723 1.651 1.658 1.666 -0.003 0.041 0.197 1.646 0.582 0.703 0.728 0.95 1.096 1.198 1.616 1.548 1.541 1.548 1.473 1.493 1.543 1.506 1.611 1.721 1.686 1.608 1.528 1.508 1.513 1.491 1.498 1.586 1.426 1.351 1.423
1.348 1.371 1.403 1.373 1.303 1.346 1.456 1.461 1.538 1.521 1.491 1.433 1.451 1.428 1.481 1.423 1.496 1.561 1.593 1.563 1.511 1.531 1.541 1.558 1.616 1.391 1.14 1.005 0.755 0.632 1.596 1.631 0.186 0.055 -0.071 1.641 1.651 1.651 1.663 1.688 1.651 -0.241 -0.119 -0.026 0.148 0.283 1.598 1.503 0.609 1.551 1.566 1.568 1.511 1.508 1.633 1.541 1.596 1.588 1.613 1.611 1.573 1.656 1.576 1.516 1.558 1.541 1.546 1.528 1.571 1.506 1.433 1.433
1.518 1.471 1.401 1.376 1.391 1.381 1.441 1.406 1.476 1.433 1.453 1.461 1.506 1.441 1.518 1.421 1.666 1.533 1.498 1.406 1.368 1.346 1.508 1.466 1.364 1.259 1.066 0.801 0.636 1.588 1.641 1.691 1.658 -0.131 -0.254 -0.427 1.598 1.616 1.623 1.571 -0.528 -0.458 -0.314 -0.188 1.606 0.063 0.265 1.428 1.413 1.543 1.648 1.34 1.636 1.601 1.521 1.558 1.523 1.503 1.616 1.571 1.583 1.613 1.561 1.563 1.596 1.551 1.608 1.603 1.606 1.526 1.463 1.533
1.471 1.393 1.446 1.571 1.518 1.391 1.438 1.333 1.358 1.386 1.411 1.456 1.468 1.496 1.428 1.458 1.571 1.458 1.388 1.311 1.356 1.316 1.463 1.514 1.256 1.054 0.849 0.639 1.501 1.638 1.611 1.581 1.586 -0.274 -0.446 -0.599 1.611 1.523 1.328 -0.904 -0.764 1.588 -0.472 -0.326 1.533 1.553 1.618 0.358 0.473 0.71 1.518 0.834 1.471 1.641 1.591 1.551 1.588 1.568 1.586 1.586 1.646 1.611 1.611 1.603 1.653 1.626 1.696 1.618 1.783 1.548 1.551 1.631
1.331 1.408 1.508 1.416 1.396 1.326 1.303 1.508 1.456 1.418 1.436 1.461 1.431 1.528 1.351 1.451 1.381 1.343 1.293 1.313 1.378 1.403 1.398 1.426 1.213 0.9 1.386 1.396 1.471 1.531 1.538 1.568 -0.327 -0.497 -0.663 -0.797 1.603 1.556 1.413 1.361 -0.941 1.448 1.453 -0.462 1.531 1.603 1.636 0.214 0.374 1.596 1.021 1.024 0.993 1.515 1.412 1.395 1.398 1.366 1.311 1.485 1.47 1.552 1.678 1.638 1.678 1.643 1.626 1.581 1.538 1.422 1.37 1.4
1.396 1.418 1.643 1.388 1.403 1.378 1.326 1.423 1.408 1.553 1.431 1.463 1.466 1.531 1.413 1.341 1.278 1.268 1.271 1.381 1.411 1.346 1.356 1.333 1.453 1.328 1.396 1.411 1.418 1.461 1.601 -0.97 -0.473 -0.668 -0.802 -0.908 -1 -1.161 -1.287 -1.167 1.383 1.363 1.343 -0.666 1.466 1.568 1.533 -0.582 -0.305 -0.03 0.933 0.546 1.277 1.236 1.536 1.543 1.122 1.17 1.11 1.191 1.257 1.686 1.509 1.417 1.626 1.683 1.602 1.455 1.356 1.31 1.245 1.191
1.328 1.411 1.411 1.348 1.381 1.496 1.453 1.438 1.493 1.516 1.473 1.416 1.416 1.481 1.371 1.313 1.276 1.263 1.321 1.393 1.413 1.403 1.396 1.336 1.348 1.333 0.657 0.462 0.25 0.025 -0.123 -1.056 -0.575 -0.707 -0.892 -1.078 -1.197 -1.363 -1.488 1.438 1.493 1.468 1.416 -0.783 -0.566 -0.336 -0.173 -0.613 -0.396 -0.133 0.205 1.052 1.099 1.503 1.521 1.496 1.496 1.06 0.977 1.018 1.608 1.558 1.503 1.191 1.439 1.469 1.377 1.325 1.222 1.153 1.128 0.995
1.538 1.468 1.463 1.466 1.458 1.496 1.408 1.393 1.436 1.463 1.383 1.293 1.296 1.323 1.311 1.336 1.358 1.323 1.343 1.386 1.393 1.423 1.351 1.338 1.313 0.712 0.534 -0.265 0.178 -0.014 -0.207 -0.383 1.458 -0.859 -1.035 -1.235 -1.413 -1.525 -1.747 1.338 1.258 1.368 1.408 1.411 1.363 -0.407 -0.906 -0.714 -0.506 -0.254 0.614 0.892 1.231 1.626 1.581 1.593 0.847 0.739 0.705 0.746 1.576 1.481 0.983 1.068 1.082 1.238 1.578 1.681 1.671 1.698 1.721 1.611
1.681 1.493 1.481 1.526 1.561 1.478 1.438 1.488 1.558 1.443 1.393 1.403 1.388 1.323 1.291 1.378 1.421 1.321 1.421 1.381 1.448 1.386 1.298 1.105 0.921 0.74 0.584 -0.302 0.141 -0.081 -0.308 1.431 1.423 -0.957 -1.099 -1.249 -1.464 -1.752 -1.834 -1.745 1.238 1.368 1.368 1.438 1.456 -0.338 -0.113 -0.77 -0.568 0.433 0.611 0.836 1.098 1.341 1.568 1.516 0.48 0.485 0.421 0.435 0.582 0.643 0.766 0.843 0.892 1.526 1.688 1.616 1.603 1.626 1.641 1.631
