All_lidar/sz6387_DSM_2M.asc
ncols 500
nrows 500
xllcorner    463000
yllcorner    87000
cellsize     2
NODATA_value -9999
[rows 238 to 271 of 500, columns 0 to 75 of 500]
0.58 0.617 0.602 0.58 0.537 0.48 0.5 0.567 0.56 0.496 0.352 0.273 0.305 0.276 0.267 0.257 0.352 0.427 0.476 0.435 0.409 0.421 0.381 0.435 0.463 0.497 0.567 0.592 0.612 0.65 0.642 0.637 0.662 0.647 0.632 0.617 0.625 0.672 0.655 0.65 0.657 0.677 0.695 0.657 0.587 0.565 0.58 0.582 0.605 0.675 0.67 0.672 0.607 0.587 0.632 0.665 0.655 0.637 0.647 0.655 0.63 0.627 0.635 0.627 0.612 0.507 0.282 0.122 0.142 0.467 0.582 0.6 0.58 0.577 0.64 0.63
0.577 0.58 0.58 0.575 0.557 0.495 0.49 0.474 0.508 0.511 0.528 0.524 0.457 0.352 0.332 0.327 0.372 0.415 0.491 0.467 0.404 0.411 0.362 0.397 0.454 0.477 0.564 0.58 0.582 0.61 0.645 0.605 0.602 0.595 0.585 0.61 0.637 0.672 0.64 0.67 0.672 0.685 0.667 0.66 0.595 0.597 0.63 0.627 0.605 0.66 0.69 0.662 0.602 0.602 0.627 0.662 0.655 0.635 0.632 0.652 0.63 0.622 0.645 0.625 0.612 0.457 0.235 0.105 0.265 0.542 0.587 0.577 0.562 0.61 0.655 0.627
0.602 0.59 0.575 0.557 0.527 0.486 0.454 0.427 0.396 0.469 0.54 0.621 0.595 0.452 0.378 0.34 0.355 0.411 0.492 0.527 0.385 0.346 0.35 0.391 0.404 0.468 0.508 0.52 0.56 0.59 0.615 0.572 0.527 0.552 0.62 0.632 0.64 0.65 0.662 0.69 0.675 0.685 0.68 0.65 0.62 0.625 0.65 0.645 0.625 0.61 0.647 0.647 0.632 0.62 0.642 0.635 0.635 0.645 0.64 0.622 0.62 0.62 0.62 0.622 0.567 0.38 0.15 0.12 0.337 0.552 0.592 0.565 0.545 0.59 0.63 0.647
0.607 0.6 0.557 0.525 0.503 0.517 0.488 0.45 0.409 0.446 0.573 0.631 0.638 0.511 0.462 0.34 0.373 0.396 0.462 0.586 0.425 0.395 0.365 0.437 0.395 0.417 0.466 0.509 0.535 0.54 0.545 0.53 0.542 0.552 0.615 0.635 0.647 0.637 0.642 0.625 0.63 0.665 0.695 0.7 0.612 0.625 0.645 0.65 0.635 0.62 0.62 0.64 0.655 0.65 0.642 0.642 0.63 0.63 0.642 0.615 0.612 0.622 0.622 0.62 0.507 0.327 0.147 0.19 0.327 0.522 0.582 0.572 0.57 0.587 0.612 0.65
0.6 0.605 0.557 0.545 0.543 0.518 0.517 0.533 0.506 0.535 0.631 0.651 0.669 0.509 0.527 0.381 0.441 0.43 0.489 0.59 0.427 0.345 0.39 0.463 0.479 0.496 0.494 0.491 0.5 0.495 0.535 0.517 0.535 0.56 0.615 0.617 0.63 0.625 0.62 0.607 0.632 0.622 0.68 0.662 0.62 0.617 0.622 0.645 0.635 0.6 0.582 0.612 0.645 0.642 0.657 0.622 0.622 0.64 0.612 0.6 0.605 0.595 0.61 0.54 0.425 0.252 0.172 0.157 0.247 0.465 0.582 0.595 0.602 0.607 0.612 0.635
0.567 0.582 0.537 0.532 0.554 0.54 0.527 0.543 0.54 0.556 0.627 0.587 0.593 0.587 0.602 0.452 0.387 0.439 0.528 0.584 0.448 0.408 0.409 0.528 0.518 0.494 0.506 0.523 0.529 0.518 0.517 0.52 0.54 0.555 0.605 0.62 0.617 0.612 0.615 0.615 0.637 0.635 0.657 0.67 0.63 0.647 0.637 0.642 0.622 0.577 0.58 0.612 0.632 0.642 0.66 0.612 0.63 0.615 0.61 0.602 0.607 0.585 0.575 0.495 0.317 0.225 0.255 0.237 0.2 0.325 0.515 0.61 0.632 0.605 0.615 0.582
0.562 0.547 0.519 0.525 0.559 0.548 0.544 0.548 0.515 0.504 0.556 0.58 0.551 0.542 0.595 0.542 0.424 0.408 0.566 0.618 0.499 0.477 0.452 0.535 0.523 0.527 0.533 0.528 0.515 0.516 0.497 0.54 0.497 0.537 0.597 0.635 0.652 0.612 0.627 0.635 0.642 0.655 0.677 0.675 0.647 0.63 0.627 0.652 0.647 0.617 0.62 0.655 0.605 0.612 0.612 0.622 0.615 0.62 0.595 0.592 0.587 0.572 0.547 0.475 0.28 0.23 0.462 0.415 0.235 0.192 0.35 0.572 0.617 0.615 0.587 0.55
0.53 0.54 0.51 0.524 0.562 0.544 0.544 0.535 0.52 0.566 0.537 0.538 0.564 0.507 0.514 0.569 0.428 0.442 0.575 0.646 0.555 0.55 0.473 0.548 0.528 0.514 0.539 0.527 0.509 0.497 0.508 0.535 0.522 0.545 0.585 0.645 0.63 0.612 0.64 0.632 0.66 0.672 0.677 0.66 0.637 0.602 0.597 0.607 0.63 0.6 0.632 0.622 0.615 0.622 0.602 0.632 0.6 0.607 0.605 0.58 0.55 0.54 0.545 0.477 0.25 0.257 0.492 0.532 0.382 0.197 0.23 0.437 0.57 0.587 0.582 0.547
0.57 0.571 0.521 0.532 0.529 0.525 0.54 0.519 0.502 0.516 0.485 0.5 0.595 0.511 0.526 0.458 0.415 0.438 0.535 0.619 0.615 0.617 0.514 0.508 0.535 0.549 0.559 0.539 0.525 0.502 0.534 0.56 0.55 0.567 0.587 0.645 0.652 0.622 0.642 0.61 0.64 0.647 0.64 0.632 0.615 0.607 0.607 0.595 0.592 0.605 0.63 0.612 0.61 0.642 0.657 0.622 0.63 0.585 0.58 0.542 0.545 0.572 0.575 0.48 0.252 0.237 0.452 0.555 0.53 0.377 0.24 0.245 0.482 0.587 0.58 0.54
0.557 0.534 0.511 0.527 0.524 0.544 0.548 0.504 0.475 0.521 0.487 0.467 0.547 0.463 0.467 0.44 0.451 0.37 0.489 0.65 0.571 0.635 0.545 0.528 0.55 0.603 0.577 0.513 0.504 0.524 0.533 0.557 0.562 0.59 0.577 0.602 0.64 0.627 0.645 0.635 0.615 0.617 0.632 0.587 0.585 0.602 0.602 0.617 0.605 0.605 0.622 0.622 0.625 0.642 0.635 0.61 0.63 0.612 0.565 0.552 0.547 0.55 0.567 0.5 0.32 0.262 0.452 0.56 0.572 0.522 0.377 0.25 0.367 0.552 0.585 0.562
0.505 0.516 0.52 0.517 0.53 0.518 0.529 0.536 0.505 0.507 0.476 0.464 0.492 0.455 0.427 0.397 0.436 0.382 0.376 0.489 0.584 0.627 0.553 0.57 0.577 0.541 0.537 0.486 0.491 0.52 0.542 0.55 0.572 0.565 0.555 0.58 0.595 0.612 0.6 0.58 0.587 0.597 0.572 0.56 0.59 0.59 0.627 0.637 0.62 0.6 0.605 0.572 0.615 0.622 0.607 0.585 0.585 0.582 0.575 0.562 0.55 0.575 0.587 0.537 0.41 0.287 0.41 0.545 0.59 0.575 0.497 0.292 0.28 0.472 0.562 0.57
0.52 0.493 0.52 0.514 0.534 0.521 0.523 0.549 0.541 0.54 0.433 0.434 0.476 0.416 0.403 0.343 0.424 0.428 0.399 0.516 0.529 0.598 0.532 0.551 0.563 0.529 0.537 0.52 0.524 0.534 0.541 0.545 0.55 0.555 0.572 0.59 0.605 0.602 0.58 0.57 0.592 0.585 0.6 0.602 0.602 0.61 0.625 0.615 0.612 0.615 0.577 0.565 0.58 0.58 0.577 0.567 0.562 0.552 0.562 0.58 0.565 0.585 0.57 0.55 0.46 0.335 0.32 0.492 0.562 0.56 0.565 0.42 0.252 0.375 0.507 0.54
0.547 0.526 0.526 0.512 0.511 0.504 0.503 0.533 0.547 0.644 0.522 0.45 0.491 0.409 0.445 0.386 0.289 0.336 0.368 0.436 0.532 0.552 0.474 0.525 0.534 0.519 0.523 0.514 0.532 0.576 0.571 0.56 0.537 0.594 0.584 0.564 0.584 0.612 0.587 0.589 0.584 0.592 0.612 0.627 0.627 0.634 0.617 0.602 0.594 0.604 0.582 0.585 0.58 0.6 0.57 0.567 0.565 0.567 0.587 0.577 0.592 0.597 0.577 0.567 0.51 0.397 0.315 0.39 0.495 0.537 0.577 0.517 0.272 0.337 0.442 0.507
0.542 0.528 0.539 0.524 0.515 0.523 0.494 0.529 0.525 0.574 0.49 0.505 0.561 0.49 0.622 0.474 0.265 0.327 0.331 0.403 0.523 0.552 0.502 0.525 0.504 0.516 0.528 0.523 0.511 0.551 0.558 0.553 0.546 0.604 0.567 0.564 0.579 0.659 0.557 0.567 0.594 0.619 0.624 0.619 0.587 0.587 0.579 0.599 0.589 0.559 0.575 0.582 0.595 0.595 0.587 0.595 0.562 0.57 0.567 0.572 0.557 0.575 0.585 0.575 0.507 0.465 0.35 0.34 0.465 0.515 0.572 0.537 0.46 0.395 0.4 0.462
0.517 0.518 0.536 0.548 0.54 0.528 0.481 0.503 0.489 0.58 0.48 0.554 0.599 0.537 0.523 0.399 0.241 0.318 0.326 0.395 0.437 0.507 0.526 0.538 0.524 0.528 0.558 0.559 0.562 0.534 0.526 0.548 0.545 0.584 0.557 0.537 0.567 0.629 0.622 0.589 0.607 0.587 0.574 0.587 0.579 0.612 0.579 0.594 0.569 0.589 0.56 0.572 0.592 0.577 0.587 0.597 0.545 0.547 0.562 0.555 0.557 0.55 0.562 0.575 0.542 0.522 0.44 0.325 0.422 0.49 0.56 0.537 0.505 0.417 0.39 0.43
0.489 0.519 0.566 0.563 0.572 0.556 0.52 0.471 0.446 0.537 0.473 0.53 0.579 0.519 0.427 0.395 0.375 0.366 0.331 0.388 0.388 0.418 0.484 0.539 0.573 0.572 0.575 0.545 0.549 0.514 0.532 0.555 0.54 0.544 0.524 0.519 0.574 0.619 0.597 0.617 0.604 0.587 0.577 0.572 0.594 0.592 0.569 0.587 0.579 0.577 0.58 0.61 0.597 0.577 0.592 0.577 0.555 0.56 0.59 0.572 0.587 0.532 0.55 0.55 0.542 0.552 0.467 0.315 0.392 0.497 0.53 0.53 0.515 0.47 0.422 0.42
0.522 0.558 0.544 0.562 0.605 0.626 0.546 0.491 0.415 0.49 0.434 0.448 0.466 0.487 0.494 0.385 0.42 0.401 0.405 0.444 0.455 0.474 0.494 0.531 0.625 0.57 0.59 0.566 0.603 0.559 0.582 0.593 0.524 0.531 0.517 0.505 0.536 0.591 0.612 0.602 0.582 0.582 0.572 0.589 0.597 0.587 0.577 0.564 0.564 0.554 0.572 0.587 0.6 0.597 0.577 0.567 0.557 0.557 0.567 0.565 0.567 0.537 0.552 0.542 0.545 0.53 0.45 0.347 0.41 0.512 0.53 0.5 0.512 0.512 0.447 0.46
0.619 0.603 0.587 0.584 0.569 0.591 0.601 0.538 0.439 0.496 0.422 0.428 0.448 0.462 0.443 0.315 0.468 0.447 0.415 0.504 0.508 0.526 0.52 0.591 0.572 0.527 0.583 0.61 0.659 0.567 0.546 0.58 0.551 0.554 0.525 0.486 0.498 0.545 0.563 0.572 0.577 0.584 0.577 0.567 0.574 0.579 0.552 0.572 0.549 0.594 0.61 0.6 0.587 0.595 0.585 0.575 0.587 0.562 0.587 0.545 0.57 0.56 0.552 0.542 0.535 0.51 0.392 0.355 0.44 0.52 0.527 0.537 0.565 0.577 0.545 0.465
0.604 0.61 0.63 0.591 0.598 0.592 0.603 0.518 0.446 0.501 0.378 0.391 0.444 0.434 0.413 0.334 0.338 0.425 0.38 0.483 0.478 0.455 0.478 0.557 0.594 0.525 0.588 0.605 0.617 0.588 0.554 0.593 0.575 0.567 0.53 0.519 0.504 0.499 0.544 0.567 0.587 0.592 0.587 0.567 0.547 0.582 0.552 0.549 0.579 0.564 0.595 0.61 0.595 0.572 0.577 0.587 0.592 0.61 0.582 0.555 0.547 0.572 0.542 0.54 0.55 0.497 0.367 0.38 0.485 0.55 0.555 0.57 0.605 0.61 0.625 0.535
0.594 0.587 0.612 0.575 0.591 0.592 0.593 0.574 0.435 0.497 0.485 0.475 0.522 0.484 0.403 0.361 0.353 0.366 0.42 0.545 0.512 0.448 0.488 0.596 0.548 0.469 0.483 0.582 0.555 0.505 0.551 0.614 0.567 0.571 0.568 0.508 0.496 0.482 0.529 0.564 0.572 0.574 0.572 0.572 0.572 0.584 0.599 0.567 0.562 0.589 0.612 0.605 0.587 0.57 0.587 0.587 0.585 0.605 0.58 0.567 0.56 0.53 0.55 0.537 0.56 0.472 0.442 0.447 0.542 0.57 0.577 0.61 0.647 0.665 0.677 0.615
0.602 0.625 0.607 0.598 0.582 0.611 0.63 0.579 0.46 0.517 0.479 0.569 0.622 0.561 0.479 0.416 0.348 0.352 0.385 0.466 0.492 0.475 0.464 0.515 0.487 0.371 0.483 0.51 0.518 0.492 0.517 0.593 0.571 0.581 0.56 0.513 0.487 0.458 0.496 0.555 0.584 0.589 0.579 0.582 0.577 0.592 0.592 0.564 0.582 0.574 0.575 0.575 0.587 0.59 0.587 0.572 0.575 0.6 0.565 0.565 0.562 0.572 0.567 0.54 0.522 0.475 0.44 0.497 0.557 0.605 0.607 0.652 0.65 0.68 0.707 0.655
0.584 0.6 0.603 0.589 0.594 0.609 0.614 0.614 0.536 0.62 0.557 0.592 0.602 0.528 0.447 0.398 0.383 0.359 0.349 0.408 0.425 0.391 0.42 0.511 0.605 0.514 0.462 0.525 0.606 0.512 0.481 0.543 0.544 0.577 0.503 0.493 0.499 0.452 0.45 0.482 0.554 0.592 0.572 0.569 0.584 0.569 0.572 0.552 0.589 0.547 0.562 0.575 0.572 0.58 0.577 0.565 0.572 0.575 0.545 0.55 0.562 0.562 0.552 0.545 0.52 0.49 0.507 0.56 0.625 0.652 0.655 0.662 0.635 0.622 0.697 0.68
0.597 0.594 0.568 0.611 0.619 0.625 0.592 0.656 0.611 0.708 0.665 0.605 0.628 0.567 0.45 0.289 0.438 0.403 0.385 0.387 0.387 0.37 0.382 0.635 0.742 0.594 0.534 0.604 0.643 0.532 0.489 0.496 0.46 0.514 0.497 0.497 0.474 0.449 0.441 0.455 0.522 0.58 0.567 0.564 0.572 0.564 0.552 0.559 0.569 0.557 0.557 0.562 0.565 0.562 0.585 0.552 0.577 0.56 0.54 0.562 0.582 0.57 0.532 0.522 0.52 0.482 0.547 0.602 0.61 0.647 0.645 0.62 0.6 0.622 0.67 0.707
0.607 0.6 0.571 0.584 0.587 0.626 0.591 0.666 0.62 0.593 0.626 0.628 0.683 0.625 0.617 0.437 0.408 0.433 0.452 0.466 0.431 0.463 0.409 0.497 0.652 0.613 0.625 0.599 0.55 0.447 0.548 0.534 0.465 0.429 0.444 0.449 0.46 0.434 0.441 0.466 0.509 0.557 0.542 0.529 0.542 0.557 0.537 0.539 0.542 0.572 0.547 0.55 0.58 0.587 0.577 0.547 0.562 0.57 0.547 0.557 0.57 0.562 0.552 0.545 0.565 0.565 0.577 0.625 0.672 0.657 0.625 0.612 0.59 0.597 0.652 0.707
0.582 0.598 0.572 0.589 0.548 0.567 0.556 0.588 0.586 0.58 0.524 0.575 0.637 0.615 0.542 0.357 0.389 0.419 0.429 0.426 0.434 0.451 0.429 0.45 0.432 0.459 0.494 0.528 0.478 0.424 0.457 0.411 0.411 0.409 0.418 0.438 0.442 0.426 0.439 0.482 0.51 0.532 0.539 0.529 0.542 0.542 0.559 0.542 0.542 0.559 0.552 0.53 0.57 0.587 0.577 0.542 0.537 0.557 0.555 0.595 0.555 0.552 0.542 0.562 0.587 0.6 0.577 0.635 0.675 0.657 0.63 0.65 0.607 0.585 0.61 0.645
0.587 0.609 0.563 0.559 0.563 0.549 0.517 0.536 0.54 0.546 0.518 0.529 0.576 0.469 0.472 0.381 0.399 0.353 0.393 0.449 0.456 0.496 0.41 0.379 0.349 0.298 0.328 0.396 0.402 0.375 0.368 0.373 0.346 0.358 0.374 0.396 0.425 0.422 0.453 0.506 0.559 0.554 0.532 0.532 0.537 0.554 0.582 0.552 0.554 0.567 0.585 0.552 0.557 0.585 0.562 0.562 0.555 0.565 0.567 0.562 0.545 0.517 0.562 0.63 0.657 0.647 0.597 0.625 0.64 0.655 0.652 0.642 0.62 0.575 0.6 0.66
0.609 0.659 0.633 0.618 0.591 0.547 0.53 0.539 0.498 0.525 0.541 0.505 0.513 0.489 0.488 0.5 0.416 0.372 0.411 0.49 0.399 0.404 0.287 0.262 0.197 0.258 0.34 0.356 0.409 0.41 0.385 0.387 0.364 0.37 0.385 0.453 0.413 0.414 0.428 0.493 0.535 0.564 0.537 0.542 0.542 0.572 0.574 0.539 0.539 0.572 0.582 0.537 0.56 0.58 0.577 0.582 0.567 0.545 0.585 0.575 0.55 0.56 0.615 0.675 0.687 0.652 0.612 0.627 0.637 0.672 0.697 0.675 0.645 0.605 0.625 0.68
0.627 0.634 0.667 0.689 0.607 0.571 0.531 0.538 0.516 0.534 0.539 0.502 0.468 0.435 0.46 0.484 0.438 0.379 0.379 0.404 0.36 0.348 0.287 0.232 0.191 0.256 0.302 0.314 0.415 0.414 0.429 0.403 0.401 0.383 0.405 0.392 0.396 0.407 0.387 0.415 0.511 0.566 0.564 0.569 0.544 0.547 0.574 0.587 0.557 0.572 0.595 0.557 0.56 0.577 0.572 0.59 0.567 0.547 0.552 0.552 0.56 0.597 0.647 0.705 0.68 0.68 0.66 0.665 0.675 0.665 0.692 0.697 0.63 0.602 0.607 0.67
0.579 0.602 0.622 0.652 0.611 0.592 0.571 0.597 0.535 0.528 0.543 0.509 0.473 0.443 0.451 0.424 0.382 0.371 0.337 0.394 0.327 0.344 0.295 0.279 0.281 0.282 0.324 0.353 0.404 0.398 0.418 0.438 0.428 0.438 0.412 0.443 0.408 0.399 0.409 0.357 0.436 0.539 0.562 0.589 0.569 0.572 0.589 0.572 0.577 0.572 0.56 0.557 0.547 0.57 0.557 0.567 0.557 0.517 0.555 0.567 0.59 0.63 0.697 0.712 0.667 0.695 0.697 0.677 0.692 0.692 0.672 0.682 0.637 0.602 0.587 0.632
0.524 0.559 0.602 0.639 0.63 0.617 0.774 0.626 0.551 0.558 0.574 0.497 0.502 0.498 0.567 0.44 0.38 0.361 0.329 0.402 0.267 0.278 0.3 0.331 0.416 0.412 0.344 0.31 0.393 0.313 0.41 0.431 0.46 0.474 0.48 0.54 0.449 0.42 0.395 0.354 0.377 0.455 0.527 0.564 0.562 0.569 0.574 0.584 0.597 0.572 0.597 0.582 0.562 0.58 0.585 0.572 0.557 0.552 0.55 0.59 0.655 0.667 0.682 0.69 0.68 0.692 0.717 0.68 0.695 0.705 0.717 0.687 0.652 0.612 0.572 0.57
0.552 0.484 0.574 0.622 0.632 0.642 0.688 0.571 0.545 0.578 0.554 0.496 0.505 0.743 1.281 0.727 0.393 0.392 0.377 0.364 0.208 0.268 0.328 0.433 0.548 0.537 0.387 0.262 0.306 0.437 0.402 0.44 0.472 0.507 0.526 0.512 0.49 0.446 0.426 0.387 0.361 0.421 0.487 0.557 0.572 0.567 0.577 0.572 0.582 0.579 0.577 0.592 0.59 0.582 0.575 0.617 0.565 0.565 0.6 0.652 0.69 0.685 0.682 0.705 0.702 0.705 0.715 0.692 0.685 0.672 0.712 0.702 0.617 0.62 0.582 0.58
0.492 0.447 0.579 0.684 0.644 0.646 0.626 0.58 0.578 0.566 0.572 0.571 0.536 0.553 0.755 0.587 0.456 0.439 0.42 0.42 0.315 0.302 0.39 0.459 0.459 0.528 0.466 0.267 0.351 0.327 0.473 0.457 0.454 0.44 0.449 0.528 0.521 0.479 0.472 0.44 0.4 0.395 0.507 0.559 0.592 0.572 0.567 0.574 0.567 0.557 0.577 0.587 0.592 0.577 0.57 0.58 0.58 0.577 0.587 0.642 0.69 0.695 0.667 0.687 0.682 0.722 0.715 0.702 0.705 0.692 0.685 0.655 0.607 0.61 0.582 0.585
0.537 0.587 0.579 0.659 0.644 0.634 0.641 0.622 0.589 0.581 0.604 0.612 0.597 0.534 0.498 0.503 0.477 0.515 0.486 0.467 0.411 0.409 0.449 0.432 0.486 0.476 0.558 0.411 0.386 0.299 0.419 0.414 0.406 0.413 0.43 0.508 0.499 0.513 0.525 0.477 0.396 0.392 0.494 0.552 0.589 0.594 0.584 0.567 0.574 0.582 0.575 0.577 0.575 0.582 0.577 0.59 0.605 0.57 0.597 0.642 0.67 0.69 0.67 0.68 0.687 0.697 0.707 0.71 0.68 0.64 0.622 0.585 0.595 0.595 0.59 0.605
0.569 0.514 0.562 0.642 0.642 0.654 0.654 0.656 0.665 0.606 0.598 0.643 0.696 0.573 0.501 0.531 0.473 0.542 0.477 0.486 0.406 0.324 0.386 0.422 0.498 0.537 1.103 0.718 0.458 0.347 0.418 0.407 0.385 0.439 0.484 0.533 0.508 0.493 0.511 0.503 0.468 0.406 0.414 0.487 0.542 0.584 0.554 0.579 0.574 0.559 0.587 0.575 0.565 0.585 0.612 0.572 0.587 0.57 0.592 0.64 0.652 0.66 0.667 0.685 0.69 0.667 0.672 0.672 0.632 0.612 0.59 0.592 0.58 0.595 0.585 0.602
