All_lidar/sz6387_DSM_2M.asc
ncols 500
nrows 500
xllcorner    463000
yllcorner    87000
cellsize     2
NODATA_value -9999
[rows 102 to 135 of 500, columns 380 to 455 of 500]
19.13 19.122 19.107 19.075 19.007 18.93 18.847 18.702 18.542 18.392 18.332 18.375 18.367 18.237 18.04 17.82 17.69 17.577 17.452 17.317 17.19 17.042 16.99 16.945 16.945 16.937 16.92 16.82 16.707 16.57 16.46 16.372 16.302 16.217 16.112 15.925 15.857 15.77 15.705 15.735 15.69 15.65 15.71 15.64 15.65 15.63 15.602 15.59 16.767 16.19 15.902 15.887 16.215 16.252 16.365 16.352 16.867 16.53 16.717 16.94 17.757 17.307 17.285 17.277 17.507 17.675 17.685 17.76 18.122 18.137 18.002 18.049 18.349 18.467 18.572 18.692
19.525 19.485 19.412 19.36 19.345 19.312 19.277 19.172 18.942 18.675 18.417 18.405 18.407 18.395 18.275 18.095 17.917 17.802 17.625 17.525 17.412 17.297 17.19 17.087 17.052 17.037 17.035 16.977 16.877 16.782 16.677 16.597 16.48 16.362 16.255 16.115 16.012 15.967 15.917 15.87 15.88 15.902 15.907 15.8 15.835 15.88 15.867 15.822 15.895 16.045 15.907 16.087 16.16 16.525 16.497 16.55 16.555 16.617 16.815 17.672 17.965 17.305 17.59 17.645 17.61 17.772 17.842 18.285 18.245 18.237 18.199 18.239 18.519 18.589 18.689 20.222
19.97 19.89 19.835 19.685 19.572 19.47 19.352 19.32 19.255 19.005 18.702 18.54 18.465 18.465 18.377 18.272 18.14 17.982 17.817 17.72 17.602 17.477 17.417 17.297 17.205 17.13 17.087 17.05 16.955 16.925 16.83 16.747 16.585 16.517 16.465 16.322 16.24 16.195 16.1 16.057 16.037 16.095 16.117 16.04 16.057 16.082 16.082 15.985 16.512 18.102 15.732 16.51 16.412 16.617 16.67 16.74 16.745 16.805 17.002 17.487 17.542 17.625 17.837 17.817 17.957 17.945 18.107 18.247 18.31 18.39 18.332 18.409 18.689 22.432 19.884 18.952
20.33 20.275 20.245 20.145 19.987 19.822 19.562 19.37 19.352 19.245 19.03 18.78 18.63 18.567 18.435 18.312 18.195 18.132 18.042 17.925 17.825 17.702 17.582 17.51 17.382 17.26 17.142 17.085 17.035 16.997 16.932 16.882 16.742 16.75 16.685 16.497 16.425 16.352 16.33 16.282 16.255 16.39 16.392 16.292 16.292 16.287 16.247 16.267 16.567 18.235 16.175 16.587 16.577 16.795 16.9 17.02 16.995 16.972 17.072 17.307 17.51 17.885 17.98 18.085 18.33 18.19 18.47 18.422 18.525 18.647 18.514 18.584 18.837 20.479 19.012 19.162
20.54 20.51 20.477 20.4 20.34 20.237 20.04 19.78 19.6 19.442 19.235 18.992 18.805 18.68 18.507 18.32 18.19 18.155 18.16 18.117 17.992 17.877 17.742 17.632 17.552 17.47 17.322 17.22 17.132 17.1 17.09 17.09 17.035 17.005 16.91 16.782 16.682 16.612 16.565 16.485 16.497 16.615 16.617 16.56 16.51 16.52 16.462 16.47 16.607 17.427 16.322 16.845 17.045 17.042 17.132 17.192 17.227 17.23 17.235 17.517 17.51 17.75 18.042 18.017 18.132 18.31 18.497 18.547 18.625 19.015 19.659 18.982 18.944 19.014 19.139 19.357
20.767 20.73 20.677 20.597 20.54 20.492 20.382 20.212 19.997 19.82 19.617 19.365 19.11 18.922 18.712 18.52 18.327 18.175 18.147 18.152 18.115 18.01 17.93 17.86 17.78 17.682 17.577 17.477 17.392 17.347 17.3 17.307 17.305 17.22 17.122 17.025 16.895 16.885 16.85 16.725 16.745 16.782 16.772 16.727 16.725 16.695 16.645 16.665 16.74 16.817 16.987 17.317 17.267 17.192 17.307 17.352 17.435 17.465 17.572 18.822 17.865 17.947 18.09 18.147 18.257 18.47 18.552 18.715 18.855 19.252 18.899 18.852 19.004 19.212 19.772 19.507
21.057 21.015 20.935 20.85 20.74 20.68 20.575 20.42 20.237 20.065 19.937 19.805 19.57 19.367 19.087 18.765 18.6 18.382 18.3 18.202 18.112 18.055 18.075 18.045 17.972 17.9 17.862 17.76 17.695 17.642 17.58 17.535 17.517 17.392 17.34 17.232 17.142 17.097 17.08 16.962 16.97 16.952 16.895 16.905 16.865 16.842 16.85 16.832 16.91 16.887 17.472 17.322 17.265 17.467 18.45 18.212 17.64 17.93 19.515 21.29 18.362 18.082 18.322 18.675 18.497 18.92 19.852 18.88 19.11 21.055 19.007 19.147 20.652 19.927 19.507 19.717
21.295 21.267 21.207 21.115 21.03 20.915 20.755 20.612 20.46 20.19 20.11 20.027 19.86 19.665 19.467 19.22 18.917 18.645 18.527 18.407 18.195 18.167 18.227 18.235 18.167 18.122 18.067 17.997 17.94 17.842 17.765 17.73 17.697 17.602 17.535 17.495 17.372 17.292 17.267 17.19 17.247 17.187 17.115 17.045 16.972 17.005 17.012 17.032 17.035 17.087 17.977 17.665 17.29 17.567 19.337 17.767 17.835 17.832 20.485 20.76 18.39 19.547 18.702 18.575 19.54 18.85 19.147 19.735 18.922 18.987 21.344 19.194 19.452 19.834 19.614 19.782
21.477 21.472 21.417 21.33 21.225 21.107 20.96 20.815 20.675 20.395 20.215 20.202 20.04 19.91 19.762 19.525 19.285 19.127 18.872 18.682 18.472 18.332 18.355 18.4 18.355 18.307 18.287 18.242 18.117 17.99 17.922 17.885 17.847 17.802 17.717 17.697 17.627 17.542 17.502 17.465 17.46 17.397 17.305 17.207 17.215 17.115 17.2 17.25 17.245 17.31 17.527 17.307 19.017 19.415 18.037 18.13 18.3 18.375 19.897 20.607 18.19 18.222 18.355 18.492 18.605 18.767 18.895 18.967 19.032 19.142 19.312 19.534 19.659 19.679 19.759 19.889
21.682 21.615 21.59 21.527 21.465 21.345 21.195 21.045 20.855 20.647 20.36 20.365 20.287 20.065 19.957 19.777 19.507 19.365 19.247 19.052 18.882 18.625 18.485 18.542 18.552 18.505 18.5 18.447 18.32 18.22 18.152 18.09 18.02 17.995 17.952 17.885 17.845 17.752 17.71 17.687 17.622 17.525 17.792 18.085 18.145 17.51 17.64 17.71 17.735 17.92 17.927 17.572 21.37 19.932 18.585 18.385 18.087 18.095 18.12 18.237 18.282 18.295 18.42 18.55 18.662 18.802 19.015 19.1 19.21 19.4 19.629 19.847 19.997 20.057 19.979 20.024
21.812 21.77 21.722 21.705 21.632 21.56 21.42 21.265 21.092 20.902 20.632 20.495 20.48 20.337 20.157 20.025 19.815 19.572 19.345 19.305 19.24 19.015 18.737 18.672 18.712 18.732 18.697 18.677 18.59 18.447 18.342 18.305 18.247 18.19 18.142 18.05 17.98 17.96 17.932 17.855 17.767 17.707 18.565 18.21 18.5 18.68 18.397 18.177 20.492 19.842 20.372 18.13 19.437 25.28 18.35 18.142 18.152 18.142 18.247 18.367 18.48 18.607 18.727 18.825 18.925 19.067 19.165 19.207 19.387 19.625 19.879 20.064 20.169 20.244 20.212 20.214
21.987 21.95 21.917 21.89 21.815 21.767 21.645 21.485 21.332 21.137 20.887 20.65 20.64 20.56 20.397 20.312 20.162 19.885 19.515 19.427 19.482 19.36 19.08 18.872 18.925 18.932 18.877 18.845 18.815 18.672 18.56 18.525 18.455 18.417 18.365 18.255 18.212 18.17 18.107 18.037 17.87 18.165 18.832 19.052 17.962 18.037 18.245 18.747 18.535 19.97 19.582 18.865 19.362 23.952 20.397 18.312 18.345 18.402 18.532 18.662 18.795 18.945 19.1 19.15 19.215 19.282 19.355 19.455 19.582 19.75 20.007 20.174 20.232 20.317 20.387 20.402
22.13 22.102 22.067 22.07 21.992 21.922 21.842 21.7 21.587 21.407 21.157 20.875 20.795 20.712 20.58 20.532 20.457 20.222 19.825 19.525 19.63 19.585 19.35 19.125 19.1 19.12 19.05 19.007 18.972 18.88 18.752 18.677 18.622 18.605 18.52 18.447 18.417 18.372 18.272 18.165 18.022 18.465 18.902 19.482 18.927 18.647 18.362 18.457 18.287 18.492 21.005 19.752 18.28 20.335 18.442 18.495 18.565 18.667 18.757 18.892 19.002 19.145 19.25 19.355 19.377 19.45 19.567 19.677 19.795 19.935 20.062 20.284 20.314 20.529 20.582 20.677
22.305 22.257 22.23 22.21 22.182 22.135 22.057 21.955 21.842 21.662 21.457 21.112 20.975 20.915 20.817 20.68 20.64 20.557 20.237 19.83 19.715 19.725 19.56 19.347 19.265 19.227 19.24 19.2 19.142 19.087 18.955 18.865 18.85 18.797 18.7 18.632 18.577 18.522 18.417 18.35 18.237 18.395 19.325 18.912 18.617 18.462 18.382 18.405 18.36 18.422 20.955 18.352 18.432 18.487 18.562 18.672 18.79 18.825 18.907 19 19.132 19.232 19.312 19.417 19.497 19.575 19.66 19.802 19.937 20.062 20.192 20.352 20.489 20.702 20.747 20.852
22.432 22.432 22.407 22.405 22.362 22.33 22.25 22.15 22.037 21.91 21.77 21.492 21.197 21.127 21.037 20.917 20.807 20.797 20.585 20.19 19.845 19.827 19.762 19.582 19.435 19.407 19.417 19.37 19.305 19.282 19.117 19.022 18.96 18.957 18.91 18.872 18.755 18.7 18.635 18.58 18.497 18.502 19.94 19.182 18.622 18.537 18.505 18.535 18.58 18.592 18.557 18.627 18.625 18.697 18.79 18.83 18.912 18.977 19.005 19.067 19.17 19.275 19.38 19.485 19.602 19.692 19.815 19.987 20.132 20.257 20.362 20.477 20.627 20.792 20.839 20.979
22.595 22.587 22.565 22.577 22.56 22.517 22.445 22.357 22.265 22.132 22.007 21.81 21.547 21.332 21.225 21.187 21.022 20.945 20.86 20.565 20.12 19.93 19.977 19.787 19.607 19.575 19.59 19.587 19.51 19.422 19.34 19.19 19.067 19.085 19.08 19.032 18.962 18.9 18.857 18.78 18.735 18.695 19.2 18.747 18.862 18.637 18.647 18.637 18.662 18.712 18.75 18.76 18.805 18.832 18.86 18.945 19.01 19.112 19.14 19.177 19.297 19.412 19.5 19.607 19.732 19.847 19.99 20.132 20.255 20.4 20.519 20.657 20.764 20.899 20.947 21.062
22.735 22.73 22.75 22.73 22.725 22.667 22.632 22.532 22.482 22.357 22.242 22.09 21.862 21.595 21.43 21.402 21.33 21.127 21.037 20.825 20.405 20.067 20.102 20.03 19.827 19.722 19.717 19.737 19.692 19.622 19.552 19.405 19.225 19.17 19.177 19.155 19.12 19.097 19.047 18.995 18.93 18.857 19.45 19.562 19.307 18.747 18.79 18.802 18.857 18.847 18.845 18.902 18.962 18.975 19.007 19.122 19.187 19.265 19.325 19.402 19.477 19.585 19.652 19.75 19.87 20.012 20.155 20.272 20.427 20.537 20.652 20.809 20.907 21.067 21.074 21.177
22.897 22.895 22.91 22.915 22.887 22.827 22.805 22.74 22.677 22.57 22.47 22.365 22.135 21.865 21.582 21.547 21.512 21.417 21.255 21.125 20.77 20.335 20.202 20.24 20.05 19.822 19.782 19.817 19.82 19.81 19.74 19.58 19.415 19.327 19.292 19.27 19.25 19.23 19.2 19.175 19.172 19.075 19.16 20.435 20.117 18.895 18.917 18.932 19.015 19.017 19 19.025 19.095 19.132 19.197 19.277 19.345 19.41 19.522 19.582 19.675 19.805 19.822 19.935 20.042 20.167 20.32 20.46 20.62 20.722 20.817 20.952 21.027 21.234 21.217 21.334
23.085 23.097 23.087 23.085 23.065 23.04 22.99 22.92 22.88 22.81 22.702 22.587 22.382 22.162 21.825 21.627 21.625 21.612 21.437 21.365 21.162 20.762 20.475 20.445 20.355 20.092 19.882 19.842 19.927 19.915 19.905 19.792 19.625 19.52 19.422 19.395 19.377 19.385 19.377 19.405 19.352 19.267 19.192 20.38 19.782 19.105 19.042 19.09 19.16 19.202 19.207 19.212 19.217 19.26 19.312 19.377 19.492 19.575 19.705 19.812 19.935 19.995 20.085 20.132 20.26 20.36 20.5 20.625 20.795 20.932 20.982 21.104 21.189 21.389 21.379 21.464
23.247 23.267 23.255 23.235 23.245 23.215 23.172 23.102 23.045 23.002 22.915 22.792 22.632 22.417 22.122 21.817 21.727 21.762 21.667 21.522 21.435 21.162 20.762 20.62 20.595 20.385 20.1 19.982 19.967 19.99 19.997 19.952 19.817 19.727 19.647 19.542 19.542 19.56 19.575 19.607 19.59 19.487 19.367 19.947 19.865 19.53 19.262 19.277 19.34 19.405 19.392 19.385 19.385 19.38 19.44 19.497 19.61 19.735 19.897 19.992 20.105 20.22 20.31 20.4 20.485 20.585 20.697 20.812 20.95 21.097 21.182 21.279 21.379 21.534 21.544 21.597
23.392 23.417 23.397 23.415 23.402 23.367 23.342 23.297 23.245 23.175 23.107 22.992 22.852 22.677 22.432 22.085 21.895 21.89 21.857 21.717 21.65 21.5 21.117 20.69 20.682 20.662 20.48 20.342 20.227 20.147 20.127 20.12 20.06 19.952 19.85 19.745 19.692 19.732 19.75 19.8 19.78 19.695 19.592 20.105 20.647 20.05 19.452 19.467 19.53 19.587 19.585 19.59 19.55 19.542 19.615 19.712 19.795 19.917 20.042 20.147 20.3 20.405 20.525 20.602 20.705 20.807 20.91 21.005 21.147 21.285 21.367 21.462 21.534 21.704 21.719 21.794
23.542 23.575 23.63 23.617 23.567 23.567 23.515 23.51 23.452 23.437 23.325 23.225 23.092 22.935 22.732 22.442 22.145 22.085 22.065 21.952 21.815 21.732 21.46 21.047 20.795 20.83 20.785 20.685 20.567 20.42 20.357 20.33 20.267 20.187 20.072 19.97 19.897 19.902 19.917 19.985 19.965 19.88 19.852 20.022 20.82 20.645 19.89 19.742 19.67 19.757 19.797 19.827 19.765 19.767 19.822 19.895 19.962 20.105 20.25 20.372 20.48 20.622 20.735 20.842 20.942 21.052 21.14 21.232 21.347 21.462 21.569 21.632 21.742 21.842 21.917 21.972
23.705 23.725 23.755 23.772 23.775 23.757 23.687 23.685 23.695 23.63 23.527 23.47 23.335 23.202 22.977 22.805 22.417 22.227 22.23 22.197 22.032 21.932 21.74 21.445 21.157 20.98 20.982 20.877 20.797 20.675 20.58 20.532 20.477 20.4 20.33 20.19 20.135 20.097 20.08 20.11 20.082 20.022 20.057 20.04 20.767 21.062 20.35 19.997 19.9 19.955 20.012 20.03 20.03 19.975 20.075 20.117 20.202 20.3 20.457 20.577 20.697 20.83 20.947 21.067 21.165 21.3 21.372 21.43 21.517 21.645 21.754 21.847 21.929 22.019 22.092 22.129
23.827 23.87 23.887 23.942 23.93 23.947 23.917 23.86 23.837 23.807 23.735 23.66 23.55 23.405 23.257 23.06 22.755 22.42 22.332 22.365 22.287 22.12 22.02 21.717 21.487 21.302 21.155 21.095 21.017 20.95 20.862 20.747 20.64 20.567 20.49 20.387 20.335 20.287 20.255 20.277 20.24 20.155 20.225 20.24 20.775 21.91 21.382 20.32 20.202 20.165 20.24 20.29 20.287 20.242 20.277 20.365 20.43 20.52 20.677 20.815 20.947 21.087 21.165 21.295 21.422 21.5 21.587 21.637 21.72 21.827 21.952 22.054 22.149 22.202 22.312 22.342
23.947 23.992 24.025 24.062 24.075 24.06 24.037 24.007 23.987 23.955 23.912 23.825 23.737 23.637 23.5 23.322 23.09 22.842 22.537 22.5 22.492 22.34 22.237 22.042 21.747 21.59 21.437 21.302 21.217 21.167 21.102 20.967 20.807 20.717 20.647 20.587 20.572 20.497 20.445 20.452 20.41 20.355 20.395 20.462 20.475 21.992 21.87 20.695 20.45 20.415 20.487 20.507 20.547 20.512 20.522 20.592 20.66 20.745 20.877 21.082 21.172 21.297 21.42 21.522 21.645 21.755 21.842 21.852 21.912 22.04 22.162 22.262 22.354 22.394 22.554 22.549
24.032 24.06 24.122 24.165 24.202 24.192 24.182 24.175 24.155 24.127 24.102 24.04 23.947 23.855 23.715 23.567 23.4 23.18 22.92 22.692 22.697 22.597 22.445 22.322 22.05 21.825 21.62 21.495 21.425 21.325 21.217 21.16 21.04 20.93 20.845 20.767 20.737 20.677 20.66 20.642 20.59 20.557 20.58 20.61 20.587 22.39 22.21 21.617 20.63 20.595 20.645 20.747 20.775 20.747 20.742 20.825 20.915 20.965 21.065 21.26 21.422 21.53 21.645 21.77 21.89 21.982 22.085 22.09 22.157 22.285 22.379 22.469 22.559 22.614 22.737 22.737
24.17 24.215 24.297 24.335 24.355 24.37 24.33 24.332 24.33 24.287 24.272 24.215 24.155 24.08 23.92 23.782 23.635 23.477 23.257 23 22.862 22.825 22.662 22.55 22.345 22.112 21.84 21.65 21.605 21.49 21.342 21.297 21.217 21.112 21.067 20.98 20.897 20.842 20.842 20.817 20.787 20.747 20.785 20.8 20.84 21.322 22.11 22.165 21.157 20.81 20.832 20.952 21.015 21.027 21.012 21.072 21.145 21.187 21.277 21.42 21.612 21.75 21.852 21.977 22.087 22.185 22.297 22.347 22.427 22.532 22.629 22.702 22.749 22.782 22.952 22.902
24.29 24.352 24.397 24.462 24.517 24.477 24.52 24.482 24.48 24.462 24.46 24.422 24.382 24.27 24.16 23.997 23.867 23.73 23.542 23.36 23.18 23.06 22.912 22.747 22.605 22.402 22.16 21.865 21.785 21.645 21.527 21.475 21.412 21.32 21.255 21.182 21.087 21.022 21.05 21.007 20.982 20.985 21.015 20.985 21.027 21.322 22.325 22.412 21.86 21.072 21.09 21.165 21.245 21.275 21.27 21.297 21.367 21.402 21.457 21.585 21.762 21.945 22.057 22.155 22.252 22.395 22.502 22.587 22.655 22.732 22.814 22.932 22.944 22.972 23.189 23.069
24.375 24.435 24.52 24.57 24.58 24.605 24.657 24.625 24.617 24.602 24.587 24.575 24.555 24.43 24.35 24.22 24.082 23.99 23.83 23.665 23.515 23.355 23.212 22.97 22.855 22.675 22.432 22.145 21.972 21.89 21.765 21.697 21.66 21.545 21.447 21.387 21.305 21.245 21.247 21.205 21.13 21.162 21.21 21.197 21.172 21.395 22.442 22.852 22.42 21.462 21.357 21.4 21.467 21.51 21.485 21.487 21.555 21.597 21.657 21.745 21.915 22.075 22.212 22.31 22.422 22.577 22.7 22.81 22.88 22.932 23.032 23.114 23.177 23.182 23.447 23.284
24.425 24.525 24.607 24.692 24.72 24.75 24.77 24.797 24.755 24.757 24.77 24.777 24.742 24.672 24.56 24.457 24.305 24.212 24.08 23.902 23.75 23.607 23.422 23.255 23.05 22.91 22.712 22.432 22.18 22.092 21.987 21.885 21.825 21.697 21.61 21.567 21.52 21.492 21.442 21.362 21.31 21.337 21.355 21.342 21.265 21.267 22.655 23.422 22.807 22.165 21.595 21.622 21.677 21.755 21.742 21.715 21.752 21.775 21.807 21.912 22.057 22.215 22.37 22.472 22.59 22.732 22.885 22.977 23.03 23.082 23.209 23.294 23.349 23.352 23.484 23.367
24.537 24.607 24.722 24.772 24.842 24.852 24.847 24.885 24.897 24.892 24.912 24.92 24.905 24.86 24.742 24.642 24.557 24.445 24.305 24.175 23.982 23.82 23.645 23.527 23.327 23.115 23.002 22.73 22.502 22.295 22.207 22.102 22.042 21.897 21.777 21.74 21.707 21.712 21.637 21.537 21.49 21.497 21.505 21.497 21.422 21.28 22.757 23.835 23.495 23.2 21.835 21.807 21.86 21.917 21.935 21.907 21.927 21.937 21.992 22.077 22.212 22.405 22.512 22.61 22.75 22.905 23.017 23.115 23.19 23.245 23.364 23.462 23.529 23.534 23.632 23.554
24.642 24.705 24.79 24.875 24.915 24.982 24.99 25.012 25.035 25.025 25.05 25.045 25.035 24.955 24.895 24.815 24.71 24.632 24.54 24.405 24.247 24.052 23.892 23.71 23.6 23.362 23.272 23.057 22.817 22.545 22.382 22.345 22.252 22.16 22.027 21.897 21.902 21.94 21.835 21.712 21.695 21.67 21.695 21.632 21.567 21.5 22.132 22.967 22.995 23.49 22.04 21.967 22.027 22.112 22.125 22.11 22.14 22.157 22.222 22.285 22.402 22.545 22.68 22.755 22.902 23.04 23.135 23.225 23.322 23.417 23.509 23.627 23.694 23.724 23.777 23.784
24.697 24.752 24.835 24.912 24.985 25.057 25.062 25.107 25.137 25.142 25.14 25.167 25.147 25.085 25.057 24.962 24.842 24.787 24.695 24.58 24.437 24.282 24.12 23.932 23.79 23.642 23.48 23.345 23.11 22.867 22.612 22.567 22.47 22.395 22.297 22.18 22.115 22.105 21.967 21.902 21.935 21.885 21.855 21.755 21.737 21.747 21.82 22.497 22.965 23.222 22.217 22.167 22.245 22.33 22.39 22.365 22.362 22.36 22.435 22.487 22.602 22.72 22.85 22.937 23.05 23.177 23.3 23.39 23.477 23.582 23.682 23.777 23.852 23.924 23.967 23.987
24.712 24.797 24.87 24.987 25.072 25.097 25.14 25.18 25.205 25.21 25.27 25.26 25.275 25.207 25.15 25.052 24.955 24.88 24.835 24.752 24.64 24.472 24.337 24.172 24 23.885 23.672 23.585 23.405 23.14 22.895 22.777 22.675 22.592 22.555 22.487 22.382 22.31 22.19 22.16 22.135 22.115 22.065 21.96 21.932 22.002 22.062 22.767 22.937 22.572 22.342 22.375 22.522 22.595 22.637 22.602 22.562 22.582 22.63 22.665 22.77 22.892 23.022 23.082 23.22 23.327 23.452 23.557 23.665 23.735 23.834 23.924 24.027 24.092 24.157 24.182
