All_lidar/sz6391_DSM_2M.asc
ncols 500
nrows 500
xllcorner    463000
yllcorner    91000
cellsize     2
NODATA_value -9999
[rows 170 to 203 of 500, columns 152 to 227 of 500]
-2.019 -1.754 -1.508 -1.378 -1.054 -0.886 -0.717 -0.351 -0.196 -0.017 0.146 0.316 0.428 0.482 0.474 0.447 0.396 0.258 0.136 -0.047 -0.247 -0.527 -0.663 -0.925 -1.19 -1.278 -1.53 -1.829 -2.046 -2.089 -2.067 -2.052 -2.092 -2.108 -2.057 -1.975 -1.964 -1.6 -1.364 -1.117 -0.95 -0.736 -0.42 -0.271 -0.043 0.2 0.369 0.603 0.768 0.842 0.882 0.834 0.717 0.599 0.451 0.233 0.163 0.187 0.123 0.066 -0.115 -0.211 -0.07 0.043 0.147 0.203 0.216 0.426 0.679 0.897 0.959 0.951 0.937 0.914 1.133 1.359
-2.05 -1.973 -1.57 -1.445 -1.16 -1.026 -0.795 -0.532 -0.367 -0.223 -0.054 0.046 0.186 0.241 0.262 0.257 0.203 0.03 -0.073 -0.269 -0.371 -0.705 -0.782 -1.076 -1.279 -1.519 -1.67 -1.905 -2.108 -2.055 -2.028 -2.136 -2.016 -2.022 -2.048 -2.052 -2.083 -1.71 -1.522 -1.181 -0.99 -0.839 -0.635 -0.367 -0.192 0.034 0.176 0.37 0.494 0.57 0.618 0.618 0.49 0.407 0.289 0.046 -0.064 -0.036 -0.149 -0.243 -0.32 -0.381 -0.318 -0.249 -0.141 0.173 0.409 0.632 0.871 1.002 1.105 1.214 1.167 0.968 0.937 1.127
-2.107 -2.051 -1.725 -1.559 -1.275 -1.17 -0.936 -0.749 -0.567 -0.4 -0.291 -0.117 -0.129 0.038 0.041 -0.035 -0.075 -0.143 -0.266 -0.477 -0.65 -0.852 -1.089 -1.123 -1.364 -1.576 -1.86 -1.997 -2.003 -2.05 -1.987 -2.006 -2.044 -2.123 -2.225 -2.102 -2.137 -1.754 -1.511 -1.296 -1.079 -0.945 -0.738 -0.544 -0.306 -0.137 -0.004 0.142 0.242 0.393 0.376 0.398 0.271 0.219 0.107 -0.085 -0.22 -0.363 -0.345 -0.368 -0.505 -0.603 -0.546 -0.303 -0.028 0.217 0.474 0.704 0.966 1.18 1.366 1.467 1.352 1.075 0.859 0.857
-2.03 -2.225 -1.985 -1.805 -1.52 -1.306 -1.137 -0.963 -0.799 -0.683 -0.418 -0.339 -0.261 -0.239 -0.318 -0.242 -0.375 -0.431 -0.492 -0.657 -0.916 -1.026 -1.151 -1.29 -1.446 -1.818 -1.96 -2.09 -2.052 -2.064 -1.988 -2.06 -2.124 -2.081 -2.026 -2.063 -2.088 -1.899 -1.658 -1.449 -1.352 -1.079 -0.892 -0.636 -0.523 -0.315 -0.177 -0.046 0.027 0.11 0.125 0.149 0.044 0.002 -0.129 -0.3 -0.504 -0.666 -0.586 -0.651 -0.709 -0.746 -0.54 -0.273 -0 0.215 0.464 0.721 0.968 1.233 1.504 1.744 1.413 1.187 1.209 1.181
-2.031 -2.151 -2.125 -1.833 -1.707 -1.555 -1.266 -1.078 -1.039 -0.814 -0.686 -0.654 -0.476 -0.508 -0.546 -0.556 -0.563 -0.594 -0.557 -0.713 -1.007 -1.198 -1.37 -1.508 -1.62 -2.034 -2.093 -2.138 -2.094 -2.009 -2.078 -1.976 -2.08 -2.148 -2.009 -2.047 -2.056 -1.91 -1.673 -1.57 -1.434 -1.135 -0.965 -0.899 -0.687 -0.552 -0.344 -0.236 -0.201 -0.151 -0.124 -0.123 -0.181 -0.209 -0.301 -0.508 -0.639 -0.792 -0.768 -0.833 -0.982 -0.765 -0.509 -0.264 -0.05 0.252 0.484 0.718 0.954 1.222 1.375 1.46 1.33 1.312 1.456 1.365
-2.052 -2.031 -2.099 -2.025 -1.933 -1.679 -1.457 -1.318 -1.31 -1.002 -0.93 -0.866 -0.806 -0.754 -0.711 -0.805 -0.779 -0.85 -0.73 -0.9 -1.245 -1.401 -1.548 -1.738 -1.959 -2.024 -2.167 -2.216 -2.062 -2.085 -2.038 -1.994 -2.057 -2.143 -2.004 -2.055 -2.171 -1.973 -1.89 -1.66 -1.571 -1.41 -1.136 -1.008 -0.877 -0.791 -0.638 -0.525 -0.43 -0.386 -0.383 -0.434 -0.463 -0.43 -0.519 -0.669 -0.774 -1.012 -1.138 -1.136 -1.06 -0.817 -0.501 -0.354 -0.108 0.193 0.454 0.669 0.895 1.048 1.171 1.217 1.186 1.38 1.681 1.442
-2.106 -2.062 -2.084 -2.015 -2.055 -1.852 -1.635 -1.515 -1.393 -1.262 -1.189 -1.198 -0.992 -1.038 -1.024 -1.009 -1.063 -1.172 -1.208 -1.247 -1.398 -1.516 -1.763 -1.968 -2.114 -2.086 -2.066 -2.144 -2.026 -2.005 -2.045 -1.957 -2.02 -2.117 -2.004 -2.035 -2.083 -2.037 -1.941 -1.886 -1.794 -1.55 -1.308 -1.119 -1.116 -0.927 -0.883 -0.743 -0.665 -0.593 -0.589 -0.617 -0.662 -0.685 -0.79 -0.939 -0.992 -1.137 -1.221 -1.36 -1.015 -0.849 -0.605 -0.393 -0.18 0.083 0.344 0.523 0.682 0.794 0.926 0.96 1.126 1.325 1.462 1.478
-2.138 -2.132 -2.159 -1.988 -2.02 -2.079 -1.863 -1.776 -1.69 -1.514 -1.395 -1.38 -1.26 -1.303 -1.343 -1.363 -1.274 -1.343 -1.44 -1.468 -1.601 -1.672 -1.922 -2.09 -2.054 -2.085 -2.188 -2.039 -2.098 -2.094 -1.973 -1.95 -2.069 -2.175 -2.225 -2.136 -2.062 -1.934 -2.186 -1.951 -1.941 -1.676 -1.542 -1.414 -1.285 -1.227 -1.074 -1.024 -0.92 -0.878 -0.901 -0.821 -0.861 -0.856 -1.011 -1.17 -1.256 -1.342 -1.332 -1.132 -1.114 -0.994 -0.728 -0.502 -0.303 -0.083 0.16 0.349 0.491 0.555 0.725 0.824 0.953 1.175 1.449 1.733
-2.082 -2.054 -2.061 -1.953 -1.981 -2.159 -2.137 -1.945 -1.894 -1.747 -1.81 -1.643 -1.576 -1.502 -1.493 -1.561 -1.54 -1.633 -1.646 -1.74 -1.945 -1.875 -2.018 -2.063 -2.018 -2.04 -2.102 -2.115 -2.036 -2.007 -2.01 -1.993 -2.062 -2.076 -2.019 -2.124 -2.005 -2.048 -2.15 -2.091 -2.033 -1.893 -1.652 -1.527 -1.383 -1.392 -1.204 -1.186 -1.113 -1.155 -1.14 -1.075 -1.161 -1.107 -1.378 -1.349 -1.405 -1.247 -1.098 -0.893 -0.903 -0.84 -0.741 -0.594 -0.394 -0.2 0.051 0.131 0.248 0.391 0.491 0.665 0.895 1.159 1.362 1.468
-2.129 -2.141 -2.031 -2.022 -2.029 -2.092 -2.104 -2.033 -2.029 -1.992 -1.979 -1.785 -1.827 -1.794 -1.722 -1.777 -1.816 -1.832 -1.827 -1.776 -2.069 -2.004 -2.076 -2.071 -2.023 -2.116 -2.193 -1.983 -2.071 -1.984 -2.001 -1.947 -2.112 -2.153 -2.098 -2.09 -2.065 -1.941 -2.005 -2.146 -2.014 -2.055 -1.864 -1.795 -1.578 -1.692 -1.556 -1.483 -1.546 -1.144 -1.314 -1.419 -1.44 -1.353 -1.482 -1.355 -1.193 -0.955 -0.893 -0.71 -0.631 -0.586 -0.521 -0.487 -0.541 -0.352 -0.229 -0.138 0.054 0.127 0.337 0.614 0.785 0.962 1.11 1.176
-2.056 -2.07 -2.112 -2.056 -2.034 -2.171 -2.093 -1.989 -2.058 -2.101 -2.05 -2.036 -2.003 -2.129 -2.074 -1.989 -2.071 -2.092 -2.006 -2.033 -2.041 -2.002 -2.049 -2.01 -2.06 -2.114 -2.169 -2.011 -2.017 -1.894 -1.971 -2.189 -1.993 -1.996 -2.032 -2.003 -2.033 -2.101 -2.143 -2.121 -2.127 -1.976 -2.091 -2.048 -1.803 -1.784 -1.608 -1.79 -1.672 -1.676 -1.622 -1.607 -1.646 -1.552 -1.353 -1.143 -0.983 -0.721 -0.67 -0.483 -0.322 -0.22 -0.286 -0.337 -0.22 -0.393 -0.412 -0.311 -0.16 -0.018 0.239 0.421 0.602 0.738 0.92 1.188
-2.114 -2.092 -2.065 -2.044 -2.065 -2.059 -2.009 -2.073 -2.052 -2.093 -1.969 -1.961 -2.026 -1.853 -2.017 -1.959 -2.081 -2.05 -2.04 -2.106 -2.067 -2.118 -1.983 -2.022 -2.129 -2.23 -1.981 -1.986 -2.158 -1.856 -1.78 -2.17 -2.053 -2.289 -2.157 -1.971 -1.971 -2.038 -2.123 -2.04 -2.038 -2.092 -2.079 -2.025 -2.022 -2.036 -1.92 -1.96 -1.808 -1.835 -1.805 -1.827 -1.613 -1.402 -1.331 -0.993 -0.738 -0.533 -0.492 -0.361 -0.133 -0.134 -0.109 -0.021 -0.072 -0.107 -0.221 -0.198 -0.075 0.07 0.269 0.36 0.422 0.641 0.93 1.16
-2.033 -2.022 -2.066 -2.089 -2.084 -2.015 -2.063 -2.007 -2.159 -2.051 -2.047 -2.066 -1.995 -2.079 -2.101 -2.013 -2.136 -2.084 -2.051 -2.084 -2.016 -2.089 -2.013 -2.095 -2.132 -2.032 -1.966 -2.032 -1.998 -2.103 -2.062 -1.998 -2.034 -2.115 -2.1 -1.972 -1.954 -2.004 -2.111 -2.138 -2.056 -2.031 -2.031 -2.103 -2.073 -1.975 -2.038 -2.066 -2.029 -2.078 -1.935 -1.644 -1.386 -1.354 -0.994 -0.682 -0.599 -0.349 -0.209 -0.097 0.031 0.107 0.135 0.173 0.152 0.086 0.015 -0.092 0.097 0.278 0.408 0.587 0.655 0.71 1.014 1.28
-2.01 -2.042 -1.963 -2.09 -1.978 -2.061 -2.01 -2.025 -1.753 -2.09 -2.053 -1.961 -2.04 -2.033 -1.949 -2.046 -2.11 -2.08 -2.08 -2.036 -2.016 -2.042 -2.076 -2.079 -2.093 -2.137 -2.071 -1.98 -2.097 -1.95 -2.159 -2.067 -2.202 -2.082 -2.059 -2.083 -1.925 -2.068 -2.089 -2.106 -1.758 -1.961 -2.138 -2.077 -2.111 -1.988 -2.145 -2.002 -2.122 -2.161 -1.755 -1.571 -1.441 -1.159 -0.983 -0.692 -0.308 -0.24 -0.079 0.133 0.291 0.372 0.392 0.552 0.532 0.34 0.162 0.052 0.26 0.468 0.599 0.79 0.942 0.96 0.955 1.208
-1.993 -2.017 -1.978 -2.156 -2.103 -2.14 -2.086 -1.83 -2.037 -1.938 -2.011 -2.032 -2.029 -2.023 -1.951 -2.073 -2.052 -2.002 -2.106 -2.048 -1.986 -1.817 -2.04 -2.041 -1.946 -2.042 -2.038 -2.05 -2.067 -2.114 -2.085 -2.05 -2.072 -1.771 -1.751 -1.998 -2.042 -2.012 -2.049 -1.754 -1.729 -1.997 -2.12 -2.007 -2.011 -2.047 -2.056 -1.992 -2.058 -2.013 -1.726 -1.452 -1.368 -1.05 -0.902 -0.553 -0.326 -0.168 0.065 0.316 0.443 0.606 0.668 0.712 0.648 0.544 0.4 0.25 0.337 0.569 0.769 0.958 1.159 1.177 1.104 1.168
-2.185 -2.017 -1.998 -2.08 -2.01 -2.03 -2.075 -2.028 -1.998 -1.99 -2.055 -2.049 -1.955 -2.007 -1.95 -2.073 -2.113 -1.988 -2.158 -2.11 -1.992 -2.018 -2.014 -2.059 -1.989 -2.037 -2.019 -2.031 -1.996 -2.104 -2.106 -2.012 -1.801 -2.028 -2.001 -2.1 -2.136 -2.029 -2.064 -2.01 -2.008 -1.99 -2.001 -2.089 -2.001 -2.1 -2.102 -1.994 -2.03 -1.905 -1.683 -1.467 -1.256 -1 -0.765 -0.533 -0.29 -0.028 0.222 0.431 0.584 0.8 0.915 0.933 0.864 0.747 0.588 0.412 0.363 0.628 0.914 1.158 1.391 1.43 1.31 1.116
-2.071 -1.945 -2.074 -1.986 -2.012 -1.944 -2.062 -2.101 -2.121 -2.012 -1.992 -2.019 -2.028 -1.994 -2.06 -1.995 -2.079 -1.974 -2.125 -2.206 -2.016 -1.981 -2.04 -2.002 -2.037 -2.051 -2.089 -2.065 -2.035 -2.07 -1.739 -2.048 -2.064 -2.062 -1.927 -1.907 -2.011 -2.107 -2.071 -2.125 -2.057 -2.028 -2.079 -2.017 -2.069 -1.983 -2.103 -2.07 -2.008 -1.74 -1.763 -1.384 -1.162 -0.926 -0.803 -0.417 -0.157 0.1 0.338 0.578 0.744 0.968 1.116 1.171 1.078 0.947 0.758 0.537 0.436 0.633 0.941 1.201 1.514 1.728 1.478 1.202
-2.086 -2.093 -1.988 -2.226 -2.042 -2.2 -2.165 -2.072 -2.064 -1.987 -2.075 -2.036 -1.926 -2.056 -1.966 -2.103 -2.054 -2.068 -2.102 -2.072 -2.169 -2.039 -2.122 -2.05 -2.009 -2.057 -2.067 -1.711 -1.772 -2.069 -2.01 -2.085 -2.108 -2.06 -1.924 -1.932 -1.99 -1.997 -1.961 -2.123 -2.038 -2.086 -2.061 -1.942 -2.094 -2.067 -1.962 -1.992 -2.11 -1.77 -1.576 -1.15 -1.149 -0.889 -0.66 -0.316 -0.11 0.169 0.411 0.665 0.881 1.106 1.36 1.444 1.366 1.187 0.91 0.663 0.376 0.635 0.895 1.148 1.392 1.478 1.357 1.112
-2.066 -2.035 -2.095 -2.042 -1.977 -2.045 -2.026 -1.995 -1.988 -1.963 -2.01 -1.996 -1.961 -1.948 -1.98 -2.152 -2.044 -1.988 -2.098 -2.109 -2.091 -2.131 -2.015 -2.085 -1.67 -1.739 -2.132 -2.123 -1.961 -1.953 -2.085 -2.051 -2.032 -1.971 -1.947 -1.937 -2.039 -1.949 -1.956 -2.098 -2.067 -2.086 -1.964 -2.097 -2.122 -2.145 -2.059 -2.099 -2.007 -1.78 -1.257 -1.15 -1.128 -0.902 -0.655 -0.367 -0.074 0.164 0.419 0.666 0.885 1.166 1.482 1.722 1.523 1.26 0.937 0.687 0.435 0.557 0.804 0.981 1.155 1.209 1.132 0.963
-2.03 -2.059 -1.73 -1.832 -2.057 -2.059 -2.043 -2.07 -2.061 -1.986 -1.938 -1.984 -2.002 -2.058 -2.075 -2.005 -1.967 -2.072 -2.015 -2.054 -2.12 -2.039 -2.124 -2.072 -1.988 -2.011 -2.263 -1.989 -2.121 -2.057 -2.116 -2.111 -2.023 -1.956 -1.98 -1.999 -2.086 -1.734 -2.043 -2.026 -2.06 -2.078 -2.138 -2.042 -2.01 -2.012 -2.098 -2.061 -2.129 -1.537 -1.516 -1.322 -1.146 -0.927 -0.631 -0.386 -0.147 0.135 0.386 0.609 0.85 1.136 1.426 1.534 1.46 1.225 0.954 0.624 0.378 0.661 0.911 1.138 1.367 1.44 1.314 1.126
-2.018 -2.053 -1.766 -2.085 -2.082 -2.086 -1.978 -2.097 -2.036 -1.975 -2.054 -2.033 -1.963 -2.002 -2.063 -2.044 -2.006 -2.143 -2.085 -2.144 -2.134 -2.115 -2.078 -1.988 -2.029 -2.037 -1.977 -2.072 -2.088 -2.012 -2.086 -2.207 -1.983 -1.694 -1.725 -1.768 -1.835 -1.983 -1.98 -2.113 -1.976 -1.986 -2.007 -1.976 -2.056 -2.179 -2.028 -2.011 -1.958 -1.803 -1.558 -1.398 -1.082 -0.885 -0.608 -0.413 -0.198 0.032 0.283 0.56 0.804 1.023 1.203 1.318 1.258 1.047 0.794 0.56 0.418 0.756 0.993 1.199 1.457 1.709 1.461 1.243
-2.031 -2.097 -2.013 -1.931 -2.111 -2.075 -2.138 -2.091 -1.746 -2.01 -2.044 -2.022 -2.104 -2.06 -2.05 -2.101 -2.001 -2.092 -2.059 -2.055 -2.038 -2.135 -2.008 -1.985 -2.116 -2.022 -2.032 -2.037 -2.106 -2.03 -2.009 -2.124 -2.058 -1.984 -1.82 -1.707 -2.06 -2.007 -1.966 -2.138 -1.984 -1.926 -1.945 -2.18 -1.996 -2.083 -2.139 -2.145 -2.026 -1.85 -1.596 -1.367 -1.158 -0.927 -0.7 -0.494 -0.245 -0.024 0.173 0.388 0.622 0.814 0.947 1.047 1.021 0.816 0.607 0.471 0.456 0.729 0.958 1.132 1.372 1.479 1.331 1.197
-1.999 -2.039 -2.06 -1.955 -2.037 -2.111 -1.839 -1.79 -2.001 -2.035 -1.961 -2.14 -2.057 -2.01 -2.04 -2.055 -2.008 -2.096 -2.086 -2.14 -2.036 -2.032 -1.96 -2.078 -2.052 -2.055 -1.992 -1.978 -2.074 -2.029 -2.014 -2.075 -2.147 -2.006 -2.06 -1.847 -2.012 -1.987 -1.967 -1.976 -2.057 -1.969 -1.959 -2.011 -2.013 -2.132 -2.082 -2.113 -2.107 -1.809 -1.607 -1.415 -1.27 -1.003 -0.846 -0.519 -0.354 -0.171 0.035 0.248 0.427 0.594 0.7 0.768 0.723 0.652 0.491 0.29 0.368 0.673 0.865 1.049 1.188 1.234 1.155 0.987
-2.036 -2.049 -2.024 -2.132 -2.054 -2.112 -1.765 -2.12 -1.962 -2.059 -1.988 -2.113 -2.027 -2.038 -2.035 -2.027 -2.059 -1.874 -2.134 -1.934 -2.138 -2.064 -2.012 -2.131 -2.092 -1.998 -2.093 -2.153 -1.991 -1.95 -2.098 -1.85 -2.033 -2.102 -2.093 -2.06 -2.056 -2.034 -2.034 -1.942 -1.96 -1.965 -2.039 -1.927 -2.063 -2.051 -2.053 -2.107 -2.099 -2.039 -1.727 -1.63 -1.025 -1.062 -0.866 -0.626 -0.474 -0.157 -0.005 0.089 0.268 0.355 0.448 0.444 0.364 0.374 0.275 0.092 0.204 0.472 0.666 0.872 0.986 1.013 0.991 0.86
-2.076 -2.034 -1.98 -2.071 -2.056 -2.101 -1.946 -1.96 -1.975 -2.024 -1.972 -2.044 -2.034 -1.962 -2.116 -1.759 -1.885 -2.068 -2.075 -1.931 -2.013 -2.059 -1.714 -1.857 -2.043 -2.089 -2.059 -2.124 -2.021 -2.009 -1.759 -1.927 -2.034 -2.019 -2.077 -2.086 -2.048 -2.069 -2.043 -2.077 -1.961 -2.058 -1.961 -2.019 -1.99 -2.112 -2.103 -2.206 -2.129 -2.08 -1.643 -1.615 -1.346 -1.108 -0.97 -0.76 -0.609 -0.299 -0.159 -0.065 0.034 0.13 0.17 0.155 0.182 0.168 0.044 -0.098 0.125 0.274 0.423 0.651 0.734 0.801 0.806 0.635
-2.024 -2.072 -2.057 -1.988 -2.054 -2.108 -2.043 -1.971 -1.995 -2.103 -1.931 -2.005 -2.005 -2.103 -1.835 -1.996 -2.102 -2.224 -2.033 -2.016 -2.087 -2.02 -2.101 -2.203 -2.087 -2.07 -2.096 -1.975 -2.021 -1.964 -1.801 -2.099 -2.092 -2.015 -2.033 -2.052 -2.112 -2.124 -2.055 -2.052 -1.968 -1.986 -1.893 -1.871 -2.012 -2.167 -2.081 -2.18 -2.139 -2.059 -1.928 -1.74 -1.513 -1.305 -1.101 -0.944 -0.737 -0.635 -0.462 -0.328 -0.207 -0.095 -0.11 -0.043 -0.085 -0.154 -0.232 -0.279 -0.048 0.117 0.234 0.453 0.479 0.552 0.463 0.346
-2.049 -2.049 -2.074 -2.111 -2.049 -2.064 -1.998 -2.012 -2.005 -2.018 -1.945 -1.923 -2.003 -2.018 -2.118 -2.041 -2.162 -2.071 -2.051 -2.076 -1.919 -2.02 -2.11 -2.148 -2.043 -2.111 -2.105 -2.059 -1.981 -2.119 -1.942 -2.012 -2.016 -2.07 -2.096 -2.126 -2.083 -2.034 -2.14 -2.105 -1.98 -1.904 -1.951 -1.935 -1.995 -2.165 -2.097 -2.151 -2.127 -2.09 -2.019 -1.844 -1.569 -1.414 -1.177 -1.084 -0.945 -0.832 -0.719 -0.548 -0.462 -0.424 -0.296 -0.325 -0.338 -0.369 -0.44 -0.442 -0.301 -0.077 -0.044 0.164 0.185 0.187 0.169 0.171
-2.003 -2.042 -2.015 -2.134 -2.014 -1.97 -2.02 -2.022 -2.016 -2.154 -2.03 -2.019 -2.033 -2.047 -2.127 -2.017 -2.037 -2.04 -2.09 -1.951 -2.009 -2.058 -2.123 -2.102 -2.08 -2.127 -2.045 -1.968 -2.044 -2.035 -2.07 -1.984 -2.086 -2.072 -2.002 -2.123 -2.039 -2.067 -2.079 -2.09 -1.974 -1.97 -1.956 -1.947 -1.935 -1.995 -2.21 -2.105 -2.138 -2.085 -2.174 -2.042 -1.887 -1.595 -1.424 -1.153 -1.077 -1.048 -0.893 -0.727 -0.692 -0.637 -0.538 -0.535 -0.547 -0.648 -0.749 -0.591 -0.459 -0.251 -0.213 -0.126 0.066 -0.09 -0.09 -0.038
-1.948 -2.071 -2.018 -2.065 -1.977 -2.108 -2.08 -1.982 -2.004 -2.005 -2.016 -1.936 -2.046 -2.123 -2.025 -2.099 -2.085 -2.13 -2.046 -2.113 -1.956 -2.064 -2.016 -2.055 -2.043 -2.128 -2.145 -2.13 -2.032 -2.164 -2.076 -1.867 -2.08 -1.815 -1.894 -2.105 -2.064 -2.135 -2.082 -2.058 -2.12 -1.657 -1.704 -1.644 -1.672 -1.731 -1.785 -2.168 -2.28 -2.035 -2.062 -1.988 -2.022 -1.817 -1.574 -1.213 -1.315 -1.223 -1.079 -1.121 -0.884 -0.86 -0.768 -0.61 -0.814 -0.844 -0.986 -0.779 -0.608 -0.474 -0.418 -0.39 -0.194 -0.3 -0.326 -0.36
-2.044 -2.061 -2.058 -2.059 -1.968 -2.11 -2.008 -2.056 -1.976 -1.796 -2.02 -1.997 -2.022 -2.027 -2.105 -2.121 -2.124 -1.869 -2.038 -1.977 -1.947 -2.048 -2.023 -1.789 -1.808 -2.051 -2.011 -2.151 -2.061 -2.063 -2.043 -1.965 -2.034 -2.033 -1.967 -2.152 -2.067 -2.135 -2.101 -2.063 -2.145 -2.024 -1.727 -1.601 -1.625 -1.616 -1.787 -1.836 -2.059 -2.085 -2.074 -2.01 -2.119 -2.019 -1.57 -1.695 -1.495 -1.441 -1.261 -1.047 -1.156 -1.06 -1.125 -0.86 -1.031 -1.06 -1.195 -1.021 -0.891 -0.713 -0.642 -0.457 -0.599 -0.559 -0.571 -0.655
-2.008 -2.189 -2.047 -2.051 -2.059 -2.077 -2.072 -2.03 -2.104 -2.01 -1.733 -1.718 -2.058 -2.03 -2.071 -2.051 -2.136 -2.074 -2.066 -2 -2.017 -2 -1.74 -1.712 -2.034 -1.994 -2.065 -2.115 -2.047 -2.115 -2.068 -2.034 -1.973 -1.985 -2.028 -2.015 -2.134 -2.074 -1.83 -2.151 -2.062 -1.989 -2.089 -2.01 -1.884 -1.773 -1.477 -1.648 -1.834 -2.03 -2.148 -2.045 -2.036 -2.079 -1.967 -1.874 -1.775 -1.593 -1.547 -1.457 -1.351 -1.409 -1.321 -1.298 -1.262 -1.366 -1.363 -1.217 -1.049 -0.983 -0.955 -0.685 -0.585 -0.858 -0.943 -0.902
-2.071 -2.055 -2.076 -1.993 -2.04 -2.158 -2.035 -2.103 -2.066 -2.018 -1.911 -1.987 -2.031 -2.062 -2.061 -2.038 -2.116 -2.056 -1.996 -1.971 -1.981 -2.085 -1.708 -1.729 -2.006 -2.018 -1.991 -2.107 -2.166 -2.155 -2.074 -2.095 -1.909 -2.083 -1.685 -1.693 -1.944 -2.039 -2.107 -2.101 -2.083 -2.089 -1.991 -1.966 -1.916 -1.777 -1.816 -1.816 -2.067 -2.061 -2.007 -2.012 -2.036 -2.186 -2.13 -1.986 -1.838 -1.925 -1.796 -1.773 -1.62 -1.507 -1.579 -1.515 -1.565 -1.594 -1.54 -1.49 -1.239 -1.275 -1.114 -1.185 -0.912 -0.916 -1.153 -0.933
-2.064 -2.084 -2.088 -2.039 -2.048 -2.132 -2.084 -2.092 -2.042 -1.998 -1.934 -1.986 -1.995 -2.065 -2.059 -2.111 -2.058 -2.15 -2.039 -2.049 -1.764 -1.762 -1.85 -2.017 -1.992 -2.089 -2.019 -2.235 -2.185 -2.067 -2.059 -2.106 -2.006 -1.985 -1.893 -1.723 -1.749 -2.085 -2.142 -2.153 -2.158 -2.093 -2.012 -2.044 -1.956 -2.087 -1.947 -2.039 -2.052 -2.087 -2.061 -2.119 -2.004 -2.13 -2.085 -2.139 -2.007 -2.055 -2.001 -1.971 -1.765 -1.743 -1.874 -1.806 -1.766 -1.915 -1.812 -1.606 -1.492 -1.47 -1.345 -1.434 -1.269 -1.299 -1.5 -1.148
-2.076 -2.093 -1.985 -2.092 -2.033 -2.025 -2.067 -2.018 -2.141 -2.005 -1.918 -2.048 -2.062 -2.01 -1.751 -2.13 -2.068 -2.055 -2.132 -1.74 -1.607 -1.842 -2.043 -2.003 -2.022 -2.012 -2.072 -2.063 -2.021 -2.15 -2.114 -2.046 -1.96 -1.949 -1.896 -1.961 -1.979 -1.996 -2.037 -2.068 -2.18 -2.151 -2.128 -2.002 -1.951 -2.064 -2.079 -2.016 -2.073 -2.002 -1.952 -2.138 -2.094 -2.074 -2.088 -2.055 -2.095 -2.004 -1.681 -2.06 -2.005 -2.011 -2.086 -2.02 -2.072 -2.115 -2.01 -1.946 -1.416 -1.402 -1.591 -1.618 -1.432 -1.585 -1.392 -1.21
