All_lidar/sz6390_DSM_2M.asc
ncols 500
nrows 500
xllcorner    463000
yllcorner    90000
cellsize     2
NODATA_value -9999
[rows 429 to 461 of 500, columns 0 to 72 of 500]
49.136 49.109 49.089 49.096 49.081 49.071 49.044 49.016 48.994 48.984 48.971 48.916 48.884 48.856 48.861 48.849 48.821 48.794 48.769 48.741 48.741 48.709 48.746 48.726 48.709 48.666 48.664 48.621 48.611 48.579 48.504 48.481 48.436 48.396 48.309 48.206 48.191 48.219 48.206 48.174 48.136 48.081 48.029 47.964 47.911 47.834 47.819 47.759 47.739 47.696 47.646 47.571 47.534 47.496 47.431 47.369 47.356 47.299 47.246 47.174 47.121 47.031 46.969 46.886 46.841 46.774 46.761 46.666 46.609 46.589 46.521 46.436 46.309
49.104 49.081 49.074 49.074 49.069 49.054 49.031 49.011 48.964 48.956 48.951 48.914 48.899 48.869 48.846 48.834 48.821 48.816 48.774 48.751 48.771 48.714 48.736 48.714 48.726 48.684 48.661 48.619 48.594 48.566 48.531 48.509 48.461 48.409 48.284 48.229 48.231 48.204 48.189 48.176 48.121 48.084 48.019 47.969 47.919 47.869 47.809 47.769 47.739 47.684 47.639 47.591 47.549 47.496 47.446 47.384 47.334 47.301 47.264 47.184 47.121 47.071 46.996 46.911 46.856 46.786 46.729 46.681 46.584 46.544 46.506 46.436 46.331
49.114 49.096 49.089 49.081 49.046 49.041 49.026 49.006 48.976 48.966 48.934 48.889 48.911 48.856 48.851 48.819 48.819 48.776 48.764 48.764 48.746 48.716 48.721 48.739 48.704 48.664 48.614 48.609 48.566 48.534 48.501 48.471 48.434 48.399 48.334 48.286 48.259 48.224 48.181 48.156 48.094 48.069 48.004 47.944 47.899 47.851 47.811 47.771 47.731 47.681 47.629 47.591 47.541 47.479 47.456 47.399 47.361 47.289 47.234 47.169 47.124 47.046 47.006 46.929 46.864 46.789 46.746 46.696 46.654 46.546 46.456 46.419 46.354
49.119 49.111 49.079 49.076 49.054 49.039 49.041 49.021 48.976 48.966 48.921 48.894 48.906 48.894 48.846 48.806 48.789 48.774 48.756 48.741 48.746 48.711 48.711 48.696 48.686 48.674 48.641 48.601 48.556 48.511 48.464 48.436 48.424 48.396 48.321 48.301 48.264 48.221 48.196 48.174 48.131 48.076 47.999 47.939 47.906 47.859 47.821 47.761 47.721 47.664 47.646 47.604 47.556 47.526 47.454 47.389 47.339 47.271 47.224 47.169 47.114 47.036 46.976 46.911 46.866 46.814 46.744 46.684 46.614 46.559 46.474 46.376 46.314
49.114 49.079 49.084 49.086 49.076 49.054 49.046 49.039 48.989 48.966 48.949 48.929 48.909 48.871 48.856 48.821 48.794 48.774 48.764 48.761 48.774 48.729 48.736 48.719 48.681 48.661 48.631 48.601 48.546 48.516 48.474 48.451 48.404 48.369 48.339 48.314 48.254 48.211 48.176 48.184 48.119 48.076 48.026 47.964 47.906 47.839 47.806 47.746 47.719 47.691 47.656 47.619 47.554 47.504 47.431 47.394 47.321 47.269 47.219 47.159 47.096 47.049 46.971 46.911 46.869 46.799 46.729 46.684 46.601 46.531 46.451 46.369 46.304
49.114 49.101 49.081 49.079 49.059 49.036 49.039 49.016 48.996 48.951 48.959 48.949 48.911 48.866 48.854 48.821 48.821 48.791 48.769 48.766 48.741 48.734 48.734 48.719 48.686 48.649 48.614 48.579 48.549 48.531 48.496 48.439 48.401 48.359 48.364 48.309 48.259 48.249 48.176 48.164 48.119 48.071 48.029 47.991 47.956 47.879 47.821 47.761 47.739 47.709 47.661 47.609 47.564 47.494 47.421 47.374 47.324 47.281 47.214 47.171 47.109 47.044 46.989 46.919 46.859 46.804 46.746 46.689 46.616 46.529 46.434 46.371 46.294
49.156 49.121 49.101 49.091 49.074 49.049 49.046 49.031 48.976 48.954 48.956 48.944 48.914 48.881 48.869 48.819 48.799 48.766 48.729 48.749 48.731 48.724 48.719 48.716 48.664 48.631 48.614 48.586 48.541 48.511 48.464 48.431 48.381 48.389 48.341 48.306 48.279 48.251 48.229 48.171 48.116 48.064 48.009 47.959 47.936 47.889 47.836 47.806 47.779 47.726 47.646 47.609 47.566 47.509 47.426 47.381 47.344 47.264 47.224 47.164 47.109 47.051 47.001 46.924 46.889 46.801 46.761 46.674 46.609 46.559 46.466 46.401 46.331
49.131 49.139 49.114 49.114 49.084 49.069 49.041 49.036 48.999 48.976 48.971 48.954 48.911 48.901 48.869 48.831 48.809 48.806 48.794 48.761 48.741 48.749 48.719 48.691 48.649 48.616 48.601 48.571 48.539 48.529 48.494 48.406 48.364 48.366 48.344 48.301 48.309 48.266 48.226 48.196 48.126 48.069 48.034 47.964 47.944 47.874 47.829 47.826 47.796 47.739 47.661 47.634 47.576 47.511 47.444 47.394 47.321 47.274 47.211 47.166 47.106 47.036 46.971 46.931 46.874 46.809 46.754 46.666 46.609 46.544 46.454 46.356 46.309
49.164 49.159 49.154 49.141 49.099 49.094 49.064 49.049 49.031 49.021 48.996 48.979 48.929 48.884 48.901 48.866 48.824 48.804 48.804 48.804 48.769 48.754 48.741 48.719 48.664 48.624 48.626 48.596 48.569 48.534 48.479 48.399 48.384 48.404 48.374 48.334 48.316 48.271 48.254 48.191 48.149 48.091 48.006 47.959 47.929 47.891 47.864 47.819 47.781 47.746 47.694 47.656 47.611 47.541 47.479 47.429 47.371 47.289 47.229 47.179 47.121 47.074 47.011 46.959 46.911 46.844 46.766 46.706 46.636 46.556 46.454 46.399 46.301
49.211 49.199 49.184 49.169 49.134 49.131 49.104 49.066 49.036 49.021 48.999 48.989 48.951 48.939 48.914 48.886 48.856 48.821 48.826 48.814 48.789 48.789 48.774 48.721 48.696 48.661 48.641 48.621 48.591 48.551 48.504 48.461 48.436 48.434 48.404 48.381 48.354 48.314 48.261 48.239 48.191 48.121 48.049 48.001 47.964 47.941 47.886 47.841 47.794 47.776 47.729 47.664 47.621 47.576 47.519 47.451 47.404 47.341 47.261 47.219 47.169 47.114 47.051 46.964 46.924 46.871 46.791 46.731 46.669 46.586 46.484 46.429 46.369
49.229 49.216 49.211 49.171 49.151 49.129 49.104 49.101 49.069 49.046 49.039 49.029 48.986 48.971 48.971 48.891 48.901 48.864 48.851 48.841 48.844 48.801 48.779 48.749 48.714 48.669 48.639 48.616 48.596 48.579 48.549 48.489 48.464 48.471 48.446 48.424 48.369 48.351 48.304 48.271 48.231 48.164 48.101 48.051 48.014 47.971 47.914 47.886 47.839 47.794 47.749 47.706 47.639 47.606 47.506 47.481 47.451 47.364 47.326 47.271 47.201 47.146 47.069 47.031 46.961 46.886 46.839 46.754 46.676 46.624 46.524 46.454 46.374
49.234 49.224 49.201 49.196 49.184 49.144 49.151 49.126 49.099 49.046 49.041 49.029 49.006 48.984 48.939 48.919 48.906 48.899 48.884 48.889 48.836 48.816 48.784 48.766 48.726 48.709 48.696 48.644 48.626 48.614 48.571 48.531 48.536 48.536 48.474 48.419 48.409 48.379 48.324 48.269 48.274 48.199 48.139 48.086 48.046 48.014 47.956 47.901 47.901 47.831 47.796 47.724 47.701 47.606 47.566 47.499 47.469 47.421 47.371 47.309 47.234 47.194 47.131 47.054 46.996 46.939 46.874 46.794 46.706 46.634 46.561 46.491 46.416
49.246 49.204 49.179 49.186 49.179 49.144 49.156 49.116 49.089 49.046 49.041 49.006 49.001 48.989 48.934 48.921 48.901 48.889 48.889 48.876 48.851 48.836 48.814 48.776 48.751 48.731 48.691 48.656 48.626 48.619 48.566 48.529 48.544 48.516 48.486 48.449 48.409 48.374 48.339 48.311 48.281 48.216 48.141 48.114 48.079 48.021 47.981 47.931 47.881 47.851 47.791 47.699 47.684 47.641 47.599 47.544 47.471 47.424 47.396 47.321 47.269 47.226 47.149 47.076 47.024 46.954 46.889 46.829 46.751 46.656 46.591 46.504 46.441
49.219 49.196 49.176 49.164 49.156 49.149 49.114 49.079 49.061 49.051 49.039 49.009 48.986 48.954 48.934 48.924 48.901 48.881 48.861 48.864 48.849 48.806 48.781 48.761 48.729 48.709 48.664 48.646 48.636 48.616 48.571 48.536 48.499 48.489 48.466 48.426 48.411 48.369 48.331 48.304 48.244 48.196 48.161 48.094 48.069 47.999 47.984 47.941 47.886 47.814 47.791 47.719 47.666 47.626 47.579 47.519 47.489 47.429 47.389 47.324 47.274 47.219 47.136 47.084 47.036 46.964 46.881 46.819 46.749 46.691 46.599 46.519 46.461
49.204 49.199 49.186 49.139 49.124 49.094 49.096 49.094 49.084 49.054 49.014 48.989 48.969 48.919 48.911 48.921 48.889 48.861 48.841 48.839 48.829 48.799 48.761 48.731 48.711 48.706 48.686 48.639 48.636 48.574 48.546 48.524 48.504 48.476 48.439 48.414 48.371 48.341 48.309 48.259 48.229 48.194 48.129 48.089 48.031 47.981 47.964 47.901 47.879 47.809 47.749 47.694 47.669 47.619 47.571 47.504 47.474 47.436 47.376 47.294 47.256 47.194 47.146 47.064 47.041 46.969 46.876 46.796 46.731 46.651 46.571 46.501 46.439
49.189 49.159 49.136 49.136 49.124 49.089 49.054 49.049 49.046 49.009 49.004 48.964 48.929 48.914 48.894 48.874 48.846 48.836 48.806 48.796 48.786 48.771 48.764 48.729 48.701 48.674 48.651 48.596 48.581 48.569 48.544 48.519 48.481 48.459 48.411 48.384 48.349 48.314 48.276 48.226 48.209 48.164 48.104 48.046 48.044 47.984 47.926 47.891 47.851 47.789 47.726 47.656 47.659 47.601 47.536 47.476 47.446 47.404 47.351 47.306 47.226 47.206 47.129 47.069 47.004 46.931 46.869 46.806 46.739 46.666 46.581 46.489 46.434
49.176 49.151 49.139 49.104 49.096 49.086 49.061 49.031 49.019 48.986 48.984 48.954 48.931 48.904 48.876 48.854 48.836 48.821 48.791 48.786 48.756 48.751 48.726 48.694 48.674 48.631 48.644 48.606 48.576 48.556 48.534 48.491 48.471 48.436 48.416 48.359 48.334 48.311 48.259 48.229 48.176 48.131 48.071 48.049 48.004 47.964 47.909 47.906 47.831 47.806 47.706 47.621 47.586 47.544 47.486 47.449 47.394 47.366 47.319 47.289 47.236 47.161 47.114 47.064 46.996 46.929 46.856 46.781 46.716 46.641 46.566 46.486 46.414
49.151 49.131 49.131 49.119 49.111 49.071 49.051 49.044 49.001 48.984 48.956 48.939 48.926 48.891 48.881 48.839 48.799 48.799 48.779 48.769 48.746 48.724 48.701 48.689 48.651 48.639 48.641 48.581 48.576 48.556 48.536 48.466 48.451 48.421 48.384 48.336 48.324 48.271 48.236 48.196 48.166 48.086 48.056 48.006 47.981 47.926 47.901 47.896 47.824 47.774 47.704 47.629 47.561 47.534 47.484 47.436 47.381 47.339 47.314 47.241 47.219 47.171 47.084 47.041 46.994 46.926 46.876 46.784 46.731 46.636 46.544 46.506 46.409
49.164 49.119 49.116 49.096 49.089 49.074 49.041 49.014 49.019 48.986 48.956 48.941 48.939 48.891 48.874 48.846 48.821 48.789 48.766 48.769 48.729 48.704 48.696 48.666 48.619 48.621 48.591 48.586 48.581 48.549 48.514 48.469 48.456 48.431 48.394 48.361 48.319 48.299 48.234 48.184 48.164 48.121 48.079 48.046 47.989 47.911 47.886 47.859 47.804 47.759 47.716 47.664 47.611 47.556 47.499 47.479 47.411 47.369 47.311 47.251 47.204 47.131 47.081 47.029 46.999 46.941 46.876 46.784 46.734 46.651 46.569 46.501 46.449
49.194 49.141 49.111 49.106 49.081 49.066 49.046 49.024 49.024 48.979 48.966 48.969 48.944 48.901 48.881 48.864 48.824 48.799 48.776 48.766 48.746 48.711 48.664 48.676 48.651 48.631 48.614 48.586 48.581 48.564 48.511 48.496 48.476 48.424 48.406 48.369 48.331 48.311 48.251 48.214 48.184 48.119 48.066 48.046 47.991 47.946 47.931 47.884 47.844 47.776 47.714 47.671 47.611 47.564 47.509 47.454 47.414 47.394 47.341 47.286 47.221 47.176 47.109 47.089 47.014 46.946 46.879 46.816 46.739 46.674 46.584 46.494 46.469
49.151 49.141 49.119 49.116 49.099 49.059 49.036 49.016 49.011 48.974 48.969 48.944 48.919 48.881 48.879 48.854 48.809 48.769 48.764 48.749 48.716 48.694 48.669 48.669 48.644 48.639 48.629 48.609 48.581 48.549 48.509 48.491 48.464 48.429 48.396 48.349 48.319 48.314 48.279 48.259 48.199 48.134 48.084 48.064 48.021 47.979 47.934 47.886 47.846 47.811 47.721 47.674 47.629 47.576 47.529 47.481 47.434 47.411 47.344 47.284 47.249 47.196 47.154 47.096 47.031 46.981 46.894 46.844 46.769 46.691 46.591 46.521 46.481
49.124 49.111 49.109 49.061 49.064 49.041 49.019 49.011 48.989 48.954 48.974 48.926 48.881 48.871 48.844 48.814 48.784 48.761 48.761 48.741 48.716 48.691 48.654 48.641 48.619 48.616 48.611 48.604 48.589 48.559 48.516 48.484 48.456 48.446 48.411 48.364 48.334 48.304 48.264 48.226 48.206 48.144 48.099 48.059 48.036 48.001 47.959 47.914 47.869 47.806 47.724 47.684 47.654 47.576 47.524 47.484 47.449 47.404 47.396 47.316 47.261 47.191 47.154 47.116 47.054 46.996 46.921 46.846 46.796 46.711 46.609 46.529 46.529
49.129 49.094 49.086 49.071 49.051 49.039 48.999 48.974 48.974 48.951 48.944 48.929 48.901 48.869 48.839 48.804 48.799 48.764 48.736 48.736 48.701 48.684 48.651 48.646 48.641 48.614 48.594 48.571 48.549 48.554 48.486 48.474 48.454 48.439 48.396 48.371 48.354 48.319 48.274 48.229 48.184 48.174 48.134 48.104 48.059 48.001 47.941 47.921 47.886 47.806 47.769 47.711 47.656 47.629 47.566 47.516 47.479 47.429 47.391 47.331 47.289 47.226 47.164 47.129 47.064 46.996 46.949 46.881 46.801 46.714 46.641 46.564 46.529
49.126 49.104 49.084 49.076 49.046 49.009 48.999 48.994 48.959 48.939 48.934 48.934 48.909 48.869 48.826 48.819 48.799 48.771 48.751 48.731 48.701 48.674 48.659 48.671 48.661 48.621 48.601 48.586 48.536 48.551 48.526 48.471 48.439 48.436 48.406 48.354 48.354 48.311 48.281 48.246 48.226 48.159 48.106 48.094 48.056 47.999 47.959 47.919 47.876 47.814 47.784 47.694 47.641 47.614 47.576 47.531 47.486 47.456 47.391 47.324 47.299 47.251 47.209 47.124 47.084 46.996 46.959 46.886 46.789 46.726 46.664 46.596 46.531
49.141 49.131 49.091 49.071 49.061 49.031 48.994 48.996 48.976 48.951 48.931 48.921 48.889 48.869 48.834 48.826 48.801 48.759 48.744 48.714 48.699 48.684 48.679 48.659 48.641 48.614 48.621 48.571 48.546 48.564 48.541 48.456 48.426 48.431 48.384 48.344 48.341 48.316 48.279 48.251 48.214 48.171 48.121 48.081 48.041 48.014 47.991 47.946 47.886 47.831 47.789 47.701 47.644 47.606 47.561 47.536 47.514 47.499 47.436 47.349 47.276 47.251 47.221 47.151 47.099 47.029 46.969 46.904 46.811 46.741 46.689 46.621 46.579
49.131 49.081 49.074 49.079 49.094 49.046 49.041 49.011 48.979 48.971 48.959 48.911 48.886 48.871 48.841 48.829 48.809 48.756 48.739 48.734 48.704 48.689 48.704 48.659 48.634 48.624 48.614 48.569 48.554 48.546 48.511 48.464 48.431 48.414 48.379 48.359 48.351 48.319 48.261 48.226 48.199 48.184 48.136 48.089 48.064 48.036 47.974 47.914 47.881 47.816 47.761 47.709 47.659 47.624 47.589 47.534 47.504 47.461 47.414 47.359 47.276 47.271 47.211 47.144 47.089 47.009 46.976 46.896 46.839 46.764 46.709 46.646 46.594
49.119 49.086 49.074 49.076 49.061 49.036 49.016 49.026 49.004 48.969 48.949 48.916 48.879 48.856 48.839 48.816 48.794 48.774 48.746 48.736 48.719 48.706 48.684 48.666 48.634 48.624 48.616 48.579 48.531 48.531 48.529 48.466 48.439 48.404 48.371 48.351 48.334 48.274 48.269 48.254 48.219 48.169 48.109 48.061 48.051 48.019 47.966 47.919 47.881 47.806 47.746 47.696 47.664 47.644 47.599 47.544 47.509 47.479 47.416 47.359 47.304 47.244 47.171 47.119 47.071 47.004 46.936 46.899 46.846 46.771 46.709 46.666 46.611
49.131 49.124 49.124 49.101 49.064 49.049 49.014 49.014 49.024 48.986 48.961 48.961 48.914 48.891 48.864 48.809 48.789 48.776 48.744 48.744 48.724 48.714 48.681 48.654 48.639 48.631 48.594 48.579 48.551 48.509 48.496 48.464 48.436 48.391 48.369 48.334 48.319 48.304 48.279 48.234 48.196 48.156 48.116 48.071 48.034 47.986 47.969 47.906 47.894 47.811 47.746 47.699 47.679 47.634 47.596 47.526 47.504 47.494 47.431 47.361 47.296 47.241 47.199 47.134 47.096 47.029 46.989 46.924 46.844 46.786 46.739 46.664 46.599
49.121 49.129 49.111 49.111 49.094 49.069 49.039 49.029 49.031 49.014 48.986 48.969 48.934 48.911 48.861 48.819 48.811 48.784 48.784 48.754 48.731 48.706 48.691 48.691 48.661 48.639 48.611 48.601 48.564 48.544 48.481 48.466 48.436 48.401 48.394 48.344 48.296 48.299 48.271 48.239 48.184 48.166 48.114 48.081 48.034 47.996 47.969 47.926 47.861 47.796 47.761 47.704 47.679 47.634 47.589 47.571 47.511 47.496 47.454 47.379 47.309 47.241 47.199 47.154 47.091 47.044 46.996 46.934 46.851 46.794 46.741 46.679 46.621
49.146 49.134 49.131 49.106 49.089 49.069 49.054 49.046 49.034 49.004 48.986 48.964 48.931 48.881 48.879 48.841 48.816 48.801 48.791 48.769 48.754 48.731 48.709 48.684 48.654 48.631 48.624 48.616 48.549 48.546 48.506 48.479 48.439 48.401 48.394 48.364 48.316 48.299 48.291 48.269 48.194 48.164 48.129 48.114 48.076 48.009 47.979 47.941 47.914 47.844 47.779 47.709 47.681 47.666 47.621 47.604 47.521 47.486 47.421 47.394 47.324 47.261 47.214 47.161 47.106 47.059 46.994 46.931 46.866 46.809 46.751 46.704 46.649
49.126 49.119 49.104 49.074 49.071 49.054 49.061 49.041 49.019 48.989 48.951 48.936 48.919 48.881 48.864 48.829 48.786 48.791 48.791 48.776 48.756 48.731 48.696 48.691 48.646 48.619 48.599 48.591 48.556 48.529 48.474 48.461 48.429 48.396 48.371 48.354 48.336 48.324 48.271 48.251 48.216 48.159 48.099 48.094 48.064 48.026 47.981 47.926 47.894 47.844 47.781 47.716 47.689 47.671 47.604 47.584 47.566 47.504 47.444 47.391 47.339 47.251 47.206 47.166 47.111 47.061 47.014 46.956 46.886 46.826 46.776 46.699 46.666
49.126 49.114 49.071 49.056 49.066 49.051 49.026 49.004 48.981 48.941 48.931 48.906 48.909 48.871 48.846 48.804 48.771 48.771 48.761 48.744 48.729 48.739 48.699 48.676 48.654 48.646 48.596 48.546 48.534 48.536 48.459 48.431 48.421 48.374 48.366 48.371 48.326 48.294 48.259 48.241 48.199 48.144 48.101 48.064 48.051 48.011 47.979 47.931 47.856 47.799 47.774 47.719 47.666 47.656 47.616 47.581 47.546 47.499 47.429 47.389 47.376 47.304 47.214 47.164 47.119 47.061 47.024 46.949 46.911 46.841 46.771 46.701 46.686
49.081 49.069 49.044 49.044 49.034 49.019 48.996 48.956 48.956 48.946 48.904 48.876 48.854 48.849 48.824 48.816 48.776 48.729 48.726 48.726 48.689 48.676 48.671 48.641 48.616 48.626 48.571 48.544 48.519 48.496 48.449 48.411 48.396 48.371 48.329 48.316 48.291 48.266 48.249 48.221 48.191 48.129 48.091 48.046 48.026 47.994 47.939 47.886 47.834 47.789 47.729 47.694 47.654 47.644 47.611 47.556 47.531 47.466 47.401 47.361 47.311 47.274 47.196 47.164 47.129 47.061 47.006 46.949 46.891 46.821 46.799 46.726 46.671
