All_lidar/sz6389_DSM_2M.asc
ncols 500
nrows 500
xllcorner    463000
yllcorner    89000
cellsize     2
NODATA_value -9999
[rows 297 to 329 of 500, columns 148 to 221 of 500]
17.671 17.556 17.421 17.281 17.153 17.018 16.898 16.766 16.631 16.501 16.356 16.266 16.131 15.983 15.871 15.751 15.641 15.506 15.423 15.286 15.183 15.081 14.973 14.861 14.763 14.658 14.546 14.478 14.371 14.306 14.161 14.088 13.998 13.851 13.811 13.738 13.686 13.616 13.543 13.478 13.448 13.398 13.333 13.281 13.248 13.201 13.133 13.103 13.071 13.011 12.991 12.943 12.969 12.901 12.886 12.836 12.796 12.779 12.726 12.681 12.659 12.634 12.581 12.541 12.466 12.409 12.361 12.271 12.189 12.109 12.009 11.921 11.826 11.729
17.801 17.671 17.551 17.416 17.268 17.133 17.041 16.908 16.788 16.666 16.546 16.418 16.241 16.116 16.053 15.933 15.763 15.633 15.561 15.418 15.343 15.228 15.153 15.008 14.913 14.806 14.693 14.636 14.533 14.406 14.288 14.183 14.073 14.031 13.938 13.868 13.821 13.741 13.673 13.621 13.581 13.503 13.463 13.428 13.371 13.336 13.281 13.241 13.198 13.158 13.128 13.096 13.054 13.024 13.016 12.969 12.934 12.906 12.879 12.841 12.816 12.774 12.734 12.679 12.621 12.559 12.454 12.379 12.294 12.214 12.119 12.039 11.929 11.806
17.938 17.813 17.653 17.528 17.403 17.288 17.161 17.046 16.921 16.783 16.653 16.493 16.343 16.211 16.138 16.016 15.918 15.793 15.643 15.546 15.451 15.348 15.236 15.146 15.058 14.976 14.843 14.776 14.663 14.566 14.416 14.336 14.246 14.163 14.076 14.001 13.946 13.898 13.808 13.751 13.676 13.638 13.593 13.556 13.498 13.438 13.388 13.371 13.351 13.296 13.271 13.241 13.201 13.131 13.124 13.101 13.056 13.021 13.006 12.979 12.949 12.926 12.889 12.856 12.754 12.659 12.574 12.494 12.416 12.344 12.221 12.134 12.021 11.976
18.088 17.978 17.808 17.658 17.491 17.363 17.253 17.123 17.031 16.893 16.761 16.611 16.501 16.353 16.273 16.128 16.026 15.863 15.741 15.636 15.513 15.418 15.333 15.291 15.173 15.106 14.963 14.871 14.771 14.693 14.571 14.496 14.378 14.303 14.236 14.156 14.073 14.006 13.926 13.866 13.811 13.763 13.703 13.661 13.633 13.581 13.533 13.501 13.463 13.431 13.428 13.363 13.336 13.293 13.271 13.223 13.201 13.183 13.141 13.116 13.088 13.058 13.016 12.971 12.851 12.771 12.696 12.606 12.516 12.443 12.361 12.268 12.333 12.691
18.248 18.071 17.928 17.748 17.581 17.441 17.331 17.268 17.136 17.003 16.886 16.768 16.658 16.503 16.378 16.241 16.103 15.981 15.873 15.766 15.653 15.556 15.473 15.371 15.266 15.176 15.108 15.021 14.933 14.811 14.738 14.633 14.531 14.438 14.373 14.298 14.201 14.148 14.048 14.006 13.961 13.906 13.831 13.808 13.766 13.708 13.678 13.623 13.588 13.551 13.551 13.496 13.448 13.443 13.416 13.401 13.361 13.308 13.281 13.238 13.223 13.163 13.108 13.058 12.983 12.926 12.796 12.738 12.628 12.576 12.498 12.773 13.206 13.566
18.371 18.208 18.051 17.913 17.746 17.628 17.528 17.418 17.313 17.171 16.998 16.911 16.756 16.611 16.458 16.368 16.221 16.108 15.978 15.863 15.788 15.678 15.588 15.483 15.396 15.311 15.226 15.166 15.118 14.968 14.876 14.788 14.696 14.613 14.546 14.456 14.373 14.291 14.191 14.143 14.073 14.026 13.961 13.916 13.886 13.843 13.816 13.781 13.733 13.683 13.653 13.613 13.571 13.573 13.568 13.518 13.503 13.458 13.408 13.373 13.336 13.271 13.223 13.168 13.098 13.033 12.931 12.846 12.773 12.736 13.073 13.631 13.048 12.406
18.506 18.336 18.196 18.073 17.913 17.778 17.656 17.551 17.436 17.291 17.153 17.051 16.898 16.731 16.591 16.458 16.306 16.196 16.098 16.013 15.906 15.798 15.711 15.618 15.523 15.433 15.341 15.278 15.228 15.118 15.031 14.938 14.848 14.751 14.696 14.608 14.523 14.428 14.356 14.278 14.228 14.151 14.128 14.083 14.053 13.991 13.961 13.921 13.858 13.843 13.801 13.768 13.733 13.711 13.701 13.676 13.666 13.618 13.551 13.541 13.443 13.388 13.333 13.261 13.196 13.128 13.073 13.011 13.073 13.458 13.628 12.991 12.288 12.128
18.636 18.481 18.356 18.221 18.078 17.933 17.823 17.716 17.563 17.398 17.296 17.178 17.038 16.886 16.751 16.628 16.471 16.356 16.261 16.153 16.048 15.946 15.863 15.756 15.658 15.588 15.513 15.436 15.353 15.281 15.231 15.111 15.003 14.911 14.821 14.736 14.651 14.593 14.523 14.463 14.391 14.333 14.291 14.228 14.198 14.151 14.118 14.061 14.028 13.993 13.956 13.931 13.893 13.873 13.866 13.831 13.811 13.758 13.713 13.646 13.588 13.536 13.486 13.391 13.328 13.281 13.261 13.761 13.988 13.776 13.073 12.491 12.351 12.166
18.808 18.651 18.521 18.393 18.238 18.103 17.978 17.886 17.718 17.561 17.443 17.338 17.188 17.056 16.896 16.783 16.641 16.521 16.428 16.346 16.231 16.121 16.026 15.911 15.818 15.756 15.691 15.618 15.528 15.411 15.391 15.281 15.201 15.098 14.988 14.921 14.833 14.758 14.701 14.606 14.556 14.508 14.458 14.388 14.368 14.321 14.283 14.236 14.203 14.188 14.123 14.108 14.048 14.026 14.026 14.008 13.956 13.911 13.841 13.808 13.741 13.676 13.568 13.533 13.473 13.596 13.971 14.178 13.706 12.978 12.666 12.568 12.381 12.291
18.973 18.818 18.673 18.586 18.398 18.286 18.156 18.041 17.886 17.751 17.616 17.496 17.358 17.231 17.093 16.948 16.836 16.681 16.588 16.496 16.396 16.316 16.181 16.103 16.018 15.916 15.858 15.786 15.703 15.616 15.541 15.451 15.371 15.283 15.203 15.128 15.036 14.956 14.856 14.806 14.733 14.706 14.603 14.566 14.538 14.493 14.463 14.403 14.358 14.328 14.321 14.271 14.206 14.178 14.178 14.151 14.081 14.023 13.976 13.951 13.876 13.811 13.748 13.671 14.148 14.311 14.233 13.721 13.003 12.871 12.731 12.568 12.728 12.578
19.156 18.986 18.831 18.708 18.581 18.471 18.328 18.171 18.056 17.936 17.771 17.653 17.508 17.373 17.218 17.088 16.956 16.858 16.738 16.658 16.591 16.468 16.376 16.256 16.178 16.101 16.026 15.956 15.893 15.813 15.728 15.646 15.563 15.476 15.371 15.313 15.228 15.143 15.051 14.996 14.921 14.866 14.786 14.741 14.706 14.666 14.613 14.578 14.563 14.513 14.491 14.433 14.391 14.363 14.316 14.286 14.226 14.178 14.111 14.066 14.018 13.961 14.041 14.696 14.836 14.543 13.631 13.181 13.051 12.946 12.771 12.858 12.651 12.418
19.293 19.141 19.008 18.853 18.708 18.596 18.478 18.348 18.208 18.066 17.946 17.848 17.688 17.548 17.403 17.246 17.143 17.028 16.916 16.843 16.743 16.638 16.541 16.461 16.366 16.276 16.223 16.126 16.088 15.998 15.918 15.878 15.776 15.671 15.578 15.516 15.416 15.353 15.241 15.196 15.103 15.063 14.998 14.913 14.881 14.843 14.796 14.761 14.721 14.706 14.653 14.616 14.566 14.498 14.436 14.391 14.348 14.336 14.266 14.208 14.168 14.476 14.953 15.013 14.568 13.686 13.398 13.266 13.156 13.128 13.293 14.193 13.976 12.083
19.463 19.316 19.168 19.013 18.871 18.746 18.663 18.526 18.413 18.278 18.138 18.038 17.858 17.718 17.553 17.426 17.311 17.206 17.053 16.956 16.903 16.811 16.711 16.626 16.543 16.448 16.373 16.321 16.243 16.198 16.106 16.043 15.981 15.876 15.768 15.701 15.626 15.556 15.471 15.368 15.303 15.221 15.173 15.111 15.048 15.001 14.973 14.926 14.901 14.908 14.843 14.761 14.703 14.643 14.586 14.561 14.478 14.451 14.388 14.336 14.896 15.493 15.093 14.198 13.766 13.648 13.496 13.353 13.553 13.563 12.838 12.783 13.021 12.371
19.628 19.496 19.343 19.181 19.048 18.951 18.833 18.706 18.573 18.456 18.338 18.151 18.021 17.838 17.743 17.601 17.481 17.366 17.248 17.131 17.068 16.966 16.881 16.771 16.716 16.591 16.533 16.488 16.418 16.333 16.223 16.188 16.156 16.068 15.976 15.936 15.841 15.753 15.666 15.591 15.531 15.418 15.353 15.256 15.256 15.158 15.138 15.118 15.061 15.008 15.003 14.908 14.843 14.771 14.701 14.683 14.613 14.563 14.586 15.221 15.433 15.418 14.506 13.971 13.858 13.761 13.656 13.951 14.388 13.136 12.866 14.458 12.391 12.146
19.838 19.653 19.493 19.328 19.226 19.098 18.981 18.848 18.713 18.588 18.428 18.303 18.153 18.041 17.888 17.756 17.633 17.511 17.383 17.296 17.183 17.108 17.051 16.966 16.881 16.773 16.708 16.628 16.591 16.483 16.423 16.348 16.311 16.243 16.138 16.098 16.031 15.951 15.856 15.808 15.711 15.611 15.546 15.438 15.381 15.338 15.316 15.266 15.241 15.208 15.146 15.086 15.008 14.928 14.846 14.786 14.706 14.823 15.576 15.803 15.141 14.463 14.186 14.121 13.941 14.021 14.356 14.123 14.311 13.126 13.753 13.498 12.343 11.656
20.026 19.826 19.653 19.493 19.353 19.268 19.141 18.991 18.871 18.698 18.576 18.458 18.318 18.201 18.061 17.936 17.816 17.701 17.548 17.478 17.386 17.293 17.206 17.126 17.041 16.966 16.878 16.816 16.746 16.663 16.581 16.493 16.448 16.413 16.313 16.261 16.206 16.133 16.053 15.978 15.893 15.798 15.716 15.653 15.598 15.551 15.513 15.481 15.408 15.353 15.341 15.251 15.136 15.098 14.986 14.921 14.956 15.736 16.178 15.233 14.551 14.421 14.288 14.123 14.583 14.471 13.938 14.206 13.613 13.288 12.631 12.118 11.626 10.918
20.143 19.971 19.843 19.703 19.538 19.403 19.293 19.151 19.033 18.878 18.761 18.651 18.496 18.341 18.213 18.106 18.008 17.891 17.766 17.638 17.561 17.481 17.393 17.288 17.236 17.153 17.043 16.968 16.893 16.861 16.761 16.716 16.658 16.591 16.498 16.431 16.381 16.303 16.208 16.168 16.108 16.016 15.916 15.861 15.818 15.731 15.673 15.626 15.588 15.548 15.456 15.403 15.331 15.243 15.186 15.071 15.176 16.123 15.433 14.783 14.646 14.541 14.446 14.926 15.303 14.093 13.721 13.598 13.006 13.023 12.568 11.511 12.178 10.398
20.238 20.108 19.986 19.851 19.711 19.536 19.431 19.306 19.168 19.041 18.918 18.768 18.628 18.498 18.391 18.263 18.148 18.046 17.918 17.826 17.741 17.651 17.561 17.496 17.406 17.293 17.248 17.166 17.111 17.018 16.976 16.888 16.816 16.751 16.706 16.633 16.573 16.498 16.423 16.316 16.261 16.178 16.131 16.086 16.006 15.916 15.868 15.818 15.766 15.696 15.631 15.571 15.488 15.593 16.138 15.623 15.233 15.151 14.926 14.866 14.688 14.748 15.228 14.748 14.516 14.853 13.568 14.468 13.901 11.703 12.071 12.621 11.211 10.988
20.403 20.261 20.116 20.036 19.871 19.693 19.573 19.438 19.341 19.176 19.071 18.943 18.778 18.686 18.578 18.473 18.343 18.198 18.091 17.991 17.913 17.823 17.738 17.658 17.598 17.496 17.436 17.363 17.293 17.238 17.206 17.091 17.043 16.996 16.908 16.833 16.756 16.698 16.631 16.523 16.438 16.388 16.316 16.248 16.176 16.126 16.053 16.008 15.951 15.871 15.781 15.748 16.001 16.743 16.898 15.958 15.261 15.178 15.051 14.976 15.353 15.251 16.478 14.431 14.003 13.423 12.771 15.071 16.891 12.488 12.971 10.288 11.818 15.943
20.578 20.426 20.273 20.156 19.996 19.866 19.738 19.591 19.481 19.331 19.201 19.086 18.963 18.893 18.773 18.628 18.528 18.421 18.291 18.181 18.101 18.018 17.946 17.851 17.776 17.703 17.658 17.563 17.521 17.473 17.421 17.328 17.248 17.196 17.113 17.043 16.988 16.901 16.826 16.738 16.646 16.573 16.493 16.426 16.348 16.296 16.246 16.186 16.116 16.061 16.056 16.313 16.628 16.971 16.016 15.503 15.383 15.406 15.381 15.731 15.426 14.883 14.628 14.186 13.596 13.341 13.111 15.506 17.253 13.403 10.381 10.291 9.641 16.326
20.968 20.598 20.456 20.323 20.218 20.016 19.866 19.758 19.601 19.473 19.353 19.261 19.133 19.078 18.946 18.836 18.706 18.623 18.501 18.406 18.301 18.231 18.141 18.058 17.998 17.906 17.848 17.791 17.723 17.658 17.588 17.501 17.433 17.373 17.296 17.233 17.183 17.103 17.018 16.951 16.853 16.766 16.683 16.606 16.548 16.501 16.433 16.366 16.278 16.333 16.853 17.066 16.623 15.926 15.783 15.628 15.483 16.421 16.568 15.383 15.068 16.118 15.223 13.806 13.126 12.616 12.111 13.406 16.368 13.671 9.991 9.488 9.626 9.681
21.568 20.836 20.613 20.473 20.336 20.208 20.066 19.926 19.793 19.686 19.543 19.421 19.328 19.243 19.141 19.023 18.933 18.828 18.696 18.601 18.521 18.443 18.356 18.273 18.223 18.131 18.043 17.993 17.946 17.868 17.806 17.726 17.633 17.583 17.518 17.461 17.368 17.298 17.241 17.151 17.073 16.948 16.871 16.808 16.736 16.678 16.618 16.568 16.956 17.266 17.391 16.606 16.046 15.966 15.858 15.773 15.996 16.591 15.626 15.248 14.963 15.626 14.943 13.368 12.518 11.773 11.148 10.978 11.873 12.713 9.631 9.548 9.058 8.051
21.906 21.236 20.771 20.676 20.538 20.396 20.288 20.148 19.993 19.893 19.763 19.641 19.513 19.381 19.288 19.221 19.123 18.996 18.898 18.798 18.736 18.631 18.563 18.501 18.416 18.338 18.281 18.221 18.136 18.053 18.028 17.921 17.851 17.773 17.706 17.636 17.553 17.493 17.421 17.333 17.216 17.148 17.063 16.993 16.906 16.836 16.873 17.263 17.453 17.131 16.523 16.233 16.186 16.053 15.996 16.573 16.328 15.861 15.518 15.261 14.726 14.248 13.666 12.961 12.056 11.406 11.416 10.936 10.126 9.753 11.921 10.601 9.123 7.593
22.138 21.713 21.493 21.328 21.113 20.771 20.543 20.381 20.226 20.126 20.006 19.871 19.738 19.598 19.493 19.386 19.316 19.198 19.076 19.038 18.956 18.851 18.768 18.741 18.651 18.588 18.506 18.438 18.353 18.258 18.203 18.111 18.043 17.958 17.918 17.818 17.763 17.671 17.608 17.493 17.393 17.326 17.243 17.163 17.111 17.111 17.596 17.653 17.368 16.733 16.456 16.418 16.258 16.511 19.758 18.441 16.016 16.048 15.643 15.078 14.593 14.713 13.758 12.833 11.896 11.163 10.661 10.816 9.653 10.626 15.423 12.703 7.643 7.168
23.058 22.983 22.293 22.276 21.853 21.876 21.453 20.978 20.446 20.323 20.231 20.091 19.946 19.816 19.693 19.616 19.523 19.436 19.333 19.241 19.173 19.096 19.013 18.921 18.843 18.778 18.728 18.633 18.548 18.461 18.406 18.316 18.248 18.158 18.103 18.036 17.913 17.841 17.768 17.671 17.598 17.528 17.438 17.396 17.623 18.108 18.053 17.351 16.821 16.681 16.576 16.446 17.103 17.798 18.931 17.191 15.823 16.513 15.683 14.748 14.256 13.743 12.888 14.138 12.326 12.586 10.208 9.796 9.531 10.371 13.613 10.423 7.466 8.508
23.756 24.466 23.261 23.666 22.388 22.203 22.528 21.973 21.118 20.938 20.526 20.338 20.206 20.043 19.921 19.806 19.721 19.623 19.543 19.446 19.363 19.268 19.178 19.123 19.046 18.963 18.906 18.828 18.756 18.698 18.628 18.521 18.431 18.346 18.261 18.171 18.101 18.036 17.953 17.856 17.773 17.711 17.638 17.961 18.428 18.193 17.413 17.016 16.928 16.833 16.891 17.846 19.328 19.326 16.938 15.933 15.403 15.241 14.621 14.913 13.686 13.221 12.366 12.041 11.161 10.383 9.828 9.483 9.288 9.346 8.511 9.578 7.451 7.713
23.073 22.758 23.538 24.008 22.488 22.693 22.626 22.138 22.428 22.241 21.468 20.658 20.493 20.328 20.178 20.066 19.931 19.838 19.768 19.651 19.566 19.478 19.386 19.318 19.263 19.221 19.141 19.053 18.948 18.878 18.838 18.731 18.643 18.533 18.448 18.343 18.266 18.196 18.113 18.031 17.933 18.001 18.441 18.681 18.258 17.508 17.201 17.113 16.998 17.298 18.033 18.636 19.816 16.781 15.643 15.218 15.268 14.111 13.766 13.258 12.823 13.091 11.776 11.973 13.031 10.266 9.573 9.411 9.096 8.703 8.501 9.051 7.101 7.221
23.488 23.723 23.506 23.486 22.683 22.748 23.188 22.853 23.258 22.546 22.173 21.321 21.308 21.851 20.931 20.341 20.163 20.073 19.941 19.866 19.761 19.686 19.608 19.538 19.456 19.373 19.333 19.233 19.141 19.101 19.013 18.926 18.833 18.733 18.641 18.541 18.443 18.373 18.268 18.188 18.378 18.843 18.771 18.278 17.568 17.426 17.288 17.191 17.893 18.866 17.911 17.443 17.171 15.453 14.806 14.966 15.593 13.576 12.983 12.463 12.101 12.533 11.508 12.413 14.891 9.718 9.421 9.053 8.418 8.006 7.538 7.226 6.986 6.923
23.646 23.606 23.846 23.456 23.176 22.956 23.006 22.998 23.116 23.956 24.433 23.683 23.058 23.051 22.131 21.611 20.698 20.433 20.186 20.081 20.001 19.888 19.786 19.698 19.638 19.566 19.523 19.428 19.363 19.283 19.228 19.113 19.018 18.896 18.803 18.708 18.618 18.533 18.473 18.756 19.196 18.706 17.966 17.748 17.688 17.513 17.556 18.846 17.783 17.246 18.013 19.013 15.296 14.756 14.016 13.683 13.333 15.343 14.598 12.551 11.861 11.536 11.103 10.661 10.788 9.686 12.521 10.153 8.176 7.753 7.313 7.031 6.858 6.733
23.696 23.673 23.621 23.563 23.521 23.411 23.271 23.083 22.843 23.318 24.126 23.371 23.131 23.638 23.473 22.243 21.843 21.446 21.006 20.421 20.208 20.143 20.011 19.911 19.831 19.738 19.668 19.631 19.536 19.486 19.408 19.311 19.201 19.076 18.978 18.868 18.786 18.978 19.273 19.066 18.628 18.141 17.926 17.838 17.678 17.881 18.493 18.361 17.356 16.031 15.901 16.296 14.636 14.828 13.391 13.273 13.016 14.386 16.426 15.541 13.241 11.146 11.208 10.321 9.948 10.366 12.061 10.503 7.906 7.468 7.208 7.921 7.593 6.628
23.788 23.713 23.686 23.658 23.618 23.506 23.451 23.338 23.121 22.866 22.671 22.328 22.351 23.298 23.358 22.846 22.578 21.936 22.196 21.721 20.651 20.321 20.211 20.133 20.038 19.921 19.853 19.771 19.713 19.636 19.551 19.471 19.328 19.236 19.141 19.141 19.558 19.686 19.191 18.566 18.311 18.198 18.056 18.066 18.821 19.528 18.091 18.078 17.028 15.656 15.168 16.468 18.148 13.481 17.278 19.996 14.281 13.303 17.968 15.658 13.088 10.718 10.526 10.193 9.978 9.408 8.536 7.893 7.641 7.448 7.078 7.148 6.851 6.653
24.131 23.696 23.678 23.673 23.633 23.561 23.516 23.411 23.301 23.151 23.016 22.816 22.478 22.216 22.758 24.096 22.681 23.178 23.398 22.708 22.756 21.101 20.611 20.336 20.248 20.156 20.068 19.981 19.908 19.791 19.701 19.606 19.471 19.406 19.608 20.038 20.003 19.333 18.663 18.516 18.406 18.213 18.606 19.423 19.036 18.101 16.348 16.071 15.971 15.083 14.643 14.098 13.501 13.343 15.578 14.388 12.323 11.788 16.658 15.238 16.086 12.996 10.386 10.061 9.936 9.011 7.993 7.543 7.438 7.076 6.746 6.583 6.546 6.416
24.791 24.161 23.801 23.853 23.978 23.771 23.636 23.483 23.383 23.286 23.193 23.106 22.986 22.763 22.378 22.571 22.003 23.648 22.948 24.178 23.446 21.883 22.106 21.466 20.418 20.341 20.286 20.151 20.041 19.936 19.823 19.746 19.666 20.116 20.476 20.021 19.341 18.916 18.758 18.623 18.576 19.261 19.181 18.796 17.773 16.328 16.631 16.963 15.018 14.616 14.323 13.821 13.218 13.978 16.851 11.908 11.573 11.423 11.136 11.526 10.736 11.208 10.298 9.808 11.108 8.356 7.561 7.961 7.071 6.868 6.488 6.483 6.298 5.851
