All_lidar/sz6388_DSM_2M.asc
ncols 500
nrows 500
xllcorner    463000
yllcorner    88000
cellsize     2
NODATA_value -9999
[rows 165 to 197 of 500, columns 296 to 369 of 500]
1.965 1.97 1.92 1.977 1.968 1.95 1.958 1.92 1.96 1.968 1.948 1.98 1.953 1.935 1.963 1.92 1.955 1.955 1.95 1.935 1.993 1.955 1.975 1.985 2.04 1.94 2.053 1.903 1.953 2.058 1.953 1.96 1.978 1.97 1.993 1.953 1.97 1.97 1.985 1.983 1.965 1.983 1.975 1.978 1.975 1.968 1.978 1.96 1.938 1.96 1.953 1.943 1.74 1.569 1.431 1.304 1.166 1.041 0.977 0.893 0.877 0.752 0.804 0.739 0.768 0.841 0.872 0.968 1.047 1.166 1.319 1.466 1.621 1.761
1.937 1.962 1.945 1.967 1.94 1.945 1.943 1.98 1.926 1.773 1.61 1.48 1.321 1.198 1.955 1.968 0.923 0.978 0.972 0.943 1.97 1.943 1.95 1.94 1.97 1.98 1.975 1.925 2.02 2.035 1.98 1.953 1.943 1.975 1.973 1.975 1.983 1.978 1.978 1.998 1.97 1.988 2.008 1.97 1.99 1.96 1.97 1.998 1.96 1.973 1.958 1.968 1.933 1.771 1.628 1.475 1.384 1.257 1.206 1.119 1.06 1.041 0.989 1.021 1.027 1.059 1.099 1.192 1.279 1.371 1.485 1.627 1.759 1.927
1.942 1.965 1.95 1.97 1.95 1.975 1.905 1.873 1.747 1.579 1.424 1.305 1.125 1.004 0.908 0.785 0.779 0.754 0.738 0.721 0.753 0.726 0.811 0.76 0.684 0.693 1.973 1.97 1.98 1.97 1.99 1.963 1.968 2 1.965 1.97 2.023 1.995 1.99 1.965 1.958 1.995 1.965 1.98 1.96 1.965 1.953 1.948 1.988 1.958 1.93 1.953 1.97 1.965 1.811 1.696 1.618 1.461 1.38 1.322 1.276 1.275 1.24 1.257 1.264 1.285 1.331 1.398 1.507 1.591 1.673 1.834 1.973 1.953
1.952 1.95 1.955 1.96 1.885 1.772 1.706 1.627 1.563 1.442 1.265 1.122 0.963 0.836 0.734 0.661 0.576 0.522 0.529 0.545 0.524 0.603 0.648 0.574 0.509 0.496 0.487 0.462 0.431 0.459 0.356 0.231 1.978 1.988 1.935 1.958 2.063 1.978 1.94 1.955 1.958 1.97 1.98 1.96 1.973 1.973 1.945 1.975 1.97 1.968 1.953 1.948 1.96 1.95 1.968 1.893 1.821 1.705 1.618 1.553 1.506 1.501 1.52 1.5 1.488 1.549 1.59 1.63 1.688 1.79 1.908 1.955 1.968 1.965
1.957 1.932 1.937 1.814 1.705 1.597 1.512 1.44 1.373 1.296 1.104 0.977 0.849 0.691 0.564 0.453 0.405 0.346 0.376 0.326 0.336 0.428 0.454 0.415 0.351 0.365 0.337 0.327 0.331 0.313 0.243 0.074 -0.023 -0.143 -0.285 -0.34 -0.337 -0.355 1.935 2.108 2 1.96 1.968 1.94 1.965 1.968 1.97 2.008 1.943 1.983 1.935 1.988 1.953 1.965 1.98 1.938 1.94 1.939 1.868 1.786 1.744 1.747 1.732 1.701 1.767 1.769 1.814 1.864 1.934 1.973 1.958 1.985 1.958 1.945
1.945 1.915 1.8 1.664 1.514 1.421 1.302 1.26 1.217 1.125 1.006 0.855 0.71 0.537 0.369 0.299 0.263 0.199 0.2 0.164 0.214 0.272 0.353 0.262 0.201 0.17 0.215 0.158 0.181 0.159 0.189 0.034 -0.095 -0.243 -0.342 -0.399 -0.443 -0.445 -0.53 -0.516 -0.523 -0.508 -0.623 1.975 1.963 1.975 1.958 1.985 1.978 1.968 1.963 1.978 1.995 1.978 1.955 1.988 1.96 0.24 1.965 2.023 1.96 1.97 1.958 1.945 1.958 1.97 1.975 1.978 1.988 1.993 1.988 2 1.988 1.948
1.919 1.786 1.626 1.474 1.355 1.249 1.168 1.04 0.976 0.959 0.912 0.729 0.566 0.409 0.281 0.211 0.138 0.039 0.019 -0.08 0.091 0.095 0.229 0.127 0.094 0.007 0.058 0.069 0.054 0.054 0.029 0.023 -0.186 -0.274 -0.333 -0.452 -0.511 -0.48 -0.526 -0.549 -0.669 -0.69 -0.673 -0.703 -0.726 -0.833 -0.717 1.99 1.96 1.96 1.955 1.985 1.968 1.958 1.94 1.938 1.963 1.973 1.985 1.973 1.965 1.983 1.98 1.96 1.988 1.945 1.98 1.963 1.973 1.948 1.98 1.978 1.973 1.99
1.78 1.638 1.465 1.345 1.212 1.074 0.977 0.874 0.788 0.743 0.735 0.614 0.467 0.308 0.162 0.044 -0.025 -0.152 -0.166 -0.248 -0.101 -0.041 0.048 -0.058 -0.1 -0.077 -0.082 -0.077 -0.077 -0.095 -0.073 -0.04 -0.194 -0.366 -0.494 -0.514 -0.576 -0.609 -0.578 -0.625 -0.626 -0.635 -0.69 -0.748 -0.814 -0.753 -0.767 -0.821 -0.933 -1.003 -0.993 -0.872 -0.826 1.99 1.948 2.003 1.98 1.97 1.975 1.978 1.988 1.998 1.975 1.955 1.978 1.973 1.958 1.948 1.98 1.968 1.963 1.975 1.97 1.948
1.67 1.476 1.332 1.211 1.087 0.908 0.797 0.688 0.607 0.576 0.511 0.514 0.341 0.241 0.061 -0.055 -0.205 -0.237 -0.316 -0.454 -0.282 -0.181 -0.069 -0.183 -0.247 -0.285 -0.284 -0.215 -0.206 -0.209 -0.149 -0.195 -0.256 -0.379 -0.521 -0.578 -0.659 -0.631 -0.704 -0.645 -0.7 -0.774 -0.732 -0.763 -0.752 -0.811 -0.713 -0.839 -0.881 -0.974 -1.058 -0.947 -0.918 -0.95 -1.014 -0.897 -0.826 1.774 1.897 1.958 1.985 1.99 1.948 1.968 1.973 1.98 1.973 1.978 1.958 1.926 1.834 1.794 1.749 1.733
1.507 1.371 1.221 1.055 0.908 0.782 0.66 0.497 0.362 0.377 0.362 0.338 0.294 0.134 -0.054 -0.172 -0.353 -0.517 -0.491 -0.517 -0.512 -0.419 -0.318 -0.366 -0.478 -0.511 -0.42 -0.451 -0.391 -0.429 -0.372 -0.362 -0.476 -0.521 -0.747 -0.854 -0.826 -0.773 -0.776 -0.824 -0.768 -0.839 -0.865 -0.854 -0.896 -0.667 -0.689 -0.888 -0.967 -1.011 -0.987 -0.941 -0.999 -0.996 -1.045 -0.969 -0.872 -0.799 -0.698 -0.618 -0.59 1.978 1.958 1.95 1.953 1.948 1.975 1.883 1.772 1.689 1.633 1.622 1.533 1.494
1.328 1.214 1.126 0.949 0.785 0.618 0.472 0.362 0.241 0.167 0.133 0.115 0.093 0.016 -0.107 -0.369 -0.528 -0.649 -0.692 -0.81 -0.772 -0.58 -0.53 -0.579 -0.662 -0.715 -0.6 -0.638 -0.588 -0.601 -0.609 -0.537 -0.549 -0.692 -0.724 -0.994 -0.95 -0.962 -0.962 -0.915 -0.925 -0.935 -0.955 -0.997 -1.03 -0.777 -0.867 -0.886 -1 -1.029 -0.92 -0.951 -0.977 -0.986 -1.04 -0.875 -0.794 -0.902 -0.811 -0.75 -0.723 -0.658 -0.464 -0.44 -0.36 1.99 1.856 1.7 1.591 1.518 1.406 1.358 1.267 1.254
1.187 1.035 0.938 0.834 0.636 0.504 0.332 0.19 0.105 -0.03 -0.073 -0.042 -0.035 -0.166 -0.255 -0.464 -0.609 -0.848 -0.924 -1.014 -0.842 -0.807 -0.86 -0.764 -0.847 -0.805 -0.83 -0.827 -0.862 -0.785 -0.87 -0.68 -0.606 -0.766 -0.926 -1.015 -1.012 -0.999 -1.048 -0.973 -1.001 -0.958 -0.966 -0.91 -0.993 -0.964 -0.93 -0.975 -0.983 -0.95 -0.958 -0.995 -0.985 -1.048 -0.923 -0.872 -0.785 -0.801 -0.821 -0.847 -0.793 -0.711 -0.577 -0.576 -0.463 -0.405 -0.322 -0.253 -0.238 -0.142 1.165 1.091 1.09 0.999
1.086 0.925 0.791 0.662 0.536 0.347 0.235 0.082 -0.116 -0.237 -0.296 -0.304 -0.281 -0.306 -0.441 -0.455 -0.726 -0.922 -1.203 -1.196 -0.867 -0.959 -1.048 -1.003 -0.897 -1.047 -1.072 -1.029 -0.973 -1.03 -0.981 -0.795 -0.805 -0.751 -1.051 -0.932 -0.904 -1.029 -0.911 -0.98 -0.931 -0.943 -0.906 -0.915 -0.945 -0.934 -0.921 -0.947 -0.942 -0.956 -0.962 -0.963 -0.961 -0.939 -0.976 -0.854 -0.843 -0.804 -0.764 -0.817 -0.77 -0.697 -0.647 -0.58 -0.497 -0.461 -0.386 -0.344 -0.383 -0.37 -0.414 -0.421 -0.377 -0.374
0.954 0.777 0.644 0.501 0.356 0.275 0.09 -0.127 -0.228 -0.37 -0.491 -0.486 -0.49 -0.517 -0.642 -0.686 -0.76 -0.895 -1.092 -1.082 -1.148 -1.122 -1.129 -1.266 -1.133 -1.028 -1.078 -1.048 -0.966 -0.939 -0.976 -1.043 -0.986 -0.941 -1.038 -0.974 -1.013 -1.015 -0.949 -0.996 -0.968 -0.942 -0.897 -0.871 -0.913 -0.909 -0.926 -0.885 -0.908 -0.936 -0.904 -0.948 -0.966 -0.895 -0.904 -0.942 -0.95 -0.831 -0.834 -0.846 -0.796 -0.72 -0.696 -0.57 -0.5 -0.416 -0.383 -0.423 -0.502 -0.547 -0.621 -0.641 -0.642 -0.615
0.784 0.637 0.525 0.384 0.264 0.102 -0.023 -0.201 -0.36 -0.579 -0.701 -0.696 -0.667 -0.676 -0.817 -0.941 -0.874 -0.925 -1.139 -1.019 -1.071 -1.061 -1.152 -1.177 -1.231 -1.076 -1.07 -1.035 -0.985 -1.093 -0.965 -0.996 -0.985 -0.964 -1.007 -1.017 -1.007 -0.902 -0.945 -0.925 -0.93 -0.9 -0.97 -0.941 -0.88 -0.928 -0.918 -0.928 -0.888 -0.944 -0.926 -0.893 -0.917 -0.963 -0.91 -0.91 -0.901 -0.942 -0.966 -0.965 -0.83 -0.81 -0.722 -0.622 -0.523 -0.458 -0.424 -0.536 -0.581 -0.629 -0.679 -0.722 -0.746 -0.764
0.65 0.496 0.374 0.215 0.098 -0.023 -0.219 -0.251 -0.447 -0.658 -0.823 -0.905 -0.888 -0.864 -0.9 -1.115 -1.03 -1.094 -1.141 -1.07 -1.063 -1.118 -1.028 -1.098 -1.155 -1.257 -1.049 -1.095 -1.034 -1.024 -1.023 -1.087 -1 -0.934 -1.014 -1.058 -0.96 -1.011 -1.011 -0.958 -0.995 -0.925 -0.905 -0.916 -0.898 -0.97 -0.927 -0.916 -0.914 -0.918 -0.891 -0.954 -0.919 -0.927 -0.947 -0.908 -0.912 -0.918 -0.962 -0.942 -0.933 -0.956 -0.79 -0.741 -0.589 -0.543 -0.55 -0.57 -0.64 -0.706 -0.727 -0.741 -0.828 -0.837
0.528 0.358 0.196 0.106 -0.084 -0.198 -0.346 -0.448 -0.5 -0.708 -0.902 -1.137 -1.1 -1.119 -1.086 -1.14 -1.103 -1.05 -1.101 -1.096 -1.013 -1.05 -1.03 -1.013 -1.055 -1.13 -1.24 -1.083 -1.064 -1.097 -1.04 -1.033 -0.992 -1.088 -0.999 -0.993 -0.913 -0.918 -0.926 -0.987 -0.901 -0.96 -0.92 -0.897 -0.987 -0.969 -0.888 -0.965 -0.947 -0.905 -0.939 -0.944 -0.947 -0.918 -0.883 -0.887 -0.949 -0.968 -0.945 -0.924 -0.963 -0.918 -0.912 -0.799 -0.726 -0.658 -0.689 -0.682 -0.74 -0.76 -0.74 -0.768 -0.833 -0.854
0.383 0.241 0.117 -0.032 -0.213 -0.316 -0.515 -0.555 -0.646 -0.675 -0.895 -1.06 -1.072 -1.13 -1.065 -1.131 -1.016 -1.083 -1.057 -1.101 -1.095 -1.069 -1.033 -1.028 -1.012 -1.07 -1.101 -1.179 -1.131 -1.045 -0.978 -1.038 -0.995 -0.983 -0.993 -0.961 -1.072 -0.962 -0.983 -0.938 -1.013 -0.969 -0.945 -0.972 -0.935 -0.961 -0.948 -0.955 -0.917 -0.957 -0.932 -0.959 -0.95 -0.937 -0.966 -0.978 -0.943 -0.978 -0.932 -0.999 -0.939 -0.953 -0.953 -0.94 -0.746 -0.834 -0.86 -0.816 -0.852 -0.847 -0.797 -0.818 -0.852 -0.86
0.231 0.083 -0.032 -0.147 -0.297 -0.49 -0.66 -0.779 -0.895 -0.946 -0.88 -1.038 -1.06 -1.018 -1.06 -1.077 -1.099 -0.968 -1.019 -1.021 -1.059 -1.051 -0.918 -0.994 -1.079 -1.018 -1.051 -1.193 -1.177 -1.027 -1.006 -1.03 -1.044 -1.022 -0.949 -0.987 -1.052 -0.995 -1.014 -0.995 -0.931 -0.993 -0.946 -0.944 -0.955 -0.964 -1.014 -1.011 -0.98 -0.982 -0.998 -0.946 -0.942 -0.984 -0.954 -0.992 -1.014 -0.994 -0.958 -0.969 -0.921 -0.979 -0.949 -0.787 -0.86 -0.962 -0.89 -0.862 -0.911 -0.893 -0.893 -0.854 -0.869 -0.895
0.072 -0.053 -0.188 -0.29 -0.443 -0.609 -0.748 -0.888 -1.049 -1.066 -1.108 -0.806 -1.068 -1.113 -1.062 -1.017 -0.84 -0.799 -0.798 -0.838 -0.851 -0.862 -0.845 -0.857 -0.797 -0.801 -1.044 -1.105 -1.219 -0.959 -1 -0.991 -1.068 -1.024 -0.982 -0.972 -1.014 -0.968 -1.05 -0.973 -0.961 -0.936 -0.943 -0.956 -0.948 -0.987 -1 -1.018 -1.007 -1.034 -1.019 -0.989 -1.007 -1.02 -1.009 -0.996 -1.026 -1.027 -0.963 -0.945 -0.937 -0.954 -0.956 -0.954 -0.957 -0.933 -0.845 -0.853 -0.985 -0.922 -0.911 -0.89 -0.92 -0.962
-0.016 -0.212 -0.33 -0.467 -0.644 -0.809 -0.848 -1.083 -1.032 -1.131 -1.127 -0.819 -0.812 -0.803 -0.87 -0.867 -0.778 -0.6 -0.638 -0.651 -0.68 -0.58 -0.668 -0.682 -0.619 -0.757 -0.835 -0.871 -0.9 -0.887 -0.934 -1.059 -1.019 -1.047 -0.984 -0.975 -1.045 -1.016 -1.067 -1.003 -0.951 -0.9 -0.916 -0.926 -1.008 -1.012 -1.033 -1.089 -1.107 -1.056 -1.055 -1.024 -1.054 -1.064 -1.037 -0.985 -1.015 -1.028 -0.924 -0.945 -0.927 -0.953 -0.971 -0.954 -0.916 -0.962 -0.873 -0.973 -0.967 -0.951 -0.95 -0.959 -0.97 -1.021
-0.207 -0.283 -0.463 -0.561 -0.767 -0.833 -1.11 -1.032 -1.162 -1.126 -1.051 -0.914 -0.645 -0.622 -0.615 -0.642 -0.618 -0.438 -0.377 -0.423 -0.436 -0.377 -0.382 -0.408 -0.482 -0.552 -0.662 -0.68 -0.622 -0.724 -1.042 -1.066 -1.066 -1.11 -1.018 -1.012 -1.088 -0.974 -1.004 -1.016 -0.946 -0.908 -0.93 -0.99 -1.03 -1.023 -1.006 -1.077 -1.062 -1.041 -1.029 -1.006 -1.043 -1.05 -1.01 -0.987 -1.013 -0.988 -0.955 -0.948 -0.909 -0.979 -0.982 -0.984 -0.945 -0.938 -0.928 -0.971 -0.967 -0.946 -0.973 -1 -1.013 -1.091
-0.443 -0.509 -0.604 -0.754 -0.836 -1.082 -1.119 -1.09 -1.006 -1.087 -1.022 -0.9 -0.575 -0.421 -0.435 -0.396 -0.378 -0.322 -0.224 -0.227 -0.223 -0.245 -0.203 -0.226 -0.299 -0.405 -0.433 -0.417 -0.406 -0.603 -0.809 -0.976 -1.117 -1.066 -1.106 -0.998 -1.033 -0.981 -1 -1.022 -1.015 -0.971 -1.008 -0.992 -1.012 -1.087 -1.004 -1.067 -1.135 -1.105 -1.061 -1.029 -1.035 -1.039 -1.022 -1.014 -1.003 -1.013 -0.967 -0.956 -0.991 -1.011 -0.984 -0.98 -0.984 -0.963 -1.013 -0.979 -0.995 -0.95 -0.971 -1.025 -1.039 -1.15
-0.57 -0.654 -0.803 -0.86 -1.049 -1.127 -1.101 -1.148 -1.096 -1.017 -0.806 -0.739 -0.586 -0.34 -0.216 -0.179 -0.18 -0.147 -0.013 -0.057 -0.003 -0.042 0.021 -0.017 -0.157 -0.25 -0.197 -0.205 -0.304 -0.449 -0.65 -0.914 -0.837 -1.011 -0.994 -1.027 -1.056 -1.049 -0.98 -0.98 -1.015 -0.979 -1.002 -0.994 -1.078 -1.059 -1.041 -1.108 -1.149 -1.134 -1.116 -1.088 -1.087 -1.096 -1.076 -1.049 -1.016 -0.985 -0.97 -0.975 -0.999 -1.032 -0.98 -0.989 -0.978 -1.007 -1.03 -1.075 -1.021 -0.977 -1.018 -1.07 -1.102 -1.262
-0.967 -0.868 -0.829 -1.071 -1.049 -1.027 -1.051 -1.029 -0.836 -0.82 -0.75 -0.588 -0.471 -0.271 -0.163 -0.075 0.021 0.084 0.148 0.165 0.178 0.173 0.166 0.161 0.097 0.002 0.01 0.007 -0.152 -0.339 -0.449 -0.652 -0.837 -0.782 -0.824 -1.042 -1.068 -1.005 -1.011 -0.984 -1.03 -1.026 -0.94 -1.003 -1.023 -1.074 -1.036 -1.052 -1.048 -1.094 -1.099 -1.088 -1.068 -1.062 -1.095 -1.071 -0.984 -1.005 -1.003 -0.988 -1.016 -0.999 -0.988 -0.972 -0.963 -1.003 -1.048 -1.079 -1.045 -1.01 -1.048 -1.101 -1.209 -1.374
-1.389 -1.407 -1.132 -0.969 -1.017 -0.995 -1.078 -1.084 -1.04 -0.823 -0.579 -0.476 -0.29 -0.156 -0.036 0.137 0.231 0.307 0.407 0.44 0.41 0.391 0.389 0.337 0.304 0.186 0.165 0.106 -0.005 -0.185 -0.333 -0.486 -0.69 -0.735 -0.768 -0.847 -1.011 -1.071 -1.047 -0.992 -1.027 -1.007 -0.989 -1.058 -1.044 -1.082 -1.041 -1.084 -1.071 -1.064 -1.06 -1.081 -1.04 -1.056 -1.078 -1.019 -1 -1.023 -1.005 -0.98 -1.012 -1.033 -1.027 -0.993 -1.019 -0.993 -1.04 -1.087 -1.115 -1.088 -1.09 -1.131 -1.283 -1.44
-1.303 -1.382 -1.432 -1.034 -0.973 -1.033 -1.075 -1.141 -1.069 -0.843 -0.678 -0.424 -0.202 0.021 0.119 0.333 0.448 0.511 0.524 0.62 0.599 0.613 0.587 0.555 0.428 0.451 0.366 0.266 0.161 -0.003 -0.206 -0.366 -0.398 -0.6 -0.697 -0.816 -0.828 -1.095 -0.956 -1.025 -1.044 -1.033 -1.02 -0.989 -1.05 -1.058 -1.007 -1.064 -1.067 -1.039 -1.063 -1.044 -1.059 -1.076 -1.067 -1.032 -0.98 -1.009 -1.053 -1.049 -1.029 -0.977 -1.065 -1.04 -1.047 -1.064 -1.054 -1.144 -1.15 -1.123 -1.119 -1.202 -1.349 -1.568
-1.216 -1.244 -1.42 -1.269 -1.05 -1.104 -1.076 -0.851 -0.906 -0.821 -0.561 -0.364 -0.224 0.045 0.2 0.385 0.507 0.637 0.705 0.784 0.791 0.824 0.762 0.692 0.619 0.621 0.543 0.336 0.282 0.135 -0.071 -0.134 -0.214 -0.323 -0.446 -0.59 -0.838 -0.916 -0.78 -0.975 -1.037 -1.072 -1.056 -1.035 -1.039 -0.997 -0.99 -1.029 -1.043 -1.088 -1.062 -1.064 -1.06 -1.101 -1.05 -1.045 -1.011 -1.082 -1.113 -1.059 -0.985 -1.02 -1.034 -1.053 -1.048 -1.102 -1.091 -1.154 -1.16 -1.135 -1.15 -1.223 -1.417 -1.49
-1.161 -1.213 -1.294 -1.343 -1.093 -1.102 -0.875 -0.881 -0.679 -0.556 -0.505 -0.288 -0.092 0.063 0.257 0.461 0.657 0.844 0.881 1.051 1.014 1.022 1.011 0.911 0.894 0.779 0.723 0.532 0.461 0.286 0.178 0.021 -0.041 -0.184 -0.337 -0.416 -0.618 -0.564 -0.985 -1.028 -1.055 -1.071 -1.043 -1.046 -1.058 -1.009 -1.031 -1.023 -1.027 -1.064 -1.066 -1.086 -1.074 -1.056 -1.054 -1.041 -1.037 -1.081 -1.097 -1.064 -1.047 -1.038 -1.072 -1.082 -1.053 -1.141 -1.1 -1.129 -1.193 -1.162 -1.192 -1.296 -1.418 -1.502
-1.166 -1.188 -1.22 -1.418 -1.315 -1.226 -1.062 -0.939 -0.74 -0.439 -0.318 -0.194 -0.007 0.201 0.342 0.534 0.668 0.873 1.152 1.118 1.199 1.186 1.155 1.07 1.101 1.048 0.794 0.663 0.601 0.416 0.356 0.232 0.15 0.01 -0.124 -0.318 -0.364 -0.593 -0.798 -1.089 -1.065 -1.038 -1.043 -1.044 -1.019 -1.021 -1.073 -1.097 -1.106 -1.057 -1.059 -1.075 -1.066 -1.054 -1.027 -1.074 -1.064 -1.064 -1.063 -1.114 -1.024 -1.015 -0.999 -1.05 -1.12 -1.152 -1.116 -1.103 -1.142 -1.219 -1.264 -1.429 -1.469 -1.529
-1.117 -1.13 -1.237 -1.349 -1.455 -1.145 -1.123 -0.941 -0.805 -0.636 -0.397 -0.125 0.017 0.194 0.392 0.592 0.764 0.982 1.19 1.324 1.338 1.385 1.309 1.28 1.242 1.163 0.96 0.83 0.694 0.584 0.511 0.373 0.273 0.121 -0.027 -0.187 -0.397 -0.592 -0.853 -0.986 -1.07 -1.068 -0.95 -1.031 -1.014 -1.02 -1.048 -1.095 -1.107 -1.104 -1.047 -1.08 -1.053 -1.046 -1.04 -1.05 -1.071 -1.092 -1.113 -1.078 -1.088 -1.042 -1.069 -1.053 -1.075 -1.106 -1.093 -1.078 -1.123 -1.292 -1.384 -1.444 -1.514 -1.533
-1.093 -1.135 -1.146 -1.329 -1.412 -1.17 -1.087 -1.06 -0.914 -0.672 -0.49 -0.212 -0.026 0.171 0.398 0.598 0.825 1.015 1.265 1.374 1.597 1.618 1.541 1.44 1.445 1.313 1.16 1.025 0.912 0.805 0.638 0.499 0.423 0.238 -0.006 -0.163 -0.416 -0.622 -0.864 -1.056 -1.111 -1.033 -1.016 -1.006 -1.034 -1.067 -1.006 -1.077 -1.159 -1.08 -1.086 -1.077 -1.089 -0.967 -1.034 -1.069 -1.093 -1.094 -1.076 -1.134 -1.083 -1.069 -1.099 -1.033 -1.07 -1.137 -1.102 -1.108 -1.212 -1.337 -1.51 -1.568 -1.571 -1.551
-1.009 -1.043 -1.122 -1.306 -1.458 -1.089 -1.081 -0.809 -0.786 -0.651 -0.441 -0.171 0.039 0.202 0.409 0.619 0.826 1.024 1.232 1.413 1.704 1.877 1.78 1.687 1.534 1.409 1.281 1.195 1.021 0.938 0.814 0.546 0.38 0.21 0.065 -0.171 -0.374 -0.542 -0.759 -0.84 -0.869 -1.06 -0.971 -1.021 -0.941 -1.018 -1.04 -1.063 -1.076 -0.938 -0.938 -1.042 -1.107 -0.937 -1.16 -1.083 -1.121 -1.057 -1.058 -1.142 -1.085 -1.108 -1.108 -1.112 -1.11 -1.141 -1.146 -1.173 -1.278 -1.428 -1.606 -1.609 -1.619 -1.47
