All_lidar/sz6391_DSM_2M.asc
ncols 500
nrows 500
xllcorner    463000
yllcorner    91000
cellsize     2
NODATA_value -9999
[rows 340 to 373 of 500, columns 76 to 151 of 500]
0.441 0.634 0.963 1.186 1.139 1.169 0.904 0.904 0.794 0.832 1.037 0.827 0.883 0.91 1.141 0.916 0.911 0.81 1.045 1.337 1.369 1.393 1.423 1.113 1.096 1.12 1.055 0.954 0.863 0.78 0.611 0.408 0.184 0.008 -0.205 -0.301 -0.417 -0.427 -0.42 -0.405 -0.431 -0.372 -0.231 -0.106 0.045 -0.108 -0.274 -0.53 -0.746 -1.106 -1.441 -1.533 -1.483 -1.421 -1.224 -0.942 -0.673 -0.419 -0.169 0.108 0.335 0.664 0.873 1.173 1.461 1.67 1.88 1.858 1.878 1.875 1.85 1.898 1.818 1.973 1.98 1.978
0.478 0.681 0.904 1.155 1.149 1.195 1.12 1.051 1.123 1.163 1.091 1.073 1.092 1.103 1.082 1.134 0.976 0.883 1.002 1.314 1.398 1.399 1.401 1.382 1.356 1.336 1.331 1.277 1.302 0.975 0.727 0.494 0.351 0.099 -0.041 -0.198 -0.258 -0.444 -0.475 -0.47 -0.454 -0.459 -0.35 -0.187 -0.015 -0.138 -0.392 -0.635 -0.883 -1.205 -1.259 -1.545 -1.361 -1.275 -1.065 -0.847 -0.631 -0.404 -0.133 0.165 0.409 0.674 0.91 1.123 1.442 1.643 1.855 1.84 1.898 1.948 1.948 1.915 1.888 1.908 1.973 1.99
0.486 0.662 0.826 0.923 0.93 0.872 0.913 1.102 1.144 1.105 1.132 1.121 1.111 1.086 1.072 1.136 1.197 1.014 0.971 1.111 1.385 1.393 1.406 1.218 1.407 1.334 1.33 1.345 1.283 1.049 0.81 0.593 0.397 0.204 -0.005 -0.109 -0.148 -0.303 -0.462 -0.51 -0.465 -0.383 -0.313 -0.229 -0.074 -0.302 -0.392 -0.645 -0.806 -1.085 1.918 -1.359 -1.139 -1.122 -0.938 -0.767 -0.532 -0.247 -0.006 0.265 0.469 0.799 0.992 1.226 1.492 1.832 1.85 1.838 1.915 1.913 1.873 1.863 1.865 1.86 1.9 1.913
0.414 0.564 0.654 0.694 0.681 0.638 0.836 0.926 0.834 0.903 1.135 1.134 0.915 1.135 1.092 0.922 1.002 0.977 0.84 1.055 1.137 1.137 1.148 1.145 1.223 1.095 1.058 1.101 1.041 0.971 0.78 0.629 0.438 0.248 0.047 -0.072 -0.147 -0.222 -0.266 -0.367 -0.326 -0.367 -0.263 -0.121 -0.048 -0.289 -0.46 -0.618 -0.879 -0.985 -1.076 -1.065 -0.911 -0.834 -0.736 -0.568 -0.402 -0.108 0.167 0.349 0.623 0.866 1.079 1.317 1.513 1.814 1.858 1.868 1.88 1.868 1.825 1.863 1.865 1.905 1.91 1.93
0.308 0.446 0.468 0.502 0.497 0.534 0.69 0.766 0.676 0.805 0.908 0.915 0.881 0.968 0.938 0.854 0.768 0.739 0.671 0.846 0.904 0.884 0.875 0.885 1.002 0.872 0.841 0.839 0.742 0.723 0.702 0.623 0.354 0.154 -0.07 -0.165 -0.318 -0.267 -0.18 -0.029 -0.059 -0.118 -0.065 -0.028 0 -0.258 -0.292 -0.555 -0.721 -0.771 -0.811 -0.748 -0.613 -0.541 -0.492 -0.36 -0.19 0.031 0.243 0.53 0.74 1.006 1.186 1.409 1.611 1.834 1.898 1.873 1.865 1.873 1.858 1.925 1.913 1.818 1.94 1.91
0.153 0.243 0.288 0.317 0.315 0.378 0.537 0.585 0.598 0.676 0.688 0.704 0.726 0.801 0.771 0.715 0.631 0.515 0.435 0.619 0.667 0.631 0.617 0.634 0.678 0.646 0.634 0.59 0.578 0.522 0.557 0.551 0.278 -0.03 -0.268 -0.26 -0.201 -0.111 -0.053 0.044 0.179 0.208 0.187 0.243 0.311 0.035 -0.143 -0.334 -0.408 -0.459 -0.419 -0.432 -0.449 -0.37 -0.225 -0.137 0.116 0.278 0.47 0.652 0.866 1.068 1.292 1.552 1.718 1.948 1.915 1.863 1.833 1.838 1.928 1.855 1.92 1.903 1.908 1.858
-0.017 0.066 0.087 0.094 0.115 0.245 0.335 0.349 0.428 0.582 0.499 0.476 0.484 0.564 0.597 0.6 0.436 0.289 0.25 0.407 0.448 0.436 0.394 0.413 0.435 0.438 0.437 0.409 0.44 0.465 0.406 0.275 0.069 -0.178 -0.159 -0.059 -0.012 0.026 0.04 0.1 0.209 0.335 0.424 0.454 0.506 0.293 0.116 -0.048 -0.123 -0.186 -0.228 -0.208 -0.185 -0.11 0.027 0.117 0.233 0.443 0.612 0.78 1.008 1.209 1.445 1.625 1.855 1.908 1.928 1.86 1.83 1.923 1.833 1.85 1.903 1.92 1.978 1.953
-0.212 -0.162 -0.084 -0.082 0.074 0.194 0.215 0.212 0.32 0.393 0.324 0.285 0.281 0.376 0.377 0.32 0.253 0.121 0.064 0.181 0.209 0.178 0.175 0.139 0.31 0.224 0.189 0.236 0.228 0.271 0.158 0.191 0.085 0.09 0.121 0.128 0.126 0.183 0.147 0.18 0.245 0.268 0.432 0.457 0.58 0.522 0.339 0.212 0.125 0.129 0.058 0.036 0.09 0.11 0.199 0.262 0.402 0.586 0.744 0.941 1.154 1.372 1.56 1.734 1.91 1.893 1.858 1.818 1.828 1.808 1.848 1.855 1.89 1.915 1.915 1.923
-0.335 -0.333 -0.309 -0.298 -0.074 -0.048 0.003 -0.027 0.052 0.087 0.196 0.181 0.175 0.211 0.205 0.106 0.071 0.009 -0.11 -0.018 -0.016 -0.065 0.049 0.004 -0.066 -0.039 -0.041 0.043 -0.061 0.188 0.239 0.299 0.319 0.378 0.304 0.322 0.318 0.288 0.217 0.225 0.182 0.254 0.339 0.375 0.545 0.701 0.613 0.525 0.425 0.37 0.362 0.365 0.359 0.423 0.427 0.526 0.671 0.823 0.997 1.196 1.4 1.608 1.765 1.943 1.928 1.878 1.84 1.885 1.905 1.815 1.898 1.988 1.908 1.903 1.97 1.888
-0.459 -0.516 -0.481 -0.498 -0.313 -0.38 -0.277 -0.222 -0.159 -0.122 -0.001 0.118 0.095 0.049 0 -0.068 -0.126 -0.137 -0.288 -0.234 -0.231 -0.287 -0.263 -0.281 -0.317 -0.253 -0.181 -0.044 0.082 0.224 0.414 0.506 0.545 0.492 0.518 0.444 0.371 0.305 0.28 0.222 0.185 0.268 0.364 0.406 0.484 0.698 0.848 0.729 0.603 0.577 0.618 0.584 0.622 0.633 0.705 0.727 1.016 1.037 1.213 1.433 1.613 1.795 1.939 1.925 1.913 1.94 1.898 1.94 1.953 1.923 1.96 1.938 1.943 1.965 1.913 1.965
-0.314 -0.546 -0.675 -0.667 -0.595 -0.526 -0.517 -0.437 -0.347 -0.198 -0.199 -0.193 -0.192 -0.181 -0.293 -0.29 -0.292 -0.32 -0.459 -0.444 -0.484 -0.484 -0.48 -0.496 -0.462 -0.323 0.05 0.073 0.205 0.38 0.588 0.706 0.72 0.692 0.644 0.534 0.441 0.396 0.367 0.315 0.286 0.319 0.37 0.459 0.556 0.7 0.852 0.934 0.877 0.879 0.834 0.846 0.909 0.879 0.957 1.124 1.219 1.319 1.5 1.706 1.831 1.992 1.995 1.9 1.873 1.96 1.913 1.865 1.905 1.898 1.965 1.93 1.943 1.898 1.9 1.9
-0.307 -0.348 -0.497 -0.552 -0.668 -0.697 -0.658 -0.549 -0.557 -0.55 -0.5 -0.512 -0.488 -0.455 -0.502 -0.461 -0.497 -0.551 -0.628 -0.668 -0.673 -0.701 -0.687 -0.756 -0.46 -0.268 -0.126 0.123 0.352 0.508 0.689 0.856 0.934 0.894 0.807 0.683 0.576 0.452 0.418 0.372 0.336 0.361 0.389 0.492 0.577 0.712 0.901 1.117 1.132 1.119 1.06 1.076 1.08 1.134 1.236 1.368 1.489 1.577 1.723 1.857 1.973 1.925 1.918 1.895 1.848 1.998 1.853 1.835 1.885 1.843 1.875 1.798 1.858 1.853 1.848 1.908
-0.113 -0.198 -0.268 -0.41 -0.523 -0.678 -0.862 -0.74 -0.681 -0.709 -0.696 -0.694 -0.673 -0.726 -0.687 -0.702 -0.794 -0.74 -0.843 -0.842 -0.827 -0.94 -0.91 -0.67 -0.506 -0.263 0.08 0.239 0.351 0.592 0.701 0.916 1.15 1.151 0.915 0.721 0.611 0.477 0.398 0.374 0.342 0.334 0.396 0.508 0.659 0.75 0.92 1.129 1.359 1.326 1.297 1.322 1.329 1.399 1.418 1.485 1.678 1.798 1.865 1.958 1.925 1.925 1.898 1.855 1.825 1.82 1.845 1.82 1.81 1.833 1.833 1.78 1.798 1.818 1.87 1.943
0.06 -0.038 -0.014 -0.215 -0.376 -0.449 -0.73 -0.921 -0.886 -0.857 -0.707 -0.902 -0.943 -0.952 -0.941 -0.862 -0.883 -0.984 -1.019 -1.089 -1.097 -1.129 -0.909 -0.724 -0.464 -0.088 0.044 0.137 0.318 0.58 0.69 0.803 0.952 0.968 0.864 0.689 0.606 0.467 0.421 0.353 0.352 0.338 0.405 0.503 0.571 0.696 0.904 1.095 1.322 1.642 1.615 1.598 1.59 1.637 1.7 1.745 1.855 1.895 1.945 1.948 1.91 1.95 1.885 1.865 1.833 1.868 1.8 1.843 1.865 1.878 1.83 1.873 1.843 1.84 1.828 1.808
0.274 0.215 0.02 -0.1 -0.268 -0.448 -0.635 -0.616 -0.863 -0.886 -0.853 -1.074 -1.099 -1.11 -1.068 -1.105 -1.152 -1.17 -1.231 -1.314 -1.35 -1.12 -0.935 -0.727 -0.419 -0.257 -0.197 0.07 0.236 0.417 0.614 0.692 0.68 0.718 0.633 0.539 0.585 0.503 0.432 0.398 0.366 0.353 0.382 0.489 0.592 0.751 0.979 1.127 1.423 1.713 2.04 1.915 1.828 1.895 1.993 1.983 2 1.93 1.955 2.088 2.03 2.088 1.92 1.903 1.918 1.83 1.86 1.89 1.885 1.925 1.973 1.913 1.883 1.843 1.835 1.835
0.51 0.29 0.196 0.063 -0.114 -0.357 -0.558 -0.598 -0.625 -0.888 -1.093 -1.074 -1.365 -1.321 -1.291 -1.257 -1.321 -1.394 -1.394 -1.585 -1.373 -1.245 -1.008 -0.816 -0.434 -0.26 -0.227 -0.048 0.126 0.351 0.492 0.516 0.473 0.558 0.508 0.47 0.45 0.389 0.399 0.417 0.376 0.437 0.479 0.505 0.615 0.817 1.016 1.228 1.512 1.735 1.811 1.9 1.93 1.948 1.963 2.008 2.003 1.95 1.985 1.995 2.02 1.968 1.93 1.915 1.945 1.973 1.945 1.905 1.963 2.038 1.965 1.885 1.88 1.86 1.858 1.785
0.638 0.446 0.284 0.223 -0.097 -0.148 -0.305 -0.483 -0.701 -0.884 -1.231 -1.382 -1.459 -1.514 -1.515 -1.548 -1.553 -1.552 -1.64 -1.685 -1.459 -1.269 -1.13 -0.874 -0.682 -0.343 -0.258 -0.054 -0.004 0.212 0.249 0.262 0.245 0.251 0.324 0.314 0.28 0.289 0.284 0.308 0.321 0.399 0.478 0.56 0.678 0.82 0.998 1.301 1.355 1.504 1.638 1.697 1.739 1.876 1.99 1.995 1.965 2.045 2.013 2.058 2.013 1.933 1.94 1.948 1.955 1.98 1.915 1.915 1.908 2.005 1.903 1.838 1.793 1.81 1.795 1.808
0.837 0.559 0.34 0.162 0.061 -0.052 -0.129 -0.425 -0.728 -0.898 -1.128 -1.289 -1.502 -1.641 -1.772 -1.752 -1.719 -1.79 -1.821 -1.706 -1.586 -1.308 -1.126 -1.018 -0.757 -0.44 -0.336 -0.289 -0.167 -0.095 0.133 0.088 0.047 0.034 0.112 0.142 0.153 0.197 0.204 0.232 0.262 0.33 0.414 0.58 0.713 0.912 1.143 1.133 1.122 1.226 1.403 1.415 1.479 1.596 1.752 1.97 2.013 2.04 2.028 1.99 1.998 1.993 1.93 1.908 1.908 1.92 1.898 1.878 1.878 1.86 1.808 1.795 1.828 1.833 1.905 1.873
0.772 0.592 0.403 0.234 0.05 0.026 -0.096 -0.334 -0.675 -0.837 -1.001 -1.229 -1.35 -1.606 -1.806 -1.895 -1.97 -1.942 -1.977 -1.867 -1.645 -1.42 -1.213 -1.142 -0.899 -0.566 -0.458 -0.445 -0.353 -0.236 -0.191 -0.019 -0.032 -0.027 0.012 0.089 0.085 0.116 0.116 0.197 0.239 0.31 0.447 0.596 0.723 0.902 0.873 0.849 0.891 0.958 1.031 1.1 1.24 1.366 1.533 1.781 1.999 1.988 1.948 1.913 1.945 1.97 1.915 1.895 1.993 1.933 1.893 1.903 1.878 1.865 1.84 1.853 1.835 1.828 1.888 1.925
0.676 0.543 0.545 0.36 0.193 0.008 -0.007 -0.186 -0.435 -0.779 -0.888 -1.129 -1.381 -1.584 -1.725 -1.84 -1.95 -1.99 -2.012 -1.967 -1.723 -1.585 -1.338 -1.208 -1.047 -0.865 -0.546 -0.535 -0.565 -0.42 -0.465 -0.215 -0.061 -0.163 -0.105 -0.042 0.063 0.104 0.12 0.147 0.193 0.31 0.446 0.604 0.67 0.597 0.624 0.584 0.604 0.662 1.903 1.87 0.967 1.181 1.372 1.59 1.79 1.912 2.01 2.043 1.955 1.92 1.903 1.888 1.923 1.948 1.888 1.898 1.88 1.858 1.833 1.83 1.875 1.9 1.925 1.865
0.795 0.762 0.615 0.452 0.281 0.101 -0.034 -0.149 -0.37 -0.736 -0.911 -1.14 -1.258 -1.511 -1.739 -1.974 -1.955 -2.044 -1.992 -1.965 -1.918 -1.697 -1.573 -1.372 -1.262 -1.135 -0.769 -0.588 -0.567 -0.666 -0.59 -0.447 -0.45 -0.336 -0.285 -0.155 0.005 0.089 0.122 0.182 0.224 0.359 0.46 0.599 0.477 0.345 0.318 0.323 0.344 0.404 0.479 0.612 0.744 0.987 1.148 1.32 1.535 1.706 1.963 1.965 1.943 1.92 1.863 1.813 1.965 2.013 1.92 1.928 1.905 1.878 1.895 1.895 1.92 1.885 1.82 1.845
0.962 0.912 0.717 0.529 0.335 0.152 -0.013 -0.261 -0.305 -0.649 -0.884 -1.061 -1.337 -1.555 -1.753 -1.93 -1.957 -1.992 -2.037 -1.935 -1.997 -1.879 -1.761 -1.551 -1.451 -1.358 -0.889 -0.77 -0.774 -0.685 -0.627 -0.759 -0.734 -0.562 -0.416 -0.296 -0.143 -0 0.102 0.247 0.298 0.381 0.4 0.296 0.17 0.086 0.019 0.044 0.11 0.213 0.281 0.402 0.589 0.775 0.938 1.154 1.362 1.549 1.71 1.9 1.795 1.835 1.86 1.868 1.865 1.953 1.95 1.918 1.888 1.918 1.943 1.898 1.858 1.838 1.83 1.828
1.145 0.966 0.769 0.545 0.382 0.177 -0.044 -0.113 -0.489 -0.586 -0.876 -1.042 -1.267 -1.517 -1.764 -1.997 -1.915 -1.985 -1.9 -1.955 -1.948 -2.013 -1.892 -1.803 -1.612 -1.473 -1.352 -1.229 -1.109 -0.858 -0.805 -1.018 -1.028 -0.84 -0.629 -0.509 -0.324 -0.208 -0.03 0.091 0.255 0.361 0.183 0.028 -0.139 -0.186 -0.175 -0.21 -0.172 -0.012 0.108 0.22 0.388 0.559 0.776 0.972 1.166 1.352 1.53 1.698 1.878 1.868 1.853 1.913 1.913 1.903 1.925 1.935 1.92 1.93 1.918 1.88 1.855 1.85 1.858 1.89
0.952 0.891 0.68 0.484 0.343 0.143 -0.042 -0.3 -0.488 -0.648 -0.898 -1.101 -1.076 -1.253 -1.525 -1.985 -1.98 -1.955 -1.977 -1.97 -2.109 -2.097 -2.06 -1.842 -1.712 -1.74 -1.524 -1.365 -1.328 -1.005 -1.069 -1.184 -1.007 -0.889 -0.747 -0.565 -0.462 -0.317 -0.09 0.054 0.237 0.149 -0.054 -0.258 -0.309 -0.429 -0.424 -0.415 -0.36 -0.24 -0.12 0.048 0.144 0.365 0.583 0.782 0.957 1.216 1.402 1.644 1.903 1.953 1.923 1.94 1.998 1.953 1.928 1.875 1.885 1.91 1.85 1.883 1.843 1.813 1.85 1.94
0.797 0.774 0.606 0.398 0.262 0.072 -0.016 -0.183 -0.525 -0.762 -0.913 -1.161 -1.317 -1.247 -1.808 -1.997 -1.995 -1.97 -2.049 -2.092 -1.774 -2.04 -2.097 -2.038 -1.958 -1.814 -1.708 -1.571 -1.535 -1.186 -1.112 -1.373 -1.088 -0.88 -0.841 -0.675 -0.529 -0.345 -0.177 0.022 0.22 -0.03 -0.311 -0.484 -0.576 -0.658 -0.729 -0.678 -0.527 -0.507 -0.397 -0.174 -0.012 0.161 0.353 0.67 0.836 1.056 1.273 1.579 1.821 1.93 1.943 1.943 1.958 1.978 1.903 1.89 1.86 1.878 1.87 1.87 1.958 1.888 1.935 1.918
0.624 0.576 0.467 0.342 0.162 -0.001 -0.187 -0.244 -0.425 -0.608 -0.973 -1.179 -1.389 -1.501 -1.566 -2.004 -1.99 -2.01 -1.983 -2.015 -2.053 -2.074 -2.075 -2.187 -2.085 -1.956 -1.851 -1.563 -1.621 -1.313 -1.089 -1.128 -1.156 -0.966 -0.791 -0.716 -0.523 -0.388 -0.155 0.036 -0.065 -0.291 -0.494 -0.617 -0.825 -0.952 -0.914 -0.943 -0.851 -0.714 -0.538 -0.329 -0.202 -0.017 0.227 0.503 0.702 0.978 1.146 1.438 1.652 1.887 1.93 1.935 1.938 1.958 1.955 1.933 1.895 1.888 1.88 1.933 1.903 1.908 1.94 1.968
0.363 0.326 0.19 0.091 -0.006 -0.153 -0.274 -0.302 -0.473 -0.694 -1.016 -1.274 -1.424 -1.651 -1.66 -1.958 -1.721 -1.779 -1.836 -1.851 -2.095 -2.068 -2.04 -2.07 -1.758 -2.258 -1.976 -2.117 -1.648 -1.347 -1.182 -1.151 -1.08 -1.075 -0.812 -0.736 -0.662 -0.534 -0.317 -0.124 -0.334 -0.499 -0.64 -0.88 -1.056 -1.127 -1.239 -1.18 -0.991 -0.926 -0.737 -0.538 -0.408 -0.176 0.093 0.276 0.554 0.835 1.07 1.352 1.544 1.784 1.888 1.893 1.98 1.948 1.953 1.883 1.875 1.89 1.858 1.888 1.88 1.9 1.938 1.918
0.203 0.131 0.036 -0.024 -0.145 -0.278 -0.411 -0.455 -0.559 -0.947 -1.058 -1.304 -1.496 -1.705 -1.884 -1.948 -1.992 -1.735 -1.74 -1.792 -2.085 -2.058 -2.21 -2.105 -2.105 -2.084 -2.047 -2.126 -1.772 -1.503 -1.316 -1.335 -1.185 -1.298 -1.262 -1.258 -0.936 -0.708 -0.539 -0.311 -0.462 -0.686 -0.868 -1.072 -1.255 -1.344 -1.482 -1.424 -1.22 -1.088 -0.895 -0.71 -0.571 -0.279 -0.059 0.177 0.463 0.66 0.933 1.177 1.423 1.728 1.918 1.98 1.94 1.913 1.905 1.883 1.853 1.838 1.89 1.9 1.86 1.875 1.865 1.875
-0.023 -0.086 -0.038 -0.224 -0.278 -0.417 -0.572 -0.577 -0.722 -1.073 -1.251 -1.468 -1.533 -1.772 -1.937 -1.997 -1.965 -2.06 -1.797 -1.855 -2.067 -2.122 -2.026 -2.147 -2.134 -2.037 -2.107 -1.953 -1.703 -1.51 -1.473 -1.508 -1.49 -1.574 -1.46 -1.34 -1.123 -0.859 -0.65 -0.446 -0.57 -0.8 -1.053 -1.206 -1.425 -1.608 -1.71 -1.608 -1.382 -1.258 -1.032 -0.813 -0.609 -0.341 -0.192 0.073 0.313 0.613 0.928 1.226 1.396 1.687 1.918 1.888 1.963 1.953 1.93 1.88 1.825 1.81 1.88 1.875 1.86 1.888 1.82 1.84
-0.137 -0.185 -0.223 -0.426 -0.49 -0.61 -0.647 -0.593 -0.852 -1.168 -1.329 -1.498 -1.68 -1.867 -1.92 -1.995 -1.715 -1.775 -1.838 -1.746 -1.795 -2.063 -2.234 -2.043 -2.119 -2.104 -2.111 -1.838 -1.771 -1.539 -1.714 -1.754 -1.772 -1.765 -1.707 -1.4 -1.231 -0.977 -0.711 -0.737 -0.645 -0.911 -1.109 -1.39 -1.605 -1.717 -1.922 -1.633 -1.617 -1.324 -1.116 -0.916 -0.638 -0.424 -0.231 0.097 0.27 0.6 0.932 1.182 1.482 1.691 1.928 1.933 1.958 1.89 1.903 1.843 1.853 1.875 1.865 1.868 1.848 1.848 1.89 1.85
-0.31 -0.339 -0.546 -0.6 -0.721 -0.788 -0.819 -0.696 -0.844 -1.112 -1.191 -1.619 -1.795 -1.979 -1.98 -1.898 -2.007 -2.067 -2.112 -1.804 -1.772 -2.07 -2.04 -2.001 -2.209 -2.023 -2.087 -2.07 -1.799 -1.82 -1.93 -2.105 -2.015 -2.149 -1.838 -1.572 -1.269 -1.035 -0.968 -0.971 -0.895 -0.926 -1.157 -1.448 -1.691 -1.967 -1.955 -1.97 -1.737 -1.48 -1.178 -1.011 -0.701 -0.453 -0.224 0.062 0.318 1.915 0.949 1.198 1.453 1.64 1.96 1.923 1.84 1.85 1.85 1.885 1.918 1.905 1.968 1.89 1.91 1.873 1.895 1.87
-0.479 -0.494 -0.726 -0.739 -0.711 -0.775 -0.98 -1.037 -1.163 -1.3 -1.413 -1.7 -1.828 -1.632 -1.992 -1.93 -2.107 -1.998 -2.083 -1.746 -1.738 -2.12 -2.112 -2.065 -2.02 -2.015 -2.03 -1.973 -2.082 -1.75 -1.895 -2.167 -2.018 -2.167 -1.889 -1.51 -1.266 -1.073 -1.222 -1.195 -1.135 -0.993 -1.137 -1.349 -1.593 -1.677 -1.937 -1.985 -1.752 -1.489 -1.238 -1.015 -0.715 -0.412 -0.199 0.091 0.299 0.597 0.906 1.144 1.423 1.641 1.875 1.863 1.853 1.92 1.928 1.938 1.928 1.913 1.978 1.958 1.933 1.908 1.918 1.898
-0.81 -0.832 -0.896 -0.971 -1.089 -1.092 -1.291 -1.397 -1.647 -1.75 -1.759 -1.928 -2.012 -1.925 -2.03 -1.891 -2.037 -2.095 -2.075 -1.836 -1.731 -2.023 -2.196 -1.993 -1.943 -2.179 -2.03 -2.087 -2.094 -1.852 -1.73 -2.117 -1.884 -1.73 -1.727 -1.466 -1.211 -1.366 -1.457 -1.435 -1.399 -1.242 -1.158 -1.24 -1.382 -1.583 -1.739 -1.621 -1.636 -1.38 -1.192 -0.914 -0.707 -0.419 -0.176 0.064 0.293 0.6 0.93 1.133 1.409 1.654 1.873 1.925 1.895 1.925 1.95 1.93 1.933 1.923 1.958 1.95 1.865 1.865 1.833 1.815
-0.846 -1.035 -1.142 -1.202 -1.387 -1.436 -1.565 -1.567 -1.678 -1.753 -2.023 -1.965 -1.96 -1.925 -2.002 -1.946 -2.042 -2.196 -2.042 -1.805 -1.841 -2.125 -2.032 -2.112 -2.127 -2.064 -2.171 -2.045 -2.131 -1.715 -1.985 -1.943 -2.022 -1.843 -1.608 -1.46 -1.278 -1.505 -1.6 -1.686 -1.62 -1.376 -1.414 -1.176 -1.22 -1.431 -1.431 -1.411 -1.411 -1.262 -1.021 -0.819 -0.551 -0.387 -0.141 0.11 0.354 0.621 0.953 1.171 1.406 1.711 1.955 1.885 1.905 1.938 1.99 1.955 1.943 1.893 1.923 1.865 1.85 1.83 1.815 1.848
