All_lidar/sz6387_DSM_2M.asc
ncols 500
nrows 500
xllcorner    463000
yllcorner    87000
cellsize     2
NODATA_value -9999
[rows 340 to 373 of 500, columns 152 to 227 of 500]
0.063 0.128 0.091 0.138 0.329 0.591 1 1.749 2.017 1.663 1.492 1.077 0.556 0.273 0.321 0.386 0.438 0.499 0.45 0.489 0.522 0.472 0.427 0.372 0.442 0.522 0.397 0.397 0.447 0.517 0.57 0.622 0.75 0.917 0.98 0.997 1.017 1.045 1.032 1.052 1.057 1.077 1.072 1.08 1.085 1.1 1.165 1.197 1.232 1.267 1.287 1.33 1.337 1.357 1.307 1.242 1.232 1.267 1.382 1.402 1.415 1.425 1.467 1.49 1.512 1.535 1.575 1.645 1.725 1.825 1.902 1.962 2.042 2.107 2.147 2.185
0.084 0.082 0.054 0.229 0.66 1.399 1.784 1.908 1.619 1.539 1.403 0.997 0.333 0.248 0.38 0.408 0.455 0.478 0.469 0.551 0.598 0.568 0.476 0.412 0.42 0.472 0.652 0.44 0.462 0.502 0.53 0.542 0.807 1.125 1.065 1.002 1.035 1.047 1.067 1.042 1.052 1.055 1.035 1.05 1.015 1.035 1.067 1.115 1.197 1.237 1.292 1.357 1.33 1.34 1.32 1.27 1.277 1.375 1.46 1.477 1.49 1.542 1.602 1.66 1.677 1.722 1.79 1.842 1.905 1.98 2.075 2.142 2.217 2.28 2.247 2.22
0.048 0.034 0.066 0.492 1.247 2.565 2.832 1.98 1.505 1.492 0.993 0.504 0.317 0.307 0.392 0.424 0.435 0.509 0.555 0.623 0.66 0.633 0.53 0.492 0.452 0.535 0.627 0.585 0.42 0.457 0.507 0.565 0.817 1.192 1.197 1.095 1.035 1.025 1.057 1.047 1.06 1.042 1.022 1.032 0.995 1 1.015 1.09 1.122 1.155 1.23 1.3 1.292 1.262 1.265 1.287 1.402 1.5 1.507 1.545 1.615 1.712 1.78 1.827 1.877 1.907 1.967 2.017 2.072 2.155 2.24 2.335 2.42 2.425 2.345 2.245
0.118 0.251 0.903 1.774 1.519 3.168 3.037 1.719 1.487 0.999 0.482 0.397 0.344 0.46 0.423 0.491 0.545 0.584 0.661 0.745 0.738 0.687 0.617 0.555 0.59 0.61 0.642 0.672 0.837 0.497 0.462 0.567 0.75 1.09 1.2 1.185 1.09 1.055 1.047 1.065 1.065 1.035 1.02 1.02 0.97 1.015 0.987 1.037 1.08 1.102 1.157 1.182 1.212 1.21 1.26 1.36 1.49 1.575 1.642 1.692 1.76 1.84 1.922 1.972 2.065 2.085 2.127 2.165 2.262 2.342 2.415 2.517 2.547 2.51 2.442 2.372
0.334 0.799 2.134 2.4 1.899 2.057 1.612 1.313 1.045 0.565 0.464 0.4 0.377 0.432 0.485 0.596 0.689 0.776 0.861 0.924 0.952 0.76 0.645 0.655 0.752 0.745 0.635 0.69 0.645 0.605 0.552 0.45 0.62 0.9 1.08 1.175 1.177 1.122 1.11 1.137 1.137 1.132 1.09 1.1 1.067 1.035 1.027 1.035 1.105 1.102 1.15 1.162 1.202 1.21 1.272 1.4 1.532 1.605 1.705 1.835 1.927 1.982 2.095 2.192 2.247 2.285 2.39 2.387 2.417 2.497 2.567 2.617 2.62 2.617 2.555 2.497
0.767 2.29 3.088 2.995 2.13 1.841 1.552 1.022 0.603 0.442 0.425 0.473 0.5 0.541 0.576 0.701 0.777 0.935 1.066 1.097 1.065 0.945 0.73 0.77 0.862 0.875 0.792 0.667 0.65 0.58 0.627 0.58 0.467 0.622 0.825 1.08 1.202 1.212 1.167 1.167 1.212 1.165 1.152 1.142 1.155 1.1 1.06 1.042 1.065 1.11 1.15 1.175 1.19 1.23 1.315 1.43 1.535 1.637 1.752 1.882 2.01 2.16 2.282 2.35 2.42 2.5 2.55 2.557 2.53 2.582 2.66 2.715 2.712 2.712 2.67 2.62
1.503 2.95 3.649 3.17 2.978 2.589 1.523 0.697 0.459 0.394 0.415 0.541 0.551 0.596 0.662 0.762 0.864 1.008 1.097 1.097 1.077 0.992 0.867 0.827 0.897 0.922 0.917 0.835 0.722 0.627 0.615 0.597 0.58 0.482 0.505 0.802 1.037 1.14 1.145 1.22 1.257 1.24 1.227 1.21 1.187 1.15 1.1 1.092 1.1 1.082 1.132 1.175 1.242 1.287 1.367 1.462 1.55 1.635 1.765 1.907 2.08 2.222 2.355 2.49 2.53 2.615 2.662 2.667 2.612 2.61 2.685 2.735 2.762 2.75 2.722 2.73
1.572 3.16 3.289 2.482 3.38 3.785 1.451 0.565 0.398 0.395 0.421 0.557 0.578 0.641 0.718 0.813 0.963 1.042 1.087 1.087 1.06 0.962 0.907 0.87 0.875 0.91 0.96 0.907 0.817 0.747 0.67 0.662 0.665 0.612 0.732 1.217 0.632 0.907 1.107 1.252 1.33 1.3 1.27 1.235 1.19 1.18 1.122 1.082 1.082 1.075 1.09 1.145 1.26 1.315 1.407 1.47 1.547 1.66 1.79 1.957 2.142 2.292 2.412 2.522 2.62 2.715 2.765 2.792 2.73 2.657 2.71 2.745 2.772 2.785 2.83 2.865
2.342 3.13 2.714 2.174 3.657 2.957 0.973 0.497 0.435 0.423 0.496 0.575 0.588 0.606 0.676 0.782 0.89 0.9 0.985 1.057 1.05 0.952 0.942 0.897 0.915 0.932 0.945 0.94 0.925 0.857 0.802 0.67 0.74 0.965 1.157 1.2 2.462 0.76 0.877 1.2 1.362 1.392 1.297 1.222 1.215 1.185 1.152 1.085 1.095 1.052 1.085 1.15 1.265 1.322 1.392 1.452 1.532 1.682 1.875 2.055 2.24 2.38 2.485 2.575 2.65 2.732 2.8 2.847 2.842 2.78 2.757 2.767 2.785 2.827 2.882 2.95
1.723 2.728 1.998 2.083 1.826 1.136 0.563 0.516 0.459 0.433 0.525 0.588 0.592 0.599 0.651 0.792 0.837 0.835 0.927 1 0.965 0.957 0.957 0.912 0.952 0.987 0.965 0.972 0.975 0.955 0.927 0.827 0.717 1.08 1.51 2.96 3.767 2.637 0.532 0.857 1.215 1.372 1.332 1.225 1.182 1.192 1.12 1.045 1.065 1.04 1.112 1.16 1.237 1.342 1.395 1.46 1.56 1.737 1.942 2.142 2.322 2.447 2.527 2.63 2.702 2.77 2.832 2.905 2.947 2.935 2.852 2.842 2.847 2.922 3.01 3.075
3.017 3.941 1.869 1.914 1.373 0.662 0.518 0.531 0.517 0.51 0.593 0.601 0.608 0.657 0.667 0.762 0.815 0.862 0.97 0.96 0.957 0.945 0.905 0.92 0.977 0.992 0.985 0.97 0.977 0.987 1.015 0.985 0.897 1.69 1.655 2.145 1.227 1.572 0.445 0.495 0.827 1.147 1.257 1.27 1.2 1.13 1.057 1.042 1.08 1.092 1.13 1.147 1.25 1.332 1.405 1.46 1.595 1.777 1.972 2.197 2.395 2.517 2.587 2.66 2.752 2.795 2.867 2.925 2.987 3.027 3.035 2.952 2.987 3.035 3.132 3.232
4.727 2.666 1.886 1.729 0.938 0.589 0.571 0.572 0.533 0.601 0.648 0.61 0.612 0.652 0.69 0.747 0.792 0.902 0.917 0.92 0.92 0.897 0.9 0.912 0.982 0.995 1.002 0.992 0.955 0.962 1.007 1.05 1.03 1.382 1.912 1.06 0.78 1.087 0.8 0.422 0.49 0.717 1.022 1.2 1.177 1.065 1.022 1.05 1.065 1.147 1.145 1.165 1.23 1.345 1.41 1.505 1.64 1.785 1.975 2.18 2.38 2.51 2.595 2.712 2.782 2.852 2.887 2.945 3.01 3.075 3.102 3.062 3.102 3.16 3.262 3.325
3.346 1.61 1.866 1.301 0.605 0.571 0.586 0.569 0.526 0.663 0.61 0.602 0.627 0.672 0.737 0.755 0.812 0.855 0.885 0.885 0.87 0.89 0.872 0.895 0.937 0.965 0.975 0.97 0.977 0.975 0.995 1.017 1.05 1.035 1.085 1.345 0.965 0.897 0.907 0.727 0.595 0.43 0.635 0.94 0.997 0.967 1.04 1.052 1.03 1.085 1.137 1.205 1.257 1.362 1.475 1.527 1.655 1.827 2.007 2.18 2.345 2.49 2.602 2.69 2.767 2.847 2.917 2.985 3.002 3.057 3.095 3.112 3.17 3.24 3.275 3.337
1.761 1.716 1.294 0.703 0.626 0.599 0.598 0.585 0.63 0.662 0.632 0.64 0.667 0.68 0.74 0.767 0.84 0.852 0.847 0.865 0.872 0.867 0.875 0.897 0.94 0.937 0.937 0.94 0.952 0.945 0.97 0.992 1.007 1.052 1.1 1.12 1.01 1.035 0.84 0.805 0.81 0.967 0.725 0.535 0.672 0.885 1.02 1.042 1.05 1.075 1.14 1.23 1.285 1.39 1.467 1.57 1.702 1.85 2.045 2.21 2.345 2.48 2.595 2.69 2.755 2.807 2.885 2.92 2.96 3.017 3.035 3.102 3.162 3.217 3.255 3.267
1.667 1.475 0.732 0.632 0.652 0.645 0.625 0.617 0.68 0.657 0.675 0.745 0.74 0.737 0.765 0.782 0.84 0.832 0.842 0.852 0.887 0.877 0.877 0.905 0.912 0.93 0.94 0.907 0.91 0.912 0.917 0.932 0.945 0.987 1.027 1.09 1.23 1.225 0.712 0.87 0.64 0.64 0.537 0.417 0.485 0.622 0.9 1.017 1.02 1.045 1.135 1.215 1.287 1.42 1.515 1.62 1.77 1.935 2.102 2.22 2.33 2.505 2.61 2.697 2.765 2.792 2.845 2.865 2.912 2.942 2.987 3.03 3.09 3.122 3.187 3.232
1.625 1.095 0.687 0.622 0.64 0.67 0.647 0.652 0.69 0.707 0.752 0.817 0.83 0.807 0.79 0.81 0.82 0.84 0.87 0.882 0.882 0.885 0.885 0.93 0.93 0.96 0.945 0.93 0.912 0.915 0.925 0.902 0.9 0.93 0.997 0.995 1.047 2.52 2.54 1.007 0.492 1.227 0.587 0.49 0.467 0.512 0.805 0.997 1.082 1.097 1.125 1.18 1.255 1.432 1.552 1.642 1.792 1.945 2.082 2.23 2.362 2.46 2.58 2.647 2.705 2.745 2.812 2.85 2.907 2.94 2.977 2.992 3.03 3.07 3.11 3.147
1.365 0.782 0.62 0.62 0.662 0.667 0.647 0.637 0.685 0.717 0.845 0.845 0.847 0.89 0.847 0.845 0.83 0.867 0.887 0.887 0.912 0.912 0.94 0.965 0.955 0.957 0.982 0.967 0.96 0.92 0.937 0.925 0.917 0.947 0.987 0.987 0.995 1.015 2.542 1.795 2.035 3.425 0.807 0.797 0.875 0.555 0.62 0.977 1.172 1.142 1.13 1.145 1.2 1.4 1.55 1.662 1.792 1.94 2.095 2.225 2.352 2.41 2.515 2.58 2.645 2.705 2.777 2.807 2.862 2.917 2.955 2.985 2.997 3.02 3.067 3.102
0.802 0.665 0.625 0.67 0.707 0.707 0.715 0.687 0.675 0.745 0.845 0.82 0.85 0.885 0.905 0.885 0.882 0.935 0.892 0.922 0.952 0.967 0.955 0.96 0.965 0.987 0.997 1.03 0.992 0.987 0.955 0.992 0.967 0.965 1.032 1.002 1.002 1.032 1.045 1.857 3.535 2.04 2.062 1.49 0.977 0.69 0.632 0.635 1.605 1.287 1.155 1.165 1.187 1.34 1.472 1.615 1.72 1.88 2.02 2.175 2.27 2.345 2.425 2.5 2.562 2.66 2.722 2.765 2.817 2.882 2.917 2.95 2.995 2.975 3.012 3.022
0.67 0.625 0.642 0.687 0.695 0.737 0.747 0.7 0.67 0.77 0.87 0.86 0.857 0.825 0.88 0.907 0.902 0.92 0.96 0.937 0.92 0.955 0.982 0.957 0.992 0.995 1.017 1.005 0.997 1.022 1.01 1.02 0.99 0.985 1.035 1.047 1.037 1.062 1.047 1.02 1.232 0.99 1.885 1.502 0.795 0.622 0.712 0.712 2.285 1.25 0.972 1.027 1.087 1.24 1.39 1.52 1.622 1.77 1.915 2.035 2.18 2.28 2.407 2.472 2.547 2.605 2.66 2.702 2.777 2.827 2.857 2.87 2.91 2.915 2.94 2.942
0.617 0.592 0.642 0.73 0.727 0.76 0.755 0.7 0.68 0.807 0.952 0.907 0.867 0.86 0.902 0.91 0.91 0.942 0.952 0.982 0.962 0.927 0.967 0.97 1.015 1.015 1.035 1.027 1.005 1.032 1.022 1.017 0.99 0.997 1.022 1.077 1.06 1.045 1.055 1.03 1.02 0.962 0.997 1.007 0.597 0.62 0.622 0.657 0.622 1.315 0.707 0.74 0.852 1.012 1.235 1.41 1.565 1.65 1.765 1.867 2.007 2.155 2.345 2.427 2.512 2.585 2.637 2.702 2.745 2.772 2.78 2.817 2.815 2.842 2.9 2.88
0.625 0.64 0.667 0.717 0.73 0.722 0.715 0.722 0.722 0.837 0.945 0.932 0.867 0.902 0.917 0.925 0.942 0.95 0.97 0.972 1.005 1.007 0.985 0.992 1.03 1.042 1.07 1.06 1.035 1.045 1.057 1.042 1.027 1.01 1.012 1.057 1.05 1.062 1.042 1.05 1 0.955 0.802 0.662 0.645 0.64 0.605 0.585 0.62 1.042 0.76 0.6 0.562 0.71 0.885 1.152 1.395 1.505 1.64 1.73 1.875 2.037 2.202 2.327 2.442 2.525 2.58 2.605 2.66 2.71 2.717 2.752 2.757 2.797 2.822 2.78
0.645 0.665 0.7 0.73 0.745 0.722 0.742 0.722 0.725 0.937 0.987 0.955 0.945 0.94 0.895 0.92 0.93 0.965 1.007 1.012 1.03 1.065 1.062 1.042 1.022 1.03 1.077 1.077 1.05 1.062 1.052 1.02 1.025 1.025 1.05 1.055 1.052 1.05 1.045 1.017 1.015 0.98 0.92 0.835 0.762 0.71 0.657 0.64 0.627 0.652 0.667 0.74 0.695 0.615 0.625 0.797 1.012 1.175 1.4 1.567 1.715 1.875 2.022 2.18 2.31 2.43 2.47 2.532 2.562 2.62 2.645 2.662 2.675 2.695 2.687 2.715
0.667 0.687 0.715 0.747 0.772 0.742 0.76 0.762 0.762 0.965 1.047 1.015 0.957 0.975 0.912 0.927 0.935 0.987 1 1.015 1.01 0.995 1.027 1.055 1.075 1.022 1.032 1.042 1.027 1.04 1.015 1.015 1.015 1.022 1.052 1.045 1.03 1.037 1.022 1.01 1.042 1.037 1.002 0.962 0.93 0.86 0.785 0.785 0.775 0.697 0.687 0.672 0.93 0.84 0.72 0.61 0.68 0.812 0.942 1.242 1.462 1.632 1.84 1.962 2.122 2.247 2.35 2.415 2.482 2.51 2.53 2.6 2.577 2.622 2.582 2.592
0.697 0.682 0.687 0.757 0.8 0.752 0.747 0.772 0.762 1.045 1.102 1.05 1.007 0.955 0.972 0.955 0.942 0.952 0.947 0.987 0.992 0.982 0.985 1.015 1.055 1.07 1.05 1.01 1.022 1.012 1.005 1.032 1.015 1.062 1.037 1.055 1.035 1.035 1.02 1.015 1.05 1.065 1.042 1.065 1.062 1.062 1.122 1.175 1.172 1.02 0.842 0.725 0.65 0.762 0.765 0.767 0.587 0.612 0.682 0.837 1.107 1.375 1.607 1.777 1.917 2.042 2.147 2.24 2.325 2.362 2.4 2.44 2.46 2.487 2.477 2.5
0.677 0.685 0.727 0.79 0.785 0.76 0.775 0.76 0.74 0.975 1.08 1.092 1.057 1.045 1.022 0.977 0.977 0.97 0.962 0.967 0.995 0.942 0.937 0.992 1.035 1.077 1.085 1.02 0.985 1.002 0.995 1.005 1.02 1.052 1.062 1.055 1.047 1.027 1.032 1.037 1.025 1.062 1.092 1.097 1.142 1.152 1.19 1.25 1.332 1.365 1.18 0.952 0.79 0.777 0.952 0.847 0.875 0.68 0.552 0.64 0.792 1.017 1.297 1.557 1.72 1.842 1.915 2.02 2.072 2.157 2.212 2.255 2.297 2.32 2.312 2.297
0.695 0.685 0.732 0.77 0.765 0.777 0.805 0.782 0.71 0.82 1.042 1.052 1.065 1.037 0.957 0.875 0.845 0.892 0.867 0.917 0.962 0.927 0.927 0.995 1.022 1.057 1.065 1.052 1.032 0.982 0.997 1.015 1.022 1.032 1.065 1.062 1.055 1.055 1.052 1.047 1.047 1.072 1.102 1.14 1.182 1.2 1.232 1.235 1.212 1.27 1.285 1.217 1.055 0.915 0.89 0.777 0.92 1.052 0.697 0.58 0.622 0.78 0.935 1.215 1.417 1.63 1.722 1.817 1.852 1.932 1.982 2.055 2.067 2.097 2.08 2.03
0.677 0.71 0.755 0.775 0.75 0.767 0.76 0.77 0.715 0.735 0.795 0.912 0.925 0.865 0.787 0.76 0.815 0.79 0.79 0.782 0.837 0.892 0.965 0.985 0.987 1.042 1.07 1.037 0.975 1.017 1.027 1.007 0.997 1.02 1.035 1.06 1.062 1.08 1.072 1.065 1.062 1.072 1.107 1.202 1.235 1.23 1.24 1.182 1.17 1.175 1.205 1.19 1.197 1.165 1.042 0.88 0.77 0.9 1.005 0.925 0.707 0.62 0.73 0.862 2.365 2.015 1.45 1.597 1.657 1.712 1.8 1.832 1.852 1.862 1.857 1.83
0.675 0.687 0.715 0.802 0.79 0.727 0.752 0.742 0.735 0.702 0.685 0.735 0.752 0.822 0.875 0.93 0.897 0.935 0.887 0.815 0.782 0.79 0.942 0.977 0.985 1.027 1.072 1.025 1.005 1.032 1.075 1.027 1.007 1.02 1.022 1.05 1.052 1.077 1.077 1.07 1.095 1.092 1.135 1.18 1.205 1.21 1.19 1.132 1.117 1.095 1.107 1.17 1.192 1.195 1.162 1.07 0.95 0.842 0.792 0.83 1.342 1.09 0.742 0.665 0.985 1.215 1.25 1.375 1.425 1.517 1.59 1.637 1.67 1.692 1.707 1.672
0.677 0.692 0.72 0.795 0.77 0.742 0.757 0.77 0.797 0.797 0.792 0.8 0.87 0.93 0.957 0.935 0.937 0.935 0.93 0.912 0.86 0.797 0.847 0.872 0.977 1.06 1.077 1.005 1.017 1.037 1.05 1.05 1.04 1.015 1.027 1.017 1.04 1.05 1.082 1.082 1.065 1.085 1.15 1.16 1.195 1.177 1.11 1.112 1.057 1.032 1.075 1.137 1.142 1.097 1.097 1.125 1.155 1.015 0.927 0.807 0.81 0.957 1.177 0.752 0.655 0.795 1.002 1.13 1.227 1.322 1.427 1.505 1.532 1.527 1.522 1.48
0.712 0.69 0.725 0.75 0.722 0.72 0.797 0.88 0.877 0.9 0.937 0.935 0.952 0.97 0.945 0.912 0.95 0.945 0.957 0.93 0.937 0.892 0.86 0.787 0.86 1.015 1.092 0.982 0.985 1.025 1.04 1.05 1.035 1.047 1.035 1.02 1.035 1.06 1.055 1.065 1.05 1.09 1.127 1.172 1.157 1.122 1.092 1.035 1.012 1.025 1.07 1.09 1.067 1.042 1.042 1.077 1.145 1.06 1.07 1.025 0.91 0.807 0.827 1.03 1.105 0.64 0.667 0.832 0.972 1.115 1.2 1.33 1.372 1.365 1.365 1.367
0.7 0.712 0.695 0.757 0.707 0.73 0.845 0.875 0.892 0.907 0.945 0.96 0.95 0.957 0.922 0.93 0.932 0.977 0.967 0.967 0.972 0.965 0.907 0.84 0.81 0.925 1.052 0.982 0.977 0.985 1.02 1.03 1.01 1.007 1.072 1.092 1.032 1.042 1.075 1.09 1.085 1.115 1.142 1.137 1.09 1.055 1.03 1.007 1 1.007 1.052 1.025 1.032 1 1.02 1.045 1.035 1.072 1.17 1.202 1.142 1.002 0.825 0.767 0.91 0.967 0.772 0.635 0.72 0.82 0.885 0.972 1.092 1.17 1.225 1.267
0.645 0.702 0.725 0.737 0.767 0.815 0.882 0.877 0.862 0.93 0.922 0.927 0.94 0.955 0.935 0.905 0.94 0.972 0.97 0.977 1.005 0.967 0.935 0.885 0.83 0.885 1.002 0.985 0.995 0.992 0.992 1.045 1.025 1.027 1.057 1.072 1.07 1.077 1.065 1.075 1.087 1.125 1.1 1.097 1.06 1.022 1.015 1.03 1.005 1.002 0.962 0.965 0.982 1.015 1.017 0.99 0.965 1.075 1.2 1.225 1.2 1.182 1.1 0.94 0.797 0.81 0.872 0.817 0.667 0.67 0.707 0.775 0.747 0.892 1.135 1.227
0.69 0.7 0.725 0.752 0.825 0.857 0.86 0.87 0.865 0.895 0.92 0.932 0.955 0.922 0.942 0.93 0.925 0.995 1.002 1.01 0.987 0.945 0.94 0.902 0.845 0.84 0.945 0.987 0.987 0.99 0.977 1.005 1.012 1.017 1.042 1.012 1.037 1.092 1.107 1.095 1.092 1.117 1.125 1.102 1.042 1.04 1.055 1.075 0.985 0.957 0.96 0.972 1.002 0.98 0.952 0.952 0.982 1.07 1.222 1.24 1.155 1.165 1.2 1.092 1.042 0.837 0.767 0.852 1.007 0.755 0.637 0.642 0.722 0.747 0.862 1.075
0.68 0.677 0.722 0.727 0.785 0.81 0.86 0.875 0.887 0.922 0.942 0.965 0.922 0.915 0.94 0.947 0.972 1 0.985 0.992 1 0.985 0.962 0.92 0.867 0.825 0.917 0.997 1.007 0.96 0.917 0.947 0.965 0.96 0.985 0.997 1.015 1.032 1.08 1.142 1.112 1.095 1.08 1.052 1.057 1.095 1.077 1.017 1 1.02 0.992 0.98 0.957 0.947 0.937 0.935 0.98 1.047 1.205 1.232 1.15 1.16 1.165 1.152 1.182 1.107 1.01 0.815 0.815 0.81 0.725 0.65 0.63 0.69 0.725 0.792
