All_lidar/sz6390_DSM_2M.asc
ncols 500
nrows 500
xllcorner    463000
yllcorner    90000
cellsize     2
NODATA_value -9999
[rows 33 to 65 of 500, columns 146 to 218 of 500]
1.393 1.427 1.416 1.457 1.194 0.958 0.778 0.661 0.508 0.275 0.06 -0.15 -0.346 -0.59 -0.792 -0.975 -1.278 -1.531 -1.787 -1.898 -1.921 -1.92 -1.878 -1.738 -1.776 -1.831 -1.772 -1.781 -1.755 -1.718 -1.759 -1.743 -1.738 -1.76 -1.743 -1.724 -1.785 -1.874 -1.857 -1.885 -1.843 -1.919 -1.992 -1.891 -1.946 -2.029 -1.848 -1.874 -1.875 -1.827 -1.689 -1.792 -1.686 -1.73 -1.772 -1.741 -1.773 -1.781 -1.723 -1.803 -1.861 -1.796 -1.899 -1.764 -1.883 -1.832 -1.947 -1.885 -2 -1.922 -1.88 -1.796 -1.663
1.43 1.462 1.425 1.42 1.183 1.082 0.91 0.741 0.561 0.33 0.12 -0.059 -0.287 -0.532 -0.791 -0.998 -1.212 -1.487 -1.711 -1.99 -1.894 -1.9 -1.93 -1.902 -1.846 -1.718 -1.765 -1.726 -1.703 -1.683 -1.715 -1.762 -1.735 -1.721 -1.796 -1.809 -1.824 -1.83 -1.838 -1.916 -1.942 -1.922 -1.871 -1.984 -2.002 -1.977 -1.911 -1.879 -1.862 -1.763 -1.759 -1.722 -1.706 -1.76 -1.705 -1.775 -1.662 -1.771 -1.852 -1.799 -1.851 -1.813 -1.789 -1.86 -1.902 -1.903 -1.835 -1.901 -1.967 -1.783 -1.801 -1.634 -1.459
1.447 1.475 1.437 1.411 1.442 1.199 1.013 0.791 0.556 0.335 0.17 -0.055 -0.247 -0.484 -0.761 -0.991 -1.22 -1.455 -1.699 -1.926 -1.97 -1.982 -1.878 -1.897 -1.849 -1.792 -1.773 -1.745 -1.755 -1.659 -1.711 -1.728 -1.791 -1.758 -1.778 -1.822 -1.805 -1.853 -1.912 -1.84 -1.877 -1.899 -1.976 -1.9 -1.983 -1.935 -1.863 -1.909 -1.805 -1.769 -1.742 -1.7 -1.726 -1.718 -1.791 -1.777 -1.77 -1.751 -1.832 -1.861 -1.784 -1.842 -1.832 -1.865 -1.85 -1.89 -1.875 -1.939 -1.893 -1.725 -1.663 -1.449 -1.359
1.439 1.453 1.415 1.384 1.197 1.096 0.977 0.739 0.514 0.311 0.116 -0.081 -0.287 -0.489 -0.767 -1.006 -1.258 -1.392 -1.741 -1.904 -2.012 -1.811 -1.911 -1.804 -1.793 -1.78 -1.77 -1.677 -1.713 -1.753 -1.763 -1.747 -1.705 -1.703 -1.795 -1.807 -1.759 -1.867 -1.827 -1.863 -1.868 -1.878 -1.952 -1.958 -1.964 -1.904 -1.823 -1.801 -1.77 -1.767 -1.676 -1.7 -1.769 -1.713 -1.72 -1.762 -1.682 -1.666 -1.795 -1.797 -1.815 -1.884 -1.858 -1.859 -1.899 -1.888 -1.942 -1.883 -1.719 -1.576 -1.468 -1.317 -1.149
1.425 1.432 1.411 1.405 1.436 1.219 0.994 0.754 0.506 0.321 0.131 -0.078 -0.301 -0.533 -0.784 -0.996 -1.295 -1.436 -1.736 -1.911 -1.922 -1.905 -1.895 -1.8 -1.812 -1.775 -1.691 -1.79 -1.701 -1.777 -1.746 -1.743 -1.702 -1.78 -1.814 -1.775 -1.801 -1.823 -1.895 -1.875 -1.942 -1.945 -1.929 -1.977 -1.862 -1.906 -1.857 -1.771 -1.721 -1.649 -1.69 -1.744 -1.756 -1.715 -1.747 -1.748 -1.787 -1.822 -1.76 -1.788 -1.812 -1.847 -1.891 -1.772 -1.889 -1.815 -1.916 -1.752 -1.698 -1.468 -1.333 -1.191 -1.041
1.386 1.383 1.366 1.37 1.407 1.191 0.951 0.723 0.498 0.282 0.161 -0.103 -0.258 -0.518 -0.687 -0.986 -1.159 -1.381 -1.614 -1.843 -1.936 -1.802 -1.905 -1.717 -1.807 -1.805 -1.78 -1.674 -1.769 -1.782 -1.718 -1.808 -1.799 -1.719 -1.817 -1.768 -1.849 -1.838 -1.809 -1.9 -1.863 -1.843 -1.833 -1.938 -1.847 -1.846 -1.747 -1.743 -1.713 -1.651 -1.712 -1.678 -1.719 -1.596 -1.713 -1.701 -1.713 -1.814 -1.741 -1.809 -1.822 -1.836 -1.77 -1.875 -1.851 -1.86 -1.899 -1.734 -1.525 -1.333 -1.202 -1.041 -0.878
1.369 1.34 1.328 1.326 1.362 1.156 0.932 0.731 0.492 0.322 0.181 -0.023 -0.239 -0.429 -0.64 -0.876 -1.13 -1.332 -1.663 -1.79 -1.917 -1.821 -1.797 -1.843 -1.768 -1.712 -1.8 -1.733 -1.772 -1.757 -1.746 -1.764 -1.75 -1.849 -1.785 -1.869 -1.859 -1.899 -1.866 -1.898 -1.858 -1.879 -1.93 -1.958 -1.947 -1.782 -1.788 -1.664 -1.666 -1.678 -1.588 -1.623 -1.596 -1.626 -1.742 -1.714 -1.75 -1.737 -1.772 -1.763 -1.8 -1.775 -1.869 -1.852 -1.88 -1.945 -1.787 -1.644 -1.436 -1.204 -1.096 -0.896 -0.742
1.375 1.317 1.306 1.286 1.131 1.049 0.873 0.746 0.588 0.455 0.245 0.041 -0.155 -0.342 -0.647 -0.829 -1.076 -1.305 -1.497 -1.797 -1.856 -1.897 -1.86 -1.787 -1.871 -1.76 -1.78 -1.716 -1.767 -1.753 -1.743 -1.795 -1.801 -1.795 -1.825 -1.748 -1.855 -1.87 -1.853 -1.841 -1.94 -1.899 -1.978 -1.918 -1.87 -1.832 -1.76 -1.677 -1.687 -1.626 -1.589 -1.586 -1.682 -1.655 -1.738 -1.669 -1.695 -1.735 -1.725 -1.763 -1.752 -1.79 -1.895 -1.873 -1.892 -1.826 -1.677 -1.532 -1.37 -1.143 -0.946 -0.746 -0.586
1.361 1.393 1.367 1.379 1.405 1.144 1.056 0.88 0.694 0.5 0.287 0.071 -0.092 -0.303 -0.604 -0.865 -1.09 -1.278 -1.552 -1.699 -1.876 -1.824 -1.88 -1.82 -1.827 -1.747 -1.768 -1.792 -1.713 -1.731 -1.68 -1.809 -1.775 -1.83 -1.795 -1.869 -1.904 -1.857 -1.816 -1.915 -1.903 -1.906 -1.951 -1.934 -1.874 -1.777 -1.733 -1.627 -1.569 -1.669 -1.679 -1.688 -1.654 -1.679 -1.695 -1.737 -1.73 -1.75 -1.839 -1.812 -1.865 -1.823 -1.887 -1.887 -1.838 -1.772 -1.593 -1.45 -1.189 -1.051 -0.872 -0.665 -0.449
1.385 1.412 1.388 1.361 1.378 1.325 1.134 0.915 0.709 0.508 0.279 0.072 -0.126 -0.394 -0.609 -0.821 -1.046 -1.231 -1.597 -1.618 -1.89 -1.826 -1.818 -1.796 -1.776 -1.774 -1.79 -1.78 -1.774 -1.757 -1.751 -1.85 -1.79 -1.714 -1.82 -1.843 -1.86 -1.847 -1.864 -1.94 -1.891 -1.891 -1.968 -1.877 -1.798 -1.716 -1.658 -1.574 -1.624 -1.625 -1.662 -1.603 -1.645 -1.698 -1.727 -1.651 -1.696 -1.787 -1.778 -1.798 -1.813 -1.772 -1.919 -1.92 -1.927 -1.782 -1.616 -1.275 -1.149 -0.918 -0.724 -0.566 -0.378
1.39 1.427 1.382 1.324 1.372 1.414 1.118 0.898 0.701 0.506 0.276 0.07 -0.139 -0.345 -0.556 -0.862 -1.033 -1.294 -1.512 -1.554 -1.758 -1.83 -1.793 -1.822 -1.827 -1.744 -1.81 -1.743 -1.79 -1.8 -1.735 -1.788 -1.79 -1.787 -1.815 -1.816 -1.83 -1.867 -1.914 -1.841 -1.9 -1.982 -1.892 -1.902 -1.778 -1.718 -1.652 -1.554 -1.627 -1.594 -1.648 -1.635 -1.633 -1.67 -1.603 -1.702 -1.72 -1.718 -1.784 -1.831 -1.791 -1.823 -1.858 -1.824 -1.91 -1.695 -1.513 -1.307 -1.151 -0.94 -0.729 -0.483 -0.283
1.412 1.436 1.419 1.376 1.367 1.175 1.062 0.846 0.677 0.455 0.261 0.082 -0.184 -0.39 -0.557 -0.743 -0.971 -1.148 -1.302 -1.453 -1.627 -1.799 -1.823 -1.788 -1.82 -1.807 -1.77 -1.807 -1.8 -1.674 -1.815 -1.819 -1.849 -1.83 -1.849 -1.837 -1.775 -1.897 -1.907 -1.873 -1.885 -1.999 -1.895 -1.81 -1.72 -1.672 -1.696 -1.646 -1.61 -1.561 -1.555 -1.646 -1.671 -1.641 -1.713 -1.676 -1.755 -1.789 -1.809 -1.749 -1.852 -1.82 -1.866 -1.894 -1.866 -1.709 -1.5 -1.336 -1.118 -0.888 -0.679 -0.444 -0.257
1.429 1.432 1.428 1.406 1.38 1.146 1.056 0.859 0.647 0.465 0.298 0.064 -0.157 -0.304 -0.51 -0.726 -0.874 -1.056 -1.19 -1.327 -1.516 -1.641 -1.838 -1.835 -1.854 -1.761 -1.793 -1.815 -1.79 -1.79 -1.771 -1.771 -1.835 -1.783 -1.741 -1.842 -1.828 -1.8 -1.877 -1.942 -1.937 -1.984 -1.904 -1.735 -1.708 -1.599 -1.63 -1.647 -1.647 -1.579 -1.566 -1.672 -1.685 -1.646 -1.677 -1.587 -1.58 -1.594 -1.542 -1.578 -1.586 -1.649 -1.72 -1.796 -1.876 -1.745 -1.476 -1.314 -1.065 -0.88 -0.662 -0.44 -0.257
1.446 1.418 1.429 1.409 1.375 1.343 1.121 0.879 0.691 0.49 0.264 0.138 -0.056 -0.138 -0.372 -0.503 -0.759 -0.894 -1.113 -1.257 -1.427 -1.562 -1.762 -1.805 -1.811 -1.795 -1.758 -1.825 -1.75 -1.8 -1.852 -1.827 -1.83 -1.803 -1.805 -1.763 -1.872 -1.862 -1.883 -1.918 -1.908 -1.917 -1.892 -1.783 -1.665 -1.549 -1.547 -1.572 -1.575 -1.607 -1.647 -1.566 -1.622 -1.531 -1.465 -1.46 -1.378 -1.342 -1.375 -1.337 -1.45 -1.44 -1.521 -1.573 -1.67 -1.694 -1.517 -1.344 -1.121 -0.9 -0.509 -0.225 -0.162
1.436 1.42 1.393 1.372 1.402 1.407 1.132 0.889 0.724 0.583 0.391 0.246 0.113 -0.064 -0.193 -0.443 -0.649 -0.817 -1.006 -1.146 -1.333 -1.521 -1.717 -1.81 -1.817 -1.8 -1.82 -1.808 -1.822 -1.815 -1.783 -1.772 -1.835 -1.808 -1.876 -1.79 -1.803 -1.899 -1.785 -1.959 -1.868 -1.89 -1.788 -1.755 -1.705 -1.541 -1.558 -1.496 -1.543 -1.591 -1.642 -1.548 -1.48 -1.337 -1.328 -1.267 -1.214 -1.133 -1.188 -1.193 -1.231 -1.268 -1.338 -1.416 -1.521 -1.567 -1.588 -1.299 -1.091 -0.876 -0.643 -0.213 -0.195
1.438 1.423 1.377 1.374 1.415 1.413 1.158 1.05 0.872 0.71 0.63 0.43 0.214 0.031 -0.134 -0.276 -0.484 -0.623 -0.879 -1.016 -1.175 -1.395 -1.542 -1.781 -1.741 -1.798 -1.825 -1.83 -1.828 -1.82 -1.795 -1.764 -1.818 -1.882 -1.823 -1.855 -1.876 -1.825 -1.896 -1.926 -2.046 -1.848 -1.775 -1.713 -1.635 -1.494 -1.604 -1.516 -1.573 -1.506 -1.509 -1.265 -1.293 -1.173 -1.101 -1.052 -0.987 -0.927 -0.963 -0.992 -1.034 -1.039 -1.118 -1.183 -1.23 -1.408 -1.515 -1.286 -1.107 -0.885 -0.647 -0.412 -0.221
1.441 1.459 1.39 1.356 1.417 1.44 1.41 1.173 0.951 0.87 0.758 0.608 0.391 0.188 -0.043 -0.211 -0.408 -0.57 -0.739 -0.867 -1.108 -1.296 -1.535 -1.659 -1.718 -1.771 -1.728 -1.819 -1.802 -1.796 -1.832 -1.798 -1.847 -1.845 -1.896 -1.825 -1.897 -1.907 -1.98 -1.882 -1.89 -1.82 -1.777 -1.616 -1.543 -1.567 -1.566 -1.606 -1.583 -1.43 -1.318 -1.21 -1.132 -1.039 -0.996 -0.802 -0.783 -0.792 -0.767 -0.796 -0.798 -0.818 -0.855 -0.99 -1.094 -1.21 -1.29 -1.418 -1.198 -0.908 -0.743 -0.383 -0.215
1.468 1.504 1.441 1.358 1.379 1.421 1.417 1.201 1.161 1.019 0.875 0.717 0.508 0.303 0.113 -0.108 -0.314 -0.452 -0.677 -0.885 -1.02 -1.209 -1.395 -1.537 -1.724 -1.692 -1.788 -1.805 -1.781 -1.823 -1.785 -1.796 -1.852 -1.795 -1.874 -1.858 -1.925 -1.933 -1.889 -1.851 -1.861 -1.805 -1.747 -1.549 -1.545 -1.552 -1.491 -1.589 -1.463 -1.062 -1.153 -1.024 -0.892 -0.827 -0.772 -0.642 -0.56 -0.525 -0.559 -0.546 -0.589 -0.635 -0.702 -0.808 -0.885 -1.019 -1.208 -1.266 -1.175 -0.968 -0.802 -0.629 -0.438
1.444 1.509 1.486 1.35 1.278 1.421 1.413 1.404 1.405 1.152 0.939 0.793 0.616 0.427 0.218 -0.058 -0.203 -0.446 -0.567 -0.782 -0.89 -1.117 -1.292 -1.458 -1.592 -1.749 -1.812 -1.806 -1.761 -1.774 -1.769 -1.797 -1.858 -1.829 -1.867 -1.841 -1.971 -1.92 -1.856 -1.902 -1.831 -1.797 -1.682 -1.513 -1.498 -1.561 -1.516 -1.434 -1.112 -1.135 -1.053 -0.898 -0.729 -0.623 -0.548 -0.427 -0.379 -0.368 -0.338 -0.35 -0.404 -0.447 -0.484 -0.653 -0.714 -0.82 -0.971 -1.153 -1.287 -1.087 -0.886 -0.754 -0.554
1.433 1.537 1.515 1.422 1.351 1.424 1.43 1.388 1.451 1.222 1.103 0.932 0.704 0.474 0.27 0.038 -0.163 -0.32 -0.473 -0.624 -0.821 -1.001 -1.176 -1.37 -1.566 -1.686 -1.747 -1.767 -1.729 -1.726 -1.719 -1.864 -1.828 -1.882 -1.851 -1.864 -1.884 -1.953 -1.914 -1.909 -1.828 -1.738 -1.618 -1.595 -1.528 -1.545 -1.525 -1.411 -1.205 -0.991 -0.942 -0.717 -0.629 -0.518 -0.334 -0.28 -0.229 -0.202 -0.117 -0.141 -0.186 -0.335 -0.344 -0.421 -0.535 -0.656 -0.83 -0.935 -1.171 -1.196 -0.977 -0.804 -0.648
1.482 1.508 1.475 1.479 1.416 1.411 1.483 1.475 1.451 1.457 1.217 0.98 0.745 0.486 0.24 0.19 0.017 -0.164 -0.339 -0.513 -0.715 -0.918 -1.096 -1.29 -1.401 -1.658 -1.773 -1.8 -1.79 -1.728 -1.758 -1.766 -1.864 -1.853 -1.872 -1.914 -1.898 -1.813 -1.813 -1.849 -1.812 -1.708 -1.615 -1.547 -1.586 -1.455 -1.345 -1.169 -1.109 -0.938 -0.786 -0.642 -0.496 -0.324 -0.227 -0.104 -0.018 0.052 0.068 0.045 -0.001 -0.069 -0.141 -0.244 -0.34 -0.5 -0.71 -0.855 -0.958 -1.204 -1.102 -1.006 -0.826
1.506 1.519 1.48 1.446 1.445 1.448 1.466 1.438 1.409 1.45 1.214 1.001 0.788 0.601 0.456 0.345 0.155 -0.029 -0.24 -0.444 -0.622 -0.825 -0.971 -1.13 -1.288 -1.452 -1.799 -1.738 -1.75 -1.759 -1.823 -1.771 -1.83 -1.866 -1.855 -1.872 -1.821 -1.804 -1.875 -1.825 -1.761 -1.715 -1.613 -1.571 -1.494 -1.452 -1.321 -1.173 -0.965 -0.843 -0.671 -0.52 -0.418 -0.185 0.071 0.175 0.157 0.256 0.254 0.256 0.236 0.164 0.046 -0.065 -0.226 -0.364 -0.547 -0.763 -0.9 -1.12 -1.293 -1.079 -1.025
1.501 1.53 1.489 1.411 1.42 1.407 1.438 1.408 1.418 1.399 1.186 1.094 0.919 0.775 0.619 0.425 0.238 -0.032 -0.153 -0.379 -0.516 -0.71 -0.919 -1.052 -1.3 -1.504 -1.696 -1.762 -1.682 -1.775 -1.772 -1.772 -1.845 -1.812 -1.832 -1.859 -1.773 -1.836 -1.845 -1.815 -1.75 -1.67 -1.619 -1.503 -1.53 -1.364 -1.292 -1.055 -0.966 -0.748 -0.632 -0.47 -0.285 -0.035 0.106 0.284 0.369 0.442 0.517 0.5 0.45 0.359 0.27 0.083 -0.082 -0.182 -0.363 -0.598 -0.787 -0.966 -1.143 -1.074 -1.077
1.415 1.482 1.522 1.476 1.419 1.409 1.456 1.441 1.408 1.385 1.416 1.193 1.087 0.887 0.711 0.467 0.272 0.113 -0.095 -0.249 -0.424 -0.622 -0.819 -1.015 -1.231 -1.417 -1.638 -1.669 -1.763 -1.765 -1.774 -1.742 -1.845 -1.813 -1.811 -1.81 -1.849 -1.818 -1.825 -1.766 -1.74 -1.66 -1.567 -1.531 -1.498 -1.431 -1.25 -1.029 -0.897 -0.718 -0.552 -0.356 -0.193 0.042 0.233 0.395 0.521 0.639 0.732 0.749 0.704 0.619 0.466 0.285 0.119 -0.074 -0.206 -0.425 -0.64 -0.697 -0.779 -0.858 -0.901
1.438 1.452 1.493 1.467 1.433 1.42 1.431 1.441 1.441 1.458 1.448 1.441 1.178 0.912 0.723 0.576 0.407 0.186 0.02 -0.177 -0.317 -0.529 -0.766 -0.971 -1.205 -1.4 -1.495 -1.753 -1.807 -1.687 -1.827 -1.8 -1.778 -1.865 -1.846 -1.861 -1.808 -1.776 -1.889 -1.775 -1.676 -1.651 -1.52 -1.461 -1.532 -1.324 -1.261 -1.026 -0.837 -0.663 -0.514 -0.307 -0.119 0.097 0.312 0.507 0.667 0.799 0.899 0.978 0.939 0.796 0.595 0.398 0.198 -0.019 -0.216 -0.407 -0.642 -0.63 -0.787 -0.733 -0.658
1.464 1.431 1.452 1.435 1.432 1.442 1.417 1.433 1.5 1.47 1.456 1.406 1.191 1.074 0.862 0.659 0.458 0.239 0.071 -0.095 -0.309 -0.545 -0.705 -0.956 -1.123 -1.341 -1.587 -1.755 -1.773 -1.768 -1.747 -1.728 -1.795 -1.802 -1.857 -1.79 -1.776 -1.802 -1.802 -1.774 -1.666 -1.635 -1.58 -1.525 -1.452 -1.415 -1.155 -1.015 -0.804 -0.664 -0.429 -0.259 -0.068 0.16 0.341 0.551 0.763 0.905 1.103 1.196 1.124 0.905 0.701 0.484 0.245 0.047 -0.178 -0.289 -0.463 -0.407 -0.657 -0.516 -0.432
1.485 1.443 1.461 1.467 1.448 1.434 1.406 1.387 1.438 1.452 1.458 1.411 1.404 1.169 0.949 0.72 0.496 0.297 0.104 -0.104 -0.295 -0.529 -0.719 -0.934 -1.139 -1.317 -1.544 -1.78 -1.786 -1.742 -1.807 -1.715 -1.796 -1.825 -1.772 -1.772 -1.847 -1.802 -1.808 -1.743 -1.63 -1.542 -1.484 -1.547 -1.51 -1.319 -1.148 -1.002 -0.817 -0.645 -0.408 -0.273 -0.041 0.179 0.398 0.592 0.82 1.022 1.201 1.381 1.113 0.971 0.717 0.518 0.261 0.023 -0.141 -0.386 -0.308 -0.176 -0.266 -0.231 -0.151
1.531 1.484 1.48 1.48 1.468 1.413 1.397 1.404 1.418 1.398 1.422 1.392 1.396 1.158 0.952 0.71 0.456 0.265 0.086 -0.109 -0.269 -0.481 -0.755 -0.919 -1.12 -1.382 -1.561 -1.775 -1.78 -1.798 -1.743 -1.775 -1.763 -1.756 -1.825 -1.819 -1.801 -1.805 -1.763 -1.61 -1.628 -1.563 -1.556 -1.523 -1.542 -1.383 -1.213 -1.007 -0.838 -0.635 -0.436 -0.312 -0.068 0.161 0.397 0.594 0.758 0.899 1.083 1.181 1.044 0.892 0.698 0.481 0.27 -0.009 -0.199 -0.362 -0.193 -0.021 -0.093 0.016 0.076
1.568 1.491 1.482 1.488 1.492 1.417 1.399 1.412 1.421 1.426 1.433 1.42 1.43 1.182 0.967 0.755 0.515 0.275 0.094 -0.1 -0.286 -0.491 -0.664 -0.863 -1.123 -1.317 -1.539 -1.779 -1.707 -1.691 -1.664 -1.801 -1.703 -1.801 -1.794 -1.851 -1.869 -1.795 -1.706 -1.705 -1.628 -1.602 -1.495 -1.418 -1.544 -1.358 -1.218 -1.068 -0.875 -0.643 -0.516 -0.32 -0.064 0.113 0.317 0.486 0.628 0.784 0.891 0.955 0.895 0.761 0.642 0.422 0.181 -0.028 -0.329 -0.225 -0.18 -0.011 0.124 0.213 0.331
1.525 1.501 1.444 1.435 1.441 1.395 1.403 1.403 1.414 1.408 1.418 1.446 1.434 1.146 0.929 0.746 0.52 0.32 0.118 -0.109 -0.316 -0.493 -0.746 -0.923 -1.08 -1.33 -1.577 -1.767 -1.79 -1.689 -1.709 -1.741 -1.749 -1.736 -1.709 -1.845 -1.829 -1.784 -1.765 -1.698 -1.646 -1.59 -1.515 -1.506 -1.539 -1.456 -1.254 -1.02 -0.916 -0.75 -0.577 -0.38 -0.193 0.033 0.198 0.364 0.529 0.663 0.693 0.729 0.687 0.612 0.466 0.295 0.094 -0.111 -0.318 -0.241 -0.02 0.172 0.321 0.394 0.493
1.512 1.395 1.326 1.415 1.436 1.435 1.407 1.386 1.421 1.393 1.401 1.445 1.214 1.021 0.874 0.712 0.475 0.285 0.094 -0.138 -0.354 -0.508 -0.694 -0.888 -1.115 -1.291 -1.549 -1.679 -1.805 -1.695 -1.744 -1.729 -1.753 -1.78 -1.73 -1.738 -1.867 -1.731 -1.738 -1.624 -1.613 -1.587 -1.523 -1.527 -1.545 -1.366 -1.249 -1.059 -0.922 -0.808 -0.624 -0.458 -0.285 -0.078 0.067 0.203 0.337 0.452 0.501 0.555 0.518 0.405 0.326 0.216 0.116 -0.015 -0.217 -0.125 0.103 0.282 0.429 0.627 0.696
1.517 1.44 1.41 1.462 1.459 1.431 1.403 1.354 1.457 1.475 1.408 1.389 1.325 1.157 0.948 0.739 0.511 0.304 0.087 -0.118 -0.313 -0.534 -0.721 -0.924 -1.148 -1.343 -1.54 -1.78 -1.716 -1.768 -1.731 -1.761 -1.755 -1.793 -1.777 -1.79 -1.781 -1.775 -1.649 -1.697 -1.605 -1.545 -1.462 -1.556 -1.553 -1.533 -1.363 -1.172 -1.02 -0.906 -0.739 -0.527 -0.348 -0.197 -0.041 0.064 0.133 0.193 0.264 0.356 0.462 0.52 0.478 0.419 0.259 0.099 -0.036 -0.026 0.189 0.372 0.594 0.756 0.935
1.535 1.53 1.507 1.497 1.421 1.386 1.38 1.376 1.444 1.431 1.435 1.201 1.181 1.09 0.878 0.69 0.5 0.275 0.098 -0.134 -0.326 -0.523 -0.733 -0.911 -1.139 -1.349 -1.533 -1.783 -1.677 -1.681 -1.786 -1.761 -1.812 -1.802 -1.743 -1.72 -1.807 -1.76 -1.712 -1.582 -1.595 -1.533 -1.502 -1.532 -1.578 -1.473 -1.234 -1.075 -0.933 -0.795 -0.646 -0.409 -0.242 -0.095 0.113 0.233 0.346 0.415 0.523 0.616 0.704 0.701 0.663 0.56 0.417 0.202 0.042 0.014 0.24 0.44 0.669 0.855 1.089
