All_lidar/sz6386_DSM_2M.asc
ncols 500
nrows 500
xllcorner    463000
yllcorner    86000
cellsize     2
NODATA_value -9999
[rows 416 to 447 of 500, columns 426 to 496 of 500]
26.104 26.082 27.539 28.979 26.892 25.999 25.984 25.969 25.964 25.889 25.852 26.802 27.369 25.872 25.849 25.884 27.807 28.764 27.212 25.687 26.277 29.047 31.689 33.559 32.179 33.854 32.997 40.034 39.619 38.937 38.569 35.524 35.304 37.117 34.462 27.137 27.267 27.897 29.909 30.274 27.892 25.392 25.349 25.332 25.292 25.262 25.229 25.179 25.129 25.092 25.092 25.032 24.987 24.954 24.929 24.854 24.794 24.702 24.639 24.589 24.529 24.612 24.819 24.769 24.349 24.289 24.899 26.179 26.822 26.942 27.032
26.017 26.002 26.009 26.499 25.934 25.899 25.897 25.899 25.864 25.819 25.849 28.114 28.649 26.817 25.802 25.744 26.034 28.279 28.287 26.004 28.227 29.502 33.332 30.162 30.152 27.939 34.444 38.877 40.654 40.434 35.087 32.282 39.894 37.092 28.179 25.367 25.199 24.807 24.547 24.959 25.297 25.292 25.234 25.192 25.152 25.132 25.084 25.049 25.014 24.957 24.944 24.874 24.817 24.787 24.784 24.722 24.629 24.547 24.502 24.459 24.557 24.947 24.554 24.169 24.537 25.927 26.754 27.009 27.109 26.994 25.649
26.544 25.944 25.922 25.882 25.857 25.819 25.817 25.819 25.759 25.714 25.694 26.409 28.704 28.167 26.109 25.627 25.609 26.642 26.802 25.699 26.954 28.872 36.157 33.154 31.397 37.342 35.957 36.437 39.562 40.064 39.967 36.869 38.137 32.509 25.062 24.744 24.492 25.412 26.544 24.764 25.014 25.202 25.082 25.042 24.972 24.992 24.972 24.942 24.874 24.809 24.744 24.672 24.634 24.637 24.662 24.587 24.477 24.404 24.369 24.667 24.894 24.387 24.217 24.282 26.547 26.849 27.007 27.034 25.872 25.272 24.924
28.017 25.857 25.809 25.752 25.734 25.752 25.762 25.717 26.254 25.792 25.609 25.567 27.852 28.749 27.882 25.834 25.514 25.494 25.579 25.399 25.349 34.454 35.292 30.709 34.409 36.669 28.754 38.177 35.864 38.327 37.344 36.794 33.779 27.724 24.469 24.432 24.442 26.532 27.594 25.409 24.817 25.034 24.942 24.889 24.829 24.817 24.819 24.757 24.677 24.632 24.624 24.557 24.517 24.527 24.514 24.409 24.349 24.584 25.162 24.974 24.269 24.299 24.677 24.529 26.472 27.009 26.644 25.979 24.257 24.634 24.424
26.012 25.779 25.704 25.667 25.692 25.697 25.677 26.262 28.347 26.622 25.467 25.467 25.934 28.144 28.444 26.294 25.439 25.332 25.302 25.282 25.687 25.874 31.942 32.662 35.689 31.107 33.672 33.927 34.072 32.137 28.322 31.089 25.549 25.539 25.954 24.432 24.419 25.212 27.609 26.827 24.674 24.862 24.859 24.759 24.702 24.692 24.664 24.592 24.567 24.554 24.459 24.412 24.372 24.382 24.332 24.394 24.782 25.324 25.052 24.234 24.137 24.614 24.862 24.762 24.404 26.449 25.372 24.357 25.207 24.404 23.714
25.752 25.692 25.652 25.654 26.047 25.572 25.599 25.532 27.634 28.259 25.787 25.372 25.374 26.234 26.404 25.749 25.292 25.219 25.187 25.194 25.157 25.552 31.912 31.284 28.207 35.374 34.819 31.224 33.302 31.067 25.542 26.629 24.844 27.579 26.992 24.672 24.402 24.402 26.409 27.534 25.937 24.697 24.747 24.614 24.562 24.537 24.502 24.522 24.464 24.404 24.319 24.247 24.222 24.212 24.437 25.034 25.279 24.817 23.967 23.954 24.582 24.764 24.424 24.304 24.219 24.494 23.712 23.269 23.267 23.274 22.404
25.687 25.654 25.624 26.952 27.934 26.014 25.524 25.489 26.039 28.157 27.784 25.514 25.277 25.264 25.292 25.219 25.154 25.102 25.082 25.072 25.027 24.969 27.104 27.512 26.559 27.377 25.937 25.472 24.724 24.699 24.297 24.939 24.767 26.664 27.549 25.429 24.509 24.384 25.682 27.607 27.269 24.907 24.584 24.459 24.392 24.389 24.369 24.324 24.262 24.209 24.169 24.099 24.122 24.439 25.099 24.849 24.552 23.677 23.684 24.469 24.737 24.579 24.379 24.069 23.872 23.339 22.897 23.177 22.004 21.512 21.101
25.602 25.582 25.614 26.589 28.117 27.912 25.729 25.402 25.357 25.917 28.077 25.679 25.199 25.192 25.162 25.124 25.057 25.004 24.957 24.912 24.927 24.887 25.577 24.879 24.792 24.529 24.357 24.299 24.822 26.839 24.914 24.604 25.844 25.447 27.532 27.194 24.684 24.367 24.357 26.879 26.659 24.912 24.537 24.359 24.264 24.237 24.179 24.142 24.089 24.039 23.977 23.957 24.542 24.722 24.014 23.534 23.744 23.347 23.792 24.502 24.652 24.424 23.897 23.994 24.054 22.599 21.709 21.797 20.884 20.147 19.798
25.547 25.532 25.529 25.487 26.877 28.147 27.502 25.492 25.282 25.274 25.404 25.159 25.107 25.102 25.067 25.007 24.972 24.929 25.022 25.797 25.489 25.627 24.797 24.424 24.794 25.067 24.222 24.199 25.642 27.457 26.087 24.567 26.234 25.034 26.734 27.559 26.059 24.399 24.322 24.539 24.862 24.582 24.329 24.284 24.122 24.092 23.977 23.889 23.794 23.817 24.222 24.319 23.579 23.282 23.989 26.482 25.407 23.082 23.614 24.019 24.474 23.329 23.279 22.914 22.117 21.612 20.614 19.242 19.839 18.537 17.796
25.497 25.462 25.417 25.407 25.607 27.212 28.119 26.542 25.202 25.157 25.084 25.014 24.987 24.979 24.979 24.972 24.934 24.929 25.937 25.424 24.497 24.372 24.307 24.254 26.842 26.897 24.339 24.167 24.507 27.224 27.277 24.594 24.799 26.207 25.007 27.279 26.249 24.719 24.244 24.239 24.209 24.204 24.177 24.157 24.007 23.849 23.799 23.729 24.057 24.452 24.377 23.274 22.864 23.284 26.144 26.579 23.937 22.914 22.949 22.662 22.554 22.902 22.964 22.349 21.924 21.044 19.872 19.412 18.872 17.687 15.891
25.389 25.349 25.334 25.324 25.334 25.642 26.879 25.642 25.114 25.052 24.964 24.914 24.934 24.932 24.932 24.909 24.867 24.854 24.879 24.837 25.899 25.337 24.239 24.214 26.432 27.342 25.702 24.117 24.114 26.352 27.429 25.387 24.149 25.869 25.424 25.082 24.789 24.454 24.087 24.097 24.084 24.049 24.072 23.969 24.242 24.109 24.089 24.647 24.647 23.784 23.067 23.327 24.204 24.879 25.184 23.182 23.159 23.077 22.627 22.054 21.779 21.649 22.062 21.712 20.584 20.692 18.749 18.064 17.714 16.737 14.822
25.244 25.207 25.204 25.224 25.212 25.227 25.149 25.039 24.997 24.944 24.889 24.869 24.872 24.844 24.869 24.834 24.747 24.737 24.787 25.454 27.142 25.732 24.197 24.192 24.729 27.322 26.112 24.077 24.089 24.764 27.399 26.604 24.274 24.307 26.339 25.089 24.042 24.007 23.997 23.969 23.967 23.974 23.962 23.867 24.199 24.707 24.777 24.279 23.232 23.899 24.397 25.124 25.057 24.684 22.827 23.802 24.054 23.362 22.817 22.867 21.354 20.197 21.667 22.309 20.389 21.139 19.029 18.077 16.762 15.599 12.533
25.082 25.034 25.022 25.034 25.042 25.029 24.979 24.939 24.937 25.052 25.234 25.172 24.749 24.762 24.739 24.672 24.617 24.652 24.779 26.147 27.132 26.579 24.479 24.157 24.117 27.167 26.852 24.527 24.039 24.034 25.959 25.477 24.444 24.207 24.417 25.887 24.179 23.849 23.877 23.807 23.829 23.822 23.867 24.284 23.872 24.134 23.882 23.784 24.639 24.299 24.077 24.329 24.329 22.514 23.257 23.904 23.487 23.392 22.107 22.589 21.819 21.857 21.437 21.954 20.624 20.249 18.164 17.269 15.577 12.912 10.676
24.944 24.892 24.884 24.864 24.907 24.884 24.854 24.854 24.992 26.742 27.402 26.392 24.657 24.642 24.634 24.557 24.559 24.544 24.537 25.682 26.022 27.114 25.207 24.169 24.172 25.732 27.322 25.032 24.009 23.999 24.334 24.277 23.987 23.902 23.832 24.957 25.417 23.689 23.687 23.689 23.844 23.844 24.544 23.802 23.034 23.264 23.482 24.919 24.444 23.817 24.057 23.919 21.479 22.569 23.069 23.777 23.354 22.532 22.344 21.144 20.624 21.072 19.164 18.094 18.027 16.647 16.929 15.222 13.299 10.417 8.28
24.802 24.777 24.774 24.789 24.829 24.832 24.774 24.722 24.492 25.324 27.392 26.472 24.564 24.689 25.029 25.154 24.427 24.469 24.377 25.572 25.917 27.129 25.234 24.094 24.072 24.594 25.289 23.952 23.982 23.934 23.904 23.867 23.829 23.759 23.647 23.694 26.127 24.092 23.629 24.287 24.624 23.979 23.109 22.707 23.464 24.699 24.352 23.569 22.622 23.964 23.214 22.267 21.489 22.827 23.054 23.142 22.509 21.604 20.787 21.454 19.414 19.404 18.624 16.937 16.027 14.452 13.834 12.524 9.567 8.262 7.017
24.737 24.754 24.764 24.687 24.689 24.667 24.624 25.459 27.017 26.457 24.387 24.429 24.442 24.782 26.472 25.927 26.642 27.214 25.267 24.909 25.524 26.697 25.684 23.992 23.944 23.987 23.972 23.912 23.872 23.824 23.754 23.729 23.667 23.572 23.419 23.327 25.562 25.299 24.802 24.422 23.712 22.767 22.774 23.012 23.404 24.224 24.329 22.922 22.177 22.974 22.189 20.827 20.824 22.254 22.014 22.032 21.759 21.802 21.039 20.169 18.939 17.784 15.979 14.042 12.699 11.179 10.344 9.104 7.979 7.159 6.121
24.694 24.667 24.622 26.682 26.592 24.714 24.519 24.894 27.027 27.339 25.242 24.319 25.549 24.687 26.262 27.937 27.889 27.769 25.342 24.127 24.849 24.697 23.907 23.894 25.039 25.594 23.847 23.789 23.732 23.682 23.617 23.537 23.399 23.279 23.147 23.312 24.457 24.869 23.217 22.577 22.717 22.997 23.074 22.654 21.972 22.022 22.639 22.337 22.592 22.614 22.634 21.842 19.457 19.984 20.992 20.719 19.924 19.489 18.187 17.154 16.387 15.262 14.002 13.112 12.042 9.784 8.577 8.257 6.872 5.942 5.077
24.584 24.557 24.527 27.042 27.112 25.322 24.407 24.404 24.812 27.054 27.249 25.039 25.902 25.469 25.782 26.304 25.644 24.589 24.062 24.477 24.319 24.774 23.762 23.729 24.229 23.987 23.692 23.632 23.562 23.499 23.399 23.259 23.109 23.092 23.724 23.914 22.839 22.289 22.409 22.849 23.102 22.902 22.584 22.227 21.634 20.944 20.759 20.667 21.952 20.292 21.437 21.334 21.037 19.027 18.397 17.782 17.477 17.312 16.834 16.532 15.532 14.444 12.744 11.669 10.927 9.349 8.272 8.029 6.652 5.217 6.309
25.722 24.437 24.457 25.179 27.169 26.952 24.974 24.347 24.284 25.677 27.389 26.417 24.757 25.154 24.019 24.167 24.632 24.642 24.379 24.367 23.817 23.697 23.652 23.597 23.587 23.572 23.517 23.464 23.424 23.347 23.192 23.042 23.412 24.234 23.134 22.209 22.224 22.409 22.564 22.759 22.634 22.414 22.054 21.957 22.179 21.042 19.949 20.332 18.187 19.047 19.579 19.942 20.617 19.294 19.274 18.589 17.847 18.204 16.067 14.769 15.057 14.187 12.622 10.727 9.617 8.197 6.869 6.407 6.947 6.192 7.026
26.982 24.322 24.357 24.367 25.649 27.207 26.572 24.617 24.179 24.122 26.452 25.217 24.274 24.752 24.827 24.914 24.129 23.907 23.747 23.697 23.669 23.612 23.534 23.472 23.449 23.439 23.367 23.344 23.247 23.109 23.287 23.804 23.299 22.489 22.189 22.217 22.739 22.647 22.462 22.357 22.072 21.677 21.709 21.194 20.979 20.397 18.412 18.674 19.702 20.157 18.432 17.122 17.444 17.039 18.449 17.424 17.167 16.084 14.704 15.429 15.342 14.244 12.177 9.642 8.219 6.602 5.982 6.862 7.134 7.312 5.434
27.462 25.964 24.342 24.262 24.379 26.197 26.969 25.099 24.212 24.027 24.089 24.034 24.302 24.754 24.009 23.857 23.769 23.722 23.677 23.619 23.552 23.482 23.389 23.352 23.354 23.319 23.274 23.197 23.149 23.842 23.419 22.504 22.399 22.499 22.607 22.512 22.464 22.422 22.087 21.742 21.549 21.282 22.412 20.272 20.422 20.294 18.639 17.912 18.542 17.837 17.504 17.244 16.262 16.029 16.672 16.557 14.664 14.179 15.639 14.697 14.658 13.004 10.403 8.293 7.365 5.986 6.793 7.048 7.251 5.586 4.457
26.859 27.424 25.432 24.197 24.114 24.637 25.142 24.499 23.942 23.947 23.912 23.974 24.154 23.849 23.812 23.762 23.694 23.619 23.542 23.489 23.442 23.374 23.302 23.272 23.259 23.192 23.194 23.829 23.827 22.887 22.392 22.784 22.912 22.457 22.552 22.364 22.259 22.387 21.937 21.264 20.817 19.612 20.464 18.267 18.509 18.897 17.654 16.817 16.907 17.242 17.224 16.289 15.684 16.572 15.982 14.437 14.042 15.412 15.06 14.368 12.932 11.056 9.393 7.347 5.871 6.704 7.008 7.187 5.995 4.628 4.315
25.277 27.412 26.152 24.497 24.049 23.997 24.087 24.974 25.139 24.864 24.182 23.929 23.849 23.734 23.682 23.634 23.582 23.502 23.429 23.387 23.347 23.279 23.217 23.169 23.257 23.479 23.907 23.439 22.594 22.977 23.137 22.959 22.702 22.394 22.654 22.799 22.489 22.122 21.584 20.717 20.082 18.674 18.079 17.537 17.084 16.094 16.314 15.927 15.899 16.027 16.607 16.002 15.194 15.012 14.122 14.142 14.264 13.756 13.212 12.967 11.973 9.772 7.952 6.507 6.195 6.993 7.131 6.051 4.642 4.494 3.315
24.107 24.799 24.259 24.037 23.964 23.914 23.894 25.069 24.174 23.887 23.782 23.694 23.677 23.624 23.559 23.527 23.479 23.402 23.344 23.322 23.294 23.212 23.202 23.814 24.189 23.434 22.744 23.097 23.044 22.952 22.844 22.802 22.849 22.637 22.667 22.902 22.609 21.862 21.054 20.494 19.634 18.942 17.844 17.167 16.244 15.862 15.434 15.109 15.367 15.332 15.582 15.127 13.692 12.329 13.247 12.96 12.645 12.182 11.735 11.822 11.287 9.02 7.544 6.548 5.761 5.773 6.366 4.788 4.477 3.834 2.107
24.029 24.052 23.982 23.962 23.934 23.884 23.874 24.354 24.459 24.242 23.742 23.647 23.579 23.552 23.517 23.469 23.432 23.344 23.337 23.307 23.357 24.237 24.302 23.924 23.012 22.669 23.559 23.469 22.979 22.744 22.812 22.814 22.777 22.599 22.467 22.709 22.674 20.944 20.437 19.724 18.642 18.804 16.682 15.812 15.244 15.099 14.459 13.692 14.019 14.302 14.594 14.404 12.719 11.664 11.29 11.157 10.974 10.687 9.85 9.597 8.714 7.801 6.524 5.904 5.072 4.622 4.497 4.548 4.117 2.192 1.576
24.019 23.959 23.924 23.882 23.862 23.827 23.777 23.747 23.707 23.647 23.622 23.559 23.542 23.502 23.497 23.427 23.419 23.377 23.372 23.307 23.364 24.192 23.364 22.972 22.692 22.799 23.952 23.362 22.954 22.612 22.302 22.624 22.542 21.989 21.812 21.527 21.222 20.062 18.659 17.814 17.079 16.527 16.004 15.437 14.837 14.269 13.742 13.262 12.924 12.777 12.879 12.584 11.872 11.609 11.374 11.052 10.311 9.887 9.108 8.116 7.172 6.394 5.983 5.536 4.488 4.233 4.041 4.312 2.374 1.613 1.488
24.024 23.984 23.924 23.867 23.839 23.807 23.757 23.722 23.677 23.632 23.582 23.534 23.517 23.482 23.424 23.359 23.357 23.287 23.267 23.239 23.184 23.134 23.037 22.844 22.602 22.442 23.224 22.912 22.369 21.779 21.217 20.977 20.822 20.677 20.169 19.352 18.839 18.272 17.724 17.352 16.979 16.524 16.249 15.707 15.044 14.369 13.554 13.027 12.592 12.317 11.989 11.664 11.444 11.034 10.211 9.706 9.488 9.295 8.71 7.305 5.88 4.978 4.692 4.168 4.041 3.686 2.966 2.805 2.15 1.476 1.286
24.049 23.987 23.949 23.929 23.862 23.774 23.722 23.714 23.677 23.657 23.597 23.559 23.499 23.499 23.429 23.384 23.352 23.329 23.287 23.307 23.167 23.094 22.959 22.777 22.484 22.172 21.824 21.442 21.062 20.672 20.294 19.909 19.604 19.272 18.957 18.652 18.352 18.062 17.737 17.432 16.952 16.422 16.257 15.784 15.287 14.894 13.827 12.892 12.324 12.007 11.807 11.702 11.857 11.294 9.845 9.026 8.328 7.795 7.043 5.966 4.867 4.358 4.045 3.362 3.174 2.774 2.583 2.364 1.744 1.421 1.175
23.992 23.972 23.917 23.884 23.839 23.779 23.724 23.687 23.614 23.562 23.514 23.487 23.442 23.422 23.384 23.342 23.319 23.269 23.237 23.339 23.249 23.172 23.149 22.754 22.467 22.234 21.887 21.479 21.142 20.674 20.329 19.942 19.637 19.322 19.014 18.642 18.334 18.049 17.802 17.524 16.754 16.049 15.819 15.592 14.967 14.579 14.017 13.209 12.124 11.672 11.622 11.917 12.005 11.421 10.377 9.111 7.951 7.014 6.261 5.247 4.494 4.188 3.601 2.602 2.103 1.858 1.849 1.82 1.408 1.155 1.149
24.004 23.967 23.919 23.862 23.799 23.742 23.682 23.587 23.569 23.529 23.497 23.447 23.397 23.364 23.334 23.287 23.274 23.214 23.447 23.422 23.427 23.239 23.214 22.922 22.577 22.364 22.127 22.119 21.949 21.224 20.737 20.382 19.819 19.512 19.319 18.884 18.559 18.067 17.602 17.077 16.217 15.732 15.302 15.089 14.757 14.304 13.684 13.497 12.094 11.329 11.727 12.641 11.911 10.924 10.392 9.871 8.691 7.428 5.788 4.695 4.319 3.738 2.816 2.031 1.788 1.534 1.379 1.283 1.179 1.124 1.134
25.569 24.764 23.934 23.884 23.802 23.754 23.677 23.634 23.584 23.517 23.449 23.417 23.369 23.317 23.314 23.259 23.209 23.152 23.677 23.467 22.879 22.754 22.774 22.649 22.482 22.152 21.822 21.977 21.619 21.049 20.394 20.012 19.489 19.134 19.002 18.582 18.144 17.644 17.529 16.857 15.869 15.284 14.869 14.552 14.707 13.932 13.432 12.959 11.274 10.892 12.054 12.507 11.758 10.57 9.422 9.005 8.273 6.415 4.984 4.452 3.87 3.054 2.069 1.743 1.553 1.363 1.241 1.147 1.097 1.09 1.137
27.232 27.147 26.709 24.949 23.839 23.799 23.747 23.667 23.629 23.567 23.487 23.439 23.387 23.304 23.249 23.222 23.124 23.617 23.542 22.487 22.127 22.399 22.289 22.112 22.232 22.162 21.839 21.799 21.099 20.594 19.839 19.344 18.804 18.402 18.347 17.917 17.212 17.149 16.969 16.384 15.269 14.529 14.542 13.434 13.979 13.154 12.704 11.754 10.399 10.642 11.834 11.75 11.427 10.224 8.882 7.691 7.194 5.478 4.584 4.1 3.306 2.176 1.723 1.586 1.383 1.232 1.126 1.107 1.05 1.049 1.074
