All_lidar/sz6388_DSM_2M.asc
ncols 500
nrows 500
xllcorner    463000
yllcorner    88000
cellsize     2
NODATA_value -9999
[rows 66 to 98 of 500, columns 370 to 443 of 500]
3.443 3.238 3.146 3.108 3.091 3.048 3.031 3.088 3.081 3.068 2.996 2.983 2.998 3.081 3.318 3.393 3.351 3.311 3.393 3.538 3.771 3.931 3.503 4.088 3.873 4.121 4.253 3.863 3.811 4.171 4.428 4.71 5.116 5.265 5.377 5.104 4.673 4.22 3.839 3.722 3.714 3.6 3.484 3.473 3.556 1.912 1.66 1.572 1.439 1.366 1.251 1.231 1.127 0.707 0.303 0.27 0.169 0.121 0.001 -0.044 -0.11 -0.156 -0.136 -0.224 -0.206 -0.256 -0.296 -0.294 -0.31 -0.358 -0.362 -0.35 -0.375 -0.396
3.778 3.198 2.981 3.011 2.998 2.991 2.958 2.958 3.001 3.023 2.998 2.981 2.998 3.101 3.238 3.256 3.251 3.323 3.301 3.326 3.613 3.763 3.881 4.021 3.738 3.878 4.326 4.113 3.716 4.341 4.728 4.817 5.436 5.276 5.244 5.147 5.13 4.543 4.112 3.864 3.963 3.776 3.469 3.463 3.473 2.664 1.889 1.675 1.633 1.451 1.444 1.042 0.691 0.549 0.414 0.301 0.183 0.116 -0.038 0.015 -0.064 -0.05 -0.216 -0.225 -0.245 -0.194 -0.275 -0.188 -0.19 -0.353 -0.331 -0.366 -0.358 -0.411
4.153 3.318 2.936 2.976 3.051 3.043 2.973 2.973 3.023 3.073 3.046 3.053 3.093 3.153 3.188 3.161 3.208 3.241 3.233 3.246 3.456 3.568 3.643 3.843 3.876 4.023 4.131 3.971 3.916 4.401 4.496 4.751 5.8 5.316 5.098 5.054 5.104 5.015 4.63 4.193 4.112 3.864 3.625 3.454 3.406 3.478 1.981 1.821 1.669 1.486 1.061 0.826 0.71 0.587 0.389 0.338 0.165 0.151 0.05 -0.009 -0.086 -0.05 -0.113 -0.213 -0.151 -0.263 -0.231 -0.228 -0.213 -0.217 -0.345 -0.363 -0.375 -0.39
3.411 3.106 2.986 3.061 3.143 3.161 3.161 3.163 3.186 3.128 3.161 3.156 3.153 3.171 3.146 3.126 3.158 3.196 3.238 3.276 3.293 3.323 3.553 3.731 3.936 4.043 3.876 3.793 3.903 3.798 3.903 4.326 4.612 4.839 4.916 5.115 5.31 5.198 5.012 4.712 4.467 4.373 4.325 3.629 3.4 3.455 2.336 1.971 1.407 1.22 1.052 0.933 0.685 0.622 0.441 0.336 0.205 0.183 0.027 -0.053 0.001 -0.109 -0.169 -0.228 -0.172 -0.199 -0.225 -0.223 -0.269 -0.293 -0.337 -0.333 -0.286 -0.285
3.123 3.136 3.191 3.271 3.301 3.336 3.288 3.258 3.241 3.201 3.178 3.151 3.153 3.148 3.158 3.146 3.141 3.176 3.238 3.241 3.236 3.263 3.336 3.431 3.698 3.813 3.841 3.668 3.761 3.761 3.788 4.183 4.383 4.372 4.563 5.207 5.281 5.117 4.742 4.289 4.328 4.638 4.403 3.882 3.45 3.391 3.408 1.565 1.456 1.324 1.18 0.951 0.822 0.635 0.507 0.367 0.26 0.261 0.145 0.039 -0.081 -0.055 -0.085 -0.096 -0.15 -0.207 -0.229 -0.246 -0.25 -0.273 -0.313 -0.412 -0.391 -0.334
3.126 3.158 3.168 3.161 3.188 3.233 3.326 3.288 3.331 3.248 3.136 3.083 3.106 3.111 3.156 3.143 3.151 3.211 3.218 3.226 3.203 3.246 3.268 3.283 3.418 3.631 3.718 3.671 3.593 3.713 3.668 3.676 3.886 4.098 4.601 5.001 5.168 4.946 4.453 4.05 4.167 4.218 4.523 4.165 3.943 3.434 3.447 1.648 1.529 1.398 1.248 1.119 0.91 0.775 0.626 0.391 0.308 0.239 0.154 0.062 -0.033 -0.039 -0.038 -0.134 -0.07 -0.164 -0.188 -0.198 -0.19 -0.226 -0.273 -0.313 -0.329 -0.317
3.178 3.283 3.243 3.286 3.283 3.193 3.193 3.278 3.296 3.348 3.208 3.086 3.126 3.128 3.148 3.143 3.151 3.181 3.193 3.208 3.246 3.263 3.256 3.213 3.288 3.371 3.516 3.556 3.513 3.511 3.568 3.483 3.558 3.838 4.194 4.662 5.029 4.683 4.26 4.044 4.156 4.138 4.316 4.287 3.885 3.522 3.537 2.745 1.597 1.464 1.394 1.167 0.951 0.827 0.744 0.568 0.373 0.269 0.22 0.076 0.075 -0.023 -0.171 -0.073 -0.154 -0.141 -0.175 -0.194 -0.213 -0.187 -0.259 -0.282 -0.282 -0.34
3.308 3.311 3.318 3.331 3.366 3.526 3.548 3.471 3.326 3.231 3.243 3.181 3.131 3.168 3.186 3.176 3.178 3.191 3.193 3.208 3.258 3.236 3.241 3.221 3.201 3.213 3.328 3.416 3.628 3.558 3.446 3.383 3.363 3.551 3.793 4.232 4.864 4.607 4.073 4.086 3.964 3.993 4.17 4.07 3.95 3.642 3.563 3.537 1.749 1.566 1.406 1.234 1.126 0.921 0.736 0.608 0.448 0.336 0.225 0.145 0.078 0.038 0.009 -0.08 -0.094 -0.133 -0.179 -0.174 -0.159 -0.223 -0.228 -0.246 -0.268 -0.322
3.206 3.423 3.388 3.338 3.326 3.423 3.538 3.571 3.466 3.346 3.216 3.163 3.243 3.186 3.176 3.241 3.251 3.201 3.191 3.203 3.223 3.193 3.203 3.201 3.193 3.323 3.406 3.481 3.438 3.566 3.433 3.516 3.436 3.358 3.748 3.921 4.122 4.278 4.598 4.279 4.053 3.981 3.838 3.867 3.893 3.802 3.652 3.621 2.475 1.602 1.509 1.346 1.23 1.041 0.915 0.75 0.574 0.431 0.344 0.289 0.141 0.07 0.039 0.02 -0.091 -0.117 -0.12 -0.162 -0.154 -0.211 -0.213 -0.253 -0.272 -0.307
2.988 3.101 3.298 3.506 3.668 3.648 3.566 3.528 3.463 3.383 3.276 3.108 3.118 3.218 3.296 3.313 3.293 3.236 3.203 3.186 3.223 3.153 3.156 3.148 3.173 3.331 3.386 3.306 3.461 3.503 3.408 3.543 3.538 3.483 3.528 3.833 4.006 4.395 4.879 4.497 4.617 4.684 4.649 4.001 3.857 3.855 3.701 3.643 3.533 1.733 1.563 1.47 1.361 1.165 1.063 0.789 0.644 0.467 0.475 0.371 0.235 0.15 0.104 0.027 -0.001 -0.046 -0.077 -0.101 -0.16 -0.17 -0.206 -0.217 -0.273 -0.296
2.993 3.011 3.028 3.148 3.578 3.776 3.736 3.643 3.451 3.298 3.231 3.126 3.053 3.106 3.226 3.328 3.256 3.256 3.241 3.248 3.238 3.116 3.083 3.086 3.121 3.311 3.396 3.396 3.426 3.388 3.431 3.483 3.553 3.496 3.213 3.603 3.848 4.046 4.399 4.573 4.519 4.622 4.634 4.561 4.148 3.951 3.769 3.676 3.665 2.394 1.717 1.559 1.423 1.308 1.059 0.879 0.746 0.613 0.515 0.365 0.296 0.206 0.137 0.1 0.005 -0.042 -0.08 -0.123 -0.175 -0.206 -0.205 -0.219 -0.255 -0.284
3.033 3.036 3.013 3.033 3.136 3.216 3.413 3.618 3.508 3.296 3.133 3.043 3.008 2.998 3.033 3.106 3.253 3.321 3.288 3.296 3.256 3.216 3.151 3.071 3.033 3.201 3.271 3.386 3.328 3.368 3.348 3.478 3.478 3.501 3.161 3.291 3.578 3.918 4.012 4.384 4.452 4.445 4.49 4.666 4.621 4.178 4.072 4.086 3.691 3.54 1.873 1.693 1.515 1.381 1.214 1.06 0.876 0.744 0.599 0.483 0.368 0.258 0.176 0.123 0.076 0.004 -0.072 -0.09 -0.138 -0.17 -0.21 -0.211 -0.25 -0.304
3.016 3.113 3.031 2.996 2.971 2.976 3.121 3.268 3.556 3.308 3.018 2.938 2.913 2.913 2.953 3.113 3.123 3.201 3.263 3.258 3.248 3.298 3.293 3.363 3.176 3.088 3.268 3.381 3.403 3.418 3.463 3.488 3.461 3.451 3.341 3.028 3.651 3.888 3.998 3.725 3.876 3.931 4.363 4.865 4.922 4.602 4.46 4.748 3.799 3.71 2.23 1.805 1.641 1.458 1.334 1.161 0.99 0.855 0.714 0.585 0.468 0.435 0.284 0.173 0.11 0.078 -0.005 -0.046 -0.111 -0.142 -0.192 -0.231 -0.275 -0.294
2.941 2.968 4.126 3.223 2.971 2.883 2.878 2.941 3.006 2.963 2.826 2.788 2.843 2.888 2.941 3.018 3.068 3.131 3.178 3.253 3.306 3.258 3.383 3.368 3.316 3.156 3.088 3.258 3.198 3.361 3.416 3.348 3.338 3.366 3.321 3.061 3.376 3.626 3.973 4.515 4.067 3.883 4.142 4.628 4.805 4.924 4.938 4.645 4.313 3.736 3.372 1.932 1.729 1.524 1.437 1.28 1.111 0.956 0.872 0.707 0.618 0.434 0.365 0.311 0.173 0.107 0.074 -0.07 -0.063 -0.094 -0.154 -0.216 -0.26 -0.296
3.506 2.991 3.498 2.893 2.921 2.893 2.841 2.833 2.858 2.783 2.746 2.711 2.793 2.793 2.871 2.901 3.043 3.223 3.248 3.216 3.336 3.353 3.421 3.476 3.408 3.301 3.078 2.948 3.056 3.528 3.446 3.338 3.306 3.333 3.376 3.218 3.358 3.396 3.893 3.936 4.108 3.923 4.009 4.177 4.575 4.8 4.833 4.578 4.449 3.88 3.791 2.212 1.826 1.698 1.532 1.41 1.304 1.12 1.003 0.818 0.705 0.589 0.508 0.35 0.256 0.172 0.116 0.027 -0.052 -0.095 -0.168 -0.227 -0.235 -0.27
7.676 6.411 4.816 3.396 2.993 2.913 2.856 2.781 2.801 2.876 2.711 2.663 2.758 2.803 2.921 3.046 3.218 3.401 3.646 3.693 3.516 3.428 3.473 3.388 3.353 3.276 3.186 2.886 2.831 3.183 3.401 3.238 3.251 3.253 3.278 3.108 2.968 3.071 3.693 3.973 3.893 4.167 3.899 3.901 4.21 4.507 4.731 4.686 4.652 4.223 3.699 3.351 2.022 1.781 1.664 1.522 1.416 1.276 1.113 1.038 0.875 0.66 0.592 0.468 0.345 0.251 0.171 0.083 0.003 -0.077 -0.123 -0.178 -0.23 -0.275
10.428 9.658 8.658 7.281 3.593 2.876 2.833 2.816 2.791 2.928 2.866 2.813 2.798 2.953 3.031 3.181 3.388 3.546 3.663 3.733 3.636 3.606 3.346 3.331 3.356 3.598 3.421 3.253 3.056 2.916 3.261 3.136 3.043 3.053 2.981 2.856 2.898 3.293 3.673 3.781 3.818 4.85 3.892 3.915 4.064 4.22 4.521 4.709 4.571 4.353 3.801 3.735 2.814 1.963 1.805 1.665 1.533 1.391 1.292 1.099 0.927 0.796 0.75 0.586 0.43 0.34 0.236 0.233 0.09 -0.025 -0.099 -0.151 -0.229 -0.272
10.858 10.961 10.678 7.761 3.073 2.851 2.868 2.788 2.841 2.963 3.016 2.953 2.913 2.991 3.146 3.286 3.483 3.708 3.831 3.796 3.878 3.901 3.448 3.416 3.546 4.358 4.561 4.563 3.736 2.766 2.836 2.886 2.841 2.858 2.793 2.788 2.886 3.243 3.183 3.801 4.363 4.123 3.742 3.868 3.979 4.276 4.49 5.373 4.563 4.141 3.831 3.731 3.323 2.149 1.942 1.803 1.646 1.529 1.396 1.183 1.025 0.903 0.849 0.71 0.593 0.381 0.376 0.285 0.232 0.047 -0.067 -0.119 -0.135 -0.218
9.193 9.996 10.528 6.586 2.886 2.841 2.861 2.843 2.886 3.008 3.061 2.908 2.933 3.296 3.466 3.481 3.503 3.701 3.806 3.796 3.863 3.871 3.708 4.006 4.863 4.903 4.681 4.816 3.971 2.958 2.621 2.631 2.713 2.753 2.736 2.733 2.903 3.108 3.303 3.876 3.301 3.661 4.018 3.689 3.971 4.544 4.678 5.464 4.483 4.079 3.774 3.766 3.727 2.55 2.119 1.925 1.771 1.61 1.509 1.299 1.22 1.09 0.945 0.905 0.727 0.59 0.491 0.45 0.306 0.155 -0.007 -0.136 -0.136 -0.196
4.751 7.168 8.691 4.036 2.813 2.803 2.863 2.871 2.933 3.086 3.146 3.161 3.371 3.336 3.558 3.841 3.863 3.893 4.041 4.068 4.238 3.733 4.193 4.743 6.011 6.216 4.948 3.486 3.423 3.416 2.876 2.496 2.543 2.678 2.706 2.948 3.638 3.241 3.123 3.098 3.148 3.311 3.444 3.553 3.91 4.001 4.634 5.008 4.871 4.502 4.073 3.792 3.729 3.346 2.361 2.081 1.886 1.714 1.594 1.507 1.312 1.122 0.979 0.914 0.868 0.763 0.653 0.563 0.389 0.271 0.143 0.023 -0.021 -0.205
3.591 3.008 2.883 2.906 2.896 2.901 2.948 2.921 2.956 3.076 3.198 3.331 3.493 3.591 3.821 3.951 4.023 3.911 4.046 4.048 3.818 3.788 5.048 6.038 6.148 5.713 5.271 5.063 4.206 4.986 3.571 2.521 2.438 2.733 3.016 2.951 3.571 3.486 3.148 3.148 3.058 3.211 3.212 3.59 3.911 3.817 4.447 5.125 4.55 4.649 4.808 4.169 3.845 3.778 2.721 2.251 2.012 1.808 1.713 1.616 1.407 1.232 1.177 1.058 1.015 0.923 0.847 0.759 0.529 0.354 0.275 0.16 0.074 -0.018
3.216 2.866 3.596 4.526 3.678 3.208 3.146 3.016 3.086 3.358 3.451 3.458 3.488 3.616 3.808 3.923 3.941 4.071 4.481 4.028 4.153 4.326 4.706 5.311 5.313 4.843 6.056 5.986 4.428 4.393 3.441 2.651 2.418 2.641 2.783 2.881 3.213 3.796 3.173 3.083 2.973 3.126 3.073 3.354 3.644 4.07 4.83 5.351 4.652 5.124 5.27 4.79 4.133 3.818 3.577 2.46 2.259 1.945 1.805 1.66 1.514 1.4 1.352 1.236 1.135 1.098 0.979 0.866 0.745 0.6 0.41 0.324 0.203 0.11
2.888 2.881 4.938 6.423 6.271 5.751 3.441 3.078 3.236 3.608 3.601 3.698 3.843 3.801 3.808 3.863 3.931 4.096 4.256 3.993 5.288 5.616 4.253 4.711 4.456 4.436 5.598 4.603 4.126 3.851 3.768 3.218 2.558 2.628 3.003 3.711 3.911 3.566 3.348 3.081 3.018 3.023 3.246 3.331 3.954 5.129 5.872 5.491 4.836 5 5.423 5.104 4.769 4.048 3.727 2.945 2.39 2.166 1.953 1.809 1.634 1.523 1.471 1.38 1.298 1.312 1.216 1.073 0.927 0.795 0.591 0.441 0.245 0.175
2.961 2.968 4.728 5.773 6.156 6.018 3.566 3.126 3.488 4.086 4.023 3.976 4.103 4.188 4.053 3.938 3.973 4.181 4.213 4.158 4.976 5.888 5.723 4.301 4.101 5.363 5.718 3.736 3.541 3.668 3.148 3.221 2.771 2.791 3.316 3.658 3.873 3.446 3.976 3.118 2.923 2.943 3.228 5.541 5.096 5.264 6.344 5.544 5.257 4.347 5.222 4.698 5.238 5.052 4.104 3.684 2.829 2.362 2.191 1.967 1.809 1.683 1.57 1.55 1.481 1.413 1.316 1.227 0.998 0.915 0.702 0.476 0.228 0.064
3.251 3.706 3.511 4.063 4.988 4.236 3.138 3.151 3.471 4.321 4.343 4.246 4.226 4.266 4.216 4.116 4.011 4.031 4.148 4.238 4.203 4.983 6.603 5.116 3.998 4.733 4.616 3.868 3.646 3.181 3.033 2.923 2.796 2.786 3.286 3.196 4.021 3.878 3.536 3.093 2.956 3.148 3.973 4.901 4.678 5.658 6.611 5.965 5.464 4.959 4.169 4.056 5.468 5.284 5.061 3.885 3.721 3.59 2.803 2.173 1.922 1.76 1.688 1.608 1.543 1.481 1.441 1.22 1.065 0.897 0.755 0.606 0.267 0.039
3.316 3.418 3.538 3.451 3.303 3.296 3.271 3.213 3.338 4.171 4.373 4.461 4.401 4.306 4.273 4.221 4.016 3.983 4.268 4.391 4.153 4.303 5.408 5.173 4.346 3.978 4.298 4.316 3.726 3.011 2.806 2.728 2.726 2.676 2.716 2.891 3.548 3.656 3.076 3.263 3.093 3.798 4.913 3.781 3.573 4.131 6.021 6.61 6.078 5.278 3.958 4.019 4.39 5.527 4.415 4.467 3.775 3.726 3.768 3.184 2.101 1.93 1.813 1.705 1.662 1.579 1.491 1.353 1.151 1.019 0.902 0.707 0.212 0.116
3.323 3.891 3.463 3.498 3.493 3.613 3.278 3.266 3.301 4.148 4.343 4.493 4.526 4.321 4.213 4.123 3.981 3.963 4.471 4.568 4.358 4.001 4.541 5.301 5.111 4.661 3.673 3.581 3.083 2.766 2.723 2.743 2.798 2.691 2.556 2.513 2.691 2.753 3.128 3.056 3.556 3.781 4.248 3.518 3.508 3.541 3.411 5.533 6.56 6.127 5.582 4.129 3.955 4.216 4.5 4.942 4.451 3.827 3.739 3.704 2.73 2.097 1.931 1.8 1.695 1.661 1.55 1.471 1.266 1.098 1.113 0.515 0.25 0.166
3.463 4.056 3.356 3.403 3.471 3.623 3.248 3.256 3.326 3.941 4.351 4.646 4.558 4.336 4.233 4.211 4.068 4.046 4.156 4.163 4.646 4.316 4.936 5.093 5.091 4.751 3.403 2.998 2.846 2.766 2.776 2.921 2.916 2.963 2.878 2.638 2.408 2.468 2.643 4.738 4.596 5.313 6.616 5.543 3.728 3.223 3.168 3.278 3.935 8.085 9.496 6.335 3.963 4.115 4.681 5.228 5.755 4.787 3.723 3.678 3.641 2.397 2.092 1.916 1.815 1.733 1.702 1.488 1.449 1.578 0.933 0.572 0.436 0.209
3.748 3.263 3.343 3.348 3.611 3.388 3.226 3.271 3.346 3.533 4.283 4.456 4.336 4.256 4.276 4.216 4.186 4.131 4.216 4.033 4.298 4.723 4.551 4.621 4.268 4.008 3.163 2.933 2.903 2.878 2.966 3.361 3.568 3.073 3.048 3.008 2.666 2.351 2.376 3.663 3.403 3.988 4.716 4.421 3.836 7.438 4.196 3.353 7.483 11.03 10.555 9.653 7.962 4.742 4.854 5.752 5.764 5.28 3.904 3.638 3.679 2.806 2.259 2.045 1.939 1.839 1.7 1.71 1.959 1.398 0.928 0.763 0.498 0.274
3.928 4.941 3.971 3.543 3.708 3.378 3.296 3.281 3.316 3.343 3.736 4.318 4.196 4.181 4.243 4.301 4.176 4.376 5.483 5.951 5.296 4.121 3.981 3.876 3.831 3.423 3.078 3.016 3.056 3.088 3.641 3.156 3.276 3.383 3.401 3.116 3.121 2.806 2.323 2.343 2.548 2.963 3.611 5.086 8.603 10.463 7.148 6.056 9.351 10.401 11.022 10.709 10.448 10.435 4.428 4.934 4.173 4.01 3.93 3.634 3.623 3.364 2.45 2.231 2.032 1.909 2.024 2.093 1.472 1.148 0.993 0.809 0.638 0.52
5.791 5.418 4.223 3.761 3.923 3.476 3.381 3.451 3.476 3.353 3.481 3.883 3.966 4.091 4.286 4.343 4.188 4.221 5.918 6.536 5.453 4.506 4.303 3.688 3.518 3.191 3.111 3.191 3.413 4.426 3.316 3.103 3.013 3.556 4.111 3.933 3.321 3.201 2.818 2.346 2.343 2.471 2.788 7.246 10.741 10.226 7.466 6.691 9.506 10.281 10.478 11.013 11.155 10.54 9.426 4.3 3.578 3.59 3.713 3.603 3.597 3.648 2.65 2.319 2.223 2.391 2.425 1.612 1.386 1.241 1.134 0.913 0.737 0.547
6.738 5.133 3.776 3.496 3.553 3.486 3.468 4.266 4.796 3.436 3.501 3.568 3.678 3.883 4.083 4.208 4.246 4.713 6.121 5.651 5.458 5.263 4.141 3.561 3.328 3.206 3.246 4.261 5.083 5.651 5.408 4.036 3.321 3.006 3.228 4.348 4.696 3.218 3.113 2.843 2.486 2.413 6.308 10.601 9.306 4.276 4.016 8.366 9.793 10.933 11.058 11.011 10.627 10.189 9.267 3.801 3.525 3.524 3.754 3.551 3.542 3.613 2.957 2.432 2.955 2.604 1.785 1.53 1.419 1.31 1.185 1.017 0.799 0.691
6.478 4.491 3.606 3.443 3.433 3.446 3.463 4.078 4.206 3.508 3.543 3.588 3.596 3.661 3.773 3.893 4.061 4.246 4.488 4.308 4.243 4.003 3.646 3.613 3.331 3.308 3.483 4.688 5.673 5.656 5.686 5.451 4.208 3.023 3.063 4.916 6.391 4.238 3.238 3.313 2.956 2.551 5.481 8.816 3.916 3.056 3.051 7.526 6.491 6.873 10.543 10.768 10.216 9.841 4.794 3.5 3.49 3.649 3.603 3.525 3.555 3.581 3.37 3.476 2.348 1.868 1.928 1.627 1.477 1.362 1.274 1.104 0.917 0.819
