All_lidar/sz6385_DSM_2M.asc
ncols 500
nrows 500
xllcorner    463000
yllcorner    85000
cellsize     2
NODATA_value -9999
[rows 288 to 319 of 500, columns 0 to 71 of 500]
1.443 1.421 1.338 1.383 1.328 1.416 1.396 1.398 1.366 1.468 1.363 1.463 1.476 1.498 1.373 1.448 1.506 1.431 1.438 1.423 1.413 1.371 1.398 1.371 1.376 1.341 1.358 1.393 1.338 1.341 1.341 1.356 1.456 1.481 1.336 1.448 1.381 1.381 1.361 1.473 1.466 1.481 1.461 1.471 1.526 1.478 1.553 1.451 1.426 1.401 1.471 1.516 1.441 1.436 1.416 1.456 1.568 1.438 1.466 1.423 1.563 1.461 1.468 1.498 1.518 1.558 1.548 1.503 1.543 1.494 1.223 1.071
1.351 1.351 1.398 1.373 1.341 1.491 1.473 1.423 1.466 1.393 1.356 1.508 1.491 1.421 1.398 1.388 1.378 1.326 1.368 1.363 1.418 1.366 1.398 1.398 1.301 1.393 1.381 1.428 1.366 1.381 1.453 1.373 1.426 1.386 1.388 1.411 1.466 1.426 1.463 1.471 1.441 1.351 1.431 1.421 1.523 1.398 1.411 1.443 1.523 1.383 1.431 1.418 1.436 1.426 1.443 1.533 1.578 1.363 1.421 1.516 1.526 1.538 1.461 1.576 1.433 1.381 1.431 1.463 1.398 1.364 1.26 1.121
1.398 1.398 1.446 1.313 1.423 1.463 1.423 1.456 1.456 1.481 1.426 1.393 1.408 1.351 1.386 1.391 1.361 1.331 1.386 1.463 1.466 1.483 1.538 1.328 1.343 1.461 1.488 1.481 1.453 1.456 1.486 1.416 1.423 1.301 1.368 1.396 1.436 1.386 1.421 1.436 1.361 1.331 1.306 1.328 1.423 1.326 1.351 1.433 1.401 1.388 1.436 1.441 1.476 1.363 1.508 1.483 1.458 1.526 1.576 1.563 1.456 1.501 1.496 1.411 1.403 1.371 1.411 1.348 1.431 1.413 1.294 1.098
1.531 1.496 1.543 1.513 1.476 1.453 1.501 1.511 1.476 1.376 1.398 1.391 1.388 1.438 1.438 1.496 1.471 1.518 1.551 1.628 1.518 1.498 1.481 1.446 1.436 1.508 1.548 1.493 1.506 1.478 1.451 1.483 1.491 1.406 1.396 1.448 1.436 1.406 1.338 1.346 1.316 1.263 1.311 1.248 1.253 1.301 1.278 1.368 1.423 1.431 1.468 1.451 1.423 1.518 1.448 1.396 1.433 1.403 1.446 1.438 1.423 1.313 1.326 1.381 1.338 1.331 1.351 1.368 1.383 1.343 1.303 1.214
1.521 1.761 1.651 1.631 1.616 1.488 1.513 1.493 1.513 1.411 1.431 1.476 1.473 1.546 1.546 1.608 1.566 1.538 1.581 1.558 1.513 1.568 1.516 1.498 1.531 1.568 1.696 1.626 1.583 1.473 1.458 1.576 1.501 1.451 1.343 1.346 1.408 1.346 1.308 1.278 1.266 1.353 1.306 1.311 1.293 1.308 1.366 1.398 1.411 1.448 1.541 1.461 1.501 1.531 1.366 1.406 1.356 1.426 1.376 1.346 1.296 1.306 1.268 1.246 1.323 1.336 1.333 1.331 1.411 1.358 1.243 1.25
1.603 1.586 1.591 1.548 1.518 1.556 1.518 1.606 1.626 1.591 1.631 1.596 1.543 1.601 1.586 1.596 1.588 1.643 1.663 1.433 1.581 1.531 1.583 1.638 1.746 1.728 1.661 1.583 1.571 1.486 1.461 1.473 1.438 1.446 1.508 1.326 1.408 1.411 1.343 1.353 1.341 1.263 1.233 1.386 1.393 1.331 1.331 1.398 1.403 1.456 1.528 1.393 1.433 1.406 1.376 1.381 1.343 1.298 1.266 1.288 1.291 1.308 1.248 1.296 1.341 1.361 1.348 1.353 1.381 1.293 1.258 1.241
1.656 1.536 1.543 1.503 1.513 1.526 1.561 1.568 1.581 1.606 1.593 1.643 1.658 1.661 1.673 1.618 1.616 1.731 1.733 1.651 1.716 1.623 1.731 1.643 1.686 1.716 1.598 1.623 1.578 1.603 1.551 1.423 1.486 1.498 1.588 1.451 1.398 1.306 1.321 1.416 1.386 1.518 1.603 1.493 1.518 1.513 1.546 1.448 1.428 1.466 1.396 1.446 1.336 1.306 1.366 1.368 1.388 1.251 1.243 1.286 1.268 1.353 1.173 1.308 1.296 1.321 1.351 1.313 1.356 1.356 1.271 1.316
1.543 1.456 1.501 1.506 1.511 1.458 1.543 1.451 1.568 1.603 1.608 1.693 1.676 1.628 1.661 1.631 1.618 1.636 1.636 1.621 1.716 1.696 1.738 1.611 1.593 1.618 1.528 1.511 1.473 1.483 1.436 1.426 1.523 1.536 1.543 1.556 1.523 1.476 1.596 1.611 1.606 1.623 1.706 1.641 1.661 1.611 1.613 1.538 1.468 1.413 1.351 1.363 1.263 1.233 1.281 1.326 1.316 1.331 1.223 1.251 1.316 1.321 1.241 1.308 1.398 1.313 1.356 1.483 1.396 1.386 1.391 1.401
1.416 1.431 1.491 1.446 1.388 1.413 1.471 1.453 1.428 1.473 1.521 1.508 1.573 1.538 1.533 1.561 1.561 1.526 1.553 1.506 1.478 1.583 1.573 1.488 1.501 1.476 1.443 1.438 1.501 1.428 1.466 1.491 1.491 1.431 1.526 1.573 1.538 1.581 1.733 1.733 1.726 1.663 1.678 1.743 1.663 1.541 1.641 1.543 1.501 1.448 1.416 1.358 1.268 1.248 1.311 1.258 1.308 1.296 1.286 1.336 1.321 1.298 1.358 1.373 1.378 1.346 1.403 1.446 1.393 1.326 1.331 1.313
1.393 1.406 1.406 1.321 1.318 1.368 1.416 1.393 1.438 1.411 1.361 1.401 1.383 1.391 1.423 1.488 1.498 1.433 1.476 1.421 1.388 1.393 1.451 1.391 1.481 1.458 1.488 1.523 1.488 1.488 1.523 1.631 1.638 1.598 1.668 1.613 1.626 1.583 1.703 1.686 1.703 1.646 1.618 1.616 1.578 1.553 1.636 1.563 1.513 1.398 1.393 1.416 1.381 1.358 1.358 1.346 1.386 1.448 1.313 1.378 1.351 1.283 1.301 1.373 1.423 1.386 1.428 1.428 1.403 1.356 1.361 1.343
1.391 1.261 1.298 1.283 1.293 1.291 1.296 1.273 1.346 1.298 1.336 1.396 1.396 1.386 1.423 1.356 1.348 1.418 1.393 1.371 1.338 1.388 1.463 1.366 1.486 1.493 1.501 1.541 1.523 1.581 1.541 1.616 1.603 1.686 1.681 1.598 1.581 1.608 1.681 1.683 1.526 1.581 1.636 1.578 1.471 1.441 1.508 1.483 1.558 1.453 1.426 1.431 1.478 1.481 1.456 1.363 1.526 1.541 1.421 1.416 1.488 1.426 1.433 1.423 1.461 1.528 1.528 1.493 1.363 1.368 1.438 1.408
1.261 1.253 1.256 1.291 1.253 1.216 1.243 1.346 1.271 1.313 1.321 1.313 1.321 1.253 1.341 1.308 1.351 1.341 1.333 1.343 1.431 1.418 1.493 1.386 1.463 1.473 1.471 1.523 1.498 1.586 1.586 1.593 1.568 1.561 1.483 1.541 1.541 1.596 1.641 1.576 1.488 1.531 1.598 1.536 1.443 1.481 1.493 1.496 1.533 1.551 1.573 1.583 1.578 1.661 1.678 1.581 1.626 1.663 1.541 1.576 1.541 1.566 1.568 1.506 1.471 1.563 1.593 1.428 1.386 1.443 1.406 1.436
1.228 1.268 1.216 1.231 1.246 1.263 1.298 1.358 1.353 1.398 1.318 1.288 1.311 1.266 1.346 1.298 1.346 1.316 1.308 1.373 1.373 1.376 1.461 1.466 1.428 1.446 1.471 1.468 1.481 1.521 1.513 1.531 1.481 1.443 1.413 1.403 1.376 1.441 1.433 1.483 1.488 1.441 1.433 1.428 1.491 1.501 1.568 1.556 1.561 1.588 1.578 1.646 1.641 1.656 1.658 1.673 1.756 1.676 1.596 1.638 1.716 1.518 1.516 1.563 1.563 1.558 1.513 1.428 1.456 1.531 1.468 1.561
1.318 1.348 1.268 1.286 1.316 1.286 1.291 1.251 1.271 1.298 1.331 1.278 1.221 1.318 1.296 1.283 1.356 1.291 1.401 1.373 1.368 1.441 1.363 1.426 1.413 1.368 1.291 1.373 1.373 1.396 1.471 1.463 1.348 1.371 1.353 1.326 1.408 1.423 1.418 1.406 1.473 1.518 1.478 1.506 1.588 1.596 1.621 1.651 1.628 1.566 1.631 1.606 1.608 1.661 1.626 1.613 1.628 1.678 1.716 1.656 1.641 1.646 1.698 1.636 1.703 1.653 1.651 1.588 1.606 1.771 1.546 1.513
1.376 1.348 1.348 1.403 1.331 1.313 1.331 1.351 1.321 1.336 1.353 1.348 1.271 1.271 1.263 1.268 1.248 1.276 1.291 1.293 1.383 1.403 1.398 1.326 1.411 1.381 1.296 1.368 1.358 1.388 1.416 1.351 1.336 1.358 1.341 1.383 1.458 1.376 1.398 1.398 1.418 1.466 1.518 1.576 1.561 1.556 1.638 1.566 1.593 1.518 1.578 1.611 1.626 1.713 1.636 1.593 1.591 1.683 1.706 1.723 1.721 1.811 1.811 1.746 1.811 1.811 1.723 1.781 1.761 1.746 1.591 1.638
1.393 1.431 1.508 1.476 1.406 1.433 1.451 1.436 1.421 1.448 1.341 1.273 1.353 1.331 1.323 1.323 1.271 1.303 1.351 1.373 1.371 1.366 1.343 1.388 1.406 1.448 1.408 1.473 1.383 1.331 1.293 1.336 1.313 1.378 1.366 1.403 1.423 1.418 1.406 1.481 1.478 1.463 1.506 1.498 1.548 1.433 1.516 1.533 1.503 1.468 1.488 1.538 1.551 1.598 1.578 1.568 1.578 1.626 1.723 1.723 1.736 1.801 1.863 1.806 1.823 1.838 1.856 1.823 1.823 1.748 1.716 1.706
1.546 1.598 1.511 1.446 1.478 1.471 1.416 1.486 1.476 1.408 1.396 1.401 1.331 1.321 1.276 1.341 1.343 1.348 1.361 1.361 1.358 1.371 1.388 1.441 1.396 1.423 1.381 1.368 1.381 1.356 1.278 1.321 1.336 1.403 1.276 1.343 1.403 1.488 1.471 1.461 1.383 1.448 1.413 1.443 1.396 1.408 1.361 1.378 1.353 1.408 1.468 1.448 1.458 1.501 1.543 1.508 1.498 1.583 1.638 1.626 1.728 1.653 1.786 1.716 1.831 1.736 1.763 1.786 1.761 1.803 1.716 1.751
1.683 1.613 1.603 1.533 1.556 1.563 1.523 1.538 1.476 1.478 1.506 1.426 1.411 1.368 1.303 1.301 1.428 1.428 1.353 1.351 1.356 1.348 1.413 1.513 1.431 1.431 1.361 1.328 1.336 1.323 1.323 1.383 1.486 1.463 1.451 1.473 1.393 1.491 1.523 1.431 1.428 1.436 1.381 1.371 1.348 1.333 1.326 1.346 1.338 1.321 1.328 1.388 1.393 1.403 1.461 1.423 1.408 1.516 1.641 1.591 1.576 1.596 1.573 1.606 1.601 1.596 1.608 1.588 1.643 1.616 1.656 1.696
1.733 1.686 1.648 1.683 1.598 1.631 1.606 1.541 1.451 1.523 1.508 1.416 1.456 1.358 1.421 1.408 1.451 1.471 1.463 1.411 1.368 1.463 1.408 1.451 1.463 1.423 1.373 1.428 1.378 1.446 1.426 1.481 1.486 1.456 1.426 1.493 1.418 1.496 1.411 1.366 1.406 1.428 1.381 1.366 1.386 1.383 1.343 1.383 1.336 1.293 1.411 1.336 1.351 1.398 1.476 1.428 1.413 1.473 1.486 1.483 1.581 1.473 1.513 1.548 1.448 1.516 1.551 1.571 1.483 1.408 1.533 1.578
1.636 1.606 1.648 1.698 1.596 1.651 1.706 1.671 1.568 1.578 1.538 1.478 1.503 1.461 1.513 1.528 1.513 1.508 1.491 1.553 1.548 1.633 1.536 1.398 1.503 1.488 1.376 1.486 1.461 1.483 1.526 1.423 1.468 1.386 1.426 1.438 1.378 1.396 1.426 1.363 1.366 1.343 1.386 1.403 1.436 1.313 1.318 1.381 1.348 1.381 1.426 1.403 1.328 1.416 1.358 1.456 1.478 1.388 1.363 1.373 1.393 1.438 1.436 1.491 1.403 1.391 1.411 1.368 1.291 1.338 1.388 1.401
1.678 1.688 1.626 1.666 1.746 1.681 1.626 1.606 1.566 1.713 1.466 1.551 1.668 1.531 1.618 1.678 1.656 1.658 1.586 1.613 1.668 1.611 1.573 1.503 1.486 1.493 1.528 1.508 1.531 1.486 1.451 1.378 1.368 1.416 1.396 1.358 1.391 1.383 1.416 1.411 1.391 1.331 1.431 1.391 1.481 1.353 1.423 1.378 1.358 1.426 1.356 1.331 1.333 1.301 1.308 1.376 1.411 1.308 1.261 1.383 1.346 1.366 1.408 1.386 1.258 1.268 1.268 1.293 1.138 1.278 1.323 1.278
1.728 1.663 1.646 1.653 1.658 1.706 1.676 1.641 1.653 1.706 1.698 1.768 1.713 1.628 1.673 1.693 1.668 1.753 1.621 1.623 1.663 1.643 1.651 1.568 1.486 1.476 1.458 1.431 1.488 1.443 1.493 1.383 1.463 1.436 1.378 1.373 1.368 1.411 1.396 1.381 1.431 1.413 1.466 1.443 1.433 1.441 1.388 1.413 1.338 1.363 1.451 1.306 1.276 1.296 1.378 1.306 1.206 1.231 1.273 1.276 1.278 1.371 1.341 1.296 1.278 1.241 1.243 1.163 1.143 1.188 1.318 1.313
1.588 1.661 1.583 1.631 1.598 1.666 1.593 1.731 1.638 1.671 1.743 1.748 1.658 1.771 1.698 1.773 1.776 1.746 1.693 1.553 1.576 1.586 1.528 1.543 1.506 1.501 1.423 1.411 1.538 1.406 1.438 1.356 1.373 1.398 1.391 1.386 1.481 1.451 1.398 1.498 1.596 1.458 1.531 1.443 1.403 1.443 1.281 1.346 1.271 1.341 1.301 1.291 1.256 1.283 1.368 1.243 1.211 1.246 1.261 1.231 1.338 1.363 1.353 1.288 1.348 1.333 1.256 1.213 1.248 1.156 1.226 1.231
1.478 1.606 1.591 1.591 1.668 1.648 1.636 1.673 1.718 1.798 1.853 1.721 1.676 1.716 1.761 1.771 1.761 1.766 1.638 1.548 1.573 1.521 1.531 1.506 1.496 1.446 1.406 1.401 1.421 1.388 1.418 1.423 1.401 1.411 1.483 1.386 1.433 1.506 1.481 1.498 1.443 1.473 1.463 1.468 1.463 1.418 1.351 1.341 1.311 1.396 1.348 1.291 1.336 1.313 1.351 1.221 1.251 1.293 1.298 1.313 1.393 1.423 1.328 1.306 1.381 1.261 1.231 1.203 1.226 1.231 1.168 1.148
1.536 1.601 1.528 1.596 1.613 1.658 1.613 1.608 1.708 1.741 1.721 1.716 1.681 1.671 1.711 1.798 1.746 1.683 1.571 1.498 1.483 1.541 1.556 1.496 1.456 1.483 1.401 1.423 1.413 1.391 1.398 1.483 1.486 1.471 1.416 1.491 1.546 1.568 1.556 1.518 1.486 1.463 1.441 1.483 1.393 1.388 1.348 1.403 1.428 1.456 1.408 1.338 1.311 1.313 1.348 1.371 1.378 1.378 1.493 1.461 1.413 1.328 1.336 1.373 1.428 1.303 1.336 1.231 1.243 1.241 1.208 1.263
1.488 1.478 1.538 1.493 1.533 1.643 1.603 1.623 1.661 1.691 1.601 1.691 1.628 1.668 1.666 1.758 1.666 1.608 1.533 1.456 1.503 1.606 1.546 1.473 1.453 1.481 1.456 1.448 1.431 1.526 1.476 1.518 1.531 1.501 1.491 1.536 1.531 1.566 1.556 1.513 1.483 1.456 1.416 1.396 1.366 1.416 1.388 1.473 1.413 1.393 1.368 1.318 1.368 1.451 1.428 1.476 1.516 1.388 1.408 1.513 1.391 1.331 1.393 1.421 1.366 1.368 1.291 1.346 1.303 1.256 1.263 1.251
1.368 1.408 1.446 1.436 1.426 1.531 1.523 1.531 1.563 1.576 1.583 1.538 1.501 1.568 1.583 1.586 1.538 1.561 1.523 1.521 1.526 1.551 1.591 1.508 1.526 1.528 1.558 1.538 1.568 1.601 1.528 1.581 1.678 1.586 1.533 1.538 1.573 1.463 1.508 1.456 1.461 1.441 1.428 1.436 1.383 1.396 1.463 1.498 1.443 1.406 1.471 1.431 1.511 1.476 1.451 1.433 1.533 1.451 1.443 1.483 1.403 1.408 1.458 1.411 1.348 1.326 1.371 1.313 1.321 1.281 1.338 1.298
1.368 1.358 1.381 1.416 1.483 1.456 1.481 1.436 1.448 1.448 1.528 1.558 1.538 1.486 1.503 1.538 1.501 1.553 1.478 1.486 1.561 1.563 1.683 1.631 1.646 1.646 1.713 1.688 1.628 1.678 1.673 1.616 1.591 1.583 1.508 1.546 1.511 1.443 1.436 1.381 1.391 1.391 1.343 1.353 1.391 1.396 1.528 1.478 1.388 1.441 1.463 1.521 1.623 1.481 1.406 1.406 1.468 1.441 1.433 1.466 1.513 1.401 1.466 1.531 1.373 1.361 1.308 1.291 1.326 1.298 1.326 1.373
1.373 1.368 1.336 1.333 1.381 1.358 1.413 1.371 1.373 1.403 1.416 1.476 1.471 1.521 1.493 1.491 1.503 1.491 1.591 1.576 1.608 1.606 1.593 1.586 1.588 1.558 1.651 1.688 1.606 1.621 1.571 1.553 1.611 1.581 1.498 1.421 1.448 1.446 1.381 1.398 1.363 1.458 1.381 1.426 1.406 1.546 1.536 1.486 1.478 1.481 1.503 1.538 1.516 1.466 1.466 1.461 1.428 1.478 1.473 1.431 1.451 1.396 1.378 1.508 1.418 1.423 1.331 1.296 1.411 1.391 1.336 1.376
1.331 1.353 1.256 1.306 1.368 1.273 1.351 1.328 1.371 1.306 1.396 1.408 1.346 1.393 1.441 1.441 1.518 1.508 1.538 1.503 1.551 1.626 1.581 1.613 1.618 1.551 1.598 1.543 1.518 1.511 1.543 1.531 1.508 1.486 1.491 1.406 1.413 1.443 1.418 1.393 1.508 1.491 1.541 1.533 1.516 1.528 1.576 1.566 1.578 1.533 1.493 1.501 1.491 1.406 1.411 1.408 1.396 1.378 1.433 1.353 1.396 1.456 1.451 1.421 1.368 1.376 1.376 1.401 1.473 1.413 1.308 1.343
1.321 1.221 1.151 1.226 1.253 1.216 1.291 1.353 1.298 1.378 1.356 1.408 1.386 1.396 1.413 1.563 1.503 1.456 1.456 1.513 1.476 1.428 1.433 1.476 1.493 1.543 1.451 1.496 1.486 1.543 1.483 1.468 1.521 1.463 1.531 1.478 1.441 1.463 1.451 1.506 1.553 1.548 1.598 1.603 1.573 1.571 1.568 1.538 1.583 1.566 1.538 1.471 1.411 1.441 1.446 1.348 1.446 1.396 1.388 1.396 1.443 1.488 1.411 1.418 1.386 1.416 1.513 1.446 1.446 1.498 1.371 1.398
1.223 1.241 1.203 1.203 1.203 1.176 1.193 1.263 1.258 1.253 1.321 1.283 1.251 1.366 1.266 1.343 1.383 1.401 1.406 1.423 1.541 1.268 1.328 1.356 1.451 1.486 1.411 1.436 1.401 1.378 1.413 1.418 1.483 1.431 1.483 1.523 1.578 1.561 1.648 1.526 1.603 1.498 1.496 1.523 1.613 1.543 1.608 1.476 1.543 1.508 1.548 1.506 1.563 1.491 1.438 1.366 1.443 1.393 1.413 1.493 1.461 1.581 1.468 1.511 1.456 1.523 1.516 1.483 1.453 1.396 1.403 1.356
