All_lidar/sz6389_DSM_2M.asc
ncols 500
nrows 500
xllcorner    463000
yllcorner    89000
cellsize     2
NODATA_value -9999
[rows 462 to 494 of 500, columns 370 to 443 of 500]
7.031 8.139 8.806 8.656 8.719 7.266 7.506 5.97 5.896 6.174 6.325 5.874 6.587 5.375 4.056 3.909 2.671 1.948 1.716 1.51 1.276 1.122 1.018 0.924 0.795 0.613 0.495 0.343 0.226 0.074 -0.092 -0.264 -0.469 -0.569 -0.679 -0.715 -0.765 -0.77 -0.749 -0.708 -0.751 -0.752 -0.781 -0.826 -0.848 -0.846 -0.899 -0.904 -0.923 -0.91 -0.963 -0.912 -0.907 -0.941 -0.971 -0.997 -0.997 -0.995 -1.048 -1.038 -1.021 -1.038 -0.996 -1.062 -1.041 -1.086 -1.139 -1.079 -1.125 -1.121 -1.099 -1.039 -1.135 -1.112
7.004 8.231 8.696 9.264 7.606 6.979 6.747 6.826 7.358 6.743 7.052 6.27 6.043 5.905 4.094 3.95 3.177 2.067 1.768 1.531 1.351 1.173 1.057 0.911 0.811 0.707 0.576 0.415 0.26 0.116 -0.05 -0.178 -0.371 -0.571 -0.692 -0.672 -0.761 -0.722 -0.719 -0.707 -0.768 -0.775 -0.76 -0.776 -0.813 -0.78 -0.853 -0.852 -0.884 -0.918 -0.926 -0.943 -0.964 -0.986 -1.078 -0.962 -0.982 -1.026 -0.98 -0.973 -1.073 -1.031 -1.049 -1.047 -1.056 -1.062 -1.056 -1.107 -1.082 -1.082 -1.061 -1.065 -1.049 -1.059
7.256 8.501 9.394 9.669 7.746 6.916 6.613 7.648 8.139 6.521 6.613 5.941 5.618 6.292 4.155 3.985 3.198 2.11 1.832 1.656 1.424 1.202 1.075 0.962 0.875 0.771 0.606 0.483 0.294 0.18 0.043 -0.071 -0.283 -0.51 -0.62 -0.649 -0.652 -0.76 -0.703 -0.738 -0.776 -0.762 -0.77 -0.789 -0.854 -0.804 -0.864 -0.889 -0.952 -0.962 -0.967 -0.958 -0.972 -0.946 -1.005 -0.987 -1.032 -0.963 -0.987 -0.967 -1.04 -1.059 -1.023 -1.108 -1.079 -1.089 -1.096 -1.11 -1.108 -1.067 -1.109 -1.076 -1.024 -1.068
7.151 7.871 8.066 7.854 8.401 8.511 7.201 6.914 6.69 6.213 6.523 6.736 5.531 6.609 4.342 4.016 3.608 2.217 1.883 1.625 1.489 1.28 1.139 1.055 0.911 0.805 0.63 0.54 0.4 0.263 0.125 -0.015 -0.222 -0.449 -0.619 -0.662 -0.716 -0.75 -0.703 -0.744 -0.754 -0.723 -0.773 -0.814 -0.821 -0.783 -0.867 -0.878 -0.894 -0.886 -0.932 -0.931 -0.95 -0.949 -0.928 -0.967 -1.006 -1.002 -0.971 -1.023 -1.046 -1.029 -1.05 -1.026 -0.987 -1.087 -1.062 -1.054 -1.099 -1.102 -1.068 -1.088 -1.08 -1.074
6.614 7.831 7.539 7.544 8.244 8.496 7.632 7.148 6.533 6.077 8.226 8.159 5.538 6.601 4.941 4.028 3.843 2.403 1.979 1.762 1.562 1.346 1.192 1.031 0.928 0.845 0.697 0.55 0.458 0.276 0.159 -0.04 -0.168 -0.341 -0.539 -0.678 -0.687 -0.745 -0.66 -0.752 -0.771 -0.77 -0.813 -0.871 -0.797 -0.866 -0.873 -0.846 -0.858 -0.951 -0.926 -0.923 -0.919 -0.962 -0.993 -1.012 -1.023 -1.008 -0.937 -0.986 -1.025 -1.027 -0.986 -1.026 -1.041 -1.054 -1.039 -1.044 -1.081 -1.128 -1.06 -1.084 -1.041 -1.047
5.689 6.404 7.274 7.349 7.644 7.634 6.892 6.534 7.074 6.563 7.079 7.274 6.461 6.298 5.509 4.049 3.903 2.786 2.08 1.811 1.608 1.371 1.26 1.078 0.98 0.856 0.719 0.624 0.494 0.347 0.202 0.073 -0.098 -0.268 -0.442 -0.591 -0.682 -0.716 -0.735 -0.717 -0.744 -0.726 -0.821 -0.802 -0.815 -0.802 -0.852 -0.869 -0.904 -0.964 -0.914 -0.961 -0.984 -0.938 -0.999 -1.048 -0.994 -1.019 -0.985 -0.979 -1.008 -1.005 -1.027 -1.035 -1.076 -1.045 -1.057 -1.051 -1.082 -1.034 -1.005 -1.041 -1.027 -1.049
5.464 5.546 5.954 7.266 8.074 7.329 6.898 6.613 7.092 6.66 6.364 6.011 5.372 5.777 5.887 4.071 3.948 3.078 2.208 1.853 1.653 1.472 1.285 1.147 1.034 0.943 0.775 0.671 0.517 0.372 0.223 0.055 -0.073 -0.187 -0.385 -0.53 -0.647 -0.693 -0.737 -0.76 -0.727 -0.717 -0.767 -0.767 -0.788 -0.879 -0.849 -0.878 -0.899 -0.923 -0.93 -0.97 -0.97 -0.947 -0.909 -0.926 -0.94 -0.982 -0.979 -1.044 -1.002 -1.032 -1.007 -1.025 -1.032 -0.974 -0.973 -1.004 -1.058 -0.997 -1.052 -1.045 -1.046 -1.015
5.274 5.371 5.706 7.571 7.649 6.604 6.77 7.088 6.817 6.364 6.003 5.676 5.503 5.108 5.822 4.136 3.975 3.359 2.355 1.954 1.743 1.54 1.354 1.167 1.062 0.972 0.805 0.671 0.589 0.433 0.278 0.151 -0.004 -0.152 -0.312 -0.495 -0.645 -0.66 -0.713 -0.696 -0.721 -0.765 -0.781 -0.777 -0.765 -0.847 -0.861 -0.911 -0.883 -0.925 -0.931 -0.978 -0.957 -0.98 -0.978 -0.974 -0.942 -0.985 -1.012 -1.024 -0.989 -0.954 -1.032 -1 -1.02 -1.04 -1.035 -0.996 -1.024 -1.083 -1.044 -1.032 -1.004 -0.998
5.176 5.269 5.654 7.059 7.406 7.101 7.864 7.478 6.885 6.866 6.145 5.877 6.378 4.992 4.859 4.343 3.971 3.675 2.46 2.048 1.798 1.606 1.4 1.216 1.123 0.994 0.85 0.764 0.63 0.474 0.341 0.204 0.074 -0.113 -0.258 -0.438 -0.619 -0.687 -0.658 -0.657 -0.621 -0.743 -0.731 -0.777 -0.788 -0.855 -0.853 -0.881 -0.905 -0.986 -0.912 -0.937 -0.998 -0.971 -0.94 -0.977 -1.046 -1.007 -0.991 -1.031 -0.985 -1 -0.982 -0.998 -0.968 -0.995 -1.011 -0.989 -0.996 -0.969 -1.019 -1.043 -0.988 -0.946
5.179 5.231 5.846 7.444 7.154 7.899 7.731 7.926 7.019 6.509 6.82 6.215 6.532 5.497 6.645 4.931 3.977 3.861 2.648 2.125 1.89 1.682 1.459 1.285 1.134 1.029 0.878 0.784 0.683 0.559 0.404 0.272 0.105 -0.009 -0.175 -0.396 -0.497 -0.581 -0.654 -0.669 -0.661 -0.69 -0.685 -0.733 -0.791 -0.868 -0.898 -0.89 -0.922 -0.925 -0.875 -0.957 -0.976 -0.938 -0.918 -0.935 -0.982 -0.969 -0.943 -0.991 -1.008 -0.977 -0.962 -0.959 -0.982 -0.944 -0.964 -0.983 -0.998 -1.056 -1.041 -1.034 -1.064 -0.997
5.244 5.236 5.381 5.864 6.739 7.344 7.634 7.084 7.449 6.845 6.471 6.679 6.827 5.53 6.259 4.921 4.022 3.883 3.08 2.226 1.96 1.733 1.529 1.331 1.153 1.033 0.936 0.817 0.69 0.584 0.498 0.348 0.161 0.064 -0.099 -0.277 -0.429 -0.528 -0.576 -0.652 -0.695 -0.696 -0.768 -0.719 -0.805 -0.842 -0.851 -0.821 -0.862 -0.891 -0.926 -0.946 -0.933 -0.94 -0.984 -0.951 -0.96 -0.974 -0.97 -1.006 -0.977 -0.967 -0.966 -0.971 -0.952 -0.987 -0.985 -0.984 -0.988 -0.933 -0.99 -1.046 -1.035 -0.992
5.274 5.154 5.896 6.891 7.074 7.479 7.381 7.129 7.679 7.269 6.699 6.352 7.394 5.882 4.648 4.736 4.049 3.879 2.959 2.298 2.025 1.834 1.621 1.416 1.227 1.089 0.986 0.846 0.729 0.636 0.526 0.39 0.284 0.078 -0.066 -0.212 -0.341 -0.506 -0.612 -0.661 -0.686 -0.729 -0.768 -0.808 -0.802 -0.829 -0.879 -0.831 -0.896 -0.933 -0.936 -0.917 -0.947 -0.95 -1.005 -0.924 -0.985 -0.958 -0.992 -0.997 -0.955 -0.958 -0.928 -0.955 -0.993 -1.009 -0.958 -0.987 -0.953 -0.998 -1.02 -1.014 -0.979 -1.013
5.414 6.201 6.921 7.391 7.399 7.804 7.371 7.524 7.554 7.1 6.509 6.928 7.422 6.266 5.632 6.114 4.081 3.917 3.012 2.42 2.1 1.853 1.65 1.494 1.311 1.143 1.039 0.931 0.802 0.663 0.558 0.405 0.309 0.126 0.026 -0.121 -0.288 -0.48 -0.567 -0.591 -0.673 -0.727 -0.795 -0.817 -0.802 -0.828 -0.854 -0.871 -0.912 -0.83 -0.837 -0.899 -0.918 -0.908 -0.95 -0.916 -0.856 -0.966 -0.961 -0.988 -0.97 -1.031 -1.002 -0.954 -0.957 -0.945 -0.981 -0.948 -0.948 -0.943 -0.998 -1.046 -1.028 -1.002
5.504 6.609 6.751 6.804 7.124 6.414 6.354 7.086 6.936 7.134 5.975 6.115 6.281 5.668 5 5.58 4.138 3.946 3.355 2.509 2.178 1.915 1.755 1.54 1.333 1.207 1.077 0.949 0.844 0.718 0.601 0.462 0.405 0.224 0.068 -0.083 -0.223 -0.383 -0.54 -0.6 -0.637 -0.674 -0.679 -0.767 -0.793 -0.839 -0.849 -0.835 -0.881 -0.861 -0.882 -0.883 -0.918 -0.932 -0.925 -0.984 -0.892 -0.987 -0.989 -0.979 -0.977 -1.02 -0.964 -0.918 -0.933 -0.943 -0.96 -0.967 -1.022 -0.965 -0.973 -0.974 -0.975 -0.959
5.371 6.264 6.211 5.711 6.264 6.781 6.504 6.624 7.024 6.204 6.027 5.631 5.91 5.022 4.514 5.052 4.594 3.989 3.716 2.632 2.238 1.986 1.773 1.611 1.382 1.224 1.083 1.007 0.846 0.714 0.661 0.527 0.411 0.257 0.157 -0.039 -0.17 -0.348 -0.511 -0.594 -0.59 -0.627 -0.665 -0.746 -0.772 -0.802 -0.826 -0.863 -0.857 -0.944 -0.878 -0.908 -0.931 -0.89 -0.926 -0.931 -0.948 -1.009 -0.936 -0.939 -0.955 -0.975 -0.94 -0.948 -0.992 -0.941 -0.94 -0.972 -0.963 -1.012 -0.977 -0.978 -0.973 -1.012
5.306 6.271 7.251 6.821 6.446 7.026 6.344 6.551 6.841 6.691 6.072 5.66 6.928 4.992 4.575 6.487 5.288 3.998 3.912 2.864 2.311 2.023 1.781 1.62 1.417 1.226 1.048 1.018 0.933 0.769 0.672 0.544 0.458 0.322 0.185 0.032 -0.126 -0.243 -0.388 -0.545 -0.623 -0.673 -0.693 -0.758 -0.773 -0.775 -0.823 -0.821 -0.829 -0.914 -0.889 -0.907 -0.901 -0.938 -0.903 -0.884 -0.933 -0.937 -0.886 -0.937 -0.98 -0.954 -0.922 -0.975 -0.981 -0.996 -0.932 -0.953 -0.96 -0.98 -0.964 -0.931 -0.951 -1.003
5.326 5.711 6.924 7.124 6.529 6.274 5.776 6.336 5.759 5.731 5.62 7.626 7.035 5.013 4.319 5.142 4.9 4.065 3.958 3.221 2.422 2.069 1.849 1.653 1.46 1.312 1.138 1.033 0.921 0.815 0.72 0.575 0.463 0.397 0.26 0.11 -0.038 -0.157 -0.319 -0.537 -0.652 -0.606 -0.664 -0.794 -0.756 -0.818 -0.818 -0.827 -0.828 -0.9 -0.845 -0.891 -0.92 -0.966 -0.917 -0.918 -0.868 -0.957 -0.924 -0.937 -0.978 -0.982 -0.936 -0.922 -0.927 -0.925 -0.929 -0.965 -0.992 -0.953 -0.971 -0.988 -0.992 -1.011
5.454 5.509 6.529 7.124 5.909 5.756 5.696 6.081 5.521 5.945 5.995 5.988 6.09 4.736 4.265 4.497 5.208 4.137 3.965 3.497 2.444 2.135 1.904 1.714 1.507 1.297 1.134 1.028 0.951 0.821 0.719 0.59 0.512 0.497 0.326 0.163 0.013 -0.128 -0.35 -0.526 -0.63 -0.619 -0.71 -0.757 -0.751 -0.772 -0.776 -0.838 -0.804 -0.861 -0.896 -0.851 -0.884 -0.968 -0.927 -0.906 -0.952 -0.924 -0.9 -0.873 -0.929 -0.968 -0.923 -0.936 -0.976 -0.925 -0.982 -0.911 -0.947 -0.933 -0.959 -0.981 -0.997 -1.013
5.721 5.354 5.566 6.851 6.811 6.519 6.049 6.221 6.714 6.183 5.758 4.973 4.862 4.79 4.165 4.948 6.161 4.135 3.988 3.759 2.545 2.168 1.956 1.767 1.574 1.37 1.21 1.048 0.964 0.872 0.739 0.647 0.539 0.468 0.342 0.226 0.14 -0.111 -0.27 -0.484 -0.628 -0.671 -0.704 -0.778 -0.749 -0.767 -0.788 -0.855 -0.797 -0.862 -0.924 -0.877 -0.891 -0.883 -0.904 -0.925 -0.921 -0.904 -0.938 -0.904 -0.874 -0.958 -0.976 -0.965 -0.981 -0.924 -0.917 -0.961 -0.963 -0.93 -0.975 -0.92 -0.979 -1.003
5.836 5.514 5.329 6.669 6.664 6.939 6.349 5.569 5.681 5.455 6.746 5.419 5.739 5.177 4.322 4.481 5.266 4.248 3.998 3.906 2.895 2.234 1.978 1.784 1.594 1.431 1.248 1.13 0.978 0.855 0.839 0.678 0.552 0.403 0.23 0.086 -0.053 -0.172 -0.383 -0.536 -0.645 -0.686 -0.758 -0.76 -0.775 -0.775 -0.792 -0.835 -0.766 -0.859 -0.883 -0.887 -0.855 -0.89 -0.875 -0.873 -0.941 -0.904 -0.904 -0.924 -0.912 -0.926 -0.941 -0.908 -0.986 -0.966 -0.965 -0.972 -0.883 -0.907 -0.938 -0.93 -0.938 -0.94
6.064 5.624 5.429 5.656 6.181 6.714 6.349 5.639 6.031 5.151 5.916 5.083 5.356 4.869 4.615 4.178 4.275 4.185 4.003 3.893 3.185 2.31 1.961 1.789 1.605 1.512 1.313 1.213 1.003 0.775 0.411 0.197 0.041 0.018 -0.044 -0.086 -0.174 -0.296 -0.427 -0.522 -0.642 -0.659 -0.697 -0.691 -0.801 -0.798 -0.751 -0.796 -0.817 -0.886 -0.846 -0.894 -0.866 -0.917 -0.904 -0.875 -0.916 -0.968 -0.938 -0.927 -0.925 -0.915 -0.902 -0.898 -0.952 -0.915 -0.89 -0.935 -0.913 -0.932 -0.96 -0.869 -0.922 -0.943
5.964 5.601 5.409 5.436 5.566 7.229 6.931 5.909 6.331 5.418 4.456 4.327 4.303 6.161 5.583 4.185 5.246 4.974 4.044 3.926 3.725 2.754 2.07 1.482 1.191 1.085 0.666 0.421 0.316 0.347 0.138 0.069 0.002 -0.008 -0.083 -0.191 -0.3 -0.392 -0.491 -0.551 -0.612 -0.669 -0.683 -0.693 -0.719 -0.729 -0.808 -0.793 -0.858 -0.854 -0.834 -0.868 -0.87 -0.901 -0.905 -0.921 -0.901 -0.91 -0.891 -0.887 -0.932 -0.923 -0.877 -0.924 -0.961 -0.919 -0.968 -0.98 -0.941 -0.931 -0.943 -0.946 -0.937 -0.956
5.699 5.461 5.409 5.341 5.574 6.771 7.206 7.296 7.371 4.671 4.033 3.611 4.582 6.515 5.925 4.246 5.385 5.683 4.061 3.938 3.807 2.297 1.074 0.858 0.787 0.655 0.542 0.391 0.315 0.194 0.11 0.077 -0.066 -0.119 -0.174 -0.283 -0.353 -0.454 -0.489 -0.605 -0.619 -0.718 -0.617 -0.67 -0.768 -0.753 -0.775 -0.832 -0.838 -0.809 -0.88 -0.86 -0.899 -0.876 -0.909 -0.917 -0.928 -0.909 -0.897 -0.87 -0.896 -0.878 -0.869 -0.879 -0.923 -0.916 -0.993 -0.888 -0.93 -0.868 -0.882 -0.941 -0.939 -0.97
5.636 5.426 5.346 5.279 5.286 5.891 6.969 7.021 6.474 4.668 3.978 3.467 4.022 5.143 5.58 4.899 4.587 4.466 4.094 3.932 3.85 1.903 1.019 0.877 0.779 0.635 0.54 0.443 0.305 0.245 0.105 0.057 -0.09 -0.133 -0.188 -0.285 -0.361 -0.475 -0.528 -0.539 -0.622 -0.712 -0.673 -0.677 -0.79 -0.811 -0.788 -0.811 -0.817 -0.829 -0.861 -0.867 -0.832 -0.917 -0.893 -0.893 -0.886 -0.917 -0.908 -0.88 -0.872 -0.903 -0.883 -0.879 -0.898 -0.923 -0.933 -0.891 -0.884 -0.894 -0.941 -0.968 -0.962 -0.939
5.676 5.519 5.384 5.314 5.259 6.481 6.689 6.109 5.978 4.969 4.806 4.22 4.623 4.659 4.235 4.126 4.271 4.507 4.222 3.943 3.913 1.56 0.959 0.878 0.781 0.653 0.608 0.454 0.313 0.212 0.117 -0.003 -0.107 -0.094 -0.252 -0.341 -0.369 -0.449 -0.536 -0.589 -0.649 -0.684 -0.689 -0.706 -0.719 -0.767 -0.765 -0.793 -0.791 -0.813 -0.858 -0.855 -0.888 -0.931 -0.888 -0.912 -0.882 -0.876 -0.871 -0.884 -0.895 -0.864 -0.91 -0.915 -0.874 -0.938 -0.969 -0.9 -0.896 -0.916 -0.926 -0.903 -0.898 -0.943
5.684 5.489 5.494 5.496 5.249 5.601 6.631 6.749 5.694 6.157 5.158 4.857 4.716 4.544 4.679 4.507 4.639 5.853 5.08 3.944 3.89 1.59 1.046 0.881 0.766 0.656 0.545 0.492 0.317 0.195 0.087 0.023 -0.122 -0.16 -0.244 -0.305 -0.411 -0.466 -0.515 -0.586 -0.581 -0.696 -0.719 -0.69 -0.753 -0.789 -0.744 -0.816 -0.848 -0.857 -0.808 -0.808 -0.893 -0.898 -0.893 -0.823 -0.827 -0.888 -0.883 -0.851 -0.853 -0.86 -0.879 -0.866 -0.895 -0.929 -0.92 -0.933 -0.911 -0.907 -0.883 -0.943 -0.913 -0.9
5.569 5.344 5.624 5.716 5.409 5.696 5.724 6.434 5.912 6.57 5.661 4.896 4.252 4.435 4.348 4.67 4.329 5.266 4.815 3.938 3.908 1.963 1.122 0.91 0.802 0.699 0.516 0.432 0.292 0.22 0.101 -0.015 -0.075 -0.21 -0.289 -0.347 -0.472 -0.44 -0.502 -0.549 -0.58 -0.693 -0.683 -0.715 -0.776 -0.744 -0.813 -0.808 -0.814 -0.86 -0.854 -0.858 -0.874 -0.909 -0.883 -0.871 -0.906 -0.871 -0.864 -0.903 -0.842 -0.897 -0.853 -0.911 -0.838 -0.76 -0.915 -0.89 -0.867 -0.876 -0.906 -0.924 -0.879 -0.896
5.454 5.106 5.291 5.671 5.509 5.421 5.854 6.389 6.628 6.73 5.268 5.124 5.183 5.409 4.529 4.241 4.124 4.209 4.106 3.97 3.891 2.644 1.159 0.938 0.808 0.676 0.609 0.49 0.343 0.194 0.122 0.028 -0.093 -0.173 -0.287 -0.392 -0.416 -0.501 -0.505 -0.586 -0.652 -0.707 -0.693 -0.735 -0.712 -0.774 -0.761 -0.792 -0.805 -0.872 -0.846 -0.855 -0.846 -0.863 -0.82 -0.846 -0.863 -0.843 -0.826 -0.88 -0.906 -0.876 -0.921 -0.883 -0.882 -0.926 -0.906 -0.895 -0.929 -0.896 -0.886 -0.904 -0.909 -0.897
5.516 5.066 5.016 5.489 5.591 5.459 5.516 5.644 6.12 7.047 6.525 5.757 4.798 5.745 4.16 3.791 3.952 4.17 4.67 4.154 3.874 3.235 1.228 0.946 0.795 0.712 0.56 0.474 0.407 0.272 0.168 0.014 -0.061 -0.164 -0.296 -0.413 -0.422 -0.451 -0.528 -0.559 -0.605 -0.679 -0.663 -0.702 -0.755 -0.749 -0.763 -0.793 -0.789 -0.806 -0.81 -0.784 -0.851 -0.834 -0.84 -0.895 -0.826 -0.833 -0.912 -0.885 -0.836 -0.825 -0.863 -0.865 -0.881 -0.899 -0.882 -0.894 -0.91 -0.868 -0.916 -0.923 -0.91 -0.873
5.384 5.219 4.826 5.314 5.566 5.571 5.616 5.441 5.328 6.819 6.905 5.486 5.117 5.032 4.769 4.631 5.197 4.394 6.346 5.023 3.877 3.873 1.396 1.012 0.8 0.685 0.609 0.493 0.389 0.292 0.184 0.096 -0.048 -0.166 -0.259 -0.352 -0.442 -0.496 -0.567 -0.551 -0.602 -0.665 -0.674 -0.74 -0.743 -0.738 -0.784 -0.732 -0.787 -0.804 -0.835 -0.853 -0.841 -0.852 -0.87 -0.856 -0.83 -0.868 -0.861 -0.872 -0.882 -0.879 -0.881 -0.873 -0.894 -0.885 -0.878 -0.912 -0.871 -0.869 -0.895 -0.903 -0.938 -0.881
5.024 5.194 4.986 5.094 5.554 5.616 5.504 5.381 5.367 6.544 7.204 5.834 5.215 4.22 4.869 4.664 4.606 4.505 5.396 4.638 3.943 3.902 1.979 1.113 0.779 0.664 0.612 0.478 0.4 0.359 0.205 0.111 -0.024 -0.126 -0.237 -0.32 -0.443 -0.491 -0.539 -0.574 -0.575 -0.666 -0.706 -0.732 -0.736 -0.74 -0.746 -0.786 -0.805 -0.836 -0.784 -0.836 -0.868 -0.848 -0.813 -0.845 -0.904 -0.88 -0.836 -0.906 -0.826 -0.818 -0.867 -0.922 -0.922 -0.878 -0.89 -0.873 -0.855 -0.909 -0.898 -0.861 -0.895 -0.906
4.924 5.129 5.136 5.139 5.589 5.571 5.421 5.291 5.233 5.772 6.635 5.464 6.075 4.465 4.422 4.691 4.437 4.324 4.362 4.259 4.038 3.926 2.868 1.193 0.81 0.637 0.66 0.499 0.437 0.336 0.204 0.133 -0.009 -0.056 -0.213 -0.329 -0.42 -0.43 -0.514 -0.604 -0.64 -0.636 -0.653 -0.748 -0.722 -0.76 -0.77 -0.806 -0.796 -0.849 -0.768 -0.88 -0.859 -0.818 -0.778 -0.801 -0.871 -0.852 -0.854 -0.819 -0.83 -0.822 -0.868 -0.868 -0.863 -0.853 -0.864 -0.925 -0.861 -0.887 -0.835 -0.849 -0.905 -0.885
4.759 5.044 5.239 5.231 5.394 5.441 5.314 5.226 5.133 6.1 6.208 5.202 5.18 4.74 4.465 4.52 4.305 4.207 4.631 5.302 4.216 3.97 3.5 1.404 0.886 0.694 0.627 0.558 0.48 0.34 0.235 0.136 0.069 -0.054 -0.142 -0.227 -0.388 -0.458 -0.537 -0.581 -0.594 -0.635 -0.696 -0.696 -0.71 -0.74 -0.771 -0.747 -0.807 -0.76 -0.823 -0.743 -0.791 -0.803 -0.813 -0.858 -0.807 -0.835 -0.826 -0.854 -0.881 -0.875 -0.895 -0.876 -0.888 -0.875 -0.849 -0.856 -0.916 -0.836 -0.887 -0.947 -0.848 -0.883
