All_lidar/sz6388_DSM_2M.asc
ncols 500
nrows 500
xllcorner    463000
yllcorner    88000
cellsize     2
NODATA_value -9999
[rows 462 to 494 of 500, columns 222 to 295 of 500]
0.64 0.032 0.547 0.345 0.53 0.45 0.47 0.402 0.417 0.442 0.485 0.525 0.562 0.572 0.567 0.587 0.637 0.705 0.747 0.725 0.73 0.717 0.712 0.697 0.727 0.78 0.75 0.682 0.67 0.652 0.667 0.65 0.672 0.71 0.737 0.822 0.817 0.87 0.847 0.867 0.875 0.86 0.887 1.127 1.755 1.5 1.49 1.282 0.8 0.785 0.8 0.81 1.19 1.397 0.62 0.575 0.577 0.567 0.557 0.58 0.565 0.547 0.512 0.482 0.46 0.427 0.515 0.407 0.435 0.435 0.59 1.292 0.615 0.512
0.545 -0.115 3.552 3.137 0.615 0.527 0.642 0.502 0.415 0.472 0.507 0.562 0.585 0.562 0.59 0.6 0.657 0.71 0.732 0.717 0.74 0.71 0.725 0.68 0.735 0.755 0.742 0.735 0.717 0.725 0.71 0.67 0.687 0.722 0.797 0.812 0.842 0.835 0.857 0.892 0.905 0.905 1.192 1.81 2.287 3.845 6.407 3.835 0.825 0.795 0.805 0.815 0.852 0.825 0.7 0.582 0.587 0.562 0.57 0.575 0.545 0.517 0.497 0.45 0.502 0.437 0.415 0.427 0.422 0.427 0.42 0.772 0.535 0.93
2.215 1.05 4.495 2.457 0.672 0.702 0.697 0.692 0.385 0.505 0.552 0.585 0.607 0.59 0.612 0.647 0.69 0.725 0.757 0.757 0.762 0.725 0.712 0.707 0.73 0.712 0.715 0.755 0.777 0.755 0.732 0.722 0.717 0.745 0.825 0.815 0.817 0.847 0.892 0.925 0.94 0.927 0.987 2.797 5.972 6.87 7.115 6.842 2.707 0.787 0.802 0.842 0.865 0.902 0.862 0.627 0.6 0.532 0.552 0.557 0.547 0.545 0.487 0.485 0.475 0.455 0.472 0.44 0.43 0.425 0.435 0.45 1.357 3.037
2.895 0.05 2.91 0.575 0.572 0.632 0.892 1.877 0.405 0.522 0.587 0.62 0.59 0.617 0.662 0.69 0.717 0.757 0.787 0.805 0.765 0.73 0.71 0.722 0.73 0.72 0.757 0.792 0.797 0.772 0.74 0.715 0.687 0.712 0.795 0.832 0.83 0.83 0.875 0.98 1.087 1.102 3.542 6.695 6.997 7.197 7.435 7.69 5.565 1.222 0.82 0.852 0.84 0.907 0.925 1.062 0.625 0.55 0.547 0.562 0.562 0.517 0.5 0.47 0.46 0.43 0.45 0.435 0.43 0.43 0.467 1.32 3.112 3.26
1.535 0.795 1.58 0.332 0.352 0.695 2.512 1.777 0.445 0.522 0.585 0.595 0.592 0.647 0.67 0.672 0.702 0.722 0.775 0.832 0.73 0.74 0.752 0.762 0.747 0.742 0.765 0.78 0.812 0.785 0.757 0.737 0.69 0.662 0.722 0.775 0.762 0.725 0.875 1.02 2.445 5.305 6.815 7.015 7.322 7.54 7.777 7.835 7.617 4.42 0.835 0.857 0.83 0.865 0.875 0.987 1.02 0.58 0.572 0.585 0.557 0.532 0.545 0.5 0.482 0.477 0.46 0.46 0.467 0.475 1.22 2.917 3.29 3.007
0.035 0.102 0.245 0.497 0.285 0.622 1.317 0.507 0.462 0.54 0.565 0.602 0.615 0.625 0.637 0.67 0.672 0.7 0.755 0.77 0.732 0.755 0.767 0.795 0.807 0.777 0.772 0.775 0.795 0.77 0.755 0.732 0.7 0.712 0.735 0.71 0.687 0.667 0.772 2.94 6.507 6.927 7.177 7.397 7.592 7.852 7.77 7.542 7.335 6.897 2.395 0.865 0.84 0.847 0.852 0.842 1.01 0.862 0.6 0.585 0.58 0.565 0.547 0.517 0.495 0.492 0.492 0.505 0.485 1.797 3.182 3.282 2.375 0.807
2.255 0.495 0.41 1.67 0.305 0.48 0.54 0.465 0.522 0.555 0.572 0.58 0.622 0.612 0.63 0.675 0.672 0.68 0.715 0.747 0.737 0.742 0.742 0.757 0.785 0.785 0.77 0.745 0.722 0.737 0.735 0.737 0.755 0.74 0.745 0.71 0.667 0.685 0.745 2.945 7.022 7.302 7.527 7.765 7.845 7.655 7.435 7.195 6.917 6.552 2.827 0.937 0.825 0.817 0.81 0.812 0.885 1.145 0.665 0.602 0.595 0.582 0.57 0.525 0.502 0.492 0.522 0.507 2.12 3.205 3.31 2.685 0.472 0.482
0.495 1.482 1.235 0.247 0.35 0.497 0.43 0.485 0.545 0.562 0.582 0.59 0.62 0.625 0.672 0.69 0.682 0.685 0.675 0.735 0.74 0.712 0.712 0.75 0.727 0.747 0.725 0.685 0.702 0.75 0.762 0.732 0.757 0.737 0.71 0.685 0.67 0.702 0.747 0.837 3.977 7.625 7.877 7.81 7.557 7.327 7.082 6.855 6.067 2.505 1.007 0.935 0.872 0.775 0.8 0.815 0.812 1.077 1.05 0.625 0.612 0.597 0.585 0.53 0.495 0.525 0.525 2.11 3.252 3.337 2.612 0.89 0.495 0.51
-0.05 1.522 1.875 0.287 0.345 0.517 0.447 0.5 0.56 0.6 0.587 0.605 0.625 0.637 0.67 0.702 0.705 0.697 0.73 0.765 0.765 0.752 0.755 0.725 0.692 0.697 0.692 0.707 0.742 0.772 0.772 0.745 0.735 0.705 0.697 0.7 0.705 0.727 0.75 0.785 0.895 6.14 7.717 7.457 7.207 6.975 6.737 4.82 1.51 0.92 0.972 0.935 0.895 0.867 0.797 0.8 0.79 0.805 1.027 0.757 0.627 0.607 0.597 0.555 0.557 0.81 2.542 3.25 3.327 2.197 0.632 0.529 0.506 0.489
-0.12 0.042 0.287 0.585 0.4 0.412 0.437 0.555 0.605 0.62 0.617 0.63 0.655 0.652 0.655 0.682 0.685 0.707 0.772 0.787 0.77 0.732 0.737 0.72 0.692 0.695 0.73 0.745 0.76 0.732 0.757 0.757 0.722 0.707 0.702 0.702 0.7 0.727 0.72 0.79 0.835 1.637 7.142 7.157 6.895 6.022 3.762 0.845 0.842 0.912 0.925 0.967 0.902 0.937 2.52 1.685 0.777 0.77 0.795 0.92 0.66 0.635 0.615 0.607 1.127 2.845 3.237 3.25 1.71 0.581 0.533 0.499 0.621 0.788
0.022 0.72 1.357 0.98 0.54 0.33 0.455 0.575 0.642 0.67 0.675 0.675 0.675 0.645 0.66 0.667 0.687 0.742 0.765 0.785 0.747 0.71 0.712 0.705 0.72 0.737 0.765 0.745 0.745 0.73 0.76 0.77 0.74 0.74 0.737 0.712 0.712 0.717 0.73 0.792 0.815 0.815 3.945 6.81 4.115 1.832 0.827 0.847 0.857 0.905 0.91 0.92 1.782 5.865 6.81 4.582 0.992 0.785 0.76 0.79 0.7 0.68 0.66 1.875 3.107 3.272 3.152 1.852 0.562 0.536 0.502 2.09 3.246 3.491
1.342 0.747 0.887 0.467 0.542 0.38 0.49 0.58 0.675 0.72 0.74 0.73 0.697 0.672 0.695 0.705 0.747 0.745 0.725 0.722 0.707 0.732 0.73 0.722 0.757 0.75 0.755 0.74 0.75 0.755 0.747 0.742 0.747 0.745 0.757 0.77 0.737 0.727 0.767 0.795 0.802 0.815 1.507 1.692 0.827 0.817 0.825 0.855 0.877 0.912 0.877 0.86 1.73 6.66 7.1 6.405 1.757 0.8 0.8 0.785 0.72 0.75 1.055 2.952 3.23 3.097 1.442 0.604 0.518 0.524 1.934 3.303 3.747 3.619
0.362 0.617 0.607 0.535 0.427 0.437 0.552 0.615 0.695 0.76 0.775 0.762 0.735 0.702 0.712 0.755 0.765 0.732 0.742 0.727 0.745 0.762 0.765 0.755 0.752 0.765 0.745 0.745 0.735 0.747 0.745 0.76 0.767 0.76 0.745 0.755 0.71 0.72 0.76 0.802 0.812 0.83 0.845 0.807 0.79 0.802 0.815 0.867 0.875 0.892 0.855 0.82 0.77 5.797 6.972 6.95 4.997 0.79 0.792 0.782 0.757 1.165 3.085 3.272 2.842 0.949 0.577 0.518 0.497 0.534 2.193 3.127 2.895 2.782
0.28 0.527 0.65 0.39 0.365 0.49 0.582 0.64 0.695 0.732 0.79 0.802 0.752 0.71 0.72 0.717 0.727 0.71 0.745 0.74 0.76 0.735 0.767 0.747 0.75 0.745 0.737 0.757 0.742 0.772 0.757 0.775 0.782 0.77 0.75 0.735 0.73 0.707 0.752 0.792 0.807 0.81 0.842 0.832 0.807 0.8 0.827 0.882 0.925 0.902 0.845 0.795 0.752 2.99 6.567 7.14 6.685 2.807 0.805 0.805 0.772 0.78 1.965 2.749 0.743 0.629 0.518 0.519 1.439 0.618 0.963 3.601 3.332 2.885
0.255 0.502 0.387 0.342 0.397 0.565 0.622 0.665 0.705 0.73 0.762 0.752 0.702 0.67 0.692 0.692 0.712 0.707 0.715 0.722 0.752 0.732 0.73 0.762 0.737 0.73 0.715 0.765 0.775 0.765 0.78 0.79 0.785 0.79 0.765 0.722 0.725 0.73 0.745 0.782 0.792 0.787 0.802 0.917 0.845 0.807 0.812 0.855 0.887 0.875 0.837 0.835 0.78 0.732 4.082 6.875 7.09 3.76 0.942 0.807 0.807 0.792 0.741 0.916 0.683 0.604 0.515 0.53 0.579 0.507 0.576 1.234 3.455 2.429
0.71 0.375 0.507 0.372 0.472 0.582 0.637 0.685 0.697 0.705 0.7 0.687 0.715 0.662 0.7 0.732 0.71 0.68 0.715 0.732 0.707 0.702 0.747 0.75 0.74 0.715 0.707 0.745 0.747 0.757 0.787 0.777 0.747 0.76 0.757 0.72 0.707 0.707 0.702 0.747 0.755 0.745 0.777 0.827 0.847 0.832 0.815 0.87 0.882 0.9 0.872 0.835 0.782 0.702 1.36 5.987 4.48 3.942 1.705 0.805 0.78 0.755 0.756 0.782 0.844 0.81 0.744 0.548 0.491 0.439 0.465 0.783 1.152 1.215
0.83 0.412 0.34 0.415 0.55 0.607 0.647 0.672 0.675 0.672 0.687 0.692 0.722 0.712 0.712 0.71 0.695 0.687 0.672 0.672 0.69 0.697 0.73 0.747 0.75 0.732 0.715 0.715 0.725 0.74 0.752 0.765 0.762 0.73 0.717 0.687 0.682 0.675 0.707 0.712 0.745 0.752 0.75 0.772 0.892 0.857 0.872 0.882 0.877 0.867 0.847 0.845 0.765 0.695 0.677 2.23 3.537 3.825 3.475 0.785 0.752 0.707 0.721 0.907 1.167 1.298 1.155 0.563 0.413 0.327 0.531 1.178 1.018 0.421
1.222 0.47 0.35 0.47 0.565 0.605 0.642 0.637 0.657 0.647 0.662 0.73 0.742 0.725 0.717 0.692 0.695 0.68 0.66 0.675 0.707 0.72 0.725 0.76 0.747 0.732 0.72 0.7 0.71 0.705 0.74 0.737 0.74 0.695 0.662 0.67 0.7 0.677 0.702 0.712 0.762 0.742 0.752 0.75 0.785 0.905 0.887 0.87 0.86 0.827 0.795 0.775 0.722 0.727 0.67 0.967 3.395 3.635 3.89 2.645 0.731 0.667 0.679 1.045 1.721 1.881 1.77 0.834 0.41 0.403 1.371 2.008 0.661 0.273
0.99 0.362 0.382 0.482 0.557 0.592 0.627 0.625 0.642 0.657 0.675 0.715 0.717 0.73 0.707 0.702 0.685 0.667 0.657 0.69 0.715 0.735 0.75 0.76 0.76 0.742 0.697 0.715 0.712 0.73 0.72 0.71 0.71 0.675 0.65 0.657 0.697 0.7 0.68 0.687 0.725 0.74 0.752 0.765 0.767 0.85 0.877 0.827 0.81 0.782 0.752 0.75 0.707 0.737 0.727 0.71 2.067 3.517 3.737 3.166 0.98 0.646 0.651 1.031 1.501 1.589 1.118 0.805 0.391 0.413 1.682 1.199 0.532 0.15
0.325 0.35 0.445 0.512 0.59 0.607 0.635 0.637 0.625 0.625 0.645 0.667 0.702 0.707 0.705 0.675 0.677 0.642 0.647 0.67 0.695 0.74 0.757 0.797 0.792 0.755 0.725 0.73 0.717 0.715 0.682 0.682 0.695 0.652 0.645 0.657 0.692 0.677 0.672 0.72 0.747 0.742 0.742 0.792 0.795 0.782 0.84 0.822 0.792 0.785 0.735 0.74 0.745 0.75 0.807 0.762 0.705 3.072 3.625 3.855 1.789 0.659 0.656 0.811 1.114 0.797 0.725 0.618 0.502 0.422 0.418 0.512 0.221 0.137
0.332 0.397 0.487 0.545 0.612 0.665 0.662 0.637 0.622 0.635 0.665 0.695 0.717 0.745 0.732 0.687 0.667 0.662 0.692 0.72 0.717 0.715 0.747 0.775 0.777 0.762 0.76 0.732 0.72 0.7 0.657 0.647 0.65 0.675 0.645 0.665 0.662 0.69 0.697 0.717 0.742 0.75 0.777 0.805 0.785 0.747 0.745 0.87 0.8 0.78 0.73 0.707 0.745 0.747 0.712 0.585 0.577 1.1 3.347 1.934 0.688 0.599 0.593 0.645 0.641 0.598 0.545 0.518 0.513 0.465 0.315 0.206 0.146 0.11
0.425 0.462 0.545 0.625 0.657 0.68 0.662 0.612 0.632 0.635 0.67 0.697 0.707 0.742 0.735 0.712 0.687 0.665 0.677 0.71 0.715 0.705 0.717 0.725 0.75 0.78 0.782 0.742 0.727 0.695 0.66 0.63 0.665 0.702 0.65 0.667 0.677 0.725 0.72 0.752 0.76 0.78 0.765 0.78 0.792 0.755 0.737 0.797 0.822 0.807 0.737 0.82 0.657 0.565 0.535 0.892 0.652 0.544 0.691 0.521 0.54 0.555 0.546 0.525 0.542 0.53 0.54 0.531 0.502 0.371 0.208 0.097 0.058 0.023
0.5 0.56 0.64 0.665 0.675 0.662 0.642 0.64 0.657 0.65 0.66 0.722 0.745 0.762 0.73 0.737 0.735 0.677 0.66 0.685 0.727 0.725 0.732 0.737 0.752 0.785 0.787 0.765 0.717 0.69 0.635 0.635 0.657 0.68 0.69 0.715 0.735 0.755 0.767 0.755 0.812 0.805 0.77 0.807 0.8 0.805 0.755 0.74 0.81 0.8 0.805 0.665 0.53 0.562 0.77 0.932 0.545 0.529 0.552 0.562 0.56 0.552 0.518 0.485 0.496 0.528 0.496 0.501 0.451 0.233 0.156 0.062 0.027 0.063
0.57 0.64 0.702 0.712 0.682 0.642 0.645 0.692 0.692 0.65 0.677 0.725 0.75 0.765 0.75 0.762 0.765 0.722 0.69 0.697 0.717 0.757 0.747 0.76 0.78 0.81 0.795 0.77 0.72 0.685 0.642 0.64 0.665 0.725 0.76 0.772 0.777 0.807 0.825 0.847 0.852 0.84 0.777 0.812 0.772 0.755 0.747 0.697 0.727 0.747 0.597 0.515 0.765 0.612 1.047 0.907 0.61 0.729 0.73 0.599 0.576 0.566 0.507 0.513 0.496 0.541 0.461 0.44 0.365 0.299 0.21 0.071 0.006 -0.011
0.645 0.702 0.74 0.747 0.727 0.692 0.707 0.75 0.727 0.67 0.67 0.755 0.775 0.797 0.777 0.78 0.792 0.742 0.72 0.702 0.737 0.745 0.765 0.777 0.787 0.792 0.79 0.757 0.75 0.72 0.685 0.707 0.747 0.8 0.815 0.82 0.817 0.855 0.872 0.907 0.912 0.887 0.832 0.767 0.732 0.732 0.707 0.672 0.65 0.61 0.527 0.325 0.145 0.6 0.757 0.732 0.623 0.756 0.839 0.614 0.563 0.593 0.535 0.5 0.518 0.557 0.505 0.44 0.392 0.346 0.29 0.156 -0.014 -0.041
0.622 0.672 0.695 0.745 0.747 0.755 0.772 0.77 0.745 0.685 0.682 0.787 0.81 0.835 0.837 0.847 0.852 0.822 0.765 0.737 0.762 0.772 0.772 0.795 0.78 0.81 0.812 0.81 0.775 0.737 0.752 0.757 0.815 0.832 0.847 0.847 0.877 0.855 0.91 0.917 0.922 0.897 0.812 0.715 0.697 0.68 0.715 0.692 0.652 0.592 0.605 0.285 0.527 0.757 0.88 0.61 0.65 0.663 0.626 0.571 0.574 0.607 0.541 0.513 0.528 0.531 0.544 0.494 0.444 0.37 0.274 0.173 0.009 -0.025
0.647 0.652 0.707 0.712 0.765 0.782 0.775 0.78 0.742 0.71 0.722 0.772 0.825 0.877 0.882 0.895 0.907 0.865 0.845 0.825 0.802 0.812 0.795 0.797 0.84 0.832 0.847 0.822 0.835 0.862 0.82 0.805 0.822 0.842 0.86 0.88 0.855 0.847 0.897 0.89 0.885 0.852 0.82 0.74 0.697 0.65 0.69 0.632 1.24 0.77 1.192 0.785 0.942 1.695 1.372 0.64 0.639 0.589 0.548 0.574 0.597 0.593 0.537 0.473 0.48 0.479 0.523 0.528 0.506 0.413 0.268 0.09 -0.045 0.032
0.652 0.672 0.697 0.72 0.76 0.785 0.802 0.79 0.777 0.73 0.73 0.79 0.825 0.887 0.892 0.905 0.93 0.902 0.85 0.832 0.817 0.837 0.805 0.81 0.85 0.87 0.875 0.847 0.89 0.9 0.865 0.847 0.84 0.847 0.87 0.885 0.885 0.87 0.847 0.857 0.83 0.8 0.79 0.717 0.65 0.632 0.625 0.609 0.55 0.896 0.609 0.673 0.958 2.155 1 0.618 0.615 0.584 0.563 0.578 0.567 0.6 0.519 0.443 0.475 0.527 0.538 0.543 0.491 0.412 0.321 -0.002 -0.056 0.284
0.642 0.67 0.652 0.697 0.735 0.782 0.787 0.785 0.75 0.735 0.762 0.777 0.815 0.885 0.892 0.91 0.912 0.897 0.857 0.837 0.845 0.847 0.82 0.827 0.86 0.86 0.872 0.867 0.895 0.89 0.897 0.85 0.83 0.852 0.827 0.827 0.87 0.857 0.802 0.762 0.722 0.717 0.695 0.67 0.622 0.607 0.492 0.327 0.512 0.584 1.012 1.017 0.916 1.048 0.69 0.596 0.589 0.577 0.56 0.524 0.52 0.52 0.39 0.387 0.452 0.534 0.535 0.561 0.483 0.436 0.182 -0.052 -0.182 0.264
0.677 0.65 0.657 0.71 0.75 0.755 0.752 0.772 0.757 0.765 0.78 0.787 0.795 0.827 0.86 0.87 0.927 0.907 0.867 0.867 0.875 0.852 0.847 0.832 0.842 0.847 0.862 0.865 0.877 0.897 0.917 0.86 0.832 0.827 0.795 0.795 0.835 0.807 0.742 0.685 0.637 0.64 0.622 0.599 0.59 0.546 0.34 0.07 0.425 0.507 1.242 1.037 0.779 0.629 0.62 0.578 0.568 0.544 0.468 0.43 0.374 0.305 0.19 0.186 0.311 0.439 0.502 0.549 0.481 0.431 0.302 0.167 0.064 0.254
0.662 0.622 0.635 0.672 0.725 0.747 0.73 0.717 0.717 0.737 0.795 0.807 0.805 0.807 0.867 0.887 0.907 0.87 0.89 0.885 0.847 0.88 0.867 0.83 0.805 0.825 0.867 0.86 0.84 0.89 0.895 0.862 0.827 0.792 0.792 0.797 0.777 0.745 0.692 0.625 0.57 0.553 0.557 0.523 0.487 0.41 0.198 0.138 0.762 1.337 0.792 0.771 0.621 0.61 0.571 0.569 0.546 0.418 0.363 0.386 0.503 0.416 0.199 0.179 0.255 0.342 0.461 0.542 0.494 0.464 0.4 0.358 -9999 0.229
0.677 0.657 0.637 0.635 0.692 0.732 0.73 0.71 0.695 0.747 0.782 0.82 0.822 0.815 0.852 0.907 0.885 0.892 0.895 0.882 0.88 0.877 0.86 0.847 0.807 0.845 0.877 0.88 0.857 0.887 0.885 0.88 0.832 0.807 0.777 0.747 0.712 0.65 0.647 0.56 0.521 0.516 0.512 0.466 0.401 0.291 0.132 1.178 1.588 2.384 1.039 0.629 0.592 0.539 0.52 0.561 0.423 0.316 0.594 0.65 0.422 0.44 0.478 0.24 0.145 0.32 0.421 0.515 0.505 0.503 0.449 0.465 -9999 -9999
0.69 0.67 0.65 0.637 0.7 0.747 0.732 0.705 0.727 0.765 0.762 0.795 0.82 0.817 0.852 0.88 0.9 0.902 0.89 0.88 0.877 0.875 0.87 0.857 0.85 0.887 0.885 0.9 0.865 0.887 0.892 0.885 0.865 0.822 0.757 0.68 0.64 0.617 0.585 0.536 0.528 0.493 0.462 0.384 0.286 0.183 0.184 0.945 2.137 1.312 0.704 0.597 0.543 0.482 0.45 0.337 0.318 0.495 0.723 0.504 0.296 0.395 0.589 0.553 0.464 0.383 0.399 0.429 0.435 0.583 0.593 0.55 0.511 -9999
