All_lidar/sz6390_DSM_2M.asc
ncols 500
nrows 500
xllcorner    463000
yllcorner    90000
cellsize     2
NODATA_value -9999
[rows 396 to 428 of 500, columns 219 to 291 of 500]
22.717 22.457 22.029 21.624 20.424 21.002 19.457 19.379 18.404 17.929 17.722 17.779 17.477 17.149 16.997 16.577 16.372 18.417 26.557 26.899 23.399 12.839 10.547 9.942 8.543 6.906 5.978 3.993 3.045 2.724 2.576 2.474 2.387 2.167 1.991 1.815 1.693 1.626 1.557 1.434 1.359 1.279 1.204 1.092 1.048 0.983 0.967 0.852 0.701 0.665 0.568 0.526 0.407 0.451 0.406 0.427 0.439 0.501 0.502 0.587 0.642 0.726 0.793 0.879 0.947 1.044 1.189 1.344 1.336 1.336 1.36 1.381 1.399
22.307 22.222 21.622 21.144 20.459 19.504 19.207 20.859 19.114 17.904 17.764 17.844 17.682 17.279 16.934 16.687 16.319 17.514 25.417 27.842 23.132 12.897 11.839 10.907 8.692 7.585 6.054 4.613 3.125 2.774 2.623 2.499 2.386 2.199 1.979 1.811 1.703 1.615 1.556 1.491 1.41 1.332 1.275 1.14 1.099 0.979 0.964 0.896 0.784 0.676 0.615 0.582 0.385 0.441 0.428 0.415 0.43 0.447 0.466 0.566 0.607 0.648 0.709 0.845 1.016 1.184 1.362 1.552 1.544 1.525 1.491 1.465 1.476
22.184 21.754 21.322 21.039 20.977 19.619 18.989 18.407 18.347 17.927 18.184 17.724 17.984 17.577 16.837 16.574 16.189 16.117 18.682 25.774 20.909 13.669 12.122 10.659 9.122 7.911 7.259 5.204 4.113 3.111 2.656 2.498 2.389 2.221 2.041 1.892 1.743 1.689 1.556 1.501 1.403 1.335 1.277 1.224 1.061 1.036 0.951 0.902 0.753 0.696 0.61 0.474 0.473 0.44 0.426 0.414 0.372 0.39 0.45 0.502 0.569 0.657 0.786 0.896 1.032 1.208 1.392 1.563 1.573 1.578 1.588 1.601 1.524
22.019 21.492 21.174 20.792 21.394 21.244 19.042 18.517 17.982 17.909 17.897 18.067 18.509 17.719 16.652 16.264 16.037 15.947 16.069 21.904 16.497 13.732 12.779 11.899 9.415 8.104 8.243 5.642 4.976 3.673 2.687 2.528 2.384 2.231 2.092 1.947 1.806 1.821 1.621 1.552 1.49 1.379 1.326 1.192 1.128 1.058 1.006 0.988 0.866 0.808 0.719 0.491 0.447 0.401 0.366 0.418 0.386 0.41 0.463 0.508 0.572 0.681 0.799 0.911 1.055 1.234 1.412 1.575 1.614 1.601 1.593 1.671 1.515
21.652 21.602 21.089 20.662 19.822 19.167 19.252 18.324 17.857 18.337 19.604 18.504 18.232 17.794 17.392 23.299 16.862 16.127 15.929 15.137 14.412 13.282 12.537 10.434 9.402 8.795 7.934 6.789 7.228 4.424 2.905 2.528 2.382 2.261 2.124 2.036 1.874 2.025 1.655 1.5 1.44 1.401 1.304 1.221 1.151 1.105 1 0.918 0.856 0.73 0.658 0.534 0.463 0.401 0.459 0.386 0.426 0.434 0.539 0.526 0.584 0.671 0.771 -0.782 -0.969 1.19 1.329 1.421 1.612 1.605 1.508 1.521 1.292
21.827 21.767 21.377 21.162 19.859 19.442 18.847 18.332 17.859 17.994 17.937 18.527 18.027 16.994 20.074 29.519 19.512 15.939 15.494 15.319 15.064 13.512 13.369 11.939 11.097 9.521 9.222 8.659 8.764 8.245 3.21 2.584 2.374 2.276 2.16 2.025 1.881 1.894 1.736 1.574 1.492 1.468 1.321 1.227 1.184 1.074 1.022 0.96 0.877 0.731 0.659 0.638 0.458 0.474 0.499 0.407 0.439 0.472 0.481 0.489 0.562 0.627 0.72 0.83 0.897 1.044 1.213 1.397 1.6 1.663 1.605 1.533 1.507
21.992 21.557 21.214 20.239 19.299 19.014 18.634 18.589 18.124 17.974 17.919 17.869 17.632 17.617 16.412 22.479 18.714 16.207 15.527 15.067 14.892 14.172 13.722 13.342 11.774 10.716 10.156 9.255 11.425 10.855 4.377 2.977 2.421 2.271 2.171 2.022 1.919 1.765 1.689 1.617 1.48 1.416 1.329 1.233 1.24 1.034 1.055 0.981 0.887 0.798 0.665 0.667 0.49 0.441 0.447 0.439 0.401 0.467 0.477 0.506 0.582 0.617 0.683 0.755 0.837 0.964 1.172 1.383 1.651 1.629 1.565 1.516 1.523
21.649 21.769 20.874 20.184 19.572 18.919 18.514 18.242 18.409 17.949 17.834 17.967 17.669 17.237 16.449 17.719 16.614 15.959 15.794 16.059 15.147 14.187 13.769 13.487 12.359 11.729 10.899 11.686 13.776 10.205 5.523 3.24 2.434 2.333 2.236 2.074 1.896 1.761 1.764 1.647 1.51 1.41 1.338 1.262 1.165 1.109 1.066 1.006 0.903 0.824 0.704 0.595 0.518 0.539 0.434 0.457 0.438 0.437 0.467 0.505 0.536 0.61 0.667 0.771 0.843 0.938 1.123 1.359 1.508 1.647 1.615 1.631 1.559
22.047 22.272 23.092 19.977 19.622 18.917 18.694 18.739 18.364 17.912 17.924 18.389 17.859 17.317 16.627 16.474 16.352 16.237 16.762 16.434 15.034 14.792 14.107 13.437 13.014 12.32 11.476 11.233 12.212 8.143 6.058 3.729 2.575 2.43 2.261 2.094 1.957 1.825 1.686 1.638 1.521 1.423 1.332 1.282 1.195 1.138 1.07 0.987 0.982 0.826 0.751 0.681 0.542 0.446 0.436 0.388 0.435 0.434 0.45 0.476 0.541 0.606 0.688 0.786 0.864 0.896 1.024 1.245 1.492 1.662 1.599 1.619 1.576
21.719 21.267 20.514 19.687 19.377 18.859 20.077 19.972 18.372 18.172 18.224 18.704 18.697 17.657 17.219 16.739 16.457 16.907 16.282 15.592 15.414 14.407 13.992 13.727 13.389 12.797 11.874 11.224 8.971 8.217 5.608 3.77 2.91 2.499 2.31 2.156 1.955 1.857 1.737 1.701 1.547 1.459 1.381 1.348 1.234 1.142 1.103 1.007 0.969 0.889 0.731 0.675 0.565 0.52 0.483 0.469 0.417 0.41 0.439 0.483 0.518 0.588 0.655 0.725 0.796 0.869 1.031 1.267 1.52 1.73 1.646 1.601 1.579
21.289 20.609 19.962 19.749 19.669 18.884 18.884 19.147 19.134 18.697 18.274 18.339 18.262 17.767 17.559 17.134 17.187 17.344 16.742 16.224 15.434 14.764 14.484 14.107 13.872 12.817 11.62 9.836 7.691 5.766 4.841 3.832 3.201 2.605 2.39 2.157 2.015 1.884 1.747 1.63 1.55 1.462 1.384 1.326 1.238 1.123 1.096 1.046 0.961 0.834 0.823 0.687 0.597 0.49 0.477 0.443 0.458 0.428 0.438 -0.182 0.478 0.511 0.6 0.686 0.795 0.923 1.056 1.232 1.406 1.501 1.641 1.592 1.567
21.567 20.352 19.714 20.412 19.814 18.974 18.999 19.122 20.084 19.672 18.257 18.409 18.287 17.852 17.362 16.742 16.422 16.692 16.642 17.794 16.279 15.244 15.097 14.524 14.512 12.879 11.759 9.54 9.135 7.376 5.446 4.591 3.365 2.571 2.394 2.185 2.02 1.915 1.788 1.695 1.599 1.525 1.426 1.346 1.248 1.182 1.097 1.063 0.964 0.893 0.807 0.712 0.639 0.574 0.452 0.425 0.448 0.411 0.422 0.435 0.466 0.468 0.548 0.635 0.747 0.833 0.986 1.134 1.161 1.383 1.464 1.597 1.591
21.634 20.934 21.072 19.887 21.292 20.429 20.119 19.182 18.937 18.689 19.032 18.652 20.019 18.264 17.559 16.809 16.394 16.674 17.122 16.679 16.597 15.137 14.687 14.764 14.562 13.359 12.288 11.618 9.988 7.866 6.103 5.472 3.959 2.616 2.403 2.249 2.064 1.947 1.799 1.658 1.645 1.517 1.402 1.342 1.225 1.209 1.146 1.017 0.982 0.915 0.851 0.728 0.651 0.536 0.478 0.477 0.463 0.44 0.435 0.427 0.441 0.449 0.502 0.577 0.631 0.733 0.917 1.092 1.148 1.403 1.596 1.603 1.636
21.437 21.009 21.567 20.324 20.454 21.017 19.474 20.299 21.244 18.954 18.964 18.207 18.347 18.624 17.302 16.474 16.639 18.292 16.547 16.212 16.324 15.332 15.392 14.734 14.012 13.934 12.638 10.349 9.582 7.636 6.334 5.314 4.521 3.663 2.503 2.298 2.121 1.963 1.83 1.731 1.684 1.554 1.487 1.324 1.342 1.188 1.139 1.069 0.984 0.954 0.886 0.794 0.689 0.599 0.494 0.388 0.4 0.425 0.386 0.422 0.445 0.422 0.471 0.528 0.604 0.714 0.823 1.013 1.14 1.274 1.325 1.557 1.601
21.312 20.509 19.814 19.574 19.269 19.564 19.189 20.329 21.429 19.379 19.297 18.229 18.082 17.794 18.064 16.422 16.359 16.739 17.392 17.177 15.949 15.639 15.887 14.417 14.712 14.712 14.987 11.346 9.933 8.468 6.495 5.725 5.23 4.917 2.787 2.328 2.095 1.97 1.839 1.744 1.639 1.585 1.467 1.396 1.289 1.239 1.135 1.152 1.044 1.01 0.914 0.788 0.7 0.69 0.632 0.427 0.435 0.472 0.408 0.412 0.425 0.415 0.467 0.535 0.614 0.674 0.78 0.94 1.027 1.097 1.244 1.449 1.517
21.414 20.484 20.064 20.714 20.537 19.694 19.469 20.082 19.562 18.537 19.717 18.537 18.472 17.692 16.892 16.417 16.327 16.547 16.542 16.807 17.127 15.557 15.737 15.967 17.204 16.567 13.924 11.869 10.472 9.084 7.28 6.312 5.007 4.702 3.494 2.415 2.291 2.054 1.873 1.797 1.703 1.567 1.475 1.442 1.296 1.23 1.141 1.145 1.035 0.984 0.917 0.837 0.739 0.63 0.55 0.508 0.429 0.419 0.415 0.426 0.451 0.426 0.453 0.509 0.587 0.617 0.715 0.856 0.96 1.08 1.22 1.436 1.477
21.677 21.287 20.129 20.129 19.737 19.262 18.972 18.984 18.932 18.429 19.552 19.902 18.214 17.497 17.097 16.574 16.477 16.162 16.554 16.544 16.682 15.679 15.334 14.717 15.594 15.719 13.772 12.418 10.228 9.497 7.896 6.747 5.804 5.13 4.131 2.572 2.206 2.097 1.918 1.867 1.721 1.655 1.594 1.444 1.417 1.357 1.26 1.131 1.031 1.013 0.89 0.881 0.735 0.672 0.566 0.475 0.412 0.418 0.387 0.452 0.433 0.45 0.456 0.498 0.565 0.603 0.686 0.821 0.932 1.05 1.125 1.264 1.516
22.679 22.967 20.824 20.122 19.702 19.232 18.944 18.817 19.082 18.827 19.189 19.099 18.204 17.482 16.967 16.532 16.537 16.189 16.074 15.557 15.542 15.402 15.244 15.079 14.542 14.099 13.507 12.739 11.406 9.847 8.68 7.739 6.48 4.877 3.69 2.66 2.319 2.091 1.969 1.849 1.722 1.597 1.589 1.41 1.308 1.276 1.22 1.159 1.055 1.021 0.915 0.858 0.794 0.694 0.591 0.561 0.452 0.443 0.408 0.375 0.382 0.442 0.449 0.554 0.578 0.609 0.617 0.78 0.862 1.016 1.065 1.255 1.48
22.359 22.147 20.777 20.427 19.502 19.214 19.114 19.717 19.237 18.809 18.324 18.159 17.932 17.604 17.039 16.507 17.047 17.069 18.447 15.209 15.319 15.069 14.874 14.794 14.612 14.254 13.482 13.692 12.348 11.401 9.721 8.55 7.362 5.802 4.934 3.246 2.352 2.151 1.967 1.859 1.789 1.669 1.562 1.434 1.395 1.32 1.253 1.15 1.083 1.043 0.969 0.901 0.91 0.715 0.637 0.562 0.503 0.431 0.448 0.373 0.399 0.419 0.467 0.532 0.559 0.602 0.606 0.735 0.835 0.893 1.001 1.236 1.33
22.447 21.752 21.449 22.119 19.697 20.017 19.189 19.094 19.052 18.809 19.294 18.782 18.034 17.957 16.982 16.412 15.912 15.662 15.392 14.964 15.099 14.727 14.624 14.274 14.277 14.012 13.389 13.249 12.774 11.901 10.974 9.702 8.742 6.703 5.134 3.116 2.497 2.213 2.02 1.925 1.815 1.695 1.627 1.544 1.618 1.361 1.22 1.15 1.09 0.98 0.999 0.927 0.84 0.747 0.63 0.584 0.555 0.398 0.406 0.366 0.404 0.415 0.479 0.505 0.54 0.55 0.604 0.726 0.807 0.892 1.068 1.199 1.361
22.557 23.634 21.202 20.529 20.087 19.867 19.407 20.557 21.304 21.112 21.669 18.412 17.847 17.364 16.899 16.539 15.972 15.384 15.074 14.669 14.514 14.494 14.317 14.122 14.009 14.349 14.254 13.702 12.872 12.272 11.251 10.34 9.669 7.284 8.209 4.264 2.975 2.331 2.138 1.929 1.822 1.739 1.598 1.548 1.52 1.407 1.301 1.218 1.095 1.072 0.994 0.929 0.899 0.847 0.692 0.628 0.49 0.423 0.408 0.436 0.379 0.376 0.413 0.445 0.524 0.567 0.608 0.674 0.692 0.836 1.039 1.211 1.37
22.142 23.842 22.504 22.127 20.294 20.109 20.259 19.852 21.704 19.672 18.787 18.177 17.657 17.357 17.017 16.624 16.389 16.052 15.642 15.004 14.662 14.424 14.294 14.114 14.594 15.179 14.812 13.884 13.137 12.429 12.333 10.837 10.378 8.446 9.437 7.176 4.79 2.561 2.21 2.142 1.936 1.748 1.628 1.607 1.494 1.563 1.289 1.213 1.108 1.096 1.024 0.942 0.92 0.823 0.775 0.681 0.572 0.454 0.428 0.378 0.386 0.397 0.376 0.4 0.445 0.509 0.617 0.632 0.691 0.83 1.003 1.163 1.313
22.147 22.472 21.837 20.769 20.409 20.532 19.562 19.407 19.537 19.777 18.999 18.264 17.822 17.582 17.142 16.804 16.704 16.527 15.739 15.189 14.737 14.609 14.664 14.789 14.447 14.292 15.097 14.402 14.307 14.649 14.6 13.279 10.801 7.511 5.861 5.15 4.241 2.716 2.255 2.032 1.909 1.97 1.727 1.64 1.499 1.446 1.393 1.301 1.16 1.07 1.062 1.003 0.906 0.831 0.732 0.639 0.597 0.464 0.426 0.411 0.385 0.378 0.41 0.453 0.47 0.506 0.557 0.637 0.735 0.827 0.963 1.085 1.224
22.342 24.859 21.804 20.724 21.032 20.079 19.682 19.747 19.622 19.554 19.219 18.777 18.259 17.687 17.367 17.039 17.199 16.727 15.839 15.202 14.857 14.719 14.687 14.569 14.299 14.337 15.042 14.432 14.987 16.267 15.607 14.145 11.089 8.347 6.48 5.03 4.629 2.916 2.353 2.136 1.975 1.847 1.766 1.772 1.552 1.44 1.676 1.283 1.206 1.184 1.048 1.02 0.899 0.906 0.799 0.648 0.524 0.508 0.393 0.363 0.361 0.38 0.376 0.469 0.423 0.523 0.533 0.6 0.679 0.772 0.895 1.043 1.226
22.002 23.079 21.557 21.254 20.584 20.389 19.874 20.152 19.822 19.547 19.414 19.094 18.682 17.994 17.539 17.377 16.887 16.399 15.929 22.107 23.454 15.594 14.697 14.579 14.349 14.292 14.734 14.754 14.837 16.384 14.964 13.894 11.118 9.909 8.584 5.619 5.332 2.95 2.495 2.217 2.067 1.897 1.8 1.764 1.608 1.462 1.538 1.303 1.254 1.163 1.103 0.985 0.948 0.922 0.794 0.672 0.64 0.565 0.434 0.445 0.401 0.416 0.425 0.468 0.462 0.46 0.52 0.572 0.629 -0.895 0.831 0.959 1.057
22.727 26.222 21.874 20.724 20.919 21.089 21.132 19.689 19.557 19.554 19.477 19.292 18.852 18.344 17.959 17.572 17.074 16.464 22.404 27.869 20.254 19.394 14.669 14.784 14.754 14.469 16.274 16.252 14.927 14.344 12.939 12.704 11.472 10.92 8.408 6.694 4.602 3.431 2.634 2.309 2.111 1.937 1.849 1.74 1.691 1.572 1.36 1.522 1.301 1.206 1.134 1.046 0.991 0.874 0.783 0.79 0.658 0.577 0.474 0.416 0.404 0.483 0.404 0.432 0.444 0.457 0.432 0.54 0.61 -0.794 0.742 0.869 0.906
22.862 22.794 21.622 21.012 20.772 20.209 19.937 19.754 19.642 19.659 19.669 19.392 19.124 18.737 18.394 17.839 17.279 16.579 19.012 23.929 22.372 16.394 14.689 14.739 14.479 14.439 14.967 14.674 15.327 14.012 13.377 12.489 11.892 11.036 10.107 9.898 6.369 4.473 2.84 2.405 2.18 2.045 1.844 1.788 1.647 1.589 1.44 1.481 1.382 1.297 1.228 1.045 1.015 0.891 0.827 0.816 0.699 0.602 0.481 0.454 0.391 0.367 0.377 0.386 0.409 0.431 0.461 0.508 0.543 0.593 0.689 0.777 0.771
22.592 22.314 21.592 21.489 20.444 19.707 19.707 20.047 19.639 19.842 19.727 19.522 19.247 18.974 18.487 17.967 23.564 16.982 17.669 19.309 19.902 16.647 14.817 14.797 14.687 14.609 15.317 14.137 13.722 13.849 13.392 12.704 12.344 10.853 10.624 9.777 7.765 5.638 3.241 2.552 2.241 2.1 1.903 1.805 1.754 1.618 1.514 1.434 1.401 1.373 1.294 1.178 1.137 0.936 0.877 0.826 0.712 0.613 0.598 0.465 0.428 0.356 0.388 0.369 0.427 0.435 0.437 0.482 0.523 0.516 0.587 0.636 0.613
22.842 22.282 21.982 21.897 20.724 19.807 19.792 19.759 19.724 19.797 19.737 19.537 19.342 18.917 18.577 18.192 17.737 17.014 16.557 16.024 15.957 15.457 15.069 14.914 15.077 14.839 14.947 14.342 14.072 14.132 13.527 13.059 12.144 11.627 11.012 10.287 8.091 6.163 3.947 2.81 2.312 2.08 1.956 1.826 1.73 1.655 1.592 1.516 1.471 1.388 1.277 1.191 1.036 1.015 0.861 0.848 0.733 0.608 0.562 0.538 0.405 0.395 0.379 0.485 0.394 0.395 0.452 0.507 0.504 0.51 0.528 0.485 0.446
22.359 22.072 21.637 21.432 20.512 20.032 19.924 19.762 19.892 19.972 19.724 19.512 19.437 19.147 18.627 18.284 18.504 19.564 16.732 15.922 15.707 15.522 15.294 15.222 15.364 15.202 15.329 14.289 14.992 14.587 14.097 13.379 12.847 11.917 11.374 10.509 7.458 6.072 5.024 3.486 2.659 2.264 2.031 1.901 1.737 1.683 1.591 1.547 1.443 1.409 1.323 1.134 1.126 0.987 0.903 0.837 0.741 0.713 0.577 0.539 0.435 0.362 0.359 0.34 0.367 0.4 0.409 0.451 0.433 0.436 0.382 0.36 0.342
22.504 22.104 21.697 21.117 20.392 20.312 19.917 19.894 20.012 19.997 19.824 19.677 19.854 19.247 18.814 18.394 18.567 30.142 20.292 16.177 15.502 15.402 15.244 15.602 15.347 14.997 15.289 14.884 14.589 14.987 14.032 13.507 13.587 12.832 11.189 9.45 7.524 6.505 5.167 4.669 3.461 2.539 2.118 1.928 1.747 1.708 1.632 1.585 1.468 1.403 1.321 1.228 1.073 1.042 0.96 0.856 0.801 0.722 0.641 0.572 0.524 0.468 0.368 0.358 0.375 0.423 0.396 0.426 0.401 0.384 0.294 0.243 0.241
22.644 22.109 21.827 21.084 20.379 20.079 19.807 19.892 20.202 20.069 19.862 19.677 19.882 19.317 18.869 18.482 18.024 22.797 26.654 16.287 15.804 15.574 15.329 15.027 15.019 14.874 14.577 15.197 14.394 14.512 14.029 13.517 14.147 12.392 10.769 9.727 8.552 7.434 5.82 5.183 3.865 2.771 2.235 2.009 1.814 1.707 1.661 1.627 1.501 1.463 1.325 1.246 1.147 1.059 0.985 0.894 0.813 0.734 0.657 0.648 0.507 0.419 0.389 0.334 0.348 0.371 0.393 0.437 0.338 0.296 0.228 0.169 0.157
22.429 21.889 21.539 21.004 20.479 20.354 19.967 19.994 20.224 20.299 19.877 19.692 19.602 19.327 19.004 18.534 19.554 20.862 18.564 16.579 16.294 15.957 15.597 15.239 16.074 14.802 15.049 14.469 14.219 14.684 14.869 14.479 13.352 12.952 11.952 10.502 9.706 7.809 6.553 5.735 4.24 2.981 2.342 2.087 1.879 1.767 1.677 1.657 1.557 1.415 1.411 1.304 1.159 1.052 0.987 0.911 0.861 0.784 0.626 0.606 0.57 0.474 0.413 0.354 0.316 0.345 0.355 0.334 0.326 0.269 0.227 0.135 0.121
