All_lidar/sz6391_DSM_2M.asc
ncols 500
nrows 500
xllcorner    463000
yllcorner    91000
cellsize     2
NODATA_value -9999
[rows 374 to 407 of 500, columns 76 to 151 of 500]
-0.969 -1.08 -1.338 -1.416 -1.633 -1.62 -1.686 -1.582 -2.002 -2.062 -2.012 -1.918 -2.014 -1.99 -1.985 -1.988 -2.063 -2.107 -1.869 -1.827 -1.797 -2.01 -2.038 -2.032 -2.037 -2.104 -2.035 -2.077 -2.101 -2.079 -1.923 -1.953 -2.02 -2.141 -1.752 -1.518 -1.254 -1.555 -1.745 -2.109 -1.708 -1.633 -1.549 -1.419 -1.104 -1.128 -1.178 -1.145 -1.108 -1.052 -0.873 -0.671 -0.45 -0.259 -0.09 0.178 0.466 0.666 0.993 1.231 1.494 1.698 1.883 1.903 1.923 1.958 1.945 1.898 1.898 1.848 1.9 1.89 1.85 1.798 1.848 1.79
-0.82 -1.173 -1.314 -1.55 -1.631 -1.773 -1.605 -1.596 -1.832 -2.08 -2.012 -1.913 -2.064 -1.975 -2.052 -2.03 -2.067 -2.13 -1.834 -1.726 -1.631 -1.796 -2.062 -2.025 -2.025 -2.055 -1.982 -2.054 -2.059 -2.02 -2.203 -1.997 -2.052 -1.99 -1.769 -1.618 -1.502 -1.46 -1.705 -2.007 -1.941 -1.932 -1.592 -1.465 -1.14 -0.932 -0.906 -0.866 -0.856 -0.752 -0.688 -0.468 -0.342 -0.14 0.058 0.286 0.554 0.841 1.093 1.327 1.66 1.823 1.91 1.898 1.905 1.898 1.873 1.855 1.843 1.8 1.835 1.865 1.82 1.78 1.813 1.835
-0.888 -1.179 -1.477 -1.835 -1.915 -2.035 -1.896 -1.63 -1.681 -1.803 -1.982 -1.983 -2.062 -2.01 -2.022 -2.015 -2.045 -1.711 -2.055 -2.025 -1.743 -1.806 -2.12 -2.169 -2.015 -2.022 -2.122 -1.993 -2.067 -1.995 -2.082 -2.02 -1.98 -2.05 -1.676 -1.506 -1.576 -1.745 -1.79 -2.089 -1.983 -1.935 -1.693 -1.393 -1.097 -0.844 -0.626 -0.666 -0.617 -0.598 -0.466 -0.285 -0.152 0.027 0.279 0.398 0.601 0.919 1.191 1.477 1.672 1.922 1.943 1.895 1.885 1.823 1.77 1.853 1.82 1.933 1.903 1.955 1.823 1.81 1.86 1.893
-0.924 -1.298 -1.531 -1.618 -1.905 -1.718 -1.672 -1.578 -1.501 -1.753 -1.98 -2.064 -2 -2.057 -2.11 -2.062 -2.179 -1.903 -1.86 -2.097 -1.784 -1.728 -2.027 -2.047 -2.057 -1.99 -2.01 -2.083 -2.151 -1.948 -2.012 -2.042 -1.995 -1.993 -1.765 -1.556 -1.799 -2.126 -2.052 -2.146 -2.023 -1.975 -1.672 -1.392 -1.128 -0.82 -0.566 -0.372 -0.368 -0.313 -0.211 -0.083 0.029 0.204 0.406 0.585 0.815 1.085 1.273 1.607 1.799 1.935 1.878 1.903 1.973 1.875 1.915 1.89 1.903 1.965 1.955 1.973 1.855 1.84 1.86 1.865
-1.072 -1.088 -1.248 -1.501 -1.665 -1.718 -1.737 -1.748 -1.76 -1.779 -2.023 -2.07 -2.137 -2.094 -2.102 -2.055 -2.08 -2.068 -1.7 -1.774 -1.785 -1.755 -2.035 -2.1 -1.96 -2.02 -2 -2.152 -1.975 -1.988 -2.141 -2.067 -1.983 -2.01 -1.785 -1.508 -1.76 -2.167 -2.008 -2.127 -2.003 -1.789 -1.613 -1.398 -1.061 -0.85 -0.589 -0.358 -0.087 -0.056 0.002 0.173 0.27 0.445 0.595 0.799 0.952 1.188 1.443 1.667 1.889 1.91 1.853 1.828 1.87 1.94 2.015 2.068 2.028 2.028 1.975 1.908 1.848 1.855 1.835 1.78
-1.178 -0.986 -1.196 -1.568 -1.623 -1.915 -1.987 -2.02 -1.993 -2.043 -2.043 -2.057 -1.998 -1.729 -2.05 -2.145 -2.06 -2.003 -2.078 -2.035 -1.935 -2.02 -1.936 -2.05 -2.157 -2.082 -2.03 -1.861 -1.809 -1.978 -2.089 -2.013 -2.033 -1.716 -1.663 -1.728 -1.783 -2.109 -2.119 -2.036 -1.76 -1.759 -1.611 -1.462 -1.136 -0.886 -0.668 -0.438 -0.178 0.025 0.281 0.385 0.526 0.646 0.811 0.888 1.134 1.343 1.53 1.742 1.875 1.935 1.958 1.913 1.933 1.995 2.07 2.088 2.07 2.02 2.003 1.91 1.868 1.843 1.84 1.833
-1.158 -0.988 -1.308 -1.56 -1.825 -1.912 -1.912 -2.02 -2.02 -2.115 -1.925 -2.042 -2.062 -2.057 -2.157 -2.149 -2.085 -2.015 -1.946 -2.01 -1.918 -2.005 -2.079 -1.985 -2.008 -2.082 -1.965 -2.132 -1.853 -2.025 -2.015 -1.988 -1.814 -1.719 -1.679 -2.042 -1.73 -2.01 -1.973 -2.075 -2.032 -2.052 -1.84 -1.554 -1.219 -1.027 -0.768 -0.619 -0.312 -0.067 0.174 0.399 0.668 0.844 0.915 1.078 1.28 1.478 1.647 1.905 1.883 1.863 1.883 2.028 2.033 1.98 1.998 1.9 1.93 1.873 1.883 1.853 1.89 1.888 1.875 1.858
-1.033 -0.942 -1.203 -1.44 -1.521 -1.87 -1.89 -1.955 -1.967 -2.045 -2.055 -2.015 -2.075 -2.127 -2.03 -2.07 -2.07 -2.13 -2.127 -2.042 -1.967 -2.02 -2.082 -1.997 -2.102 -2.134 -2.05 -2.045 -1.97 -2.035 -1.965 -2.089 -1.709 -1.803 -2.091 -2.111 -2.114 -1.749 -2.03 -2.139 -2.025 -2.114 -1.783 -1.668 -1.359 -1.144 -0.915 -0.641 -0.39 -0.146 0.092 0.372 0.627 0.895 1.185 1.377 1.468 1.668 1.866 1.898 1.935 1.91 1.895 1.88 1.98 1.98 1.933 1.903 1.855 1.803 1.82 1.82 1.863 1.873 1.87 1.92
-0.848 -0.832 -1.008 -1.187 -1.344 -1.504 -1.775 -1.96 -1.958 -1.997 -1.985 -2.055 -2.127 -2.013 -2.127 -2.084 -1.993 -2.015 -1.99 -1.985 -2.092 -2.01 -2.025 -1.978 -2.015 -2.03 -2.042 -2.005 -2.03 -2.087 -2.045 -2.034 -1.776 -1.968 -2.055 -2.044 -2.071 -2.07 -2.112 -2.033 -2.033 -2.129 -1.978 -1.757 -1.48 -1.17 -0.853 -0.602 -0.351 -0.102 0.066 0.333 0.585 0.832 1.086 1.473 1.688 2.014 2.025 2.025 1.953 1.96 1.833 1.835 1.863 1.86 1.858 1.83 1.855 1.838 1.863 1.915 1.903 1.83 1.87 1.848
-0.777 -1.009 -1.141 -1.184 -1.271 -1.467 -1.586 -1.661 -1.709 -2.025 -1.978 -2.087 -2.005 -2.057 -2.147 -2.12 -2.018 -2.072 -2.099 -2.02 -1.94 -1.993 -2.052 -2.035 -1.95 -2.087 -2.028 -2.012 -2.047 -2.059 -2.008 -2.122 -1.768 -2.156 -1.789 -2.015 -1.988 -2.209 -2.107 -1.983 -2.09 -2.055 -1.797 -1.647 -1.423 -1.142 -0.911 -0.556 -0.324 -0.127 0.074 0.337 0.619 0.867 1.153 1.366 1.522 1.767 1.929 1.93 1.968 2.048 1.81 1.793 1.88 1.88 1.913 1.903 1.94 1.918 1.94 2.005 1.973 1.925 1.893 1.863
-0.871 -1.058 -1.337 -1.379 -1.47 -1.348 -1.562 -1.922 -1.94 -1.995 -1.965 -1.953 -2.104 -2.02 -2.05 -2.013 -2 -2.099 -2.047 -1.997 -1.99 -2.013 -2.082 -2.08 -1.997 -2.01 -2 -1.95 -2.047 -2.06 -2.014 -1.995 -1.985 -2.045 -2.028 -1.793 -1.997 -2.02 -2.02 -2.059 -2.08 -2.137 -1.791 -1.542 -1.303 -1.013 -0.842 -0.541 -0.271 -0.068 0.182 0.44 0.71 0.845 1.013 1.142 1.308 1.496 1.73 1.888 1.885 1.89 1.848 1.848 1.888 1.888 1.933 1.94 2.05 2.028 1.993 1.988 2 1.928 1.863 1.863
-0.836 -1.191 -1.492 -1.585 -1.667 -1.526 -1.792 -1.827 -1.927 -2.007 -2.054 -2.015 -2.03 -1.985 -2.077 -2.03 -2.005 -2.052 -2.012 -1.978 -2.012 -1.945 -1.982 -2.072 -2 -2.144 -1.789 -2.079 -1.988 -1.975 -2.007 -1.98 -2.03 -2.01 -2.01 -2.097 -1.978 -1.995 -1.975 -1.872 -1.899 -1.917 -1.692 -1.479 -1.207 -0.904 -0.659 -0.437 -0.241 0.035 0.308 0.395 0.534 0.621 0.769 0.941 1.169 1.336 1.566 1.721 1.865 1.895 1.905 1.968 1.963 2.075 2.003 1.988 1.965 2.013 2.005 1.963 1.935 1.883 1.89 1.923
-0.755 -1.09 -1.427 -1.502 -1.652 -1.715 -1.775 -1.852 -1.878 -1.942 -2.102 -2.002 -2.072 -2.057 -2.022 -2.057 -2.005 -1.97 -2.07 -2.084 -1.94 -1.945 -1.94 -2.074 -1.98 -1.995 -2.045 -2.064 -1.733 -1.983 -1.951 -2.007 -1.953 -2.013 -2.04 -2.075 -2.084 -1.986 -2.018 -1.739 -1.516 -1.518 -1.465 -1.348 -1.151 -0.92 -0.676 -0.455 -0.314 -0.082 0.053 0.138 0.281 0.397 0.554 0.775 0.959 1.127 1.367 1.59 1.729 1.88 1.923 1.933 1.898 1.985 1.988 2.008 1.925 1.9 1.918 1.88 1.858 1.818 1.81 1.838
-0.725 -1.108 -1.392 -1.47 -1.622 -1.72 -1.757 -1.86 -1.862 -2.007 -1.925 -2.07 -1.978 -2.089 -2.08 -2.015 -2.04 -2.015 -2.035 -1.948 -1.97 -1.993 -2.05 -2.009 -1.975 -2.052 -2.104 -2.079 -1.965 -1.931 -2.121 -1.99 -2.069 -2.018 -2.114 -1.958 -1.908 -1.99 -1.723 -1.659 -1.494 -1.585 -1.531 -1.548 -1.33 -1.077 -0.838 -0.642 -0.426 -0.329 -0.192 -0.141 0.047 0.178 0.385 0.61 0.769 1.019 1.227 1.441 1.68 1.82 1.875 1.97 1.965 1.935 1.943 1.945 1.888 1.88 1.865 1.893 1.825 1.788 1.785 1.795
-0.627 -0.996 -1.34 -1.452 -1.595 -1.725 -1.767 -1.802 -1.862 -1.885 -1.915 -2.062 -1.99 -2.025 -1.988 -2.05 -2.025 -1.98 -2.04 -2.039 -1.98 -1.995 -2.042 -1.96 -2.027 -2 -2.059 -2.032 -1.992 -1.961 -2.012 -1.98 -1.998 -1.982 -2.05 -1.978 -1.97 -1.733 -1.836 -1.833 -1.79 -1.752 -1.733 -1.78 -1.452 -1.283 -1.072 -0.829 -0.628 -0.503 -0.471 -0.302 -0.166 0.048 0.205 0.397 0.657 0.858 1.068 1.297 1.572 1.848 1.895 1.878 1.945 1.893 1.91 1.86 1.973 1.913 1.875 1.883 1.838 1.853 1.858 1.875
-0.642 -0.95 -1.33 -1.405 -1.547 -1.578 -1.77 -1.83 -1.892 -1.977 -2.034 -2.029 -2.025 -2.033 -1.968 -2.015 -2.03 -1.992 -1.948 -1.975 -1.98 -2.015 -1.945 -2.084 -2.047 -1.977 -1.96 -2.107 -1.963 -1.97 -1.943 -1.926 -1.945 -1.99 -1.953 -2.042 -2 -2.084 -1.963 -2 -2.094 -2.01 -1.988 -1.801 -1.769 -1.485 -1.166 -0.985 -0.844 -0.774 -0.649 -0.452 -0.289 -0.127 0.103 0.338 0.562 0.799 1.019 1.216 1.489 1.756 1.895 1.91 1.9 1.878 1.918 1.87 1.795 1.898 1.923 1.948 1.905 1.898 1.905 1.935
-0.553 -0.869 -1.267 -1.415 -1.507 -1.672 -1.78 -1.755 -1.857 -1.917 -2.005 -2 -2.075 -2.147 -1.966 -2.049 -1.95 -2.084 -1.987 -1.982 -2.015 -2.114 -2 -1.992 -2.03 -1.98 -1.973 -2.01 -1.99 -2.025 -1.985 -1.931 -1.965 -2.012 -2.049 -1.958 -2.035 -2.064 -1.973 -2.047 -2.037 -2.029 -1.936 -2 -1.924 -1.534 -1.256 -1.207 -1.178 -1.015 -0.832 -0.604 -0.379 -0.177 0.034 0.245 0.509 0.72 0.934 1.141 1.394 1.775 1.858 1.915 1.87 1.945 1.94 1.908 1.993 1.96 1.99 1.94 1.868 1.84 1.885 1.898
-0.596 -0.855 -1.017 -1.37 -1.49 -1.58 -1.762 -1.807 -1.887 -1.972 -1.98 -1.983 -1.97 -2.09 -2.057 -1.945 -2.015 -1.903 -2.054 -2.035 -2.062 -2.037 -2.027 -1.97 -2.071 -2.082 -1.95 -2.037 -1.99 -1.991 -1.955 -2.027 -2.116 -2.015 -2.015 -1.983 -2.073 -2.018 -2.045 -1.955 -2.032 -2.054 -2.017 -1.756 -1.679 -1.569 -1.476 -1.515 -1.379 -1.184 -1.061 -0.734 -0.556 -0.276 -0.11 0.188 0.453 0.683 0.879 1.15 1.429 1.763 1.9 1.91 1.933 1.923 1.89 1.898 1.955 1.96 1.968 1.915 1.823 1.828 1.84 1.823
-0.695 -0.97 -1.138 -1.312 -1.47 -1.595 -1.727 -1.79 -1.84 -1.985 -1.967 -1.987 -2.104 -2.035 -2.114 -2.007 -1.978 -2.017 -2 -2.047 -2 -2 -2.022 -2.037 -1.965 -1.983 -1.94 -2.035 -1.995 -1.968 -1.973 -1.975 -1.993 -2.007 -2.039 -1.939 -1.995 -2.047 -1.987 -2.109 -2.061 -1.987 -2.165 -1.834 -1.936 -1.854 -1.684 -1.792 -1.595 -1.371 -1.152 -0.851 -0.6 -0.412 -0.122 0.1 0.353 0.583 0.798 1.098 1.347 1.681 1.918 1.96 1.933 1.878 1.893 2.01 1.94 1.93 1.925 1.865 1.83 1.88 1.833 1.783
-0.842 -0.935 -1.118 -1.183 -1.435 -1.493 -1.74 -1.765 -1.835 -1.93 -1.93 -2.03 -1.977 -2.097 -2.092 -2.025 -1.958 -1.98 -1.99 -2.04 -2.081 -2.081 -1.995 -2.017 -1.973 -2.029 -1.975 -2.002 -1.96 -2.02 -2.03 -2.108 -2.012 -2.015 -2.014 -2.02 -2.076 -2.106 -2.079 -2.029 -1.92 -1.968 -2.027 -1.995 -2.067 -2.149 -2.047 -1.957 -1.683 -1.449 -1.131 -0.909 -0.661 -0.429 -0.166 0.062 0.307 0.559 0.815 1.085 1.324 1.624 1.86 1.883 1.908 1.893 1.923 1.92 1.935 1.945 1.903 1.868 1.845 1.883 1.833 1.835
-0.787 -0.985 -1.132 -1.275 -1.39 -1.562 -1.702 -1.762 -1.852 -1.88 -2.002 -2.015 -1.903 -1.95 -2.042 -2.028 -2.069 -2.045 -2.002 -1.99 -1.935 -1.982 -1.983 -2.012 -1.98 -1.967 -2.02 -2.052 -1.998 -1.968 -2.007 -2.002 -1.97 -1.975 -2.007 -1.951 -2.006 -2.034 -2.014 -2.059 -2.042 -1.988 -2.034 -2.074 -2.075 -2.211 -2.035 -2.068 -1.717 -1.442 -1.189 -0.935 -0.692 -0.445 -0.162 0.057 0.351 0.534 0.801 1.128 1.343 1.598 1.853 1.895 1.935 1.933 1.948 1.91 1.895 1.928 1.888 1.858 1.855 1.873 1.873 1.84
-0.75 -0.912 -0.891 -1.222 -1.362 -1.505 -1.617 -1.802 -1.86 -1.952 -1.947 -1.97 -1.987 -2.035 -2.055 -2.159 -2 -1.978 -2.044 -2.015 -2.03 -1.938 -1.96 -2.027 -2.017 -2.032 -1.96 -2.03 -1.995 -2.025 -2.012 -2.043 -2.027 -1.978 -1.983 -2.017 -1.924 -1.975 -2.003 -1.985 -1.972 -2.002 -1.988 -2.034 -2.062 -2.013 -2.045 -1.978 -1.747 -1.47 -1.132 -0.849 -0.657 -0.376 -0.133 0.117 0.326 0.597 0.831 1.055 1.35 1.639 1.948 1.955 1.935 1.888 1.97 1.885 1.81 1.833 1.803 1.86 1.883 1.945 1.855 1.878
-0.722 -0.7 -0.746 -0.965 -1.282 -1.442 -1.607 -1.732 -1.832 -1.915 -1.857 -1.932 -1.947 -2.03 -2.052 -2.015 -2.1 -2.04 -1.933 -1.953 -2.035 -2.03 -1.925 -2.022 -2.084 -1.962 -1.98 -2.01 -2.034 -1.95 -2.04 -2.056 -1.973 -1.965 -2.032 -1.946 -1.948 -2.025 -1.995 -1.95 -2.057 -2.047 -1.998 -1.971 -2.085 -2.129 -2.035 -1.687 -1.683 -1.38 -1.103 -0.871 -0.619 -0.401 -0.118 0.163 0.383 0.638 0.859 1.173 1.407 1.675 1.92 1.945 1.93 1.848 1.82 1.815 1.853 1.85 1.843 1.913 1.93 1.888 1.878 1.893
-0.55 -0.599 -0.818 -1.15 -1.237 -1.43 -1.555 -1.66 -1.77 -1.91 -1.952 -2.017 -1.992 -2.037 -2.003 -1.973 -2.035 -2.092 -2.027 -2.007 -2.007 -1.99 -2.012 -1.992 -2.009 -1.965 -2.012 -1.972 -2.014 -2.027 -2.03 -2.02 -1.926 -2.049 -1.93 -2.013 -1.955 -1.987 -1.98 -2.015 -2.047 -2.055 -1.971 -1.996 -2.06 -2.157 -1.786 -1.577 -1.411 -1.277 -0.953 -0.795 -0.554 -0.31 -0.038 0.185 0.413 0.677 0.899 1.195 1.394 1.654 1.903 1.87 1.835 1.845 1.828 1.84 2.013 1.915 1.885 1.953 1.95 1.908 1.905 1.893
-0.63 -0.79 -0.728 -1.12 -1.262 -1.415 -1.547 -1.66 -1.795 -1.872 -1.833 -1.87 -1.883 -1.982 -1.95 -2.032 -2.094 -2.045 -1.975 -1.988 -2.012 -1.945 -2.012 -1.968 -1.937 -1.96 -1.905 -1.945 -1.995 -1.995 -2.032 -1.988 -1.961 -2.023 -1.928 -1.955 -1.995 -1.953 -1.656 -2.02 -2.084 -2.013 -2.077 -2.061 -2.056 -1.826 -1.647 -1.718 -1.615 -1.38 -1.135 -0.867 -0.634 -0.369 -0.128 0.139 0.353 0.612 0.844 1.103 1.308 1.556 1.843 1.853 1.845 1.898 1.9 1.895 1.943 1.95 1.915 1.928 1.918 1.945 1.893 1.845
-0.585 -0.765 -0.887 -0.892 -1.207 -1.325 -1.49 -1.605 -1.765 -1.847 -1.92 -1.957 -1.933 -2.03 -2.005 -2.06 -2.06 -2.099 -1.995 -2.069 -1.94 -1.953 -1.952 -1.96 -1.973 -2.012 -1.99 -1.95 -2.091 -2.005 -2.032 -2.047 -2.049 -2.025 -2.002 -1.985 -1.985 -1.95 -1.96 -1.765 -1.792 -2.122 -2.152 -2.149 -2.085 -1.824 -1.706 -1.913 -1.779 -1.394 -1.121 -0.914 -0.66 -0.367 -0.133 0.089 0.356 0.6 0.869 1.147 1.325 1.603 1.87 1.928 1.96 2.005 1.985 1.98 1.953 1.96 1.945 1.95 1.923 1.883 1.825 1.885
-0.483 -0.722 -0.862 -1.057 -1.192 -1.233 -1.46 -1.595 -1.75 -1.805 -1.885 -1.947 -1.95 -2.025 -2.008 -1.997 -2.078 -1.983 -2.097 -1.995 -2.032 -2.091 -2.035 -1.958 -1.97 -1.92 -1.93 -2.003 -1.99 -2.015 -1.946 -2.017 -1.973 -2.035 -1.993 -1.978 -2.005 -2.014 -2 -2.016 -1.862 -2.1 -2.078 -2.219 -2.053 -1.764 -1.995 -1.99 -1.643 -1.451 -1.162 -0.943 -0.635 -0.381 -0.146 0.072 0.319 0.635 0.897 1.179 1.378 1.685 1.762 1.813 1.932 1.949 1.99 1.928 1.888 1.888 1.895 1.865 1.87 1.89 1.893 1.875
-0.503 -0.722 -0.83 -0.945 -1.15 -1.27 -1.408 -1.602 -1.618 -1.852 -1.88 -1.816 -1.973 -1.997 -1.992 -1.92 -1.97 -2.068 -2.122 -2.008 -2 -1.921 -2.082 -1.918 -2.065 -1.923 -1.886 -2.104 -2.07 -1.953 -2.032 -2.018 -1.994 -2.015 -1.963 -1.971 -1.936 -1.978 -2.022 -2.078 -2.258 -2.142 -2.246 -2.189 -2.231 -1.712 -1.718 -1.888 -1.708 -1.4 -1.177 -0.93 -0.602 -0.369 -0.163 0.1 0.347 0.593 0.853 1.14 1.354 1.407 1.47 1.526 1.546 1.78 1.705 1.812 1.888 1.908 1.848 1.848 1.84 1.848 1.903 1.915
-0.452 -0.63 -0.75 -0.91 -1.068 -1.242 -1.38 -1.56 -1.698 -1.823 -1.823 -1.955 -1.913 -2.03 -1.947 -1.997 -1.98 -2.087 -2.067 -1.98 -1.978 -1.993 -1.965 -1.975 -1.98 -1.973 -2.025 -2.034 -2.042 -2.012 -1.938 -2.042 -2.045 -2.035 -1.969 -2.027 -2.084 -2.059 -2.097 -2.073 -2.09 -2.239 -2.095 -2.197 -2 -1.746 -1.549 -1.682 -1.534 -1.313 -1.085 -0.804 -0.643 -0.378 -0.106 0.143 0.387 0.613 0.797 0.99 1.141 1.163 1.134 1.212 1.236 1.272 1.443 1.602 1.724 1.85 1.878 1.868 1.878 1.878 1.893 1.87
-0.39 -0.473 -0.725 -0.87 -1.057 -1.195 -1.362 -1.492 -1.632 -1.755 -1.855 -1.942 -1.985 -1.99 -1.893 -2.027 -1.93 -2.082 -2.142 -1.976 -2.025 -2.022 -2.015 -2.015 -1.91 -2.002 -2.042 -1.948 -1.938 -1.969 -2.064 -1.993 -1.99 -2.092 -1.988 -2.032 -1.76 -1.799 -1.994 -2.09 -2.287 -2.122 -2.253 -2.132 -1.68 -1.593 -1.365 -1.385 -1.345 -1.175 -1.007 -0.737 -0.487 -0.276 -0.116 0.05 0.212 0.454 0.647 0.814 0.915 0.849 0.866 0.946 0.972 1.087 1.235 1.407 1.564 1.676 1.838 1.845 1.903 1.898 1.913 1.923
-0.312 -0.483 -0.688 -0.9 -0.998 -1.15 -1.312 -1.465 -1.6 -1.825 -1.88 -1.912 -1.942 -1.948 -1.935 -1.978 -2.02 -2.012 -2.01 -2.162 -2.127 -1.965 -1.998 -1.945 -2.012 -2.012 -2.015 -2.044 -2.082 -2.018 -2.105 -1.995 -2.076 -2.032 -2.062 -2.085 -2.03 -2.023 -2.09 -2.214 -2.259 -2.135 -2.069 -2.047 -2.037 -1.72 -1.581 -1.333 -1.12 -0.948 -0.852 -0.663 -0.524 -0.471 -0.277 -0.083 0.093 0.263 0.489 0.623 0.606 0.559 0.634 0.707 0.794 0.941 1.078 1.197 1.335 1.539 1.671 1.826 1.865 1.91 1.863 1.84
-0.25 -0.435 -0.632 -0.818 -0.958 -1.132 -1.245 -1.427 -1.575 -1.718 -1.85 -1.838 -1.957 -1.938 -2.02 -1.948 -2.022 -1.972 -2.065 -2.018 -2.114 -2.035 -1.981 -2.003 -1.945 -1.982 -1.953 -1.928 -1.988 -2.162 -1.979 -1.933 -1.965 -1.989 -2.092 -2.043 -2.048 -1.791 -2.054 -2.167 -2.1 -1.844 -2.105 -2.013 -1.886 -1.999 -1.654 -1.335 -1.105 -0.853 -0.917 -0.829 -0.798 -0.652 -0.493 -0.295 -0.025 0.213 0.33 0.36 0.387 0.388 0.414 0.522 0.597 0.744 0.887 0.969 1.169 1.42 1.515 1.695 1.888 1.905 1.943 1.845
-0.25 -0.373 -0.563 -0.79 -0.947 -1.112 -1.262 -1.323 -1.567 -1.677 -1.825 -1.88 -1.913 -1.91 -1.968 -1.955 -1.878 -2.072 -1.923 -2.194 -2.046 -2.037 -1.99 -1.938 -2.017 -1.928 -2.035 -1.97 -2.059 -1.993 -2.053 -2.04 -2.057 -1.97 -2.142 -2.052 -2.04 -2.066 -1.928 -2.07 -2.119 -2.134 -2.013 -1.992 -2.009 -1.878 -1.721 -1.382 -1.107 -1.054 -1.155 -1.045 -1.027 -0.848 -0.596 -0.459 -0.157 0.041 0.121 0.123 0.117 0.142 0.205 0.266 0.369 0.512 0.613 0.771 0.963 1.123 1.357 1.536 1.737 1.765 1.733 1.681
-0.095 -0.37 -0.525 -0.705 -0.895 -1.043 -1.198 -1.357 -1.49 -1.645 -1.758 -1.805 -1.883 -1.927 -1.937 -1.953 -1.935 -1.958 -2.032 -1.99 -2.137 -2.13 -1.963 -1.993 -1.98 -1.965 -2.02 -2.005 -2.002 -2.112 -2.136 -1.988 -2.002 -2.013 -1.98 -2.038 -2.03 -2.03 -2.055 -1.98 -2.052 -1.717 -1.945 -1.965 -1.995 -1.708 -1.52 -1.331 -1.326 -1.446 -1.363 -1.329 -1.178 -0.966 -0.739 -0.572 -0.279 -0.105 -0.171 -0.153 -0.156 -0.158 -0.086 0.03 0.115 0.258 0.42 0.546 0.801 0.956 1.218 1.36 1.554 1.502 1.444 1.4
