All_lidar/sz6391_DSM_2M.asc
ncols 500
nrows 500
xllcorner    463000
yllcorner    91000
cellsize     2
NODATA_value -9999
[rows 68 to 101 of 500, columns 228 to 303 of 500]
1.584 1.599 1.597 1.593 1.595 1.628 1.703 1.718 1.674 1.648 1.669 1.574 1.604 1.615 1.622 1.643 1.67 1.677 1.62 1.633 1.651 1.667 1.677 1.678 1.673 1.682 1.668 1.504 1.549 1.687 1.644 1.602 1.613 1.618 1.577 1.662 1.671 1.648 1.647 1.67 1.683 1.625 1.639 1.726 1.662 1.524 1.538 1.607 1.639 1.699 1.631 1.566 1.6 1.618 1.592 1.584 1.572 1.621 1.652 1.616 1.574 1.55 1.58 1.586 1.596 1.609 1.625 1.575 1.539 1.555 1.563 1.567 1.574 1.623 1.621 1.623
1.574 1.619 1.62 1.606 1.61 1.644 1.686 1.69 1.628 1.574 1.689 1.663 1.62 1.571 1.542 1.595 1.634 1.619 1.63 1.644 1.68 1.701 1.667 1.647 1.65 1.653 1.594 1.523 1.533 1.556 1.577 1.613 1.624 1.56 1.548 1.62 1.643 1.636 1.626 1.639 1.64 1.622 1.645 1.679 1.668 1.637 1.607 1.627 1.663 1.687 1.604 1.557 1.625 1.583 1.548 1.538 1.586 1.605 1.619 1.598 1.562 1.467 1.501 1.543 1.566 1.571 1.587 1.59 1.602 1.599 1.564 1.541 1.509 1.568 1.605 1.625
1.616 1.6 1.601 1.605 1.612 1.641 1.666 1.665 1.61 1.619 1.567 1.607 1.614 1.565 1.51 1.643 1.659 1.662 1.638 1.655 1.697 1.719 1.645 1.651 1.61 1.554 1.59 1.601 1.602 1.475 1.558 1.672 1.625 1.534 1.557 1.587 1.638 1.651 1.646 1.639 1.627 1.583 1.615 1.654 1.654 1.655 1.63 1.623 1.599 1.553 1.525 1.487 1.499 1.471 1.498 1.549 1.594 1.566 1.524 1.566 1.554 1.503 1.551 1.53 1.554 1.555 1.543 1.51 1.622 1.597 1.559 1.527 1.51 1.513 1.473 1.423
1.617 1.585 1.602 1.608 1.626 1.631 1.64 1.608 1.534 1.395 1.494 1.583 1.641 1.568 1.579 1.574 1.648 1.655 1.647 1.662 1.71 1.729 1.627 1.515 1.607 1.634 1.648 1.664 1.687 1.549 1.596 1.664 1.644 1.583 1.579 1.622 1.685 1.683 1.675 1.661 1.645 1.638 1.628 1.631 1.623 1.602 1.614 1.601 1.54 1.463 1.459 1.428 1.462 1.472 1.504 1.538 1.568 1.527 1.479 1.582 1.581 1.55 1.528 1.51 1.584 1.547 1.577 1.603 1.569 1.526 1.574 1.517 1.508 1.486 1.459 1.485
1.609 1.584 1.599 1.622 1.63 1.645 1.636 1.6 1.545 1.554 1.527 1.592 1.645 1.591 1.629 1.649 1.629 1.627 1.63 1.655 1.689 1.697 1.661 1.613 1.659 1.695 1.683 1.694 1.67 1.624 1.632 1.628 1.636 1.635 1.617 1.672 1.751 1.724 1.692 1.681 1.653 1.638 1.626 1.623 1.624 1.61 1.648 1.661 1.58 1.461 1.468 1.479 1.473 1.493 1.544 1.57 1.562 1.551 1.552 1.574 1.582 1.579 1.534 1.543 1.553 1.528 1.626 1.598 1.546 1.519 1.556 1.536 1.543 1.532 1.554 1.641
1.659 1.688 1.644 1.645 1.611 1.652 1.64 1.598 1.584 1.555 1.563 1.659 1.709 1.618 1.628 1.61 1.599 1.604 1.611 1.615 1.648 1.669 1.657 1.644 1.687 1.712 1.654 1.685 1.719 1.704 1.644 1.643 1.636 1.657 1.598 1.652 1.722 1.713 1.687 1.709 1.662 1.6 1.601 1.608 1.594 1.59 1.675 1.777 1.682 1.573 1.548 1.55 1.477 1.503 1.532 1.547 1.551 1.566 1.574 1.564 1.56 1.505 1.507 1.549 1.547 1.551 1.576 1.561 1.523 1.508 1.582 1.653 1.601 1.551 1.615 1.689
1.683 1.673 1.56 1.577 1.553 1.602 1.609 1.606 1.608 1.578 1.556 1.619 1.656 1.653 1.626 1.585 1.555 1.565 1.585 1.596 1.598 1.602 1.583 1.601 1.634 1.643 1.609 1.676 1.744 1.725 1.695 1.618 1.608 1.528 1.567 1.64 1.681 1.718 1.729 1.772 1.716 1.605 1.597 1.607 1.607 1.611 1.643 1.706 1.658 1.598 1.581 1.587 1.577 1.528 1.491 1.46 1.524 1.568 1.574 1.557 1.517 1.475 1.459 1.527 1.555 1.552 1.559 1.54 1.498 1.517 1.588 1.708 1.605 1.47 1.539 1.658
1.649 1.634 1.549 1.527 1.522 1.543 1.585 1.632 1.606 1.565 1.532 1.574 1.625 1.615 1.581 1.557 1.549 1.551 1.561 1.563 1.538 1.514 1.523 1.538 1.591 1.616 1.629 1.674 1.729 1.732 1.758 1.779 1.666 1.609 1.62 1.657 1.64 1.745 1.811 1.815 1.742 1.621 1.616 1.622 1.615 1.619 1.584 1.575 1.536 1.576 1.568 1.55 1.528 1.524 1.499 1.487 -9999 1.529 1.531 1.505 1.479 1.439 1.416 1.495 1.523 1.567 1.592 1.513 1.455 1.492 1.507 1.591 1.576 1.513 1.567 1.644
1.607 1.587 1.547 1.537 1.506 1.482 1.592 1.707 1.637 1.573 1.553 1.553 1.57 1.57 1.555 1.566 1.542 1.53 1.564 1.575 1.538 1.501 1.53 1.549 1.589 1.585 1.623 -9999 1.718 -9999 1.723 1.732 1.769 1.809 1.69 1.654 1.663 1.718 1.758 1.651 1.674 1.619 1.642 1.644 1.62 1.562 1.536 1.533 1.539 1.573 1.533 1.493 1.483 1.506 1.487 1.494 1.485 1.479 1.479 1.471 1.479 1.457 1.448 1.467 1.486 1.531 1.563 1.529 1.495 1.49 1.521 1.584 1.566 1.582 1.617 1.68
1.573 1.596 1.56 1.564 1.537 1.55 1.639 1.763 1.658 1.567 1.538 1.54 1.559 1.573 1.573 1.578 1.554 1.554 1.604 1.607 1.606 1.585 1.572 1.587 1.625 1.655 1.621 1.649 1.7 1.66 1.659 1.67 1.714 1.758 1.721 -9999 -9999 1.741 1.764 1.712 1.715 1.729 1.726 1.726 1.657 1.595 1.546 1.537 1.56 1.598 1.536 1.483 1.481 1.556 1.539 1.517 1.487 1.478 1.466 1.42 1.414 1.531 1.503 1.544 1.576 1.532 1.537 -9999 1.5 1.517 1.563 1.601 1.605 1.581 1.548 1.591
1.571 1.58 1.569 1.59 1.592 1.6 1.644 1.662 1.593 1.545 1.517 1.546 1.581 1.583 1.573 1.55 1.576 1.601 1.634 1.625 1.614 1.602 1.599 1.596 1.569 1.56 1.608 1.671 1.733 1.604 1.599 1.623 1.662 1.684 1.689 1.676 1.701 1.749 1.794 1.752 1.733 1.742 1.739 1.717 1.683 1.64 1.545 1.539 1.592 1.63 1.548 1.498 1.555 1.587 1.567 1.543 1.478 1.482 1.485 1.457 1.431 1.495 1.552 1.579 1.58 1.556 1.55 1.544 1.53 1.535 1.598 1.656 1.632 1.562 1.517 1.504
1.573 1.576 1.604 1.602 1.633 1.647 -9999 -9999 1.593 1.568 1.562 1.584 1.599 1.57 1.65 1.61 1.606 1.631 1.66 1.638 1.612 1.606 1.603 1.622 1.537 1.388 1.529 1.705 1.785 1.572 1.581 1.608 1.631 1.625 1.64 1.651 1.681 1.736 1.768 1.724 1.723 1.735 1.726 1.681 1.648 1.64 1.569 1.499 1.535 1.603 1.587 1.562 1.537 1.494 1.521 1.57 1.458 1.493 1.547 1.521 1.529 1.556 1.592 1.592 1.58 1.571 1.566 1.575 1.546 1.523 1.601 1.634 1.631 1.594 1.545 1.532
1.586 1.578 1.544 1.538 1.641 1.653 -9999 -9999 1.59 1.591 1.591 1.6 1.614 1.531 1.603 1.628 1.612 1.637 1.72 1.679 1.636 1.605 1.582 1.55 1.595 1.507 1.572 1.681 1.715 1.671 1.662 1.638 1.67 1.612 1.613 1.636 1.668 1.687 1.725 1.703 1.685 1.663 1.698 1.728 1.657 1.627 1.595 1.467 1.462 1.555 1.584 1.561 1.498 1.504 1.529 1.504 1.422 1.468 1.551 1.57 1.575 1.581 1.592 1.623 1.576 1.565 1.588 1.595 1.622 1.665 1.619 1.622 1.632 1.629 1.614 1.613
1.589 1.615 1.574 1.515 1.559 1.625 1.636 1.614 1.609 1.633 1.584 1.543 1.549 1.563 1.591 1.622 1.595 1.612 1.682 1.676 1.66 1.622 1.614 1.637 1.724 1.695 1.672 1.677 1.697 1.697 1.715 1.735 1.742 1.612 1.57 1.586 1.621 1.656 1.698 1.678 1.67 1.616 1.647 1.661 1.62 1.583 1.581 1.493 1.493 1.623 1.614 1.568 1.527 1.546 1.558 1.499 1.453 1.506 1.58 1.578 1.555 1.559 1.569 1.604 1.577 1.59 1.613 1.592 1.523 1.6 1.614 1.62 1.668 1.689 1.677 1.68
1.587 1.651 1.618 1.562 1.575 1.659 1.648 1.57 1.601 1.57 1.524 1.486 1.487 1.624 1.551 1.557 1.61 1.582 1.628 1.659 1.661 -9999 1.646 1.664 1.694 1.685 1.661 1.632 1.662 1.692 1.702 1.633 1.64 1.624 1.55 1.456 1.624 1.669 1.7 1.679 1.632 1.557 1.586 1.584 1.588 1.564 1.562 1.538 1.544 1.605 1.617 1.616 1.615 1.632 1.586 1.535 1.506 1.582 1.635 1.561 1.515 1.537 1.563 1.603 1.592 1.624 1.614 1.624 1.53 1.56 1.569 1.632 1.696 1.747 1.735 1.687
1.608 1.623 1.622 1.556 1.565 1.644 1.723 1.701 1.621 1.567 1.515 1.5 1.524 1.532 1.516 1.51 1.586 1.595 1.633 1.645 -9999 1.645 1.643 1.657 1.641 1.547 1.638 1.624 1.623 1.65 1.644 1.544 1.615 1.567 1.556 1.622 1.764 1.678 1.715 1.706 1.678 1.659 1.547 1.514 1.591 1.593 1.566 1.534 1.556 1.569 1.582 1.601 1.599 1.618 1.589 1.566 1.546 1.601 1.61 1.506 1.547 1.578 1.608 1.567 1.491 1.606 1.595 1.565 1.527 1.527 1.638 1.665 1.691 1.728 1.716 1.622
1.586 1.59 1.6 1.528 1.534 1.553 1.62 1.66 1.636 1.561 1.517 1.533 1.571 1.556 1.529 1.526 1.582 1.615 1.646 1.641 1.641 1.65 1.644 1.576 1.608 1.631 1.699 1.51 1.58 1.595 1.58 1.612 1.717 1.606 1.59 1.736 1.774 1.726 1.707 1.712 1.68 1.625 1.556 1.542 1.679 1.623 1.562 1.584 1.597 1.55 1.552 1.559 1.556 1.558 1.555 1.544 1.568 -9999 1.576 1.546 1.564 1.554 1.58 1.558 1.514 1.543 1.537 1.508 1.51 1.503 1.477 1.587 1.632 1.638 1.623 1.546
1.497 1.556 1.604 1.573 1.527 1.562 1.634 1.646 1.624 1.539 1.508 1.547 1.568 1.541 1.518 1.506 1.548 1.593 1.611 1.62 1.637 1.651 1.652 1.599 1.643 1.647 1.62 1.569 1.58 1.521 1.561 1.627 1.674 1.671 1.683 1.775 1.788 1.742 1.706 1.678 1.612 1.582 1.553 1.535 1.641 1.624 1.591 1.622 1.639 1.594 1.584 1.549 1.517 1.519 1.535 1.54 1.58 1.599 1.582 1.583 1.589 1.479 1.528 1.554 1.543 1.548 1.542 1.528 1.515 1.538 1.565 1.46 1.485 1.483 1.533 1.55
1.518 1.577 1.599 1.56 1.53 1.618 1.632 1.602 1.545 1.525 1.495 1.522 1.531 1.529 1.514 1.502 1.516 1.544 1.558 1.589 1.614 1.603 1.586 1.596 1.68 1.556 1.59 1.598 1.689 1.716 1.683 1.705 1.714 1.697 1.74 1.789 1.791 1.735 1.688 1.62 1.552 1.539 1.563 1.578 1.623 1.627 1.61 1.625 1.623 1.58 1.599 1.542 1.493 1.508 1.502 1.554 1.613 1.612 1.575 1.566 1.555 1.551 1.563 1.567 1.576 1.563 1.532 1.503 1.516 1.524 1.533 1.485 1.427 1.376 1.501 1.485
1.569 1.616 1.598 1.559 1.557 1.651 1.613 1.57 1.541 1.523 1.478 1.504 1.522 1.527 1.523 1.516 1.512 1.524 1.553 1.573 1.587 1.535 1.512 1.504 1.584 1.607 1.607 1.715 1.788 1.795 1.797 1.794 1.769 1.757 1.745 1.76 1.733 1.677 1.612 1.602 1.565 1.571 1.585 1.621 1.651 1.628 1.575 1.639 1.614 1.564 1.566 1.555 1.577 1.506 1.473 1.563 1.633 1.617 1.57 1.568 1.556 1.55 1.592 1.591 1.573 1.539 1.493 1.471 1.498 1.538 1.564 1.574 1.497 1.484 1.519 1.586
1.596 1.617 1.588 1.564 1.555 1.512 1.575 1.548 1.569 1.558 1.54 1.528 1.525 1.516 1.537 1.514 1.494 1.495 1.503 1.545 1.575 1.505 1.519 1.524 1.575 1.606 1.684 1.763 1.781 1.808 1.832 1.821 1.786 1.756 1.711 1.717 1.704 1.637 1.585 1.593 1.556 1.608 1.614 1.656 1.664 1.625 1.556 1.598 1.598 1.603 1.581 1.575 1.577 1.509 1.453 1.602 1.591 1.599 1.593 1.604 1.548 1.528 1.549 1.578 1.566 1.514 1.484 1.451 1.482 1.532 1.574 1.564 1.522 1.479 1.474 1.463
1.565 1.628 1.588 1.579 1.561 1.535 1.537 1.539 1.581 1.573 1.567 1.561 1.553 1.534 1.557 1.566 1.507 1.486 1.461 1.457 1.521 1.486 1.6 1.574 1.615 1.639 1.715 1.75 1.706 1.766 1.818 1.836 1.81 1.725 1.67 1.656 1.652 1.6 1.571 1.594 1.601 1.617 1.652 1.672 1.676 1.623 1.507 1.581 1.6 1.593 1.551 1.569 1.577 1.539 1.576 1.659 1.609 1.608 1.614 1.605 1.572 1.478 1.53 1.567 1.567 1.515 1.506 1.568 1.527 1.466 1.45 1.48 1.445 1.453 1.464 1.468
1.546 1.572 1.57 1.601 1.616 1.602 1.548 1.519 1.552 1.567 1.576 1.575 1.565 1.554 1.541 1.467 1.518 1.539 1.486 1.489 1.565 1.601 1.623 1.619 1.651 1.716 1.731 1.667 1.689 1.752 1.795 1.853 1.826 1.72 1.595 1.61 1.636 1.616 1.606 1.624 1.641 1.659 1.652 1.644 1.624 1.592 1.555 1.564 1.596 1.599 1.574 1.587 1.582 1.518 1.515 1.588 1.605 1.616 1.63 1.603 1.582 1.529 1.527 1.538 1.539 1.484 1.444 1.514 1.47 1.434 1.409 1.411 1.392 1.431 1.452 1.481
1.523 1.52 1.538 1.587 1.655 1.676 1.554 1.515 1.528 1.553 1.57 1.58 1.591 1.563 1.558 1.553 1.567 1.581 1.571 1.551 1.637 1.725 1.716 1.717 1.76 1.797 1.84 1.749 1.727 1.735 1.758 1.794 1.84 1.761 1.652 1.631 1.611 1.612 1.617 1.63 1.647 1.662 1.635 1.62 1.584 1.537 1.558 1.576 1.609 1.634 1.603 1.595 1.551 1.477 1.43 1.547 1.598 1.604 1.604 1.604 1.582 1.546 1.524 1.517 1.514 1.445 1.391 1.46 1.435 1.435 1.402 1.406 1.42 1.454 1.449 1.458
1.54 1.507 1.509 1.582 1.62 1.587 1.522 1.517 1.51 1.535 1.563 1.555 1.568 1.56 1.609 1.656 1.648 1.656 1.66 1.729 1.754 1.812 1.794 1.779 1.786 1.808 1.895 1.823 1.763 1.724 1.714 1.691 1.741 1.706 1.696 1.636 1.574 1.588 1.615 1.624 1.62 1.63 1.623 1.61 1.578 1.554 1.571 1.58 1.58 1.648 1.588 1.556 1.501 1.535 1.531 1.552 1.593 1.594 1.577 1.601 1.595 1.557 1.529 1.529 1.515 1.493 1.496 1.522 1.477 1.467 1.46 1.433 1.439 1.464 1.419 1.4
1.557 1.505 1.487 1.611 1.617 1.54 1.503 1.525 1.486 1.517 1.603 1.607 1.579 1.579 1.64 1.683 1.689 1.72 1.75 1.785 1.766 1.747 1.761 1.785 1.779 1.766 1.781 1.746 1.739 1.728 1.699 1.633 1.641 1.628 1.563 1.558 1.543 1.544 1.648 1.619 1.618 1.627 1.65 1.64 1.604 1.589 1.603 1.6 1.604 1.587 1.533 1.515 1.55 1.632 1.622 1.626 1.628 1.597 1.592 1.58 1.583 1.57 1.514 1.506 1.533 1.529 1.548 1.56 1.515 1.483 1.464 1.435 1.423 1.425 1.387 1.389
1.579 1.498 1.443 1.668 1.633 1.541 1.477 1.475 1.479 1.483 1.657 1.708 1.585 1.551 1.624 1.692 1.674 1.711 1.805 1.764 1.714 1.678 1.715 1.75 1.704 1.659 1.724 1.728 1.727 1.716 1.699 1.679 1.651 1.599 1.526 1.5 1.545 1.565 1.598 1.606 1.616 1.624 1.692 1.673 1.627 1.604 1.614 1.627 1.636 1.564 1.472 1.511 1.597 1.606 1.621 1.629 1.669 1.6 1.525 1.532 1.54 1.523 1.475 1.475 1.543 1.534 1.54 1.526 1.501 1.472 1.44 1.397 1.403 1.424 1.438 1.507
1.546 1.528 1.55 1.604 1.599 1.552 1.529 1.506 1.512 1.517 1.614 1.627 1.532 1.506 1.65 1.711 1.66 1.654 1.731 1.737 1.726 1.769 1.751 1.715 1.698 1.68 1.702 1.73 1.717 1.701 1.693 1.685 1.661 1.583 1.418 1.461 1.564 1.569 1.566 1.6 1.616 1.626 1.633 1.661 1.648 1.635 1.62 1.617 1.586 1.55 1.542 1.555 1.563 1.578 1.574 1.57 1.583 1.555 1.526 1.532 1.507 1.436 1.471 1.524 1.548 1.543 1.529 1.496 1.461 1.456 1.448 1.391 1.412 1.447 1.47 1.498
1.529 1.553 1.562 1.595 1.578 1.557 1.542 1.506 1.491 1.52 1.57 1.539 1.459 1.561 1.7 1.733 1.652 1.615 1.685 1.709 1.729 1.762 1.759 1.718 1.73 1.747 1.791 1.765 1.679 1.678 1.663 1.676 1.659 1.642 1.545 1.514 1.536 1.548 1.563 1.587 1.596 1.595 1.629 1.657 1.67 1.679 1.635 1.598 1.536 1.516 1.593 1.607 1.57 1.547 1.525 1.501 1.505 1.514 1.536 1.536 1.491 1.482 1.534 1.605 1.578 1.541 1.543 1.517 1.462 1.47 1.507 1.5 1.506 1.526 1.516 1.472
1.496 1.515 1.534 1.584 1.569 1.493 1.561 1.469 1.443 1.482 1.527 1.547 1.588 1.624 1.663 1.659 1.659 1.648 1.68 1.704 1.711 1.755 1.777 1.791 1.79 1.816 1.751 1.656 1.6 1.674 1.59 1.54 1.662 1.653 1.588 1.558 1.556 1.526 1.539 1.575 1.581 1.58 1.636 1.669 1.681 1.662 1.641 1.589 1.555 1.543 1.606 1.603 1.571 1.562 1.5 1.465 1.487 1.514 1.563 1.553 1.462 1.501 1.596 1.642 1.57 1.546 1.578 1.595 1.462 1.497 1.614 1.597 1.564 1.583 1.545 1.503
1.517 1.481 1.476 1.565 1.547 1.504 1.521 1.485 1.454 1.452 1.462 1.496 1.576 1.654 1.641 1.647 1.65 1.675 1.71 1.734 1.74 1.769 1.78 1.833 1.77 1.746 1.679 1.579 1.662 1.707 1.62 1.609 1.718 1.673 1.585 1.574 1.575 1.55 1.556 1.596 1.6 1.605 1.674 1.687 1.671 1.652 1.646 1.589 1.581 1.574 1.555 1.554 1.538 1.501 1.427 1.428 1.513 1.539 1.538 1.465 1.514 1.493 1.57 1.557 1.499 1.532 1.555 1.548 1.482 1.515 1.588 1.588 1.558 1.545 1.511 1.518
1.516 1.494 1.498 1.541 1.545 1.538 1.494 1.478 1.492 1.457 1.423 1.458 1.537 1.588 1.574 1.588 1.633 1.677 1.693 1.754 1.763 1.789 1.774 1.771 1.704 1.694 1.674 1.665 1.668 1.668 -9999 1.709 1.806 1.729 1.631 1.587 1.596 1.558 1.57 1.616 1.612 1.616 1.646 1.646 1.645 1.613 1.599 1.588 1.608 1.635 1.578 1.541 1.527 1.491 1.446 1.475 1.54 1.548 1.546 1.519 1.54 1.56 1.601 1.531 1.473 1.487 1.499 1.52 1.511 1.548 1.589 1.554 1.516 1.508 1.49 1.45
1.564 1.539 1.509 1.476 1.523 1.543 1.475 1.424 1.49 1.48 1.484 1.479 1.517 1.571 1.53 1.536 1.601 1.66 1.694 1.756 1.792 1.802 1.779 1.759 1.732 1.723 1.723 1.693 1.688 1.686 1.669 1.675 1.742 1.691 1.64 1.574 1.564 1.568 1.587 1.606 1.609 1.619 1.626 1.604 1.631 1.612 1.569 1.554 1.605 1.648 1.591 1.55 1.5 1.488 1.473 1.485 1.514 1.542 1.549 1.564 1.571 1.588 1.515 1.477 1.459 1.513 1.482 1.535 1.578 1.597 1.599 1.547 1.513 1.508 1.513 1.54
1.561 1.614 1.53 1.584 1.566 1.514 1.454 1.452 1.496 1.482 1.465 1.471 1.503 1.534 1.505 1.528 1.617 1.64 1.671 1.699 1.72 1.711 1.74 1.74 1.732 1.737 1.756 1.753 1.758 1.726 1.615 1.587 1.639 1.627 1.656 1.558 1.535 1.582 1.604 1.594 1.6 1.634 1.674 1.663 1.651 1.639 1.569 1.524 1.593 1.66 1.604 1.565 1.513 1.501 1.505 1.511 1.496 1.513 1.532 1.527 1.528 1.484 1.471 1.472 1.534 1.575 1.561 1.577 1.652 1.557 1.582 1.555 1.514 1.508 1.523 1.575
