All_lidar/sz6386_DSM_2M.asc
ncols 500
nrows 500
xllcorner    463000
yllcorner    86000
cellsize     2
NODATA_value -9999
[rows 160 to 191 of 500, columns 0 to 70 of 500]
15.884 15.774 15.749 15.656 15.576 15.486 15.406 15.374 15.351 15.276 15.231 15.166 15.111 15.101 15.039 15.006 14.959 14.896 14.829 14.749 14.691 14.641 14.599 14.501 14.421 14.366 14.304 14.289 14.284 14.266 14.196 14.169 14.106 14.059 14.046 13.999 13.966 13.889 13.821 13.731 13.629 13.544 13.454 13.424 13.376 13.336 13.279 13.224 13.161 13.121 13.054 12.992 12.964 12.977 12.934 12.879 12.819 12.809 12.749 12.679 12.589 12.539 12.527 12.464 12.419 12.367 12.359 12.352 12.337 12.267 12.169
15.989 15.904 15.781 15.739 15.649 15.564 15.501 15.456 15.426 15.331 15.279 15.216 15.136 15.096 15.059 15.031 15.014 14.954 14.869 14.774 14.726 14.631 14.629 14.594 14.501 14.421 14.386 14.371 14.319 14.299 14.271 14.209 14.141 14.079 14.081 14.046 13.979 13.914 13.851 13.751 13.674 13.569 13.489 13.439 13.369 13.351 13.284 13.249 13.216 13.176 13.099 13.044 13.017 13.014 12.942 12.897 12.854 12.829 12.792 12.722 12.649 12.599 12.577 12.494 12.454 12.414 12.404 12.404 12.347 12.297 12.207
16.091 16.006 15.886 15.801 15.751 15.651 15.571 15.556 15.491 15.394 15.354 15.264 15.174 15.126 15.096 15.069 15.046 15.019 14.944 14.844 14.786 14.731 14.731 14.629 14.564 14.536 14.466 14.424 14.371 14.356 14.326 14.241 14.161 14.151 14.116 14.069 14.016 13.966 13.874 13.769 13.684 13.639 13.566 13.501 13.431 13.371 13.301 13.234 13.234 13.191 13.134 13.109 13.109 13.064 12.987 12.957 12.929 12.922 12.839 12.767 12.707 12.667 12.632 12.577 12.517 12.469 12.437 12.412 12.364 12.322 12.257
16.174 16.089 15.979 15.926 15.846 15.719 15.619 15.576 15.554 15.454 15.404 15.314 15.234 15.219 15.169 15.119 15.081 15.039 14.974 14.901 14.871 14.801 14.756 14.706 14.674 14.606 14.561 14.501 14.429 14.386 14.361 14.324 14.239 14.181 14.169 14.124 14.056 13.996 13.899 13.801 13.716 13.616 13.599 13.536 13.474 13.449 13.391 13.321 13.279 13.196 13.129 13.124 13.114 13.082 13.027 12.979 12.977 12.927 12.862 12.787 12.734 12.709 12.667 12.592 12.517 12.494 12.489 12.479 12.419 12.364 12.332
16.309 16.221 16.126 16.009 15.876 15.784 15.691 15.659 15.609 15.509 15.439 15.379 15.311 15.276 15.216 15.191 15.141 15.081 14.979 14.931 14.911 14.861 14.826 14.794 14.746 14.679 14.656 14.604 14.504 14.454 14.411 14.346 14.284 14.206 14.171 14.119 14.059 14.001 13.924 13.861 13.751 13.649 13.626 13.576 13.529 13.466 13.449 13.411 13.361 13.281 13.209 13.189 13.159 13.104 13.024 12.984 12.989 12.929 12.849 12.787 12.747 12.732 12.684 12.627 12.597 12.574 12.559 12.554 12.494 12.427 12.372
16.436 16.346 16.269 16.151 16.006 15.851 15.756 15.721 15.651 15.579 15.521 15.429 15.374 15.341 15.294 15.259 15.201 15.121 15.021 14.971 14.919 14.871 14.864 14.831 14.784 14.751 14.711 14.659 14.594 14.514 14.469 14.399 14.321 14.271 14.216 14.161 14.089 14.016 13.956 13.856 13.776 13.706 13.641 13.606 13.576 13.539 13.484 13.456 13.396 13.326 13.287 13.309 13.269 13.182 13.109 13.089 13.039 12.989 12.904 12.892 12.824 12.814 12.732 12.672 12.644 12.632 12.599 12.582 12.519 12.459 12.414
16.536 16.466 16.389 16.274 16.119 15.931 15.811 15.741 15.676 15.641 15.589 15.524 15.449 15.461 15.406 15.359 15.279 15.186 15.099 15.026 14.949 14.894 14.896 14.859 14.799 14.754 14.724 14.679 14.604 14.539 14.484 14.456 14.394 14.364 14.266 14.184 14.136 14.061 13.964 13.881 13.794 13.749 13.706 13.656 13.626 13.576 13.539 13.499 13.461 13.384 13.349 13.347 13.324 13.242 13.179 13.177 13.114 13.047 12.979 12.937 12.904 12.844 12.787 12.724 12.719 12.682 12.664 12.639 12.572 12.504 12.484
16.579 16.504 16.466 16.391 16.261 16.019 15.861 15.769 15.714 15.656 15.631 15.604 15.571 15.539 15.491 15.416 15.306 15.234 15.146 15.086 15.029 14.966 14.931 14.886 14.834 14.776 14.761 14.686 14.624 14.576 14.526 14.496 14.436 14.356 14.296 14.211 14.136 14.066 13.984 13.911 13.841 13.789 13.749 13.726 13.689 13.619 13.566 13.551 13.484 13.421 13.409 13.384 13.354 13.299 13.247 13.217 13.154 13.094 13.032 12.984 12.942 12.897 12.837 12.772 12.747 12.734 12.722 12.674 12.624 12.562 12.569
16.666 16.561 16.504 16.436 16.391 16.134 15.966 15.866 15.764 15.734 15.689 15.654 15.654 15.609 15.541 15.456 15.351 15.294 15.204 15.151 15.104 15.016 14.981 14.899 14.881 14.846 14.801 14.719 14.684 14.639 14.584 14.529 14.469 14.389 14.304 14.229 14.141 14.061 13.989 13.921 13.879 13.824 13.804 13.759 13.729 13.686 13.646 13.604 13.534 13.514 13.479 13.434 13.384 13.327 13.309 13.249 13.207 13.137 13.082 13.052 12.992 12.937 12.862 12.809 12.789 12.762 12.762 12.717 12.672 12.619 12.632
16.774 16.671 16.629 16.554 16.454 16.236 16.146 16.039 15.951 15.839 15.751 15.696 15.651 15.621 15.581 15.531 15.444 15.389 15.261 15.234 15.159 15.094 15.026 14.959 14.906 14.859 14.846 14.796 14.746 14.669 14.606 14.541 14.466 14.396 14.304 14.241 14.149 14.069 13.999 13.961 13.901 13.844 13.811 13.781 13.764 13.731 13.689 13.639 13.591 13.569 13.537 13.494 13.434 13.402 13.374 13.307 13.229 13.194 13.149 13.084 13.042 12.969 12.879 12.859 12.832 12.797 12.757 12.742 12.739 12.702 12.669
16.924 16.806 16.729 16.656 16.544 16.389 16.291 16.184 16.099 15.931 15.799 15.731 15.681 15.654 15.621 15.584 15.524 15.429 15.324 15.304 15.241 15.169 15.101 15.036 14.956 14.926 14.919 14.846 14.764 14.684 14.599 14.536 14.469 14.391 14.311 14.254 14.171 14.096 14.029 13.974 13.931 13.864 13.844 13.814 13.806 13.784 13.706 13.644 13.619 13.624 13.594 13.547 13.499 13.442 13.412 13.357 13.304 13.224 13.197 13.139 13.082 13.017 12.934 12.899 12.872 12.872 12.824 12.847 12.779 12.754 12.724
17.116 16.986 16.851 16.751 16.621 16.526 16.399 16.286 16.174 16.011 15.884 15.859 15.849 15.794 15.709 15.626 15.539 15.506 15.384 15.314 15.286 15.204 15.171 15.126 15.039 14.981 14.951 14.844 14.751 14.671 14.596 14.529 14.451 14.379 14.284 14.204 14.144 14.084 14.034 14.034 13.959 13.949 13.939 13.884 13.856 13.811 13.759 13.684 13.651 13.699 13.657 13.599 13.502 13.492 13.437 13.377 13.302 13.279 13.237 13.194 13.157 13.102 13.024 12.969 12.934 12.917 12.944 12.929 12.832 12.804 12.764
17.321 17.184 17.041 16.889 16.751 16.626 16.491 16.346 16.239 16.154 16.101 16.059 16.046 15.981 15.844 15.761 15.664 15.576 15.501 15.401 15.334 15.261 15.211 15.154 15.116 15.026 14.986 14.881 14.814 14.686 14.609 14.531 14.474 14.406 14.309 14.199 14.129 14.054 14.016 14.021 13.986 13.986 13.989 13.951 13.916 13.874 13.774 13.734 13.741 13.746 13.704 13.629 13.557 13.522 13.462 13.407 13.342 13.304 13.284 13.252 13.217 13.199 13.149 13.087 13.039 13.074 13.054 12.972 12.884 12.842 12.789
17.534 17.394 17.224 17.029 16.859 16.719 16.594 16.456 16.374 16.289 16.214 16.186 16.134 16.044 15.941 15.871 15.794 15.696 15.584 15.499 15.419 15.349 15.261 15.199 15.166 15.096 15.026 14.946 14.859 14.716 14.634 14.549 14.486 14.411 14.326 14.234 14.121 14.061 14.016 13.986 13.976 13.966 13.991 13.984 13.946 13.916 13.841 13.809 13.814 13.804 13.749 13.664 13.614 13.587 13.529 13.462 13.407 13.364 13.337 13.322 13.269 13.269 13.237 13.224 13.222 13.212 13.142 13.067 12.954 12.907 12.842
17.646 17.519 17.351 17.159 16.976 16.831 16.719 16.576 16.464 16.394 16.339 16.271 16.174 16.074 16.006 15.896 15.864 15.799 15.704 15.604 15.521 15.434 15.369 15.296 15.224 15.139 15.041 14.961 14.859 14.724 14.654 14.551 14.469 14.404 14.311 14.224 14.149 14.104 14.049 13.991 13.981 13.961 13.956 13.946 13.941 13.916 13.884 13.859 13.851 13.839 13.784 13.707 13.662 13.627 13.587 13.547 13.472 13.434 13.417 13.377 13.359 13.339 13.364 13.377 13.369 13.319 13.239 13.159 13.049 12.974 12.874
17.681 17.561 17.414 17.246 17.089 16.941 16.829 16.681 16.591 16.491 16.421 16.341 16.234 16.144 16.076 15.994 15.916 15.844 15.754 15.621 15.564 15.491 15.416 15.354 15.294 15.209 15.086 14.986 14.864 14.731 14.666 14.586 14.454 14.409 14.311 14.244 14.196 14.129 14.094 14.051 14.014 13.971 13.966 13.946 13.944 13.919 13.889 13.889 13.914 13.859 13.814 13.739 13.709 13.687 13.617 13.589 13.529 13.524 13.497 13.467 13.452 13.489 13.464 13.447 13.409 13.382 13.339 13.254 13.114 13.044 12.924
17.681 17.599 17.456 17.286 17.156 17.021 16.864 16.759 16.671 16.594 16.504 16.431 16.346 16.249 16.141 16.059 15.981 15.871 15.784 15.684 15.611 15.529 15.469 15.389 15.334 15.279 15.124 15.009 14.894 14.811 14.714 14.579 14.461 14.414 14.339 14.316 14.229 14.141 14.114 14.076 14.071 14.021 13.976 13.984 13.944 13.911 13.899 13.889 13.896 13.856 13.792 13.774 13.762 13.719 13.652 13.589 13.557 13.569 13.554 13.527 13.582 13.594 13.562 13.529 13.477 13.417 13.412 13.357 13.194 13.077 12.994
17.691 17.611 17.474 17.331 17.196 17.054 16.906 16.799 16.726 16.664 16.586 16.509 16.394 16.279 16.226 16.129 15.989 15.916 15.819 15.741 15.654 15.576 15.486 15.409 15.356 15.286 15.186 15.079 14.924 14.819 14.754 14.641 14.531 14.446 14.381 14.301 14.274 14.226 14.169 14.126 14.121 14.061 14.029 13.981 13.974 13.929 13.904 13.889 13.831 13.811 13.802 13.797 13.794 13.717 13.652 13.612 13.594 13.584 13.607 13.669 13.689 13.677 13.647 13.604 13.544 13.519 13.469 13.402 13.272 13.182 13.099
17.676 17.631 17.521 17.406 17.261 17.104 16.984 16.861 16.784 16.749 16.641 16.569 16.456 16.384 16.299 16.176 16.056 15.986 15.861 15.759 15.654 15.604 15.531 15.439 15.361 15.274 15.169 15.069 14.966 14.869 14.779 14.696 14.596 14.499 14.419 14.324 14.286 14.246 14.199 14.169 14.136 14.126 14.066 13.996 13.959 13.946 13.939 13.886 13.811 13.761 13.734 13.747 13.727 13.702 13.644 13.639 13.612 13.627 13.684 13.744 13.757 13.749 13.704 13.624 13.599 13.557 13.479 13.434 13.344 13.267 13.194
17.766 17.671 17.559 17.456 17.341 17.199 17.054 16.959 16.899 16.854 16.754 16.656 16.569 16.454 16.351 16.214 16.126 16.041 15.916 15.806 15.694 15.586 15.509 15.404 15.319 15.256 15.189 15.081 14.956 14.884 14.806 14.724 14.686 14.589 14.511 14.389 14.349 14.314 14.256 14.224 14.204 14.171 14.101 14.036 14.004 13.974 13.934 13.876 13.801 13.751 13.702 13.694 13.664 13.659 13.654 13.647 13.652 13.704 13.749 13.764 13.777 13.794 13.792 13.724 13.642 13.554 13.527 13.469 13.399 13.334 13.262
17.841 17.776 17.691 17.574 17.446 17.316 17.159 17.049 16.969 16.914 16.849 16.764 16.666 16.566 16.446 16.321 16.241 16.151 16.024 15.886 15.796 15.639 15.501 15.414 15.309 15.229 15.189 15.079 14.989 14.939 14.871 14.786 14.731 14.671 14.581 14.484 14.434 14.359 14.351 14.289 14.266 14.231 14.161 14.119 14.091 14.044 14.009 13.931 13.866 13.781 13.722 13.677 13.679 13.664 13.679 13.694 13.709 13.727 13.777 13.789 13.792 13.827 13.847 13.807 13.677 13.627 13.542 13.494 13.444 13.392 13.294
17.881 17.811 17.716 17.646 17.546 17.434 17.321 17.194 17.084 16.984 16.876 16.811 16.694 16.591 16.546 16.456 16.344 16.226 16.121 16.001 15.869 15.704 15.569 15.464 15.369 15.294 15.204 15.124 15.031 14.969 14.911 14.849 14.771 14.719 14.656 14.584 14.516 14.496 14.454 14.421 14.399 14.371 14.294 14.234 14.181 14.174 14.076 14.034 13.969 13.904 13.867 13.812 13.809 13.799 13.782 13.782 13.797 13.767 13.792 13.819 13.849 13.854 13.874 13.807 13.692 13.687 13.577 13.534 13.459 13.429 13.307
17.934 17.844 17.746 17.689 17.609 17.519 17.411 17.319 17.179 17.051 16.936 16.876 16.779 16.669 16.586 16.501 16.416 16.294 16.174 16.054 15.941 15.799 15.659 15.549 15.466 15.389 15.309 15.221 15.129 15.024 14.979 14.906 14.844 14.819 14.736 14.669 14.656 14.604 14.569 14.551 14.514 14.474 14.399 14.331 14.286 14.256 14.176 14.109 14.026 13.966 13.957 13.962 13.947 13.932 13.922 13.914 13.944 13.914 13.924 13.932 13.934 13.927 13.887 13.824 13.777 13.704 13.629 13.572 13.494 13.477 13.389
17.996 17.921 17.839 17.776 17.721 17.669 17.556 17.456 17.346 17.201 17.081 17.001 16.881 16.784 16.671 16.561 16.444 16.346 16.231 16.121 16.014 15.894 15.781 15.689 15.616 15.544 15.446 15.354 15.279 15.164 15.094 15.014 14.961 14.904 14.826 14.771 14.744 14.706 14.686 14.646 14.609 14.554 14.486 14.449 14.409 14.364 14.314 14.206 14.131 14.074 14.049 14.027 14.027 14.017 14.027 14.029 14.057 14.062 14.042 14.049 14.052 14.019 13.974 13.897 13.852 13.772 13.702 13.647 13.584 13.519 13.444
18.471 18.351 18.219 17.929 17.794 17.746 17.646 17.546 17.449 17.314 17.226 17.109 16.999 16.911 16.809 16.681 16.579 16.459 16.361 16.246 16.116 16.026 15.899 15.819 15.731 15.664 15.594 15.486 15.409 15.294 15.224 15.149 15.079 15.004 14.934 14.911 14.904 14.839 14.799 14.796 14.704 14.641 14.561 14.521 14.501 14.446 14.391 14.346 14.234 14.204 14.162 14.127 14.129 14.109 14.124 14.119 14.134 14.132 14.102 14.077 14.064 14.024 13.984 13.964 13.904 13.872 13.769 13.744 13.652 13.572 13.477
17.821 18.004 18.089 18.306 18.311 18.229 18.119 17.824 17.696 17.601 17.339 17.244 17.104 16.999 16.901 16.769 16.629 16.519 16.429 16.314 16.171 16.066 15.976 15.864 15.804 15.719 15.681 15.626 15.519 15.431 15.341 15.284 15.204 15.099 15.014 14.969 14.941 14.916 14.886 14.846 14.804 14.746 14.669 14.626 14.606 14.514 14.441 14.394 14.334 14.289 14.264 14.224 14.217 14.207 14.224 14.577 14.627 14.454 14.404 14.112 14.084 14.064 14.017 13.972 13.917 13.829 13.777 13.717 13.657 13.589 13.537
17.656 17.574 17.524 17.481 17.469 17.491 17.539 17.729 18.024 18.091 18.074 17.779 17.679 17.859 17.556 17.214 17.071 16.786 16.669 16.506 16.259 16.104 15.919 15.864 15.774 15.664 15.611 15.541 15.486 15.409 15.359 15.279 15.201 15.114 15.039 14.976 14.954 14.906 14.916 14.876 14.839 14.751 14.724 14.684 14.651 14.591 14.551 14.496 14.424 14.384 14.364 14.359 14.314 14.277 14.252 14.402 14.294 14.352 14.479 14.754 14.647 14.597 14.117 14.024 13.954 13.892 13.807 13.737 13.667 13.614 13.557
17.726 17.611 17.481 17.411 17.346 17.246 17.186 17.091 17.001 16.954 16.981 16.881 16.941 17.146 17.164 17.414 17.441 17.231 17.574 17.624 17.361 17.129 16.824 17.201 16.991 16.784 16.501 16.174 16.156 16.201 16.106 15.659 15.554 15.349 15.344 15.199 14.946 14.909 14.969 14.891 14.886 14.744 14.674 14.696 14.641 14.576 14.539 14.511 14.469 14.384 14.364 14.364 14.334 14.314 14.382 14.267 14.124 14.152 14.179 14.177 14.197 14.159 14.637 14.582 14.402 14.242 13.887 13.744 13.709 13.657 13.534
17.786 17.696 17.584 17.446 17.411 17.274 17.229 17.101 16.979 16.899 16.809 16.681 16.626 16.539 16.446 16.419 16.316 16.231 16.116 16.091 16.044 15.939 15.959 16.004 16.046 16.019 16.311 16.301 16.141 16.016 16.081 16.086 15.909 15.709 15.514 15.466 15.644 15.641 15.831 15.794 15.526 15.446 15.226 15.246 15.191 14.994 14.836 14.806 14.841 14.719 14.662 14.699 14.562 14.664 15.009 14.392 14.229 14.204 14.174 14.152 14.122 14.104 14.054 14.004 14.032 14.139 14.274 14.347 14.022 13.832 13.577
17.861 17.731 17.651 17.561 17.489 17.394 17.231 17.156 17.111 16.951 16.891 16.789 16.646 16.541 16.489 16.401 16.306 16.214 16.126 16.054 15.971 15.889 15.831 15.744 15.676 15.609 15.536 15.384 15.339 15.289 15.199 15.119 15.054 15.019 14.966 14.889 14.826 14.804 14.766 14.774 14.741 14.711 14.809 14.751 14.691 14.861 14.874 14.914 14.919 14.829 14.847 15.019 15.092 15.009 14.727 14.339 14.294 14.212 14.194 14.159 14.154 14.124 14.052 14.019 13.977 13.897 13.869 13.869 14.049 14.289 14.174
18.789 18.434 18.054 17.834 17.696 17.536 17.374 17.279 17.159 17.059 16.956 16.834 16.774 16.646 16.571 16.496 16.456 16.309 16.274 16.174 16.031 15.986 15.884 15.879 15.776 15.661 15.559 15.516 15.451 15.374 15.289 15.229 15.089 15.021 14.966 14.929 14.874 14.869 14.751 14.751 14.704 14.659 14.624 14.579 14.579 14.536 14.519 14.466 14.489 14.479 14.497 14.402 14.389 14.339 14.354 14.332 14.352 14.344 14.322 14.302 14.239 14.229 14.159 14.137 14.069 14.002 13.924 13.889 13.832 13.827 13.777
19.016 19.101 19.139 19.136 18.894 18.526 18.164 17.879 17.589 17.394 17.224 17.024 16.841 16.684 16.659 16.531 16.489 16.399 16.346 16.276 16.119 16.061 15.974 15.891 15.839 15.756 15.656 15.601 15.494 15.401 15.319 15.214 15.139 15.054 15.001 14.959 14.859 14.801 14.779 14.719 14.706 14.654 14.599 14.571 14.549 14.524 14.489 14.469 14.454 14.411 14.442 14.414 14.364 14.382 14.377 14.349 14.332 14.319 14.319 14.292 14.267 14.277 14.232 14.224 14.119 14.109 14.019 13.969 13.919 13.837 13.787
