All_lidar/sz6390_DSM_2M.asc
ncols 500
nrows 500
xllcorner    463000
yllcorner    90000
cellsize     2
NODATA_value -9999
[rows 264 to 296 of 500, columns 146 to 218 of 500]
24.567 24.722 24.497 25.152 25.029 24.194 24.277 24.002 23.804 23.772 23.924 23.752 23.919 23.624 23.849 23.594 23.749 23.404 23.199 23.082 22.897 22.724 23.249 22.982 22.322 22.337 22.199 22.147 22.102 21.824 21.714 21.624 21.557 21.417 21.254 21.087 21.377 20.919 20.564 20.544 23.679 22.432 21.744 25.624 23.169 22.114 21.924 19.892 19.684 19.589 19.454 19.242 19.097 19.082 18.729 18.589 18.387 17.964 16.994 15.729 14.657 13.629 12.339 10.472 9.119 7.987 7.052 6.302 6.297 7.129 4.991 4.227 3.249
24.707 25.962 27.529 24.587 26.977 26.164 24.399 24.144 23.972 24.044 24.802 25.897 25.392 24.377 24.177 24.109 23.679 23.982 23.824 23.532 23.034 22.969 23.502 23.284 22.747 22.599 22.457 22.329 22.142 21.962 21.944 21.899 21.704 21.572 21.429 21.472 21.402 20.969 20.812 23.664 29.404 26.547 25.684 25.882 21.004 20.209 20.687 22.267 20.259 20.399 19.637 19.477 19.362 19.402 19.022 18.829 18.809 18.287 17.339 16.474 15.687 14.609 12.484 10.967 9.702 8.822 8.884 7.074 5.869 6.112 5.182 4.453 3.384
25.284 25.394 25.679 24.609 25.852 24.902 24.427 24.367 24.139 24.077 24.044 24.027 24.519 24.144 24.314 24.314 23.777 23.852 23.852 23.519 23.322 23.174 23.334 23.809 23.442 22.819 22.597 22.574 22.594 22.397 22.229 22.064 21.917 22.384 22.194 21.492 21.264 21.167 21.067 22.539 29.189 30.509 27.134 27.579 23.059 25.757 20.949 21.019 20.572 20.197 19.792 19.877 19.767 19.707 19.292 19.254 19.029 18.582 17.939 17.157 16.417 15.152 13.149 11.284 10.487 9.544 8.337 7.517 6.672 5.469 5.055 4.402 3.472
27.127 29.782 27.912 26.172 26.314 24.672 24.519 24.444 24.387 24.284 24.237 24.237 24.494 24.324 24.262 24.112 23.919 23.909 23.959 23.699 23.509 23.599 23.714 24.094 23.962 23.304 22.869 22.877 23.377 22.922 22.394 22.262 22.174 22.497 22.219 21.684 21.519 21.394 21.269 21.137 23.519 28.957 30.207 27.147 25.532 21.567 22.869 21.397 21.264 20.769 20.084 20.139 20.184 19.964 19.922 19.682 19.182 19.374 18.509 17.802 16.772 15.589 13.319 11.704 10.492 9.579 8.209 7.627 6.722 6.482 5.388 4.854 3.524
26.079 27.562 28.907 25.569 25.354 24.722 24.707 24.667 24.524 24.384 24.402 24.307 24.499 24.697 24.534 24.219 24.092 23.997 23.964 24.062 23.839 24.097 24.827 23.977 24.069 23.849 23.169 23.109 23.147 22.814 22.609 23.487 22.612 22.222 22.062 21.914 21.739 21.609 21.477 21.342 21.822 26.294 28.759 26.644 23.244 21.012 20.852 20.637 21.214 20.917 20.229 21.084 20.522 19.962 19.964 19.677 19.342 19.837 19.019 18.147 17.452 16.222 14.587 12.772 11.034 12.422 8.962 7.977 6.484 5.939 5.727 4.11 3.537
25.657 25.497 25.597 26.399 24.982 24.814 24.799 24.692 24.654 24.584 24.512 24.482 24.454 24.534 24.812 25.104 24.579 24.249 24.304 24.307 24.072 23.989 23.972 23.982 24.027 23.784 23.464 23.324 23.214 23.047 23.012 22.919 22.532 22.389 22.299 22.114 21.952 21.824 21.692 21.574 21.447 21.612 22.754 25.112 24.087 22.059 20.844 20.782 20.914 20.792 20.559 20.834 20.784 20.344 19.922 19.914 19.894 19.474 18.817 18.357 17.867 16.982 15.899 13.899 11.637 9.999 8.697 7.707 7.424 7.522 5.769 4.116 3.547
25.782 25.652 26.064 25.414 25.237 25.087 25.007 24.969 24.999 24.827 24.849 24.817 24.697 24.619 24.619 24.679 24.557 24.494 24.477 24.429 24.394 24.199 24.037 24.084 23.937 23.779 23.694 23.572 23.837 23.754 23.222 22.957 22.777 22.629 22.539 22.372 22.219 22.049 21.984 21.909 21.762 21.577 21.422 21.482 21.344 21.444 21.004 20.884 21.564 20.944 20.609 20.817 20.594 20.282 20.187 20.037 19.767 19.464 19.152 18.609 18.117 17.419 15.834 14.577 12.567 11.079 9.444 8.279 7.517 7.557 4.539 3.957 3.631
25.919 25.854 25.862 25.797 25.687 25.599 25.444 25.207 25.142 25.094 25.069 24.964 24.922 24.894 24.837 24.752 24.677 24.934 25.719 24.607 24.519 24.462 24.284 24.182 24.109 24.019 23.899 23.832 23.869 23.959 23.527 23.184 23.047 22.914 22.764 22.607 22.437 22.374 22.609 22.742 22.439 21.944 21.629 21.439 21.282 21.224 21.309 21.064 21.049 20.967 20.852 20.612 20.452 20.424 20.277 20.114 19.894 19.964 19.704 22.014 18.337 17.444 16.159 14.762 14.234 13.327 10.249 8.234 7.709 6.457 4.464 4.058 3.665
26.054 26.739 26.424 25.947 25.879 25.772 25.589 25.409 25.284 25.257 25.229 25.157 25.084 25.084 25.017 24.939 24.904 25.407 28.242 24.782 24.732 24.674 24.549 24.412 24.312 24.219 24.252 24.292 23.909 23.709 23.599 23.454 23.304 23.152 22.992 22.822 22.684 22.757 23.044 23.142 23.027 22.592 21.944 21.609 21.464 21.319 21.324 21.237 21.104 21.094 21.057 20.697 20.832 21.344 20.419 20.397 20.034 23.232 19.639 21.392 19.602 17.529 17.412 15.382 17.239 17.372 11.857 8.772 7.217 6.224 5.192 5.79 3.814
26.272 26.457 26.507 26.217 26.352 26.034 25.667 25.552 25.494 25.319 25.357 25.274 25.229 25.204 25.164 25.299 25.432 25.562 27.722 24.927 24.872 24.842 24.752 24.632 24.544 24.507 24.487 24.267 24.109 23.934 23.822 23.692 23.562 23.374 23.237 23.034 22.889 22.897 23.094 23.192 23.207 23.072 22.529 21.934 21.589 21.442 21.342 21.397 21.359 21.254 21.007 20.807 21.187 20.737 20.422 20.527 21.347 21.847 22.632 23.432 23.754 18.339 16.984 15.662 16.299 13.907 10.634 9.087 7.909 6.999 5.887 5.274 4.143
26.597 26.479 26.162 26.282 26.394 26.112 25.994 26.017 25.829 25.504 25.467 25.432 25.337 25.319 25.324 25.279 26.834 27.509 25.552 25.142 25.082 25.032 24.914 25.362 27.797 25.919 24.692 24.519 24.367 24.264 24.134 24.007 23.812 23.597 23.449 23.257 23.084 23.004 23.017 23.129 23.179 23.149 22.792 22.129 21.712 21.564 21.492 21.444 21.474 21.957 21.197 20.929 20.904 20.622 20.549 20.917 22.954 20.717 23.167 20.752 19.449 18.332 17.132 15.687 14.212 12.604 10.932 9.397 8.099 7.307 6.372 5.794 5.001
26.817 26.687 26.479 26.479 26.247 26.884 26.072 25.729 25.694 25.634 25.587 25.544 25.484 25.474 25.642 26.164 26.524 26.419 25.409 25.369 25.334 25.232 25.107 25.044 26.424 25.369 24.824 24.749 24.604 24.484 24.382 24.297 24.044 23.812 23.667 23.482 23.292 23.177 23.009 22.969 23.004 22.899 22.529 22.122 21.884 21.709 21.587 21.544 21.689 21.439 21.207 21.124 21.702 20.832 20.607 20.827 21.919 20.552 19.924 19.917 19.382 19.267 17.549 16.584 15.164 13.482 11.637 9.897 8.564 7.529 6.494 7.659 4.877
27.769 27.239 26.862 26.497 26.359 26.277 26.129 25.979 25.952 25.919 25.869 25.792 25.827 25.754 25.819 26.064 25.734 25.682 25.654 25.564 25.467 26.547 29.002 25.864 25.242 25.052 25.012 24.877 24.792 24.649 24.564 24.487 24.262 24.052 23.862 23.667 23.494 23.334 23.149 22.989 22.832 22.639 22.394 22.194 22.034 21.877 21.712 21.639 21.759 21.589 22.002 21.272 21.082 21.222 20.784 20.887 20.589 20.324 20.039 19.842 19.467 19.057 17.819 17.022 15.672 13.912 12.102 10.277 8.884 8.077 6.372 5.397 4.679
27.299 27.072 26.794 26.542 26.507 26.447 26.329 26.244 26.267 26.374 26.102 26.072 26.059 26.029 25.969 25.927 25.914 25.922 25.794 25.734 26.007 25.634 25.884 25.434 25.337 25.289 25.187 25.079 24.977 24.837 24.747 24.619 24.422 24.234 24.077 23.862 23.689 23.477 23.307 23.127 22.922 22.739 22.557 22.342 22.147 22.012 21.874 21.767 21.907 22.729 22.119 21.269 21.094 21.157 20.847 20.929 21.262 20.384 21.012 20.379 19.717 19.212 18.214 17.087 15.842 13.877 11.884 10.272 9.007 7.562 6.337 5.539 4.782
27.504 26.987 26.817 26.717 26.707 26.684 26.639 26.554 26.627 27.349 26.892 26.447 26.412 26.199 26.172 26.097 26.079 26.047 25.969 27.537 28.574 26.174 25.717 25.624 25.539 25.514 25.402 25.289 25.142 25.014 24.922 24.757 24.562 24.372 24.187 23.994 23.824 23.669 23.449 23.212 23.044 22.837 22.647 22.452 22.269 22.129 21.992 21.877 22.227 22.274 21.612 21.367 21.259 20.964 20.822 21.029 21.657 22.822 22.509 20.392 19.804 19.574 18.574 17.057 15.697 13.914 12.049 10.484 9.199 7.804 6.027 4.824 4.552
27.249 27.159 27.072 27.037 26.932 26.847 26.897 27.052 26.927 26.784 27.029 26.917 26.597 26.422 26.397 26.337 26.302 26.204 26.089 27.854 27.174 26.014 25.882 25.824 25.804 25.724 25.594 25.452 25.294 25.149 25.032 24.879 24.667 24.477 24.287 24.122 23.967 23.804 23.602 23.379 23.134 22.947 22.787 22.602 22.407 22.227 22.107 21.969 22.124 22.957 21.599 21.369 21.272 21.039 20.899 21.104 21.544 24.597 22.847 20.229 19.689 19.309 18.574 17.034 15.764 14.112 12.307 10.592 8.944 7.264 5.914 5.464 4.677
27.459 27.397 27.402 27.332 27.269 27.199 27.087 27.184 27.202 27.262 26.912 26.817 26.782 26.799 26.632 26.564 26.497 27.459 27.787 26.497 26.157 26.107 26.089 26.094 26.049 25.912 25.802 25.617 25.449 25.294 25.144 24.987 24.789 24.612 24.442 24.264 24.089 23.919 23.732 23.522 23.214 23.039 22.864 22.674 22.497 22.332 22.172 22.012 22.609 22.934 21.882 22.742 21.772 21.219 21.197 21.284 22.102 21.649 21.632 20.482 19.764 19.289 18.512 16.884 15.457 14.044 12.347 10.589 8.877 7.169 5.859 5.132 4.617
27.679 27.627 27.599 27.544 27.557 27.499 27.324 27.259 27.347 27.314 27.132 27.052 26.954 26.934 26.854 26.992 27.327 27.992 26.554 26.462 26.424 26.277 26.259 26.284 26.279 26.117 25.924 25.772 25.629 25.462 25.269 25.107 24.914 24.732 24.549 24.402 24.202 23.992 23.817 23.614 23.339 23.132 22.944 22.759 22.592 22.422 22.269 22.177 22.437 22.627 21.989 22.319 21.789 21.357 21.227 21.604 21.742 21.592 21.152 20.537 19.784 19.399 18.629 17.219 15.757 14.142 12.354 10.799 9.382 8.094 6.109 4.952 4.637
28.177 27.842 27.799 27.744 27.759 27.677 27.619 27.599 27.554 27.322 27.314 27.284 27.182 27.037 27.157 28.707 28.602 26.744 26.667 26.569 26.502 26.489 26.437 26.412 26.382 26.274 26.082 25.894 25.734 25.562 25.372 25.219 25.022 24.859 24.712 24.542 24.349 24.117 23.947 23.724 23.464 23.229 23.047 22.847 22.674 22.514 22.327 22.322 23.324 23.157 22.607 21.957 21.727 21.512 21.742 22.499 21.992 21.572 20.937 20.367 20.162 19.552 18.844 17.272 15.714 14.124 12.684 11.179 9.759 8.402 6.432 4.634 4.539
29.522 28.179 31.152 27.929 27.967 28.129 27.979 27.787 27.654 27.557 27.539 27.474 27.387 27.522 28.094 28.604 27.334 26.869 26.837 26.799 26.779 26.714 26.617 26.559 26.489 26.384 26.227 26.037 25.849 25.694 25.514 25.342 25.139 24.964 24.799 24.612 24.442 24.259 24.047 23.804 23.589 23.307 23.089 22.922 22.747 22.589 22.394 22.669 24.942 22.949 22.092 22.264 21.917 25.099 23.249 21.927 21.817 21.552 20.912 20.642 20.239 19.509 18.609 17.347 15.919 14.274 12.494 10.994 9.454 8.104 6.532 4.564 5.054
32.514 32.952 31.809 28.162 28.124 28.187 28.299 27.962 27.899 27.837 27.742 27.742 29.354 32.684 30.129 27.604 27.209 27.119 27.117 27.062 26.974 26.889 26.802 26.687 26.602 26.487 26.322 26.132 25.962 25.819 25.627 25.432 25.237 25.069 24.879 24.682 24.537 24.362 24.147 23.914 23.682 23.394 23.172 23.037 22.842 22.669 22.502 22.697 23.397 23.092 22.964 22.342 21.829 29.449 23.862 22.117 22.109 21.612 20.862 20.412 19.989 19.447 18.432 17.164 15.722 14.077 12.429 10.914 10.447 8.294 6.702 4.752 5.582
34.599 40.772 30.167 28.392 28.337 28.284 28.279 28.229 28.142 28.037 27.929 27.864 29.467 28.627 28.054 27.477 27.402 27.359 27.309 27.232 27.132 27.029 26.922 26.824 26.717 26.594 26.437 26.227 26.074 25.919 25.699 25.507 25.349 25.172 24.952 24.794 24.667 24.439 24.247 24.014 23.782 23.487 23.282 23.137 22.939 22.792 22.627 22.927 23.657 23.154 22.914 22.334 22.097 24.297 22.247 21.734 21.822 21.494 20.794 20.257 19.742 19.097 18.139 16.904 15.659 14.334 12.852 11.104 9.424 8.924 7.879 5.667 4.807
28.884 32.302 29.012 29.339 28.559 28.499 28.494 28.422 28.342 28.189 29.049 33.397 36.087 27.797 27.722 27.687 27.632 27.582 27.477 27.379 27.282 27.172 27.072 26.962 26.849 26.704 26.527 26.309 26.139 25.979 25.774 25.629 25.442 25.244 25.052 24.882 24.752 24.574 24.349 24.132 23.882 23.657 23.379 23.207 23.047 23.002 22.754 22.952 23.442 23.204 22.707 22.384 22.167 24.437 22.707 22.209 22.257 21.567 20.549 20.397 20.299 19.127 18.144 17.012 15.809 14.432 12.924 11.647 9.944 8.482 7.107 5.739 5.487
29.022 29.487 29.409 29.914 29.134 28.747 28.682 28.647 28.564 28.417 29.104 30.017 29.889 28.044 27.949 27.947 27.879 27.802 27.697 27.554 27.429 27.342 27.227 27.112 26.999 26.817 26.617 26.407 26.222 26.062 25.887 25.752 25.524 25.304 25.137 24.962 24.822 24.699 24.439 24.212 23.984 23.759 23.517 23.342 23.154 22.989 22.854 22.892 23.449 23.637 23.287 22.422 22.239 21.884 21.819 21.854 22.099 21.272 20.679 20.349 19.634 19.059 18.194 17.074 15.487 14.354 13.317 12.054 10.194 8.697 7.152 5.842 5.102
29.252 29.557 29.509 30.002 29.167 28.939 28.839 31.722 34.434 32.019 28.552 28.409 28.344 28.277 28.244 28.204 28.104 27.974 27.847 27.722 27.577 27.454 27.349 27.197 27.087 26.904 26.702 26.517 26.357 26.169 25.974 25.784 25.599 25.409 25.219 25.039 24.892 24.769 24.519 24.289 24.052 23.852 23.692 23.457 23.289 23.262 23.117 22.974 22.684 22.689 22.574 22.402 22.234 21.772 21.567 21.829 22.322 21.232 20.974 20.562 19.774 19.082 18.164 16.947 15.449 14.354 13.097 11.532 9.952 9.064 9.062 6.754 5.802
29.454 29.419 29.362 29.332 29.267 29.127 29.057 29.137 31.902 32.537 28.682 28.619 28.562 28.549 28.499 28.392 28.272 28.139 27.999 27.882 27.737 27.587 27.452 27.309 27.189 27.044 26.837 26.637 26.442 26.247 26.052 25.857 25.672 25.492 25.317 25.144 24.987 24.834 24.602 24.384 24.162 24.017 24.029 23.564 23.367 23.259 23.007 22.812 22.649 22.622 22.594 22.249 22.124 21.809 21.764 21.894 21.784 21.462 20.899 20.262 19.674 19.037 18.249 17.122 15.692 14.657 13.287 11.617 10.024 9.174 8.122 9.109 5.587
29.612 29.559 29.559 29.507 29.404 29.367 29.272 29.384 29.187 30.037 28.894 28.834 28.762 28.727 28.647 28.539 28.407 28.284 28.152 28.032 27.887 27.722 27.552 27.374 27.274 27.109 26.919 26.727 26.512 26.337 26.132 25.924 25.742 25.584 25.402 25.199 25.064 24.919 24.737 24.509 24.349 24.169 23.942 23.912 23.442 23.299 23.117 22.832 22.634 22.602 22.762 22.947 22.039 22.662 21.949 22.477 21.847 21.512 20.744 20.412 19.552 19.002 18.412 17.147 15.862 14.794 13.472 11.839 10.409 9.157 8.247 7.104 6.139
29.769 29.777 29.709 29.662 29.642 29.589 30.039 29.467 29.287 29.219 29.147 29.084 28.967 28.889 28.784 28.679 28.547 28.412 28.274 28.154 27.997 27.832 27.642 27.484 27.352 27.219 27.019 26.814 26.604 26.407 26.204 26.022 25.849 25.679 25.499 25.297 25.129 24.994 24.872 24.697 24.467 24.294 23.952 23.814 23.487 23.409 23.169 22.952 22.752 22.532 22.949 24.304 22.099 22.722 21.844 21.812 21.879 21.057 20.637 20.227 19.527 19.607 19.114 17.699 16.077 15.044 13.659 12.117 10.609 9.297 8.177 7.329 6.494
30.047 29.972 29.914 30.099 32.632 31.457 29.719 29.567 29.514 29.457 29.357 29.284 29.162 29.042 28.932 28.829 28.702 28.557 28.412 28.279 28.124 27.962 27.769 27.617 27.447 27.334 27.139 26.957 26.749 26.529 26.304 26.127 25.974 25.759 25.552 25.339 25.194 25.049 25.017 24.819 24.564 24.349 24.122 23.829 23.574 23.587 23.324 23.317 23.599 27.484 28.417 25.489 24.222 26.892 21.884 21.562 21.352 20.994 20.619 20.424 19.807 19.059 18.207 17.084 16.019 15.129 14.079 12.594 11.214 10.097 8.619 7.544 6.592
30.224 30.182 30.952 30.712 32.432 32.217 29.857 29.792 29.724 29.654 29.549 29.422 29.312 29.194 29.102 28.994 28.877 28.707 28.544 28.394 28.234 28.072 27.887 27.754 27.552 27.372 27.234 27.059 26.869 26.662 26.419 26.214 26.039 25.814 25.612 25.409 25.229 25.147 25.034 24.872 24.692 24.397 24.134 23.914 23.684 23.734 23.464 23.757 25.644 26.924 27.877 25.837 24.009 25.352 22.539 21.599 21.707 21.434 21.159 20.342 20.142 19.649 18.274 17.364 16.262 15.277 14.332 13.159 12.189 11.077 9.837 8.004 6.489
30.442 31.179 32.269 30.672 30.489 30.649 30.034 29.982 29.924 29.829 29.714 29.584 29.432 29.324 29.219 29.094 28.989 28.837 28.692 28.487 28.292 28.112 27.932 27.799 27.642 27.442 27.267 27.099 26.887 26.744 26.544 26.307 26.092 25.914 25.682 25.477 25.329 25.252 25.124 25.074 24.747 24.384 24.177 23.982 23.807 23.599 23.529 23.464 23.864 23.782 23.052 22.689 25.189 22.747 21.759 21.492 21.617 21.399 21.207 20.502 20.137 19.307 18.509 17.644 16.647 15.679 14.759 13.742 12.552 11.069 9.649 8.114 6.902
30.647 30.834 30.874 30.622 30.389 30.309 30.262 30.204 30.117 30.009 29.887 29.744 29.589 29.437 29.317 29.192 29.092 28.939 28.742 28.549 28.369 28.177 28.034 27.822 27.662 27.477 27.299 27.114 26.927 26.794 26.662 26.402 26.177 25.967 25.767 25.599 25.484 25.484 25.552 25.427 25.227 24.664 24.282 24.147 23.899 23.712 23.469 23.299 23.102 23.009 23.122 22.524 24.054 23.852 22.559 21.689 21.587 21.442 21.147 20.584 20.057 19.372 18.709 17.982 16.902 16.052 15.047 13.699 12.379 11.109 10.279 8.767 7.479
31.379 31.107 30.637 30.607 30.607 30.519 30.454 30.382 30.264 30.144 30.037 29.892 29.724 29.577 29.457 29.302 29.159 29.012 28.792 28.589 28.402 28.247 28.107 27.897 27.732 27.547 27.354 27.154 27.014 26.877 26.742 26.524 26.309 26.087 25.894 25.747 25.597 25.674 25.739 25.942 25.732 25.157 24.689 24.212 23.937 23.649 23.479 23.329 23.119 22.902 22.687 22.237 24.997 27.584 21.829 21.864 21.484 21.499 20.957 20.534 19.827 19.172 18.782 18.159 17.082 16.144 15.169 13.909 12.759 11.409 10.229 8.754 7.357
