All_lidar/sz6385_DSM_2M.asc
ncols 500
nrows 500
xllcorner    463000
yllcorner    85000
cellsize     2
NODATA_value -9999
[rows 64 to 95 of 500, columns 216 to 287 of 500]
50.299 50.359 50.374 50.414 50.481 50.526 50.601 50.594 50.684 50.804 50.881 50.941 51.051 51.134 51.239 51.306 51.344 51.456 51.531 51.614 51.674 51.744 51.796 51.796 51.841 51.849 51.859 51.869 51.859 51.846 51.829 51.834 51.806 51.806 51.769 51.771 51.744 51.704 51.701 51.701 51.691 51.689 51.666 51.694 51.676 51.659 51.646 51.609 51.569 51.549 51.474 51.466 51.489 51.464 51.429 51.376 51.361 51.339 51.284 51.234 51.214 51.169 51.121 51.096 51.056 51.014 50.951 50.899 50.879 50.846 50.804 50.754
50.511 50.551 50.561 50.604 50.669 50.729 50.774 50.786 50.874 50.976 51.086 51.124 51.219 51.314 51.414 51.456 51.516 51.631 51.716 51.749 51.831 51.906 51.951 51.986 52.006 51.996 51.999 52.026 52.036 51.999 51.979 51.981 51.979 51.946 51.936 51.926 51.901 51.879 51.849 51.869 51.849 51.859 51.829 51.841 51.839 51.821 51.756 51.756 51.721 51.689 51.651 51.629 51.634 51.604 51.569 51.534 51.519 51.486 51.436 51.394 51.371 51.319 51.269 51.229 51.204 51.149 51.094 51.039 51.039 51.019 50.984 50.934
50.701 50.741 50.774 50.819 50.866 50.931 50.946 50.979 51.069 51.169 51.251 51.299 51.399 51.494 51.581 51.639 51.701 51.786 51.876 51.916 52.004 52.081 52.114 52.146 52.144 52.129 52.169 52.174 52.186 52.154 52.139 52.154 52.121 52.106 52.111 52.086 52.071 52.031 52.031 52.031 52.049 51.996 51.979 51.996 51.999 51.989 51.961 51.914 51.889 51.864 51.834 51.796 51.809 51.764 51.719 51.691 51.689 51.639 51.596 51.561 51.511 51.436 51.399 51.354 51.316 51.271 51.226 51.184 51.184 51.166 51.136 51.091
50.909 50.929 50.961 51.004 51.036 51.106 51.126 51.164 51.271 51.344 51.434 51.504 51.576 51.656 51.739 51.781 51.874 51.956 52.039 52.081 52.164 52.244 52.266 52.284 52.296 52.276 52.329 52.319 52.319 52.291 52.281 52.286 52.266 52.271 52.269 52.266 52.224 52.209 52.209 52.194 52.204 52.139 52.154 52.171 52.201 52.141 52.099 52.071 52.054 52.019 51.994 51.996 51.979 51.924 51.886 51.864 51.841 51.811 51.739 51.716 51.679 51.579 51.544 51.496 51.451 51.404 51.354 51.326 51.309 51.299 51.254 51.224
51.134 51.151 51.176 51.209 51.221 51.314 51.306 51.356 51.454 51.531 51.596 51.671 51.749 51.844 51.906 51.959 52.056 52.141 52.206 52.246 52.319 52.401 52.419 52.416 52.449 52.434 52.464 52.471 52.481 52.456 52.426 52.446 52.426 52.406 52.399 52.401 52.376 52.364 52.364 52.371 52.359 52.294 52.319 52.339 52.349 52.304 52.276 52.231 52.211 52.176 52.161 52.146 52.139 52.099 52.049 52.031 52.026 51.964 51.914 51.879 51.826 51.764 51.706 51.671 51.641 51.579 51.516 51.489 51.451 51.434 51.411 51.376
51.344 51.351 51.374 51.409 51.449 51.494 51.504 51.546 51.626 51.714 51.766 51.819 51.916 51.991 52.054 52.124 52.219 52.299 52.364 52.419 52.514 52.561 52.576 52.599 52.586 52.601 52.611 52.604 52.619 52.616 52.574 52.591 52.581 52.554 52.536 52.544 52.521 52.521 52.521 52.516 52.491 52.461 52.499 52.481 52.501 52.446 52.409 52.376 52.374 52.324 52.304 52.304 52.284 52.269 52.209 52.181 52.171 52.111 52.069 52.029 51.976 51.931 51.869 51.839 51.811 51.759 51.684 51.656 51.626 51.611 51.561 51.549
51.544 51.524 51.556 51.606 51.644 51.679 51.709 51.749 51.836 51.884 51.934 52.004 52.091 52.159 52.214 52.274 52.366 52.461 52.536 52.576 52.661 52.719 52.729 52.741 52.754 52.746 52.756 52.774 52.761 52.754 52.729 52.734 52.714 52.719 52.696 52.686 52.664 52.644 52.656 52.661 52.651 52.644 52.634 52.626 52.641 52.609 52.566 52.546 52.526 52.491 52.481 52.479 52.456 52.426 52.369 52.359 52.309 52.289 52.204 52.159 52.131 52.084 52.041 51.996 51.959 51.911 51.864 51.819 51.809 51.779 51.724 51.704
51.754 51.756 51.759 51.836 51.851 51.854 51.876 51.941 52.019 52.061 52.121 52.194 52.276 52.349 52.386 52.451 52.516 52.596 52.651 52.709 52.784 52.849 52.851 52.871 52.879 52.896 52.916 52.919 52.924 52.889 52.879 52.899 52.876 52.854 52.856 52.846 52.819 52.799 52.799 52.779 52.781 52.764 52.756 52.764 52.771 52.744 52.696 52.696 52.681 52.631 52.614 52.619 52.611 52.564 52.521 52.504 52.486 52.429 52.381 52.346 52.284 52.244 52.179 52.129 52.109 52.079 52.006 51.981 51.944 51.926 51.891 51.839
51.921 51.941 51.961 52.016 52.029 52.046 52.059 52.146 52.219 52.251 52.336 52.374 52.466 52.516 52.571 52.656 52.686 52.764 52.821 52.871 52.939 52.986 52.984 53.024 53.031 53.031 53.071 53.034 53.031 53.029 53.014 53.014 53.029 53.014 52.999 53.019 52.979 52.956 52.946 52.931 52.926 52.906 52.894 52.919 52.906 52.876 52.859 52.841 52.806 52.761 52.756 52.776 52.759 52.709 52.674 52.651 52.614 52.571 52.529 52.484 52.449 52.389 52.346 52.264 52.266 52.206 52.149 52.126 52.094 52.066 52.034 52.009
52.116 52.124 52.151 52.189 52.221 52.256 52.261 52.334 52.394 52.461 52.516 52.584 52.649 52.701 52.746 52.806 52.871 52.949 53.004 53.031 53.116 53.164 53.156 53.194 53.201 53.201 53.216 53.201 53.206 53.176 53.159 53.164 53.151 53.146 53.104 53.134 53.086 53.084 53.091 53.069 53.071 53.076 53.069 53.071 53.074 53.046 53.011 52.991 52.971 52.919 52.911 52.906 52.889 52.824 52.819 52.801 52.761 52.709 52.649 52.614 52.566 52.509 52.494 52.431 52.391 52.341 52.296 52.274 52.241 52.214 52.171 52.136
52.314 52.309 52.334 52.369 52.421 52.486 52.479 52.524 52.601 52.631 52.714 52.754 52.844 52.894 52.916 52.991 53.084 53.116 53.144 53.216 53.276 53.301 53.304 53.339 53.331 53.334 53.331 53.341 53.364 53.351 53.329 53.324 53.329 53.304 53.266 53.261 53.244 53.226 53.224 53.244 53.246 53.221 53.234 53.224 53.219 53.174 53.156 53.159 53.126 53.064 53.066 53.071 53.046 52.974 52.954 52.931 52.916 52.846 52.799 52.749 52.701 52.646 52.604 52.554 52.524 52.464 52.416 52.406 52.379 52.364 52.304 52.261
52.509 52.514 52.549 52.561 52.616 52.671 52.671 52.716 52.781 52.824 52.889 52.951 53.004 53.066 53.099 53.146 53.219 53.279 53.326 53.374 53.441 53.471 53.486 53.476 53.484 53.504 53.499 53.496 53.514 53.506 53.499 53.509 53.491 53.459 53.436 53.426 53.386 53.404 53.426 53.421 53.384 53.369 53.376 53.386 53.364 53.311 53.266 53.264 53.246 53.214 53.219 53.209 53.169 53.116 53.086 53.096 53.056 52.999 52.924 52.869 52.846 52.791 52.741 52.691 52.656 52.579 52.531 52.511 52.499 52.464 52.399 52.394
52.704 52.711 52.739 52.751 52.819 52.844 52.879 52.926 52.971 53.029 53.081 53.146 53.191 53.251 53.304 53.341 53.411 53.454 53.506 53.551 53.606 53.624 53.636 53.646 53.649 53.661 53.649 53.681 53.681 53.681 53.681 53.671 53.676 53.641 53.619 53.599 53.571 53.576 53.574 53.581 53.551 53.524 53.534 53.539 53.509 53.454 53.416 53.421 53.384 53.369 53.366 53.356 53.304 53.271 53.254 53.244 53.196 53.136 53.071 53.011 52.974 52.911 52.851 52.821 52.791 52.726 52.651 52.661 52.614 52.589 52.529 52.491
52.894 52.901 52.936 52.954 53.011 53.046 53.054 53.124 53.196 53.239 53.284 53.354 53.404 53.426 53.484 53.539 53.579 53.616 53.676 53.736 53.766 53.761 53.784 53.796 53.811 53.839 53.829 53.874 53.829 53.844 53.854 53.829 53.829 53.829 53.781 53.766 53.744 53.744 53.754 53.739 53.699 53.676 53.684 53.696 53.649 53.611 53.589 53.574 53.544 53.526 53.526 53.514 53.486 53.411 53.424 53.396 53.349 53.289 53.209 53.159 53.111 53.034 52.996 52.954 52.919 52.844 52.784 52.784 52.739 52.704 52.656 52.629
53.101 53.134 53.161 53.156 53.229 53.254 53.284 53.329 53.389 53.429 53.481 53.534 53.584 53.616 53.671 53.716 53.739 53.784 53.841 53.901 53.939 53.946 53.976 53.971 53.979 53.984 53.986 54.014 53.994 54.011 54.029 54.006 53.989 53.976 53.944 53.899 53.904 53.919 53.924 53.879 53.879 53.856 53.856 53.846 53.816 53.766 53.761 53.749 53.706 53.676 53.689 53.679 53.641 53.586 53.574 53.564 53.506 53.426 53.376 53.326 53.261 53.186 53.126 53.086 53.046 52.954 52.906 52.876 52.834 52.799 52.744 52.736
53.316 53.349 53.381 53.391 53.464 53.471 53.494 53.536 53.566 53.626 53.679 53.726 53.766 53.774 53.821 53.874 53.926 53.971 54.026 54.079 54.081 54.094 54.124 54.129 54.149 54.154 54.166 54.171 54.166 54.179 54.189 54.166 54.149 54.144 54.121 54.081 54.076 54.084 54.079 54.056 54.034 54.016 54.001 54.006 53.944 53.939 53.944 53.886 53.829 53.831 53.846 53.831 53.781 53.726 53.739 53.719 53.651 53.574 53.541 53.494 53.409 53.334 53.274 53.214 53.159 53.091 53.051 52.999 52.949 52.886 52.866 52.824
53.564 53.591 53.611 53.624 53.669 53.681 53.714 53.741 53.806 53.839 53.864 53.889 53.946 53.971 53.999 54.039 54.116 54.144 54.184 54.251 54.259 54.269 54.284 54.281 54.309 54.316 54.346 54.344 54.339 54.356 54.361 54.339 54.326 54.314 54.284 54.239 54.224 54.264 54.234 54.256 54.219 54.181 54.174 54.141 54.099 54.086 54.094 54.034 54.011 54.004 53.991 53.936 53.901 53.891 53.871 53.864 53.801 53.716 53.674 53.646 53.561 53.494 53.421 53.364 53.296 53.214 53.156 53.134 53.089 53.026 52.984 52.941
53.786 53.816 53.839 53.874 53.896 53.914 53.924 53.974 54.039 54.064 54.081 54.099 54.146 54.171 54.201 54.254 54.311 54.331 54.344 54.424 54.421 54.456 54.469 54.471 54.484 54.499 54.499 54.514 54.519 54.534 54.521 54.494 54.489 54.451 54.441 54.421 54.399 54.426 54.419 54.401 54.384 54.376 54.346 54.314 54.254 54.226 54.224 54.204 54.154 54.161 54.161 54.104 54.056 54.054 54.036 54.029 53.974 53.889 53.831 53.764 53.696 53.629 53.566 53.514 53.431 53.344 53.284 53.246 53.214 53.131 53.096 53.031
54.051 54.066 54.064 54.106 54.126 54.131 54.161 54.201 54.229 54.271 54.316 54.324 54.341 54.371 54.401 54.434 54.494 54.541 54.551 54.591 54.596 54.629 54.656 54.639 54.651 54.654 54.681 54.706 54.684 54.706 54.696 54.671 54.646 54.644 54.614 54.589 54.606 54.584 54.561 54.561 54.536 54.504 54.526 54.461 54.424 54.404 54.391 54.336 54.284 54.271 54.326 54.291 54.201 54.226 54.224 54.161 54.096 54.046 53.999 53.916 53.844 53.784 53.719 53.639 53.574 53.506 53.424 53.404 53.311 53.249 53.204 53.141
54.294 54.334 54.341 54.369 54.384 54.381 54.416 54.434 54.446 54.489 54.539 54.529 54.541 54.566 54.601 54.639 54.686 54.729 54.769 54.784 54.784 54.809 54.824 54.826 54.836 54.841 54.859 54.851 54.839 54.861 54.869 54.854 54.824 54.819 54.814 54.764 54.749 54.756 54.766 54.724 54.694 54.689 54.681 54.641 54.579 54.554 54.529 54.514 54.466 54.454 54.464 54.429 54.374 54.374 54.359 54.321 54.241 54.204 54.149 54.079 54.004 53.941 53.869 53.774 53.701 53.629 53.564 53.526 53.429 53.376 53.311 53.261
54.554 54.611 54.614 54.624 54.629 54.629 54.686 54.674 54.686 54.726 54.761 54.746 54.776 54.756 54.796 54.821 54.869 54.904 54.924 54.969 54.971 55.001 55.019 54.994 55.021 55.021 55.061 55.034 55.021 55.031 55.031 55.009 54.991 54.986 54.979 54.946 54.941 54.956 54.949 54.921 54.869 54.866 54.869 54.826 54.751 54.734 54.731 54.696 54.661 54.614 54.624 54.616 54.549 54.511 54.489 54.469 54.399 54.339 54.309 54.224 54.136 54.074 54.004 53.916 53.856 53.749 53.686 53.636 53.576 53.489 53.424 53.376
54.791 54.836 54.844 54.886 54.866 54.889 54.921 54.926 54.916 54.974 54.986 54.984 54.984 54.999 55.024 55.049 55.086 55.094 55.121 55.164 55.159 55.181 55.199 55.171 55.206 55.219 55.214 55.229 55.194 55.219 55.196 55.154 55.156 55.156 55.119 55.096 55.101 55.116 55.109 55.089 55.049 55.041 55.026 54.996 54.954 54.914 54.886 54.859 54.814 54.811 54.809 54.766 54.711 54.671 54.654 54.624 54.544 54.506 54.446 54.364 54.284 54.196 54.129 54.061 53.989 53.876 53.824 53.754 53.706 53.594 53.554 53.479
55.064 55.086 55.081 55.099 55.101 55.109 55.151 55.146 55.154 55.184 55.204 55.214 55.219 55.246 55.259 55.276 55.296 55.304 55.319 55.374 55.376 55.381 55.376 55.371 55.374 55.394 55.389 55.406 55.371 55.399 55.384 55.346 55.341 55.324 55.316 55.271 55.271 55.271 55.284 55.264 55.206 55.186 55.194 55.141 55.106 55.086 55.051 54.994 54.981 54.974 54.976 54.914 54.874 54.856 54.821 54.794 54.726 54.659 54.611 54.536 54.431 54.334 54.266 54.194 54.094 54.024 53.949 53.884 53.834 53.756 53.669 53.589
55.271 55.309 55.314 55.329 55.309 55.324 55.364 55.351 55.369 55.394 55.414 55.456 55.451 55.449 55.466 55.486 55.521 55.514 55.549 55.576 55.586 55.589 55.566 55.569 55.591 55.594 55.596 55.589 55.571 55.614 55.571 55.526 55.509 55.506 55.484 55.454 55.459 55.494 55.456 55.436 55.396 55.361 55.371 55.309 55.259 55.254 55.209 55.174 55.146 55.126 55.121 55.074 55.016 55.019 54.981 54.949 54.879 54.821 54.746 54.681 54.576 54.494 54.419 54.329 54.229 54.154 54.099 54.016 53.946 53.881 53.799 53.704
55.501 55.516 55.531 55.534 55.524 55.549 55.571 55.546 55.556 55.591 55.614 55.644 55.646 55.669 55.699 55.689 55.709 55.719 55.749 55.781 55.774 55.784 55.776 55.784 55.806 55.814 55.799 55.781 55.804 55.789 55.756 55.736 55.701 55.689 55.656 55.634 55.641 55.646 55.621 55.576 55.534 55.531 55.519 55.454 55.404 55.414 55.396 55.359 55.309 55.274 55.271 55.244 55.176 55.186 55.154 55.084 55.031 54.979 54.906 54.814 54.734 54.649 54.569 54.461 54.351 54.294 54.229 54.154 54.081 53.999 53.919 53.816
55.676 55.711 55.751 55.734 55.719 55.746 55.801 55.761 55.759 55.796 55.839 55.846 55.844 55.864 55.894 55.901 55.914 55.926 55.966 55.984 55.956 55.969 55.969 55.989 55.996 56.006 56.024 55.999 55.984 56.001 55.976 55.946 55.899 55.884 55.851 55.831 55.841 55.836 55.781 55.751 55.734 55.721 55.686 55.629 55.579 55.559 55.554 55.519 55.486 55.451 55.426 55.379 55.319 55.334 55.299 55.236 55.169 55.124 55.061 54.981 54.891 54.789 54.706 54.594 54.506 54.444 54.376 54.316 54.211 54.131 54.056 53.966
55.859 55.881 55.889 55.906 55.901 55.939 55.969 55.961 55.981 56.011 56.026 56.029 56.034 56.039 56.081 56.081 56.109 56.139 56.141 56.169 56.161 56.181 56.194 56.196 56.171 56.201 56.231 56.209 56.184 56.214 56.161 56.121 56.086 56.061 56.059 56.061 56.044 56.019 55.981 55.964 55.929 55.906 55.886 55.806 55.771 55.754 55.719 55.684 55.659 55.651 55.611 55.556 55.494 55.511 55.449 55.379 55.331 55.269 55.204 55.116 55.009 54.924 54.861 54.754 54.661 54.571 54.526 54.446 54.354 54.279 54.191 54.109
56.051 56.041 56.066 56.091 56.079 56.114 56.141 56.134 56.174 56.204 56.184 56.189 56.216 56.234 56.261 56.274 56.279 56.321 56.331 56.349 56.351 56.361 56.369 56.366 56.364 56.389 56.419 56.399 56.391 56.356 56.334 56.316 56.289 56.251 56.249 56.226 56.216 56.209 56.176 56.161 56.129 56.104 56.079 56.019 55.969 55.944 55.906 55.851 55.851 55.821 55.789 55.736 55.686 55.666 55.641 55.531 55.481 55.424 55.329 55.244 55.146 55.056 54.994 54.909 54.801 54.734 54.656 54.559 54.481 54.416 54.304 54.206
56.194 56.201 56.244 56.259 56.259 56.289 56.314 56.336 56.374 56.396 56.394 56.366 56.386 56.404 56.434 56.459 56.461 56.504 56.536 56.516 56.526 56.524 56.516 56.554 56.536 56.569 56.571 56.566 56.569 56.536 56.504 56.511 56.461 56.444 56.436 56.419 56.389 56.374 56.354 56.361 56.324 56.274 56.254 56.199 56.139 56.114 56.114 56.066 56.041 56.006 55.971 55.919 55.871 55.839 55.796 55.691 55.631 55.579 55.509 55.421 55.304 55.209 55.121 55.056 54.966 54.879 54.796 54.724 54.646 54.554 54.466 54.374
56.366 56.379 56.404 56.409 56.416 56.459 56.479 56.479 56.516 56.544 56.569 56.551 56.551 56.564 56.601 56.611 56.619 56.666 56.651 56.684 56.699 56.714 56.689 56.731 56.714 56.744 56.749 56.729 56.721 56.701 56.691 56.669 56.664 56.611 56.586 56.581 56.594 56.564 56.524 56.491 56.471 56.434 56.411 56.366 56.309 56.279 56.276 56.244 56.226 56.199 56.146 56.114 56.064 56.036 55.964 55.879 55.816 55.736 55.669 55.589 55.471 55.391 55.299 55.196 55.124 55.036 54.954 54.881 54.791 54.691 54.611 54.529
56.521 56.541 56.561 56.589 56.599 56.629 56.656 56.646 56.669 56.676 56.691 56.704 56.714 56.729 56.736 56.789 56.799 56.834 56.824 56.839 56.859 56.886 56.871 56.896 56.891 56.911 56.934 56.926 56.906 56.879 56.851 56.836 56.824 56.796 56.756 56.769 56.771 56.766 56.694 56.691 56.644 56.599 56.544 56.499 56.484 56.469 56.434 56.421 56.424 56.389 56.326 56.264 56.239 56.214 56.156 56.066 55.976 55.924 55.856 55.764 55.651 55.576 55.481 55.376 55.281 55.216 55.124 55.036 54.941 54.834 54.764 54.664
56.741 56.696 56.734 56.786 56.756 56.776 56.799 56.824 56.796 56.814 56.824 56.826 56.871 56.886 56.874 56.936 56.944 57.006 56.976 56.991 57.006 57.034 57.031 57.041 57.051 57.069 57.051 57.056 57.066 57.031 57.014 56.996 56.999 56.974 56.961 56.934 56.936 56.886 56.869 56.839 56.821 56.779 56.736 56.689 56.646 56.634 56.609 56.589 56.566 56.539 56.481 56.431 56.414 56.356 56.304 56.231 56.166 56.109 55.994 55.924 55.806 55.724 55.624 55.506 55.414 55.339 55.284 55.169 55.096 54.974 54.929 54.824
