All_lidar/sz6389_DSM_2M.asc
ncols 500
nrows 500
xllcorner    463000
yllcorner    89000
cellsize     2
NODATA_value -9999
[rows 363 to 395 of 500, columns 222 to 295 of 500]
1.857 1.695 1.637 1.6 1.699 1.784 1.546 1.186 1.052 1.344 1.534 1.541 1.234 1.003 1.417 1.72 1.643 1.631 1.68 1.693 1.66 1.687 1.678 1.735 1.779 1.834 1.89 1.963 2.038 2.158 2.733 2.923 2.578 2.261 2.013 1.986 1.996 1.956 1.971 2.058 2.063 2.073 2.081 2.056 2.023 1.988 2.018 2.103 2.171 2.248 2.141 2.188 2.041 2.146 2.311 2.368 2.298 2.133 2.023 2.026 2.278 2.448 2.453 2.506 2.543 2.513 2.598 2.618 2.641 2.703 2.961 3.238 3.888 4.443
1.844 1.689 1.659 1.624 1.678 1.744 1.736 1.213 1.036 1.023 1.118 1.197 0.985 1.045 1.574 1.647 1.577 1.589 1.576 1.652 1.629 1.632 1.663 1.666 1.702 1.748 1.749 1.826 1.906 2.028 2.411 2.886 2.638 2.278 2.108 2.053 2.093 2.121 2.016 1.953 1.953 2.038 2.118 2.193 2.108 2.001 2.021 2.053 2.103 2.201 2.161 2.201 2.161 1.991 2.046 2.236 2.293 2.173 2.076 2.076 2.226 2.371 2.491 2.553 2.508 2.416 2.471 2.453 2.506 2.636 2.946 3.466 3.958 4.456
1.976 1.807 1.76 1.655 1.619 1.537 1.571 1.464 1.12 0.908 0.952 0.869 0.942 1.349 1.608 1.583 1.54 1.573 1.66 1.653 1.607 1.617 1.613 1.673 1.67 1.72 1.717 1.761 1.803 1.898 2.211 2.848 2.533 2.218 2.123 2.101 2.056 2.101 2.061 2.013 1.976 1.978 2.023 2.191 2.161 2.136 2.093 2.066 2.093 2.118 2.216 2.338 2.228 1.941 1.843 2.056 2.211 2.206 2.148 2.081 2.163 2.238 2.393 2.488 2.403 2.233 2.186 2.228 2.318 2.418 2.528 2.646 3.031 3.538
1.896 1.757 1.758 1.721 1.713 1.726 1.5 1.699 1.647 1.311 0.908 0.824 0.851 1.464 1.529 1.444 1.535 1.564 1.636 1.607 1.591 1.597 1.701 1.679 1.653 1.684 1.673 1.715 1.753 1.818 2.031 2.726 2.476 2.151 2.088 2.073 2.078 2.096 2.093 2.086 2.041 2.046 2.033 1.993 2.006 2.051 2.128 2.131 2.141 2.153 2.221 2.326 2.148 1.996 1.796 1.926 2.018 2.123 2.098 2.098 2.033 2.126 2.228 2.386 2.418 2.238 2.123 2.008 2.108 2.251 2.306 2.333 2.416 2.601
1.948 1.792 1.745 1.76 1.724 1.755 1.633 1.52 1.565 1.445 1.203 0.817 0.855 1.222 1.393 1.457 1.566 1.568 1.54 1.599 1.623 1.604 1.617 1.657 1.643 1.723 1.675 1.689 1.738 1.786 1.888 2.548 2.446 2.133 2.063 2.071 2.091 2.131 2.126 2.123 2.091 2.081 2.151 2.181 2.043 1.983 2.003 2.121 2.121 2.131 2.156 2.166 1.986 1.876 1.806 1.871 1.946 2.083 2.171 2.091 2.053 2.131 2.201 2.406 2.573 2.446 2.293 2.038 1.996 2.021 2.118 2.183 2.333 2.408
1.896 1.793 1.779 1.709 1.736 1.74 1.718 1.42 1.389 1.416 1.256 1.077 0.805 0.975 1.604 1.559 1.55 1.536 1.614 1.584 1.628 1.646 1.623 1.582 1.684 1.702 1.683 1.687 1.7 1.753 1.883 2.548 2.506 2.118 2.033 2.096 2.098 2.103 2.111 2.123 2.103 2.106 2.176 2.258 2.251 2.146 2.011 1.988 2.016 2.043 2.073 2.213 2.103 1.976 1.901 1.821 1.863 1.993 2.131 2.148 2.063 2.083 2.218 2.363 2.721 3.812 2.631 2.161 1.877 2.007 1.999 2.108 2.23 2.264
1.961 1.748 1.691 1.72 1.731 1.769 1.734 1.605 1.667 1.702 1.529 1.067 0.905 0.937 1.608 1.598 1.506 1.528 1.591 1.599 1.628 1.678 1.683 1.708 1.592 1.735 1.678 1.688 1.709 1.721 1.883 2.411 2.513 2.118 2.056 2.051 2.083 2.138 2.123 2.118 2.191 2.211 2.276 2.333 2.361 2.353 2.283 2.128 2.016 1.946 1.996 2.083 2.211 2.106 2.066 1.798 1.741 1.836 2.103 2.198 2.118 2.038 2.161 2.269 2.537 3.372 2.544 2.225 1.953 1.907 1.993 2.004 2.047 2.119
1.942 1.836 1.752 1.747 1.77 1.773 1.69 1.651 1.637 1.727 1.717 1.218 0.98 0.889 1.421 1.516 1.554 1.551 1.561 1.581 1.586 1.586 1.546 1.691 1.679 1.663 1.572 1.678 1.692 1.714 1.851 2.326 2.508 2.111 2.058 2.113 2.143 2.171 2.153 2.218 2.276 2.318 2.341 2.393 2.408 2.453 2.503 2.486 2.371 2.198 2.018 1.926 2.101 2.163 2.088 1.936 1.833 1.818 1.961 2.093 2.131 2.066 2.108 2.248 2.376 2.516 2.397 2.243 2.103 2.065 1.996 1.857 1.771 1.909
1.892 1.853 1.744 1.763 1.761 1.732 1.672 1.631 1.618 1.615 1.692 1.451 1.033 0.791 1.298 1.513 1.558 1.52 1.571 1.532 1.557 1.563 1.561 1.654 1.694 1.676 1.626 1.677 1.68 1.728 1.836 2.261 2.601 2.131 2.081 2.163 2.188 2.216 2.291 2.331 2.358 2.376 2.393 2.448 2.413 2.431 2.433 2.513 2.441 2.288 2.138 1.966 1.883 2.113 2.211 2.108 1.993 1.923 1.871 1.971 2.113 2.108 2.146 2.211 2.265 2.397 2.366 2.181 2.07 2.026 1.949 1.907 1.823 1.898
1.883 1.83 1.769 1.723 1.715 1.714 1.715 1.664 1.631 1.746 1.686 1.659 1.035 0.722 1.04 1.379 1.479 1.523 1.557 1.534 1.59 1.593 1.567 1.517 1.621 1.671 1.632 1.661 1.67 1.704 1.781 2.213 2.633 2.193 2.131 2.231 2.251 2.346 2.368 2.361 2.366 2.376 2.353 2.368 2.348 2.363 2.353 2.401 2.263 2.156 2.113 2.028 1.933 1.876 2.133 2.258 2.268 2.243 2.056 1.888 1.925 2.029 2.065 2.075 2.099 2.128 2.125 2.139 2.139 2.099 1.991 1.932 1.934 1.79
1.944 1.861 1.797 1.748 1.636 1.66 1.636 1.628 1.591 1.628 1.708 1.686 1.152 0.799 1.007 1.269 1.489 1.558 1.48 1.545 1.582 1.531 1.571 1.526 1.606 1.594 1.621 1.673 1.713 1.692 1.779 2.233 2.571 2.241 2.173 2.226 2.341 2.341 2.318 2.313 2.348 2.351 2.343 2.358 2.361 2.356 2.356 2.378 2.386 2.226 2.128 2.071 2.041 1.946 1.848 2.013 2.228 2.398 2.338 2.096 1.919 1.959 2.032 2.09 2.098 2.187 2.317 2.365 2.305 2.186 2.086 1.923 1.903 1.827
1.982 1.909 1.851 1.749 1.696 1.597 1.535 1.597 1.587 1.557 1.581 1.571 1.411 0.762 0.954 1.181 1.482 1.573 1.553 1.512 1.555 1.467 1.574 1.598 1.549 1.579 1.635 1.626 1.674 1.704 1.799 2.256 2.646 2.256 2.176 2.258 2.323 2.291 2.288 2.301 2.346 2.391 2.431 2.441 2.451 2.456 2.453 2.468 2.491 2.498 2.316 2.166 2.086 2.033 1.921 1.783 1.916 2.193 2.333 2.315 2.017 1.95 2.027 2.106 2.097 2.201 2.302 2.391 2.339 2.299 2.269 2.075 1.851 1.84
1.981 1.823 1.753 1.61 1.536 1.581 1.57 1.476 1.571 1.572 1.556 1.49 1.453 0.952 0.796 1.253 1.435 1.566 1.555 1.535 1.519 1.501 1.571 1.614 1.552 1.605 1.664 1.651 1.664 1.698 1.822 2.377 2.733 2.328 2.203 2.273 2.296 2.296 2.328 2.338 2.376 2.416 2.456 2.508 2.531 2.523 2.531 2.553 2.568 2.588 2.478 2.163 2.111 2.081 2.088 1.871 1.791 1.857 2.041 2.2 2.03 1.949 2.166 2.177 2.098 2.1 2.217 2.313 2.404 2.364 2.279 2.157 1.908 1.788
1.96 1.82 1.874 1.774 1.643 1.507 1.51 1.549 1.518 1.458 1.471 1.497 1.49 1.292 0.835 0.946 1.337 1.468 1.485 1.504 1.536 1.57 1.5 1.489 1.546 1.572 1.636 1.595 1.662 1.696 1.792 2.329 2.818 2.403 2.246 2.323 2.303 2.301 2.326 2.356 2.401 2.468 2.541 2.591 2.606 2.606 2.623 2.616 2.636 2.666 2.636 2.446 2.361 2.263 2.283 2.053 1.795 1.782 1.816 1.876 1.967 1.945 2.168 2.242 2.165 2.14 2.166 2.29 2.36 2.382 2.321 2.25 1.969 1.769
2.01 1.926 1.839 1.643 1.622 1.573 1.479 1.5 1.5 1.448 1.495 1.512 1.478 1.461 0.942 0.778 1.042 1.321 1.431 1.539 1.533 1.461 1.45 1.47 1.563 1.601 1.635 1.597 1.641 1.658 1.779 2.186 2.871 2.468 2.283 2.283 2.343 2.336 2.328 2.391 2.481 2.551 2.616 2.683 2.741 2.703 2.741 2.783 2.758 2.756 2.766 2.753 2.746 2.538 2.373 2.158 1.873 1.765 1.738 1.729 1.829 1.874 1.863 1.97 2.051 2.162 2.235 2.27 2.329 2.396 2.369 2.308 2.256 2.098
2.08 2.05 1.915 1.798 1.684 1.635 1.585 1.461 1.392 1.359 1.496 1.486 1.48 1.417 1.139 0.685 0.867 1.158 1.441 1.472 1.541 1.482 1.442 1.497 1.581 1.534 1.554 1.587 1.646 1.683 1.81 2.189 2.799 2.463 2.298 2.288 2.331 2.306 2.386 2.441 2.451 2.526 2.598 2.666 2.768 2.808 2.826 2.891 2.936 2.931 2.868 2.833 2.861 2.806 2.533 2.308 2.009 1.799 1.766 1.759 1.733 1.746 1.706 1.757 1.777 1.943 2.235 2.317 2.332 2.392 2.401 2.34 2.313 2.292
2.112 2.08 1.933 1.761 1.653 1.502 1.489 1.458 1.42 1.374 1.338 1.47 1.439 1.511 1.25 0.898 0.814 1.137 1.359 1.413 1.476 1.501 1.509 1.443 1.496 1.54 1.621 1.563 1.624 1.666 1.797 2.239 2.854 2.476 2.286 2.268 2.278 2.343 2.416 2.451 2.468 2.508 2.536 2.636 2.713 2.801 2.863 2.926 3.003 3.051 3.056 2.986 2.913 2.921 2.823 2.498 2.219 2 1.828 1.79 1.754 1.72 1.653 1.686 1.741 1.707 1.92 1.972 1.986 2.287 2.39 2.298 2.282 2.316
2.132 2.099 1.92 1.751 1.683 1.628 1.571 1.464 1.371 1.353 1.338 1.376 1.459 1.501 1.199 0.914 0.825 1.151 1.396 1.38 1.459 1.431 1.463 1.482 1.382 1.489 1.57 1.58 1.622 1.664 1.779 2.151 2.826 2.465 2.256 2.248 2.318 2.401 2.406 2.443 2.498 2.566 2.621 2.656 2.713 2.776 2.828 2.886 2.991 3.078 3.141 3.156 3.111 3.003 2.951 2.608 2.432 2.244 2.02 1.917 1.82 1.739 1.704 1.663 1.697 1.67 1.641 1.592 1.61 1.945 2.258 2.238 2.32 2.382
2.16 2.046 1.874 1.67 1.652 1.637 1.522 1.55 1.421 1.323 1.329 1.337 1.306 1.37 1.329 1.027 0.682 1.02 1.395 1.383 1.443 1.425 1.409 1.366 1.343 1.419 1.486 1.594 1.614 1.667 1.78 2.154 2.844 2.514 2.265 2.27 2.366 2.443 2.448 2.491 2.571 2.628 2.653 2.706 2.738 2.806 2.853 2.891 2.943 3.051 3.123 3.198 3.231 3.196 3.076 3.022 2.623 2.445 2.262 2.105 1.954 1.777 1.729 1.638 1.606 1.639 1.584 1.516 1.521 1.724 1.841 1.85 1.977 2.253
2.14 1.992 1.798 1.558 1.6 1.59 1.484 1.367 1.363 1.357 1.37 1.372 1.307 1.366 1.281 1.127 0.777 0.934 1.263 1.476 1.44 1.51 1.422 1.305 1.423 1.423 1.45 1.553 1.59 1.667 1.778 2.084 2.741 2.563 2.269 2.274 2.343 2.438 2.516 2.571 2.626 2.666 2.713 2.741 2.758 2.788 2.858 2.903 2.948 3.006 3.123 3.161 3.198 3.246 3.233 3.165 3.006 3.256 2.525 2.299 2.209 2.037 1.836 1.745 1.655 1.618 1.553 1.508 1.429 1.497 1.466 1.474 1.641 1.947
2.054 1.828 1.586 1.557 1.437 1.482 1.505 1.465 1.386 1.264 1.344 1.385 1.349 1.254 1.16 0.952 0.78 0.769 1.226 1.404 1.415 1.398 1.257 1.329 1.487 1.435 1.469 1.486 1.58 1.668 1.763 2.091 2.725 2.598 2.232 2.265 2.375 2.476 2.538 2.586 2.626 2.648 2.688 2.741 2.748 2.778 2.821 2.868 2.941 2.966 3.056 3.133 3.188 3.251 3.261 3.204 3.176 3.278 3.222 2.657 2.429 2.358 2.209 2.091 1.858 1.708 1.637 1.568 1.477 1.436 1.388 1.379 1.46 1.756
1.876 1.721 1.518 1.557 1.579 1.458 1.331 1.464 1.387 1.261 1.381 1.332 1.247 1.007 0.874 0.945 0.818 0.704 1.141 1.294 1.366 1.352 1.18 1.365 1.414 1.375 1.4 1.476 1.581 1.638 1.771 2.114 2.739 2.621 2.234 2.288 2.406 2.498 2.521 2.541 2.578 2.646 2.641 2.693 2.693 2.721 2.763 2.791 2.863 2.908 2.936 3.006 3.071 3.196 3.251 3.232 3.185 3.184 3.64 3.262 2.757 2.535 2.44 2.262 2.001 1.714 1.739 1.657 1.527 1.437 1.404 1.373 1.474 1.622
1.657 1.624 1.537 1.529 1.572 1.549 1.353 1.286 1.319 1.218 1.313 1.343 1.048 0.942 1.119 1.198 1.042 0.692 0.825 1.097 1.22 1.166 1.104 1.177 1.184 1.29 1.364 1.48 1.535 1.662 1.796 2.117 2.81 2.686 2.247 2.313 2.42 2.506 2.508 2.521 2.566 2.588 2.613 2.646 2.643 2.673 2.698 2.728 2.731 2.778 2.823 2.866 2.936 3.053 3.161 3.219 3.194 3.188 3.32 3.666 3.659 3.244 2.619 2.3 1.948 1.717 1.646 1.631 1.668 1.573 1.516 1.484 1.533 1.721
1.556 1.596 1.626 1.501 1.575 1.479 1.496 1.352 1.33 1.195 1.257 1.206 0.94 1.151 1.259 1.399 1.287 0.796 0.728 0.88 1 0.99 0.986 1.102 1.161 1.205 1.324 1.451 1.522 1.662 1.788 2.096 2.802 2.745 2.289 2.309 2.446 2.503 2.508 2.538 2.543 2.543 2.548 2.551 2.566 2.563 2.601 2.583 2.591 2.676 2.728 2.776 2.796 2.896 3.006 3.118 3.152 3.17 3.207 3.436 3.639 3.422 3.203 2.699 2.274 1.836 1.644 1.585 1.636 1.676 1.713 1.709 1.743 1.954
1.453 1.568 1.492 1.477 1.457 1.516 1.417 1.414 1.4 1.176 1.083 0.948 1.092 1.34 1.347 1.341 1.387 1.099 0.729 0.845 0.922 0.903 0.974 1.05 1.093 1.142 1.343 1.488 1.545 1.668 1.775 2.069 2.717 2.759 2.301 2.304 2.473 2.536 2.543 2.526 2.506 2.488 2.498 2.483 2.476 2.473 2.481 2.498 2.516 2.571 2.638 2.676 2.701 2.748 2.823 2.944 3.035 3.085 3.149 3.297 3.777 3.496 3.278 3.163 2.975 2.314 1.836 1.704 1.698 1.775 1.929 2.151 2.419 2.425
1.495 1.452 1.37 1.375 1.344 1.36 1.389 1.345 1.344 1.232 1.044 0.982 1.253 1.302 1.355 1.387 1.463 1.44 0.889 0.745 0.842 0.875 0.881 1.007 1.066 1.159 1.348 1.43 1.546 1.657 1.727 2.016 2.656 2.779 2.328 2.335 2.503 2.528 2.521 2.488 2.481 2.461 2.456 2.416 2.368 2.333 2.366 2.411 2.471 2.496 2.536 2.561 2.581 2.651 2.703 2.778 2.885 2.941 3.01 3.133 3.251 3.627 3.469 3.163 3.069 2.906 2.594 2.28 2.2 2.619 2.814 3.064 3.261 2.916
1.433 1.382 1.397 1.387 1.323 1.466 1.396 1.408 1.404 1.369 1.161 1.208 1.31 1.27 1.227 1.357 1.323 1.397 1.369 0.776 0.74 0.812 0.83 0.943 1.061 1.178 1.346 1.461 1.518 1.667 1.737 2.016 2.689 2.846 2.361 2.343 2.498 2.498 2.451 2.451 2.441 2.433 2.396 2.348 2.301 2.296 2.326 2.351 2.393 2.401 2.421 2.498 2.531 2.566 2.606 2.678 2.761 2.806 2.868 2.965 3.164 3.322 3.419 3.257 3.076 3.047 2.858 2.814 2.807 2.854 3.384 3.433 4.157 3.712
1.456 1.331 1.335 1.363 1.313 1.343 1.366 1.367 1.309 1.416 1.317 1.357 1.416 1.335 1.347 1.419 1.314 1.281 1.33 1.195 0.74 0.722 0.871 0.952 1.034 1.148 1.283 1.446 1.535 1.59 1.746 1.96 2.679 2.882 2.428 2.362 2.451 2.446 2.411 2.376 2.366 2.363 2.323 2.313 2.351 2.308 2.338 2.358 2.358 2.321 2.323 2.386 2.466 2.516 2.578 2.636 2.67 2.693 2.729 2.814 2.935 3.239 3.121 3.184 2.988 3.016 2.907 2.888 2.897 3.134 3.421 4.352 4.045 3.608
1.374 1.303 1.332 1.355 1.335 1.335 1.359 1.322 1.31 1.416 1.373 1.453 1.419 1.353 1.303 1.383 1.381 1.288 1.28 1.357 0.922 0.823 0.769 0.825 0.99 1.089 1.213 1.428 1.501 1.6 1.72 1.949 2.664 2.897 2.421 2.366 2.387 2.388 2.318 2.268 2.296 2.311 2.278 2.243 2.213 2.188 2.246 2.238 2.236 2.231 2.208 2.233 2.301 2.408 2.486 2.536 2.532 2.535 2.564 2.605 2.629 2.752 2.875 3.038 2.955 2.963 2.967 2.991 2.962 4.684 3.876 4.763 4.003 3.65
1.349 1.385 1.313 1.298 1.287 1.351 1.381 1.461 1.357 1.402 1.415 1.437 1.462 1.317 1.311 1.291 1.311 1.352 1.334 1.332 1.075 0.822 0.692 0.775 1.011 1.143 1.24 1.38 1.508 1.616 1.694 1.908 2.528 2.89 2.433 2.323 2.366 2.366 2.273 2.198 2.228 2.176 2.118 2.036 2.036 2.021 2.056 2.036 2.028 2.033 2.066 2.063 2.106 2.213 2.338 2.443 2.453 2.389 2.421 2.477 2.547 2.641 2.729 2.754 2.852 2.858 2.911 2.974 3.679 4.632 5.36 4.939 4.046 3.694
1.364 1.399 1.412 1.322 1.261 1.334 1.434 1.46 1.398 1.409 1.345 1.347 1.428 1.359 1.325 1.332 1.353 1.37 1.307 1.219 0.974 0.848 0.714 0.797 1.182 1.39 1.385 1.502 1.587 1.616 1.677 1.839 2.292 2.861 2.422 2.299 2.319 2.316 2.263 2.206 2.098 2.033 1.958 1.953 1.931 1.928 1.933 1.911 1.921 1.933 1.933 1.968 1.998 2.066 2.136 2.253 2.336 2.323 2.379 2.407 2.445 2.553 2.661 2.636 2.645 2.726 2.817 2.906 3.273 4.574 4.986 4.584 3.1 3.066
1.432 1.396 1.424 1.413 1.322 1.415 1.41 1.38 1.384 1.339 1.303 1.325 1.325 1.365 1.381 1.397 1.356 1.348 1.276 1.082 0.886 0.844 0.635 0.902 1.261 1.429 1.426 1.591 1.606 1.605 1.649 1.801 2.325 2.848 2.404 2.22 2.233 2.308 2.283 2.188 2.051 1.968 1.966 1.943 1.928 1.936 1.906 1.898 1.923 1.911 1.948 1.928 1.931 1.976 2.038 2.116 2.196 2.206 2.313 2.341 2.359 2.422 2.529 2.554 2.567 2.634 2.758 2.872 2.901 3.516 3.785 3.395 2.803 2.953
1.373 1.331 1.346 1.369 1.4 1.464 1.394 1.337 1.302 1.325 1.288 1.286 1.273 1.299 1.373 1.341 1.302 1.283 1.163 0.899 0.82 0.719 0.783 1.157 1.344 1.525 1.497 1.578 1.597 1.609 1.634 1.784 2.24 2.784 2.42 2.112 2.123 2.218 2.171 2.098 2.023 1.983 1.983 1.956 1.956 1.953 1.973 1.928 1.933 1.948 1.966 1.966 1.981 1.983 2.028 2.108 2.188 2.231 2.258 2.285 2.284 2.297 2.407 2.464 2.497 2.566 2.688 2.785 3.027 3.055 2.817 2.78 2.761 2.768
