All_lidar/sz6386_DSM_2M.asc
ncols 500
nrows 500
xllcorner    463000
yllcorner    86000
cellsize     2
NODATA_value -9999
[rows 64 to 95 of 500, columns 355 to 425 of 500]
8.552 8.737 8.94 9.177 9.415 9.78 10.44 10.732 10.855 10.95 11.025 11.18 11.487 12.05 12.367 12.405 12.497 12.535 12.655 12.805 12.942 13.105 13.222 13.345 13.465 13.582 13.687 13.785 13.905 14.032 14.115 14.195 14.282 14.36 14.445 14.53 14.635 14.742 14.822 14.935 15.032 15.132 15.242 15.427 15.462 15.795 17.822 17.41 16.977 19.407 17.127 17.38 17.665 17.262 17.415 18.632 17.352 17.48 17.615 17.675 18.12 18.122 18.085 18.142 18.462 21.082 19.25 19.175 19.23 19.345 19.767
8.762 8.855 9.017 9.222 9.467 9.827 10.497 10.812 10.922 11.002 11.097 11.247 11.525 12.097 12.452 12.522 12.567 12.61 12.75 12.87 13.002 13.145 13.305 13.422 13.557 13.682 13.795 13.897 14.017 14.117 14.197 14.3 14.39 14.492 14.575 14.67 14.77 14.845 14.965 15.07 15.19 15.305 16.487 17.437 16.475 15.765 18.172 18.675 16.712 16.962 16.88 16.952 17.042 17.13 17.325 17.61 17.587 17.487 17.64 17.74 18.042 18.12 18.117 18.177 18.325 18.89 19.19 19.18 19.232 19.257 19.655
9.195 9.057 9.135 9.317 9.522 9.867 10.515 10.867 10.975 11.067 11.16 11.33 11.565 12.062 12.522 12.585 12.615 12.702 12.805 12.955 13.092 13.235 13.395 13.512 13.617 13.762 13.882 14.02 14.145 14.26 14.33 14.415 14.502 14.59 14.652 14.755 14.852 14.967 15.037 15.167 15.31 15.455 17.057 17.16 15.732 15.807 16.062 17.465 16.737 16.885 16.952 17.072 17.147 17.202 17.395 17.642 17.61 17.557 17.682 17.77 17.865 18.13 18.095 18.175 18.26 18.642 19.11 19.242 19.255 19.302 19.535
8.997 9.14 9.212 9.352 9.565 9.875 10.467 10.9 11.035 11.115 11.207 11.357 11.59 11.982 12.552 12.662 12.7 12.742 12.855 13.002 13.157 13.31 13.452 13.62 13.755 13.89 14.02 14.117 14.235 14.342 14.45 14.55 14.637 14.72 14.785 14.857 14.967 15.07 15.17 15.27 15.475 15.59 15.82 15.842 15.847 15.895 16.325 17.962 16.752 16.897 17.007 17.097 17.2 17.27 17.372 17.615 17.627 17.637 17.715 17.812 17.875 18.027 18.09 18.182 18.27 18.5 19.057 19.262 19.31 19.38 19.492
9.125 9.28 9.317 9.43 9.642 9.872 10.447 10.93 11.105 11.192 11.275 11.422 11.635 11.977 12.56 12.705 12.745 12.797 12.902 13.08 13.217 13.382 13.545 13.695 13.832 13.97 14.125 14.245 14.37 14.482 14.575 14.667 14.727 14.81 14.9 15.002 15.115 15.205 15.31 15.407 15.557 15.702 15.78 15.86 15.985 16.022 16.337 18.52 16.88 16.952 17.09 17.177 17.242 17.317 17.432 17.575 17.617 17.682 17.767 17.87 17.967 18.067 18.175 18.262 18.34 18.51 18.86 19.315 19.392 19.515 19.66
9.235 9.362 9.362 9.472 9.667 9.862 10.412 10.942 11.155 11.27 11.362 11.452 11.645 11.955 12.51 12.752 12.772 12.83 12.937 13.107 13.257 13.402 13.587 13.77 13.925 14.075 14.217 14.337 14.455 14.577 14.7 14.797 14.885 14.982 15.057 15.137 15.24 15.345 15.465 15.58 15.637 15.822 15.895 15.992 16.105 16.222 16.275 18.76 17.225 17.007 17.15 17.267 17.327 17.41 17.5 17.577 17.675 17.752 17.805 17.88 18.012 18.155 18.275 18.402 18.502 18.63 18.945 19.287 19.455 19.592 19.705
9.282 9.415 9.425 9.527 9.702 9.887 10.355 10.947 11.175 11.322 11.41 11.52 11.707 11.922 12.502 12.8 12.81 12.88 12.982 13.145 13.32 13.445 13.627 13.807 13.967 14.137 14.312 14.482 14.577 14.685 14.802 14.91 15.007 15.117 15.237 15.337 15.44 15.515 15.625 15.712 15.805 15.942 16.02 16.122 17.59 18.397 18.052 18.287 17.647 17.082 17.247 17.355 17.402 17.435 17.54 17.655 17.717 17.767 17.862 18.022 18.07 18.202 18.347 18.525 18.687 18.865 19.17 19.34 19.42 19.54 19.685
9.315 9.475 9.467 9.575 9.742 9.9 10.292 10.932 11.23 11.365 11.457 11.537 11.675 11.925 12.447 12.83 12.877 12.912 13.012 13.18 13.337 13.492 13.685 13.89 14.062 14.21 14.362 14.512 14.642 14.792 14.9 15.06 15.147 15.25 15.37 15.475 15.552 15.677 15.78 15.872 15.992 16.07 16.14 16.25 17.322 16.735 16.405 17.957 18.3 17.16 17.272 17.397 17.46 17.51 17.632 17.7 17.737 17.827 17.922 18.112 18.137 18.217 18.322 18.567 18.78 19.152 19.227 19.322 19.39 19.56 19.717
9.322 9.52 9.53 9.62 9.8 9.962 10.212 10.9 11.28 11.427 11.485 11.562 11.715 11.92 12.327 12.867 12.927 12.94 13.05 13.217 13.395 13.522 13.7 13.925 14.1 14.297 14.465 14.617 14.725 14.877 14.99 15.117 15.245 15.37 15.507 15.575 15.715 15.827 15.917 16.015 16.11 16.172 16.26 16.357 16.425 16.49 16.537 17.53 19.045 17.35 17.457 17.47 17.515 17.53 17.682 17.715 17.8 17.947 18.202 18.28 18.202 18.245 18.36 18.495 18.842 19.22 19.247 19.33 19.52 19.682 19.805
9.35 9.58 9.627 9.68 9.832 9.99 10.225 10.875 11.292 11.462 11.542 11.607 11.732 11.932 12.287 12.857 12.997 13.045 13.092 13.232 13.415 13.575 13.772 13.972 14.167 14.33 14.495 14.65 14.787 14.945 15.115 15.242 15.342 15.437 15.57 15.672 15.825 15.945 16.025 16.145 16.215 16.282 16.357 16.477 16.567 16.617 16.662 16.967 19.502 17.68 17.57 17.6 17.607 17.617 17.715 17.792 17.895 18.212 18.272 18.29 18.225 18.305 18.45 18.662 19.072 19.292 19.297 19.5 19.64 19.745 19.86
9.362 9.647 9.747 9.777 9.862 10.022 10.205 10.797 11.305 11.475 11.577 11.677 11.762 11.93 12.227 12.8 13.075 13.087 13.142 13.262 13.437 13.587 13.777 13.967 14.187 14.39 14.577 14.71 14.852 15.005 15.125 15.257 15.395 15.53 15.672 15.802 15.912 16 16.11 16.195 16.302 16.417 16.467 16.6 16.717 16.775 16.822 16.895 19.652 18.03 17.547 17.55 17.602 17.637 17.777 17.847 17.872 18.02 18.127 18.227 18.222 18.367 18.542 18.842 19.26 19.367 19.465 19.642 19.702 19.817 19.897
9.362 9.697 9.81 9.847 9.925 10.052 10.225 10.722 11.29 11.472 11.62 11.717 11.787 11.985 12.255 12.77 13.1 13.137 13.192 13.285 13.455 13.645 13.807 14.007 14.21 14.402 14.585 14.752 14.885 15.047 15.177 15.33 15.457 15.587 15.71 15.877 15.99 16.105 16.227 16.317 16.41 16.495 16.575 16.685 16.862 17.122 17.407 17.562 19.17 18.47 17.49 17.58 17.632 17.712 17.83 17.895 17.94 18.027 18.115 18.217 18.335 18.462 18.64 19.102 19.347 19.382 19.655 19.71 19.76 19.85 19.907
9.342 9.71 9.862 9.937 10 10.115 10.245 10.642 11.262 11.475 11.61 11.74 11.81 11.962 12.215 12.665 13.107 13.162 13.202 13.315 13.482 13.647 13.812 14.012 14.21 14.415 14.6 14.757 14.907 15.07 15.215 15.387 15.532 15.677 15.82 15.955 16.072 16.187 16.29 16.4 16.512 16.622 16.672 16.802 17.545 19.287 19.23 18.36 18.657 19.3 17.527 17.605 17.637 17.745 17.88 17.982 18.005 18.077 18.18 18.262 18.41 18.547 18.805 19.24 19.357 19.57 19.767 19.757 19.797 19.87 19.93
9.297 9.775 9.912 9.985 10.037 10.125 10.252 10.535 11.177 11.442 11.607 11.735 11.832 12 12.235 12.592 13.14 13.215 13.25 13.35 13.507 13.702 13.84 14.037 14.232 14.415 14.612 14.767 14.952 15.112 15.257 15.43 15.555 15.717 15.85 16.022 16.17 16.285 16.407 16.49 16.622 16.725 16.765 16.877 16.992 17.077 17.142 17.217 17.985 19.867 17.837 17.93 17.877 17.887 17.94 18.052 18.11 18.277 18.475 18.72 18.635 18.645 18.955 19.342 19.387 19.667 19.785 19.777 20.105 20.432 21.355
9.21 9.787 9.972 10.047 10.077 10.13 10.26 10.467 11.062 11.435 11.575 11.69 11.81 11.992 12.18 12.507 13.105 13.282 13.325 13.387 13.47 13.66 13.822 14.022 14.272 14.49 14.665 14.802 14.975 15.132 15.277 15.447 15.607 15.767 15.907 16.062 16.21 16.34 16.435 16.562 16.7 16.835 16.892 16.962 17.092 17.172 17.22 17.27 17.757 19.512 18.22 17.957 17.97 18 18.01 18.13 18.202 18.635 18.722 18.737 18.74 18.727 19.077 19.33 19.425 19.71 19.765 19.812 20.765 21.962 21.627
9.102 9.767 10.002 10.07 10.112 10.155 10.27 10.452 10.96 11.397 11.585 11.69 11.802 11.97 12.197 12.46 13.03 13.322 13.335 13.415 13.507 13.672 13.855 14.037 14.26 14.91 14.675 14.865 15.042 15.212 15.355 15.527 15.652 15.805 15.952 16.11 16.28 16.397 16.502 16.617 16.742 16.872 16.952 17.012 17.175 17.255 17.32 17.4 18.157 20.06 18.292 17.902 17.947 18.027 18.087 18.177 18.275 18.437 18.535 18.692 18.705 18.82 19.162 19.37 19.44 19.66 19.767 19.805 19.837 19.892 19.94
9.037 9.692 10.022 10.117 10.15 10.187 10.29 10.457 10.84 11.345 11.547 11.682 11.802 11.92 12.135 12.402 12.982 13.347 13.367 13.405 13.502 13.667 13.85 14.06 14.3 14.98 14.682 14.897 15.057 15.227 15.375 15.545 15.687 15.85 16.01 16.152 16.29 16.412 16.555 16.67 16.792 16.897 16.99 17.065 17.215 17.662 18.23 18.685 18.17 19.495 18.015 17.952 18.042 18.125 18.19 18.262 18.355 18.452 18.532 18.632 18.732 18.88 19.225 19.405 19.45 19.667 19.777 19.815 19.87 19.907 19.922
8.98 9.632 10.05 10.137 10.155 10.17 10.262 10.442 10.717 11.285 11.552 11.682 11.81 11.915 12.11 12.342 12.84 13.322 13.372 13.392 13.522 13.702 13.872 14.052 14.262 14.447 14.682 14.907 15.1 15.257 15.415 15.56 15.707 15.872 16.04 16.175 16.357 16.485 16.592 16.692 16.83 16.957 17.07 17.1 17.277 17.81 19.08 18.785 18.222 19.517 18.967 18.07 18.197 18.235 18.297 18.357 18.437 18.52 18.64 18.782 18.892 18.94 19.282 19.44 19.462 19.682 19.737 19.8 19.86 19.925 19.977
8.932 9.535 10.042 10.175 10.177 10.22 10.285 10.425 10.64 11.185 11.52 11.645 11.78 11.912 12.092 12.28 12.755 13.335 13.43 13.442 13.535 13.677 13.865 14.052 14.272 14.517 14.717 14.905 15.132 15.307 15.45 15.6 15.75 15.9 16.05 16.19 16.34 16.467 16.625 16.735 16.865 17.01 17.105 17.152 17.31 17.465 17.53 17.617 17.68 18.482 20.045 18.457 18.427 18.407 18.412 18.425 18.505 18.677 18.84 19.107 19.107 19.067 19.312 19.472 19.525 19.672 19.747 19.777 19.827 19.9 20.027
8.945 9.45 10.005 10.142 10.182 10.232 10.257 10.41 10.57 11.057 11.512 11.655 11.76 11.895 12.052 12.267 12.602 13.245 13.485 13.512 13.547 13.682 13.847 14.037 14.217 14.477 14.722 14.937 15.145 15.297 15.447 15.605 15.755 15.907 16.055 16.222 16.365 16.5 16.635 16.762 16.905 17.037 17.157 17.215 17.37 17.495 17.6 17.69 17.785 18.357 20.667 18.842 18.452 18.422 18.5 18.53 18.6 18.95 19.1 19.13 19.13 19.12 19.36 19.555 19.562 19.65 19.725 19.74 19.81 19.915 20.022
8.935 9.372 9.945 10.135 10.172 10.195 10.237 10.387 10.52 10.942 11.462 11.612 11.73 11.87 12.037 12.227 12.507 13.08 13.497 13.537 13.59 13.695 13.852 14.055 14.21 14.472 14.707 14.917 15.09 15.282 15.467 15.627 15.767 15.912 16.095 16.237 16.395 16.54 16.677 16.81 16.925 17.08 17.212 17.285 17.385 17.522 17.635 17.747 17.84 18.07 20.242 18.82 18.32 18.417 18.527 18.592 18.687 18.85 18.905 19.047 19.1 19.142 19.36 19.602 19.577 19.607 19.672 19.757 19.845 19.965 20.067
8.915 9.265 9.865 10.137 10.197 10.225 10.272 10.392 10.515 10.825 11.367 11.61 11.717 11.86 12.002 12.2 12.447 12.96 13.467 13.567 13.61 13.68 13.84 14.042 14.212 14.447 14.68 14.905 15.085 15.262 15.427 15.595 15.757 15.92 16.065 16.25 16.385 16.547 16.675 16.81 16.94 17.107 17.227 17.302 17.395 17.547 18.372 19.53 19.727 18.227 19.91 18.525 18.365 18.462 18.57 18.68 18.775 18.867 18.935 19.02 19.135 19.25 19.385 19.652 19.622 19.625 19.685 19.777 19.875 20.027 20.115
8.94 9.182 9.79 10.155 10.245 10.257 10.292 10.387 10.517 10.732 11.255 11.59 11.712 11.862 11.972 12.172 12.425 12.845 13.415 13.577 13.615 13.665 13.815 14.02 14.2 14.4 14.645 14.862 15.042 15.24 15.407 15.577 15.735 15.885 16.045 16.205 16.365 16.537 16.69 16.795 16.922 17.062 17.255 17.292 17.417 17.572 18.127 18.617 18.36 17.97 19.895 19.007 18.522 18.66 18.657 18.805 18.867 18.912 19.002 19.087 19.215 19.307 19.432 19.677 19.715 19.692 19.732 19.827 19.935 20.067 20.187
8.94 9.135 9.62 10.09 10.267 10.295 10.295 10.37 10.482 10.692 11.167 11.58 11.705 11.865 11.98 12.112 12.37 12.672 13.307 13.592 13.61 13.655 13.735 13.955 14.145 14.372 14.61 14.812 14.99 15.172 15.367 15.55 15.727 15.895 16.035 16.195 16.347 16.487 16.637 16.772 16.922 17.065 17.202 17.3 17.4 17.557 17.725 17.815 17.912 18.02 19.362 19.625 18.785 18.767 18.81 18.875 18.93 18.98 19.087 19.15 19.215 19.277 19.45 19.685 19.8 19.777 19.797 19.88 20.005 20.112 20.242
8.912 9.06 9.397 9.952 10.252 10.305 10.31 10.352 10.472 10.627 11.01 11.525 11.717 11.847 11.942 12.072 12.292 12.55 13.107 13.587 13.595 13.607 13.687 13.89 14.087 14.305 14.542 14.77 14.97 15.155 15.357 15.527 15.67 15.84 16.005 16.172 16.355 16.505 16.647 16.777 16.89 17.065 17.202 17.312 17.382 17.535 17.702 17.832 17.96 18.05 19.045 19.955 18.71 18.755 18.76 18.85 18.95 19.055 19.135 19.175 19.227 19.302 19.45 19.695 19.817 19.817 19.857 19.945 20.037 20.117 20.227
8.88 9.052 9.29 9.845 10.22 10.335 10.332 10.372 10.5 10.597 10.902 11.417 11.682 11.825 11.93 12.055 12.26 12.505 12.882 13.47 13.587 13.592 13.657 13.847 14.06 14.26 14.46 14.697 14.885 15.095 15.295 15.48 15.65 15.79 15.957 16.142 16.29 16.45 16.61 16.757 16.905 17.037 17.177 17.292 17.385 17.515 17.67 17.837 17.945 18.052 18.31 19.9 18.497 18.64 18.73 18.85 18.94 19.062 19.125 19.185 19.29 19.375 19.515 19.802 19.94 19.852 19.907 19.99 20.057 20.105 20.242
8.87 9.037 9.232 9.722 10.2 10.335 10.355 10.38 10.475 10.61 10.802 11.265 11.665 11.82 11.932 12.012 12.172 12.385 12.7 13.255 13.587 13.61 13.68 13.787 14.002 14.187 14.412 14.625 14.805 15.002 15.225 15.405 15.58 15.765 15.925 16.072 16.265 16.43 16.565 16.717 16.87 17.01 17.17 17.305 17.367 17.495 17.825 18.762 19.247 18.715 18.195 19.772 18.505 18.597 18.715 18.847 18.925 19.055 19.152 19.235 19.34 19.467 19.552 20.26 20.262 19.937 19.975 20.002 20.055 20.142 20.272
8.865 9.005 9.122 9.595 10.125 10.355 10.355 10.38 10.457 10.597 10.685 11.08 11.602 11.792 11.902 11.995 12.115 12.317 12.565 13.015 13.532 13.585 13.637 13.732 13.95 14.127 14.312 14.547 14.72 14.95 15.157 15.327 15.517 15.672 15.832 16.02 16.2 16.345 16.525 16.72 16.865 16.977 17.142 17.242 17.34 17.475 17.82 18.58 19.062 18.257 18.135 19.66 18.63 18.815 18.837 18.902 18.957 19.04 19.137 19.26 19.375 19.45 19.547 19.96 20.44 20.032 20.03 20.03 20.12 20.185 20.27
8.82 8.985 9.122 9.462 10.005 10.307 10.355 10.375 10.432 10.52 10.64 10.915 11.48 11.757 11.865 11.955 12.072 12.26 12.5 12.85 13.44 13.56 13.585 13.677 13.845 14.047 14.235 14.475 14.685 14.855 15.065 15.252 15.43 15.622 15.79 15.975 16.155 16.317 16.46 16.647 16.792 16.945 17.09 17.222 17.325 17.422 17.605 17.755 17.91 18.032 18.097 20.205 19.282 18.875 18.895 18.917 18.957 19.052 19.155 19.26 19.337 19.427 19.522 19.685 20.24 20.05 20.052 20.067 20.155 20.21 20.28
8.847 8.985 9.132 9.365 9.875 10.237 10.362 10.37 10.42 10.495 10.62 10.79 11.245 11.677 11.81 11.905 12.002 12.192 12.39 12.652 13.252 13.515 13.57 13.62 13.757 13.947 14.137 14.365 14.6 14.792 15.002 15.212 15.367 15.582 15.742 15.897 16.092 16.285 16.442 16.62 16.785 16.907 17.075 17.177 17.277 17.38 17.562 17.722 17.887 18.005 18.112 20.002 19.262 18.742 18.777 18.827 18.907 19.015 19.11 19.21 19.327 19.437 19.532 19.65 19.78 20.02 20.132 20.137 20.222 20.26 20.295
8.837 8.98 9.135 9.292 9.78 10.2 10.37 10.402 10.402 10.455 10.562 10.697 11.037 11.527 11.742 11.835 11.957 12.12 12.332 12.54 13.017 13.432 13.51 13.57 13.695 13.855 14.02 14.262 14.502 14.712 14.895 15.11 15.307 15.5 15.702 15.86 16.032 16.205 16.352 16.532 16.71 16.887 17.04 17.182 17.24 17.32 17.492 17.672 17.845 17.97 18.067 19.272 19.725 18.507 18.652 18.77 18.857 18.977 19.097 19.215 19.337 19.47 19.557 19.652 19.752 19.927 20.112 20.152 20.195 20.235 20.27
8.795 8.962 9.107 9.247 9.607 10.142 10.36 10.417 10.445 10.472 10.535 10.65 10.865 11.375 11.7 11.805 11.947 12.075 12.202 12.422 12.772 13.347 13.487 13.565 13.63 13.777 13.907 14.175 14.422 14.66 14.865 15.04 15.225 15.397 15.605 15.785 15.957 16.17 16.315 16.485 16.657 16.792 16.92 17.092 17.202 17.257 17.422 17.62 17.772 17.875 17.977 18.57 20.167 18.477 18.64 18.732 18.87 18.972 19.125 19.215 19.485 19.647 19.707 19.75 19.777 19.822 20.097 20.122 20.14 20.192 20.207
