All_lidar/sz6388_DSM_2M.asc
ncols 500
nrows 500
xllcorner    463000
yllcorner    88000
cellsize     2
NODATA_value -9999
[rows 264 to 296 of 500, columns 148 to 221 of 500]
1.56 1.587 1.582 1.575 1.572 1.557 1.58 1.6 1.617 1.665 1.677 1.702 1.71 1.735 1.77 1.815 1.835 1.882 1.935 1.967 2.057 2.077 2.042 2.082 2.101 2.115 2.147 2.178 2.209 2.268 2.29 2.31 2.357 2.476 2.437 2.4 2.307 2.268 2.241 2.392 2.604 3.11 4.839 4.534 5.546 3.655 3.859 4.435 5.936 8.102 9.198 8.719 6.944 4.084 3.911 3.894 3.878 3.836 3.79 3.73 3.931 3.812 3.77 5.064 4.566 6.332 4.621 6.681 8.097 5.27 8.327 7.665 5.425 1.639
1.6 1.627 1.587 1.552 1.56 1.6 1.575 1.597 1.64 1.63 1.64 1.695 1.72 1.745 1.76 1.795 1.84 1.867 1.907 1.932 1.952 1.997 2.032 2.075 2.112 2.137 2.152 2.194 2.218 2.296 2.292 2.29 2.394 2.566 2.515 2.401 2.282 2.226 2.173 2.157 2.098 2.546 3.318 3.669 3.556 2.867 3.768 4.4 6.016 7.892 9.931 7.413 7.884 8.153 6.357 4.99 3.879 4.066 3.85 3.853 3.829 3.785 3.736 3.784 3.759 6.663 5.748 7.971 8.107 9.585 8.075 8.954 8.175 6.887
1.527 1.525 1.557 1.61 1.597 1.572 1.562 1.627 1.597 1.647 1.652 1.7 1.715 1.74 1.75 1.85 1.837 1.882 1.897 1.955 1.972 1.972 2.027 2.062 2.077 2.137 2.162 2.222 2.275 2.307 2.227 2.083 2.289 2.47 2.46 2.359 2.309 2.2 2.14 2.117 2.061 2.016 2.417 2.52 2.19 2.056 3.026 4.287 5.026 5.766 7.598 5.344 5.934 5.737 5.969 6.336 5.686 3.894 3.872 3.861 3.891 3.853 3.864 3.804 3.732 3.666 3.751 7.247 8.647 8.825 8.572 8.11 7.905 6.931
1.512 1.512 1.577 1.567 1.555 1.542 1.537 1.585 1.567 1.61 1.685 1.687 1.7 1.775 1.772 1.827 1.83 1.877 1.915 1.957 1.975 2 2.012 2.037 2.042 2.075 2.15 2.18 2.257 2.312 2.287 2.165 2.26 2.277 2.282 2.282 2.235 2.14 2.076 2.049 2.008 2.012 2.044 1.869 1.841 1.827 1.883 2.948 4.039 5.359 6.999 6.159 6.046 5.286 5.242 6.921 5.734 5.269 4.399 5.716 5.156 3.875 3.854 3.849 3.833 3.784 3.724 6.062 7.46 6.112 6.681 7.193 7.106 5.454
1.537 1.51 1.497 1.505 1.507 1.525 1.525 1.572 1.575 1.58 1.595 1.67 1.702 1.745 1.777 1.822 1.842 1.86 1.902 1.905 1.952 1.975 2.007 2.042 2.08 2.077 2.127 2.167 2.24 2.26 2.255 2.207 2.167 2.23 2.227 2.207 2.205 2.145 2.094 1.97 1.946 2.018 1.986 1.849 1.802 1.796 1.797 1.917 3.137 4.099 4.765 4.693 3.01 3.315 3.816 4.707 4.14 5.497 5.19 5.988 6.06 4.528 6.69 6.524 3.832 3.824 3.789 3.788 4.441 3.714 4.565 6.233 3.894 4.932
1.505 1.5 1.497 1.54 1.5 1.542 1.547 1.547 1.54 1.567 1.652 1.667 1.7 1.742 1.77 1.785 1.797 1.827 1.84 1.902 1.932 1.96 2.005 2.05 2.055 2.115 2.14 2.155 2.18 2.232 2.202 2.21 2.142 2.142 2.152 2.17 2.145 2.147 2.072 2.017 1.955 2.05 1.859 1.819 1.752 1.776 1.754 1.77 2.506 2.758 3.066 2.936 3.311 3.167 2.985 3.489 3.304 2.4 4.485 5.138 5.18 5.556 8.508 6.572 4.425 3.939 3.791 3.806 3.838 3.807 3.8 3.775 3.709 3.778
1.54 1.507 1.51 1.512 1.54 1.55 1.525 1.495 1.542 1.605 1.66 1.69 1.707 1.725 1.707 1.76 1.755 1.805 1.865 1.862 1.922 1.957 2 2.017 2.05 2.087 2.122 2.11 2.167 2.182 2.21 2.21 2.192 2.125 2.087 2.095 2.115 2.102 2.045 2.017 1.985 2.025 1.862 1.835 1.792 1.791 1.774 1.707 1.69 1.991 2.007 2.444 2.308 1.712 1.536 2.46 2.614 2.362 3.197 3.147 2.974 5.351 6.032 5.001 4.897 4.494 4.508 4.195 3.821 3.81 3.842 4.157 3.821 3.808
1.515 1.51 1.522 1.507 1.555 1.54 1.542 1.552 1.565 1.605 1.665 1.672 1.68 1.725 1.732 1.732 1.73 1.795 1.832 1.862 1.9 1.96 1.987 2.005 2.042 2.075 2.07 2.107 2.107 2.135 2.19 2.167 2.17 2.132 2.087 2.137 2.047 2.01 1.96 1.995 2.06 1.925 1.847 1.857 1.8 1.765 1.71 1.698 1.656 1.654 1.689 1.723 1.598 1.578 1.532 1.507 1.547 1.403 1.414 1.436 1.491 2.835 3.872 3.895 5.235 3.398 3.668 3.751 4.398 4.807 3.841 3.832 3.834 3.863
1.505 1.495 1.537 1.542 1.507 1.537 1.53 1.572 1.612 1.625 1.65 1.665 1.652 1.692 1.712 1.712 1.735 1.757 1.815 1.872 1.92 1.942 1.985 2.005 2.032 2.05 2.047 2.087 2.09 2.072 2.1 2.122 2.155 2.122 2.09 2.452 2.067 2.025 1.975 1.952 1.965 1.87 1.84 1.837 1.795 1.742 1.707 1.675 1.675 1.665 1.656 1.664 1.567 1.552 1.523 1.504 1.487 1.417 1.359 1.363 1.404 1.522 1.71 1.542 2.135 2.558 2.823 3.59 5.166 6.18 4.366 4.242 3.924 3.831
1.527 1.545 1.547 1.547 1.522 1.545 1.55 1.612 1.64 1.655 1.662 1.642 1.662 1.68 1.672 1.692 1.735 1.73 1.805 1.855 1.9 1.932 1.97 1.995 1.997 2.015 2.007 2.005 2.045 2.04 2.062 2.09 2.112 2.1 2.067 2.015 2.03 2.007 1.98 2.002 1.912 1.837 1.857 1.83 1.777 1.72 1.682 1.65 1.705 1.685 1.657 1.667 1.6 1.566 1.555 1.514 1.522 1.477 1.425 1.383 1.379 1.33 1.312 1.295 1.299 1.318 1.456 3.128 3.551 5.056 3.921 3.685 3.734 4.207
1.52 1.525 1.52 1.52 1.512 1.532 1.58 1.57 1.63 1.642 1.635 1.645 1.672 1.662 1.672 1.68 1.712 1.745 1.797 1.827 1.882 1.9 1.967 1.965 1.97 1.972 2.002 1.99 1.992 2 2.032 2.065 2.09 2.04 2.045 2.037 1.957 1.967 1.947 1.97 1.902 1.755 1.74 1.797 1.807 1.702 1.655 1.652 1.707 1.687 1.652 1.562 1.582 1.542 1.54 1.5 1.494 1.438 1.446 1.386 1.335 1.341 1.323 1.322 1.296 1.282 1.258 2.194 2.856 2.914 2.877 2.621 3.109 3.226
1.527 1.552 1.535 1.515 1.555 1.557 1.582 1.57 1.637 1.64 1.645 1.667 1.655 1.662 1.672 1.647 1.692 1.757 1.77 1.822 1.857 1.9 1.932 1.935 1.927 1.932 1.98 1.957 1.975 1.97 2.01 2.022 2.055 2.015 1.997 2.012 1.96 1.955 1.935 1.975 1.82 1.73 1.745 1.765 1.742 1.66 1.64 1.67 1.702 1.655 1.64 1.575 1.585 1.517 1.507 1.462 1.462 1.435 1.41 1.411 1.375 1.317 1.315 1.309 1.306 1.277 1.262 1.263 1.85 1.501 1.244 1.309 1.819 2.158
1.497 1.515 1.53 1.502 1.537 1.532 1.565 1.6 1.612 1.607 1.652 1.652 1.617 1.662 1.65 1.66 1.692 1.745 1.772 1.82 1.86 1.852 1.925 1.912 1.91 1.885 1.907 1.927 1.935 1.967 1.977 2.002 2.01 2.002 1.96 1.972 1.935 1.907 1.95 1.885 1.74 1.72 1.655 1.692 1.682 1.655 1.635 1.67 1.645 1.702 1.6 1.59 1.57 1.527 1.49 1.472 1.462 1.407 1.385 1.417 1.355 1.335 1.314 1.308 1.3 1.307 1.296 1.25 1.231 1.215 1.224 1.246 1.451 1.287
1.49 1.495 1.522 1.507 1.527 1.552 1.555 1.58 1.59 1.6 1.655 1.637 1.617 1.65 1.677 1.645 1.702 1.727 1.74 1.785 1.797 1.85 1.86 1.885 1.877 1.865 1.862 1.917 1.93 1.957 1.955 1.97 2.017 1.987 1.967 1.945 1.945 1.925 1.925 1.812 1.697 1.695 1.645 1.597 1.617 1.607 1.632 1.68 1.657 1.68 1.595 1.587 1.55 1.502 1.487 1.475 1.41 1.41 1.397 1.365 1.34 1.327 1.3 1.287 1.267 1.28 1.267 1.268 1.243 1.246 1.209 1.22 1.207 1.197
1.53 1.507 1.505 1.477 1.567 1.535 1.542 1.562 1.627 1.627 1.612 1.702 1.645 1.642 1.667 1.652 1.647 1.707 1.722 1.747 1.795 1.812 1.83 1.822 1.842 1.842 1.84 1.87 1.897 1.92 1.912 1.96 1.967 1.985 1.915 1.9 1.905 1.96 1.792 1.707 1.677 1.682 1.635 1.587 1.585 1.58 1.647 1.645 1.647 1.655 1.575 1.575 1.517 1.477 1.437 1.422 1.41 1.385 1.375 1.335 1.34 1.347 1.277 1.272 1.232 1.242 1.227 1.217 1.204 1.256 1.241 1.207 1.182 1.182
1.48 1.507 1.485 1.52 1.56 1.55 1.535 1.56 1.55 1.602 1.607 1.615 1.64 1.655 1.66 1.627 1.657 1.677 1.705 1.735 1.777 1.79 1.802 1.792 1.82 1.802 1.817 1.847 1.855 1.857 1.91 1.925 1.937 1.935 1.9 1.867 1.877 1.927 1.697 1.65 1.625 1.602 1.56 1.545 1.552 1.617 1.62 1.627 1.61 1.62 1.557 1.56 1.502 1.457 1.42 1.407 1.397 1.39 1.357 1.347 1.335 1.315 1.247 1.222 1.212 1.2 1.207 1.19 1.207 1.194 1.216 1.183 1.19 1.173
1.502 1.48 1.492 1.53 1.555 1.55 1.552 1.552 1.562 1.58 1.577 1.555 1.59 1.617 1.595 1.59 1.65 1.667 1.667 1.72 1.745 1.765 1.792 1.77 1.785 1.777 1.827 1.827 1.845 1.835 1.865 1.897 1.9 1.897 1.902 1.89 2.022 1.87 1.61 1.602 1.587 1.587 1.547 1.505 1.542 1.575 1.607 1.597 1.58 1.58 1.56 1.547 1.482 1.457 1.397 1.392 1.357 1.385 1.362 1.35 1.33 1.317 1.29 1.26 1.205 1.217 1.18 1.162 1.177 1.17 1.177 1.177 1.155 1.149
1.47 1.477 1.525 1.545 1.522 1.52 1.515 1.542 1.555 1.562 1.557 1.555 1.607 1.577 1.55 1.605 1.655 1.67 1.697 1.682 1.732 1.705 1.74 1.77 1.76 1.762 1.792 1.812 1.807 1.827 1.827 1.895 1.907 1.852 1.87 1.872 1.857 1.687 1.6 1.6 1.567 1.557 1.502 1.515 1.51 1.572 1.592 1.547 1.552 1.52 1.512 1.51 1.462 1.41 1.375 1.37 1.362 1.385 1.355 1.335 1.305 1.305 1.312 1.237 1.227 1.22 1.227 1.177 1.2 1.177 1.177 1.175 1.152 1.132
1.482 1.495 1.537 1.517 1.495 1.507 1.52 1.522 1.58 1.552 1.535 1.522 1.555 1.552 1.552 1.592 1.63 1.63 1.627 1.675 1.71 1.73 1.717 1.737 1.717 1.75 1.787 1.79 1.812 1.822 1.827 1.855 1.862 1.845 1.847 1.942 1.832 1.627 1.575 1.582 1.505 1.522 1.475 1.477 1.515 1.54 1.57 1.55 1.5 1.525 1.485 1.472 1.475 1.437 1.377 1.352 1.305 1.325 1.327 1.317 1.307 1.285 1.24 1.23 1.272 1.257 1.225 1.182 1.202 1.177 1.187 1.155 1.172 1.137
1.492 1.51 1.552 1.495 1.472 1.477 1.507 1.522 1.57 1.537 1.502 1.562 1.58 1.515 1.552 1.605 1.607 1.552 1.627 1.632 1.662 1.647 1.692 1.725 1.677 1.695 1.727 1.755 1.797 1.79 1.795 1.837 1.822 1.825 1.857 1.85 1.697 1.577 1.547 1.565 1.462 1.48 1.47 1.49 1.52 1.537 1.517 1.492 1.477 1.455 1.447 1.405 1.397 1.395 1.372 1.337 1.312 1.302 1.3 1.315 1.3 1.29 1.26 1.23 1.24 1.232 1.222 1.2 1.177 1.167 1.157 1.16 1.147 1.14
1.52 1.555 1.532 1.495 1.497 1.462 1.507 1.567 1.517 1.512 1.555 1.562 1.507 1.54 1.532 1.615 1.582 1.542 1.58 1.557 1.582 1.652 1.68 1.69 1.7 1.717 1.702 1.737 1.757 1.75 1.79 1.795 1.805 1.815 1.857 1.792 1.622 1.527 1.535 1.49 1.427 1.505 1.487 1.467 1.502 1.475 1.447 1.51 1.485 1.425 1.385 1.38 1.362 1.35 1.34 1.322 1.335 1.32 1.295 1.277 1.285 1.257 1.252 1.272 1.257 1.232 1.212 1.17 1.182 1.162 1.155 1.127 1.13 1.125
1.545 1.555 1.502 1.472 1.495 1.497 1.547 1.562 1.535 1.557 1.54 1.527 1.477 1.542 1.56 1.565 1.54 1.557 1.537 1.57 1.575 1.63 1.655 1.715 1.707 1.695 1.71 1.715 1.745 1.752 1.785 1.792 1.775 1.812 1.902 1.657 1.497 1.525 1.467 1.425 1.375 1.412 1.42 1.442 1.465 1.452 1.447 1.465 1.445 1.435 1.365 1.332 1.312 1.305 1.28 1.295 1.292 1.3 1.287 1.275 1.287 1.287 1.31 1.28 1.285 1.23 1.2 1.19 1.177 1.147 1.182 1.145 1.137 1.132
1.522 1.522 1.5 1.51 1.5 1.51 1.527 1.542 1.562 1.525 1.527 1.532 1.515 1.475 1.5 1.507 1.48 1.53 1.542 1.535 1.55 1.582 1.625 1.682 1.677 1.7 1.715 1.725 1.725 1.767 1.765 1.812 1.812 1.8 1.8 1.54 1.485 1.447 1.43 1.397 1.345 1.312 1.42 1.46 1.442 1.457 1.452 1.42 1.45 1.417 1.39 1.345 1.31 1.302 1.3 1.302 1.285 1.31 1.27 1.267 1.28 1.27 1.29 1.255 1.26 1.25 1.222 1.22 1.17 1.17 1.155 1.137 1.137 1.122
1.525 1.5 1.532 1.51 1.517 1.542 1.517 1.522 1.527 1.537 1.585 1.482 1.47 1.477 1.492 1.485 1.47 1.532 1.517 1.54 1.545 1.565 1.582 1.617 1.64 1.662 1.67 1.712 1.73 1.752 1.755 1.802 1.79 1.877 1.655 1.497 1.452 1.422 1.402 1.355 1.275 1.265 1.38 1.422 1.417 1.412 1.415 1.412 1.427 1.362 1.335 1.327 1.31 1.327 1.302 1.282 1.292 1.315 1.27 1.265 1.225 1.232 1.252 1.247 1.262 1.237 1.205 1.23 1.207 1.167 1.177 1.165 1.145 1.15
1.57 1.537 1.567 1.587 1.54 1.55 1.557 1.557 1.542 1.542 1.575 1.51 1.487 1.515 1.517 1.477 1.437 1.467 1.542 1.575 1.547 1.522 1.57 1.597 1.617 1.662 1.672 1.69 1.712 1.735 1.79 1.772 1.777 1.845 1.535 1.382 1.46 1.387 1.332 1.27 1.262 1.292 1.377 1.427 1.417 1.392 1.402 1.387 1.365 1.35 1.33 1.32 1.307 1.292 1.282 1.27 1.27 1.287 1.277 1.277 1.257 1.257 1.245 1.215 1.217 1.227 1.215 1.207 1.202 1.202 1.167 1.17 1.147 1.142
1.5 1.517 1.552 1.577 1.535 1.51 1.527 1.565 1.532 1.47 1.582 1.505 1.505 1.482 1.505 1.492 1.447 1.497 1.56 1.542 1.555 1.542 1.555 1.575 1.557 1.61 1.702 1.675 1.725 1.725 1.73 1.725 1.792 1.782 1.432 1.35 1.41 1.345 1.31 1.225 1.255 1.292 1.347 1.35 1.375 1.352 1.385 1.325 1.355 1.297 1.282 1.285 1.292 1.277 1.275 1.29 1.292 1.277 1.255 1.28 1.282 1.232 1.205 1.165 1.207 1.192 1.177 1.187 1.16 1.172 1.177 1.157 1.147 1.13
1.507 1.502 1.497 1.525 1.492 1.495 1.492 1.537 1.535 1.48 1.51 1.49 1.512 1.495 1.465 1.45 1.477 1.487 1.555 1.555 1.572 1.575 1.537 1.63 1.582 1.615 1.662 1.65 1.705 1.725 1.742 1.74 1.852 1.647 1.385 1.332 1.347 1.27 1.23 1.215 1.25 1.34 1.362 1.342 1.327 1.345 1.38 1.337 1.287 1.292 1.287 1.285 1.295 1.275 1.285 1.29 1.297 1.252 1.225 1.23 1.27 1.25 1.227 1.225 1.172 1.187 1.177 1.157 1.145 1.152 1.187 1.14 1.147 1.132
1.497 1.497 1.485 1.462 1.43 1.46 1.46 1.48 1.495 1.455 1.465 1.45 1.45 1.485 1.49 1.455 1.512 1.522 1.567 1.517 1.525 1.547 1.575 1.557 1.577 1.637 1.655 1.645 1.697 1.705 1.737 1.812 1.872 1.547 1.402 1.327 1.337 1.247 1.225 1.235 1.255 1.325 1.342 1.36 1.342 1.332 1.327 1.32 1.29 1.3 1.287 1.27 1.29 1.315 1.277 1.287 1.285 1.267 1.295 1.272 1.26 1.24 1.222 1.202 1.202 1.195 1.177 1.157 1.157 1.155 1.16 1.152 1.142 1.127
1.502 1.477 1.475 1.412 1.38 1.432 1.452 1.447 1.43 1.435 1.452 1.435 1.47 1.467 1.48 1.455 1.477 1.53 1.537 1.53 1.495 1.537 1.512 1.532 1.602 1.617 1.642 1.65 1.68 1.702 1.807 1.885 1.677 1.455 1.332 1.365 1.32 1.247 1.222 1.262 1.277 1.335 1.315 1.36 1.335 1.31 1.317 1.325 1.307 1.322 1.305 1.272 1.292 1.272 1.272 1.29 1.28 1.332 1.265 1.262 1.277 1.265 1.222 1.192 1.18 1.2 1.185 1.142 1.15 1.142 1.135 1.132 1.122 1.12
1.485 1.487 1.447 1.437 1.402 1.455 1.477 1.455 1.437 1.492 1.477 1.467 1.46 1.5 1.477 1.46 1.477 1.517 1.542 1.515 1.547 1.52 1.535 1.507 1.575 1.657 1.65 1.657 1.657 1.665 1.777 1.932 1.597 1.402 1.36 1.357 1.28 1.21 1.217 1.282 1.312 1.295 1.335 1.352 1.315 1.295 1.322 1.327 1.317 1.357 1.3 1.282 1.295 1.26 1.295 1.255 1.265 1.262 1.267 1.25 1.267 1.267 1.23 1.215 1.2 1.215 1.182 1.17 1.16 1.137 1.112 1.125 1.127 1.122
1.49 1.472 1.432 1.427 1.435 1.485 1.452 1.425 1.45 1.452 1.452 1.475 1.465 1.46 1.465 1.492 1.43 1.482 1.495 1.532 1.537 1.512 1.56 1.547 1.545 1.637 1.637 1.665 1.68 1.682 1.922 1.812 1.452 1.342 1.317 1.322 1.265 1.195 1.235 1.31 1.327 1.337 1.325 1.345 1.32 1.307 1.31 1.362 1.33 1.305 1.297 1.29 1.295 1.305 1.262 1.29 1.257 1.272 1.247 1.302 1.252 1.257 1.25 1.187 1.177 1.202 1.175 1.17 1.17 1.145 1.152 1.127 1.13 1.112
1.6 1.49 1.497 1.402 1.46 1.442 1.44 1.407 1.427 1.43 1.447 1.47 1.437 1.457 1.472 1.465 1.412 1.475 1.512 1.53 1.512 1.515 1.542 1.542 1.557 1.615 1.662 1.657 1.702 1.767 1.952 1.687 1.405 1.33 1.307 1.282 1.242 1.207 1.27 1.347 1.345 1.317 1.3 1.297 1.32 1.35 1.35 1.322 1.357 1.312 1.315 1.292 1.325 1.292 1.26 1.265 1.235 1.25 1.245 1.265 1.235 1.19 1.202 1.215 1.195 1.145 1.17 1.185 1.18 1.167 1.13 1.142 1.122 1.1
1.47 1.437 1.487 1.395 1.42 1.452 1.47 1.44 1.437 1.435 1.437 1.417 1.462 1.465 1.46 1.437 1.442 1.465 1.56 1.54 1.502 1.487 1.492 1.5 1.512 1.582 1.677 1.662 1.682 1.762 1.927 1.577 1.38 1.305 1.297 1.262 1.212 1.22 1.28 1.355 1.332 1.332 1.307 1.332 1.367 1.357 1.345 1.34 1.35 1.362 1.332 1.287 1.312 1.28 1.255 1.212 1.212 1.257 1.212 1.227 1.202 1.192 1.195 1.22 1.207 1.177 1.172 1.15 1.182 1.16 1.115 1.12 1.112 1.102
