All_lidar/sz6486_DSM_2M.asc
ncols 500
nrows 500
xllcorner    464000
yllcorner    86000
cellsize     2
NODATA_value -9999
[rows 96 to 127 of 500, columns 360 to 431 of 500]
2.546 2.308 2.076 1.963 1.942 1.944 1.899 1.7 1.652 1.504 1.352 1.32 1.42 1.44 1.396 1.368 1.318 1.219 1.128 1.076 1.021 0.97 0.905 0.897 0.898 0.884 0.875 0.88 0.832 0.747 0.673 0.718 0.711 0.605 0.64 0.63 0.581 0.601 0.576 0.581 0.563 0.528 0.52 0.515 0.477 0.468 0.428 0.392 0.414 0.41 0.39 0.363 0.347 0.31 0.335 0.311 0.306 0.282 0.269 0.258 0.253 0.225 0.22 0.224 0.215 0.182 0.166 0.171 0.142 0.125 0.091 0.121
2.414 1.968 1.932 1.944 1.839 1.91 1.864 1.724 1.523 1.409 1.324 1.345 1.388 1.369 1.351 1.286 1.2 1.104 1.013 0.989 1.015 0.94 0.93 0.908 0.895 0.905 0.918 0.88 0.747 0.662 0.663 0.668 0.629 0.641 0.625 0.596 0.556 0.583 0.579 0.563 0.551 0.524 0.5 0.501 0.497 0.446 0.424 0.396 0.412 0.402 0.388 0.355 0.336 0.309 0.33 0.304 0.309 0.289 0.266 0.239 0.255 0.231 0.219 0.23 0.203 0.184 0.166 0.179 0.141 0.124 0.12 0.128
1.941 1.933 1.946 1.916 1.933 2.05 1.857 1.633 1.524 1.38 1.324 1.331 1.368 1.348 1.258 1.217 1.126 0.997 0.956 0.945 0.945 0.893 0.876 0.838 0.801 0.787 0.763 0.721 0.706 0.693 0.672 0.616 0.602 0.631 0.572 0.555 0.546 0.575 0.571 0.579 0.561 0.517 0.516 0.493 0.475 0.431 0.425 0.401 0.391 0.376 0.351 0.36 0.345 0.313 0.316 0.295 0.275 0.281 0.274 0.233 0.231 0.224 0.213 0.192 0.178 0.239 0.181 0.17 0.127 0.119 0.109 0.083
1.894 1.865 1.8 1.868 1.979 2.032 1.609 1.524 1.455 1.342 1.273 1.303 1.309 1.239 1.186 1.126 1.053 0.935 0.947 0.936 0.928 0.839 0.885 0.828 0.742 0.729 0.719 0.703 0.678 0.653 0.606 0.582 0.564 0.556 0.583 0.585 0.581 0.577 0.589 0.548 0.549 0.52 0.505 0.484 0.466 0.46 0.414 0.37 0.386 0.378 0.349 0.349 0.425 0.303 0.31 0.303 0.266 0.264 0.26 0.259 0.252 0.201 0.217 0.182 0.159 0.209 0.174 0.165 0.128 0.109 0.087 0.056
1.888 1.9 1.928 2.138 2.053 1.706 1.494 1.412 1.38 1.328 1.199 1.197 1.199 1.185 1.098 1.02 0.992 0.945 0.939 0.947 0.959 0.901 0.931 0.75 0.709 0.718 0.68 0.644 0.627 0.587 0.6 0.567 0.56 0.563 0.599 0.561 0.546 0.546 0.564 0.566 0.545 0.524 0.484 0.484 0.485 0.462 0.433 0.412 0.386 0.367 0.337 0.323 0.409 0.306 0.324 0.276 0.249 0.245 0.259 0.238 0.257 0.242 0.238 0.233 0.196 0.191 0.16 0.175 0.127 0.102 0.101 0.081
1.939 1.948 2.073 2.068 1.633 1.461 1.381 1.308 1.31 1.267 1.116 1.103 1.115 1.052 1.025 0.963 0.939 0.89 0.855 0.916 0.912 0.704 0.729 0.67 0.651 0.687 0.655 0.609 0.582 0.582 0.541 0.568 0.56 0.57 0.559 0.555 0.556 0.535 0.551 0.556 0.543 0.487 0.442 0.452 0.456 0.439 0.439 0.426 0.401 0.386 0.339 0.428 0.438 0.319 0.293 0.279 0.274 0.246 0.247 0.243 0.24 0.225 0.197 0.177 0.19 0.157 0.17 0.135 0.142 0.088 0.093 0.078
1.977 2.102 2.073 1.656 1.467 1.367 1.266 1.186 1.212 1.154 1.048 1.017 1.061 1.008 0.964 0.961 0.917 0.86 0.801 0.8 0.707 0.626 0.672 0.672 0.66 0.641 0.606 0.589 0.585 0.566 0.567 0.505 0.476 0.548 0.574 0.542 0.497 0.503 0.541 0.555 0.536 0.485 0.442 0.436 0.42 0.426 0.421 0.404 0.385 0.467 0.438 0.454 0.293 0.265 0.283 0.266 0.238 0.251 0.245 0.205 0.221 0.206 0.213 0.209 0.156 0.174 0.165 0.142 0.135 0.129 0.138 0.089
2.025 2.07 1.639 1.474 1.385 1.264 1.172 1.107 1.092 1.094 1.008 0.999 1.004 0.994 0.871 0.841 0.847 0.795 0.825 0.738 0.643 0.666 0.665 0.647 0.611 0.592 0.6 0.567 0.586 0.56 0.558 0.496 0.536 0.55 0.559 0.566 0.495 0.502 0.494 0.513 0.548 0.496 0.447 0.415 0.422 0.409 0.424 0.376 0.386 0.37 0.318 0.29 0.3 0.273 0.275 0.257 0.225 0.234 0.218 0.227 0.223 0.238 0.238 0.187 0.205 0.183 0.184 0.179 0.138 0.131 0.163 0.116
2.048 1.761 1.465 1.35 1.266 1.212 1.113 1.077 1.07 1.109 1.042 0.983 0.95 0.931 0.841 0.815 0.757 0.739 0.696 0.645 0.642 0.69 0.635 0.595 0.594 0.571 0.549 0.534 0.568 0.579 0.598 0.571 0.57 0.575 0.587 0.597 0.546 0.522 0.495 0.513 0.53 0.479 0.452 0.401 0.495 0.425 0.374 0.376 0.366 0.379 0.331 0.314 0.329 0.296 0.268 0.256 0.242 0.238 0.256 0.259 0.229 0.242 0.223 0.207 0.215 0.204 0.187 0.151 0.105 0.145 0.141 0.138
1.739 1.453 1.368 1.284 1.188 1.109 1.057 1.031 1.056 1.058 0.99 0.955 0.938 0.867 0.807 0.763 0.721 0.686 0.723 0.62 0.619 0.591 0.591 0.587 0.572 0.565 0.574 0.565 0.56 0.573 0.586 0.567 0.585 0.612 0.629 0.603 0.579 0.551 0.55 0.519 0.506 0.501 0.459 0.407 0.392 0.4 0.386 0.378 0.387 0.349 0.329 0.307 0.339 0.273 0.282 0.264 0.259 0.268 0.246 0.236 0.207 0.233 0.245 0.234 0.246 0.215 0.188 0.168 0.178 0.154 0.114 0.114
1.444 1.308 1.255 1.184 1.159 1.092 1.094 1 1.005 1.028 1.017 0.943 0.875 0.83 0.777 0.735 0.682 0.689 0.715 0.607 0.593 0.569 0.561 0.542 0.568 0.548 0.539 0.556 0.569 0.581 0.613 0.621 0.632 0.613 0.606 0.624 0.617 0.575 0.539 0.513 0.561 0.485 0.473 0.437 0.41 0.413 0.402 0.387 0.378 0.355 0.346 0.323 0.323 0.332 0.284 0.251 0.286 0.265 0.255 0.266 0.217 0.258 0.249 0.226 0.205 0.196 0.212 0.145 0.155 0.127 0.125 0.092
1.333 1.231 1.206 1.113 1.106 1.054 1.024 0.985 0.949 0.938 0.937 0.906 0.893 0.855 0.755 0.695 0.638 0.671 0.607 0.605 0.551 0.531 0.557 0.556 0.562 0.569 0.531 0.545 0.532 0.565 0.604 0.634 0.627 0.613 0.645 0.622 0.604 0.602 0.552 0.566 0.491 0.466 0.451 0.443 0.451 0.383 0.375 0.384 0.361 0.383 0.374 0.362 0.326 0.312 0.296 0.274 0.297 0.275 0.271 0.269 0.244 0.238 0.214 0.227 0.212 0.186 0.184 0.142 0.142 0.123 0.068 0.082
1.257 1.202 1.168 1.062 1.069 1.07 1.007 0.925 0.891 0.883 0.856 0.823 0.782 0.747 0.711 0.688 0.662 0.63 0.601 0.576 0.545 0.517 0.554 0.542 0.561 0.567 0.55 0.549 0.562 0.585 0.623 0.601 0.579 0.601 0.594 0.558 0.577 0.581 0.541 0.542 0.486 0.46 0.438 0.44 0.41 0.411 0.39 0.413 0.368 0.357 0.347 0.342 0.313 0.31 0.303 0.295 0.298 0.298 0.24 0.245 0.249 0.222 0.2 0.222 0.19 0.194 0.169 0.147 0.144 0.105 0.023 0.066
1.154 1.074 1.018 1.023 1.1 1.056 0.968 0.907 0.868 0.878 0.867 0.813 0.776 0.755 0.711 0.666 0.649 0.63 0.585 0.523 0.492 0.513 0.518 0.533 0.529 0.542 0.546 0.545 0.557 0.569 0.575 0.599 0.562 0.578 0.563 0.568 0.577 0.595 0.535 0.498 0.481 0.444 0.46 0.424 0.419 0.395 0.414 0.373 0.386 0.371 0.367 0.363 0.321 0.317 0.302 0.296 0.325 0.278 0.254 0.245 0.252 0.234 0.245 0.228 0.221 0.2 0.186 0.151 0.127 0.103 0.083 0.107
1.096 1.048 1.051 0.996 0.936 0.901 0.872 0.873 0.826 0.835 0.82 0.786 0.726 0.681 0.686 0.654 0.621 0.583 0.559 0.505 0.484 0.534 0.498 0.536 0.575 0.573 0.557 0.567 0.517 0.56 0.544 0.567 0.552 0.555 0.541 0.564 0.548 0.554 0.544 0.516 0.469 0.461 0.442 0.433 0.387 0.39 0.395 0.389 0.382 0.375 0.368 0.374 0.319 0.326 0.32 0.302 0.282 0.285 0.279 0.27 0.282 0.267 0.279 0.226 0.205 0.202 0.186 0.175 0.128 0.124 0.124 0.093
1.038 0.993 0.966 0.939 0.9 0.866 0.853 0.831 0.829 0.836 0.806 0.791 0.721 0.699 0.673 0.632 0.611 0.568 0.528 0.501 0.534 0.536 0.54 0.544 0.565 0.559 0.557 0.601 0.543 0.516 0.539 0.531 0.522 0.508 0.501 0.491 0.542 0.53 0.52 0.492 0.46 0.447 0.439 0.429 0.419 0.385 0.395 0.369 0.368 0.371 0.355 0.349 0.337 0.322 0.318 0.386 0.273 0.253 0.276 0.259 0.267 0.286 0.255 0.218 0.176 0.188 0.162 0.168 0.141 0.132 0.116 0.128
0.995 0.955 0.948 0.892 0.907 0.866 0.842 0.816 0.817 0.794 0.791 0.779 0.734 0.709 0.645 0.636 0.607 0.571 0.539 0.498 0.54 0.537 0.562 0.603 0.566 0.534 0.539 0.533 0.478 0.525 0.509 0.523 0.521 0.492 0.486 0.512 0.513 0.53 0.508 0.466 0.451 0.456 0.448 0.424 0.415 0.392 0.423 0.405 0.346 0.392 0.323 0.362 0.352 0.314 0.323 0.315 0.308 0.289 0.235 0.222 0.292 0.278 0.241 0.204 0.211 0.185 0.13 0.118 0.089 0.072 0.1 0.102
0.939 0.933 0.896 0.846 0.846 0.829 0.809 0.808 0.807 0.786 0.779 0.765 0.742 0.676 0.66 0.645 0.611 0.553 0.534 0.518 0.549 0.558 0.536 0.606 0.55 0.529 0.521 0.519 0.508 0.548 0.563 0.534 0.529 0.542 0.546 0.538 0.537 0.505 0.498 0.478 0.442 0.439 0.407 0.462 0.405 0.386 0.358 0.386 0.388 0.376 0.356 0.369 0.356 0.338 0.307 0.299 0.297 0.276 0.29 0.269 0.297 0.269 0.27 0.235 0.214 0.198 0.151 0.146 0.1 0.093 0.079 0.058
0.905 0.879 0.85 0.83 0.818 0.81 0.828 0.771 0.769 0.795 0.778 0.745 0.705 0.684 0.63 0.655 0.613 0.563 0.545 0.581 0.541 0.628 0.641 0.542 0.523 0.517 0.525 0.507 0.532 0.533 0.605 0.526 0.533 0.523 0.556 0.562 0.525 0.497 0.478 0.453 0.448 0.429 0.399 0.445 0.387 0.412 0.402 0.392 0.383 0.362 0.366 0.341 0.358 0.347 0.294 0.293 0.274 0.298 0.293 0.276 0.278 0.28 0.266 0.208 0.205 0.206 0.185 0.212 0.174 0.168 0.097 0.066
0.847 0.855 0.833 0.789 0.781 0.809 0.795 0.759 0.787 0.751 0.743 0.723 0.716 0.692 0.644 0.632 0.633 0.587 0.564 0.589 0.578 0.543 0.556 0.55 0.542 0.563 0.543 0.552 0.564 0.56 0.568 0.548 0.532 0.545 0.533 0.545 0.506 0.487 0.462 0.445 0.434 0.426 0.414 0.426 0.383 0.393 0.395 0.387 0.393 0.379 0.383 0.365 0.359 0.35 0.311 0.29 0.299 0.308 0.323 0.288 0.277 0.262 0.239 0.187 0.218 0.202 0.184 0.199 0.183 0.179 0.167 0.145
0.842 0.814 0.786 0.791 0.795 0.772 0.758 0.707 0.78 0.76 0.729 0.738 0.697 0.688 0.644 0.647 0.625 0.597 0.584 0.607 0.58 0.586 0.568 0.546 0.54 0.564 0.574 0.561 0.584 0.569 0.555 0.567 0.541 0.55 0.537 0.526 0.481 0.5 0.464 0.464 0.449 0.432 0.44 0.399 0.421 0.417 0.382 0.378 0.378 0.374 0.375 0.359 0.339 0.312 0.318 0.311 0.31 0.288 0.304 0.267 0.272 0.231 0.25 0.218 0.233 0.236 0.21 0.216 0.203 0.183 0.16 0.172
0.816 0.8 0.777 0.779 0.747 0.751 0.748 0.747 0.745 0.753 0.704 0.712 0.706 0.677 0.653 0.627 0.592 0.59 0.591 0.583 0.587 0.568 0.566 0.543 0.56 0.559 0.588 0.565 0.583 0.58 0.577 0.538 0.571 0.568 0.514 0.489 0.461 0.456 0.451 0.44 0.414 0.429 0.403 0.419 0.385 0.387 0.37 0.398 0.336 0.374 0.352 0.349 0.34 0.328 0.33 0.303 0.312 0.283 0.307 0.289 0.278 0.272 0.253 0.224 0.228 0.212 0.214 0.226 0.208 0.182 0.177 0.174
0.795 0.784 0.756 0.74 0.759 0.742 0.735 0.709 0.741 0.722 0.702 0.711 0.682 0.648 0.652 0.63 0.596 0.608 0.598 0.578 0.561 0.579 0.58 0.577 0.564 0.565 0.588 0.6 0.547 0.551 0.597 0.569 0.527 0.542 0.511 0.487 0.458 0.437 0.466 0.448 0.389 0.412 0.404 0.417 0.383 0.404 0.362 0.359 0.343 0.331 0.328 0.355 0.327 0.318 0.334 0.287 0.279 0.311 0.3 0.321 0.294 0.263 0.246 0.221 0.212 0.193 0.187 0.206 0.208 0.174 0.157 0.122
0.775 0.732 0.736 0.7 0.727 0.742 0.718 0.733 0.726 0.736 0.728 0.707 0.704 0.675 0.645 0.63 0.607 0.596 0.577 0.559 0.566 0.573 0.599 0.559 0.551 0.569 0.601 0.604 0.571 0.588 0.558 0.575 0.517 0.527 0.518 0.491 0.431 0.448 0.445 0.428 0.437 0.409 0.406 0.426 0.42 0.395 0.363 0.356 0.336 0.318 0.333 0.349 0.323 0.341 0.342 0.287 0.29 0.288 0.29 0.302 0.279 0.218 0.267 0.257 0.214 0.217 0.204 0.192 0.197 0.174 0.142 0.125
0.782 0.712 0.7 0.719 0.726 0.74 0.734 0.745 0.707 0.687 0.717 0.714 0.68 0.655 0.641 0.613 0.634 0.585 0.57 0.556 0.569 0.542 0.583 0.591 0.583 0.589 0.583 0.599 0.596 0.582 0.568 0.546 0.499 0.524 0.517 0.502 0.486 0.451 0.446 0.435 0.422 0.422 0.398 0.42 0.406 0.361 0.375 0.348 0.338 0.348 0.346 0.335 0.303 0.286 0.304 0.295 0.279 0.298 0.261 0.286 0.261 0.236 0.263 0.26 0.239 0.225 0.19 0.167 0.171 0.171 0.147 0.142
0.722 0.684 0.711 0.724 0.725 0.727 0.702 0.694 0.712 0.721 0.695 0.665 0.663 0.667 0.637 0.617 0.57 0.577 0.555 0.551 0.563 0.566 0.582 0.566 0.59 0.578 0.58 0.588 0.597 0.574 0.548 0.542 0.537 0.537 0.526 0.481 0.454 0.445 0.432 0.445 0.406 0.416 0.409 0.386 0.354 0.374 0.393 0.391 0.34 0.374 0.351 0.323 0.302 0.286 0.282 0.254 0.288 0.286 0.27 0.284 0.26 0.256 0.236 0.242 0.24 0.214 0.171 0.183 0.162 0.172 0.165 0.141
0.801 0.778 0.699 0.68 0.696 0.687 0.708 0.69 0.719 0.692 0.68 0.649 0.686 0.637 0.609 0.602 0.579 0.536 0.577 0.591 0.57 0.56 0.58 0.574 0.584 0.607 0.606 0.615 0.618 0.577 0.553 0.555 0.548 0.544 0.525 0.467 0.462 0.456 0.429 0.431 0.436 0.42 0.419 0.414 0.391 0.382 0.35 0.364 0.348 0.344 0.334 0.302 0.266 0.298 0.304 0.306 0.279 0.275 0.252 0.267 0.26 0.256 0.251 0.24 0.228 0.204 0.213 0.184 0.173 0.173 0.173 0.133
0.812 0.771 0.719 0.696 0.671 0.689 0.708 0.689 0.732 0.688 0.692 0.687 0.67 0.625 0.622 0.587 0.583 0.556 0.577 0.571 0.571 0.581 0.557 0.593 0.604 0.591 0.602 0.595 0.594 0.552 0.556 0.538 0.509 0.535 0.52 0.483 0.433 0.437 0.429 0.449 0.402 0.406 0.409 0.409 0.397 0.364 0.369 0.377 0.362 0.333 0.332 0.328 0.283 0.28 0.286 0.289 0.28 0.29 0.274 0.26 0.212 0.209 0.228 0.232 0.224 0.206 0.205 0.186 0.189 0.182 0.17 0.14
0.753 0.714 0.674 0.672 0.651 0.66 0.677 0.668 0.688 0.67 0.668 0.68 0.662 0.617 0.615 0.568 0.537 0.571 0.562 0.562 0.562 0.561 0.577 0.575 0.597 0.58 0.589 0.58 0.569 0.549 0.529 0.514 0.51 0.504 0.507 0.486 0.44 0.397 0.444 0.419 0.392 0.393 0.391 0.382 0.402 0.37 0.348 0.374 0.348 0.322 0.306 0.3 0.285 0.318 0.334 0.292 0.274 0.266 0.27 0.256 0.236 0.233 0.207 0.207 0.207 0.222 0.197 0.185 0.187 0.165 0.15 0.13
0.694 0.673 0.671 0.716 0.693 0.674 0.667 0.703 0.671 0.679 0.682 0.659 0.656 0.629 0.605 0.613 0.576 0.562 0.558 0.587 0.537 0.56 0.568 0.543 0.559 0.539 0.584 0.596 0.554 0.54 0.541 0.519 0.498 0.516 0.494 0.481 0.432 0.424 0.44 0.394 0.394 0.402 0.373 0.39 0.356 0.334 0.36 0.341 0.32 0.298 0.312 0.287 0.305 0.325 0.311 0.302 0.282 0.274 0.257 0.225 0.217 0.197 0.222 0.19 0.216 0.198 0.196 0.175 0.154 0.137 0.115 0.096
0.677 0.714 0.715 0.701 0.679 0.672 0.71 0.683 0.671 0.678 0.684 0.641 0.641 0.622 0.579 0.596 0.599 0.556 0.573 0.562 0.553 0.575 0.584 0.557 0.556 0.579 0.59 0.575 0.572 0.516 0.523 0.518 0.531 0.512 0.489 0.444 0.438 0.413 0.396 0.36 0.356 0.365 0.381 0.379 0.35 0.343 0.368 0.362 0.336 0.306 0.307 0.304 0.323 0.333 0.329 0.308 0.3 0.269 0.263 0.251 0.229 0.181 0.219 0.213 0.204 0.217 0.196 0.171 0.159 0.103 0.086 0.073
0.709 0.688 0.694 0.69 0.666 0.653 0.685 0.657 0.636 0.695 0.647 0.652 0.617 0.633 0.58 0.553 0.563 0.545 0.553 0.537 0.548 0.573 0.532 0.56 0.567 0.542 0.559 0.574 0.558 0.519 0.503 0.486 0.505 0.502 0.44 0.445 0.38 0.379 0.342 0.343 0.383 0.35 0.327 0.35 0.339 0.335 0.327 0.323 0.313 0.347 0.35 0.299 0.311 0.319 0.309 0.306 0.337 0.273 0.244 0.26 0.224 0.218 0.191 0.207 0.204 0.204 0.201 0.175 0.146 0.101 0.071 0.072
