All_lidar/sz6491_DSM_2M.asc
ncols 500
nrows 500
xllcorner    464000
yllcorner    91000
cellsize     2
NODATA_value -9999
[rows 136 to 169 of 500, columns 385 to 461 of 500]
2.003 -9999 -9999 2.198 2.181 2.133 -9999 2.093 2.016 -9999 -9999 -9999 2.026 2.108 2.046 -9999 -9999 -9999 -9999 2.093 2.118 2.053 1.983 -9999 -9999 -9999 2.043 2.071 2.138 2.073 2.021 2.058 -9999 -9999 -9999 2.078 1.953 2.068 2.148 2.061 2.011 2.046 2.081 2.151 2.091 1.976 2.011 -9999 -9999 1.903 1.998 2.081 2.076 2.076 2.033 1.983 1.856 1.841 -9999 -9999 -9999 -9999 -9999 1.831 1.826 1.768 1.818 1.916 1.971 2.001 2.016 1.961 -9999 -9999 -9999 -9999 -9999
2.143 2.128 2.056 2.193 1.973 1.983 2.056 2.061 1.946 -9999 -9999 -9999 1.881 1.978 -9999 -9999 -9999 -9999 2.153 2.101 2.101 2.033 1.996 2.003 2.188 2.073 1.983 2.093 2.066 1.996 1.968 -9999 -9999 -9999 -9999 2.057 1.976 2.116 2.108 2.026 2.066 2.121 2.063 2.018 2.013 1.808 1.921 -9999 -9999 1.963 1.981 2.143 2.208 2.083 2.013 1.948 1.861 1.818 -9999 -9999 2.153 2.158 1.948 1.846 1.823 1.761 1.851 1.981 2.048 2.021 2.076 1.898 1.871 1.873 1.993 2.123 2.116
2.111 2.143 -9999 2.068 1.966 2.006 2.066 2.148 2.108 2.063 -9999 -9999 1.881 1.966 -9999 -9999 2.113 2.143 2.161 2.088 2.016 -9999 -9999 2.066 2.163 2.111 2.026 2.063 2.013 1.928 1.926 -9999 -9999 -9999 2.093 2.121 2.051 2.058 2.068 2.078 2.173 2.083 2.011 1.983 1.966 1.916 2.033 1.997 2.028 1.991 1.946 2.073 2.113 2.008 1.873 1.768 1.851 1.938 1.99 1.878 2.017 2.046 1.878 1.853 1.873 1.878 1.886 2.001 2.096 1.996 2.003 1.863 1.836 1.898 2.003 2.078 2.011
2.081 -9999 -9999 2.06 2.033 1.971 -9999 -9999 -9999 -9999 2.031 1.963 1.968 1.983 -9999 -9999 2.123 2.221 2.053 2.028 1.938 -9999 -9999 2.033 1.998 1.933 1.928 1.958 2.001 2.083 2.008 2.007 -9999 2.103 2.086 2.131 1.961 2.041 2.166 2.116 2.118 1.933 1.996 2.023 1.876 1.871 1.986 1.993 2.046 1.878 1.991 2.128 2.081 2.023 1.983 1.808 1.841 2.058 2.046 1.998 1.966 2.041 1.963 1.993 2.013 2.021 2.011 2.008 2.031 1.946 1.978 1.946 1.928 2.018 2.041 1.976 1.968
2.066 2.097 2.068 2.058 2.028 1.966 -9999 -9999 -9999 -9999 2.103 1.981 1.906 1.956 2.026 2.093 2.116 2.208 2.073 2.063 2.006 -9999 -9999 2.113 2.011 2.021 2.033 1.961 2.011 2.068 2.043 2.033 2.173 2.311 2.246 2.136 1.958 2.046 2.178 2.003 1.918 1.921 1.971 1.936 2.001 1.913 1.898 2.043 2.136 1.933 2.021 2.166 2.183 2.008 1.903 1.8 1.826 2.043 1.981 2.101 2.161 2.096 2.011 2.081 -9999 2.097 2.076 2.021 1.976 1.928 1.916 1.938 1.921 2.036 2.058 2.101 2.078
1.973 1.968 2.016 2.008 1.998 -9999 -9999 -9999 -9999 2.248 2.166 2.038 1.888 1.898 1.983 2.106 2.118 2.083 2.028 2.058 2.108 -9999 -9999 2.303 2.098 2.093 2.103 2.028 1.991 2.003 2.073 2.108 2.156 2.068 2.168 2.071 1.858 2.016 2.073 1.981 1.926 1.913 1.966 1.843 1.903 1.821 1.851 1.973 -9999 -9999 -9999 2.138 1.988 1.858 -9999 -9999 -9999 1.993 1.976 2.016 2.163 2.156 2.033 -9999 -9999 2.023 2.051 2.033 2.033 1.956 -9999 2.013 2.038 2.166 2.128 2.168 2.108
2.071 1.901 1.928 1.891 1.893 1.973 -9999 2.053 2.183 2.226 2.076 2.033 1.928 1.903 2.003 2.061 2.028 1.968 1.968 2.001 -9999 1.993 2.163 2.146 1.998 1.966 1.993 2.021 1.893 1.966 2.046 2.151 2.081 2.048 2.081 1.896 1.893 2.026 2.006 1.901 1.826 1.901 1.971 -9999 1.863 1.878 1.906 1.948 -9999 -9999 -9999 2.028 1.918 1.831 1.903 -9999 -9999 -9999 2.026 2.036 2.153 2.066 1.973 -9999 -9999 1.97 1.996 1.988 2.023 -9999 -9999 -9999 2.103 2.171 2.193 1.973 2.011
1.931 1.906 1.956 1.893 1.908 1.946 1.986 2.103 2.171 2.126 2.178 2.031 2.036 1.991 2.143 2.121 1.973 1.933 1.943 -9999 -9999 -9999 2.053 2.013 2.008 1.938 1.961 1.986 1.918 1.993 1.963 2.153 2.136 2.006 2.056 1.876 1.858 2.048 2.143 1.948 -9999 -9999 2.107 -9999 -9999 -9999 2.028 2.001 1.937 1.943 1.998 1.943 1.828 1.791 1.838 1.89 -9999 -9999 2.098 2.088 2.113 2.041 1.963 2.036 1.996 2.013 2.086 -9999 -9999 -9999 -9999 -9999 2.076 2.093 2.071 1.998 1.958
2.013 1.953 2.013 1.993 2.073 2.151 2.083 2.108 2.058 2.048 2.148 2.188 -9999 -9999 2.143 2.096 1.988 1.931 1.946 -9999 -9999 2.108 2.041 1.941 2.068 1.978 1.968 2.006 2.058 1.986 1.971 1.941 -9999 -9999 -9999 1.851 1.896 1.983 1.978 -9999 -9999 -9999 -9999 -9999 -9999 2.153 1.993 1.911 2.008 1.976 1.958 1.941 1.916 1.821 1.933 2.023 1.987 -9999 2.038 2.023 2.026 2.066 1.948 1.968 2.026 2.058 2.118 -9999 -9999 -9999 2.193 2.123 2.093 2.026 1.981 1.983 1.928
2.188 2.153 2.103 2.103 2.031 2.113 2.053 2.063 2.058 2.053 2.106 2.111 -9999 -9999 2.096 2.163 2.036 1.906 1.908 2.028 2.143 2.151 1.993 2.023 1.946 1.928 1.923 1.936 2.028 1.953 2.013 1.943 1.917 -9999 -9999 -9999 1.923 1.998 2.076 -9999 -9999 -9999 -9999 -9999 2.193 2.128 2.006 2.113 2.181 2.091 2.068 1.941 1.926 1.941 2.101 2.151 2.076 2.163 1.981 1.933 1.933 2.008 1.913 2.026 2.158 2.121 2.083 -9999 -9999 1.963 2.013 2.018 1.983 1.873 1.851 1.906 1.963
2.036 2.188 2.181 2.078 2.041 1.951 1.891 2.003 2.038 1.998 1.933 1.998 2.043 2.068 2.026 1.951 1.881 1.861 1.941 2.058 2.001 1.928 1.821 1.928 1.963 1.973 2.073 2.008 2.091 -9999 1.948 1.928 1.976 -9999 -9999 -9999 1.978 2.071 2.183 -9999 -9999 2.243 2.111 2.047 2.086 1.926 1.923 1.973 1.991 1.973 2.033 1.988 2.018 2.056 2.126 2.106 2.056 1.956 1.878 1.873 1.948 2.088 2.013 2.138 2.088 2.016 2.078 2.046 2.008 1.946 2.023 1.986 1.998 1.981 1.948 2.006 2.016
2.021 1.993 1.993 -9999 -9999 1.947 1.911 2.096 2.046 1.988 1.878 1.966 2.046 2.048 1.991 1.913 1.916 1.838 1.938 2.023 2.003 1.903 1.848 1.903 1.946 2.036 2.221 2.046 -9999 -9999 -9999 1.881 1.941 -9999 -9999 -9999 2.071 2.301 2.081 2.027 1.971 2.111 2.078 2.161 2.091 1.981 1.923 1.978 2.001 1.968 2.003 2.016 2.043 2.156 2.098 2.031 2.036 1.913 1.878 1.923 1.961 2.193 2.071 2.158 2.166 2.046 2.133 2.106 2.101 1.966 2.101 2.088 2.008 2.121 2.081 2.013 2.008
2.203 2.161 -9999 -9999 -9999 -9999 1.98 2.131 2.031 2.001 1.958 1.993 1.966 1.958 2.001 1.888 1.923 1.931 1.966 2.008 2.028 1.931 1.898 2.008 2.011 1.978 1.968 1.991 1.968 -9999 -9999 1.898 -9999 -9999 -9999 2.093 2.088 2.108 2.041 2.066 1.976 1.981 2.043 2.211 2.136 2.036 1.863 1.938 2.026 2.001 1.946 2.018 2.006 2.138 2.043 2.048 1.976 1.828 1.951 2.188 2.033 2.111 2.033 2.093 2.151 1.983 1.943 1.996 2.063 1.908 2.003 2.108 2.078 2.028 2.086 2.128 2.031
2.198 2.183 -9999 -9999 -9999 -9999 2.103 2.088 2.073 2.143 2.076 2.083 1.981 2.008 2.098 2.041 2.113 2.058 2.036 2.016 1.968 1.966 2.031 2.038 2.036 2.051 2.006 2.036 1.993 1.9 1.888 1.921 -9999 -9999 2.213 2.113 2.166 2.071 1.991 2.033 2.111 1.986 2.051 2.171 2.078 2.036 1.906 2.018 2.171 2.106 2.056 2.081 2.103 2.173 1.983 1.981 1.988 1.961 2.113 -9999 2.023 2.093 2.091 2.053 -9999 -9999 1.916 1.981 2.051 2.118 2.051 2.068 2.093 2.046 2.013 2.123 2.091
2.083 1.973 -9999 -9999 -9999 -9999 2.067 1.988 1.991 1.998 2.056 2.058 1.936 1.898 2.033 1.921 1.943 2.063 2.093 1.938 1.878 1.901 2.013 2.083 1.983 2.028 1.966 1.943 1.921 1.898 1.913 1.988 2.068 2.137 2.188 2.268 2.228 2.058 2.003 1.968 1.951 1.953 2.053 2.216 2.098 2.006 1.831 1.946 2.051 1.993 1.883 1.978 2.043 2.028 1.928 1.961 2.043 2.286 -9999 -9999 2.077 2.083 2.076 -9999 -9999 -9999 -9999 -9999 -9999 -9999 2.103 2.038 2.021 2.028 2.018 2.098 2.063
-9999 1.928 1.927 -9999 -9999 2.223 2.003 2.003 1.948 2.016 2.026 1.958 1.966 1.978 1.913 1.953 1.971 2.101 1.966 1.916 1.936 1.908 1.961 2.053 1.961 1.921 1.946 1.936 1.951 1.923 1.933 2.071 2.098 2.111 2.188 2.218 2.008 1.958 2.006 1.973 1.953 2.006 1.986 2.013 1.978 1.931 1.953 2.033 2.058 1.956 1.976 1.983 1.963 1.951 1.978 2.051 2.006 1.971 2.02 2.05 2.093 2.143 2.121 -9999 -9999 -9999 -9999 -9999 -9999 -9999 2.073 2.071 1.946 1.971 2.036 2.086 2.091
-9999 1.84 2.046 2.066 2.133 2.178 1.968 1.923 2.013 2.008 2.038 2.071 1.991 1.963 1.928 2.006 1.943 2.041 1.956 1.961 2.033 1.978 1.933 1.903 1.898 1.946 2.026 1.978 1.948 1.941 2.023 2.141 2.091 2.083 2.031 2.061 1.961 1.976 2.076 2.036 2.021 2.086 2.028 2.018 1.973 1.843 1.931 2.078 2.048 1.966 2.001 -9999 2.033 2.056 1.996 1.953 2.073 2.086 2.048 2.066 2.096 2.096 2.043 -9999 1.828 1.897 -9999 2.053 2.198 2.048 2.126 2.103 1.981 1.976 1.976 1.971 2.026
-9999 1.853 1.966 2.141 2.171 2.108 1.926 1.816 1.921 1.893 1.936 2.081 2.068 1.943 1.893 1.941 1.981 2.006 1.863 1.958 2.058 1.881 1.893 1.966 1.906 1.943 1.993 1.983 1.928 1.988 2.146 2.121 2.091 2.076 1.933 2.023 -9999 2.007 1.986 2.013 2.068 2.026 1.973 1.978 1.948 1.861 1.941 2.041 1.973 1.908 1.993 -9999 -9999 2.013 1.996 2.113 2.233 2.223 2.181 2.153 2.061 2.043 1.913 1.833 1.923 -9999 -9999 -9999 2.078 2.126 2.081 2.066 2.026 1.983 2.003 2.108 2.033
2.02 2.063 2.173 2.088 2.088 2.001 1.896 1.991 1.938 1.911 1.876 2.061 2.128 2.056 1.976 1.921 1.933 1.911 1.888 1.966 2.018 -9999 -9999 2.116 2.088 1.938 1.871 1.896 1.943 2.006 2.063 2.023 2.016 1.956 1.906 -9999 -9999 2.073 2.026 2.011 2.148 2.041 2.018 2.031 1.898 1.888 1.933 -9999 -9999 1.938 2.013 2.063 2.07 2.023 2.088 2.163 2.138 2.091 2.228 2.046 1.983 1.881 1.863 1.883 1.968 -9999 -9999 -9999 1.993 1.981 1.761 1.921 2.021 1.956 1.973 2.011 2.008
2.126 2.096 2.016 2.031 1.993 1.966 2.016 2.081 2.001 2.021 1.986 2.018 1.978 1.963 1.963 1.928 1.951 1.851 1.871 1.926 -9999 -9999 -9999 2.078 2.073 1.888 1.968 2.063 2.061 2.001 2.008 1.936 2.086 2.021 2.031 2.108 -9999 2.091 2.051 1.951 1.966 2.071 1.998 2.013 -9999 -9999 -9999 -9999 -9999 1.958 2.006 2.061 2.121 2.181 2.191 2.148 2.128 2.063 2.053 1.983 1.898 1.856 1.863 1.858 1.896 2.076 2.133 2.097 2.043 2.031 2.021 2.001 2.003 2.046 2.033 2.083 2.011
2.131 2.003 2.076 2.043 2.021 2.056 2.023 2.156 2.041 2.023 2.053 2.003 2.003 2.013 1.958 1.906 1.851 1.843 1.888 -9999 -9999 -9999 2.033 2.006 2.011 1.911 1.921 2.153 2.188 2.066 1.986 1.953 1.986 2.036 2.033 2.101 2.146 2.051 2.078 1.973 1.921 1.906 1.983 2.063 -9999 -9999 2.103 2.18 2.143 2.016 2.013 2.058 2.206 2.213 2.153 2.118 2.038 2.008 2.058 2.138 -9999 -9999 1.941 1.933 1.993 2.143 2.113 1.973 1.966 1.973 2.016 1.966 2.048 2.041 2.163 2.071 2.008
1.958 1.921 2.043 2.013 1.966 1.941 2.031 2.166 2.138 2.023 1.961 1.976 1.923 1.948 1.876 1.903 1.918 1.933 1.946 1.953 -9999 2.013 2.138 2.046 2.091 1.988 2.053 2.136 2.186 2.088 2.071 2.046 1.963 1.926 2.081 2.128 2.166 2.033 2.046 1.938 1.971 1.968 2.073 2.138 2.03 -9999 1.997 2.133 2.086 2.026 2.003 2.033 2.023 1.986 2.028 2.071 1.986 1.913 1.808 -9999 -9999 -9999 2.153 2.153 2.178 2.026 1.926 -9999 1.876 2.001 2.003 2.078 2.098 2.056 2.038 2.066 2.048
2.001 1.983 1.921 1.908 1.836 1.813 1.926 2.191 2.093 1.968 1.963 1.896 1.926 1.898 1.883 1.888 1.986 2.006 1.986 1.993 2.078 2.113 2.041 2.048 2.126 2.008 1.983 2.041 2.213 2.098 2.156 2.038 1.978 1.983 2.143 2.111 2.051 1.976 1.996 1.833 1.756 1.856 2.056 2.116 1.991 1.936 1.998 2.113 2.088 2.098 2.028 2.076 2.083 2.023 1.993 2.003 2.028 2.026 -9999 -9999 -9999 -9999 2.156 2.106 2.173 2.011 -9999 -9999 -9999 2.113 2.043 1.928 2.078 2.143 2.143 2.258 2.148
2.041 1.993 1.911 1.973 1.988 1.988 2.056 2.156 2.023 1.891 1.916 1.908 1.978 1.953 1.846 1.873 2.036 2.006 1.928 2.021 2.053 1.963 1.888 2.013 2.058 2.013 1.923 2.071 2.296 2.286 2.073 1.968 2.066 2.103 2.176 2.048 2.026 2.013 1.881 1.948 1.843 1.956 2.013 2.106 2.016 1.978 2.046 2.101 2.111 2.156 1.983 2.053 1.988 1.971 2.021 1.993 1.996 1.991 -9999 -9999 1.958 2.04 2.043 2.113 2.016 1.956 -9999 -9999 -9999 2.22 2.096 1.948 2.038 2.046 2.058 2.081 2.106
1.976 1.971 1.976 2.018 2.103 2.088 2.138 2.168 1.991 1.913 2.016 1.958 1.843 1.953 2.103 2.043 1.993 1.948 1.926 1.861 1.958 1.978 2.133 2.031 1.896 1.901 1.946 2.088 2.158 2.121 1.961 1.886 1.971 2.046 2.198 2.088 1.968 1.923 1.853 1.923 1.943 2.053 2.056 2.018 1.903 2.016 2.198 2.098 2.106 2.056 2.016 2.021 2.001 1.938 1.933 1.956 2.006 1.901 1.938 1.953 1.971 2.113 2.058 2.123 1.996 1.953 2.047 -9999 -9999 2.086 2.123 2.078 2.101 2.066 2.053 2.058 1.973
1.953 1.963 1.951 2.006 2.113 2.133 2.041 1.878 1.813 1.893 -9999 -9999 -9999 -9999 2.123 2.096 2.011 1.878 1.946 1.976 2.063 2.003 2.178 2.031 1.951 1.946 2.113 2.221 2.073 2.073 2.031 1.823 1.953 2.066 2.078 1.991 1.916 1.916 1.816 1.803 1.986 2.058 2.036 1.983 1.918 1.928 1.911 1.916 2.026 2.006 1.941 1.986 2.071 2.011 1.971 1.971 2.021 1.913 1.938 2.011 2.048 2.026 1.941 2.031 2.076 1.906 1.968 2.146 2.123 2.163 2.183 2.053 2.068 2.048 2.068 2.028 -9999
2.058 2.066 1.958 2.033 2.076 2.041 2.076 1.878 1.796 1.801 1.837 -9999 -9999 -9999 2.257 2.108 1.961 1.733 1.898 1.913 2.036 2.118 2.141 2.103 2.061 2.113 2.113 2.113 2.091 2.143 2.053 1.926 2.046 2.048 2.006 1.958 1.821 1.828 1.876 1.871 2.031 2.101 1.971 2.056 1.981 2.003 1.963 1.871 1.863 1.906 1.926 1.983 2.051 2.021 2.033 2.041 1.956 1.971 -9999 -9999 2.108 1.916 1.961 1.998 2.036 1.858 -9999 2.137 2.206 2.071 2.023 2.061 1.976 1.911 1.976 1.948 -9999
2.023 2.046 2.058 2.086 2.058 1.981 1.883 1.953 1.988 2.038 1.923 1.94 -9999 2.15 2.161 2.048 1.943 1.916 1.928 2.136 2.093 2.046 2.141 2.136 2.046 2.113 2.058 2.096 2.073 2.028 1.873 1.861 1.926 1.981 1.896 1.828 1.768 1.773 1.866 1.946 2.033 2.143 2.058 1.971 1.961 1.903 1.833 1.873 1.871 -9999 2.063 2.001 1.993 1.973 2.003 2.023 1.993 -9999 -9999 -9999 2.078 1.913 1.958 2.023 2.001 -9999 -9999 2.208 2.133 2.126 2.036 1.938 2.038 1.926 1.866 1.876 -9999
1.871 2.061 2.076 2.116 2.011 1.951 -9999 -9999 2.048 2.166 1.976 2.086 2.088 2.103 2.071 2.088 1.931 2.003 2.091 2.286 2.108 2.056 2.126 2.038 2.026 1.898 2.108 2.033 1.986 1.883 1.856 1.866 1.901 1.821 1.901 1.938 1.931 1.906 1.976 2.071 2.168 2.136 2.003 1.928 1.926 1.778 1.871 2.036 -9999 -9999 2.023 2.081 2.043 2.066 2.041 1.991 -9999 -9999 -9999 -9999 2.043 2.008 1.966 2.101 2.096 2.041 2.133 2.163 2.096 1.993 1.901 1.928 1.938 1.873 1.846 1.941 2.058
1.886 2.093 2.116 2.091 1.938 1.948 -9999 -9999 1.983 1.978 2.073 2.193 2.116 2.103 1.926 1.876 1.926 1.926 2.093 2.171 2.088 2.006 2.018 1.966 1.971 2.058 2.106 2.031 1.913 1.886 1.863 1.853 1.901 1.871 1.888 1.953 1.931 1.943 2.031 2.061 2.061 1.933 1.893 1.783 1.831 1.963 2.046 2.126 2.043 2.098 2.09 2.046 2.066 1.986 1.966 1.921 -9999 -9999 2.323 2.103 2.001 1.903 1.896 2.048 2.126 2.176 2.163 2.138 2.133 2.008 1.856 1.873 1.878 1.996 2.031 2.033 1.941
1.948 2.131 2.093 1.946 1.946 1.946 1.871 1.883 1.913 2.031 2.086 2.066 2.028 2.006 1.928 1.886 1.928 1.963 2.108 2.113 2.076 1.958 1.916 2.048 2.018 2.003 1.983 1.888 1.793 1.828 1.933 1.823 1.853 1.983 2.048 2.003 2.041 1.976 1.971 2.061 2.053 1.898 1.931 1.848 1.968 1.948 2.001 2.106 2.068 2.088 2.071 2.111 2.061 1.991 2.001 1.963 -9999 -9999 2.33 2.181 2.093 1.963 2.031 2.238 2.196 2.221 2.151 2.181 2.013 1.933 1.808 1.858 1.926 2.088 2.018 1.938 1.938
1.918 2.193 2.088 1.953 1.816 1.783 1.846 1.921 1.988 2.031 2.046 1.996 1.926 1.981 1.971 1.881 1.963 1.946 2.056 2.168 2.148 2.066 2.013 2.018 1.996 1.876 1.881 1.828 1.808 1.818 1.981 2.023 1.948 2.088 2.051 2.046 2.026 1.933 1.991 2.011 1.951 1.883 1.866 1.883 1.993 2.011 2.011 2.151 2.128 2.011 1.963 1.878 2.028 2.031 1.971 1.891 -9999 -9999 2.298 2.091 1.998 2.016 2.078 2.128 2.126 2.081 2.006 1.998 1.996 1.921 1.871 1.886 1.978 1.973 1.951 1.908 1.901
1.966 2.056 1.938 1.873 1.818 1.858 1.921 2.013 2.106 2.121 2.063 2.113 1.981 2.031 1.986 1.886 1.978 1.951 2.053 2.173 2.083 2.031 1.971 1.981 2.013 1.841 1.971 1.903 1.806 1.823 1.893 2.061 2.081 2.068 1.958 1.988 1.953 1.896 2.031 1.978 1.911 1.936 1.863 1.798 1.991 2.031 2.048 2.126 2.098 1.968 1.906 1.936 2.081 2.081 2.033 1.958 1.993 2.1 2.253 2.058 1.988 2.001 2.121 2.103 1.978 1.961 2.021 1.943 1.921 1.931 2.036 2.008 1.998 1.943 1.866 1.888 1.831
2.073 1.968 1.916 1.936 1.866 1.953 1.971 1.993 2.146 2.098 1.991 2.003 1.928 1.888 1.868 1.968 2.021 2.043 2.088 2.138 1.973 1.948 1.908 1.913 1.896 1.851 1.936 1.911 1.876 1.943 2.018 2.003 2.073 2.031 1.991 1.838 1.906 2.043 2.118 1.998 1.883 1.951 2.016 1.996 2.008 2.001 2.016 2.048 1.941 1.903 1.958 1.921 1.968 2.096 2.006 2.026 2.173 2.146 2.133 1.956 1.908 1.953 2.048 2.083 2.008 1.931 2.011 2.001 1.926 1.848 1.963 2.003 1.963 1.766 1.841 1.921 1.833
