All_lidar/sz6485_DSM_2M.asc
ncols 500
nrows 500
xllcorner    464000
yllcorner    85000
cellsize     2
NODATA_value -9999
[rows 272 to 305 of 500, columns 231 to 307 of 500]
1.551 1.631 1.666 1.641 1.603 1.436 1.453 1.473 1.381 1.363 1.296 1.313 1.333 1.398 1.348 1.331 1.446 1.486 1.546 1.626 1.611 1.696 1.689 1.606 1.611 1.689 1.609 1.591 1.649 1.636 1.601 1.576 1.566 1.574 1.684 1.744 1.669 1.511 1.536 1.574 1.551 1.499 1.536 1.569 1.519 1.454 1.469 1.514 1.376 1.421 1.414 1.414 1.376 1.386 1.441 1.479 1.434 1.429 1.379 1.191 1.269 1.321 1.446 1.406 1.476 1.404 1.534 1.429 1.434 1.516 1.454 1.414 1.369 1.479 1.386 1.276 1.296
1.573 1.523 1.471 1.511 1.538 1.408 1.458 1.473 1.416 1.391 1.273 1.298 1.368 1.431 1.441 1.371 1.396 1.436 1.506 1.604 1.616 1.649 1.631 1.581 1.484 1.569 1.601 1.564 1.554 1.631 1.671 1.679 1.709 1.744 1.796 1.876 1.831 1.659 1.586 1.594 1.559 1.531 1.674 1.689 1.676 1.634 1.576 1.519 1.539 1.511 1.489 1.424 1.501 1.446 1.549 1.594 1.591 1.541 1.459 1.339 1.276 1.381 1.404 1.449 1.519 1.426 1.376 1.416 1.346 1.394 1.381 1.421 1.354 1.314 1.296 1.319 1.421
1.528 1.576 1.526 1.486 1.518 1.458 1.496 1.543 1.538 1.516 1.428 1.451 1.458 1.471 1.561 1.466 1.493 1.526 1.491 1.606 1.554 1.611 1.636 1.559 1.501 1.659 1.631 1.701 1.739 1.681 1.814 1.811 1.751 1.766 1.874 1.826 1.784 1.736 1.736 1.724 1.711 1.744 1.786 1.839 1.791 1.791 1.721 1.674 1.669 1.674 1.639 1.561 1.454 1.581 1.556 1.616 1.584 1.584 1.569 1.504 1.389 1.379 1.429 1.499 1.436 1.346 1.334 1.341 1.349 1.366 1.354 1.279 1.311 1.324 1.359 1.391 1.371
1.493 1.596 1.653 1.658 1.641 1.576 1.453 1.558 1.548 1.588 1.603 1.481 1.373 1.423 1.541 1.586 1.543 1.593 1.533 1.549 1.559 1.641 1.689 1.704 1.651 1.699 1.644 1.654 1.749 1.756 1.674 1.724 1.779 1.821 1.816 1.824 1.864 1.859 1.879 1.909 1.916 1.819 1.856 1.914 1.834 1.841 1.801 1.746 1.734 1.814 1.804 1.754 1.639 1.621 1.551 1.566 1.569 1.579 1.586 1.589 1.491 1.374 1.386 1.479 1.446 1.431 1.344 1.354 1.326 1.306 1.364 1.316 1.276 1.319 1.249 1.311 1.301
1.526 1.631 1.616 1.623 1.713 1.678 1.576 1.656 1.623 1.628 1.598 1.613 1.491 1.443 1.523 1.543 1.543 1.536 1.503 1.556 1.551 1.659 1.674 1.699 1.729 1.719 1.724 1.636 1.621 1.664 1.769 1.776 1.824 1.814 1.831 1.829 1.891 1.881 1.911 1.944 2.016 1.906 1.866 1.926 1.906 1.889 1.779 1.839 1.869 1.844 1.901 1.744 1.586 1.576 1.586 1.576 1.676 1.769 1.646 1.609 1.504 1.376 1.421 1.451 1.479 1.524 1.399 1.411 1.351 1.321 1.364 1.341 1.279 1.286 1.304 1.286 1.324
1.493 1.531 1.581 1.666 1.703 1.693 1.681 1.688 1.658 1.706 1.716 1.703 1.513 1.506 1.563 1.613 1.576 1.491 1.483 1.491 1.604 1.586 1.666 1.624 1.664 1.646 1.669 1.631 1.534 1.546 1.681 1.764 1.816 1.711 1.744 1.836 1.911 1.919 1.824 1.944 1.944 1.884 1.876 1.934 1.961 1.914 1.839 1.809 1.869 1.929 1.871 1.771 1.734 1.644 1.654 1.679 1.704 1.629 1.616 1.536 1.484 1.496 1.506 1.511 1.539 1.499 1.469 1.546 1.489 1.396 1.434 1.429 1.274 1.296 1.379 1.439 1.369
1.563 1.476 1.516 1.631 1.566 1.626 1.586 1.666 1.636 1.796 1.701 1.648 1.526 1.531 1.666 1.676 1.603 1.623 1.533 1.506 1.584 1.611 1.591 1.639 1.746 1.604 1.596 1.496 1.601 1.489 1.504 1.539 1.551 1.554 1.696 1.774 1.776 1.779 1.791 1.771 1.791 1.826 1.889 2.011 2.114 1.969 1.874 1.811 1.869 1.924 1.931 1.986 1.909 1.744 1.751 1.664 1.521 1.486 1.549 1.559 1.531 1.491 1.559 1.566 1.631 1.514 1.521 1.624 1.581 1.444 1.456 1.496 1.426 1.476 1.544 1.466 1.439
1.566 1.468 1.498 1.593 1.628 1.611 1.603 1.668 1.648 1.778 1.691 1.691 1.543 1.563 1.693 1.696 1.526 1.518 1.451 1.416 1.516 1.491 1.574 1.656 1.644 1.519 1.484 1.519 1.579 1.471 1.499 1.614 1.511 1.539 1.689 1.876 1.791 1.761 1.711 1.741 1.779 1.804 1.851 1.821 2.014 1.959 1.901 1.884 1.981 1.941 1.956 1.944 1.909 1.749 1.744 1.686 1.691 1.566 1.626 1.691 1.634 1.559 1.576 1.596 1.631 1.576 1.594 1.499 1.489 1.484 1.521 1.516 1.519 1.599 1.634 1.516 1.464
1.496 1.491 1.618 1.586 1.611 1.668 1.668 1.698 1.751 1.818 1.721 1.753 1.646 1.511 1.443 1.626 1.463 1.473 1.493 1.431 1.519 1.599 1.594 1.666 1.599 1.661 1.569 1.441 1.511 1.471 1.351 1.511 1.481 1.486 1.531 1.689 1.724 1.744 1.681 1.864 1.709 1.649 1.699 1.676 1.829 1.891 1.921 1.849 1.859 1.874 1.959 1.904 1.901 1.806 1.736 1.719 1.719 1.716 1.704 1.751 1.689 1.664 1.649 1.614 1.704 1.656 1.541 1.516 1.589 1.689 1.631 1.491 1.571 1.616 1.561 1.426 1.384
1.638 1.576 1.541 1.571 1.583 1.636 1.606 1.723 1.716 1.791 1.758 1.751 1.691 1.556 1.468 1.526 1.446 1.456 1.518 1.404 1.476 1.579 1.614 1.586 1.549 1.626 1.516 1.419 1.386 1.416 1.381 1.396 1.436 1.506 1.479 1.506 1.521 1.506 1.456 1.509 1.521 1.646 1.704 1.659 1.754 1.751 2.004 1.926 1.841 1.826 1.959 1.834 2.046 1.931 1.899 1.961 1.774 1.744 1.694 1.731 1.736 1.734 1.706 1.639 1.731 1.781 1.566 1.639 1.651 1.629 1.671 1.684 1.584 1.489 1.451 1.424 1.434
1.751 1.653 1.573 1.551 1.681 1.741 1.703 1.713 1.703 1.633 1.683 1.743 1.671 1.508 1.471 1.616 1.573 1.493 1.621 1.521 1.516 1.516 1.424 1.449 1.541 1.549 1.474 1.491 1.436 1.349 1.351 1.391 1.404 1.311 1.386 1.446 1.456 1.464 1.391 1.326 1.441 1.519 1.461 1.589 1.664 1.654 1.726 1.801 1.881 1.856 1.926 1.901 1.954 2.014 1.999 1.979 1.916 1.871 1.764 1.741 1.719 1.736 1.724 1.784 1.789 1.751 1.711 1.711 1.686 1.631 1.649 1.661 1.619 1.501 1.579 1.571 1.526
1.716 1.596 1.616 1.578 1.621 1.813 1.708 1.846 1.788 1.716 1.638 1.601 1.593 1.623 1.561 1.598 1.681 1.556 1.631 1.616 1.571 1.521 1.411 1.406 1.531 1.519 1.461 1.559 1.381 1.264 1.176 1.236 1.209 1.194 1.314 1.359 1.376 1.476 1.401 1.344 1.349 1.456 1.361 1.429 1.566 1.531 1.604 1.654 1.719 1.816 1.929 1.894 1.904 1.934 1.996 1.896 2.016 1.926 1.834 1.836 1.771 1.776 1.769 1.819 1.801 1.761 1.716 1.744 1.634 1.609 1.599 1.566 1.546 1.556 1.606 1.614 1.521
1.661 1.608 1.596 1.568 1.633 1.726 1.701 1.721 1.701 1.693 1.673 1.658 1.563 1.613 1.636 1.596 1.686 1.648 1.603 1.544 1.601 1.619 1.424 1.406 1.414 1.434 1.434 1.406 1.381 1.284 1.204 1.211 1.281 1.169 1.199 1.251 1.249 1.314 1.296 1.286 1.269 1.374 1.281 1.359 1.454 1.549 1.524 1.636 1.661 1.761 1.829 2.026 1.819 1.814 1.816 1.754 1.809 1.769 1.756 1.801 1.754 1.796 1.839 1.789 1.814 1.794 1.756 1.801 1.759 1.756 1.789 1.619 1.641 1.599 1.624 1.641 1.601
1.541 1.561 1.453 1.428 1.508 1.606 1.616 1.671 1.743 1.663 1.653 1.723 1.696 1.631 1.663 1.676 1.841 1.671 1.593 1.441 1.444 1.479 1.486 1.376 1.341 1.379 1.326 1.324 1.411 1.369 1.336 1.359 1.304 1.331 1.264 1.294 1.286 1.239 1.261 1.211 1.204 1.226 1.256 1.289 1.334 1.416 1.439 1.539 1.529 1.521 1.554 1.589 1.531 1.676 1.626 1.706 1.719 1.729 1.729 1.669 1.731 1.846 1.869 1.806 1.946 1.716 1.701 1.756 1.794 1.791 1.789 1.726 1.651 1.644 1.659 1.679 1.674
1.488 1.491 1.396 1.351 1.451 1.586 1.521 1.738 1.771 1.591 1.558 1.548 1.613 1.598 1.563 1.556 1.616 1.623 1.568 1.384 1.391 1.426 1.426 1.411 1.356 1.439 1.476 1.401 1.359 1.396 1.406 1.351 1.306 1.226 1.326 1.414 1.386 1.309 1.306 1.301 1.239 1.209 1.246 1.326 1.221 1.314 1.391 1.479 1.494 1.384 1.366 1.386 1.471 1.574 1.596 1.681 1.744 1.701 1.601 1.656 1.694 1.776 1.894 1.839 1.876 1.829 1.726 1.719 1.639 1.706 1.644 1.661 1.711 1.694 1.756 1.794 1.759
1.398 1.453 1.416 1.328 1.366 1.493 1.491 1.543 1.618 1.613 1.561 1.606 1.611 1.588 1.493 1.493 1.441 1.488 1.471 1.384 1.369 1.391 1.409 1.404 1.461 1.496 1.591 1.581 1.464 1.471 1.436 1.421 1.309 1.354 1.404 1.429 1.466 1.501 1.339 1.406 1.384 1.234 1.244 1.211 1.204 1.241 1.256 1.244 1.269 1.259 1.291 1.384 1.454 1.501 1.641 1.709 1.601 1.579 1.546 1.509 1.576 1.641 1.479 1.729 1.764 1.739 1.721 1.714 1.711 1.711 1.676 1.664 1.641 1.704 1.654 1.684 1.736
1.351 1.401 1.378 1.266 1.206 1.318 1.331 1.393 1.533 1.606 1.556 1.563 1.623 1.596 1.588 1.526 1.468 1.508 1.536 1.479 1.406 1.406 1.426 1.429 1.501 1.509 1.586 1.516 1.496 1.469 1.464 1.476 1.441 1.506 1.491 1.519 1.536 1.569 1.419 1.444 1.409 1.331 1.366 1.226 1.209 1.186 1.199 1.136 1.194 1.266 1.286 1.374 1.404 1.416 1.459 1.531 1.521 1.464 1.459 1.449 1.576 1.609 1.476 1.604 1.726 1.641 1.739 1.741 1.784 1.769 1.799 1.709 1.606 1.729 1.646 1.614 1.644
1.411 1.436 1.486 1.338 1.343 1.396 1.391 1.343 1.381 1.498 1.508 1.526 1.631 1.656 1.596 1.546 1.621 1.656 1.563 1.569 1.514 1.489 1.584 1.574 1.536 1.484 1.451 1.486 1.506 1.499 1.411 1.459 1.479 1.424 1.429 1.549 1.514 1.616 1.494 1.459 1.421 1.424 1.354 1.286 1.266 1.211 1.186 1.194 1.294 1.294 1.231 1.294 1.344 1.354 1.316 1.384 1.346 1.371 1.481 1.476 1.436 1.621 1.559 1.524 1.529 1.649 1.634 1.624 1.616 1.769 1.796 1.759 1.774 1.814 1.786 1.684 1.779
1.448 1.473 1.553 1.461 1.423 1.453 1.511 1.361 1.401 1.401 1.393 1.468 1.523 1.651 1.548 1.536 1.456 1.511 1.553 1.614 1.621 1.566 1.541 1.619 1.594 1.516 1.469 1.514 1.589 1.626 1.601 1.509 1.436 1.361 1.366 1.474 1.584 1.679 1.631 1.526 1.521 1.509 1.366 1.361 1.304 1.229 1.216 1.221 1.284 1.224 1.239 1.361 1.371 1.259 1.269 1.296 1.416 1.391 1.494 1.491 1.399 1.439 1.619 1.401 1.429 1.561 1.601 1.614 1.586 1.644 1.724 1.779 1.789 1.806 1.836 1.834 1.781
1.443 1.438 1.493 1.493 1.473 1.486 1.398 1.358 1.393 1.541 1.413 1.493 1.523 1.621 1.478 1.498 1.488 1.476 1.603 1.694 1.784 1.704 1.651 1.679 1.659 1.639 1.666 1.644 1.626 1.711 1.694 1.609 1.539 1.456 1.431 1.471 1.696 1.701 1.649 1.606 1.524 1.479 1.436 1.381 1.349 1.319 1.256 1.184 1.231 1.236 1.269 1.196 1.226 1.279 1.209 1.289 1.351 1.286 1.451 1.416 1.349 1.316 1.556 1.321 1.341 1.416 1.504 1.626 1.591 1.641 1.699 1.794 1.844 1.869 1.841 1.839 1.766
1.393 1.448 1.383 1.353 1.406 1.473 1.353 1.331 1.383 1.383 1.408 1.456 1.553 1.586 1.531 1.506 1.573 1.618 1.783 1.804 1.821 1.871 1.626 1.676 1.654 1.674 1.821 1.674 1.719 1.706 1.686 1.619 1.534 1.459 1.424 1.444 1.539 1.561 1.629 1.684 1.681 1.531 1.509 1.494 1.439 1.466 1.431 1.254 1.311 1.301 1.281 1.259 1.254 1.329 1.289 1.281 1.334 1.306 1.379 1.326 1.264 1.301 1.404 1.346 1.414 1.444 1.486 1.539 1.601 1.741 1.759 1.779 1.821 1.814 1.851 1.796 1.874
1.408 1.386 1.441 1.441 1.438 1.401 1.316 1.336 1.366 1.383 1.483 1.441 1.458 1.496 1.528 1.483 1.561 1.633 1.826 1.806 1.814 1.909 1.811 1.821 1.809 1.724 1.869 1.831 1.806 1.686 1.631 1.599 1.559 1.534 1.479 1.521 1.556 1.646 1.701 1.726 1.806 1.691 1.666 1.644 1.541 1.529 1.501 1.409 1.356 1.284 1.349 1.386 1.411 1.399 1.349 1.364 1.371 1.326 1.276 1.369 1.361 1.301 1.296 1.426 1.449 1.439 1.491 1.584 1.631 1.704 1.794 1.834 1.744 1.769 1.801 1.734 1.694
1.438 1.463 1.373 1.368 1.411 1.351 1.401 1.416 1.496 1.456 1.558 1.593 1.488 1.601 1.601 1.561 1.631 1.686 1.748 1.759 1.814 1.866 1.889 1.854 1.799 1.661 1.714 1.751 1.804 1.781 1.766 1.751 1.649 1.561 1.569 1.621 1.649 1.681 1.749 1.809 1.889 1.704 1.674 1.714 1.646 1.626 1.561 1.494 1.539 1.386 1.444 1.541 1.499 1.444 1.376 1.391 1.344 1.404 1.334 1.316 1.389 1.386 1.404 1.466 1.516 1.546 1.534 1.499 1.581 1.626 1.671 1.661 1.664 1.661 1.664 1.699 1.596
1.481 1.458 1.401 1.421 1.541 1.496 1.493 1.586 1.741 1.411 1.378 1.451 1.491 1.608 1.663 1.626 1.693 1.528 1.581 1.721 1.756 1.896 1.789 1.731 1.779 1.771 1.714 1.676 1.766 1.764 1.774 1.796 1.791 1.619 1.584 1.629 1.621 1.609 1.709 1.804 1.809 1.771 1.614 1.659 1.821 1.759 1.634 1.641 1.636 1.526 1.444 1.356 1.406 1.434 1.366 1.329 1.341 1.374 1.349 1.434 1.459 1.459 1.449 1.441 1.489 1.511 1.474 1.421 1.404 1.466 1.491 1.576 1.654 1.561 1.636 1.701 1.591
1.391 1.401 1.513 1.476 1.491 1.461 1.483 1.578 1.681 1.298 1.326 1.381 1.488 1.628 1.631 1.523 1.703 1.588 1.698 1.656 1.744 1.714 1.764 1.664 1.646 1.671 1.679 1.669 1.664 1.624 1.659 1.706 1.671 1.601 1.511 1.551 1.609 1.764 1.746 1.764 1.779 1.751 1.669 1.659 1.739 1.699 1.681 1.749 1.684 1.559 1.509 1.479 1.466 1.426 1.514 1.456 1.351 1.401 1.366 1.421 1.454 1.441 1.369 1.341 1.316 1.351 1.366 1.504 1.439 1.396 1.464 1.544 1.529 1.714 1.806 1.809 1.706
1.378 1.448 1.503 1.543 1.528 1.463 1.321 1.421 1.461 1.523 1.473 1.461 1.461 1.673 1.633 1.513 1.538 1.528 1.601 1.639 1.756 1.579 1.581 1.734 1.581 1.564 1.549 1.581 1.636 1.644 1.614 1.656 1.579 1.706 1.574 1.506 1.641 1.741 1.621 1.674 1.704 1.721 1.679 1.651 1.634 1.571 1.621 1.604 1.566 1.569 1.521 1.569 1.514 1.471 1.516 1.461 1.386 1.409 1.444 1.481 1.476 1.366 1.344 1.374 1.291 1.341 1.386 1.329 1.416 1.584 1.499 1.651 1.584 1.649 1.689 1.884 1.709
1.401 1.463 1.531 1.591 1.596 1.511 1.506 1.463 1.473 1.596 1.523 1.576 1.491 1.551 1.486 1.523 1.503 1.418 1.513 1.459 1.554 1.451 1.551 1.559 1.581 1.461 1.591 1.529 1.576 1.541 1.614 1.616 1.669 1.729 1.774 1.649 1.616 1.569 1.514 1.509 1.656 1.759 1.741 1.636 1.654 1.589 1.566 1.599 1.561 1.546 1.539 1.611 1.586 1.524 1.546 1.514 1.474 1.474 1.531 1.464 1.479 1.411 1.299 1.389 1.409 1.339 1.324 1.356 1.426 1.464 1.549 1.414 1.471 1.534 1.534 1.716 1.594
1.431 1.508 1.486 1.528 1.631 1.583 1.601 1.521 1.521 1.523 1.453 1.556 1.388 1.326 1.338 1.531 1.558 1.501 1.428 1.404 1.484 1.439 1.546 1.449 1.509 1.516 1.509 1.479 1.549 1.556 1.651 1.594 1.619 1.624 1.686 1.711 1.601 1.596 1.599 1.556 1.579 1.579 1.746 1.749 1.756 1.799 1.714 1.764 1.666 1.556 1.526 1.509 1.574 1.534 1.574 1.556 1.489 1.494 1.519 1.554 1.509 1.589 1.479 1.431 1.481 1.366 1.294 1.401 1.346 1.229 1.524 1.424 1.414 1.531 1.524 1.406 1.516
1.446 1.546 1.593 1.648 1.546 1.528 1.598 1.516 1.533 1.471 1.483 1.501 1.446 1.418 1.328 1.436 1.471 1.461 1.446 1.461 1.493 1.518 1.503 1.466 1.436 1.526 1.591 1.578 1.623 1.568 1.663 1.603 1.533 1.618 1.656 1.718 1.738 1.703 1.618 1.586 1.611 1.668 1.733 1.828 1.851 1.876 1.801 1.683 1.766 1.728 1.633 1.696 1.718 1.633 1.596 1.636 1.526 1.551 1.528 1.536 1.496 1.571 1.518 1.451 1.451 1.501 1.461 1.441 1.381 1.363 1.426 1.443 1.368 1.483 1.531 1.586 1.556
1.496 1.601 1.693 1.686 1.633 1.566 1.638 1.623 1.563 1.556 1.566 1.516 1.493 1.431 1.353 1.413 1.418 1.468 1.426 1.401 1.583 1.736 1.521 1.458 1.453 1.501 1.578 1.591 1.618 1.538 1.606 1.561 1.516 1.523 1.671 1.678 1.731 1.746 1.606 1.626 1.686 1.708 1.693 1.783 1.803 1.836 1.781 1.641 1.703 1.736 1.721 1.641 1.711 1.761 1.698 1.656 1.618 1.561 1.478 1.443 1.381 1.446 1.458 1.448 1.401 1.461 1.523 1.436 1.416 1.466 1.506 1.403 1.318 1.391 1.563 1.518 1.516
1.586 1.658 1.688 1.523 1.573 1.653 1.631 1.581 1.633 1.568 1.501 1.456 1.458 1.413 1.386 1.388 1.406 1.483 1.441 1.388 1.513 1.546 1.558 1.641 1.506 1.536 1.486 1.608 1.631 1.543 1.638 1.643 1.613 1.591 1.508 1.576 1.656 1.591 1.596 1.566 1.718 1.713 1.631 1.683 1.746 1.711 1.783 1.568 1.641 1.738 1.766 1.776 1.798 1.908 1.701 1.666 1.683 1.593 1.583 1.573 1.453 1.438 1.466 1.478 1.373 1.373 1.373 1.433 1.416 1.463 1.618 1.416 1.318 1.366 1.446 1.353 1.318
1.666 1.673 1.708 1.598 1.551 1.593 1.598 1.538 1.578 1.578 1.581 1.441 1.436 1.481 1.381 1.431 1.421 1.456 1.393 1.428 1.436 1.581 1.543 1.578 1.473 1.491 1.566 1.576 1.656 1.556 1.558 1.521 1.656 1.581 1.396 1.456 1.456 1.463 1.473 1.456 1.603 1.663 1.666 1.633 1.676 1.688 1.736 1.631 1.718 1.723 1.751 1.768 1.768 1.923 1.886 1.688 1.633 1.593 1.553 1.608 1.536 1.528 1.508 1.511 1.381 1.463 1.443 1.483 1.506 1.516 1.496 1.421 1.401 1.353 1.323 1.323 1.301
1.591 1.661 1.611 1.761 1.671 1.676 1.666 1.616 1.553 1.538 1.593 1.541 1.461 1.348 1.298 1.398 1.451 1.558 1.436 1.463 1.508 1.461 1.456 1.438 1.466 1.451 1.518 1.541 1.503 1.476 1.506 1.388 1.548 1.608 1.438 1.441 1.453 1.536 1.496 1.461 1.441 1.526 1.523 1.521 1.606 1.686 1.716 1.678 1.698 1.746 1.691 1.601 1.658 1.711 1.796 1.726 1.683 1.651 1.486 1.508 1.611 1.531 1.503 1.546 1.456 1.461 1.443 1.473 1.441 1.453 1.478 1.348 1.333 1.381 1.376 1.468 1.316
1.678 1.683 1.621 1.733 1.643 1.653 1.638 1.611 1.546 1.583 1.591 1.583 1.456 1.406 1.408 1.453 1.438 1.473 1.453 1.421 1.496 1.386 1.433 1.406 1.418 1.401 1.396 1.451 1.433 1.441 1.346 1.353 1.381 1.506 1.433 1.461 1.496 1.548 1.583 1.563 1.456 1.486 1.543 1.511 1.546 1.616 1.753 1.751 1.763 1.673 1.661 1.626 1.686 1.748 1.776 1.701 1.673 1.578 1.553 1.618 1.563 1.598 1.656 1.553 1.458 1.513 1.523 1.451 1.366 1.316 1.463 1.368 1.406 1.431 1.398 1.353 1.446
