All_lidar/sz6485_DSM_2M.asc
ncols 500
nrows 500
xllcorner    464000
yllcorner    85000
cellsize     2
NODATA_value -9999
[rows 136 to 169 of 500, columns 77 to 153 of 500]
-9999 -9999 -9999 -9999 -9999 -9999 -9999 -9999 -9999 -9999 -9999 -9999 -9999 -9999 -9999 -9999 -9999 -9999 -9999 -9999 -9999 -9999 -9999 -9999 -9999 -9999 -9999 -9999 -9999 -9999 -9999 -9999 -1.721 -1.721 -1.726 -9999 -9999 -9999 -9999 -9999 -9999 -9999 -9999 -9999 -1.931 -9999 -9999 -1.731 -9999 -9999 -1.731 -9999 -9999 -9999 -9999 -9999 -1.811 -1.831 -9999 -9999 -9999 -9999 -9999 -9999 -9999 -9999 -1.726 -1.731 -1.764 -1.774 -1.716 -9999 -9999 -9999 -9999 -9999 -9999
-9999 -9999 -9999 -9999 -9999 -9999 -9999 -9999 -9999 -9999 -9999 -9999 -9999 -9999 -9999 -9999 -9999 -9999 -9999 -9999 -9999 -9999 -9999 -9999 -9999 -9999 -9999 -9999 -9999 -9999 -9999 -9999 -9999 -1.726 -1.719 -1.739 -9999 -9999 -9999 -9999 -9999 -9999 -9999 -9999 -1.891 -9999 -9999 -1.725 -9999 -9999 -9999 -9999 -9999 -9999 -9999 -1.876 -1.876 -1.866 -9999 -9999 -9999 -9999 -9999 -9999 -9999 -9999 -1.631 -9999 -9999 -9999 -9999 -9999 -9999 -9999 -9999 -9999 -9999
-9999 -9999 -9999 -9999 -9999 -9999 -9999 -9999 -9999 -9999 -9999 -9999 -9999 -9999 -9999 -9999 -9999 -9999 -9999 -9999 -9999 -9999 -9999 -9999 -9999 -9999 -9999 -9999 -1.751 -1.741 -1.719 -9999 -9999 -9999 -1.728 -1.711 -9999 -9999 -9999 -9999 -9999 -9999 -9999 -9999 -9999 -1.821 -1.761 -1.736 -1.741 -1.756 -9999 -9999 -9999 -9999 -9999 -1.791 -9999 -9999 -9999 -9999 -9999 -9999 -1.745 -9999 -9999 -9999 -9999 -9999 -9999 -1.666 -9999 -9999 -9999 -9999 -9999 -9999 -9999
-9999 -9999 -9999 -9999 -9999 -9999 -9999 -9999 -9999 -9999 -9999 -9999 -9999 -9999 -9999 -9999 -9999 -9999 -9999 -9999 -9999 -9999 -9999 -9999 -9999 -9999 -9999 -9999 -9999 -9999 -9999 -9999 -9999 -9999 -9999 -1.759 -9999 -9999 -9999 -9999 -9999 -9999 -9999 -9999 -9999 -1.768 -1.796 -1.829 -1.831 -1.801 -9999 -9999 -9999 -9999 -1.761 -1.676 -9999 -9999 -9999 -9999 -9999 -1.836 -9999 -9999 -9999 -9999 -9999 -9999 -9999 -1.796 -9999 -9999 -9999 -9999 -1.886 -1.826 -1.811
-9999 -9999 -9999 -9999 -9999 -9999 -9999 -9999 -9999 -1.786 -9999 -9999 -9999 -9999 -9999 -9999 -9999 -9999 -9999 -9999 -9999 -9999 -9999 -9999 -9999 -9999 -9999 -9999 -9999 -9999 -9999 -9999 -9999 -9999 -9999 -1.808 -1.706 -1.719 -9999 -9999 -9999 -1.731 -1.758 -9999 -1.721 -1.746 -1.781 -1.821 -1.841 -1.849 -1.834 -1.846 -1.856 -1.721 -1.774 -1.724 -1.721 -1.761 -9999 -9999 -9999 -1.798 -1.799 -9999 -9999 -9999 -9999 -9999 -9999 -9999 -9999 -9999 -9999 -9999 -1.826 -1.781 -1.799
-9999 -9999 -9999 -9999 -9999 -9999 -9999 -9999 -9999 -9999 -9999 -9999 -9999 -9999 -9999 -9999 -9999 -9999 -9999 -9999 -9999 -9999 -9999 -9999 -9999 -9999 -9999 -9999 -9999 -9999 -9999 -9999 -9999 -1.771 -1.781 -1.759 -1.711 -1.716 -9999 -9999 -1.761 -1.766 -1.801 -1.809 -1.736 -1.784 -1.861 -1.841 -1.854 -1.881 -1.874 -1.864 -1.816 -1.734 -1.789 -1.801 -1.791 -1.786 -9999 -9999 -1.761 -1.729 -1.681 -1.674 -1.688 -9999 -9999 -9999 -9999 -9999 -9999 -9999 -9999 -9999 -1.731 -1.861 -1.836
-9999 -9999 -9999 -9999 -9999 -1.846 -1.811 -9999 -9999 -9999 -9999 -9999 -9999 -9999 -9999 -9999 -9999 -9999 -9999 -9999 -9999 -9999 -9999 -9999 -9999 -9999 -9999 -9999 -9999 -9999 -9999 -9999 -9999 -9999 -1.749 -1.719 -9999 -9999 -9999 -9999 -1.686 -1.751 -1.806 -1.816 -1.794 -9999 -9999 -9999 -1.831 -9999 -9999 -9999 -9999 -1.796 -1.741 -1.721 -1.824 -1.824 -1.794 -1.771 -1.741 -1.739 -1.744 -1.749 -9999 -1.729 -1.731 -9999 -1.841 -9999 -9999 -9999 -1.911 -1.819 -1.815 -1.839 -1.829
-9999 -9999 -9999 -9999 -9999 -1.848 -1.769 -9999 -9999 -9999 -9999 -9999 -9999 -9999 -9999 -9999 -9999 -9999 -9999 -9999 -9999 -9999 -9999 -9999 -9999 -9999 -9999 -9999 -9999 -9999 -9999 -9999 -9999 -9999 -1.796 -1.769 -9999 -1.781 -9999 -1.731 -1.739 -1.671 -1.779 -1.816 -1.866 -9999 -9999 -9999 -9999 -9999 -9999 -9999 -9999 -1.806 -1.786 -1.761 -1.761 -9999 -9999 -9999 -1.738 -1.794 -1.769 -9999 -9999 -9999 -1.855 -1.859 -1.846 -1.851 -9999 -1.871 -1.899 -9999 -9999 -9999 -1.816
-9999 -9999 -9999 -9999 -9999 -9999 -9999 -9999 -9999 -9999 -9999 -9999 -9999 -9999 -9999 -9999 -9999 -9999 -9999 -9999 -9999 -9999 -9999 -9999 -9999 -9999 -9999 -9999 -9999 -1.791 -1.776 -9999 -9999 -9999 -9999 -1.815 -1.811 -1.811 -1.824 -1.816 -1.764 -1.666 -1.711 -1.804 -1.874 -9999 -9999 -9999 -9999 -9999 -9999 -9999 -9999 -9999 -1.781 -1.721 -1.679 -9999 -9999 -9999 -1.831 -1.734 -1.689 -1.725 -9999 -9999 -9999 -9999 -1.885 -1.839 -9999 -9999 -1.841 -9999 -9999 -9999 -9999
-9999 -9999 -9999 -9999 -9999 -9999 -1.766 -9999 -9999 -9999 -9999 -9999 -9999 -9999 -9999 -9999 -9999 -9999 -9999 -9999 -9999 -9999 -9999 -9999 -9999 -9999 -9999 -9999 -9999 -9999 -9999 -1.786 -1.816 -9999 -1.766 -1.736 -9999 -9999 -1.806 -1.876 -1.769 -1.754 -1.774 -1.801 -1.849 -1.871 -1.816 -9999 -9999 -9999 -1.756 -1.746 -1.726 -1.786 -1.826 -1.784 -1.704 -1.715 -1.776 -1.866 -1.884 -1.764 -1.766 -1.804 -1.781 -1.811 -9999 -9999 -9999 -9999 -9999 -9999 -1.791 -1.781 -9999 -1.901 -9999
-1.721 -1.691 -1.766 -9999 -9999 -1.801 -1.776 -9999 -9999 -9999 -9999 -9999 -9999 -9999 -9999 -9999 -9999 -9999 -9999 -9999 -9999 -9999 -9999 -9999 -9999 -9999 -9999 -9999 -9999 -9999 -9999 -9999 -1.801 -1.841 -1.791 -1.719 -9999 -9999 -1.761 -1.796 -1.791 -1.849 -1.796 -1.776 -1.839 -1.834 -1.796 -1.826 -9999 -1.771 -1.749 -1.719 -1.741 -1.789 -9999 -9999 -1.701 -1.696 -1.756 -1.924 -2.046 -1.821 -1.864 -1.861 -1.794 -9999 -9999 -9999 -1.801 -9999 -9999 -1.861 -1.799 -1.764 -1.799 -1.815 -1.861
-1.571 -1.509 -1.599 -1.716 -1.789 -1.779 -1.829 -9999 -9999 -1.755 -9999 -9999 -9999 -9999 -9999 -9999 -9999 -9999 -9999 -9999 -9999 -9999 -9999 -9999 -9999 -9999 -1.851 -1.811 -9999 -9999 -9999 -9999 -1.796 -1.831 -9999 -9999 -1.778 -9999 -1.771 -1.734 -1.774 -1.849 -1.784 -1.784 -1.791 -1.749 -1.784 -1.854 -1.858 -1.808 -1.736 -1.731 -1.771 -1.801 -9999 -9999 -1.709 -1.704 -1.806 -1.849 -1.831 -9999 -9999 -9999 -9999 -9999 -9999 -1.826 -1.831 -1.805 -1.846 -1.859 -1.801 -1.749 -1.836 -9999 -9999
-1.539 -1.509 -1.491 -1.441 -1.574 -1.651 -1.776 -1.764 -1.799 -1.729 -1.725 -1.641 -1.729 -1.741 -9999 -9999 -9999 -9999 -9999 -9999 -9999 -9999 -9999 -9999 -9999 -9999 -1.851 -9999 -9999 -9999 -9999 -1.818 -9999 -9999 -9999 -9999 -1.776 -1.798 -1.819 -9999 -9999 -9999 -1.775 -1.779 -1.836 -1.836 -1.764 -1.791 -1.804 -1.736 -9999 -9999 -9999 -1.784 -9999 -1.766 -1.764 -1.816 -1.839 -1.771 -1.776 -9999 -9999 -9999 -1.788 -9999 -1.861 -1.831 -1.836 -1.844 -1.859 -1.821 -1.806 -1.734 -9999 -9999 -9999
-1.491 -1.529 -1.521 -1.541 -1.671 -1.746 -1.669 -1.699 -1.826 -1.719 -1.669 -1.721 -1.861 -1.746 -9999 -9999 -9999 -9999 -9999 -9999 -9999 -9999 -9999 -9999 -9999 -9999 -1.846 -9999 -9999 -9999 -9999 -1.844 -9999 -9999 -9999 -9999 -1.841 -1.811 -9999 -9999 -9999 -9999 -1.821 -1.781 -1.831 -1.824 -1.769 -1.766 -1.751 -1.789 -9999 -9999 -1.721 -1.746 -1.804 -9999 -9999 -1.828 -1.809 -1.764 -1.796 -1.846 -1.826 -1.804 -1.794 -1.708 -1.801 -1.864 -1.839 -1.806 -1.856 -1.866 -1.836 -1.771 -9999 -9999 -9999
-1.296 -1.394 -1.441 -1.536 -1.611 -1.501 -1.509 -1.629 -1.834 -1.761 -1.686 -1.789 -1.849 -1.814 -1.861 -9999 -9999 -1.771 -9999 -9999 -9999 -9999 -9999 -9999 -1.841 -9999 -9999 -9999 -1.746 -9999 -9999 -9999 -9999 -9999 -1.811 -1.791 -1.816 -1.829 -9999 -9999 -9999 -1.941 -1.865 -1.789 -1.829 -1.791 -1.761 -1.749 -1.729 -1.746 -1.761 -9999 -1.754 -1.774 -9999 -9999 -9999 -9999 -1.806 -1.821 -1.839 -1.861 -1.859 -1.819 -9999 -1.721 -1.719 -1.791 -1.841 -1.851 -1.861 -1.879 -1.791 -1.756 -1.766 -1.746 -9999
-1.416 -1.541 -1.506 -1.631 -1.594 -1.606 -1.654 -1.781 -1.821 -1.874 -1.761 -1.631 -1.721 -1.749 -1.781 -1.761 -1.726 -1.746 -1.776 -9999 -9999 -9999 -9999 -9999 -1.864 -9999 -9999 -1.746 -1.721 -9999 -9999 -1.971 -1.866 -1.826 -1.776 -1.791 -1.721 -1.806 -1.771 -9999 -1.818 -1.849 -1.814 -1.781 -1.829 -1.776 -1.671 -1.776 -1.756 -1.746 -1.754 -9999 -9999 -1.808 -9999 -9999 -9999 -1.898 -1.889 -1.881 -1.866 -9999 -9999 -1.828 -9999 -9999 -1.751 -1.756 -1.794 -1.786 -1.769 -1.726 -1.804 -1.764 -1.706 -1.706 -1.771
-1.599 -1.621 -1.524 -1.726 -1.736 -1.789 -1.729 -1.721 -1.781 -1.906 -1.774 -1.689 -1.726 -1.769 -1.814 -1.774 -1.786 -1.784 -1.826 -1.795 -1.741 -9999 -9999 -9999 -9999 -9999 -9999 -9999 -1.704 -9999 -9999 -1.945 -1.831 -1.789 -1.854 -1.864 -1.749 -1.819 -9999 -9999 -9999 -1.691 -1.719 -1.754 -1.811 -1.791 -1.784 -1.751 -1.769 -1.776 -1.778 -9999 -9999 -1.796 -1.774 -9999 -1.891 -1.871 -1.851 -1.856 -1.848 -9999 -9999 -1.781 -1.776 -9999 -1.826 -1.804 -1.784 -1.721 -1.776 -1.784 -1.806 -1.826 -1.834 -1.829 -1.829
-1.736 -1.811 -1.674 -1.699 -1.739 -1.804 -1.706 -1.654 -1.584 -1.729 -1.779 -1.801 -1.774 -1.841 -1.871 -1.776 -1.831 -1.809 -1.779 -1.761 -9999 -9999 -9999 -9999 -1.811 -9999 -9999 -1.781 -1.754 -9999 -1.851 -1.816 -1.881 -1.769 -1.864 -1.821 -1.806 -1.801 -1.754 -1.738 -1.691 -1.714 -1.759 -1.644 -1.691 -1.714 -1.749 -1.691 -1.729 -1.731 -1.769 -1.748 -1.675 -1.866 -9999 -9999 -9999 -1.834 -1.809 -1.821 -1.809 -1.779 -1.621 -1.736 -1.724 -1.796 -1.831 -1.794 -1.736 -1.754 -1.794 -1.769 -1.774 -1.804 -1.876 -1.899 -9999
-1.691 -1.789 -1.786 -1.804 -1.814 -1.789 -1.759 -1.726 -1.684 -1.729 -1.789 -1.846 -1.791 -1.836 -1.839 -1.801 -1.811 -1.786 -1.854 -1.774 -9999 -9999 -9999 -9999 -1.761 -1.776 -1.775 -1.736 -1.706 -1.824 -1.761 -1.854 -1.859 -9999 -1.821 -1.794 -1.811 -1.821 -1.836 -1.841 -1.781 -1.781 -1.759 -1.694 -1.754 -1.734 -1.881 -1.719 -1.659 -1.674 -1.781 -1.821 -1.796 -1.804 -9999 -9999 -2.051 -1.881 -1.856 -1.841 -1.791 -1.739 -1.701 -1.726 -1.739 -1.726 -1.766 -1.741 -1.751 -1.811 -1.854 -1.831 -1.816 -1.824 -1.824 -1.839 -9999
-1.481 -1.545 -1.621 -1.591 -1.764 -1.781 -1.836 -1.751 -1.736 -1.736 -1.794 -9999 -9999 -9999 -9999 -9999 -9999 -9999 -9999 -9999 -1.846 -9999 -9999 -9999 -1.729 -1.746 -1.779 -1.749 -9999 -9999 -9999 -9999 -9999 -9999 -9999 -9999 -1.781 -1.794 -1.819 -1.806 -1.801 -1.784 -1.819 -1.731 -1.751 -1.756 -1.794 -1.801 -1.814 -1.789 -1.729 -1.716 -1.744 -1.821 -1.804 -1.856 -1.869 -1.771 -1.811 -1.824 -1.766 -1.726 -1.731 -1.756 -1.796 -1.809 -1.809 -1.721 -1.729 -1.849 -1.776 -1.769 -1.809 -1.856 -1.791 -1.791 -1.826
-1.513 -1.464 -1.464 -1.466 -1.731 -1.746 -1.781 -1.716 -1.766 -1.831 -9999 -9999 -9999 -9999 -9999 -9999 -9999 -9999 -9999 -9999 -9999 -9999 -1.761 -9999 -9999 -9999 -9999 -9999 -9999 -9999 -9999 -9999 -9999 -9999 -9999 -1.776 -1.786 -1.776 -1.769 -1.729 -1.754 -1.871 -1.864 -1.799 -9999 -9999 -9999 -1.774 -1.859 -1.856 -1.754 -1.706 -1.769 -1.841 -1.834 -1.831 -1.804 -1.781 -1.821 -1.749 -1.746 -1.779 -1.786 -1.786 -1.799 -1.824 -1.794 -1.779 -1.766 -1.786 -1.709 -1.749 -1.811 -1.834 -1.614 -1.588 -1.601
-1.545 -1.489 -1.564 -1.559 -1.574 -1.606 -1.641 -1.512 -1.856 -1.801 -1.765 -9999 -9999 -9999 -9999 -9999 -9999 -9999 -9999 -9999 -9999 -9999 -9999 -9999 -9999 -9999 -9999 -9999 -9999 -9999 -9999 -9999 -1.881 -1.876 -1.821 -1.809 -9999 -9999 -9999 -1.764 -1.759 -1.791 -1.789 -1.824 -1.816 -9999 -9999 -1.775 -1.821 -1.861 -1.826 -1.774 -1.796 -1.834 -1.864 -1.849 -1.791 -1.796 -1.744 -1.739 -1.794 -1.766 -1.784 -1.776 -1.719 -1.764 -1.771 -1.784 -1.831 -1.769 -1.734 -1.525 -1.577 -1.599 -1.602 -1.814 -1.58
-1.45 -1.438 -1.446 -1.559 -1.631 -1.458 -1.361 -1.646 -1.796 -1.781 -1.749 -1.845 -9999 -9999 -9999 -9999 -9999 -9999 -9999 -9999 -9999 -9999 -9999 -9999 -9999 -9999 -9999 -9999 -9999 -1.921 -1.831 -1.778 -1.786 -1.754 -1.794 -9999 -9999 -9999 -9999 -9999 -1.764 -1.819 -1.744 -1.769 -1.806 -9999 -9999 -9999 -1.781 -1.851 -1.909 -1.816 -1.781 -1.806 -1.859 -1.871 -1.841 -1.771 -1.726 -1.756 -1.711 -1.751 -1.716 -1.704 -1.721 -1.791 -1.869 -1.881 -1.804 -1.776 -1.746 -1.538 -1.811 -1.836 -1.806 -1.784 -1.774
-1.401 -1.259 -1.227 -1.586 -1.599 -1.646 -1.631 -1.734 -1.696 -1.789 -1.736 -1.779 -1.784 -1.774 -1.854 -1.796 -1.791 -1.858 -9999 -9999 -9999 -9999 -9999 -9999 -9999 -9999 -1.776 -1.744 -1.789 -1.876 -1.841 -1.829 -1.821 -1.741 -1.766 -9999 -9999 -9999 -9999 -1.695 -1.759 -1.884 -1.824 -9999 -1.875 -1.905 -9999 -1.825 -1.851 -1.864 -1.841 -1.796 -1.814 -1.841 -1.811 -1.799 -1.814 -1.774 -1.801 -1.809 -1.701 -1.681 -1.669 -1.741 -1.841 -1.811 -1.921 -1.901 -1.819 -1.776 -1.606 -1.856 -1.829 -1.786 -1.809 -1.771 -1.734
-1.604 -1.631 -1.278 -1.564 -1.554 -1.564 -1.634 -1.696 -1.661 -1.716 -1.709 -1.744 -1.711 -1.726 -1.809 -9999 -9999 -9999 -9999 -9999 -9999 -9999 -9999 -9999 -9999 -9999 -1.829 -1.736 -1.689 -1.774 -1.839 -1.826 -1.814 -1.766 -1.748 -9999 -9999 -9999 -1.771 -1.781 -1.851 -1.866 -9999 -9999 -9999 -1.905 -1.901 -1.831 -1.839 -1.826 -1.729 -1.734 -1.766 -1.764 -1.781 -1.806 -1.809 -1.801 -1.776 -1.819 -1.829 -1.591 -1.751 -1.849 -9999 -1.749 -1.839 -1.899 -1.891 -1.846 -1.889 -1.866 -1.761 -1.731 -1.799 -1.876 -1.776
-1.769 -1.576 -1.694 -1.709 -1.706 -1.626 -1.609 -1.726 -1.691 -1.799 -1.729 -1.691 -1.689 -1.749 -1.739 -9999 -9999 -9999 -9999 -9999 -9999 -9999 -9999 -9999 -9999 -9999 -9999 -9999 -1.821 -1.586 -1.786 -1.784 -1.801 -1.814 -1.756 -1.781 -1.744 -1.779 -1.819 -1.824 -1.784 -1.789 -1.811 -9999 -9999 -1.884 -1.821 -1.764 -1.774 -1.809 -1.741 -1.781 -1.806 -1.819 -1.811 -1.846 -1.679 -1.759 -1.764 -1.796 -1.811 -1.721 -9999 -9999 -9999 -9999 -1.841 -1.859 -1.874 -1.891 -1.884 -1.804 -1.726 -1.681 -1.769 -1.814 -1.774
-1.836 -1.841 -1.756 -1.731 -1.831 -9999 -9999 -9999 -1.771 -1.859 -1.831 -1.751 -1.771 -1.811 -1.709 -9999 -9999 -9999 -9999 -9999 -9999 -1.821 -9999 -9999 -9999 -9999 -9999 -9999 -1.761 -1.821 -1.744 -1.776 -1.814 -1.836 -1.786 -1.724 -1.714 -1.871 -1.816 -1.834 -1.854 -1.879 -1.804 -1.779 -1.836 -1.796 -1.769 -1.766 -1.709 -1.809 -1.759 -1.776 -1.836 -1.876 -1.909 -1.906 -1.839 1.609 -9999 -1.786 -9999 -9999 -1.846 -9999 -9999 -1.791 -1.769 -1.741 -1.786 -1.809 -1.881 -1.714 -1.696 -1.679 -1.734 -1.776 -1.784
-1.791 -1.811 -1.761 -1.799 -9999 -9999 -9999 -9999 -9999 -9999 1.351 1.344 -9999 -9999 -1.704 -9999 -9999 -9999 -9999 -9999 -9999 -1.826 -1.751 -1.798 -9999 -9999 -9999 -9999 -1.791 -1.841 -1.796 -1.814 -1.824 -1.849 -1.841 -1.776 -1.801 -1.856 -1.776 -1.889 -1.941 -1.971 -1.824 -1.721 -1.786 -1.784 -1.786 -1.771 -1.741 -1.811 -9999 -1.845 -1.884 -1.904 -1.941 -1.934 -1.898 -9999 -9999 -1.798 -9999 -9999 -1.861 -1.839 -1.779 -1.816 -1.771 -1.786 -1.749 -1.769 -1.761 -1.746 -1.739 -1.731 -1.769 -1.804 -1.829
-1.671 -1.704 -1.661 -1.711 -1.869 -1.896 -9999 -9999 -9999 -9999 -9999 -9999 -9999 -9999 -9999 -9999 -9999 -9999 -9999 -9999 -9999 -9999 -9999 -1.774 -1.821 -9999 -9999 1.579 -1.844 -1.846 -1.759 -1.769 -1.781 -1.806 -1.784 -1.756 -1.741 -1.811 -1.806 -1.886 -1.786 -1.789 -1.809 -1.761 -1.769 -1.776 -1.809 -1.776 -1.829 -1.809 -9999 -9999 -1.864 -1.836 -1.881 -1.884 -1.866 -1.836 -1.806 -1.781 -1.816 -1.856 -1.871 -1.829 -1.794 -1.694 -1.689 -1.766 -1.769 -1.776 -1.749 -1.781 -1.816 -1.776 -1.814 -1.859 -1.874
-1.649 -1.679 -1.636 -1.626 -1.794 -1.871 -1.874 -1.824 -1.889 -1.826 -1.871 -9999 -9999 -9999 -9999 -9999 -9999 -9999 -9999 -9999 -9999 -9999 -9999 -9999 -1.831 -9999 -9999 -9999 -9999 -9999 -1.809 -9999 -1.711 -1.741 -9999 -9999 -9999 -1.774 -1.826 -1.836 -1.769 -1.789 -1.846 -1.799 -1.766 -1.774 -1.749 -1.809 -1.846 -1.764 -1.785 -1.826 -1.836 -1.799 -1.829 -1.811 -1.786 -1.811 -1.796 -1.754 -1.754 -1.801 -1.856 -1.801 -1.771 -9999 -9999 -1.806 -1.811 -1.796 -1.799 -1.821 -1.829 -1.744 -1.821 -1.831 -1.889
-1.771 -1.769 -1.751 -1.766 -1.789 -1.849 -1.846 -1.806 -1.819 -1.879 -1.881 -1.849 -1.821 -1.881 -9999 -9999 -9999 1.349 -9999 -1.766 -9999 -9999 -9999 -9999 -1.846 -9999 -9999 -9999 -9999 -9999 -1.826 -9999 -9999 -1.781 -9999 -9999 -9999 -1.729 -1.794 -1.784 -9999 -1.834 -1.849 -9999 -1.755 -1.769 -1.756 -1.799 -1.801 -1.781 -1.854 -1.804 -1.804 -1.796 -1.806 -1.736 -1.756 -1.809 -1.856 -1.794 -1.746 -1.749 -1.736 -1.779 -1.769 -1.748 -9999 -1.755 -1.814 -1.814 -1.819 -1.856 -1.804 -1.834 -1.816 -1.831 -1.866
-9999 -9999 -1.815 -1.861 -1.806 -1.781 -1.799 -1.831 -9999 -1.905 -9999 -9999 -1.796 -1.841 -9999 -9999 1.454 -9999 -9999 -9999 -9999 -9999 -9999 -1.801 -1.819 -9999 -9999 -9999 -9999 -9999 -1.582 -9999 -9999 -1.866 -9999 -9999 -9999 -1.716 -1.771 -9999 -9999 -9999 -1.864 -9999 -9999 -9999 -1.769 -1.841 -1.851 -1.871 -1.874 -1.809 -1.776 -1.776 -1.786 -1.786 -1.779 -1.806 -1.891 -1.879 -1.801 -1.801 -1.821 -1.834 -1.816 -1.746 -1.721 -1.711 -1.819 -1.821 -1.814 -1.886 -1.874 -1.861 -1.851 -1.846 -1.846
-9999 -9999 -1.634 -1.633 -1.597 -1.614 -1.648 -9999 -9999 -9999 -9999 -9999 -1.746 -1.784 -9999 -9999 -9999 -9999 -9999 -9999 -9999 1.579 1.584 -1.786 -1.776 -1.806 -1.821 -1.891 -1.806 -1.791 -1.819 -1.831 -1.849 -1.839 -1.838 -1.811 -9999 -9999 -9999 -9999 -9999 -9999 -1.825 -9999 -9999 -1.701 -1.774 -9999 -9999 -1.884 -1.869 -1.816 -1.699 -1.746 -1.876 -1.864 -1.593 -1.824 -1.884 -1.841 -1.779 -1.861 -1.841 -1.794 -1.799 -1.706 -1.719 -1.754 -1.794 -1.834 -1.904 -1.964 -1.956 -1.881 -1.849 -1.871 -1.889
-1.851 -1.657 -1.551 -1.553 -1.635 -1.665 -9999 -9999 -9999 -9999 -9999 1.469 -9999 -9999 -9999 -9999 -9999 -9999 -9999 -9999 -1.751 -1.781 -1.821 -1.806 -9999 1.599 -9999 -9999 -1.795 -9999 -9999 -1.779 -1.776 -1.819 -1.59 -9999 -9999 -9999 -9999 -9999 -9999 -1.781 -1.741 -1.716 -1.648 -1.771 -9999 -9999 -1.861 -1.826 -9999 -1.775 -1.774 -1.821 -1.874 -1.791 -1.781 -1.816 -1.861 -1.799 -1.784 -1.929 -1.779 -1.726 -1.779 -1.769 -1.809 -1.836 -1.869 -1.919 -1.954 -1.976 -1.951 -1.889 -1.861 -1.816 -1.749
