All_lidar/sz6487_DSM_2M.asc
ncols 500
nrows 500
xllcorner    464000
yllcorner    87000
cellsize     2
NODATA_value -9999
[rows 320 to 351 of 500, columns 426 to 496 of 500]
24.234 23.309 20.954 19.986 20.016 20.236 19.806 19.794 19.861 20.149 19.909 19.711 19.684 19.646 19.584 19.811 20.904 20.436 19.641 21.199 20.499 19.369 19.311 19.099 21.009 21.444 19.979 20.541 20.456 21.981 21.829 19.366 19.056 19.391 19.561 19.171 19.146 19.376 19.604 21.001 21.519 20.134 20.304 19.871 21.406 21.724 19.539 19.046 18.446 18.369 18.759 19.714 21.329 22.336 24.021 25.426 24.931 23.471 19.154 18.131 18.459 18.324 18.266 18.099 17.934 17.959 18.016 18.036 18.221 18.939 18.271
24.439 24.006 22.784 20.489 20.391 20.124 19.839 19.839 19.879 19.916 20.039 19.696 19.704 19.781 20.266 20.224 20.104 19.686 19.549 19.894 21.339 20.719 19.401 19.134 19.209 19.534 19.041 19.066 20.784 20.889 20.059 19.074 19.066 18.959 18.904 18.924 18.896 19.039 19.114 19.279 19.379 19.766 19.801 19.129 20.856 21.414 21.251 19.614 19.619 18.639 20.246 21.399 23.111 24.841 25.619 25.361 24.449 20.959 18.226 18.124 18.681 18.146 17.941 17.941 18.034 18.029 18.049 18.546 18.151 18.119 18.051
23.846 24.344 23.279 21.451 20.486 20.676 19.921 19.891 19.869 19.831 19.816 19.936 20.339 20.166 20.614 21.496 19.696 19.491 19.529 19.494 19.681 21.331 19.631 19.094 19.036 18.986 19.004 18.994 19.524 20.254 19.436 19.041 19.031 18.919 18.746 18.944 18.866 18.974 19.099 19.059 19.041 19.181 20.521 19.196 19.211 21.426 21.436 20.561 19.606 19.424 21.924 23.544 25.129 25.436 24.744 24.056 21.334 18.484 18.121 18.119 18.066 17.984 17.954 18.036 18.091 18.084 18.731 19.636 18.286 18.319 18.091
21.719 22.394 22.386 20.614 20.081 19.936 19.911 19.874 19.826 19.751 19.719 19.936 20.659 20.969 22.089 22.204 21.156 19.531 19.494 19.471 19.439 20.326 20.811 20.366 19.139 18.979 18.971 18.981 18.946 19.779 20.094 19.099 19.166 18.924 18.761 18.706 18.796 18.999 19.241 19.026 19.021 19.104 21.211 20.546 19.919 21.391 21.531 21.946 20.349 18.639 22.041 24.999 25.064 24.681 23.401 20.309 18.319 18.174 18.321 18.364 17.969 18.004 18.044 18.116 18.204 18.996 18.644 18.221 18.671 18.449 17.839
20.306 20.309 20.301 20.121 20.019 20.001 20.041 19.839 19.751 19.739 19.696 20.181 20.724 20.814 21.644 22.336 22.124 20.186 19.489 19.454 19.409 19.424 20.866 20.501 19.756 18.976 18.991 19.249 18.939 19.009 20.101 19.794 18.971 18.901 18.786 19.411 21.429 20.899 20.494 19.509 19.049 19.046 21.914 21.039 19.826 21.191 22.681 24.624 23.101 18.596 18.581 23.436 22.286 21.271 18.824 18.164 19.406 18.394 18.901 18.254 18.026 18.089 18.104 18.124 18.759 18.694 18.114 18.894 18.789 18.489 17.899
20.296 20.234 20.154 20.074 19.996 19.946 20.099 19.814 19.949 20.724 20.656 20.974 19.979 20.614 21.074 22.076 22.344 21.859 19.944 19.459 19.371 19.309 19.321 20.719 19.604 20.499 19.776 19.514 18.946 18.971 19.019 19.489 18.999 18.951 18.974 19.514 21.504 21.681 21.914 20.081 18.956 19.094 18.921 20.106 20.599 22.889 24.846 25.689 26.261 21.976 19.411 19.189 18.539 18.249 18.186 18.174 18.694 19.444 18.341 18.044 18.129 18.091 18.124 18.089 18.101 18.124 18.061 18.146 17.914 18.626 18.606
21.341 20.214 20.139 20.049 19.961 19.859 19.899 20.094 20.364 21.981 21.181 19.776 19.719 19.579 20.396 20.861 21.466 20.511 19.554 19.434 19.349 19.276 19.226 19.664 20.456 19.584 19.144 19.009 18.949 18.934 18.919 19.209 19.321 19.839 19.199 18.954 20.709 23.059 23.249 21.926 19.494 18.761 19.276 21.474 23.409 25.116 25.919 26.444 26.464 24.904 19.474 18.576 18.599 18.246 18.226 18.619 19.449 18.421 18.046 18.134 18.171 18.129 18.096 18.111 18.126 17.994 18.054 17.894 17.856 17.934 18.281
20.556 20.354 20.111 20.019 19.926 19.864 20.069 20.686 22.539 20.801 19.649 19.651 19.601 19.591 19.571 20.761 20.196 19.521 19.479 19.421 19.336 19.264 19.196 19.156 20.011 20.279 19.114 18.979 18.979 18.949 19.664 19.241 19.154 20.891 19.349 18.824 19.974 22.371 23.589 23.054 20.801 18.641 19.249 24.044 25.349 26.119 26.356 25.736 24.931 23.759 19.679 18.359 18.634 18.621 18.661 19.271 18.174 18.074 18.154 18.224 18.171 18.164 18.176 18.171 18.134 18.241 18.809 17.884 17.851 17.846 18.009
21.279 20.751 20.156 20.001 19.954 19.914 19.889 20.699 20.364 20.141 19.681 19.656 19.689 19.591 19.544 19.904 21.754 19.956 19.379 19.384 19.354 19.279 19.221 19.171 19.261 20.531 20.536 19.026 19.359 19.624 19.056 19.054 18.956 19.391 19.359 18.839 18.939 20.529 22.684 23.594 22.739 20.954 19.011 21.666 26.276 26.424 25.491 24.666 23.256 20.231 19.476 18.444 18.259 18.566 18.126 18.114 18.136 18.216 18.211 18.151 18.141 18.214 18.219 18.046 18.021 18.021 18.824 19.446 17.851 17.794 17.789
21.426 20.411 20.319 20.091 20.006 20.246 20.346 19.901 19.791 19.751 19.769 19.841 19.846 19.629 19.591 19.591 21.821 21.576 19.449 19.321 19.311 19.251 19.201 19.161 19.616 20.159 21.204 20.614 19.884 19.171 19.211 18.956 18.966 19.131 20.116 19.156 18.844 19.056 21.374 22.994 23.359 21.179 19.414 19.239 21.894 25.256 24.216 22.199 19.831 18.346 18.344 18.411 18.251 18.104 18.134 18.199 18.199 18.246 18.189 18.201 18.229 18.259 18.269 17.954 17.934 17.954 18.119 19.369 17.931 17.839 21.199
20.476 20.386 20.384 20.201 20.074 20.059 19.891 19.844 19.819 19.861 19.931 19.919 19.746 19.674 19.616 19.649 21.361 23.884 21.901 19.576 19.271 19.186 19.149 19.129 19.109 19.139 19.724 22.356 22.201 20.126 19.286 19.086 19.174 18.979 19.071 19.619 19.094 18.904 19.671 22.114 23.259 22.224 19.629 19.254 19.049 22.976 20.534 18.596 18.481 18.339 18.234 18.349 18.564 18.154 18.214 18.264 18.276 18.219 18.229 18.294 18.356 18.316 18.024 17.959 17.929 17.931 17.919 17.801 17.756 21.256 23.856
20.581 20.421 20.451 21.036 21.536 19.979 20.036 19.884 19.854 19.806 19.869 19.759 19.751 19.731 19.666 20.171 20.226 20.756 22.484 20.679 19.259 19.616 19.291 19.119 19.109 19.131 19.186 21.431 23.969 20.759 19.021 19.056 19.164 19.016 20.391 22.701 19.016 19.726 21.811 22.934 23.864 23.484 21.399 18.926 18.534 18.729 18.646 18.494 18.476 18.554 18.279 19.579 18.789 18.274 18.289 18.291 18.214 18.189 18.296 18.564 18.966 18.199 18.036 17.996 17.941 17.899 17.896 17.946 17.821 20.501 23.719
20.986 20.844 21.774 22.216 21.309 21.334 19.894 19.954 20.076 19.804 19.709 19.676 19.816 19.704 20.631 20.301 19.791 19.484 21.274 22.056 20.546 21.296 19.724 19.114 19.094 19.126 19.129 19.601 20.516 21.366 19.529 19.054 19.094 20.189 25.484 25.364 22.019 19.021 21.039 22.904 23.896 23.441 22.196 20.164 18.624 19.514 18.821 18.516 18.566 18.744 18.401 18.729 18.289 18.314 18.314 18.261 18.276 18.244 18.264 18.321 18.416 18.144 18.061 18.016 17.986 17.921 18.254 18.109 18.046 17.904 21.159
21.679 22.151 22.239 21.039 20.481 20.566 20.086 19.911 19.869 19.831 19.711 19.729 19.971 20.509 19.854 19.581 19.561 19.819 20.144 21.684 21.571 20.761 21.501 20.891 19.826 19.109 19.119 19.119 19.156 20.416 21.156 19.094 20.969 24.256 25.994 26.099 24.996 20.504 19.044 21.711 22.776 22.261 20.104 18.656 18.631 18.621 18.499 18.374 18.746 19.234 18.454 18.336 18.344 18.319 18.281 18.306 18.284 18.209 18.864 18.399 18.176 18.351 18.149 18.074 17.944 18.054 20.389 22.974 22.334 18.194 18.809
22.271 21.709 20.691 20.414 20.399 20.211 20.481 20.816 19.911 19.866 19.791 20.054 21.251 20.089 19.589 19.584 19.536 19.844 20.279 20.276 22.194 21.534 21.964 22.601 21.759 19.314 19.094 19.646 20.804 21.699 20.969 21.861 22.221 22.874 24.926 26.056 25.919 24.591 19.379 19.726 21.306 19.726 18.776 18.624 18.634 18.634 18.456 18.229 18.384 18.374 18.349 18.329 18.324 18.321 18.364 18.509 18.379 18.271 18.424 18.379 18.131 18.634 18.454 18.159 18.439 20.094 23.706 25.039 24.546 20.114 17.931
21.371 20.466 20.594 20.516 20.459 20.269 21.991 23.499 20.344 19.934 20.044 20.766 19.721 19.606 19.576 19.559 19.539 19.496 19.486 19.441 21.281 22.614 20.814 22.359 22.554 20.701 19.161 21.281 20.856 22.891 22.739 20.586 22.221 22.201 23.069 25.154 26.274 25.681 23.544 18.941 19.229 18.636 18.604 18.596 18.599 18.829 18.949 18.296 18.334 18.359 18.366 18.336 18.334 18.369 18.719 18.404 18.416 18.169 18.184 18.479 19.029 19.779 19.799 18.531 21.316 24.431 25.449 25.616 24.684 23.204 18.551
20.609 20.666 20.566 20.501 20.369 20.219 20.481 24.289 22.129 20.086 20.031 20.996 19.846 19.629 19.606 19.561 19.534 19.516 19.484 19.424 19.509 20.909 21.379 20.986 21.271 19.319 19.056 20.479 24.144 26.136 25.546 22.314 20.481 21.641 22.356 23.604 25.401 26.271 23.539 19.521 19.669 18.616 18.599 18.569 18.504 18.854 18.471 18.376 18.391 18.589 18.934 18.356 18.426 18.941 18.936 18.759 18.244 18.219 18.166 18.161 18.279 19.784 20.481 23.694 24.819 25.581 25.311 24.304 22.434 19.629 18.574
20.539 20.529 20.501 20.346 20.146 20.664 20.494 20.499 20.951 20.899 20.139 19.999 19.809 19.666 19.599 19.574 19.541 19.536 19.494 19.456 19.421 19.886 21.339 21.404 19.356 19.031 19.026 19.539 22.949 26.004 26.309 25.306 21.846 21.046 21.861 21.894 23.919 22.629 20.054 19.284 19.854 19.136 18.606 18.991 19.179 18.549 18.431 18.419 18.509 19.416 18.771 18.606 19.939 19.509 19.459 18.449 18.281 18.231 18.189 18.124 18.281 19.471 23.974 25.184 25.684 24.941 23.774 21.354 18.481 17.886 17.904
20.304 20.439 20.504 21.036 21.204 20.429 20.129 20.119 20.246 21.224 20.741 20.219 19.944 19.866 19.634 19.576 19.551 19.509 19.481 19.466 19.426 19.721 21.969 23.354 20.559 19.124 18.991 19.884 23.754 25.759 27.426 26.316 24.714 20.171 21.071 19.879 19.021 18.771 19.321 19.314 18.731 18.779 18.634 19.091 18.571 18.484 18.471 18.439 18.409 18.514 18.584 19.639 19.134 18.694 19.446 18.934 18.259 18.296 19.234 18.201 18.289 19.379 23.354 24.819 24.549 23.241 21.376 19.589 18.149 17.889 17.801
21.734 20.366 20.676 22.119 21.104 20.539 20.259 20.286 21.266 23.119 22.016 21.339 20.579 20.019 19.789 19.566 19.564 19.521 19.466 19.831 22.989 23.566 23.881 21.431 19.991 19.804 19.021 19.374 24.944 26.349 27.481 26.866 25.976 23.576 20.476 19.681 19.506 18.754 19.454 20.306 19.354 18.421 18.439 18.479 18.486 18.464 18.441 18.449 18.469 18.726 19.629 19.749 18.436 18.804 18.704 19.191 18.351 18.266 19.324 19.749 21.421 19.284 18.669 23.581 22.409 20.989 20.676 20.399 18.589 17.844 17.829
22.116 21.154 20.279 21.004 20.636 20.124 20.039 20.659 20.719 21.516 21.584 21.894 20.584 20.104 19.689 19.581 19.549 19.514 19.849 20.139 24.491 25.109 22.349 19.966 20.601 22.779 20.339 19.429 20.471 25.554 25.264 25.691 26.511 24.961 20.801 20.394 19.586 18.674 19.401 19.376 18.624 18.471 18.474 18.534 18.559 18.556 18.446 18.476 18.494 19.229 19.351 18.744 18.446 18.361 18.341 18.796 18.816 18.429 22.374 24.609 24.414 20.014 18.801 19.454 20.419 20.609 19.306 18.699 18.844 17.846 17.836
20.589 22.474 20.939 20.184 20.144 20.109 20.044 20.321 20.536 20.546 21.186 21.714 21.136 20.414 20.434 19.921 19.601 20.404 22.986 25.229 25.639 24.786 19.721 19.319 21.104 22.669 21.734 19.546 19.716 22.491 23.124 24.601 25.734 22.351 18.876 19.486 20.506 18.761 18.526 18.539 18.554 18.556 18.539 18.531 19.164 18.839 18.559 18.514 18.456 18.509 19.476 19.664 19.231 18.546 18.821 18.331 19.591 22.679 25.124 26.286 25.414 23.434 18.881 18.666 18.911 19.621 18.439 18.471 18.139 18.321 17.814
20.506 20.924 22.149 20.469 20.111 20.099 20.041 20.231 19.979 20.314 21.821 20.781 22.371 23.111 23.031 21.491 20.244 20.571 24.779 22.751 22.094 22.441 19.839 19.354 19.331 19.574 20.641 22.046 19.549 18.921 19.316 19.449 21.869 19.289 18.924 19.956 20.399 18.676 18.581 18.611 18.596 18.631 18.659 18.754 18.731 18.609 18.959 18.819 18.451 18.919 19.311 19.404 18.749 19.034 19.511 21.589 23.634 25.501 25.989 25.531 24.264 22.066 19.769 20.186 19.054 18.084 18.031 18.264 17.929 18.074 18.149
20.521 20.731 21.286 21.769 20.359 20.076 20.044 20.006 19.914 19.919 21.869 21.354 21.124 21.324 22.791 22.876 20.676 20.074 21.429 21.101 19.474 19.546 19.411 19.364 19.336 19.309 19.941 22.556 22.194 18.891 18.899 18.869 18.826 19.016 19.959 20.469 19.104 18.626 18.626 18.749 18.886 18.824 19.201 18.804 18.614 19.291 19.694 18.496 18.454 18.439 18.901 18.631 19.301 18.861 22.219 24.829 25.826 25.836 24.924 23.719 21.864 19.264 18.289 20.154 19.974 18.386 18.736 17.961 17.939 17.944 18.036
22.381 22.156 21.164 21.601 21.964 20.071 20.049 20.036 20.014 19.896 20.134 22.621 22.571 20.979 21.604 22.169 19.926 20.249 19.579 19.521 20.264 21.296 20.109 19.366 19.331 19.299 20.406 23.756 23.694 19.986 18.886 18.869 18.899 19.949 19.969 18.856 18.676 18.656 18.801 19.974 19.359 18.651 18.619 18.611 18.556 19.879 21.614 18.869 18.471 18.454 18.954 18.394 18.636 19.874 23.351 25.499 25.869 24.514 22.541 20.541 21.036 19.736 18.149 18.509 19.731 19.401 20.179 18.601 17.941 17.944 17.964
22.681 22.654 21.189 20.544 22.346 21.821 20.096 20.029 19.981 20.054 22.286 21.449 23.029 22.614 22.821 24.069 20.544 19.899 19.741 20.134 21.451 23.184 22.904 20.199 19.329 19.299 19.289 20.599 21.139 21.174 19.441 18.854 19.429 19.556 18.724 18.669 18.664 18.641 18.679 18.949 18.674 18.656 18.651 18.591 18.496 19.161 20.686 19.119 18.519 18.474 18.651 18.624 18.341 18.424 19.939 24.359 23.929 21.464 18.909 18.801 19.431 18.244 18.124 18.099 18.226 18.916 20.074 19.416 18.014 17.944 17.911
21.869 21.544 20.326 20.336 20.991 23.051 20.949 20.061 20.201 22.046 23.416 23.786 21.254 21.899 21.629 23.649 22.911 19.626 19.771 20.024 24.394 25.049 24.924 23.606 19.481 19.326 19.314 19.274 19.339 20.441 20.984 19.179 18.779 18.751 18.761 18.729 18.666 18.704 18.771 18.746 18.684 18.651 18.571 18.551 18.506 18.621 18.931 18.499 18.721 18.501 18.509 19.136 19.939 20.024 18.761 20.214 20.481 18.511 18.404 18.254 18.249 18.139 18.146 18.164 18.159 19.026 20.334 20.051 18.201 17.901 17.894
20.424 20.306 20.296 20.264 20.229 21.259 22.209 20.179 20.991 24.526 26.021 26.026 20.304 19.826 19.661 20.509 20.934 19.576 20.724 23.686 25.046 25.696 25.761 25.346 21.984 19.309 19.786 21.261 19.224 19.871 21.561 19.984 18.781 18.774 18.729 18.716 18.741 18.794 18.866 18.826 18.796 18.604 18.534 18.544 18.524 18.491 18.466 18.486 19.454 18.706 18.554 23.429 24.766 23.129 18.786 18.491 18.609 18.306 18.266 18.229 18.189 18.236 18.206 18.206 18.141 18.134 20.136 21.349 19.029 17.869 17.874
20.509 20.399 20.341 20.219 20.206 20.594 21.629 20.821 22.769 24.396 26.009 22.684 19.849 19.774 19.644 19.594 20.619 20.841 20.794 24.064 25.411 25.746 25.211 23.684 20.901 19.311 23.726 24.786 22.349 21.124 21.186 19.321 18.874 18.801 18.736 18.746 18.806 18.834 18.841 18.764 18.736 18.636 18.579 18.556 18.534 18.494 18.471 18.459 19.556 19.604 22.881 25.484 26.171 24.971 21.639 18.724 18.891 18.801 18.249 18.191 18.164 18.281 19.454 18.899 18.719 18.319 18.504 18.451 18.026 17.926 17.811
20.531 20.486 20.674 20.429 20.199 20.311 21.104 21.274 21.019 21.214 22.094 20.689 19.829 19.781 19.664 19.594 19.986 21.621 19.864 21.979 25.636 24.931 23.139 20.801 19.319 19.326 21.871 25.864 22.961 21.091 19.856 18.936 18.911 18.859 18.799 18.831 18.874 18.826 18.976 18.909 18.741 18.784 18.589 18.551 18.534 18.519 18.489 19.811 21.836 24.626 25.929 26.239 25.564 24.314 21.594 19.399 20.864 20.549 19.046 18.561 18.134 18.249 19.536 20.084 18.726 18.181 18.204 18.086 18.146 18.169 17.986
20.541 20.509 20.476 21.144 20.469 20.161 21.619 22.416 21.549 20.894 20.221 21.174 19.956 19.739 19.771 19.904 19.609 19.851 20.611 19.914 21.821 21.609 20.119 19.396 19.584 20.454 21.116 21.106 21.631 19.404 18.999 18.951 18.889 19.891 18.864 18.866 18.846 18.844 19.046 18.989 18.751 19.509 18.904 18.564 18.571 18.521 19.224 24.061 25.371 26.194 25.929 24.926 23.489 20.366 18.756 19.951 20.946 20.829 20.886 19.464 18.151 18.156 18.591 19.459 18.584 18.336 18.144 18.114 18.099 18.174 18.009
20.544 20.504 20.481 20.729 20.664 20.729 20.306 21.829 22.269 20.574 22.176 22.869 20.971 19.706 20.934 21.656 20.134 19.456 19.531 19.659 19.399 19.414 19.771 19.459 19.606 20.234 19.966 20.144 19.479 19.009 18.999 18.941 21.631 23.401 22.724 18.841 18.779 18.774 18.771 18.766 18.726 19.039 19.766 18.861 18.631 18.574 20.901 24.886 26.019 25.571 24.484 23.276 20.774 18.359 18.291 18.996 21.126 20.401 19.761 20.866 20.119 18.436 18.316 18.911 19.001 19.111 18.256 18.129 18.049 18.016 18.184
