All_lidar/sz6486_DSM_2M.asc
ncols 500
nrows 500
xllcorner    464000
yllcorner    86000
cellsize     2
NODATA_value -9999
[rows 160 to 191 of 500, columns 288 to 359 of 500]
27.814 27.199 27.101 27.161 26.144 25.856 24.896 24.539 23.929 23.494 23.341 22.756 21.676 21.218 21.271 21.188 21.288 21.363 20.101 18.738 17.386 16.363 15.391 14.438 13.191 12.468 11.386 10.488 9.706 8.087 7.204 7.106 7.092 6.665 6.168 5.773 4.675 3.409 2.719 2.351 1.862 1.7 1.559 1.441 1.267 1.117 1.042 1.005 0.953 0.928 0.896 0.877 0.93 0.858 0.793 0.839 0.851 0.885 0.86 0.886 0.852 0.847 0.776 0.714 0.654 0.609 0.618 0.609 0.621 0.616 0.614 0.589
27.479 27.661 27.541 26.761 25.946 25.139 24.839 24.324 23.689 23.431 23.149 22.429 21.426 20.633 20.601 20.623 20.711 20.481 19.441 17.838 16.731 15.623 14.433 13.988 12.681 12.038 11.216 10.213 9.211 7.656 7.036 7.058 7.117 6.776 6.284 5.81 4.775 3.461 2.647 2.246 1.821 1.658 1.491 1.402 1.282 1.114 1.066 1.011 0.985 0.949 0.913 0.901 0.865 0.889 0.839 0.875 0.857 0.868 0.868 0.872 0.864 0.822 0.762 0.732 0.68 0.636 0.64 0.636 0.621 0.643 0.622 0.605
27.594 28.119 27.816 26.899 26.061 24.986 24.689 24.241 23.576 23.346 22.936 22.209 21.168 20.381 20.043 20.041 19.878 19.398 18.743 17.311 16.073 14.111 13.126 12.948 12.298 11.331 10.501 9.568 8.806 7.758 7.583 7.196 7.252 7.233 6.712 6.019 4.921 3.671 2.565 2.126 1.761 1.621 1.516 1.373 1.259 1.185 1.072 1.014 1.014 0.949 0.937 0.892 0.88 0.853 0.865 0.855 0.842 0.884 0.852 0.834 0.86 0.828 0.769 0.698 0.658 0.651 0.657 0.645 0.638 0.654 0.649 0.611
27.326 28.001 27.714 26.814 26.029 24.976 24.556 24.234 23.501 23.226 22.726 21.769 20.826 20.273 19.896 19.931 19.488 18.626 17.358 16.178 14.811 13.228 12.543 11.878 11.701 10.703 9.921 8.993 8.286 8.397 7.812 7.419 7.21 7.102 6.743 6.099 5.257 3.859 2.551 1.997 1.787 1.625 1.524 1.382 1.235 1.16 1.084 1.063 1.004 0.982 0.931 0.914 0.892 0.873 0.845 0.845 0.855 0.835 0.863 0.871 0.851 0.847 0.83 0.707 0.709 0.701 0.66 0.663 0.693 0.665 0.632 0.637
27.339 27.531 28.011 27.104 26.216 25.014 24.499 24.289 23.444 23.026 22.589 21.616 20.653 20.148 19.963 19.791 19.418 18.281 17.001 15.771 14.506 13.196 12.428 11.563 11.013 10.531 9.603 8.758 7.878 8.163 7.794 7.632 7.168 6.785 6.385 5.867 5.229 4.038 2.78 2.105 1.936 1.674 1.543 1.36 1.242 1.172 1.103 1.054 1.007 0.961 0.909 0.889 0.86 0.871 0.844 0.846 0.877 0.871 0.882 0.878 0.867 0.81 0.804 0.745 0.713 0.729 0.725 0.718 0.707 0.696 0.676 0.635
27.804 27.694 27.941 27.304 26.716 25.316 24.699 24.049 23.254 22.796 22.414 21.279 20.111 19.833 19.831 19.836 19.531 18.091 16.551 15.548 14.206 13.061 11.886 11.298 10.753 9.883 8.861 8.148 7.843 7.954 7.817 7.542 7.016 6.483 5.941 5.275 4.685 4.045 3.249 2.604 2.026 1.712 1.599 1.411 1.256 1.192 1.12 1.074 1.013 0.967 0.929 0.904 0.866 0.86 0.862 0.864 0.866 0.883 0.901 0.9 0.889 0.867 0.804 0.785 0.778 0.755 0.771 0.74 0.711 0.713 0.705 0.679
28.541 28.261 27.911 27.359 27.336 26.076 24.731 24.149 23.191 22.546 21.681 20.539 19.738 19.618 19.593 19.428 19.143 17.561 16.333 15.053 13.518 12.543 11.463 11.048 10.586 9.758 8.626 7.913 7.851 7.88 7.746 7.222 6.686 5.876 5.373 5.033 4.651 4.112 3.56 3.074 2.302 1.831 1.635 1.414 1.285 1.185 1.135 1.067 1.019 0.949 0.901 0.878 0.873 0.87 0.891 0.879 0.878 0.881 0.9 0.929 0.967 0.942 0.837 0.825 0.803 0.787 0.783 0.756 0.76 0.731 0.69 0.665
29.714 29.009 28.991 28.004 27.731 27.004 24.604 23.476 22.866 22.139 21.184 20.284 19.721 19.461 19.301 18.941 18.426 17.161 15.998 14.721 13.353 12.293 11.371 10.943 10.391 9.488 8.188 7.781 7.798 7.866 7.645 7.067 6.448 5.559 5.207 4.952 4.544 4.186 3.872 3.361 2.707 1.903 1.661 1.508 1.286 1.19 1.124 1.071 1.029 0.973 0.923 0.907 0.879 0.883 0.897 0.899 0.909 0.922 0.922 0.953 0.958 0.895 0.858 0.868 0.823 0.798 0.778 0.777 0.751 0.753 0.703 0.679
29.701 29.041 28.704 28.929 28.326 26.074 23.619 23.196 22.851 21.751 20.996 20.244 19.376 19.163 19.183 18.783 17.546 16.561 15.543 14.471 13.571 12.451 11.508 10.833 10.051 8.913 8.066 7.761 7.731 7.614 7.298 6.889 6.337 5.748 5.296 5.041 4.595 4.246 3.859 3.622 2.796 1.879 1.652 1.503 1.297 1.207 1.13 1.091 1.051 0.966 0.953 0.958 0.903 0.895 0.931 0.929 0.951 0.955 0.972 1.002 1.041 0.936 0.893 0.846 0.832 0.796 0.782 0.774 0.743 0.76 0.699 0.677
29.506 28.596 28.286 28.529 28.204 26.116 24.041 23.306 22.704 21.626 20.554 19.926 19.258 19.338 18.883 18.076 16.798 15.656 14.471 13.213 12.781 12.443 11.888 10.673 9.528 8.398 8.023 7.786 7.598 7.362 7.218 6.995 6.351 5.997 5.555 5.182 4.692 4.218 3.927 3.814 3.411 2.235 1.7 1.507 1.309 1.181 1.147 1.077 1.033 0.997 0.962 0.917 0.928 0.923 0.968 0.994 0.992 0.999 0.966 1.093 1.004 0.923 0.898 0.861 0.824 0.79 0.781 0.769 0.727 0.692 0.711 0.676
29.581 29.129 28.286 27.961 27.716 26.831 24.061 23.141 22.229 21.136 20.084 19.409 19.206 18.771 17.921 17.036 16.103 14.748 13.326 12.503 12.018 11.263 10.921 10.221 9.001 8.198 8.043 7.891 7.726 7.549 7.397 7.266 6.826 6.14 5.765 5.24 4.892 4.231 4.365 4.719 4.065 2.297 1.74 1.513 1.332 1.193 1.134 1.083 1.022 0.997 0.994 0.941 0.972 0.965 1.026 1.018 1.019 1.014 1.016 1.071 0.973 0.912 0.866 0.868 0.82 0.807 0.78 0.769 0.728 0.708 0.688 0.667
29.429 28.886 28.036 27.711 26.984 25.749 23.799 23.094 22.141 20.894 19.959 19.184 19.061 18.323 16.926 15.786 14.641 13.608 12.681 11.911 11.171 10.513 10.313 9.673 8.808 8.271 8.036 7.911 7.961 7.926 7.861 7.494 6.871 6.516 6.085 5.681 5.294 5.231 4.533 4.29 2.825 1.943 1.718 1.522 1.327 1.199 1.126 1.08 1.038 0.989 0.943 0.9 0.928 1.06 1.032 1.052 0.995 0.988 1.038 0.964 0.944 0.916 0.889 0.863 0.835 0.794 0.773 0.736 0.755 0.722 0.673 0.669
28.341 27.804 27.936 28.329 26.916 24.859 23.796 23.036 22.026 20.859 19.761 18.826 18.676 17.493 16.258 14.913 13.646 12.753 12.221 11.576 11.021 10.808 10.396 9.776 9.043 8.503 8.013 8.018 8.111 8.323 8.655 8.037 6.97 6.749 6.349 5.65 5.325 5.347 5.046 4.238 2.32 1.81 1.693 1.552 1.334 1.248 1.129 1.078 1.04 0.98 0.936 0.919 0.951 1.083 1.044 1.018 1.013 0.988 0.991 0.953 0.933 0.904 0.89 0.871 0.811 0.774 0.749 0.735 0.722 0.715 0.686 0.644
27.764 28.076 27.551 27.276 27.034 23.849 23.324 22.834 21.996 20.991 19.951 18.744 17.961 16.926 15.621 14.103 13.313 12.698 12.251 11.521 11.196 10.986 10.238 9.701 9.073 8.633 8.083 8.133 8.311 8.456 9.134 8.116 7.381 6.802 7.127 5.789 4.926 4.751 4.35 3.407 1.998 1.774 1.668 1.493 1.3 1.208 1.109 1.062 1.003 0.957 0.937 0.916 0.993 1.042 1.065 1.048 1 0.998 0.966 0.925 0.92 0.965 0.877 0.856 0.824 0.777 0.76 0.736 0.697 0.687 0.676 0.634
27.419 28.784 27.099 25.504 24.154 23.036 22.996 22.204 21.559 20.584 19.371 18.106 17.113 15.798 14.596 13.608 13.118 12.486 12.036 11.468 11.173 10.663 9.848 9.476 8.986 8.623 8.343 8.371 8.311 8.718 9.193 8.553 7.987 7.167 6.623 5.412 4.943 4.685 3.943 2.535 1.88 1.718 1.634 1.466 1.285 1.185 1.095 1.053 1.012 0.983 0.987 0.983 1.028 1.06 1.044 1.002 0.966 1.035 1.014 0.939 0.933 0.861 0.879 0.855 0.83 0.793 0.777 0.738 0.697 0.687 0.652 0.636
27.309 25.676 24.536 23.694 22.906 22.366 22.109 20.931 20.306 19.816 18.926 17.336 16.088 14.971 13.851 13.348 12.741 12.011 11.438 11.196 10.953 10.238 9.661 9.553 9.136 8.741 8.436 8.898 9.056 9.513 8.422 8.022 7.627 7.347 6.442 5.534 5.124 4.928 4.046 2.146 1.817 1.671 1.618 1.466 1.29 1.184 1.094 1.032 0.981 0.977 1.009 1.047 1.041 1.051 1.096 1.074 1.033 0.939 0.946 0.929 0.91 0.89 0.853 0.813 0.801 0.786 0.754 0.717 0.693 0.697 0.66 0.647
26.171 24.241 23.666 22.989 22.131 21.216 20.399 19.949 19.631 18.809 18.056 16.894 15.116 14.033 13.186 12.588 11.926 11.363 10.961 10.698 10.343 9.878 9.576 9.543 9.121 8.706 9.028 9.591 9.686 9.748 8.026 7.389 6.909 6.66 6.07 5.567 5.258 4.94 4.13 2.056 1.794 1.664 1.593 1.468 1.325 1.179 1.119 1.044 1.039 1.034 1.097 1.048 1.103 1.127 1.041 0.997 0.918 0.904 0.926 0.952 0.927 0.894 0.831 0.803 0.791 0.754 0.738 0.705 0.706 0.688 0.652 0.634
25.834 23.994 22.869 22.144 20.966 20.099 19.859 19.399 18.404 17.519 17.024 16.236 14.073 13.293 12.696 11.878 11.343 10.916 10.633 10.183 9.863 9.606 9.213 8.866 8.683 8.978 9.208 9.448 9.429 8.996 7.996 7.226 6.712 5.947 5.411 5.016 4.684 4.264 3.254 1.985 1.746 1.68 1.57 1.471 1.313 1.239 1.145 1.112 1.129 1.091 1.068 1.065 1.075 1.048 1.02 0.972 0.925 0.904 0.931 0.97 0.915 0.867 0.853 0.806 0.76 0.752 0.743 0.684 0.698 0.66 0.631 0.589
24.884 23.591 22.606 21.324 20.254 19.666 19.216 18.404 17.334 16.774 15.941 14.929 13.606 13.111 12.226 11.213 10.691 10.568 10.096 9.646 9.378 9.168 8.786 8.671 8.733 9.338 8.961 9.546 8.279 8.316 7.819 6.886 6.311 5.7 5.015 4.481 4.522 3.967 2.642 1.911 1.727 1.696 1.634 1.482 1.325 1.229 1.18 1.175 1.103 1.095 1.08 1.091 1.025 1.032 1 0.949 0.917 0.893 0.911 0.957 0.92 0.862 0.828 0.802 0.807 0.747 0.719 0.676 0.69 0.649 0.618 0.555
23.621 23.216 22.119 20.941 20.059 19.449 18.164 17.151 16.499 15.644 14.741 14.006 13.431 12.821 11.723 10.966 10.513 10.233 9.806 9.373 8.958 8.821 8.893 9.311 9.551 9.121 9.001 10.293 8.091 7.323 6.933 6.351 5.936 5.412 4.528 4.22 4.191 3.365 2.356 1.896 1.752 1.772 1.623 1.39 1.293 1.175 1.148 1.114 1.113 1.084 1.085 1.067 1.051 1.028 0.995 0.971 0.912 0.916 0.901 0.929 0.9 0.863 0.833 0.811 0.786 0.723 0.716 0.679 0.662 0.627 0.591 0.556
22.826 22.096 21.394 20.731 19.926 18.839 17.751 16.351 15.214 14.286 14.111 13.419 12.953 12.208 11.216 10.728 10.253 9.831 9.406 9.108 8.898 8.961 9.413 9.618 9.756 9.106 8.993 9.073 7.669 6.703 6.574 6.554 5.825 4.721 4.053 3.862 3.618 2.526 2.02 1.832 1.751 1.697 1.534 1.279 1.233 1.159 1.155 1.106 1.068 1.046 1.056 1.054 1.031 1.031 0.977 1.026 0.952 0.886 0.9 0.889 0.87 0.87 0.821 0.822 0.785 0.726 0.698 0.662 0.677 0.621 0.605 0.582
21.826 21.304 21.339 20.661 19.486 18.341 17.481 16.376 14.794 13.461 13.329 12.979 12.341 11.513 10.918 10.481 10.036 9.541 9.248 8.928 8.971 9.221 9.598 9.806 9.283 8.773 8.043 7.887 7.037 6.633 6.633 6.616 5.75 4.211 3.664 3.559 2.606 2.065 1.942 1.776 1.814 1.657 1.468 1.282 1.179 1.185 1.122 1.103 1.059 1.028 1.066 1.055 1.075 0.997 0.98 0.978 0.937 0.894 0.887 0.886 0.847 0.867 0.836 0.805 0.79 0.744 0.744 0.715 0.695 0.65 0.629 0.611
20.639 20.639 20.756 20.511 19.211 17.741 16.589 16.009 14.566 13.261 12.666 12.259 11.788 11.296 10.806 10.166 9.421 9.233 9.221 9.043 9.256 9.333 10.081 9.678 9.096 8.533 8.071 7.62 6.474 6.63 6.548 6.233 5.226 3.668 3.347 2.79 2.028 1.851 1.802 1.75 1.609 1.526 1.327 1.202 1.16 1.143 1.116 1.108 1.052 1.043 1.032 1.038 1.042 1.03 1.014 0.949 0.895 0.912 0.883 0.901 0.849 0.812 0.834 0.803 0.77 0.75 0.726 0.701 0.668 0.646 0.614 0.608
20.371 20.276 19.989 19.539 18.389 17.026 15.619 14.894 13.899 13.081 12.196 11.841 11.418 11.051 10.606 9.683 9.191 9.241 9.128 9.658 9.521 9.693 9.951 9.711 8.923 7.948 8.039 6.711 6.159 6.28 6.147 5.305 4.217 3.012 2.521 2.104 1.822 1.749 1.709 1.656 1.571 1.463 1.369 1.201 1.142 1.116 1.107 1.024 1.046 1.059 1.052 1.037 1.083 1.064 1.012 0.968 0.909 0.904 0.886 0.85 0.814 0.809 0.825 0.774 0.778 0.763 0.713 0.697 0.657 0.633 0.696 0.647
20.291 19.849 18.871 17.984 17.241 15.941 14.716 13.861 13.021 11.964 11.329 11.271 10.878 10.571 9.961 9.356 9.296 9.708 9.556 9.841 9.413 10.111 10.253 10.118 8.313 7.846 7.533 6.452 6.023 5.9 5.691 4.698 3.147 2.459 2.1 1.879 1.799 1.681 1.643 1.542 1.442 1.348 1.268 1.212 1.113 1.075 1.08 1.051 1.054 1.039 1.038 1.109 1.026 0.991 0.985 0.961 0.913 0.891 0.863 0.852 0.846 0.82 0.83 0.803 0.765 0.728 0.701 0.707 0.676 0.676 0.714 0.625
19.996 18.664 17.596 16.861 15.749 14.836 13.996 13.006 12.036 11.066 10.584 10.374 10.281 9.976 9.703 9.341 9.261 9.478 9.553 9.871 9.518 9.678 10.213 9.613 8.461 7.263 6.653 6.57 6.078 5.5 4.734 3.318 2.406 2.068 1.884 1.78 1.707 1.702 1.584 1.45 1.38 1.265 1.168 1.133 1.094 1.069 1.011 0.998 0.985 1.053 1.039 0.991 0.975 0.988 0.946 0.924 0.894 0.861 0.884 0.85 0.822 0.838 0.803 0.791 0.77 0.736 0.704 0.703 0.656 0.613 0.6 0.57
18.251 16.751 15.676 15.121 14.446 13.621 13.089 12.096 11.236 10.561 10.001 9.641 9.641 9.588 9.478 9.436 9.253 9.318 9.431 9.428 8.971 9.346 9.386 9.168 7.733 7.228 6.766 6.416 5.905 4.929 3.42 2.407 2.039 1.89 1.763 1.706 1.657 1.568 1.485 1.379 1.309 1.178 1.134 1.094 1.044 1.033 1.01 1.024 0.968 0.964 0.996 1.007 0.972 0.974 0.968 0.95 0.919 0.903 0.861 0.846 0.841 0.808 0.804 0.777 0.729 0.707 0.68 0.67 0.64 0.619 0.584 0.571
16.429 14.934 14.196 13.634 13.364 12.911 12.164 11.374 10.636 9.874 9.399 9.319 9.438 9.398 9.303 9.396 9.208 9.228 9.346 9.098 9.116 8.586 8.901 8.136 7.959 6.555 6.196 5.786 5.036 3.704 2.425 1.996 1.892 1.783 1.709 1.663 1.633 1.522 1.419 1.35 1.267 1.133 1.088 1.066 1.072 1.023 1.017 1.011 0.982 0.939 0.925 0.951 0.962 0.948 0.938 0.926 0.931 0.88 0.845 0.895 0.818 0.791 0.779 0.743 0.727 0.708 0.689 0.676 0.634 0.61 0.573 0.528
14.824 14.016 13.506 13.251 13.069 12.469 11.546 10.891 9.901 9.246 9.156 9.146 9.143 9.318 9.393 9.283 9.176 9.023 8.911 9.003 8.561 8.016 7.668 7.901 8.247 6.455 6.345 4.968 3.131 2.282 2.02 1.847 1.767 1.713 1.712 1.675 1.592 1.477 1.336 1.256 1.15 1.123 1.066 1.041 1.037 1.014 1.018 0.963 0.97 0.935 0.922 0.942 0.95 0.948 0.927 0.894 0.897 0.87 0.836 0.837 0.787 0.774 0.753 0.744 0.729 0.704 0.677 0.666 0.622 0.591 0.547 0.555
13.884 13.591 13.159 12.734 12.251 11.616 10.834 10.104 9.376 9.049 9.064 9.056 9.276 9.396 9.221 9.186 9.041 8.833 8.583 8.703 8.148 7.346 7.588 7.49 7.014 6.354 4.984 2.863 2.179 1.965 1.838 1.795 1.762 1.752 1.685 1.576 1.533 1.462 1.315 1.247 1.135 1.135 1.085 1.039 0.988 0.976 0.973 0.978 0.99 1.02 0.978 0.958 0.953 0.931 0.915 0.878 0.908 0.876 0.86 0.851 0.8 0.761 0.748 0.717 0.79 0.69 0.647 0.61 0.614 0.596 0.576 0.541
13.559 13.289 12.511 11.839 11.251 10.764 10.316 9.599 9.186 9.049 9.041 9.079 9.078 9.428 9.736 9.111 8.776 8.686 8.216 7.956 7.526 6.988 6.93 6.934 6.082 4.553 2.931 2.187 1.927 1.795 1.796 1.771 1.724 1.676 1.611 1.469 1.441 1.38 1.259 1.232 1.137 1.123 1.096 1.043 0.995 0.958 0.945 0.954 0.934 0.952 0.995 0.967 0.929 0.916 0.908 0.896 0.879 0.857 0.905 0.848 0.762 0.744 0.758 0.701 0.684 0.667 0.628 0.594 0.586 0.578 0.537 0.548
13.159 12.419 11.676 11.166 10.694 10.376 10.094 9.651 9.264 9.109 9.289 9.884 9.036 9.093 9.131 8.803 8.526 8.218 8.013 7.423 7.006 6.953 6.361 6.086 4.938 3.1 2.169 1.915 1.794 1.78 1.744 1.716 1.657 1.661 1.588 1.499 1.418 1.314 1.243 1.201 1.12 1.125 1.104 1.081 0.941 0.926 0.93 0.94 0.95 0.94 0.986 0.986 0.961 0.91 0.899 0.891 0.867 0.837 0.891 0.819 0.776 0.717 0.727 0.713 0.685 0.674 0.651 0.617 0.572 0.55 0.572 0.519
