All_lidar/sz6489_DSM_2M.asc
ncols 500
nrows 500
xllcorner    464000
yllcorner    89000
cellsize     2
NODATA_value -9999
[rows 34 to 67 of 500, columns 308 to 384 of 500]
1.962 1.929 1.852 1.979 1.934 1.944 1.839 1.924 1.832 1.792 1.932 1.954 1.962 1.872 1.959 1.914 1.849 1.867 1.837 1.789 1.799 1.862 1.874 1.959 1.879 1.987 2.047 1.932 1.784 1.626 1.487 1.497 1.5 1.453 1.423 1.341 1.849 1.409 1.417 1.498 1.934 1.636 1.752 1.881 1.914 1.987 1.944 1.912 1.944 1.914 1.942 1.927 1.857 1.919 2.042 1.994 2.024 1.869 1.909 1.857 1.804 1.762 1.782 1.877 1.874 1.904 1.897 1.994 2.009 1.932 1.952 1.929 1.954 1.852 1.868 1.663 1.427
1.904 2.002 2.007 2.029 2.007 2.012 1.887 1.919 1.864 1.894 1.969 1.909 1.919 1.807 1.859 1.932 2.022 1.969 1.804 1.857 1.854 1.917 1.902 1.882 1.862 1.922 1.838 1.696 1.529 1.378 1.253 1.273 1.166 1.119 1.038 1.055 1.877 1.899 1.117 1.19 1.914 1.974 1.529 1.603 1.71 1.932 1.909 1.947 1.897 1.829 1.894 1.919 1.829 1.867 2.009 1.892 1.984 1.839 1.854 1.819 1.787 1.789 1.744 1.779 1.844 1.907 1.954 2.027 1.907 1.979 2.019 1.947 1.879 1.957 2.042 1.389 1.217
1.934 2.039 1.989 2.002 1.969 1.929 1.924 1.892 1.864 1.957 2.004 1.839 1.947 1.922 1.929 1.904 1.974 1.897 1.864 1.869 1.937 1.952 1.944 1.989 1.961 1.769 1.553 1.389 1.237 1.071 1.003 0.835 0.853 0.908 0.875 0.855 1.982 1.954 1.967 1.919 1.999 2.024 1.278 1.361 1.569 1.818 2.022 2.057 1.944 1.974 1.929 1.902 1.917 1.912 1.897 1.864 1.887 1.842 1.772 1.817 1.777 1.824 1.842 1.922 1.869 1.917 1.874 1.932 1.944 1.944 1.879 2.084 2.049 1.933 1.578 1.308 1.074
1.949 1.962 1.957 1.912 1.894 1.852 1.812 1.879 1.867 1.914 1.899 1.877 1.924 1.949 1.912 1.937 1.949 1.962 1.982 1.939 2.032 1.979 2.009 1.842 1.685 1.56 1.355 1.248 1.086 0.908 0.77 0.656 0.621 0.553 0.571 1.809 1.877 1.882 1.944 1.974 2.042 1.974 1.942 1.907 1.356 1.556 1.746 1.876 1.907 1.989 1.937 1.862 1.862 1.799 1.854 1.787 1.894 1.884 1.859 1.872 1.822 1.954 1.929 1.864 1.879 1.854 1.892 1.927 1.982 1.974 1.927 2.109 1.994 1.854 1.478 1.249 1.067
2.007 1.902 1.902 1.879 2.017 1.969 1.877 1.887 1.839 1.839 2.017 1.884 1.842 1.929 1.954 1.952 1.977 2.087 2.027 2.012 1.994 1.934 1.968 1.661 1.562 1.423 1.122 1.952 1.877 1.874 1.882 1.772 1.829 0.28 0.338 1.907 0.437 0.435 2.022 1.984 2.017 1.962 1.882 1.03 1.279 1.462 1.587 1.776 1.904 1.914 1.837 1.814 1.797 1.694 1.722 1.744 1.837 1.767 1.832 1.862 1.802 1.829 1.979 1.872 1.974 1.937 1.967 2.029 1.972 2.067 2.152 2.019 1.894 1.72 1.467 1.237 1.044
1.879 1.799 1.919 1.944 1.887 1.867 1.929 1.829 1.802 1.749 1.802 1.829 1.862 2.039 2.022 1.982 2.112 1.997 1.964 2.052 2.077 1.924 1.987 1.887 1.949 1.942 0.974 0.786 1.839 1.864 1.887 1.817 1.949 1.962 1.734 0.058 0.126 0.157 0.26 1.877 1.929 1.962 1.967 2.002 2.007 2.039 1.974 1.859 1.917 1.912 1.852 1.777 1.772 1.742 1.739 1.752 1.794 1.747 1.732 1.702 1.752 1.844 1.942 1.892 1.979 1.954 2.034 2.022 2.059 2.044 2.092 2.077 1.909 1.751 1.507 1.182 0.97
1.849 1.897 1.962 1.892 1.809 1.809 1.907 1.894 1.869 1.852 1.864 1.917 1.994 1.877 2.047 1.972 2.082 1.984 2.039 2.064 1.907 1.749 1.522 1.887 1.934 2.034 2.042 2.012 1.949 1.992 2.032 1.912 1.969 1.919 1.892 -0.186 -0.15 -0.115 0.032 1.877 1.934 1.939 1.892 1.929 1.902 1.909 1.924 1.892 1.882 1.768 1.814 1.764 1.739 1.734 1.842 1.924 1.877 1.852 1.732 1.817 1.817 1.834 1.837 1.847 1.929 1.919 1.919 1.927 1.957 2.002 2.054 2.017 1.889 1.647 1.454 1.235 0.984
1.884 1.872 1.919 1.849 1.874 1.857 1.899 1.839 1.864 1.869 1.917 1.959 2.077 1.989 1.989 1.942 2.042 1.914 1.944 2.069 1.954 1.944 2.007 1.987 1.959 1.994 2.042 2.054 1.962 1.997 1.949 1.909 1.929 1.889 1.854 1.924 -0.417 -0.361 1.969 1.937 1.947 1.934 1.897 1.874 1.932 1.942 1.004 1.904 1.395 1.577 1.889 1.804 1.824 1.809 1.882 1.824 1.897 1.994 1.987 1.857 1.769 1.842 1.912 1.872 1.967 2.022 2.017 1.924 1.989 1.984 1.992 1.969 1.959 1.713 1.473 1.211 1.032
1.862 1.839 1.899 1.914 1.904 1.977 1.882 1.982 1.874 1.949 1.919 1.997 1.919 1.907 1.984 1.987 1.919 1.929 2.009 2.004 2.044 2.002 1.902 2.014 1.937 2.042 2.094 2.009 2.074 1.999 1.959 1.934 2.032 1.909 1.782 1.902 1.904 1.869 2.004 1.917 1.887 1.962 2.014 1.932 1.882 1.842 1.904 1.834 1.388 1.578 1.834 1.929 1.847 1.904 1.862 1.869 1.899 1.904 1.934 1.839 1.867 1.882 1.874 1.809 2.009 2.022 1.932 1.977 1.947 2.029 1.997 1.939 1.999 1.808 1.546 1.323 1.063
1.789 1.897 1.894 1.892 1.879 1.999 1.974 2.029 1.897 1.969 1.907 1.864 1.829 1.867 1.872 1.829 1.884 2.019 2.109 2.032 1.979 2.002 1.994 1.947 1.929 2.092 2.074 2.064 2.077 2.059 1.959 1.854 1.879 1.844 1.867 1.847 1.912 1.899 1.899 -0.785 -0.607 1.859 1.854 1.857 0.189 0.566 0.814 0.962 1.264 1.486 1.798 1.994 1.914 1.862 1.787 1.769 1.764 1.859 1.952 1.957 1.929 1.884 1.827 1.899 1.899 1.979 1.994 1.952 1.997 1.997 2.099 1.944 2.007 1.889 1.588 1.427 1.105
1.912 1.957 1.957 1.934 1.939 1.984 1.992 2.079 1.949 1.959 1.837 1.844 1.859 1.897 1.929 1.979 2.002 2.172 2.104 2.109 1.979 1.964 1.979 1.912 2.052 2.009 1.992 1.939 2.014 1.889 1.949 1.844 1.857 1.822 1.884 1.914 -1.273 1.822 1.944 1.892 -0.886 -1.283 -1.116 -0.863 0.461 0.407 0.764 0.966 1.199 1.513 1.719 1.884 1.884 1.887 1.899 1.869 1.797 1.842 1.904 1.997 1.862 1.912 1.849 1.947 1.887 1.894 2.014 1.932 1.982 1.934 1.952 2.014 2.027 1.812 1.702 1.438 1.178
1.944 1.992 1.929 1.947 1.952 2.032 1.872 1.859 1.864 1.887 1.849 1.829 1.844 1.947 1.952 1.932 1.974 2.004 1.902 2.014 1.922 1.989 2.047 2.039 2.029 1.984 2.119 1.974 1.929 1.824 1.897 1.752 1.834 1.852 1.784 1.944 1.889 1.887 1.902 -1.281 1.964 -0.288 -1.162 0.199 -0.639 0.292 0.617 0.947 1.222 1.415 1.702 1.862 1.839 2.002 1.934 1.919 1.907 1.864 1.882 1.859 1.884 1.882 1.869 1.919 1.872 1.777 1.924 1.904 1.902 1.847 1.902 2.014 2.072 1.842 1.639 1.528 1.227
1.907 1.814 1.882 1.927 1.879 1.932 1.927 1.899 1.804 1.824 1.802 1.884 1.989 2.019 1.929 1.964 1.947 1.959 2.019 2.054 2.042 2.137 1.989 1.972 1.952 1.964 1.907 1.842 1.884 1.854 1.849 1.832 -1.555 1.892 2.022 2.012 1.999 -1.8 -1.476 -1.346 -1.021 -1.412 -1.226 -1.032 -0.706 0.335 0.662 0.941 1.138 1.163 1.653 1.912 1.954 1.907 1.902 1.914 1.914 1.854 1.912 1.794 1.852 1.834 1.787 1.879 1.769 1.797 1.854 1.844 1.839 1.884 1.864 1.959 2.007 1.991 1.806 1.604 1.855
1.839 1.849 1.857 1.844 1.919 1.892 1.887 1.794 1.892 1.844 1.847 1.894 1.827 1.959 2.029 1.824 2.047 2.047 2.042 2.049 2.117 2.047 0.955 2.107 1.974 1.902 1.867 1.912 1.947 1.932 2.009 -1.489 1.987 1.894 -9999 -9999 -2.173 -1.894 -1.476 -1.291 1.887 -0.858 -0.551 1.912 0.002 1.917 0.539 0.936 1.132 1.168 1.602 2.009 1.929 1.959 1.892 1.932 1.809 1.799 1.942 1.957 1.837 1.794 1.759 1.867 1.887 1.797 1.859 1.889 1.974 1.934 1.842 1.917 1.944 1.962 1.771 1.635 3.444
1.754 1.827 1.809 1.802 1.902 1.874 1.837 1.879 1.844 1.839 1.767 1.817 1.827 1.957 1.937 2.014 2.052 2.039 2.012 2.049 2.069 1.977 1.977 1.887 1.862 1.914 1.969 1.927 2.082 -1.009 1.992 -1.592 -1.921 -9999 -2.247 -2.188 -2.275 -1.852 -1.607 -1.359 -1.01 -0.83 -0.6 -0.182 0.091 0.44 0.65 0.906 0.704 1.172 1.634 1.879 1.814 1.817 1.819 1.892 1.847 1.892 1.944 1.874 1.814 1.827 1.832 1.872 1.802 1.887 1.894 1.942 1.899 2.004 1.904 1.939 1.912 1.939 1.871 1.711 3.781
1.737 1.869 1.847 2.019 1.952 1.894 1.829 1.804 1.884 1.834 1.829 1.717 1.774 1.882 1.897 1.992 2.059 1.909 2.019 1.792 1.462 1.989 1.964 0.514 2.029 1.992 2.162 2.024 -0.762 -1.119 2.072 -1.503 -1.871 -2.061 -2.186 -1.933 -1.818 -1.695 -1.425 -1.267 -0.97 -0.748 -0.448 -0.225 0.046 -0.321 0.04 0.378 0.677 1.115 1.651 1.912 1.924 1.862 1.909 1.962 1.912 1.944 1.972 1.912 1.869 1.954 1.847 1.832 1.822 1.937 1.892 1.982 1.879 1.964 1.899 1.939 1.909 1.964 1.902 1.841 4.461
1.794 1.857 1.822 1.864 1.897 1.862 1.829 1.877 1.852 1.872 1.832 1.862 1.887 1.934 1.952 2.004 1.989 1.982 2.077 1.984 2.029 1.959 0.883 0.698 0.387 2.084 -0.211 -0.482 -0.73 -1.001 -1.346 -1.529 -1.832 -1.945 -1.816 -1.749 -1.755 -1.745 -1.665 -1.581 -1.429 -1.256 -1.071 -0.848 -0.593 -0.3 0.095 0.454 0.9 1.223 1.675 1.962 1.919 1.889 1.932 1.879 1.764 1.819 1.839 1.944 2.007 1.832 1.812 1.794 1.889 1.997 1.857 1.769 1.924 1.877 1.867 1.882 1.872 1.949 1.957 1.932 7.556
1.902 1.927 1.867 1.889 1.927 1.927 1.977 1.957 1.864 1.892 1.867 1.867 1.874 2.004 2.049 2.004 2.094 2.117 1.952 1.762 1.547 1.271 0.967 0.664 -0.414 -0.769 -1.034 -1.265 -1.473 -0.866 -1.072 -1.656 -1.727 -1.745 -1.749 -1.713 -1.63 -1.586 -1.518 -1.456 -1.268 -1.11 -0.904 -0.668 -0.433 -0.117 0.262 0.635 0.997 1.402 1.688 1.904 1.964 1.959 1.904 1.844 1.759 1.759 1.757 1.784 1.879 1.867 1.789 1.847 1.902 2.009 1.902 1.969 1.917 1.909 1.842 1.837 1.897 1.917 1.834 2.094 7.723
1.927 1.947 1.927 1.809 1.884 1.979 1.949 1.907 1.812 1.922 1.979 1.937 1.894 2.027 1.959 1.917 1.979 1.997 1.974 1.843 1.667 1.242 0.421 0.148 -0.223 -0.602 -0.851 -1.128 -1.362 -1.436 -1.458 -1.516 -1.591 -1.599 -1.648 -1.57 -1.461 -1.41 -1.328 -1.273 -1.047 -0.878 -0.704 -0.447 -0.108 0.158 0.451 0.786 1.205 1.741 1.889 1.819 1.897 1.987 1.862 1.867 1.852 1.854 1.854 1.819 1.857 1.942 2.017 1.907 1.847 1.952 1.779 1.799 1.872 1.907 1.877 1.914 1.859 1.994 1.987 2.109 6.709
1.972 1.842 1.942 1.922 1.937 1.964 1.949 1.899 1.914 1.957 1.944 1.869 1.999 2.054 2.032 2.002 2.012 2.032 2.052 1.914 1.359 1.011 0.597 0.24 -0.002 -0.407 -0.669 -0.903 -1.194 -1.229 -1.259 -1.339 -1.411 -1.374 -1.41 -1.357 -1.3 -1.167 -1.147 -1.033 -0.848 -0.661 -0.474 -0.156 0.068 0.256 0.574 0.966 1.301 1.643 1.872 1.784 1.787 2.002 1.939 1.907 1.849 1.882 1.884 1.932 1.924 1.964 1.919 1.902 1.867 1.949 1.779 1.777 1.922 1.887 1.882 1.927 1.907 1.879 1.929 2.084 6.442
2.064 1.884 1.919 1.912 1.877 1.992 1.929 1.969 1.989 2.077 1.969 1.914 1.887 1.942 2.012 1.869 1.902 1.977 1.978 1.798 1.543 1.137 0.724 0.372 0.064 -0.231 -0.528 -0.776 -0.965 -1.042 -1.079 -1.138 -1.22 -1.149 -1.198 -1.174 -1.104 -0.996 -0.89 -0.795 -0.683 -0.486 -0.312 -0.078 0.179 0.476 0.755 1.122 1.462 1.735 1.894 1.829 1.817 1.867 1.917 1.959 1.917 1.914 1.809 1.927 1.927 1.887 1.937 1.804 1.882 1.937 1.999 1.929 1.892 1.894 1.857 1.934 1.927 1.887 1.869 2.044 6.862
1.84 1.824 1.889 1.957 1.864 1.939 1.934 1.917 1.977 2.062 1.924 1.827 1.887 1.822 1.939 1.832 1.879 1.75 1.639 1.493 1.322 1.128 0.87 0.561 0.258 -0.05 -0.262 -0.517 -0.686 -0.824 -0.858 -0.919 -0.986 -0.978 -1.008 -1.032 -0.915 -0.857 -0.683 -0.614 -0.462 -0.308 -0.094 0.122 0.39 0.669 0.889 1.338 1.591 1.763 1.877 1.884 1.847 1.787 1.882 1.959 1.939 1.934 1.912 1.914 1.937 1.999 1.909 1.937 1.959 1.982 1.929 1.937 1.897 2.012 1.932 1.934 2.037 1.877 1.999 2.642 7.777
1.702 1.861 1.812 1.829 1.964 1.929 1.922 1.987 1.979 1.947 1.959 1.862 1.812 1.744 1.817 1.743 1.565 1.533 1.499 1.255 1.118 1.001 0.755 0.485 0.359 0.18 -0.063 -0.246 -0.476 -0.608 -0.649 -0.717 -0.813 -0.823 -0.851 -0.857 -0.774 -0.653 -0.509 -0.398 -0.262 -0.075 0.104 0.273 0.587 0.828 1.156 1.631 1.663 1.807 1.829 1.877 1.927 1.852 1.907 1.914 2.012 1.902 1.877 1.919 1.919 2.142 1.937 1.957 1.924 1.972 1.859 1.812 1.994 1.894 1.879 1.912 1.889 1.839 2.262 3.022 7.667
1.256 1.639 2.004 1.864 1.88 1.852 1.687 1.691 1.538 1.709 1.612 1.646 1.763 1.662 1.818 1.659 1.434 1.385 1.202 0.972 0.934 0.878 0.651 0.382 0.217 0.155 0.014 -0.019 -0.257 -0.377 -0.474 -0.511 -0.573 -0.657 -0.687 -0.64 -0.541 -0.387 -0.242 -0.114 -0.051 0.118 0.298 0.467 0.824 1.079 1.372 1.708 1.832 1.894 1.919 1.894 1.944 1.849 1.824 1.902 2.019 1.962 1.887 1.954 1.849 1.957 1.884 1.924 1.859 1.924 1.939 1.872 1.962 1.944 2.027 1.927 1.964 1.889 1.957 2.117 6.474
0.97 1.29 1.674 1.699 1.666 1.612 1.539 1.445 1.206 1.317 1.467 1.48 1.529 1.551 1.591 1.475 1.339 1.1 0.954 0.77 0.702 0.611 0.46 0.235 0.14 0.027 -0.068 -0.05 0.469 0.602 0.46 -0.249 -0.31 -0.329 -0.355 0.359 -0.276 0.51 0.013 0.721 0.359 0.49 0.569 0.78 1.065 1.418 1.577 1.784 1.902 1.787 1.882 1.934 1.927 1.929 1.982 1.917 2.052 2.049 1.977 1.992 1.967 1.907 1.937 1.764 1.897 1.927 1.997 1.952 1.884 1.909 2.017 1.902 1.904 1.892 1.859 1.887 4.049
0.769 1.04 1.48 1.546 1.36 1.23 1.257 1.269 1.138 1.07 1.156 1.188 1.297 1.384 1.914 1.902 1.171 1.872 1.842 1.852 0.413 0.351 1.814 1.879 2.007 0.147 0.122 0.183 0.285 0.394 0.468 1.962 0.703 0.572 0.58 0.625 0.635 0.755 0.786 0.884 1.011 1.125 0.928 1.295 1.445 1.545 1.717 1.772 1.884 1.892 2.024 1.952 2.007 1.954 1.969 1.974 2.047 1.949 2.072 1.974 1.914 1.899 1.747 1.817 2.004 1.989 2.039 1.944 1.844 1.909 1.862 1.844 1.834 1.982 2.007 1.857 2.329
0.509 0.868 1.294 1.327 1.124 1.035 0.946 0.985 0.898 0.908 0.913 0.939 1.01 1.093 1.146 1.15 1.912 1.964 1.879 1.892 0.262 1.927 1.904 2.009 2.022 -0.135 -0.142 1.904 -0.045 1.844 1.979 1.954 1.912 0.735 1.917 0.903 0.93 1.018 1.048 1.13 1.205 1.324 1.897 1.892 1.633 1.637 1.722 1.749 1.744 1.837 2.019 1.989 1.912 1.924 1.937 1.977 1.959 1.864 1.922 2.012 1.909 1.919 1.877 1.842 2.004 2.009 2.004 1.932 1.927 1.894 1.902 1.909 2.012 1.934 1.902 1.854 1.939
0.255 0.604 0.957 1.904 0.899 0.826 0.697 0.672 0.59 0.687 0.558 0.616 0.658 0.793 1.889 0.965 0.808 1.977 1.859 1.857 1.787 1.859 -0.28 1.974 -0.351 -0.372 1.937 -0.406 -0.212 -0.102 0.146 2.059 0.466 0.58 0.84 1.046 1.192 1.349 1.363 1.972 1.879 1.814 1.837 1.797 1.406 1.657 1.534 1.624 1.682 1.693 1.775 1.775 1.667 1.603 1.621 1.648 1.713 1.733 1.738 1.838 1.975 1.992 1.977 1.907 1.987 1.922 1.744 1.927 1.912 1.809 1.884 1.892 1.929 1.899 1.894 1.869 1.749
1.909 0.909 0.948 0.743 0.571 0.597 0.461 0.463 0.438 1.939 0.477 0.386 0.403 0.542 0.655 0.847 0.593 0.416 1.847 -0.063 1.862 -0.336 1.842 -0.656 -0.762 -0.683 -0.647 -0.621 -0.469 2.029 1.957 2.137 0.378 2.039 0.75 0.937 1.072 1.205 1.947 1.969 1.879 1.036 1.082 1.099 1.219 1.24 1.297 1.412 1.539 1.51 1.414 1.315 1.248 1.436 1.503 1.382 1.495 1.454 1.456 1.582 1.661 1.753 1.919 1.974 1.984 1.977 1.751 1.737 1.684 1.799 1.755 1.681 1.691 1.7 1.775 1.853 1.747
0.565 0.805 0.713 0.635 0.407 0.411 0.309 0.207 0.172 0.114 0.093 0.185 0.176 0.34 0.37 0.611 0.48 0.185 0.01 -0.164 -0.379 -0.519 -0.682 1.749 -0.992 -0.923 -0.955 -0.956 -0.695 -0.59 -0.229 2.097 0.114 0.399 0.585 0.728 0.899 1.877 0.928 0.859 0.878 1.874 0.792 0.834 0.932 1 1.114 1.391 1.469 1.322 1.192 1.073 1.072 1.145 1.194 1.129 1.055 1.088 1.045 1.15 1.358 1.552 1.684 1.835 1.736 1.7 1.62 1.511 1.528 1.533 1.549 1.543 1.594 1.502 1.613 1.611 1.674
0.475 1.809 0.588 0.387 0.271 0.114 0.041 -0.085 -0.116 -0.162 -0.23 -0.156 0.026 0.067 0.19 0.334 0.244 0.047 -0.091 -0.387 -0.51 -0.671 -0.909 -1.092 -1.296 -1.204 -1.19 -1.139 -0.856 -0.686 -0.565 -0.246 -0.05 0.129 0.37 0.516 1.852 0.673 0.624 0.515 0.659 0.57 0.517 0.612 0.801 0.844 0.88 1.02 1.043 0.952 1.025 0.861 0.823 0.846 0.863 0.795 0.844 0.88 0.937 0.987 1.114 1.343 1.479 1.645 1.473 1.432 1.391 1.257 1.287 1.29 1.238 1.227 1.294 1.278 1.347 1.401 1.483
0.371 0.638 1.954 1.857 0.045 -0.099 -0.326 -0.426 -0.401 -0.437 -0.368 -0.319 -0.221 -0.09 -0.034 0.169 0.046 -0.112 -0.338 -0.488 -0.659 -0.853 -1.051 -1.36 -1.424 -1.576 -1.394 -1.27 -1.003 -0.872 -0.664 -0.42 -0.305 -0.046 0.257 0.422 0.619 0.453 0.404 0.383 0.374 0.417 0.404 0.46 0.476 0.58 0.646 0.748 0.805 0.726 0.673 0.623 0.643 0.596 0.606 0.541 0.568 0.59 0.685 0.814 0.932 1.037 1.194 1.566 1.332 1.131 1.114 1.012 0.971 1.083 1.028 1.023 0.965 1.094 1.185 1.286 1.243
0.318 0.421 0.244 0.125 -0.086 -0.295 -0.558 -0.597 -0.657 -0.729 -0.632 -0.62 -0.524 -0.355 -0.119 -0.175 -0.257 -0.414 -0.501 -0.596 -0.832 -1.06 -1.287 -1.488 -1.678 -1.71 -1.636 -1.387 -1.147 -0.95 -0.782 -0.672 -0.327 -0.126 0.091 0.379 0.261 0.131 0.203 0.14 0.194 0.131 0.094 0.099 0.215 0.329 0.356 0.562 0.548 1.932 0.382 0.36 0.399 0.434 0.401 0.362 0.343 0.442 0.49 0.584 0.711 0.751 0.962 1.299 1.113 0.923 0.709 0.653 0.68 0.692 0.638 0.721 0.754 0.856 1.023 1.065 0.953
0.371 1.977 1.897 -0.042 -0.349 -0.557 -0.713 -0.956 -0.959 -0.959 -0.936 -0.926 -0.691 -0.635 -0.375 -0.338 -0.5 -0.626 -0.751 -0.696 -0.852 -1.192 -1.478 -1.69 -1.694 -1.955 -1.759 -1.513 -1.375 -1.164 -0.897 -0.687 -0.371 -0.193 0.113 0.142 0.084 0.037 -0.043 -0.066 -0.043 -0.116 -0.172 -0.184 -0.114 0.043 0.179 0.4 0.331 0.169 0.143 0.144 0.127 0.135 0.172 0.135 0.154 0.151 0.185 0.301 0.484 0.533 0.789 1.024 0.832 0.661 0.504 0.483 0.423 0.414 0.357 0.379 0.466 0.671 0.677 0.861 0.82
