All_lidar/sz6488_DSM_2M.asc
ncols 500
nrows 500
xllcorner    464000
yllcorner    88000
cellsize     2
NODATA_value -9999
[rows 128 to 159 of 500, columns 146 to 218 of 500]
3.706 3.876 3.468 3.456 3.671 3.644 3.259 3.174 3.171 3.124 3.064 3.024 3.004 2.999 3.109 3.756 3.584 3.149 3.826 5.789 5.659 5.006 5.604 5.319 4.176 3.894 4.431 4.919 4.114 4.731 6.269 6.419 5.429 6.961 8.646 6.414 5.671 5.679 5.651 7.456 7.481 15.689 15.391 14.484 11.694 6.819 6.554 6.559 6.576 6.576 6.604 6.591 7.564 7.799 14.311 14.336 15.606 15.109 15.691 15.219 15.829 16.069 16.074 16.776 15.989 12.514 11.244 11.701 15.326 12.324 9.006 8.051 8.654
3.518 4.071 4.233 6.108 6.069 4.714 3.824 3.164 3.111 3.084 3.031 3.084 3.049 2.969 2.986 2.989 3.019 3.054 3.204 5.156 6.376 6.061 5.041 6.276 5.096 4.586 5.894 6.226 4.131 4.284 5.976 6.926 7.219 8.369 8.801 5.829 5.681 5.704 5.714 6.606 8.856 11.514 13.046 13.531 11.466 7.009 6.589 6.581 6.589 6.564 6.591 6.576 8.169 12.231 12.544 13.429 15.031 14.886 15.146 15.226 15.476 15.244 15.546 15.951 16.081 13.356 11.831 14.294 16.454 13.621 8.724 8.004 8.331
3.433 3.358 3.431 5.248 5.541 5.029 3.461 3.144 3.084 3.069 3.009 3.759 3.504 3.131 2.996 2.996 3.009 3.069 3.111 3.591 5.091 4.166 4.761 5.606 4.414 4.884 5.156 5.991 5.191 4.231 6.754 7.021 7.264 7.809 6.829 5.699 5.709 5.726 5.769 6.236 6.431 9.089 10.969 10.599 6.744 6.559 6.574 6.559 6.584 6.581 6.594 6.589 6.631 8.354 9.276 7.784 9.154 12.594 13.696 14.401 14.661 13.294 12.354 13.874 14.844 11.139 10.339 11.599 11.966 11.086 8.194 8.036 8.006
3.813 3.496 3.223 3.166 3.114 3.114 3.336 3.171 3.096 3.039 3.324 3.791 3.156 4.539 3.889 3.296 3.049 3.091 3.134 3.206 3.239 3.394 6.696 9.066 8.774 8.089 7.094 6.314 5.724 5.416 6.879 7.351 8.389 7.176 6.301 5.676 5.726 6.274 6.089 6.426 7.794 10.936 11.651 8.966 7.594 6.576 6.579 6.564 6.599 6.576 6.594 6.609 6.671 7.149 8.109 7.556 8.294 11.541 9.821 10.014 9.266 7.844 7.551 9.706 11.114 8.771 12.441 12.194 12.101 10.109 8.066 8.016 7.986
6.428 4.796 3.751 4.728 5.501 3.399 3.084 3.301 3.041 3.046 3.816 3.981 3.344 3.641 4.891 3.766 3.076 3.121 3.149 3.211 3.259 3.519 7.414 9.689 9.251 9.349 8.756 5.204 5.726 5.899 7.209 8.489 8.534 8.079 7.041 5.784 7.061 7.154 6.524 6.141 9.299 11.756 13.171 11.479 7.579 6.599 6.599 6.594 6.581 6.591 6.624 6.609 6.754 7.006 7.076 7.269 9.744 11.091 7.939 7.286 7.274 7.314 9.346 15.619 16.409 13.769 13.819 13.364 12.191 10.871 8.324 8.021 7.966
9.061 9.043 9.956 6.398 5.524 5.204 5.341 5.194 3.481 3.084 3.039 3.051 3.389 3.636 5.326 4.616 3.074 3.136 3.109 3.211 3.276 4.574 9.039 9.229 9.016 9.771 8.159 6.096 5.276 5.681 6.964 7.859 7.466 6.189 6.476 5.671 7.479 8.044 7.519 8.219 9.634 12.421 14.294 14.599 9.226 6.554 6.584 6.594 6.589 6.591 6.606 6.611 6.804 6.994 7.044 7.131 8.524 8.961 7.214 7.211 7.181 7.184 14.024 16.529 16.571 15.629 11.969 12.161 11.894 10.496 8.049 8.016 7.961
11.423 12.281 10.763 4.681 3.079 3.654 4.421 5.074 4.844 4.341 3.846 3.146 3.304 4.119 3.934 3.249 3.556 4.171 3.516 3.341 3.206 5.089 8.016 8.834 8.939 9.069 7.104 5.911 5.784 7.674 6.791 5.081 5.489 5.041 5.271 5.524 5.851 5.836 6.684 8.801 10.526 11.879 13.581 11.959 7.279 6.589 6.589 6.631 6.586 6.611 6.599 6.609 6.834 6.994 6.964 7.054 7.129 7.124 7.144 7.129 7.129 9.834 16.909 18.599 18.321 16.894 13.084 10.756 10.799 9.446 7.986 7.969 7.966
12.023 10.488 8.788 3.378 3.026 3.019 3.036 3.441 3.891 3.519 4.384 4.161 5.149 4.976 3.149 4.034 5.766 6.509 6.154 4.944 3.319 4.159 3.519 4.121 5.966 7.439 6.791 5.534 4.259 5.739 5.029 4.941 4.959 5.051 5.124 5.276 5.099 5.229 5.856 8.536 8.436 11.184 9.559 7.041 6.581 6.589 6.589 6.576 6.626 6.594 6.616 6.644 6.809 7.031 6.931 7.006 7.051 7.061 7.054 7.079 7.069 15.109 18.326 19.726 20.464 18.104 17.136 12.686 11.084 9.076 7.976 7.939 7.961
8.866 7.676 6.143 3.008 3.014 3.026 3.034 3.004 3.116 3.124 3.251 3.139 3.629 5.071 4.064 3.666 6.269 6.069 6.341 5.281 3.431 3.249 3.324 3.434 3.484 3.526 3.886 4.701 5.246 6.229 5.061 5.329 5.219 5.134 5.036 5.346 5.241 5.171 5.764 8.524 11.716 12.594 10.349 6.596 6.599 6.574 6.589 6.599 6.599 6.594 6.601 6.646 6.791 6.819 6.909 6.984 7.004 6.994 6.949 6.989 9.854 16.846 18.631 20.074 20.641 20.139 16.859 12.544 11.294 8.189 7.969 7.956 7.961
5.938 3.366 3.161 3.096 3.081 3.501 4.429 3.299 3.221 3.066 3.036 2.986 3.026 3.109 3.324 3.336 3.686 4.249 5.616 7.616 5.701 4.541 3.856 3.401 3.371 3.526 3.861 3.579 4.081 6.269 4.894 5.274 5.471 5.086 4.931 5.041 5.231 5.171 5.739 8.959 9.134 12.204 8.356 6.591 6.571 6.584 6.611 6.594 6.584 6.586 6.601 6.616 6.724 6.731 6.814 6.894 6.956 6.981 6.864 6.861 11.581 16.891 20.469 20.721 21.026 19.779 17.671 13.541 10.949 7.956 7.996 7.976 7.989
10.856 8.726 3.646 3.183 3.649 3.796 5.429 3.401 3.284 3.174 3.021 2.986 2.966 2.979 3.019 3.166 3.261 3.414 6.446 9.479 9.616 9.176 7.241 5.166 4.294 4.139 5.049 4.231 4.166 6.516 5.099 4.989 4.951 5.066 4.904 5.029 5.199 5.394 5.764 9.396 13.221 13.781 8.379 6.544 6.556 6.576 6.599 6.604 6.584 6.581 6.586 6.601 6.659 6.679 6.731 6.781 7.251 8.301 7.101 6.779 15.686 18.584 21.001 21.264 20.324 19.151 18.134 13.001 8.479 7.996 8.006 7.986 8.034
10.896 7.156 3.483 3.018 3.131 4.099 4.729 3.046 3.166 3.196 3.309 3.369 3.056 3.086 3.031 3.194 3.211 4.779 7.659 9.991 10.764 9.966 8.276 6.716 6.294 5.166 5.656 5.226 5.029 5.594 4.896 4.941 4.944 5.239 4.876 4.979 5.116 5.191 7.216 9.799 13.526 14.254 8.569 6.541 6.591 6.559 6.594 6.591 6.569 6.589 6.564 6.574 6.629 6.656 6.684 6.749 8.499 10.644 7.384 6.724 13.686 17.159 20.189 19.291 20.581 19.071 15.699 12.451 9.089 7.976 7.994 8.011 8.034
4.411 4.301 4.441 3.466 3.009 3.046 3.081 4.069 3.321 3.149 3.236 3.166 3.144 3.166 5.049 4.091 3.101 6.401 9.306 10.411 11.704 9.606 6.344 5.831 5.909 4.366 4.061 5.221 6.444 5.196 4.716 4.819 4.864 4.886 5.016 5.049 4.916 6.781 11.089 7.641 11.946 13.474 8.561 6.519 6.529 6.539 6.559 6.549 6.564 6.594 6.516 6.549 6.584 6.609 6.654 7.469 8.826 9.106 6.736 7.454 13.054 15.729 17.646 17.604 20.506 19.604 14.776 11.544 8.119 8.019 7.996 8.001 7.981
4.896 3.706 4.088 4.041 3.426 3.011 2.991 2.984 2.991 3.001 3.039 3.104 3.141 4.724 6.296 3.731 3.949 7.549 9.994 10.861 10.631 9.094 5.779 4.984 4.344 3.731 4.721 5.106 6.731 5.381 4.736 4.769 4.839 4.899 4.959 4.934 4.976 5.614 8.606 9.746 18.339 17.199 10.941 6.926 9.631 6.511 6.514 6.501 6.506 6.536 6.489 6.496 6.524 6.931 6.884 8.204 9.136 7.236 6.601 7.359 12.659 13.511 18.634 19.334 18.229 14.901 16.124 12.216 8.451 8.014 7.991 8.039 7.929
4.798 4.028 4.171 3.451 3.309 3.376 3.144 3.061 2.986 2.994 3.021 3.029 3.099 3.819 4.106 4.079 3.899 8.526 9.954 10.976 10.169 8.351 4.586 3.721 5.646 5.426 4.656 5.529 7.671 5.281 4.719 4.726 4.886 4.984 5.451 5.526 4.961 5.466 5.881 10.984 19.674 21.106 21.401 19.639 17.264 10.574 6.761 9.369 7.044 6.566 6.604 6.831 7.289 11.446 16.474 12.499 7.644 6.571 6.629 7.194 10.909 12.059 14.229 17.846 15.646 13.214 11.581 8.566 7.934 7.951 8.076 8.949 11.201
4.168 4.443 4.636 3.858 3.911 3.624 3.134 3.859 3.476 3.304 3.134 3.036 3.496 3.421 4.421 4.516 3.211 7.781 10.564 11.661 9.784 7.229 6.121 3.666 3.849 3.911 4.299 6.479 5.116 5.171 4.704 4.686 4.806 5.104 4.946 5.044 5.514 5.576 7.844 18.434 20.999 18.806 17.179 19.191 18.649 14.989 14.731 16.094 17.651 18.274 18.761 15.896 14.306 16.146 17.484 15.599 8.621 6.591 6.671 6.801 8.719 11.256 11.924 13.229 12.401 11.089 8.466 7.919 7.934 7.816 7.759 7.941 13.199
3.516 7.046 5.106 3.516 3.074 3.686 3.906 3.646 3.379 4.451 3.071 3.389 3.654 3.694 5.061 4.796 5.411 9.121 10.356 10.546 8.971 4.776 4.596 3.514 3.894 4.614 5.056 6.406 4.909 4.624 4.619 4.791 4.936 4.756 4.959 4.791 4.999 9.079 16.616 20.176 20.034 17.136 18.356 20.716 16.544 16.261 16.649 18.204 20.786 21.016 19.881 18.939 17.551 13.669 17.384 15.966 12.284 11.976 10.406 6.691 7.421 9.451 11.244 10.414 10.034 11.576 8.934 7.904 8.101 8.126 7.971 11.716 15.399
4.136 4.063 3.511 3.781 3.229 3.014 3.021 3.031 3.196 4.171 4.696 3.401 3.669 3.391 4.416 3.581 5.789 7.754 8.669 9.529 8.779 5.544 4.184 3.746 4.011 5.889 6.484 6.269 4.659 4.544 4.584 5.624 6.554 4.884 6.289 4.731 5.066 6.076 14.369 18.959 19.449 20.074 19.496 20.944 18.304 18.166 17.261 17.181 19.594 21.299 20.426 20.416 18.699 16.201 17.791 17.621 14.334 16.979 16.966 12.054 10.841 8.196 7.829 11.326 12.576 12.489 8.969 7.936 8.011 8.001 8.386 13.296 15.419
3.821 3.898 3.618 3.073 3.049 3.296 3.146 3.134 3.141 3.156 3.366 3.974 4.384 4.356 3.764 3.249 4.584 3.816 3.631 5.106 6.824 6.359 4.146 3.896 4.129 6.544 6.459 5.871 4.591 4.599 4.754 5.321 5.164 5.076 6.046 4.781 5.929 7.459 14.474 18.421 19.099 18.504 20.104 19.984 18.926 16.749 18.774 18.371 20.879 21.561 20.911 19.829 18.446 16.116 16.476 16.779 14.226 18.974 20.224 18.859 16.549 10.499 12.761 12.561 13.506 12.966 9.729 7.949 8.059 8.094 8.359 11.954 13.521
3.298 3.676 3.733 3.138 3.184 3.339 3.199 3.201 3.206 3.249 3.276 3.324 3.341 3.376 4.121 4.391 4.581 3.764 4.791 5.619 5.166 4.211 3.364 4.329 4.956 5.041 5.571 6.944 4.626 5.991 6.701 6.556 5.551 5.396 5.661 4.754 5.724 9.596 12.456 16.489 18.049 18.929 18.929 19.181 18.259 17.376 18.509 19.919 21.761 20.501 17.186 11.896 11.344 17.316 16.631 14.484 17.784 18.766 20.621 21.156 18.349 13.579 12.981 14.389 13.244 10.141 7.899 7.986 8.101 8.191 8.524 8.656 9.041
3.956 4.013 3.428 3.151 3.184 3.141 3.191 3.189 3.224 3.289 3.326 3.326 3.371 3.354 3.394 3.439 3.591 4.311 4.946 5.624 5.641 5.441 4.106 6.914 7.311 6.886 6.294 7.596 8.499 6.559 4.916 4.654 4.656 4.836 6.296 5.924 5.549 7.889 11.324 13.914 14.724 15.624 16.981 16.166 9.419 12.234 14.501 18.241 19.556 16.699 12.219 10.591 14.181 15.586 14.139 13.784 16.499 17.214 19.671 20.726 20.989 21.094 15.536 12.864 9.761 7.921 7.949 8.081 8.151 8.396 8.656 8.771 8.861
3.116 3.413 3.248 3.123 3.139 3.129 3.179 3.276 3.441 3.334 3.316 3.339 3.369 3.389 3.446 3.439 3.424 3.679 4.109 4.734 5.621 4.851 5.031 5.531 6.486 6.804 9.639 9.244 11.331 8.114 5.861 4.594 4.659 4.719 4.884 7.091 10.494 10.101 8.391 9.826 8.924 7.201 10.704 13.929 6.381 6.649 7.131 16.029 15.759 9.769 7.636 11.081 15.861 9.184 12.276 12.844 12.024 14.726 18.979 20.446 20.701 16.234 13.609 9.379 7.924 7.954 8.224 8.406 8.501 8.611 8.774 8.884 8.956
3.128 3.116 3.103 3.571 3.188 3.253 3.261 3.363 3.408 3.528 3.551 3.376 3.366 3.403 3.456 3.491 3.493 3.678 6.296 6.721 6.608 5.576 3.978 4.296 5.231 8.076 10.603 10.501 12.951 11.528 8.191 5.911 4.751 4.643 4.713 8.638 10.538 11.668 7.648 5.973 5.481 5.493 5.911 6.556 5.638 5.663 5.683 5.866 9.136 6.483 9.963 7.603 12.103 8.423 10.618 10.608 12.911 14.666 18.491 19.096 19.091 13.428 8.683 7.938 7.963 8.121 8.408 8.558 8.653 9.256 8.943 8.981 9.051
3.268 3.566 3.873 4.886 3.251 3.211 3.253 3.283 3.351 3.416 3.483 3.631 3.418 3.443 3.476 3.508 3.526 3.541 6.093 6.941 6.846 5.661 3.641 4.488 5.751 6.041 10.161 10.713 11.133 8.883 6.853 8.161 8.196 6.958 6.946 9.586 10.286 10.513 7.671 6.136 5.466 5.511 5.548 5.603 5.633 5.656 5.686 5.756 7.101 6.156 10.533 7.156 6.426 6.568 9.096 10.391 10.661 12.766 12.563 10.698 13.323 9.346 8.991 8.166 8.013 8.356 8.556 10.311 9.056 11.871 9.716 9.783 9.401
3.491 3.951 3.578 3.221 3.208 3.246 3.283 3.333 3.413 3.486 3.506 3.546 3.661 3.468 3.491 3.761 4.113 3.911 5.491 5.993 5.781 4.786 3.551 3.696 4.641 9.301 10.896 12.216 11.838 8.411 7.456 8.171 5.498 5.361 8.461 10.911 10.408 10.421 9.536 5.846 5.491 5.493 5.543 5.566 5.591 5.631 5.653 6.193 7.623 6.981 9.823 9.163 6.621 11.038 9.228 9.821 9.293 7.976 8.088 8.411 8.913 8.353 8.781 8.058 8.166 9.466 9.008 9.471 9.306 13.313 14.318 10.986 10.416
3.396 3.546 3.528 3.283 3.203 3.246 3.298 3.366 3.468 3.523 3.531 3.573 3.693 3.518 3.498 3.638 3.813 3.608 3.583 3.953 5.281 6.713 6.058 3.888 9.338 13.811 9.718 13.986 9.526 5.153 4.616 6.728 5.261 7.136 6.563 6.091 7.416 10.038 9.828 5.441 5.471 5.511 5.568 5.578 5.591 5.623 5.646 5.716 7.758 6.756 11.301 10.298 8.951 9.656 10.978 8.653 7.816 7.811 8.158 8.113 8.903 8.623 9.148 8.101 8.316 9.661 12.943 12.036 13.423 9.111 10.823 9.393 9.478
3.268 4.043 3.538 3.546 3.251 3.251 3.311 3.376 3.456 3.518 3.568 3.621 3.636 3.553 3.691 3.811 5.888 9.936 10.161 10.288 10.358 10.381 9.156 4.561 14.461 13.796 7.158 8.211 6.066 5.631 4.916 4.468 4.496 4.501 4.598 4.743 4.763 8.936 10.723 7.031 5.426 5.491 5.523 5.593 5.603 5.618 5.636 5.761 7.861 7.258 9.258 8.666 11.198 9.723 9.983 10.056 8.153 7.798 7.861 8.308 10.483 10.241 8.811 8.138 8.466 8.746 9.881 8.986 8.943 9.168 9.393 9.486 9.623
3.286 3.806 5.283 4.821 5.121 3.303 3.396 3.391 3.453 3.528 3.593 3.646 3.636 3.573 3.733 4.378 5.098 10.251 10.988 11.123 11.096 10.806 9.781 5.248 5.728 6.301 4.496 4.326 4.338 4.341 4.298 4.348 4.363 4.431 4.451 4.468 4.718 8.273 11.483 8.178 5.401 5.486 5.553 5.586 6.071 6.136 5.886 6.308 7.353 6.943 9.438 7.078 10.638 10.186 10.708 9.543 7.893 7.946 8.943 8.878 9.701 9.113 8.206 8.261 8.648 8.958 9.366 10.168 9.043 9.361 10.116 10.053 9.913
3.296 3.506 6.001 7.433 7.768 3.728 3.466 3.428 3.483 3.541 3.561 3.601 3.618 3.601 3.693 4.191 4.246 9.846 11.018 11.368 10.998 10.463 9.981 6.191 4.208 4.283 4.353 4.396 4.478 4.466 4.433 4.483 4.636 4.821 4.898 4.938 5.016 9.691 10.331 5.638 5.486 5.606 6.123 6.716 9.428 7.413 6.571 6.906 6.696 6.678 7.248 7.461 10.016 11.906 9.891 9.121 9.231 10.703 10.708 10.996 9.798 8.678 8.223 8.378 8.861 9.101 9.161 9.121 9.216 9.918 10.361 10.366 10.043
3.366 3.883 6.708 6.938 7.671 3.698 3.416 3.458 3.496 3.531 3.571 3.586 3.608 3.623 3.626 3.986 4.713 9.181 10.948 11.378 10.996 10.086 9.266 6.206 4.228 4.293 4.366 4.438 4.461 4.488 4.486 4.581 4.751 4.941 5.103 5.023 5.511 8.816 7.728 7.053 7.073 7.356 7.021 7.171 7.961 6.706 6.813 6.718 6.693 6.876 7.631 8.101 9.631 11.326 9.363 14.563 15.223 13.598 12.973 12.961 11.663 8.651 8.258 8.491 8.983 9.278 9.266 9.191 9.333 9.533 9.836 10.143 10.223
3.868 3.673 7.251 7.671 5.803 3.396 3.441 3.458 3.548 3.523 3.556 3.578 3.593 3.651 3.766 4.026 4.528 8.493 11.316 11.581 11.571 11.238 9.638 5.246 4.236 4.316 4.383 4.433 4.466 4.456 4.473 4.571 4.763 4.968 5.088 5.071 6.206 9.411 9.473 9.768 10.276 10.401 8.346 7.011 6.678 6.613 6.646 6.658 6.681 6.743 7.011 7.958 10.858 10.923 10.213 14.581 15.121 13.606 13.226 13.253 11.523 8.361 8.311 8.663 9.271 9.251 9.481 9.981 9.391 9.648 9.953 10.181 10.338
3.438 3.688 6.558 5.548 3.711 3.441 3.483 3.513 3.556 3.551 3.571 3.571 3.583 3.608 3.841 4.026 8.641 12.363 12.488 12.606 12.718 12.763 12.408 6.351 4.236 4.293 4.358 4.446 4.496 4.508 4.541 4.628 4.801 4.978 5.098 5.086 5.986 10.441 10.458 10.426 10.456 10.466 10.368 8.316 7.188 7.016 7.341 7.376 8.248 7.628 6.828 7.251 9.476 12.001 9.876 12.293 12.338 10.471 9.513 9.486 9.136 8.466 8.396 8.813 9.246 9.331 9.566 10.171 9.571 9.758 9.946 13.033 14.886
