All_lidar/sz6490_DSM_2M.asc
ncols 500
nrows 500
xllcorner    464000
yllcorner    90000
cellsize     2
NODATA_value -9999
[rows 462 to 494 of 500, columns 76 to 151 of 500]
1.845 1.83 1.832 1.845 1.852 1.82 1.855 1.83 1.835 1.85 1.827 1.872 1.865 1.837 1.805 1.855 1.882 1.93 1.905 1.87 1.87 1.875 1.88 1.92 1.917 1.962 1.935 1.905 1.885 1.93 1.892 1.937 1.912 1.892 1.927 1.88 1.88 1.907 1.877 1.885 1.92 1.922 1.92 1.927 1.932 1.905 1.885 1.932 1.887 1.907 1.882 1.877 1.822 1.807 1.82 1.805 1.827 1.775 1.815 1.785 1.78 1.8 1.802 1.797 1.777 1.8 1.782 1.865 1.81 1.832 1.862 1.875 1.925 1.935 1.962 1.955
1.852 1.822 1.852 1.817 1.847 1.902 1.917 1.87 1.875 1.915 1.86 1.842 1.857 1.88 1.832 1.842 1.895 1.892 1.87 1.835 1.795 1.83 1.872 1.91 1.93 1.892 1.882 1.867 1.867 1.832 1.827 1.902 1.895 1.887 1.847 1.807 1.917 1.917 1.897 1.892 1.895 1.912 1.917 1.902 1.917 1.877 1.867 1.847 1.857 1.87 1.832 1.81 1.77 1.795 1.78 1.787 1.775 1.762 1.777 1.767 1.782 1.802 1.827 1.822 1.877 1.817 1.82 1.835 1.867 1.867 1.85 1.877 1.92 1.927 1.937 1.912
1.865 1.84 1.817 1.812 1.892 1.862 1.895 1.905 1.862 1.87 1.835 1.852 1.815 1.815 1.82 1.817 1.837 1.882 1.85 1.82 1.827 1.832 1.937 1.91 1.92 1.87 1.837 1.827 1.84 1.82 1.827 1.86 1.837 1.82 1.81 1.827 1.84 1.795 1.87 1.852 1.837 1.85 1.867 1.872 1.862 1.842 1.852 1.845 1.852 1.837 1.837 1.807 1.8 1.752 1.78 1.787 1.77 1.805 1.857 1.807 1.827 1.845 1.81 1.85 1.907 1.85 1.85 1.845 1.862 1.9 1.915 1.935 1.955 1.93 1.93 1.892
1.807 1.8 1.79 1.83 1.85 1.877 1.902 1.89 1.862 1.855 1.87 1.875 1.835 1.847 1.87 1.815 1.817 1.82 1.845 1.865 1.85 1.867 1.867 1.922 1.895 1.86 1.87 1.82 1.842 1.85 1.805 1.837 1.83 1.777 1.85 1.865 1.805 1.86 1.882 1.867 1.83 1.877 1.912 1.872 1.862 1.84 1.857 1.865 1.87 1.832 1.845 1.822 1.82 1.835 1.815 1.84 1.88 1.84 1.835 1.81 1.832 1.907 1.887 1.905 1.865 1.857 1.81 1.857 1.895 1.92 1.872 1.872 1.855 1.867 1.855 1.867
1.81 1.8 1.857 1.862 1.865 1.85 1.83 1.842 1.867 1.887 1.805 1.855 1.797 1.822 1.855 1.81 1.817 1.857 1.892 1.88 1.87 1.862 1.867 1.892 1.86 1.847 1.877 1.852 1.822 1.825 1.827 1.805 1.882 1.812 1.842 1.81 1.81 1.837 1.815 1.837 1.862 1.915 1.87 1.875 1.85 1.865 1.86 1.86 1.865 1.822 1.852 1.857 1.91 1.905 1.867 1.855 1.845 1.86 1.867 1.857 1.867 1.895 1.865 1.867 1.852 1.855 1.897 1.837 1.827 1.795 1.832 1.847 1.817 1.817 1.86 1.872
1.867 1.89 1.895 1.922 1.892 1.882 1.875 1.867 1.89 1.902 1.87 1.797 1.81 1.795 1.825 1.817 1.822 1.82 1.84 1.895 1.87 1.855 1.827 1.832 1.855 1.917 1.922 1.902 1.84 1.822 1.815 1.797 1.852 1.847 1.85 1.795 1.822 1.855 1.877 1.832 1.817 1.865 1.867 1.895 1.915 1.835 1.897 1.847 1.817 1.837 1.912 1.912 1.905 1.89 1.857 1.867 1.855 1.847 1.842 1.88 1.915 1.905 1.852 1.865 1.927 1.87 1.85 1.875 1.855 1.825 1.852 1.805 1.8 1.797 1.832 1.837
1.897 1.915 1.9 1.87 1.875 1.882 1.917 1.882 1.865 1.867 1.835 1.817 1.827 1.847 1.83 1.852 1.792 1.852 1.852 1.875 1.875 1.847 1.882 1.91 1.875 1.882 1.902 1.885 1.847 1.825 1.845 1.88 1.917 1.895 1.872 1.855 1.88 1.907 1.885 1.91 1.94 1.935 1.912 1.96 1.902 1.917 1.89 1.82 1.837 1.855 1.915 1.917 1.922 1.892 1.8 1.832 1.862 1.892 1.857 1.885 1.895 1.865 1.862 1.855 1.867 1.81 1.81 1.832 1.802 1.8 1.78 1.83 1.792 1.807 1.847 1.87
1.915 1.895 1.877 1.832 1.88 1.822 1.805 1.832 1.842 1.86 1.782 1.805 1.842 1.832 1.775 1.772 1.832 1.83 1.877 1.897 1.885 1.88 1.875 1.877 1.91 1.932 1.932 1.895 1.877 1.872 1.91 1.945 1.985 1.89 1.872 1.862 1.86 1.93 1.895 1.87 1.942 1.91 1.885 1.865 1.865 1.837 1.835 1.84 1.85 1.9 1.912 1.89 1.862 1.815 1.79 1.81 1.827 1.845 1.855 1.795 1.817 1.817 1.795 1.815 1.817 1.797 1.812 1.827 1.837 1.8 1.825 1.87 1.862 1.857 1.882 1.897
1.865 1.807 1.807 1.777 1.835 1.812 1.795 1.915 1.855 1.872 1.835 1.805 1.75 1.742 1.727 1.727 1.74 1.832 1.837 1.875 1.862 1.797 1.86 1.872 1.91 1.935 1.892 1.862 1.852 1.902 1.902 1.925 1.917 1.88 1.9 1.852 1.862 1.84 1.792 1.75 1.827 1.85 1.837 1.815 1.82 1.777 1.845 1.86 1.872 1.882 1.872 1.877 1.84 1.812 1.8 1.805 1.812 1.805 1.807 1.775 1.792 1.822 1.825 1.807 1.82 1.885 1.885 1.86 1.855 1.847 1.837 1.852 1.867 1.907 1.967 1.882
1.79 1.8 1.815 1.777 1.787 1.8 1.822 1.817 1.835 1.862 1.817 1.79 1.787 1.837 1.772 1.765 1.807 1.805 1.82 1.805 1.8 1.837 1.885 1.857 1.857 1.882 1.907 1.932 1.88 1.89 1.852 1.855 1.85 1.86 1.855 1.825 1.795 1.797 1.785 1.77 1.85 1.825 1.85 1.822 1.827 1.825 1.86 1.867 1.9 1.872 1.862 1.87 1.845 1.827 1.835 1.842 1.875 1.832 1.822 1.837 1.797 1.85 1.89 1.892 1.915 1.975 1.937 1.907 1.905 1.885 1.865 1.827 1.915 1.92 1.972 1.97
1.835 1.8 1.83 1.832 1.832 1.825 1.92 1.905 1.88 1.867 1.812 1.8 1.817 1.83 1.805 1.795 1.815 1.805 1.817 1.795 1.8 1.832 1.867 1.882 1.845 1.88 1.93 1.922 1.94 1.915 1.895 1.867 1.845 1.867 1.825 1.785 1.787 1.8 1.83 1.84 1.882 1.865 1.892 1.857 1.822 1.83 1.882 1.887 1.875 1.855 1.857 1.852 1.875 1.847 1.825 1.822 1.877 1.85 1.822 1.78 1.837 1.862 1.95 1.962 1.962 1.917 1.925 1.905 1.86 1.847 1.865 1.867 1.915 1.947 2.017 1.972
1.835 1.842 1.852 1.867 1.887 1.857 1.917 1.917 1.867 1.852 1.842 1.81 1.797 1.765 1.785 1.762 1.745 1.792 1.792 1.817 1.827 1.89 1.892 1.865 1.89 1.877 1.905 1.92 1.927 1.907 1.892 1.922 1.892 1.822 1.787 1.777 1.812 1.832 1.877 1.867 1.912 1.91 1.897 1.89 1.86 1.835 1.88 1.892 1.88 1.835 1.837 1.825 1.837 1.847 1.842 1.84 1.82 1.797 1.807 1.802 1.847 1.845 1.915 1.91 1.855 1.902 1.952 1.882 1.81 1.807 1.875 1.857 1.882 1.907 1.972 1.972
1.835 1.862 1.905 1.902 1.932 1.932 1.89 1.89 1.847 1.832 1.837 1.785 1.825 1.752 1.727 1.707 1.737 1.757 1.797 1.795 1.867 1.882 1.885 1.922 1.9 1.897 1.882 1.922 1.93 1.875 1.915 1.915 1.86 1.83 1.777 1.815 1.82 1.865 1.882 1.887 1.915 1.882 1.867 1.86 1.872 1.857 1.87 1.857 1.822 1.832 1.842 1.862 1.845 1.87 1.857 1.852 1.872 1.827 1.827 1.827 1.865 1.855 1.925 1.895 1.882 1.857 1.787 1.762 1.772 1.787 1.787 1.845 1.862 1.86 1.897 1.925
1.865 1.87 1.872 1.85 1.937 1.935 1.877 1.852 1.872 1.82 1.82 1.795 1.785 1.745 1.705 1.72 1.745 1.772 1.792 1.83 1.835 1.837 1.82 1.852 1.902 1.9 1.902 1.887 1.862 1.882 1.895 1.842 1.807 1.815 1.805 1.8 1.805 1.835 1.855 1.847 1.857 1.79 1.817 1.78 1.807 1.825 1.812 1.785 1.84 1.825 1.835 1.825 1.865 1.837 1.835 1.84 1.812 1.795 1.807 1.817 1.855 1.915 1.865 1.855 1.857 1.865 1.8 1.807 1.85 1.83 1.83 1.87 1.867 1.89 1.89 1.885
1.825 1.857 1.847 1.877 1.87 1.892 1.85 1.835 1.877 1.835 1.835 1.8 1.785 1.737 1.74 1.74 1.752 1.787 1.85 1.86 1.835 1.85 1.867 1.885 1.892 1.917 1.887 1.86 1.897 1.82 1.855 1.83 1.827 1.832 1.812 1.802 1.827 1.772 1.827 1.81 1.805 1.78 1.77 1.79 1.797 1.792 1.787 1.805 1.847 1.85 1.835 1.842 1.815 1.835 1.842 1.87 1.842 1.815 1.797 1.792 1.82 1.785 1.802 1.84 1.86 1.86 1.83 1.857 1.85 1.86 1.862 1.89 1.875 1.872 1.872 1.87
1.842 1.872 1.885 1.845 1.855 1.86 1.827 1.837 1.88 1.862 1.875 1.765 1.765 1.735 1.745 1.777 1.777 1.81 1.832 1.805 1.81 1.822 1.82 1.8 1.865 1.93 1.915 1.9 1.892 1.877 1.857 1.83 1.8 1.815 1.832 1.79 1.82 1.812 1.817 1.842 1.827 1.802 1.807 1.785 1.785 1.8 1.845 1.817 1.802 1.842 1.865 1.86 1.835 1.79 1.832 1.855 1.832 1.802 1.792 1.822 1.852 1.857 1.87 1.905 1.9 1.887 1.85 1.85 1.86 1.817 1.835 1.822 1.87 1.885 1.915 1.882
1.867 1.882 1.832 1.807 1.857 1.825 1.855 1.837 1.855 1.897 1.822 1.807 1.775 1.802 1.772 1.79 1.815 1.865 1.86 1.827 1.82 1.827 1.84 1.847 1.902 1.885 1.91 1.947 1.917 1.905 1.9 1.85 1.895 1.82 1.797 1.772 1.81 1.837 1.9 1.842 1.882 1.867 1.855 1.822 1.835 1.825 1.845 1.86 1.842 1.842 1.875 1.825 1.84 1.835 1.795 1.81 1.792 1.807 1.825 1.84 1.832 1.9 1.955 1.975 1.935 1.977 1.922 1.882 1.86 1.86 1.867 1.85 1.885 1.907 1.877 1.88
1.825 1.807 1.83 1.837 1.82 1.865 1.877 1.847 1.882 1.882 1.82 1.82 1.837 1.852 1.825 1.855 1.865 1.817 1.815 1.807 1.827 1.83 1.882 1.872 1.892 1.882 1.922 1.942 1.95 1.902 1.932 1.907 1.852 1.805 1.795 1.805 1.845 1.862 1.835 1.852 1.885 1.85 1.837 1.832 1.847 1.855 1.865 1.877 1.842 1.837 1.795 1.815 1.807 1.825 1.752 1.79 1.79 1.807 1.812 1.84 1.867 1.9 1.992 1.992 1.957 1.925 1.932 1.89 1.867 1.825 1.89 1.937 1.9 1.9 1.862 1.937
1.835 1.81 1.842 1.83 1.837 1.92 1.91 1.875 1.862 1.855 1.87 1.86 1.82 1.832 1.8 1.792 1.805 1.74 1.775 1.787 1.827 1.86 1.902 1.872 1.9 1.885 1.915 1.957 1.942 1.9 1.915 1.867 1.842 1.815 1.81 1.837 1.875 1.867 1.855 1.882 1.845 1.862 1.847 1.86 1.857 1.835 1.795 1.852 1.817 1.777 1.772 1.785 1.83 1.812 1.78 1.84 1.877 1.902 1.865 1.917 1.96 1.925 1.917 1.935 1.9 1.917 1.9 1.915 1.945 1.887 1.89 1.927 1.942 1.872 1.837 1.857
1.84 1.85 1.852 1.85 1.882 1.907 1.877 1.872 1.892 1.852 1.855 1.812 1.795 1.825 1.76 1.727 1.712 1.712 1.755 1.802 1.817 1.855 1.88 1.89 1.887 1.87 1.905 1.93 1.892 1.937 1.89 1.822 1.84 1.81 1.827 1.85 1.877 1.927 1.917 1.922 1.877 1.815 1.79 1.837 1.8 1.822 1.832 1.847 1.855 1.832 1.82 1.782 1.81 1.76 1.822 1.83 1.855 1.9 1.925 1.967 1.9 1.882 1.872 1.84 1.872 1.905 1.867 1.877 1.875 1.89 1.897 1.887 1.842 1.885 1.865 1.855
1.867 1.865 1.857 1.87 1.915 1.895 1.877 1.882 1.84 1.847 1.847 1.79 1.792 1.785 1.747 1.732 1.78 1.8 1.797 1.815 1.88 1.895 1.882 1.902 1.902 1.91 1.902 1.94 1.895 1.86 1.827 1.805 1.792 1.81 1.852 1.822 1.842 1.845 1.835 1.817 1.837 1.782 1.8 1.8 1.842 1.83 1.822 1.815 1.81 1.86 1.837 1.84 1.817 1.787 1.887 1.86 1.85 1.927 1.87 1.847 1.842 1.807 1.832 1.792 1.852 1.842 1.867 1.89 1.862 1.872 1.875 1.827 1.84 1.857 1.86 1.91
1.855 1.862 1.847 1.855 1.885 1.882 1.832 1.85 1.872 1.857 1.87 1.832 1.85 1.807 1.79 1.822 1.847 1.83 1.815 1.79 1.832 1.847 1.885 1.867 1.877 1.862 1.872 1.875 1.89 1.907 1.87 1.822 1.832 1.845 1.867 1.84 1.827 1.862 1.79 1.792 1.787 1.84 1.855 1.847 1.822 1.812 1.795 1.81 1.83 1.867 1.787 1.787 1.78 1.822 1.852 1.857 1.837 1.862 1.837 1.815 1.817 1.79 1.837 1.857 1.867 1.885 1.887 1.855 1.895 1.865 1.862 1.857 1.855 1.877 1.92 1.88
1.885 1.892 1.84 1.87 1.855 1.87 1.867 1.847 1.84 1.84 1.845 1.825 1.835 1.825 1.807 1.815 1.84 1.832 1.82 1.817 1.787 1.84 1.877 1.9 1.922 1.885 1.87 1.85 1.895 1.877 1.87 1.862 1.822 1.835 1.847 1.842 1.825 1.822 1.807 1.845 1.862 1.817 1.84 1.81 1.882 1.82 1.795 1.815 1.817 1.812 1.777 1.792 1.772 1.797 1.835 1.84 1.827 1.857 1.832 1.795 1.82 1.787 1.877 1.862 1.895 1.9 1.87 1.87 1.87 1.862 1.862 1.882 1.905 1.94 1.93 1.97
1.835 1.812 1.81 1.84 1.865 1.83 1.86 1.845 1.822 1.847 1.857 1.84 1.872 1.92 1.847 1.827 1.817 1.83 1.785 1.832 1.84 1.872 1.865 1.895 1.922 1.912 1.89 1.882 1.877 1.862 1.89 1.872 1.9 1.83 1.827 1.8 1.812 1.797 1.832 1.882 1.885 1.895 1.887 1.795 1.802 1.82 1.832 1.807 1.792 1.832 1.82 1.885 1.83 1.782 1.805 1.82 1.787 1.802 1.822 1.792 1.862 1.84 1.855 1.855 1.855 1.902 1.912 1.95 1.965 1.93 1.935 1.892 1.912 1.88 1.89 1.862
1.825 1.83 1.82 1.822 1.857 1.89 1.835 1.852 1.892 1.855 1.88 1.917 1.925 1.895 1.875 1.83 1.8 1.842 1.81 1.782 1.822 1.857 1.847 1.877 1.882 1.855 1.845 1.84 1.93 1.927 1.927 1.922 1.897 1.845 1.852 1.877 1.867 1.885 1.857 1.872 1.892 1.862 1.84 1.82 1.842 1.852 1.822 1.82 1.797 1.825 1.837 1.825 1.84 1.867 1.86 1.885 1.87 1.837 1.85 1.842 1.907 1.91 1.882 1.872 1.807 1.865 1.9 1.937 1.965 1.977 1.912 1.905 1.86 1.88 1.857 1.912
1.845 1.802 1.835 1.9 1.897 1.9 1.872 1.882 1.87 1.907 1.915 1.945 1.912 1.89 1.82 1.795 1.795 1.762 1.792 1.792 1.817 1.827 1.852 1.86 1.91 1.865 1.862 1.86 1.887 1.862 1.927 1.865 1.872 1.852 1.835 1.895 1.9 1.91 1.915 1.87 1.885 1.832 1.837 1.812 1.825 1.877 1.855 1.865 1.85 1.852 1.917 1.82 1.857 1.87 1.84 1.855 1.83 1.837 1.832 1.857 1.87 1.897 1.87 1.907 1.895 1.922 1.88 1.87 1.827 1.845 1.855 1.86 1.907 1.842 1.845 1.84
1.832 1.82 1.827 1.83 1.865 1.835 1.895 1.96 1.865 1.94 1.867 1.842 1.83 1.867 1.767 1.755 1.767 1.775 1.787 1.807 1.92 1.882 1.87 1.892 1.88 1.867 1.882 1.862 1.867 1.84 1.877 1.912 1.882 1.815 1.85 1.86 1.852 1.877 1.957 1.877 1.827 1.782 1.812 1.83 1.862 1.915 1.865 1.865 1.872 1.84 1.81 1.815 1.802 1.83 1.822 1.817 1.805 1.8 1.815 1.832 1.855 1.872 1.852 1.875 1.877 1.847 1.83 1.82 1.807 1.837 1.82 1.785 1.817 1.797 1.787 1.815
1.81 1.88 1.82 1.825 1.81 1.817 1.867 1.875 1.857 1.85 1.815 1.8 1.792 1.772 1.732 1.76 1.772 1.815 1.84 1.852 1.832 1.835 1.825 1.85 1.86 1.832 1.82 1.857 1.82 1.855 1.857 1.855 1.865 1.845 1.82 1.815 1.827 1.875 1.767 1.812 1.81 1.772 1.785 1.8 1.785 1.805 1.795 1.87 1.867 1.862 1.835 1.847 1.82 1.835 1.835 1.827 1.825 1.855 1.85 1.845 1.837 1.857 1.875 1.932 1.875 1.852 1.872 1.807 1.81 1.822 1.832 1.807 1.782 1.765 1.807 1.822
1.827 1.837 1.877 1.852 1.822 1.877 1.872 1.912 1.88 1.855 1.882 1.882 1.837 1.795 1.837 1.862 1.88 1.875 1.905 1.897 1.93 1.862 1.882 1.917 1.842 1.847 1.857 1.892 1.877 1.9 1.895 1.895 1.872 1.9 1.882 1.815 1.85 1.817 1.805 1.772 1.812 1.827 1.81 1.812 1.82 1.787 1.792 1.867 1.865 1.86 1.827 1.815 1.835 1.805 1.792 1.817 1.812 1.85 1.832 1.852 1.842 1.815 1.897 1.897 1.84 1.825 1.865 1.835 1.8 1.812 1.787 1.82 1.757 1.855 1.802 1.802
1.86 1.867 1.867 1.877 1.877 1.852 1.872 1.872 1.875 1.882 1.852 1.87 1.89 1.87 1.862 1.91 1.892 1.892 1.867 1.867 1.895 1.885 1.875 1.89 1.872 1.812 1.867 1.845 1.907 1.905 1.882 1.87 1.867 1.857 1.857 1.86 1.847 1.822 1.827 1.8 1.852 1.812 1.815 1.787 1.857 1.802 1.795 1.792 1.792 1.847 1.865 1.78 1.782 1.747 1.767 1.772 1.78 1.815 1.827 1.85 1.822 1.8 1.81 1.867 1.822 1.815 1.855 1.792 1.822 1.782 1.74 1.75 1.772 1.782 1.77 1.79
1.82 1.877 1.892 1.927 1.91 1.87 1.802 1.855 1.822 1.81 1.837 1.86 1.89 1.857 1.877 1.897 1.865 1.852 1.855 1.845 1.837 1.827 1.832 1.812 1.87 1.875 1.88 1.87 1.865 1.917 1.862 1.837 1.835 1.857 1.852 1.84 1.86 1.872 1.9 1.85 1.817 1.79 1.827 1.825 1.812 1.835 1.862 1.857 1.865 1.835 1.852 1.837 1.807 1.785 1.79 1.785 1.782 1.817 1.812 1.83 1.8 1.785 1.82 1.825 1.852 1.905 1.865 1.812 1.817 1.775 1.837 1.787 1.797 1.802 1.8 1.805
1.795 1.82 1.975 1.907 1.895 1.845 1.82 1.857 1.865 1.88 1.845 1.842 1.867 1.872 1.835 1.842 1.82 1.837 1.797 1.845 1.857 1.82 1.87 1.845 1.845 1.832 1.845 1.86 1.912 1.892 1.817 1.837 1.825 1.885 1.875 1.845 1.867 1.857 1.822 1.797 1.795 1.795 1.867 1.827 1.802 1.83 1.915 1.89 1.882 1.89 1.872 1.832 1.835 1.805 1.832 1.832 1.827 1.815 1.792 1.825 1.85 1.81 1.815 1.812 1.887 1.872 1.837 1.857 1.827 1.83 1.83 1.79 1.807 1.825 1.84 1.84
1.815 1.882 1.865 1.88 1.842 1.842 1.857 1.872 1.89 1.912 1.885 1.87 1.882 1.877 1.805 1.84 1.85 1.84 1.88 1.857 1.815 1.852 1.83 1.86 1.86 1.812 1.862 1.895 1.922 1.9 1.885 1.867 1.882 1.955 1.907 1.875 1.907 1.94 1.9 1.885 1.875 1.832 1.842 1.857 1.862 1.845 1.842 1.865 1.852 1.9 1.9 1.865 1.785 1.802 1.86 1.822 1.825 1.782 1.81 1.855 1.842 1.872 1.892 1.897 1.915 1.895 1.87 1.817 1.767 1.84 1.815 1.8 1.84 1.872 1.902 1.917
