All_lidar/sz6491_DSM_2M.asc
ncols 500
nrows 500
xllcorner    464000
yllcorner    91000
cellsize     2
NODATA_value -9999
[rows 340 to 373 of 500, columns 0 to 76 of 500]
1.81 1.878 1.888 1.945 1.975 1.918 1.93 1.9 1.863 1.885 1.86 1.818 1.81 1.813 1.843 1.828 1.848 1.833 1.895 1.99 1.893 1.84 1.843 1.935 1.973 1.918 1.96 1.913 1.878 1.885 1.93 1.91 1.9 1.895 1.828 1.78 1.855 1.828 1.835 1.84 1.845 1.833 1.835 1.803 1.853 1.875 1.855 1.983 1.85 1.838 1.815 1.835 1.843 1.903 1.938 1.968 1.965 1.963 1.92 1.96 1.945 1.905 1.86 1.858 1.84 1.855 1.925 1.938 1.945 1.945 1.94 1.918 1.923 1.863 1.83 1.833 1.84
1.878 1.915 1.948 1.935 1.955 1.923 1.92 1.97 1.89 1.87 1.843 1.888 1.793 1.805 1.838 1.85 1.845 1.898 1.973 1.998 1.903 1.888 1.905 2.003 2.003 1.985 1.985 1.933 1.905 1.883 1.87 1.868 1.84 1.84 1.815 1.803 1.87 1.868 1.813 1.903 1.938 1.885 1.88 1.92 1.938 1.893 1.88 1.853 1.85 1.84 1.85 1.913 1.878 1.913 1.958 1.93 1.888 1.865 1.865 1.833 1.84 1.835 1.843 1.88 1.903 1.933 2.068 1.998 1.96 1.948 1.918 1.888 1.925 1.908 1.858 1.795 1.828
1.92 1.89 1.963 2.035 1.953 1.915 1.893 1.86 1.828 1.895 1.835 1.808 1.743 1.798 1.788 1.825 1.913 1.94 1.985 1.98 1.893 1.905 1.938 1.975 1.95 1.938 1.875 1.795 1.86 1.853 1.89 1.898 1.89 1.9 1.83 1.83 1.845 1.815 1.848 1.923 1.923 1.933 1.953 1.883 1.875 1.833 1.793 1.845 1.908 1.92 1.965 1.89 1.93 1.923 1.935 1.913 1.875 1.85 1.828 1.808 1.868 1.875 1.795 1.868 1.893 1.998 1.943 1.898 1.95 1.948 1.913 1.893 1.895 1.845 1.858 1.828 1.863
1.943 1.935 1.998 1.953 1.833 1.775 1.745 1.795 1.868 1.845 1.85 1.895 1.785 1.803 1.885 1.933 1.903 1.998 1.983 1.965 1.915 1.94 2.003 2.013 1.938 1.87 1.865 1.865 1.838 1.833 1.863 1.873 1.828 1.825 1.855 1.86 1.868 1.81 1.905 1.925 1.87 1.845 1.84 1.88 1.825 1.84 1.848 1.905 1.963 1.97 1.948 1.905 1.928 1.905 1.87 1.9 1.863 1.798 1.795 1.838 1.79 1.83 1.893 1.958 1.92 1.928 1.913 1.918 1.878 1.87 1.925 1.893 1.875 1.848 1.87 1.87 1.928
2.018 2 1.973 1.915 1.823 1.838 1.828 1.865 1.888 1.863 1.85 1.81 1.825 1.915 2.023 1.99 1.988 1.963 1.908 1.913 1.953 1.993 2.005 1.978 1.898 1.835 1.828 1.845 1.863 1.853 1.888 1.853 1.84 1.845 1.823 1.85 1.838 1.808 1.83 1.848 1.82 1.818 1.81 1.858 1.873 1.86 1.883 1.973 1.948 1.903 1.955 1.868 1.968 1.855 1.88 1.855 1.86 1.815 1.768 1.833 1.863 1.935 2.063 2.043 1.993 2.003 1.995 1.91 1.928 1.893 1.875 1.838 1.84 1.855 1.885 1.908 1.9
2 1.995 1.94 1.875 1.793 1.805 1.845 1.855 1.913 1.868 1.85 1.798 1.875 1.923 1.963 1.923 1.88 1.918 1.898 1.925 1.963 1.95 1.94 1.873 1.873 1.818 1.828 1.91 1.983 1.948 1.9 1.95 1.863 1.875 1.925 1.883 1.873 1.873 1.858 1.853 1.833 1.828 1.878 1.915 1.868 1.895 1.87 1.903 1.935 1.87 1.888 1.808 1.793 1.82 1.87 1.86 1.875 1.835 1.838 1.93 1.938 1.96 2.025 2.035 1.973 2.023 1.985 1.97 1.963 1.908 1.913 1.928 1.928 1.93 1.933 1.918 1.908
1.983 1.9 1.9 1.878 1.785 1.818 1.848 1.905 1.938 1.885 1.828 1.873 1.923 1.953 2 1.905 1.91 1.928 1.978 1.953 2.028 1.95 1.903 1.843 1.853 1.82 1.838 1.923 1.965 1.92 1.918 1.813 1.835 1.873 1.853 1.873 1.905 1.875 1.815 1.828 1.83 1.865 1.848 1.89 1.863 1.84 1.86 1.843 1.833 1.793 1.825 1.838 1.84 1.84 1.925 1.858 1.878 1.84 1.905 1.943 2.055 2.03 1.995 1.958 1.838 1.835 1.945 1.915 1.953 1.915 1.92 1.975 1.978 1.945 1.908 1.95 1.925
1.928 1.905 1.813 1.838 1.768 1.825 1.91 1.893 1.913 1.948 1.825 1.89 2.028 1.955 1.918 1.89 1.915 1.94 1.95 1.93 1.953 1.925 1.828 1.883 1.795 1.828 1.93 1.953 1.948 1.893 1.88 1.885 1.845 1.908 1.965 1.945 1.915 1.865 1.865 1.87 1.85 1.843 1.853 1.863 1.848 1.778 1.825 1.845 1.795 1.828 1.785 1.83 1.84 1.895 1.848 1.793 1.82 1.86 1.948 1.948 1.98 1.98 2.038 1.853 1.758 1.84 1.85 1.968 1.91 1.848 1.85 1.87 1.995 1.915 1.893 1.893 1.92
1.875 1.808 1.85 1.81 1.833 1.875 1.918 1.915 1.885 1.918 1.888 1.965 1.99 1.955 1.89 1.843 1.865 1.923 1.94 2.008 1.89 1.905 1.853 1.855 1.848 1.83 1.905 1.998 1.988 1.96 1.92 1.92 1.963 1.995 1.965 1.938 1.933 1.923 1.905 1.913 1.873 1.875 1.84 1.893 1.848 1.835 1.793 1.823 1.823 1.798 1.828 1.893 1.915 1.865 1.835 1.833 1.898 1.933 1.998 1.96 1.945 1.9 1.925 1.74 1.745 1.848 1.885 1.868 1.955 1.91 1.91 1.915 1.91 1.955 1.878 1.913 1.908
1.8 1.775 1.763 1.818 1.81 1.89 1.925 1.938 1.91 1.883 1.943 1.995 2.003 1.948 1.893 1.83 1.878 1.893 1.875 1.855 1.873 1.895 1.88 1.835 1.87 1.893 2 1.918 1.89 1.853 1.883 1.895 1.883 1.913 1.885 1.87 1.9 1.86 1.903 1.813 1.828 1.878 1.873 1.875 1.828 1.843 1.845 1.878 1.863 1.875 1.9 1.98 1.978 1.89 1.938 1.9 1.928 1.93 1.933 1.968 1.913 1.878 1.793 1.79 1.855 1.903 1.933 1.913 1.918 1.868 1.893 1.925 1.94 1.958 1.915 1.935 1.93
1.745 1.785 1.798 1.818 1.905 1.893 1.95 1.973 1.848 1.913 1.95 1.985 1.975 1.908 1.825 1.855 1.895 1.873 1.83 1.88 1.948 1.913 1.893 1.81 1.88 1.948 1.98 1.893 1.833 1.813 1.82 1.88 1.86 1.903 1.905 1.863 1.863 1.903 1.873 1.86 1.855 1.793 1.875 1.87 1.918 1.83 1.788 1.825 1.78 1.828 1.92 2 1.96 1.89 1.94 1.913 1.913 1.915 1.898 1.893 1.825 1.833 1.765 1.79 1.888 1.925 1.895 1.913 1.955 1.895 1.913 1.918 1.948 1.958 1.925 1.92 1.898
1.848 1.823 1.845 1.87 1.97 1.973 1.973 1.845 1.838 1.84 1.958 1.905 1.93 1.828 1.813 1.885 1.875 1.868 1.845 1.925 1.955 1.895 1.83 1.83 1.865 1.923 1.918 1.833 1.808 1.863 1.863 1.86 1.823 1.863 1.933 1.918 1.938 1.903 1.858 1.848 1.823 1.853 1.855 1.893 1.875 1.84 1.828 1.873 1.85 1.928 1.98 1.983 1.863 1.94 1.86 1.878 1.915 1.985 1.885 1.813 1.83 1.763 1.77 1.848 1.91 1.895 1.91 1.943 1.903 1.9 1.91 1.963 1.953 1.953 1.95 1.928 1.848
1.915 1.928 1.955 1.938 1.918 1.95 1.92 1.94 1.785 1.785 1.93 1.955 1.835 1.76 1.808 1.785 1.878 1.87 1.885 1.885 1.955 1.878 1.823 1.828 1.925 1.985 1.848 1.813 1.903 1.85 1.873 1.898 1.86 1.89 1.933 1.94 1.89 1.935 1.878 1.83 1.83 1.89 1.925 1.93 1.978 1.863 1.898 1.853 1.845 1.973 1.99 1.988 1.833 1.85 1.788 1.85 1.883 1.818 1.785 1.788 1.838 1.845 1.918 1.963 2.008 1.95 1.93 1.938 1.943 1.938 1.96 1.998 1.978 1.965 1.94 1.928 1.875
1.963 2.008 2.005 1.998 1.96 1.945 1.848 1.795 1.84 1.875 1.958 1.933 1.783 1.77 1.858 1.905 1.935 1.975 1.905 1.903 1.853 1.76 1.805 1.895 1.958 1.875 1.888 1.95 1.98 1.993 1.95 1.918 1.938 1.93 1.963 1.923 1.845 1.803 1.845 1.833 1.888 1.883 2.043 1.97 1.96 1.915 1.88 1.845 1.868 1.968 1.938 1.898 1.78 1.778 1.808 1.823 1.818 1.81 1.833 1.81 1.845 1.84 1.975 1.988 2.003 1.945 1.925 1.958 1.99 1.963 1.99 2.063 1.97 1.935 1.93 1.95 1.903
1.963 1.953 1.963 1.903 1.87 1.748 1.745 1.758 1.87 1.943 2.028 1.953 1.915 1.94 2.018 2.02 1.988 1.95 1.958 1.893 1.865 1.803 1.888 1.94 1.9 1.91 1.825 1.99 1.97 1.97 1.893 1.85 1.875 1.973 1.955 1.898 1.885 1.84 1.9 1.89 1.99 1.98 2.023 1.923 1.93 1.82 1.838 1.833 1.875 1.92 1.86 1.85 1.778 1.838 1.848 1.863 1.86 1.885 1.9 1.88 1.878 1.88 1.978 2.038 1.955 1.895 1.865 1.885 1.928 1.925 1.965 1.913 1.938 1.88 1.968 1.948 1.863
1.895 1.9 1.888 1.885 1.83 1.763 1.768 1.805 1.918 1.93 1.988 1.933 1.835 1.865 2.018 2.045 1.953 1.868 1.918 1.88 1.813 1.885 1.905 1.883 1.845 1.823 1.853 1.823 1.875 1.878 1.815 1.945 1.89 1.95 1.895 1.843 1.853 1.848 1.888 1.898 1.94 1.983 1.983 1.945 1.868 1.818 1.82 1.87 1.87 1.863 1.885 1.838 1.808 1.87 1.895 1.868 1.87 1.95 2.015 1.86 1.84 1.835 1.965 1.978 1.95 1.883 1.875 1.938 1.95 1.868 1.885 1.903 1.85 1.905 1.883 1.825 1.835
1.923 1.873 1.838 1.808 1.8 1.793 1.835 1.883 1.935 2.02 1.98 1.795 1.79 1.878 1.963 1.943 1.978 1.868 1.87 1.805 1.83 1.863 1.895 1.84 1.823 1.785 1.803 1.83 1.875 1.84 1.858 1.885 1.925 1.898 1.853 1.863 1.92 1.918 1.93 1.965 1.89 1.925 1.89 1.87 1.88 1.873 1.87 1.863 1.85 1.913 1.875 1.82 1.815 1.838 1.868 1.85 1.988 1.905 1.84 1.785 1.748 1.87 1.99 2.018 1.89 1.86 1.875 1.968 1.938 1.973 1.935 1.885 1.873 1.908 1.88 1.883 1.833
1.875 1.848 1.833 1.8 1.825 1.835 1.86 1.918 1.97 1.94 1.873 1.865 1.915 2 2.003 1.925 1.89 1.838 1.85 1.878 1.9 1.958 1.918 1.83 1.865 1.86 1.893 1.883 1.838 1.89 1.908 2.02 1.948 1.898 1.888 1.933 1.95 1.965 2.05 2.043 1.913 1.943 1.908 1.895 1.895 1.858 1.838 1.873 1.935 1.843 1.818 1.803 1.873 1.87 1.88 1.843 1.92 1.883 1.753 1.773 1.773 1.89 1.945 1.948 1.903 1.848 1.91 1.89 1.958 1.925 1.87 1.933 1.923 1.945 1.858 1.873 1.873
1.888 1.868 1.81 1.74 1.803 1.868 1.988 2.048 2.003 1.895 1.855 1.915 2.088 2.005 1.943 1.89 1.823 1.84 1.85 1.843 1.905 1.94 1.965 1.9 1.893 1.94 1.873 1.86 1.928 1.9 1.933 1.998 1.905 1.885 1.945 1.963 2.068 2.023 1.943 1.943 1.935 1.863 1.91 1.865 1.858 1.853 1.863 1.878 1.918 1.9 1.885 1.88 1.935 1.935 1.95 1.935 1.943 1.928 1.84 1.835 1.92 1.98 1.948 1.928 1.908 1.863 1.885 1.953 1.948 1.928 1.95 1.965 1.858 1.908 1.84 1.808 1.765
2.013 1.825 1.793 1.835 1.958 1.995 2.075 2.03 1.9 1.855 1.845 1.83 1.933 1.918 1.865 1.813 1.828 1.82 1.833 1.833 1.893 1.978 1.898 1.848 1.885 1.92 1.885 1.893 1.93 1.968 1.95 2.005 1.9 1.918 1.973 1.988 2.1 1.963 1.928 1.948 1.923 1.883 1.848 1.87 1.883 1.905 1.878 2.005 1.933 1.885 1.835 1.898 1.97 2 1.985 1.945 1.998 1.915 1.868 1.835 1.945 2.003 1.993 1.99 1.913 1.923 1.905 1.943 1.955 1.915 1.848 1.893 1.855 1.925 1.835 1.845 1.913
1.8 1.875 1.82 1.895 1.92 2.008 1.978 1.955 1.853 1.818 1.848 1.883 1.965 1.93 1.858 1.805 1.888 1.888 1.873 1.888 1.938 1.938 1.88 1.883 1.82 1.925 1.908 1.923 1.99 1.993 2.023 1.905 1.96 1.895 1.995 1.97 1.915 1.863 1.878 1.86 1.823 1.855 1.92 1.945 1.91 1.885 1.905 1.95 1.935 1.865 1.895 1.918 1.928 1.96 1.955 1.92 1.865 1.788 1.843 1.903 1.99 1.898 1.82 1.963 1.845 1.875 1.883 1.883 1.925 1.9 1.875 1.85 1.835 1.928 1.87 1.933 1.958
1.808 1.795 1.85 1.97 2.038 2.108 2.008 1.888 1.813 1.803 1.805 1.838 1.923 1.94 1.87 1.89 1.858 1.893 1.915 2 2.01 2.018 1.885 1.908 1.825 1.895 1.908 1.995 1.985 1.968 1.938 1.88 1.858 1.838 1.868 1.885 1.865 1.875 1.873 1.828 1.86 1.953 1.965 1.985 1.873 1.878 1.878 1.935 1.88 1.868 1.908 1.948 1.985 1.928 1.99 1.845 1.83 1.808 1.84 1.923 1.988 1.898 1.815 1.833 1.795 1.853 1.91 1.933 1.913 1.843 1.82 1.863 1.813 1.898 1.91 1.963 1.948
1.843 1.828 1.953 1.973 2.003 1.983 1.913 1.86 1.765 1.793 1.823 1.89 1.928 1.928 1.948 1.885 1.893 1.943 1.993 2.055 1.96 1.878 1.825 1.92 1.853 1.92 1.94 1.975 1.928 2.018 1.92 1.875 1.88 1.888 1.805 1.85 1.813 1.875 1.885 1.91 1.928 2.003 2.015 1.983 1.928 1.928 1.953 1.928 1.885 1.908 1.91 1.908 1.923 1.888 1.833 1.838 1.833 1.785 1.958 1.943 1.955 1.888 1.805 1.763 1.853 1.9 1.94 2.003 1.963 1.975 1.89 1.885 1.86 1.908 1.89 1.973 1.955
1.838 1.898 1.905 1.955 1.948 1.923 1.893 1.865 1.795 1.84 1.908 1.99 2.01 1.93 1.86 1.795 1.898 1.948 1.943 1.888 1.908 1.903 1.853 1.855 1.885 1.963 2.03 2.018 1.905 1.94 1.94 1.853 1.933 1.895 1.89 1.908 1.935 1.935 1.913 2.03 1.958 2.02 2.015 1.975 1.928 2.003 2.033 1.968 1.848 1.828 1.84 1.86 1.85 1.888 1.86 1.823 1.863 1.898 1.955 1.925 1.985 1.835 1.778 1.82 1.93 1.98 1.955 2.033 1.98 1.925 1.935 1.958 1.925 1.973 1.925 1.933 1.893
1.868 1.86 1.94 2.005 1.938 1.923 1.865 1.79 1.815 1.88 2.04 2.02 1.96 1.883 1.848 1.85 1.94 1.903 1.893 1.838 1.873 1.87 1.845 1.87 1.948 2.043 2.035 1.963 1.953 1.93 1.853 1.87 1.95 1.973 2.038 1.995 2.068 2.035 1.918 1.95 1.968 2.013 1.973 1.995 1.92 1.96 1.833 1.8 1.82 1.798 1.818 1.855 1.885 1.86 1.823 1.833 1.933 1.948 2.038 1.988 1.848 1.73 1.783 1.908 1.963 2.003 1.995 2.01 1.99 2.008 1.963 1.998 1.993 1.9 1.855 1.865 1.85
2.008 1.928 1.963 1.988 1.955 1.925 1.845 1.803 1.823 1.925 2.063 1.95 1.92 1.78 1.77 1.93 1.973 1.938 1.915 1.975 1.895 1.925 1.935 2.02 2.05 2.005 1.963 1.955 1.963 1.913 2 1.94 2.03 2.023 1.985 2.018 2.018 1.91 1.893 1.885 1.908 1.98 1.908 1.93 1.803 1.84 1.815 1.765 1.763 1.81 1.838 1.885 1.94 1.845 1.813 1.858 1.91 1.908 1.98 1.905 1.898 1.76 1.878 2.035 2.013 2.055 2.068 1.928 1.97 1.99 1.963 1.965 1.915 1.86 1.84 1.835 1.783
1.933 1.9 1.898 1.905 1.913 1.855 1.855 1.855 1.928 1.985 2.01 1.99 1.888 1.868 1.905 1.928 1.9 1.94 1.908 1.895 1.918 1.918 1.93 1.975 2 1.985 1.903 1.975 1.988 1.988 1.99 2.04 2.075 2.015 1.975 2.003 1.885 1.805 1.758 1.818 1.92 1.955 1.838 1.835 1.85 1.923 1.808 1.838 1.83 1.825 1.898 1.885 1.93 1.92 1.903 1.92 1.94 2.015 2.025 1.905 1.888 1.888 1.998 2.115 2.12 2.085 1.98 2.008 1.98 1.97 1.925 1.833 1.855 1.855 1.83 1.838 1.815
1.898 1.898 1.863 1.888 1.898 1.905 1.845 1.875 1.933 1.943 2.06 1.875 1.818 1.848 1.9 1.93 1.868 1.953 1.86 1.93 1.903 1.918 1.948 2.02 2.033 1.968 1.908 1.873 1.925 1.863 1.98 1.98 2.023 2.008 1.97 1.895 1.845 1.775 1.858 1.945 2.065 1.985 1.843 1.845 1.893 1.848 1.88 1.825 1.848 1.948 1.96 1.96 1.98 1.915 1.953 1.968 1.97 1.975 2.073 1.905 1.893 1.933 2.045 2.055 2.098 2.06 1.905 1.905 1.888 1.875 1.855 1.85 1.84 1.848 1.945 1.9 1.863
1.96 1.93 1.87 1.935 1.92 1.953 1.888 1.893 1.968 1.913 1.84 1.765 1.82 1.943 1.913 1.923 1.943 1.883 1.935 1.885 1.888 1.888 1.928 1.99 1.975 1.928 1.843 1.853 1.953 1.94 1.943 1.935 1.99 1.94 1.788 1.863 1.795 1.818 1.968 2.013 2.078 2.035 1.86 1.918 1.888 1.863 1.91 1.86 1.893 1.93 1.938 1.905 1.998 1.908 1.958 1.91 1.908 1.955 1.938 1.898 1.855 2.028 2.075 2.093 2.013 1.918 1.915 1.9 1.895 1.815 1.833 1.808 1.855 1.898 1.98 1.925 1.803
1.973 1.888 1.863 1.9 1.948 1.85 1.85 1.835 1.865 1.835 1.805 1.863 1.898 2.025 1.948 1.948 1.915 1.965 1.925 1.913 1.89 1.948 2.005 1.988 2.023 1.913 1.883 1.963 2.023 1.92 1.975 1.99 1.95 1.968 1.765 1.785 1.763 1.9 1.988 2.015 1.908 1.845 1.798 1.788 1.9 1.968 1.998 1.938 1.898 1.968 1.99 1.978 1.908 1.85 1.908 1.973 1.978 1.913 1.91 1.923 1.985 1.995 1.998 1.898 1.933 1.868 1.86 1.908 1.948 1.925 1.91 1.9 1.883 1.903 1.925 1.858 1.82
1.948 1.808 1.91 1.825 1.938 1.933 1.885 1.948 1.888 1.868 1.913 1.888 2.043 1.968 1.978 1.98 1.963 1.95 1.928 1.938 1.94 1.94 2.028 1.948 1.958 1.88 1.973 1.988 1.978 1.92 1.93 1.96 1.93 1.9 1.778 1.82 1.898 1.985 1.96 1.99 1.965 1.853 1.853 1.84 1.988 2.03 1.998 1.985 1.94 1.945 1.975 1.973 1.895 1.948 1.968 1.915 1.893 1.898 1.87 1.968 1.975 2.003 1.928 1.945 1.91 1.88 1.91 1.903 1.96 1.93 1.95 1.915 1.885 1.888 1.938 1.895 1.868
1.83 1.855 1.865 1.838 1.815 1.848 1.838 1.858 1.87 1.848 1.87 1.908 1.93 1.948 1.913 1.94 1.995 1.938 1.885 1.965 1.905 1.925 1.988 1.955 1.978 1.893 1.97 1.953 1.975 1.943 1.988 1.925 1.923 1.808 1.828 1.888 1.91 1.975 1.965 1.98 1.825 1.798 1.873 1.935 1.955 1.93 1.93 1.9 1.898 1.91 1.9 1.898 1.873 1.898 1.953 1.95 1.923 1.923 1.91 1.903 1.985 1.985 1.983 1.935 1.928 1.923 1.92 1.93 1.893 1.873 1.885 1.873 1.895 1.898 1.938 1.955 1.905
1.85 1.81 1.818 1.845 1.873 1.845 1.895 1.873 1.868 1.87 1.818 1.823 1.888 1.9 1.928 1.938 1.938 1.883 1.878 1.865 1.913 1.935 1.933 1.965 1.915 1.885 1.975 1.868 1.955 1.968 1.933 1.913 1.86 1.805 1.868 1.935 1.96 2.075 1.998 1.903 1.82 1.84 1.93 1.973 2.035 1.96 1.933 1.95 1.973 1.91 1.86 1.823 1.87 1.908 1.945 1.948 1.91 1.848 1.868 1.913 1.913 1.973 1.995 1.958 1.915 1.94 1.953 1.928 1.903 1.898 1.903 1.923 1.973 1.955 1.915 1.84 1.9
1.888 1.78 1.788 1.838 1.935 1.888 1.89 1.895 2.008 1.878 1.858 1.805 1.903 1.905 1.928 1.9 1.953 1.853 1.848 1.87 1.955 1.98 1.995 2.045 1.918 1.89 1.925 1.948 1.988 1.978 1.888 1.903 1.795 1.82 1.878 2.058 2.06 2.163 1.938 1.838 1.86 1.863 1.958 1.988 1.988 1.89 1.885 1.88 2.008 1.938 1.933 1.95 1.923 1.985 1.97 1.93 1.953 1.87 1.885 1.955 2.005 2.013 1.94 1.858 1.855 1.978 1.885 1.878 1.933 1.998 1.945 1.99 2.04 1.978 1.918 1.908 1.903
