All_lidar/sz6487_DSM_2M.asc
ncols 500
nrows 500
xllcorner    464000
yllcorner    87000
cellsize     2
NODATA_value -9999
[rows 448 to 479 of 500, columns 71 to 141 of 500]
35.555 37.02 36.487 36.542 36.667 36.747 37.045 37.09 37.627 38.01 37.702 37.425 37.507 37.597 37.72 37.79 37.882 37.942 37.992 38.02 38.027 38.057 38.087 38.14 38.152 38.212 38.245 38.27 38.287 38.279 38.357 38.389 38.339 38.282 38.297 38.319 38.342 38.332 38.364 38.389 38.404 38.352 38.347 38.367 38.369 38.317 38.302 38.272 38.252 38.254 38.259 38.277 38.284 38.289 38.232 38.174 38.164 38.159 38.164 39.102 38.524 38.119 38.162 38.149 38.137 38.122 38.574 38.207 47.114 49.464 48.789
36.09 36.36 36.495 36.657 36.737 36.857 36.912 37.865 37.997 37.575 37.46 37.527 37.632 37.72 37.85 37.91 37.985 38.022 38.097 38.14 38.13 38.155 38.177 38.212 38.225 38.262 38.315 38.317 38.335 38.364 38.364 38.372 38.362 38.347 38.324 38.377 38.392 38.384 38.409 38.434 38.457 38.437 38.377 38.392 38.419 38.397 38.369 38.342 38.309 38.302 38.279 38.307 38.332 38.329 38.292 38.239 38.212 38.182 38.184 38.784 38.872 38.162 38.237 38.172 38.192 38.167 38.144 38.227 42.804 45.349 47.697
36.397 36.455 36.592 36.765 36.855 37.042 37.51 37.912 37.57 37.492 37.547 37.67 37.765 37.852 37.972 38.03 38.092 38.127 38.195 38.207 38.237 38.212 38.25 38.297 38.295 38.315 38.387 38.38 38.397 38.42 38.435 38.425 38.43 38.41 38.367 38.397 38.425 38.445 38.447 38.46 38.477 38.48 38.445 38.45 38.455 38.44 38.4 38.405 38.365 38.355 38.355 38.337 38.342 38.375 38.362 38.305 38.267 38.225 38.205 38.36 39.28 38.342 38.295 38.237 39.01 38.267 38.335 42.05 42.737 43.305 48.745
36.38 36.55 36.73 36.82 37.217 37.97 37.685 37.545 37.53 37.605 37.69 37.79 37.89 37.99 38.087 38.14 38.172 38.217 38.252 38.32 38.337 38.32 38.355 38.377 38.375 38.382 38.427 38.455 38.462 38.477 38.51 38.487 38.477 38.48 38.462 38.47 38.49 38.475 38.485 38.497 38.525 38.54 38.515 38.472 38.49 38.485 38.48 38.452 38.43 38.397 38.375 38.357 38.385 38.377 38.4 38.357 38.297 38.252 38.262 38.245 38.655 39.04 38.625 38.407 38.407 38.972 44.632 45.845 45.26 45.317 48.717
36.612 36.735 36.8 37.1 37.617 37.905 37.482 37.525 37.63 37.737 37.832 37.927 38.027 38.087 38.18 38.247 38.28 38.292 38.337 38.4 38.4 38.407 38.427 38.437 38.46 38.475 38.485 38.54 38.512 38.527 38.562 38.575 38.552 38.545 38.512 38.505 38.527 38.532 38.537 38.555 38.552 38.572 38.57 38.517 38.532 38.542 38.542 38.502 38.465 38.442 38.425 38.387 38.39 38.405 38.422 38.412 38.35 38.292 38.29 38.27 38.295 39.122 38.732 38.465 39.745 52.352 51.88 46.927 49.147 41.797 48.172
36.802 36.785 37.14 37.89 37.757 37.512 37.547 37.657 37.752 37.857 37.93 38.055 38.137 38.19 38.262 38.33 38.39 38.39 38.425 38.45 38.482 38.492 38.502 38.507 38.53 38.537 38.52 38.572 38.595 38.585 38.605 38.63 38.61 38.585 38.582 38.565 38.562 38.57 38.585 38.562 38.577 38.627 38.59 38.557 38.562 38.555 38.585 38.565 38.507 38.48 38.455 38.402 38.415 38.415 38.427 38.445 38.405 38.34 38.312 38.317 38.262 38.787 38.862 41.875 46.89 47.1 54.342 57.7 53.897 46.12 49.767
36.815 36.95 37.745 37.702 37.537 37.575 37.635 37.79 37.9 37.987 38.065 38.172 38.24 38.285 38.35 38.405 38.485 38.485 38.5 38.515 38.557 38.57 38.587 38.575 38.59 38.602 38.58 38.62 38.65 38.662 38.66 38.662 38.687 38.635 38.647 38.62 38.585 38.585 38.635 38.617 38.625 38.622 38.647 38.632 38.597 38.592 38.617 38.592 38.56 38.515 38.477 38.477 38.44 38.42 38.445 38.462 38.462 38.407 38.342 38.327 38.307 38.275 39.575 45.187 49.862 50.262 53.75 55.94 55.72 46.755 38.275
36.965 37.215 37.645 37.602 37.6 37.687 37.825 37.937 38.042 38.097 38.175 38.267 38.325 38.35 38.427 38.497 38.575 38.565 38.577 38.602 38.627 38.677 38.667 38.66 38.652 38.675 38.647 38.667 38.695 38.747 38.72 38.707 38.72 38.705 38.685 38.665 38.64 38.637 38.662 38.657 38.655 38.662 38.677 38.682 38.625 38.605 38.63 38.622 38.58 38.55 38.525 38.535 38.495 38.44 38.457 38.48 38.502 38.46 38.38 38.345 38.342 38.305 38.875 42.642 46.855 43.642 47.63 49.397 50.77 42.927 38.282
37.04 38.402 37.572 37.647 37.7 37.857 37.985 38.095 38.13 38.195 38.272 38.365 38.422 38.437 38.49 38.562 38.64 38.647 38.655 38.69 38.72 38.732 38.747 38.73 38.727 38.737 38.73 38.722 38.732 38.775 38.757 38.765 38.77 38.767 38.752 38.712 38.69 38.675 38.687 38.697 38.69 38.697 38.717 38.697 38.66 38.642 38.65 38.647 38.63 38.57 38.592 38.557 38.527 38.48 38.47 38.482 38.522 38.492 38.437 38.375 38.367 38.305 38.402 40.39 40.342 42.342 46.53 44.067 42.997 38.4 38.297
37.187 37.697 37.74 37.74 37.855 37.987 38.135 38.252 38.267 38.312 38.385 38.437 38.517 38.565 38.585 38.64 38.71 38.735 38.732 38.742 38.787 38.812 38.805 38.795 38.775 38.782 38.81 38.78 38.787 38.812 38.822 38.822 38.802 38.79 38.787 38.745 38.727 38.697 38.717 38.717 38.725 38.725 38.747 38.745 38.722 38.677 38.682 38.67 38.66 38.635 38.61 38.582 38.54 38.487 38.482 38.507 38.505 38.51 38.462 38.395 38.362 38.317 38.302 39.045 39.362 38.53 38.477 38.715 38.677 38.417 38.327
37.335 37.762 37.835 37.877 37.997 38.12 38.22 38.372 38.435 38.43 38.462 38.527 38.592 38.655 38.67 38.712 38.777 38.812 38.835 38.82 38.815 38.87 38.895 38.85 38.855 38.845 38.842 38.835 38.852 38.847 38.867 38.872 38.832 38.832 38.822 38.812 38.772 38.752 38.74 38.77 38.76 38.745 38.74 38.772 38.742 38.715 38.697 38.71 38.71 38.672 38.655 38.615 38.595 38.535 38.505 38.502 38.497 38.525 38.48 38.405 38.36 38.34 38.297 38.41 39.68 38.845 38.527 38.467 38.45 38.427 38.372
37.555 37.927 37.975 38.295 38.19 38.28 38.352 38.455 38.537 38.555 38.572 38.625 38.682 38.735 38.767 38.785 38.832 38.862 38.882 38.887 38.89 38.92 38.96 38.952 38.915 38.897 38.89 38.887 38.87 38.887 38.887 38.892 38.895 38.87 38.857 38.842 38.82 38.782 38.782 38.79 38.805 38.792 38.767 38.79 38.785 38.775 38.727 38.725 38.72 38.705 38.65 38.632 38.617 38.59 38.507 38.515 38.522 38.532 38.502 38.455 38.387 38.375 38.325 38.317 39.095 39.335 38.535 38.505 38.5 38.467 38.417
37.71 37.88 38.002 38.262 38.355 38.392 38.437 38.52 38.627 38.66 38.702 38.712 38.747 38.782 38.847 38.857 38.902 38.947 38.96 38.96 38.947 38.977 38.985 39.007 38.982 38.967 38.942 38.945 38.932 38.935 38.932 38.96 38.95 38.932 38.897 38.87 38.85 38.847 38.795 38.82 38.837 38.82 38.822 38.832 38.835 38.797 38.775 38.78 38.752 38.72 38.685 38.662 38.64 38.602 38.545 38.507 38.525 38.525 38.527 38.467 38.432 38.37 38.335 38.33 38.502 39.562 38.697 38.37 38.432 38.482 38.477
37.817 38.087 38.11 38.667 38.465 38.447 38.537 38.645 38.732 38.81 38.805 38.817 38.837 38.867 38.912 38.937 38.972 39.007 39 39.017 39.01 39.027 39.037 39.045 39.027 39 39.002 38.992 38.96 38.957 38.97 38.982 38.975 38.955 38.94 38.907 38.91 38.877 38.835 38.83 38.87 38.855 38.85 38.852 38.862 38.862 38.822 38.772 38.775 38.76 38.73 38.687 38.657 38.627 38.595 38.512 38.515 38.525 38.54 38.507 38.46 38.422 38.377 38.352 38.34 39.2 39.01 38.385 38.485 38.52 38.467
38 39.182 40.34 38.422 38.585 38.587 38.655 38.732 38.825 38.9 38.925 38.922 38.942 38.97 38.997 39.017 39.022 39.065 39.067 39.095 39.077 39.062 39.082 39.077 39.077 39.047 39.022 39.027 39.017 39.002 39.005 39.015 39.005 39.005 38.99 38.96 38.937 38.93 38.88 38.89 38.89 38.892 38.892 38.885 38.897 38.887 38.857 38.807 38.802 38.797 38.757 38.72 38.67 38.65 38.622 38.537 38.5 38.547 38.515 38.527 38.52 38.447 38.397 38.395 38.357 38.667 39.555 38.555 38.565 38.562 38.5
38.167 39.245 39.427 38.477 38.817 38.872 38.777 38.832 38.882 38.99 39.017 39.015 38.997 39.022 39.052 39.072 39.06 39.085 39.112 39.115 39.125 39.11 39.13 39.11 39.117 39.082 39.055 39.06 39.055 39.047 39.03 39.042 39.037 39.047 39.017 39.01 38.99 38.952 38.935 38.897 38.915 38.952 38.955 38.927 38.927 38.917 38.887 38.84 38.822 38.81 38.782 38.745 38.685 38.665 38.632 38.587 38.517 38.527 38.542 38.535 38.545 38.512 38.44 38.407 38.367 38.37 39.175 43.487 44.337 40.58 40.692
38.18 38.715 38.835 38.89 38.815 39.405 38.89 38.93 38.95 39.065 39.132 39.11 39.095 39.087 39.097 39.11 39.127 39.135 39.157 39.165 39.162 39.147 39.152 39.167 39.152 39.12 39.095 39.095 39.1 39.065 39.052 39.077 39.072 39.07 39.052 39.03 39.04 39.015 38.985 38.95 38.92 38.96 38.967 38.95 38.92 38.93 38.937 38.892 38.842 38.82 38.787 38.755 38.712 38.682 38.662 38.622 38.542 38.54 38.57 38.557 38.537 38.527 38.497 38.46 38.41 38.477 38.59 43.48 48.52 45.932 44.295
38.285 39.06 38.615 38.802 38.86 39.282 39.08 39.01 39.037 39.107 39.205 39.197 39.162 39.157 39.17 39.18 39.177 39.162 39.177 39.197 39.185 39.182 39.175 39.19 39.18 39.18 39.145 39.14 39.135 39.117 39.095 39.077 39.105 39.095 39.08 39.077 39.087 39.06 39.042 39 38.955 38.98 38.972 38.975 38.952 38.94 38.945 38.915 38.855 38.85 38.805 38.747 38.727 38.692 38.672 38.657 38.612 38.567 38.582 38.557 38.56 38.562 38.53 38.47 38.467 38.46 38.4 39.747 46.537 51.662 46.982
37.835 38.627 38.74 38.817 39.1 39.192 39.172 39.07 39.117 39.162 39.255 39.285 39.237 39.215 39.222 39.212 39.235 39.217 39.212 39.242 39.23 39.245 39.197 39.217 39.225 39.225 39.182 39.172 39.182 39.15 39.142 39.13 39.125 39.132 39.115 39.105 39.117 39.09 39.072 39.022 38.995 38.992 38.992 39.012 38.987 38.967 38.945 38.927 38.885 38.845 38.827 38.77 38.757 38.71 38.68 38.71 38.647 38.587 38.6 38.582 38.575 38.585 38.547 38.51 38.515 38.472 38.445 38.767 42.907 45.165 43.927
37.5 39.725 40.215 39.185 39.197 39.685 39.797 39.165 39.192 39.2 39.262 39.327 39.312 39.28 39.262 39.255 39.267 39.257 39.245 39.272 39.27 39.277 39.252 39.227 39.255 39.252 39.217 39.192 39.2 39.207 39.185 39.182 39.147 39.172 39.172 39.155 39.15 39.11 39.095 39.057 39.03 39.002 39.01 39.01 38.995 38.97 38.947 38.935 38.895 38.852 38.842 38.812 38.787 38.747 38.722 38.71 38.695 38.625 38.582 38.58 38.59 38.585 38.565 38.552 38.515 38.497 38.47 38.452 39.542 40.222 38.792
37.597 37.99 38.827 39.112 39.805 40.71 40.125 39.287 39.255 39.28 39.31 39.385 39.385 39.345 39.297 39.287 39.31 39.31 39.29 39.31 39.295 39.307 39.295 39.262 39.28 39.295 39.272 39.242 39.225 39.235 39.222 39.187 39.16 39.202 39.195 39.2 39.172 39.147 39.122 39.112 39.07 38.99 39 39.002 39 38.967 38.942 38.93 38.925 38.882 38.845 38.832 38.815 38.782 38.765 38.725 38.705 38.675 38.617 38.587 38.6 38.61 38.607 38.577 38.57 38.53 38.505 38.48 38.797 39.812 38.697
37.962 38.08 38.057 38.642 39.41 40.032 40.1 39.497 39.322 39.347 39.37 39.415 39.452 39.392 39.365 39.342 39.325 39.347 39.337 39.32 39.335 39.315 39.335 39.3 39.31 39.335 39.307 39.302 39.275 39.26 39.27 39.255 39.222 39.22 39.24 39.227 39.185 39.175 39.152 39.127 39.097 39.027 38.995 39.007 38.992 38.977 38.97 38.965 38.945 38.91 38.88 38.855 38.832 38.822 38.78 38.772 38.732 38.71 38.652 38.607 38.622 38.63 38.63 38.617 38.607 38.565 38.517 38.49 38.48 39.735 39.35
38.327 38.52 38.45 38.247 38.832 39.465 39.432 40.95 39.525 39.39 39.395 39.42 39.502 39.467 39.412 39.39 39.38 39.37 39.377 39.357 39.357 39.392 39.367 39.345 39.325 39.362 39.347 39.335 39.327 39.295 39.295 39.29 39.26 39.255 39.235 39.227 39.212 39.182 39.167 39.155 39.095 39.06 39.012 38.99 39.005 38.985 38.95 38.96 38.937 38.925 38.872 38.887 38.87 38.855 38.805 38.777 38.747 38.717 38.68 38.642 38.622 38.637 38.63 38.632 38.647 38.58 38.54 38.505 38.477 38.91 39.69
38.737 38.767 38.612 38.227 38.337 39.04 39.982 41.55 40.075 39.467 39.45 39.457 39.525 39.545 39.482 39.407 39.412 39.4 39.417 39.385 39.39 39.41 39.41 39.387 39.39 39.39 39.367 39.387 39.355 39.345 39.33 39.317 39.3 39.255 39.282 39.257 39.23 39.217 39.175 39.155 39.112 39.052 39.01 38.987 38.997 38.992 38.965 38.957 38.947 38.962 38.895 38.882 38.88 38.84 38.812 38.795 38.777 38.767 38.72 38.682 38.647 38.635 38.65 38.637 38.66 38.62 38.565 38.522 38.495 38.492 39.587
42.165 40.635 39.237 41.277 39.847 38.97 41.002 41.027 39.84 40.01 39.53 39.507 39.53 39.602 39.552 39.495 39.442 39.415 39.44 39.44 39.417 39.445 39.442 39.432 39.435 39.415 39.405 39.435 39.39 39.385 39.367 39.337 39.322 39.252 39.28 39.25 39.245 39.212 39.177 39.167 39.115 39.067 39.025 38.972 39 38.992 38.98 38.992 38.97 38.95 38.915 38.902 38.89 38.87 38.84 38.8 38.805 38.767 38.767 38.712 38.68 38.675 38.647 38.65 38.66 38.617 38.565 38.52 38.485 38.485 38.775
42.312 40.562 39.992 42.752 42.412 40.265 39.615 40.27 40.952 42.007 39.55 39.545 39.57 39.605 39.607 39.537 39.492 39.475 39.477 39.472 39.442 39.462 39.475 39.465 39.46 39.44 39.442 39.462 39.435 39.425 39.38 39.377 39.337 39.317 39.29 39.257 39.242 39.207 39.185 39.162 39.132 39.09 39.032 39.015 39.007 39.002 39.01 38.98 38.975 38.962 38.935 38.905 38.872 38.867 38.85 38.8 38.81 38.812 38.777 38.755 38.707 38.682 38.697 38.667 38.625 38.637 38.585 38.532 38.522 38.52 38.497
39.515 39.552 39.532 40.68 40.247 40.747 40.395 39.592 41.26 41.322 39.612 39.587 39.57 39.607 39.67 39.607 39.537 39.51 39.475 39.502 39.5 39.462 39.497 39.487 39.475 39.475 39.465 39.447 39.467 39.437 39.397 39.382 39.365 39.337 39.272 39.255 39.245 39.215 39.2 39.16 39.132 39.117 39.08 39.03 39.012 39.032 39.007 39.012 38.972 38.985 38.955 38.94 38.89 38.882 38.872 38.83 38.822 38.817 38.8 38.765 38.707 38.687 38.68 38.675 38.642 38.627 38.587 38.56 38.53 38.532 38.47
40.125 39.747 39.782 39.8 39.695 39.395 39.167 39.892 40.297 39.877 39.69 39.63 39.605 39.607 39.687 39.67 39.595 39.542 39.547 39.537 39.52 39.5 39.51 39.517 39.507 39.49 39.482 39.475 39.472 39.445 39.42 39.407 39.367 39.335 39.287 39.24 39.24 39.257 39.22 39.18 39.175 39.177 39.097 39.047 39.035 39.04 39.027 39.02 38.995 38.98 38.977 38.937 38.907 38.905 38.907 38.88 38.832 38.825 38.815 38.775 38.725 38.692 38.67 38.665 38.63 38.627 38.59 38.56 38.525 38.495 38.477
40.265 39.87 39.922 39.855 39.852 39.747 39.47 39.135 39.587 40.38 41.502 39.692 39.67 39.707 39.717 39.745 39.665 39.602 39.572 39.567 39.562 39.542 39.532 39.535 39.517 39.52 39.502 39.507 39.497 39.462 39.432 39.407 39.367 39.367 39.307 39.272 39.257 39.257 39.247 39.207 39.212 39.185 39.137 39.087 39.052 39.047 39.067 39.035 38.987 38.972 38.995 38.965 38.917 38.915 38.907 38.885 38.847 38.825 38.812 38.79 38.752 38.702 38.675 38.652 38.652 38.627 38.617 38.575 38.527 38.512 38.497
40.032 40.075 40.017 40.002 40.045 39.995 39.97 39.347 39.07 40.395 41.675 40.192 39.777 39.745 39.725 39.77 39.71 39.645 39.617 39.602 39.592 39.58 39.572 39.547 39.56 39.54 39.522 39.51 39.497 39.475 39.452 39.425 39.38 39.367 39.325 39.27 39.277 39.265 39.27 39.245 39.217 39.197 39.165 39.135 39.065 39.045 39.04 39.045 39.02 38.987 39.005 39 38.96 38.892 38.9 38.9 38.852 38.822 38.825 38.805 38.767 38.727 38.687 38.67 38.66 38.612 38.605 38.58 38.555 38.502 38.482
40.082 40.137 40.16 40.165 40.102 40.03 40.012 39.907 39.287 41.575 45.302 47.83 39.815 39.745 39.75 39.762 39.757 39.687 39.652 39.652 39.632 39.605 39.58 39.58 39.567 39.565 39.542 39.525 39.51 39.49 39.455 39.442 39.422 39.395 39.35 39.315 39.287 39.285 39.302 39.262 39.22 39.215 39.19 39.147 39.092 39.06 39.05 39.075 39.042 39.022 38.995 39.01 38.997 38.92 38.915 38.902 38.89 38.832 38.822 38.815 38.775 38.75 38.667 38.66 38.655 38.61 38.587 38.582 38.557 38.517 38.492
40.297 40.222 40.24 40.202 40.22 40.157 40.115 40.012 41.847 40.442 42.45 43.617 40.482 39.78 39.795 39.78 39.817 39.75 39.685 39.667 39.62 39.625 39.577 39.592 39.585 39.57 39.547 39.547 39.537 39.507 39.452 39.465 39.427 39.397 39.382 39.35 39.307 39.307 39.312 39.302 39.262 39.25 39.217 39.17 39.097 39.065 39.065 39.087 39.052 39.032 39.025 39.032 38.99 38.957 38.93 38.895 38.882 38.847 38.817 38.817 38.782 38.747 38.697 38.662 38.647 38.615 38.597 38.592 38.585 38.522 38.497
