All_lidar/sz6490_DSM_2M.asc
ncols 500
nrows 500
xllcorner    464000
yllcorner    90000
cellsize     2
NODATA_value -9999
[rows 330 to 362 of 500, columns 0 to 75 of 500]
-1.738 -1.651 -1.864 -2.102 -1.802 -1.819 2.085 -1.725 -1.761 -2.065 -2.052 -2.062 -1.814 -1.775 -1.703 -1.696 -1.419 -1.687 -2.041 -2.096 -1.967 -1.988 -2.019 -1.959 -1.942 -2.003 -1.731 -1.633 -1.594 -1.505 -1.437 -1.52 -1.749 -2.124 -2.061 -1.769 -2.073 -2.059 -2.03 -2.042 -2.171 -1.7 -1.981 -1.763 -1.746 -1.799 -1.627 -1.439 -1.259 -1.423 -1.499 -1.425 -1.36 -1.606 -1.841 -2.096 -1.965 -2.051 -2.125 -1.999 -1.77 -1.773 -1.55 -1.747 -1.856 -1.593 -1.841 -1.723 -1.626 -1.709 -2.049 -2.048 -1.713 -1.759 -2.014 -2.107
-1.426 -1.521 -1.816 -2 -2.066 -2.049 -1.75 -1.663 -2.161 -2.11 -2.046 -2.05 -1.757 -1.703 -2.014 -1.883 -1.723 -1.709 -1.844 -1.757 -2.141 -2.098 -2.058 -2.019 -1.946 -2.001 -2.08 -1.665 -1.848 -1.634 -1.43 -1.384 -1.792 -1.733 -1.72 -1.946 -1.989 -2.041 -2.068 -2.074 -2.198 -1.698 -1.838 -1.684 -1.468 -1.558 -1.408 -1.264 -1.459 -1.656 -1.712 -1.775 -1.446 -1.446 -1.602 -1.836 -1.791 -1.766 -1.798 -1.809 -1.806 -1.659 -1.6 -1.737 -2.016 -1.765 -1.944 -2.102 -1.842 -1.759 -2.075 -1.934 -1.75 -1.751 -2.075 -1.989
-1.742 -1.727 -1.76 -1.979 -2.036 -2.126 -1.795 -1.985 -2.092 -2.066 -2.072 -1.757 -2.016 -2.057 -2.181 -1.947 -1.984 -1.997 -2.008 -1.968 -2.028 -2.056 -2.084 -2.024 -2.075 -2.044 -2.112 -2.013 -1.979 -1.735 -1.613 -1.544 -1.464 -1.685 -1.816 -2.026 -2.056 -1.981 -2.038 -2.01 -1.797 -1.675 -1.513 -1.496 -1.447 -1.488 -1.473 -1.454 -1.436 -1.753 -1.912 -1.758 -1.665 -1.385 -1.463 -1.596 -1.741 -1.754 -1.792 -1.979 -2.101 -1.736 -1.689 -1.972 -1.97 -2.018 -1.97 -1.957 -2.036 -1.711 -1.896 -2.082 -2.057 -1.77 -1.692 -1.976
-1.981 -1.987 -2.01 -1.859 -2.027 -2.036 -2.112 -2.032 -2.044 -1.948 -2.086 -1.77 -1.971 -2.013 -2.016 -1.81 -1.963 -1.961 -1.996 -1.965 -2.054 -2.135 -2.108 -2.009 -2.037 -1.999 -2.074 -2.106 -2.002 -2.036 -1.79 -1.787 -1.737 -1.721 -1.984 -1.998 -2.108 -2.105 -1.972 -1.763 -1.77 -1.617 -1.739 -1.743 -1.706 -1.728 -1.798 -1.63 -1.8 -1.7 -1.968 -1.965 -1.763 -1.528 -1.565 -1.751 -2.021 -2.084 -2.076 -2.001 -2.066 -1.789 -1.799 -1.956 -1.974 -1.796 -1.913 -2.02 -2.051 -1.61 -1.574 -1.66 -2.062 -1.985 -1.809 -1.744
-2.105 -2.047 -2.001 -1.991 -2.013 -2.078 -2.086 -2.109 -2.03 -2.045 -1.8 -2.019 -1.854 -2.017 -1.712 -1.736 -1.967 -1.776 -2.005 -2.013 -1.726 -1.831 -2.028 -2.025 -2.019 -1.996 -2.031 -2.058 -2.043 -2.022 -1.749 -2.016 -1.929 -2.008 -1.725 -2.097 -2.159 -1.815 -1.86 -1.655 -1.538 -1.71 -2.059 -2.135 -2.027 -2.026 -2.03 -1.659 -1.728 -1.986 -2.057 -1.975 -1.685 -1.495 -1.519 -1.75 -2.074 -1.988 -2.012 -2.121 -2.029 -1.844 -1.658 -1.791 -1.811 -2.003 -1.939 -2.007 -1.847 -1.611 -1.414 -1.657 -2.041 -2.105 -1.722 -1.764
-2.081 -1.968 -1.981 -1.98 -1.802 -1.998 -2.009 -1.804 -1.772 -1.817 -1.947 -2.073 -2.016 -2.095 -1.739 -1.79 -1.683 -1.686 -2.022 -2.046 -2.025 -2.077 -2.081 -1.967 -1.989 -1.973 -2.044 -2.071 -1.727 -1.76 -1.714 -1.772 -1.757 -1.74 -1.7 -1.99 -1.874 -1.716 -1.481 -1.422 -1.529 -1.802 -2.037 -2.041 -2.054 -1.995 -2.056 -1.746 -1.646 -1.789 -1.806 -1.711 -1.648 -1.497 -1.623 -1.801 -1.987 -1.866 -2.034 -2.007 -1.677 -1.643 -1.448 -1.568 -1.767 -1.987 -1.99 -2.061 -1.744 -1.421 -1.407 -1.547 -1.847 -1.739 -1.695 -1.766
-2.169 -2.015 -1.719 -1.783 -1.984 -2.093 -1.971 -2.115 -2.08 -2.045 -1.983 -2.112 -2.038 -1.988 -2.084 -2.015 -1.75 -1.65 -2.065 -2.155 -2.051 -2.012 -2.045 -2.041 -2.055 -1.917 -1.768 -1.731 -1.652 -1.571 -1.437 -1.452 -1.527 -1.619 -1.83 -1.753 -1.787 -1.511 -1.345 -1.249 -1.396 -1.706 -1.764 -1.729 -1.803 -1.984 -1.757 -1.699 -1.399 -1.629 -1.444 -1.393 -1.395 -1.459 -1.74 -2.064 -2.058 -1.707 -1.786 -1.773 -1.686 -1.423 -1.245 -1.515 -1.805 -1.879 -1.946 -1.966 -1.792 -1.459 -1.513 -1.658 -1.744 -1.738 -1.749 -1.707
-2.013 -1.766 -1.828 -2.021 -2.008 -2.068 -2.085 -2.028 -1.964 -2.09 -2.015 -1.98 -2.046 -1.871 -2.063 -2.158 -1.778 -1.565 -1.722 -1.785 -1.782 -1.712 -1.999 -2.043 -1.776 -1.687 -1.676 -1.457 -1.487 -1.268 -1.258 -1.492 -1.721 -1.676 -2.052 -1.676 -1.563 -1.354 -1.11 -1.247 -1.415 -1.617 -1.748 -1.837 -1.707 -1.791 -1.683 -1.635 -1.335 -1.257 -1.261 -1.237 -1.205 -1.529 -1.772 -2.115 -2.132 -1.86 -1.555 -1.754 -1.603 -1.48 -1.249 -1.397 2.02 -1.717 -2.088 -1.689 -1.722 -1.671 -1.746 -1.737 -2.036 -1.994 -2.042 -1.732
-2.1 -2.091 -2.066 -1.979 -2.084 -1.968 -2.095 -2.208 -1.974 -2.048 -2.149 -2.014 -2.017 -2.057 -9999 -2.067 -1.741 -1.771 -1.878 -1.785 -1.779 -2.048 -2.048 -2.173 -2.075 -2.016 -1.743 -1.466 -1.474 -1.247 -1.354 -1.544 -1.785 -1.982 -1.991 -1.726 -1.516 -1.601 -1.378 -1.497 -1.49 -1.753 -2.049 -2.072 -1.864 -1.788 -2.03 -1.7 -1.469 -1.317 -1.447 -1.494 -1.467 -1.475 -1.73 -1.75 -1.951 -1.705 -1.713 -1.927 -1.798 -1.686 -1.479 -1.366 -1.38 -1.71 -1.696 -1.652 -1.505 2.07 -2.016 -1.994 -2.008 -2.069 -2.023 -1.946
-2.061 -2.122 -1.962 -1.961 -2.073 -2.01 -1.783 -1.828 -1.725 -1.812 -2.132 -2.185 -1.779 -1.791 -2.21 -1.991 -2.019 -1.989 -2.025 -2.065 -1.815 -2.02 -2.063 -1.774 -2.04 -1.801 -1.718 -1.796 -1.74 -1.525 -1.53 -1.539 -1.715 -1.97 -2.053 -1.836 -1.802 -1.654 -1.558 -1.638 -1.798 -1.825 -2.048 -2.078 -1.789 -2.059 -2.133 -1.66 -1.46 -1.561 -1.685 -1.749 -1.671 -1.711 -1.707 -1.703 -1.746 -1.671 -1.728 -1.932 -2.019 -1.802 -1.768 -1.694 -1.429 -1.496 -1.513 -1.464 -1.558 -1.816 -1.985 -1.972 -1.996 -2.089 -2.033 -1.994
-2.116 -2.011 -2.154 -2.012 -1.979 -1.979 -2.174 -2.129 -2.026 -1.81 -1.756 -1.751 -1.704 -2.076 -2.027 -1.891 -2.032 -2.043 -1.983 -1.981 -2.007 2.096 -1.942 -1.698 -1.786 -1.81 -2.056 -1.97 -1.715 -1.754 -1.785 -1.769 -1.75 -1.685 -1.726 -1.73 -2.039 -1.807 -1.635 -1.795 -1.968 -2.004 -2.01 -1.83 -1.707 -1.792 -2.113 -1.725 -1.615 -1.771 -1.783 -2.074 -1.908 -1.953 -1.758 -1.514 -1.488 -1.497 -1.839 -2.02 -1.818 -2.001 -2.136 -1.797 -1.501 -1.244 -1.234 -1.252 -1.684 -1.932 -1.947 -2.073 -2.081 -2.014 -1.758 -1.759
-2.054 -2.035 -2.109 -1.801 -1.7 -1.819 -2.094 -2.127 -2.098 -2.031 -1.771 -1.652 -1.697 -2.049 -2.069 -2.099 -1.857 -1.793 -1.953 -2.018 -1.749 -1.668 -1.508 -1.618 -1.747 -1.81 -2.088 -1.962 -2.018 -2.069 -1.996 -1.719 -1.461 -1.463 -1.815 -2.023 -2.069 -2.011 -1.911 -1.691 -1.721 -1.761 -1.713 -1.674 -1.396 -1.725 -1.844 -1.686 -1.786 -2.058 -2.06 -1.796 -1.994 -1.994 -1.692 -1.457 -1.449 -1.438 -1.642 -1.879 -1.778 -1.938 -1.985 -1.823 -1.61 -1.226 -0.976 -1.227 -1.614 -1.726 -1.789 -1.835 -1.871 -1.749 -2.025 -2.083
-1.797 -1.876 -1.807 -1.673 -1.435 -1.614 -1.819 -2.045 -1.804 -1.774 -1.644 -1.765 -2.014 -2.01 -2.02 -2.076 -2.146 -1.789 -1.86 -1.81 -1.635 -1.538 -1.586 -1.747 -2.033 -2 -2.069 -1.704 -1.959 -2.03 -2.177 -1.675 -1.468 -1.34 -1.653 -1.754 -1.921 -1.895 -1.717 -1.625 -1.478 -1.481 -1.463 -1.459 -1.311 -1.475 -1.61 -1.497 -1.717 -2.032 -2.07 -2.034 -1.693 -1.685 -1.58 -1.73 -1.664 -1.693 -1.599 -1.446 -1.7 -2.038 -2.182 -1.763 -1.522 -1.289 -0.944 -1.034 -1.409 -1.443 -1.49 -1.677 -1.75 -2.19 -1.968 -2.07
-1.657 -1.641 -1.483 -1.478 -1.461 -1.527 -1.653 -1.855 -1.849 -2.051 -1.787 -1.678 -2.093 -2.078 -2.021 -2.174 -2.03 -1.815 -1.541 -1.493 -1.445 -1.389 -1.484 -1.768 -2.067 -2.056 -2.103 -1.762 -1.851 -1.663 -1.777 -1.705 -1.429 -1.282 -1.449 -1.432 -1.461 -1.696 -1.812 -1.775 -1.687 -1.452 -1.397 -1.148 -1.084 -1.218 -1.276 -1.444 -1.673 -1.811 -1.762 -1.75 -1.717 -1.763 -1.8 -2.023 -1.999 -2.128 -1.781 -1.569 -1.814 -2.044 -1.994 2.002 -1.392 -1.227 -0.934 -0.92 -1.011 -1.212 -1.517 -1.822 -1.979 -2.02 -2.051 -2.011
-1.5 -1.25 -1.413 -1.65 -1.711 -1.679 -1.76 -1.763 -2.075 -2.052 -2.14 -1.721 -1.83 -1.815 -2.006 -1.841 -1.846 -1.681 -1.463 -1.262 -1.445 -1.701 -1.866 -1.865 -1.774 -1.777 -1.799 -1.664 -1.473 2.017 -1.498 -1.496 -1.3 -1.068 -1.129 -1.256 -1.479 -1.797 -2.094 -2.073 -1.759 -1.544 -1.43 -1.186 -0.969 -1 -1.129 -1.298 -1.495 -1.409 -1.506 -1.437 -1.719 -1.925 -2.026 -1.976 -2.014 -2.034 -1.722 -1.44 -1.643 -1.901 -1.859 -1.735 -1.397 -1.198 -1.229 -1.281 -1.239 -1.224 -1.518 -1.835 -1.944 -2.045 -2.044 -1.816
-1.259 -1.245 -1.602 -1.762 -2.06 -2.011 -2.036 -2.237 -2.141 -1.995 -2.07 -1.721 -1.489 -1.641 -1.705 -2.014 -2.113 -1.736 -1.594 -1.536 -1.523 -1.803 -2.137 -2.094 -1.819 -1.621 -1.828 -1.805 -1.768 -1.696 -1.424 1.877 -1.034 -0.941 -0.969 -1.236 -1.48 -1.837 -2.015 -2.056 -2.083 -1.779 -1.529 -1.244 -0.941 -0.71 -0.936 -1.059 -1.227 -1.194 -1.224 -1.474 -1.743 -2.038 -1.99 -2.099 -2 -1.743 -1.539 -1.453 -1.409 -1.566 -1.537 2.042 -1.497 -1.468 -1.468 -1.623 -1.568 -1.432 -1.39 -1.648 -1.785 -2.074 -2.094 -1.728
-1.482 -1.467 -1.541 -1.846 -2.118 -2.126 -1.933 -2.053 -1.95 -2.063 -2.02 -1.736 -1.527 -1.517 -1.683 -2.014 -2.094 -1.818 -1.749 -1.772 -1.749 -1.825 -2.177 -2.265 -2.027 -1.779 -2.035 -1.959 -1.958 -1.909 -1.473 -1.188 -0.918 -0.862 -0.989 -1.319 -1.511 -1.876 -1.988 -2.038 -2.05 -1.806 -1.465 -1.293 -1.086 -0.926 -0.833 -0.94 -0.913 -1.009 -1.232 -1.499 -1.766 -1.975 -2.069 -1.783 -1.771 -1.698 -1.384 -1.263 -1.185 -1.13 -1.378 -1.667 -1.915 -1.859 -1.64 -1.77 -1.961 -1.726 -1.555 -1.374 -1.652 -1.753 -1.751 -1.685
-1.69 -1.846 -1.716 -1.758 -2.054 -2.029 -1.688 -2.039 -2.024 -1.99 -1.835 -1.699 -1.475 -1.552 -1.569 -1.783 -1.795 -1.786 -1.994 -2.026 -2.01 -1.75 -1.78 -1.775 -1.792 -2.077 -1.968 -2.014 -2.136 -1.812 -1.451 -1.275 -1.245 -1.04 -0.901 -1.138 -1.448 -1.719 2.006 -1.779 -1.759 -1.736 -1.712 -1.437 1.895 -1.01 -0.695 -0.927 -1.088 -1.249 -1.509 -1.483 -1.691 -1.768 -1.779 -1.593 -1.45 -1.415 -1.294 -1.112 -0.927 -1.238 -1.453 -1.84 -1.939 -2.137 -1.712 -2.109 -2.03 -1.853 -1.524 -1.188 -1.394 -1.481 -1.468 -1.403
-1.891 -2.053 -1.845 -1.779 -1.95 -2.189 -1.825 -1.744 -1.84 -1.857 -1.638 -1.503 -1.674 -1.77 -1.855 -1.631 -1.799 -1.776 -2.079 -2.085 -2.139 -1.743 -1.433 -1.502 -1.645 -1.867 -2.032 -2.057 -2.01 -1.765 -1.524 -1.442 -1.452 -1.252 -1.042 -0.999 -1.37 -1.421 -1.5 -1.835 -1.962 -2.02 -1.754 -1.508 -1.257 -1.013 -0.739 -0.977 -1.161 -1.444 -1.619 -1.769 -1.696 -1.772 -1.568 -1.46 -1.278 -1.17 -1.131 -0.923 -0.915 -1.205 -1.635 -1.732 -2.205 -2.151 -1.742 -2.067 -2.082 -1.788 -1.589 -1.397 -1.59 -1.468 -1.47 -1.502
-1.764 -2.153 -1.82 -1.692 -1.778 -1.767 -1.655 -1.468 -1.494 -1.487 -1.433 -1.747 -1.757 -2.031 -2.239 -1.861 -2.071 -2.018 -2.064 -1.891 -1.858 -1.675 -1.44 -1.324 -1.494 -1.674 -1.74 -1.984 -2.015 -1.817 -1.751 -1.76 -1.682 -1.384 -1.143 -0.935 -0.999 -1.212 -1.536 -1.806 -2.091 -2.035 1.915 -1.474 -1.175 -1.013 -0.692 -1.004 -1.213 -1.488 -1.685 -2.102 -2.054 -2.041 -1.684 -1.479 -1.217 -0.928 -0.754 -0.851 -1.13 -1.309 -1.461 -1.661 -1.843 -1.742 -1.811 -2.155 -2.007 -1.838 -1.476 -1.638 -1.735 -1.837 -1.808 -1.815
-2.114 -1.847 -1.787 -1.509 -1.51 -1.5 -1.461 -1.438 -1.539 -1.462 -1.599 -1.816 -1.996 -2.059 -2.055 -2.025 -2.199 -2.051 -2.097 -1.805 -1.525 -1.408 -1.242 -1.173 -1.571 -1.854 -2.11 -2.034 -1.986 -1.995 -2.04 -2.06 -1.82 -1.601 -1.166 -1.067 -0.923 -1.179 -1.46 -1.629 -1.768 -1.802 -1.68 -1.412 -1.129 -0.956 -0.696 1.962 -1.253 -1.525 -1.779 -2.277 -2.012 -2.012 -1.672 -1.422 -1.207 -0.921 -0.661 -0.878 -1.222 -1.47 -1.72 -1.773 -1.835 -1.649 -1.667 2.246 -1.719 -1.654 -1.63 -1.719 -2.061 -2.014 -2.051 -2.064
-2.05 -1.791 -1.58 -1.338 -1.286 -1.195 -1.499 -1.726 -1.743 -1.825 -1.767 -1.753 -2.045 -2.034 -2.144 -2.039 -1.736 -1.798 -1.742 -1.649 -1.493 -1.203 -1.046 -1.168 -1.477 -1.761 -1.849 -2.079 -2.05 -2.055 -2.108 -1.761 -1.623 -1.402 -1.382 -1.295 -1.059 -1.075 -1.293 2.012 -1.505 -1.491 -1.412 -1.282 -0.979 -0.79 -0.687 -0.945 -1.338 -1.409 -1.629 -1.741 -1.743 -1.789 -1.697 -1.396 -1.17 -0.893 -0.679 -0.914 -1.21 -1.563 -1.775 -1.947 -2.042 -1.741 -1.509 -1.551 -1.461 -1.528 -1.658 -1.751 -2.041 -2.066 -2.163 -2.028
-2.045 -1.838 -1.567 -1.506 -1.528 -1.404 -1.48 -1.77 -1.974 -2.118 -2.037 -1.745 -1.665 -2.009 -2.107 -2.074 -1.798 -1.66 -1.559 -1.499 1.87 -1.097 -0.938 -1.149 -1.358 -1.506 -1.646 -1.734 -1.849 -1.822 -1.769 -1.66 -1.576 -1.747 -1.64 -1.425 -1.247 -1.055 -1.156 2.037 -1.163 -1.196 -1.154 -1.094 -0.874 -0.761 -0.631 -0.826 1.977 -1.33 -1.399 -1.458 -1.457 -1.637 -1.492 -1.278 -1.129 -0.777 -0.644 -0.986 -1.099 -1.411 -1.62 -1.725 -2.055 -1.763 -1.555 -1.244 -1.332 -1.248 -1.451 -1.566 -1.763 -1.705 -1.801 -1.834
-1.713 -1.698 -1.664 -1.774 -1.79 -1.673 -1.476 -1.73 -2.056 -2.066 -2.102 -1.759 -1.63 -1.735 -1.729 -1.817 -1.645 -1.418 -1.269 -1.199 -1.091 -0.902 -0.721 -0.955 -1.081 -1.3 -1.429 -1.479 -1.496 -1.453 -1.506 -1.436 -1.768 -2.019 -1.762 -1.636 -1.424 -1.1 -0.963 -0.949 -0.934 -0.997 -0.969 -0.806 -0.644 -0.459 -0.511 -0.747 -0.958 -1.178 -1.247 -1.311 -1.151 -1.239 -1.195 -0.973 -0.864 -0.702 -0.648 -0.841 -1.17 -1.26 -1.397 -1.666 -1.765 -1.686 -1.533 -1.191 -0.915 -1.058 -1.382 -1.42 -1.55 -1.467 -1.49 -1.493
-1.526 -1.492 -1.753 -2.029 -2.073 -1.78 -1.743 -1.719 -2.086 -2.097 -1.708 -1.768 -1.4 -1.462 -1.556 -1.565 -1.369 -1.28 -1.077 -0.93 -0.807 -0.702 -0.568 -0.724 -0.942 -1.077 -1.149 -1.246 -1.256 -1.215 -1.241 -1.569 -1.727 -1.95 -2.062 -1.772 -1.487 -1.222 -0.943 -0.67 -0.706 1.995 -0.691 -0.564 -0.487 -0.34 -0.36 -0.574 -0.711 -0.818 -0.886 -0.989 -1.015 -0.932 -0.927 1.907 -0.719 -0.555 -0.694 -0.889 -1.039 -1.229 -1.2 -1.356 -1.547 -1.423 -1.332 -1.11 -0.776 -0.941 -1.116 -1.189 -1.27 -1.274 -1.251 -1.265
-1.253 -1.529 -1.795 -2.127 -2.084 -2.016 -2.04 -1.826 -1.766 -1.697 -1.701 -1.417 -1.315 -1.152 -1.193 -1.262 -1.191 -1.084 -0.988 -0.772 -0.572 -0.486 -0.345 -0.524 -0.784 -0.876 -0.996 -0.976 -0.927 -0.944 -1.232 -1.405 -1.61 -1.836 -1.712 -1.652 -1.46 -1.207 -0.997 -0.75 -0.389 -0.451 -0.435 -0.339 -0.258 -0.198 -0.142 -0.409 -0.464 -0.603 -0.641 -0.7 -0.733 -0.716 -0.78 -0.621 -0.452 -0.668 -0.829 -1.106 -1.297 -1.459 -1.394 -1.539 -1.485 -1.195 -1.078 -0.866 -0.738 -0.707 -0.828 -0.919 -0.95 -1.024 -1.028 -0.922
-1.176 -1.498 -1.616 -1.739 -2.017 -2.092 -2.094 -2.041 -1.709 -1.438 -1.464 -1.266 -1.079 -0.993 -1.006 -1 -0.996 -0.881 -0.768 -0.662 -0.427 -0.231 -0.225 -0.358 -0.508 -0.64 -0.708 -0.675 -0.896 -1.077 -1.341 -1.525 -1.544 -1.628 -1.479 -1.532 -1.424 -1.215 -1.098 -0.83 -0.533 -0.359 -0.42 -0.455 -0.494 -0.448 -0.355 -0.247 -0.195 -0.333 -0.385 -0.356 -0.42 -0.446 -0.403 -0.253 -0.554 2.062 -1.059 -1.209 -1.402 -1.636 -1.777 -1.696 -1.63 -1.425 -1.14 -0.892 -0.721 -0.791 -0.915 -0.963 -0.939 -0.853 -0.679 -0.686
-1.22 -1.35 -1.469 -1.758 -1.714 -1.79 -2.032 -1.744 -1.686 -1.458 -1.226 -1.176 -0.951 -0.708 -0.705 -0.682 -0.754 -0.626 -0.504 -0.466 -0.282 -0.035 0.079 -0.223 -0.22 -0.401 -0.602 -0.813 -1.042 -1.235 -1.521 -1.643 -1.798 -1.765 -1.787 -1.826 -1.671 -1.385 -1.209 -0.917 -0.646 -0.74 -0.731 2.042 -0.675 -0.754 -0.633 -0.447 -0.328 -0.115 -0.15 -0.142 -0.144 -0.195 -0.165 -0.387 -0.659 -0.876 -1.113 -1.375 -1.656 -1.724 -2.035 -1.898 -1.726 -1.517 -1.277 -0.99 -0.929 -1.082 -1.27 -1.248 -1.271 -1.039 -0.891 -0.72
-0.912 -1.104 -1.318 -1.426 -1.484 -1.639 -1.813 -1.634 -1.458 -1.33 -1.093 -0.864 -0.756 -0.588 -0.469 -0.398 -0.462 -0.271 -0.221 -0.144 -0.022 0.13 0.264 0.041 -0.144 -0.446 -0.749 -0.975 -1.141 -1.421 -1.752 -1.764 -2.096 -2.085 -2.032 -2.039 -1.72 -1.455 -1.3 -0.904 -0.864 -0.893 -0.967 2.087 -0.936 -0.964 -0.816 -0.643 -0.569 -0.34 -0.084 0.149 0.077 0.122 -0.216 1.905 -0.747 -1.077 -1.211 -1.405 -1.803 -1.953 -1.988 -2.01 -1.816 -1.514 -1.198 -1.25 -1.246 -1.269 -1.438 -1.474 -1.35 -1.307 -1.058 -0.862
-0.783 -0.868 -1.128 -1.162 -1.284 -1.585 -1.488 -1.499 -1.268 -1.143 -0.974 -0.702 -0.472 -0.311 -0.238 -0.163 -0.145 -0.116 -0.113 -0.134 -0.029 0.019 0.184 0.06 -0.245 -0.471 -0.716 -1.006 -1.213 -1.517 -1.787 -2.025 -2.052 -2.024 -2.008 -2.034 -1.751 -1.46 -1.204 -0.972 -1.015 -1.171 -1.234 -1.252 -1.198 -1.113 -0.994 -0.898 -0.766 -0.456 -0.265 0.014 0.2 0.07 -0.196 1.98 -0.725 -0.996 -1.175 -1.448 -1.916 -1.925 -1.917 -2.08 -1.712 -1.447 -1.341 -1.471 -1.515 -1.457 -1.69 -1.799 -1.731 -1.362 -1.206 -0.929
-0.911 -1.025 -1.273 -1.251 -1.202 -1.244 -1.324 -1.263 -1.083 -0.99 -0.687 -0.55 -0.341 -0.266 -0.383 -0.495 -0.428 -0.45 -0.428 -0.296 -0.293 -0.199 -0.017 0.032 -0.19 -0.486 -0.762 -0.921 -1.212 -1.47 -1.773 -2.038 -2.067 -2.063 -1.981 -1.752 -1.674 -1.419 -1.146 -1.043 -1.296 -1.416 -1.507 -1.516 1.997 -1.396 -1.237 -1.027 -0.945 -0.719 -0.368 -0.17 0.084 0.124 -0.181 1.882 2 -0.998 -1.111 -1.439 -1.673 1.92 1.942 -1.654 -1.689 -1.385 -1.361 -1.686 -1.827 -1.66 -1.773 -1.997 -1.841 -1.456 -1.205 -1.028
-1.081 -1.296 -1.596 -1.539 -1.504 -1.545 -1.561 -1.404 -1.054 -0.967 -0.574 -0.368 -0.313 -0.509 -0.555 -0.688 -0.746 -0.724 -0.686 -0.617 -0.496 -0.392 -0.216 0.028 -0.171 -0.394 -0.713 -0.985 -1.204 -1.501 -1.741 -1.824 -1.847 -1.848 -1.731 -1.643 -1.494 -1.36 -1.071 -1.248 -1.367 -1.545 -1.749 2.05 -1.773 -1.581 -1.401 -1.152 -0.946 -0.779 -0.47 -0.166 0.08 0.213 -0.108 -0.331 2.11 -0.885 -1.062 -1.233 -1.505 1.935 1.99 -1.466 -1.357 -1.239 -1.471 -1.775 -2.03 -1.806 -1.853 -1.992 -1.869 -1.465 -1.26 -0.908
-1.127 -1.495 -1.66 -1.901 -1.838 -1.736 -1.745 -1.529 -1.183 -0.937 -0.741 -0.511 -0.566 -0.737 -0.89 -1.013 -1.118 -0.987 -0.933 -0.838 -0.72 -0.65 -0.435 -0.225 -0.139 -0.362 -0.664 -0.797 -1.116 -1.33 -1.506 -1.576 -1.532 -1.487 -1.529 -1.395 -1.35 -1.107 -1.227 -1.334 -1.715 -1.767 -2.137 -1.983 -2.028 1.98 -1.487 -1.173 -0.961 1.91 1.85 -0.21 0.084 0.279 1.995 -0.293 1.812 -0.687 -0.901 -1.001 -1.175 -1.23 -1.137 -1.181 -1.225 -1.135 -1.454 -1.705 -1.957 -1.768 -2.004 -2.001 -1.72 -1.468 -1.202 -0.995
