All_lidar/sz6488_DSM_2M.asc
ncols 500
nrows 500
xllcorner    464000
yllcorner    88000
cellsize     2
NODATA_value -9999
[rows 256 to 287 of 500, columns 146 to 218 of 500]
13.1 13.065 13.18 13.418 13.775 14.173 16.163 15.44 15.808 17.86 17.893 20.423 19.653 18.243 16.635 16.973 17.108 17.948 16.735 15.99 16.005 15.968 18.348 21.018 19.663 16.838 16.885 16.925 16.978 17.015 17.09 17.7 17.185 17.263 17.28 17.23 17.255 17.303 17.328 17.743 17.353 17.448 17.48 17.48 17.58 18.468 23.918 24.793 27.903 25.34 20.255 20.525 18.47 18.288 18.153 18.348 19.671 18.881 18.663 18.858 18.811 18.616 21.371 23.941 24.946 24.661 24.361 23.991 23.421 21.511 19.791 20.246 19.976
13.17 13.14 13.285 13.55 13.895 14.835 16.263 15.72 16.015 21.815 21.87 21.923 20.04 16.298 16.135 16.253 16.34 16.268 16.123 16.058 16.033 16.043 19.45 21.125 17.838 16.89 16.928 16.955 17.005 17.045 17.558 19.268 17.96 17.338 17.328 17.303 17.285 17.333 17.515 17.53 17.388 17.473 18.725 17.703 17.563 17.63 17.838 18.495 24.55 26.798 23.04 26.238 19.963 18.825 18.246 18.433 19.288 18.481 18.423 18.463 18.468 18.638 22.028 23.333 24.141 24.221 23.918 24.316 24.656 23.961 22.673 21.586 20.658
13.265 13.255 13.413 13.675 14.008 15.433 16.39 16.638 17.215 22.088 23.498 22.88 19.755 16.225 16.308 16.433 16.75 17.028 16.153 16.125 16.33 17.66 20.755 20.033 16.853 16.925 16.958 16.978 17.015 17.168 17.53 17.598 17.425 17.425 17.493 17.485 17.338 17.38 17.423 17.398 17.42 18.148 21.465 18.813 18.21 17.765 17.92 18.288 21.648 27.553 22.973 25.225 24.855 20.13 18.388 20.378 21.476 18.461 18.431 18.516 18.593 18.668 19.071 20.113 22.341 23.256 23.071 23.461 23.903 24.343 24.308 23.858 23.363
13.405 13.323 13.563 13.835 14.13 15.23 16.098 16.065 19.17 22.483 23.76 22.758 20.178 16.973 16.373 16.955 16.985 16.448 16.195 16.203 16.235 19.548 21.243 18.795 16.88 16.92 16.965 17.008 17.043 17.2 17.398 17.358 17.418 17.455 17.475 17.47 17.368 17.593 17.86 19.233 19.638 19.135 20.48 17.798 17.803 19.153 22.348 19.16 21.28 28.475 23.578 27.393 24.75 20.908 18.428 23.061 23.546 18.713 18.498 18.611 18.716 18.763 18.846 18.958 19.373 21.456 21.223 22.446 23.071 23.531 24.011 24.361 24.281
13.48 13.41 13.68 13.965 14.208 15.518 15.813 15.918 18.898 22.203 23.808 22.548 18.803 16.385 16.373 16.78 17.083 16.65 16.263 16.263 16.395 19.985 20.59 17.368 16.878 16.955 16.99 17.008 17.055 18.665 19.85 17.708 17.893 19.035 17.695 17.39 17.385 17.543 17.988 22.078 20.133 19.355 19.925 17.663 17.678 19.7 19.748 18.568 19.803 28.128 26.973 27.413 23.44 19.083 19.026 20.513 20.008 18.521 18.573 18.691 18.783 18.826 18.883 18.971 19.136 19.211 19.178 20.848 22.858 22.831 23.091 23.638 24.131
13.533 13.503 13.84 14.123 14.435 16.283 16.27 17.16 18.853 22.888 23.705 22.335 17.963 16.643 16.453 17.495 16.92 16.425 16.36 16.325 19.068 21.093 19.735 17.013 16.888 16.948 16.998 16.99 17.053 23.185 24.218 23.005 23.548 22.803 22.66 17.57 17.425 17.81 19.493 22.36 18.293 19.968 23.205 22.1 19.683 20.543 21.31 21.76 23.168 26.648 27.423 25.393 19.823 18.245 19.328 19.388 18.586 18.573 18.633 18.731 18.843 18.908 18.971 19.036 19.171 19.188 19.183 19.448 21.991 21.218 21.633 21.161 23.001
13.603 13.59 13.915 14.238 14.535 15.67 15.98 17.883 23.433 23.45 23.6 22.895 19.538 17.04 17.005 18.485 17.245 16.43 16.45 16.785 20.193 20.848 19.028 17.383 16.855 16.938 16.973 16.993 19.09 23.618 25.345 24.93 24.488 23.983 23.518 21.155 18.195 17.435 20.85 21.978 17.933 24.128 24.898 24.428 23.655 20.328 25.51 27.025 23.848 24.733 25.55 19.63 18.218 18.418 18.676 18.913 19.058 18.686 18.701 18.811 18.898 18.978 19.041 19.066 19.138 19.151 19.193 19.228 19.196 19.203 19.456 19.461 24.276
13.663 13.733 14.073 14.39 14.605 16.188 16.13 20.253 24.503 24.463 24.638 24.403 17.755 16.55 16.74 17.74 16.933 16.505 16.49 17.42 20.873 20.448 17.635 18.053 18.008 16.915 16.97 17.023 21.113 23.87 24.768 25.573 25.6 25.168 24.843 24.383 23 19.083 18.465 20.33 19.518 24.335 25.155 24.388 24.008 21.74 22.165 27.28 27.295 23.115 23.013 18.228 18.338 18.603 18.783 21.176 21.356 20.068 18.776 18.886 18.973 19.041 19.066 19.143 19.153 19.161 19.181 19.198 19.268 19.431 19.516 21.271 25.886
13.763 13.805 14.208 14.478 15 15.865 16.258 17.388 23.07 24.005 24.455 23.475 17.983 16.59 16.643 17.923 16.655 16.543 16.515 18.26 20.898 20.145 17.56 18.505 20.448 18.84 16.978 17.05 17.803 19.175 21.958 23.293 24.523 24.96 25.428 25.203 24.42 19.68 19.918 20.218 22.555 24.875 24.888 23.983 23.42 19.45 20.86 23.133 23.223 19.62 18.855 18.405 18.393 19.238 18.956 18.948 19.428 20.318 19.671 19.156 19.021 19.088 19.111 19.126 19.133 19.151 19.176 19.293 19.331 19.673 20.378 21.221 23.766
13.865 13.903 14.293 14.59 14.998 16.288 16.62 17.2 21.713 24.145 24.123 21.663 17.735 17.57 17.65 18.12 16.83 16.613 16.618 17.19 17.87 19.553 20.563 22.69 23.633 22.008 17.673 17.415 17.92 17.88 17.955 18.783 20.665 23.04 24.235 24.653 22.893 20.855 19.528 20.023 23.805 25.588 24.4 21.968 19.033 18.303 19.393 18.37 18.295 18.38 18.468 18.433 18.823 20.165 19.053 19.056 19.118 19.238 19.981 21.656 23.288 21.238 19.226 19.211 19.383 19.133 19.676 21.388 21.721 21.481 20.226 20.503 21.241
13.995 14.045 14.4 14.685 15.105 15.813 16.658 17.613 21.61 24.115 23.895 21.043 16.95 17.05 17.298 17.858 16.833 16.713 16.678 16.845 17.38 18.338 23.938 28.438 28.11 26.445 24.745 18.265 17.635 17.41 17.395 17.39 17.408 17.473 19.06 22.393 21.165 20.188 18.198 18.215 21.593 23.723 23.11 18.885 18.063 18.16 18.218 18.365 18.483 18.45 18.413 18.368 19.153 21.485 19.126 19.146 19.196 19.233 19.873 22.071 24.936 24.283 21.271 19.353 19.186 19.206 20.818 22.951 21.903 21.963 22.071 20.553 21.206
14.083 14.213 14.485 14.765 15.45 16.225 18.308 18.9 22.833 24.29 23.673 20.855 16.988 16.795 16.908 17.265 16.868 16.813 16.755 16.698 16.803 17.223 22.018 28.563 26.56 23.498 24.545 19.863 17.953 17.748 17.93 17.923 17.408 17.425 17.448 17.49 17.508 18.58 17.98 17.953 17.94 18.565 20.008 18.08 18.283 18.258 18.643 18.62 18.555 20.125 18.435 18.353 19.403 19.62 19.156 19.231 19.268 19.296 19.306 21.401 22.576 25.453 25.923 24.386 21.508 20.346 21.856 23.063 20.391 20.586 22.926 23.986 23.456
14.158 14.358 14.593 14.878 15.888 16.935 17.518 17.488 23.17 24.043 23.455 18.92 16.818 16.943 17.588 17.075 17.288 16.9 16.81 16.768 17.02 17.213 21.335 26.875 28.383 24.893 20.788 17.028 17.603 18.058 17.833 18.98 18.203 17.68 17.458 17.47 17.508 18.213 17.743 17.805 17.885 18.068 18.728 19.425 18.378 19.23 21.27 21.16 18.545 21.198 18.498 19.095 20.545 20.065 19.293 19.323 19.353 19.358 19.396 19.831 20.218 22.166 25.471 24.581 25.868 24.358 22.978 21.193 20.136 20.238 20.593 21.883 24.298
14.265 14.365 14.655 14.938 15.348 16.23 17.113 18.863 23.048 24.51 23.1 18.07 16.82 17.155 18.94 18.158 19.11 17.353 16.893 16.89 16.815 16.838 17.665 22.693 25.358 19.283 17.12 17.06 17.1 17.14 17.58 17.475 17.955 18.18 18.168 17.863 18.673 17.7 17.735 17.745 17.735 17.74 18.375 18.943 18.125 18.438 21.575 19.548 18.62 19.16 18.618 19.768 23.175 19.848 19.733 21.656 23.636 20.943 19.451 20.508 19.778 20.201 23.113 24.458 24.821 24.926 23.758 21.011 20.278 20.351 20.396 20.541 20.976
14.395 14.42 14.763 15.03 15.343 16.523 16.838 18.16 17.77 19.675 19.945 17.453 16.805 17.645 19.688 21.325 20.823 18.358 16.97 16.935 16.903 16.903 16.9 17.27 19.53 17.443 17.095 17.3 17.145 17.22 17.493 17.928 17.753 18.275 20.743 20.348 19.468 17.848 19.62 18.608 17.685 17.698 18.593 18.195 18.105 18.268 19.513 19.833 19.268 18.583 18.715 19.445 19.615 19.938 20.533 23.801 26.911 26.481 24.536 20.781 20.203 22.118 23.298 22.546 21.101 24.356 25.201 21.388 20.398 20.448 20.458 20.506 20.811
14.518 14.563 14.853 15.133 15.4 16.773 17.328 17.128 16.943 16.643 16.718 17.458 18.348 18.875 19.548 20.815 21.258 19.505 17.413 17.12 16.998 16.973 16.96 17.288 17.22 17.115 17.553 17.685 17.19 17.248 17.263 17.333 17.423 19.925 20.765 20.415 19.043 18.24 21.973 22.513 20.698 21.155 18.615 18.038 18.098 18.22 18.618 18.618 18.643 18.665 18.893 20.705 19.725 20.403 23.413 26.513 27.841 27.743 27.126 26.423 24.293 24.171 23.228 21.978 19.751 24.281 23.746 21.553 20.506 20.531 20.546 20.801 21.081
14.59 14.728 14.95 15.223 15.575 16.205 17.193 17.408 17.71 17.953 17.613 17.88 17.923 17.683 17.905 19.265 19.515 19.22 17.865 17.203 17.113 17.085 17.043 17.523 18.028 19.868 19.305 17.225 17.285 17.52 17.268 17.33 17.66 20.835 20.623 20.2 18.255 17.535 19.548 20.953 22.363 22.628 18.82 17.995 18.13 18.26 18.408 18.575 18.73 18.74 20.075 21.095 20.62 20.495 23.918 26.926 27.588 28.061 28.171 27.721 26.883 23.403 21.733 20.558 22.498 24.851 23.038 20.541 20.663 20.488 20.708 20.843 21.096
14.705 14.81 15.04 15.31 15.613 16.128 16.455 16.698 16.863 17.163 17.123 17.113 17.15 17.183 17.155 17.325 17.395 17.233 18.258 17.96 17.195 17.153 17.095 17.155 19.828 21.755 20.843 18.465 18.768 19.485 18.833 17.818 18.25 20.72 20.433 18.945 18.108 18.673 17.948 18.085 19.04 19.158 17.89 18.418 19.925 18.375 18.57 18.955 18.745 18.875 20.055 21.128 20.453 19.963 21.876 23.836 25.751 26.983 27.621 27.698 26.421 20.593 19.593 21.936 22.928 24.451 21.501 20.808 21.446 20.576 22.561 22.168 21.996
14.808 14.86 15.135 15.39 15.695 16.055 16.415 16.708 16.943 18.633 19.508 19.098 17.215 17.205 17.188 17.265 17.275 17.775 19.713 17.288 17.263 17.195 17.17 17.165 19.283 21.673 21.168 18.783 17.413 20.008 21.013 18.843 19.43 19.958 20.305 18.508 18.165 17.918 17.57 17.62 17.75 17.82 17.91 20.755 23.933 22.253 18.615 19.54 19.08 18.898 20.073 19.755 19.865 19.938 19.908 20.098 21.448 23.731 24.858 26.828 24.458 19.646 20.631 25.898 24.561 22.216 20.868 20.628 20.741 21.571 23.596 24.476 25.918
14.863 14.993 15.253 15.475 15.855 16.305 16.558 16.923 19.078 21.993 23.678 24.508 19.068 17.33 18.053 17.36 18.385 20.598 20.723 18.203 17.338 17.275 17.243 17.23 18.365 19.648 18.643 17.798 17.745 19.593 23.345 20.058 18.593 18.035 18.528 19.395 17.895 18.043 17.61 17.668 17.758 17.855 19.715 22.388 24.02 22.118 18.705 18.833 18.898 19.853 21.155 19.785 19.878 19.995 19.948 20.183 19.856 19.878 20.993 22.708 21.436 19.823 20.416 23.851 25.186 23.146 22.238 20.806 20.761 21.106 23.008 24.783 27.166
14.958 15.045 15.363 15.558 15.95 16.478 16.66 21.245 22.635 24.335 25.085 25.178 23.145 19.128 18.955 17.91 17.768 19.408 18.073 17.423 17.403 17.35 17.348 18.508 18.693 17.815 17.513 17.698 17.905 18.855 20.255 18.21 20.343 17.968 20.225 20.53 20.105 17.85 17.655 17.708 17.778 17.855 19.02 23.39 23.975 21.15 18.893 18.94 19.465 20.535 20.97 19.898 19.978 20.125 20.128 20.206 19.931 19.886 19.911 20.148 19.873 20.138 23.206 22.461 21.328 21.931 22.763 22.456 21.676 21.328 21.098 23.751 27.818
15.063 15.08 15.478 15.635 15.965 16.558 16.788 21.835 24.938 25.58 25.823 24.573 23.135 20.16 18.358 17.828 17.478 17.478 17.775 17.505 17.473 17.398 17.353 17.41 17.54 17.658 18.158 18.15 17.925 17.935 18.648 19.308 18.495 19.053 20.793 20.368 19.778 18.7 19.085 18.255 17.838 18.618 19.798 23.588 23.588 21.613 21.495 19.765 20.618 20.363 21.258 19.913 20.078 20.243 20.268 20.246 20.123 20.041 19.968 19.936 19.991 20.771 22.088 21.308 21.253 21.323 21.501 22.523 22.541 23.528 23.808 24.781 24.001
15.178 15.113 15.573 15.673 15.948 16.543 16.935 18.89 24.233 24.51 25.863 25.325 23.83 21.138 19.203 17.445 18.168 18.975 20.263 18.645 17.515 17.485 18.18 17.813 17.788 18.443 21.063 22.843 18.693 17.98 18.253 18.075 18.425 18.913 19.34 19.37 18.72 20.093 20.533 20.36 19.68 21.833 22.938 24.058 22.723 20.88 22.543 20.475 21.04 21.938 21.743 19.988 20.208 20.345 20.366 20.331 20.266 20.718 20.468 20.096 20.401 21.601 22.043 21.188 21.288 21.388 21.811 24.196 24.231 22.388 24.121 24.488 24.886
15.288 15.248 15.588 15.74 15.975 16.405 17.018 17.115 19.398 22.863 24.983 25.833 24.63 22.765 18.11 18.06 19.038 21.04 20.243 18.953 17.588 17.51 18.488 17.658 17.863 18.24 23.568 25.66 25.445 21.663 18.658 18.048 18.088 19.403 19.098 18.308 18.568 19.778 20.725 20.763 21.238 23.888 23.87 24.05 22.335 19.465 20.33 19.693 21.463 24.185 22.86 20.178 20.398 20.42 20.448 20.416 20.478 21.158 21.033 20.283 21.853 22.168 21.201 21.248 21.323 21.458 23.371 24.643 24.871 24.843 25.588 24.986 24.233
15.373 15.353 15.5 15.705 15.958 16.33 17.03 17.27 17.563 20.293 24.2 25.61 25.448 24.003 20.393 17.685 18.18 19.04 17.695 18.038 17.623 17.575 17.828 17.73 17.963 22.333 24.75 26.04 25.503 24.82 24.145 20.973 19.313 20.4 20.973 20.698 19.478 18.69 19 19.805 21.56 23.023 23.838 24.338 20.67 19.023 19.165 19.455 21.395 23.928 21.57 20.265 20.65 20.505 20.508 20.516 20.488 20.683 20.468 20.801 22.286 21.538 21.243 21.306 21.381 21.583 23.686 24.896 24.668 25.081 27.726 27.821 25.318
15.445 15.403 15.518 15.823 16.005 16.245 16.885 17.235 17.283 18.993 23.373 24.85 25.698 24.825 22.865 17.845 17.7 17.69 18.07 18.045 17.683 17.613 17.635 17.845 17.923 23.303 25.41 26.61 26.55 26.315 25.765 25.145 24.595 23.665 23.24 22.28 19.94 20.71 19.983 18.913 18.885 19.408 21.153 22.353 19.16 19.12 19.225 19.25 22.02 21.988 20.348 20.403 20.54 20.575 20.601 20.631 20.606 20.606 20.638 21.736 21.403 21.193 21.298 21.363 21.411 21.641 21.973 22.718 24.816 26.788 28.351 28.803 28.181
15.528 15.483 15.58 15.925 15.985 16.2 16.635 16.935 17.093 17.628 20.853 23.815 25.36 25.588 24.13 21.778 18.29 17.943 18.175 17.833 17.728 17.7 17.673 17.868 18.215 24.133 25.818 25.588 25.518 26.133 26.585 26.59 26.325 25.71 25.1 23.65 21.81 22.66 22.138 20.113 18.645 18.94 19.005 20 19.213 19.28 19.348 24.845 25.105 23.493 20.388 20.543 20.618 20.635 20.651 21.428 22.658 22.083 21.316 22.903 22.596 21.253 21.351 21.401 21.483 21.788 21.921 22.001 24.303 27.958 28.928 29.008 28.021
15.578 15.605 15.62 15.895 16.02 16.22 16.51 17.108 17.578 17.628 19.218 22.848 24.685 25.92 24.95 22.728 18.56 18.118 17.92 17.903 17.808 17.76 17.763 17.81 17.94 19.615 22.605 24.115 24.053 24.583 25.18 25.913 26.608 26.818 26.545 22.735 21.035 22.153 22.57 19.585 18.873 19.093 19.643 19.945 19.36 19.443 19.533 23.95 21.213 20.488 20.743 20.805 20.825 20.623 20.653 22.001 23.953 23.426 22.206 21.283 21.168 21.298 21.356 21.446 21.593 21.896 21.956 22.233 26.551 28.488 29.183 28.458 27.421
15.735 15.663 15.68 15.788 16.07 16.228 16.46 17.533 17.25 17.175 17.658 20.045 23.88 25.593 25.055 22.93 19.545 17.823 18.095 18.24 18.205 17.825 17.84 17.8 17.85 17.95 18.01 19.003 19.685 20.42 21.523 23.595 25.118 25.69 26.043 22.083 18.583 19.153 20.173 18.67 19.103 19.25 20.263 20.79 19.825 19.64 19.673 19.985 20.695 20.568 22.665 22.05 22.778 21.573 21.023 24.681 23.058 21.988 22.066 21.488 21.276 21.721 21.618 21.506 21.613 21.826 21.828 24.083 27.901 28.978 28.933 27.858 25.941
16.563 15.755 15.745 15.73 16.06 16.28 16.513 16.908 17.04 17.3 17.39 17.92 20.87 23.008 25.605 24.608 23.74 18.973 18.305 18.1 18.318 17.973 17.873 17.858 17.925 17.933 17.97 18.048 18.115 18.178 18.18 20.165 22.1 23.243 23.113 18.823 18.988 18.985 19.045 20.765 19.99 19.595 20.805 22.378 20.52 19.815 19.915 20.37 20.923 21.243 24.315 23.515 24.348 23.405 23.938 21.881 21.713 22.241 23.641 24.456 23.801 23.926 23.066 21.758 21.591 21.746 22.473 26.021 28.436 29.056 28.348 25.911 24.836
19.113 15.795 15.823 15.875 16.053 16.315 16.563 16.995 17.55 17.753 18.04 18.02 17.48 19.35 24.94 26.01 24.98 23.82 20.315 19.24 19.893 19.528 18.085 17.958 17.98 17.985 17.995 18.04 18.118 18.135 18.193 18.278 18.398 18.32 18.3 18.45 19.01 19.805 19.478 22.498 22.64 20.893 21.713 21.803 20.733 20.07 20.185 20.88 22.04 23.015 21.985 21.39 21.708 22.6 23.243 24.288 24.686 24.671 24.706 25.113 25.243 24.971 24.526 24.268 22.013 21.753 22.293 24.578 27.661 28.241 27.753 22.353 22.396
20.7 16.31 15.913 15.953 15.958 16.29 16.538 16.74 18.96 18.323 17.66 17.618 17.648 19.498 24.465 25.575 25.945 25.04 24.058 24.363 21.425 19.86 18.518 18.188 18.133 18.055 18.113 18.118 18.155 18.178 18.22 18.225 18.275 18.325 18.31 18.36 18.423 18.57 21.243 22.94 22.138 20.693 21.773 21.525 20.225 20.25 20.43 21.288 20.708 24.335 24.065 23.058 21.133 21.058 21.376 21.426 21.846 21.801 21.783 23.658 24.751 24.903 24.763 24.858 24.756 23.656 21.951 23.901 24.933 26.351 24.876 21.908 22.281
