All_lidar/sz6488_DSM_2M.asc
ncols 500
nrows 500
xllcorner    464000
yllcorner    88000
cellsize     2
NODATA_value -9999
[rows 384 to 415 of 500, columns 219 to 291 of 500]
31.258 32.42 32.07 30.978 30.088 29.253 28.265 25.785 25.113 25.043 25.005 25.028 25.045 25.198 25.805 25.445 25.323 26.78 27.943 27.883 27.77 27.675 27.245 26.3 24.853 24.758 25.398 25.92 26.085 25.073 25.655 24.768 24.615 24.67 25.003 24.643 24.613 24.525 24.853 25.65 26.59 24.49 23.988 24.003 24.068 24.063 25.785 26.718 24.75 24.153 24.645 26.04 28.43 25.97 22.938 22.903 22.83 22.79 22.71 22.693 23.573 22.853 24.193 24.288 22.628 22.488 22.278 22.533 23.55 23.718 25.638 26.623 26.945
29.978 31.293 31.8 31.828 30.943 29.39 27.748 25.413 26.263 25.298 25.048 24.988 24.99 25.008 25.175 25.363 25.018 25.213 27.593 27.98 27.86 27.553 26.14 25.875 24.82 27.265 27.368 28.493 27.865 26.493 24.82 24.633 24.738 24.653 24.533 24.555 25.27 26.65 25.8 25.278 24.178 24.01 24.073 24.14 24.21 24.193 25.505 25.198 24.023 24.195 24.375 25.5 26.713 28.033 25.62 22.88 22.82 22.79 23.595 23.143 22.925 23.7 23.548 22.533 22.375 23.243 22.565 22.175 22.515 22.245 23.825 24.988 22.63
27.53 27.793 30.543 30.733 31.438 30.455 27.07 25.64 26.698 26.95 25.913 24.945 24.903 24.92 24.963 25 24.933 24.975 25.373 26.715 27.915 25.445 24.875 25.24 28.33 30.778 30.25 29.485 28.658 26.56 24.91 24.84 25.118 24.6 24.635 25.018 25.368 25.705 24.81 24.318 24.07 24.143 24.148 24.3 26.065 25.153 24.4 23.943 24.248 24.053 23.885 23.728 24.663 27.66 27.463 23.953 23.088 24.483 25.013 25.318 23.333 22.908 22.945 22.393 22.258 22.233 22.233 22.163 22.113 22.633 22.52 22.143 21.93
27.088 27.238 27.738 28.093 30.298 30.198 26.415 25.24 25.55 25.588 27.07 25.66 24.918 24.885 24.88 24.903 24.923 25.328 25.61 25.118 25.208 24.745 24.76 29.395 30.915 31.768 31.223 30.17 27.235 25.685 25.918 24.893 24.688 25.175 26.395 25.91 24.873 24.4 24.21 24.115 24.158 24.94 24.193 25.335 26.338 27.033 25.48 24.608 23.79 24.175 23.923 25.003 26.255 24.62 28.27 26.958 23.628 24.388 26.07 26.365 24.735 22.643 22.813 22.335 22.265 22.218 22.173 22.14 22.125 22.058 22.3 23.31 23.235
26.88 27.393 29.603 26.475 25.938 26.685 25.508 25.423 25.775 25.415 26.543 26.485 25.818 24.9 24.845 24.843 24.858 24.875 25.423 24.965 24.743 25.233 26.46 29.445 31.368 32.273 32.11 31.093 29.87 28.903 27.125 24.903 24.66 26.158 26.438 26.225 24.938 24.255 24.198 24.23 24.205 24.528 25.813 26.263 24.685 24.813 25.038 23.93 24.048 24.123 23.625 25.538 24.505 23.928 27.043 28.25 26.978 23.498 25.013 26.328 26.188 24.613 22.48 22.928 22.283 22.195 22.198 22.158 22.115 22.398 23.773 23.508 25.768
30.455 30.62 30.533 29.25 26.883 26.08 25.185 25.36 25.43 26.098 25.46 25.633 25.865 26.298 25 24.783 24.828 24.823 24.803 24.788 24.705 25.265 25.275 25.998 30.598 31.593 32.388 32.175 31.488 29.318 27.055 26.015 25.558 26.473 25.688 25.188 24.413 24.288 24.273 24.285 24.953 25.238 24.593 24.12 24.175 24.403 24.245 24.095 24.36 23.953 23.51 24.375 23.405 23.423 25.368 26.773 26.483 23.273 22.988 25.285 26.475 26.04 24.095 22.465 22.335 22.253 22.193 22.128 22.65 23.843 24.168 26.34 26.915
31.108 30.62 28.608 27.108 26.438 27.195 25.883 26.405 25.73 25.388 25.475 25.81 25.53 25.8 26.468 25.233 24.79 24.765 24.745 24.74 24.98 25.373 25.243 24.95 26.138 30.408 31.643 32.068 31.163 29.97 26.065 25.658 25.89 25.21 25.233 24.59 24.385 24.45 24.66 26.253 27.18 24.985 25.913 25.655 25.313 24.148 24.133 24.108 24.09 24.495 23.985 23.313 23.298 23.24 23.238 24.465 25.85 24.725 23.148 23.435 25.268 26.468 25.865 23.943 22.435 22.355 22.265 22.68 25.455 24.148 24.258 25.798 26.763
30.388 29.663 27.605 25.66 26.603 27.863 27.07 26.643 25.398 25.428 25.568 25.405 25.4 26.1 26.385 26.065 24.84 24.698 24.72 24.74 24.68 25.215 24.798 24.733 24.803 26.65 30.668 31.058 29.09 25.265 25.11 25.583 24.643 24.735 24.918 24.665 24.473 25.353 25.395 25.63 24.473 26.72 27.655 25.978 24.54 24.04 24.015 23.863 23.82 23.923 23.338 23.328 23.333 23.685 23.638 23.335 24.723 24.048 25.43 26.44 25.36 25.635 26.578 25.668 23.063 22.385 23.033 24.248 23.923 22.11 22.175 24.835 25.928
27.028 25.878 26.963 26.065 29.905 27.625 28.81 27.215 25.698 25.625 26.275 25.738 25.735 25.503 25.43 25.053 25.165 25.31 24.715 24.708 24.673 24.658 24.623 24.57 24.828 24.805 27.033 29.515 25.17 25.363 28.278 29.18 26.943 24.74 26.115 27.243 24.93 25.945 25.14 24.393 24.49 25.875 25.353 24.408 24.223 24.09 23.925 24.138 23.955 23.425 23.403 23.36 23.448 24.368 23.345 23.15 23.103 23.033 23.558 25.535 24.338 23.75 26.013 26.455 25.298 22.988 24.153 23.675 22.633 22.085 22.305 23.945 25.13
25.738 25.283 25.31 25.678 29.373 26.693 26.045 27.738 26.525 26.525 26.095 26.09 26.143 25.485 25.22 25.12 25.268 25.068 24.993 24.66 24.648 24.618 24.603 24.573 24.538 24.85 24.868 26.118 25.365 26.953 30.553 30.19 29.053 26.765 29.095 29.705 26.123 25.088 26.14 24.85 24.668 24.293 24.173 25.368 24.46 24.025 24.525 23.863 23.58 23.575 23.755 23.728 23.518 23.388 23.263 23.19 23.13 23.2 23.323 23.295 23.728 23.458 24 26.115 25.81 24.283 24.193 22.383 22.363 22.13 22.373 23.528 24.523
25.515 25.433 25.21 25.218 25.365 25.385 25.318 26.498 26.688 27.328 26.708 25.88 25.538 26.835 25.923 25.608 25.5 27.33 26.398 25.153 24.583 24.588 24.558 24.593 24.508 24.46 24.465 25.325 24.97 24.885 28.558 30.653 30.758 29.89 29.765 28.408 25.41 26.085 27.965 26.395 26.42 25.483 24.34 24.78 24.25 24.66 24.2 23.593 23.565 23.98 23.893 23.69 23.48 23.673 23.655 23.175 23.333 23.525 23.033 23.02 24.545 29.113 25.143 24.135 24.108 24.468 23.28 22.278 22.213 22.15 22.258 22.483 23.52
25.31 25.25 25.235 25.218 25.2 25.195 25.183 26.445 26.698 26.533 27.718 25.98 26.795 27.88 27.38 25.325 26.963 28.508 29.148 27.243 24.873 24.55 24.54 24.545 24.51 24.498 24.703 25.115 25.235 24.49 25.985 30.585 29.593 26.2 27.085 26.7 28.203 29.433 29.38 27.478 25.91 24.913 24.385 24.275 24.22 24.075 23.705 23.63 23.79 23.718 23.523 23.565 23.568 23.903 23.995 23.29 23.263 23.115 23.003 24.948 30.565 31.373 29.675 23.645 24.565 24.625 22.26 22.25 22.21 22.17 22.105 22.043 22.248
25.27 25.25 25.26 25.255 25.205 25.198 25.195 25.293 25.443 25.458 26.07 28.945 33.385 30.12 26.96 26.658 28.045 29.255 29.108 28.043 26.483 24.628 24.478 24.468 24.473 24.48 25.513 25.258 24.738 25.033 24.493 26.013 24.855 25.133 27.51 30.283 30.625 29.825 29.923 26.453 24.735 24.858 24.348 24.52 24.125 23.893 23.803 23.77 23.75 23.6 23.59 23.548 24.158 24.365 25.22 23.228 23.075 23.013 22.965 23.805 30.64 31.295 30.22 25.023 26.42 25.465 22.56 22.238 22.225 22.158 22.1 22.043 21.998
25.265 25.278 25.275 25.268 25.265 25.238 25.24 25.235 25.17 25.26 25.31 33.543 35.695 34.443 29.758 28.728 27.93 27.363 28.363 27.588 26.008 24.66 24.545 24.44 24.42 24.393 24.553 24.658 24.408 24.91 24.713 24.725 24.998 27.963 30.34 30.498 30.215 30.293 28.69 24.588 26.61 27.25 26.525 24.288 24.245 24.01 24.008 23.908 23.633 23.735 23.703 23.548 23.59 24.72 23.308 23.098 23.048 23.28 25.045 23.74 27.058 29.05 27.753 25.925 25.913 24.478 23.245 22.183 22.165 22.11 22.098 22.063 22.115
25.308 25.273 25.275 25.288 25.288 25.283 25.29 25.24 25.198 25.175 25.31 27.94 34.228 32.08 29.703 29.72 29.015 28.195 26.48 26.825 24.853 24.698 24.595 24.488 24.34 24.39 24.368 24.383 24.328 24.29 25.17 24.858 24.33 29.283 30.503 29.715 30.363 30.518 29.773 27.848 29.91 29.18 29.91 26.96 24.143 24.148 23.89 23.675 23.66 24.208 24.39 23.955 24.575 23.758 23.185 23.115 23.053 23.525 23.76 23.148 23.173 24.923 25.64 25.713 24.703 24.28 23.7 22.185 22.148 22.125 22.13 22.493 23.858
25.915 25.298 25.275 25.3 25.3 25.303 25.303 25.265 25.22 25.233 25.253 28.813 27.923 28.2 28.648 29.4 29.805 26.915 26.345 25.233 24.845 24.74 24.66 24.575 24.47 24.358 24.308 24.325 24.295 24.303 24.53 25.285 25.168 25.118 28.5 30.398 30.393 29.725 30.545 30.448 29.72 30.565 30.43 26.848 24.22 24.113 23.973 23.728 23.745 23.85 23.973 24.5 23.305 23.26 23.22 23.133 23.28 24.318 23.673 22.88 23.008 24.365 24.08 24.055 23.423 24.618 24.208 22.598 22.248 22.143 23.053 24.028 22.895
27.417 25.272 25.305 25.302 25.292 25.317 25.327 25.307 25.252 25.487 26.062 29.482 29.455 28.495 26.802 28.29 27.787 25.515 25.042 24.922 26.38 26.765 24.777 24.7 24.497 24.385 24.287 24.3 24.295 24.327 24.927 24.23 24.908 24.673 25.678 29.833 29.788 30.705 30.37 29.808 30.67 30.393 26.798 24.183 23.998 23.905 23.968 23.77 23.68 24.053 24.52 23.565 23.273 23.235 23.19 23.905 24.133 22.93 22.918 22.988 23.85 23.66 23.103 22.833 22.878 23.84 24.075 23.28 23.218 23.533 23.878 23.213 22.868
28.785 27.062 25.847 25.355 25.332 25.322 25.35 25.327 25.295 25.615 27.72 27.355 31.097 29.04 27.182 26.475 25.195 25.125 25.16 27.845 31.17 31.42 26.42 24.79 24.652 24.447 24.277 24.22 24.242 24.25 24.22 24.11 24.18 24.405 24.403 25.888 30.043 30.348 29.898 30.753 30.225 27.018 24.37 23.923 23.86 23.838 25.068 24.085 23.898 24.265 24.48 23.838 23.268 23.218 25.14 25.02 23.49 22.98 22.968 23.948 23.883 23.125 22.955 22.93 24.023 25.953 25.815 26.065 24.1 23.8 22.745 22.29 22.603
29.862 28.925 26.707 25.402 25.317 25.347 25.367 25.367 25.322 25.34 30.092 30.415 30.377 26.552 26.527 26.065 25.13 25.1 28.982 31.557 31.852 30.945 30.95 26.625 24.712 24.705 24.432 24.255 24.21 24.24 24.215 24.25 25.178 24.208 24.55 24.383 25.643 29.8 30.725 29.763 26.128 25.293 24.428 25.038 24.563 26.275 26.415 25.71 23.998 25.35 24.268 23.698 23.273 23.568 23.298 23.608 23.088 23.075 23.895 23.913 23.398 22.795 23.635 23.195 23.905 26.013 25.03 24.49 24.45 25.523 24.888 22.668 22.768
29.312 29.287 26.645 25.567 25.377 25.357 25.67 26.142 26.217 25.87 33.702 30.08 25.992 25.965 25.237 25.145 25.165 28.125 31.587 31.992 31.807 31.695 31.762 27.752 24.78 24.67 25.137 24.365 25.012 24.49 24.165 24.16 24.568 24.448 24.173 24.525 24.228 26.065 28.998 25.098 24.495 25.1 29.83 29.73 29.638 29.36 26.773 25.6 24.215 24.143 23.465 23.628 24.143 24.11 23.148 23.13 23.345 24.263 23.355 22.923 22.965 23.283 23.203 22.66 22.61 23.55 24.808 22.93 24.018 25.71 26.04 23.758 22.71
28.915 28.107 27.162 27.32 28.322 26.692 25.34 27.82 30.585 30.237 32.805 27.782 25.71 25.405 25.242 25.232 29.54 31.735 31.63 30.952 31.887 31.73 28.835 25.187 24.642 25.66 24.75 24.577 24.307 24.572 24.117 24.128 24.113 24.043 24.888 24.535 24.543 24.148 24.463 24.31 25.828 30.015 31.763 32.328 30.878 29.79 29.318 25.74 23.863 23.628 23.553 24.678 23.735 23.673 23.463 23.705 24.703 23.67 22.983 23.158 23.853 23.04 22.698 22.658 22.868 22.673 22.938 22.76 22.813 24.375 25.803 23.218 22.738
27.072 27.142 26.01 28.43 31.06 32.967 26.065 28.545 30.827 32.71 26.862 26.455 25.375 25.282 25.237 26.395 29.137 31.437 30.905 31.75 31.635 28.757 24.902 25.225 27.01 27.895 26.455 24.337 24.347 24.187 24.09 24.09 24.065 24.075 24.795 24.578 24.17 24.138 24.008 24.228 29.368 31.868 32.298 31.233 30.675 31.145 28.215 25.523 24.673 23.713 24.595 23.985 23.493 23.485 24.133 24.953 23.64 23.093 23.31 23.665 22.953 22.77 22.688 22.813 23.243 22.638 22.635 22.688 22.828 24.578 26.925 24.608 24.723
26.127 25.907 25.817 26.232 29.535 27.922 30.87 30.475 30.992 34.367 25.44 25.325 25.307 25.282 25.245 25.865 27.8 29.167 31.812 31.542 28.932 25.86 26.11 30.272 30.987 31.405 30.582 25.7 24.905 24.772 24.17 24.028 24.045 24.075 24.178 24.015 23.893 23.948 24.008 23.998 28.363 32.205 31.075 30.705 31.833 32.253 26.95 24.818 23.918 23.958 23.913 24.94 25.285 23.933 24.893 23.343 23.288 23.603 23.975 23.098 22.86 22.77 22.743 22.918 22.66 22.643 22.735 22.703 23.148 22.768 26.373 26.933 25.245
26.485 25.77 25.782 25.8 26.192 31.56 26.635 28.57 29.715 29.11 25.415 25.32 25.327 25.245 25.252 25.21 26.502 27.837 29.12 27.207 25.725 26.22 31.05 30.822 31.63 31.86 31.52 30.17 25.857 24.662 24.31 24.068 23.973 23.988 24.013 24.003 24.478 24.42 24.605 24.653 23.913 28.58 30.75 31.91 32.208 31.015 27.168 24.075 23.808 23.738 26.238 27.768 26.378 25.563 25.568 23.465 23.63 24.483 23.043 22.973 22.88 22.845 22.795 22.688 22.688 22.713 22.853 23.153 22.918 22.785 24.168 28.135 27.883
26.16 25.772 25.767 25.777 26.517 27.437 28.102 33.99 33.94 30.96 25.537 25.325 25.422 25.312 25.25 25.255 25.382 26.252 25.467 24.842 25.58 26.345 29.885 31.705 31.442 30.94 31.915 31.057 27.037 24.582 24.465 24.168 24.058 23.93 23.955 23.985 24.003 24.315 23.943 25.373 24.865 24.443 29.92 32.168 30.203 26.523 23.985 25.565 28.358 26.78 29.91 29.428 27.23 25.813 23.493 23.97 23.755 23.293 23.02 22.973 23.178 22.79 22.735 22.728 22.723 22.735 23.473 23.703 22.81 22.838 22.868 24.095 27.838
27.44 26.772 26.025 25.79 25.78 25.842 27.615 32.292 31.672 26.437 25.352 25.272 25.262 25.492 25.517 25.187 25.117 25.08 24.845 25.457 27.042 26.535 29.47 31.247 30.88 31.747 31.212 26.822 24.855 26.287 25.412 24.47 24.108 23.988 23.928 23.928 23.895 23.883 24.555 24.338 23.948 23.94 24.7 29.508 26.878 23.843 24.928 30.715 31.318 30.505 29.368 29.613 29.198 24.578 23.793 23.988 23.235 23.078 23.11 23.898 22.923 22.853 22.793 22.775 22.765 22.948 23.653 22.84 22.713 22.69 23.435 24.623 24.758
26.52 26.757 28.085 26.745 27.747 26.225 25.632 27.742 29.245 26.902 28.242 27.667 25.712 25.817 25.6 25.187 25.107 25.052 25.4 27.675 27.72 28.995 30.277 30.137 31.447 30.97 26.722 25.522 29.43 31.68 27.895 24.65 24.533 24.055 23.888 23.848 23.845 23.843 23.948 24.238 23.613 23.768 24.298 23.875 23.85 26.965 30.298 31.433 31.075 30.025 30.113 29.495 25.575 24.653 23.983 23.33 23.203 23.3 24.36 23.648 22.925 23.065 22.955 23.153 22.803 22.87 22.728 22.713 22.68 23.445 24.918 25.025 25.328
26.942 26.212 29.347 29.185 28.15 26.965 25.48 28.205 33.632 33.332 32.547 26.037 26.237 25.532 25.252 25.23 25.072 25.27 24.892 26.285 27.722 27.455 28.922 29.88 28.325 27.2 25.18 28.522 31.875 32.497 30.947 27.458 24.758 24.323 23.93 24.415 24.298 23.815 23.81 23.795 23.603 23.58 23.693 23.858 24.71 29.328 31.403 30.855 29.973 30.603 31.393 28.17 23.89 23.605 24.8 25.463 25.265 25.64 25.365 23.48 22.945 23.063 23.228 22.858 22.878 22.78 22.81 22.888 22.728 23.053 24.833 25.115 25.193
26.582 26.375 28.04 31.462 30.932 28.975 25.487 28.072 31.577 33.66 27.785 25.622 27 26.485 25.65 25.26 25.232 24.89 24.692 24.687 25.992 25.052 24.822 27.07 26.702 25.507 29.46 32.027 31.64 31.532 32.235 31.495 25.853 24.275 23.958 23.95 24.563 23.808 23.768 23.76 23.668 23.558 23.535 23.92 23.635 24.87 30.415 29.978 30.768 31.515 30.688 27.738 25.795 24.773 28.858 29.71 26.785 25.365 23.633 23.108 23.503 23.433 22.92 22.825 22.933 22.783 22.87 23.158 23.12 22.845 23.168 25.315 25.005
25.945 26.035 30.577 32.305 30.457 26.74 26.012 25.502 25.46 26.565 25.625 26.895 27.367 27.32 25.797 25.167 25.195 24.78 25.08 25.082 24.995 24.86 24.837 25.347 25.077 25.155 29.875 31.512 31.735 31.41 31.655 29.453 24.555 24.81 24.055 24.548 24.165 24.038 23.888 23.728 23.67 23.598 23.54 23.753 24.265 23.595 24.87 30.358 31.508 30.43 27.023 27.825 30.7 29.653 29.608 29.168 29.163 24.833 23.228 23.48 23.905 22.933 22.86 22.865 22.873 22.788 22.728 23.22 22.973 23.028 23.073 23.903 24.355
25.61 26.202 31.062 30.172 27.102 25.64 25.932 25.855 25.725 25.467 25.577 27.22 27.527 27.697 25.63 25.07 25.062 25.072 25.965 25.062 24.912 24.915 25.42 24.962 24.82 29.47 31.392 31.102 32.122 31.537 28.172 24.83 27.573 30.843 26.44 24.213 25.298 24.233 24.87 23.75 23.655 23.645 23.62 23.523 23.583 24.575 23.735 25.448 30.423 27.25 28.83 30.858 31.343 30.288 29.373 29.733 28.335 24.145 23.48 23.578 23.198 22.863 22.87 22.893 22.868 22.85 22.808 23.025 23.118 23.075 24.245 24.938 22.73
25.897 26.867 28.912 26.72 25.702 25.607 25.82 25.615 25.765 25.7 26.3 28.27 27.472 26.037 25.097 25.102 25.052 25.877 26.752 25.122 24.985 25.242 25.105 24.662 25.567 29.71 31.237 31.237 30.075 27.162 25.155 26.425 30.695 32.175 30.318 24.78 24.6 23.995 24.073 23.693 23.613 23.605 23.585 23.873 24.275 23.978 24.055 24.225 25.983 28.38 30.983 31.308 30.198 29.955 31.005 27.61 23.495 23.778 24 23.528 23.303 23.073 23.4 22.883 22.85 22.9 23 24.033 23.183 22.86 22.915 23.388 22.6
