All_lidar/sz6491_DSM_2M.asc
ncols 500
nrows 500
xllcorner    464000
yllcorner    91000
cellsize     2
NODATA_value -9999
[rows 340 to 373 of 500, columns 231 to 307 of 500]
1.915 1.86 1.948 1.965 1.9 1.948 2.03 2.063 2.095 2.08 1.978 1.913 1.91 1.913 1.955 1.84 1.783 1.765 1.773 1.823 1.833 1.835 1.828 1.89 1.745 1.795 1.843 1.865 1.9 1.955 1.905 1.918 1.905 1.905 1.973 2.043 2.035 1.9 1.848 1.93 2.02 2.08 2.048 2.04 2.045 2.008 1.983 1.948 1.935 1.86 1.898 1.91 1.885 1.84 1.8 1.815 1.89 1.795 1.775 1.75 1.75 1.843 1.948 1.813 1.735 1.793 1.86 1.918 1.888 2.02 2.028 1.968 2.035 2.008 2.008 2.03 1.948
1.86 1.943 1.83 1.853 2.013 1.975 2.04 2.07 2 1.91 1.883 1.808 1.848 1.893 1.863 1.79 1.733 1.715 1.84 1.915 1.858 1.833 1.853 1.815 1.81 1.97 1.955 2.015 1.973 1.915 1.94 1.915 1.923 1.963 2.055 2.02 1.91 1.89 1.87 1.883 1.95 2.053 2.04 1.998 1.948 2 1.978 1.873 1.895 1.92 1.933 1.84 1.855 1.908 1.833 1.8 1.845 1.848 1.82 1.81 1.823 1.888 1.81 1.83 1.835 1.855 1.963 1.973 1.965 2.003 1.993 1.953 2.028 1.948 1.943 2.115 1.975
1.915 1.915 1.925 1.953 2.025 2.02 1.985 2.003 1.995 1.885 1.808 1.785 1.843 1.82 1.845 1.76 1.743 1.813 1.97 2.018 1.978 1.898 1.888 1.93 1.928 2.028 2.02 2.01 1.965 1.915 1.963 1.97 1.955 2.03 1.99 1.953 1.858 1.858 1.895 1.93 2.018 2.083 2.055 1.983 1.938 1.868 1.925 1.813 1.958 2.03 1.943 1.93 1.825 1.913 1.893 1.92 1.905 1.818 1.898 1.85 1.96 1.878 1.833 1.828 1.84 1.89 1.925 2.018 1.975 1.92 1.953 2.028 1.993 1.915 1.973 2.003 2.035
1.963 1.953 1.955 1.965 1.945 2.003 2 1.988 1.903 1.853 1.845 1.815 1.89 1.85 1.865 1.805 1.808 1.868 2.013 2.05 2.028 2.018 1.983 1.963 1.98 2.1 2.113 1.96 1.98 1.963 1.935 2 1.97 1.98 1.933 1.89 1.815 1.91 1.955 2.013 2.125 2.2 2.025 1.96 1.873 1.93 1.885 1.935 1.978 1.98 1.963 1.865 1.898 1.845 1.935 1.9 1.903 1.818 1.788 1.81 1.843 1.8 1.848 1.878 1.91 1.995 1.913 2.05 2.07 2.02 1.995 2.145 2.033 1.998 1.953 1.978 1.843
1.975 1.973 1.923 1.943 2.063 1.973 1.923 1.908 1.825 1.785 1.808 1.863 1.818 1.863 1.865 1.853 1.898 1.99 2 2.025 1.99 1.903 1.985 2.018 2.078 2.063 2.043 2.013 1.9 1.848 1.933 1.928 1.883 1.825 1.808 1.813 1.913 1.93 1.935 2.015 2.038 2.045 1.905 1.863 1.848 1.858 1.953 2.033 1.968 1.94 1.913 1.815 1.773 1.918 1.875 1.888 1.863 1.82 1.778 1.845 1.903 1.878 1.845 1.89 2.048 1.978 1.95 1.95 2.095 2 1.985 1.98 1.968 1.975 1.883 1.838 1.79
1.925 2.033 1.998 1.925 2.068 1.92 1.88 1.885 1.815 1.823 1.778 1.893 1.888 1.873 1.968 2.015 1.99 2.058 2.01 2.05 1.953 2.005 1.933 1.995 1.888 1.933 1.86 1.773 1.803 1.855 1.875 1.885 1.903 1.783 1.858 1.89 1.983 1.995 1.973 1.965 2.008 1.898 1.89 1.86 1.91 1.968 2.063 2.023 1.935 1.915 1.868 1.858 1.84 1.915 1.895 1.8 1.788 1.798 1.783 1.868 1.853 1.848 1.93 2.035 2.035 2.04 1.908 1.928 1.913 1.898 1.918 1.865 1.848 1.873 1.913 1.905 1.798
1.873 1.895 2.028 1.91 1.94 1.923 1.798 1.858 1.833 1.823 1.893 1.93 1.928 1.975 1.965 2.033 2.043 2.225 1.96 1.88 1.84 1.948 1.87 1.858 1.903 1.9 1.9 1.845 1.863 1.945 1.983 1.928 1.885 1.87 1.89 2.003 2.133 2.055 2.038 2.043 1.998 1.99 1.885 1.92 1.915 1.96 1.98 2.015 1.973 1.968 1.86 1.845 1.903 1.873 1.958 1.838 1.838 1.913 1.858 1.948 1.915 1.958 1.94 2.018 1.988 1.893 1.933 1.98 1.84 1.875 1.858 1.84 1.838 1.878 1.888 1.948 1.915
1.838 1.928 1.913 1.97 1.953 1.92 1.9 1.855 1.893 1.97 2.003 2.013 1.97 2.008 2.018 2.025 2.015 1.953 1.855 1.808 1.9 1.92 1.91 1.855 1.933 1.9 1.92 1.93 2.043 1.975 1.915 1.833 1.94 1.923 1.933 1.983 2.093 2.003 2.033 2.053 1.963 1.88 1.85 1.978 1.905 2.038 2.05 2.01 1.98 1.845 1.88 1.85 1.925 1.788 1.86 1.885 1.84 1.87 1.913 1.91 1.97 1.893 1.91 1.945 1.808 1.78 1.828 1.828 1.923 1.91 1.848 1.875 1.938 1.94 2.068 1.973 2.035
1.913 1.925 1.99 2.02 1.96 1.873 1.863 1.903 1.945 1.988 1.988 2.028 2.098 2.03 1.935 1.993 1.913 1.953 1.803 1.905 1.945 1.908 1.915 1.89 1.905 1.955 1.898 2.035 2.05 1.97 1.833 1.923 1.968 1.903 1.948 1.995 1.965 2.023 2.05 1.925 1.98 1.935 1.945 1.945 2.02 1.97 1.988 1.93 1.968 1.88 1.86 1.865 1.938 1.988 2.01 1.825 1.883 1.883 1.87 1.913 1.875 1.823 1.995 1.913 1.83 1.835 1.888 1.835 1.885 1.905 1.958 1.923 2.033 2.005 1.973 2.018 2.033
1.92 1.97 2.013 1.918 1.935 1.958 1.888 1.96 1.928 1.943 1.948 2.003 1.955 2.015 1.925 2.005 1.953 1.853 1.863 1.908 1.925 1.915 1.96 1.933 1.878 1.915 1.968 1.938 1.97 1.918 1.838 1.928 1.905 2.005 2.01 2.095 2.178 1.99 2.085 1.9 1.988 1.953 2.043 2.043 2.02 1.995 2.058 1.975 1.945 1.91 1.915 1.833 1.828 1.955 2.08 1.75 1.853 1.978 1.855 1.885 1.825 1.868 1.91 1.878 1.808 1.88 1.905 1.87 1.97 1.993 1.965 1.975 2.028 2.035 2.043 1.975 1.963
1.873 1.97 2 1.925 1.885 1.908 1.905 1.918 1.995 2.11 1.973 1.983 2.038 1.955 1.988 1.898 1.888 1.89 1.905 1.985 1.978 2.013 2.053 2.04 1.865 1.945 1.895 1.995 2.01 1.853 1.885 1.97 1.973 1.998 2.008 1.98 2.018 1.97 1.958 1.968 1.973 1.94 2 2.043 2.018 1.95 1.863 1.91 1.903 1.893 1.833 1.83 1.818 1.848 1.81 1.898 1.893 1.95 1.915 1.9 1.84 1.885 1.915 1.885 1.903 1.923 1.913 1.873 1.975 1.968 2 1.973 1.963 2.005 1.988 1.843 1.883
1.895 1.95 1.868 1.888 1.865 1.885 1.955 1.98 2.01 2.033 1.998 1.965 2.018 1.955 1.99 1.863 1.925 1.835 1.928 1.925 1.95 1.888 1.975 1.87 1.93 1.96 1.98 1.993 1.958 1.898 1.903 1.953 1.975 2.073 2.045 2.018 1.94 1.948 1.965 1.923 1.983 1.965 1.943 1.938 1.875 1.845 1.83 1.843 1.965 1.888 1.878 1.878 1.898 1.918 1.903 1.928 1.9 1.885 1.973 1.873 1.843 1.968 1.98 1.988 2 1.855 1.87 1.885 1.995 2 2.003 1.925 1.918 1.91 1.943 1.813 1.728
1.945 1.915 1.913 1.895 1.975 1.978 1.985 2.078 2.068 2.078 2.05 1.988 1.978 1.855 1.953 1.903 1.838 1.833 1.913 1.888 1.965 1.925 1.89 1.873 1.973 2.03 2.003 1.953 1.915 1.933 1.96 2.005 2.003 1.99 1.99 1.975 1.913 1.895 2.033 1.908 1.97 1.923 1.85 1.833 1.873 1.948 1.86 1.848 1.903 1.92 1.923 1.945 1.95 1.923 1.913 1.915 1.853 1.868 1.893 1.805 1.913 1.88 1.923 1.9 1.865 1.883 1.848 1.965 2.025 1.958 1.91 1.843 1.96 1.865 1.91 1.878 1.828
1.953 1.95 2.005 2.048 2.043 2.028 2.005 2.008 2.03 1.928 1.868 1.83 1.795 1.958 1.813 1.835 1.755 1.838 1.885 1.888 1.95 1.918 1.905 1.945 2 2.015 2.095 2.058 1.995 2.008 2.025 2.008 1.92 2.013 1.993 1.945 1.953 1.975 2.003 1.945 1.9 1.95 1.84 1.873 1.885 1.905 1.928 1.918 1.985 2.048 1.975 1.91 1.948 1.88 1.89 1.933 1.85 1.87 1.863 1.925 1.83 2.06 1.923 1.905 1.893 1.868 1.965 2.053 1.93 2.098 1.85 1.898 1.815 1.963 1.915 1.84 1.878
1.98 1.935 1.993 1.998 2.055 1.998 1.923 1.875 1.948 1.85 1.838 1.815 1.768 1.763 1.79 1.798 1.835 1.95 2.04 1.995 1.945 1.953 2.025 2.035 2.028 2.025 2.06 1.968 1.948 1.968 2.02 1.978 1.863 1.865 1.955 1.933 1.935 1.943 1.905 1.948 1.925 1.925 1.853 1.96 1.953 1.89 1.893 1.925 2.058 1.988 2.02 1.915 1.868 1.905 1.88 1.893 1.855 1.865 1.86 1.825 1.833 1.88 1.933 1.888 1.958 1.953 1.943 2.04 1.933 1.868 1.948 1.838 1.895 1.973 1.965 1.92 1.903
1.945 1.99 1.935 1.928 2.03 1.975 1.94 1.913 1.978 1.933 1.84 1.778 1.845 1.835 1.875 1.92 1.975 1.995 1.96 1.96 1.99 2.005 2.118 2.078 2.07 2.083 2.058 1.983 1.983 1.99 1.97 1.955 1.918 1.878 1.89 1.908 1.908 1.883 1.905 1.83 1.773 1.823 1.843 1.873 1.938 1.855 1.853 1.925 2.058 2.035 1.91 1.91 1.873 1.82 1.953 1.84 1.84 1.988 1.845 1.933 1.923 1.923 1.963 2.005 2.033 1.973 1.935 1.935 1.823 1.813 1.905 1.915 1.908 1.9 1.91 1.88 1.938
1.943 1.998 1.93 1.938 2.008 1.985 1.96 2.013 1.95 1.823 1.83 1.8 1.808 1.908 2.013 2.008 1.99 1.993 1.965 1.998 2.043 2.09 2.09 2.16 2.123 2.093 2.03 1.9 1.848 2.003 2.035 2.028 1.92 1.87 1.883 1.94 1.955 1.853 1.835 1.903 1.87 1.95 1.978 1.95 1.895 1.843 1.888 1.965 2.015 2.003 1.913 1.895 1.895 1.833 1.843 1.898 1.913 1.955 1.953 1.96 1.945 1.953 1.945 2.01 2.015 1.995 1.848 1.835 1.85 1.798 1.76 1.823 1.893 1.91 1.878 1.878 1.88
2.015 1.978 1.918 1.953 2.06 1.94 1.908 1.833 1.815 1.773 1.823 1.825 1.858 1.93 2.003 2.075 2.015 1.965 1.983 2.035 2.06 2.118 2.025 1.993 2.128 2.005 1.885 1.833 1.918 1.988 2.018 2.003 1.953 1.928 1.95 1.988 1.918 1.878 1.833 1.865 1.868 1.913 2.008 1.885 1.835 1.813 1.878 1.96 1.985 1.94 1.91 2 1.943 1.828 1.855 1.9 2.01 1.98 1.945 1.94 1.985 1.905 1.895 2.063 1.895 1.895 1.84 1.745 1.825 1.908 1.92 2.025 2.013 1.953 1.888 1.935 1.9
1.888 1.858 1.878 1.933 1.928 1.968 1.92 1.803 1.82 1.873 1.908 1.903 1.945 1.948 2.09 2.065 1.993 2.025 2.055 2.123 2.163 2.195 2.045 2.01 1.988 1.95 1.873 1.898 2.01 2.063 2.08 1.985 1.89 1.898 1.893 1.91 1.92 1.833 1.848 1.89 2.02 1.983 2.025 1.875 1.835 1.808 1.888 1.955 1.995 1.903 1.938 2 1.905 1.888 2.03 2.04 2.005 1.94 1.918 1.908 1.893 1.813 1.855 1.945 1.893 1.88 1.833 1.87 1.843 1.858 1.928 1.935 1.94 1.955 1.84 1.945 1.928
1.845 1.81 1.903 1.933 1.84 1.875 1.86 1.735 1.773 1.84 1.93 1.963 2.043 2.045 1.93 1.988 2.058 2.015 2.05 2.123 2.093 2.078 1.94 2.02 1.953 1.905 1.995 2.063 2.108 2.085 1.99 1.88 1.895 1.875 1.91 1.89 1.798 1.8 1.888 1.938 1.975 1.85 1.813 1.803 1.858 1.918 1.94 2.033 2.055 1.97 1.985 2.03 2.02 1.988 1.995 2.04 1.975 1.995 1.923 1.853 1.918 1.933 1.93 1.948 1.983 1.795 1.78 1.868 1.843 1.905 2.073 1.955 1.83 1.818 1.918 1.955 1.903
1.878 1.898 1.838 1.833 1.868 1.855 1.793 1.923 1.933 2.013 1.925 1.99 1.978 1.935 1.938 1.943 1.973 1.98 1.955 2.018 1.963 1.99 1.935 1.923 1.893 2.093 2.063 2.135 2.078 1.903 1.873 1.85 1.853 1.85 1.885 1.88 1.78 1.798 1.908 1.935 1.803 1.89 1.795 1.863 1.853 1.893 2.035 2.068 2 2.023 1.96 2.01 1.89 1.943 1.895 2 1.985 1.985 1.853 1.948 1.978 1.923 1.923 1.865 1.885 1.853 1.798 1.923 1.965 1.933 2.02 1.93 1.873 1.848 1.835 1.94 1.995
1.863 1.855 1.905 1.838 1.923 1.883 1.82 1.905 1.9 1.988 1.893 1.91 2.068 1.953 1.943 1.86 1.888 2.015 1.99 2.015 1.978 1.9 1.898 1.9 2.02 2.005 2.113 2.075 2.01 1.91 1.925 1.883 1.85 1.835 1.9 1.89 1.81 1.73 1.835 1.978 1.925 1.755 1.805 1.873 1.983 2.015 2.088 2.015 1.943 1.945 1.913 1.943 1.9 1.98 1.925 1.915 1.9 1.98 1.928 2.015 1.973 1.928 1.875 1.958 1.918 1.868 1.825 1.99 1.953 1.96 1.92 1.918 1.89 1.923 2.025 1.953 2.02
1.933 1.833 1.813 1.833 1.868 1.92 1.86 1.83 1.875 2 1.88 1.968 1.963 1.88 1.878 1.903 1.983 2.098 2.073 2.005 1.993 1.948 1.995 1.965 2.085 2.063 2.158 2.058 1.93 1.905 1.923 1.853 1.893 1.86 1.89 1.935 1.83 1.823 1.903 2.008 1.893 1.893 1.935 1.918 1.958 2.035 2.035 1.953 1.928 1.878 1.95 1.945 2.018 1.995 2.03 1.968 2.038 1.985 2.07 2.02 1.973 1.91 1.948 1.878 1.858 1.933 1.955 1.908 1.918 2.028 1.918 1.865 1.943 1.918 2.005 2.018 2.008
1.953 1.875 1.873 1.92 1.858 1.805 1.958 1.9 1.91 1.955 1.908 1.925 1.995 1.973 1.928 1.893 1.995 2.105 2.01 1.953 1.895 1.915 1.968 2.06 2.065 2.003 2.025 1.923 1.9 1.893 1.828 1.873 1.89 1.828 1.903 1.908 1.82 1.798 1.995 2.018 1.89 1.983 1.965 1.968 1.965 2.005 1.968 1.875 2.013 1.933 1.938 2.013 2.048 1.948 2.018 2.048 2.025 2.03 1.97 1.973 1.853 1.86 1.898 1.938 1.95 1.925 2.003 1.98 2.07 1.985 1.953 2.068 1.948 1.903 2.053 1.958 1.94
1.965 1.838 1.823 1.883 1.823 1.848 1.865 1.878 1.88 1.868 1.945 1.863 1.993 1.96 1.99 1.965 1.928 2.093 2.035 1.963 1.848 1.898 2.028 2.16 2.07 2.005 1.96 1.823 1.78 1.885 1.793 1.793 1.808 1.955 1.903 1.79 1.818 1.86 1.945 1.92 1.963 1.993 1.978 1.983 1.965 1.918 1.97 1.878 1.938 1.955 2.02 2.105 2.053 2.063 2.103 2.068 1.905 2.003 1.905 1.905 1.935 2.05 1.958 1.86 1.873 1.905 1.998 2.018 1.995 1.98 1.883 1.948 1.975 1.928 2.055 1.993 1.965
1.84 1.87 1.898 1.84 1.923 1.898 1.848 1.868 1.853 1.923 1.878 1.945 2.005 1.923 1.993 2.103 2.08 2.025 1.905 1.838 1.838 1.968 2.078 2.053 1.913 1.973 1.845 1.798 1.798 1.85 1.88 1.928 1.955 1.933 1.89 1.823 1.815 2.043 2.033 1.963 1.935 1.993 2.058 1.998 1.97 1.993 2.07 1.948 1.968 1.973 2.12 1.993 2.003 2.093 2.02 1.92 1.83 1.9 1.94 1.985 1.813 1.853 1.858 1.785 1.878 1.843 1.863 1.97 1.965 2 1.993 1.95 2.005 2.013 2.015 2.025 2.01
1.86 1.923 1.853 1.8 1.933 1.995 1.845 1.91 2.018 1.958 1.915 1.918 1.958 1.853 1.945 2.018 1.99 1.938 1.87 1.868 2.058 2.125 2.05 2.095 1.913 1.855 1.805 1.823 1.875 1.885 1.958 1.963 1.96 2 1.925 1.875 1.945 1.983 2.06 2.01 1.988 2.085 2.068 2.093 1.993 1.89 2.03 2.023 2.118 1.998 2.038 1.99 1.968 2.02 1.945 1.965 1.853 1.94 2.058 1.975 1.938 1.878 1.863 1.815 1.903 1.895 1.93 2.025 2.098 2.023 1.923 2.03 2.015 2.008 2.028 2.025 1.923
1.898 1.885 1.9 1.813 1.908 1.918 1.78 1.918 1.985 1.895 1.895 1.865 1.965 1.955 2.01 1.948 1.94 1.9 1.888 1.968 2.01 2.118 2.2 1.858 1.828 1.845 1.78 1.775 1.873 2.035 1.988 2.005 1.97 1.99 1.903 1.855 1.878 1.965 1.973 1.868 1.793 2.038 2.15 2.115 1.97 1.84 1.94 2.02 2.08 1.993 1.988 1.855 2.03 2.075 1.92 1.783 1.81 1.888 1.913 1.893 1.973 1.893 1.87 1.88 1.893 1.948 2.048 2.058 1.998 1.99 1.933 1.993 1.925 1.98 2.005 1.913 1.905
1.89 1.848 1.778 1.848 1.845 1.868 1.905 1.938 1.99 1.978 1.953 1.993 2.04 1.955 1.943 2.01 1.81 1.948 1.865 2.005 1.98 2.095 2.055 1.825 1.773 1.805 1.835 2.043 2.04 2.123 2.015 1.995 1.988 1.94 1.88 1.863 1.728 1.83 1.878 1.93 1.913 1.953 1.978 2.068 1.948 1.908 1.93 2.018 2.043 2.053 2.013 1.875 1.998 1.878 1.848 1.88 1.848 1.93 1.963 2.028 1.953 2.055 1.945 1.868 2.008 2.153 2.07 2.05 1.968 1.838 1.875 1.938 1.895 1.87 1.918 1.873 1.788
1.8 1.78 1.745 1.86 1.898 1.91 1.963 2.013 1.99 1.96 1.94 1.95 2.115 1.983 1.94 1.92 1.845 1.888 1.983 2.048 1.995 1.95 1.828 1.793 1.788 1.895 2.053 2.19 2.108 2.125 2.02 1.858 1.94 1.868 1.86 1.835 1.83 1.945 1.995 1.918 1.978 2.018 1.835 1.835 1.825 1.938 1.97 2.033 2.02 1.955 1.95 2.05 2.033 1.94 1.943 2.055 1.945 1.993 1.998 2.018 2.015 1.983 1.98 1.938 1.988 2.053 2.045 2.16 1.95 1.865 1.873 1.94 1.94 1.88 1.863 1.738 1.7
1.873 1.903 1.858 1.898 2.008 2.04 1.95 1.915 1.983 1.968 1.975 1.928 1.975 2.033 1.945 1.943 1.898 1.923 1.983 1.913 1.935 1.878 1.813 1.873 1.878 2.078 2.075 2.085 2.113 1.998 1.823 1.69 1.845 1.675 1.765 1.878 1.905 1.878 1.883 1.898 1.93 1.963 1.83 1.845 1.885 2.06 2.008 2.018 2.003 1.965 1.898 1.965 2.015 1.848 1.903 1.91 1.953 2.013 1.988 2 1.928 1.878 1.91 1.965 2.05 2.058 2.088 1.953 1.935 1.905 1.84 1.873 1.863 1.858 1.778 1.748 1.74
1.778 1.898 1.825 1.99 2 1.993 2.098 2.07 1.898 1.808 1.86 1.888 1.943 2.023 1.875 1.878 1.883 2.023 1.953 1.938 1.853 1.883 1.845 1.918 1.825 1.965 1.988 1.955 1.985 1.913 1.838 1.773 1.85 1.775 1.9 2.003 2.043 1.843 1.86 1.883 2 1.925 1.983 1.923 1.963 2.095 2.103 2.055 2.01 2.06 2.035 1.855 1.865 1.878 1.94 1.963 2.048 2.073 1.928 1.978 1.993 1.955 2.068 1.888 1.918 1.995 1.965 1.868 1.863 1.828 1.83 1.883 1.84 1.865 1.763 1.765 1.888
1.87 1.888 1.855 1.935 2.123 1.948 1.983 1.898 1.875 1.82 1.938 2.053 1.97 1.963 1.918 1.945 2.023 1.978 1.99 1.9 1.938 1.913 1.945 1.948 2.015 1.98 1.88 1.968 1.873 1.833 1.768 1.763 1.778 1.93 2.008 2.043 2.013 1.98 1.978 1.918 2.008 2.003 1.943 1.953 2.045 2.103 2.1 1.953 1.948 1.933 1.983 1.873 1.858 2.015 2.075 2.118 2.148 2.03 1.995 2.023 1.915 2.015 1.913 1.945 1.873 1.913 1.9 1.74 1.838 1.8 1.833 1.955 2.055 1.835 1.82 1.805 1.798
1.835 1.915 1.935 1.96 2.05 1.945 1.86 1.898 1.883 1.865 1.91 2.043 2.073 1.958 2.015 2.005 1.958 2.025 1.953 1.893 1.91 1.875 1.95 1.968 1.95 1.935 1.978 2.095 1.93 1.843 1.863 1.77 1.868 2.013 2.113 2.053 1.955 2.043 1.943 1.963 1.968 2.015 2.028 1.988 2.12 2.063 1.995 1.915 1.928 2.02 2.015 1.965 1.883 1.983 2.02 2.04 2.11 1.935 2 1.995 1.885 1.888 1.968 1.948 1.853 1.768 1.758 1.713 1.758 1.915 1.875 1.91 1.923 1.82 1.89 1.813 1.818
