All_lidar/sz6486_DSM_2M.asc
ncols 500
nrows 500
xllcorner    464000
yllcorner    86000
cellsize     2
NODATA_value -9999
[rows 160 to 191 of 500, columns 0 to 71 of 500]
26.39 26.657 26.862 27.042 27.207 27.365 27.65 28.225 28.435 28.555 28.677 28.86 29.137 29.285 29.387 29.617 30.085 30.542 30.917 30.992 31.045 31.22 31.487 31.787 32.192 32.442 32.53 32.617 32.797 33.02 33.655 34.022 34.23 34.512 34.795 35.105 35.435 35.77 35.942 36.065 36.502 38.68 38.805 38.92 39.647 39.98 40.717 40.35 40.057 39.977 40.272 40.417 40.669 40.882 41.662 42.279 40.524 41.279 42.149 41.762 41.959 43.157 43.487 44.047 49.474 50.922 51.197 51.439 51.644 50.962 49.144 48.372
26.422 26.65 26.855 27.042 27.242 27.42 27.782 28.262 28.417 28.54 28.68 28.86 29.075 29.25 29.392 29.595 29.972 30.435 30.842 30.96 31.04 31.175 31.422 31.707 32.095 32.43 32.542 32.592 32.752 32.93 33.512 34.047 34.242 34.507 34.775 35.045 35.35 35.685 35.855 35.985 37.625 40.555 38.695 40.355 39.782 39.965 39.985 39.927 40.052 39.932 40.237 40.604 40.592 40.662 40.889 41.204 40.354 40.279 40.654 40.892 41.777 42.704 42.999 42.927 49.129 51.542 51.957 51.782 51.499 50.889 49.747 49.609
26.435 26.657 26.865 27.04 27.25 27.495 27.952 28.225 28.345 28.502 28.65 28.807 28.997 29.165 29.355 29.625 29.935 30.345 30.76 30.96 31.037 31.177 31.395 31.612 32.005 32.405 32.512 32.555 32.705 32.897 33.38 34.097 34.247 34.475 34.692 34.975 35.297 35.577 35.785 35.91 36.137 39.202 39.937 39.96 39.865 39.987 40.267 40.28 39.952 39.882 40.149 40.079 40.202 40.422 40.334 40.782 40.957 40.074 40.762 40.967 41.697 42.387 42.827 42.682 48.707 49.972 50.057 50.862 49.587 48.097 46.977 45.852
26.445 26.707 26.915 27.105 27.257 27.552 28.027 28.195 28.32 28.477 28.625 28.767 28.927 29.11 29.362 29.632 29.902 30.252 30.64 30.94 31.057 31.17 31.35 31.567 31.877 32.337 32.497 32.542 32.655 32.887 33.315 34.03 34.25 34.425 34.67 34.947 35.242 35.48 35.73 35.855 36.055 38.757 39.297 39.625 39.602 39.837 39.962 40.4 40.445 40.295 40.209 39.949 39.847 39.974 39.869 40.844 41.177 40.339 40.422 42.192 42.189 42.057 42.539 42.712 43.942 44.262 44.752 46.259 45.319 43.107 42.902 42.817
26.397 26.595 26.92 27.122 27.277 27.527 28.002 28.17 28.3 28.415 28.592 28.737 28.93 29.147 29.415 29.622 29.842 30.177 30.532 30.877 31.017 31.132 31.297 31.525 31.802 32.26 32.455 32.49 32.637 32.855 33.257 33.99 34.262 34.407 34.612 34.887 35.187 35.455 35.647 35.795 36.012 37.872 39.347 39.047 39.55 40.402 39.935 40.305 40.452 40.597 40.619 40.234 39.904 39.932 40.304 40.969 41.342 42.369 42.587 43.752 41.642 42.137 43.352 42.809 43.739 42.982 42.709 42.729 42.694 42.677 42.684 42.699
27.352 27.875 27.142 27.087 27.262 27.475 27.94 28.13 28.25 28.375 28.512 28.682 28.94 29.187 29.42 29.607 29.757 30.107 30.422 30.68 30.89 31.067 31.265 31.495 31.702 32.08 32.255 32.372 32.557 32.847 33.202 33.932 34.257 34.37 34.525 34.817 35.155 35.427 35.63 35.782 35.965 36.695 38.935 38.605 39.985 40.795 39.785 40.08 40.452 40.387 40.452 40.199 40.109 40.522 41.167 40.549 40.327 39.949 46.062 47.569 43.234 42.587 45.917 43.184 44.092 42.882 42.584 42.542 42.519 42.559 42.589 42.614
29.145 29.097 27.312 27.085 27.255 27.387 27.82 28.035 28.112 28.227 28.387 28.605 28.875 29.14 29.4 29.577 29.72 30.037 30.362 30.597 30.79 31.012 31.232 31.422 31.64 31.902 32.095 32.252 32.465 32.767 33.187 33.815 34.3 34.407 34.497 34.717 35.095 35.362 35.6 35.8 35.945 36.305 39.212 38.647 39.852 40.23 40.145 39.982 39.897 39.892 39.752 39.684 39.767 40.249 41.209 41.369 40.719 42.842 45.337 41.504 41.702 41.817 43.327 42.927 44.119 42.894 42.439 42.409 42.474 42.517 42.549 42.559
29.087 29.042 26.967 27.072 27.242 27.347 27.652 27.892 28.027 28.195 28.357 28.562 28.795 29.085 29.33 29.525 29.71 29.97 30.337 30.56 30.75 30.937 31.172 31.385 31.585 31.807 32.025 32.185 32.422 32.665 33.047 33.595 34.217 34.392 34.47 34.637 34.98 35.297 35.55 35.747 35.915 36.115 38.21 38.68 38.685 39.512 40.03 40.03 39.667 39.54 39.507 39.644 40.162 40.452 40.377 41.674 40.429 40.404 41.304 40.157 40.529 41.712 42.094 42.519 42.659 43.112 42.354 42.332 42.414 42.439 42.662 44.107
29.137 29.127 27.28 26.922 27.207 27.375 27.54 27.802 28.025 28.197 28.357 28.532 28.76 29.017 29.202 29.432 29.672 29.95 30.307 30.55 30.74 30.895 31.115 31.287 31.522 31.747 31.955 32.14 33.64 35.755 34.345 33.792 33.887 34.23 34.41 34.532 34.845 35.2 35.442 35.675 35.867 36.015 37.302 39.22 37.762 39.697 39.43 39.762 39.595 39.44 39.407 39.507 40.122 40.572 40.397 40.967 40.224 41.299 40.514 40.014 40.449 41.649 41.739 42.654 47.259 45.622 43.569 42.439 42.357 42.387 42.872 45.312
29.147 29.115 27.875 26.885 27.177 27.34 27.485 27.74 28.03 29.02 29.865 29.967 28.74 28.972 29.117 29.327 29.635 29.932 30.25 31.712 31.565 30.852 31.05 31.237 31.5 31.73 31.9 35.192 38.73 39.347 38.882 36.662 33.642 34.055 34.37 34.552 34.77 35.132 35.377 35.575 35.82 35.957 37.152 39.205 38.322 40.92 40.275 39.48 39.437 40.16 39.729 41.049 40.374 40.464 40.912 40.654 40.019 43.874 41.469 40.277 44.157 42.714 41.874 41.952 42.707 43.712 43.374 43.132 42.267 42.359 42.432 43.082
28.912 29.122 28.422 26.792 27.092 27.317 27.44 27.682 27.977 29.537 31.34 31.33 28.925 28.972 29.075 29.25 29.555 30.405 32.125 33.202 32.82 30.797 31.032 31.227 31.487 31.692 32.335 38.585 39.09 38.835 39.215 38.265 33.84 33.935 34.252 34.49 34.745 35.06 35.31 35.497 35.745 35.91 36.29 39.352 38.137 38.45 38.832 39.66 38.99 41.442 40.137 39.789 40.894 41.199 41.359 40.327 40.447 41.837 41.552 41.952 42.249 40.662 40.409 40.652 41.904 41.954 45.314 43.604 42.427 42.284 42.367 42.527
28.217 29.117 28.795 26.84 27.02 27.287 27.377 27.64 28.125 29.3 31.332 31.305 29.405 28.88 29.047 29.202 29.487 30.505 31.77 33.222 33.212 30.875 31.04 31.172 31.407 31.66 32.632 37.242 38.605 36.617 37.655 36.587 33.545 33.865 34.155 34.382 34.662 34.98 35.192 35.377 35.565 35.785 36.015 37.752 38.517 38.075 38.727 40.302 39.477 40.615 39.644 40.524 41.419 41.564 41.709 40.787 39.629 39.597 40.752 41.724 39.849 39.977 39.809 41.164 41.532 41.104 43.124 42.324 43.057 42.299 42.294 42.397
28.467 29.012 28.26 26.737 26.93 27.217 27.337 27.582 28.325 28.907 31.282 31.317 29.95 28.797 28.995 29.182 29.415 30.002 30.815 33.202 33.177 31.87 30.965 31.152 31.357 31.597 31.777 32.777 35.517 33.98 32.992 33.18 33.56 33.865 34.107 34.35 34.652 34.995 35.222 35.395 35.547 35.717 35.935 36.197 38.147 38.01 39.677 39.06 38.582 40.61 40.739 40.667 40.639 41.032 43.062 43.907 41.519 39.642 39.537 40.324 40.609 39.912 39.622 39.737 44.349 41.832 41.974 41.802 42.357 42.459 42.197 42.302
26.67 26.475 26.4 26.56 26.845 27.15 27.255 27.495 27.982 29.545 30.812 31.332 30.515 28.742 28.952 29.132 29.355 29.68 30.052 32.52 31.707 30.88 30.912 31.127 31.322 31.585 31.785 33.642 35.092 34.305 32.655 33.115 33.482 33.79 34.032 34.305 34.622 34.942 35.177 35.34 35.502 35.677 35.917 36.155 37.752 39.127 38.687 38.41 39.637 39.365 39.627 39.979 40.009 40.402 41.164 42.957 40.509 39.379 40.377 40.492 40.739 39.269 39.529 39.549 40.377 41.764 42.342 41.267 42.544 42.852 42.814 42.184
26.105 26.605 27.057 26.672 26.81 27.082 27.245 27.432 27.742 28.807 30.277 31.33 31.092 29.337 28.92 29.152 29.33 29.617 29.98 30.29 30.472 30.65 30.88 31.115 31.31 31.532 31.745 32.81 35.195 35.155 33.472 33.015 33.362 33.672 33.975 34.272 34.552 34.842 35.105 35.262 35.435 35.635 35.927 36.15 36.4 37.99 37.325 37.76 39.172 40.312 39.669 39.657 40.019 40.202 41.237 39.484 39.299 39.389 39.902 40.099 39.824 39.219 39.382 39.492 39.494 40.414 41.819 41.779 44.772 44.514 43.759 42.579
26.695 29.04 29.015 27.21 26.732 27.002 27.21 27.372 27.655 28.045 29.662 31.322 31.312 30.41 28.925 29.145 29.337 29.545 29.865 30.247 31.005 31.562 31.547 31.152 31.31 31.472 31.937 32.655 35.002 35.155 34.265 32.935 33.257 33.57 33.89 34.16 34.42 34.725 34.977 35.15 35.36 35.587 35.842 36.105 36.257 36.79 37.61 37.125 38.635 41.39 40.502 40.069 39.422 40.109 39.914 40.897 42.444 40.692 42.177 41.832 39.624 40.822 39.692 40.309 40.099 39.527 41.089 41.682 42.489 43.797 42.699 43.567
26.252 29.08 29.042 27.745 26.68 26.92 27.167 27.257 27.545 27.71 28.405 31.03 30.422 29.852 28.9 29.125 29.332 29.517 29.825 30.187 33.395 33.387 32.22 31.122 31.347 31.5 31.67 32.577 34.505 35.177 35.15 33.415 33.192 33.465 33.76 34.047 34.275 34.535 34.782 34.987 35.232 35.487 35.642 35.955 36.15 36.317 37.925 37.007 37.177 37.455 39.242 41.414 40.404 40.309 40.239 40.354 41.759 41.134 40.447 41.127 40.379 39.142 39.227 39.694 39.622 39.507 40.169 39.977 40.859 41.214 42.167 44.297
26.777 28.667 29.062 28.315 26.6 26.84 27.065 27.177 27.422 27.65 27.937 28.48 28.41 28.662 28.892 29.155 29.315 29.5 29.76 30.13 32.335 33.412 33 31.327 31.332 31.442 31.57 32.135 33.102 35.22 35.127 33.635 33.06 33.36 33.65 33.895 34.107 34.342 34.63 34.875 35.11 35.312 35.487 35.737 35.987 36.165 36.555 38.76 37.842 39.172 41.137 39.742 40.934 41.107 40.947 40.102 39.717 39.722 41.172 40.577 39.989 39.899 40.152 40.112 40.907 40.607 39.424 39.697 40.807 41.682 42.799 44.727
26.96 28.122 29.07 28.825 26.51 26.732 26.94 27.125 27.33 27.56 27.87 28.215 28.395 28.627 30.405 29.327 29.305 29.44 29.707 30.707 31.005 33.42 33.405 31.97 31.3 31.44 31.562 31.902 32.582 34.827 35.162 34.537 32.98 33.287 33.552 33.772 33.985 34.205 34.565 34.857 35.015 35.147 35.3 35.492 35.72 35.97 36.205 37.34 38.935 38.085 38.544 38.579 40.232 38.784 41.197 40.564 40.917 42.222 42.022 42.499 41.809 41.052 40.629 40.487 42.037 40.674 39.387 39.609 39.909 41.297 42.184 44.417
26.452 27.565 29.062 29.032 26.825 26.64 26.872 27.08 27.222 27.45 27.765 28.18 29.68 30.45 29.945 29.077 29.307 29.397 29.617 30.17 30.962 32.992 33.435 32.912 31.452 31.44 31.562 31.74 31.99 32.827 34.622 33.56 32.785 33.19 33.467 33.71 33.932 34.205 34.61 34.875 34.975 37.467 37.185 35.385 35.317 35.542 35.975 36.28 37.355 38.355 39.512 37.839 38.729 39.379 40.247 41.264 40.892 40.517 41.327 42.617 42.674 41.402 41.192 40.824 40.214 41.429 41.877 41.542 39.769 40.109 40.682 42.492
26.04 26.95 29.057 29.015 27.332 26.57 26.762 27.035 27.137 27.342 27.617 28.067 30.892 31.497 30.807 29.082 29.265 29.397 29.575 29.91 30.8 32.147 33.437 33.435 31.782 31.445 31.562 31.707 31.915 32.182 32.327 32.465 32.717 33.065 33.345 33.617 33.852 34.275 34.52 34.785 34.945 37.437 38.112 38.03 37.36 36.125 35.717 36.16 36.647 39.74 38.917 39.687 38.764 39.619 39.067 40.707 39.612 40.072 41.589 41.172 41.229 41.089 41.939 41.404 39.869 43.937 43.429 42.712 39.634 40.009 40.284 41.909
25.382 25.847 28.907 29.022 27.382 26.455 26.657 26.955 27.1 27.27 27.547 28.187 29.275 31.47 31.475 29.795 29.2 29.372 29.51 29.765 30.285 30.802 33.44 33.42 32.182 31.392 31.547 31.695 31.852 32.072 32.245 32.45 32.702 32.997 33.245 33.48 33.812 34.367 34.595 34.702 34.87 35.842 36.747 37.622 38.077 38.077 37.36 36.142 36.28 37.525 39.072 38.832 38.169 38.312 38.772 38.734 39.892 40.577 39.412 41.847 40.782 41.679 41.894 40.257 40.907 39.987 40.007 40.094 39.704 40.082 40.342 41.159
25.277 25.692 26.98 26.88 26.145 26.282 26.565 26.857 27.077 27.225 27.485 28.245 28.982 31.302 31.457 30.725 29.277 29.325 29.495 29.692 29.982 30.265 32.165 32.917 31.847 31.245 31.425 31.635 31.837 32.06 32.282 32.467 32.682 32.89 33.165 33.372 33.55 34.077 34.507 34.672 34.767 35.035 35.465 35.242 35.567 37.17 36.147 35.96 36.147 36.532 39.189 39.824 37.844 38.662 38.144 38.404 38.554 38.509 39.269 40.544 40.402 40.759 40.677 40.599 41.599 40.182 39.959 40.367 40.062 40.354 40.247 40.757
25.162 25.522 25.835 25.935 26.655 26.305 26.485 26.745 27 27.142 27.485 27.842 28.887 30.7 31.46 31.45 29.61 29.395 32.76 30.952 29.895 30.135 30.542 30.585 30.81 31.067 31.275 31.56 31.847 32.06 32.247 32.395 32.657 32.935 33.177 33.295 33.465 33.672 34.157 34.552 34.712 34.802 34.852 34.902 34.987 35.235 35.572 35.617 35.605 35.86 36.249 38.282 39.349 41.264 38.569 37.879 37.634 37.909 37.962 39.137 39.897 39.177 40.484 40.159 39.659 39.847 39.879 40.894 41.042 40.992 39.732 40.774
24.982 25.337 26.087 28.062 28.697 27.422 26.355 26.64 26.94 27.065 27.39 27.747 28.37 29.62 31.457 31.44 31.787 37.47 38.892 36.177 29.832 30.055 30.267 30.48 30.682 30.965 31.282 31.497 31.757 31.987 32.505 33.487 32.595 32.987 33.247 33.445 33.517 33.595 33.857 34.322 34.627 34.73 34.845 34.92 35 35.09 35.15 35.222 36.812 36.86 35.822 38.104 37.467 37.477 37.847 38.644 37.909 38.447 37.924 38.054 40.389 40.094 41.682 40.232 40.734 40.692 39.699 39.927 43.987 44.119 39.747 39.739
24.812 25.157 25.705 28.39 28.72 28.432 26.405 26.582 26.87 27.04 27.26 27.672 28.145 28.645 30.882 31.45 34.005 38.345 39.295 38.105 32.165 29.972 30.197 30.39 30.68 30.905 31.157 32.242 31.965 31.96 32.76 32.457 32.402 32.692 33.032 33.35 33.582 33.715 33.797 33.992 34.455 34.665 34.797 34.942 35.042 35.06 35.74 37.915 38.305 37.807 35.962 36.562 39.139 37.772 37.302 38.724 37.459 37.552 39.157 38.944 39.349 39.487 40.252 39.232 40.697 42.812 41.389 39.679 41.804 41.372 39.999 39.569
24.68 24.997 25.442 27.347 28.747 28.7 26.892 26.525 26.832 26.967 27.15 27.542 27.91 28.227 28.917 29.632 31.16 36.962 37.837 35.227 30.647 29.932 30.12 30.32 30.525 30.767 31.097 31.54 31.745 31.87 32.037 32.662 34.237 33.705 32.602 32.94 33.447 33.67 33.842 33.885 34.137 34.565 34.735 34.922 36.047 37.467 38.317 38.242 37.412 35.755 35.899 36.099 37.819 40.579 38.459 37.807 39.607 38.939 38.462 39.384 38.959 38.824 39.172 38.352 40.359 41.044 41.392 39.809 40.604 41.424 40.199 40.189
24.587 24.865 26.15 26.355 28.157 28.725 28.407 26.392 26.757 26.94 27.075 27.397 27.81 28.14 28.41 28.675 28.852 33.722 34.935 31.922 29.677 29.812 29.99 30.175 30.392 30.62 31.132 31.605 31.727 31.75 32.162 32.735 34.742 35.107 35.112 34.35 33.962 33.042 33.567 33.877 33.935 34.305 34.64 34.77 35.292 38.137 36.715 35.592 35.285 35.66 35.824 35.947 36.069 38.022 38.424 37.399 38.482 39.284 37.799 38.479 40.152 39.962 39.724 39.854 39.169 40.479 40.229 41.669 40.274 40.057 40.669 40.299
24.547 24.702 25.08 27.865 27.847 28.73 28.745 26.702 26.647 26.895 27.04 27.302 27.707 28.035 28.265 28.477 28.737 28.885 29.492 29.3 29.605 31.235 30.1 30.13 30.287 30.497 31.075 31.37 31.452 31.62 31.912 32.175 32.685 33.295 34.34 35.08 35.18 34.175 33.527 33.837 33.907 33.997 34.487 34.672 34.855 35.38 34.905 35.045 35.17 35.412 35.469 35.564 35.804 36.444 37.809 38.217 38.052 37.737 38.674 39.609 39.187 40.187 38.442 39.202 40.617 40.877 40.309 39.349 39.222 39.359 39.522 39.882
24.547 24.64 24.905 25.535 26.667 28.707 28.737 28.227 26.512 26.83 26.972 27.227 27.532 27.852 28.122 28.34 28.595 28.785 28.947 29.122 30.53 31.432 29.935 30.097 30.225 30.392 30.605 31.135 31.745 31.467 31.655 31.842 32.002 32.125 32.242 33.202 33.747 33.142 33.312 33.662 33.835 33.85 34.217 34.51 34.67 34.827 35.285 35.742 34.987 34.98 35.044 35.089 35.839 36.152 38.192 38.172 38.637 38.412 38.657 39.229 39.224 40.469 39.527 40.434 41.067 40.092 42.132 40.954 40.354 39.259 39.062 40.212
24.5 24.607 24.77 25.132 25.69 27.497 28.685 28.2 26.472 26.74 26.9 27.17 27.462 27.747 28.01 28.215 28.475 28.647 28.81 29.025 29.61 29.752 29.88 30.027 30.11 31.057 32.647 32.672 31.697 31.095 31.532 31.712 31.897 32.072 32.207 32.347 32.717 32.957 33.175 33.44 33.725 33.79 33.85 34.315 34.557 34.722 34.79 34.857 34.812 34.877 34.982 36.819 36.899 35.784 36.424 37.042 39.014 38.717 38.159 39.307 39.649 40.499 39.844 40.492 40.287 38.809 40.777 41.304 39.452 39.932 38.849 39.244
24.367 24.59 24.727 25.012 25.342 26.255 26.995 26.217 26.402 26.64 26.857 27.112 27.365 27.625 27.905 28.262 28.387 28.532 28.665 28.95 29.46 29.55 29.7 30.55 31.98 32.672 32.342 31.41 30.532 30.905 31.357 31.56 31.767 31.955 32.107 32.51 32.687 32.872 32.932 33.08 33.44 33.732 33.69 33.967 34.437 34.605 34.697 34.747 35.265 36.96 37.844 38.084 37.637 35.914 36.009 36.559 39.049 38.627 37.202 37.944 39.114 40.454 41.319 40.232 41.327 41.282 38.682 39.177 38.809 39.682 38.747 38.914
