All_lidar/sz6489_DSM_2M.asc
ncols 500
nrows 500
xllcorner    464000
yllcorner    89000
cellsize     2
NODATA_value -9999
[rows 34 to 67 of 500, columns 77 to 153 of 500]
2 2.012 1.945 1.877 1.892 1.9 1.91 1.857 1.81 1.842 1.89 1.857 1.852 1.82 1.917 1.917 1.8 1.705 1.805 1.845 1.825 1.842 1.845 2.005 1.932 1.947 1.852 2.015 1.9 1.895 1.932 1.942 1.852 1.83 1.895 1.925 1.932 1.845 1.922 1.907 1.85 1.867 1.887 1.952 1.95 2 1.945 1.962 1.957 1.975 1.915 1.94 1.967 1.955 1.857 1.872 1.79 1.787 1.767 1.78 1.817 1.81 1.785 1.78 1.822 1.81 1.867 1.865 1.89 1.83 1.812 1.84 1.852 1.822 1.839 1.854 1.767
1.94 1.982 1.95 1.905 1.865 1.852 1.852 1.902 1.865 1.875 1.837 1.79 1.792 1.852 1.87 1.832 1.807 1.792 1.8 1.792 1.817 1.85 1.93 1.947 1.917 1.91 1.895 1.892 1.842 1.877 1.857 1.875 1.87 1.915 1.907 1.96 1.847 1.892 2.005 1.877 1.805 1.94 1.98 1.915 1.952 2.07 1.975 1.905 1.882 1.872 1.88 1.925 1.862 2.017 1.84 1.872 1.865 1.83 1.87 1.865 1.81 1.922 1.855 1.795 1.815 1.902 1.82 1.815 1.845 1.902 1.902 1.81 1.91 1.854 1.814 1.804 1.809
1.895 1.852 1.93 1.902 1.865 1.882 1.882 1.88 1.872 1.92 1.855 1.917 1.855 1.85 1.855 1.915 1.925 1.875 1.867 1.865 1.855 1.85 1.91 1.93 1.927 1.897 1.872 1.827 1.805 1.842 1.865 1.947 1.9 1.935 1.895 1.905 1.895 1.862 1.812 1.817 1.85 1.942 1.942 2.025 1.955 1.985 1.972 1.937 1.922 1.927 1.9 1.995 1.84 1.855 1.897 1.905 1.89 1.835 1.887 1.87 1.84 1.857 1.877 1.87 1.86 1.972 1.852 1.865 1.9 1.895 1.872 1.875 1.827 1.809 1.832 1.864 1.807
1.937 1.875 1.907 1.922 1.852 1.837 1.905 1.897 1.862 1.845 1.845 1.917 1.882 1.875 1.905 1.937 1.895 1.822 1.88 1.775 1.85 1.887 1.895 1.96 1.935 1.872 1.82 1.887 1.932 1.842 1.895 1.88 1.837 1.89 1.905 1.85 1.855 1.81 1.752 1.795 1.88 1.865 2.027 1.955 1.905 1.987 1.882 1.892 1.825 1.912 1.89 1.897 1.872 1.867 1.872 1.855 1.902 1.872 1.897 1.942 1.957 1.837 1.937 1.81 1.877 1.897 1.867 1.92 1.952 1.96 1.877 1.895 1.852 1.889 1.902 1.909 1.754
1.942 1.902 1.857 1.895 1.862 1.865 1.857 1.86 1.815 1.835 1.842 1.96 1.877 1.905 1.98 1.937 1.825 1.827 1.797 1.78 1.832 1.937 1.972 1.952 1.92 1.925 1.867 1.917 1.877 1.827 1.91 1.94 1.895 2.012 1.86 1.845 1.947 1.837 1.857 1.84 1.847 1.867 1.925 1.935 1.975 1.905 1.882 1.855 1.855 1.907 2.012 1.947 1.907 1.927 1.922 1.952 1.877 1.932 1.932 1.965 1.877 1.862 1.867 1.865 1.895 1.935 1.877 1.885 1.877 1.952 1.877 1.992 1.837 1.817 1.869 1.869 1.827
1.882 1.962 1.927 1.917 1.855 1.85 1.827 1.772 1.777 1.932 1.925 1.905 1.955 1.922 1.862 1.9 1.902 1.812 1.827 1.807 1.86 1.967 1.905 1.892 1.937 1.935 1.84 1.797 1.82 1.74 1.842 1.847 1.745 1.885 1.817 1.942 1.892 1.857 1.805 1.877 1.947 1.937 1.827 1.947 1.9 1.905 1.905 1.902 1.905 2.01 1.907 1.957 1.95 1.972 1.912 1.932 1.852 1.845 1.822 1.842 1.822 1.872 1.845 1.902 1.897 1.95 1.925 1.85 1.84 1.877 1.825 1.945 1.825 1.849 1.772 1.762 1.774
1.895 1.88 1.925 1.86 1.802 1.855 1.86 1.795 1.872 1.922 1.857 1.855 1.962 1.862 1.942 1.9 1.872 1.83 1.852 1.905 1.885 1.892 1.81 1.862 1.88 1.84 1.805 1.872 1.842 1.945 1.842 1.79 1.767 1.897 2.007 1.92 1.795 1.89 1.932 1.9 1.922 1.912 1.9 1.915 1.887 1.892 1.837 1.88 1.955 1.955 2.002 1.94 1.972 1.942 2.065 1.957 1.88 1.87 1.835 1.87 1.867 1.872 1.807 1.887 1.915 1.962 1.957 1.892 1.817 1.84 1.777 1.842 1.835 1.902 1.857 1.814 1.782
1.87 1.827 1.78 1.822 1.927 1.905 1.88 1.845 1.832 1.83 1.87 1.852 1.987 1.825 1.805 1.737 1.792 1.792 1.795 1.912 1.94 1.82 1.81 1.787 1.865 1.81 1.795 1.847 1.797 1.79 1.832 1.855 1.872 1.87 1.82 1.945 1.937 1.827 1.865 1.962 1.87 1.825 1.832 1.962 1.85 1.94 1.907 1.902 1.957 1.967 2.017 1.915 2.002 1.897 1.87 1.927 1.95 1.965 1.905 1.912 1.907 1.897 1.867 1.925 1.92 1.945 1.852 1.92 1.885 1.877 1.842 1.802 1.837 1.842 1.779 1.832 1.789
1.897 1.85 1.85 1.835 1.837 1.885 1.955 1.95 1.852 1.882 1.895 1.957 1.88 1.795 1.77 1.8 1.77 1.787 1.787 1.762 1.862 1.892 1.837 1.897 1.865 1.85 1.807 1.847 1.835 1.865 1.877 1.84 1.867 1.865 1.865 1.857 1.987 1.862 1.815 1.862 1.865 1.855 1.875 1.88 1.905 1.98 1.982 1.927 1.932 1.982 1.972 1.855 2.005 1.927 1.92 1.905 1.847 1.857 1.86 1.972 1.922 1.987 1.947 1.997 1.907 1.932 1.975 1.895 1.84 1.842 1.875 1.815 1.81 1.829 1.734 1.794 1.814
1.885 1.902 1.97 1.975 1.992 1.8 1.82 1.95 1.897 1.802 1.75 1.877 1.882 1.842 1.79 1.832 1.805 1.825 1.812 1.887 1.895 1.915 1.905 1.827 1.857 1.825 1.822 1.965 1.82 1.902 1.81 1.887 1.86 1.925 1.85 1.842 1.78 1.915 1.972 1.942 1.93 1.905 1.907 1.907 1.995 1.952 1.892 1.85 1.887 1.995 1.932 1.902 1.942 1.902 1.892 1.922 1.945 1.91 1.835 1.917 1.94 1.922 2.015 2.01 1.96 1.837 1.915 1.922 1.85 1.847 1.925 1.765 1.74 1.852 1.809 1.774 1.787
1.937 1.9 1.895 1.905 1.892 1.917 1.867 1.892 1.9 1.82 1.84 1.815 1.917 1.83 1.827 1.892 1.927 1.95 1.9 1.962 1.947 1.917 1.912 1.872 1.887 1.905 1.8 1.832 1.852 1.93 1.872 1.942 1.94 1.905 1.872 1.882 1.917 1.822 1.857 1.862 1.885 1.887 1.905 1.877 1.875 1.88 1.875 1.87 1.797 1.88 1.947 1.962 1.917 1.872 1.927 1.93 1.917 1.847 1.877 1.88 1.81 1.89 1.867 1.912 1.892 1.855 1.84 1.885 1.92 1.84 1.8 1.855 1.87 1.824 1.822 1.827 1.869
1.96 1.977 1.922 1.93 1.867 1.845 1.857 1.802 1.867 1.837 1.827 1.887 1.877 1.902 1.84 1.827 1.827 1.885 1.932 1.935 1.952 2.065 1.975 1.88 1.827 1.915 1.91 1.992 1.997 1.93 1.817 1.847 1.867 1.837 1.842 1.9 1.865 1.912 1.93 1.92 1.845 1.862 1.935 1.89 1.842 1.91 1.857 1.937 1.882 1.84 1.947 1.925 1.912 1.995 1.907 1.887 1.99 1.857 1.83 1.882 2 1.897 1.885 1.767 1.83 1.94 1.875 1.957 1.91 1.852 1.87 1.797 1.785 1.744 1.822 1.854 1.852
1.932 1.917 1.887 1.92 1.845 1.89 1.852 1.862 1.815 1.822 1.957 1.942 1.877 1.875 2.002 1.885 1.945 1.955 2.042 1.992 1.947 1.952 1.927 1.875 1.85 1.96 1.837 1.882 1.907 1.945 2.007 1.952 1.967 1.85 1.767 1.937 1.837 1.845 1.83 1.805 1.892 1.892 1.955 1.737 1.87 1.85 1.885 1.84 1.857 1.872 1.86 1.915 1.832 1.862 1.915 1.85 1.822 1.877 1.795 1.84 1.882 1.892 1.905 1.86 1.837 1.92 1.907 1.962 1.927 1.887 1.88 1.817 1.797 1.797 1.854 1.789 1.829
1.83 1.882 1.842 1.795 1.807 2 1.862 1.837 1.807 1.9 1.977 1.91 1.907 1.895 1.892 1.935 1.94 1.97 1.91 1.857 1.987 1.87 1.742 1.807 1.882 1.86 1.87 1.905 1.887 1.872 1.892 1.79 1.967 1.865 1.89 1.775 1.807 1.802 1.797 1.845 1.842 1.835 1.895 1.872 1.945 1.85 1.92 1.907 1.847 1.835 1.89 1.897 1.905 1.972 1.887 1.912 1.942 1.947 1.912 1.952 1.945 1.935 1.972 1.907 1.902 1.97 1.94 1.837 1.832 1.867 1.88 1.792 1.835 1.917 1.867 1.842 1.779
1.947 1.855 1.885 1.825 1.795 1.852 1.867 1.845 1.85 1.847 1.852 1.857 1.892 1.922 1.795 1.827 1.9 1.932 1.912 1.857 1.907 1.802 1.777 1.82 1.817 1.867 1.845 1.862 1.885 1.922 1.815 1.905 1.852 1.845 1.922 1.892 1.732 1.82 1.897 1.872 1.945 1.895 1.955 1.972 1.89 1.837 1.947 1.982 1.902 1.885 1.97 1.89 1.97 1.887 1.865 1.907 1.925 1.977 1.892 1.992 2.07 1.995 1.897 1.942 2.005 1.867 1.91 1.835 1.895 1.857 1.852 1.922 1.857 1.802 1.777 1.874 1.839
1.751 1.72 1.745 1.759 1.815 1.85 1.902 1.722 1.732 1.752 1.815 1.827 1.822 1.86 1.83 1.802 1.875 1.877 1.867 1.865 1.815 1.902 1.825 1.8 1.825 1.852 1.917 1.857 1.897 1.892 1.887 1.905 1.885 1.845 1.732 1.757 1.855 1.81 1.862 1.862 1.985 1.99 1.962 1.862 1.895 1.922 1.937 1.917 1.932 1.927 1.857 1.912 1.955 1.985 1.877 1.94 1.89 1.952 1.937 1.927 2.005 1.917 1.86 1.837 2.012 1.912 1.912 1.852 1.907 1.932 1.857 1.832 1.82 1.774 1.782 1.777 1.867
1.447 1.601 1.611 1.573 1.637 1.647 1.671 1.685 1.681 1.642 1.758 1.807 1.832 1.757 1.787 1.787 1.777 1.912 1.83 1.845 1.872 1.9 1.842 1.847 1.879 1.869 1.817 1.957 1.967 1.919 1.879 1.837 1.737 1.887 1.919 1.792 1.842 1.929 1.949 1.912 1.939 2.004 1.859 1.819 1.817 1.899 1.847 1.807 1.884 1.907 1.804 1.889 1.912 1.924 1.964 1.937 1.927 1.827 1.907 1.977 1.972 1.889 1.839 1.912 1.939 1.979 1.937 1.919 1.894 1.969 1.892 1.832 1.804 1.809 1.839 1.862 1.812
1.228 1.244 1.277 1.311 1.412 1.407 1.42 1.375 1.423 1.399 1.618 1.747 1.799 1.85 1.857 1.872 1.9 2.04 1.865 1.855 1.905 1.937 1.905 1.922 1.897 1.864 1.934 1.952 1.982 1.907 1.839 1.867 1.852 1.859 1.922 1.977 1.942 1.847 1.877 1.834 1.904 1.867 1.807 1.842 1.757 1.844 1.824 1.804 1.749 1.769 1.864 1.859 1.917 1.847 1.984 1.889 1.979 1.899 1.854 1.977 1.929 1.984 1.914 1.937 1.914 1.944 1.977 1.889 1.854 1.872 1.884 1.817 1.842 1.859 1.827 1.934 1.907
1.053 0.983 1.06 1.077 1.092 1.089 1.068 1.146 1.146 1.203 1.436 1.462 1.585 1.8 1.882 1.91 1.855 1.862 1.867 1.97 2.047 2.01 1.91 1.842 1.884 1.942 1.974 2.027 1.992 2.012 1.884 1.924 1.924 1.847 1.819 1.834 1.757 1.842 1.857 1.852 1.879 1.824 1.889 1.874 1.827 1.822 1.824 1.764 1.744 1.822 1.844 1.977 1.822 1.872 1.937 1.922 1.849 1.889 1.884 1.964 1.974 1.909 1.974 1.974 1.967 1.967 1.882 1.887 1.879 1.924 1.872 1.787 1.829 1.822 1.919 1.994 1.849
0.732 0.828 0.878 0.9 0.877 0.855 0.876 0.963 0.971 1.006 1.23 1.326 1.51 1.608 1.822 1.894 1.862 1.95 1.975 1.95 1.98 2.022 1.92 1.897 1.937 1.927 1.994 2.022 2.002 1.939 1.924 1.854 1.932 1.859 1.909 1.912 1.894 1.812 1.854 1.879 1.827 1.837 1.844 1.744 1.839 1.789 1.772 1.854 1.822 1.817 1.839 1.814 1.889 1.877 1.884 1.964 1.969 1.902 2.039 1.982 1.957 1.852 1.889 1.914 1.912 1.962 1.857 1.912 1.914 1.964 1.864 1.807 1.972 1.867 1.839 1.937 1.882
0.476 0.508 0.57 0.653 0.685 0.651 0.708 0.714 0.75 0.88 0.995 1.039 1.177 1.145 1.47 1.674 1.571 1.651 1.842 1.901 1.907 1.94 1.947 1.867 1.969 1.914 1.922 1.894 2.007 1.992 1.954 1.914 1.902 1.849 1.879 1.904 1.882 1.884 1.802 1.852 1.897 1.829 1.937 1.814 1.779 1.869 1.869 1.839 1.839 1.809 1.877 1.932 1.897 1.917 1.919 1.862 1.944 1.942 1.904 1.957 1.969 1.997 1.947 1.902 1.882 2.027 1.884 1.882 1.894 1.899 1.937 1.864 1.967 1.937 1.932 1.882 1.872
0.232 0.358 0.351 0.365 0.443 0.436 0.466 0.441 0.478 0.667 0.738 0.87 0.955 1.105 1.329 1.391 1.404 1.515 1.584 1.638 1.779 1.855 1.977 1.927 1.984 1.882 1.877 1.904 1.984 1.957 1.829 1.899 1.947 1.912 1.949 1.857 1.982 1.977 1.887 1.877 1.897 1.999 1.859 1.867 1.834 1.897 1.899 1.827 1.889 1.872 1.844 1.864 1.899 1.862 1.827 1.812 1.879 1.947 1.927 2.037 1.852 1.932 1.889 1.879 1.914 1.899 1.892 1.904 1.874 1.867 1.912 1.947 1.889 1.859 1.894 1.882 1.839
0.044 0.181 0.237 0.241 0.217 0.216 0.218 0.221 0.356 0.42 0.484 0.653 0.795 0.938 1.164 1.199 1.186 1.246 1.315 1.406 1.572 1.682 1.838 2.019 1.822 1.879 1.869 1.859 1.889 1.912 1.862 1.867 1.869 1.849 1.889 1.909 1.974 1.874 1.869 1.934 1.912 1.899 1.882 1.947 1.912 1.922 1.997 1.937 1.899 1.844 1.807 1.747 1.824 1.802 1.892 1.894 1.937 1.849 1.854 1.862 1.799 1.902 1.892 1.847 1.834 1.907 1.867 1.947 1.929 1.914 2.012 1.882 1.874 1.887 1.942 1.889 1.844
-0.249 -0.148 -0.104 0.044 -0.043 -0.03 0.094 0.06 0.133 0.177 0.36 0.482 0.574 0.705 0.812 0.943 0.936 1.014 1.092 1.157 1.286 1.338 1.509 1.628 1.854 1.934 1.899 1.907 1.932 1.912 1.874 1.877 1.797 1.914 1.912 1.962 1.977 1.912 1.887 1.884 1.794 1.827 1.952 1.994 1.849 1.854 1.964 2.064 1.874 1.829 1.769 1.844 1.782 1.847 1.957 1.987 1.882 1.994 1.924 1.949 1.872 1.857 1.824 1.899 1.817 1.884 1.969 1.992 1.997 1.992 1.907 1.979 2.012 1.989 1.954 1.919 1.937
-0.4 -0.362 -0.279 -0.211 -0.173 -0.256 -0.214 -0.147 -0.091 0.025 0.182 0.261 0.454 0.574 0.608 0.613 0.681 0.799 0.93 1.003 1.03 1.179 1.282 1.455 1.748 1.943 2.014 1.977 1.867 1.922 1.884 1.802 1.912 1.919 1.872 1.927 1.989 1.969 2.009 1.982 1.947 2.029 2.024 1.919 1.889 1.929 1.829 1.834 1.802 1.571 1.492 1.344 1.351 1.365 1.407 1.55 1.587 1.719 1.834 1.967 1.799 1.807 1.769 1.799 1.799 1.914 2.004 1.947 1.902 1.934 1.897 1.929 1.984 1.994 1.919 1.927 1.897
-0.646 -0.552 -0.488 -0.375 -0.452 -0.431 -0.433 -0.389 -0.303 -0.137 0.058 0.234 0.291 0.417 0.33 0.372 0.379 0.535 0.595 0.755 0.909 0.985 1.105 1.285 1.446 1.752 1.977 1.962 1.904 1.887 1.864 1.897 1.929 1.922 1.862 1.919 1.937 1.902 1.967 1.954 2.014 2.024 1.944 1.902 1.974 1.909 1.78 1.489 1.335 1.167 1.015 0.921 0.926 0.975 1.025 1.068 1.175 1.148 1.348 1.496 1.742 1.879 1.912 1.829 1.892 1.999 2.054 1.924 1.919 1.922 1.934 1.954 1.944 1.987 1.947 2.022 1.904
-0.861 -0.796 -0.679 -0.634 -0.683 -0.721 -0.678 -0.63 -0.47 -0.302 -0.184 0.003 0.172 0.2 0.219 0.239 0.25 0.329 0.413 0.48 0.641 0.806 0.98 1.235 1.445 1.535 1.791 1.832 1.889 1.984 2.027 1.909 1.997 1.974 1.989 1.952 1.912 1.932 1.984 1.944 1.859 1.907 1.872 1.849 1.857 1.599 1.256 1.093 0.889 0.722 0.577 0.553 0.516 0.594 0.596 0.668 0.706 0.868 1.079 1.223 1.47 1.668 1.972 1.922 1.969 1.939 2.039 1.987 2.014 1.927 1.859 1.779 1.969 1.917 1.877 1.919 1.879
-1.019 -0.964 -0.858 -0.783 -0.916 -0.946 -0.924 -0.746 -0.639 -0.468 -0.34 -0.098 0.056 0.007 0.014 0.01 -0.005 0.112 0.227 0.29 0.49 0.736 0.864 1.05 1.241 1.474 1.746 1.856 1.812 1.897 1.947 1.837 1.904 1.897 1.959 1.947 1.917 1.969 1.982 1.917 1.969 1.924 1.874 1.804 1.468 1.141 0.912 0.686 0.495 0.399 0.273 0.22 0.153 0.228 0.236 0.337 0.294 0.465 0.627 0.832 1.024 1.228 1.537 1.816 1.979 2.014 1.997 1.999 1.917 1.949 1.939 1.892 2.022 2.007 1.969 1.934 1.984
-1.313 -1.052 -0.887 -0.988 -1.079 -1.159 -1.059 -0.856 -0.77 -0.636 -0.451 -0.329 -0.182 -0.196 -0.183 -0.197 -0.163 -0.113 0.048 0.236 0.34 0.564 0.76 0.895 1.095 1.338 1.599 1.641 1.814 1.787 1.874 1.872 1.777 1.829 1.939 2.034 1.904 1.902 1.974 1.904 1.959 1.857 1.87 1.451 1.134 0.895 0.562 0.398 0.123 0.071 0.011 -0.075 -0.151 -0.138 -0.103 -0.103 0.004 0.11 0.236 0.457 0.659 0.852 1.162 1.509 1.896 1.994 2.012 1.969 1.934 2.039 1.969 2.077 2.004 1.927 1.982 1.909 2.002
-1.309 -1.107 -0.938 -1.057 -1.272 -1.323 -1.197 -1.047 -0.825 -0.77 -0.617 -0.448 -0.392 -0.399 -0.355 -0.356 -0.294 -0.186 -0.099 0.1 0.29 0.471 0.655 0.757 0.943 1.196 1.362 1.505 1.81 1.827 1.874 1.869 1.884 1.954 1.929 1.979 1.917 1.909 1.919 1.929 1.904 1.805 1.42 1.128 0.869 0.544 0.293 0.107 -0.143 -0.227 -0.371 -0.359 -0.383 -0.421 -0.4 -0.377 -0.244 -0.167 -0.026 0.153 0.357 0.545 0.89 1.177 1.49 1.869 1.857 1.852 1.882 2.077 2.024 1.964 1.902 1.979 1.934 1.922 1.892
-1.273 -1.105 -1.044 -1.257 -1.254 -1.464 -1.244 -1.205 -0.952 -0.879 -0.73 -0.551 -0.571 -0.593 -0.594 -0.551 -0.447 -0.381 -0.233 -0.078 0.106 0.355 0.517 0.614 0.838 1.01 1.218 1.517 1.781 1.859 1.892 1.842 1.762 1.824 1.892 1.882 1.967 1.854 2.024 1.937 1.854 1.552 1.161 0.873 0.56 0.269 -0.016 -0.227 -0.444 -0.475 -0.644 -0.647 -0.63 -0.677 -0.619 0.381 0.489 -0.359 -0.289 -0.2 0.03 0.271 0.607 0.875 1.213 1.568 1.882 1.947 1.962 1.912 2.012 2.019 1.962 1.917 1.954 1.912 1.929
-1.159 -1.173 -1.356 -1.257 -1.564 -1.452 -1.445 -1.291 -1.157 -1.02 -0.774 -0.608 -0.745 -0.819 -0.782 -0.781 -0.705 -0.6 -0.351 -0.183 -0.041 0.06 0.333 0.557 0.735 0.953 1.146 1.463 1.706 1.844 1.934 1.794 1.749 1.726 1.748 1.722 1.701 1.602 1.654 1.615 1.605 1.303 0.904 0.64 0.341 0.05 -0.281 -0.407 -0.607 -0.723 -0.817 -0.861 -0.833 -0.912 -0.884 -0.874 -0.775 -0.692 -0.605 -0.414 -0.26 0.009 0.301 0.639 0.935 1.378 1.731 1.922 2.012 1.887 1.862 1.884 1.974 1.994 1.959 2.007 1.879
-1.291 -1.261 -1.48 -1.566 -1.552 -1.484 -1.454 -1.429 -1.203 -1.036 -0.722 -0.849 -0.932 -1.009 -1.051 -0.982 -0.892 -0.696 -0.435 -0.31 -0.127 0.07 0.366 0.541 0.677 0.939 1.163 1.419 1.599 1.737 1.784 1.793 1.733 1.538 1.482 1.492 1.362 1.336 1.368 1.129 1.167 1.022 0.662 0.353 0.031 -0.243 -0.415 -0.539 -0.751 -0.874 -0.97 -1.006 -1.04 -1.123 -1.08 -1.039 -0.975 -0.878 -0.749 -0.615 -0.423 -0.179 0.109 0.428 0.727 1.149 1.708 1.907 1.994 2.022 1.844 1.884 1.962 1.999 1.887 1.808 1.662
-1.575 -1.474 -1.515 -1.499 -1.327 -1.388 -1.451 -1.436 -1.276 -0.984 -0.805 -0.958 -1.132 -1.271 -1.342 -1.223 -1.08 -0.857 -0.659 -0.453 -0.234 0.044 0.281 0.455 0.611 0.871 1.073 1.349 1.668 1.862 1.757 1.887 1.929 1.385 1.24 1.16 1.692 0.845 0.724 0.667 0.733 0.608 0.443 0.139 -0.187 -0.407 -0.59 -0.69 -0.868 -0.097 -1.111 -1.202 -1.182 -1.288 -1.26 -1.242 -1.159 -1.054 -0.919 -0.791 -0.579 -0.31 -0.112 0.223 0.609 0.968 1.587 1.729 1.825 1.946 1.972 2.007 1.849 1.788 1.607 1.513 1.497
