All_lidar/sz6489_DSM_2M.asc
ncols 500
nrows 500
xllcorner    464000
yllcorner    89000
cellsize     2
NODATA_value -9999
[rows 408 to 441 of 500, columns 0 to 76 of 500]
-0.774 -0.811 -0.772 -0.612 -0.802 -0.911 -1.074 -0.935 -0.64 -0.523 -0.68 -0.935 -1.05 -1 -0.975 -1.002 -0.991 -0.815 -0.812 -0.767 -0.623 -0.657 -0.643 -0.626 -0.466 -0.326 -0.292 -0.434 -0.585 -0.754 -0.91 -0.95 -0.98 -0.974 -1.013 -0.843 -0.78 -0.864 -0.855 -0.861 -0.933 -0.977 -0.883 -1.013 -1.217 -1.018 -0.892 -0.694 -0.592 -0.692 -0.856 -0.971 -0.945 -0.927 -0.751 -0.581 -0.594 -0.711 -0.84 -0.872 -0.978 -1.017 -1.103 -1.115 -1.08 -1.012 -1.086 -1.214 -1.251 -1.266 -1.246 -1.287 -1.438 -1.324 -1.241 -1.181 -1.09
-0.617 -0.657 -0.617 -0.664 -0.883 -1.069 -1.096 -0.885 -0.705 -0.509 -0.592 -0.795 -0.772 -0.778 -0.74 -0.757 -0.805 -0.705 -0.633 -0.734 -0.802 -0.805 -0.741 -0.683 -0.551 -0.498 -0.398 -0.5 -0.673 -0.802 -0.914 -0.924 -0.93 -0.97 -0.824 -0.777 -0.684 -0.886 -1.052 -1.105 -1.168 -1.19 -0.962 -1.188 -1.211 -1.143 -0.904 -0.838 -0.66 -0.634 -0.824 -0.852 -0.802 -0.753 -0.677 -0.551 -0.616 -0.601 -0.675 -0.723 -0.825 -0.867 -0.92 -0.936 -0.96 -0.939 -0.983 -1.074 -1.133 -1.138 -1.106 -1.22 -1.302 -1.277 -1.157 -1.087 -0.983
-0.452 -0.47 -0.438 -0.626 -0.762 -0.874 -1.073 -0.871 -0.643 -0.52 -0.636 -0.796 -0.938 -0.895 -0.965 -0.722 -0.661 -0.567 -0.687 -0.785 -0.917 -0.877 -0.848 -0.714 -0.694 -0.632 -0.522 -0.586 -0.739 -0.897 -0.943 -0.933 -0.806 -0.859 -0.734 -0.578 -0.654 -0.888 -1.066 -1.097 -1.13 -1.159 -1.181 -1.192 -1.154 -1.146 -1.078 -0.87 -0.711 -0.67 -0.714 -0.673 -0.616 -0.625 -0.594 -0.679 -0.708 -0.671 -0.618 -0.53 -0.62 -0.683 -0.754 -0.785 -0.835 -0.941 -0.994 -1.038 -1.011 -1.044 -1.039 -1.057 -1.147 -1.12 -1.013 -0.891 -0.761
-0.466 -0.496 -0.47 -0.49 -0.614 -0.738 -0.848 -0.815 -0.643 -0.589 -0.57 -0.777 -0.93 -0.866 -0.892 -0.953 -0.73 -0.7 -0.737 -0.927 -0.873 -0.795 -0.87 -0.862 -0.816 -0.724 -0.615 -0.563 -0.782 -0.932 -0.982 -0.967 -0.815 -0.627 -0.602 -0.475 -0.604 -0.846 -1.069 -1.097 -0.911 -1.008 -1.22 -1.175 -1.127 -1.134 -1.092 -0.912 -0.877 -0.919 -0.897 -0.793 -0.58 -0.608 -0.708 -0.72 -0.843 -0.723 -0.647 -0.531 -0.506 -0.572 -0.711 -0.81 -0.831 -0.927 -0.993 -1.022 -0.953 -1.045 -1.036 -0.998 -1.025 -1.048 -1.016 -0.937 -0.845
-0.596 -0.655 -0.647 -0.549 -0.472 -0.619 -0.698 -0.827 -0.806 -0.821 -0.672 -0.752 -0.94 -0.919 -0.896 -0.916 -0.829 -0.679 -0.602 -0.649 -0.645 -0.808 -0.889 -0.941 -0.772 -0.67 -0.544 -0.541 -0.704 -0.777 -0.771 -0.793 -0.742 -0.569 -0.446 -0.572 -0.66 -0.787 -0.853 -0.891 -0.846 -0.955 -1.18 -1.169 -1.108 -1.129 -1.102 -0.859 -1.048 -1.069 -1.074 -0.836 -0.751 -0.665 -0.78 -0.862 -0.863 -0.714 -0.647 -0.561 -0.584 -0.635 -0.742 -0.792 -0.766 -0.848 -0.997 -0.981 -0.935 -1.104 -0.989 -0.976 -1.051 -1.052 -1.009 -0.879 -0.753
-0.732 -0.758 -0.749 -0.718 -0.586 -0.511 -0.634 -0.794 -0.966 -0.943 -0.722 -0.681 -0.736 -0.897 -0.854 -0.867 -0.849 -0.659 -0.568 -0.489 -0.588 -0.626 -0.666 -0.668 -0.619 -0.574 -0.54 -0.488 -0.691 -0.776 -0.67 -0.595 -0.613 -0.604 -0.619 -0.759 -0.894 -0.802 -0.644 -0.699 -0.729 -0.993 -1.216 -1.215 -1.171 -1.119 -0.851 -0.831 -1.077 -1.042 -1.007 -1.009 -0.83 -0.613 -0.72 -0.749 -0.7 -0.831 -0.724 -0.56 -0.645 -0.717 -0.758 -0.854 -0.812 -0.966 -0.923 -0.936 -0.88 -1.036 -1.038 -1.022 -1.097 -1.081 -0.922 -0.769 -0.754
-0.791 -0.882 -0.971 -0.782 -0.718 -0.56 -0.679 -0.787 -0.787 -0.925 -0.741 -0.774 -0.689 -0.668 -0.801 -0.808 -0.815 -0.848 -0.631 -0.464 -0.448 -0.455 -0.49 -0.566 -0.63 -0.724 -0.681 -0.634 -0.727 -0.913 -0.768 -0.706 -0.785 -0.763 -0.832 -0.831 -1.054 -0.873 -0.792 -0.652 -0.674 -0.879 -0.972 -0.972 -0.951 -0.934 -0.783 -0.864 -0.866 -1.008 -0.997 -0.837 -0.675 -0.57 -0.585 -0.586 -0.629 -0.729 -0.628 -0.728 -0.771 -0.835 -0.868 -0.89 -0.901 -0.958 -0.961 -0.965 -0.886 -1.026 -1.021 -1.017 -1.049 -0.863 -0.798 -0.906 -0.859
-0.819 -0.923 -0.901 -0.925 -0.735 -0.722 -0.787 -0.913 -0.9 -0.724 -0.89 -0.936 -0.692 -0.634 -0.628 -0.798 -0.796 -0.805 -0.611 -0.537 -0.432 -0.574 -0.654 -0.646 -0.865 -0.871 -0.819 -0.72 -0.74 -0.933 -0.936 -0.801 -1.031 -0.96 -1.023 -1.072 -1.01 -1.058 -0.86 -0.723 -0.596 -0.708 -0.805 -0.758 -0.785 -0.794 -0.922 -1.018 -1.057 -1.018 -0.8 -0.747 -0.615 -0.498 -0.413 -0.434 -0.547 -0.568 -0.709 -0.891 -0.895 -0.88 -0.934 -0.907 -0.897 -0.932 -0.847 -0.853 -0.823 -0.871 -1.032 -1.033 -0.844 -0.807 -0.903 -1.067 -0.872
-0.799 -0.911 -0.865 -0.857 -0.884 -0.711 -0.669 -0.725 -0.881 -0.72 -0.891 -0.88 -0.825 -0.624 -0.596 -0.746 -0.742 -0.745 -0.722 -0.658 -0.568 -0.649 -0.828 -0.909 -0.894 -0.857 -0.878 -0.922 -0.711 -0.939 -0.957 -0.985 -0.935 -0.929 -1.003 -0.806 -1.052 -0.861 -0.828 -0.684 -0.575 -0.506 -0.561 -0.692 -0.843 -0.903 -1.014 -1.038 -1.042 -0.789 -0.787 -0.618 -0.599 -0.62 -0.619 -0.563 -0.443 -0.575 -0.791 -0.859 -0.904 -0.785 -0.776 -0.805 -0.796 -0.786 -0.791 -0.68 -0.631 -0.792 -0.851 -0.833 -0.792 -0.853 -1.025 -1.07 -1.113
-0.739 -0.742 -0.87 -0.705 -0.698 -0.672 -0.517 -0.64 -0.709 -0.685 -0.86 -0.854 -0.755 -0.567 -0.573 -0.749 -0.73 -0.737 -0.7 -0.819 -0.671 -0.596 -0.664 -0.89 -0.892 -0.898 -0.882 -0.756 -0.774 -0.932 -0.996 -0.983 -0.967 -0.995 -0.994 -0.844 -0.862 -0.855 -0.848 -0.742 -0.754 -0.7 -0.557 -0.718 -0.882 -1.044 -1.103 -1.032 -1.041 -0.866 -0.622 -0.641 -0.723 -0.808 -0.749 -0.705 -0.524 -0.553 -0.689 -0.758 -0.952 -0.922 -0.942 -0.951 -0.982 -0.79 -0.778 -0.656 -0.517 -0.625 -0.664 -0.663 -0.623 -0.758 -0.863 -1.075 -0.879
-0.679 -0.683 -0.703 -0.633 -0.527 -0.548 -0.564 -0.558 -0.579 -0.639 -0.636 -0.806 -0.536 -0.493 -0.474 -0.496 -0.576 -0.582 -0.761 -0.785 -0.691 -0.681 -0.648 -0.837 -0.828 -0.915 -0.731 -0.685 -0.754 -0.962 -0.999 -1.006 -0.956 -0.964 -0.799 -0.85 -1.004 -1.095 -0.889 -0.9 -0.907 -0.895 -0.728 -0.739 -0.847 -1.064 -1.066 -1.018 -0.866 -0.781 -0.792 -0.805 -0.722 -0.954 -0.926 -0.753 -0.661 -0.556 -0.627 -0.811 -0.991 -1.01 -0.951 -1.011 -0.993 -1.015 -0.784 -0.786 -0.677 -0.586 -0.498 -0.466 -0.508 -0.593 -0.76 -0.853 -0.832
-0.692 -0.591 -0.577 -0.646 -0.681 -0.662 -0.631 -0.53 -0.545 -0.402 -0.541 -0.591 -0.463 -0.526 -0.468 -0.347 -0.38 -0.557 -0.665 -0.699 -0.72 -0.832 -0.864 -0.755 -0.736 -0.872 -0.744 -0.738 -0.761 -0.981 -0.998 -0.999 -0.995 -0.969 -0.836 -0.872 -1.06 -1.071 -1.128 -1.05 -1.053 -0.94 -0.932 -0.85 -0.779 -0.851 -1.017 -0.842 -0.762 -0.877 -1.054 -1.03 -1.016 -0.965 -0.936 -0.959 -0.801 -0.567 -0.569 -0.798 -0.953 -0.941 -1.028 -0.968 -0.965 -1.06 -0.991 -0.829 -0.814 -0.758 -0.675 -0.588 -0.515 -0.462 -0.593 -0.693 -0.617
-0.721 -0.63 -0.702 -0.73 -0.821 -0.843 -0.702 -0.663 -0.689 -0.587 -0.404 -0.536 -0.514 -0.687 -0.466 -0.504 -0.509 -0.337 -0.434 -0.671 -0.834 -0.86 -0.908 -0.697 -0.911 -0.919 -0.906 -0.979 -0.917 -0.948 -0.809 -1.03 -1.02 -1.011 -0.841 -0.842 -1.096 -1.069 -1.112 -1.155 -1.082 -1.041 -1.131 -0.89 -0.688 -0.832 -0.861 -0.765 -0.674 -0.867 -1.024 -1.045 -0.953 -0.92 -0.924 -0.951 -0.78 -0.783 -0.794 -0.755 -0.799 -0.774 -0.99 -1.023 -1.028 -1.034 -0.81 -1.012 -1.034 -0.824 -0.83 -0.789 -0.591 -0.691 -0.701 -0.693 -0.652
-0.712 -0.68 -0.779 -0.828 -0.827 -0.793 -0.665 -0.811 -0.821 -0.643 -0.368 -0.565 -0.713 -0.651 -0.678 -0.64 -0.552 -0.539 -0.615 -0.663 -0.656 -0.663 -0.673 -0.679 -0.754 -0.902 -0.941 -0.897 -0.971 -0.97 -0.969 -1.034 -1.035 -1.01 -1.036 -0.851 -0.813 -1.049 -1.043 -1.122 -1.103 -1.057 -1.076 -0.901 -0.795 -0.864 -1.083 -0.844 -0.776 -0.816 -1.03 -1.026 -0.97 -0.95 -0.958 -0.984 -0.998 -0.933 -0.971 -0.961 -0.814 -0.699 -0.823 -0.826 -0.835 -0.802 -0.809 -0.981 -1.051 -1.032 -1.018 -0.839 -0.728 -0.866 -0.866 -0.869 -0.797
-0.673 -0.693 -0.807 -0.828 -0.846 -0.833 -0.766 -0.788 -0.769 -0.612 -0.394 -0.55 -0.625 -0.712 -0.682 -0.532 -0.623 -0.564 -0.817 -0.828 -0.653 -0.507 -0.682 -0.904 -0.902 -0.773 -1.002 -0.943 -1.024 -0.818 -0.764 -1.036 -0.981 -1.008 -1.043 -1.019 -0.855 -0.867 -0.875 -0.916 -1.109 -1.154 -1.072 -0.87 -0.861 -1.059 -0.983 -0.996 -0.855 -0.781 -1.041 -1.007 -1.036 -0.976 -0.929 -0.991 -0.767 -0.98 -0.98 -0.953 -0.78 -0.657 -0.601 -0.601 -0.631 -0.591 -0.811 -1.027 -1.037 -1.002 -1.057 -1.041 -0.87 -1.032 -1.019 -1.071 -0.86
-0.732 -0.686 -0.706 -0.715 -0.685 -0.685 -0.764 -0.751 -0.759 -0.594 -0.418 -0.439 -0.467 -0.516 -0.704 -0.735 -0.737 -0.772 -0.771 -0.855 -0.686 -0.655 -0.705 -0.892 -0.902 -0.932 -0.964 -0.99 -0.809 -0.738 -0.744 -0.833 -0.853 -1.009 -0.88 -1.076 -1.056 -1.028 -0.88 -0.818 -0.87 -1.063 -0.895 -0.878 -1.078 -1.016 -1.051 -0.838 -0.81 -0.803 -1.022 -1.06 -0.85 -0.828 -0.748 -0.993 -0.974 -0.77 -1.05 -1.033 -0.796 -0.732 -0.802 -0.8 -0.792 -0.803 -0.792 -1.074 -1.04 -1.031 -1.036 -1.017 -0.855 -1.031 -1.032 -1.104 -0.883
-0.749 -0.707 -0.825 -0.661 -0.55 -0.656 -0.756 -0.707 -0.561 -0.497 -0.356 -0.261 -0.344 -0.473 -0.726 -0.755 -0.815 -0.809 -0.785 -0.839 -0.725 -0.727 -0.895 -0.752 -0.996 -0.925 -0.999 -0.743 -0.753 -0.617 -0.821 -1.03 -1.006 -0.888 -0.81 -1.004 -1.082 -0.861 -0.91 -0.881 -0.893 -1.037 -1.129 -1.082 -1.074 -1.075 -1.094 -0.993 -1.042 -1.016 -1.013 -1.008 -0.821 -0.746 -0.818 -0.965 -0.963 -0.943 -1.015 -1.019 -0.817 -0.85 -0.977 -0.988 -0.987 -0.784 -0.995 -1.047 -1.046 -1.02 -1.044 -0.879 -0.802 -0.87 -1.039 -0.898 -0.831
-0.854 -0.798 -0.8 -0.67 -0.548 -0.591 -0.62 -0.591 -0.476 -0.43 -0.505 -0.39 -0.272 -0.401 -0.535 -0.596 -0.645 -0.834 -0.85 -0.665 -0.652 -0.734 -0.948 -0.912 -0.96 -0.959 -0.938 -0.976 -0.779 -0.645 -0.804 -1.014 -1.019 -0.84 -1.027 -0.832 -0.898 -1.063 -1.047 -1.12 -0.909 -1.092 -0.88 -0.892 -1.104 -1.075 -0.851 -1.039 -1.01 -1.025 -1.065 -1.035 -0.974 -0.746 -0.799 -0.964 -0.966 -0.953 -1.04 -1.032 -0.82 -0.756 -0.809 -1.035 -0.821 -0.839 -1.035 -1.054 -1.023 -1.074 -1.092 -0.911 -0.648 -0.801 -0.866 -0.819 -0.854
-0.866 -0.813 -0.695 -0.667 -0.662 -0.633 -0.559 -0.57 -0.499 -0.461 -0.585 -0.517 -0.464 -0.552 -0.744 -0.761 -0.634 -0.659 -0.643 -0.618 -0.48 -0.657 -0.913 -0.888 -0.937 -0.968 -0.969 -1.026 -0.78 -0.784 -0.827 -1.003 -1.015 -0.807 -1.013 -0.995 -0.887 -1.061 -1.105 -1.118 -0.885 -0.948 -0.836 -0.891 -1.034 -1.063 -0.85 -1.047 -1.066 -0.884 -1.055 -1.016 -0.996 -0.948 -0.814 -1.017 -1.002 -1.019 -1.01 -1.047 -0.981 -0.817 -0.73 -0.793 -1.053 -0.833 -0.979 -1.001 -0.822 -1.047 -0.886 -0.82 -0.727 -0.675 -0.703 -0.639 -0.895
-0.902 -0.807 -0.709 -0.76 -0.771 -0.728 -0.701 -0.647 -0.602 -0.621 -0.64 -0.649 -0.539 -0.692 -0.734 -0.743 -0.656 -0.652 -0.679 -0.652 -0.733 -0.728 -0.883 -0.919 -0.923 -1 -0.962 -0.785 -0.981 -0.986 -0.823 -1.005 -1.058 -1.014 -1.032 -1.085 -1.064 -1.028 -1.116 -1.07 -1.076 -0.903 -0.872 -1.04 -1.051 -1.063 -1.016 -1.036 -0.881 -1.063 -1.025 -1.105 -0.982 -0.977 -0.803 -0.978 -1.075 -1.026 -0.997 -1.049 -1.005 -1.059 -0.827 -0.797 -1.026 -0.873 -1.052 -1.062 -0.885 -0.861 -0.773 -0.825 -0.904 -0.798 -0.673 -0.624 -0.776
-0.862 -0.806 -0.764 -0.753 -0.766 -0.725 -0.653 -0.628 -0.585 -0.588 -0.618 -0.657 -0.515 -0.654 -0.814 -0.813 -0.82 -0.815 -0.87 -0.869 -0.897 -0.749 -0.933 -0.962 -0.767 -0.974 -0.974 -0.723 -1.034 -1.025 -0.788 -0.841 -1.044 -1.04 -1.056 -1.031 -1.083 -1.066 -0.884 -1.113 -1.052 -0.882 -0.901 -1.073 -1.066 -1.01 -1.041 -1.045 -1.006 -1.016 -1.036 -1.058 -1.04 -0.985 -0.991 -1.028 -0.842 -0.855 -0.868 -0.989 -1.031 -1.026 -0.797 -0.851 -1.016 -0.796 -0.85 -0.848 -0.771 -0.91 -0.871 -0.9 -1.094 -0.92 -0.938 -0.835 -0.881
-0.849 -0.746 -0.74 -0.759 -0.789 -0.732 -0.684 -0.649 -0.603 -0.65 -0.675 -0.68 -0.593 -0.766 -0.855 -0.763 -0.868 -0.884 -0.836 -0.885 -0.893 -0.886 -0.933 -0.895 -0.774 -0.951 -0.961 -0.97 -0.953 -0.994 -0.824 -0.79 -0.904 -0.886 -1.096 -1.071 -1.091 -0.895 -0.845 -0.956 -1.098 -1.091 -0.881 -0.876 -0.878 -0.886 -1.083 -1.033 -1.051 -1.072 -1.065 -1.1 -1.063 -1.024 -1.017 -1.047 -0.839 -0.811 -1.031 -1.071 -1.036 -1.021 -1.019 -1.032 -1.072 -0.876 -1.065 -1.062 -0.902 -1.073 -1.062 -1.115 -1.087 -1.132 -1.058 -0.918 -0.922
-0.865 -0.82 -0.795 -0.665 -0.701 -0.742 -0.717 -0.68 -0.654 -0.533 -0.701 -0.705 -0.753 -0.784 -0.801 -0.835 -0.832 -0.816 -0.833 -0.874 -0.884 -0.908 -0.93 -0.872 -0.756 -0.933 -0.992 -0.954 -1.013 -1.012 -1.018 -1.007 -1.024 -0.838 -0.897 -0.892 -0.944 -0.897 -0.865 -1.079 -1.118 -1.111 -1.128 -1.086 -0.82 -0.766 -0.857 -1.022 -1.03 -1.091 -1.051 -1.085 -1.035 -1.026 -1.099 -1.007 -0.83 -0.868 -1.03 -1.013 -1.067 -1.024 -1.086 -1.061 -1.079 -1.037 -1.091 -1.075 -0.894 -1.11 -1.046 -1.097 -1.052 -1.053 -1.033 -1.117 -1.082
-0.856 -0.842 -0.821 -0.753 -0.828 -0.776 -0.713 -0.696 -0.708 -0.7 -0.703 -0.738 -0.755 -0.814 -0.85 -0.82 -0.808 -0.833 -0.841 -0.91 -0.934 -0.973 -0.933 -0.926 -0.801 -0.999 -1.006 -0.799 -0.83 -0.996 -1.058 -0.98 -1.027 -0.887 -0.873 -1.085 -0.904 -0.813 -0.802 -0.887 -1.063 -1.096 -1.049 -1.089 -0.864 -0.674 -0.83 -1.038 -1.089 -1.079 -1.088 -1.029 -1.016 -1.022 -1.033 -0.994 -0.834 -1.065 -1.072 -0.993 -1.004 -1.023 -1.05 -1.068 -1.088 -1.067 -1.063 -1.073 -0.91 -1.128 -1.074 -1.146 -1.073 -1.094 -1.144 -1.111 -1.105
-0.873 -0.858 -0.809 -0.799 -0.844 -0.778 -0.769 -0.73 -0.748 -0.744 -0.718 -0.747 -0.778 -0.811 -0.858 -0.85 -0.865 -0.94 -0.908 -0.948 -0.904 -0.906 -0.96 -0.892 -0.736 -0.799 -0.862 -0.82 -0.985 -1.007 -1.023 -1.038 -1.053 -0.902 -0.913 -1.055 -1.068 -0.921 -0.92 -0.827 -0.886 -0.909 -1.043 -1.054 -0.897 -0.746 -0.844 -1.038 -1.069 -1.116 -1.054 -1.031 -0.846 -1.045 -1.064 -1.013 -1.028 -1.056 -1.044 -1.05 -1.004 -1.042 -1.059 -1.061 -1.045 -1.043 -0.951 -0.906 -0.904 -1.115 -1.085 -1.094 -1.103 -1.13 -1.113 -1.047 -1.153
-0.891 -0.841 -0.822 -0.795 -0.822 -0.742 -0.775 -0.728 -0.692 -0.643 -0.769 -0.752 -0.783 -0.832 -0.694 -0.703 -0.675 -0.737 -0.763 -0.749 -0.946 -0.904 -0.898 -0.912 -0.954 -0.805 -0.843 -1.068 -1.018 -1.004 -1.018 -1.039 -1.042 -1.078 -0.892 -0.999 -0.921 -1.081 -1.13 -0.913 -0.784 -0.807 -0.91 -0.823 -0.892 -0.851 -1.116 -1.116 -1.031 -1.068 -1.03 -1.084 -0.889 -1.035 -1.047 -1.049 -1.015 -1.043 -1.094 -1.034 -1.074 -1.045 -0.872 -0.884 -0.844 -0.868 -0.819 -0.929 -0.907 -0.953 -1.125 -1.146 -1.115 -1.121 -1.086 -1.083 -1.092
-0.92 -0.796 -0.829 -0.859 -0.849 -0.795 -0.706 -0.682 -0.668 -0.642 -0.765 -0.786 -0.69 -0.675 -0.657 -0.641 -0.693 -0.897 -0.922 -0.689 -0.745 -0.884 -0.911 -0.921 -0.952 -0.966 -0.966 -1.028 -1.048 -1.026 -1.046 -1.06 -1.081 -1.074 -1.039 -1.024 -1.062 -1.053 -1.084 -1.071 -0.903 -0.84 -0.92 -1.078 -1.039 -0.855 -1.061 -1.044 -1.029 -1.044 -1.068 -1.116 -1.067 -1.051 -1.072 -1.041 -1.051 -1.048 -1.043 -1.029 -1.06 -1.069 -0.861 -0.903 -0.869 -0.652 -0.922 -1.159 -1.165 -1.138 -1.157 -1.119 -1.142 -0.974 -0.892 -0.952 -0.916
-0.927 -0.876 -0.841 -0.8 -0.861 -0.724 -0.846 -0.712 -0.722 -0.705 -0.676 -0.782 -0.81 -0.839 -0.839 -0.717 -0.721 -0.933 -0.935 -0.763 -0.774 -0.907 -0.938 -0.916 -0.951 -1.001 -0.982 -0.975 -1.044 -1.031 -1.049 -1.048 -1.079 -1.031 -1.1 -1.114 -1.045 -1.108 -1.136 -1.109 -0.924 -0.862 -1.119 -1.103 -1.087 -0.875 -0.885 -1.087 -1.082 -1.055 -0.868 -1.056 -1.078 -1.045 -1.057 -1.061 -1.079 -1.114 -1.065 -1.068 -1.076 -1.031 -0.921 -1.096 -0.912 -0.837 -0.918 -1.137 -1.085 -1.152 -0.956 -0.982 -0.936 -0.857 -0.75 -0.858 -0.927
-0.902 -0.889 -0.872 -0.902 -0.904 -0.867 -0.895 -0.795 -0.833 -0.839 -0.784 -0.775 -0.823 -0.817 -0.796 -0.9 -0.91 -0.902 -0.885 -0.924 -0.96 -0.929 -0.967 -0.956 -1.003 -1.003 -1.008 -1.062 -1.068 -1.082 -1.077 -1.035 -1.091 -1.102 -1.123 -1.081 -1.091 -1.112 -1.135 -1.132 -1.095 -0.948 -0.955 -1.086 -1.111 -1.068 -1.062 -1.084 -1.102 -1.016 -1.075 -1.049 -1.108 -1.016 -1.006 -1.082 -1.068 -1.059 -1.039 -0.884 -1.122 -1.11 -1.112 -1.094 -1.158 -0.933 -1.137 -1.135 -1.14 -1.137 -0.956 -0.976 -0.983 -0.945 -0.906 -0.992 -1.18
-0.846 -0.882 -0.857 -0.86 -0.902 -0.898 -0.866 -0.86 -0.87 -0.846 -0.812 -0.841 -0.808 -0.842 -0.842 -0.871 -0.898 -0.929 -0.929 -0.938 -0.948 -0.9 -0.947 -0.967 -0.991 -1.013 -1.073 -1.015 -1.07 -1.036 -1.072 -1.07 -1.091 -1.118 -1.137 -1.071 -1.124 -1.129 -1.154 -1.144 -1.096 -1.078 -1.126 -0.878 -0.907 -1.061 -1.043 -1.091 -1.078 -1.03 -1.038 -1.068 -0.904 -1.092 -1.089 -1.099 -1.067 -1.066 -0.938 -0.808 -0.918 -1.105 -1.109 -1.169 -1.194 -1.106 -1.193 -1.108 -1.185 -1.218 -1.161 -1.168 -1.152 -1.12 -1.156 -1.13 -1.15
-0.871 -0.856 -0.878 -0.912 -0.863 -0.829 -0.868 -0.847 -0.867 -0.844 -0.822 -0.851 -0.843 -0.834 -0.84 -0.896 -0.904 -0.914 -0.915 -0.952 -0.97 -0.938 -0.993 -0.975 -0.981 -1.061 -0.999 -1.017 -1.085 -1.052 -1.067 -1.086 -1.084 -1.101 -1.093 -1.14 -1.129 -1.151 -1.134 -1.11 -1.139 -1.114 -1.166 -1.098 -0.848 -0.865 -1.095 -1.136 -1.081 -1.086 -1.045 -1.054 -1.088 -1.11 -1.103 -1.05 -1.066 -0.895 -1.1 -0.924 -0.944 -1.114 -1.126 -1.14 -1.18 -1.196 -1.161 -1.19 -1.042 -1.193 -1.157 -1.217 -1.169 -1.159 -1.17 -1.16 -1.172
-0.705 -0.919 -0.947 -0.93 -0.891 -0.802 -0.854 -0.879 -0.889 -0.866 -0.878 -0.856 -0.828 -0.824 -0.835 -0.867 -0.91 -0.858 -0.891 -0.963 -0.794 -0.735 -0.95 -1.037 -1.037 -1.013 -0.999 -1.057 -1.082 -1.046 -1.075 -1.068 -1.096 -1.102 -1.154 -1.155 -1.157 -1.195 -1.19 -1.119 -1.17 -1.152 -1.118 -1.099 -0.919 -0.975 -1.087 -1.118 -1.148 -0.877 -1.051 -1.097 -1.094 -1.09 -1.1 -1.099 -1.056 -1.07 -1.151 -1.154 -0.957 -1.086 -1.176 -1.148 -1.205 -1.191 -1.217 -1.187 -1.015 -1.205 -1.229 -1.188 -1.218 -1.148 -1.215 -1.179 -1.004
-0.692 -0.839 -0.846 -0.907 -0.977 -0.872 -0.877 -0.875 -0.891 -0.865 -0.807 -0.84 -0.833 -0.834 -0.821 -0.824 -0.844 -0.89 -0.884 -0.953 -0.999 -0.988 -0.964 -1.002 -0.988 -1.03 -1.047 -1.097 -1.102 -1.07 -0.856 -1.101 -1.133 -1.161 -1.126 -1.135 -1.104 -1.252 -1.151 -1.171 -1.208 -1.101 -1.125 -1.138 -0.955 -0.978 -1.095 -1.094 -1.098 -1.122 -1.161 -1.061 -1.14 -1.114 -1.061 -1.063 -1.085 -1.063 -1.076 -1.1 -1.135 -1.111 -1.144 -1.108 -1.172 -1.147 -1.204 -1.169 -1.174 -1.181 -1.222 -1.216 -1.264 -1.171 -1.172 -1.205 -1.142
-0.905 -0.902 -0.856 -0.896 -0.935 -0.959 -0.9 -0.905 -0.836 -0.803 -0.844 -0.836 -0.849 -0.845 -0.833 -0.835 -0.822 -0.849 -0.882 -0.896 -0.982 -0.958 -0.955 -1.043 -1.071 -1.007 -1.006 -1.009 -0.982 -1.073 -1.087 -0.947 -1.126 -1.126 -1.104 -1.137 -1.188 -1.158 -1.174 -1.142 -1.183 -1.126 -1.133 -1.154 -0.955 -0.93 -1.131 -1.121 -1.143 -1.125 -1.172 -0.952 -1.098 -1.092 -1.073 -1.055 -1.003 -1.044 -1.025 -1.062 -1.081 -1.034 -1.055 -1.09 -1.157 -1.151 -1.153 -1.182 -1.164 -1.215 -1.236 -1.22 -1.187 -1.168 -1.262 -1.198 -1.188
