All_lidar/sz6485_DSM_2M.asc
ncols 500
nrows 500
xllcorner    464000
yllcorner    85000
cellsize     2
NODATA_value -9999
[rows 204 to 237 of 500, columns 308 to 384 of 500]
1.649 1.646 1.686 1.549 1.521 1.584 1.541 1.501 1.584 1.461 1.416 1.386 1.296 1.299 1.306 1.304 1.311 1.394 1.361 1.379 1.454 1.559 1.464 1.431 1.419 1.476 1.456 1.404 1.356 1.449 1.394 1.434 1.491 1.536 1.524 1.484 1.514 1.424 1.429 1.491 1.486 1.444 1.494 1.511 1.564 1.614 1.609 1.586 1.644 1.724 1.721 1.831 1.821 1.904 1.749 1.736 1.736 1.694 1.739 1.644 1.679 1.591 1.624 1.646 1.666 1.464 1.434 1.551 1.554 1.536 1.501 1.471 1.489 1.509 1.474 1.489 1.434
1.669 1.674 1.631 1.584 1.534 1.566 1.631 1.539 1.674 1.564 1.486 1.379 1.349 1.434 1.374 1.349 1.424 1.421 1.434 1.426 1.406 1.399 1.396 1.386 1.459 1.421 1.361 1.356 1.341 1.429 1.411 1.534 1.504 1.574 1.469 1.444 1.491 1.409 1.451 1.506 1.561 1.511 1.581 1.564 1.541 1.611 1.596 1.609 1.704 1.744 1.771 1.761 1.759 1.794 1.691 1.724 1.731 1.644 1.614 1.674 1.696 1.566 1.576 1.534 1.546 1.469 1.444 1.494 1.536 1.521 1.534 1.511 1.546 1.586 1.604 1.499 1.471
1.699 1.631 1.626 1.606 1.646 1.616 1.674 1.549 1.549 1.554 1.476 1.431 1.386 1.406 1.349 1.389 1.506 1.444 1.406 1.419 1.414 1.356 1.324 1.294 1.324 1.371 1.389 1.391 1.401 1.469 1.436 1.416 1.431 1.516 1.456 1.474 1.504 1.514 1.414 1.526 1.574 1.546 1.529 1.531 1.536 1.596 1.649 1.681 1.651 1.676 1.711 1.689 1.731 1.709 1.746 1.746 1.736 1.661 1.616 1.654 1.651 1.581 1.579 1.556 1.586 1.541 1.569 1.586 1.584 1.579 1.499 1.524 1.551 1.596 1.506 1.459 1.496
1.779 1.721 1.649 1.676 1.601 1.626 1.624 1.551 1.546 1.489 1.551 1.481 1.446 1.411 1.389 1.374 1.401 1.399 1.341 1.366 1.384 1.414 1.396 1.364 1.291 1.266 1.399 1.336 1.314 1.351 1.366 1.344 1.326 1.356 1.384 1.429 1.444 1.439 1.454 1.454 1.471 1.501 1.496 1.566 1.566 1.576 1.549 1.586 1.564 1.636 1.651 1.666 1.731 1.704 1.706 1.671 1.659 1.639 1.694 1.604 1.674 1.616 1.654 1.641 1.721 1.579 1.566 1.619 1.544 1.586 1.511 1.466 1.531 1.544 1.504 1.441 1.444
1.841 1.844 1.756 1.659 1.594 1.604 1.696 1.549 1.586 1.564 1.551 1.566 1.479 1.531 1.424 1.441 1.479 1.329 1.339 1.401 1.396 1.434 1.431 1.411 1.304 1.281 1.324 1.339 1.314 1.271 1.291 1.319 1.316 1.304 1.321 1.349 1.324 1.406 1.416 1.386 1.416 1.461 1.399 1.454 1.506 1.496 1.486 1.516 1.514 1.556 1.679 1.614 1.601 1.601 1.729 1.686 1.621 1.666 1.739 1.701 1.664 1.676 1.701 1.661 1.646 1.621 1.526 1.489 1.494 1.574 1.516 1.454 1.399 1.459 1.466 1.411 1.411
1.811 1.829 1.794 1.706 1.601 1.581 1.629 1.611 1.621 1.524 1.561 1.566 1.481 1.411 1.421 1.474 1.434 1.339 1.346 1.379 1.511 1.459 1.394 1.329 1.251 1.254 1.299 1.329 1.294 1.249 1.251 1.291 1.339 1.341 1.341 1.339 1.299 1.524 1.361 1.324 1.311 1.396 1.379 1.374 1.424 1.456 1.474 1.541 1.539 1.526 1.536 1.514 1.504 1.551 1.631 1.719 1.761 1.674 1.681 1.641 1.599 1.666 1.651 1.656 1.636 1.586 1.569 1.564 1.531 1.551 1.591 1.531 1.544 1.481 1.429 1.429 1.421
1.731 1.746 1.786 1.699 1.644 1.594 1.519 1.544 1.581 1.551 1.486 1.496 1.429 1.449 1.379 1.434 1.436 1.426 1.334 1.354 1.396 1.444 1.381 1.359 1.266 1.284 1.309 1.299 1.306 1.259 1.274 1.256 1.256 1.314 1.331 1.324 1.321 1.321 1.284 1.259 1.324 1.266 1.246 1.259 1.286 1.379 1.444 1.511 1.484 1.441 1.501 1.461 1.461 1.479 1.549 1.601 1.634 1.641 1.704 1.656 1.551 1.589 1.586 1.679 1.761 1.686 1.724 1.706 1.591 1.599 1.571 1.524 1.479 1.499 1.426 1.441 1.464
1.754 1.699 1.699 1.686 1.651 1.599 1.639 1.556 1.541 1.564 1.486 1.481 1.511 1.526 1.531 1.506 1.596 1.434 1.341 1.359 1.386 1.336 1.379 1.349 1.284 1.274 1.364 1.271 1.294 1.366 1.346 1.219 1.151 1.221 1.261 1.249 1.271 1.294 1.234 1.226 1.289 1.234 1.159 1.194 1.199 1.271 1.369 1.361 1.381 1.319 1.324 1.309 1.334 1.429 1.411 1.481 1.534 1.531 1.494 1.514 1.556 1.574 1.584 1.651 1.704 1.681 1.666 1.639 1.586 1.566 1.519 1.481 1.399 1.441 1.389 1.449 1.474
1.739 1.744 1.689 1.751 1.684 1.646 1.626 1.571 1.591 1.591 1.534 1.444 1.444 1.484 1.576 1.596 1.451 1.414 1.341 1.326 1.314 1.349 1.331 1.331 1.254 1.269 1.326 1.411 1.399 1.431 1.421 1.279 1.316 1.354 1.351 1.266 1.224 1.334 1.204 1.329 1.191 1.244 1.101 1.144 1.121 1.114 1.236 1.214 1.209 1.201 1.201 1.244 1.274 1.269 1.314 1.371 1.439 1.514 1.454 1.511 1.536 1.549 1.511 1.579 1.641 1.614 1.661 1.641 1.634 1.674 1.501 1.551 1.494 1.416 1.431 1.449 1.469
1.641 1.644 1.669 1.676 1.756 1.631 1.586 1.539 1.584 1.611 1.569 1.504 1.481 1.491 1.484 1.506 1.446 1.311 1.309 1.324 1.349 1.361 1.316 1.289 1.239 1.221 1.264 1.314 1.361 1.409 1.424 1.386 1.409 1.454 1.421 1.326 1.279 1.339 1.279 1.239 1.156 1.134 1.194 1.106 1.086 1.054 1.084 1.124 1.176 1.099 1.151 1.179 1.224 1.246 1.266 1.326 1.409 1.451 1.504 1.536 1.534 1.621 1.526 1.546 1.634 1.569 1.609 1.631 1.584 1.596 1.561 1.519 1.501 1.521 1.471 1.461 1.444
1.589 1.571 1.594 1.679 1.644 1.649 1.464 1.514 1.494 1.531 1.491 1.471 1.484 1.439 1.431 1.496 1.506 1.341 1.319 1.351 1.346 1.356 1.416 1.369 1.266 1.174 1.296 1.396 1.369 1.421 1.471 1.394 1.494 1.449 1.301 1.376 1.321 1.349 1.319 1.251 1.184 1.234 1.256 1.191 1.076 1.081 1.089 1.131 1.171 1.139 1.181 1.196 1.191 1.209 1.219 1.259 1.369 1.454 1.451 1.519 1.591 1.576 1.554 1.569 1.609 1.481 1.529 1.576 1.606 1.619 1.656 1.604 1.559 1.546 1.539 1.596 1.559
1.646 1.571 1.606 1.611 1.624 1.714 1.621 1.484 1.504 1.486 1.424 1.421 1.466 1.446 1.489 1.566 1.604 1.431 1.334 1.379 1.369 1.364 1.376 1.344 1.334 1.331 1.406 1.399 1.364 1.421 1.474 1.384 1.406 1.381 1.401 1.371 1.279 1.301 1.334 1.359 1.339 1.361 1.244 1.216 1.141 1.139 1.059 1.161 1.171 1.154 1.104 1.166 1.141 1.189 1.216 1.296 1.384 1.456 1.436 1.414 1.469 1.484 1.499 1.534 1.536 1.579 1.514 1.534 1.554 1.581 1.551 1.616 1.581 1.579 1.594 1.676 1.656
1.609 1.656 1.601 1.576 1.549 1.609 1.551 1.506 1.511 1.461 1.444 1.501 1.576 1.564 1.554 1.611 1.684 1.514 1.391 1.459 1.414 1.371 1.346 1.386 1.404 1.486 1.516 1.444 1.429 1.424 1.446 1.376 1.381 1.474 1.456 1.461 1.466 1.331 1.364 1.371 1.341 1.331 1.404 1.339 1.256 1.214 1.161 1.176 1.204 1.184 1.139 1.169 1.181 1.249 1.326 1.386 1.356 1.376 1.359 1.351 1.359 1.386 1.434 1.416 1.481 1.451 1.394 1.426 1.461 1.461 1.524 1.541 1.599 1.606 1.639 1.624 1.639
1.531 1.556 1.591 1.541 1.601 1.586 1.596 1.616 1.574 1.514 1.459 1.394 1.576 1.536 1.581 1.589 1.606 1.576 1.506 1.526 1.491 1.464 1.416 1.379 1.436 1.474 1.466 1.446 1.459 1.444 1.416 1.399 1.469 1.529 1.536 1.604 1.581 1.474 1.476 1.381 1.416 1.364 1.486 1.436 1.379 1.299 1.219 1.349 1.379 1.311 1.254 1.239 1.231 1.234 1.351 1.359 1.361 1.401 1.361 1.381 1.324 1.339 1.381 1.364 1.381 1.351 1.271 1.359 1.411 1.471 1.539 1.584 1.664 1.636 1.591 1.581 1.676
1.584 1.579 1.574 1.609 1.621 1.591 1.581 1.659 1.671 1.604 1.526 1.591 1.564 1.561 1.591 1.686 1.661 1.691 1.594 1.579 1.581 1.509 1.584 1.519 1.519 1.509 1.481 1.491 1.511 1.469 1.501 1.509 1.519 1.554 1.609 1.599 1.646 1.506 1.554 1.531 1.609 1.599 1.579 1.501 1.471 1.401 1.334 1.354 1.376 1.391 1.384 1.399 1.339 1.259 1.256 1.301 1.311 1.366 1.381 1.346 1.266 1.254 1.314 1.291 1.341 1.286 1.289 1.361 1.476 1.559 1.521 1.581 1.671 1.661 1.586 1.499 1.594
1.681 1.579 1.539 1.544 1.519 1.534 1.564 1.686 1.684 1.686 1.609 1.586 1.606 1.654 1.636 1.691 1.656 1.681 1.616 1.594 1.531 1.541 1.689 1.631 1.644 1.604 1.611 1.569 1.526 1.536 1.584 1.559 1.534 1.581 1.626 1.644 1.664 1.671 1.706 1.804 1.706 1.714 1.686 1.734 1.619 1.559 1.479 1.506 1.429 1.379 1.396 1.389 1.321 1.309 1.246 1.299 1.249 1.286 1.331 1.296 1.276 1.256 1.221 1.304 1.406 1.424 1.361 1.359 1.481 1.544 1.549 1.576 1.591 1.574 1.591 1.549 1.589
1.536 1.636 1.606 1.569 1.524 1.529 1.594 1.674 1.686 1.599 1.534 1.539 1.561 1.524 1.624 1.704 1.656 1.701 1.694 1.686 1.629 1.621 1.659 1.649 1.686 1.706 1.671 1.591 1.604 1.634 1.616 1.534 1.509 1.534 1.631 1.701 1.636 1.671 1.729 1.724 1.721 1.724 1.689 1.721 1.651 1.646 1.551 1.449 1.466 1.459 1.524 1.344 1.309 1.329 1.289 1.309 1.239 1.281 1.254 1.234 1.226 1.181 1.206 1.266 1.476 1.481 1.424 1.369 1.439 1.461 1.496 1.521 1.554 1.491 1.479 1.481 1.556
1.566 1.581 1.549 1.541 1.564 1.594 1.754 1.671 1.629 1.611 1.526 1.534 1.514 1.496 1.551 1.681 1.774 1.789 1.736 1.724 1.711 1.629 1.674 1.579 1.599 1.646 1.676 1.681 1.706 1.794 1.691 1.554 1.629 1.609 1.674 1.754 1.691 1.706 1.711 1.674 1.729 1.754 1.746 1.726 1.664 1.621 1.559 1.454 1.421 1.459 1.446 1.381 1.376 1.389 1.344 1.394 1.341 1.329 1.271 1.259 1.279 1.251 1.281 1.246 1.359 1.501 1.399 1.401 1.439 1.429 1.419 1.479 1.534 1.569 1.536 1.456 1.519
1.511 1.519 1.486 1.491 1.524 1.631 1.776 1.691 1.634 1.624 1.599 1.534 1.571 1.584 1.531 1.519 1.649 1.701 1.621 1.611 1.566 1.544 1.554 1.506 1.586 1.624 1.624 1.641 1.691 1.709 1.691 1.606 1.584 1.741 1.736 1.759 1.766 1.761 1.656 1.649 1.649 1.664 1.699 1.694 1.649 1.626 1.546 1.439 1.426 1.506 1.454 1.501 1.401 1.331 1.369 1.404 1.364 1.376 1.401 1.344 1.291 1.289 1.331 1.334 1.329 1.401 1.429 1.416 1.434 1.449 1.366 1.406 1.479 1.499 1.519 1.454 1.459
1.471 1.451 1.406 1.449 1.561 1.609 1.686 1.689 1.701 1.721 1.601 1.556 1.584 1.559 1.494 1.454 1.454 1.541 1.564 1.529 1.604 1.456 1.479 1.499 1.514 1.576 1.626 1.644 1.646 1.691 1.734 1.671 1.664 1.751 1.679 1.674 1.724 1.716 1.674 1.654 1.634 1.676 1.626 1.594 1.581 1.574 1.549 1.481 1.521 1.524 1.506 1.514 1.456 1.416 1.391 1.381 1.341 1.361 1.311 1.376 1.394 1.396 1.391 1.461 1.444 1.396 1.364 1.391 1.434 1.449 1.361 1.331 1.444 1.414 1.551 1.486 1.381
1.314 1.351 1.321 1.384 1.494 1.506 1.584 1.611 1.691 1.736 1.681 1.641 1.724 1.676 1.506 1.479 1.464 1.459 1.544 1.604 1.664 1.551 1.571 1.499 1.459 1.526 1.569 1.601 1.624 1.686 1.704 1.744 1.701 1.686 1.649 1.609 1.624 1.679 1.591 1.586 1.646 1.706 1.641 1.601 1.571 1.531 1.586 1.551 1.599 1.644 1.526 1.459 1.494 1.529 1.429 1.346 1.341 1.354 1.454 1.469 1.496 1.481 1.446 1.454 1.441 1.436 1.419 1.421 1.366 1.384 1.374 1.366 1.344 1.374 1.451 1.516 1.416
1.231 1.261 1.316 1.361 1.369 1.464 1.521 1.644 1.749 1.784 1.689 1.689 1.719 1.669 1.529 1.484 1.514 1.499 1.484 1.574 1.616 1.571 1.574 1.554 1.459 1.554 1.546 1.594 1.701 1.729 1.636 1.694 1.661 1.641 1.621 1.586 1.631 1.706 1.666 1.654 1.666 1.681 1.689 1.631 1.616 1.571 1.594 1.566 1.564 1.529 1.471 1.449 1.501 1.474 1.491 1.489 1.491 1.474 1.521 1.514 1.479 1.546 1.496 1.534 1.606 1.539 1.429 1.429 1.391 1.346 1.379 1.361 1.304 1.306 1.386 1.429 1.394
1.311 1.351 1.296 1.319 1.346 1.416 1.416 1.521 1.654 1.664 1.641 1.671 1.696 1.794 1.714 1.659 1.456 1.509 1.464 1.514 1.561 1.601 1.671 1.646 1.454 1.521 1.519 1.591 1.579 1.561 1.579 1.656 1.674 1.644 1.721 1.689 1.701 1.659 1.616 1.574 1.614 1.666 1.684 1.706 1.604 1.606 1.556 1.479 1.471 1.506 1.491 1.394 1.456 1.461 1.476 1.536 1.581 1.636 1.604 1.569 1.549 1.559 1.524 1.569 1.654 1.579 1.454 1.519 1.451 1.396 1.429 1.386 1.391 1.294 1.309 1.339 1.379
1.324 1.466 1.431 1.311 1.311 1.386 1.406 1.426 1.471 1.564 1.624 1.681 1.634 1.634 1.591 1.641 1.566 1.526 1.501 1.586 1.591 1.611 1.661 1.591 1.546 1.556 1.524 1.524 1.521 1.454 1.516 1.559 1.606 1.616 1.674 1.674 1.721 1.559 1.534 1.511 1.504 1.624 1.766 1.679 1.496 1.574 1.546 1.504 1.536 1.496 1.516 1.504 1.464 1.449 1.564 1.609 1.614 1.604 1.596 1.656 1.671 1.571 1.501 1.514 1.604 1.536 1.456 1.544 1.469 1.384 1.426 1.384 1.424 1.266 1.369 1.451 1.484
1.396 1.421 1.556 1.459 1.399 1.401 1.449 1.381 1.371 1.439 1.591 1.611 1.634 1.594 1.576 1.574 1.546 1.524 1.659 1.611 1.579 1.601 1.601 1.511 1.464 1.536 1.509 1.564 1.611 1.546 1.601 1.609 1.619 1.641 1.654 1.614 1.736 1.496 1.454 1.439 1.484 1.546 1.699 1.644 1.574 1.634 1.581 1.601 1.661 1.604 1.576 1.569 1.546 1.481 1.531 1.534 1.571 1.551 1.561 1.611 1.556 1.519 1.454 1.506 1.534 1.476 1.471 1.416 1.496 1.444 1.409 1.439 1.456 1.476 1.409 1.506 1.546
1.529 1.559 1.566 1.489 1.441 1.489 1.511 1.471 1.446 1.469 1.489 1.576 1.561 1.554 1.606 1.556 1.539 1.486 1.594 1.694 1.664 1.649 1.639 1.494 1.469 1.566 1.549 1.591 1.581 1.574 1.571 1.549 1.549 1.651 1.649 1.616 1.601 1.699 1.531 1.491 1.486 1.564 1.619 1.631 1.644 1.679 1.656 1.661 1.699 1.594 1.586 1.591 1.594 1.586 1.579 1.591 1.534 1.491 1.531 1.564 1.499 1.464 1.454 1.531 1.606 1.534 1.496 1.401 1.431 1.499 1.521 1.499 1.489 1.501 1.476 1.526 1.446
1.526 1.601 1.626 1.571 1.599 1.446 1.424 1.441 1.471 1.444 1.416 1.401 1.456 1.431 1.489 1.561 1.541 1.476 1.529 1.636 1.664 1.621 1.609 1.641 1.541 1.544 1.506 1.504 1.456 1.439 1.511 1.554 1.501 1.576 1.554 1.594 1.644 1.691 1.721 1.659 1.521 1.559 1.594 1.579 1.636 1.711 1.659 1.646 1.616 1.571 1.626 1.584 1.641 1.644 1.529 1.621 1.569 1.509 1.516 1.531 1.469 1.431 1.406 1.474 1.554 1.596 1.506 1.471 1.466 1.501 1.574 1.596 1.589 1.574 1.546 1.501 1.474
1.709 1.636 1.649 1.596 1.691 1.496 1.471 1.389 1.369 1.361 1.374 1.419 1.421 1.409 1.399 1.406 1.401 1.446 1.466 1.569 1.644 1.709 1.626 1.616 1.656 1.624 1.556 1.496 1.504 1.544 1.581 1.526 1.486 1.499 1.511 1.509 1.559 1.609 1.579 1.511 1.509 1.446 1.486 1.549 1.631 1.684 1.624 1.644 1.654 1.639 1.656 1.649 1.729 1.606 1.581 1.599 1.586 1.521 1.491 1.471 1.451 1.451 1.406 1.399 1.496 1.549 1.541 1.571 1.516 1.516 1.579 1.566 1.569 1.581 1.526 1.471 1.556
1.629 1.649 1.644 1.576 1.611 1.559 1.569 1.541 1.366 1.289 1.331 1.459 1.486 1.459 1.406 1.381 1.389 1.411 1.381 1.459 1.481 1.596 1.569 1.569 1.579 1.594 1.581 1.579 1.536 1.476 1.551 1.516 1.509 1.539 1.494 1.516 1.519 1.531 1.516 1.479 1.411 1.434 1.441 1.481 1.589 1.679 1.649 1.644 1.676 1.746 1.696 1.691 1.656 1.594 1.519 1.516 1.551 1.541 1.474 1.479 1.491 1.551 1.421 1.399 1.451 1.501 1.536 1.506 1.554 1.531 1.531 1.521 1.536 1.476 1.441 1.519 1.554
1.464 1.484 1.556 1.491 1.516 1.554 1.531 1.484 1.406 1.326 1.304 1.434 1.499 1.479 1.466 1.464 1.454 1.359 1.394 1.324 1.389 1.464 1.521 1.526 1.511 1.479 1.459 1.479 1.416 1.439 1.546 1.581 1.494 1.404 1.431 1.491 1.464 1.476 1.526 1.409 1.394 1.456 1.486 1.471 1.471 1.574 1.649 1.634 1.636 1.666 1.631 1.564 1.556 1.526 1.481 1.439 1.409 1.446 1.494 1.486 1.496 1.466 1.419 1.389 1.506 1.499 1.381 1.401 1.474 1.484 1.454 1.506 1.469 1.459 1.374 1.419 1.459
1.396 1.324 1.439 1.434 1.451 1.521 1.514 1.419 1.481 1.409 1.441 1.421 1.509 1.506 1.426 1.429 1.424 1.439 1.356 1.326 1.331 1.419 1.486 1.504 1.436 1.381 1.374 1.434 1.449 1.484 1.441 1.444 1.384 1.401 1.456 1.494 1.494 1.431 1.464 1.421 1.411 1.471 1.494 1.536 1.501 1.514 1.609 1.661 1.624 1.534 1.564 1.549 1.561 1.561 1.496 1.444 1.444 1.514 1.499 1.476 1.491 1.459 1.414 1.391 1.416 1.466 1.424 1.431 1.454 1.429 1.426 1.364 1.399 1.421 1.406 1.356 1.336
1.399 1.316 1.376 1.404 1.394 1.419 1.436 1.419 1.439 1.439 1.386 1.369 1.404 1.439 1.369 1.351 1.386 1.411 1.299 1.271 1.311 1.369 1.491 1.491 1.496 1.324 1.324 1.374 1.419 1.404 1.346 1.409 1.479 1.479 1.469 1.484 1.479 1.484 1.499 1.449 1.476 1.516 1.486 1.531 1.494 1.484 1.521 1.591 1.559 1.579 1.486 1.549 1.541 1.511 1.489 1.526 1.554 1.554 1.581 1.469 1.506 1.434 1.409 1.356 1.396 1.401 1.416 1.486 1.444 1.401 1.379 1.366 1.424 1.384 1.329 1.301 1.366
1.344 1.379 1.476 1.336 1.326 1.366 1.391 1.466 1.401 1.406 1.331 1.334 1.334 1.376 1.384 1.304 1.361 1.296 1.409 1.294 1.369 1.421 1.446 1.536 1.379 1.294 1.294 1.334 1.344 1.364 1.294 1.324 1.424 1.484 1.446 1.456 1.421 1.476 1.446 1.381 1.374 1.354 1.414 1.501 1.431 1.444 1.461 1.549 1.631 1.606 1.514 1.546 1.524 1.524 1.521 1.534 1.521 1.564 1.501 1.484 1.454 1.401 1.329 1.326 1.324 1.366 1.379 1.374 1.386 1.354 1.321 1.339 1.429 1.399 1.421 1.394 1.396
1.279 1.331 1.359 1.194 1.196 1.239 1.299 1.339 1.396 1.379 1.339 1.301 1.286 1.304 1.316 1.386 1.331 1.291 1.331 1.269 1.286 1.404 1.444 1.376 1.401 1.376 1.414 1.304 1.274 1.321 1.254 1.299 1.334 1.376 1.396 1.394 1.309 1.391 1.369 1.319 1.274 1.349 1.319 1.386 1.316 1.414 1.464 1.519 1.596 1.591 1.504 1.604 1.554 1.539 1.516 1.534 1.464 1.464 1.514 1.539 1.456 1.389 1.324 1.311 1.361 1.376 1.344 1.354 1.369 1.379 1.329 1.396 1.456 1.459 1.439 1.446 1.429
