All_lidar/sz6487_DSM_2M.asc
ncols 500
nrows 500
xllcorner    464000
yllcorner    87000
cellsize     2
NODATA_value -9999
[rows 384 to 415 of 500, columns 0 to 70 of 500]
16.765 16.922 17.095 17.267 17.43 17.565 17.69 17.832 17.972 18.11 18.272 18.4 18.542 18.695 18.845 19.012 19.195 19.36 19.527 19.65 19.805 19.955 20.12 20.272 20.41 20.542 20.68 20.83 20.942 21.067 21.225 21.375 21.502 21.652 21.787 21.94 22.03 22.172 22.295 22.44 22.565 22.69 22.805 22.95 23.067 23.132 23.35 24.275 24.265 25.095 25.027 24.517 24.232 24.377 24.442 24.592 25.57 26.245 26.15 26.002 28.86 27.207 27.9 29.977 27.422 26.79 26.78 27.01 26.967 27.917 29.002
16.59 16.775 16.935 17.095 17.25 17.392 17.527 17.675 17.812 17.95 18.08 18.227 18.377 18.535 18.682 18.867 19.04 19.202 19.387 19.542 19.682 19.83 19.965 20.117 20.252 20.4 20.547 20.675 20.792 20.945 21.085 21.23 21.345 21.482 21.615 21.767 21.897 22.025 22.162 22.282 22.432 22.55 22.705 22.817 22.932 23.337 24.45 24.46 24.375 24.372 24.01 24.017 24.165 24.252 24.577 26.08 26.922 25.217 25.282 26.36 26.5 25.795 25.905 27.365 26.405 26.74 26.98 27.11 27.897 27.742 27.957
16.457 16.617 16.787 16.937 17.075 17.22 17.367 17.502 17.625 17.777 17.907 18.06 18.232 18.4 18.542 18.697 18.89 19.105 19.252 19.382 19.535 19.697 19.837 19.98 20.152 20.295 20.437 20.545 20.677 20.835 20.987 21.102 21.242 21.382 21.507 21.647 21.77 21.905 22.01 22.15 22.272 22.42 22.545 23.215 23.355 24.18 24.442 24.532 24.362 23.72 23.822 23.895 24.055 24.842 26.25 27 25.407 25.12 25.165 25.545 26.897 26.235 27.042 26.495 27.055 26.6 27.11 27.502 27.835 27.87 28.032
16.327 16.495 16.647 16.772 16.93 17.067 17.207 17.352 17.507 17.64 17.77 17.95 18.112 18.262 18.382 18.575 18.77 18.942 19.09 19.242 19.392 19.58 19.737 19.887 20.017 20.142 20.292 20.432 20.567 20.715 20.847 20.995 21.132 21.257 21.397 21.527 21.602 21.755 21.872 22.017 22.135 22.432 24.49 28.072 24.307 23.955 24.067 23.59 23.517 23.637 23.767 23.902 24.55 25.362 25.007 24.742 25.71 25.477 25.437 25.387 25.642 25.66 29.025 26.122 26.855 26.52 29.062 28.76 27.75 27.882 27.957
16.235 16.352 16.525 16.652 16.8 16.94 17.067 17.207 17.367 17.477 17.63 17.807 17.955 18.15 18.265 18.472 18.675 18.807 18.965 19.11 19.267 19.432 19.605 19.775 19.912 20.042 20.187 20.297 20.45 20.61 20.775 20.912 21.01 21.135 21.27 21.352 21.46 21.625 21.777 22.19 24.14 24.865 24.315 26.992 24.835 23.91 23.197 23.33 23.48 23.635 25.775 27.165 25.19 29.022 26.407 24.705 24.965 24.98 25.387 26.325 26.39 25.612 27.54 27.825 26.267 26.52 27.312 28.402 27.505 27.7 27.715
16.11 16.252 16.382 16.522 16.655 16.782 16.892 17.05 17.215 17.37 17.522 17.67 17.815 17.987 18.165 18.37 18.542 18.695 18.835 18.997 19.145 19.337 19.515 19.647 19.81 19.935 20.097 20.245 20.395 20.532 20.685 20.752 20.875 21.002 21.132 21.247 21.645 23.492 24.702 23.975 23.792 24.7 26.097 24.062 23.232 23.037 23.162 23.31 23.367 24.61 25.802 24.912 25.627 25.092 24.527 24.712 24.82 25.005 25.512 25.632 25.422 25.63 26.232 26.452 26.335 26.577 26.832 27.06 27.422 27.537 27.5
16.072 16.197 16.315 16.422 16.547 16.665 16.79 16.92 17.085 17.235 17.377 17.535 17.692 17.875 18.045 18.255 18.442 18.58 18.75 18.927 19.082 19.25 19.417 19.587 19.755 19.912 20.067 20.145 20.252 20.377 20.51 20.65 20.755 20.877 21.315 21.68 24.68 26.345 22.975 24.385 25.602 28.675 30.052 23.67 22.862 23.015 23.082 23.205 24.72 26.63 25.295 24.742 25.057 24.515 24.56 24.712 24.925 25.195 25.367 25.96 25.49 25.83 26.335 26.177 26.422 26.892 27.027 27.107 27.245 27.305 27.472
16.035 16.125 16.25 16.37 16.492 16.602 16.737 16.887 17.047 17.177 17.32 17.467 17.632 17.795 17.972 18.165 18.337 18.542 18.695 18.88 19.057 19.192 19.36 19.522 19.64 19.78 19.91 20.035 20.152 20.265 20.437 20.727 21.89 21.887 22.272 22.662 23.16 23.365 22.41 24.027 26.35 28.357 26.507 23.07 22.842 22.912 23.317 24.962 25.37 24.352 24.01 25.052 24.765 24.37 24.482 24.652 24.905 25.18 25.337 25.52 25.545 26.9 26.262 26.247 26.647 26.965 26.952 27.055 27.455 27.33 27.707
15.897 16.03 16.175 16.322 16.45 16.567 16.702 16.835 16.985 17.127 17.3 17.452 17.592 17.77 17.922 18.095 18.305 18.48 18.65 18.837 18.982 19.12 19.247 19.387 19.52 19.727 20.46 21.047 20.37 20.827 22.55 21.612 22.79 23.497 21.84 23.292 21.557 22.925 22.665 22.52 24.162 22.77 22.562 22.637 22.792 25.585 24.14 24.262 25.377 24.147 23.932 24.767 24.91 24.412 24.505 24.687 24.802 24.98 28.125 25.34 25.542 25.78 25.99 26.2 26.492 26.67 26.737 26.94 27.185 27.357 28.122
15.832 15.995 16.137 16.307 16.43 16.527 16.667 16.785 16.927 17.077 17.182 18.135 17.557 17.762 17.917 18.095 18.275 18.422 18.575 18.75 18.897 19.012 19.175 20.157 20.995 20.647 20.422 20.887 20.727 21.872 20.937 21.565 21.062 21.075 21.255 22.227 23.915 24.22 22.27 22.162 22.33 22.402 22.575 22.667 24.192 24.442 23.777 23.445 23.557 23.765 23.895 24.04 24.187 24.255 24.945 24.685 26.257 29.252 29.445 27.77 25.682 27.462 26.112 26.292 26.407 26.637 26.777 26.965 27.177 27.987 27.74
15.855 16.835 16.5 16.36 17.297 16.892 17.632 17.11 17.167 17.497 17.877 19.082 17.662 17.77 18.065 18.117 18.782 18.457 18.595 19.577 20.842 21.1 22.177 20.85 21.95 21.432 22.802 20.785 20.312 21.26 20.542 20.777 21.37 21.207 24.02 24.462 23.305 21.967 22.105 22.46 22.302 22.347 22.885 23.55 25.56 23.825 23.392 23.377 23.62 23.842 23.982 24.777 24.197 24.355 25.552 25.557 25.717 26.955 28.59 26.64 25.905 26.915 26.127 26.282 26.575 27.782 26.925 27.072 27.267 27.797 27.905
16.665 16.557 17.052 18.18 17.405 17.777 18.23 17.897 18.02 18.237 19.025 18.752 18.465 18.735 19.87 18.452 22.217 20.94 19.855 20.46 21.765 22.057 21.625 22.13 19.89 21.807 20.547 21.092 22.472 21.7 20.737 20.93 22.812 23.88 25.462 22.022 21.852 22.017 22.305 22.597 22.285 23.39 23.44 24.222 26.707 23.882 23.227 23.377 23.667 23.78 23.952 24.112 24.277 24.59 24.762 25.3 25.437 30.21 27.16 25.73 25.82 26.015 26.18 26.427 26.622 26.865 27.055 27.265 27.372 27.585 27.945
16.202 16.277 16.48 16.82 17.292 17.487 17.892 17.32 17.76 17.752 17.982 18.485 18.902 18.62 18.987 18.72 19.28 20.245 20.61 21.372 21.622 22.695 20.227 22.502 19.91 20.375 20.142 20.255 22.672 21.527 24.297 24.782 22.162 21.595 22.345 22.015 21.815 21.897 21.947 23.352 24.245 24.762 23.365 24.812 25.207 23.43 24.86 23.497 23.752 23.792 24.287 25.105 24.317 24.412 24.45 24.922 25.125 28.767 32.235 26.61 25.89 26.582 26.31 29.27 27.72 26.862 27.232 27.462 28.547 28.12 27.847
16.307 16.4 16.887 16.755 17.11 17.287 17.815 17.945 17.607 17.917 17.837 18.135 18.515 18.662 19.99 18.895 18.767 18.877 19.207 19.817 20.057 19.86 19.94 21.93 20.392 20.41 20.315 20.742 20.582 22.882 26.61 24.22 21.83 21.572 21.622 21.725 21.742 21.895 22.38 24.267 24.99 23.142 23.83 24.782 26.56 23.885 23.29 23.677 25.865 24.527 24.877 25.272 24.38 24.35 24.197 24.775 25.772 28.74 33.742 28.07 26.125 27.99 27.187 26.655 26.792 26.962 27.975 27.595 27.64 28.722 28.852
16.52 16.592 16.872 16.862 17.55 17.432 17.35 17.32 17.515 17.752 17.81 18.195 18.552 18.507 21.6 20.9 19.727 19.02 19.465 19.545 19.657 19.702 19.765 21.202 20.192 20.225 21.422 22.645 24.125 23.03 22.792 21.71 21.515 21.555 21.612 21.652 22 23.942 22.52 24.102 23.182 22.872 22.96 23.49 23.505 24.01 23.38 23.63 27.95 24.355 24.33 24.567 25.492 24.152 25.005 26.925 25.867 30.602 27.79 28.862 25.932 26.237 30.192 26.992 26.937 27.887 27.78 27.47 27.642 28.542 28.25
16.372 16.587 17.005 16.86 17.495 17.24 17.807 17.935 17.672 17.797 17.967 18.105 18.562 18.707 20.015 18.892 19.012 19.365 19.692 19.475 19.54 21.895 20.782 20.667 20.265 20.405 20.617 21.072 22.087 22.697 21.292 22.082 23.112 21.785 21.667 22.065 22.422 22.72 22.94 24.472 27.855 24.165 23.075 25.472 23.167 24.645 23.65 23.837 25.38 24.202 24.42 24.62 26.03 24.39 24.437 26.182 26.98 26.5 25.462 25.685 26.322 30.015 31.19 26.91 26.98 27.122 27.617 27.937 27.872 29.07 28.325
16.545 16.595 16.802 16.9 17.857 17.427 17.632 17.682 19.277 18.227 18.045 18.685 18.547 18.617 18.88 18.81 19.695 19.165 19.662 20.492 19.795 21.39 20.257 20.102 22.912 20.757 21.02 21.085 21.25 22.465 22.607 21.345 21.395 21.547 22.325 22.185 22.175 22.482 22.61 23.847 26.775 24.325 24.56 23.392 23.625 24.54 23.697 23.825 24.092 26.12 24.845 24.67 24.697 24.602 25.235 24.98 25.345 25.442 25.587 26.01 28.06 30.675 29.55 27.965 27.107 27.267 27.427 27.61 27.852 28.672 29.592
16.912 16.615 17.157 16.97 17.29 18.71 17.44 18.912 17.875 17.897 18.512 18.487 18.942 18.635 18.865 19.27 19.882 21.325 20.632 20.522 19.807 21.64 20.762 20.74 20.875 20.932 20.977 21.102 21.12 21.19 21.272 21.407 21.725 21.87 21.802 22.11 22.35 22.687 22.757 22.852 24.027 23.07 23.365 23.497 23.647 23.832 23.847 23.965 24.115 24.377 25.012 24.892 25.052 24.885 24.717 25.067 25.375 25.545 25.665 26.235 28.775 28.09 27.067 28.152 27.21 27.427 27.595 27.682 28.027 28.347 29.74
16.607 16.75 16.825 16.907 17.057 17.81 19.435 18.282 18.485 17.942 18.417 19.16 19.337 18.625 19.42 19.305 19.782 20.84 20.842 20.542 20.42 20.52 23.792 20.877 20.895 20.877 20.967 21.067 21.09 21.175 23.01 22.112 22.562 22.832 22.69 22.055 22.83 22.78 22.755 22.817 23.047 23.63 23.53 23.917 24.052 24.062 24.007 24.12 24.295 24.375 24.715 25.425 26.877 28.257 25.847 25.517 25.712 25.625 25.862 26.107 26.59 26.965 26.942 27.107 27.322 27.565 28.587 28.2 28.192 28.475 29.967
16.895 16.877 16.952 17.037 17.25 17.537 18.717 18.305 18.13 18.212 18.242 19.132 18.76 18.807 18.897 19.457 21.32 21.662 24.997 24.652 21.367 20.825 20.752 20.79 20.887 20.897 20.96 20.972 22.44 21.597 21.657 21.627 21.695 21.932 23.317 22.442 22.457 22.802 22.917 23.03 23.12 23.445 23.462 23.76 24.092 24.36 24.18 24.45 24.53 24.502 24.807 25.405 27.482 27.207 26.457 26.927 26.147 26.295 26.082 26.27 27.177 27.32 27.337 27.265 27.477 27.627 28.02 28.077 29.735 31.38 28.787
16.87 16.945 17.1 17.195 17.495 17.547 17.8 18.125 18.607 18.23 18.347 18.607 19.15 19.192 19.082 19.925 20.727 21.91 23.925 24.83 21.982 20.622 20.715 20.747 20.822 20.825 21.002 21.322 22.365 21.55 21.497 22.33 21.727 21.935 22.18 22.902 22.555 22.665 23.477 23.817 23.165 23.38 23.9 23.877 24.087 24.2 24.412 24.872 24.712 24.787 24.957 26.107 26.97 26.172 26.242 26.65 26.087 28.265 27.272 26.532 26.767 27.7 27.535 27.442 27.652 27.915 27.992 28.26 30.74 38.99 29.61
17.055 17.07 17.207 17.327 17.577 18.042 18.3 18.162 23.122 18.475 18.652 18.775 19.655 19.24 19.465 19.61 19.937 20.512 21.257 20.962 20.555 20.64 20.725 20.787 20.86 21.105 21.94 21.507 21.862 21.64 23.005 21.715 22.105 22.115 22.762 22.817 22.66 23.457 23.077 23.135 23.397 23.567 23.702 24.777 24.092 24.73 24.645 24.647 24.715 24.965 25.185 25.435 26.837 27.007 26.185 26.157 27.115 29.102 26.842 26.815 27.082 27.297 27.297 27.562 27.812 27.96 28.117 28.717 29.372 31.05 29.53
17.187 17.255 17.44 17.645 17.715 17.915 18.14 18.285 22.2 19.247 20.872 18.9 19.542 20.227 20.082 21.82 20.447 20.387 20.415 20.477 20.637 20.635 20.68 20.837 22.427 21.77 21.362 21.467 21.515 21.532 21.652 22.402 21.97 22.187 22.917 22.675 24.407 26.627 26.667 24.087 23.665 23.597 23.817 24 24.19 24.762 24.57 24.71 24.835 25.322 25.382 28.947 26.147 26.99 26.205 27.965 26.972 27.48 26.815 26.995 26.947 27.26 27.45 27.695 28.112 29.14 28.295 29.64 29.62 31.24 30.37
17.33 17.44 17.572 18.387 18.177 18.1 18.65 19.04 18.712 21.6 20.405 22.63 19.88 20.56 20.582 20.32 20.352 20.365 21.102 20.465 20.517 20.662 22.84 22.332 21.32 21.42 21.44 21.515 21.5 21.705 22.002 22.412 22.15 22.232 22.51 22.707 22.95 27.347 30.06 27.772 23.827 24.36 24.72 29.542 24.392 24.517 24.63 24.847 24.97 29.31 26.292 28.917 26.007 26.25 26.472 26.55 26.635 26.725 26.935 27.037 27.1 27.347 27.565 27.745 28.057 28.985 28.46 28.722 29.417 29.425 29.405
17.56 17.757 17.992 18.922 18.34 18.36 19.952 19.887 18.662 19.102 24.002 21.162 27.047 19.932 20.23 20.252 20.322 20.372 21.567 20.477 20.7 21.195 21.275 21.702 21.437 21.472 21.517 21.56 21.685 21.912 22.257 22.542 22.197 22.46 23.03 23.095 23.175 27.287 28.29 26.175 23.965 25.892 25.2 27.255 27.145 24.655 24.785 24.895 25.182 27.325 29.64 26.055 26.005 26.175 26.495 26.582 28.17 27.055 27.4 27.137 28.712 28.71 27.737 28.532 28.42 29.575 30.085 28.792 29.047 31.222 29.792
17.587 17.687 17.965 18.142 19.142 18.422 18.72 21.922 19.875 19.335 24.06 25.45 23.292 21.512 20.2 20.212 20.285 20.355 20.705 23.495 23.902 22.997 21.37 21.502 21.575 21.87 21.75 21.882 21.862 22.277 22.1 22.272 22.305 22.657 23.13 23.23 23.027 23.872 23.497 23.662 24.75 24.655 24.42 24.415 25.132 24.812 24.955 25.085 25.175 25.54 28.367 25.842 26.425 26.347 26.8 26.985 27.512 27.552 27.332 27.41 30.522 27.79 27.885 28.135 28.787 30.345 28.79 28.855 29.107 31.69 29.77
17.892 18.01 18.2 18.255 18.82 19.387 22.755 25.245 22.237 24.85 26.212 26.402 23.117 20.135 20.18 20.23 20.255 20.4 20.885 21.287 24.907 21.222 21.337 21.467 21.7 21.815 21.952 21.962 22.162 22.222 22.322 22.42 22.54 22.725 23.082 24.885 24.015 23.442 23.557 24.142 24.197 24.825 24.877 24.49 24.52 24.817 25.295 25.272 25.31 25.42 26.232 25.85 26.192 26.412 26.982 27.51 27.045 27.152 27.28 29.335 35.98 27.87 28.005 28.242 28.277 31.577 28.88 29.035 29.232 29.77 29.957
17.91 18.1 18.132 19.172 19.072 18.88 22 19.305 20.167 26.805 27.197 27.497 25.342 20.065 20.145 20.195 20.49 20.772 21.277 21.012 21.555 21.355 21.537 21.765 21.875 21.955 22.045 22.137 22.292 22.47 23.375 22.532 22.647 22.875 23.037 23.187 23.35 23.557 24.077 24.177 24.165 24.297 24.537 24.737 24.64 24.85 25.225 25.382 26.415 25.55 25.632 25.905 26.152 26.38 26.757 27.3 27.105 27.305 27.455 28.255 29.425 28.015 28.122 28.372 28.59 28.767 29.087 29.24 29.602 29.757 30.037
18.007 18.17 18.33 19.767 18.825 19.342 20.065 19.575 19.815 22.577 26.922 27.965 22.735 20.442 21.245 21 20.802 20.72 21.035 21.047 21.135 22.542 23.235 22.28 21.927 22.137 22.427 22.4 22.38 22.54 22.54 22.657 22.832 23.02 23.182 23.322 23.45 23.582 23.797 24.21 24.282 24.6 24.95 24.707 24.772 25.715 25.727 25.567 25.765 25.825 25.775 25.995 26.267 26.437 26.947 28.207 28.575 27.512 27.56 27.875 28.165 28.277 28.315 28.472 28.732 28.922 29.112 29.342 29.642 29.91 30.132
19.157 18.232 18.457 18.987 19.46 20.457 20.865 20.657 19.857 19.84 24.98 20.085 21.922 20.305 21.62 21.365 21.21 21.307 20.987 21.002 21.282 21.837 22.132 22.15 22.16 23.075 22.575 22.94 22.715 22.73 22.737 23.04 23.02 23.12 23.247 23.475 23.56 23.875 23.937 24.1 25.217 24.737 24.607 24.8 25.005 25.907 25.685 25.71 25.977 25.89 25.957 26.145 26.417 26.572 26.87 27.332 28.32 27.652 27.822 27.887 28.157 28.38 28.482 28.635 28.85 29.065 29.18 29.537 31.32 30.8 30.435
18.367 18.55 19.06 18.932 19.245 19.702 19.85 19.862 19.852 19.93 19.932 20.02 20.427 20.62 20.727 21.112 20.8 20.93 21.012 21.54 21.61 21.59 21.89 22.117 22.467 22.81 23.172 22.75 22.922 22.82 23.16 23.197 23.185 23.29 23.37 23.615 23.79 23.985 24.212 24.247 24.465 24.727 25.36 24.995 25.44 25.55 25.56 25.787 25.99 26.052 26.125 26.267 26.47 26.642 26.937 28.05 27.742 27.847 28.032 28.105 28.245 28.542 29.622 28.85 29.787 29.265 30.487 29.512 33.54 32.51 31.26
18.635 18.7 19.177 19.37 19.732 19.765 19.817 19.857 19.83 19.897 21.362 21.605 20.592 20.612 21.575 20.755 20.88 21.065 21.317 21.537 21.607 21.767 22.24 22.185 22.637 22.7 23.01 23.065 23.345 23.38 23.01 23.912 23.36 23.36 23.482 23.775 24.922 24.27 24.182 24.57 24.505 24.795 26.737 26.482 25.43 25.537 25.705 25.985 26.047 26.127 26.2 26.407 26.575 26.707 27.102 27.485 28.595 28.49 28.505 28.37 28.435 28.65 30.787 29.185 29.332 29.37 30.255 29.66 30.327 30.21 31.682
