All_lidar/sz6490_DSM_2M.asc
ncols 500
nrows 500
xllcorner    464000
yllcorner    90000
cellsize     2
NODATA_value -9999
[rows 198 to 230 of 500, columns 380 to 455 of 500]
1.987 1.96 2 1.962 1.88 1.942 1.865 1.845 1.77 1.77 1.802 1.8 1.822 1.852 1.92 1.925 1.907 2.04 1.99 1.905 1.945 1.92 1.922 1.957 1.96 1.852 1.832 1.857 1.88 1.865 1.977 2.097 2.075 2.062 2.062 2.055 2.092 2.07 2.037 2.022 1.935 1.872 1.865 1.865 1.847 1.885 1.81 1.992 2.112 1.965 1.97 2.027 1.98 1.995 2.022 2.1 1.807 2.042 1.992 2.077 1.92 1.81 1.877 2.062 1.89 1.852 1.902 1.92 1.882 1.84 1.882 1.872 1.897 1.905 1.892 1.985
2.015 2.055 2.007 1.972 1.922 2 1.857 1.852 1.822 1.765 1.822 1.85 1.88 1.847 1.992 1.997 1.98 2.062 1.915 1.907 1.96 1.937 1.927 1.935 1.897 1.905 1.897 1.905 1.965 2.03 1.972 2.03 2.097 2.14 2.087 2.035 2.04 1.96 1.907 2.007 1.982 1.8 1.83 1.845 1.832 1.825 1.977 1.965 2.005 2.055 2.04 2.08 2.137 2.072 2.052 2.057 2.075 1.932 1.997 1.98 1.84 1.76 1.855 1.947 1.86 1.847 1.847 1.902 1.887 1.92 1.962 1.997 1.99 1.982 1.97 1.955
2.07 2.042 2.045 2.017 2.01 1.967 1.882 1.807 1.832 1.935 1.86 1.89 1.86 1.87 2.01 1.937 1.955 1.915 1.882 1.962 1.91 1.875 1.912 1.937 1.87 1.917 1.985 1.972 2.015 2.05 2.092 2.017 2.09 2.157 2.032 1.907 2.06 1.885 1.955 1.837 1.865 1.742 1.887 1.945 1.96 1.89 2.045 2.017 2.042 2.092 2.017 1.985 2.072 2.107 1.967 2.065 2.015 1.867 1.855 1.82 1.8 1.802 1.875 1.88 1.957 1.88 1.847 1.895 1.905 1.965 2.032 1.987 2.025 2.065 2.045 2.017
1.965 1.997 1.975 1.94 1.805 1.907 1.852 1.902 1.95 1.94 1.96 1.947 1.95 2.032 2.047 1.877 1.797 1.79 1.81 1.882 1.91 1.892 2.06 2.017 1.952 1.96 2.09 2.022 1.995 2.072 2.155 2.075 2 1.995 2.027 1.84 1.797 1.767 1.932 1.91 1.877 1.83 1.965 2 1.932 2.022 2.082 2.02 2.012 1.997 2.007 1.982 1.967 2.07 2.16 2.017 1.985 1.832 1.77 1.84 1.847 1.855 1.862 1.957 1.897 1.915 1.957 1.945 2.05 2.165 2.07 2.05 1.962 1.952 2.137 2.012
2.11 2.015 2.022 1.935 1.72 1.78 1.827 1.912 1.97 1.94 1.825 1.875 1.93 1.987 1.97 1.882 1.82 1.73 1.91 1.87 1.877 1.997 1.982 1.952 1.917 2.01 2.12 1.977 1.972 1.905 1.945 2.08 1.885 1.945 1.917 1.86 1.782 1.95 1.822 1.835 1.885 1.95 1.972 2.07 1.98 2.035 2.112 2.052 2.052 2.082 2.002 1.927 1.94 2.027 2.007 1.975 1.87 1.812 1.82 1.857 1.935 1.895 1.967 2.035 2.015 2.025 2.06 1.815 2.027 2.062 2.015 1.955 1.935 1.865 1.892 1.967
2.017 1.927 1.92 1.935 1.83 1.817 1.812 1.897 1.935 1.93 1.9 1.982 1.865 1.942 1.962 1.925 1.955 1.895 1.942 1.91 1.985 2.03 1.982 1.897 1.932 1.957 2.007 1.96 1.93 1.922 1.932 1.942 1.94 1.915 1.845 1.86 1.832 1.847 1.925 1.967 1.917 1.95 1.972 2.06 2.005 2.057 2.087 1.97 2 2.012 1.907 1.95 1.952 1.902 2.005 1.92 1.835 1.732 1.807 1.827 1.87 1.962 2.08 2.01 2.017 2.072 2.157 2.115 1.972 1.9 1.895 1.897 1.942 1.872 1.792 1.845
1.942 1.885 1.87 1.862 1.765 1.835 1.875 1.907 2.045 1.955 1.94 2.03 2.002 1.932 1.93 1.937 1.907 1.907 1.987 2.095 2.052 2.065 2.015 1.975 2.027 1.965 1.985 2.017 2.025 1.942 2.15 1.915 1.9 1.84 1.812 1.837 1.927 1.95 1.965 2.052 2.032 1.997 2.035 2.045 2.032 2.14 2.145 2.007 1.912 1.942 1.86 1.902 1.925 1.862 1.785 1.835 1.825 1.85 1.952 1.972 1.957 1.932 2.03 1.96 1.925 1.935 2.002 2.065 1.937 1.855 1.882 1.96 1.832 1.872 1.87 1.865
1.857 1.837 1.86 1.862 1.905 1.89 1.872 1.912 1.815 1.987 2.037 2.022 1.98 1.98 1.872 1.937 1.975 1.98 2.02 1.997 2.005 2.007 1.865 1.835 2.002 2.04 1.947 1.925 1.91 1.992 1.972 1.85 1.855 1.855 1.812 1.85 1.92 1.962 2.015 1.945 2.002 1.962 1.93 1.997 1.952 2.015 2.082 1.962 1.967 1.875 1.817 1.862 1.967 1.892 1.82 1.935 1.877 1.887 1.875 1.952 2.027 1.997 2.07 1.997 1.925 1.877 1.907 2.002 1.967 1.962 2.025 1.972 1.932 1.925 2.07 1.902
1.907 1.88 1.872 1.95 1.95 2.055 1.962 2.02 2.017 1.96 1.892 1.875 1.83 1.912 1.865 1.855 2.067 2.147 2.04 2.07 2.005 1.96 1.922 2.022 1.91 2.015 1.99 2 1.857 1.84 1.912 1.827 1.915 1.992 1.875 1.882 2.002 2.067 2.027 2.027 1.935 1.955 1.992 1.987 1.87 1.86 1.945 1.857 1.925 1.827 1.79 1.877 1.882 1.915 1.815 1.985 1.997 1.892 1.935 1.952 2.022 2.012 2.07 1.957 1.882 1.862 1.885 1.86 1.917 1.977 1.952 1.885 1.907 1.95 1.942 1.995
1.87 1.937 1.947 2.03 1.97 2.002 2.035 1.992 1.93 1.912 1.962 1.835 1.855 1.892 1.967 2.112 2.112 2.19 2.032 2.112 1.935 1.985 2.07 2.067 1.992 1.857 1.905 1.975 1.912 1.92 1.957 1.88 1.89 1.9 1.912 1.992 2.012 2.07 1.935 1.947 1.95 1.917 1.9 1.875 1.84 1.857 1.935 1.925 1.952 1.942 1.877 1.915 1.937 2.002 1.902 1.855 2.065 2.07 2.052 2.017 2.027 1.995 2.142 2.02 1.832 1.915 1.852 2.062 2.022 1.927 1.84 1.935 1.832 1.952 1.995 1.987
1.852 1.91 1.95 1.905 1.935 1.95 1.952 1.985 1.955 1.872 1.952 1.902 1.922 1.962 2.095 2.06 2.097 2.07 2.032 2.09 2.01 1.952 2.01 2.02 1.96 1.877 1.88 1.897 1.9 1.917 1.895 1.91 1.827 1.877 1.867 2 1.98 2.005 2.002 1.87 1.995 1.857 1.892 1.825 1.885 1.945 1.917 1.782 1.92 1.91 1.8 1.955 1.98 2.002 1.932 1.937 2.087 2.05 1.99 1.992 1.995 1.962 1.997 1.942 1.88 1.88 1.995 1.91 1.865 1.867 1.887 2.022 2.067 2.057 2.04 1.905
1.892 1.867 1.932 1.855 1.952 1.937 1.9 2.05 1.99 1.872 1.835 1.935 1.937 1.977 2.052 2.117 2.12 2.045 1.982 1.957 1.977 1.952 2.035 2.025 1.955 1.73 1.997 1.917 2.012 1.89 1.877 1.92 1.9 1.897 2.032 2.027 2 1.997 1.985 1.99 1.95 1.93 1.907 1.83 1.9 1.915 1.915 1.922 1.875 1.955 1.86 2 2.047 2.05 1.935 2.027 1.942 2.055 1.98 1.907 1.892 1.912 1.895 1.782 1.907 1.795 1.89 1.977 1.997 1.952 2.035 2.127 2.032 2.027 1.925 2.102
1.9 1.945 1.922 1.985 1.867 1.872 1.905 1.942 1.927 1.952 1.892 1.952 2.125 2.105 2.097 2.172 2.025 1.922 2.007 1.99 1.92 1.892 1.872 1.935 1.902 1.892 1.98 1.997 1.95 1.942 1.917 1.892 2 2.1 2 2.025 1.96 1.94 1.98 1.997 1.93 1.942 1.855 1.815 1.917 1.93 1.992 1.945 1.922 1.927 2.075 1.965 1.957 2.01 1.902 1.982 1.947 1.897 1.875 1.797 1.827 1.842 1.915 1.855 1.912 1.935 2.015 2.02 1.96 1.942 1.977 1.99 1.99 2.037 1.902 1.98
1.862 1.932 1.742 1.782 1.815 1.79 1.88 1.86 1.895 1.99 2.007 2.04 1.937 2.052 2.097 2.032 1.882 1.88 1.985 1.82 1.835 1.957 1.937 2.025 1.932 1.98 2.095 2.09 2.022 1.995 1.967 1.96 2.04 2.065 1.965 2.162 1.947 1.897 1.932 1.965 1.835 1.89 1.86 1.852 1.987 2.057 2.025 2.037 2.045 1.96 2.007 1.965 2.045 1.947 1.865 1.9 1.985 1.787 1.967 1.927 1.945 1.945 1.875 1.89 1.975 1.997 2.137 2.06 1.962 1.967 1.915 1.99 2.055 2.007 2.06 1.937
1.887 1.962 1.967 1.907 1.957 1.852 2.065 1.932 1.927 2.02 2.045 1.967 2.065 2.157 1.987 2.052 1.862 1.88 1.857 1.857 1.982 1.965 1.997 2.022 2.067 2.012 2.007 2.002 1.81 1.897 2.032 2.027 2.065 2.057 1.995 2.027 1.852 1.817 1.782 1.882 1.865 1.897 1.887 1.845 1.985 1.997 1.92 1.94 1.912 1.95 1.942 1.825 1.862 1.817 1.872 1.917 1.852 1.757 1.84 1.885 1.9 1.907 1.847 2.005 1.995 2.11 2.067 2.2 2.04 2.007 2.1 2.065 2.037 1.967 2.037 1.965
1.92 1.992 1.937 1.965 1.957 1.975 2.077 2.02 1.965 1.985 1.92 1.977 2.06 2.092 1.99 1.942 1.822 1.845 1.89 1.93 1.927 2.01 2.077 1.965 2.047 2.042 1.93 1.975 1.96 1.99 1.967 2.082 2.08 2.077 1.94 1.897 1.8 1.937 1.925 1.872 1.975 1.885 1.832 1.787 1.957 1.91 1.9 1.95 1.912 1.915 1.997 1.9 1.882 1.807 1.892 1.83 1.852 1.862 1.895 1.932 1.885 1.93 2.01 1.91 2.01 2.162 2.07 2.125 1.952 1.967 2.057 1.937 1.91 1.83 1.91 1.95
1.955 1.91 1.977 1.995 1.975 2 1.995 1.975 1.995 1.937 1.89 1.985 1.99 2.027 1.98 1.942 1.885 1.952 1.997 1.987 2.092 2.077 2.042 1.97 2.022 1.952 2.015 1.952 1.997 2.075 1.91 1.985 1.865 1.992 1.865 1.822 1.867 1.91 1.937 1.92 1.782 1.927 1.855 1.802 1.922 1.915 1.957 1.91 1.865 1.982 1.977 1.9 1.947 1.927 1.847 1.827 1.895 1.937 2.017 1.935 1.877 1.992 2.065 2.045 2.03 2.055 2.002 2.045 1.932 1.782 1.977 1.825 1.895 1.812 1.93 1.96
2.052 2.027 2.015 2.052 2.047 2 1.952 1.922 1.965 1.962 1.982 1.982 1.98 2.002 1.99 1.832 1.945 1.922 1.92 2.022 2.11 2.087 1.945 1.907 1.912 1.972 1.927 1.9 1.987 2.007 2.015 2.1 1.917 1.87 2.01 1.997 1.952 1.96 1.94 1.95 1.812 1.905 1.872 1.957 1.96 2.007 1.942 1.992 1.937 2.017 1.912 1.815 1.857 1.855 1.805 1.957 2 1.95 1.89 1.877 2.02 2.175 2.01 2.06 2.11 2.197 2.022 1.932 1.932 1.975 1.972 2.05 2.047 1.995 1.96 1.977
1.937 1.907 2.052 2.05 2.027 1.982 1.977 1.967 2.007 1.992 2.085 2.102 2.032 1.937 1.952 1.92 2.085 2.087 2.065 2.04 2.135 2.007 1.932 1.882 1.895 1.992 1.957 1.962 2.022 1.992 2.025 1.977 1.912 1.877 1.952 2.007 1.98 1.92 1.882 1.897 1.887 1.882 2.015 2.045 1.942 1.945 1.922 1.892 1.885 1.902 1.83 1.882 1.862 1.877 1.875 1.952 1.85 1.955 1.967 2 2.047 2.2 2.072 2.04 1.995 2.122 1.972 1.757 1.875 1.925 2.01 2.032 1.925 1.927 1.985 2.045
1.95 1.895 1.862 1.96 1.975 1.9 1.915 1.942 1.945 2.087 2.015 2.177 2.115 2.002 1.907 1.965 2 2 2.01 2.015 2.02 1.98 1.925 1.885 1.932 1.917 2.002 1.965 2.052 2.08 1.985 1.905 1.947 1.975 1.955 1.967 1.805 1.935 2.002 1.915 1.922 1.98 1.967 2.035 1.902 1.95 2.027 1.852 1.825 1.92 1.915 1.965 1.845 1.91 1.92 1.88 1.89 1.887 2.012 2.185 2.097 2.085 1.962 1.932 1.995 1.877 1.92 1.845 2.01 1.902 1.9 1.957 1.992 1.835 1.842 2.015
1.987 1.975 1.892 1.947 1.952 1.965 1.977 2.052 2.035 2.097 2 2.097 2 1.89 1.927 1.97 2.032 1.99 1.992 1.922 1.942 2.042 1.997 1.925 1.995 2.067 2.072 2.097 2.082 2.062 2.01 2.087 1.975 1.877 2 2.057 1.967 2.057 2.087 2.035 1.885 1.875 1.907 1.982 2.087 2.065 2.027 1.942 1.867 1.917 1.905 1.942 1.95 1.987 1.945 2.077 1.96 1.992 2.112 2.112 1.982 2.055 1.995 1.845 1.945 1.902 1.897 1.94 2.005 1.957 1.9 1.932 2.02 1.917 1.92 1.947
1.96 2.005 2.037 1.985 1.982 1.93 1.95 2.062 2.002 2.077 2.025 2.007 1.952 1.94 1.915 1.915 1.885 2.04 1.987 1.997 2.022 2.085 2.182 2.012 1.992 2.09 1.972 2.062 2.025 2.03 1.985 1.972 1.892 1.942 1.982 1.945 1.982 2.06 2.045 1.88 1.785 1.925 1.89 1.94 1.955 1.945 1.895 1.902 1.952 1.922 2.03 1.895 1.977 2.032 2.007 2.062 1.992 2 2.032 2.067 1.94 1.845 1.995 1.92 1.975 1.917 1.967 2.105 1.987 2.02 1.882 1.93 1.997 2.012 2.027 2.035
1.96 1.9 1.987 1.967 1.902 2.037 2.042 2.09 2.05 1.952 1.965 1.992 1.942 1.977 1.982 1.905 1.957 2.067 1.87 1.922 2.037 2.05 2.032 2.052 2.227 2.087 2.042 2.012 1.982 2.03 2.157 1.96 1.977 1.965 1.87 1.912 2.007 1.977 1.912 1.855 1.882 2.03 1.947 1.935 1.82 1.87 1.837 1.74 1.902 1.892 1.99 2.002 1.972 2.02 2.117 2.092 2.015 2.01 1.975 2.045 1.875 1.832 1.917 1.862 1.885 1.962 2.12 2.15 2.077 1.93 1.86 1.805 1.942 1.997 2.007 1.935
1.962 1.98 1.872 1.935 1.99 2.07 2 2.052 2.02 1.875 1.877 1.89 2.015 1.94 1.967 1.927 2.022 1.975 2.03 1.942 1.94 2.035 2.095 2.072 2.132 2.242 2.212 2.055 2.03 2.045 1.962 1.96 2.002 2 1.98 1.917 2.03 1.905 1.855 1.892 1.872 1.957 1.91 1.855 1.795 1.852 1.912 1.937 1.817 1.91 2.005 2.045 1.967 1.952 2.03 2.047 2.032 2.072 2.097 2.052 1.96 1.827 1.755 1.832 2.095 1.947 1.977 1.927 1.902 1.802 1.89 1.895 1.997 1.855 1.977 1.94
2.062 2.005 2.082 2.147 2.057 2.022 2.027 2.01 2.007 1.96 1.907 1.867 1.965 1.98 1.962 2.015 2.047 2.147 2.06 1.885 2.055 2.012 2.022 2.06 2.1 2.24 2.1 1.975 2.035 1.927 1.985 2.09 1.925 1.857 1.997 1.982 2.015 2.012 2.002 1.907 1.88 1.805 1.802 1.877 1.81 1.905 2.03 1.975 1.94 1.907 1.97 1.972 1.907 1.945 1.98 1.907 2.015 1.985 1.935 1.957 1.897 1.862 1.905 1.912 1.987 1.917 2.002 1.94 1.852 1.8 1.9 2.117 2.08 2.075 1.917 1.967
2.03 2.115 2.002 2.032 2.135 1.992 1.892 1.897 1.912 1.845 1.835 1.817 1.91 1.995 2.02 2.052 2.03 2.092 1.975 2.052 1.995 2.07 2.045 2.145 2.097 2.09 2.027 2.05 2.047 1.96 1.942 2.032 1.972 1.932 1.952 1.932 1.92 1.98 1.957 1.887 1.967 1.777 1.8 1.86 1.957 1.88 1.87 1.987 1.947 2.122 2.005 1.987 2.025 2.06 2.07 1.9 1.902 2.025 1.955 2.017 1.907 1.857 1.862 1.877 2.07 2.11 1.895 1.942 1.98 1.93 1.922 2.025 2.122 1.967 1.835 2.097
1.982 2.115 2.017 2.072 1.982 1.865 1.857 2.03 1.94 1.832 1.875 1.81 1.89 1.922 1.965 2.027 1.99 1.942 2.035 2 1.977 2.06 2.125 2.1 2.065 2.092 2.107 2.02 1.905 1.837 1.91 1.985 2.017 1.97 1.967 1.91 1.89 1.955 1.84 1.897 2.012 1.837 1.85 1.927 1.94 1.965 1.977 1.885 2.037 2.057 1.937 1.925 1.967 1.95 1.957 1.95 1.942 1.942 1.972 1.957 1.905 1.9 1.887 1.962 2 2.062 2.06 1.955 1.822 1.83 1.872 1.842 1.972 1.915 1.932 1.977
2.077 2.127 2.125 2.037 2.045 1.845 1.915 1.997 1.995 1.945 1.98 1.98 1.99 1.89 1.865 1.972 2.05 2.077 2.067 2.035 2.047 2.122 2.035 1.987 1.977 1.952 1.965 1.987 1.92 1.87 1.887 1.957 1.945 1.975 1.892 1.855 1.87 1.827 1.812 1.837 1.907 1.927 1.887 1.917 2.027 2.097 1.965 1.907 1.982 2.04 1.715 1.617 1.922 1.9 1.95 2.012 2.057 1.985 1.89 1.91 1.972 1.922 1.975 1.88 1.837 1.91 2.027 1.972 1.882 1.985 1.977 1.955 2.03 1.98 2.005 1.912
2.062 2.047 2.027 1.96 1.945 1.862 1.87 1.942 1.98 1.997 2.037 2.005 2 2.057 1.967 2.025 2.095 2.04 2.157 2.067 2.012 2.13 2.147 2.025 2.077 1.917 1.94 1.992 1.957 1.982 1.95 2.042 1.952 1.912 1.967 1.992 1.957 1.93 1.93 2.03 1.942 1.98 1.88 1.992 1.98 1.88 1.99 2.077 1.985 2.105 2.08 1.975 1.965 2.03 1.935 2.035 2.062 2.077 2 1.8 1.847 1.87 1.902 1.982 1.94 1.82 1.942 1.942 1.805 1.955 1.987 1.992 2.007 2.05 2.04 1.922
1.967 1.93 1.985 1.982 1.915 1.9 1.947 2.045 1.987 2.13 1.935 1.912 2.047 2.105 2.102 1.967 1.992 2.03 2.132 1.82 2.037 2.09 2.05 2.005 1.94 1.91 1.917 1.937 2.072 2.082 1.982 2.012 1.987 1.94 2.057 2.042 1.97 2.112 1.87 1.855 2.05 1.992 1.935 1.972 2.04 2.042 2.082 1.962 2.122 2.13 2.047 1.965 1.957 2.062 1.945 1.875 1.985 2.062 1.932 1.785 1.837 1.872 1.802 1.8 1.925 1.862 1.917 1.982 1.882 2.02 2.055 2.092 2.127 2.012 2.06 2.022
1.872 1.83 1.87 1.917 1.915 2.027 1.975 2.065 2.167 2.117 1.912 2.015 2.14 2.045 2.102 2.02 2.032 2.047 1.995 2.137 2.07 2.102 2.122 1.972 1.947 1.937 1.96 2.007 2.14 2.042 2 1.977 1.947 1.982 1.97 2.032 1.97 1.925 1.842 1.942 2.002 2.012 1.99 1.95 1.977 2.037 2.087 2.142 2.012 2.105 2.08 2.017 2.01 2.09 2.075 1.9 2.08 2.042 2.112 1.922 1.905 1.92 2.007 1.967 1.82 1.742 1.88 1.942 1.955 2.147 2.105 2.075 -9999 -9999 2.03 2.062
2.035 1.927 2.047 2.05 2.032 2 1.927 1.915 1.952 1.905 1.982 2.05 2.152 2.17 -9999 -9999 -9999 2.037 1.955 2.027 2.045 2.102 2.052 1.92 2.02 2.052 2 2.112 2.007 2.05 2.067 1.927 1.77 1.865 1.935 1.992 2.052 1.91 1.99 2.08 1.967 1.95 1.965 1.96 1.887 1.952 1.945 1.977 1.852 2.022 2.002 1.972 1.865 1.895 2.017 1.827 1.877 2.002 2.142 1.93 1.865 1.912 1.927 1.935 1.842 1.752 1.88 1.93 2.03 2.157 2.18 -9999 -9999 -9999 1.927 1.957
2.062 1.962 2.017 1.912 1.977 1.95 1.862 1.835 1.87 1.93 2.035 2.017 2.092 2.212 -9999 -9999 -9999 2.022 2.002 1.987 2.022 2.002 2.105 2.015 2.112 2.1 2.022 1.997 1.947 1.98 1.907 1.897 1.825 1.862 1.882 2.042 2.037 1.942 2 2.097 1.957 1.865 1.875 1.862 1.812 1.935 1.9 1.845 1.727 1.89 1.985 1.975 1.997 2.022 1.85 1.797 1.902 1.972 1.875 1.877 1.947 1.93 2.037 2.057 1.965 1.907 1.932 1.9 1.94 2.125 2.162 2.169 -9999 2.122 1.975 1.975
