All_lidar/sz6491_DSM_2M.asc
ncols 500
nrows 500
xllcorner    464000
yllcorner    91000
cellsize     2
NODATA_value -9999
[rows 306 to 339 of 500, columns 231 to 307 of 500]
1.805 1.865 1.875 1.86 1.965 1.958 2.003 1.998 1.958 2.025 1.908 1.858 1.788 1.75 1.79 1.813 1.905 2.073 2.025 2.01 1.975 1.895 1.82 1.89 1.973 2.003 1.978 1.928 1.855 1.865 1.815 1.865 1.88 1.945 2.025 2.055 1.965 1.973 2.01 1.87 1.81 1.81 1.835 1.95 2.03 1.998 2 2.048 1.99 1.998 1.94 1.935 1.963 1.95 1.943 1.958 1.935 1.89 1.92 1.87 1.885 1.83 1.893 1.98 1.83 1.895 1.873 1.91 1.958 1.91 1.838 1.888 1.903 2.055 2.063 1.983 1.933
1.833 1.835 1.865 1.97 2.028 1.985 2.028 1.988 1.98 1.933 1.848 1.833 1.815 1.86 1.873 1.96 2.045 1.988 2.035 1.988 2 1.853 1.933 1.935 1.99 2.023 1.945 1.928 1.943 1.86 1.863 1.87 1.913 1.96 1.975 2.033 1.955 1.935 1.915 1.87 1.878 1.825 1.915 1.94 2.025 1.938 2 2.123 1.97 1.908 1.975 1.945 1.92 1.868 1.903 1.903 1.9 1.85 1.91 1.91 1.98 1.93 1.895 1.89 1.835 1.878 1.875 1.848 1.918 1.868 1.883 1.928 2 1.97 1.94 1.87 1.88
1.89 1.975 1.973 1.965 1.995 2.005 1.988 1.988 1.895 1.788 1.818 1.84 1.878 1.888 1.933 1.965 1.995 2.04 2.043 1.953 1.858 1.825 1.95 1.995 2.02 1.963 1.878 1.865 1.933 1.868 1.868 1.908 1.995 1.993 2.103 2.053 1.93 1.908 1.865 1.798 1.905 1.878 1.88 1.925 1.923 1.855 1.883 1.945 1.908 1.873 1.88 1.985 1.943 1.855 1.898 1.945 1.93 1.94 1.935 1.93 1.898 1.945 1.898 1.863 1.845 1.848 1.87 1.87 1.96 1.948 1.965 1.903 1.995 2.065 1.978 1.915 1.878
1.913 1.93 1.963 1.995 2.028 1.975 1.95 1.863 1.783 1.745 1.75 1.87 1.893 1.943 1.933 1.938 1.998 2.005 1.975 1.883 1.908 1.955 1.968 1.943 1.97 1.96 1.945 1.875 1.863 1.923 1.923 1.913 1.96 2.053 2.003 1.935 1.905 1.87 1.823 1.83 1.905 1.943 1.948 1.87 1.848 1.913 1.903 1.993 1.915 1.928 1.985 1.965 1.948 1.97 2 2.04 1.925 1.948 1.93 1.87 1.855 1.835 1.85 1.82 1.933 1.843 1.853 1.93 1.983 1.975 1.92 2 1.963 1.945 1.87 1.848 1.793
1.93 1.91 1.89 1.918 1.995 1.91 1.855 1.813 1.843 1.825 1.85 2.01 1.91 1.933 1.953 2.018 2.025 1.985 1.928 1.88 1.95 1.938 1.945 1.953 1.973 2 1.995 1.883 1.888 1.855 1.82 1.98 2.038 2.05 2.015 1.915 1.843 1.84 1.898 1.94 1.888 1.888 1.913 1.885 1.845 1.908 1.97 1.963 1.908 2.02 1.94 1.968 1.945 1.988 2.103 2.035 1.92 1.868 1.955 1.858 1.85 1.923 1.895 1.853 1.97 1.843 1.938 1.945 1.968 1.945 1.93 1.98 1.868 1.918 1.878 1.858 1.94
1.888 1.938 1.913 1.988 1.955 1.9 1.825 1.84 1.843 1.888 1.965 1.94 1.928 1.92 1.995 2.023 2.02 1.975 1.94 1.9 1.953 1.958 1.983 1.978 1.975 1.898 1.925 1.915 1.873 1.875 1.945 2.06 2.073 1.993 1.968 1.858 1.808 1.83 1.805 1.903 1.995 1.92 1.873 1.82 1.918 1.953 2.023 1.99 1.93 1.97 1.978 1.998 2.048 2.048 2.018 1.918 1.933 1.955 1.895 1.843 1.88 1.938 1.898 1.895 1.88 1.89 1.97 2.048 1.955 1.89 1.858 1.905 1.818 1.85 1.863 1.888 1.965
1.823 1.845 1.845 1.898 1.888 1.87 1.843 1.835 1.883 1.923 1.948 2 1.983 2.028 1.97 1.998 2.013 1.895 1.888 1.913 2 1.965 1.938 1.89 1.91 1.893 1.903 1.855 1.875 1.933 2.033 2.068 2.103 1.98 1.958 1.818 1.745 1.863 1.928 2.015 2 1.925 1.83 1.885 2.018 2.018 1.94 1.94 1.933 2.058 2.033 2.075 2.145 1.968 1.988 1.88 1.915 1.845 1.848 1.873 1.905 1.905 1.953 1.913 2.018 1.983 2.078 2.035 1.955 1.878 1.898 1.873 1.975 1.988 2.018 1.975 1.96
1.843 1.825 1.853 1.828 1.855 1.845 1.883 1.925 1.938 1.95 2.013 1.99 1.97 1.975 2.008 2.055 1.873 1.82 1.828 1.913 1.968 1.983 1.92 1.925 1.85 1.848 1.853 1.875 1.863 1.975 2.02 2.088 2.05 1.973 1.795 1.743 1.798 1.92 1.995 2.043 1.885 1.84 1.813 1.893 2.02 1.965 1.943 1.953 1.965 2.015 2.03 1.985 1.983 1.955 1.935 1.885 1.903 1.885 1.883 1.95 1.965 1.898 1.888 1.873 1.945 1.968 2.018 2.03 1.93 1.855 1.87 1.94 2.008 2.025 2.005 1.985 1.95
1.818 1.91 1.88 1.933 1.95 1.98 1.905 1.893 1.93 1.988 1.965 1.943 1.955 1.905 1.93 1.868 1.828 1.83 1.908 1.955 1.925 1.853 1.815 1.873 1.85 1.813 1.86 1.878 1.925 2.003 2.04 1.99 1.885 1.815 1.783 1.813 1.83 1.975 1.983 1.925 1.848 1.815 1.845 1.91 1.95 1.958 1.948 1.98 1.965 2.045 2.02 1.985 1.9 1.865 1.953 1.935 1.93 1.925 2.025 2.008 1.86 1.903 1.908 1.935 1.97 1.99 1.96 1.94 1.88 1.88 1.868 1.9 1.983 1.973 1.985 2.038 1.985
1.923 1.91 1.94 2.02 1.965 1.895 1.93 1.94 1.96 2.038 2.045 1.913 1.92 1.973 1.843 1.83 1.78 1.913 1.963 1.945 1.925 1.883 1.853 1.82 1.833 1.873 1.898 1.98 2.005 1.978 1.993 2.093 1.86 1.835 1.825 1.895 1.935 1.97 2.018 1.933 1.875 1.858 1.888 2.005 1.973 1.913 1.97 1.955 1.988 1.978 1.943 1.955 1.98 1.933 1.985 1.955 1.985 2.025 2.028 1.913 1.835 1.913 1.938 2.008 1.963 2.02 1.965 1.853 1.83 1.843 1.925 2.015 1.973 1.943 1.878 1.915 1.89
1.908 1.955 2.003 1.995 1.965 1.92 1.903 1.873 1.903 1.955 1.903 1.933 1.865 1.823 1.76 1.8 1.86 1.923 1.96 1.915 1.88 1.898 1.888 1.918 1.938 1.96 1.965 2.015 2.015 2.015 1.935 1.893 1.79 1.87 1.883 1.985 2.033 2.005 2.018 1.895 1.848 1.873 1.883 1.878 1.935 1.948 1.998 1.988 2.028 1.963 1.988 1.973 1.89 1.963 1.993 2.015 1.938 1.965 1.895 1.895 1.908 1.943 1.918 1.948 1.985 1.918 1.858 1.803 1.825 1.823 1.948 1.943 1.975 1.928 1.898 1.895 1.868
2.055 2.08 2.055 1.985 1.96 1.908 1.885 1.838 1.923 1.925 1.913 1.8 1.783 1.763 1.868 1.87 1.9 1.913 1.875 1.873 1.818 1.823 1.915 1.973 1.898 2.04 1.973 1.96 1.998 1.913 1.868 1.85 1.83 1.853 1.885 1.918 1.95 1.993 2.015 1.88 1.758 1.77 1.838 1.848 1.963 1.993 2.01 1.91 1.948 2.048 2.023 1.955 1.955 1.988 1.938 1.935 1.935 1.925 1.903 1.88 1.923 1.978 1.968 1.96 1.983 1.948 1.838 1.748 1.785 1.963 1.953 2.023 1.97 1.92 1.915 1.938 1.92
2.068 2.01 1.993 1.888 1.868 1.873 1.86 1.885 1.87 1.885 1.863 1.803 1.77 1.77 1.855 1.93 1.95 1.863 1.903 1.813 1.883 1.983 1.96 1.95 1.923 2 2 1.965 1.895 1.855 1.798 1.788 1.82 1.88 1.925 1.94 1.978 1.893 1.798 1.75 1.723 1.82 1.823 1.828 1.935 1.91 1.943 1.948 1.998 2.048 2.003 1.948 2.07 2.07 1.993 1.915 1.99 2.01 1.973 1.925 1.95 2.018 1.948 1.935 1.87 1.86 1.738 1.703 1.845 1.92 1.998 2.028 1.96 1.94 1.965 1.88 1.863
1.995 1.958 1.93 1.835 1.835 1.795 1.763 1.793 1.808 1.898 1.793 1.81 1.793 1.825 1.905 1.945 1.893 1.868 1.81 1.853 1.918 1.975 1.983 2.033 1.988 1.935 1.975 1.908 1.858 1.823 1.835 1.78 1.788 1.87 1.853 1.9 1.938 1.853 1.7 1.728 1.758 1.84 1.915 1.898 2.025 1.988 1.993 2.005 2.03 2.033 2.008 1.98 2.09 2.115 2.06 2.02 1.945 2.038 1.953 1.985 1.96 1.98 1.925 1.885 1.883 1.803 1.735 1.803 1.96 2.043 2.01 1.913 1.905 1.958 1.9 1.85 1.835
1.875 1.803 1.843 1.795 1.83 1.82 1.93 1.903 1.893 1.898 1.898 1.845 1.835 1.898 1.89 1.888 1.863 1.93 1.893 1.878 1.935 2.003 1.98 1.99 1.915 1.898 1.813 1.833 1.818 1.868 1.83 1.915 1.873 1.88 1.918 1.913 1.893 1.748 1.718 1.728 1.865 1.88 1.983 1.93 1.955 2.035 2.038 2.03 2.07 2.065 2.025 2.005 1.983 2.01 2.01 2.008 1.885 2.013 1.943 1.968 2.033 1.913 1.828 1.84 1.863 1.808 1.823 1.903 2.065 2.09 1.975 2.025 1.853 1.84 1.883 1.898 1.908
1.8 1.83 1.73 1.805 1.818 1.94 2.005 1.988 1.943 1.925 1.915 1.873 1.898 1.95 1.93 1.975 1.935 1.853 1.888 1.963 1.948 1.958 1.955 1.943 1.908 1.89 1.808 1.828 1.893 1.908 1.848 1.948 1.945 1.92 1.915 1.943 1.87 1.755 1.728 1.87 1.928 1.93 2.078 1.978 2.023 2.058 2.053 1.983 2.023 1.995 1.95 2.018 1.985 1.955 1.97 1.925 1.93 1.968 1.935 1.903 1.913 1.863 1.81 1.928 1.965 1.905 1.94 2.048 2.048 2.098 1.958 1.888 1.88 1.923 1.915 2 2.08
1.74 1.74 1.808 1.788 1.858 1.935 2.03 2.025 1.903 1.868 1.848 1.813 1.845 1.938 1.943 1.93 1.863 1.835 1.853 1.913 1.955 1.945 1.883 1.865 1.86 1.753 1.815 1.838 1.935 1.878 2.015 1.908 1.91 1.903 1.86 1.863 1.793 1.783 1.805 1.91 1.94 1.96 2.098 2.013 2.028 2.018 2.02 1.98 2.01 1.965 1.888 1.958 1.953 1.965 1.983 1.94 1.94 2.078 1.988 2.005 1.9 1.828 1.943 1.963 2.03 1.965 1.948 1.895 2.05 1.995 1.935 1.833 1.873 1.95 1.873 1.89 1.883
1.728 1.78 1.91 1.868 1.94 2.028 2.048 1.955 1.855 1.825 1.785 1.865 1.805 1.85 1.863 1.873 1.865 1.825 1.863 1.93 1.82 1.935 1.845 1.83 1.845 1.805 1.873 1.928 1.933 1.938 1.895 1.89 1.908 1.895 1.825 1.85 1.81 1.828 1.865 1.985 2.038 2.058 2.1 2.023 1.988 2.01 2.005 1.95 1.915 1.988 1.968 1.983 1.99 1.965 1.95 1.883 1.973 2.005 2.01 1.918 1.845 1.838 1.905 1.95 2.04 1.995 2.005 1.963 1.868 1.903 1.818 1.788 1.95 1.858 1.825 1.868 1.898
1.845 1.885 1.938 2.035 2.12 2.123 2.073 1.905 1.79 1.738 1.745 1.805 1.83 1.893 1.89 1.863 1.818 1.758 1.833 1.925 1.908 1.943 1.918 1.905 1.895 1.88 1.85 1.898 1.903 1.895 1.84 1.87 1.81 1.833 1.885 1.833 1.82 1.875 1.948 1.993 2.035 1.995 1.99 1.875 1.965 1.945 1.928 1.938 1.928 1.938 2 2.068 2.01 1.96 2 2.04 2.063 2.058 1.98 1.938 1.853 1.935 1.973 1.995 2 1.968 1.83 1.745 1.865 1.725 1.725 1.818 1.908 1.81 1.795 1.885 1.875
1.933 1.95 2.013 2.108 2.078 2.08 1.888 1.7 1.71 1.755 1.765 1.855 1.895 1.883 1.843 1.825 1.818 1.835 1.868 1.905 1.935 1.853 1.87 1.885 1.868 1.875 1.89 1.89 1.843 1.788 1.775 1.798 1.75 1.805 1.898 1.893 1.93 1.975 1.95 2.018 2.068 2.015 1.87 1.858 1.885 1.913 1.895 1.893 1.91 1.955 1.98 1.97 1.955 2.01 2.105 2.108 2.145 1.963 1.85 1.853 1.963 1.92 1.988 1.993 2.005 1.875 1.873 1.78 1.753 1.785 1.878 1.98 1.918 1.815 1.92 1.953 1.948
1.978 1.98 1.97 2.015 2.063 1.878 1.83 1.703 1.68 1.76 1.825 1.855 1.915 1.943 1.86 1.855 1.805 1.878 1.893 1.943 1.938 1.9 1.89 1.9 1.913 1.948 1.908 1.88 1.828 1.865 1.828 1.745 1.84 1.968 1.918 1.98 1.985 1.928 2.003 1.998 1.993 1.895 1.86 1.835 1.865 1.938 1.928 1.925 1.925 1.975 1.998 1.953 1.97 1.903 1.983 1.905 1.958 1.808 1.82 1.81 1.858 1.915 1.898 1.833 1.805 1.818 1.683 1.713 1.863 1.885 1.988 1.978 1.928 1.92 2.065 2.058 1.988
2.083 1.998 1.928 2.03 2.023 1.868 1.723 1.658 1.745 1.753 1.875 1.995 1.993 1.955 1.933 1.938 1.943 1.923 1.953 1.985 1.923 1.928 1.885 1.88 1.888 1.823 1.87 1.905 1.91 1.878 1.875 1.905 1.898 1.958 1.87 1.928 1.928 1.98 1.933 2 1.96 1.863 1.845 1.958 2.043 2.108 2.048 2.008 1.968 2.035 2.018 1.968 1.903 1.88 1.92 1.865 1.915 1.865 1.81 1.828 1.878 1.885 1.905 1.873 1.723 1.79 1.713 1.773 1.873 1.938 2.005 1.903 1.988 1.978 2.053 1.938 1.948
2.058 1.925 1.898 1.965 1.888 1.838 1.743 1.78 1.913 1.915 2.033 1.968 2.058 1.93 1.783 1.88 1.93 1.965 1.985 1.91 1.92 1.868 1.87 1.888 1.953 1.818 1.795 1.818 1.863 1.885 1.828 1.903 1.925 1.94 1.935 1.9 1.89 1.965 1.79 2.08 1.94 1.798 1.948 1.925 2.05 2.1 2.155 2.053 2.083 2.04 2.035 1.92 1.903 1.938 1.923 1.923 1.963 1.913 1.945 1.94 1.96 1.91 1.89 1.803 1.82 1.818 1.83 1.888 1.89 1.928 2.033 2.01 1.883 1.918 2.023 1.858 1.833
2.005 1.888 1.838 1.858 1.853 1.795 1.823 2.018 2.02 2.003 2.055 2.093 1.988 1.893 1.818 1.915 1.918 2 2.025 1.908 1.88 1.885 1.888 1.85 1.825 1.883 1.8 1.808 1.84 1.865 1.9 1.928 1.938 1.945 1.965 1.915 1.913 1.88 1.888 1.85 1.863 1.8 1.833 2.048 2.023 2.04 2.08 1.948 1.928 1.945 1.895 1.953 1.983 2.028 1.973 1.92 1.983 1.87 1.888 1.978 1.978 1.86 1.763 1.78 1.748 1.75 1.795 1.955 1.94 1.925 1.958 1.905 1.88 1.943 1.918 1.973 2.003
1.848 1.863 1.873 1.848 1.853 1.843 1.923 2.018 2.015 2.015 2.015 1.998 1.893 1.848 1.818 1.9 1.975 2.06 1.935 1.915 1.86 1.795 1.828 1.835 1.803 1.853 1.795 1.825 1.78 1.88 1.888 1.873 1.968 1.983 1.95 2.005 1.863 1.84 1.925 1.84 1.833 1.865 1.915 2.04 2.093 2.085 2.053 1.998 1.925 1.918 1.93 1.968 1.99 2.05 2.018 1.933 1.955 1.94 1.91 1.943 1.85 1.803 1.738 1.725 1.743 1.848 1.928 1.993 1.94 1.925 1.943 1.835 1.905 1.96 1.96 1.945 1.905
1.793 1.785 1.913 1.855 1.878 1.925 1.955 2.055 2.048 1.985 1.95 1.925 1.825 1.793 1.873 1.958 1.955 1.913 1.95 1.828 1.818 1.86 1.795 1.823 1.735 1.805 1.8 1.74 1.82 1.88 1.923 1.933 1.973 1.958 2.013 1.953 1.918 1.853 1.89 1.825 1.885 1.988 2.048 2.148 2.115 1.998 2.005 1.958 1.88 1.983 1.98 2.073 2.028 2 1.9 2.023 1.895 1.923 1.87 1.808 1.758 1.788 1.683 1.805 1.795 1.908 2.028 1.975 1.968 1.898 1.83 1.83 1.93 1.953 1.883 1.92 1.893
1.833 1.843 1.955 1.878 1.94 2.058 2.075 2.098 2.025 1.993 1.95 1.863 1.83 1.923 1.945 1.933 1.893 1.913 1.805 1.753 1.735 1.728 1.775 1.798 1.765 1.815 1.933 1.87 1.88 2.005 1.98 1.945 1.925 1.923 1.96 1.91 1.945 2.003 1.888 1.94 1.903 1.965 2.038 1.958 2.063 1.99 1.92 1.933 1.895 1.933 1.985 2.033 1.875 1.87 1.873 1.853 1.898 1.843 1.755 1.768 1.773 1.808 1.748 1.743 1.848 1.973 1.998 1.875 1.878 1.765 1.765 1.828 1.9 1.973 1.923 1.903 1.895
1.843 1.97 2.013 2.108 2.118 2.06 2.06 2.183 2.088 2.008 1.908 1.803 1.888 1.84 1.91 1.908 1.925 1.84 1.825 1.76 1.743 1.75 1.743 1.77 1.805 1.815 1.858 1.923 1.92 1.958 1.945 1.885 1.923 1.943 1.905 1.88 1.893 1.908 1.875 1.805 1.905 2.088 2.058 2.103 2.03 1.935 1.905 1.903 1.935 1.99 1.993 2.055 1.923 1.805 1.883 1.785 1.843 1.833 1.828 1.828 1.858 1.78 1.81 1.858 1.918 1.925 1.838 1.848 1.89 1.753 1.855 1.945 2.075 2.008 2.043 1.945 1.93
1.95 2.138 2.113 2.135 2.053 2.003 1.998 1.938 1.945 1.868 1.798 1.78 1.838 1.833 1.898 1.845 1.815 1.873 1.78 1.818 1.803 1.785 1.885 1.848 1.875 1.905 1.978 1.94 1.953 1.943 1.97 1.908 1.875 1.913 1.828 1.903 1.935 1.9 1.88 1.94 2.063 2.123 2.083 2.088 2.043 1.83 1.843 1.878 1.94 2.048 1.92 1.928 1.853 1.833 1.845 1.925 1.845 1.805 1.893 1.755 1.78 1.793 1.893 2.028 2.033 1.913 1.878 1.933 1.89 1.99 1.89 1.993 2.008 1.99 1.965 2 1.88
2.105 2.063 2.083 2.055 1.978 1.963 2.008 1.975 1.888 1.815 1.795 1.873 1.9 1.895 1.86 1.868 1.853 1.803 1.855 1.835 1.853 1.83 1.888 1.873 1.998 1.998 1.933 2 1.94 2.003 1.905 1.863 1.81 1.87 1.833 1.805 1.9 1.928 1.943 1.975 2.018 2.053 1.99 1.985 1.905 1.868 1.865 1.938 2.008 1.968 1.853 1.82 1.815 1.873 1.883 1.858 1.815 1.818 1.8 1.803 1.845 1.89 1.908 1.993 1.92 1.948 1.965 1.865 1.825 1.85 1.915 1.913 1.92 1.93 1.895 1.855 1.893
2.055 2.065 2.103 2.01 1.98 1.893 1.843 1.793 1.77 1.82 1.87 1.88 1.878 1.9 1.948 1.89 1.843 1.865 1.958 1.923 1.875 1.843 1.903 1.958 2.053 2.005 1.978 1.92 1.915 1.918 1.88 1.865 1.835 1.848 1.888 1.9 1.92 1.918 2.015 2.08 2.063 1.935 1.963 1.935 1.89 1.928 1.99 2.103 2.01 2.03 1.88 1.823 1.898 1.938 1.9 1.903 1.868 1.875 1.865 1.848 1.788 1.81 1.85 1.873 1.88 1.785 1.783 1.743 1.833 1.818 1.88 1.908 1.878 1.963 1.945 2.055 2.018
2.125 2.1 2.005 1.95 1.855 1.905 1.833 1.873 1.828 1.823 1.943 1.915 1.95 1.92 1.965 1.928 1.915 1.755 1.98 1.89 1.908 1.913 1.885 1.995 1.935 1.933 1.813 1.813 1.848 1.855 1.873 1.855 1.853 1.913 1.925 2.008 1.97 2.035 1.988 1.968 1.9 1.865 1.9 1.93 1.925 1.983 1.995 2.043 1.953 1.913 1.853 1.863 1.948 1.995 1.908 1.965 1.87 1.895 1.778 1.955 1.865 1.818 1.813 1.883 1.833 1.853 1.77 1.828 1.775 1.83 1.878 1.91 1.99 1.91 2.028 2.118 2
1.968 1.958 2.01 1.913 1.808 1.82 1.778 1.895 1.845 1.89 2.008 1.97 1.998 1.913 1.945 1.95 1.88 1.95 1.943 1.873 1.915 1.963 1.903 1.968 1.928 1.815 1.818 1.853 1.853 1.858 1.878 1.95 1.87 1.92 1.935 1.963 2.01 2.05 1.88 1.845 1.845 1.873 1.915 1.935 1.975 1.965 2.045 1.995 1.938 1.883 1.9 1.943 1.978 1.955 1.853 1.843 1.828 1.798 1.878 1.855 1.783 1.808 1.853 1.933 1.85 1.885 1.885 1.825 1.798 1.845 1.993 1.955 1.965 2.003 2.025 2.04 1.948
1.96 1.933 1.923 1.93 1.82 1.823 1.883 1.94 1.953 2.048 2.09 2.07 1.958 2.01 2.078 1.89 1.808 1.763 1.79 1.793 1.905 1.843 1.873 1.915 1.805 1.828 1.83 1.888 1.838 1.913 1.918 1.903 1.915 1.953 1.92 1.94 2.02 1.968 1.935 1.868 1.92 2.065 2.045 2.03 2.118 2.013 2.02 2.005 1.973 1.91 1.948 1.955 1.843 1.77 1.853 1.79 1.79 1.84 1.788 1.77 1.78 1.798 1.87 1.885 1.873 1.843 1.845 1.863 1.878 1.913 2.03 1.975 1.99 2.013 1.983 2.063 1.943
