All_lidar/sz6485_DSM_2M.asc
ncols 500
nrows 500
xllcorner    464000
yllcorner    85000
cellsize     2
NODATA_value -9999
[rows 306 to 339 of 500, columns 77 to 153 of 500]
1.476 1.473 1.478 1.486 1.551 1.536 1.593 1.481 1.491 1.483 1.621 1.696 1.546 1.483 1.481 1.371 1.426 1.498 1.526 1.526 1.516 1.611 1.623 1.451 1.538 1.473 1.421 1.406 1.403 1.451 1.508 1.463 1.561 1.503 1.563 1.546 1.481 1.496 1.441 1.386 1.436 1.441 1.446 1.398 1.303 1.306 1.373 1.561 1.638 1.823 1.646 1.568 1.626 1.626 1.703 1.781 1.761 1.736 1.788 1.678 1.736 1.638 1.763 1.826 1.791 1.686 1.613 1.578 1.491 1.541 1.523 1.536 1.446 1.398 1.386 1.521 1.436
1.421 1.491 1.426 1.526 1.621 1.681 1.608 1.571 1.676 1.578 1.551 1.696 1.573 1.528 1.568 1.433 1.503 1.596 1.541 1.471 1.558 1.571 1.671 1.501 1.546 1.461 1.478 1.476 1.451 1.458 1.571 1.541 1.623 1.586 1.606 1.598 1.601 1.596 1.513 1.451 1.366 1.371 1.381 1.278 1.246 1.236 1.433 1.418 1.583 1.603 1.573 1.496 1.498 1.646 1.643 1.781 1.711 1.681 1.753 1.783 1.678 1.636 1.616 1.623 1.703 1.641 1.583 1.553 1.503 1.563 1.531 1.571 1.588 1.471 1.476 1.568 1.561
1.396 1.488 1.461 1.473 1.586 1.566 1.566 1.676 1.686 1.738 1.518 1.618 1.568 1.548 1.633 1.681 1.576 1.638 1.503 1.521 1.631 1.496 1.538 1.593 1.596 1.566 1.521 1.553 1.501 1.493 1.531 1.678 1.648 1.586 1.641 1.633 1.588 1.538 1.521 1.403 1.351 1.218 1.166 1.111 1.163 1.181 1.383 1.298 1.358 1.416 1.463 1.436 1.428 1.468 1.558 1.611 1.713 1.638 1.666 1.623 1.521 1.508 1.508 1.508 1.526 1.468 1.433 1.538 1.493 1.516 1.543 1.501 1.558 1.558 1.513 1.586 1.701
1.486 1.623 1.628 1.666 1.723 1.646 1.691 1.586 1.678 1.688 1.588 1.648 1.548 1.513 1.673 1.621 1.536 1.583 1.586 1.601 1.623 1.596 1.636 1.643 1.671 1.573 1.538 1.616 1.541 1.478 1.573 1.701 1.726 1.631 1.581 1.683 1.573 1.483 1.456 1.331 1.331 1.203 1.208 1.181 1.251 1.121 1.188 1.118 1.181 1.301 1.376 1.398 1.291 1.403 1.466 1.601 1.571 1.468 1.436 1.623 1.478 1.558 1.548 1.578 1.566 1.481 1.481 1.598 1.548 1.528 1.471 1.431 1.513 1.536 1.683 1.626 1.583
1.568 1.523 1.603 1.606 1.761 1.726 1.748 1.728 1.648 1.601 1.678 1.841 1.686 1.626 1.661 1.571 1.541 1.618 1.616 1.598 1.531 1.551 1.623 1.681 1.686 1.601 1.511 1.571 1.513 1.416 1.426 1.481 1.598 1.576 1.506 1.546 1.513 1.386 1.426 1.371 1.363 1.253 1.258 1.288 1.213 1.161 1.206 1.171 1.211 1.213 1.243 1.353 1.286 1.228 1.373 1.513 1.521 1.333 1.401 1.406 1.423 1.516 1.583 1.531 1.636 1.653 1.563 1.631 1.558 1.581 1.498 1.408 1.393 1.513 1.718 1.693 1.641
1.573 1.576 1.608 1.593 1.671 1.656 1.671 1.518 1.616 1.673 1.643 1.726 1.736 1.671 1.721 1.676 1.618 1.591 1.663 1.646 1.546 1.546 1.663 1.753 1.723 1.666 1.591 1.576 1.536 1.468 1.343 1.296 1.413 1.383 1.443 1.573 1.463 1.436 1.518 1.436 1.418 1.463 1.396 1.226 1.276 1.343 1.211 1.206 1.246 1.171 1.206 1.266 1.231 1.128 1.226 1.331 1.376 1.411 1.396 1.543 1.448 1.533 1.601 1.628 1.746 1.758 1.621 1.668 1.586 1.686 1.713 1.588 1.503 1.618 1.711 1.761 1.711
1.646 1.588 1.608 1.561 1.556 1.581 1.556 1.433 1.521 1.651 1.676 1.716 1.726 1.676 1.768 1.736 1.746 1.678 1.701 1.688 1.796 1.656 1.713 1.703 1.731 1.676 1.586 1.556 1.576 1.526 1.473 1.331 1.213 1.378 1.471 1.483 1.521 1.516 1.541 1.531 1.511 1.488 1.463 1.303 1.256 1.333 1.208 1.158 1.211 1.163 1.173 1.236 1.216 1.331 1.276 1.303 1.316 1.526 1.478 1.521 1.451 1.538 1.543 1.653 1.791 1.701 1.708 1.706 1.581 1.678 1.706 1.676 1.483 1.586 1.671 1.651 1.653
1.591 1.546 1.501 1.508 1.546 1.478 1.518 1.461 1.443 1.591 1.583 1.613 1.658 1.666 1.653 1.728 1.768 1.773 1.656 1.591 1.663 1.676 1.716 1.641 1.633 1.591 1.733 1.606 1.666 1.586 1.518 1.491 1.433 1.521 1.518 1.463 1.631 1.561 1.633 1.763 1.633 1.511 1.421 1.368 1.306 1.336 1.133 1.146 1.248 1.116 1.098 1.198 1.251 1.238 1.271 1.268 1.383 1.451 1.491 1.491 1.478 1.636 1.536 1.611 1.563 1.558 1.638 1.688 1.688 1.666 1.641 1.561 1.448 1.441 1.566 1.506 1.503
1.491 1.481 1.463 1.323 1.441 1.471 1.328 1.423 1.456 1.518 1.618 1.638 1.658 1.628 1.718 1.671 1.776 1.761 1.728 1.721 1.613 1.658 1.651 1.598 1.553 1.576 1.673 1.558 1.603 1.581 1.636 1.506 1.593 1.621 1.566 1.611 1.706 1.681 1.541 1.611 1.533 1.433 1.446 1.421 1.288 1.176 1.198 1.213 1.326 1.303 1.293 1.293 1.351 1.346 1.351 1.441 1.413 1.523 1.461 1.486 1.548 1.591 1.618 1.713 1.593 1.568 1.531 1.661 1.671 1.631 1.618 1.501 1.441 1.376 1.473 1.461 1.486
1.428 1.406 1.341 1.228 1.266 1.318 1.323 1.428 1.508 1.503 1.703 1.626 1.673 1.541 1.596 1.683 1.688 1.616 1.693 1.748 1.616 1.593 1.633 1.743 1.716 1.786 1.846 1.628 1.716 1.748 1.711 1.643 1.633 1.651 1.611 1.588 1.583 1.741 1.651 1.591 1.541 1.551 1.596 1.541 1.463 1.351 1.233 1.216 1.346 1.318 1.308 1.266 1.398 1.476 1.471 1.446 1.496 1.528 1.573 1.543 1.606 1.571 1.551 1.576 1.491 1.646 1.683 1.696 1.578 1.593 1.636 1.663 1.566 1.443 1.521 1.503 1.418
1.471 1.461 1.296 1.261 1.271 1.361 1.386 1.356 1.393 1.448 1.486 1.421 1.478 1.461 1.486 1.591 1.591 1.523 1.546 1.506 1.481 1.493 1.756 1.788 1.758 1.783 1.816 1.683 1.838 1.758 1.763 1.651 1.513 1.606 1.671 1.603 1.543 1.623 1.731 1.616 1.533 1.648 1.731 1.766 1.633 1.438 1.356 1.281 1.226 1.248 1.293 1.211 1.356 1.428 1.411 1.443 1.473 1.463 1.493 1.591 1.613 1.618 1.578 1.616 1.626 1.641 1.681 1.551 1.488 1.621 1.818 1.698 1.778 1.641 1.693 1.568 1.496
1.333 1.278 1.283 1.383 1.401 1.316 1.283 1.338 1.326 1.258 1.223 1.246 1.256 1.376 1.493 1.531 1.526 1.538 1.681 1.636 1.508 1.543 1.691 1.756 1.658 1.731 1.793 1.816 1.851 1.808 1.733 1.618 1.561 1.571 1.628 1.601 1.573 1.701 1.728 1.633 1.666 1.783 1.758 1.738 1.613 1.683 1.536 1.491 1.366 1.288 1.301 1.298 1.341 1.416 1.496 1.381 1.423 1.351 1.476 1.546 1.623 1.616 1.598 1.663 1.801 1.726 1.746 1.716 1.686 1.748 1.811 1.886 1.831 1.663 1.573 1.638 1.591
1.338 1.343 1.373 1.416 1.281 1.216 1.193 1.143 1.183 1.291 1.383 1.403 1.386 1.403 1.493 1.563 1.583 1.493 1.583 1.646 1.528 1.528 1.758 1.683 1.583 1.566 1.688 1.686 1.771 1.708 1.753 1.656 1.651 1.628 1.526 1.641 1.738 1.726 1.728 1.851 1.936 1.961 1.891 1.721 1.626 1.616 1.521 1.503 1.478 1.436 1.418 1.391 1.531 1.586 1.583 1.466 1.528 1.483 1.453 1.508 1.593 1.626 1.741 1.696 1.813 1.716 1.726 1.676 1.703 1.616 1.676 1.721 1.776 1.523 1.508 1.518 1.468
1.511 1.483 1.368 1.266 1.218 1.188 1.243 1.193 1.253 1.328 1.323 1.393 1.458 1.468 1.456 1.533 1.523 1.563 1.633 1.571 1.528 1.428 1.541 1.498 1.456 1.346 1.446 1.531 1.666 1.743 1.853 1.773 1.778 1.643 1.571 1.631 1.653 1.718 1.791 1.733 1.926 1.938 1.861 1.731 1.718 1.651 1.626 1.576 1.526 1.518 1.531 1.491 1.521 1.563 1.556 1.513 1.493 1.606 1.528 1.481 1.591 1.573 1.826 1.816 1.928 1.713 1.668 1.716 1.741 1.601 1.586 1.551 1.511 1.453 1.446 1.461 1.513
1.396 1.381 1.276 1.186 1.291 1.251 1.241 1.276 1.318 1.326 1.216 1.226 1.351 1.433 1.473 1.486 1.501 1.638 1.678 1.603 1.606 1.381 1.356 1.371 1.356 1.403 1.433 1.386 1.488 1.606 1.816 1.671 1.713 1.708 1.651 1.691 1.676 1.751 1.751 1.746 1.756 1.828 1.736 1.771 1.826 1.758 1.683 1.693 1.623 1.608 1.613 1.528 1.506 1.541 1.538 1.546 1.536 1.488 1.516 1.561 1.563 1.531 1.766 1.843 1.823 1.588 1.583 1.536 1.551 1.523 1.518 1.458 1.536 1.398 1.366 1.506 1.513
1.351 1.216 1.288 1.288 1.228 1.248 1.268 1.236 1.156 1.256 1.306 1.196 1.126 1.263 1.336 1.333 1.431 1.548 1.713 1.548 1.441 1.398 1.376 1.396 1.358 1.316 1.341 1.301 1.426 1.563 1.593 1.606 1.671 1.796 1.808 1.718 1.651 1.611 1.698 1.821 1.771 1.821 1.728 1.813 1.903 1.898 1.771 1.763 1.796 1.671 1.701 1.596 1.573 1.503 1.463 1.503 1.483 1.428 1.541 1.626 1.556 1.581 1.643 1.696 1.588 1.493 1.548 1.511 1.426 1.351 1.493 1.578 1.621 1.506 1.563 1.638 1.436
1.371 1.311 1.428 1.423 1.293 1.236 1.231 1.261 1.261 1.171 1.223 1.243 1.211 1.256 1.368 1.358 1.408 1.296 1.363 1.361 1.396 1.506 1.453 1.481 1.356 1.298 1.296 1.348 1.338 1.483 1.558 1.618 1.683 1.683 1.781 1.718 1.688 1.728 1.861 1.803 1.888 1.968 1.871 1.893 1.983 1.953 1.763 1.778 1.761 1.776 1.686 1.751 1.556 1.578 1.483 1.498 1.581 1.638 1.521 1.521 1.473 1.493 1.538 1.603 1.591 1.543 1.643 1.448 1.486 1.426 1.516 1.511 1.543 1.473 1.516 1.558 1.471
1.401 1.333 1.448 1.463 1.361 1.321 1.271 1.356 1.228 1.253 1.213 1.201 1.278 1.268 1.368 1.423 1.386 1.268 1.303 1.281 1.356 1.451 1.326 1.343 1.398 1.428 1.351 1.326 1.333 1.346 1.578 1.603 1.591 1.538 1.616 1.573 1.566 1.558 1.603 1.693 1.706 1.926 1.863 1.951 1.971 2.013 1.986 1.858 1.796 1.741 1.636 1.656 1.586 1.546 1.446 1.391 1.566 1.556 1.488 1.448 1.463 1.538 1.526 1.511 1.563 1.536 1.513 1.453 1.426 1.491 1.641 1.536 1.598 1.518 1.378 1.376 1.388
1.463 1.391 1.403 1.438 1.398 1.421 1.386 1.248 1.258 1.268 1.263 1.148 1.261 1.328 1.326 1.438 1.333 1.341 1.353 1.411 1.401 1.468 1.316 1.311 1.356 1.388 1.361 1.346 1.351 1.288 1.411 1.488 1.471 1.536 1.588 1.591 1.631 1.556 1.648 1.608 1.643 1.643 1.726 1.876 1.868 1.871 1.791 1.768 1.761 1.693 1.668 1.688 1.606 1.628 1.553 1.466 1.513 1.616 1.671 1.523 1.403 1.451 1.606 1.468 1.496 1.423 1.483 1.546 1.478 1.626 1.578 1.581 1.601 1.528 1.421 1.416 1.438
1.461 1.468 1.418 1.471 1.356 1.451 1.416 1.383 1.341 1.426 1.336 1.328 1.386 1.321 1.303 1.403 1.416 1.396 1.511 1.403 1.476 1.426 1.353 1.408 1.361 1.366 1.323 1.338 1.388 1.258 1.293 1.346 1.363 1.368 1.428 1.488 1.448 1.416 1.418 1.466 1.536 1.543 1.731 1.741 1.748 1.791 1.718 1.718 1.773 1.778 1.648 1.648 1.591 1.611 1.596 1.483 1.601 1.573 1.693 1.401 1.403 1.498 1.533 1.561 1.476 1.373 1.433 1.486 1.493 1.813 1.636 1.663 1.691 1.663 1.531 1.563 1.461
1.366 1.461 1.446 1.481 1.528 1.468 1.523 1.403 1.471 1.568 1.536 1.358 1.348 1.403 1.368 1.411 1.488 1.351 1.351 1.388 1.358 1.343 1.293 1.336 1.293 1.398 1.376 1.273 1.338 1.198 1.226 1.241 1.231 1.356 1.451 1.366 1.298 1.283 1.311 1.303 1.306 1.471 1.531 1.718 1.711 1.781 1.658 1.661 1.638 1.688 1.748 1.786 1.711 1.751 1.723 1.516 1.471 1.473 1.493 1.423 1.441 1.368 1.308 1.521 1.473 1.366 1.453 1.506 1.466 1.706 1.698 1.636 1.586 1.581 1.573 1.581 1.536
1.493 1.538 1.473 1.563 1.678 1.608 1.516 1.443 1.648 1.731 1.626 1.373 1.341 1.373 1.458 1.501 1.536 1.468 1.391 1.456 1.408 1.321 1.368 1.431 1.466 1.363 1.371 1.243 1.211 1.076 1.178 1.238 1.196 1.236 1.236 1.198 1.223 1.291 1.238 1.398 1.388 1.403 1.428 1.568 1.521 1.658 1.801 1.728 1.631 1.671 1.716 1.743 1.728 1.773 1.698 1.543 1.566 1.578 1.581 1.606 1.473 1.398 1.408 1.463 1.313 1.298 1.326 1.383 1.466 1.523 1.556 1.693 1.648 1.611 1.608 1.588 1.628
1.733 1.686 1.686 1.661 1.693 1.706 1.741 1.711 1.666 1.693 1.626 1.508 1.518 1.506 1.418 1.493 1.488 1.441 1.308 1.343 1.336 1.438 1.408 1.446 1.533 1.303 1.383 1.138 1.123 0.988 1.038 1.121 1.138 1.143 1.143 1.113 1.161 1.211 1.228 1.351 1.486 1.416 1.348 1.446 1.488 1.661 1.616 1.673 1.576 1.546 1.613 1.531 1.601 1.638 1.558 1.466 1.538 1.531 1.431 1.443 1.403 1.348 1.356 1.333 1.478 1.383 1.348 1.401 1.446 1.446 1.523 1.496 1.533 1.626 1.586 1.568 1.621
1.813 1.801 1.803 1.658 1.673 1.753 1.913 1.881 1.723 1.658 1.676 1.661 1.636 1.581 1.628 1.448 1.376 1.401 1.436 1.426 1.306 1.316 1.391 1.316 1.238 1.241 1.311 1.201 1.106 1.048 1.118 1.141 1.143 1.193 1.233 1.336 1.171 1.328 1.226 1.311 1.156 1.286 1.308 1.271 1.393 1.588 1.508 1.568 1.558 1.553 1.478 1.461 1.523 1.423 1.441 1.373 1.428 1.363 1.368 1.453 1.366 1.393 1.371 1.488 1.571 1.596 1.523 1.406 1.386 1.296 1.378 1.316 1.393 1.438 1.423 1.493 1.418
1.776 1.736 1.838 1.661 1.673 1.746 1.818 1.766 1.758 1.711 1.676 1.651 1.683 1.563 1.668 1.553 1.358 1.406 1.406 1.358 1.298 1.296 1.253 1.188 1.163 1.141 1.238 1.173 1.176 1.051 1.058 1.123 1.226 1.218 1.206 1.138 1.041 1.183 1.158 1.146 1.138 1.208 1.256 1.266 1.381 1.458 1.418 1.461 1.448 1.393 1.306 1.401 1.426 1.346 1.368 1.398 1.418 1.431 1.406 1.481 1.481 1.473 1.501 1.521 1.396 1.493 1.516 1.438 1.471 1.308 1.273 1.226 1.268 1.318 1.378 1.408 1.526
1.708 1.741 1.798 1.701 1.631 1.746 1.706 1.643 1.583 1.623 1.666 1.706 1.616 1.758 1.716 1.678 1.591 1.558 1.441 1.381 1.426 1.376 1.366 1.273 1.243 1.196 1.176 1.116 1.153 1.211 1.118 1.266 1.201 1.193 1.163 1.173 1.136 1.203 1.208 1.173 1.128 1.093 1.126 1.203 1.348 1.323 1.333 1.326 1.263 1.238 1.236 1.433 1.486 1.433 1.296 1.301 1.403 1.416 1.498 1.408 1.461 1.511 1.546 1.573 1.521 1.413 1.431 1.508 1.496 1.391 1.346 1.378 1.338 1.303 1.331 1.433 1.476
1.748 1.828 1.686 1.628 1.636 1.681 1.646 1.658 1.618 1.638 1.663 1.668 1.601 1.686 1.698 1.711 1.766 1.653 1.538 1.441 1.456 1.401 1.348 1.343 1.211 1.228 1.261 1.283 1.336 1.338 1.128 1.211 1.161 1.126 1.073 1.176 1.021 1.143 1.171 1.151 1.181 1.106 1.116 1.173 1.278 1.281 1.253 1.268 1.361 1.323 1.271 1.453 1.496 1.613 1.456 1.356 1.318 1.473 1.461 1.351 1.478 1.448 1.391 1.498 1.551 1.481 1.458 1.491 1.381 1.313 1.511 1.486 1.303 1.208 1.281 1.376 1.368
1.591 1.786 1.603 1.616 1.603 1.641 1.761 1.821 1.728 1.673 1.666 1.678 1.636 1.796 1.653 1.636 1.556 1.548 1.633 1.541 1.566 1.558 1.506 1.446 1.323 1.366 1.341 1.313 1.346 1.296 1.153 1.188 1.211 1.166 1.046 1.071 1.103 1.138 1.211 1.233 1.318 1.298 1.241 1.223 1.248 1.261 1.308 1.293 1.436 1.376 1.358 1.323 1.326 1.416 1.523 1.411 1.366 1.436 1.368 1.348 1.358 1.303 1.236 1.271 1.276 1.281 1.381 1.488 1.376 1.216 1.361 1.458 1.353 1.266 1.208 1.311 1.326
1.631 1.623 1.653 1.721 1.718 1.753 1.781 1.828 1.751 1.706 1.768 1.711 1.698 1.806 1.636 1.668 1.546 1.453 1.511 1.581 1.728 1.651 1.743 1.633 1.471 1.496 1.471 1.346 1.371 1.316 1.296 1.238 1.206 1.296 1.133 1.156 1.218 1.188 1.298 1.291 1.246 1.298 1.176 1.121 1.113 1.336 1.381 1.358 1.376 1.448 1.336 1.323 1.398 1.386 1.458 1.393 1.328 1.396 1.346 1.383 1.466 1.451 1.321 1.328 1.311 1.351 1.371 1.438 1.398 1.283 1.321 1.286 1.333 1.328 1.326 1.228 1.228
1.471 1.578 1.666 1.616 1.716 1.796 1.766 1.756 1.768 1.843 1.783 1.688 1.661 1.741 1.573 1.536 1.538 1.511 1.546 1.586 1.598 1.551 1.541 1.518 1.521 1.543 1.588 1.416 1.398 1.383 1.348 1.331 1.261 1.263 1.278 1.216 1.171 1.178 1.171 1.223 1.216 1.276 1.183 1.243 1.168 1.291 1.283 1.348 1.211 1.388 1.303 1.403 1.381 1.326 1.398 1.306 1.238 1.386 1.371 1.323 1.326 1.421 1.366 1.308 1.261 1.288 1.343 1.378 1.443 1.363 1.383 1.356 1.458 1.311 1.218 1.246 1.328
1.398 1.488 1.633 1.586 1.648 1.706 1.773 1.783 1.778 1.841 1.768 1.681 1.558 1.656 1.596 1.556 1.576 1.608 1.713 1.618 1.608 1.656 1.658 1.613 1.551 1.513 1.586 1.558 1.541 1.488 1.486 1.476 1.378 1.413 1.368 1.328 1.311 1.283 1.301 1.226 1.331 1.403 1.218 1.233 1.253 1.253 1.266 1.278 1.226 1.328 1.351 1.238 1.181 1.213 1.333 1.343 1.323 1.326 1.408 1.458 1.356 1.391 1.401 1.326 1.366 1.291 1.313 1.316 1.261 1.343 1.301 1.221 1.436 1.386 1.243 1.296 1.451
1.343 1.371 1.528 1.521 1.556 1.398 1.563 1.621 1.636 1.581 1.681 1.653 1.598 1.603 1.663 1.626 1.603 1.598 1.636 1.618 1.603 1.693 1.693 1.641 1.536 1.581 1.633 1.596 1.693 1.686 1.536 1.511 1.461 1.436 1.428 1.391 1.306 1.406 1.461 1.263 1.323 1.311 1.256 1.211 1.218 1.388 1.348 1.273 1.293 1.328 1.336 1.333 1.308 1.236 1.286 1.408 1.423 1.431 1.493 1.568 1.478 1.426 1.376 1.413 1.408 1.353 1.371 1.403 1.451 1.391 1.328 1.261 1.361 1.448 1.346 1.228 1.346
1.386 1.331 1.381 1.361 1.528 1.468 1.448 1.526 1.548 1.573 1.743 1.711 1.673 1.663 1.671 1.588 1.481 1.453 1.543 1.603 1.556 1.576 1.628 1.738 1.633 1.611 1.618 1.551 1.641 1.711 1.566 1.508 1.561 1.631 1.578 1.463 1.386 1.403 1.436 1.428 1.338 1.368 1.401 1.213 1.168 1.241 1.301 1.311 1.276 1.508 1.413 1.383 1.518 1.436 1.483 1.496 1.363 1.361 1.308 1.376 1.363 1.353 1.358 1.386 1.373 1.531 1.468 1.398 1.403 1.411 1.363 1.378 1.351 1.516 1.383 1.293 1.333
1.356 1.371 1.441 1.468 1.383 1.366 1.463 1.558 1.411 1.468 1.656 1.601 1.568 1.603 1.561 1.521 1.596 1.476 1.496 1.573 1.523 1.611 1.593 1.611 1.583 1.551 1.643 1.666 1.546 1.668 1.651 1.631 1.563 1.701 1.721 1.548 1.496 1.423 1.488 1.471 1.326 1.358 1.443 1.241 1.251 1.278 1.371 1.463 1.433 1.443 1.466 1.456 1.508 1.473 1.368 1.378 1.338 1.343 1.361 1.361 1.286 1.276 1.363 1.318 1.246 1.356 1.448 1.453 1.398 1.358 1.371 1.296 1.356 1.358 1.436 1.476 1.383
