All_lidar/sz6487_DSM_2M.asc
ncols 500
nrows 500
xllcorner    464000
yllcorner    87000
cellsize     2
NODATA_value -9999
[rows 256 to 287 of 500, columns 284 to 354 of 500]
26.504 24.276 24.526 23.614 22.179 22.031 21.966 21.971 21.994 22.169 22.054 22.041 22.061 22.064 22.094 22.106 22.119 22.154 22.186 22.216 22.234 22.244 22.206 22.209 22.209 22.216 22.224 22.219 22.226 22.239 22.251 22.239 22.251 22.234 22.269 22.271 22.246 22.219 22.209 22.219 22.201 22.216 22.209 22.206 22.194 22.184 22.149 22.144 22.131 22.126 22.086 22.049 22.001 22.011 21.986 21.954 21.954 21.956 21.966 21.964 21.929 21.866 21.841 21.824 21.784 21.741 21.661 21.614 21.561 21.491 21.424
24.076 23.519 23.906 24.014 22.936 22.451 22.096 22.101 22.014 22.051 22.099 22.106 22.104 22.106 22.121 22.151 22.181 22.211 22.234 22.251 22.289 22.301 22.274 22.254 22.266 22.271 22.269 22.269 22.274 22.269 22.291 22.291 22.304 22.299 22.319 22.326 22.306 22.279 22.279 22.259 22.241 22.239 22.234 22.226 22.224 22.211 22.179 22.164 22.134 22.126 22.111 22.091 22.051 22.019 22.014 21.989 21.971 21.984 21.991 21.974 21.906 21.849 21.831 21.834 21.809 21.751 21.666 21.616 21.534 21.484 21.436
22.339 22.276 26.904 28.586 25.606 23.661 23.209 22.641 22.101 22.139 22.139 22.126 22.124 22.136 22.151 22.196 22.214 22.221 22.254 22.301 22.351 22.366 22.344 22.334 22.301 22.289 22.299 22.299 22.311 22.326 22.346 22.361 22.361 22.341 22.359 22.349 22.361 22.341 22.309 22.294 22.261 22.264 22.286 22.264 22.261 22.259 22.219 22.199 22.179 22.166 22.141 22.131 22.079 22.076 22.061 22.029 22.006 22.014 22.004 21.941 21.906 21.859 21.821 21.801 21.771 21.739 21.679 21.634 21.564 21.526 21.494
22.011 22.116 22.971 23.991 23.359 24.166 24.166 22.464 22.174 22.201 22.196 22.206 22.179 22.194 22.194 22.214 22.259 22.286 22.309 22.331 22.371 22.391 22.399 22.371 22.346 22.331 22.319 22.339 22.351 22.364 22.381 22.406 22.421 22.414 22.396 22.389 22.399 22.391 22.376 22.331 22.309 22.314 22.306 22.291 22.266 22.266 22.244 22.206 22.201 22.201 22.176 22.166 22.161 22.134 22.099 22.091 22.061 22.011 21.971 21.929 21.899 21.861 21.829 21.789 21.776 21.726 21.681 21.631 21.609 21.556 21.541
22.166 22.221 22.781 22.544 24.134 27.076 22.991 22.219 22.239 22.261 22.231 22.224 22.234 22.241 22.254 22.279 22.309 22.349 22.351 22.374 22.401 22.419 22.426 22.414 22.401 22.386 22.369 22.381 22.401 22.411 22.439 22.459 22.466 22.449 22.444 22.424 22.419 22.401 22.401 22.391 22.349 22.336 22.324 22.316 22.291 22.296 22.289 22.256 22.244 22.226 22.209 22.191 22.191 22.164 22.166 22.131 22.049 22.021 21.994 21.956 21.921 21.871 21.809 21.756 21.729 21.726 21.691 21.671 21.644 21.626 21.576
22.146 22.224 22.314 22.786 24.336 24.136 22.196 22.264 22.299 22.299 22.304 22.291 22.304 22.316 22.326 22.346 22.359 22.384 22.401 22.424 22.401 22.429 22.434 22.474 22.464 22.456 22.431 22.439 22.446 22.454 22.481 22.504 22.516 22.501 22.484 22.459 22.436 22.426 22.424 22.424 22.394 22.361 22.344 22.341 22.321 22.321 22.314 22.326 22.296 22.254 22.249 22.226 22.221 22.251 22.201 22.126 22.069 22.041 22.001 21.929 21.911 21.859 21.806 21.761 21.714 21.716 21.711 21.699 21.664 21.626 21.591
24.756 23.161 22.671 22.731 22.186 22.216 22.271 22.299 22.329 22.364 22.349 22.369 22.376 22.384 22.401 22.376 22.381 22.414 22.434 22.436 22.451 22.451 22.496 22.506 22.539 22.539 22.511 22.486 22.491 22.504 22.514 22.519 22.536 22.546 22.509 22.481 22.459 22.459 22.464 22.429 22.421 22.399 22.376 22.376 22.361 22.364 22.359 22.356 22.341 22.309 22.294 22.279 22.269 22.241 22.196 22.131 22.084 22.064 22.011 21.944 21.904 21.859 21.816 21.766 21.721 21.711 21.711 21.696 21.696 21.659 21.619
25.699 25.884 23.601 22.314 22.289 22.331 22.336 22.336 22.371 22.401 22.416 22.434 22.431 22.451 22.444 22.444 22.434 22.439 22.446 22.461 22.461 22.496 22.526 22.561 22.604 22.611 22.594 22.551 22.534 22.556 22.566 22.556 22.591 22.559 22.551 22.519 22.524 22.489 22.494 22.474 22.456 22.439 22.404 22.409 22.394 22.389 22.401 22.379 22.374 22.346 22.354 22.341 22.286 22.236 22.204 22.156 22.121 22.051 21.999 21.936 21.906 21.854 21.821 21.771 21.729 21.724 21.696 21.706 21.694 21.684 21.626
24.646 24.599 22.306 22.341 22.389 22.394 22.384 22.396 22.426 22.444 22.474 22.501 22.506 22.511 22.514 22.516 22.499 22.481 22.491 22.499 22.521 22.531 22.551 22.599 22.621 22.656 22.659 22.636 22.599 22.584 22.576 22.564 22.586 22.569 22.566 22.559 22.534 22.524 22.506 22.491 22.501 22.474 22.456 22.436 22.441 22.439 22.431 22.429 22.439 22.434 22.386 22.356 22.289 22.269 22.234 22.176 22.119 22.049 22.009 21.961 21.911 21.861 21.826 21.786 21.769 21.734 21.721 21.724 21.704 21.646 21.611
22.751 22.359 22.411 22.429 22.454 22.414 22.431 22.459 22.471 22.484 22.516 22.539 22.546 22.544 22.539 22.551 22.551 22.536 22.524 22.534 22.564 22.576 22.604 22.621 22.651 22.694 22.714 22.701 22.674 22.614 22.604 22.596 22.589 22.591 22.596 22.576 22.576 22.561 22.544 22.536 22.551 22.521 22.511 22.491 22.481 22.474 22.476 22.469 22.446 22.446 22.381 22.344 22.304 22.276 22.246 22.181 22.109 22.076 22.019 21.969 21.926 21.876 21.836 21.814 21.789 21.784 21.744 21.709 21.676 21.636 21.581
22.399 22.421 22.461 22.481 22.494 22.471 22.471 22.514 22.554 22.551 22.579 22.586 22.629 22.611 22.609 22.606 22.611 22.604 22.581 22.584 22.601 22.616 22.634 22.656 22.666 22.691 22.719 22.724 22.706 22.666 22.654 22.609 22.599 22.609 22.631 22.619 22.594 22.594 22.579 22.566 22.571 22.541 22.556 22.546 22.536 22.506 22.514 22.506 22.469 22.436 22.409 22.364 22.326 22.289 22.249 22.206 22.149 22.099 22.066 22.006 21.946 21.926 21.874 21.844 21.829 21.801 21.749 21.711 21.664 21.614 21.584
22.479 22.486 22.501 22.521 22.526 22.549 22.534 22.566 22.591 22.611 22.631 22.634 22.649 22.669 22.654 22.656 22.654 22.654 22.656 22.654 22.656 22.686 22.699 22.701 22.701 22.726 22.754 22.749 22.749 22.726 22.674 22.641 22.624 22.629 22.646 22.631 22.631 22.626 22.626 22.616 22.609 22.576 22.574 22.581 22.584 22.546 22.541 22.499 22.471 22.456 22.416 22.359 22.331 22.301 22.256 22.229 22.179 22.124 22.099 22.036 22.006 21.964 21.921 21.881 21.841 21.814 21.776 21.714 21.669 21.619 21.611
22.549 22.536 22.516 22.539 22.574 22.626 22.616 22.609 22.639 22.661 22.651 22.649 22.674 22.696 22.711 22.719 22.734 22.719 22.716 22.744 22.719 22.729 22.761 22.736 22.751 22.746 22.744 22.751 22.756 22.756 22.716 22.684 22.664 22.669 22.656 22.666 22.666 22.681 22.656 22.644 22.639 22.611 22.606 22.611 22.639 22.596 22.541 22.516 22.491 22.459 22.411 22.379 22.351 22.294 22.274 22.234 22.204 22.159 22.131 22.081 22.039 22.014 21.949 21.899 21.854 21.816 21.781 21.746 21.689 21.669 21.664
22.604 22.594 22.571 22.581 22.619 22.661 22.676 22.676 22.664 22.679 22.689 22.701 22.706 22.736 22.764 22.786 22.766 22.781 22.801 22.801 22.801 22.781 22.771 22.791 22.769 22.776 22.766 22.774 22.779 22.789 22.771 22.736 22.689 22.681 22.681 22.701 22.701 22.731 22.719 22.709 22.691 22.679 22.664 22.651 22.654 22.596 22.564 22.524 22.499 22.476 22.431 22.396 22.341 22.314 22.269 22.239 22.221 22.196 22.164 22.144 22.104 22.039 21.959 21.921 21.879 21.841 21.801 21.764 21.724 21.696 21.704
22.614 22.656 22.649 22.656 22.674 22.691 22.731 22.721 22.739 22.726 22.741 22.749 22.746 22.789 22.821 22.824 22.849 22.861 22.861 22.869 22.869 22.849 22.824 22.786 22.809 22.811 22.796 22.791 22.814 22.806 22.801 22.771 22.739 22.716 22.719 22.741 22.736 22.741 22.759 22.766 22.749 22.734 22.724 22.696 22.661 22.616 22.579 22.541 22.511 22.484 22.436 22.394 22.359 22.329 22.291 22.276 22.236 22.224 22.191 22.154 22.104 22.039 21.989 21.959 21.919 21.856 21.819 21.776 21.751 21.741 21.744
22.661 22.711 22.734 22.734 22.731 22.726 22.739 22.791 22.786 22.806 22.781 22.809 22.811 22.846 22.864 22.886 22.904 22.909 22.914 22.909 22.904 22.889 22.864 22.831 22.826 22.829 22.821 22.816 22.814 22.826 22.826 22.836 22.794 22.771 22.749 22.759 22.766 22.786 22.786 22.796 22.806 22.801 22.749 22.709 22.676 22.631 22.609 22.571 22.529 22.496 22.451 22.419 22.401 22.374 22.324 22.276 22.291 22.269 22.224 22.136 22.079 22.036 21.999 21.984 21.961 21.901 21.846 21.806 21.796 21.766 21.756
22.704 22.751 22.774 22.796 22.774 22.779 22.779 22.811 22.839 22.864 22.879 22.841 22.879 22.899 22.901 22.946 22.969 22.969 22.974 22.951 22.931 22.929 22.904 22.884 22.854 22.846 22.849 22.831 22.836 22.834 22.851 22.866 22.851 22.824 22.816 22.794 22.806 22.826 22.824 22.839 22.856 22.811 22.761 22.736 22.701 22.651 22.621 22.594 22.551 22.521 22.474 22.451 22.434 22.421 22.369 22.329 22.319 22.276 22.174 22.134 22.096 22.046 22.019 22.001 21.971 21.921 21.874 21.846 21.816 21.784 21.751
22.754 22.789 22.816 22.809 22.819 22.816 22.814 22.849 22.889 22.926 22.929 22.936 22.946 22.959 22.974 22.991 23.001 23.009 22.996 22.986 22.969 22.974 22.956 22.954 22.929 22.891 22.884 22.871 22.871 22.854 22.864 22.901 22.914 22.886 22.861 22.854 22.851 22.869 22.864 22.871 22.856 22.836 22.796 22.771 22.724 22.709 22.661 22.624 22.579 22.546 22.506 22.499 22.496 22.436 22.414 22.361 22.309 22.251 22.179 22.134 22.111 22.084 22.039 21.994 21.964 21.936 21.909 21.864 21.826 21.786 21.764
22.826 22.846 22.844 22.844 22.866 22.871 22.874 22.899 22.954 22.969 22.991 22.999 23.021 23.026 23.029 23.036 23.026 23.024 23.044 23.034 23.024 23.021 22.986 22.979 22.949 22.906 22.926 22.911 22.909 22.866 22.859 22.901 22.921 22.929 22.931 22.911 22.879 22.866 22.869 22.856 22.846 22.846 22.811 22.776 22.754 22.729 22.674 22.644 22.616 22.604 22.596 22.549 22.524 22.494 22.429 22.349 22.316 22.259 22.224 22.156 22.131 22.094 22.051 22.011 21.981 21.966 21.939 21.896 21.846 21.804 21.789
22.844 22.859 22.881 22.896 22.924 22.954 22.959 22.936 22.986 23.041 23.076 23.094 23.104 23.089 23.074 23.066 23.059 23.056 23.059 23.056 23.064 23.044 23.034 22.996 22.994 22.956 22.964 22.956 22.959 22.936 22.924 22.914 22.954 22.974 22.979 22.954 22.951 22.881 22.891 22.859 22.871 22.849 22.824 22.809 22.779 22.754 22.726 22.684 22.679 22.669 22.631 22.596 22.534 22.501 22.419 22.366 22.321 22.289 22.231 22.184 22.159 22.134 22.081 22.039 21.986 21.956 21.946 21.894 21.876 21.844 21.849
22.869 22.891 22.921 22.946 22.964 22.994 23.024 23.024 23.044 23.091 23.139 23.169 23.171 23.154 23.124 23.114 23.114 23.081 23.081 23.086 23.076 23.071 23.056 23.051 23.049 23.049 23.016 22.999 23.006 22.999 23.006 22.989 22.974 22.999 23.046 23.029 22.964 22.919 22.889 22.881 22.879 22.879 22.859 22.841 22.819 22.779 22.759 22.726 22.711 22.691 22.656 22.599 22.534 22.486 22.449 22.414 22.389 22.334 22.279 22.234 22.174 22.156 22.109 22.059 22.026 21.974 21.944 21.924 21.916 21.886 21.866
22.871 22.924 22.976 22.991 23.014 23.061 23.076 23.084 23.101 23.121 23.154 23.216 23.211 23.214 23.194 23.179 23.154 23.134 23.109 23.116 23.116 23.106 23.104 23.096 23.091 23.109 23.064 23.079 23.054 23.066 23.071 23.054 23.029 23.029 23.056 23.059 23.011 22.946 22.904 22.886 22.876 22.874 22.864 22.854 22.836 22.814 22.801 22.766 22.744 22.719 22.679 22.616 22.561 22.531 22.486 22.466 22.429 22.389 22.331 22.274 22.221 22.179 22.124 22.069 22.021 21.991 21.961 21.944 21.931 21.931 21.896
22.941 22.966 23.011 23.031 23.074 23.114 23.136 23.169 23.184 23.194 23.186 23.226 23.259 23.269 23.239 23.216 23.186 23.174 23.146 23.139 23.139 23.161 23.151 23.144 23.169 23.151 23.149 23.121 23.106 23.104 23.104 23.119 23.076 23.061 23.061 23.066 23.061 23.006 22.966 22.916 22.904 22.909 22.889 22.884 22.881 22.866 22.846 22.821 22.774 22.741 22.679 22.634 22.589 22.569 22.509 22.474 22.434 22.379 22.349 22.311 22.266 22.209 22.139 22.086 22.039 22.031 21.994 21.986 21.951 21.939 21.941
23.019 23.039 23.079 23.099 23.134 23.151 23.186 23.229 23.244 23.251 23.249 23.274 23.286 23.294 23.296 23.256 23.229 23.206 23.194 23.196 23.199 23.216 23.219 23.206 23.209 23.201 23.186 23.161 23.161 23.161 23.156 23.144 23.119 23.101 23.101 23.069 23.081 23.051 22.994 22.979 22.964 22.949 22.936 22.931 22.914 22.909 22.894 22.854 22.786 22.751 22.711 22.666 22.626 22.569 22.524 22.464 22.439 22.404 22.356 22.324 22.299 22.236 22.174 22.121 22.096 22.069 22.031 21.981 21.961 21.969 21.976
23.081 23.104 23.121 23.161 23.194 23.201 23.244 23.274 23.306 23.309 23.311 23.296 23.304 23.314 23.321 23.299 23.276 23.264 23.251 23.231 23.236 23.249 23.259 23.266 23.264 23.254 23.236 23.224 23.229 23.201 23.186 23.209 23.166 23.149 23.124 23.111 23.111 23.099 23.054 23.036 23.019 22.996 23.009 22.969 22.979 22.944 22.911 22.866 22.811 22.781 22.754 22.699 22.651 22.581 22.531 22.481 22.441 22.426 22.374 22.351 22.314 22.266 22.241 22.194 22.139 22.121 22.071 22.016 21.991 21.974 21.976
23.169 23.176 23.184 23.204 23.249 23.276 23.286 23.324 23.314 23.351 23.354 23.341 23.344 23.324 23.349 23.351 23.329 23.331 23.326 23.304 23.279 23.296 23.326 23.299 23.321 23.301 23.279 23.269 23.291 23.271 23.224 23.209 23.201 23.191 23.171 23.144 23.096 23.126 23.106 23.081 23.094 23.059 23.059 23.026 23.011 22.954 22.949 22.906 22.876 22.834 22.781 22.731 22.686 22.624 22.571 22.521 22.491 22.444 22.381 22.344 22.341 22.316 22.294 22.239 22.186 22.146 22.106 22.059 22.036 22.021 22.006
23.229 23.236 23.246 23.251 23.276 23.304 23.316 23.344 23.366 23.351 23.371 23.371 23.369 23.376 23.391 23.399 23.404 23.401 23.391 23.366 23.356 23.356 23.366 23.349 23.369 23.336 23.349 23.341 23.321 23.306 23.274 23.254 23.236 23.214 23.206 23.191 23.156 23.169 23.169 23.136 23.136 23.121 23.076 23.049 23.009 22.989 22.971 22.939 22.914 22.874 22.821 22.781 22.721 22.659 22.591 22.529 22.484 22.439 22.396 22.374 22.371 22.349 22.329 22.284 22.236 22.179 22.141 22.104 22.104 22.084 22.071
23.314 23.319 23.309 23.311 23.319 23.341 23.371 23.394 23.399 23.384 23.406 23.414 23.419 23.401 23.424 23.456 23.474 23.494 23.464 23.429 23.419 23.391 23.394 23.394 23.404 23.386 23.391 23.361 23.346 23.344 23.304 23.286 23.274 23.274 23.239 23.236 23.216 23.154 23.179 23.179 23.154 23.161 23.121 23.084 23.051 23.036 23.009 22.964 22.934 22.911 22.874 22.831 22.764 22.706 22.631 22.569 22.501 22.441 22.414 22.394 22.384 22.374 22.351 22.311 22.284 22.236 22.214 22.186 22.169 22.144 22.106
23.376 23.384 23.381 23.366 23.371 23.386 23.406 23.419 23.419 23.429 23.429 23.446 23.466 23.454 23.454 23.491 23.539 23.569 23.546 23.519 23.489 23.449 23.434 23.424 23.446 23.446 23.426 23.414 23.391 23.389 23.359 23.336 23.319 23.286 23.286 23.286 23.244 23.206 23.166 23.206 23.199 23.186 23.144 23.136 23.109 23.081 23.039 23.009 22.996 22.979 22.956 22.891 22.824 22.744 22.669 22.596 22.521 22.496 22.479 22.439 22.426 22.389 22.369 22.351 22.331 22.311 22.274 22.256 22.226 22.196 22.129
23.431 23.444 23.449 23.441 23.431 23.426 23.441 23.444 23.451 23.454 23.476 23.489 23.506 23.504 23.526 23.544 23.581 23.596 23.584 23.594 23.544 23.509 23.489 23.494 23.479 23.491 23.471 23.454 23.439 23.414 23.399 23.379 23.354 23.334 23.341 23.316 23.291 23.269 23.224 23.244 23.226 23.236 23.231 23.196 23.134 23.099 23.064 23.049 23.034 23.019 22.989 22.941 22.879 22.751 22.669 22.631 22.571 22.521 22.496 22.481 22.444 22.416 22.421 22.396 22.376 22.384 22.371 22.311 22.254 22.201 22.144
23.454 23.474 23.506 23.499 23.506 23.476 23.469 23.479 23.506 23.506 23.496 23.506 23.539 23.556 23.589 23.581 23.616 23.644 23.649 23.621 23.609 23.581 23.574 23.569 23.539 23.529 23.516 23.519 23.496 23.461 23.434 23.416 23.414 23.396 23.381 23.376 23.351 23.311 23.311 23.279 23.286 23.319 23.301 23.241 23.179 23.121 23.089 23.091 23.079 23.074 23.039 22.964 22.879 22.789 22.724 22.654 22.591 22.554 22.526 22.479 22.481 22.459 22.446 22.449 22.469 22.429 22.419 22.346 22.286 22.204 22.209
23.489 23.526 23.531 23.564 23.556 23.519 23.526 23.521 23.559 23.559 23.566 23.566 23.596 23.609 23.636 23.639 23.646 23.664 23.686 23.686 23.689 23.681 23.629 23.596 23.586 23.564 23.564 23.566 23.526 23.494 23.484 23.476 23.466 23.461 23.446 23.436 23.416 23.379 23.354 23.371 23.384 23.391 23.329 23.296 23.231 23.181 23.136 23.104 23.109 23.086 23.059 22.981 22.886 22.859 22.771 22.716 22.649 22.606 22.554 22.539 22.511 22.529 22.531 22.504 22.496 22.466 22.446 22.374 22.314 22.266 22.256
