All_lidar/sz6486_DSM_2M.asc
ncols 500
nrows 500
xllcorner    464000
yllcorner    86000
cellsize     2
NODATA_value -9999
[rows 288 to 319 of 500, columns 144 to 215 of 500]
17.757 16.994 16.419 15.782 15.172 14.699 14.209 13.814 13.311 13.164 12.799 12.266 11.844 11.516 11.114 10.849 10.819 10.979 11.144 11.68 12.131 10.9 11.134 10.372 10.654 11.136 11.51 9.576 8.595 7.81 6.963 6.241 5.52 4.79 4.318 4.122 3.921 3.821 3.788 3.805 3.857 3.832 3.756 3.525 3.282 2.954 2.745 2.534 2.342 2.086 1.858 1.672 1.506 1.33 1.177 1.036 0.878 0.763 0.705 0.644 0.611 0.66 0.684 0.759 0.737 0.792 0.836 0.854 0.852 0.803 0.887 0.942
17.034 16.507 15.792 15.087 14.632 14.212 13.694 13.411 13.296 13.249 12.764 12.291 11.759 11.394 11.139 10.909 10.946 11.075 11.868 11.316 11.017 11.168 11.135 10.355 10.481 11.008 9.585 8.412 7.543 6.455 5.7 4.843 4.279 4.054 3.893 3.799 3.834 3.802 3.81 3.843 3.757 3.605 3.356 3.017 2.798 2.509 2.291 2.136 1.872 1.686 1.542 1.409 1.228 1.067 0.934 0.762 0.67 0.619 0.537 0.485 0.486 0.58 0.537 0.614 0.639 0.787 0.798 0.825 0.854 0.833 0.886 0.991
16.572 16.054 15.292 14.554 14.167 13.692 13.266 13.104 13.104 13.096 12.994 12.469 11.984 11.556 11.241 11.026 11.072 11.036 11.131 10.871 10.951 11.28 11.332 11.498 10.641 8.99 7.197 6.72 5.827 4.815 4.165 4.03 3.904 3.829 3.76 3.835 3.82 3.814 3.735 3.55 3.315 3.044 2.768 2.451 2.325 2.071 1.913 1.7 1.564 1.448 1.294 1.157 0.985 0.842 0.655 0.575 0.564 0.581 0.601 0.548 0.515 0.538 0.526 0.511 0.558 0.639 0.758 0.723 0.839 0.905 0.899 0.988
15.829 15.487 14.877 14.494 13.972 13.369 12.741 12.791 13.456 13.426 13.441 12.611 12.041 11.572 11.155 10.977 10.996 10.872 10.55 10.396 10.4 10.334 10.341 9.924 8.899 6.75 5.486 5.027 4.496 3.858 3.768 3.968 3.728 3.72 3.73 3.727 3.655 3.471 3.185 3 2.758 2.494 2.308 2.071 1.91 1.693 1.579 1.441 1.342 1.185 1.05 0.908 0.726 0.607 0.599 0.613 0.619 0.656 0.613 0.622 0.591 0.551 0.525 0.496 0.547 0.608 0.657 0.684 0.805 0.933 0.902 0.954
15.004 14.567 14.004 13.652 13.214 12.789 12.409 12.681 13.904 13.696 13.294 12.639 11.837 11.1 10.838 10.83 10.653 10.308 9.873 9.515 9.194 9.053 8.201 6.973 6.41 5.238 4.208 3.964 3.729 4.02 3.708 3.691 3.657 3.664 3.606 3.379 3.127 2.916 2.682 2.46 2.272 2.15 1.886 1.675 1.588 1.422 1.294 1.188 1.096 0.927 0.802 0.625 0.604 0.669 0.658 0.633 0.633 0.638 0.592 0.584 0.557 0.515 0.482 0.456 0.486 0.511 0.585 0.602 0.788 0.871 0.929 0.898
14.519 13.812 13.174 12.872 12.639 12.419 12.234 13.411 13.356 13.746 13.131 11.894 11.049 10.704 10.744 10.509 9.748 9.317 9.279 8.746 7.576 6.663 6.036 5.479 4.938 4.036 3.691 3.771 3.698 3.644 3.61 3.62 3.518 3.304 3.034 2.856 2.673 2.501 2.301 2.068 1.892 1.739 1.578 1.428 1.313 1.204 1.088 0.954 0.83 0.667 0.559 0.604 0.562 0.611 0.607 0.593 0.587 0.578 0.545 0.523 0.499 0.484 0.472 0.469 0.488 0.505 0.464 0.486 0.783 0.81 0.938 0.957
13.979 13.287 12.857 12.384 11.929 11.794 12.496 13.034 13.424 12.845 11.965 11.423 10.326 10.502 10.548 9.997 9.023 8.082 7.842 6.998 5.842 5.104 4.831 4.763 4.103 3.782 3.617 3.566 3.568 3.578 3.49 3.237 3.007 2.793 2.629 2.461 2.304 2.144 1.932 1.715 1.591 1.451 1.322 1.232 1.086 0.964 0.834 0.691 0.547 0.504 0.552 0.594 0.55 0.61 0.576 0.55 0.527 0.523 0.471 0.473 0.441 0.413 0.426 0.438 0.435 0.445 0.413 0.381 0.554 0.738 0.794 0.954
13.359 12.777 12.382 11.907 11.637 11.374 12.004 12.444 12.472 11.709 11.199 10.355 9.827 10.106 10.065 9.107 7.939 6.503 5.863 5.517 4.572 4.067 3.801 3.72 3.652 3.568 3.475 3.486 3.38 3.139 2.941 2.819 2.698 2.532 2.362 2.163 1.925 1.761 1.599 1.46 1.342 1.239 1.098 0.989 0.843 0.69 0.547 0.469 0.524 0.521 0.532 0.54 0.519 0.544 0.536 0.528 0.487 0.461 0.451 0.449 0.374 0.356 0.414 0.42 0.359 0.327 0.306 0.301 0.268 0.625 0.582 0.497
13.297 12.584 12.047 11.454 11.264 11.067 11.056 11.161 11.015 10.869 10.539 9.562 9.257 8.444 8.233 7.357 6.273 5.363 4.818 4.293 3.816 3.71 3.65 3.534 3.448 3.499 3.369 3.095 2.905 2.852 2.738 2.579 2.468 2.243 1.946 1.73 1.595 1.462 1.363 1.23 1.104 0.965 0.816 0.719 0.564 0.503 0.464 0.473 0.536 0.517 0.521 0.519 0.533 0.549 0.5 0.456 0.434 0.407 0.382 0.379 0.342 0.343 0.326 0.313 0.306 0.268 0.229 0.213 0.203 0.222 0.228 0.182
13.447 13.234 12.399 11.359 11.04 10.808 10.514 10.478 9.922 9.65 9.542 8.916 7.667 6.75 6.464 5.922 4.957 4.387 4.012 3.707 3.584 3.508 3.484 3.482 3.387 3.109 2.899 2.807 2.714 2.592 2.486 2.279 1.993 1.763 1.599 1.481 1.366 1.199 1.099 0.966 0.854 0.726 0.598 0.528 0.544 0.528 0.485 0.476 0.51 0.472 0.491 0.499 0.481 0.466 0.434 0.39 0.37 0.332 0.316 0.292 0.263 0.278 0.264 0.243 0.22 0.189 0.166 0.15 0.13 0.115 0.099 0.067
13.007 12.974 12.35 11.31 11.209 10.797 9.906 9.754 9.346 8.745 8.46 7.764 6.545 5.866 5.407 4.609 3.989 3.721 3.54 3.463 3.441 3.434 3.363 3.126 2.94 2.851 2.697 2.622 2.444 2.257 2.064 1.826 1.603 1.454 1.344 1.207 1.079 0.953 0.849 0.745 0.623 0.604 0.576 0.522 0.522 0.543 0.534 0.475 0.477 0.47 0.421 0.443 0.439 0.352 0.343 0.337 0.318 0.269 0.243 0.218 0.208 0.228 0.204 0.178 0.153 0.117 0.102 0.087 0.071 0.021 0.005 -0.024
13.222 12.55 12.256 12.598 11.685 10.131 9.184 8.833 8.435 7.26 6.765 6.231 5.423 5.087 4.408 3.784 3.536 3.434 3.415 3.426 3.338 3.115 2.877 2.81 2.747 2.596 2.459 2.275 2.05 1.822 1.621 1.46 1.334 1.198 1.069 0.946 0.823 0.703 0.62 0.612 0.602 0.573 0.553 0.542 0.537 0.519 0.476 0.474 0.434 0.443 0.393 0.36 0.334 0.294 0.284 0.263 0.247 0.225 0.199 0.168 0.178 0.155 0.098 0.114 0.095 0.059 0.036 0.014 -0.014 -0.037 -0.055 -0.08
13.023 12.872 12.027 11.094 9.954 9.216 8.272 7.178 6.898 5.978 5.581 4.862 4.392 3.939 3.534 3.384 3.387 3.394 3.347 3.142 2.927 2.815 2.738 2.642 2.488 2.315 2.062 1.812 1.624 1.464 1.315 1.186 1.061 0.948 0.819 0.674 0.637 0.619 0.591 0.583 0.576 0.546 0.521 0.499 0.457 0.481 0.428 0.413 0.384 0.37 0.318 0.3 0.255 0.236 0.214 0.218 0.173 0.158 0.13 0.103 0.1 0.053 0.029 0.016 0.02 -0.002 -0.044 -0.067 -0.084 -0.084 -0.111 -0.155
11.976 11.65 10.899 10.006 9.313 8.394 7.176 6.223 5.564 4.904 4.529 3.913 3.502 3.37 3.328 3.328 3.301 3.152 2.966 2.851 2.748 2.646 2.483 2.326 2.093 1.835 1.632 1.472 1.297 1.156 1.046 0.915 0.785 0.692 0.592 0.568 0.571 0.589 0.558 0.523 0.549 0.508 0.475 0.441 0.443 0.409 0.361 0.361 0.337 0.301 0.261 0.202 0.212 0.185 0.163 0.16 0.129 0.111 0.083 0.045 0.031 0.006 -0.02 -0.017 -0.052 -0.085 -0.072 -0.13 -0.133 -0.141 -0.183 -0.204
11.284 10.902 10.416 9.771 8.212 7.038 5.938 5.079 4.425 3.845 3.423 3.448 3.55 3.364 3.27 3.165 2.956 2.824 2.749 2.666 2.493 2.345 2.087 1.825 1.643 1.447 1.299 1.183 1.03 0.909 0.791 0.656 0.568 0.551 0.542 0.538 0.532 0.556 0.533 0.513 0.515 0.473 0.43 0.398 0.393 0.35 0.3 0.269 0.24 0.243 0.202 0.163 0.152 0.111 0.067 0.081 0.071 0.046 0.032 -0.02 -0.034 -0.045 -0.048 -0.104 -0.111 -0.145 -0.157 -0.168 -0.176 -0.226 -0.239 -0.273
10.767 10.138 9.583 8.483 7.377 5.86 4.617 3.971 3.566 3.328 3.232 3.228 3.261 3.174 3.033 2.856 2.755 2.614 2.487 2.349 2.115 1.807 1.634 1.476 1.332 1.18 1.058 0.902 0.809 0.672 0.543 0.515 0.564 0.572 0.563 0.528 0.538 0.502 0.484 0.451 0.443 0.418 0.39 0.335 0.311 0.29 0.255 0.212 0.187 0.172 0.164 0.131 0.091 0.094 0.023 0.03 -0.016 -0.02 -0.04 -0.063 -0.079 -0.1 -0.135 -0.142 -0.165 -0.224 -0.198 -0.214 -0.263 -0.273 -0.316 -0.326
9.368 8.691 8.282 7.332 6.142 4.618 3.574 3.357 3.261 3.237 3.233 3.141 3.004 2.895 2.778 2.634 2.488 2.327 2.124 1.859 1.648 1.468 1.331 1.182 1.029 0.93 0.793 0.64 0.556 0.564 0.571 0.553 0.539 0.523 0.511 0.522 0.483 0.442 0.422 0.409 0.395 0.365 0.319 0.279 0.252 0.221 0.213 0.174 0.141 0.095 0.082 0.058 0.043 0.002 -0.032 -0.038 -0.087 -0.093 -0.09 -0.13 -0.141 -0.182 -0.195 -0.241 -0.228 -0.271 -0.307 -0.301 -0.349 -0.347 -0.376 -0.4
8.022 7.271 6.557 5.77 4.686 3.727 3.314 3.288 3.232 3.147 3.034 2.916 2.775 2.626 2.453 2.319 2.112 1.862 1.645 1.49 1.326 1.212 1.07 0.908 0.793 0.655 0.573 0.523 0.536 0.568 0.577 0.569 0.531 0.508 0.499 0.471 0.426 0.419 0.377 0.356 0.353 0.299 0.259 0.243 0.207 0.174 0.14 0.138 0.075 0.075 0.053 -0.013 -0.057 -0.066 -0.08 -0.106 -0.123 -0.151 -0.164 -0.196 -0.201 -0.23 -0.241 -0.275 -0.292 -0.318 -0.332 -0.379 -0.394 -0.403 -0.444 -0.469
6.496 5.89 5.331 4.266 3.554 3.359 3.414 3.198 3.047 2.903 2.814 2.667 2.526 2.328 2.133 1.883 1.662 1.506 1.354 1.202 1.079 0.947 0.805 0.652 0.59 0.544 0.533 0.496 0.516 0.553 0.542 0.534 0.503 0.467 0.434 0.439 0.376 0.372 0.335 0.319 0.295 0.221 0.204 0.179 0.14 0.123 0.068 0.059 0.022 -0.016 -0.041 -0.058 -0.091 -0.114 -0.152 -0.139 -0.173 -0.202 -0.2 -0.26 -0.285 -0.293 -0.309 -0.332 -0.341 -0.391 -0.405 -0.435 -0.43 -0.459 -0.461 -0.505
5.374 4.929 4.042 3.725 3.258 3.239 3.101 2.981 2.849 2.657 2.503 2.356 2.145 1.901 1.667 1.511 1.35 1.233 1.099 0.956 0.846 0.696 0.562 0.541 0.556 0.564 0.549 0.547 0.518 0.517 0.536 0.5 0.441 0.44 0.379 0.365 0.355 0.283 0.27 0.256 0.226 0.157 0.155 0.114 0.074 0.055 0.038 -0.023 -0.04 -0.086 -0.13 -0.137 -0.157 -0.17 -0.182 -0.193 -0.235 -0.277 -0.292 -0.289 -0.342 -0.359 -0.355 -0.396 -0.419 -0.439 -0.463 -0.473 -0.495 -0.542 -0.548 -0.613
4.346 3.879 3.492 4.047 3.17 2.978 2.899 2.748 2.554 2.364 2.174 1.902 1.683 1.518 1.389 1.243 1.127 0.965 0.827 0.703 0.604 0.522 0.519 0.528 0.557 0.559 0.547 0.53 0.53 0.508 0.467 0.434 0.393 0.366 0.368 0.317 0.286 0.228 0.236 0.205 0.161 0.113 0.091 0.032 0.004 -0.015 -0.065 -0.099 -0.091 -0.13 -0.166 -0.198 -0.186 -0.249 -0.236 -0.248 -0.268 -0.331 -0.365 -0.385 -0.391 -0.424 -0.444 -0.446 -0.477 -0.505 -0.526 -0.573 -0.579 -0.598 -0.644 -0.663
3.316 3.448 3.265 2.954 2.895 2.769 2.61 2.408 2.199 1.944 1.715 1.561 1.402 1.265 1.122 0.997 0.836 0.676 0.576 0.529 0.507 0.475 0.538 0.574 0.548 0.548 0.527 0.495 0.47 0.446 0.381 0.372 0.356 0.309 0.304 0.242 0.22 0.183 0.142 0.164 0.094 0.056 0.012 -0.003 -0.059 -0.077 -0.108 -0.14 -0.171 -0.188 -0.215 -0.232 -0.245 -0.282 -0.302 -0.319 -0.35 -0.39 -0.399 -0.433 -0.42 -0.482 -0.482 -0.522 -0.532 -0.549 -0.598 -0.6 -0.627 -0.684 -0.729 -0.73
3.059 2.933 2.893 2.824 2.654 2.462 2.247 1.997 1.775 1.599 1.43 1.29 1.14 1.002 0.861 0.71 0.599 0.54 0.495 0.497 0.536 0.525 0.543 0.56 0.513 0.486 0.462 0.453 0.425 0.393 0.359 0.321 0.29 0.27 0.245 0.201 0.172 0.122 0.084 0.075 0.034 0.01 -0.018 -0.061 -0.099 -0.127 -0.151 -0.187 -0.216 -0.238 -0.238 -0.277 -0.307 -0.335 -0.357 -0.381 -0.4 -0.445 -0.472 -0.477 -0.52 -0.523 -0.532 -0.588 -0.602 -0.617 -0.643 -0.696 -0.709 -0.723 -0.786 -0.825
2.847 2.829 2.702 2.518 2.307 2.032 1.79 1.599 1.429 1.321 1.182 1.031 0.903 0.721 0.588 0.558 0.502 0.502 0.493 0.504 0.551 0.537 0.537 0.506 0.496 0.458 0.416 0.421 0.386 0.34 0.319 0.269 0.245 0.183 0.205 0.13 0.086 0.067 0.033 0.01 -0.035 -0.058 -0.083 -0.121 -0.155 -0.173 -0.225 -0.239 -0.25 -0.291 -0.313 -0.326 -0.36 -0.391 -0.43 -0.462 -0.494 -0.503 -0.531 -0.543 -0.552 -0.597 -0.621 -0.648 -0.649 -0.682 -0.72 -0.778 -0.787 -0.818 -0.855 -0.889
2.754 2.566 2.363 2.114 1.837 1.629 1.489 1.34 1.174 1.058 0.934 0.748 0.594 0.52 0.466 0.479 0.504 0.5 0.517 0.553 0.522 0.518 0.486 0.451 0.449 0.413 0.381 0.341 0.309 0.281 0.254 0.214 0.191 0.156 0.13 0.064 0.039 0.017 -0.016 -0.044 -0.087 -0.098 -0.158 -0.182 -0.232 -0.245 -0.26 -0.312 -0.322 -0.336 -0.347 -0.388 -0.415 -0.436 -0.462 -0.489 -0.506 -0.534 -0.593 -0.621 -0.609 -0.653 -0.675 -0.695 -0.74 -0.762 -0.811 -0.866 -0.875 -0.872 -0.928 -0.957
2.406 2.152 1.879 1.655 1.49 1.361 1.259 1.077 0.954 0.782 0.653 0.515 0.427 0.452 0.46 0.512 0.525 0.505 0.509 0.55 0.511 0.471 0.438 0.406 0.381 0.375 0.353 0.341 0.252 0.225 0.21 0.157 0.121 0.077 0.032 0.031 -0.016 -0.056 -0.09 -0.126 -0.132 -0.179 -0.215 -0.23 -0.249 -0.314 -0.321 -0.357 -0.374 -0.405 -0.419 -0.438 -0.504 -0.517 -0.53 -0.543 -0.612 -0.625 -0.638 -0.671 -0.681 -0.7 -0.775 -0.8 -0.809 -0.834 -0.876 -0.904 -0.916 -0.965 -1.001 -1.048
1.959 1.694 1.519 1.403 1.232 1.122 1.039 0.843 0.685 0.537 0.477 0.444 0.448 0.47 0.479 0.506 0.498 0.482 0.502 0.465 0.462 0.423 0.416 0.37 0.351 0.322 0.303 0.257 0.215 0.187 0.126 0.135 0.062 0.022 -0.005 -0.056 -0.095 -0.095 -0.137 -0.18 -0.212 -0.24 -0.249 -0.293 -0.312 -0.356 -0.376 -0.394 -0.388 -0.451 -0.483 -0.512 -0.539 -0.576 -0.589 -0.62 -0.637 -0.663 -0.695 -0.73 -0.774 -0.8 -0.851 -0.867 -0.876 -0.909 -0.954 -0.963 -1.003 -1.022 -1.067 -1.124
1.562 1.444 1.309 1.156 1.04 0.874 0.727 0.561 0.427 0.4 0.438 0.47 0.523 0.525 0.49 0.491 0.491 0.468 0.468 0.443 0.399 0.369 0.328 0.309 0.295 0.232 0.216 0.174 0.161 0.103 0.079 0.03 -0.007 -0.023 -0.053 -0.099 -0.138 -0.169 -0.196 -0.24 -0.241 -0.295 -0.347 -0.353 -0.376 -0.405 -0.421 -0.467 -0.469 -0.503 -0.508 -0.543 -0.582 -0.611 -0.639 -0.643 -0.691 -0.735 -0.763 -0.787 -0.828 -0.863 -0.895 -0.905 -0.955 -0.959 -1.015 -1.053 -1.086 -1.107 -1.161 -1.216
1.348 1.226 1.07 0.914 0.766 0.6 0.493 0.4 0.367 0.472 0.487 0.504 0.503 0.516 0.473 0.486 0.445 0.417 0.415 0.372 0.333 0.314 0.304 0.28 0.231 0.198 0.165 0.145 0.091 0.056 0.008 -0.027 -0.051 -0.079 -0.115 -0.139 -0.188 -0.213 -0.254 -0.289 -0.302 -0.332 -0.36 -0.377 -0.418 -0.432 -0.478 -0.498 -0.511 -0.552 -0.621 -0.59 -0.635 -0.673 -0.711 -0.729 -0.755 -0.798 -0.817 -0.842 -0.865 -0.91 -0.97 -1.012 -1.022 -1.066 -1.086 -1.094 -1.156 -1.195 -1.237 -1.303
1.132 0.963 0.812 0.65 0.512 0.455 0.426 0.44 0.463 0.497 0.486 0.499 0.472 0.469 0.471 0.426 0.395 0.38 0.355 0.321 0.286 0.245 0.241 0.193 0.154 0.124 0.117 0.039 0.036 0.017 -0.03 -0.076 -0.111 -0.158 -0.189 -0.227 -0.242 -0.275 -0.312 -0.333 -0.36 -0.38 -0.423 -0.453 -0.473 -0.505 -0.531 -0.526 -0.586 -0.598 -0.647 -0.676 -0.684 -0.714 -0.769 -0.801 -0.828 -0.905 -0.897 -0.901 -0.973 -0.998 -1.025 -1.043 -1.108 -1.129 -1.146 -1.191 -1.236 -1.284 -1.316 -1.356
0.846 0.709 0.556 0.439 0.38 0.461 0.457 0.454 0.505 0.503 0.506 0.474 0.499 0.452 0.398 0.392 0.381 0.355 0.292 0.291 0.258 0.201 0.164 0.156 0.129 0.094 0.041 0 -0.038 -0.062 -0.091 -0.143 -0.173 -0.206 -0.227 -0.279 -0.31 -0.31 -0.374 -0.411 -0.421 -0.454 -0.472 -0.514 -0.541 -0.552 -0.589 -0.593 -0.62 -0.678 -0.685 -0.717 -0.771 -0.79 -0.837 -0.876 -0.883 -0.939 -0.965 -0.996 -1.061 -1.054 -1.082 -1.14 -1.185 -1.196 -1.237 -1.274 -1.321 -1.348 -1.41 -1.471
0.609 0.481 0.434 0.433 0.497 0.507 0.509 0.475 0.458 0.491 0.457 0.457 0.413 0.4 0.348 0.339 0.322 0.259 0.235 0.224 0.185 0.148 0.155 0.098 0.051 0.016 -0.033 -0.049 -0.087 -0.122 -0.161 -0.189 -0.242 -0.26 -0.264 -0.308 -0.333 -0.379 -0.404 -0.462 -0.492 -0.494 -0.519 -0.561 -0.588 -0.603 -0.634 -0.657 -0.701 -0.724 -0.758 -0.819 -0.836 -0.877 -0.889 -0.934 -0.96 -1.008 -1.039 -1.073 -1.111 -1.138 -1.164 -1.187 -1.244 -1.28 -1.288 -1.34 -1.365 -1.379 -1.405 -1.483
