All_lidar/sz6490_DSM_2M.asc
ncols 500
nrows 500
xllcorner    464000
yllcorner    90000
cellsize     2
NODATA_value -9999
[rows 99 to 131 of 500, columns 76 to 151 of 500]
1.912 1.965 1.945 2.005 1.955 1.882 1.905 1.93 1.857 1.82 1.757 1.762 1.755 1.8 1.872 1.927 1.935 1.957 1.967 1.855 1.882 1.927 1.96 1.972 1.942 1.932 1.97 2.005 1.957 1.902 1.917 1.89 1.892 1.922 1.905 1.93 1.867 1.85 1.867 1.922 1.86 1.795 1.787 1.775 1.797 1.902 1.905 1.952 1.895 1.892 1.852 1.872 1.892 1.897 1.945 2.015 1.945 1.882 1.915 1.877 1.867 1.872 1.89 1.837 1.865 1.91 1.9 1.83 1.872 1.932 2.027 1.95 1.882 1.852 1.882 1.887
1.952 1.952 1.9 1.847 1.967 1.94 1.932 1.902 1.902 1.852 1.8 1.79 1.807 1.827 1.867 1.912 1.957 1.887 1.855 1.96 1.965 1.952 1.977 1.98 1.967 2.002 1.995 1.947 1.96 1.905 1.88 1.982 1.895 1.92 1.907 1.907 1.93 1.855 1.88 1.912 1.927 1.815 1.805 1.83 1.882 1.905 1.91 1.9 1.885 1.93 1.922 1.875 1.87 1.895 1.955 1.945 1.87 1.822 1.882 1.862 1.852 1.835 1.81 1.83 1.94 1.912 1.912 1.89 2.052 1.98 1.997 1.9 1.872 1.865 1.905 1.912
1.847 1.867 1.837 1.835 1.88 1.93 1.895 1.92 1.817 1.895 1.855 1.857 1.837 1.837 1.945 1.955 1.94 1.965 1.947 1.96 2.005 1.967 1.967 1.922 1.945 1.99 1.937 1.905 1.9 1.847 1.845 1.905 1.94 1.932 1.925 1.842 1.927 1.927 1.882 1.865 1.84 1.862 1.907 1.967 1.895 1.98 1.92 1.93 1.947 1.922 1.847 1.862 1.905 1.892 1.905 1.865 1.867 1.862 1.83 1.817 1.847 1.847 1.827 1.822 1.865 1.912 1.957 1.962 2.015 1.957 1.922 1.865 1.822 1.875 1.94 1.912
1.842 1.847 1.825 1.905 1.875 1.865 1.905 1.89 1.882 1.882 1.825 1.86 1.88 1.887 1.937 1.922 1.955 1.875 1.96 1.995 2.04 1.975 1.95 1.957 1.88 1.892 1.842 1.85 1.927 1.855 1.887 1.925 1.912 1.852 1.83 1.837 1.882 1.91 1.885 1.832 1.805 1.825 1.89 1.825 1.877 1.962 1.912 1.89 1.882 1.885 1.795 1.825 1.815 1.887 1.847 1.817 1.797 1.857 1.917 1.867 1.837 1.92 1.915 1.9 1.872 1.91 1.907 1.947 1.952 1.882 1.872 1.845 1.82 1.817 1.915 1.987
1.795 1.862 1.875 1.867 1.827 1.86 1.857 1.857 1.887 1.897 1.857 1.882 1.887 1.892 1.93 1.94 1.937 1.895 1.975 1.952 1.95 1.907 1.912 1.895 1.887 1.887 1.865 1.815 1.872 1.915 1.917 1.905 1.917 1.892 1.86 1.847 1.94 1.977 1.852 1.827 1.897 1.947 1.86 1.85 1.952 1.905 1.862 1.787 1.81 1.822 1.845 1.815 1.82 1.852 1.83 1.792 1.84 1.87 1.957 1.91 1.872 1.885 1.912 1.952 1.912 1.93 1.902 1.902 1.842 1.892 1.897 1.895 1.84 1.98 2.017 1.965
1.805 1.867 1.872 1.912 1.895 1.885 1.897 1.88 1.832 1.822 1.92 1.857 1.88 1.892 1.9 1.905 1.932 1.945 1.965 1.932 1.897 1.895 1.865 1.885 1.825 1.84 1.822 1.842 1.817 1.967 1.952 1.92 1.91 1.83 1.795 1.847 1.872 1.977 1.857 1.825 1.852 1.89 1.937 1.945 1.935 1.862 1.875 1.807 1.845 1.857 1.845 1.807 1.822 1.862 1.86 1.855 1.897 1.865 1.895 1.885 1.965 1.89 1.965 1.91 1.887 1.862 1.875 1.89 1.897 1.847 1.912 1.92 1.927 2.047 2.017 2.017
1.892 1.912 1.91 1.927 1.895 1.91 1.872 1.855 1.805 1.862 1.837 1.895 1.84 1.84 1.875 1.892 1.862 1.9 1.952 1.94 1.91 1.877 1.845 1.84 1.825 1.855 1.895 1.937 1.927 2.085 1.952 1.887 1.832 1.832 1.817 1.88 1.902 1.895 1.86 1.867 1.87 2.015 1.997 1.975 1.882 1.845 1.862 1.807 1.835 1.827 1.855 1.832 1.82 1.825 1.815 1.865 1.87 1.877 1.887 1.84 1.86 1.892 1.877 1.897 1.917 1.88 1.877 1.925 1.895 1.88 1.872 1.947 2.027 2.022 1.972 1.955
1.897 1.88 1.9 1.9 1.922 1.932 1.895 1.907 1.905 1.895 1.875 1.85 1.892 1.95 1.93 1.9 1.897 1.955 1.965 1.96 1.885 1.87 1.862 1.867 1.927 1.912 1.885 2.052 2.032 2.025 1.895 1.82 1.835 1.855 1.95 1.962 1.995 1.905 1.897 1.922 1.93 2.017 1.985 1.907 1.875 1.842 1.88 1.89 1.905 1.87 1.867 1.872 1.845 1.835 1.837 1.917 1.832 1.817 1.867 1.882 1.85 1.942 1.922 1.877 1.91 1.875 1.917 1.892 1.945 1.94 1.962 1.982 1.987 1.925 1.92 1.862
1.762 1.8 1.842 1.897 1.895 1.85 1.857 1.85 1.85 1.807 1.97 1.892 1.877 1.93 1.96 1.897 1.905 1.897 1.952 1.9 1.867 1.872 1.907 1.912 1.907 1.957 1.972 2.03 1.935 1.94 1.875 1.892 1.905 1.955 2.027 1.96 2.032 1.892 1.907 1.917 1.882 1.945 1.89 1.855 1.775 1.855 1.815 1.84 1.817 1.892 1.805 1.8 1.78 1.827 1.907 1.855 1.817 1.88 1.927 1.932 1.875 1.897 1.957 1.885 1.96 1.897 1.915 1.875 1.935 1.967 1.992 1.962 1.85 1.812 1.805 1.76
1.782 1.825 1.82 1.905 1.86 1.797 1.897 1.817 1.83 1.832 1.847 1.86 1.867 1.905 1.885 1.89 1.892 1.92 1.907 1.875 1.835 1.935 1.93 1.86 1.87 1.93 1.902 1.905 1.835 1.915 1.895 1.982 1.942 1.955 1.957 1.96 1.91 1.89 1.922 1.94 1.917 1.877 1.827 1.78 1.79 1.807 1.825 1.842 1.762 1.775 1.837 1.827 1.765 1.83 1.92 1.84 1.852 1.902 1.982 1.937 1.89 1.922 1.865 1.885 1.937 1.945 1.95 1.937 1.92 1.957 1.942 1.867 1.85 1.807 1.742 1.802
1.797 1.877 1.835 1.792 1.762 1.765 1.83 1.832 1.85 1.83 1.82 1.852 1.847 1.935 1.885 1.845 1.91 1.89 1.882 1.872 1.895 1.882 1.917 1.85 1.935 1.987 1.915 1.925 1.835 1.885 1.902 1.927 1.95 1.945 1.955 1.887 1.855 1.925 1.937 1.93 1.875 1.845 1.797 1.797 1.835 1.947 1.842 1.835 1.817 1.765 1.85 1.887 1.807 1.837 1.8 1.822 1.812 1.887 1.865 1.902 1.875 1.96 1.927 1.915 1.93 1.897 1.947 1.892 1.917 1.955 1.93 1.892 1.805 1.852 1.89 1.917
1.895 1.885 1.807 1.755 1.767 1.822 1.767 1.8 1.822 1.87 1.885 1.932 1.965 1.932 1.88 1.887 1.892 1.865 1.832 1.9 1.927 1.96 1.925 1.93 1.97 1.95 1.917 1.867 1.865 1.845 1.9 1.852 1.91 1.9 1.88 1.872 1.897 1.9 1.945 1.927 1.875 1.867 1.825 1.82 1.81 1.815 1.872 1.797 1.815 1.872 1.85 1.877 1.89 1.882 1.79 1.875 1.84 1.875 1.89 1.892 1.917 1.945 1.96 1.98 1.945 1.872 1.887 1.885 1.927 2.01 1.91 1.855 1.825 1.885 1.922 1.975
1.85 1.912 1.82 1.792 1.757 1.782 1.817 1.83 1.862 1.902 1.902 1.942 1.915 1.92 1.87 1.83 1.84 1.852 1.86 1.897 1.93 1.972 1.952 1.93 1.917 1.9 1.89 1.842 1.88 1.89 1.952 1.922 1.92 1.945 1.875 1.882 1.905 1.955 1.907 1.892 1.872 1.83 1.865 1.875 1.787 1.817 1.827 1.852 1.89 1.905 1.887 1.88 1.85 1.805 1.767 1.832 1.895 1.907 1.927 1.947 1.987 1.895 1.927 1.912 1.877 1.875 1.847 1.842 1.867 1.822 1.83 1.8 1.8 1.837 1.895 1.917
1.875 1.81 1.81 1.79 1.802 1.885 1.887 1.945 1.947 1.905 1.867 1.937 1.907 1.89 1.877 1.81 1.822 1.875 1.9 1.955 1.98 1.992 1.997 1.94 1.92 1.877 1.89 1.895 1.932 1.93 2.01 1.98 1.902 1.83 1.855 1.89 1.885 1.92 1.815 1.832 1.862 1.852 1.842 1.87 1.867 1.87 1.85 1.897 1.947 1.902 1.922 1.85 1.807 1.772 1.735 1.872 1.862 1.85 1.88 1.875 1.855 1.905 1.955 1.952 1.827 1.847 1.77 1.805 1.91 1.747 1.777 1.765 1.837 1.865 1.902 1.91
1.795 1.812 1.875 1.907 1.927 1.937 1.952 1.937 1.892 1.837 1.862 1.912 1.86 1.845 1.835 1.842 1.865 1.937 2.017 2.007 1.927 1.97 1.965 1.875 1.835 1.832 1.877 1.937 1.92 1.935 1.955 1.947 1.927 1.932 1.955 1.942 1.867 1.847 1.82 1.855 1.85 1.852 1.905 1.805 1.892 1.882 1.87 1.855 1.865 1.88 1.807 1.83 1.78 1.81 1.837 1.927 1.862 1.832 1.857 1.845 1.865 1.85 1.89 1.817 1.777 1.917 1.827 1.84 1.875 1.78 1.82 1.9 1.965 1.89 1.925 1.9
1.905 1.835 1.852 1.865 1.847 1.902 1.852 1.852 1.842 1.84 1.82 1.842 1.825 1.79 1.825 1.887 1.892 1.925 1.947 1.947 1.905 1.855 1.84 1.78 1.812 1.812 1.845 1.902 1.96 1.975 1.902 1.932 1.905 1.93 1.98 1.945 1.862 1.825 1.845 1.86 1.877 1.85 1.885 1.945 1.977 1.907 1.885 1.85 1.855 1.787 1.767 1.732 1.777 1.852 1.892 1.892 1.905 1.882 1.86 1.83 1.85 1.862 1.812 1.852 1.882 1.895 1.91 1.815 1.807 1.822 1.82 1.897 1.9 1.957 1.927 1.91
1.865 1.832 1.817 1.8 1.85 1.812 1.817 1.867 1.855 1.81 1.875 1.857 1.895 1.907 1.905 1.895 1.877 1.897 1.955 1.95 1.975 1.875 1.832 1.827 1.812 1.777 1.852 1.902 1.952 1.957 1.875 1.867 1.902 1.93 1.862 1.907 1.855 1.855 1.88 1.857 1.855 1.852 1.84 1.85 1.905 1.895 1.832 1.867 1.825 1.76 1.812 1.787 1.862 1.935 1.895 1.87 1.875 1.872 1.877 1.88 1.82 1.87 1.865 1.877 1.837 1.837 1.852 1.852 1.877 1.867 1.897 1.922 1.942 1.992 1.94 1.975
1.76 1.775 1.792 1.807 1.792 1.822 1.78 1.81 1.87 1.842 1.987 1.935 1.885 1.882 1.887 1.932 1.925 1.902 1.927 1.96 2.005 1.965 1.855 1.887 1.857 1.845 1.89 1.94 1.945 1.875 1.9 1.897 1.935 1.857 1.892 1.852 1.83 1.812 1.85 1.882 1.84 1.85 1.895 1.897 1.877 1.892 1.825 1.787 1.822 1.845 1.882 1.9 1.982 1.897 1.895 1.847 1.865 1.852 1.9 1.85 1.815 1.805 1.765 1.777 1.78 1.825 1.872 1.822 1.845 1.825 1.932 1.967 2.025 2.02 1.957 1.935
1.755 1.805 1.8 1.792 1.812 1.865 1.812 1.88 1.97 1.942 1.982 1.937 1.93 1.895 1.937 1.925 1.98 1.935 1.892 1.902 1.885 1.912 1.865 1.912 1.88 1.887 1.927 1.902 1.817 1.892 1.907 1.88 1.932 1.847 1.832 1.787 1.805 1.907 1.885 1.837 1.872 1.89 1.862 1.917 1.867 1.875 1.88 1.865 1.89 1.845 1.875 1.937 1.932 1.862 1.93 1.89 1.87 1.93 1.905 1.825 1.855 1.815 1.83 1.875 1.882 1.847 1.887 1.902 1.902 1.935 1.947 2.012 1.98 1.935 1.897 1.855
1.772 1.855 1.902 1.897 1.89 1.895 1.88 1.94 1.945 1.93 1.92 1.922 1.95 1.892 1.925 1.877 1.885 1.865 1.79 1.85 1.835 1.842 1.895 1.84 1.862 1.832 1.852 1.815 1.847 1.867 1.872 1.87 1.845 1.822 1.782 1.817 1.837 1.855 1.92 1.955 1.852 1.842 1.875 1.882 1.895 1.84 1.827 1.845 1.935 1.877 1.915 1.925 1.925 1.917 1.872 1.9 1.862 1.852 1.85 1.842 1.797 1.84 1.825 1.91 1.895 1.862 1.91 1.87 1.917 1.965 1.915 1.97 1.867 1.815 1.842 1.97
1.805 1.87 1.87 1.87 1.892 1.94 1.92 1.9 1.895 1.937 1.95 1.945 1.877 1.867 1.952 1.872 1.847 1.875 1.842 1.887 1.867 1.837 1.83 1.842 1.825 1.85 1.855 1.88 1.907 1.922 1.895 1.872 1.852 1.815 1.807 1.872 1.875 1.882 1.922 1.88 1.867 1.86 1.88 1.837 1.85 1.822 1.862 1.925 1.882 1.89 1.91 1.912 1.87 1.872 1.855 1.87 1.827 1.787 1.78 1.76 1.767 1.775 1.782 1.86 1.892 1.882 1.857 1.847 1.872 1.907 1.877 1.825 1.875 1.825 1.94 1.95
1.985 1.952 1.92 1.905 1.89 1.912 1.887 1.907 1.922 1.9 1.892 1.952 1.84 1.832 1.86 1.865 1.875 1.862 1.95 1.927 1.995 1.912 1.962 1.89 1.837 1.895 1.98 1.967 1.967 1.922 1.862 1.895 1.855 1.81 1.83 1.827 1.857 1.852 1.887 1.88 1.882 1.895 1.892 1.88 1.855 1.82 1.92 1.907 1.9 1.902 1.882 1.882 1.887 1.87 1.867 1.84 1.79 1.82 1.827 1.807 1.787 1.802 1.83 1.857 1.83 1.875 1.845 1.867 1.822 1.792 1.812 1.82 1.82 1.87 1.97 1.915
1.985 1.975 1.925 1.935 1.922 1.897 1.93 1.947 1.927 1.92 1.88 1.875 1.857 1.822 1.862 1.847 1.887 1.915 1.877 1.937 1.93 1.917 1.91 1.912 1.895 1.885 1.887 1.892 1.907 1.842 1.812 1.807 1.822 1.812 1.837 1.835 1.872 1.89 1.902 1.845 1.947 1.907 1.88 1.822 1.817 1.947 1.912 1.89 1.895 1.887 1.875 1.88 1.842 1.832 1.847 1.855 1.895 1.895 1.867 1.865 1.815 1.852 1.925 1.922 1.925 1.815 1.822 1.792 1.847 1.832 1.85 1.822 1.85 1.9 2.035 1.99
1.957 1.892 1.865 1.875 1.865 1.91 1.887 2.005 1.892 1.917 1.952 1.87 1.917 1.905 1.897 1.907 1.902 1.867 1.835 1.885 1.91 1.897 1.895 1.86 1.865 1.895 1.892 1.892 1.802 1.78 1.767 1.802 1.81 1.83 1.857 1.862 1.85 1.87 1.87 1.805 1.842 1.88 1.825 1.797 1.835 1.855 1.93 1.897 1.905 1.892 1.912 1.867 1.81 1.845 1.877 1.842 1.835 1.852 1.86 1.847 1.835 1.857 1.895 1.845 1.82 1.785 1.835 1.825 1.835 1.882 1.88 1.84 1.835 1.927 1.957 1.992
1.885 1.812 1.805 1.83 1.842 1.88 1.875 1.905 1.867 1.882 1.865 1.89 1.857 1.925 1.885 1.957 1.91 1.93 1.915 1.922 1.875 1.937 1.862 1.882 1.927 1.902 1.852 1.81 1.77 1.74 1.8 1.812 1.802 1.847 1.89 1.862 1.89 1.842 1.882 1.822 1.827 1.862 1.797 1.852 1.887 1.925 1.895 1.86 1.865 1.885 1.912 1.855 1.82 1.872 1.912 1.88 1.845 1.822 1.872 1.855 1.82 1.872 1.825 1.82 1.865 1.865 1.807 1.81 1.837 1.9 1.827 1.88 1.892 1.957 1.995 2.022
1.82 1.812 1.877 1.92 1.927 1.91 1.895 1.85 1.825 1.862 1.917 1.925 1.95 1.95 1.905 1.912 1.907 1.927 1.94 1.94 1.962 1.922 1.86 1.85 1.857 1.807 1.795 1.812 1.795 1.9 1.902 1.895 1.872 1.905 1.877 1.872 1.89 1.842 1.855 1.882 1.887 1.825 1.85 1.832 1.945 1.96 1.902 1.892 1.89 1.91 1.887 1.91 1.9 1.912 1.9 1.897 1.852 1.887 1.897 1.847 1.882 1.867 1.855 1.862 1.825 1.827 1.82 1.802 1.835 1.852 1.865 1.92 1.962 1.975 2.007 2.022
1.807 1.892 1.915 1.905 1.952 1.94 1.887 1.882 1.94 1.952 1.955 1.967 1.965 1.972 1.94 1.89 1.907 1.962 1.98 2.005 2 1.98 1.915 1.882 1.82 1.8 1.825 1.817 1.835 1.91 1.877 1.952 1.895 1.9 1.825 1.872 1.86 1.827 1.85 1.827 1.862 1.82 1.807 1.807 1.9 1.897 1.865 1.87 1.902 1.922 1.937 1.932 1.882 1.892 1.872 1.86 1.842 1.825 1.857 1.85 1.792 1.817 1.822 1.862 1.852 1.835 1.827 1.875 1.892 1.875 1.95 1.972 2.052 1.995 2.07 1.97
1.82 1.79 1.875 1.927 1.915 1.875 1.867 1.947 1.965 1.995 1.957 2.002 1.982 1.937 1.935 1.97 1.992 1.987 2.077 2.075 2.002 1.93 1.897 1.915 1.85 1.822 1.825 1.862 1.925 1.927 1.892 1.867 1.912 1.862 1.887 1.817 1.827 1.842 1.875 1.85 1.822 1.787 1.817 1.875 1.89 1.912 1.962 1.897 1.895 1.88 1.855 1.852 1.837 1.792 1.8 1.792 1.795 1.822 1.845 1.807 1.85 1.837 1.842 1.792 1.8 1.897 1.87 1.912 1.927 1.962 1.99 2.02 2.04 2.025 2.01 1.967
1.825 1.845 1.872 1.965 1.932 1.947 2 2.005 2.04 1.995 1.995 1.955 1.922 1.91 1.945 1.917 2.002 2.022 2.002 2.005 1.967 1.845 1.815 1.85 1.872 1.84 1.905 1.882 1.94 1.917 1.897 1.842 1.887 1.825 1.84 1.85 1.885 1.907 1.887 1.857 1.86 1.845 1.897 1.92 1.92 1.935 1.942 1.932 1.862 1.842 1.84 1.825 1.775 1.812 1.73 1.782 1.797 1.87 1.8 1.827 1.83 1.835 1.825 1.83 1.842 1.865 1.987 1.93 1.942 1.99 2.012 2.057 2.032 2.007 1.972 1.907
1.842 1.867 1.95 1.98 1.985 1.995 2.042 2.022 2 1.97 1.885 1.922 1.91 1.917 1.897 1.94 1.992 1.962 1.975 1.905 1.852 1.785 1.752 1.822 1.857 1.832 1.907 1.972 1.92 1.88 1.882 1.872 1.795 1.847 1.855 1.81 1.947 1.905 1.837 1.85 1.85 1.91 1.94 1.93 1.935 1.947 1.902 1.877 1.852 1.847 1.82 1.832 1.832 1.842 1.772 1.747 1.827 1.857 1.85 1.837 1.842 1.847 1.787 1.837 1.835 1.897 1.982 1.967 1.972 1.967 1.987 1.96 2.032 1.897 1.892 1.837
1.892 1.925 1.922 1.977 1.957 1.97 1.997 1.97 1.86 1.867 1.872 1.855 1.865 1.862 1.885 1.98 1.947 1.94 1.885 1.887 1.78 1.797 1.825 1.872 1.887 1.88 1.965 1.92 1.897 1.847 1.862 1.827 1.845 1.93 1.922 1.867 1.87 1.82 1.8 1.835 1.867 1.925 1.855 1.92 1.957 1.887 1.895 1.802 1.782 1.775 1.815 1.802 1.79 1.75 1.775 1.817 1.83 1.875 1.835 1.83 1.847 1.812 1.86 1.877 1.87 1.867 1.972 1.952 1.957 1.95 1.92 1.865 1.87 1.885 1.885 1.82
1.972 1.935 1.98 2.045 1.995 1.977 1.947 1.887 1.855 1.822 1.87 1.882 1.927 1.935 1.967 1.92 1.887 1.89 1.815 1.8 1.812 1.85 1.862 1.925 1.91 1.872 1.847 1.782 1.827 1.787 1.825 1.81 1.892 1.912 1.862 1.83 1.815 1.822 1.812 1.885 1.937 1.9 1.862 1.942 1.877 1.802 1.8 1.782 1.802 1.8 1.757 1.725 1.765 1.777 1.802 1.83 1.865 1.875 1.85 1.845 1.775 1.867 1.847 1.86 1.882 1.992 2.06 1.982 1.945 1.942 1.91 1.84 1.907 1.885 1.92 1.94
1.912 1.945 1.952 1.897 1.885 1.855 1.862 1.797 1.78 1.872 1.907 1.932 1.93 1.97 1.995 1.942 1.867 1.805 1.727 1.887 1.907 1.975 1.99 1.98 1.892 1.887 1.85 1.802 1.85 1.827 1.862 1.832 1.865 1.845 1.79 1.807 1.822 1.862 1.932 1.87 1.887 1.885 1.847 1.802 1.8 1.815 1.825 1.807 1.81 1.79 1.85 1.812 1.837 1.85 1.895 1.862 1.905 1.897 1.83 1.842 1.8 1.842 1.85 1.88 1.942 1.972 1.93 1.947 1.962 1.897 1.87 1.89 1.895 1.917 1.925 1.927
