All_lidar/sz6488_DSM_2M.asc
ncols 500
nrows 500
xllcorner    464000
yllcorner    88000
cellsize     2
NODATA_value -9999
[rows 64 to 95 of 500, columns 292 to 364 of 500]
1.991 2.016 1.966 2.044 1.924 2.019 1.951 1.929 1.931 1.961 1.974 1.949 1.974 1.984 1.954 2.034 1.989 1.974 1.904 1.979 1.846 1.901 2.016 1.996 1.946 1.961 2.091 1.961 1.981 2.049 2.081 2.041 2.009 2.059 2.016 2.046 2.009 1.981 2.039 2.016 2.004 2.024 1.996 1.981 1.949 1.951 1.956 1.956 1.964 1.951 1.999 2.114 2.011 1.986 1.961 2.016 1.951 1.954 1.959 1.971 2.016 2.006 2.084 1.991 2.021 1.966 1.994 1.959 1.974 1.951 2.056 1.999 2.034
2.034 1.979 2.001 1.966 1.926 2.014 1.959 1.926 1.999 1.964 1.964 1.964 1.939 1.971 1.986 1.961 1.924 1.966 1.989 1.994 1.976 1.939 1.986 1.981 1.974 2.091 1.996 2.001 1.979 2.026 2.039 2.021 2.009 2.079 2.036 2.039 2.001 2.004 2.004 2.004 2.066 2.009 1.969 2.016 1.974 2.054 2.024 1.991 1.989 1.989 1.974 2.014 2.079 2.019 1.949 2.011 1.991 2.039 2.009 2.001 2.014 1.971 2.014 2.071 2.019 1.971 1.964 1.934 1.966 1.974 1.991 2.039 2.026
2.011 1.969 1.929 1.951 1.949 2.069 2.054 2.019 1.989 1.999 1.951 1.944 1.966 1.946 1.964 1.951 1.929 1.956 1.954 1.951 1.909 1.926 1.944 2.019 1.966 1.974 2.049 2.011 1.949 2.036 2.004 1.994 2.041 2.024 2.029 1.979 1.961 2.054 1.991 1.991 1.964 1.979 1.959 2.001 1.986 2.096 1.979 1.996 1.991 2.006 1.964 1.996 1.974 1.981 1.961 1.996 1.966 1.971 1.974 1.974 2.009 2.064 1.976 2.019 2.011 2.009 2.016 1.984 1.969 1.979 2.006 2.036 2.059
1.959 1.946 1.934 1.979 1.969 2.016 2.024 1.981 2.041 2.021 1.971 1.986 1.986 1.934 1.999 1.979 1.986 1.971 2.014 1.976 1.946 1.926 1.936 1.981 1.964 1.954 2.006 2.006 2.044 2.051 2.024 2.019 2.026 2.064 2.009 2.026 1.976 2.029 1.961 1.991 1.971 2.029 1.994 1.996 1.966 1.966 1.966 1.921 1.974 1.971 1.946 1.924 1.941 1.951 1.956 1.986 2.001 1.944 1.959 1.961 1.964 1.971 1.996 2.039 2.034 2.014 1.999 1.986 2.041 1.984 1.934 2.011 2.011
2.011 2.004 1.966 2.016 1.979 1.951 1.954 1.904 1.906 1.931 1.956 1.969 1.969 1.966 1.996 1.986 1.966 1.984 2.054 2.019 1.889 1.969 2.016 1.961 1.974 2.001 1.984 1.994 2.034 2.054 2.051 2.069 2.076 2.049 2.014 2.039 2.071 2.049 2.011 1.956 1.994 1.949 1.949 1.949 1.931 1.971 1.901 1.904 1.891 1.899 1.899 1.966 1.931 1.914 1.949 1.946 1.951 1.971 1.956 1.986 1.936 1.966 2.009 1.969 1.999 2.046 1.969 1.986 2.014 1.974 1.981 2.024 2.001
1.989 1.991 2.001 1.941 1.949 1.934 2.026 1.896 1.846 1.884 1.906 1.894 1.929 1.901 1.954 2.006 2.001 2.046 2.026 1.964 1.959 2.051 2.019 2.064 2.014 1.994 2.041 2.089 2.056 2.056 2.049 2.084 2.081 2.046 2.029 1.989 2.046 2.054 1.996 1.999 1.964 1.976 1.996 1.996 1.961 1.949 1.926 1.974 2.006 2.024 1.961 1.951 1.899 1.931 1.956 1.959 1.994 1.946 1.956 1.941 1.939 1.941 1.979 1.971 2.026 2.089 1.961 1.986 1.941 1.961 2.041 1.969 2.066
1.974 1.936 1.944 1.971 1.959 1.956 1.899 1.906 1.934 1.906 1.946 1.896 1.934 1.921 1.904 1.994 1.994 1.971 1.974 2.021 1.971 2.009 2.026 2.061 2.099 2.016 2.166 2.174 2.079 2.069 2.051 2.076 2.061 2.004 2.051 1.991 1.966 1.971 1.966 1.971 1.991 1.994 2.059 2.016 2.041 1.991 2.006 1.984 2.006 2.081 2.074 2.036 1.989 1.954 1.909 1.904 1.939 1.921 1.996 1.951 1.969 1.981 1.991 1.991 1.994 1.961 1.999 1.966 1.951 1.939 1.991 1.954 1.994
1.921 1.906 1.934 1.959 1.979 1.941 2.036 2.026 1.949 2.049 2.006 1.931 1.969 1.921 1.966 2.006 1.909 1.989 1.956 1.931 1.936 1.959 2.001 2.031 2.019 2.026 2.079 2.066 2.101 2.034 2.034 2.056 2.034 1.996 2.004 1.976 2.016 2.046 2.021 2.021 1.986 2.049 1.979 1.974 1.994 1.976 1.991 1.976 1.991 1.969 2.089 2.019 2.049 1.989 1.984 1.891 1.926 1.941 1.941 1.974 1.951 1.969 2.021 1.979 2.016 1.971 1.979 2.004 1.959 1.981 1.996 2.049 2.016
1.971 1.966 1.974 1.979 1.944 2.006 1.904 2.041 2.041 2.029 1.996 2.049 1.934 1.894 1.986 1.986 1.971 1.986 1.996 1.986 1.929 1.966 1.964 2.041 2.004 1.996 1.986 2.004 1.996 1.996 2.004 2.026 2.039 1.991 1.946 1.941 1.989 1.984 1.989 2.004 2.014 1.991 1.929 1.936 2.014 1.941 1.946 1.954 1.989 2.016 1.991 1.991 2.061 1.986 1.976 1.914 1.891 1.886 1.921 1.974 1.966 2.036 2.011 2.031 2.071 1.946 2.029 1.939 1.941 1.944 2.041 1.971 2.049
1.989 2.039 2.004 2.031 1.956 1.946 1.994 1.959 1.966 1.921 1.966 1.999 1.961 2.009 1.949 1.926 1.996 2.001 2.026 1.959 1.946 1.951 2.001 2.016 2.024 1.989 1.946 1.961 1.924 1.966 1.949 1.971 1.991 2.009 2.004 1.926 1.956 1.979 2.004 1.981 1.996 2.021 1.896 1.966 2.006 1.974 1.926 1.944 1.916 1.956 1.949 1.959 1.991 1.994 1.966 1.936 1.979 1.921 1.934 1.999 1.991 1.974 1.996 1.986 1.984 1.969 2.091 1.941 1.939 1.971 2.001 1.966 2.014
2.089 1.969 1.991 1.966 1.981 1.981 1.966 1.974 1.974 1.966 1.956 1.954 2.001 1.994 1.986 1.996 2.089 2.026 2.054 2.001 2.024 2.056 2.016 2.016 2.011 2.039 2.001 2.029 2.074 1.984 2.009 2.041 2.031 2.051 2.029 2.046 2.016 1.951 1.969 2.024 1.951 1.956 1.999 1.984 1.934 1.916 1.901 1.886 1.864 1.946 2.004 1.939 1.934 1.956 1.921 1.949 1.989 2.011 2.004 2.026 1.991 1.966 1.969 2.004 2.011 2.049 2.066 1.989 2.076 1.976 1.944 1.934 1.991
2.036 2.044 1.999 1.994 1.946 1.959 1.914 1.951 1.939 1.946 1.996 1.926 1.921 1.969 2.016 2.026 2.034 2.041 2.009 1.991 1.969 1.999 2.034 2.024 2.046 2.086 2.006 2.049 1.991 2.014 2.036 2.036 2.016 2.039 2.016 2.031 2.019 1.946 1.974 1.971 2.024 2.016 2.014 1.954 2.019 1.961 1.909 1.874 1.876 1.919 1.911 1.929 1.936 1.951 1.981 1.946 1.959 1.961 1.954 1.956 1.949 1.986 1.949 2.009 2.011 2.029 2.006 2.021 2.039 1.981 1.944 1.951 1.956
2.009 1.991 2.006 1.976 1.976 1.949 1.974 1.966 1.986 2.011 2.014 1.959 1.956 2.004 2.021 1.954 2.019 2.019 1.996 1.994 1.999 1.999 1.971 1.991 2.046 2.049 2.006 2.051 2.024 1.964 1.996 1.971 1.996 1.986 2.004 1.966 1.911 1.911 1.949 1.971 1.976 1.996 1.996 2.014 1.979 1.959 2.016 1.941 1.971 2.001 1.981 1.976 1.966 1.971 2.061 1.921 1.919 1.909 1.876 1.934 1.929 1.961 2.001 2.009 2.029 1.981 1.986 1.964 1.971 1.974 1.934 1.949 1.951
1.911 1.946 1.954 1.999 1.954 1.949 1.939 1.954 2.014 2.034 2.051 1.986 2.029 2.009 1.964 2.014 1.971 1.996 1.991 1.994 1.986 1.991 1.969 2.001 2.016 1.974 1.979 2.019 1.991 1.941 1.926 1.921 1.949 1.971 1.961 1.959 1.961 1.981 1.904 1.959 1.951 2.031 2.009 1.956 2.044 1.939 1.979 1.964 1.986 1.981 2.026 1.981 1.994 1.964 1.984 1.951 1.944 1.914 1.974 1.929 1.924 1.916 1.929 1.931 1.964 1.936 1.954 1.911 1.904 1.956 1.914 1.954 2.016
1.914 1.941 1.951 1.996 1.989 1.961 2.024 1.964 1.994 2.014 2.001 2.051 2.029 2.114 1.994 1.979 1.966 2.021 2.066 1.974 2.004 1.961 1.999 1.974 1.971 1.944 1.919 2.019 1.939 1.924 1.914 1.901 1.906 1.919 1.979 1.954 1.981 1.941 1.919 2.076 1.919 1.999 1.949 1.994 2.004 1.989 1.996 1.956 1.931 1.951 1.944 1.971 1.994 2.039 2.006 1.921 1.921 1.919 1.896 1.876 1.914 1.904 1.971 2.014 1.959 1.934 1.969 1.929 1.939 1.911 1.889 1.939 1.979
2.001 2.071 1.964 1.976 1.971 2.051 2.034 2.004 2.036 2.014 2.001 1.991 1.981 2.014 1.971 1.976 2.004 2.026 2.026 2.049 2.014 1.956 1.994 1.969 1.974 2.016 1.981 1.974 1.911 1.946 1.959 1.951 1.936 1.936 1.911 1.904 1.969 1.974 1.954 1.964 1.974 2.016 1.949 1.954 1.939 1.959 1.924 1.911 1.936 1.944 1.981 1.971 1.964 1.966 2.001 1.929 1.911 1.946 1.936 1.931 1.906 1.901 1.911 1.926 1.951 1.956 1.946 1.936 1.949 1.961 1.931 1.914 1.919
2.036 2.021 2.039 2.051 2.056 2.099 2.061 1.996 1.969 2.029 2.016 2.084 1.994 1.964 1.941 1.964 1.964 1.971 1.976 1.986 1.996 2.006 1.999 2.004 1.979 1.961 1.946 1.991 2.001 1.949 1.991 1.969 1.949 2.071 2.041 2.026 1.961 1.919 1.949 1.969 1.979 1.989 1.966 1.989 1.944 1.939 1.926 1.916 1.941 1.984 2.014 1.949 1.949 1.959 1.934 1.951 1.874 1.936 1.939 2.016 1.984 1.939 1.964 1.951 1.951 1.931 1.939 1.909 1.966 1.959 1.909 1.979 1.989
2.031 2.036 1.961 2.014 2.049 2.076 2.051 2.029 1.999 1.991 1.996 2.041 2.029 2.066 1.961 1.936 1.926 1.941 1.936 1.954 1.941 1.946 1.979 2.046 1.999 1.971 1.904 1.956 1.956 1.954 1.999 1.951 1.931 1.981 2.026 2.011 1.979 1.996 1.991 2.016 1.999 1.926 1.934 1.894 1.954 1.916 1.919 1.954 1.939 2.001 1.979 2.046 2.004 1.991 1.946 1.946 1.914 1.904 1.969 1.969 1.924 1.971 2.026 2.024 1.954 1.949 1.971 1.989 1.919 1.954 1.949 1.916 1.954
2.031 2.059 2.044 2.019 2.061 2.034 2.014 2.021 2.021 2.039 2.061 2.054 1.989 1.986 2.031 2.031 2.031 2.011 1.996 1.941 1.991 1.904 1.939 1.954 1.956 2.019 2.044 2.041 2.026 1.959 1.931 1.956 1.926 1.929 1.961 1.981 1.976 1.996 2.036 1.989 1.954 1.959 1.951 1.859 1.909 1.936 1.941 1.921 1.941 1.934 2.001 1.964 1.971 1.971 1.966 2.001 1.991 2.009 1.989 1.981 1.951 1.989 2.004 2.009 1.966 1.984 2.019 2.006 1.946 1.961 1.924 1.916 1.926
2.036 2.069 2.026 2.044 2.059 2.036 2.044 2.016 2.034 2.066 2.031 2.026 2.006 1.979 1.984 1.971 1.991 2.009 2.001 1.986 1.991 2.004 1.931 1.911 1.996 2.016 1.964 1.969 2.039 1.946 2.009 1.901 1.939 1.921 1.946 1.934 1.941 1.971 2.006 1.956 1.954 1.981 1.994 1.949 1.924 1.964 1.949 1.939 1.949 1.921 1.929 1.949 1.961 1.964 1.979 2.004 2.024 1.999 2.021 1.986 1.969 1.914 1.926 1.959 1.921 1.951 1.979 1.984 1.914 1.974 1.934 1.901 1.929
2.034 2.011 1.999 2.036 2.006 2.014 2.031 2.024 1.999 2.001 1.996 2.031 1.979 1.966 1.939 1.934 1.944 1.941 1.969 1.969 1.966 1.991 1.986 1.979 1.934 2.006 1.936 1.996 1.976 1.999 1.964 1.949 1.936 1.961 1.931 1.961 1.914 1.919 1.966 1.996 2.021 2.049 2.096 2.001 2.026 2.051 2.111 2.006 1.971 1.969 1.944 1.991 2.044 1.944 1.961 1.974 1.919 1.926 2.011 1.959 1.906 1.896 1.896 1.959 1.949 1.946 1.971 1.901 1.939 1.929 1.971 1.969 1.956
2.011 2.011 2.004 2.001 2.031 2.044 2.029 2.059 1.966 1.946 1.991 1.971 1.939 2.016 1.944 1.889 1.919 1.944 1.891 1.919 1.911 1.919 1.984 2.031 1.994 1.944 1.984 1.976 2.024 1.996 2.011 1.941 1.936 1.959 1.959 1.974 1.986 2.016 2.031 2.024 2.049 2.021 2.076 2.049 1.999 2.004 2.004 1.974 1.981 2.001 1.964 1.969 2.031 2.006 2.009 2.004 1.979 1.914 1.926 1.931 1.894 1.914 1.914 1.931 1.954 1.984 1.941 1.914 1.906 1.911 1.911 1.939 1.961
2.049 2.019 1.996 2.029 2.016 2.006 2.009 2.091 1.986 1.986 1.986 1.986 2.016 1.996 1.904 1.949 1.941 1.951 1.984 2.029 1.926 1.931 1.954 2.004 1.981 1.916 1.939 1.959 1.939 1.996 1.911 1.931 1.929 1.926 1.926 1.944 2.031 1.981 1.999 1.991 1.981 2.011 2.016 2.004 1.976 1.976 2.056 1.954 2.006 2.019 1.981 1.991 2.134 2.041 2.029 1.981 1.961 1.986 1.951 1.914 1.969 1.924 1.969 1.954 1.986 1.996 1.986 1.989 1.954 1.919 1.906 1.936 1.961
2.029 2.014 2.061 2.014 2.009 1.961 1.974 1.959 1.986 2.011 1.951 1.996 2.026 2.024 1.991 1.944 1.991 1.994 1.989 2.056 2.021 1.966 1.971 1.936 1.974 1.956 1.894 1.939 1.931 1.951 1.966 2.009 1.949 1.931 1.959 1.959 2.001 1.931 1.909 1.899 1.916 1.931 1.989 1.979 1.999 1.956 2.046 1.959 2.021 1.966 1.994 1.989 1.986 1.986 2.069 2.106 2.016 1.991 1.999 1.961 1.949 1.974 1.951 1.939 1.931 1.981 1.999 1.929 1.971 1.966 1.961 2.006 2.021
2.006 2.006 1.969 1.991 2.031 2.001 2.054 1.996 1.976 2.036 2.016 1.976 1.979 1.999 1.999 2.016 2.001 2.019 1.991 1.996 2.014 1.984 2.006 1.961 1.916 1.936 1.916 1.914 1.911 1.901 1.926 1.954 1.929 1.906 1.976 1.966 1.941 1.916 1.931 1.929 1.986 1.949 1.906 1.934 1.959 1.971 1.936 2.024 1.989 2.011 1.986 2.031 1.944 1.989 1.999 1.979 2.006 2.001 1.996 2.009 1.999 2.029 1.946 2.014 1.959 1.956 2.004 1.979 2.016 1.949 1.949 1.984 1.969
1.989 1.991 2.004 1.999 2.046 1.999 2.031 2.014 2.006 2.079 2.064 2.016 1.994 2.004 2.016 2.001 1.929 1.966 1.984 1.969 1.981 1.966 1.921 1.929 1.921 2.009 1.976 1.904 1.896 1.911 1.931 1.911 1.876 1.929 1.961 1.956 1.969 1.964 1.966 1.946 1.966 1.989 1.979 1.981 1.924 1.909 1.954 1.971 2.001 2.004 1.966 1.976 1.981 1.984 1.956 1.946 1.986 1.999 2.014 2.019 1.986 2.009 1.934 1.924 1.924 1.954 1.959 1.989 1.974 1.961 1.959 1.921 1.936
1.979 1.984 2.016 2.019 2.024 2.041 2.004 2.026 1.974 1.994 2.014 2.031 1.991 2.011 2.034 1.926 2.016 1.919 1.954 2.046 1.954 1.969 1.971 1.934 1.911 1.884 1.909 1.886 1.921 1.979 1.919 1.969 1.886 1.889 1.934 1.921 1.909 1.961 1.971 1.941 2.006 2.026 2.039 2.014 2.021 1.974 1.941 1.936 1.939 1.949 1.994 1.976 1.974 1.966 2.054 1.994 2.009 1.999 2.001 2.016 2.004 2.034 2.024 1.966 1.954 1.954 1.919 1.936 1.959 1.934 1.926 1.899 1.911
2.096 2.011 2.034 2.009 2.001 2.051 2.021 2.051 2.031 2.014 2.004 1.956 1.999 1.994 1.899 1.969 1.966 1.976 1.926 1.884 1.929 1.929 1.896 1.969 1.939 1.936 1.979 1.899 1.986 1.981 1.939 1.981 1.979 1.931 1.946 1.936 1.951 1.971 1.969 2.029 2.071 2.039 2.026 2.004 2.039 2.054 1.991 1.996 2.036 2.061 2.014 2.019 1.959 1.931 1.986 1.984 2.044 1.984 2.001 1.991 1.971 1.989 1.984 1.919 1.916 2.006 1.916 1.954 2.031 1.966 1.956 1.954 1.924
2.019 1.994 2.001 2.001 2.029 2.004 2.061 2.051 2.096 2.039 2.056 2.021 2.001 1.964 1.981 1.999 1.946 1.966 1.966 1.884 1.966 1.966 2.019 1.994 1.966 2.054 1.966 1.881 1.971 1.944 1.929 2.004 1.951 1.916 1.971 2.069 1.966 1.984 2.039 2.014 2.041 2.036 2.044 2.056 2.031 2.054 1.924 1.989 2.014 2.061 2.059 2.049 1.984 1.959 2.029 2.009 2.026 1.981 1.994 1.961 1.926 1.934 1.946 1.919 1.899 1.974 2.024 1.974 1.971 1.961 2.014 2.036 1.981
1.984 1.964 1.936 2.004 2.051 2.039 2.039 2.086 2.076 2.014 2.046 2.064 2.024 2.061 2.026 2.044 2.029 1.956 2.031 1.974 1.994 2.026 2.014 2.014 1.949 1.999 1.959 1.901 2.026 1.996 1.949 1.954 2.039 2.029 1.946 1.956 1.989 2.019 2.056 1.971 2.031 2.016 2.056 2.111 2.064 2.106 2.034 2.064 2.004 2.074 2.054 2.029 1.996 1.969 1.961 2.021 1.969 1.994 1.931 1.991 1.999 1.961 2.029 1.986 1.971 2.034 2.021 2.014 2.031 2.066 2.016 2.029 2.051
2.026 1.951 1.959 1.991 2.021 1.996 2.044 2.031 2.049 2.009 2.016 2.171 2.134 2.061 1.999 2.036 1.969 2.031 2.086 2.031 1.956 1.999 1.981 1.991 2.111 1.971 1.949 1.921 1.954 1.984 1.964 1.944 1.934 1.954 2.079 2.004 1.931 1.974 1.981 2.019 1.971 1.971 1.996 2.011 1.999 2.031 1.991 2.026 2.011 2.064 2.029 2.006 1.956 1.941 1.941 2.004 1.979 1.969 2.011 1.979 2.011 2.069 2.031 1.996 2.041 2.029 1.986 1.964 1.981 2.009 1.969 2.006 1.994
1.974 1.979 1.906 1.976 1.956 1.991 2.069 2.051 2.086 2.044 1.989 2.011 2.121 2.026 1.974 2.104 2.016 2.066 2.016 1.984 2.004 1.964 1.974 1.964 2.051 1.981 1.906 1.914 1.939 1.884 2.014 1.969 1.996 1.934 2.219 2.084 1.969 1.984 1.939 2.059 2.019 1.971 1.956 2.006 1.986 2.046 1.999 2.014 2.044 2.021 1.991 2.011 2.014 1.974 1.991 1.996 2.019 1.996 2.059 2.031 1.959 1.931 1.991 1.976 1.971 2.036 1.966 1.951 1.999 2.016 1.979 1.951 1.964
