All_lidar/sz6489_DSM_2M.asc
ncols 500
nrows 500
xllcorner    464000
yllcorner    89000
cellsize     2
NODATA_value -9999
[rows 204 to 237 of 500, columns 385 to 461 of 500]
1.719 1.754 1.686 1.739 1.701 1.706 1.651 1.761 1.739 1.696 1.621 1.636 1.616 1.671 1.659 1.641 1.749 1.714 1.724 1.741 1.731 1.751 1.724 1.729 1.789 1.741 1.726 1.676 1.739 1.736 1.881 1.821 1.791 1.799 1.751 1.709 1.751 1.691 1.664 1.689 1.741 1.706 1.751 1.749 1.716 1.714 1.709 1.701 1.799 1.646 1.699 1.739 1.634 1.686 1.679 1.661 1.681 1.631 1.579 1.604 1.561 1.554 1.629 1.631 1.691 1.659 1.744 1.701 1.599 1.596 1.716 1.679 1.644 1.749 1.676 1.734 1.699
1.761 1.711 1.701 1.726 1.759 1.731 1.711 1.696 1.696 1.696 1.699 1.666 1.696 1.634 1.646 1.721 1.704 1.671 1.706 1.709 1.751 1.724 1.709 1.694 1.769 1.779 1.674 1.704 1.716 1.764 1.841 1.806 1.759 1.746 1.701 1.721 1.696 1.689 1.734 1.774 1.721 1.744 1.729 1.719 1.794 1.701 1.714 1.689 1.774 1.744 1.726 1.724 1.721 1.674 1.646 1.664 1.634 1.626 1.631 1.589 1.581 1.594 1.624 1.711 1.694 1.654 1.646 1.684 1.626 1.596 1.624 1.686 1.691 1.684 1.699 1.709 1.676
1.664 1.706 1.679 1.764 1.751 1.741 1.739 1.691 1.699 1.701 1.841 1.771 1.641 1.664 1.724 1.834 1.694 1.724 1.784 1.729 1.654 1.681 1.754 1.669 1.706 1.736 1.729 1.759 1.726 1.761 1.746 1.744 1.741 1.694 1.706 1.806 1.774 1.734 1.759 1.676 1.649 1.659 1.666 1.626 1.679 1.656 1.744 1.706 1.776 1.666 1.784 1.781 1.771 1.759 1.724 1.651 1.684 1.664 1.664 1.666 1.619 1.604 1.641 1.659 1.676 1.624 1.611 1.649 1.651 1.596 1.664 1.724 1.701 1.716 1.691 1.729 1.839
1.636 1.731 1.731 1.716 1.711 1.744 1.674 1.676 1.899 1.704 1.726 1.784 1.776 1.749 1.744 1.759 1.709 1.684 1.676 1.659 1.699 1.679 1.679 1.681 1.754 1.754 1.736 1.814 1.759 1.776 1.751 1.726 1.771 1.724 1.659 1.701 1.739 1.714 1.674 1.711 1.679 1.641 1.644 1.674 1.731 1.664 1.704 1.706 1.736 1.706 1.704 1.774 1.719 1.706 1.756 1.666 1.644 1.696 1.669 1.669 1.676 1.626 1.621 1.709 1.709 1.696 1.634 1.621 1.654 1.641 1.666 1.689 1.716 1.714 1.719 1.659 1.701
1.726 1.664 1.764 1.791 1.741 1.689 1.739 1.651 1.671 1.689 1.674 1.689 1.746 1.746 1.746 1.741 1.704 1.664 1.666 1.704 1.689 1.816 1.731 1.731 1.756 1.776 1.764 1.769 1.766 1.724 1.689 1.674 1.751 1.774 1.816 1.769 1.754 1.689 1.741 1.699 1.759 1.684 1.704 1.649 1.716 1.729 1.716 1.681 1.689 1.771 1.741 1.721 1.666 1.651 1.704 1.676 1.616 1.621 1.649 1.654 1.651 1.626 1.676 1.704 1.684 1.739 1.719 1.639 1.629 1.674 1.669 1.669 1.701 1.681 1.701 1.739 1.746
1.789 1.786 1.729 1.701 1.656 1.636 1.646 1.654 1.676 1.701 1.721 1.719 1.756 1.711 1.669 1.641 1.654 1.671 1.679 1.726 1.699 1.779 1.771 1.739 1.764 1.854 1.759 1.726 1.699 1.731 1.679 1.719 1.699 1.696 1.784 1.749 1.726 1.701 1.686 1.674 1.684 1.741 1.776 1.799 1.811 1.761 1.709 1.704 1.719 1.759 1.694 1.674 1.609 1.584 1.576 1.594 1.584 1.599 1.576 1.606 1.661 1.711 1.684 1.641 1.739 1.729 1.726 1.781 1.739 1.654 1.686 1.709 1.724 1.684 1.724 1.736 1.669
1.739 1.729 1.724 1.681 1.606 1.606 1.646 1.614 1.629 1.714 1.796 1.664 1.726 1.661 1.634 1.614 1.694 1.706 1.764 1.736 1.769 1.789 1.806 1.849 1.789 1.814 1.801 1.716 1.744 1.781 1.669 1.679 1.651 1.694 1.701 1.719 1.744 1.676 1.734 1.676 1.694 1.769 1.776 1.756 1.776 1.814 1.746 1.734 1.764 1.754 1.649 1.711 1.619 1.519 1.531 1.564 1.586 1.584 1.606 1.591 1.674 1.731 1.706 1.676 1.716 1.694 1.734 1.751 1.789 1.719 1.691 1.686 1.691 1.691 1.716 1.704 1.676
1.729 1.736 1.666 1.649 1.611 1.594 1.629 1.636 1.614 1.704 1.646 1.694 1.699 1.696 1.719 1.681 1.724 1.784 1.819 1.826 1.774 1.784 1.856 1.816 1.721 1.736 1.741 1.779 1.801 1.746 1.684 1.679 1.634 1.684 1.631 1.674 1.689 1.764 1.719 1.821 1.801 1.734 1.686 1.794 1.779 1.716 1.734 1.764 1.726 1.699 1.709 1.601 1.631 1.574 1.571 1.536 1.566 1.591 1.589 1.684 1.726 1.664 1.664 1.701 1.714 1.719 1.796 1.711 1.749 1.749 1.689 1.666 1.711 1.654 1.711 1.631 1.676
1.694 1.696 1.689 1.624 1.641 1.586 1.669 1.596 1.674 1.704 1.706 1.664 1.711 1.709 1.719 1.629 1.691 1.736 1.781 1.794 1.769 1.756 1.791 1.731 1.694 1.699 1.726 1.719 1.811 1.731 1.679 1.661 1.621 1.679 1.674 1.639 1.596 1.666 1.709 1.776 1.739 1.686 1.746 1.671 1.696 1.701 1.714 1.739 1.741 1.724 1.679 1.649 1.631 1.656 1.629 1.646 1.609 1.659 1.649 1.659 1.724 1.729 1.716 1.681 1.709 1.739 1.704 1.761 1.684 1.704 1.661 1.666 1.719 1.684 1.689 1.669 1.706
1.649 1.601 1.676 1.651 1.656 1.651 1.716 1.654 1.779 1.719 1.736 1.701 1.696 1.664 1.721 1.746 1.754 1.756 1.769 1.769 1.766 1.766 1.736 1.691 1.726 1.686 1.664 1.804 1.726 1.691 1.691 1.726 1.731 1.689 1.709 1.661 1.659 1.639 1.736 1.709 1.664 1.689 1.676 1.636 1.724 1.691 1.739 1.699 1.716 1.626 1.766 1.746 1.811 1.711 1.634 1.666 1.639 1.669 1.691 1.696 1.804 1.654 1.676 1.711 1.759 1.661 1.709 1.689 1.704 1.711 1.711 1.686 1.731 1.699 1.734 1.684 1.711
1.704 1.671 1.644 1.619 1.671 1.714 1.761 1.721 1.751 1.734 1.704 1.691 1.714 1.701 1.779 1.711 1.714 1.746 1.721 1.754 1.661 1.704 1.669 1.624 1.619 1.659 1.646 1.694 1.651 1.659 1.704 1.714 1.721 1.711 1.739 1.776 1.754 1.734 1.851 1.821 1.714 1.774 1.689 1.729 1.709 1.724 1.709 1.729 1.706 1.694 1.764 1.766 1.791 1.671 1.749 1.721 1.721 1.721 1.691 1.716 1.734 1.694 1.671 1.729 1.706 1.641 1.706 1.714 1.634 1.631 1.624 1.659 1.729 1.721 1.731 1.709 1.694
1.669 1.684 1.671 1.734 1.696 1.774 1.721 1.691 1.699 1.729 1.716 1.671 1.689 1.679 1.751 1.724 1.686 1.659 1.679 1.786 1.779 1.776 1.759 1.669 1.611 1.741 1.674 1.666 1.754 1.761 1.699 1.709 1.741 1.794 1.754 1.754 1.744 1.781 1.851 1.839 1.801 1.716 1.769 1.779 1.729 1.749 1.746 1.711 1.681 1.706 1.724 1.731 1.784 1.769 1.716 1.751 1.699 1.729 1.679 1.714 1.711 1.669 1.651 1.689 1.651 1.626 1.691 1.689 1.639 1.624 1.721 1.684 1.666 1.716 1.641 1.659 1.754
1.719 1.671 1.691 1.696 1.719 1.786 1.729 1.681 1.651 1.691 1.694 1.689 1.741 1.711 1.769 1.694 1.691 1.721 1.654 1.629 1.661 1.691 1.764 1.694 1.644 1.776 1.784 1.751 1.694 1.691 1.751 1.719 1.761 1.789 1.759 1.721 1.721 1.731 1.784 1.786 1.841 1.784 1.871 1.789 1.791 1.761 1.816 1.769 1.689 1.689 1.706 1.654 1.641 1.679 1.639 1.681 1.664 1.694 1.686 1.664 1.661 1.646 1.744 1.706 1.641 1.654 1.649 1.656 1.641 1.661 1.671 1.661 1.704 1.651 1.681 1.664 1.674
1.724 1.661 1.754 1.671 1.706 1.709 1.664 1.611 1.716 1.649 1.654 1.689 1.686 1.691 1.779 1.704 1.679 1.671 1.654 1.674 1.739 1.779 1.751 1.744 1.714 1.684 1.761 1.759 1.739 1.721 1.724 1.754 1.674 1.724 1.696 1.684 1.716 1.701 1.784 1.731 1.771 1.824 1.786 1.744 1.766 1.779 1.786 1.776 1.731 1.684 1.671 1.691 1.696 1.594 1.599 1.681 1.644 1.641 1.656 1.664 1.611 1.669 1.679 1.681 1.654 1.631 1.709 1.674 1.691 1.664 1.731 1.731 1.706 1.666 1.691 1.734 1.661
1.721 1.694 1.709 1.671 1.696 1.601 1.594 1.616 1.656 1.669 1.654 1.646 1.669 1.669 1.731 1.699 1.654 1.684 1.741 1.754 1.721 1.801 1.814 1.776 1.776 1.839 1.736 1.754 1.741 1.671 1.724 1.704 1.694 1.691 1.664 1.694 1.646 1.664 1.666 1.684 1.694 1.681 1.714 1.716 1.724 1.874 1.841 1.741 1.674 1.721 1.641 1.731 1.726 1.549 1.579 1.604 1.609 1.601 1.659 1.679 1.589 1.676 1.691 1.674 1.616 1.679 1.671 1.666 1.729 1.691 1.709 1.731 1.689 1.706 1.734 1.716 1.724
1.714 1.714 1.714 1.696 1.651 1.621 1.609 1.599 1.586 1.599 1.644 1.606 1.726 1.691 1.679 1.669 1.621 1.659 1.676 1.699 1.724 1.739 1.751 1.746 1.791 1.849 1.759 1.761 1.696 1.684 1.704 1.719 1.634 1.699 1.651 1.631 1.631 1.649 1.636 1.669 1.624 1.589 1.611 1.646 1.701 1.766 1.769 1.726 1.699 1.724 1.636 1.626 1.594 1.576 1.659 1.699 1.589 1.631 1.614 1.706 1.606 1.656 1.614 1.656 1.691 1.684 1.704 1.699 1.716 1.666 1.686 1.711 1.694 1.724 1.739 1.724 1.699
1.699 1.654 1.706 1.681 1.704 1.679 1.686 1.611 1.689 1.676 1.684 1.696 1.724 1.674 1.686 1.686 1.699 1.651 1.656 1.689 1.681 1.719 1.711 1.769 1.804 1.721 1.691 1.736 1.751 1.736 1.716 1.679 1.664 1.659 1.601 1.651 1.641 1.749 1.644 1.569 1.706 1.629 1.661 1.651 1.639 1.706 1.704 1.734 1.666 1.706 1.671 1.619 1.634 1.661 1.626 1.696 1.711 1.724 1.724 1.654 1.611 1.644 1.611 1.679 1.669 1.696 1.646 1.731 1.664 1.719 1.729 1.719 1.729 1.711 1.701 1.769 1.716
1.684 1.699 1.709 1.736 1.691 1.696 1.696 1.639 1.654 1.701 1.714 1.719 1.716 1.716 1.719 1.669 1.699 1.674 1.656 1.759 1.671 1.714 1.726 1.741 1.706 1.649 1.721 1.699 1.699 1.744 1.734 1.704 1.626 1.646 1.619 1.616 1.669 1.721 1.644 1.666 1.704 1.719 1.784 1.711 1.716 1.734 1.751 1.671 1.739 1.736 1.681 1.679 1.716 1.699 1.676 1.704 1.686 1.694 1.684 1.719 1.691 1.701 1.714 1.629 1.671 1.709 1.604 1.696 1.661 1.709 1.689 1.711 1.701 1.686 1.734 1.719 1.736
1.699 1.716 1.716 1.681 1.689 1.706 1.776 1.654 1.636 1.669 1.636 1.709 1.696 1.746 1.751 1.729 1.694 1.759 1.664 1.701 1.669 1.689 1.721 1.641 1.694 1.681 1.694 1.686 1.706 1.651 1.666 1.639 1.671 1.699 1.664 1.706 1.776 1.769 1.734 1.781 1.776 1.771 1.789 1.769 1.759 1.751 1.726 1.694 1.721 1.726 1.746 1.679 1.736 1.751 1.741 1.724 1.724 1.781 1.706 1.784 1.761 1.724 1.694 1.704 1.669 1.704 1.661 1.734 1.679 1.691 1.664 1.744 1.684 1.694 1.671 1.689 1.704
1.654 1.706 1.656 1.694 1.681 1.669 1.659 1.631 1.644 1.634 1.721 1.679 1.706 1.659 1.754 1.719 1.729 1.691 1.686 1.694 1.676 1.651 1.701 1.794 1.674 1.654 1.679 1.666 1.711 1.711 1.629 1.611 1.626 1.674 1.706 1.741 1.759 1.769 1.771 1.876 1.806 1.806 1.856 1.814 1.776 1.756 1.691 1.689 1.721 1.751 1.664 1.664 1.706 1.736 1.761 1.726 1.761 1.714 1.706 1.776 1.719 1.739 1.749 1.709 1.686 1.699 1.711 1.696 1.691 1.689 1.724 1.704 1.704 1.671 1.704 1.679 1.664
1.686 1.654 1.651 1.679 1.664 1.611 1.616 1.629 1.654 1.711 1.669 1.609 1.651 1.649 1.711 1.671 1.694 1.679 1.676 1.664 1.711 1.696 1.709 1.764 1.744 1.621 1.631 1.681 1.706 1.629 1.591 1.596 1.601 1.616 1.694 1.671 1.791 1.769 1.789 1.839 1.811 1.774 1.851 1.814 1.736 1.659 1.721 1.691 1.656 1.724 1.661 1.656 1.646 1.661 1.676 1.651 1.679 1.674 1.774 1.724 1.721 1.759 1.706 1.659 1.651 1.711 1.704 1.746 1.691 1.731 1.681 1.689 1.676 1.661 1.704 1.709 1.721
1.609 1.646 1.659 1.669 1.646 1.614 1.599 1.614 1.696 1.699 1.654 1.599 1.671 1.671 1.704 1.639 1.664 1.711 1.661 1.679 1.734 1.714 1.716 1.676 1.664 1.661 1.656 1.641 1.674 1.701 1.651 1.631 1.624 1.646 1.651 1.639 1.671 1.661 1.736 1.751 1.769 1.784 1.811 1.779 1.729 1.676 1.666 1.649 1.644 1.659 1.636 1.644 1.674 1.666 1.644 1.599 1.659 1.739 1.656 1.664 1.676 1.671 1.711 1.654 1.644 1.686 1.666 1.729 1.716 1.751 1.649 1.646 1.734 1.696 1.689 1.694 1.681
1.621 1.679 1.786 1.684 1.669 1.599 1.579 1.644 1.654 1.664 1.689 1.619 1.661 1.714 1.664 1.689 1.679 1.681 1.636 1.666 1.684 1.736 1.684 1.721 1.681 1.751 1.644 1.664 1.656 1.656 1.661 1.661 1.699 1.709 1.669 1.654 1.714 1.636 1.659 1.744 1.699 1.751 1.741 1.686 1.711 1.779 1.699 1.699 1.671 1.681 1.726 1.684 1.679 1.709 1.629 1.616 1.669 1.666 1.714 1.714 1.661 1.669 1.636 1.661 1.634 1.654 1.711 1.729 1.719 1.729 1.731 1.679 1.729 1.744 1.684 1.666 1.691
1.699 1.759 1.754 1.721 1.684 1.631 1.666 1.646 1.656 1.629 1.654 1.709 1.701 1.669 1.699 1.686 1.724 1.664 1.666 1.649 1.631 1.656 1.694 1.684 1.691 1.814 1.709 1.674 1.701 1.734 1.696 1.624 1.676 1.756 1.734 1.654 1.679 1.639 1.759 1.766 1.691 1.726 1.661 1.669 1.724 1.726 1.719 1.774 1.801 1.691 1.719 1.716 1.674 1.701 1.704 1.664 1.641 1.686 1.691 1.681 1.641 1.669 1.699 1.639 1.681 1.666 1.681 1.721 1.739 1.701 1.721 1.744 1.681 1.691 1.716 1.671 1.651
1.716 1.736 1.776 1.676 1.691 1.674 1.671 1.666 1.656 1.739 1.634 1.716 1.751 1.699 1.686 1.696 1.639 1.666 1.654 1.599 1.599 1.664 1.661 1.711 1.719 1.714 1.711 1.666 1.651 1.684 1.674 1.734 1.731 1.731 1.781 1.759 1.689 1.739 1.779 1.724 1.719 1.614 1.749 1.709 1.656 1.681 1.674 1.814 1.816 1.754 1.726 1.746 1.751 1.834 1.781 1.751 1.709 1.689 1.641 1.654 1.664 1.724 1.629 1.606 1.599 1.626 1.644 1.714 1.721 1.664 1.761 1.719 1.759 1.756 1.751 1.734 1.669
1.761 1.756 1.709 1.746 1.714 1.669 1.681 1.659 1.734 1.651 1.666 1.671 1.671 1.699 1.644 1.629 1.596 1.604 1.624 1.671 1.666 1.631 1.724 1.714 1.654 1.754 1.719 1.681 1.656 1.716 1.661 1.724 1.774 1.796 1.734 1.766 1.749 1.744 1.824 1.699 1.739 1.674 1.731 1.666 1.789 1.664 1.664 1.804 1.769 1.761 1.719 1.706 1.719 1.801 1.794 1.796 1.716 1.686 1.661 1.669 1.729 1.674 1.696 1.681 1.639 1.701 1.729 1.694 1.721 1.709 1.686 1.716 1.749 1.764 1.689 1.701 1.686
1.731 1.711 1.751 1.709 1.711 1.714 1.741 1.606 1.659 1.641 1.626 1.636 1.689 1.591 1.621 1.579 1.656 1.611 1.634 1.654 1.614 1.716 1.696 1.694 1.699 1.684 1.689 1.666 1.644 1.659 1.649 1.694 1.706 1.686 1.719 1.729 1.714 1.744 1.754 1.739 1.759 1.699 1.751 1.681 1.711 1.681 1.679 1.716 1.659 1.694 1.666 1.689 1.719 1.731 1.781 1.706 1.744 1.689 1.689 1.656 1.696 1.724 1.699 1.659 1.701 1.709 1.749 1.746 1.724 1.726 1.704 1.681 1.701 1.771 1.681 1.649 1.651
1.701 1.706 1.716 1.651 1.691 1.694 1.679 1.626 1.659 1.589 1.599 1.591 1.599 1.564 1.599 1.606 1.634 1.731 1.686 1.699 1.689 1.676 1.711 1.659 1.689 1.681 1.661 1.694 1.651 1.651 1.584 1.586 1.569 1.586 1.606 1.669 1.704 1.704 1.799 1.809 1.786 1.736 1.809 1.769 1.754 1.739 1.711 1.744 1.646 1.686 1.701 1.661 1.671 1.704 1.654 1.654 1.594 1.639 1.636 1.676 1.684 1.679 1.671 1.681 1.766 1.771 1.771 1.839 1.804 1.714 1.704 1.689 1.636 1.639 1.694 1.649 1.691
1.644 1.659 1.619 1.624 1.611 1.634 1.569 1.654 1.631 1.621 1.589 1.566 1.626 1.591 1.601 1.611 1.656 1.684 1.689 1.766 1.736 1.651 1.669 1.684 1.684 1.634 1.699 1.679 1.639 1.636 1.574 1.566 1.494 1.531 1.604 1.594 1.626 1.689 1.801 1.764 1.816 1.749 1.774 1.784 1.774 1.799 1.766 1.706 1.679 1.721 1.696 1.646 1.619 1.634 1.589 1.586 1.576 1.624 1.669 1.731 1.711 1.689 1.696 1.761 1.759 1.741 1.791 1.786 1.774 1.724 1.639 1.631 1.609 1.626 1.626 1.696 1.761
1.691 1.661 1.614 1.674 1.629 1.636 1.591 1.604 1.524 1.591 1.666 1.571 1.599 1.686 1.621 1.641 1.631 1.656 1.721 1.766 1.706 1.699 1.736 1.701 1.691 1.676 1.704 1.679 1.631 1.606 1.606 1.574 1.549 1.516 1.526 1.606 1.659 1.684 1.721 1.729 1.769 1.731 1.746 1.804 1.754 1.729 1.809 1.766 1.696 1.689 1.664 1.646 1.624 1.606 1.604 1.564 1.564 1.579 1.589 1.624 1.691 1.684 1.714 1.744 1.696 1.716 1.766 1.704 1.686 1.686 1.679 1.671 1.656 1.741 1.681 1.671 1.666
1.631 1.631 1.621 1.594 1.614 1.604 1.589 1.611 1.599 1.626 1.679 1.616 1.654 1.679 1.661 1.696 1.729 1.686 1.671 1.729 1.714 1.671 1.686 1.711 1.694 1.714 1.676 1.604 1.631 1.551 1.566 1.571 1.599 1.674 1.596 1.676 1.711 1.711 1.744 1.679 1.691 1.696 1.686 1.719 1.746 1.754 1.764 1.749 1.729 1.691 1.681 1.619 1.669 1.619 1.544 1.594 1.591 1.566 1.641 1.649 1.624 1.676 1.636 1.611 1.641 1.671 1.636 1.649 1.684 1.684 1.669 1.649 1.824 1.746 1.744 1.814 1.714
1.654 1.701 1.666 1.679 1.619 1.671 1.584 1.676 1.666 1.709 1.699 1.671 1.719 1.674 1.661 1.651 1.641 1.651 1.664 1.681 1.629 1.646 1.664 1.716 1.691 1.696 1.649 1.636 1.616 1.631 1.619 1.606 1.671 1.681 1.746 1.761 1.824 1.806 1.751 1.756 1.734 1.679 1.699 1.696 1.731 1.709 1.711 1.701 1.726 1.714 1.684 1.629 1.644 1.611 1.636 1.649 1.671 1.671 1.656 1.644 1.644 1.636 1.701 1.669 1.731 1.669 1.621 1.671 1.676 1.691 1.641 1.656 1.721 1.776 1.756 1.764 1.779
1.651 1.844 1.661 1.681 1.609 1.664 1.616 1.711 1.676 1.696 1.699 1.691 1.656 1.681 1.671 1.654 1.684 1.719 1.716 1.661 1.731 1.694 1.734 1.706 1.651 1.604 1.604 1.609 1.639 1.596 1.649 1.691 1.736 1.856 1.806 1.841 1.791 1.824 1.811 1.766 1.749 1.744 1.719 1.729 1.701 1.664 1.706 1.664 1.656 1.649 1.669 1.689 1.761 1.704 1.629 1.659 1.769 1.734 1.666 1.661 1.656 1.664 1.699 1.746 1.661 1.636 1.636 1.649 1.686 1.681 1.684 1.671 1.726 1.744 1.724 1.756 1.731
1.671 1.696 1.679 1.684 1.696 1.714 1.699 1.666 1.701 1.634 1.694 1.706 1.646 1.681 1.749 1.691 1.716 1.734 1.661 1.694 1.726 1.756 1.711 1.684 1.631 1.599 1.591 1.571 1.646 1.624 1.616 1.641 1.706 1.824 1.749 1.749 1.816 1.806 1.789 1.796 1.784 1.744 1.759 1.756 1.711 1.684 1.664 1.669 1.666 1.674 1.659 1.706 1.716 1.661 1.739 1.731 1.726 1.644 1.599 1.736 1.666 1.674 1.696 1.694 1.701 1.649 1.611 1.639 1.654 1.666 1.679 1.704 1.699 1.724 1.729 1.716 1.691
